"EyeTracker Toolbox version","3.250"
CalibrationParameters_A11,1.02739
CalibrationParameters_A12,0.03037
CalibrationParameters_A13,0.02930
CalibrationParameters_A21,0.05100
CalibrationParameters_A22,-1.07681
CalibrationParameters_A23,-0.10214
CalibrationParameters_A31,0.00054
CalibrationParameters_A32,0.00145
CalibrationParameters_E11,-0.17988
CalibrationParameters_E12,-0.00002
CalibrationParameters_E21,-0.00006
CalibrationParameters_E22,0.20018
CalibrationParameters_X,5.14127
CalibrationParameters_Y,-19.50289
CalibrationParameters_Rpc,71.38372
CalibrationParameters_MeanX,176.16444
CalibrationParameters_MeanY,128.87210
CalibrationParameters_ViewDist,613.00000
TimeStamp,Tracked,Calibrated,ScreenPositionXmm,ScreenPositionYmm,FicksLongitude,FicksLatitude,HelmholtzAzimuth,HelmholtzElevation,PupilDiameter,Region,Fixation,DigitalIO,Dropped
0,1,1,10.291,-24.258,0.96,-2.27,0.96,-2.27,INF,-1,0,7,0
20,1,1,11.744,-24.552,1.10,-2.29,1.10,-2.29,INF,-1,0,7,0
40,1,1,10.877,-24.777,1.02,-2.31,1.02,-2.31,INF,-1,0,7,0
60,1,1,10.425,-24.553,0.97,-2.29,0.97,-2.29,INF,-1,0,7,0
80,1,1,10.545,-24.981,0.99,-2.33,0.98,-2.33,INF,-1,0,7,0
100,1,1,10.996,-25.378,1.03,-2.37,1.03,-2.37,INF,-1,0,7,0
120,1,1,9.786,-24.158,0.91,-2.26,0.91,-2.26,INF,-1,0,7,0
140,1,1,10.606,-25.332,0.99,-2.37,0.99,-2.37,INF,-1,0,7,0
160,1,1,11.572,-22.738,1.08,-2.12,1.08,-2.12,INF,-1,0,7,0
180,1,1,10.703,-23.030,1.00,-2.15,1.00,-2.15,INF,-1,0,7,0
200,1,1,10.869,-23.790,1.02,-2.22,1.02,-2.22,INF,-1,0,7,0
220,1,1,9.746,-24.477,0.91,-2.29,0.91,-2.29,INF,-1,0,7,0
240,1,1,10.526,-23.361,0.98,-2.18,0.98,-2.18,INF,-1,0,7,0
260,1,1,8.590,-24.445,0.80,-2.28,0.80,-2.28,INF,-1,0,7,0
280,1,1,8.045,-22.652,0.75,-2.12,0.75,-2.12,INF,-1,1,7,0
300,1,1,-30.657,-16.189,-2.86,-1.51,-2.86,-1.51,INF,-1,1,7,0
320,1,1,-23.986,-16.346,-2.24,-1.53,-2.24,-1.53,INF,-1,1,7,0
340,1,1,-26.591,-16.067,-2.48,-1.50,-2.48,-1.50,INF,-1,0,7,0
360,1,1,-25.528,-18.499,-2.38,-1.73,-2.38,-1.73,INF,-1,0,7,0
380,1,1,-26.179,-15.673,-2.45,-1.46,-2.44,-1.46,INF,-1,0,7,0
400,1,1,-27.362,-17.047,-2.56,-1.59,-2.55,-1.59,INF,-1,0,7,0
420,1,1,-26.426,-17.572,-2.47,-1.64,-2.47,-1.64,INF,-1,0,7,0
440,1,1,-28.489,-17.317,-2.66,-1.62,-2.66,-1.62,INF,-1,0,7,0
460,1,1,-27.252,-17.777,-2.55,-1.66,-2.54,-1.66,INF,-1,0,7,0
480,1,1,-26.734,-17.053,-2.50,-1.59,-2.50,-1.59,INF,-1,0,7,0
500,1,1,-26.375,-15.811,-2.46,-1.48,-2.46,-1.48,INF,-1,0,7,0
520,1,1,-28.425,-16.847,-2.65,-1.57,-2.65,-1.57,INF,-1,0,7,0
540,1,1,-27.605,-18.188,-2.58,-1.70,-2.58,-1.70,INF,-1,0,7,0
560,1,1,-30.817,-17.759,-2.88,-1.66,-2.88,-1.66,INF,-1,0,7,0
580,1,1,-42.804,-34.849,-3.99,-3.25,-3.99,-3.25,INF,-1,1,7,0
600,1,1,-41.688,-32.472,-3.89,-3.03,-3.89,-3.03,INF,-1,1,7,0
620,1,1,-40.955,-32.653,-3.82,-3.04,-3.82,-3.05,INF,-1,0,7,0
640,1,1,-41.348,-33.279,-3.86,-3.10,-3.85,-3.11,INF,-1,0,7,0
660,1,1,-41.006,-31.373,-3.83,-2.92,-3.82,-2.93,INF,-1,0,7,0
680,1,1,-40.285,-32.278,-3.76,-3.01,-3.75,-3.01,INF,-1,0,7,0
700,1,1,-42.146,-31.488,-3.93,-2.93,-3.93,-2.94,INF,-1,0,7,0
720,1,1,-42.092,-33.431,-3.93,-3.11,-3.92,-3.12,INF,-1,0,7,0
740,1,1,-42.173,-32.811,-3.94,-3.06,-3.93,-3.06,INF,-1,0,7,0
760,1,1,-42.267,-32.939,-3.94,-3.07,-3.94,-3.08,INF,-1,0,7,0
780,1,1,-40.511,-33.853,-3.78,-3.15,-3.78,-3.16,INF,-1,0,7,0
800,1,1,-39.577,-34.298,-3.69,-3.20,-3.69,-3.20,INF,-1,0,7,0
820,1,1,-34.948,-33.795,-3.26,-3.15,-3.26,-3.16,INF,-1,0,7,0
840,1,1,-33.890,-32.867,-3.16,-3.06,-3.16,-3.07,INF,-1,0,7,0
860,1,1,-34.321,-33.114,-3.20,-3.09,-3.20,-3.09,INF,-1,1,7,0
880,1,1,-33.147,-33.978,-3.10,-3.17,-3.09,-3.17,INF,-1,1,7,0
900,1,1,-34.530,-32.817,-3.22,-3.06,-3.22,-3.06,INF,-1,1,7,0
920,1,1,-33.704,-33.826,-3.15,-3.15,-3.14,-3.16,INF,-1,1,7,0
940,1,1,-34.142,-32.828,-3.19,-3.06,-3.18,-3.07,INF,-1,1,7,0
960,1,1,-34.312,-34.294,-3.20,-3.20,-3.20,-3.20,INF,-1,1,7,0
980,1,1,-33.427,-33.347,-3.12,-3.11,-3.12,-3.11,INF,-1,1,7,0
1000,1,1,-31.781,-28.025,-2.97,-2.61,-2.96,-2.62,INF,-1,1,7,0
1020,1,1,-28.890,-18.357,-2.70,-1.71,-2.70,-1.72,INF,-1,1,7,0
1040,1,1,-27.849,-18.666,-2.60,-1.74,-2.60,-1.74,INF,-1,1,7,0
1060,1,1,-28.656,-17.017,-2.68,-1.59,-2.68,-1.59,INF,-1,0,7,0
1080,1,1,-30.401,-19.842,-2.84,-1.85,-2.84,-1.85,INF,-1,0,7,0
1100,1,1,-30.308,-18.783,-2.83,-1.75,-2.83,-1.76,INF,-1,0,7,0
1120,1,1,-18.326,-10.894,-1.71,-1.02,-1.71,-1.02,INF,-1,0,7,0
1140,1,1,-16.524,-9.991,-1.54,-0.93,-1.54,-0.93,INF,-1,0,7,0
1160,1,1,-16.922,-9.263,-1.58,-0.87,-1.58,-0.87,INF,-1,0,7,0
1180,1,1,-17.060,-9.544,-1.59,-0.89,-1.59,-0.89,INF,-1,0,7,0
1200,1,1,-16.991,-9.729,-1.59,-0.91,-1.59,-0.91,INF,-1,0,7,0
1220,1,1,-16.699,-8.769,-1.56,-0.82,-1.56,-0.82,INF,-1,0,7,0
1240,1,1,-17.230,-8.700,-1.61,-0.81,-1.61,-0.81,INF,-1,0,7,0
1260,1,1,-18.287,-10.146,-1.71,-0.95,-1.71,-0.95,INF,-1,0,7,0
1280,1,1,-18.460,-9.182,-1.72,-0.86,-1.72,-0.86,INF,-1,0,7,0
1300,1,1,-18.813,-10.047,-1.76,-0.94,-1.76,-0.94,INF,-1,1,7,0
1320,1,1,-17.202,-10.731,-1.61,-1.00,-1.61,-1.00,INF,-1,1,7,0
1340,1,1,-18.794,-10.213,-1.76,-0.95,-1.76,-0.95,INF,-1,1,7,0
1360,1,1,-18.103,-9.247,-1.69,-0.86,-1.69,-0.86,INF,-1,1,7,0
1380,1,1,-16.363,-8.926,-1.53,-0.83,-1.53,-0.83,INF,-1,1,7,0
1400,1,1,-15.841,0.911,-1.48,0.09,-1.48,0.09,INF,-1,1,7,0
1420,1,1,-14.805,-0.522,-1.38,-0.05,-1.38,-0.05,INF,-1,1,7,0
1440,1,1,-16.519,0.802,-1.54,0.07,-1.54,0.07,INF,-1,0,7,0
1460,1,1,-15.787,-0.692,-1.48,-0.06,-1.48,-0.06,INF,-1,0,7,0
1480,1,1,-15.220,1.736,-1.42,0.16,-1.42,0.16,INF,-1,0,7,0
1500,1,1,-17.027,0.831,-1.59,0.08,-1.59,0.08,INF,-1,0,7,0
1520,1,1,-16.467,-0.486,-1.54,-0.05,-1.54,-0.05,INF,-1,0,7,0
1540,1,1,-16.736,-0.932,-1.56,-0.09,-1.56,-0.09,INF,-1,0,7,0
1560,1,1,-15.385,-1.194,-1.44,-0.11,-1.44,-0.11,INF,-1,0,7,0
1580,1,1,-17.489,0.107,-1.63,0.01,-1.63,0.01,INF,-1,0,7,0
1600,1,1,-0.129,6.219,-0.01,0.58,-0.01,0.58,INF,-1,0,7,0
1620,1,1,35.802,8.235,3.34,0.77,3.34,0.77,INF,-1,0,7,0
1640,1,1,34.202,9.211,3.19,0.86,3.19,0.86,INF,-1,0,7,0
1660,1,1,34.836,9.170,3.25,0.86,3.25,0.86,INF,-1,0,7,0
1680,1,1,35.333,8.561,3.30,0.80,3.30,0.80,INF,-1,0,7,0
1700,1,1,35.448,9.376,3.31,0.87,3.31,0.88,INF,-1,0,7,0
1720,1,1,34.730,9.929,3.24,0.93,3.24,0.93,INF,-1,0,7,0
1740,1,1,35.816,9.921,3.34,0.93,3.34,0.93,INF,-1,0,7,0
1760,1,1,35.079,9.907,3.28,0.92,3.27,0.93,INF,-1,0,7,0
1780,1,1,34.516,8.381,3.22,0.78,3.22,0.78,INF,-1,0,7,0
1800,1,1,35.271,10.223,3.29,0.95,3.29,0.96,INF,-1,0,7,0
1820,1,1,34.837,9.059,3.25,0.85,3.25,0.85,INF,-1,0,7,0
1840,1,1,35.533,9.618,3.32,0.90,3.32,0.90,INF,-1,0,7,0
1860,1,1,35.865,9.440,3.35,0.88,3.35,0.88,INF,-1,0,7,0
1880,1,1,35.906,9.770,3.35,0.91,3.35,0.91,INF,-1,1,7,0
1900,1,1,36.890,8.967,3.44,0.84,3.44,0.84,INF,-1,1,7,0
1920,1,1,35.812,10.807,3.34,1.01,3.34,1.01,INF,-1,1,7,0
1940,1,1,35.987,10.264,3.36,0.96,3.36,0.96,INF,-1,1,7,0
1960,1,1,35.621,10.166,3.33,0.95,3.33,0.95,INF,-1,1,7,0
1980,1,1,36.314,10.839,3.39,1.01,3.39,1.01,INF,-1,1,7,0
2000,1,1,36.277,10.529,3.39,0.98,3.39,0.98,INF,-1,1,7,0
2020,1,1,36.444,11.146,3.40,1.04,3.40,1.04,INF,-1,1,7,0
2040,1,1,36.701,9.020,3.43,0.84,3.43,0.84,INF,-1,1,7,0
2060,1,1,36.772,10.302,3.43,0.96,3.43,0.96,INF,-1,1,7,0
2080,1,1,35.836,9.825,3.35,0.92,3.35,0.92,INF,-1,1,7,0
2100,1,1,35.538,9.871,3.32,0.92,3.32,0.92,INF,-1,1,7,0
2120,1,1,36.529,9.505,3.41,0.89,3.41,0.89,INF,-1,1,7,0
2140,1,1,32.129,10.522,3.00,0.98,3.00,0.98,INF,-1,1,7,0
2160,1,1,30.662,7.173,2.86,0.67,2.86,0.67,INF,-1,1,7,0
2180,1,1,30.468,7.575,2.85,0.71,2.85,0.71,INF,-1,1,7,0
2200,1,1,29.938,7.017,2.80,0.66,2.80,0.66,INF,-1,1,7,0
2220,1,1,28.634,6.038,2.67,0.56,2.67,0.56,INF,-1,1,7,0
2240,1,1,32.070,8.189,2.99,0.76,2.99,0.77,INF,-1,1,7,0
2260,1,1,30.491,6.226,2.85,0.58,2.85,0.58,INF,-1,1,7,0
2280,1,1,31.059,7.706,2.90,0.72,2.90,0.72,INF,-1,1,7,0
2300,1,1,31.638,5.888,2.95,0.55,2.95,0.55,INF,-1,1,7,0
2320,1,1,30.122,8.294,2.81,0.77,2.81,0.78,INF,-1,1,7,0
2340,0,1,0.000,0.000,0.00,0.00,0.00,0.00,0.00,-1,1,7,0
2360,0,1,0.000,0.000,0.00,0.00,0.00,0.00,0.00,-1,1,7,0
2380,0,1,0.000,0.000,0.00,0.00,0.00,0.00,0.00,-1,1,7,0
2400,0,1,0.000,0.000,0.00,0.00,0.00,0.00,0.00,-1,1,7,0
2420,0,1,0.000,0.000,0.00,0.00,0.00,0.00,0.00,-1,0,7,0
2440,0,1,0.000,0.000,0.00,0.00,0.00,0.00,0.00,-1,0,7,0
2460,0,1,0.000,0.000,0.00,0.00,0.00,0.00,INF,-1,0,7,0
2480,0,1,0.000,0.000,0.00,0.00,0.00,0.00,INF,-1,0,7,0
2500,0,1,0.000,0.000,0.00,0.00,0.00,0.00,INF,-1,0,7,0
2520,0,1,0.000,0.000,0.00,0.00,0.00,0.00,0.00,-1,0,7,0
2540,0,1,0.000,0.000,0.00,0.00,0.00,0.00,0.00,-1,0,7,0
2560,0,1,0.000,0.000,0.00,0.00,0.00,0.00,0.00,-1,0,7,0
2580,0,1,0.000,0.000,0.00,0.00,0.00,0.00,0.00,-1,0,7,0
2600,0,1,0.000,0.000,0.00,0.00,0.00,0.00,0.00,-1,0,7,0
2620,0,1,0.000,0.000,0.00,0.00,0.00,0.00,0.00,-1,0,7,0
2640,0,1,0.000,0.000,0.00,0.00,0.00,0.00,0.00,-1,0,7,0
2660,0,1,0.000,0.000,0.00,0.00,0.00,0.00,INF,-1,0,7,0
2680,0,1,0.000,0.000,0.00,0.00,0.00,0.00,INF,-1,0,7,0
2700,0,1,0.000,0.000,0.00,0.00,0.00,0.00,0.00,-1,0,7,0
2720,0,1,0.000,0.000,0.00,0.00,0.00,0.00,0.00,-1,0,7,0
2740,0,1,0.000,0.000,0.00,0.00,0.00,0.00,0.00,-1,0,7,0
2760,0,1,0.000,0.000,0.00,0.00,0.00,0.00,INF,-1,0,7,0
2780,1,1,-368.468,-23.907,-31.01,-1.91,-30.99,-2.23,INF,-1,0,7,0
2800,0,1,0.000,0.000,0.00,0.00,0.00,0.00,0.00,-1,0,7,0
2820,0,1,0.000,0.000,0.00,0.00,0.00,0.00,0.00,-1,0,7,0
2840,0,1,0.000,0.000,0.00,0.00,0.00,0.00,0.00,-1,0,7,0
2860,0,1,0.000,0.000,0.00,0.00,0.00,0.00,0.00,-1,0,7,0
2880,0,1,0.000,0.000,0.00,0.00,0.00,0.00,0.00,-1,0,7,0
2900,0,1,0.000,0.000,0.00,0.00,0.00,0.00,0.00,-1,0,7,0
2920,0,1,0.000,0.000,0.00,0.00,0.00,0.00,0.00,-1,0,7,0
2940,0,1,0.000,0.000,0.00,0.00,0.00,0.00,0.00,-1,0,7,0
2960,0,1,0.000,0.000,0.00,0.00,0.00,0.00,0.00,-1,0,7,0
2980,0,1,0.000,0.000,0.00,0.00,0.00,0.00,0.00,-1,0,7,0
3000,0,1,0.000,0.000,0.00,0.00,0.00,0.00,INF,-1,0,7,0
3020,0,1,0.000,0.000,0.00,0.00,0.00,0.00,0.00,-1,0,7,0
3040,0,1,0.000,0.000,0.00,0.00,0.00,0.00,0.00,-1,0,7,0
3060,0,1,0.000,0.000,0.00,0.00,0.00,0.00,0.00,-1,0,7,0
3080,0,1,0.000,0.000,0.00,0.00,0.00,0.00,0.00,-1,0,7,0
3100,0,1,0.000,0.000,0.00,0.00,0.00,0.00,0.00,-1,0,7,0
3120,0,1,0.000,0.000,0.00,0.00,0.00,0.00,INF,-1,0,7,0
3140,0,1,0.000,0.000,0.00,0.00,0.00,0.00,0.00,-1,0,7,0
3160,0,1,0.000,0.000,0.00,0.00,0.00,0.00,0.00,-1,0,7,0
3180,0,1,0.000,0.000,0.00,0.00,0.00,0.00,0.00,-1,0,7,0
3200,0,1,0.000,0.000,0.00,0.00,0.00,0.00,0.00,-1,0,7,0
3220,0,1,0.000,0.000,0.00,0.00,0.00,0.00,0.00,-1,0,7,0
3240,0,1,0.000,0.000,0.00,0.00,0.00,0.00,0.00,-1,0,7,0
3260,0,1,0.000,0.000,0.00,0.00,0.00,0.00,INF,-1,0,7,0
3280,0,1,0.000,0.000,0.00,0.00,0.00,0.00,0.00,-1,0,7,0
3300,0,1,0.000,0.000,0.00,0.00,0.00,0.00,INF,-1,0,7,0
3320,0,1,0.000,0.000,0.00,0.00,0.00,0.00,INF,-1,0,7,0
3340,0,1,0.000,0.000,0.00,0.00,0.00,0.00,INF,-1,0,7,0
3360,0,1,0.000,0.000,0.00,0.00,0.00,0.00,0.00,-1,0,7,0
3380,1,1,-167.347,137.441,-15.27,12.20,-14.92,12.64,INF,-1,0,7,0
3400,1,1,-32.938,21.799,-3.08,2.03,-3.07,2.04,INF,-1,0,7,0
3420,1,1,-33.560,4.375,-3.13,0.41,-3.13,0.41,INF,-1,0,7,0
3440,1,1,-36.518,1.988,-3.41,0.19,-3.41,0.19,INF,-1,0,7,0
3460,1,1,-35.505,3.872,-3.31,0.36,-3.31,0.36,INF,-1,0,7,0
3480,1,1,-35.068,1.642,-3.27,0.15,-3.27,0.15,INF,-1,0,7,0
3500,1,1,-19.440,1.329,-1.82,0.12,-1.82,0.12,INF,-1,0,7,0
3520,1,1,-19.653,1.467,-1.84,0.14,-1.84,0.14,INF,-1,0,7,0
3540,1,1,-18.605,2.942,-1.74,0.27,-1.74,0.28,INF,-1,0,7,0
3560,1,1,-17.981,1.000,-1.68,0.09,-1.68,0.09,INF,-1,0,7,0
3580,1,1,-18.804,1.366,-1.76,0.13,-1.76,0.13,INF,-1,0,7,0
3600,1,1,-18.727,-0.291,-1.75,-0.03,-1.75,-0.03,INF,-1,0,7,0
3620,1,1,-19.251,0.803,-1.80,0.07,-1.80,0.08,INF,-1,0,7,0
3640,1,1,-19.029,1.853,-1.78,0.17,-1.78,0.17,INF,-1,0,7,0
3660,1,1,-19.094,0.571,-1.78,0.05,-1.78,0.05,INF,-1,0,7,0
3680,1,1,-17.427,-0.613,-1.63,-0.06,-1.63,-0.06,INF,-1,0,7,0
3700,1,1,-18.259,0.518,-1.71,0.05,-1.71,0.05,INF,-1,0,7,0
3720,1,1,-19.213,-0.238,-1.80,-0.02,-1.80,-0.02,INF,-1,0,7,0
3740,1,1,-18.506,1.936,-1.73,0.18,-1.73,0.18,INF,-1,0,7,0
3760,1,1,-17.041,0.664,-1.59,0.06,-1.59,0.06,INF,-1,0,7,0
3780,1,1,-18.852,1.877,-1.76,0.18,-1.76,0.18,INF,-1,1,7,0
3800,1,1,-19.399,0.840,-1.81,0.08,-1.81,0.08,INF,-1,1,7,0
3820,1,1,-18.328,0.166,-1.71,0.02,-1.71,0.02,INF,-1,1,7,0
3840,1,1,-18.919,-1.101,-1.77,-0.10,-1.77,-0.10,INF,-1,1,7,0
3860,1,1,-22.698,-3.126,-2.12,-0.29,-2.12,-0.29,INF,-1,1,7,0
3880,1,1,-22.681,-4.127,-2.12,-0.39,-2.12,-0.39,INF,-1,1,7,0
3900,1,1,-21.716,-2.761,-2.03,-0.26,-2.03,-0.26,INF,-1,1,7,0
3920,1,1,-22.233,-3.151,-2.08,-0.29,-2.08,-0.29,INF,-1,1,7,0
3940,1,1,-21.511,-2.389,-2.01,-0.22,-2.01,-0.22,INF,-1,1,7,0
3960,1,1,-22.304,-3.057,-2.08,-0.29,-2.08,-0.29,INF,-1,1,7,0
3980,1,1,-22.370,-5.050,-2.09,-0.47,-2.09,-0.47,INF,-1,1,7,0
4000,1,1,-21.225,-3.220,-1.98,-0.30,-1.98,-0.30,INF,-1,1,7,0
4020,1,1,-37.345,-35.703,-3.49,-3.33,-3.48,-3.33,INF,-1,1,7,0
4040,1,1,-32.884,-29.849,-3.07,-2.78,-3.07,-2.79,INF,-1,1,7,0
4060,1,1,-34.595,-32.516,-3.23,-3.03,-3.23,-3.04,INF,-1,0,7,0
4080,1,1,-34.400,-30.726,-3.21,-2.87,-3.21,-2.87,INF,-1,0,7,0
4100,1,1,-33.824,-30.304,-3.16,-2.83,-3.15,-2.83,INF,-1,0,7,0
4120,1,1,-35.883,-30.107,-3.35,-2.81,-3.35,-2.81,INF,-1,0,7,0
4140,1,1,-31.941,-32.470,-2.98,-3.03,-2.98,-3.03,INF,-1,0,7,0
4160,1,1,-33.278,-31.888,-3.11,-2.97,-3.10,-2.98,INF,-1,0,7,0
4180,1,1,-34.122,-30.319,-3.19,-2.83,-3.18,-2.83,INF,-1,0,7,0
4200,1,1,-35.083,-30.745,-3.28,-2.87,-3.27,-2.87,INF,-1,0,7,0
4220,1,1,-33.936,-29.442,-3.17,-2.75,-3.17,-2.75,INF,-1,0,7,0
4240,1,1,-32.522,-34.457,-3.04,-3.21,-3.03,-3.22,INF,-1,0,7,0
4260,1,1,-32.502,-32.155,-3.04,-3.00,-3.03,-3.00,INF,-1,0,7,0
4280,1,1,-4.319,-35.301,-0.40,-3.30,-0.40,-3.30,INF,-1,0,7,0
4300,1,1,-7.400,-42.882,-0.69,-4.00,-0.69,-4.00,INF,-1,1,7,0
4320,1,1,-6.233,-36.353,-0.58,-3.39,-0.58,-3.39,INF,-1,0,7,0
4340,1,1,-6.321,-30.515,-0.59,-2.85,-0.59,-2.85,INF,-1,0,7,0
4360,1,1,-5.368,-31.968,-0.50,-2.99,-0.50,-2.99,INF,-1,0,7,0
4380,1,1,-8.053,-28.223,-0.75,-2.64,-0.75,-2.64,INF,-1,0,7,0
4400,1,1,-7.804,-27.348,-0.73,-2.55,-0.73,-2.55,INF,-1,0,7,0
4420,1,1,-5.384,-34.680,-0.50,-3.24,-0.50,-3.24,INF,-1,0,7,0
4440,1,1,-7.603,-29.789,-0.71,-2.78,-0.71,-2.78,INF,-1,0,7,0
4460,1,1,-7.740,-33.677,-0.72,-3.14,-0.72,-3.14,INF,-1,0,7,0
4480,1,1,-8.644,-36.212,-0.81,-3.38,-0.81,-3.38,INF,-1,0,7,0
4500,1,1,-8.892,-35.015,-0.83,-3.27,-0.83,-3.27,INF,-1,0,7,0
4520,1,1,-10.384,-33.935,-0.97,-3.17,-0.97,-3.17,INF,-1,0,7,0
4540,1,1,-9.448,-36.984,-0.88,-3.45,-0.88,-3.45,INF,-1,0,7,0
4560,1,1,-10.951,-35.418,-1.02,-3.31,-1.02,-3.31,INF,-1,1,7,0
4580,1,1,-10.516,-36.277,-0.98,-3.39,-0.98,-3.39,INF,-1,1,7,0
4600,1,1,-10.536,-37.403,-0.98,-3.49,-0.98,-3.49,INF,-1,1,7,0
4620,1,1,-10.992,-37.926,-1.03,-3.54,-1.03,-3.54,INF,-1,1,7,0
4640,1,1,-12.896,-39.996,-1.21,-3.73,-1.20,-3.73,INF,-1,1,7,0
4660,1,1,-12.252,-40.976,-1.15,-3.82,-1.14,-3.82,INF,-1,1,7,0
4680,1,1,-11.126,-41.430,-1.04,-3.87,-1.04,-3.87,INF,-1,1,7,0
4700,1,1,-9.944,-43.167,-0.93,-4.03,-0.93,-4.03,INF,-1,1,7,0
4720,1,1,-10.647,-43.723,-1.00,-4.08,-0.99,-4.08,INF,-1,1,7,0
4740,1,1,-11.280,-41.730,-1.05,-3.89,-1.05,-3.89,INF,-1,1,7,0
4760,1,1,-13.583,-45.195,-1.27,-4.22,-1.27,-4.22,INF,-1,1,7,0
4780,1,1,-12.355,-44.771,-1.15,-4.18,-1.15,-4.18,INF,-1,1,7,0
4800,1,1,-74.422,-32.925,-6.92,-3.05,-6.91,-3.07,INF,-1,0,7,0
4820,1,1,-57.776,-30.932,-5.38,-2.88,-5.38,-2.89,INF,-1,0,7,0
4840,1,1,-59.743,-30.797,-5.57,-2.86,-5.56,-2.88,INF,-1,0,7,0
4860,1,1,-60.677,-31.161,-5.65,-2.90,-5.65,-2.91,INF,-1,0,7,0
4880,1,1,-59.699,-31.009,-5.56,-2.88,-5.56,-2.90,INF,-1,0,7,0
4900,1,1,-60.496,-27.113,-5.64,-2.52,-5.63,-2.53,INF,-1,0,7,0
4920,1,1,-61.496,-31.995,-5.73,-2.97,-5.72,-2.99,INF,-1,0,7,0
4940,1,1,-61.614,-28.289,-5.74,-2.63,-5.73,-2.64,INF,-1,0,7,0
4960,1,1,-62.217,-32.512,-5.80,-3.02,-5.79,-3.04,INF,-1,0,7,0
4980,1,1,-61.601,-28.662,-5.74,-2.66,-5.73,-2.68,INF,-1,0,7,0
5000,1,1,-62.277,-27.095,-5.80,-2.52,-5.80,-2.53,INF,-1,0,7,0
5020,1,1,-63.653,-29.922,-5.93,-2.78,-5.92,-2.79,INF,-1,0,7,0
5040,1,1,-60.818,-30.556,-5.67,-2.84,-5.66,-2.85,INF,-1,0,7,0
5060,1,1,-60.512,-29.331,-5.64,-2.73,-5.63,-2.74,INF,-1,0,7,0
5080,1,1,-59.661,-29.691,-5.56,-2.76,-5.55,-2.77,INF,-1,0,7,0
5100,1,1,-60.131,-27.413,-5.60,-2.55,-5.60,-2.56,INF,-1,1,7,0
5120,1,1,-60.269,-29.291,-5.62,-2.72,-5.61,-2.74,INF,-1,1,7,0
5140,1,1,-51.466,-27.636,-4.80,-2.57,-4.79,-2.58,INF,-1,1,7,0
5160,1,1,-49.710,-21.638,-4.64,-2.01,-4.63,-2.02,INF,-1,1,7,0
5180,1,1,-48.917,-21.842,-4.56,-2.03,-4.56,-2.04,INF,-1,1,7,0
5200,1,1,-50.120,-22.765,-4.67,-2.12,-4.67,-2.13,INF,-1,0,7,0
5220,1,1,-48.215,-23.081,-4.50,-2.15,-4.49,-2.16,INF,-1,0,7,0
5240,1,1,-50.067,-22.423,-4.67,-2.09,-4.67,-2.09,INF,-1,0,7,0
5260,1,1,-48.339,-23.849,-4.51,-2.22,-4.51,-2.23,INF,-1,0,7,0
5280,1,1,-47.880,-24.454,-4.47,-2.28,-4.46,-2.28,INF,-1,0,7,0
5300,1,1,-48.971,-22.904,-4.57,-2.13,-4.56,-2.14,INF,-1,0,7,0
5320,1,1,-47.373,-24.475,-4.42,-2.28,-4.42,-2.29,INF,-1,0,7,0
5340,1,1,-47.239,-26.487,-4.41,-2.47,-4.40,-2.47,INF,-1,0,7,0
5360,1,1,-50.498,-23.966,-4.71,-2.23,-4.71,-2.24,INF,-1,0,7,0
5380,1,1,5.660,-22.894,0.53,-2.14,0.53,-2.14,INF,-1,0,7,0
5400,1,1,34.618,-23.033,3.23,-2.15,3.23,-2.15,INF,-1,0,7,0
5420,1,1,34.990,-23.102,3.27,-2.15,3.26,-2.16,INF,-1,0,7,0
5440,1,1,36.317,-23.136,3.39,-2.16,3.39,-2.16,INF,-1,0,7,0
5460,1,1,36.494,-22.921,3.41,-2.14,3.40,-2.14,INF,-1,0,7,0
5480,1,1,34.458,-23.047,3.22,-2.15,3.22,-2.15,INF,-1,0,7,0
5500,1,1,35.216,-22.992,3.29,-2.14,3.29,-2.15,INF,-1,0,7,0
5520,1,1,34.979,-22.497,3.27,-2.10,3.26,-2.10,INF,-1,0,7,0
5540,1,1,34.206,-23.317,3.19,-2.18,3.19,-2.18,INF,-1,0,7,0
5560,1,1,34.126,-22.242,3.19,-2.07,3.18,-2.08,INF,-1,0,7,0
5580,0,1,0.000,0.000,0.00,0.00,0.00,0.00,0.00,-1,0,7,0
5600,0,1,0.000,0.000,0.00,0.00,0.00,0.00,INF,-1,0,7,0
5620,0,1,0.000,0.000,0.00,0.00,0.00,0.00,0.00,-1,0,7,0
5640,0,1,0.000,0.000,0.00,0.00,0.00,0.00,0.00,-1,0,7,0
5660,0,1,0.000,0.000,0.00,0.00,0.00,0.00,INF,-1,0,7,0
5680,0,1,0.000,0.000,0.00,0.00,0.00,0.00,0.00,-1,0,7,0
5700,0,1,0.000,0.000,0.00,0.00,0.00,0.00,0.00,-1,0,7,0
5720,0,1,0.000,0.000,0.00,0.00,0.00,0.00,INF,-1,0,7,0
5740,0,1,0.000,0.000,0.00,0.00,0.00,0.00,0.00,-1,0,7,0
5760,0,1,0.000,0.000,0.00,0.00,0.00,0.00,0.00,-1,0,7,0
5780,0,1,0.000,0.000,0.00,0.00,0.00,0.00,0.00,-1,0,7,0
5800,0,1,0.000,0.000,0.00,0.00,0.00,0.00,0.00,-1,0,7,0
5820,1,1,39.763,-17.748,3.71,-1.65,3.71,-1.66,INF,-1,0,7,0
5840,1,1,40.876,-21.223,3.81,-1.98,3.81,-1.98,INF,-1,0,7,0
5860,1,1,41.351,-20.113,3.86,-1.88,3.86,-1.88,INF,-1,0,7,0
5880,1,1,42.793,-20.979,3.99,-1.96,3.99,-1.96,INF,-1,0,7,0
5900,1,1,41.081,-21.986,3.83,-2.05,3.83,-2.05,INF,-1,0,7,0
5920,1,1,41.669,-20.053,3.89,-1.87,3.89,-1.87,INF,-1,0,7,0
5940,1,1,41.330,-21.931,3.86,-2.04,3.85,-2.05,INF,-1,0,7,0
5960,1,1,41.415,-22.218,3.87,-2.07,3.86,-2.08,INF,-1,0,7,0
5980,1,1,41.099,-22.227,3.84,-2.07,3.83,-2.08,INF,-1,0,7,0
6000,1,1,40.682,-22.044,3.80,-2.06,3.79,-2.06,INF,-1,0,7,0
6020,1,1,41.248,-20.590,3.85,-1.92,3.85,-1.92,INF,-1,0,7,0
6040,1,1,55.463,-7.110,5.17,-0.66,5.17,-0.66,INF,-1,0,7,0
6060,1,1,53.736,-4.438,5.01,-0.41,5.01,-0.41,INF,-1,0,7,0
6080,1,1,54.807,-1.619,5.11,-0.15,5.11,-0.15,INF,-1,0,7,0
6100,1,1,53.811,-3.220,5.02,-0.30,5.02,-0.30,INF,-1,0,7,0
6120,1,1,53.144,-2.444,4.95,-0.23,4.95,-0.23,INF,-1,0,7,0
6140,1,1,52.666,-3.238,4.91,-0.30,4.91,-0.30,INF,-1,0,7,0
6160,1,1,53.567,-1.673,4.99,-0.16,4.99,-0.16,INF,-1,0,7,0
6180,1,1,53.536,-2.346,4.99,-0.22,4.99,-0.22,INF,-1,0,7,0
6200,1,1,51.983,-5.052,4.85,-0.47,4.85,-0.47,INF,-1,1,7,0
6220,1,1,46.852,1.772,4.37,0.17,4.37,0.17,INF,-1,1,7,0
6240,1,1,36.548,12.656,3.41,1.18,3.41,1.18,INF,-1,1,7,0
6260,1,1,38.013,10.831,3.55,1.01,3.55,1.01,INF,-1,0,7,0
6280,1,1,37.552,12.771,3.51,1.19,3.50,1.19,INF,-1,0,7,0
6300,1,1,35.360,10.703,3.30,1.00,3.30,1.00,INF,-1,0,7,0
6320,1,1,36.665,12.612,3.42,1.18,3.42,1.18,INF,-1,0,7,0
6340,1,1,37.287,12.033,3.48,1.12,3.48,1.12,INF,-1,0,7,0
6360,1,1,36.998,11.058,3.45,1.03,3.45,1.03,INF,-1,0,7,0
6380,1,1,36.782,12.368,3.43,1.15,3.43,1.16,INF,-1,0,7,0
6400,1,1,37.011,11.496,3.46,1.07,3.45,1.07,INF,-1,0,7,0
6420,1,1,35.559,11.326,3.32,1.06,3.32,1.06,INF,-1,0,7,0
6440,1,1,37.071,12.333,3.46,1.15,3.46,1.15,INF,-1,0,7,0
6460,1,1,35.930,10.262,3.35,0.96,3.35,0.96,INF,-1,0,7,0
6480,1,1,36.684,12.930,3.42,1.21,3.42,1.21,INF,-1,0,7,0
6500,1,1,36.305,12.289,3.39,1.15,3.39,1.15,INF,-1,0,7,0
6520,1,1,37.688,14.148,3.52,1.32,3.52,1.32,INF,-1,1,7,0
6540,1,1,36.053,11.903,3.37,1.11,3.37,1.11,INF,-1,1,7,0
6560,1,1,36.390,12.543,3.40,1.17,3.40,1.17,INF,-1,1,7,0
6580,1,1,35.962,11.757,3.36,1.10,3.36,1.10,INF,-1,1,7,0
6600,1,1,36.809,12.249,3.44,1.14,3.44,1.14,INF,-1,1,7,0
6620,1,1,37.359,11.833,3.49,1.10,3.49,1.11,INF,-1,1,7,0
6640,1,1,35.030,13.210,3.27,1.23,3.27,1.23,INF,-1,1,7,0
6660,1,1,36.298,11.913,3.39,1.11,3.39,1.11,INF,-1,1,7,0
6680,1,1,36.876,13.329,3.44,1.24,3.44,1.25,INF,-1,1,7,0
6700,1,1,35.719,10.715,3.33,1.00,3.33,1.00,INF,-1,1,7,0
6720,1,1,37.477,12.477,3.50,1.16,3.50,1.17,INF,-1,1,7,0
6740,1,1,37.655,10.867,3.52,1.01,3.51,1.02,INF,-1,1,7,0
6760,1,1,37.312,11.208,3.48,1.05,3.48,1.05,INF,-1,1,7,0
6780,1,1,37.010,9.217,3.46,0.86,3.45,0.86,INF,-1,1,7,0
6800,1,1,36.346,10.662,3.39,0.99,3.39,1.00,INF,-1,1,7,0
6820,1,1,37.072,11.464,3.46,1.07,3.46,1.07,INF,-1,1,7,0
6840,1,1,36.832,11.766,3.44,1.10,3.44,1.10,INF,-1,1,7,0
6860,1,1,62.200,1.661,5.79,0.15,5.79,0.16,INF,-1,1,7,0
6880,1,1,60.328,2.073,5.62,0.19,5.62,0.19,INF,-1,1,7,0
6900,1,1,59.889,1.220,5.58,0.11,5.58,0.11,INF,-1,0,7,0
6920,1,1,62.802,2.900,5.85,0.27,5.85,0.27,INF,-1,0,7,0
6940,1,1,61.484,1.698,5.73,0.16,5.73,0.16,INF,-1,0,7,0
6960,1,1,63.341,2.503,5.90,0.23,5.90,0.23,INF,-1,0,7,0
6980,1,1,63.217,-1.344,5.89,-0.12,5.89,-0.13,INF,-1,0,7,0
7000,1,1,62.469,-0.794,5.82,-0.07,5.82,-0.07,INF,-1,0,7,0
7020,1,1,62.753,3.059,5.85,0.28,5.84,0.29,INF,-1,0,7,0
7040,1,1,60.291,1.642,5.62,0.15,5.62,0.15,INF,-1,0,7,0
7060,1,1,56.716,1.312,5.29,0.12,5.29,0.12,INF,-1,0,7,0
7080,1,1,61.241,9.731,5.71,0.90,5.70,0.91,INF,-1,0,7,0
7100,1,1,62.720,10.740,5.84,1.00,5.84,1.00,INF,-1,0,7,0
7120,1,1,65.169,5.736,6.07,0.53,6.07,0.54,INF,-1,0,7,0
7140,1,1,63.595,-0.491,5.92,-0.05,5.92,-0.05,INF,-1,1,7,0
7160,1,1,62.425,-4.052,5.81,-0.38,5.81,-0.38,INF,-1,1,7,0
7180,1,1,37.483,-0.262,3.50,-0.02,3.50,-0.02,INF,-1,1,7,0
7200,0,1,0.000,0.000,0.00,0.00,0.00,0.00,0.00,-1,1,7,0
7220,0,1,0.000,0.000,0.00,0.00,0.00,0.00,0.00,-1,1,7,0
7240,1,1,19.387,10.533,1.81,0.98,1.81,0.98,INF,-1,1,7,0
7260,1,1,18.387,6.406,1.72,0.60,1.72,0.60,INF,-1,0,7,0
7280,1,1,17.838,7.749,1.67,0.72,1.67,0.72,INF,-1,0,7,0
7300,1,1,17.731,8.642,1.66,0.81,1.66,0.81,INF,-1,0,7,0
7320,1,1,16.198,9.974,1.51,0.93,1.51,0.93,INF,-1,0,7,0
7340,1,1,16.953,9.705,1.58,0.91,1.58,0.91,INF,-1,0,7,0
7360,1,1,15.775,10.964,1.47,1.02,1.47,1.02,INF,-1,0,7,0
7380,1,1,15.954,10.023,1.49,0.94,1.49,0.94,INF,-1,0,7,0
7400,1,1,16.969,9.383,1.59,0.88,1.59,0.88,INF,-1,0,7,0
7420,1,1,16.739,9.626,1.56,0.90,1.56,0.90,INF,-1,0,7,0
7440,1,1,15.893,7.440,1.49,0.70,1.49,0.70,INF,-1,0,7,0
7460,1,1,25.088,11.387,2.34,1.06,2.34,1.06,INF,-1,0,7,0
7480,1,1,25.281,11.160,2.36,1.04,2.36,1.04,INF,-1,0,7,0
7500,1,1,25.114,10.447,2.35,0.98,2.35,0.98,INF,-1,0,7,0
7520,1,1,25.078,10.664,2.34,1.00,2.34,1.00,INF,-1,1,7,0
7540,1,1,24.181,8.426,2.26,0.79,2.26,0.79,INF,-1,1,7,0
7560,1,1,23.633,7.723,2.21,0.72,2.21,0.72,INF,-1,1,7,0
7580,1,1,24.345,8.674,2.27,0.81,2.27,0.81,INF,-1,1,7,0
7600,1,1,24.086,8.923,2.25,0.83,2.25,0.83,INF,-1,1,7,0
7620,1,1,23.944,6.676,2.24,0.62,2.24,0.62,INF,-1,1,7,0
7640,1,1,24.711,7.368,2.31,0.69,2.31,0.69,INF,-1,1,7,0
7660,1,1,24.982,6.739,2.33,0.63,2.33,0.63,INF,-1,1,7,0
7680,1,1,24.435,6.902,2.28,0.64,2.28,0.65,INF,-1,1,7,0
7700,1,1,25.611,6.071,2.39,0.57,2.39,0.57,INF,-1,1,7,0
7720,1,1,24.521,6.956,2.29,0.65,2.29,0.65,INF,-1,1,7,0
7740,1,1,23.836,7.304,2.23,0.68,2.23,0.68,INF,-1,1,7,0
7760,1,1,24.030,7.126,2.24,0.67,2.24,0.67,INF,-1,1,7,0
7780,1,1,24.638,6.773,2.30,0.63,2.30,0.63,INF,-1,1,7,0
7800,1,1,25.656,7.603,2.40,0.71,2.40,0.71,INF,-1,1,7,0
7820,1,1,23.550,6.573,2.20,0.61,2.20,0.61,INF,-1,1,7,0
7840,1,1,23.081,6.654,2.16,0.62,2.16,0.62,INF,-1,1,7,0
7860,1,1,24.083,6.956,2.25,0.65,2.25,0.65,INF,-1,1,7,0
7880,1,1,40.264,-28.070,3.76,-2.62,3.75,-2.62,INF,-1,1,7,0
7900,1,1,37.568,-27.105,3.51,-2.53,3.50,-2.53,INF,-1,1,7,0
7920,1,1,38.828,-28.457,3.62,-2.65,3.62,-2.66,INF,-1,0,7,0
7940,1,1,38.048,-28.280,3.55,-2.64,3.55,-2.64,INF,-1,0,7,0
7960,1,1,38.429,-30.113,3.59,-2.81,3.58,-2.81,INF,-1,0,7,0
7980,1,1,37.839,-28.318,3.53,-2.64,3.53,-2.64,INF,-1,0,7,0
8000,1,1,37.918,-28.059,3.54,-2.62,3.54,-2.62,INF,-1,0,7,0
8020,1,1,39.495,-28.609,3.69,-2.67,3.68,-2.67,INF,-1,0,7,0
8040,1,1,38.312,-30.092,3.58,-2.80,3.57,-2.81,INF,-1,0,7,0
8060,1,1,37.412,-28.644,3.49,-2.67,3.49,-2.68,INF,-1,0,7,0
8080,1,1,38.772,-29.528,3.62,-2.75,3.61,-2.76,INF,-1,0,7,0
8100,1,1,38.392,-28.031,3.58,-2.61,3.58,-2.62,INF,-1,0,7,0
8120,1,1,39.451,-28.477,3.68,-2.65,3.68,-2.66,INF,-1,0,7,0
8140,1,1,38.420,-30.086,3.59,-2.80,3.58,-2.81,INF,-1,0,7,0
8160,1,1,38.198,-30.800,3.57,-2.87,3.56,-2.88,INF,-1,1,7,0
8180,1,1,30.568,-34.524,2.85,-3.22,2.85,-3.22,INF,-1,1,7,0
8200,1,1,31.219,-33.433,2.92,-3.12,2.91,-3.12,INF,-1,1,7,0
8220,1,1,30.200,-34.833,2.82,-3.25,2.82,-3.25,INF,-1,1,7,0
8240,1,1,30.473,-35.060,2.85,-3.27,2.84,-3.27,INF,-1,1,7,0
8260,1,1,31.044,-34.906,2.90,-3.25,2.89,-3.26,INF,-1,1,7,0
8280,1,1,30.170,-33.996,2.82,-3.17,2.81,-3.17,INF,-1,1,7,0
8300,1,1,30.265,-34.380,2.83,-3.21,2.82,-3.21,INF,-1,1,7,0
8320,1,1,29.230,-34.942,2.73,-3.26,2.73,-3.26,INF,-1,1,7,0
8340,1,1,30.216,-33.861,2.82,-3.16,2.82,-3.16,INF,-1,1,7,0
8360,1,1,29.414,-34.629,2.75,-3.23,2.74,-3.23,INF,-1,1,7,0
8380,1,1,29.249,-32.880,2.73,-3.07,2.73,-3.07,INF,-1,1,7,0
8400,1,1,29.074,-34.864,2.72,-3.25,2.71,-3.26,INF,-1,0,7,0
8420,1,1,31.003,-33.100,2.90,-3.09,2.89,-3.09,INF,-1,0,7,0
8440,1,1,29.658,-34.938,2.77,-3.26,2.77,-3.26,INF,-1,0,7,0
8460,1,1,30.245,-33.577,2.82,-3.13,2.82,-3.14,INF,-1,0,7,0
8480,1,1,29.457,-32.920,2.75,-3.07,2.75,-3.07,INF,-1,0,7,0
8500,1,1,29.232,-33.560,2.73,-3.13,2.73,-3.13,INF,-1,0,7,0
8520,1,1,36.125,-31.374,3.37,-2.92,3.37,-2.93,INF,-1,0,7,0
8540,1,1,36.796,-29.680,3.44,-2.77,3.43,-2.77,INF,-1,0,7,0
8560,1,1,36.433,-30.653,3.40,-2.86,3.40,-2.86,INF,-1,0,7,0
8580,1,1,36.613,-31.233,3.42,-2.91,3.41,-2.92,INF,-1,0,7,0
8600,1,1,36.663,-30.159,3.42,-2.81,3.42,-2.82,INF,-1,0,7,0
8620,1,1,37.260,-31.014,3.48,-2.89,3.47,-2.90,INF,-1,0,7,0
8640,1,1,38.461,-29.210,3.59,-2.72,3.59,-2.73,INF,-1,1,7,0
8660,1,1,37.005,-30.585,3.45,-2.85,3.45,-2.86,INF,-1,1,7,0
8680,1,1,37.694,-29.522,3.52,-2.75,3.51,-2.76,INF,-1,1,7,0
8700,1,1,37.309,-29.125,3.48,-2.72,3.48,-2.72,INF,-1,1,7,0
8720,1,1,37.125,-30.696,3.47,-2.86,3.46,-2.87,INF,-1,1,7,0
8740,1,1,38.068,-28.422,3.55,-2.65,3.55,-2.65,INF,-1,1,7,0
8760,1,1,37.601,-29.377,3.51,-2.74,3.51,-2.74,INF,-1,1,7,0
8780,1,1,37.340,-30.294,3.49,-2.82,3.48,-2.83,INF,-1,1,7,0
8800,1,1,38.082,-29.663,3.55,-2.77,3.55,-2.77,INF,-1,1,7,0
8820,1,1,38.298,-29.527,3.57,-2.75,3.57,-2.76,INF,-1,1,7,0
8840,1,1,38.248,-30.901,3.57,-2.88,3.57,-2.89,INF,-1,1,7,0
8860,1,1,27.217,-27.331,2.54,-2.55,2.54,-2.55,INF,-1,1,7,0
8880,1,1,28.167,-26.199,2.63,-2.44,2.63,-2.45,INF,-1,1,7,0
8900,1,1,27.394,-26.570,2.56,-2.48,2.56,-2.48,INF,-1,1,7,0
8920,1,1,28.261,-25.493,2.64,-2.38,2.64,-2.38,INF,-1,1,7,0
8940,1,1,27.601,-24.774,2.58,-2.31,2.58,-2.31,INF,-1,1,7,0
8960,1,1,27.571,-25.784,2.58,-2.41,2.57,-2.41,INF,-1,1,7,0
8980,1,1,25.886,-25.754,2.42,-2.40,2.42,-2.41,INF,-1,1,7,0
9000,1,1,27.141,-26.206,2.54,-2.45,2.53,-2.45,INF,-1,1,7,0
9020,1,1,27.029,-25.414,2.52,-2.37,2.52,-2.37,INF,-1,1,7,0
9040,1,1,27.262,-27.969,2.55,-2.61,2.54,-2.61,INF,-1,1,7,0
9060,1,1,27.897,-26.748,2.61,-2.50,2.60,-2.50,INF,-1,1,7,0
9080,1,1,26.488,-25.196,2.47,-2.35,2.47,-2.35,INF,-1,1,7,0
9100,1,1,28.273,-26.774,2.64,-2.50,2.64,-2.50,INF,-1,1,7,0
9120,1,1,27.685,-25.571,2.59,-2.39,2.58,-2.39,INF,-1,1,7,0
9140,1,1,27.439,-26.550,2.56,-2.48,2.56,-2.48,INF,-1,1,7,0
9160,1,1,29.288,-26.175,2.74,-2.44,2.73,-2.45,INF,-1,1,7,0
9180,1,1,27.918,-25.594,2.61,-2.39,2.61,-2.39,INF,-1,1,7,0
9200,1,1,28.846,-25.432,2.69,-2.37,2.69,-2.38,INF,-1,1,7,0
9220,1,1,28.747,-25.071,2.68,-2.34,2.68,-2.34,INF,-1,1,7,0
9240,1,1,28.198,-26.214,2.63,-2.45,2.63,-2.45,INF,-1,1,7,0
9260,1,1,27.593,-25.494,2.58,-2.38,2.58,-2.38,INF,-1,1,7,0
9280,0,1,0.000,0.000,0.00,0.00,0.00,0.00,0.00,-1,1,7,0
9300,0,1,0.000,0.000,0.00,0.00,0.00,0.00,0.00,-1,1,7,0
9320,0,1,0.000,0.000,0.00,0.00,0.00,0.00,0.00,-1,1,7,0
9340,0,1,0.000,0.000,0.00,0.00,0.00,0.00,0.00,-1,1,7,0
9360,0,1,0.000,0.000,0.00,0.00,0.00,0.00,0.00,-1,0,7,0
9380,0,1,0.000,0.000,0.00,0.00,0.00,0.00,0.00,-1,0,7,0
9400,0,1,0.000,0.000,0.00,0.00,0.00,0.00,0.00,-1,0,7,0
9420,0,1,0.000,0.000,0.00,0.00,0.00,0.00,0.00,-1,0,7,0
9440,0,1,0.000,0.000,0.00,0.00,0.00,0.00,0.00,-1,0,7,0
9460,0,1,0.000,0.000,0.00,0.00,0.00,0.00,0.00,-1,0,7,0
9480,0,1,0.000,0.000,0.00,0.00,0.00,0.00,0.00,-1,0,7,0
9500,0,1,0.000,0.000,0.00,0.00,0.00,0.00,0.00,-1,0,7,0
9520,0,1,0.000,0.000,0.00,0.00,0.00,0.00,0.00,-1,0,7,0
9540,0,1,0.000,0.000,0.00,0.00,0.00,0.00,INF,-1,0,7,0
9560,0,1,0.000,0.000,0.00,0.00,0.00,0.00,0.00,-1,0,7,0
9580,0,1,0.000,0.000,0.00,0.00,0.00,0.00,INF,-1,0,7,0
9600,0,1,0.000,0.000,0.00,0.00,0.00,0.00,INF,-1,0,7,0
9620,0,1,0.000,0.000,0.00,0.00,0.00,0.00,0.00,-1,0,7,0
9640,0,1,0.000,0.000,0.00,0.00,0.00,0.00,INF,-1,0,7,0
9660,0,1,0.000,0.000,0.00,0.00,0.00,0.00,0.00,-1,0,7,0
9680,1,1,-106.894,5.299,-9.89,0.49,-9.89,0.50,INF,-1,0,7,0
9700,1,1,-25.736,-5.795,-2.40,-0.54,-2.40,-0.54,INF,-1,0,7,0
9720,1,1,-26.110,-5.265,-2.44,-0.49,-2.44,-0.49,INF,-1,0,7,0
9740,1,1,-41.113,-9.492,-3.84,-0.89,-3.84,-0.89,INF,-1,0,7,0
9760,1,1,-38.619,-11.582,-3.60,-1.08,-3.60,-1.08,INF,-1,0,7,0
9780,1,1,-39.567,-11.771,-3.69,-1.10,-3.69,-1.10,INF,-1,0,7,0
9800,1,1,-38.662,-12.086,-3.61,-1.13,-3.61,-1.13,INF,-1,0,7,0
9820,1,1,-40.714,-12.934,-3.80,-1.21,-3.80,-1.21,INF,-1,0,7,0
9840,1,1,-40.727,-11.927,-3.80,-1.11,-3.80,-1.11,INF,-1,0,7,0
9860,1,1,-38.898,-9.073,-3.63,-0.85,-3.63,-0.85,INF,-1,0,7,0
9880,1,1,-39.953,-11.127,-3.73,-1.04,-3.73,-1.04,INF,-1,0,7,0
9900,1,1,-39.945,-11.070,-3.73,-1.03,-3.73,-1.03,INF,-1,0,7,0
9920,1,1,-38.174,-11.639,-3.56,-1.09,-3.56,-1.09,INF,-1,0,7,0
9940,1,1,-43.639,-35.437,-4.07,-3.30,-4.07,-3.31,INF,-1,0,7,0
9960,1,1,-41.435,-32.082,-3.87,-2.99,-3.86,-3.00,INF,-1,0,7,0
9980,1,1,-41.611,-33.242,-3.88,-3.10,-3.88,-3.10,INF,-1,0,7,0
10000,1,1,-41.758,-32.944,-3.90,-3.07,-3.89,-3.08,INF,-1,0,7,0
10020,1,1,-40.756,-32.286,-3.80,-3.01,-3.80,-3.01,INF,-1,0,7,0
10040,1,1,-40.602,-32.622,-3.79,-3.04,-3.78,-3.05,INF,-1,0,7,0
10060,1,1,-41.607,-33.149,-3.88,-3.09,-3.88,-3.10,INF,-1,0,7,0
10080,1,1,-41.982,-33.147,-3.92,-3.09,-3.91,-3.10,INF,-1,1,7,0
10100,1,1,-43.137,-32.444,-4.03,-3.02,-4.02,-3.03,INF,-1,1,7,0
10120,1,1,-42.381,-32.227,-3.95,-3.00,-3.95,-3.01,INF,-1,1,7,0
10140,1,1,-42.024,-32.560,-3.92,-3.03,-3.92,-3.04,INF,-1,1,7,0
10160,1,1,-42.032,-33.117,-3.92,-3.09,-3.92,-3.09,INF,-1,1,7,0
10180,1,1,-40.242,-28.080,-3.76,-2.62,-3.75,-2.62,INF,-1,1,7,0
10200,1,1,-40.379,-29.266,-3.77,-2.73,-3.76,-2.73,INF,-1,1,7,0
10220,1,1,-40.013,-29.010,-3.73,-2.70,-3.73,-2.71,INF,-1,1,7,0
10240,1,1,-40.712,-29.106,-3.80,-2.71,-3.80,-2.72,INF,-1,1,7,0
10260,1,1,-38.614,-29.730,-3.60,-2.77,-3.60,-2.78,INF,-1,1,7,0
10280,1,1,-41.072,-28.669,-3.83,-2.67,-3.83,-2.68,INF,-1,1,7,0
10300,1,1,-39.408,-28.669,-3.68,-2.67,-3.67,-2.68,INF,-1,1,7,0
10320,1,1,-40.016,-29.817,-3.73,-2.78,-3.73,-2.78,INF,-1,1,7,0
10340,1,1,-40.388,-29.174,-3.77,-2.72,-3.77,-2.72,INF,-1,1,7,0
10360,1,1,-39.886,-30.405,-3.72,-2.83,-3.72,-2.84,INF,-1,1,7,0
10380,1,1,-39.904,-29.806,-3.72,-2.78,-3.72,-2.78,INF,-1,1,7,0
10400,1,1,-40.073,-28.835,-3.74,-2.69,-3.74,-2.69,INF,-1,1,7,0
10420,1,1,-39.884,-29.186,-3.72,-2.72,-3.72,-2.73,INF,-1,1,7,0
10440,1,1,-54.821,-21.599,-5.11,-2.01,-5.11,-2.02,INF,-1,1,7,0
10460,1,1,-50.273,-18.053,-4.69,-1.68,-4.69,-1.69,INF,-1,1,7,0
10480,1,1,-51.651,-17.753,-4.82,-1.65,-4.81,-1.66,INF,-1,0,7,0
10500,1,1,-50.401,-18.315,-4.70,-1.71,-4.70,-1.71,INF,-1,0,7,0
10520,1,1,-50.965,-18.336,-4.75,-1.71,-4.75,-1.71,INF,-1,0,7,0
10540,1,1,-51.316,-18.083,-4.79,-1.68,-4.78,-1.69,INF,-1,0,7,0
10560,1,1,-51.483,-17.475,-4.80,-1.63,-4.80,-1.63,INF,-1,0,7,0
10580,1,1,-50.401,-18.125,-4.70,-1.69,-4.70,-1.69,INF,-1,0,7,0
10600,1,1,-52.078,-17.777,-4.86,-1.66,-4.85,-1.66,INF,-1,0,7,0
10620,1,1,-51.302,-18.079,-4.78,-1.68,-4.78,-1.69,INF,-1,0,7,0
10640,1,1,-52.402,-17.480,-4.89,-1.63,-4.88,-1.63,INF,-1,0,7,0
10660,1,1,-51.276,-17.989,-4.78,-1.68,-4.78,-1.68,INF,-1,0,7,0
10680,1,1,-52.948,-17.815,-4.94,-1.66,-4.93,-1.66,INF,-1,0,7,0
10700,1,1,-53.078,-17.634,-4.95,-1.64,-4.95,-1.65,INF,-1,0,7,0
10720,1,1,-74.894,-9.919,-6.97,-0.92,-6.96,-0.93,INF,-1,1,7,0
10740,1,1,-72.135,-9.716,-6.71,-0.90,-6.71,-0.91,INF,-1,1,7,0
10760,1,1,-69.922,-8.900,-6.51,-0.83,-6.51,-0.83,INF,-1,0,7,0
10780,1,1,-71.585,-9.387,-6.66,-0.87,-6.66,-0.88,INF,-1,0,7,0
10800,1,1,-70.850,-10.135,-6.59,-0.94,-6.59,-0.95,INF,-1,0,7,0
10820,1,1,-72.714,-10.816,-6.76,-1.00,-6.76,-1.01,INF,-1,0,7,0
10840,1,1,-71.438,-11.958,-6.65,-1.11,-6.65,-1.12,INF,-1,0,7,0
10860,1,1,-72.123,-10.688,-6.71,-0.99,-6.71,-1.00,INF,-1,0,7,0
10880,1,1,-71.523,-11.006,-6.65,-1.02,-6.65,-1.03,INF,-1,0,7,0
10900,1,1,-71.883,-10.724,-6.69,-1.00,-6.69,-1.00,INF,-1,0,7,0
10920,1,1,-72.888,-11.105,-6.78,-1.03,-6.78,-1.04,INF,-1,0,7,0
10940,1,1,-60.468,-8.823,-5.63,-0.82,-5.63,-0.82,INF,-1,0,7,0
10960,1,1,7.966,9.751,0.74,0.91,0.74,0.91,INF,-1,0,7,0
10980,1,1,7.886,5.360,0.74,0.50,0.74,0.50,INF,-1,0,7,0
11000,1,1,8.711,7.041,0.81,0.66,0.81,0.66,INF,-1,0,7,0
11020,1,1,8.267,6.591,0.77,0.62,0.77,0.62,INF,-1,0,7,0
11040,1,1,7.389,6.433,0.69,0.60,0.69,0.60,INF,-1,0,7,0
11060,1,1,8.794,7.089,0.82,0.66,0.82,0.66,INF,-1,0,7,0
11080,1,1,8.099,8.747,0.76,0.82,0.76,0.82,INF,-1,0,7,0
11100,1,1,8.844,7.799,0.83,0.73,0.83,0.73,INF,-1,0,7,0
11120,1,1,9.852,8.000,0.92,0.75,0.92,0.75,INF,-1,0,7,0
11140,1,1,10.663,6.685,1.00,0.62,1.00,0.62,INF,-1,0,7,0
11160,1,1,9.607,7.328,0.90,0.68,0.90,0.68,INF,-1,0,7,0
11180,1,1,9.496,7.990,0.89,0.75,0.89,0.75,INF,-1,0,7,0
11200,1,1,10.382,9.329,0.97,0.87,0.97,0.87,INF,-1,0,7,0
11220,1,1,8.604,8.482,0.80,0.79,0.80,0.79,INF,-1,1,7,0
11240,1,1,8.600,7.896,0.80,0.74,0.80,0.74,INF,-1,1,7,0
11260,1,1,9.941,8.544,0.93,0.80,0.93,0.80,INF,-1,1,7,0
11280,1,1,0.112,10.018,0.01,0.94,0.01,0.94,INF,-1,1,7,0
11300,1,1,-7.769,7.915,-0.73,0.74,-0.73,0.74,INF,-1,1,7,0
11320,1,1,-8.381,6.526,-0.78,0.61,-0.78,0.61,INF,-1,1,7,0
11340,1,1,-7.259,6.590,-0.68,0.62,-0.68,0.62,INF,-1,0,7,0
11360,1,1,-8.655,6.677,-0.81,0.62,-0.81,0.62,INF,-1,0,7,0
11380,1,1,-7.667,5.778,-0.72,0.54,-0.72,0.54,INF,-1,0,7,0
11400,1,1,-7.729,6.319,-0.72,0.59,-0.72,0.59,INF,-1,0,7,0
11420,1,1,-7.203,6.862,-0.67,0.64,-0.67,0.64,INF,-1,0,7,0
11440,1,1,-7.793,7.404,-0.73,0.69,-0.73,0.69,INF,-1,0,7,0
11460,1,1,-7.967,6.068,-0.74,0.57,-0.74,0.57,INF,-1,0,7,0
11480,1,1,-8.280,6.196,-0.77,0.58,-0.77,0.58,INF,-1,0,7,0
11500,1,1,-8.219,5.147,-0.77,0.48,-0.77,0.48,INF,-1,0,7,0
11520,1,1,-7.718,7.415,-0.72,0.69,-0.72,0.69,INF,-1,0,7,0
11540,1,1,-8.704,5.175,-0.81,0.48,-0.81,0.48,INF,-1,0,7,0
11560,1,1,-10.267,5.740,-0.96,0.54,-0.96,0.54,INF,-1,0,7,0
11580,1,1,-8.090,6.194,-0.76,0.58,-0.76,0.58,INF,-1,1,7,0
11600,1,1,3.873,5.580,0.36,0.52,0.36,0.52,INF,-1,1,7,0
11620,1,1,3.024,5.506,0.28,0.51,0.28,0.51,INF,-1,1,7,0
11640,1,1,3.376,7.066,0.32,0.66,0.32,0.66,INF,-1,0,7,0
11660,1,1,4.285,5.798,0.40,0.54,0.40,0.54,INF,-1,0,7,0
11680,1,1,2.684,6.035,0.25,0.56,0.25,0.56,INF,-1,0,7,0
11700,1,1,4.305,6.815,0.40,0.64,0.40,0.64,INF,-1,0,7,0
11720,1,1,3.818,7.311,0.36,0.68,0.36,0.68,INF,-1,0,7,0
11740,1,1,3.337,6.736,0.31,0.63,0.31,0.63,INF,-1,0,7,0
11760,1,1,4.429,6.217,0.41,0.58,0.41,0.58,INF,-1,0,7,0
11780,1,1,3.551,5.236,0.33,0.49,0.33,0.49,INF,-1,0,7,0
11800,1,1,3.602,7.126,0.34,0.67,0.34,0.67,INF,-1,0,7,0
11820,1,1,3.318,5.877,0.31,0.55,0.31,0.55,INF,-1,0,7,0
11840,1,1,3.181,5.515,0.30,0.52,0.30,0.52,INF,-1,0,7,0
11860,1,1,1.873,6.231,0.18,0.58,0.18,0.58,INF,-1,0,7,0
11880,1,1,27.164,9.670,2.54,0.90,2.54,0.90,INF,-1,1,7,0
11900,1,1,38.047,10.445,3.55,0.97,3.55,0.98,INF,-1,1,7,0
11920,1,1,38.457,10.358,3.59,0.97,3.59,0.97,INF,-1,0,7,0
11940,1,1,36.790,9.621,3.43,0.90,3.43,0.90,INF,-1,0,7,0
11960,1,1,36.542,10.226,3.41,0.95,3.41,0.96,INF,-1,0,7,0
11980,1,1,38.040,10.159,3.55,0.95,3.55,0.95,INF,-1,0,7,0
12000,1,1,36.884,10.831,3.44,1.01,3.44,1.01,INF,-1,0,7,0
12020,1,1,37.354,9.327,3.49,0.87,3.49,0.87,INF,-1,0,7,0
12040,1,1,36.405,8.711,3.40,0.81,3.40,0.81,INF,-1,0,7,0
12060,1,1,35.697,10.046,3.33,0.94,3.33,0.94,INF,-1,0,7,0
12080,1,1,36.733,10.480,3.43,0.98,3.43,0.98,INF,-1,0,7,0
12100,1,1,36.331,9.606,3.39,0.90,3.39,0.90,INF,-1,0,7,0
12120,1,1,37.440,9.432,3.50,0.88,3.49,0.88,INF,-1,0,7,0
12140,1,1,37.303,10.531,3.48,0.98,3.48,0.98,INF,-1,0,7,0
12160,1,1,36.472,8.358,3.40,0.78,3.40,0.78,INF,-1,1,7,0
12180,1,1,36.321,11.140,3.39,1.04,3.39,1.04,INF,-1,1,7,0
12200,1,1,36.407,10.441,3.40,0.97,3.40,0.98,INF,-1,1,7,0
12220,1,1,35.283,9.419,3.29,0.88,3.29,0.88,INF,-1,1,7,0
12240,1,1,36.435,10.594,3.40,0.99,3.40,0.99,INF,-1,1,7,0
12260,1,1,36.297,9.765,3.39,0.91,3.39,0.91,INF,-1,1,7,0
12280,1,1,30.743,17.043,2.87,1.59,2.87,1.59,INF,-1,1,7,0
12300,1,1,32.060,16.122,2.99,1.50,2.99,1.51,INF,-1,1,7,0
12320,1,1,30.768,16.434,2.87,1.53,2.87,1.54,INF,-1,1,7,0
12340,1,1,31.140,17.051,2.91,1.59,2.91,1.59,INF,-1,1,7,0
12360,1,1,30.992,16.517,2.89,1.54,2.89,1.54,INF,-1,1,7,0
12380,1,1,32.410,16.654,3.03,1.55,3.03,1.56,INF,-1,1,7,0
12400,1,1,30.592,15.838,2.86,1.48,2.86,1.48,INF,-1,1,7,0
12420,1,1,30.379,16.180,2.84,1.51,2.84,1.51,INF,-1,1,7,0
12440,1,1,30.403,14.893,2.84,1.39,2.84,1.39,INF,-1,1,7,0
12460,1,1,30.252,16.252,2.83,1.52,2.82,1.52,INF,-1,1,7,0
12480,1,1,30.492,15.877,2.85,1.48,2.85,1.48,INF,-1,1,7,0
12500,1,1,31.360,16.605,2.93,1.55,2.93,1.55,INF,-1,1,7,0
12520,1,1,30.101,18.096,2.81,1.69,2.81,1.69,INF,-1,1,7,0
12540,1,1,30.892,17.896,2.88,1.67,2.88,1.67,INF,-1,1,7,0
12560,1,1,30.777,16.562,2.87,1.55,2.87,1.55,INF,-1,1,7,0
12580,1,1,30.096,14.726,2.81,1.37,2.81,1.38,INF,-1,1,7,0
12600,1,1,29.295,17.221,2.74,1.61,2.74,1.61,INF,-1,1,7,0
12620,1,1,31.320,21.690,2.92,2.02,2.92,2.03,INF,-1,1,7,0
12640,1,1,29.768,21.335,2.78,1.99,2.78,1.99,INF,-1,0,7,0
12660,1,1,31.015,22.528,2.90,2.10,2.89,2.10,INF,-1,0,7,0
12680,1,1,29.916,21.885,2.79,2.04,2.79,2.04,INF,-1,0,7,0
12700,1,1,29.929,21.359,2.80,1.99,2.79,2.00,INF,-1,0,7,0
12720,1,1,29.832,20.627,2.79,1.92,2.78,1.93,INF,-1,0,7,0
12740,1,1,29.361,20.392,2.74,1.90,2.74,1.91,INF,-1,0,7,0
12760,1,1,30.528,21.635,2.85,2.02,2.85,2.02,INF,-1,0,7,0
12780,1,1,31.801,21.317,2.97,1.99,2.97,1.99,INF,-1,0,7,0
12800,1,1,30.573,21.501,2.86,2.01,2.85,2.01,INF,-1,0,7,0
12820,1,1,28.513,22.519,2.66,2.10,2.66,2.10,INF,-1,0,7,0
12840,1,1,30.875,21.526,2.88,2.01,2.88,2.01,INF,-1,0,7,0
12860,1,1,31.365,21.372,2.93,1.99,2.93,2.00,INF,-1,0,7,0
12880,1,1,29.526,19.588,2.76,1.83,2.76,1.83,INF,-1,1,7,0
12900,1,1,26.744,17.127,2.50,1.60,2.50,1.60,INF,-1,1,7,0
12920,0,1,0.000,0.000,0.00,0.00,0.00,0.00,0.00,-1,1,7,0
12940,0,1,0.000,0.000,0.00,0.00,0.00,0.00,0.00,-1,1,7,0
12960,0,1,0.000,0.000,0.00,0.00,0.00,0.00,0.00,-1,1,7,0
12980,0,1,0.000,0.000,0.00,0.00,0.00,0.00,0.00,-1,1,7,0
13000,0,1,0.000,0.000,0.00,0.00,0.00,0.00,INF,-1,0,7,0
13020,0,1,0.000,0.000,0.00,0.00,0.00,0.00,0.00,-1,0,7,0
13040,0,1,0.000,0.000,0.00,0.00,0.00,0.00,INF,-1,0,7,0
13060,0,1,0.000,0.000,0.00,0.00,0.00,0.00,0.00,-1,0,7,0
13080,0,1,0.000,0.000,0.00,0.00,0.00,0.00,0.00,-1,0,7,0
13100,0,1,0.000,0.000,0.00,0.00,0.00,0.00,0.00,-1,0,7,0
13120,0,1,0.000,0.000,0.00,0.00,0.00,0.00,0.00,-1,0,7,0
13140,0,1,0.000,0.000,0.00,0.00,0.00,0.00,0.00,-1,0,7,0
13160,0,1,0.000,0.000,0.00,0.00,0.00,0.00,0.00,-1,0,7,0
13180,0,1,0.000,0.000,0.00,0.00,0.00,0.00,0.00,-1,0,7,0
13200,0,1,0.000,0.000,0.00,0.00,0.00,0.00,0.00,-1,0,7,0
13220,0,1,0.000,0.000,0.00,0.00,0.00,0.00,INF,-1,0,7,0
13240,0,1,0.000,0.000,0.00,0.00,0.00,0.00,0.00,-1,0,7,0
13260,0,1,0.000,0.000,0.00,0.00,0.00,0.00,0.00,-1,0,7,0
13280,0,1,0.000,0.000,0.00,0.00,0.00,0.00,0.00,-1,0,7,0
13300,0,1,0.000,0.000,0.00,0.00,0.00,0.00,0.00,-1,0,7,0
13320,0,1,0.000,0.000,0.00,0.00,0.00,0.00,0.00,-1,0,7,0
13340,0,1,0.000,0.000,0.00,0.00,0.00,0.00,0.00,-1,0,7,0
13360,0,1,0.000,0.000,0.00,0.00,0.00,0.00,0.00,-1,0,7,0
13380,0,1,0.000,0.000,0.00,0.00,0.00,0.00,0.00,-1,0,7,0
13400,0,1,0.000,0.000,0.00,0.00,0.00,0.00,0.00,-1,0,7,0
13420,0,1,0.000,0.000,0.00,0.00,0.00,0.00,0.00,-1,0,7,0
13440,0,1,0.000,0.000,0.00,0.00,0.00,0.00,INF,-1,0,7,0
13460,0,1,0.000,0.000,0.00,0.00,0.00,0.00,0.00,-1,0,7,0
13480,0,1,0.000,0.000,0.00,0.00,0.00,0.00,0.00,-1,0,7,0
13500,0,1,0.000,0.000,0.00,0.00,0.00,0.00,0.00,-1,0,7,0
13520,0,1,0.000,0.000,0.00,0.00,0.00,0.00,0.00,-1,0,7,0
13540,0,1,0.000,0.000,0.00,0.00,0.00,0.00,0.00,-1,0,7,0
13560,0,1,0.000,0.000,0.00,0.00,0.00,0.00,0.00,-1,0,7,0
13580,0,1,0.000,0.000,0.00,0.00,0.00,0.00,0.00,-1,0,7,0
13600,0,1,0.000,0.000,0.00,0.00,0.00,0.00,0.00,-1,0,7,0
13620,0,1,0.000,0.000,0.00,0.00,0.00,0.00,0.00,-1,0,7,0
13640,0,1,0.000,0.000,0.00,0.00,0.00,0.00,0.00,-1,0,7,0
13660,0,1,0.000,0.000,0.00,0.00,0.00,0.00,0.00,-1,0,7,0
13680,0,1,0.000,0.000,0.00,0.00,0.00,0.00,INF,-1,0,7,0
13700,0,1,0.000,0.000,0.00,0.00,0.00,0.00,0.00,-1,0,7,0
13720,0,1,0.000,0.000,0.00,0.00,0.00,0.00,0.00,-1,0,7,0
13740,0,1,0.000,0.000,0.00,0.00,0.00,0.00,0.00,-1,0,7,0
13760,0,1,0.000,0.000,0.00,0.00,0.00,0.00,0.00,-1,0,7,0
13780,0,1,0.000,0.000,0.00,0.00,0.00,0.00,0.00,-1,0,7,0
13800,0,1,0.000,0.000,0.00,0.00,0.00,0.00,0.00,-1,0,7,0
13820,0,1,0.000,0.000,0.00,0.00,0.00,0.00,0.00,-1,0,7,0
13840,0,1,0.000,0.000,0.00,0.00,0.00,0.00,0.00,-1,0,7,0
13860,0,1,0.000,0.000,0.00,0.00,0.00,0.00,0.00,-1,0,7,0
13880,0,1,0.000,0.000,0.00,0.00,0.00,0.00,0.00,-1,0,7,0
13900,0,1,0.000,0.000,0.00,0.00,0.00,0.00,0.00,-1,0,7,0
13920,0,1,0.000,0.000,0.00,0.00,0.00,0.00,0.00,-1,0,7,0
13940,0,1,0.000,0.000,0.00,0.00,0.00,0.00,0.00,-1,0,7,0
13960,0,1,0.000,0.000,0.00,0.00,0.00,0.00,INF,-1,0,7,0
13980,0,1,0.000,0.000,0.00,0.00,0.00,0.00,INF,-1,0,7,0
14000,0,1,0.000,0.000,0.00,0.00,0.00,0.00,0.00,-1,0,7,0
14020,0,1,0.000,0.000,0.00,0.00,0.00,0.00,0.00,-1,0,7,0
14040,0,1,0.000,0.000,0.00,0.00,0.00,0.00,0.00,-1,0,7,0
14060,0,1,0.000,0.000,0.00,0.00,0.00,0.00,0.00,-1,0,7,0
14080,0,1,0.000,0.000,0.00,0.00,0.00,0.00,0.00,-1,0,7,0
14100,0,1,0.000,0.000,0.00,0.00,0.00,0.00,0.00,-1,0,7,0
14120,0,1,0.000,0.000,0.00,0.00,0.00,0.00,0.00,-1,0,7,0
14140,0,1,0.000,0.000,0.00,0.00,0.00,0.00,0.00,-1,0,7,0
14160,0,1,0.000,0.000,0.00,0.00,0.00,0.00,0.00,-1,0,7,0
14180,0,1,0.000,0.000,0.00,0.00,0.00,0.00,0.00,-1,0,7,0
14200,0,1,0.000,0.000,0.00,0.00,0.00,0.00,0.00,-1,0,7,0
14220,0,1,0.000,0.000,0.00,0.00,0.00,0.00,0.00,-1,0,7,0
14240,0,1,0.000,0.000,0.00,0.00,0.00,0.00,0.00,-1,0,7,0
14260,0,1,0.000,0.000,0.00,0.00,0.00,0.00,0.00,-1,0,7,0
14280,0,1,0.000,0.000,0.00,0.00,0.00,0.00,0.00,-1,0,7,0
14300,0,1,0.000,0.000,0.00,0.00,0.00,0.00,INF,-1,0,7,0
14320,0,1,0.000,0.000,0.00,0.00,0.00,0.00,0.00,-1,0,7,0
14340,1,1,-7.008,-6.577,-0.65,-0.61,-0.65,-0.61,INF,-1,0,7,0
14360,1,1,-8.041,-11.337,-0.75,-1.06,-0.75,-1.06,INF,-1,0,7,0
14380,1,1,-8.398,-10.271,-0.78,-0.96,-0.78,-0.96,INF,-1,0,7,0
14400,1,1,-8.501,-11.715,-0.79,-1.09,-0.79,-1.09,INF,-1,0,7,0
14420,1,1,-9.768,-11.814,-0.91,-1.10,-0.91,-1.10,INF,-1,0,7,0
14440,1,1,-9.885,-10.803,-0.92,-1.01,-0.92,-1.01,INF,-1,0,7,0
14460,1,1,-8.268,-10.487,-0.77,-0.98,-0.77,-0.98,INF,-1,0,7,0
14480,1,1,-10.011,-10.090,-0.94,-0.94,-0.94,-0.94,INF,-1,0,7,0
14500,1,1,-9.836,-9.481,-0.92,-0.89,-0.92,-0.89,INF,-1,0,7,0
14520,1,1,-3.707,-14.049,-0.35,-1.31,-0.35,-1.31,INF,-1,0,7,0
14540,1,1,34.331,-26.676,3.21,-2.49,3.20,-2.49,INF,-1,0,7,0
14560,1,1,34.267,-25.860,3.20,-2.41,3.20,-2.42,INF,-1,0,7,0
14580,1,1,34.946,-26.414,3.26,-2.46,3.26,-2.47,INF,-1,0,7,0
14600,1,1,33.577,-27.213,3.14,-2.54,3.13,-2.54,INF,-1,0,7,0
14620,1,1,33.877,-26.322,3.16,-2.45,3.16,-2.46,INF,-1,0,7,0
14640,1,1,33.344,-25.546,3.11,-2.38,3.11,-2.39,INF,-1,0,7,0
14660,1,1,34.080,-25.894,3.18,-2.42,3.18,-2.42,INF,-1,0,7,0
14680,1,1,33.688,-24.693,3.15,-2.30,3.14,-2.31,INF,-1,0,7,0
14700,1,1,33.985,-24.870,3.17,-2.32,3.17,-2.32,INF,-1,0,7,0
14720,1,1,34.178,-25.622,3.19,-2.39,3.19,-2.39,INF,-1,0,7,0
14740,1,1,34.225,-25.956,3.20,-2.42,3.19,-2.42,INF,-1,0,7,0
14760,1,1,34.601,-25.440,3.23,-2.37,3.23,-2.38,INF,-1,0,7,0
14780,1,1,34.224,-24.909,3.20,-2.32,3.19,-2.33,INF,-1,0,7,0
14800,1,1,32.754,-27.079,3.06,-2.53,3.06,-2.53,INF,-1,0,7,0
14820,1,1,33.572,-26.896,3.13,-2.51,3.13,-2.51,INF,-1,1,7,0
14840,1,1,33.514,-25.965,3.13,-2.42,3.13,-2.43,INF,-1,1,7,0
14860,1,1,33.663,-25.466,3.14,-2.38,3.14,-2.38,INF,-1,1,7,0
14880,1,1,34.108,-24.973,3.18,-2.33,3.18,-2.33,INF,-1,1,7,0
14900,1,1,33.161,-26.170,3.10,-2.44,3.09,-2.44,INF,-1,1,7,0
14920,1,1,35.064,-24.795,3.27,-2.31,3.27,-2.32,INF,-1,1,7,0
14940,1,1,39.809,-28.542,3.72,-2.66,3.71,-2.67,INF,-1,1,7,0
14960,1,1,39.608,-28.819,3.70,-2.69,3.69,-2.69,INF,-1,1,7,0
14980,1,1,40.106,-28.857,3.74,-2.69,3.74,-2.70,INF,-1,1,7,0
15000,1,1,39.531,-27.594,3.69,-2.57,3.69,-2.58,INF,-1,1,7,0
