"EyeTracker Toolbox version","3.250"
CalibrationParameters_A11,1.02033
CalibrationParameters_A12,0.04040
CalibrationParameters_A13,0.00143
CalibrationParameters_A21,0.05041
CalibrationParameters_A22,-1.06669
CalibrationParameters_A23,-0.00251
CalibrationParameters_A31,0.00003
CalibrationParameters_A32,0.00003
CalibrationParameters_E11,-0.18000
CalibrationParameters_E12,0.00002
CalibrationParameters_E21,0.00001
CalibrationParameters_E22,0.19998
CalibrationParameters_X,1.30307
CalibrationParameters_Y,-19.41593
CalibrationParameters_Rpc,72.50426
CalibrationParameters_MeanX,189.52035
CalibrationParameters_MeanY,130.93632
CalibrationParameters_ViewDist,613.00000
TimeStamp,Tracked,Calibrated,ScreenPositionXmm,ScreenPositionYmm,FicksLongitude,FicksLatitude,HelmholtzAzimuth,HelmholtzElevation,PupilDiameter,Region,Fixation,DigitalIO,Dropped
0,1,1,-9.942,-20.933,-0.93,-1.96,-0.93,-1.96,INF,-1,0,7,0
20,1,1,-9.588,-21.432,-0.90,-2.00,-0.90,-2.00,INF,-1,0,7,0
40,1,1,-9.632,-21.392,-0.90,-2.00,-0.90,-2.00,INF,-1,0,7,0
60,1,1,-9.034,-20.937,-0.84,-1.96,-0.84,-1.96,INF,-1,0,7,0
80,1,1,-8.524,-21.033,-0.80,-1.96,-0.80,-1.97,INF,-1,0,7,0
100,1,1,-9.552,-21.335,-0.89,-1.99,-0.89,-1.99,INF,-1,0,7,0
120,1,1,-9.136,-20.868,-0.85,-1.95,-0.85,-1.95,INF,-1,0,7,0
140,1,1,-9.203,-21.874,-0.86,-2.04,-0.86,-2.04,INF,-1,0,7,0
160,1,1,-9.601,-20.761,-0.90,-1.94,-0.90,-1.94,INF,-1,0,7,0
180,1,1,-9.504,-20.775,-0.89,-1.94,-0.89,-1.94,INF,-1,0,7,0
200,1,1,-9.455,-20.989,-0.88,-1.96,-0.88,-1.96,INF,-1,0,7,0
220,1,1,-9.938,-22.646,-0.93,-2.12,-0.93,-2.12,INF,-1,0,7,0
240,1,1,-5.008,-18.857,-0.47,-1.76,-0.47,-1.76,INF,-1,0,7,0
260,1,1,-6.552,-12.238,-0.61,-1.14,-0.61,-1.14,INF,-1,0,7,0
280,1,1,-5.914,-11.642,-0.55,-1.09,-0.55,-1.09,INF,-1,1,7,0
300,1,1,-4.647,-10.685,-0.43,-1.00,-0.43,-1.00,INF,-1,1,7,0
320,1,1,-7.588,-12.066,-0.71,-1.13,-0.71,-1.13,INF,-1,1,7,0
340,1,1,-6.594,-12.109,-0.62,-1.13,-0.62,-1.13,INF,-1,1,7,0
360,1,1,-6.092,-12.710,-0.57,-1.19,-0.57,-1.19,INF,-1,1,7,0
380,1,1,-6.949,-12.490,-0.65,-1.17,-0.65,-1.17,INF,-1,1,7,0
400,1,1,-6.365,-14.288,-0.59,-1.34,-0.59,-1.34,INF,-1,1,7,0
420,1,1,-6.344,-13.832,-0.59,-1.29,-0.59,-1.29,INF,-1,1,7,0
440,1,1,-6.251,-13.214,-0.58,-1.23,-0.58,-1.23,INF,-1,1,7,0
460,1,1,-6.036,-12.078,-0.56,-1.13,-0.56,-1.13,INF,-1,1,7,0
480,1,1,8.980,-14.962,0.84,-1.40,0.84,-1.40,INF,-1,1,7,0
500,1,1,7.758,-15.821,0.73,-1.48,0.72,-1.48,INF,-1,1,7,0
520,1,1,8.533,-15.916,0.80,-1.49,0.80,-1.49,INF,-1,0,7,0
540,1,1,7.688,-16.160,0.72,-1.51,0.72,-1.51,INF,-1,0,7,0
560,1,1,7.731,-15.380,0.72,-1.44,0.72,-1.44,INF,-1,0,7,0
580,1,1,7.588,-16.138,0.71,-1.51,0.71,-1.51,INF,-1,0,7,0
600,1,1,7.920,-15.929,0.74,-1.49,0.74,-1.49,INF,-1,0,7,0
620,1,1,7.920,-15.278,0.74,-1.43,0.74,-1.43,INF,-1,0,7,0
640,1,1,8.809,-15.922,0.82,-1.49,0.82,-1.49,INF,-1,0,7,0
660,1,1,7.480,-16.251,0.70,-1.52,0.70,-1.52,INF,-1,0,7,0
680,1,1,7.405,-17.074,0.69,-1.60,0.69,-1.60,INF,-1,0,7,0
700,1,1,6.612,-16.168,0.62,-1.51,0.62,-1.51,INF,-1,0,7,0
720,1,1,4.785,-14.515,0.45,-1.36,0.45,-1.36,INF,-1,0,7,0
740,1,1,-18.090,-6.992,-1.69,-0.65,-1.69,-0.65,INF,-1,0,7,0
760,1,1,-17.052,-6.441,-1.59,-0.60,-1.59,-0.60,INF,-1,1,7,0
780,1,1,-16.913,-6.526,-1.58,-0.61,-1.58,-0.61,INF,-1,0,7,0
800,1,1,-19.174,-5.878,-1.79,-0.55,-1.79,-0.55,INF,-1,0,7,0
820,1,1,-17.840,-5.823,-1.67,-0.54,-1.67,-0.54,INF,-1,0,7,0
840,1,1,-18.704,-4.616,-1.75,-0.43,-1.75,-0.43,INF,-1,0,7,0
860,1,1,-18.802,-5.542,-1.76,-0.52,-1.76,-0.52,INF,-1,0,7,0
880,1,1,-19.243,-5.127,-1.80,-0.48,-1.80,-0.48,INF,-1,0,7,0
900,1,1,-19.746,-4.949,-1.84,-0.46,-1.84,-0.46,INF,-1,0,7,0
920,1,1,-18.729,-5.834,-1.75,-0.55,-1.75,-0.55,INF,-1,0,7,0
940,1,1,-18.732,-4.478,-1.75,-0.42,-1.75,-0.42,INF,-1,0,7,0
960,1,1,-18.180,-3.708,-1.70,-0.35,-1.70,-0.35,INF,-1,0,7,0
980,1,1,-18.138,-5.463,-1.69,-0.51,-1.69,-0.51,INF,-1,0,7,0
1000,1,1,-18.312,-4.664,-1.71,-0.44,-1.71,-0.44,INF,-1,0,7,0
1020,1,1,-19.118,-4.234,-1.79,-0.40,-1.79,-0.40,INF,-1,1,7,0
1040,1,1,-17.925,-4.603,-1.67,-0.43,-1.67,-0.43,INF,-1,1,7,0
1060,1,1,-18.174,-5.240,-1.70,-0.49,-1.70,-0.49,INF,-1,1,7,0
1080,1,1,-17.109,-5.904,-1.60,-0.55,-1.60,-0.55,INF,-1,1,7,0
1100,1,1,-16.592,-6.575,-1.55,-0.61,-1.55,-0.61,INF,-1,1,7,0
1120,1,1,10.957,-15.233,1.02,-1.42,1.02,-1.42,INF,-1,1,7,0
1140,1,1,8.965,-18.483,0.84,-1.73,0.84,-1.73,INF,-1,1,7,0
1160,1,1,10.057,-17.876,0.94,-1.67,0.94,-1.67,INF,-1,0,7,0
1180,1,1,11.015,-17.370,1.03,-1.62,1.03,-1.62,INF,-1,0,7,0
1200,1,1,9.729,-17.386,0.91,-1.62,0.91,-1.62,INF,-1,0,7,0
1220,1,1,10.167,-18.369,0.95,-1.72,0.95,-1.72,INF,-1,0,7,0
1240,1,1,10.771,-17.395,1.01,-1.63,1.01,-1.63,INF,-1,0,7,0
1260,1,1,11.187,-16.869,1.05,-1.58,1.05,-1.58,INF,-1,0,7,0
1280,1,1,9.860,-16.530,0.92,-1.54,0.92,-1.54,INF,-1,0,7,0
1300,1,1,10.429,-17.881,0.97,-1.67,0.97,-1.67,INF,-1,0,7,0
1320,1,1,10.381,-18.088,0.97,-1.69,0.97,-1.69,INF,-1,0,7,0
1340,1,1,10.694,-16.768,1.00,-1.57,1.00,-1.57,INF,-1,0,7,0
1360,1,1,11.143,-18.416,1.04,-1.72,1.04,-1.72,INF,-1,0,7,0
1380,1,1,10.444,-17.545,0.98,-1.64,0.98,-1.64,INF,-1,0,7,0
1400,1,1,11.496,-15.824,1.07,-1.48,1.07,-1.48,INF,-1,1,7,0
1420,1,1,10.685,-17.126,1.00,-1.60,1.00,-1.60,INF,-1,1,7,0
1440,1,1,10.097,-16.903,0.94,-1.58,0.94,-1.58,INF,-1,1,7,0
1460,1,1,10.204,-17.960,0.95,-1.68,0.95,-1.68,INF,-1,1,7,0
1480,1,1,9.797,-17.990,0.92,-1.68,0.92,-1.68,INF,-1,1,7,0
1500,1,1,9.384,-16.664,0.88,-1.56,0.88,-1.56,INF,-1,1,7,0
1520,1,1,10.424,-16.061,0.97,-1.50,0.97,-1.50,INF,-1,1,7,0
1540,1,1,12.572,-16.162,1.17,-1.51,1.17,-1.51,INF,-1,1,7,0
1560,1,1,10.222,-15.559,0.96,-1.45,0.96,-1.45,INF,-1,1,7,0
1580,1,1,11.678,-14.928,1.09,-1.39,1.09,-1.39,INF,-1,1,7,0
1600,1,1,10.011,-16.250,0.94,-1.52,0.94,-1.52,INF,-1,1,7,0
1620,1,1,10.421,-16.564,0.97,-1.55,0.97,-1.55,INF,-1,1,7,0
1640,1,1,12.541,-14.112,1.17,-1.32,1.17,-1.32,INF,-1,1,7,0
1660,1,1,11.718,-15.335,1.10,-1.43,1.09,-1.43,INF,-1,1,7,0
1680,1,1,10.961,-16.052,1.02,-1.50,1.02,-1.50,INF,-1,1,7,0
1700,1,1,9.984,-16.591,0.93,-1.55,0.93,-1.55,INF,-1,1,7,0
1720,1,1,-11.902,-10.015,-1.11,-0.94,-1.11,-0.94,INF,-1,1,7,0
1740,1,1,-10.451,-9.017,-0.98,-0.84,-0.98,-0.84,INF,-1,1,7,0
1760,1,1,-10.507,-10.017,-0.98,-0.94,-0.98,-0.94,INF,-1,0,7,0
1780,1,1,-12.813,-10.471,-1.20,-0.98,-1.20,-0.98,INF,-1,0,7,0
1800,1,1,-11.234,-9.532,-1.05,-0.89,-1.05,-0.89,INF,-1,0,7,0
1820,1,1,-11.158,-9.015,-1.04,-0.84,-1.04,-0.84,INF,-1,0,7,0
1840,1,1,-11.320,-10.609,-1.06,-0.99,-1.06,-0.99,INF,-1,0,7,0
1860,1,1,-10.046,-9.640,-0.94,-0.90,-0.94,-0.90,INF,-1,0,7,0
1880,1,1,-11.151,-10.219,-1.04,-0.95,-1.04,-0.96,INF,-1,0,7,0
1900,1,1,-11.395,-10.544,-1.06,-0.99,-1.06,-0.99,INF,-1,0,7,0
1920,1,1,-10.553,-10.475,-0.99,-0.98,-0.99,-0.98,INF,-1,0,7,0
1940,1,1,-12.707,-9.832,-1.19,-0.92,-1.19,-0.92,INF,-1,0,7,0
1960,1,1,-11.324,-10.675,-1.06,-1.00,-1.06,-1.00,INF,-1,0,7,0
1980,1,1,-12.111,-10.359,-1.13,-0.97,-1.13,-0.97,INF,-1,0,7,0
2000,1,1,-11.317,-10.281,-1.06,-0.96,-1.06,-0.96,INF,-1,1,7,0
2020,1,1,-11.673,-10.506,-1.09,-0.98,-1.09,-0.98,INF,-1,1,7,0
2040,1,1,-12.125,-10.423,-1.13,-0.97,-1.13,-0.97,INF,-1,1,7,0
2060,1,1,-18.042,-6.201,-1.69,-0.58,-1.69,-0.58,INF,-1,1,7,0
2080,1,1,-20.681,-5.285,-1.93,-0.49,-1.93,-0.49,INF,-1,1,7,0
2100,1,1,-19.793,-5.812,-1.85,-0.54,-1.85,-0.54,INF,-1,1,7,0
2120,1,1,-20.770,-5.848,-1.94,-0.55,-1.94,-0.55,INF,-1,1,7,0
2140,1,1,-20.476,-5.337,-1.91,-0.50,-1.91,-0.50,INF,-1,1,7,0
2160,1,1,-22.774,-5.674,-2.13,-0.53,-2.13,-0.53,INF,-1,0,7,0
2180,1,1,-21.106,-5.078,-1.97,-0.47,-1.97,-0.47,INF,-1,0,7,0
2200,1,1,-20.958,-4.478,-1.96,-0.42,-1.96,-0.42,INF,-1,0,7,0
2220,1,1,-21.530,-4.938,-2.01,-0.46,-2.01,-0.46,INF,-1,0,7,0
2240,1,1,-21.253,-4.563,-1.99,-0.43,-1.99,-0.43,INF,-1,0,7,0
2260,1,1,-19.664,-3.905,-1.84,-0.36,-1.84,-0.36,INF,-1,0,7,0
2280,1,1,-21.036,-4.360,-1.97,-0.41,-1.97,-0.41,INF,-1,0,7,0
2300,1,1,-21.525,-6.229,-2.01,-0.58,-2.01,-0.58,INF,-1,0,7,0
2320,1,1,-19.829,-5.434,-1.85,-0.51,-1.85,-0.51,INF,-1,0,7,0
2340,1,1,-26.187,-0.663,-2.45,-0.06,-2.45,-0.06,INF,-1,0,7,0
2360,1,1,-25.603,1.658,-2.39,0.15,-2.39,0.15,INF,-1,0,7,0
2380,1,1,-26.125,1.698,-2.44,0.16,-2.44,0.16,INF,-1,0,7,0
2400,1,1,-25.849,1.909,-2.41,0.18,-2.41,0.18,INF,-1,1,7,0
2420,1,1,-24.263,1.076,-2.27,0.10,-2.27,0.10,INF,-1,1,7,0
2440,1,1,-27.029,2.647,-2.52,0.25,-2.52,0.25,INF,-1,1,7,0
2460,1,1,-25.846,1.756,-2.41,0.16,-2.41,0.16,INF,-1,1,7,0
2480,1,1,-24.479,1.309,-2.29,0.12,-2.29,0.12,INF,-1,1,7,0
2500,1,1,-25.562,1.589,-2.39,0.15,-2.39,0.15,INF,-1,1,7,0
2520,1,1,-24.107,1.760,-2.25,0.16,-2.25,0.16,INF,-1,1,7,0
2540,1,1,-25.968,1.725,-2.43,0.16,-2.43,0.16,INF,-1,1,7,0
2560,1,1,-25.616,2.652,-2.39,0.25,-2.39,0.25,INF,-1,1,7,0
2580,1,1,-24.710,3.048,-2.31,0.28,-2.31,0.28,INF,-1,1,7,0
2600,1,1,-24.573,2.283,-2.30,0.21,-2.30,0.21,INF,-1,1,7,0
2620,1,1,-24.911,2.576,-2.33,0.24,-2.33,0.24,INF,-1,1,7,0
2640,1,1,-12.820,-0.613,-1.20,-0.06,-1.20,-0.06,INF,-1,1,7,0
2660,1,1,-13.875,-1.904,-1.30,-0.18,-1.30,-0.18,INF,-1,1,7,0
2680,1,1,-12.349,-1.633,-1.15,-0.15,-1.15,-0.15,INF,-1,1,7,0
2700,1,1,-11.986,-2.138,-1.12,-0.20,-1.12,-0.20,INF,-1,1,7,0
2720,1,1,-11.246,-1.951,-1.05,-0.18,-1.05,-0.18,INF,-1,0,7,0
2740,1,1,-11.360,-1.611,-1.06,-0.15,-1.06,-0.15,INF,-1,0,7,0
2760,1,1,-8.531,-2.321,-0.80,-0.22,-0.80,-0.22,INF,-1,0,7,0
2780,1,1,-4.063,-5.179,-0.38,-0.48,-0.38,-0.48,INF,-1,0,7,0
2800,1,1,-6.038,-5.739,-0.56,-0.54,-0.56,-0.54,INF,-1,0,7,0
2820,1,1,-4.687,-3.691,-0.44,-0.34,-0.44,-0.34,INF,-1,0,7,0
2840,1,1,-3.983,-2.961,-0.37,-0.28,-0.37,-0.28,INF,-1,0,7,0
2860,1,1,-5.686,-4.910,-0.53,-0.46,-0.53,-0.46,INF,-1,0,7,0
2880,1,1,-4.838,-5.105,-0.45,-0.48,-0.45,-0.48,INF,-1,0,7,0
2900,1,1,-5.136,-4.415,-0.48,-0.41,-0.48,-0.41,INF,-1,0,7,0
2920,1,1,-4.058,-3.821,-0.38,-0.36,-0.38,-0.36,INF,-1,0,7,0
2940,1,1,-5.153,-4.255,-0.48,-0.40,-0.48,-0.40,INF,-1,0,7,0
2960,1,1,-4.935,-4.534,-0.46,-0.42,-0.46,-0.42,INF,-1,1,7,0
2980,1,1,-5.219,-4.694,-0.49,-0.44,-0.49,-0.44,INF,-1,1,7,0
3000,1,1,-3.559,-4.411,-0.33,-0.41,-0.33,-0.41,INF,-1,1,7,0
3020,1,1,-5.054,-4.366,-0.47,-0.41,-0.47,-0.41,INF,-1,1,7,0
3040,1,1,-3.963,-5.257,-0.37,-0.49,-0.37,-0.49,INF,-1,1,7,0
3060,1,1,-7.725,-6.414,-0.72,-0.60,-0.72,-0.60,INF,-1,1,7,0
3080,1,1,-5.889,-6.599,-0.55,-0.62,-0.55,-0.62,INF,-1,1,7,0
3100,1,1,-5.964,-5.228,-0.56,-0.49,-0.56,-0.49,INF,-1,1,7,0
3120,1,1,-6.749,-6.204,-0.63,-0.58,-0.63,-0.58,INF,-1,1,7,0
3140,1,1,-6.421,-5.546,-0.60,-0.52,-0.60,-0.52,INF,-1,1,7,0
3160,1,1,-5.921,-5.680,-0.55,-0.53,-0.55,-0.53,INF,-1,1,7,0
3180,1,1,-5.740,-6.548,-0.54,-0.61,-0.54,-0.61,INF,-1,1,7,0
3200,1,1,-6.018,-6.901,-0.56,-0.64,-0.56,-0.64,INF,-1,1,7,0
3220,1,1,-5.046,-6.534,-0.47,-0.61,-0.47,-0.61,INF,-1,1,7,0
3240,1,1,-5.555,-6.710,-0.52,-0.63,-0.52,-0.63,INF,-1,1,7,0
3260,1,1,-5.813,-6.343,-0.54,-0.59,-0.54,-0.59,INF,-1,1,7,0
3280,1,1,-6.336,-6.410,-0.59,-0.60,-0.59,-0.60,INF,-1,1,7,0
3300,1,1,-6.436,-6.930,-0.60,-0.65,-0.60,-0.65,INF,-1,1,7,0
3320,1,1,-5.740,-5.892,-0.54,-0.55,-0.54,-0.55,INF,-1,1,7,0
3340,1,1,-5.983,-6.562,-0.56,-0.61,-0.56,-0.61,INF,-1,1,7,0
3360,1,1,-4.450,-6.976,-0.42,-0.65,-0.42,-0.65,INF,-1,1,7,0
3380,0,1,0.000,0.000,0.00,0.00,0.00,0.00,0.00,-1,1,7,0
3400,0,1,0.000,0.000,0.00,0.00,0.00,0.00,0.00,-1,1,7,0
3420,0,1,0.000,0.000,0.00,0.00,0.00,0.00,0.00,-1,1,7,0
3440,0,1,0.000,0.000,0.00,0.00,0.00,0.00,0.00,-1,1,7,0
3460,0,1,0.000,0.000,0.00,0.00,0.00,0.00,0.00,-1,0,7,0
3480,0,1,0.000,0.000,0.00,0.00,0.00,0.00,0.00,-1,0,7,0
3500,0,1,0.000,0.000,0.00,0.00,0.00,0.00,0.00,-1,0,7,0
3520,0,1,0.000,0.000,0.00,0.00,0.00,0.00,0.00,-1,0,7,0
3540,0,1,0.000,0.000,0.00,0.00,0.00,0.00,INF,-1,0,7,0
3560,0,1,0.000,0.000,0.00,0.00,0.00,0.00,0.00,-1,0,7,0
3580,0,1,0.000,0.000,0.00,0.00,0.00,0.00,0.00,-1,0,7,0
3600,0,1,0.000,0.000,0.00,0.00,0.00,0.00,0.00,-1,0,7,0
3620,0,1,0.000,0.000,0.00,0.00,0.00,0.00,0.00,-1,0,7,0
3640,0,1,0.000,0.000,0.00,0.00,0.00,0.00,0.00,-1,0,7,0
3660,0,1,0.000,0.000,0.00,0.00,0.00,0.00,INF,-1,0,7,0
3680,0,1,0.000,0.000,0.00,0.00,0.00,0.00,0.00,-1,0,7,0
3700,0,1,0.000,0.000,0.00,0.00,0.00,0.00,INF,-1,0,7,0
3720,0,1,0.000,0.000,0.00,0.00,0.00,0.00,INF,-1,0,7,0
3740,0,1,0.000,0.000,0.00,0.00,0.00,0.00,INF,-1,0,7,0
3760,0,1,0.000,0.000,0.00,0.00,0.00,0.00,0.00,-1,0,7,0
3780,0,1,0.000,0.000,0.00,0.00,0.00,0.00,INF,-1,0,7,0
3800,0,1,0.000,0.000,0.00,0.00,0.00,0.00,0.00,-1,0,7,0
3820,0,1,0.000,0.000,0.00,0.00,0.00,0.00,INF,-1,0,7,0
3840,0,1,0.000,0.000,0.00,0.00,0.00,0.00,0.00,-1,0,7,0
3860,0,1,0.000,0.000,0.00,0.00,0.00,0.00,0.00,-1,0,7,0
3880,0,1,0.000,0.000,0.00,0.00,0.00,0.00,INF,-1,0,7,0
3900,0,1,0.000,0.000,0.00,0.00,0.00,0.00,0.00,-1,0,7,0
3920,0,1,0.000,0.000,0.00,0.00,0.00,0.00,0.00,-1,0,7,0
3940,0,1,0.000,0.000,0.00,0.00,0.00,0.00,0.00,-1,0,7,0
3960,0,1,0.000,0.000,0.00,0.00,0.00,0.00,0.00,-1,0,7,0
3980,0,1,0.000,0.000,0.00,0.00,0.00,0.00,0.00,-1,0,7,0
4000,0,1,0.000,0.000,0.00,0.00,0.00,0.00,0.00,-1,0,7,0
4020,0,1,0.000,0.000,0.00,0.00,0.00,0.00,0.00,-1,0,7,0
4040,0,1,0.000,0.000,0.00,0.00,0.00,0.00,0.00,-1,0,7,0
4060,0,1,0.000,0.000,0.00,0.00,0.00,0.00,0.00,-1,0,7,0
4080,0,1,0.000,0.000,0.00,0.00,0.00,0.00,0.00,-1,0,7,0
4100,0,1,0.000,0.000,0.00,0.00,0.00,0.00,0.00,-1,0,7,0
4120,0,1,0.000,0.000,0.00,0.00,0.00,0.00,0.00,-1,0,7,0
4140,0,1,0.000,0.000,0.00,0.00,0.00,0.00,0.00,-1,0,7,0
4160,0,1,0.000,0.000,0.00,0.00,0.00,0.00,0.00,-1,0,7,0
4180,0,1,0.000,0.000,0.00,0.00,0.00,0.00,0.00,-1,0,7,0
4200,0,1,0.000,0.000,0.00,0.00,0.00,0.00,0.00,-1,0,7,0
4220,0,1,0.000,0.000,0.00,0.00,0.00,0.00,INF,-1,0,7,0
4240,0,1,0.000,0.000,0.00,0.00,0.00,0.00,INF,-1,0,7,0
4260,0,1,0.000,0.000,0.00,0.00,0.00,0.00,0.00,-1,0,7,0
4280,0,1,0.000,0.000,0.00,0.00,0.00,0.00,0.00,-1,0,7,0
4300,0,1,0.000,0.000,0.00,0.00,0.00,0.00,0.00,-1,0,7,0
4320,0,1,0.000,0.000,0.00,0.00,0.00,0.00,0.00,-1,0,7,0
4340,0,1,0.000,0.000,0.00,0.00,0.00,0.00,0.00,-1,0,7,0
4360,0,1,0.000,0.000,0.00,0.00,0.00,0.00,0.00,-1,0,7,0
4380,0,1,0.000,0.000,0.00,0.00,0.00,0.00,0.00,-1,0,7,0
4400,0,1,0.000,0.000,0.00,0.00,0.00,0.00,0.00,-1,0,7,0
4420,0,1,0.000,0.000,0.00,0.00,0.00,0.00,0.00,-1,0,7,0
4440,0,1,0.000,0.000,0.00,0.00,0.00,0.00,0.00,-1,0,7,0
4460,0,1,0.000,0.000,0.00,0.00,0.00,0.00,0.00,-1,0,7,0
4480,0,1,0.000,0.000,0.00,0.00,0.00,0.00,0.00,-1,0,7,0
4500,0,1,0.000,0.000,0.00,0.00,0.00,0.00,0.00,-1,0,7,0
4520,0,1,0.000,0.000,0.00,0.00,0.00,0.00,0.00,-1,0,7,0
4540,0,1,0.000,0.000,0.00,0.00,0.00,0.00,0.00,-1,0,7,0
4560,0,1,0.000,0.000,0.00,0.00,0.00,0.00,0.00,-1,0,7,0
4580,0,1,0.000,0.000,0.00,0.00,0.00,0.00,0.00,-1,0,7,0
4600,0,1,0.000,0.000,0.00,0.00,0.00,0.00,0.00,-1,0,7,0
4620,0,1,0.000,0.000,0.00,0.00,0.00,0.00,0.00,-1,0,7,0
4640,0,1,0.000,0.000,0.00,0.00,0.00,0.00,INF,-1,0,7,0
4660,0,1,0.000,0.000,0.00,0.00,0.00,0.00,0.00,-1,0,7,0
4680,0,1,0.000,0.000,0.00,0.00,0.00,0.00,INF,-1,0,7,0
4700,0,1,0.000,0.000,0.00,0.00,0.00,0.00,0.00,-1,0,7,0
4720,0,1,0.000,0.000,0.00,0.00,0.00,0.00,0.00,-1,0,7,0
4740,0,1,0.000,0.000,0.00,0.00,0.00,0.00,0.00,-1,0,7,0
4760,0,1,0.000,0.000,0.00,0.00,0.00,0.00,0.00,-1,0,7,0
4780,0,1,0.000,0.000,0.00,0.00,0.00,0.00,0.00,-1,0,7,0
4800,0,1,0.000,0.000,0.00,0.00,0.00,0.00,INF,-1,0,7,0
4820,0,1,0.000,0.000,0.00,0.00,0.00,0.00,0.00,-1,0,7,0
4840,0,1,0.000,0.000,0.00,0.00,0.00,0.00,0.00,-1,0,7,0
4860,0,1,0.000,0.000,0.00,0.00,0.00,0.00,0.00,-1,0,7,0
4880,0,1,0.000,0.000,0.00,0.00,0.00,0.00,0.00,-1,0,7,0
4900,0,1,0.000,0.000,0.00,0.00,0.00,0.00,0.00,-1,0,7,0
4920,0,1,0.000,0.000,0.00,0.00,0.00,0.00,0.00,-1,0,7,0
4940,0,1,0.000,0.000,0.00,0.00,0.00,0.00,0.00,-1,0,7,0
4960,0,1,0.000,0.000,0.00,0.00,0.00,0.00,INF,-1,0,7,0
4980,0,1,0.000,0.000,0.00,0.00,0.00,0.00,0.00,-1,0,7,0
5000,0,1,0.000,0.000,0.00,0.00,0.00,0.00,0.00,-1,0,7,0
5020,0,1,0.000,0.000,0.00,0.00,0.00,0.00,0.00,-1,0,7,0
5040,0,1,0.000,0.000,0.00,0.00,0.00,0.00,INF,-1,0,7,0
5060,0,1,0.000,0.000,0.00,0.00,0.00,0.00,0.00,-1,0,7,0
5080,0,1,0.000,0.000,0.00,0.00,0.00,0.00,0.00,-1,0,7,0
5100,0,1,0.000,0.000,0.00,0.00,0.00,0.00,0.00,-1,0,7,0
5120,0,1,0.000,0.000,0.00,0.00,0.00,0.00,0.00,-1,0,7,0
5140,0,1,0.000,0.000,0.00,0.00,0.00,0.00,INF,-1,0,7,0
5160,0,1,0.000,0.000,0.00,0.00,0.00,0.00,0.00,-1,0,7,0
5180,0,1,0.000,0.000,0.00,0.00,0.00,0.00,0.00,-1,0,7,0
5200,0,1,0.000,0.000,0.00,0.00,0.00,0.00,0.00,-1,0,7,0
5220,0,1,0.000,0.000,0.00,0.00,0.00,0.00,0.00,-1,0,7,0
5240,0,1,0.000,0.000,0.00,0.00,0.00,0.00,0.00,-1,0,7,0
5260,0,1,0.000,0.000,0.00,0.00,0.00,0.00,0.00,-1,0,7,0
5280,0,1,0.000,0.000,0.00,0.00,0.00,0.00,0.00,-1,0,7,0
5300,0,1,0.000,0.000,0.00,0.00,0.00,0.00,0.00,-1,0,7,0
5320,0,1,0.000,0.000,0.00,0.00,0.00,0.00,0.00,-1,0,7,0
5340,0,1,0.000,0.000,0.00,0.00,0.00,0.00,0.00,-1,0,7,0
5360,0,1,0.000,0.000,0.00,0.00,0.00,0.00,0.00,-1,0,7,0
5380,0,1,0.000,0.000,0.00,0.00,0.00,0.00,0.00,-1,0,7,0
5400,0,1,0.000,0.000,0.00,0.00,0.00,0.00,0.00,-1,0,7,0
5420,0,1,0.000,0.000,0.00,0.00,0.00,0.00,0.00,-1,0,7,0
5440,0,1,0.000,0.000,0.00,0.00,0.00,0.00,0.00,-1,0,7,0
5460,0,1,0.000,0.000,0.00,0.00,0.00,0.00,INF,-1,0,7,0
5480,0,1,0.000,0.000,0.00,0.00,0.00,0.00,INF,-1,0,7,0
5500,0,1,0.000,0.000,0.00,0.00,0.00,0.00,0.00,-1,0,7,0
5520,1,1,24.855,-24.424,2.32,-2.28,2.32,-2.28,INF,-1,0,7,0
5540,1,1,25.396,-22.574,2.37,-2.11,2.37,-2.11,INF,-1,0,7,0
5560,1,1,24.761,-20.744,2.31,-1.94,2.31,-1.94,INF,-1,0,7,0
5580,1,1,25.570,-19.482,2.39,-1.82,2.39,-1.82,INF,-1,0,7,0
5600,1,1,27.143,-16.179,2.54,-1.51,2.53,-1.51,INF,-1,0,7,0
5620,1,1,27.113,-17.568,2.53,-1.64,2.53,-1.64,INF,-1,0,7,0
5640,1,1,26.737,-17.028,2.50,-1.59,2.50,-1.59,INF,-1,0,7,0
5660,1,1,26.406,-18.110,2.47,-1.69,2.47,-1.69,INF,-1,0,7,0
5680,1,1,30.754,-9.159,2.87,-0.85,2.87,-0.86,INF,-1,0,7,0
5700,1,1,28.743,23.702,2.68,2.21,2.68,2.21,INF,-1,0,7,0
5720,1,1,26.790,16.779,2.50,1.57,2.50,1.57,INF,-1,0,7,0
5740,1,1,26.585,18.905,2.48,1.76,2.48,1.77,INF,-1,0,7,0
5760,1,1,25.983,18.091,2.43,1.69,2.43,1.69,INF,-1,0,7,0
5780,1,1,26.183,19.398,2.45,1.81,2.44,1.81,INF,-1,0,7,0
5800,1,1,25.853,18.219,2.42,1.70,2.41,1.70,INF,-1,0,7,0
5820,1,1,26.589,18.641,2.48,1.74,2.48,1.74,INF,-1,0,7,0
5840,1,1,26.805,18.841,2.50,1.76,2.50,1.76,INF,-1,0,7,0
5860,1,1,25.933,19.782,2.42,1.85,2.42,1.85,INF,-1,0,7,0
5880,1,1,26.305,18.091,2.46,1.69,2.46,1.69,INF,-1,0,7,0
5900,1,1,26.285,18.723,2.46,1.75,2.45,1.75,INF,-1,0,7,0
5920,1,1,25.835,18.298,2.41,1.71,2.41,1.71,INF,-1,0,7,0
5940,1,1,24.856,17.786,2.32,1.66,2.32,1.66,INF,-1,0,7,0
5960,1,1,25.638,17.280,2.39,1.61,2.39,1.61,INF,-1,1,7,0
5980,1,1,25.846,17.769,2.41,1.66,2.41,1.66,INF,-1,1,7,0
6000,1,1,26.780,18.713,2.50,1.75,2.50,1.75,INF,-1,1,7,0
6020,1,1,27.194,18.387,2.54,1.72,2.54,1.72,INF,-1,1,7,0
6040,1,1,26.360,17.684,2.46,1.65,2.46,1.65,INF,-1,1,7,0
6060,1,1,26.311,18.515,2.46,1.73,2.46,1.73,INF,-1,1,7,0
6080,1,1,42.449,-28.926,3.96,-2.70,3.96,-2.70,INF,-1,1,7,0
6100,1,1,41.231,-21.877,3.85,-2.04,3.85,-2.04,INF,-1,1,7,0
6120,1,1,41.551,-24.738,3.88,-2.31,3.87,-2.31,INF,-1,0,7,0
6140,1,1,41.857,-25.242,3.91,-2.35,3.90,-2.36,INF,-1,0,7,0
6160,1,1,41.803,-24.287,3.90,-2.26,3.90,-2.27,INF,-1,0,7,0
6180,1,1,42.040,-25.006,3.92,-2.33,3.92,-2.34,INF,-1,0,7,0
6200,1,1,41.819,-25.150,3.90,-2.34,3.90,-2.35,INF,-1,0,7,0
6220,1,1,40.247,-21.784,3.76,-2.03,3.75,-2.04,INF,-1,0,7,0
6240,1,1,2.970,-13.849,0.28,-1.29,0.28,-1.29,INF,-1,0,7,0
6260,1,1,7.978,-15.118,0.75,-1.41,0.75,-1.41,INF,-1,0,7,0
6280,1,1,5.745,-14.508,0.54,-1.36,0.54,-1.36,INF,-1,0,7,0
6300,1,1,6.824,-12.541,0.64,-1.17,0.64,-1.17,INF,-1,0,7,0
6320,1,1,6.967,-14.249,0.65,-1.33,0.65,-1.33,INF,-1,0,7,0
6340,1,1,6.588,-14.284,0.62,-1.33,0.62,-1.33,INF,-1,0,7,0
6360,1,1,6.853,-14.385,0.64,-1.34,0.64,-1.34,INF,-1,0,7,0
6380,1,1,6.292,-15.467,0.59,-1.45,0.59,-1.45,INF,-1,0,7,0
6400,1,1,11.735,-17.913,1.10,-1.67,1.10,-1.67,INF,-1,0,7,0
6420,1,1,12.101,-19.514,1.13,-1.82,1.13,-1.82,INF,-1,0,7,0
6440,1,1,11.619,-18.821,1.09,-1.76,1.09,-1.76,INF,-1,0,7,0
6460,1,1,11.833,-19.306,1.11,-1.80,1.11,-1.80,INF,-1,0,7,0
6480,1,1,12.706,-18.852,1.19,-1.76,1.19,-1.76,INF,-1,0,7,0
6500,1,1,13.016,-18.134,1.22,-1.69,1.22,-1.69,INF,-1,0,7,0
6520,1,1,13.472,-18.852,1.26,-1.76,1.26,-1.76,INF,-1,1,7,0
6540,1,1,13.774,-18.789,1.29,-1.76,1.29,-1.76,INF,-1,1,7,0
6560,1,1,12.951,-19.465,1.21,-1.82,1.21,-1.82,INF,-1,1,7,0
6580,1,1,13.446,-19.220,1.26,-1.80,1.26,-1.80,INF,-1,1,7,0
6600,0,1,0.000,0.000,0.00,0.00,0.00,0.00,0.00,-1,1,7,0
6620,0,1,0.000,0.000,0.00,0.00,0.00,0.00,0.00,-1,1,7,0
6640,0,1,0.000,0.000,0.00,0.00,0.00,0.00,0.00,-1,1,7,0
6660,0,1,0.000,0.000,0.00,0.00,0.00,0.00,0.00,-1,1,7,0
6680,0,1,0.000,0.000,0.00,0.00,0.00,0.00,0.00,-1,0,7,0
6700,0,1,0.000,0.000,0.00,0.00,0.00,0.00,0.00,-1,0,7,0
6720,0,1,0.000,0.000,0.00,0.00,0.00,0.00,0.00,-1,0,7,0
6740,0,1,0.000,0.000,0.00,0.00,0.00,0.00,0.00,-1,0,7,0
6760,0,1,0.000,0.000,0.00,0.00,0.00,0.00,0.00,-1,0,7,0
6780,0,1,0.000,0.000,0.00,0.00,0.00,0.00,0.00,-1,0,7,0
6800,0,1,0.000,0.000,0.00,0.00,0.00,0.00,0.00,-1,0,7,0
6820,0,1,0.000,0.000,0.00,0.00,0.00,0.00,0.00,-1,0,7,0
6840,0,1,0.000,0.000,0.00,0.00,0.00,0.00,0.00,-1,0,7,0
6860,0,1,0.000,0.000,0.00,0.00,0.00,0.00,0.00,-1,0,7,0
6880,0,1,0.000,0.000,0.00,0.00,0.00,0.00,0.00,-1,0,7,0
6900,0,1,0.000,0.000,0.00,0.00,0.00,0.00,0.00,-1,0,7,0
6920,0,1,0.000,0.000,0.00,0.00,0.00,0.00,0.00,-1,0,7,0
6940,0,1,0.000,0.000,0.00,0.00,0.00,0.00,0.00,-1,0,7,0
6960,0,1,0.000,0.000,0.00,0.00,0.00,0.00,0.00,-1,0,7,0
6980,0,1,0.000,0.000,0.00,0.00,0.00,0.00,0.00,-1,0,7,0
7000,0,1,0.000,0.000,0.00,0.00,0.00,0.00,0.00,-1,0,7,0
7020,0,1,0.000,0.000,0.00,0.00,0.00,0.00,0.00,-1,0,7,0
7040,0,1,0.000,0.000,0.00,0.00,0.00,0.00,0.00,-1,0,7,0
7060,0,1,0.000,0.000,0.00,0.00,0.00,0.00,0.00,-1,0,7,0
7080,0,1,0.000,0.000,0.00,0.00,0.00,0.00,0.00,-1,0,7,0
7100,0,1,0.000,0.000,0.00,0.00,0.00,0.00,0.00,-1,0,7,0
7120,0,1,0.000,0.000,0.00,0.00,0.00,0.00,0.00,-1,0,7,0
7140,0,1,0.000,0.000,0.00,0.00,0.00,0.00,0.00,-1,0,7,0
7160,0,1,0.000,0.000,0.00,0.00,0.00,0.00,0.00,-1,0,7,0
7180,0,1,0.000,0.000,0.00,0.00,0.00,0.00,0.00,-1,0,7,0
7200,0,1,0.000,0.000,0.00,0.00,0.00,0.00,0.00,-1,0,7,0
7220,0,1,0.000,0.000,0.00,0.00,0.00,0.00,0.00,-1,0,7,0
7240,0,1,0.000,0.000,0.00,0.00,0.00,0.00,0.00,-1,0,7,0
7260,0,1,0.000,0.000,0.00,0.00,0.00,0.00,INF,-1,0,7,0
7280,0,1,0.000,0.000,0.00,0.00,0.00,0.00,0.00,-1,0,7,0
7300,0,1,0.000,0.000,0.00,0.00,0.00,0.00,0.00,-1,0,7,0
7320,0,1,0.000,0.000,0.00,0.00,0.00,0.00,0.00,-1,0,7,0
7340,0,1,0.000,0.000,0.00,0.00,0.00,0.00,0.00,-1,0,7,0
7360,0,1,0.000,0.000,0.00,0.00,0.00,0.00,0.00,-1,0,7,0
7380,0,1,0.000,0.000,0.00,0.00,0.00,0.00,0.00,-1,0,7,0
7400,0,1,0.000,0.000,0.00,0.00,0.00,0.00,0.00,-1,0,7,0
7420,1,1,109.740,-154.642,10.15,-13.95,9.85,-14.16,INF,-1,0,7,0
7440,0,1,0.000,0.000,0.00,0.00,0.00,0.00,0.00,-1,0,7,0
7460,0,1,0.000,0.000,0.00,0.00,0.00,0.00,0.00,-1,0,7,0
7480,0,1,0.000,0.000,0.00,0.00,0.00,0.00,0.00,-1,0,7,0
7500,0,1,0.000,0.000,0.00,0.00,0.00,0.00,0.00,-1,0,7,0
7520,0,1,0.000,0.000,0.00,0.00,0.00,0.00,0.00,-1,0,7,0
7540,0,1,0.000,0.000,0.00,0.00,0.00,0.00,0.00,-1,0,7,0
7560,0,1,0.000,0.000,0.00,0.00,0.00,0.00,0.00,-1,0,7,0
7580,0,1,0.000,0.000,0.00,0.00,0.00,0.00,0.00,-1,0,7,0
7600,0,1,0.000,0.000,0.00,0.00,0.00,0.00,0.00,-1,0,7,0
7620,0,1,0.000,0.000,0.00,0.00,0.00,0.00,0.00,-1,0,7,0
7640,0,1,0.000,0.000,0.00,0.00,0.00,0.00,0.00,-1,0,7,0
7660,0,1,0.000,0.000,0.00,0.00,0.00,0.00,0.00,-1,0,7,0
7680,0,1,0.000,0.000,0.00,0.00,0.00,0.00,INF,-1,0,7,0
7700,0,1,0.000,0.000,0.00,0.00,0.00,0.00,0.00,-1,0,7,0
7720,0,1,0.000,0.000,0.00,0.00,0.00,0.00,0.00,-1,0,7,0
7740,0,1,0.000,0.000,0.00,0.00,0.00,0.00,0.00,-1,0,7,0
7760,0,1,0.000,0.000,0.00,0.00,0.00,0.00,INF,-1,0,7,0
7780,0,1,0.000,0.000,0.00,0.00,0.00,0.00,INF,-1,0,7,0
7800,0,1,0.000,0.000,0.00,0.00,0.00,0.00,INF,-1,0,7,0
7820,0,1,0.000,0.000,0.00,0.00,0.00,0.00,0.00,-1,0,7,0
7840,0,1,0.000,0.000,0.00,0.00,0.00,0.00,INF,-1,0,7,0
7860,0,1,0.000,0.000,0.00,0.00,0.00,0.00,0.00,-1,0,7,0
7880,0,1,0.000,0.000,0.00,0.00,0.00,0.00,0.00,-1,0,7,0
7900,0,1,0.000,0.000,0.00,0.00,0.00,0.00,0.00,-1,0,7,0
7920,0,1,0.000,0.000,0.00,0.00,0.00,0.00,0.00,-1,0,7,0
7940,0,1,0.000,0.000,0.00,0.00,0.00,0.00,0.00,-1,0,7,0
7960,0,1,0.000,0.000,0.00,0.00,0.00,0.00,0.00,-1,0,7,0
7980,0,1,0.000,0.000,0.00,0.00,0.00,0.00,0.00,-1,0,7,0
8000,0,1,0.000,0.000,0.00,0.00,0.00,0.00,0.00,-1,0,7,0
8020,0,1,0.000,0.000,0.00,0.00,0.00,0.00,0.00,-1,0,7,0
8040,0,1,0.000,0.000,0.00,0.00,0.00,0.00,0.00,-1,0,7,0
8060,0,1,0.000,0.000,0.00,0.00,0.00,0.00,0.00,-1,0,7,0
8080,0,1,0.000,0.000,0.00,0.00,0.00,0.00,0.00,-1,0,7,0
8100,0,1,0.000,0.000,0.00,0.00,0.00,0.00,0.00,-1,0,7,0
8120,0,1,0.000,0.000,0.00,0.00,0.00,0.00,0.00,-1,0,7,0
8140,0,1,0.000,0.000,0.00,0.00,0.00,0.00,0.00,-1,0,7,0
8160,0,1,0.000,0.000,0.00,0.00,0.00,0.00,0.00,-1,0,7,0
8180,0,1,0.000,0.000,0.00,0.00,0.00,0.00,0.00,-1,0,7,0
8200,0,1,0.000,0.000,0.00,0.00,0.00,0.00,0.00,-1,0,7,0
8220,0,1,0.000,0.000,0.00,0.00,0.00,0.00,0.00,-1,0,7,0
8240,0,1,0.000,0.000,0.00,0.00,0.00,0.00,0.00,-1,0,7,0
8260,0,1,0.000,0.000,0.00,0.00,0.00,0.00,0.00,-1,0,7,0
8280,0,1,0.000,0.000,0.00,0.00,0.00,0.00,0.00,-1,0,7,0
8300,0,1,0.000,0.000,0.00,0.00,0.00,0.00,0.00,-1,0,7,0
8320,0,1,0.000,0.000,0.00,0.00,0.00,0.00,0.00,-1,0,7,0
8340,0,1,0.000,0.000,0.00,0.00,0.00,0.00,0.00,-1,0,7,0
8360,0,1,0.000,0.000,0.00,0.00,0.00,0.00,0.00,-1,0,7,0
8380,0,1,0.000,0.000,0.00,0.00,0.00,0.00,0.00,-1,0,7,0
8400,0,1,0.000,0.000,0.00,0.00,0.00,0.00,0.00,-1,0,7,0
8420,0,1,0.000,0.000,0.00,0.00,0.00,0.00,0.00,-1,0,7,0
8440,0,1,0.000,0.000,0.00,0.00,0.00,0.00,0.00,-1,0,7,0
8460,0,1,0.000,0.000,0.00,0.00,0.00,0.00,0.00,-1,0,7,0
8480,0,1,0.000,0.000,0.00,0.00,0.00,0.00,0.00,-1,0,7,0
8500,0,1,0.000,0.000,0.00,0.00,0.00,0.00,0.00,-1,0,7,0
8520,0,1,0.000,0.000,0.00,0.00,0.00,0.00,0.00,-1,0,7,0
8540,0,1,0.000,0.000,0.00,0.00,0.00,0.00,0.00,-1,0,7,0
8560,0,1,0.000,0.000,0.00,0.00,0.00,0.00,0.00,-1,0,7,0
8580,0,1,0.000,0.000,0.00,0.00,0.00,0.00,0.00,-1,0,7,0
8600,0,1,0.000,0.000,0.00,0.00,0.00,0.00,0.00,-1,0,7,0
8620,0,1,0.000,0.000,0.00,0.00,0.00,0.00,0.00,-1,0,7,0
8640,0,1,0.000,0.000,0.00,0.00,0.00,0.00,0.00,-1,0,7,0
8660,0,1,0.000,0.000,0.00,0.00,0.00,0.00,0.00,-1,0,7,0
8680,0,1,0.000,0.000,0.00,0.00,0.00,0.00,0.00,-1,0,7,0
8700,0,1,0.000,0.000,0.00,0.00,0.00,0.00,INF,-1,0,7,0
8720,0,1,0.000,0.000,0.00,0.00,0.00,0.00,0.00,-1,0,7,0
8740,0,1,0.000,0.000,0.00,0.00,0.00,0.00,0.00,-1,0,7,0
8760,0,1,0.000,0.000,0.00,0.00,0.00,0.00,INF,-1,0,7,0
8780,0,1,0.000,0.000,0.00,0.00,0.00,0.00,INF,-1,0,7,0
8800,0,1,0.000,0.000,0.00,0.00,0.00,0.00,0.00,-1,0,7,0
8820,0,1,0.000,0.000,0.00,0.00,0.00,0.00,0.00,-1,0,7,0
8840,0,1,0.000,0.000,0.00,0.00,0.00,0.00,0.00,-1,0,7,0
8860,0,1,0.000,0.000,0.00,0.00,0.00,0.00,0.00,-1,0,7,0
8880,0,1,0.000,0.000,0.00,0.00,0.00,0.00,0.00,-1,0,7,0
8900,0,1,0.000,0.000,0.00,0.00,0.00,0.00,0.00,-1,0,7,0
8920,0,1,0.000,0.000,0.00,0.00,0.00,0.00,0.00,-1,0,7,0
8940,0,1,0.000,0.000,0.00,0.00,0.00,0.00,0.00,-1,0,7,0
8960,0,1,0.000,0.000,0.00,0.00,0.00,0.00,0.00,-1,0,7,0
8980,0,1,0.000,0.000,0.00,0.00,0.00,0.00,0.00,-1,0,7,0
9000,0,1,0.000,0.000,0.00,0.00,0.00,0.00,0.00,-1,0,7,0
9020,0,1,0.000,0.000,0.00,0.00,0.00,0.00,0.00,-1,0,7,0
9040,0,1,0.000,0.000,0.00,0.00,0.00,0.00,0.00,-1,0,7,0
9060,0,1,0.000,0.000,0.00,0.00,0.00,0.00,0.00,-1,0,7,0
9080,0,1,0.000,0.000,0.00,0.00,0.00,0.00,0.00,-1,0,7,0
9100,0,1,0.000,0.000,0.00,0.00,0.00,0.00,INF,-1,0,7,0
9120,0,1,0.000,0.000,0.00,0.00,0.00,0.00,0.00,-1,0,7,0
9140,0,1,0.000,0.000,0.00,0.00,0.00,0.00,0.00,-1,0,7,0
9160,0,1,0.000,0.000,0.00,0.00,0.00,0.00,0.00,-1,0,7,0
9180,0,1,0.000,0.000,0.00,0.00,0.00,0.00,0.00,-1,0,7,0
9200,0,1,0.000,0.000,0.00,0.00,0.00,0.00,0.00,-1,0,7,0
9220,0,1,0.000,0.000,0.00,0.00,0.00,0.00,0.00,-1,0,7,0
9240,0,1,0.000,0.000,0.00,0.00,0.00,0.00,0.00,-1,0,7,0
9260,0,1,0.000,0.000,0.00,0.00,0.00,0.00,0.00,-1,0,7,0
9280,0,1,0.000,0.000,0.00,0.00,0.00,0.00,0.00,-1,0,7,0
9300,0,1,0.000,0.000,0.00,0.00,0.00,0.00,0.00,-1,0,7,0
9320,0,1,0.000,0.000,0.00,0.00,0.00,0.00,0.00,-1,0,7,0
9340,0,1,0.000,0.000,0.00,0.00,0.00,0.00,0.00,-1,0,7,0
9360,0,1,0.000,0.000,0.00,0.00,0.00,0.00,0.00,-1,0,7,0
9380,0,1,0.000,0.000,0.00,0.00,0.00,0.00,0.00,-1,0,7,0
9400,0,1,0.000,0.000,0.00,0.00,0.00,0.00,0.00,-1,0,7,0
9420,0,1,0.000,0.000,0.00,0.00,0.00,0.00,0.00,-1,0,7,0
9440,0,1,0.000,0.000,0.00,0.00,0.00,0.00,0.00,-1,0,7,0
9460,0,1,0.000,0.000,0.00,0.00,0.00,0.00,0.00,-1,0,7,0
9480,0,1,0.000,0.000,0.00,0.00,0.00,0.00,0.00,-1,0,7,0
9500,0,1,0.000,0.000,0.00,0.00,0.00,0.00,0.00,-1,0,7,0
9520,0,1,0.000,0.000,0.00,0.00,0.00,0.00,0.00,-1,0,7,0
9540,0,1,0.000,0.000,0.00,0.00,0.00,0.00,0.00,-1,0,7,0
9560,0,1,0.000,0.000,0.00,0.00,0.00,0.00,0.00,-1,0,7,0
9580,0,1,0.000,0.000,0.00,0.00,0.00,0.00,0.00,-1,0,7,0
9600,0,1,0.000,0.000,0.00,0.00,0.00,0.00,0.00,-1,0,7,0
9620,0,1,0.000,0.000,0.00,0.00,0.00,0.00,0.00,-1,0,7,0
9640,0,1,0.000,0.000,0.00,0.00,0.00,0.00,0.00,-1,0,7,0
9660,0,1,0.000,0.000,0.00,0.00,0.00,0.00,0.00,-1,0,7,0
9680,0,1,0.000,0.000,0.00,0.00,0.00,0.00,0.00,-1,0,7,0
9700,0,1,0.000,0.000,0.00,0.00,0.00,0.00,0.00,-1,0,7,0
9720,0,1,0.000,0.000,0.00,0.00,0.00,0.00,0.00,-1,0,7,0
9740,0,1,0.000,0.000,0.00,0.00,0.00,0.00,0.00,-1,0,7,0
9760,0,1,0.000,0.000,0.00,0.00,0.00,0.00,0.00,-1,0,7,0
9780,0,1,0.000,0.000,0.00,0.00,0.00,0.00,0.00,-1,0,7,0
9800,0,1,0.000,0.000,0.00,0.00,0.00,0.00,0.00,-1,0,7,0
9820,0,1,0.000,0.000,0.00,0.00,0.00,0.00,0.00,-1,0,7,0
9840,0,1,0.000,0.000,0.00,0.00,0.00,0.00,0.00,-1,0,7,0
9860,0,1,0.000,0.000,0.00,0.00,0.00,0.00,0.00,-1,0,7,0
9880,0,1,0.000,0.000,0.00,0.00,0.00,0.00,0.00,-1,0,7,0
9900,0,1,0.000,0.000,0.00,0.00,0.00,0.00,0.00,-1,0,7,0
9920,0,1,0.000,0.000,0.00,0.00,0.00,0.00,0.00,-1,0,7,0
9940,0,1,0.000,0.000,0.00,0.00,0.00,0.00,0.00,-1,0,7,0
9960,0,1,0.000,0.000,0.00,0.00,0.00,0.00,0.00,-1,0,7,0
9980,0,1,0.000,0.000,0.00,0.00,0.00,0.00,0.00,-1,0,7,0
10000,0,1,0.000,0.000,0.00,0.00,0.00,0.00,0.00,-1,0,7,0
10020,0,1,0.000,0.000,0.00,0.00,0.00,0.00,0.00,-1,0,7,0
10040,0,1,0.000,0.000,0.00,0.00,0.00,0.00,0.00,-1,0,7,0
10060,0,1,0.000,0.000,0.00,0.00,0.00,0.00,0.00,-1,0,7,0
10080,0,1,0.000,0.000,0.00,0.00,0.00,0.00,0.00,-1,0,7,0
10100,0,1,0.000,0.000,0.00,0.00,0.00,0.00,0.00,-1,0,7,0
10120,0,1,0.000,0.000,0.00,0.00,0.00,0.00,0.00,-1,0,7,0
10140,0,1,0.000,0.000,0.00,0.00,0.00,0.00,0.00,-1,0,7,0
10160,0,1,0.000,0.000,0.00,0.00,0.00,0.00,0.00,-1,0,7,0
10180,0,1,0.000,0.000,0.00,0.00,0.00,0.00,0.00,-1,0,7,0
10200,0,1,0.000,0.000,0.00,0.00,0.00,0.00,0.00,-1,0,7,0
10220,0,1,0.000,0.000,0.00,0.00,0.00,0.00,0.00,-1,0,7,0
10240,0,1,0.000,0.000,0.00,0.00,0.00,0.00,0.00,-1,0,7,0
10260,0,1,0.000,0.000,0.00,0.00,0.00,0.00,0.00,-1,0,7,0
10280,0,1,0.000,0.000,0.00,0.00,0.00,0.00,0.00,-1,0,7,0
10300,0,1,0.000,0.000,0.00,0.00,0.00,0.00,0.00,-1,0,7,0
10320,0,1,0.000,0.000,0.00,0.00,0.00,0.00,0.00,-1,0,7,0
10340,0,1,0.000,0.000,0.00,0.00,0.00,0.00,0.00,-1,0,7,0
10360,0,1,0.000,0.000,0.00,0.00,0.00,0.00,0.00,-1,0,7,0
10380,0,1,0.000,0.000,0.00,0.00,0.00,0.00,0.00,-1,0,7,0
10400,0,1,0.000,0.000,0.00,0.00,0.00,0.00,0.00,-1,0,7,0
10420,0,1,0.000,0.000,0.00,0.00,0.00,0.00,0.00,-1,0,7,0
10440,0,1,0.000,0.000,0.00,0.00,0.00,0.00,0.00,-1,0,7,0
10460,0,1,0.000,0.000,0.00,0.00,0.00,0.00,0.00,-1,0,7,0
10480,0,1,0.000,0.000,0.00,0.00,0.00,0.00,0.00,-1,0,7,0
10500,0,1,0.000,0.000,0.00,0.00,0.00,0.00,0.00,-1,0,7,0
10520,0,1,0.000,0.000,0.00,0.00,0.00,0.00,0.00,-1,0,7,0
10540,0,1,0.000,0.000,0.00,0.00,0.00,0.00,0.00,-1,0,7,0
10560,0,1,0.000,0.000,0.00,0.00,0.00,0.00,0.00,-1,0,7,0
10580,0,1,0.000,0.000,0.00,0.00,0.00,0.00,0.00,-1,0,7,0
10600,0,1,0.000,0.000,0.00,0.00,0.00,0.00,0.00,-1,0,7,0
10620,0,1,0.000,0.000,0.00,0.00,0.00,0.00,0.00,-1,0,7,0
10640,0,1,0.000,0.000,0.00,0.00,0.00,0.00,0.00,-1,0,7,0
10660,0,1,0.000,0.000,0.00,0.00,0.00,0.00,0.00,-1,0,7,0
10680,0,1,0.000,0.000,0.00,0.00,0.00,0.00,0.00,-1,0,7,0
10700,0,1,0.000,0.000,0.00,0.00,0.00,0.00,0.00,-1,0,7,0
10720,0,1,0.000,0.000,0.00,0.00,0.00,0.00,0.00,-1,0,7,0
10740,0,1,0.000,0.000,0.00,0.00,0.00,0.00,0.00,-1,0,7,0
10760,0,1,0.000,0.000,0.00,0.00,0.00,0.00,0.00,-1,0,7,0
10780,0,1,0.000,0.000,0.00,0.00,0.00,0.00,0.00,-1,0,7,0
10800,0,1,0.000,0.000,0.00,0.00,0.00,0.00,0.00,-1,0,7,0
10820,0,1,0.000,0.000,0.00,0.00,0.00,0.00,0.00,-1,0,7,0
10840,0,1,0.000,0.000,0.00,0.00,0.00,0.00,0.00,-1,0,7,0
10860,0,1,0.000,0.000,0.00,0.00,0.00,0.00,0.00,-1,0,7,0
10880,0,1,0.000,0.000,0.00,0.00,0.00,0.00,0.00,-1,0,7,0
10900,0,1,0.000,0.000,0.00,0.00,0.00,0.00,0.00,-1,0,7,0
10920,0,1,0.000,0.000,0.00,0.00,0.00,0.00,0.00,-1,0,7,0
10940,0,1,0.000,0.000,0.00,0.00,0.00,0.00,0.00,-1,0,7,0
10960,0,1,0.000,0.000,0.00,0.00,0.00,0.00,0.00,-1,0,7,0
10980,0,1,0.000,0.000,0.00,0.00,0.00,0.00,0.00,-1,0,7,0
11000,0,1,0.000,0.000,0.00,0.00,0.00,0.00,0.00,-1,0,7,0
11020,0,1,0.000,0.000,0.00,0.00,0.00,0.00,0.00,-1,0,7,0
11040,0,1,0.000,0.000,0.00,0.00,0.00,0.00,0.00,-1,0,7,0
11060,0,1,0.000,0.000,0.00,0.00,0.00,0.00,0.00,-1,0,7,0
11080,0,1,0.000,0.000,0.00,0.00,0.00,0.00,0.00,-1,0,7,0
11100,0,1,0.000,0.000,0.00,0.00,0.00,0.00,0.00,-1,0,7,0
11120,0,1,0.000,0.000,0.00,0.00,0.00,0.00,0.00,-1,0,7,0
11140,0,1,0.000,0.000,0.00,0.00,0.00,0.00,0.00,-1,0,7,0
11160,0,1,0.000,0.000,0.00,0.00,0.00,0.00,INF,-1,0,7,0
11180,0,1,0.000,0.000,0.00,0.00,0.00,0.00,0.00,-1,0,7,0
11200,0,1,0.000,0.000,0.00,0.00,0.00,0.00,0.00,-1,0,7,0
11220,0,1,0.000,0.000,0.00,0.00,0.00,0.00,0.00,-1,0,7,0
11240,0,1,0.000,0.000,0.00,0.00,0.00,0.00,0.00,-1,0,7,0
11260,0,1,0.000,0.000,0.00,0.00,0.00,0.00,0.00,-1,0,7,0
11280,0,1,0.000,0.000,0.00,0.00,0.00,0.00,0.00,-1,0,7,0
11300,0,1,0.000,0.000,0.00,0.00,0.00,0.00,0.00,-1,0,7,0
11320,0,1,0.000,0.000,0.00,0.00,0.00,0.00,0.00,-1,0,7,0
11340,0,1,0.000,0.000,0.00,0.00,0.00,0.00,0.00,-1,0,7,0
11360,0,1,0.000,0.000,0.00,0.00,0.00,0.00,0.00,-1,0,7,0
11380,0,1,0.000,0.000,0.00,0.00,0.00,0.00,0.00,-1,0,7,0
11400,0,1,0.000,0.000,0.00,0.00,0.00,0.00,0.00,-1,0,7,0
11420,0,1,0.000,0.000,0.00,0.00,0.00,0.00,0.00,-1,0,7,0
11440,0,1,0.000,0.000,0.00,0.00,0.00,0.00,0.00,-1,0,7,0
11460,0,1,0.000,0.000,0.00,0.00,0.00,0.00,0.00,-1,0,7,0
11480,0,1,0.000,0.000,0.00,0.00,0.00,0.00,0.00,-1,0,7,0
11500,0,1,0.000,0.000,0.00,0.00,0.00,0.00,0.00,-1,0,7,0
11520,0,1,0.000,0.000,0.00,0.00,0.00,0.00,0.00,-1,0,7,0
11540,0,1,0.000,0.000,0.00,0.00,0.00,0.00,0.00,-1,0,7,0
11560,0,1,0.000,0.000,0.00,0.00,0.00,0.00,0.00,-1,0,7,0
11580,0,1,0.000,0.000,0.00,0.00,0.00,0.00,0.00,-1,0,7,0
11600,0,1,0.000,0.000,0.00,0.00,0.00,0.00,0.00,-1,0,7,0
11620,0,1,0.000,0.000,0.00,0.00,0.00,0.00,0.00,-1,0,7,0
11640,0,1,0.000,0.000,0.00,0.00,0.00,0.00,0.00,-1,0,7,0
11660,0,1,0.000,0.000,0.00,0.00,0.00,0.00,0.00,-1,0,7,0
11680,0,1,0.000,0.000,0.00,0.00,0.00,0.00,0.00,-1,0,7,0
11700,0,1,0.000,0.000,0.00,0.00,0.00,0.00,0.00,-1,0,7,0
11720,0,1,0.000,0.000,0.00,0.00,0.00,0.00,0.00,-1,0,7,0
11740,0,1,0.000,0.000,0.00,0.00,0.00,0.00,0.00,-1,0,7,0
11760,0,1,0.000,0.000,0.00,0.00,0.00,0.00,0.00,-1,0,7,0
11780,1,1,6.174,-14.245,0.58,-1.33,0.58,-1.33,INF,-1,0,7,0
11800,1,1,8.069,-14.315,0.75,-1.34,0.75,-1.34,INF,-1,0,7,0
11820,1,1,6.793,-13.068,0.63,-1.22,0.63,-1.22,INF,-1,0,7,0
11840,1,1,7.150,-13.966,0.67,-1.31,0.67,-1.31,INF,-1,0,7,0
11860,1,1,6.957,-14.033,0.65,-1.31,0.65,-1.31,INF,-1,0,7,0
11880,1,1,6.844,-12.734,0.64,-1.19,0.64,-1.19,INF,-1,0,7,0
11900,1,1,7.046,-13.519,0.66,-1.26,0.66,-1.26,INF,-1,0,7,0
11920,1,1,7.453,-14.445,0.70,-1.35,0.70,-1.35,INF,-1,0,7,0
11940,1,1,7.814,-14.285,0.73,-1.33,0.73,-1.33,INF,-1,0,7,0
11960,1,1,13.264,-14.434,1.24,-1.35,1.24,-1.35,INF,-1,0,7,0
11980,1,1,11.914,-14.970,1.11,-1.40,1.11,-1.40,INF,-1,0,7,0
12000,1,1,12.455,-14.822,1.16,-1.38,1.16,-1.39,INF,-1,0,7,0
12020,1,1,11.431,-15.006,1.07,-1.40,1.07,-1.40,INF,-1,0,7,0
12040,1,1,12.801,-14.494,1.20,-1.35,1.20,-1.35,INF,-1,0,7,0
12060,1,1,12.765,-15.956,1.19,-1.49,1.19,-1.49,INF,-1,1,7,0
12080,1,1,12.810,-15.459,1.20,-1.44,1.20,-1.44,INF,-1,1,7,0
12100,1,1,11.017,-15.467,1.03,-1.45,1.03,-1.45,INF,-1,1,7,0
12120,0,1,0.000,0.000,0.00,0.00,0.00,0.00,0.00,-1,1,7,0
12140,0,1,0.000,0.000,0.00,0.00,0.00,0.00,0.00,-1,1,7,0
12160,0,1,0.000,0.000,0.00,0.00,0.00,0.00,INF,-1,1,7,0
12180,0,1,0.000,0.000,0.00,0.00,0.00,0.00,0.00,-1,1,7,0
12200,0,1,0.000,0.000,0.00,0.00,0.00,0.00,INF,-1,0,7,0
12220,0,1,0.000,0.000,0.00,0.00,0.00,0.00,INF,-1,0,7,0
12240,0,1,0.000,0.000,0.00,0.00,0.00,0.00,0.00,-1,0,7,0
12260,0,1,0.000,0.000,0.00,0.00,0.00,0.00,INF,-1,0,7,0
12280,0,1,0.000,0.000,0.00,0.00,0.00,0.00,INF,-1,0,7,0
12300,0,1,0.000,0.000,0.00,0.00,0.00,0.00,0.00,-1,0,7,0
12320,0,1,0.000,0.000,0.00,0.00,0.00,0.00,0.00,-1,0,7,0
12340,0,1,0.000,0.000,0.00,0.00,0.00,0.00,0.00,-1,0,7,0
12360,0,1,0.000,0.000,0.00,0.00,0.00,0.00,INF,-1,0,7,0
12380,0,1,0.000,0.000,0.00,0.00,0.00,0.00,0.00,-1,0,7,0
12400,0,1,0.000,0.000,0.00,0.00,0.00,0.00,0.00,-1,0,7,0
12420,0,1,0.000,0.000,0.00,0.00,0.00,0.00,INF,-1,0,7,0
12440,0,1,0.000,0.000,0.00,0.00,0.00,0.00,0.00,-1,0,7,0
12460,0,1,0.000,0.000,0.00,0.00,0.00,0.00,INF,-1,0,7,0
12480,0,1,0.000,0.000,0.00,0.00,0.00,0.00,INF,-1,0,7,0
12500,0,1,0.000,0.000,0.00,0.00,0.00,0.00,INF,-1,0,7,0
12520,0,1,0.000,0.000,0.00,0.00,0.00,0.00,0.00,-1,0,7,0
12540,0,1,0.000,0.000,0.00,0.00,0.00,0.00,0.00,-1,0,7,0
12560,0,1,0.000,0.000,0.00,0.00,0.00,0.00,0.00,-1,0,7,0
12580,0,1,0.000,0.000,0.00,0.00,0.00,0.00,0.00,-1,0,7,0
12600,0,1,0.000,0.000,0.00,0.00,0.00,0.00,INF,-1,0,7,0
12620,0,1,0.000,0.000,0.00,0.00,0.00,0.00,0.00,-1,0,7,0
12640,0,1,0.000,0.000,0.00,0.00,0.00,0.00,INF,-1,0,7,0
12660,0,1,0.000,0.000,0.00,0.00,0.00,0.00,0.00,-1,0,7,0
12680,0,1,0.000,0.000,0.00,0.00,0.00,0.00,INF,-1,0,7,0
12700,0,1,0.000,0.000,0.00,0.00,0.00,0.00,0.00,-1,0,7,0
12720,0,1,0.000,0.000,0.00,0.00,0.00,0.00,0.00,-1,0,7,0
12740,0,1,0.000,0.000,0.00,0.00,0.00,0.00,INF,-1,0,7,0
12760,0,1,0.000,0.000,0.00,0.00,0.00,0.00,0.00,-1,0,7,0
12780,0,1,0.000,0.000,0.00,0.00,0.00,0.00,0.00,-1,0,7,0
12800,0,1,0.000,0.000,0.00,0.00,0.00,0.00,0.00,-1,0,7,0
12820,0,1,0.000,0.000,0.00,0.00,0.00,0.00,0.00,-1,0,7,0
12840,0,1,0.000,0.000,0.00,0.00,0.00,0.00,0.00,-1,0,7,0
12860,0,1,0.000,0.000,0.00,0.00,0.00,0.00,0.00,-1,0,7,0
12880,0,1,0.000,0.000,0.00,0.00,0.00,0.00,INF,-1,0,7,0
12900,0,1,0.000,0.000,0.00,0.00,0.00,0.00,INF,-1,0,7,0
12920,0,1,0.000,0.000,0.00,0.00,0.00,0.00,0.00,-1,0,7,0
12940,0,1,0.000,0.000,0.00,0.00,0.00,0.00,0.00,-1,0,7,0
12960,0,1,0.000,0.000,0.00,0.00,0.00,0.00,0.00,-1,0,7,0
12980,0,1,0.000,0.000,0.00,0.00,0.00,0.00,INF,-1,0,7,0
13000,0,1,0.000,0.000,0.00,0.00,0.00,0.00,0.00,-1,0,7,0
13020,0,1,0.000,0.000,0.00,0.00,0.00,0.00,0.00,-1,0,7,0
13040,0,1,0.000,0.000,0.00,0.00,0.00,0.00,INF,-1,0,7,0
13060,0,1,0.000,0.000,0.00,0.00,0.00,0.00,0.00,-1,0,7,0
13080,0,1,0.000,0.000,0.00,0.00,0.00,0.00,0.00,-1,0,7,0
13100,0,1,0.000,0.000,0.00,0.00,0.00,0.00,0.00,-1,0,7,0
13120,0,1,0.000,0.000,0.00,0.00,0.00,0.00,0.00,-1,0,7,0
13140,0,1,0.000,0.000,0.00,0.00,0.00,0.00,INF,-1,0,7,0
13160,0,1,0.000,0.000,0.00,0.00,0.00,0.00,INF,-1,0,7,0
13180,0,1,0.000,0.000,0.00,0.00,0.00,0.00,0.00,-1,0,7,0
13200,0,1,0.000,0.000,0.00,0.00,0.00,0.00,0.00,-1,0,7,0
13220,0,1,0.000,0.000,0.00,0.00,0.00,0.00,0.00,-1,0,7,0
13240,0,1,0.000,0.000,0.00,0.00,0.00,0.00,0.00,-1,0,7,0
13260,0,1,0.000,0.000,0.00,0.00,0.00,0.00,INF,-1,0,7,0
13280,0,1,0.000,0.000,0.00,0.00,0.00,0.00,0.00,-1,0,7,0
13300,0,1,0.000,0.000,0.00,0.00,0.00,0.00,INF,-1,0,7,0
13320,0,1,0.000,0.000,0.00,0.00,0.00,0.00,0.00,-1,0,7,0
13340,0,1,0.000,0.000,0.00,0.00,0.00,0.00,0.00,-1,0,7,0
13360,0,1,0.000,0.000,0.00,0.00,0.00,0.00,0.00,-1,0,7,0
13380,0,1,0.000,0.000,0.00,0.00,0.00,0.00,0.00,-1,0,7,0
13400,0,1,0.000,0.000,0.00,0.00,0.00,0.00,0.00,-1,0,7,0
13420,1,1,-19.101,-16.598,-1.78,-1.55,-1.78,-1.55,INF,-1,0,7,0
13440,1,1,9.942,-15.374,0.93,-1.44,0.93,-1.44,INF,-1,0,7,0
13460,1,1,8.151,-15.036,0.76,-1.40,0.76,-1.41,INF,-1,0,7,0
13480,1,1,0.241,-12.139,0.02,-1.13,0.02,-1.13,INF,-1,0,7,0
13500,1,1,-1.042,-8.822,-0.10,-0.82,-0.10,-0.82,INF,-1,0,7,0
13520,1,1,-1.107,-9.770,-0.10,-0.91,-0.10,-0.91,INF,-1,0,7,0
13540,1,1,-0.669,-8.846,-0.06,-0.83,-0.06,-0.83,INF,-1,0,7,0
13560,1,1,-0.638,-8.718,-0.06,-0.81,-0.06,-0.81,INF,-1,0,7,0
13580,1,1,-1.266,-8.171,-0.12,-0.76,-0.12,-0.76,INF,-1,0,7,0
13600,1,1,0.838,-7.672,0.08,-0.72,0.08,-0.72,INF,-1,0,7,0
13620,1,1,0.136,-7.712,0.01,-0.72,0.01,-0.72,INF,-1,0,7,0
13640,1,1,-0.988,-9.005,-0.09,-0.84,-0.09,-0.84,INF,-1,0,7,0
13660,1,1,-1.332,-8.962,-0.12,-0.84,-0.12,-0.84,INF,-1,0,7,0
13680,1,1,-1.361,-8.993,-0.13,-0.84,-0.13,-0.84,INF,-1,0,7,0
13700,1,1,-1.105,-8.790,-0.10,-0.82,-0.10,-0.82,INF,-1,0,7,0
13720,1,1,-0.254,-8.884,-0.02,-0.83,-0.02,-0.83,INF,-1,0,7,0
13740,1,1,-2.164,-8.132,-0.20,-0.76,-0.20,-0.76,INF,-1,1,7,0
13760,1,1,-9.392,-7.529,-0.88,-0.70,-0.88,-0.70,INF,-1,1,7,0
13780,1,1,-9.015,-5.332,-0.84,-0.50,-0.84,-0.50,INF,-1,1,7,0
13800,1,1,-9.255,-7.062,-0.87,-0.66,-0.86,-0.66,INF,-1,1,7,0
13820,1,1,-8.463,-6.725,-0.79,-0.63,-0.79,-0.63,INF,-1,1,7,0
13840,1,1,-8.525,-6.005,-0.80,-0.56,-0.80,-0.56,INF,-1,1,7,0
13860,1,1,-7.503,-5.118,-0.70,-0.48,-0.70,-0.48,INF,-1,1,7,0
13880,1,1,-8.838,-5.757,-0.83,-0.54,-0.83,-0.54,INF,-1,1,7,0
13900,1,1,-9.425,-4.845,-0.88,-0.45,-0.88,-0.45,INF,-1,1,7,0
13920,1,1,-7.644,-5.899,-0.71,-0.55,-0.71,-0.55,INF,-1,1,7,0
13940,1,1,-9.375,-5.177,-0.88,-0.48,-0.88,-0.48,INF,-1,1,7,0
13960,1,1,-9.885,-4.976,-0.92,-0.46,-0.92,-0.47,INF,-1,1,7,0
13980,1,1,-10.271,-5.635,-0.96,-0.53,-0.96,-0.53,INF,-1,0,7,0
14000,1,1,-9.806,-6.443,-0.92,-0.60,-0.92,-0.60,INF,-1,0,7,0
14020,1,1,-9.982,-5.254,-0.93,-0.49,-0.93,-0.49,INF,-1,0,7,0
14040,1,1,-9.172,-5.552,-0.86,-0.52,-0.86,-0.52,INF,-1,0,7,0
14060,1,1,-9.973,-6.322,-0.93,-0.59,-0.93,-0.59,INF,-1,0,7,0
14080,1,1,-9.070,-4.912,-0.85,-0.46,-0.85,-0.46,INF,-1,0,7,0
14100,1,1,-12.964,-10.051,-1.21,-0.94,-1.21,-0.94,INF,-1,0,7,0
14120,0,1,0.000,0.000,0.00,0.00,0.00,0.00,0.00,-1,0,7,0
14140,0,1,0.000,0.000,0.00,0.00,0.00,0.00,0.00,-1,0,7,0
14160,0,1,0.000,0.000,0.00,0.00,0.00,0.00,0.00,-1,0,7,0
14180,0,1,0.000,0.000,0.00,0.00,0.00,0.00,0.00,-1,0,7,0
14200,0,1,0.000,0.000,0.00,0.00,0.00,0.00,0.00,-1,0,7,0
14220,0,1,0.000,0.000,0.00,0.00,0.00,0.00,0.00,-1,0,7,0
14240,0,1,0.000,0.000,0.00,0.00,0.00,0.00,0.00,-1,0,7,0
14260,0,1,0.000,0.000,0.00,0.00,0.00,0.00,0.00,-1,0,7,0
14280,0,1,0.000,0.000,0.00,0.00,0.00,0.00,0.00,-1,0,7,0
14300,0,1,0.000,0.000,0.00,0.00,0.00,0.00,0.00,-1,0,7,0
14320,0,1,0.000,0.000,0.00,0.00,0.00,0.00,0.00,-1,0,7,0
14340,0,1,0.000,0.000,0.00,0.00,0.00,0.00,0.00,-1,0,7,0
14360,0,1,0.000,0.000,0.00,0.00,0.00,0.00,0.00,-1,0,7,0
14380,0,1,0.000,0.000,0.00,0.00,0.00,0.00,0.00,-1,0,7,0
14400,1,1,-2.643,-23.481,-0.25,-2.19,-0.25,-2.19,INF,-1,0,7,0
14420,1,1,-1.798,-19.041,-0.17,-1.78,-0.17,-1.78,INF,-1,0,7,0
14440,1,1,5.804,-15.359,0.54,-1.44,0.54,-1.44,INF,-1,0,7,0
14460,1,1,7.182,-11.526,0.67,-1.08,0.67,-1.08,INF,-1,0,7,0
14480,1,1,5.973,-10.797,0.56,-1.01,0.56,-1.01,INF,-1,0,7,0
14500,1,1,7.095,-8.728,0.66,-0.82,0.66,-0.82,INF,-1,0,7,0
14520,1,1,6.389,-10.792,0.60,-1.01,0.60,-1.01,INF,-1,0,7,0
14540,1,1,6.460,-10.532,0.60,-0.98,0.60,-0.98,INF,-1,0,7,0
14560,1,1,7.289,-9.186,0.68,-0.86,0.68,-0.86,INF,-1,0,7,0
14580,1,1,7.422,-10.472,0.69,-0.98,0.69,-0.98,INF,-1,0,7,0
14600,1,1,8.149,-8.559,0.76,-0.80,0.76,-0.80,INF,-1,0,7,0
14620,1,1,8.132,-9.252,0.76,-0.86,0.76,-0.86,INF,-1,0,7,0
14640,1,1,7.936,-7.765,0.74,-0.73,0.74,-0.73,INF,-1,0,7,0
14660,1,1,7.355,-10.697,0.69,-1.00,0.69,-1.00,INF,-1,0,7,0
14680,1,1,9.382,-9.893,0.88,-0.92,0.88,-0.92,INF,-1,0,7,0
14700,1,1,8.790,-9.058,0.82,-0.85,0.82,-0.85,INF,-1,0,7,0
14720,1,1,9.333,-9.473,0.87,-0.89,0.87,-0.89,INF,-1,1,7,0
14740,1,1,5.630,-10.063,0.53,-0.94,0.53,-0.94,INF,-1,1,7,0
14760,1,1,-7.990,-8.090,-0.75,-0.76,-0.75,-0.76,INF,-1,1,7,0
14780,1,1,-8.036,-8.636,-0.75,-0.81,-0.75,-0.81,INF,-1,1,7,0
14800,1,1,-7.462,-9.311,-0.70,-0.87,-0.70,-0.87,INF,-1,0,7,0
14820,1,1,-8.125,-7.337,-0.76,-0.69,-0.76,-0.69,INF,-1,0,7,0
14840,1,1,-7.499,-8.272,-0.70,-0.77,-0.70,-0.77,INF,-1,0,7,0
14860,1,1,-8.000,-7.422,-0.75,-0.69,-0.75,-0.69,INF,-1,0,7,0
14880,1,1,-8.221,-7.870,-0.77,-0.74,-0.77,-0.74,INF,-1,0,7,0
14900,1,1,-6.973,-10.263,-0.65,-0.96,-0.65,-0.96,INF,-1,0,7,0
14920,1,1,-6.676,-9.823,-0.62,-0.92,-0.62,-0.92,INF,-1,0,7,0
14940,1,1,-7.769,-9.589,-0.73,-0.90,-0.73,-0.90,INF,-1,0,7,0
14960,1,1,-6.600,-9.466,-0.62,-0.88,-0.62,-0.88,INF,-1,0,7,0
14980,1,1,-7.428,-8.340,-0.69,-0.78,-0.69,-0.78,INF,-1,0,7,0
15000,1,1,-3.007,-5.762,-0.28,-0.54,-0.28,-0.54,INF,-1,0,7,0
