"EyeTracker Toolbox version","3.250"
CalibrationParameters_A11,1.20716
CalibrationParameters_A12,0.08092
CalibrationParameters_A13,0.08825
CalibrationParameters_A21,0.06937
CalibrationParameters_A22,-1.23286
CalibrationParameters_A23,-0.00451
CalibrationParameters_A31,0.00086
CalibrationParameters_A32,0.00313
CalibrationParameters_E11,-0.17958
CalibrationParameters_E12,0.00007
CalibrationParameters_E21,-0.00004
CalibrationParameters_E22,0.20002
CalibrationParameters_X,-19.55258
CalibrationParameters_Y,46.66756
CalibrationParameters_Rpc,81.91173
CalibrationParameters_MeanX,131.23702
CalibrationParameters_MeanY,105.84931
CalibrationParameters_ViewDist,613.00000
TimeStamp,Tracked,Calibrated,ScreenPositionXmm,ScreenPositionYmm,FicksLongitude,FicksLatitude,HelmholtzAzimuth,HelmholtzElevation,PupilDiameter,Region,Fixation,DigitalIO,Dropped
0,0,1,0.000,0.000,0.00,0.00,0.00,0.00,0.00,-1,0,7,0
20,0,1,0.000,0.000,0.00,0.00,0.00,0.00,0.00,-1,0,7,0
40,0,1,0.000,0.000,0.00,0.00,0.00,0.00,0.00,-1,0,7,0
60,0,1,0.000,0.000,0.00,0.00,0.00,0.00,0.00,-1,0,7,0
80,0,1,0.000,0.000,0.00,0.00,0.00,0.00,0.00,-1,0,7,0
100,0,1,0.000,0.000,0.00,0.00,0.00,0.00,0.00,-1,0,7,0
120,0,1,0.000,0.000,0.00,0.00,0.00,0.00,0.00,-1,0,7,0
140,0,1,0.000,0.000,0.00,0.00,0.00,0.00,0.00,-1,0,7,0
160,0,1,0.000,0.000,0.00,0.00,0.00,0.00,0.00,-1,0,7,0
180,0,1,0.000,0.000,0.00,0.00,0.00,0.00,0.00,-1,0,7,0
200,0,1,0.000,0.000,0.00,0.00,0.00,0.00,0.00,-1,0,7,0
220,0,1,0.000,0.000,0.00,0.00,0.00,0.00,0.00,-1,0,7,0
240,0,1,0.000,0.000,0.00,0.00,0.00,0.00,0.00,-1,0,7,0
260,0,1,0.000,0.000,0.00,0.00,0.00,0.00,0.00,-1,0,7,0
280,0,1,0.000,0.000,0.00,0.00,0.00,0.00,0.00,-1,0,7,0
300,0,1,0.000,0.000,0.00,0.00,0.00,0.00,0.00,-1,0,7,0
320,0,1,0.000,0.000,0.00,0.00,0.00,0.00,0.00,-1,0,7,0
340,0,1,0.000,0.000,0.00,0.00,0.00,0.00,0.00,-1,0,7,0
360,1,1,0.645,-10.615,0.06,-0.99,0.06,-0.99,INF,-1,0,7,0
380,1,1,0.133,-10.338,0.01,-0.97,0.01,-0.97,INF,-1,0,7,0
400,1,1,0.248,-8.834,0.02,-0.83,0.02,-0.83,INF,-1,0,7,0
420,1,1,0.581,0.087,0.05,0.01,0.05,0.01,INF,-1,0,7,0
440,1,1,-0.899,12.469,-0.08,1.17,-0.08,1.17,INF,-1,0,7,0
460,1,1,-0.567,10.957,-0.05,1.02,-0.05,1.02,INF,-1,0,7,0
480,1,1,-0.841,12.327,-0.08,1.15,-0.08,1.15,INF,-1,0,7,0
500,1,1,-2.511,11.727,-0.23,1.10,-0.23,1.10,INF,-1,0,7,0
520,1,1,-2.414,10.517,-0.23,0.98,-0.23,0.98,INF,-1,0,7,0
540,1,1,-1.184,12.969,-0.11,1.21,-0.11,1.21,INF,-1,0,7,0
560,1,1,-1.913,13.807,-0.18,1.29,-0.18,1.29,INF,-1,0,7,0
580,1,1,-2.782,10.951,-0.26,1.02,-0.26,1.02,INF,-1,0,7,0
600,1,1,-2.129,11.767,-0.20,1.10,-0.20,1.10,INF,-1,0,7,0
620,1,1,-2.319,12.946,-0.22,1.21,-0.22,1.21,INF,-1,0,7,0
640,1,1,-3.862,11.289,-0.36,1.06,-0.36,1.06,INF,-1,0,7,0
660,1,1,-2.513,11.936,-0.23,1.12,-0.23,1.12,INF,-1,0,7,0
680,1,1,-3.244,12.502,-0.30,1.17,-0.30,1.17,INF,-1,0,7,0
700,1,1,-3.021,10.441,-0.28,0.98,-0.28,0.98,INF,-1,1,7,0
720,1,1,-3.104,12.143,-0.29,1.13,-0.29,1.13,INF,-1,1,7,0
740,1,1,-3.528,10.602,-0.33,0.99,-0.33,0.99,INF,-1,1,7,0
760,1,1,-3.418,10.132,-0.32,0.95,-0.32,0.95,INF,-1,1,7,0
780,1,1,-4.394,11.064,-0.41,1.03,-0.41,1.03,INF,-1,1,7,0
800,1,1,-3.746,10.252,-0.35,0.96,-0.35,0.96,INF,-1,1,7,0
820,1,1,-4.360,10.687,-0.41,1.00,-0.41,1.00,INF,-1,1,7,0
840,1,1,-3.562,11.344,-0.33,1.06,-0.33,1.06,INF,-1,1,7,0
860,1,1,-3.992,11.535,-0.37,1.08,-0.37,1.08,INF,-1,1,7,0
880,0,1,0.000,0.000,0.00,0.00,0.00,0.00,0.00,-1,1,7,0
900,1,1,-30.566,-39.906,-2.85,-3.72,-2.85,-3.72,INF,-1,1,7,0
920,1,1,-30.876,-39.275,-2.88,-3.66,-2.88,-3.67,INF,-1,1,7,0
940,1,1,-29.970,-40.174,-2.80,-3.75,-2.79,-3.75,INF,-1,1,7,0
960,1,1,-31.371,-40.594,-2.93,-3.78,-2.92,-3.79,INF,-1,0,7,0
980,1,1,-31.078,-40.234,-2.90,-3.75,-2.90,-3.76,INF,-1,0,7,0
1000,1,1,-30.503,-40.035,-2.85,-3.73,-2.84,-3.74,INF,-1,0,7,0
1020,1,1,-30.962,-39.671,-2.89,-3.70,-2.89,-3.70,INF,-1,0,7,0
1040,1,1,-30.937,-38.902,-2.89,-3.63,-2.88,-3.63,INF,-1,0,7,0
1060,1,1,-30.855,-39.957,-2.88,-3.72,-2.88,-3.73,INF,-1,0,7,0
1080,1,1,-30.884,-40.893,-2.88,-3.81,-2.88,-3.82,INF,-1,0,7,0
1100,1,1,-30.722,-39.612,-2.87,-3.69,-2.86,-3.70,INF,-1,0,7,0
1120,1,1,-30.833,-40.736,-2.88,-3.80,-2.87,-3.80,INF,-1,0,7,0
1140,1,1,-31.512,-41.320,-2.94,-3.85,-2.94,-3.86,INF,-1,0,7,0
1160,1,1,-14.430,-19.059,-1.35,-1.78,-1.35,-1.78,INF,-1,0,7,0
1180,1,1,-1.689,4.219,-0.16,0.39,-0.16,0.39,INF,-1,1,7,0
1200,1,1,-1.392,4.178,-0.13,0.39,-0.13,0.39,INF,-1,0,7,0
1220,1,1,-1.820,3.018,-0.17,0.28,-0.17,0.28,INF,-1,0,7,0
1240,1,1,-1.400,4.315,-0.13,0.40,-0.13,0.40,INF,-1,0,7,0
1260,1,1,-2.167,4.492,-0.20,0.42,-0.20,0.42,INF,-1,0,7,0
1280,1,1,-2.046,4.225,-0.19,0.39,-0.19,0.39,INF,-1,0,7,0
1300,1,1,-2.805,2.424,-0.26,0.23,-0.26,0.23,INF,-1,0,7,0
1320,1,1,-1.876,3.398,-0.18,0.32,-0.18,0.32,INF,-1,0,7,0
1340,1,1,-1.854,3.875,-0.17,0.36,-0.17,0.36,INF,-1,0,7,0
1360,1,1,-1.395,5.828,-0.13,0.54,-0.13,0.54,INF,-1,0,7,0
1380,1,1,-1.262,3.516,-0.12,0.33,-0.12,0.33,INF,-1,0,7,0
1400,1,1,-1.095,6.185,-0.10,0.58,-0.10,0.58,INF,-1,0,7,0
1420,1,1,-1.864,4.115,-0.17,0.38,-0.17,0.38,INF,-1,0,7,0
1440,1,1,-2.419,4.025,-0.23,0.38,-0.23,0.38,INF,-1,0,7,0
1460,1,1,-2.362,3.127,-0.22,0.29,-0.22,0.29,INF,-1,1,7,0
1480,1,1,-0.545,3.292,-0.05,0.31,-0.05,0.31,INF,-1,1,7,0
1500,1,1,-1.591,3.309,-0.15,0.31,-0.15,0.31,INF,-1,1,7,0
1520,1,1,-1.543,2.689,-0.14,0.25,-0.14,0.25,INF,-1,1,7,0
1540,0,1,0.000,0.000,0.00,0.00,0.00,0.00,0.00,-1,1,7,0
1560,0,1,0.000,0.000,0.00,0.00,0.00,0.00,0.00,-1,1,7,0
1580,0,1,0.000,0.000,0.00,0.00,0.00,0.00,0.00,-1,1,7,0
1600,0,1,0.000,0.000,0.00,0.00,0.00,0.00,0.00,-1,1,7,0
1620,0,1,0.000,0.000,0.00,0.00,0.00,0.00,0.00,-1,0,7,0
1640,0,1,0.000,0.000,0.00,0.00,0.00,0.00,0.00,-1,0,7,0
1660,0,1,0.000,0.000,0.00,0.00,0.00,0.00,0.00,-1,0,7,0
1680,0,1,0.000,0.000,0.00,0.00,0.00,0.00,0.00,-1,0,7,0
1700,0,1,0.000,0.000,0.00,0.00,0.00,0.00,0.00,-1,0,7,0
1720,0,1,0.000,0.000,0.00,0.00,0.00,0.00,0.00,-1,0,7,0
1740,0,1,0.000,0.000,0.00,0.00,0.00,0.00,0.00,-1,0,7,0
1760,0,1,0.000,0.000,0.00,0.00,0.00,0.00,0.00,-1,0,7,0
1780,0,1,0.000,0.000,0.00,0.00,0.00,0.00,0.00,-1,0,7,0
1800,0,1,0.000,0.000,0.00,0.00,0.00,0.00,0.00,-1,0,7,0
1820,1,1,-8.460,18.933,-0.79,1.77,-0.79,1.77,INF,-1,0,7,0
1840,1,1,-7.787,19.663,-0.73,1.84,-0.73,1.84,INF,-1,0,7,0
1860,1,1,-9.731,18.835,-0.91,1.76,-0.91,1.76,INF,-1,0,7,0
1880,1,1,-9.087,15.563,-0.85,1.45,-0.85,1.45,INF,-1,0,7,0
1900,1,1,-7.718,12.135,-0.72,1.13,-0.72,1.13,INF,-1,0,7,0
1920,1,1,-8.220,12.341,-0.77,1.15,-0.77,1.15,INF,-1,0,7,0
1940,1,1,-8.499,12.864,-0.79,1.20,-0.79,1.20,INF,-1,0,7,0
1960,1,1,-8.798,13.178,-0.82,1.23,-0.82,1.23,INF,-1,0,7,0
1980,1,1,-9.352,12.785,-0.87,1.19,-0.87,1.19,INF,-1,0,7,0
2000,1,1,-9.749,11.739,-0.91,1.10,-0.91,1.10,INF,-1,0,7,0
2020,1,1,-8.534,14.082,-0.80,1.32,-0.80,1.32,INF,-1,0,7,0
2040,1,1,-8.528,12.214,-0.80,1.14,-0.80,1.14,INF,-1,0,7,0
2060,1,1,-8.947,13.105,-0.84,1.22,-0.84,1.22,INF,-1,0,7,0
2080,1,1,-8.944,10.773,-0.84,1.01,-0.84,1.01,INF,-1,0,7,0
2100,1,1,-10.280,12.240,-0.96,1.14,-0.96,1.14,INF,-1,1,7,0
2120,1,1,-8.972,13.542,-0.84,1.27,-0.84,1.27,INF,-1,1,7,0
2140,1,1,-8.683,12.023,-0.81,1.12,-0.81,1.12,INF,-1,1,7,0
2160,1,1,-8.677,11.695,-0.81,1.09,-0.81,1.09,INF,-1,1,7,0
2180,1,1,-8.311,12.290,-0.78,1.15,-0.78,1.15,INF,-1,1,7,0
2200,1,1,-7.519,11.897,-0.70,1.11,-0.70,1.11,INF,-1,1,7,0
2220,1,1,-8.399,11.010,-0.78,1.03,-0.78,1.03,INF,-1,1,7,0
2240,1,1,-8.381,12.437,-0.78,1.16,-0.78,1.16,INF,-1,1,7,0
2260,1,1,-10.319,12.597,-0.96,1.18,-0.96,1.18,INF,-1,1,7,0
2280,1,1,-9.789,11.463,-0.91,1.07,-0.91,1.07,INF,-1,1,7,0
2300,1,1,-10.007,12.401,-0.94,1.16,-0.94,1.16,INF,-1,1,7,0
2320,1,1,-10.445,11.621,-0.98,1.09,-0.98,1.09,INF,-1,1,7,0
2340,1,1,-9.393,13.095,-0.88,1.22,-0.88,1.22,INF,-1,1,7,0
2360,1,1,-9.537,12.083,-0.89,1.13,-0.89,1.13,INF,-1,1,7,0
2380,1,1,-9.358,11.353,-0.87,1.06,-0.87,1.06,INF,-1,1,7,0
2400,1,1,-9.500,11.176,-0.89,1.04,-0.89,1.04,INF,-1,1,7,0
2420,1,1,-10.618,10.794,-0.99,1.01,-0.99,1.01,INF,-1,1,7,0
2440,1,1,24.548,-7.674,2.29,-0.72,2.29,-0.72,INF,-1,1,7,0
2460,1,1,25.799,-19.631,2.41,-1.83,2.41,-1.83,INF,-1,1,7,0
2480,1,1,25.227,-17.897,2.36,-1.67,2.36,-1.67,INF,-1,0,7,0
2500,1,1,24.314,-19.844,2.27,-1.85,2.27,-1.85,INF,-1,0,7,0
2520,1,1,23.966,-20.007,2.24,-1.87,2.24,-1.87,INF,-1,0,7,0
2540,1,1,23.924,-20.320,2.23,-1.90,2.23,-1.90,INF,-1,0,7,0
2560,1,1,24.267,-20.975,2.27,-1.96,2.27,-1.96,INF,-1,0,7,0
2580,1,1,23.798,-20.717,2.22,-1.93,2.22,-1.94,INF,-1,0,7,0
2600,1,1,24.698,-21.810,2.31,-2.04,2.31,-2.04,INF,-1,0,7,0
2620,1,1,24.128,-21.777,2.25,-2.03,2.25,-2.03,INF,-1,0,7,0
2640,1,1,23.581,-21.814,2.20,-2.04,2.20,-2.04,INF,-1,0,7,0
2660,1,1,28.837,-24.339,2.69,-2.27,2.69,-2.27,INF,-1,0,7,0
2680,1,1,-12.102,14.822,-1.13,1.38,-1.13,1.39,INF,-1,0,7,0
2700,1,1,-8.528,12.977,-0.80,1.21,-0.80,1.21,INF,-1,0,7,0
2720,0,1,0.000,0.000,0.00,0.00,0.00,0.00,0.00,-1,1,7,0
2740,1,1,-8.485,11.603,-0.79,1.08,-0.79,1.08,INF,-1,0,7,0
2760,1,1,-9.374,11.420,-0.88,1.07,-0.88,1.07,INF,-1,0,7,0
2780,1,1,-8.516,11.433,-0.80,1.07,-0.80,1.07,INF,-1,0,7,0
2800,1,1,-8.477,11.566,-0.79,1.08,-0.79,1.08,INF,-1,0,7,0
2820,1,1,-8.910,10.807,-0.83,1.01,-0.83,1.01,INF,-1,0,7,0
2840,1,1,-8.004,10.761,-0.75,1.01,-0.75,1.01,INF,-1,0,7,0
2860,1,1,-8.478,10.370,-0.79,0.97,-0.79,0.97,INF,-1,0,7,0
2880,1,1,-7.067,10.495,-0.66,0.98,-0.66,0.98,INF,-1,0,7,0
2900,1,1,-8.372,9.283,-0.78,0.87,-0.78,0.87,INF,-1,0,7,0
2920,1,1,-7.832,9.130,-0.73,0.85,-0.73,0.85,INF,-1,0,7,0
2940,1,1,-7.754,9.655,-0.72,0.90,-0.72,0.90,INF,-1,0,7,0
2960,1,1,-6.819,8.677,-0.64,0.81,-0.64,0.81,INF,-1,1,7,0
2980,1,1,-6.107,8.349,-0.57,0.78,-0.57,0.78,INF,-1,1,7,0
3000,1,1,-7.325,7.488,-0.68,0.70,-0.68,0.70,INF,-1,1,7,0
3020,1,1,-7.291,10.173,-0.68,0.95,-0.68,0.95,INF,-1,1,7,0
3040,1,1,-6.811,8.748,-0.64,0.82,-0.64,0.82,INF,-1,1,7,0
3060,1,1,-7.346,8.935,-0.69,0.83,-0.69,0.84,INF,-1,1,7,0
3080,1,1,-7.517,8.982,-0.70,0.84,-0.70,0.84,INF,-1,1,7,0
3100,1,1,-7.441,8.198,-0.70,0.77,-0.70,0.77,INF,-1,1,7,0
3120,1,1,-6.576,10.977,-0.61,1.03,-0.61,1.03,INF,-1,1,7,0
3140,1,1,-1.698,-34.163,-0.16,-3.19,-0.16,-3.19,INF,-1,1,7,0
3160,1,1,-0.932,-28.486,-0.09,-2.66,-0.09,-2.66,INF,-1,1,7,0
3180,0,1,0.000,0.000,0.00,0.00,0.00,0.00,0.00,-1,1,7,0
3200,1,1,-1.123,-29.047,-0.10,-2.71,-0.10,-2.71,INF,-1,1,7,0
3220,1,1,0.081,-28.775,0.01,-2.69,0.01,-2.69,INF,-1,0,7,0
3240,1,1,-0.644,-29.348,-0.06,-2.74,-0.06,-2.74,INF,-1,0,7,0
3260,1,1,0.177,-28.714,0.02,-2.68,0.02,-2.68,INF,-1,0,7,0
3280,1,1,0.862,-29.222,0.08,-2.73,0.08,-2.73,INF,-1,0,7,0
3300,1,1,0.761,-29.126,0.07,-2.72,0.07,-2.72,INF,-1,0,7,0
3320,1,1,-0.845,-30.553,-0.08,-2.85,-0.08,-2.85,INF,-1,0,7,0
3340,1,1,-1.719,-30.135,-0.16,-2.81,-0.16,-2.81,INF,-1,0,7,0
3360,1,1,-0.754,-29.513,-0.07,-2.76,-0.07,-2.76,INF,-1,0,7,0
3380,1,1,0.251,-30.492,0.02,-2.85,0.02,-2.85,INF,-1,0,7,0
3400,1,1,0.274,-28.203,0.03,-2.63,0.03,-2.63,INF,-1,0,7,0
3420,1,1,0.820,-30.792,0.08,-2.88,0.08,-2.88,INF,-1,1,7,0
3440,1,1,-27.782,-48.511,-2.59,-4.52,-2.59,-4.52,INF,-1,1,7,0
3460,1,1,-19.412,-44.258,-1.81,-4.13,-1.81,-4.13,INF,-1,1,7,0
3480,1,1,-19.761,-43.236,-1.85,-4.03,-1.84,-4.03,INF,-1,0,7,0
3500,1,1,-19.373,-42.364,-1.81,-3.95,-1.81,-3.95,INF,-1,0,7,0
3520,1,1,-20.473,-43.815,-1.91,-4.09,-1.91,-4.09,INF,-1,0,7,0
3540,1,1,-20.542,-41.909,-1.92,-3.91,-1.91,-3.91,INF,-1,0,7,0
3560,0,1,0.000,0.000,0.00,0.00,0.00,0.00,0.00,-1,0,7,0
3580,1,1,-20.512,-42.194,-1.92,-3.94,-1.91,-3.94,INF,-1,0,7,0
3600,1,1,-20.790,-41.490,-1.94,-3.87,-1.94,-3.87,INF,-1,0,7,0
3620,1,1,-21.654,-42.122,-2.02,-3.93,-2.02,-3.93,INF,-1,0,7,0
3640,1,1,-8.485,-28.297,-0.79,-2.64,-0.79,-2.64,INF,-1,0,7,0
3660,1,1,-2.917,-15.328,-0.27,-1.43,-0.27,-1.43,INF,-1,0,7,0
3680,1,1,-2.783,-12.947,-0.26,-1.21,-0.26,-1.21,INF,-1,0,7,0
3700,1,1,-3.644,-13.415,-0.34,-1.25,-0.34,-1.25,INF,-1,0,7,0
3720,1,1,-3.346,-11.927,-0.31,-1.11,-0.31,-1.11,INF,-1,0,7,0
3740,1,1,-3.652,-13.239,-0.34,-1.24,-0.34,-1.24,INF,-1,0,7,0
3760,1,1,-3.009,-13.000,-0.28,-1.21,-0.28,-1.21,INF,-1,0,7,0
3780,1,1,-2.503,-11.882,-0.23,-1.11,-0.23,-1.11,INF,-1,0,7,0
3800,1,1,-1.965,-11.507,-0.18,-1.08,-0.18,-1.08,INF,-1,0,7,0
3820,1,1,-1.922,-11.454,-0.18,-1.07,-0.18,-1.07,INF,-1,0,7,0
3840,1,1,-3.565,-13.241,-0.33,-1.24,-0.33,-1.24,INF,-1,0,7,0
3860,1,1,-1.744,-12.376,-0.16,-1.16,-0.16,-1.16,INF,-1,0,7,0
3880,1,1,-3.270,-12.315,-0.31,-1.15,-0.31,-1.15,INF,-1,0,7,0
3900,1,1,-2.908,-10.474,-0.27,-0.98,-0.27,-0.98,INF,-1,0,7,0
3920,1,1,-4.397,-11.879,-0.41,-1.11,-0.41,-1.11,INF,-1,1,7,0
3940,1,1,-8.080,-18.409,-0.76,-1.72,-0.75,-1.72,INF,-1,1,7,0
3960,1,1,-8.587,-22.214,-0.80,-2.08,-0.80,-2.08,INF,-1,1,7,0
3980,1,1,-8.609,-23.203,-0.80,-2.17,-0.80,-2.17,INF,-1,1,7,0
4000,1,1,-8.285,-23.188,-0.77,-2.17,-0.77,-2.17,INF,-1,0,7,0
4020,1,1,-8.988,-22.561,-0.84,-2.11,-0.84,-2.11,INF,-1,0,7,0
4040,1,1,-8.153,-23.073,-0.76,-2.16,-0.76,-2.16,INF,-1,0,7,0
4060,1,1,-8.768,-24.502,-0.82,-2.29,-0.82,-2.29,INF,-1,0,7,0
4080,1,1,-8.738,-23.442,-0.82,-2.19,-0.82,-2.19,INF,-1,0,7,0
4100,1,1,-8.543,-22.752,-0.80,-2.13,-0.80,-2.13,INF,-1,0,7,0
4120,1,1,-8.750,-21.147,-0.82,-1.98,-0.82,-1.98,INF,-1,0,7,0
4140,1,1,-8.224,-21.821,-0.77,-2.04,-0.77,-2.04,INF,-1,0,7,0
4160,0,1,0.000,0.000,0.00,0.00,0.00,0.00,0.00,-1,0,7,0
4180,0,1,0.000,0.000,0.00,0.00,0.00,0.00,0.00,-1,0,7,0
4200,0,1,0.000,0.000,0.00,0.00,0.00,0.00,0.00,-1,0,7,0
4220,0,1,0.000,0.000,0.00,0.00,0.00,0.00,0.00,-1,0,7,0
4240,0,1,0.000,0.000,0.00,0.00,0.00,0.00,0.00,-1,0,7,0
4260,0,1,0.000,0.000,0.00,0.00,0.00,0.00,0.00,-1,0,7,0
4280,0,1,0.000,0.000,0.00,0.00,0.00,0.00,0.00,-1,0,7,0
4300,0,1,0.000,0.000,0.00,0.00,0.00,0.00,0.00,-1,0,7,0
4320,0,1,0.000,0.000,0.00,0.00,0.00,0.00,0.00,-1,0,7,0
4340,0,1,0.000,0.000,0.00,0.00,0.00,0.00,0.00,-1,0,7,0
4360,0,1,0.000,0.000,0.00,0.00,0.00,0.00,0.00,-1,0,7,0
4380,0,1,0.000,0.000,0.00,0.00,0.00,0.00,0.00,-1,0,7,0
4400,0,1,0.000,0.000,0.00,0.00,0.00,0.00,0.00,-1,0,7,0
4420,0,1,0.000,0.000,0.00,0.00,0.00,0.00,0.00,-1,0,7,0
4440,0,1,0.000,0.000,0.00,0.00,0.00,0.00,0.00,-1,0,7,0
4460,0,1,0.000,0.000,0.00,0.00,0.00,0.00,0.00,-1,0,7,0
4480,0,1,0.000,0.000,0.00,0.00,0.00,0.00,0.00,-1,0,7,0
4500,0,1,0.000,0.000,0.00,0.00,0.00,0.00,0.00,-1,0,7,0
4520,0,1,0.000,0.000,0.00,0.00,0.00,0.00,0.00,-1,0,7,0
4540,0,1,0.000,0.000,0.00,0.00,0.00,0.00,0.00,-1,0,7,0
4560,0,1,0.000,0.000,0.00,0.00,0.00,0.00,0.00,-1,0,7,0
4580,0,1,0.000,0.000,0.00,0.00,0.00,0.00,0.00,-1,0,7,0
4600,0,1,0.000,0.000,0.00,0.00,0.00,0.00,0.00,-1,0,7,0
4620,0,1,0.000,0.000,0.00,0.00,0.00,0.00,0.00,-1,0,7,0
4640,0,1,0.000,0.000,0.00,0.00,0.00,0.00,0.00,-1,0,7,0
4660,0,1,0.000,0.000,0.00,0.00,0.00,0.00,0.00,-1,0,7,0
4680,0,1,0.000,0.000,0.00,0.00,0.00,0.00,0.00,-1,0,7,0
4700,0,1,0.000,0.000,0.00,0.00,0.00,0.00,0.00,-1,0,7,0
4720,0,1,0.000,0.000,0.00,0.00,0.00,0.00,0.00,-1,0,7,0
4740,0,1,0.000,0.000,0.00,0.00,0.00,0.00,0.00,-1,0,7,0
4760,0,1,0.000,0.000,0.00,0.00,0.00,0.00,0.00,-1,0,7,0
4780,0,1,0.000,0.000,0.00,0.00,0.00,0.00,0.00,-1,0,7,0
4800,0,1,0.000,0.000,0.00,0.00,0.00,0.00,0.00,-1,0,7,0
4820,0,1,0.000,0.000,0.00,0.00,0.00,0.00,0.00,-1,0,7,0
4840,0,1,0.000,0.000,0.00,0.00,0.00,0.00,0.00,-1,0,7,0
4860,0,1,0.000,0.000,0.00,0.00,0.00,0.00,0.00,-1,0,7,0
4880,0,1,0.000,0.000,0.00,0.00,0.00,0.00,0.00,-1,0,7,0
4900,0,1,0.000,0.000,0.00,0.00,0.00,0.00,0.00,-1,0,7,0
4920,0,1,0.000,0.000,0.00,0.00,0.00,0.00,0.00,-1,0,7,0
4940,0,1,0.000,0.000,0.00,0.00,0.00,0.00,0.00,-1,0,7,0
4960,0,1,0.000,0.000,0.00,0.00,0.00,0.00,0.00,-1,0,7,0
4980,0,1,0.000,0.000,0.00,0.00,0.00,0.00,0.00,-1,0,7,0
5000,0,1,0.000,0.000,0.00,0.00,0.00,0.00,0.00,-1,0,7,0
5020,0,1,0.000,0.000,0.00,0.00,0.00,0.00,0.00,-1,0,7,0
5040,0,1,0.000,0.000,0.00,0.00,0.00,0.00,0.00,-1,0,7,0
5060,0,1,0.000,0.000,0.00,0.00,0.00,0.00,0.00,-1,0,7,0
5080,0,1,0.000,0.000,0.00,0.00,0.00,0.00,0.00,-1,0,7,0
5100,0,1,0.000,0.000,0.00,0.00,0.00,0.00,0.00,-1,0,7,0
5120,0,1,0.000,0.000,0.00,0.00,0.00,0.00,0.00,-1,0,7,0
5140,0,1,0.000,0.000,0.00,0.00,0.00,0.00,0.00,-1,0,7,0
5160,0,1,0.000,0.000,0.00,0.00,0.00,0.00,0.00,-1,0,7,0
5180,0,1,0.000,0.000,0.00,0.00,0.00,0.00,0.00,-1,0,7,0
5200,0,1,0.000,0.000,0.00,0.00,0.00,0.00,0.00,-1,0,7,0
5220,0,1,0.000,0.000,0.00,0.00,0.00,0.00,0.00,-1,0,7,0
5240,0,1,0.000,0.000,0.00,0.00,0.00,0.00,0.00,-1,0,7,0
5260,0,1,0.000,0.000,0.00,0.00,0.00,0.00,0.00,-1,0,7,0
5280,0,1,0.000,0.000,0.00,0.00,0.00,0.00,0.00,-1,0,7,0
5300,0,1,0.000,0.000,0.00,0.00,0.00,0.00,0.00,-1,0,7,0
5320,0,1,0.000,0.000,0.00,0.00,0.00,0.00,0.00,-1,0,7,0
5340,0,1,0.000,0.000,0.00,0.00,0.00,0.00,0.00,-1,0,7,0
5360,0,1,0.000,0.000,0.00,0.00,0.00,0.00,0.00,-1,0,7,0
5380,0,1,0.000,0.000,0.00,0.00,0.00,0.00,0.00,-1,0,7,0
5400,0,1,0.000,0.000,0.00,0.00,0.00,0.00,0.00,-1,0,7,0
5420,0,1,0.000,0.000,0.00,0.00,0.00,0.00,0.00,-1,0,7,0
5440,0,1,0.000,0.000,0.00,0.00,0.00,0.00,0.00,-1,0,7,0
5460,0,1,0.000,0.000,0.00,0.00,0.00,0.00,0.00,-1,0,7,0
5480,0,1,0.000,0.000,0.00,0.00,0.00,0.00,0.00,-1,0,7,0
5500,0,1,0.000,0.000,0.00,0.00,0.00,0.00,0.00,-1,0,7,0
5520,0,1,0.000,0.000,0.00,0.00,0.00,0.00,0.00,-1,0,7,0
5540,0,1,0.000,0.000,0.00,0.00,0.00,0.00,0.00,-1,0,7,0
5560,0,1,0.000,0.000,0.00,0.00,0.00,0.00,0.00,-1,0,7,0
5580,0,1,0.000,0.000,0.00,0.00,0.00,0.00,0.00,-1,0,7,0
5600,0,1,0.000,0.000,0.00,0.00,0.00,0.00,0.00,-1,0,7,0
5620,0,1,0.000,0.000,0.00,0.00,0.00,0.00,0.00,-1,0,7,0
5640,0,1,0.000,0.000,0.00,0.00,0.00,0.00,0.00,-1,0,7,0
5660,0,1,0.000,0.000,0.00,0.00,0.00,0.00,0.00,-1,0,7,0
5680,0,1,0.000,0.000,0.00,0.00,0.00,0.00,0.00,-1,0,7,0
5700,0,1,0.000,0.000,0.00,0.00,0.00,0.00,0.00,-1,0,7,0
5720,0,1,0.000,0.000,0.00,0.00,0.00,0.00,0.00,-1,0,7,0
5740,0,1,0.000,0.000,0.00,0.00,0.00,0.00,0.00,-1,0,7,0
5760,0,1,0.000,0.000,0.00,0.00,0.00,0.00,0.00,-1,0,7,0
5780,0,1,0.000,0.000,0.00,0.00,0.00,0.00,0.00,-1,0,7,0
5800,0,1,0.000,0.000,0.00,0.00,0.00,0.00,0.00,-1,0,7,0
5820,0,1,0.000,0.000,0.00,0.00,0.00,0.00,0.00,-1,0,7,0
5840,0,1,0.000,0.000,0.00,0.00,0.00,0.00,0.00,-1,0,7,0
5860,0,1,0.000,0.000,0.00,0.00,0.00,0.00,0.00,-1,0,7,0
5880,0,1,0.000,0.000,0.00,0.00,0.00,0.00,0.00,-1,0,7,0
5900,0,1,0.000,0.000,0.00,0.00,0.00,0.00,0.00,-1,0,7,0
5920,0,1,0.000,0.000,0.00,0.00,0.00,0.00,0.00,-1,0,7,0
5940,0,1,0.000,0.000,0.00,0.00,0.00,0.00,0.00,-1,0,7,0
5960,0,1,0.000,0.000,0.00,0.00,0.00,0.00,0.00,-1,0,7,0
5980,0,1,0.000,0.000,0.00,0.00,0.00,0.00,0.00,-1,0,7,0
6000,0,1,0.000,0.000,0.00,0.00,0.00,0.00,0.00,-1,0,7,0
6020,0,1,0.000,0.000,0.00,0.00,0.00,0.00,0.00,-1,0,7,0
6040,0,1,0.000,0.000,0.00,0.00,0.00,0.00,0.00,-1,0,7,0
6060,0,1,0.000,0.000,0.00,0.00,0.00,0.00,0.00,-1,0,7,0
6080,0,1,0.000,0.000,0.00,0.00,0.00,0.00,0.00,-1,0,7,0
6100,0,1,0.000,0.000,0.00,0.00,0.00,0.00,0.00,-1,0,7,0
6120,0,1,0.000,0.000,0.00,0.00,0.00,0.00,0.00,-1,0,7,0
6140,0,1,0.000,0.000,0.00,0.00,0.00,0.00,0.00,-1,0,7,0
6160,0,1,0.000,0.000,0.00,0.00,0.00,0.00,0.00,-1,0,7,0
6180,0,1,0.000,0.000,0.00,0.00,0.00,0.00,0.00,-1,0,7,0
6200,0,1,0.000,0.000,0.00,0.00,0.00,0.00,0.00,-1,0,7,0
6220,0,1,0.000,0.000,0.00,0.00,0.00,0.00,0.00,-1,0,7,0
6240,0,1,0.000,0.000,0.00,0.00,0.00,0.00,0.00,-1,0,7,0
6260,0,1,0.000,0.000,0.00,0.00,0.00,0.00,0.00,-1,0,7,0
6280,0,1,0.000,0.000,0.00,0.00,0.00,0.00,0.00,-1,0,7,0
6300,0,1,0.000,0.000,0.00,0.00,0.00,0.00,0.00,-1,0,7,0
6320,0,1,0.000,0.000,0.00,0.00,0.00,0.00,0.00,-1,0,7,0
6340,0,1,0.000,0.000,0.00,0.00,0.00,0.00,0.00,-1,0,7,0
6360,0,1,0.000,0.000,0.00,0.00,0.00,0.00,0.00,-1,0,7,0
6380,0,1,0.000,0.000,0.00,0.00,0.00,0.00,0.00,-1,0,7,0
6400,0,1,0.000,0.000,0.00,0.00,0.00,0.00,0.00,-1,0,7,0
6420,0,1,0.000,0.000,0.00,0.00,0.00,0.00,0.00,-1,0,7,0
6440,0,1,0.000,0.000,0.00,0.00,0.00,0.00,0.00,-1,0,7,0
6460,0,1,0.000,0.000,0.00,0.00,0.00,0.00,0.00,-1,0,7,0
6480,0,1,0.000,0.000,0.00,0.00,0.00,0.00,INF,-1,0,7,0
6500,0,1,0.000,0.000,0.00,0.00,0.00,0.00,0.00,-1,0,7,0
6520,0,1,0.000,0.000,0.00,0.00,0.00,0.00,0.00,-1,0,7,0
6540,0,1,0.000,0.000,0.00,0.00,0.00,0.00,0.00,-1,0,7,0
6560,0,1,0.000,0.000,0.00,0.00,0.00,0.00,0.00,-1,0,7,0
6580,0,1,0.000,0.000,0.00,0.00,0.00,0.00,0.00,-1,0,7,0
6600,0,1,0.000,0.000,0.00,0.00,0.00,0.00,0.00,-1,0,7,0
6620,0,1,0.000,0.000,0.00,0.00,0.00,0.00,0.00,-1,0,7,0
6640,0,1,0.000,0.000,0.00,0.00,0.00,0.00,0.00,-1,0,7,0
6660,0,1,0.000,0.000,0.00,0.00,0.00,0.00,0.00,-1,0,7,0
6680,0,1,0.000,0.000,0.00,0.00,0.00,0.00,0.00,-1,0,7,0
6700,0,1,0.000,0.000,0.00,0.00,0.00,0.00,0.00,-1,0,7,0
6720,0,1,0.000,0.000,0.00,0.00,0.00,0.00,0.00,-1,0,7,0
6740,0,1,0.000,0.000,0.00,0.00,0.00,0.00,0.00,-1,0,7,0
6760,0,1,0.000,0.000,0.00,0.00,0.00,0.00,0.00,-1,0,7,0
6780,0,1,0.000,0.000,0.00,0.00,0.00,0.00,0.00,-1,0,7,0
6800,0,1,0.000,0.000,0.00,0.00,0.00,0.00,0.00,-1,0,7,0
6820,0,1,0.000,0.000,0.00,0.00,0.00,0.00,0.00,-1,0,7,0
6840,0,1,0.000,0.000,0.00,0.00,0.00,0.00,0.00,-1,0,7,0
6860,0,1,0.000,0.000,0.00,0.00,0.00,0.00,0.00,-1,0,7,0
6880,0,1,0.000,0.000,0.00,0.00,0.00,0.00,0.00,-1,0,7,0
6900,0,1,0.000,0.000,0.00,0.00,0.00,0.00,0.00,-1,0,7,0
6920,0,1,0.000,0.000,0.00,0.00,0.00,0.00,0.00,-1,0,7,0
6940,0,1,0.000,0.000,0.00,0.00,0.00,0.00,0.00,-1,0,7,0
6960,0,1,0.000,0.000,0.00,0.00,0.00,0.00,0.00,-1,0,7,0
6980,0,1,0.000,0.000,0.00,0.00,0.00,0.00,0.00,-1,0,7,0
7000,0,1,0.000,0.000,0.00,0.00,0.00,0.00,INF,-1,0,7,0
7020,0,1,0.000,0.000,0.00,0.00,0.00,0.00,0.00,-1,0,7,0
7040,0,1,0.000,0.000,0.00,0.00,0.00,0.00,0.00,-1,0,7,0
7060,0,1,0.000,0.000,0.00,0.00,0.00,0.00,0.00,-1,0,7,0
7080,0,1,0.000,0.000,0.00,0.00,0.00,0.00,0.00,-1,0,7,0
7100,0,1,0.000,0.000,0.00,0.00,0.00,0.00,0.00,-1,0,7,0
7120,0,1,0.000,0.000,0.00,0.00,0.00,0.00,0.00,-1,0,7,0
7140,0,1,0.000,0.000,0.00,0.00,0.00,0.00,0.00,-1,0,7,0
7160,0,1,0.000,0.000,0.00,0.00,0.00,0.00,0.00,-1,0,7,0
7180,0,1,0.000,0.000,0.00,0.00,0.00,0.00,0.00,-1,0,7,0
7200,0,1,0.000,0.000,0.00,0.00,0.00,0.00,0.00,-1,0,7,0
7220,0,1,0.000,0.000,0.00,0.00,0.00,0.00,0.00,-1,0,7,0
7240,0,1,0.000,0.000,0.00,0.00,0.00,0.00,0.00,-1,0,7,0
7260,0,1,0.000,0.000,0.00,0.00,0.00,0.00,0.00,-1,0,7,0
7280,0,1,0.000,0.000,0.00,0.00,0.00,0.00,0.00,-1,0,7,0
7300,0,1,0.000,0.000,0.00,0.00,0.00,0.00,0.00,-1,0,7,0
7320,0,1,0.000,0.000,0.00,0.00,0.00,0.00,0.00,-1,0,7,0
7340,0,1,0.000,0.000,0.00,0.00,0.00,0.00,0.00,-1,0,7,0
7360,0,1,0.000,0.000,0.00,0.00,0.00,0.00,0.00,-1,0,7,0
7380,0,1,0.000,0.000,0.00,0.00,0.00,0.00,0.00,-1,0,7,0
7400,0,1,0.000,0.000,0.00,0.00,0.00,0.00,0.00,-1,0,7,0
7420,0,1,0.000,0.000,0.00,0.00,0.00,0.00,0.00,-1,0,7,0
7440,0,1,0.000,0.000,0.00,0.00,0.00,0.00,0.00,-1,0,7,0
7460,0,1,0.000,0.000,0.00,0.00,0.00,0.00,0.00,-1,0,7,0
7480,0,1,0.000,0.000,0.00,0.00,0.00,0.00,0.00,-1,0,7,0
7500,0,1,0.000,0.000,0.00,0.00,0.00,0.00,0.00,-1,0,7,0
7520,0,1,0.000,0.000,0.00,0.00,0.00,0.00,0.00,-1,0,7,0
7540,0,1,0.000,0.000,0.00,0.00,0.00,0.00,0.00,-1,0,7,0
7560,0,1,0.000,0.000,0.00,0.00,0.00,0.00,0.00,-1,0,7,0
7580,0,1,0.000,0.000,0.00,0.00,0.00,0.00,0.00,-1,0,7,0
7600,0,1,0.000,0.000,0.00,0.00,0.00,0.00,0.00,-1,0,7,0
7620,0,1,0.000,0.000,0.00,0.00,0.00,0.00,0.00,-1,0,7,0
7640,0,1,0.000,0.000,0.00,0.00,0.00,0.00,0.00,-1,0,7,0
7660,0,1,0.000,0.000,0.00,0.00,0.00,0.00,0.00,-1,0,7,0
7680,0,1,0.000,0.000,0.00,0.00,0.00,0.00,0.00,-1,0,7,0
7700,0,1,0.000,0.000,0.00,0.00,0.00,0.00,0.00,-1,0,7,0
7720,0,1,0.000,0.000,0.00,0.00,0.00,0.00,0.00,-1,0,7,0
7740,0,1,0.000,0.000,0.00,0.00,0.00,0.00,0.00,-1,0,7,0
7760,0,1,0.000,0.000,0.00,0.00,0.00,0.00,0.00,-1,0,7,0
7780,0,1,0.000,0.000,0.00,0.00,0.00,0.00,0.00,-1,0,7,0
7800,0,1,0.000,0.000,0.00,0.00,0.00,0.00,0.00,-1,0,7,0
7820,0,1,0.000,0.000,0.00,0.00,0.00,0.00,0.00,-1,0,7,0
7840,0,1,0.000,0.000,0.00,0.00,0.00,0.00,0.00,-1,0,7,0
7860,0,1,0.000,0.000,0.00,0.00,0.00,0.00,0.00,-1,0,7,0
7880,0,1,0.000,0.000,0.00,0.00,0.00,0.00,0.00,-1,0,7,0
7900,0,1,0.000,0.000,0.00,0.00,0.00,0.00,0.00,-1,0,7,0
7920,0,1,0.000,0.000,0.00,0.00,0.00,0.00,0.00,-1,0,7,0
7940,0,1,0.000,0.000,0.00,0.00,0.00,0.00,0.00,-1,0,7,0
7960,0,1,0.000,0.000,0.00,0.00,0.00,0.00,0.00,-1,0,7,0
7980,0,1,0.000,0.000,0.00,0.00,0.00,0.00,0.00,-1,0,7,0
8000,0,1,0.000,0.000,0.00,0.00,0.00,0.00,0.00,-1,0,7,0
8020,0,1,0.000,0.000,0.00,0.00,0.00,0.00,0.00,-1,0,7,0
8040,0,1,0.000,0.000,0.00,0.00,0.00,0.00,0.00,-1,0,7,0
8060,0,1,0.000,0.000,0.00,0.00,0.00,0.00,0.00,-1,0,7,0
8080,0,1,0.000,0.000,0.00,0.00,0.00,0.00,0.00,-1,0,7,0
8100,0,1,0.000,0.000,0.00,0.00,0.00,0.00,0.00,-1,0,7,0
8120,0,1,0.000,0.000,0.00,0.00,0.00,0.00,0.00,-1,0,7,0
8140,0,1,0.000,0.000,0.00,0.00,0.00,0.00,0.00,-1,0,7,0
8160,0,1,0.000,0.000,0.00,0.00,0.00,0.00,0.00,-1,0,7,0
8180,0,1,0.000,0.000,0.00,0.00,0.00,0.00,0.00,-1,0,7,0
8200,0,1,0.000,0.000,0.00,0.00,0.00,0.00,0.00,-1,0,7,0
8220,0,1,0.000,0.000,0.00,0.00,0.00,0.00,0.00,-1,0,7,0
8240,0,1,0.000,0.000,0.00,0.00,0.00,0.00,0.00,-1,0,7,0
8260,0,1,0.000,0.000,0.00,0.00,0.00,0.00,0.00,-1,0,7,0
8280,0,1,0.000,0.000,0.00,0.00,0.00,0.00,0.00,-1,0,7,0
8300,0,1,0.000,0.000,0.00,0.00,0.00,0.00,0.00,-1,0,7,0
8320,0,1,0.000,0.000,0.00,0.00,0.00,0.00,0.00,-1,0,7,0
8340,0,1,0.000,0.000,0.00,0.00,0.00,0.00,0.00,-1,0,7,0
8360,0,1,0.000,0.000,0.00,0.00,0.00,0.00,0.00,-1,0,7,0
8380,0,1,0.000,0.000,0.00,0.00,0.00,0.00,0.00,-1,0,7,0
8400,0,1,0.000,0.000,0.00,0.00,0.00,0.00,0.00,-1,0,7,0
8420,0,1,0.000,0.000,0.00,0.00,0.00,0.00,0.00,-1,0,7,0
8440,0,1,0.000,0.000,0.00,0.00,0.00,0.00,0.00,-1,0,7,0
8460,0,1,0.000,0.000,0.00,0.00,0.00,0.00,0.00,-1,0,7,0
8480,0,1,0.000,0.000,0.00,0.00,0.00,0.00,0.00,-1,0,7,0
8500,0,1,0.000,0.000,0.00,0.00,0.00,0.00,0.00,-1,0,7,0
8520,0,1,0.000,0.000,0.00,0.00,0.00,0.00,0.00,-1,0,7,0
8540,0,1,0.000,0.000,0.00,0.00,0.00,0.00,0.00,-1,0,7,0
8560,0,1,0.000,0.000,0.00,0.00,0.00,0.00,0.00,-1,0,7,0
8580,0,1,0.000,0.000,0.00,0.00,0.00,0.00,0.00,-1,0,7,0
8600,0,1,0.000,0.000,0.00,0.00,0.00,0.00,0.00,-1,0,7,0
8620,0,1,0.000,0.000,0.00,0.00,0.00,0.00,0.00,-1,0,7,0
8640,0,1,0.000,0.000,0.00,0.00,0.00,0.00,0.00,-1,0,7,0
8660,0,1,0.000,0.000,0.00,0.00,0.00,0.00,0.00,-1,0,7,0
8680,0,1,0.000,0.000,0.00,0.00,0.00,0.00,0.00,-1,0,7,0
8700,0,1,0.000,0.000,0.00,0.00,0.00,0.00,0.00,-1,0,7,0
8720,0,1,0.000,0.000,0.00,0.00,0.00,0.00,0.00,-1,0,7,0
8740,0,1,0.000,0.000,0.00,0.00,0.00,0.00,0.00,-1,0,7,0
8760,0,1,0.000,0.000,0.00,0.00,0.00,0.00,0.00,-1,0,7,0
8780,0,1,0.000,0.000,0.00,0.00,0.00,0.00,0.00,-1,0,7,0
8800,0,1,0.000,0.000,0.00,0.00,0.00,0.00,0.00,-1,0,7,0
8820,0,1,0.000,0.000,0.00,0.00,0.00,0.00,0.00,-1,0,7,0
8840,0,1,0.000,0.000,0.00,0.00,0.00,0.00,0.00,-1,0,7,0
8860,0,1,0.000,0.000,0.00,0.00,0.00,0.00,0.00,-1,0,7,0
8880,0,1,0.000,0.000,0.00,0.00,0.00,0.00,0.00,-1,0,7,0
8900,0,1,0.000,0.000,0.00,0.00,0.00,0.00,0.00,-1,0,7,0
8920,0,1,0.000,0.000,0.00,0.00,0.00,0.00,0.00,-1,0,7,0
8940,0,1,0.000,0.000,0.00,0.00,0.00,0.00,0.00,-1,0,7,0
8960,0,1,0.000,0.000,0.00,0.00,0.00,0.00,0.00,-1,0,7,0
8980,0,1,0.000,0.000,0.00,0.00,0.00,0.00,0.00,-1,0,7,0
9000,0,1,0.000,0.000,0.00,0.00,0.00,0.00,0.00,-1,0,7,0
9020,0,1,0.000,0.000,0.00,0.00,0.00,0.00,0.00,-1,0,7,0
9040,0,1,0.000,0.000,0.00,0.00,0.00,0.00,0.00,-1,0,7,0
9060,0,1,0.000,0.000,0.00,0.00,0.00,0.00,0.00,-1,0,7,0
9080,0,1,0.000,0.000,0.00,0.00,0.00,0.00,0.00,-1,0,7,0
9100,0,1,0.000,0.000,0.00,0.00,0.00,0.00,0.00,-1,0,7,0
9120,0,1,0.000,0.000,0.00,0.00,0.00,0.00,0.00,-1,0,7,0
9140,0,1,0.000,0.000,0.00,0.00,0.00,0.00,0.00,-1,0,7,0
9160,0,1,0.000,0.000,0.00,0.00,0.00,0.00,0.00,-1,0,7,0
9180,0,1,0.000,0.000,0.00,0.00,0.00,0.00,0.00,-1,0,7,0
9200,0,1,0.000,0.000,0.00,0.00,0.00,0.00,0.00,-1,0,7,0
9220,0,1,0.000,0.000,0.00,0.00,0.00,0.00,0.00,-1,0,7,0
9240,0,1,0.000,0.000,0.00,0.00,0.00,0.00,0.00,-1,0,7,0
9260,0,1,0.000,0.000,0.00,0.00,0.00,0.00,0.00,-1,0,7,0
9280,0,1,0.000,0.000,0.00,0.00,0.00,0.00,0.00,-1,0,7,0
9300,0,1,0.000,0.000,0.00,0.00,0.00,0.00,0.00,-1,0,7,0
9320,0,1,0.000,0.000,0.00,0.00,0.00,0.00,0.00,-1,0,7,0
9340,0,1,0.000,0.000,0.00,0.00,0.00,0.00,0.00,-1,0,7,0
9360,0,1,0.000,0.000,0.00,0.00,0.00,0.00,0.00,-1,0,7,0
9380,0,1,0.000,0.000,0.00,0.00,0.00,0.00,0.00,-1,0,7,0
9400,0,1,0.000,0.000,0.00,0.00,0.00,0.00,0.00,-1,0,7,0
9420,0,1,0.000,0.000,0.00,0.00,0.00,0.00,0.00,-1,0,7,0
9440,0,1,0.000,0.000,0.00,0.00,0.00,0.00,0.00,-1,0,7,0
9460,0,1,0.000,0.000,0.00,0.00,0.00,0.00,0.00,-1,0,7,0
9480,0,1,0.000,0.000,0.00,0.00,0.00,0.00,0.00,-1,0,7,0
9500,0,1,0.000,0.000,0.00,0.00,0.00,0.00,0.00,-1,0,7,0
9520,0,1,0.000,0.000,0.00,0.00,0.00,0.00,0.00,-1,0,7,0
9540,0,1,0.000,0.000,0.00,0.00,0.00,0.00,0.00,-1,0,7,0
9560,0,1,0.000,0.000,0.00,0.00,0.00,0.00,0.00,-1,0,7,0
9580,0,1,0.000,0.000,0.00,0.00,0.00,0.00,0.00,-1,0,7,0
9600,0,1,0.000,0.000,0.00,0.00,0.00,0.00,0.00,-1,0,7,0
9620,0,1,0.000,0.000,0.00,0.00,0.00,0.00,0.00,-1,0,7,0
9640,0,1,0.000,0.000,0.00,0.00,0.00,0.00,0.00,-1,0,7,0
9660,0,1,0.000,0.000,0.00,0.00,0.00,0.00,0.00,-1,0,7,0
9680,0,1,0.000,0.000,0.00,0.00,0.00,0.00,0.00,-1,0,7,0
9700,0,1,0.000,0.000,0.00,0.00,0.00,0.00,0.00,-1,0,7,0
9720,0,1,0.000,0.000,0.00,0.00,0.00,0.00,0.00,-1,0,7,0
9740,0,1,0.000,0.000,0.00,0.00,0.00,0.00,0.00,-1,0,7,0
9760,0,1,0.000,0.000,0.00,0.00,0.00,0.00,0.00,-1,0,7,0
9780,0,1,0.000,0.000,0.00,0.00,0.00,0.00,0.00,-1,0,7,0
9800,0,1,0.000,0.000,0.00,0.00,0.00,0.00,0.00,-1,0,7,0
9820,0,1,0.000,0.000,0.00,0.00,0.00,0.00,0.00,-1,0,7,0
9840,0,1,0.000,0.000,0.00,0.00,0.00,0.00,0.00,-1,0,7,0
9860,0,1,0.000,0.000,0.00,0.00,0.00,0.00,0.00,-1,0,7,0
9880,0,1,0.000,0.000,0.00,0.00,0.00,0.00,0.00,-1,0,7,0
9900,0,1,0.000,0.000,0.00,0.00,0.00,0.00,0.00,-1,0,7,0
9920,0,1,0.000,0.000,0.00,0.00,0.00,0.00,0.00,-1,0,7,0
9940,0,1,0.000,0.000,0.00,0.00,0.00,0.00,0.00,-1,0,7,0
9960,0,1,0.000,0.000,0.00,0.00,0.00,0.00,0.00,-1,0,7,0
9980,0,1,0.000,0.000,0.00,0.00,0.00,0.00,0.00,-1,0,7,0
10000,0,1,0.000,0.000,0.00,0.00,0.00,0.00,0.00,-1,0,7,0
10020,0,1,0.000,0.000,0.00,0.00,0.00,0.00,0.00,-1,0,7,0
10040,0,1,0.000,0.000,0.00,0.00,0.00,0.00,0.00,-1,0,7,0
10060,0,1,0.000,0.000,0.00,0.00,0.00,0.00,0.00,-1,0,7,0
10080,0,1,0.000,0.000,0.00,0.00,0.00,0.00,0.00,-1,0,7,0
10100,0,1,0.000,0.000,0.00,0.00,0.00,0.00,0.00,-1,0,7,0
10120,0,1,0.000,0.000,0.00,0.00,0.00,0.00,0.00,-1,0,7,0
10140,0,1,0.000,0.000,0.00,0.00,0.00,0.00,0.00,-1,0,7,0
10160,0,1,0.000,0.000,0.00,0.00,0.00,0.00,0.00,-1,0,7,0
10180,0,1,0.000,0.000,0.00,0.00,0.00,0.00,0.00,-1,0,7,0
10200,0,1,0.000,0.000,0.00,0.00,0.00,0.00,0.00,-1,0,7,0
10220,0,1,0.000,0.000,0.00,0.00,0.00,0.00,0.00,-1,0,7,0
10240,0,1,0.000,0.000,0.00,0.00,0.00,0.00,0.00,-1,0,7,0
10260,0,1,0.000,0.000,0.00,0.00,0.00,0.00,0.00,-1,0,7,0
10280,0,1,0.000,0.000,0.00,0.00,0.00,0.00,0.00,-1,0,7,0
10300,0,1,0.000,0.000,0.00,0.00,0.00,0.00,0.00,-1,0,7,0
10320,0,1,0.000,0.000,0.00,0.00,0.00,0.00,0.00,-1,0,7,0
10340,0,1,0.000,0.000,0.00,0.00,0.00,0.00,0.00,-1,0,7,0
10360,0,1,0.000,0.000,0.00,0.00,0.00,0.00,0.00,-1,0,7,0
10380,0,1,0.000,0.000,0.00,0.00,0.00,0.00,0.00,-1,0,7,0
10400,0,1,0.000,0.000,0.00,0.00,0.00,0.00,0.00,-1,0,7,0
10420,0,1,0.000,0.000,0.00,0.00,0.00,0.00,0.00,-1,0,7,0
10440,0,1,0.000,0.000,0.00,0.00,0.00,0.00,0.00,-1,0,7,0
10460,0,1,0.000,0.000,0.00,0.00,0.00,0.00,0.00,-1,0,7,0
10480,0,1,0.000,0.000,0.00,0.00,0.00,0.00,0.00,-1,0,7,0
10500,0,1,0.000,0.000,0.00,0.00,0.00,0.00,0.00,-1,0,7,0
10520,0,1,0.000,0.000,0.00,0.00,0.00,0.00,0.00,-1,0,7,0
10540,0,1,0.000,0.000,0.00,0.00,0.00,0.00,0.00,-1,0,7,0
10560,0,1,0.000,0.000,0.00,0.00,0.00,0.00,0.00,-1,0,7,0
10580,0,1,0.000,0.000,0.00,0.00,0.00,0.00,0.00,-1,0,7,0
10600,0,1,0.000,0.000,0.00,0.00,0.00,0.00,0.00,-1,0,7,0
10620,0,1,0.000,0.000,0.00,0.00,0.00,0.00,0.00,-1,0,7,0
10640,0,1,0.000,0.000,0.00,0.00,0.00,0.00,0.00,-1,0,7,0
10660,0,1,0.000,0.000,0.00,0.00,0.00,0.00,0.00,-1,0,7,0
10680,0,1,0.000,0.000,0.00,0.00,0.00,0.00,0.00,-1,0,7,0
10700,0,1,0.000,0.000,0.00,0.00,0.00,0.00,0.00,-1,0,7,0
10720,0,1,0.000,0.000,0.00,0.00,0.00,0.00,0.00,-1,0,7,0
10740,0,1,0.000,0.000,0.00,0.00,0.00,0.00,0.00,-1,0,7,0
10760,0,1,0.000,0.000,0.00,0.00,0.00,0.00,0.00,-1,0,7,0
10780,0,1,0.000,0.000,0.00,0.00,0.00,0.00,0.00,-1,0,7,0
10800,0,1,0.000,0.000,0.00,0.00,0.00,0.00,0.00,-1,0,7,0
10820,0,1,0.000,0.000,0.00,0.00,0.00,0.00,0.00,-1,0,7,0
10840,0,1,0.000,0.000,0.00,0.00,0.00,0.00,0.00,-1,0,7,0
10860,0,1,0.000,0.000,0.00,0.00,0.00,0.00,0.00,-1,0,7,0
10880,0,1,0.000,0.000,0.00,0.00,0.00,0.00,0.00,-1,0,7,0
10900,0,1,0.000,0.000,0.00,0.00,0.00,0.00,0.00,-1,0,7,0
10920,0,1,0.000,0.000,0.00,0.00,0.00,0.00,0.00,-1,0,7,0
10940,0,1,0.000,0.000,0.00,0.00,0.00,0.00,0.00,-1,0,7,0
10960,0,1,0.000,0.000,0.00,0.00,0.00,0.00,0.00,-1,0,7,0
10980,0,1,0.000,0.000,0.00,0.00,0.00,0.00,0.00,-1,0,7,0
11000,0,1,0.000,0.000,0.00,0.00,0.00,0.00,0.00,-1,0,7,0
11020,0,1,0.000,0.000,0.00,0.00,0.00,0.00,0.00,-1,0,7,0
11040,0,1,0.000,0.000,0.00,0.00,0.00,0.00,0.00,-1,0,7,0
11060,0,1,0.000,0.000,0.00,0.00,0.00,0.00,0.00,-1,0,7,0
11080,0,1,0.000,0.000,0.00,0.00,0.00,0.00,0.00,-1,0,7,0
11100,0,1,0.000,0.000,0.00,0.00,0.00,0.00,0.00,-1,0,7,0
11120,0,1,0.000,0.000,0.00,0.00,0.00,0.00,0.00,-1,0,7,0
11140,0,1,0.000,0.000,0.00,0.00,0.00,0.00,0.00,-1,0,7,0
11160,0,1,0.000,0.000,0.00,0.00,0.00,0.00,0.00,-1,0,7,0
11180,0,1,0.000,0.000,0.00,0.00,0.00,0.00,0.00,-1,0,7,0
11200,0,1,0.000,0.000,0.00,0.00,0.00,0.00,0.00,-1,0,7,0
11220,0,1,0.000,0.000,0.00,0.00,0.00,0.00,0.00,-1,0,7,0
11240,0,1,0.000,0.000,0.00,0.00,0.00,0.00,0.00,-1,0,7,0
11260,0,1,0.000,0.000,0.00,0.00,0.00,0.00,0.00,-1,0,7,0
11280,0,1,0.000,0.000,0.00,0.00,0.00,0.00,0.00,-1,0,7,0
11300,0,1,0.000,0.000,0.00,0.00,0.00,0.00,0.00,-1,0,7,0
11320,0,1,0.000,0.000,0.00,0.00,0.00,0.00,0.00,-1,0,7,0
11340,0,1,0.000,0.000,0.00,0.00,0.00,0.00,0.00,-1,0,7,0
11360,0,1,0.000,0.000,0.00,0.00,0.00,0.00,0.00,-1,0,7,0
11380,0,1,0.000,0.000,0.00,0.00,0.00,0.00,0.00,-1,0,7,0
11400,0,1,0.000,0.000,0.00,0.00,0.00,0.00,0.00,-1,0,7,0
11420,0,1,0.000,0.000,0.00,0.00,0.00,0.00,0.00,-1,0,7,0
11440,0,1,0.000,0.000,0.00,0.00,0.00,0.00,0.00,-1,0,7,0
11460,0,1,0.000,0.000,0.00,0.00,0.00,0.00,0.00,-1,0,7,0
11480,0,1,0.000,0.000,0.00,0.00,0.00,0.00,0.00,-1,0,7,0
11500,0,1,0.000,0.000,0.00,0.00,0.00,0.00,0.00,-1,0,7,0
11520,0,1,0.000,0.000,0.00,0.00,0.00,0.00,0.00,-1,0,7,0
11540,0,1,0.000,0.000,0.00,0.00,0.00,0.00,0.00,-1,0,7,0
11560,0,1,0.000,0.000,0.00,0.00,0.00,0.00,0.00,-1,0,7,0
11580,0,1,0.000,0.000,0.00,0.00,0.00,0.00,0.00,-1,0,7,0
11600,0,1,0.000,0.000,0.00,0.00,0.00,0.00,0.00,-1,0,7,0
11620,0,1,0.000,0.000,0.00,0.00,0.00,0.00,0.00,-1,0,7,0
11640,0,1,0.000,0.000,0.00,0.00,0.00,0.00,0.00,-1,0,7,0
11660,0,1,0.000,0.000,0.00,0.00,0.00,0.00,0.00,-1,0,7,0
11680,0,1,0.000,0.000,0.00,0.00,0.00,0.00,0.00,-1,0,7,0
11700,0,1,0.000,0.000,0.00,0.00,0.00,0.00,0.00,-1,0,7,0
11720,0,1,0.000,0.000,0.00,0.00,0.00,0.00,0.00,-1,0,7,0
11740,0,1,0.000,0.000,0.00,0.00,0.00,0.00,0.00,-1,0,7,0
11760,0,1,0.000,0.000,0.00,0.00,0.00,0.00,0.00,-1,0,7,0
11780,0,1,0.000,0.000,0.00,0.00,0.00,0.00,0.00,-1,0,7,0
11800,0,1,0.000,0.000,0.00,0.00,0.00,0.00,0.00,-1,0,7,0
11820,0,1,0.000,0.000,0.00,0.00,0.00,0.00,0.00,-1,0,7,0
11840,0,1,0.000,0.000,0.00,0.00,0.00,0.00,0.00,-1,0,7,0
11860,0,1,0.000,0.000,0.00,0.00,0.00,0.00,0.00,-1,0,7,0
11880,0,1,0.000,0.000,0.00,0.00,0.00,0.00,0.00,-1,0,7,0
11900,0,1,0.000,0.000,0.00,0.00,0.00,0.00,0.00,-1,0,7,0
11920,0,1,0.000,0.000,0.00,0.00,0.00,0.00,0.00,-1,0,7,0
11940,0,1,0.000,0.000,0.00,0.00,0.00,0.00,0.00,-1,0,7,0
11960,0,1,0.000,0.000,0.00,0.00,0.00,0.00,0.00,-1,0,7,0
11980,0,1,0.000,0.000,0.00,0.00,0.00,0.00,0.00,-1,0,7,0
12000,0,1,0.000,0.000,0.00,0.00,0.00,0.00,0.00,-1,0,7,0
12020,0,1,0.000,0.000,0.00,0.00,0.00,0.00,0.00,-1,0,7,0
12040,0,1,0.000,0.000,0.00,0.00,0.00,0.00,0.00,-1,0,7,0
12060,0,1,0.000,0.000,0.00,0.00,0.00,0.00,0.00,-1,0,7,0
12080,0,1,0.000,0.000,0.00,0.00,0.00,0.00,0.00,-1,0,7,0
12100,0,1,0.000,0.000,0.00,0.00,0.00,0.00,0.00,-1,0,7,0
12120,0,1,0.000,0.000,0.00,0.00,0.00,0.00,0.00,-1,0,7,0
12140,0,1,0.000,0.000,0.00,0.00,0.00,0.00,0.00,-1,0,7,0
12160,0,1,0.000,0.000,0.00,0.00,0.00,0.00,0.00,-1,0,7,0
12180,0,1,0.000,0.000,0.00,0.00,0.00,0.00,0.00,-1,0,7,0
12200,0,1,0.000,0.000,0.00,0.00,0.00,0.00,0.00,-1,0,7,0
12220,0,1,0.000,0.000,0.00,0.00,0.00,0.00,0.00,-1,0,7,0
12240,0,1,0.000,0.000,0.00,0.00,0.00,0.00,0.00,-1,0,7,0
12260,0,1,0.000,0.000,0.00,0.00,0.00,0.00,0.00,-1,0,7,0
12280,0,1,0.000,0.000,0.00,0.00,0.00,0.00,0.00,-1,0,7,0
12300,0,1,0.000,0.000,0.00,0.00,0.00,0.00,0.00,-1,0,7,0
12320,0,1,0.000,0.000,0.00,0.00,0.00,0.00,0.00,-1,0,7,0
12340,0,1,0.000,0.000,0.00,0.00,0.00,0.00,0.00,-1,0,7,0
12360,0,1,0.000,0.000,0.00,0.00,0.00,0.00,0.00,-1,0,7,0
12380,0,1,0.000,0.000,0.00,0.00,0.00,0.00,0.00,-1,0,7,0
12400,0,1,0.000,0.000,0.00,0.00,0.00,0.00,0.00,-1,0,7,0
12420,0,1,0.000,0.000,0.00,0.00,0.00,0.00,0.00,-1,0,7,0
12440,0,1,0.000,0.000,0.00,0.00,0.00,0.00,0.00,-1,0,7,0
12460,0,1,0.000,0.000,0.00,0.00,0.00,0.00,0.00,-1,0,7,0
12480,0,1,0.000,0.000,0.00,0.00,0.00,0.00,0.00,-1,0,7,0
12500,0,1,0.000,0.000,0.00,0.00,0.00,0.00,0.00,-1,0,7,0
12520,0,1,0.000,0.000,0.00,0.00,0.00,0.00,0.00,-1,0,7,0
12540,0,1,0.000,0.000,0.00,0.00,0.00,0.00,0.00,-1,0,7,0
12560,0,1,0.000,0.000,0.00,0.00,0.00,0.00,0.00,-1,0,7,0
12580,0,1,0.000,0.000,0.00,0.00,0.00,0.00,0.00,-1,0,7,0
12600,0,1,0.000,0.000,0.00,0.00,0.00,0.00,0.00,-1,0,7,0
12620,0,1,0.000,0.000,0.00,0.00,0.00,0.00,0.00,-1,0,7,0
12640,0,1,0.000,0.000,0.00,0.00,0.00,0.00,0.00,-1,0,7,0
12660,0,1,0.000,0.000,0.00,0.00,0.00,0.00,0.00,-1,0,7,0
12680,0,1,0.000,0.000,0.00,0.00,0.00,0.00,0.00,-1,0,7,0
12700,0,1,0.000,0.000,0.00,0.00,0.00,0.00,0.00,-1,0,7,0
12720,0,1,0.000,0.000,0.00,0.00,0.00,0.00,0.00,-1,0,7,0
12740,0,1,0.000,0.000,0.00,0.00,0.00,0.00,0.00,-1,0,7,0
12760,0,1,0.000,0.000,0.00,0.00,0.00,0.00,0.00,-1,0,7,0
12780,0,1,0.000,0.000,0.00,0.00,0.00,0.00,0.00,-1,0,7,0
12800,0,1,0.000,0.000,0.00,0.00,0.00,0.00,0.00,-1,0,7,0
12820,0,1,0.000,0.000,0.00,0.00,0.00,0.00,0.00,-1,0,7,0
12840,0,1,0.000,0.000,0.00,0.00,0.00,0.00,0.00,-1,0,7,0
12860,0,1,0.000,0.000,0.00,0.00,0.00,0.00,0.00,-1,0,7,0
12880,0,1,0.000,0.000,0.00,0.00,0.00,0.00,0.00,-1,0,7,0
12900,0,1,0.000,0.000,0.00,0.00,0.00,0.00,0.00,-1,0,7,0
12920,0,1,0.000,0.000,0.00,0.00,0.00,0.00,0.00,-1,0,7,0
12940,0,1,0.000,0.000,0.00,0.00,0.00,0.00,0.00,-1,0,7,0
12960,0,1,0.000,0.000,0.00,0.00,0.00,0.00,0.00,-1,0,7,0
12980,0,1,0.000,0.000,0.00,0.00,0.00,0.00,0.00,-1,0,7,0
13000,0,1,0.000,0.000,0.00,0.00,0.00,0.00,0.00,-1,0,7,0
13020,0,1,0.000,0.000,0.00,0.00,0.00,0.00,0.00,-1,0,7,0
13040,0,1,0.000,0.000,0.00,0.00,0.00,0.00,0.00,-1,0,7,0
13060,0,1,0.000,0.000,0.00,0.00,0.00,0.00,0.00,-1,0,7,0
13080,0,1,0.000,0.000,0.00,0.00,0.00,0.00,0.00,-1,0,7,0
13100,0,1,0.000,0.000,0.00,0.00,0.00,0.00,0.00,-1,0,7,0
13120,0,1,0.000,0.000,0.00,0.00,0.00,0.00,0.00,-1,0,7,0
13140,0,1,0.000,0.000,0.00,0.00,0.00,0.00,0.00,-1,0,7,0
13160,0,1,0.000,0.000,0.00,0.00,0.00,0.00,0.00,-1,0,7,0
13180,0,1,0.000,0.000,0.00,0.00,0.00,0.00,0.00,-1,0,7,0
13200,0,1,0.000,0.000,0.00,0.00,0.00,0.00,0.00,-1,0,7,0
13220,0,1,0.000,0.000,0.00,0.00,0.00,0.00,0.00,-1,0,7,0
13240,0,1,0.000,0.000,0.00,0.00,0.00,0.00,0.00,-1,0,7,0
13260,0,1,0.000,0.000,0.00,0.00,0.00,0.00,0.00,-1,0,7,0
13280,0,1,0.000,0.000,0.00,0.00,0.00,0.00,0.00,-1,0,7,0
13300,0,1,0.000,0.000,0.00,0.00,0.00,0.00,0.00,-1,0,7,0
13320,0,1,0.000,0.000,0.00,0.00,0.00,0.00,0.00,-1,0,7,0
13340,0,1,0.000,0.000,0.00,0.00,0.00,0.00,0.00,-1,0,7,0
13360,0,1,0.000,0.000,0.00,0.00,0.00,0.00,0.00,-1,0,7,0
13380,0,1,0.000,0.000,0.00,0.00,0.00,0.00,0.00,-1,0,7,0
13400,0,1,0.000,0.000,0.00,0.00,0.00,0.00,0.00,-1,0,7,0
13420,0,1,0.000,0.000,0.00,0.00,0.00,0.00,0.00,-1,0,7,0
13440,0,1,0.000,0.000,0.00,0.00,0.00,0.00,0.00,-1,0,7,0
13460,0,1,0.000,0.000,0.00,0.00,0.00,0.00,0.00,-1,0,7,0
13480,0,1,0.000,0.000,0.00,0.00,0.00,0.00,0.00,-1,0,7,0
13500,0,1,0.000,0.000,0.00,0.00,0.00,0.00,0.00,-1,0,7,0
13520,0,1,0.000,0.000,0.00,0.00,0.00,0.00,0.00,-1,0,7,0
13540,0,1,0.000,0.000,0.00,0.00,0.00,0.00,0.00,-1,0,7,0
13560,0,1,0.000,0.000,0.00,0.00,0.00,0.00,0.00,-1,0,7,0
13580,0,1,0.000,0.000,0.00,0.00,0.00,0.00,0.00,-1,0,7,0
13600,0,1,0.000,0.000,0.00,0.00,0.00,0.00,0.00,-1,0,7,0
13620,0,1,0.000,0.000,0.00,0.00,0.00,0.00,0.00,-1,0,7,0
13640,0,1,0.000,0.000,0.00,0.00,0.00,0.00,0.00,-1,0,7,0
13660,0,1,0.000,0.000,0.00,0.00,0.00,0.00,0.00,-1,0,7,0
13680,0,1,0.000,0.000,0.00,0.00,0.00,0.00,0.00,-1,0,7,0
13700,0,1,0.000,0.000,0.00,0.00,0.00,0.00,0.00,-1,0,7,0
13720,0,1,0.000,0.000,0.00,0.00,0.00,0.00,0.00,-1,0,7,0
13740,0,1,0.000,0.000,0.00,0.00,0.00,0.00,0.00,-1,0,7,0
13760,0,1,0.000,0.000,0.00,0.00,0.00,0.00,0.00,-1,0,7,0
13780,0,1,0.000,0.000,0.00,0.00,0.00,0.00,0.00,-1,0,7,0
13800,0,1,0.000,0.000,0.00,0.00,0.00,0.00,0.00,-1,0,7,0
13820,0,1,0.000,0.000,0.00,0.00,0.00,0.00,0.00,-1,0,7,0
13840,0,1,0.000,0.000,0.00,0.00,0.00,0.00,0.00,-1,0,7,0
13860,0,1,0.000,0.000,0.00,0.00,0.00,0.00,0.00,-1,0,7,0
13880,0,1,0.000,0.000,0.00,0.00,0.00,0.00,0.00,-1,0,7,0
13900,0,1,0.000,0.000,0.00,0.00,0.00,0.00,0.00,-1,0,7,0
13920,0,1,0.000,0.000,0.00,0.00,0.00,0.00,0.00,-1,0,7,0
13940,0,1,0.000,0.000,0.00,0.00,0.00,0.00,0.00,-1,0,7,0
13960,0,1,0.000,0.000,0.00,0.00,0.00,0.00,0.00,-1,0,7,0
13980,0,1,0.000,0.000,0.00,0.00,0.00,0.00,0.00,-1,0,7,0
14000,0,1,0.000,0.000,0.00,0.00,0.00,0.00,0.00,-1,0,7,0
14020,0,1,0.000,0.000,0.00,0.00,0.00,0.00,0.00,-1,0,7,0
14040,0,1,0.000,0.000,0.00,0.00,0.00,0.00,0.00,-1,0,7,0
14060,0,1,0.000,0.000,0.00,0.00,0.00,0.00,0.00,-1,0,7,0
14080,0,1,0.000,0.000,0.00,0.00,0.00,0.00,0.00,-1,0,7,0
14100,0,1,0.000,0.000,0.00,0.00,0.00,0.00,0.00,-1,0,7,0
14120,0,1,0.000,0.000,0.00,0.00,0.00,0.00,INF,-1,0,7,0
14140,0,1,0.000,0.000,0.00,0.00,0.00,0.00,0.00,-1,0,7,0
14160,0,1,0.000,0.000,0.00,0.00,0.00,0.00,0.00,-1,0,7,0
14180,0,1,0.000,0.000,0.00,0.00,0.00,0.00,0.00,-1,0,7,0
14200,0,1,0.000,0.000,0.00,0.00,0.00,0.00,0.00,-1,0,7,0
14220,0,1,0.000,0.000,0.00,0.00,0.00,0.00,0.00,-1,0,7,0
14240,0,1,0.000,0.000,0.00,0.00,0.00,0.00,0.00,-1,0,7,0
14260,0,1,0.000,0.000,0.00,0.00,0.00,0.00,0.00,-1,0,7,0
14280,0,1,0.000,0.000,0.00,0.00,0.00,0.00,0.00,-1,0,7,0
14300,0,1,0.000,0.000,0.00,0.00,0.00,0.00,0.00,-1,0,7,0
14320,0,1,0.000,0.000,0.00,0.00,0.00,0.00,0.00,-1,0,7,0
14340,0,1,0.000,0.000,0.00,0.00,0.00,0.00,0.00,-1,0,7,0
14360,0,1,0.000,0.000,0.00,0.00,0.00,0.00,0.00,-1,0,7,0
14380,0,1,0.000,0.000,0.00,0.00,0.00,0.00,0.00,-1,0,7,0
14400,0,1,0.000,0.000,0.00,0.00,0.00,0.00,0.00,-1,0,7,0
14420,0,1,0.000,0.000,0.00,0.00,0.00,0.00,0.00,-1,0,7,0
14440,0,1,0.000,0.000,0.00,0.00,0.00,0.00,0.00,-1,0,7,0
14460,0,1,0.000,0.000,0.00,0.00,0.00,0.00,0.00,-1,0,7,0
14480,0,1,0.000,0.000,0.00,0.00,0.00,0.00,0.00,-1,0,7,0
14500,0,1,0.000,0.000,0.00,0.00,0.00,0.00,0.00,-1,0,7,0
14520,0,1,0.000,0.000,0.00,0.00,0.00,0.00,0.00,-1,0,7,0
14540,0,1,0.000,0.000,0.00,0.00,0.00,0.00,0.00,-1,0,7,0
14560,0,1,0.000,0.000,0.00,0.00,0.00,0.00,0.00,-1,0,7,0
14580,0,1,0.000,0.000,0.00,0.00,0.00,0.00,0.00,-1,0,7,0
14600,0,1,0.000,0.000,0.00,0.00,0.00,0.00,0.00,-1,0,7,0
14620,0,1,0.000,0.000,0.00,0.00,0.00,0.00,0.00,-1,0,7,0
14640,0,1,0.000,0.000,0.00,0.00,0.00,0.00,0.00,-1,0,7,0
14660,0,1,0.000,0.000,0.00,0.00,0.00,0.00,0.00,-1,0,7,0
14680,0,1,0.000,0.000,0.00,0.00,0.00,0.00,0.00,-1,0,7,0
14700,0,1,0.000,0.000,0.00,0.00,0.00,0.00,0.00,-1,0,7,0
14720,0,1,0.000,0.000,0.00,0.00,0.00,0.00,0.00,-1,0,7,0
14740,0,1,0.000,0.000,0.00,0.00,0.00,0.00,0.00,-1,0,7,0
14760,0,1,0.000,0.000,0.00,0.00,0.00,0.00,0.00,-1,0,7,0
14780,0,1,0.000,0.000,0.00,0.00,0.00,0.00,0.00,-1,0,7,0
14800,0,1,0.000,0.000,0.00,0.00,0.00,0.00,0.00,-1,0,7,0
14820,0,1,0.000,0.000,0.00,0.00,0.00,0.00,0.00,-1,0,7,0
14840,0,1,0.000,0.000,0.00,0.00,0.00,0.00,0.00,-1,0,7,0
14860,0,1,0.000,0.000,0.00,0.00,0.00,0.00,0.00,-1,0,7,0
14880,0,1,0.000,0.000,0.00,0.00,0.00,0.00,0.00,-1,0,7,0
14900,0,1,0.000,0.000,0.00,0.00,0.00,0.00,0.00,-1,0,7,0
14920,0,1,0.000,0.000,0.00,0.00,0.00,0.00,0.00,-1,0,7,0
14940,0,1,0.000,0.000,0.00,0.00,0.00,0.00,0.00,-1,0,7,0
14960,0,1,0.000,0.000,0.00,0.00,0.00,0.00,0.00,-1,0,7,0
14980,0,1,0.000,0.000,0.00,0.00,0.00,0.00,0.00,-1,0,7,0
15000,0,1,0.000,0.000,0.00,0.00,0.00,0.00,0.00,-1,0,7,0
