"EyeTracker Toolbox version","3.250"
CalibrationParameters_A11,1.12550
CalibrationParameters_A12,0.05089
CalibrationParameters_A13,-0.00068
CalibrationParameters_A21,0.01846
CalibrationParameters_A22,-1.13458
CalibrationParameters_A23,-0.09713
CalibrationParameters_A31,-0.00012
CalibrationParameters_A32,0.00192
CalibrationParameters_E11,-0.17997
CalibrationParameters_E12,-0.00016
CalibrationParameters_E21,-0.00021
CalibrationParameters_E22,0.19996
CalibrationParameters_X,0.88982
CalibrationParameters_Y,49.01152
CalibrationParameters_Rpc,63.19469
CalibrationParameters_MeanX,188.14262
CalibrationParameters_MeanY,147.48712
CalibrationParameters_ViewDist,613.00000
TimeStamp,Tracked,Calibrated,ScreenPositionXmm,ScreenPositionYmm,FicksLongitude,FicksLatitude,HelmholtzAzimuth,HelmholtzElevation,PupilDiameter,Region,Fixation,DigitalIO,Dropped
0,1,1,33.075,13.491,3.09,1.26,3.09,1.26,INF,-1,0,7,0
20,1,1,35.545,21.240,3.32,1.98,3.32,1.98,INF,-1,0,7,0
40,1,1,30.450,18.923,2.84,1.77,2.84,1.77,INF,-1,0,7,0
60,1,1,31.849,20.416,2.97,1.91,2.97,1.91,INF,-1,0,7,0
80,1,1,26.721,19.307,2.50,1.80,2.49,1.80,INF,-1,0,7,0
100,1,1,25.321,21.947,2.37,2.05,2.36,2.05,INF,-1,0,7,0
120,1,1,20.711,16.242,1.94,1.52,1.93,1.52,INF,-1,0,7,0
140,1,1,18.262,9.718,1.71,0.91,1.71,0.91,INF,-1,0,7,0
160,0,1,0.000,0.000,0.00,0.00,0.00,0.00,0.00,-1,0,7,0
180,0,1,0.000,0.000,0.00,0.00,0.00,0.00,0.00,-1,0,7,0
200,0,1,0.000,0.000,0.00,0.00,0.00,0.00,0.00,-1,0,7,0
220,0,1,0.000,0.000,0.00,0.00,0.00,0.00,0.00,-1,0,7,0
240,0,1,0.000,0.000,0.00,0.00,0.00,0.00,0.00,-1,0,7,0
260,0,1,0.000,0.000,0.00,0.00,0.00,0.00,0.00,-1,0,7,0
280,0,1,0.000,0.000,0.00,0.00,0.00,0.00,0.00,-1,0,7,0
300,0,1,0.000,0.000,0.00,0.00,0.00,0.00,0.00,-1,0,7,0
320,0,1,0.000,0.000,0.00,0.00,0.00,0.00,0.00,-1,0,7,0
340,0,1,0.000,0.000,0.00,0.00,0.00,0.00,0.00,-1,0,7,0
360,0,1,0.000,0.000,0.00,0.00,0.00,0.00,0.00,-1,0,7,0
380,0,1,0.000,0.000,0.00,0.00,0.00,0.00,0.00,-1,0,7,0
400,1,1,-4.182,-18.082,-0.39,-1.69,-0.39,-1.69,INF,-1,0,7,0
420,1,1,-7.316,4.208,-0.68,0.39,-0.68,0.39,INF,-1,0,7,0
440,1,1,-8.906,2.405,-0.83,0.22,-0.83,0.22,INF,-1,0,7,0
460,1,1,-7.797,5.018,-0.73,0.47,-0.73,0.47,INF,-1,0,7,0
480,1,1,-11.801,0.013,-1.10,0.00,-1.10,0.00,INF,-1,0,7,0
500,1,1,-12.383,-1.050,-1.16,-0.10,-1.16,-0.10,INF,-1,0,7,0
520,1,1,-9.773,-3.810,-0.91,-0.36,-0.91,-0.36,INF,-1,0,7,0
540,1,1,-11.000,-9.127,-1.03,-0.85,-1.03,-0.85,INF,-1,0,7,0
560,1,1,-9.953,-3.455,-0.93,-0.32,-0.93,-0.32,INF,-1,0,7,0
580,1,1,-2.690,7.249,-0.25,0.68,-0.25,0.68,INF,-1,0,7,0
600,1,1,-11.315,-7.132,-1.06,-0.67,-1.06,-0.67,INF,-1,0,7,0
620,1,1,-11.442,-7.879,-1.07,-0.74,-1.07,-0.74,INF,-1,0,7,0
640,1,1,-6.700,-0.890,-0.63,-0.08,-0.63,-0.08,INF,-1,0,7,0
660,1,1,-7.491,2.035,-0.70,0.19,-0.70,0.19,INF,-1,0,7,0
680,1,1,-5.359,3.668,-0.50,0.34,-0.50,0.34,INF,-1,0,7,0
700,1,1,-5.203,0.085,-0.49,0.01,-0.49,0.01,INF,-1,1,7,0
720,1,1,-5.710,-0.957,-0.53,-0.09,-0.53,-0.09,INF,-1,1,7,0
740,1,1,-2.695,2.482,-0.25,0.23,-0.25,0.23,INF,-1,1,7,0
760,1,1,-6.570,0.515,-0.61,0.05,-0.61,0.05,INF,-1,1,7,0
780,1,1,-8.028,-2.804,-0.75,-0.26,-0.75,-0.26,INF,-1,1,7,0
800,1,1,-10.272,-5.060,-0.96,-0.47,-0.96,-0.47,INF,-1,1,7,0
820,1,1,-11.474,-13.168,-1.07,-1.23,-1.07,-1.23,INF,-1,1,7,0
840,1,1,-10.856,-7.261,-1.01,-0.68,-1.01,-0.68,INF,-1,1,7,0
860,1,1,-11.946,-5.820,-1.12,-0.54,-1.12,-0.54,INF,-1,1,7,0
880,1,1,-14.364,-6.692,-1.34,-0.63,-1.34,-0.63,INF,-1,1,7,0
900,1,1,-11.306,-9.309,-1.06,-0.87,-1.06,-0.87,INF,-1,1,7,0
920,1,1,-17.821,-8.657,-1.67,-0.81,-1.67,-0.81,INF,-1,1,7,0
940,1,1,-19.959,-6.946,-1.86,-0.65,-1.86,-0.65,INF,-1,1,7,0
960,1,1,-18.139,-4.739,-1.69,-0.44,-1.69,-0.44,INF,-1,0,7,0
980,1,1,-17.107,-6.597,-1.60,-0.62,-1.60,-0.62,INF,-1,0,7,0
1000,1,1,-16.524,-4.030,-1.54,-0.38,-1.54,-0.38,INF,-1,0,7,0
1020,1,1,-15.890,-4.903,-1.48,-0.46,-1.48,-0.46,INF,-1,0,7,0
1040,1,1,-19.400,-11.253,-1.81,-1.05,-1.81,-1.05,INF,-1,0,7,0
1060,1,1,-17.685,-8.620,-1.65,-0.81,-1.65,-0.81,INF,-1,0,7,0
1080,1,1,-16.475,-3.362,-1.54,-0.31,-1.54,-0.31,INF,-1,0,7,0
1100,1,1,-18.369,-4.929,-1.72,-0.46,-1.72,-0.46,INF,-1,0,7,0
1120,1,1,-17.849,-5.318,-1.67,-0.50,-1.67,-0.50,INF,-1,0,7,0
1140,1,1,-19.831,-2.385,-1.85,-0.22,-1.85,-0.22,INF,-1,0,7,0
1160,1,1,-15.267,-0.685,-1.43,-0.06,-1.43,-0.06,INF,-1,0,7,0
1180,1,1,-15.380,0.762,-1.44,0.07,-1.44,0.07,INF,-1,0,7,0
1200,1,1,-16.858,1.397,-1.58,0.13,-1.58,0.13,INF,-1,1,7,0
1220,1,1,-17.048,3.764,-1.59,0.35,-1.59,0.35,INF,-1,1,7,0
1240,1,1,-19.452,-1.962,-1.82,-0.18,-1.82,-0.18,INF,-1,1,7,0
1260,1,1,-16.740,1.213,-1.56,0.11,-1.56,0.11,INF,-1,1,7,0
1280,1,1,-17.441,3.957,-1.63,0.37,-1.63,0.37,INF,-1,1,7,0
1300,1,1,-18.515,2.919,-1.73,0.27,-1.73,0.27,INF,-1,1,7,0
1320,1,1,-22.289,0.009,-2.08,0.00,-2.08,0.00,INF,-1,1,7,0
1340,1,1,-22.222,-5.638,-2.08,-0.53,-2.08,-0.53,INF,-1,1,7,0
1360,1,1,-22.382,-7.941,-2.09,-0.74,-2.09,-0.74,INF,-1,1,7,0
1380,1,1,-22.718,-7.525,-2.12,-0.70,-2.12,-0.70,INF,-1,1,7,0
1400,1,1,-21.437,-8.784,-2.00,-0.82,-2.00,-0.82,INF,-1,1,7,0
1420,1,1,-20.516,-11.215,-1.92,-1.05,-1.92,-1.05,INF,-1,1,7,0
1440,1,1,-21.450,-8.935,-2.00,-0.83,-2.00,-0.84,INF,-1,1,7,0
1460,1,1,-22.473,-9.161,-2.10,-0.86,-2.10,-0.86,INF,-1,1,7,0
1480,1,1,-19.689,-7.439,-1.84,-0.69,-1.84,-0.70,INF,-1,1,7,0
1500,1,1,-17.907,-6.281,-1.67,-0.59,-1.67,-0.59,INF,-1,1,7,0
1520,1,1,-17.448,-5.515,-1.63,-0.52,-1.63,-0.52,INF,-1,1,7,0
1540,1,1,-16.286,-3.795,-1.52,-0.35,-1.52,-0.35,INF,-1,1,7,0
1560,1,1,-13.742,-2.674,-1.28,-0.25,-1.28,-0.25,INF,-1,1,7,0
1580,1,1,-13.564,-3.344,-1.27,-0.31,-1.27,-0.31,INF,-1,1,7,0
1600,1,1,-14.403,-0.957,-1.35,-0.09,-1.35,-0.09,INF,-1,1,7,0
1620,1,1,-10.863,-2.931,-1.02,-0.27,-1.02,-0.27,INF,-1,1,7,0
1640,1,1,-11.472,-0.064,-1.07,-0.01,-1.07,-0.01,INF,-1,1,7,0
1660,1,1,-11.843,-0.656,-1.11,-0.06,-1.11,-0.06,INF,-1,1,7,0
1680,1,1,-14.107,1.394,-1.32,0.13,-1.32,0.13,INF,-1,1,7,0
1700,1,1,-11.895,1.042,-1.11,0.10,-1.11,0.10,INF,-1,1,7,0
1720,1,1,-11.631,3.426,-1.09,0.32,-1.09,0.32,INF,-1,1,7,0
1740,1,1,-12.295,1.160,-1.15,0.11,-1.15,0.11,INF,-1,1,7,0
1760,1,1,-9.002,-0.711,-0.84,-0.07,-0.84,-0.07,INF,-1,1,7,0
1780,1,1,-8.652,0.868,-0.81,0.08,-0.81,0.08,INF,-1,1,7,0
1800,1,1,-8.282,-1.445,-0.77,-0.14,-0.77,-0.14,INF,-1,1,7,0
1820,1,1,-2.911,1.260,-0.27,0.12,-0.27,0.12,INF,-1,1,7,0
1840,1,1,-6.143,1.402,-0.57,0.13,-0.57,0.13,INF,-1,1,7,0
1860,1,1,-4.938,3.345,-0.46,0.31,-0.46,0.31,INF,-1,0,7,0
1880,1,1,-3.896,5.796,-0.36,0.54,-0.36,0.54,INF,-1,0,7,0
1900,1,1,-4.929,5.926,-0.46,0.55,-0.46,0.55,INF,-1,0,7,0
1920,1,1,-0.532,3.569,-0.05,0.33,-0.05,0.33,INF,-1,0,7,0
1940,1,1,-8.160,-1.916,-0.76,-0.18,-0.76,-0.18,INF,-1,0,7,0
1960,1,1,-10.965,-10.083,-1.02,-0.94,-1.02,-0.94,INF,-1,0,7,0
1980,1,1,-8.669,-16.290,-0.81,-1.52,-0.81,-1.52,INF,-1,0,7,0
2000,1,1,-16.473,-23.553,-1.54,-2.20,-1.54,-2.20,INF,-1,0,7,0
2020,1,1,-14.982,-20.775,-1.40,-1.94,-1.40,-1.94,INF,-1,0,7,0
2040,1,1,-10.398,-18.352,-0.97,-1.71,-0.97,-1.71,INF,-1,0,7,0
2060,1,1,-13.734,-18.865,-1.28,-1.76,-1.28,-1.76,INF,-1,0,7,0
2080,1,1,-15.514,-17.631,-1.45,-1.65,-1.45,-1.65,INF,-1,0,7,0
2100,1,1,-13.339,-18.314,-1.25,-1.71,-1.25,-1.71,INF,-1,0,7,0
2120,1,1,-14.953,-13.846,-1.40,-1.29,-1.40,-1.29,INF,-1,0,7,0
2140,1,1,-13.751,-15.471,-1.29,-1.45,-1.28,-1.45,INF,-1,0,7,0
2160,1,1,-16.872,-16.789,-1.58,-1.57,-1.58,-1.57,INF,-1,0,7,0
2180,1,1,-20.297,-17.687,-1.90,-1.65,-1.90,-1.65,INF,-1,0,7,0
2200,1,1,-20.577,-20.953,-1.92,-1.96,-1.92,-1.96,INF,-1,0,7,0
2220,1,1,-21.655,-18.117,-2.02,-1.69,-2.02,-1.69,INF,-1,1,7,0
2240,1,1,-21.999,-16.261,-2.06,-1.52,-2.05,-1.52,INF,-1,1,7,0
2260,1,1,-21.072,-17.978,-1.97,-1.68,-1.97,-1.68,INF,-1,1,7,0
2280,1,1,-22.057,-17.612,-2.06,-1.64,-2.06,-1.65,INF,-1,1,7,0
2300,1,1,-24.777,-16.800,-2.31,-1.57,-2.31,-1.57,INF,-1,1,7,0
2320,1,1,-23.511,-19.193,-2.20,-1.79,-2.20,-1.79,INF,-1,1,7,0
2340,1,1,-25.261,-23.565,-2.36,-2.20,-2.36,-2.20,INF,-1,1,7,0
2360,1,1,-22.102,-19.459,-2.06,-1.82,-2.06,-1.82,INF,-1,1,7,0
2380,1,1,-25.645,-21.062,-2.40,-1.97,-2.39,-1.97,INF,-1,1,7,0
2400,1,1,-21.429,-21.229,-2.00,-1.98,-2.00,-1.98,INF,-1,1,7,0
2420,1,1,-18.348,-21.547,-1.71,-2.01,-1.71,-2.01,INF,-1,1,7,0
2440,1,1,-22.280,-23.876,-2.08,-2.23,-2.08,-2.23,INF,-1,1,7,0
2460,1,1,-21.830,-17.683,-2.04,-1.65,-2.04,-1.65,INF,-1,1,7,0
2480,1,1,-23.237,-25.660,-2.17,-2.40,-2.17,-2.40,INF,-1,1,7,0
2500,1,1,-19.784,-23.663,-1.85,-2.21,-1.85,-2.21,INF,-1,1,7,0
2520,1,1,-23.643,-23.703,-2.21,-2.21,-2.21,-2.21,INF,-1,1,7,0
2540,1,1,-28.643,-24.755,-2.68,-2.31,-2.67,-2.31,INF,-1,1,7,0
2560,1,1,-22.313,-22.582,-2.08,-2.11,-2.08,-2.11,INF,-1,1,7,0
2580,1,1,-26.592,-24.537,-2.48,-2.29,-2.48,-2.29,INF,-1,1,7,0
2600,1,1,-22.997,-25.203,-2.15,-2.35,-2.15,-2.35,INF,-1,1,7,0
2620,1,1,-22.874,-19.987,-2.14,-1.87,-2.14,-1.87,INF,-1,1,7,0
2640,1,1,-25.109,-26.030,-2.35,-2.43,-2.34,-2.43,INF,-1,1,7,0
2660,1,1,-23.327,-24.916,-2.18,-2.33,-2.18,-2.33,INF,-1,1,7,0
2680,1,1,-27.186,-23.790,-2.54,-2.22,-2.54,-2.22,INF,-1,0,7,0
2700,1,1,-27.954,-24.401,-2.61,-2.28,-2.61,-2.28,INF,-1,0,7,0
2720,1,1,-29.854,-27.188,-2.79,-2.54,-2.79,-2.54,INF,-1,0,7,0
2740,1,1,-28.347,-23.879,-2.65,-2.23,-2.65,-2.23,INF,-1,0,7,0
2760,1,1,-28.550,-26.251,-2.67,-2.45,-2.66,-2.45,INF,-1,0,7,0
2780,1,1,-31.655,-27.752,-2.96,-2.59,-2.95,-2.59,INF,-1,0,7,0
2800,1,1,-29.441,-23.715,-2.75,-2.21,-2.75,-2.22,INF,-1,0,7,0
2820,1,1,-32.123,-24.832,-3.00,-2.32,-3.00,-2.32,INF,-1,0,7,0
2840,1,1,-30.777,-26.065,-2.87,-2.43,-2.87,-2.43,INF,-1,0,7,0
2860,1,1,-31.205,-27.157,-2.91,-2.53,-2.91,-2.54,INF,-1,0,7,0
2880,1,1,-32.031,-21.670,-2.99,-2.02,-2.99,-2.02,INF,-1,0,7,0
2900,1,1,-30.025,-28.704,-2.80,-2.68,-2.80,-2.68,INF,-1,0,7,0
2920,1,1,-28.206,-21.704,-2.63,-2.03,-2.63,-2.03,INF,-1,1,7,0
2940,1,1,-29.170,-19.301,-2.72,-1.80,-2.72,-1.80,INF,-1,1,7,0
2960,1,1,-28.279,-19.395,-2.64,-1.81,-2.64,-1.81,INF,-1,1,7,0
2980,1,1,-30.304,-21.832,-2.83,-2.04,-2.83,-2.04,INF,-1,1,7,0
3000,1,1,-31.665,-21.419,-2.96,-2.00,-2.96,-2.00,INF,-1,1,7,0
3020,1,1,-28.446,-18.525,-2.66,-1.73,-2.66,-1.73,INF,-1,1,7,0
3040,1,1,-30.159,-22.166,-2.82,-2.07,-2.81,-2.07,INF,-1,1,7,0
3060,1,1,-24.170,-15.299,-2.26,-1.43,-2.26,-1.43,INF,-1,1,7,0
3080,1,1,-28.509,-17.376,-2.66,-1.62,-2.66,-1.62,INF,-1,1,7,0
3100,1,1,-25.405,-16.834,-2.37,-1.57,-2.37,-1.57,INF,-1,1,7,0
3120,1,1,-24.746,-16.590,-2.31,-1.55,-2.31,-1.55,INF,-1,1,7,0
3140,1,1,-27.258,-25.591,-2.55,-2.39,-2.54,-2.39,INF,-1,1,7,0
3160,1,1,-20.449,-18.826,-1.91,-1.76,-1.91,-1.76,INF,-1,1,7,0
3180,1,1,-19.990,-20.014,-1.87,-1.87,-1.87,-1.87,INF,-1,1,7,0
3200,1,1,-24.787,-17.434,-2.32,-1.63,-2.31,-1.63,INF,-1,1,7,0
3220,1,1,-24.504,-16.866,-2.29,-1.57,-2.29,-1.58,INF,-1,1,7,0
3240,1,1,-25.860,-17.158,-2.42,-1.60,-2.41,-1.60,INF,-1,1,7,0
3260,1,1,-23.526,-14.410,-2.20,-1.35,-2.20,-1.35,INF,-1,1,7,0
3280,1,1,-22.366,-14.471,-2.09,-1.35,-2.09,-1.35,INF,-1,1,7,0
3300,1,1,-22.809,-16.533,-2.13,-1.54,-2.13,-1.54,INF,-1,0,7,0
3320,1,1,-25.504,-15.831,-2.38,-1.48,-2.38,-1.48,INF,-1,0,7,0
3340,1,1,-22.807,-17.609,-2.13,-1.64,-2.13,-1.65,INF,-1,0,7,0
3360,1,1,-27.576,-18.277,-2.58,-1.71,-2.57,-1.71,INF,-1,0,7,0
3380,1,1,-25.451,-21.695,-2.38,-2.03,-2.38,-2.03,INF,-1,0,7,0
3400,1,1,-22.970,-20.939,-2.15,-1.95,-2.14,-1.96,INF,-1,0,7,0
3420,1,1,-25.802,-17.037,-2.41,-1.59,-2.41,-1.59,INF,-1,0,7,0
3440,1,1,-27.290,-19.125,-2.55,-1.79,-2.55,-1.79,INF,-1,0,7,0
3460,1,1,-28.351,-20.401,-2.65,-1.90,-2.65,-1.91,INF,-1,0,7,0
3480,1,1,-24.463,-18.756,-2.29,-1.75,-2.28,-1.75,INF,-1,0,7,0
3500,1,1,-28.344,-21.821,-2.65,-2.04,-2.65,-2.04,INF,-1,0,7,0
3520,1,1,-27.494,-21.397,-2.57,-2.00,-2.57,-2.00,INF,-1,0,7,0
3540,1,1,-27.240,-20.909,-2.54,-1.95,-2.54,-1.95,INF,-1,1,7,0
3560,1,1,-28.986,-22.716,-2.71,-2.12,-2.71,-2.12,INF,-1,1,7,0
3580,1,1,-23.794,-18.430,-2.22,-1.72,-2.22,-1.72,INF,-1,1,7,0
3600,1,1,-25.455,-20.049,-2.38,-1.87,-2.38,-1.87,INF,-1,1,7,0
3620,1,1,-23.332,-14.057,-2.18,-1.31,-2.18,-1.31,INF,-1,1,7,0
3640,1,1,-22.559,-20.437,-2.11,-1.91,-2.11,-1.91,INF,-1,1,7,0
3660,1,1,-26.317,-18.519,-2.46,-1.73,-2.46,-1.73,INF,-1,1,7,0
3680,1,1,-24.303,-19.386,-2.27,-1.81,-2.27,-1.81,INF,-1,1,7,0
3700,1,1,-23.666,-21.105,-2.21,-1.97,-2.21,-1.97,INF,-1,1,7,0
3720,1,1,-25.455,-16.347,-2.38,-1.53,-2.38,-1.53,INF,-1,1,7,0
3740,1,1,-25.291,-20.584,-2.36,-1.92,-2.36,-1.92,INF,-1,1,7,0
3760,1,1,-26.621,-17.517,-2.49,-1.64,-2.49,-1.64,INF,-1,1,7,0
3780,1,1,-26.533,-14.888,-2.48,-1.39,-2.48,-1.39,INF,-1,1,7,0
3800,1,1,-27.832,-19.241,-2.60,-1.80,-2.60,-1.80,INF,-1,1,7,0
3820,1,1,-20.062,-19.870,-1.87,-1.86,-1.87,-1.86,INF,-1,1,7,0
3840,1,1,-18.290,-17.859,-1.71,-1.67,-1.71,-1.67,INF,-1,1,7,0
3860,1,1,-22.964,-19.418,-2.15,-1.81,-2.14,-1.81,INF,-1,1,7,0
3880,1,1,-20.230,-19.755,-1.89,-1.84,-1.89,-1.85,INF,-1,1,7,0
3900,1,1,-17.918,-20.527,-1.67,-1.92,-1.67,-1.92,INF,-1,1,7,0
3920,1,1,-22.694,-18.421,-2.12,-1.72,-2.12,-1.72,INF,-1,1,7,0
3940,1,1,-16.832,-16.821,-1.57,-1.57,-1.57,-1.57,INF,-1,1,7,0
3960,0,1,0.000,0.000,0.00,0.00,0.00,0.00,0.00,-1,1,7,0
3980,1,1,-22.132,-26.939,-2.07,-2.51,-2.07,-2.52,INF,-1,1,7,0
4000,1,1,-24.871,-16.668,-2.32,-1.56,-2.32,-1.56,INF,-1,1,7,0
4020,1,1,-20.397,-27.874,-1.91,-2.60,-1.90,-2.60,INF,-1,1,7,0
4040,1,1,-24.949,-19.518,-2.33,-1.82,-2.33,-1.82,INF,-1,1,7,0
4060,1,1,-20.104,-18.699,-1.88,-1.75,-1.88,-1.75,INF,-1,1,7,0
4080,1,1,-26.867,-21.508,-2.51,-2.01,-2.51,-2.01,INF,-1,1,7,0
4100,1,1,-26.398,-14.581,-2.47,-1.36,-2.47,-1.36,INF,-1,1,7,0
4120,1,1,-26.254,-17.635,-2.45,-1.65,-2.45,-1.65,INF,-1,1,7,0
4140,0,1,0.000,0.000,0.00,0.00,0.00,0.00,0.00,-1,1,7,0
4160,0,1,0.000,0.000,0.00,0.00,0.00,0.00,0.00,-1,1,7,0
4180,1,1,-28.705,-14.690,-2.68,-1.37,-2.68,-1.37,INF,-1,1,7,0
4200,1,1,-28.034,-15.570,-2.62,-1.45,-2.62,-1.45,INF,-1,1,7,0
4220,1,1,-25.292,-16.786,-2.36,-1.57,-2.36,-1.57,INF,-1,1,7,0
4240,0,1,0.000,0.000,0.00,0.00,0.00,0.00,0.00,-1,1,7,0
4260,1,1,-26.849,-24.234,-2.51,-2.26,-2.51,-2.26,INF,-1,1,7,0
4280,0,1,0.000,0.000,0.00,0.00,0.00,0.00,0.00,-1,1,7,0
4300,0,1,0.000,0.000,0.00,0.00,0.00,0.00,0.00,-1,1,7,0
4320,0,1,0.000,0.000,0.00,0.00,0.00,0.00,0.00,-1,1,7,0
4340,0,1,0.000,0.000,0.00,0.00,0.00,0.00,0.00,-1,1,7,0
4360,0,1,0.000,0.000,0.00,0.00,0.00,0.00,0.00,-1,0,7,0
4380,0,1,0.000,0.000,0.00,0.00,0.00,0.00,0.00,-1,0,7,0
4400,1,1,-21.108,-35.408,-1.97,-3.30,-1.97,-3.31,INF,-1,0,7,0
4420,0,1,0.000,0.000,0.00,0.00,0.00,0.00,0.00,-1,0,7,0
4440,1,1,-25.344,-16.845,-2.37,-1.57,-2.37,-1.57,INF,-1,0,7,0
4460,1,1,-26.796,-19.162,-2.50,-1.79,-2.50,-1.79,INF,-1,0,7,0
4480,1,1,-19.030,-23.306,-1.78,-2.18,-1.78,-2.18,INF,-1,0,7,0
4500,1,1,-21.395,-32.960,-2.00,-3.08,-2.00,-3.08,INF,-1,0,7,0
4520,1,1,-20.018,-26.362,-1.87,-2.46,-1.87,-2.46,INF,-1,0,7,0
4540,1,1,-18.147,-36.164,-1.70,-3.37,-1.69,-3.38,INF,-1,0,7,0
4560,0,1,0.000,0.000,0.00,0.00,0.00,0.00,0.00,-1,0,7,0
4580,1,1,-15.079,-33.216,-1.41,-3.10,-1.41,-3.10,INF,-1,0,7,0
4600,1,1,-16.889,-32.922,-1.58,-3.07,-1.58,-3.07,INF,-1,0,7,0
4620,1,1,-17.247,-32.376,-1.61,-3.02,-1.61,-3.02,INF,-1,0,7,0
4640,1,1,-17.109,-20.694,-1.60,-1.93,-1.60,-1.93,INF,-1,0,7,0
4660,1,1,-12.528,-28.196,-1.17,-2.63,-1.17,-2.63,INF,-1,0,7,0
4680,1,1,-14.007,-22.521,-1.31,-2.10,-1.31,-2.10,INF,-1,1,7,0
4700,0,1,0.000,0.000,0.00,0.00,0.00,0.00,0.00,-1,1,7,0
4720,0,1,0.000,0.000,0.00,0.00,0.00,0.00,0.00,-1,1,7,0
4740,0,1,0.000,0.000,0.00,0.00,0.00,0.00,0.00,-1,1,7,0
4760,0,1,0.000,0.000,0.00,0.00,0.00,0.00,0.00,-1,1,7,0
4780,0,1,0.000,0.000,0.00,0.00,0.00,0.00,0.00,-1,0,7,0
4800,0,1,0.000,0.000,0.00,0.00,0.00,0.00,0.00,-1,0,7,0
4820,0,1,0.000,0.000,0.00,0.00,0.00,0.00,0.00,-1,0,7,0
4840,0,1,0.000,0.000,0.00,0.00,0.00,0.00,0.00,-1,0,7,0
4860,0,1,0.000,0.000,0.00,0.00,0.00,0.00,0.00,-1,0,7,0
4880,0,1,0.000,0.000,0.00,0.00,0.00,0.00,0.00,-1,0,7,0
4900,0,1,0.000,0.000,0.00,0.00,0.00,0.00,0.00,-1,0,7,0
4920,0,1,0.000,0.000,0.00,0.00,0.00,0.00,0.00,-1,0,7,0
4940,0,1,0.000,0.000,0.00,0.00,0.00,0.00,0.00,-1,0,7,0
4960,0,1,0.000,0.000,0.00,0.00,0.00,0.00,0.00,-1,0,7,0
4980,0,1,0.000,0.000,0.00,0.00,0.00,0.00,0.00,-1,0,7,0
5000,1,1,-262.205,-28.697,-23.16,-2.46,-23.14,-2.68,INF,-1,0,7,0
5020,0,1,0.000,0.000,0.00,0.00,0.00,0.00,0.00,-1,0,7,0
5040,0,1,0.000,0.000,0.00,0.00,0.00,0.00,0.00,-1,0,7,0
5060,0,1,0.000,0.000,0.00,0.00,0.00,0.00,0.00,-1,0,7,0
5080,0,1,0.000,0.000,0.00,0.00,0.00,0.00,0.00,-1,0,7,0
5100,0,1,0.000,0.000,0.00,0.00,0.00,0.00,0.00,-1,0,7,0
5120,0,1,0.000,0.000,0.00,0.00,0.00,0.00,0.00,-1,0,7,0
5140,0,1,0.000,0.000,0.00,0.00,0.00,0.00,0.00,-1,0,7,0
5160,0,1,0.000,0.000,0.00,0.00,0.00,0.00,0.00,-1,0,7,0
5180,0,1,0.000,0.000,0.00,0.00,0.00,0.00,0.00,-1,0,7,0
5200,0,1,0.000,0.000,0.00,0.00,0.00,0.00,0.00,-1,0,7,0
5220,0,1,0.000,0.000,0.00,0.00,0.00,0.00,0.00,-1,0,7,0
5240,0,1,0.000,0.000,0.00,0.00,0.00,0.00,0.00,-1,0,7,0
5260,0,1,0.000,0.000,0.00,0.00,0.00,0.00,0.00,-1,0,7,0
5280,0,1,0.000,0.000,0.00,0.00,0.00,0.00,0.00,-1,0,7,0
5300,0,1,0.000,0.000,0.00,0.00,0.00,0.00,0.00,-1,0,7,0
5320,0,1,0.000,0.000,0.00,0.00,0.00,0.00,0.00,-1,0,7,0
5340,0,1,0.000,0.000,0.00,0.00,0.00,0.00,0.00,-1,0,7,0
5360,0,1,0.000,0.000,0.00,0.00,0.00,0.00,0.00,-1,0,7,0
5380,0,1,0.000,0.000,0.00,0.00,0.00,0.00,0.00,-1,0,7,0
5400,0,1,0.000,0.000,0.00,0.00,0.00,0.00,0.00,-1,0,7,0
5420,0,1,0.000,0.000,0.00,0.00,0.00,0.00,0.00,-1,0,7,0
5440,0,1,0.000,0.000,0.00,0.00,0.00,0.00,0.00,-1,0,7,0
5460,0,1,0.000,0.000,0.00,0.00,0.00,0.00,0.00,-1,0,7,0
5480,0,1,0.000,0.000,0.00,0.00,0.00,0.00,0.00,-1,0,7,0
5500,0,1,0.000,0.000,0.00,0.00,0.00,0.00,0.00,-1,0,7,0
5520,0,1,0.000,0.000,0.00,0.00,0.00,0.00,0.00,-1,0,7,0
5540,0,1,0.000,0.000,0.00,0.00,0.00,0.00,0.00,-1,0,7,0
5560,0,1,0.000,0.000,0.00,0.00,0.00,0.00,0.00,-1,0,7,0
5580,0,1,0.000,0.000,0.00,0.00,0.00,0.00,0.00,-1,0,7,0
5600,0,1,0.000,0.000,0.00,0.00,0.00,0.00,0.00,-1,0,7,0
5620,0,1,0.000,0.000,0.00,0.00,0.00,0.00,0.00,-1,0,7,0
5640,0,1,0.000,0.000,0.00,0.00,0.00,0.00,0.00,-1,0,7,0
5660,0,1,0.000,0.000,0.00,0.00,0.00,0.00,0.00,-1,0,7,0
5680,0,1,0.000,0.000,0.00,0.00,0.00,0.00,0.00,-1,0,7,0
5700,0,1,0.000,0.000,0.00,0.00,0.00,0.00,0.00,-1,0,7,0
5720,0,1,0.000,0.000,0.00,0.00,0.00,0.00,0.00,-1,0,7,0
5740,0,1,0.000,0.000,0.00,0.00,0.00,0.00,0.00,-1,0,7,0
5760,0,1,0.000,0.000,0.00,0.00,0.00,0.00,0.00,-1,0,7,0
5780,0,1,0.000,0.000,0.00,0.00,0.00,0.00,0.00,-1,0,7,0
5800,0,1,0.000,0.000,0.00,0.00,0.00,0.00,0.00,-1,0,7,0
5820,0,1,0.000,0.000,0.00,0.00,0.00,0.00,0.00,-1,0,7,0
5840,0,1,0.000,0.000,0.00,0.00,0.00,0.00,0.00,-1,0,7,0
5860,0,1,0.000,0.000,0.00,0.00,0.00,0.00,0.00,-1,0,7,0
5880,0,1,0.000,0.000,0.00,0.00,0.00,0.00,0.00,-1,0,7,0
5900,0,1,0.000,0.000,0.00,0.00,0.00,0.00,0.00,-1,0,7,0
5920,0,1,0.000,0.000,0.00,0.00,0.00,0.00,0.00,-1,0,7,0
5940,0,1,0.000,0.000,0.00,0.00,0.00,0.00,0.00,-1,0,7,0
5960,0,1,0.000,0.000,0.00,0.00,0.00,0.00,0.00,-1,0,7,0
5980,0,1,0.000,0.000,0.00,0.00,0.00,0.00,0.00,-1,0,7,0
6000,0,1,0.000,0.000,0.00,0.00,0.00,0.00,0.00,-1,0,7,0
6020,0,1,0.000,0.000,0.00,0.00,0.00,0.00,0.00,-1,0,7,0
6040,0,1,0.000,0.000,0.00,0.00,0.00,0.00,0.00,-1,0,7,0
6060,0,1,0.000,0.000,0.00,0.00,0.00,0.00,0.00,-1,0,7,0
6080,0,1,0.000,0.000,0.00,0.00,0.00,0.00,0.00,-1,0,7,0
6100,0,1,0.000,0.000,0.00,0.00,0.00,0.00,0.00,-1,0,7,0
6120,0,1,0.000,0.000,0.00,0.00,0.00,0.00,0.00,-1,0,7,0
6140,0,1,0.000,0.000,0.00,0.00,0.00,0.00,0.00,-1,0,7,0
6160,0,1,0.000,0.000,0.00,0.00,0.00,0.00,0.00,-1,0,7,0
6180,0,1,0.000,0.000,0.00,0.00,0.00,0.00,0.00,-1,0,7,0
6200,1,1,35.022,-111.030,3.27,-10.25,3.22,-10.27,INF,-1,0,7,0
6220,0,1,0.000,0.000,0.00,0.00,0.00,0.00,0.00,-1,0,7,0
6240,0,1,0.000,0.000,0.00,0.00,0.00,0.00,0.00,-1,0,7,0
6260,0,1,0.000,0.000,0.00,0.00,0.00,0.00,0.00,-1,0,7,0
6280,0,1,0.000,0.000,0.00,0.00,0.00,0.00,0.00,-1,0,7,0
6300,0,1,0.000,0.000,0.00,0.00,0.00,0.00,0.00,-1,0,7,0
6320,0,1,0.000,0.000,0.00,0.00,0.00,0.00,0.00,-1,0,7,0
6340,0,1,0.000,0.000,0.00,0.00,0.00,0.00,0.00,-1,0,7,0
6360,0,1,0.000,0.000,0.00,0.00,0.00,0.00,0.00,-1,0,7,0
6380,0,1,0.000,0.000,0.00,0.00,0.00,0.00,0.00,-1,0,7,0
6400,0,1,0.000,0.000,0.00,0.00,0.00,0.00,0.00,-1,0,7,0
6420,0,1,0.000,0.000,0.00,0.00,0.00,0.00,0.00,-1,0,7,0
6440,0,1,0.000,0.000,0.00,0.00,0.00,0.00,0.00,-1,0,7,0
6460,0,1,0.000,0.000,0.00,0.00,0.00,0.00,0.00,-1,0,7,0
6480,0,1,0.000,0.000,0.00,0.00,0.00,0.00,0.00,-1,0,7,0
6500,0,1,0.000,0.000,0.00,0.00,0.00,0.00,0.00,-1,0,7,0
6520,0,1,0.000,0.000,0.00,0.00,0.00,0.00,0.00,-1,0,7,0
6540,1,1,15.428,9.409,1.44,0.88,1.44,0.88,INF,-1,0,7,0
6560,0,1,0.000,0.000,0.00,0.00,0.00,0.00,0.00,-1,0,7,0
6580,0,1,0.000,0.000,0.00,0.00,0.00,0.00,0.00,-1,0,7,0
6600,0,1,0.000,0.000,0.00,0.00,0.00,0.00,0.00,-1,0,7,0
6620,0,1,0.000,0.000,0.00,0.00,0.00,0.00,0.00,-1,0,7,0
6640,0,1,0.000,0.000,0.00,0.00,0.00,0.00,0.00,-1,0,7,0
6660,0,1,0.000,0.000,0.00,0.00,0.00,0.00,0.00,-1,0,7,0
6680,0,1,0.000,0.000,0.00,0.00,0.00,0.00,0.00,-1,0,7,0
6700,0,1,0.000,0.000,0.00,0.00,0.00,0.00,0.00,-1,0,7,0
6720,0,1,0.000,0.000,0.00,0.00,0.00,0.00,0.00,-1,0,7,0
6740,0,1,0.000,0.000,0.00,0.00,0.00,0.00,0.00,-1,0,7,0
6760,0,1,0.000,0.000,0.00,0.00,0.00,0.00,0.00,-1,0,7,0
6780,0,1,0.000,0.000,0.00,0.00,0.00,0.00,0.00,-1,0,7,0
6800,0,1,0.000,0.000,0.00,0.00,0.00,0.00,0.00,-1,0,7,0
6820,0,1,0.000,0.000,0.00,0.00,0.00,0.00,0.00,-1,0,7,0
6840,0,1,0.000,0.000,0.00,0.00,0.00,0.00,0.00,-1,0,7,0
6860,0,1,0.000,0.000,0.00,0.00,0.00,0.00,0.00,-1,0,7,0
6880,0,1,0.000,0.000,0.00,0.00,0.00,0.00,0.00,-1,0,7,0
6900,0,1,0.000,0.000,0.00,0.00,0.00,0.00,0.00,-1,0,7,0
6920,0,1,0.000,0.000,0.00,0.00,0.00,0.00,0.00,-1,0,7,0
6940,0,1,0.000,0.000,0.00,0.00,0.00,0.00,0.00,-1,0,7,0
6960,0,1,0.000,0.000,0.00,0.00,0.00,0.00,0.00,-1,0,7,0
6980,0,1,0.000,0.000,0.00,0.00,0.00,0.00,0.00,-1,0,7,0
7000,0,1,0.000,0.000,0.00,0.00,0.00,0.00,0.00,-1,0,7,0
7020,0,1,0.000,0.000,0.00,0.00,0.00,0.00,0.00,-1,0,7,0
7040,0,1,0.000,0.000,0.00,0.00,0.00,0.00,0.00,-1,0,7,0
7060,0,1,0.000,0.000,0.00,0.00,0.00,0.00,0.00,-1,0,7,0
7080,0,1,0.000,0.000,0.00,0.00,0.00,0.00,0.00,-1,0,7,0
7100,0,1,0.000,0.000,0.00,0.00,0.00,0.00,0.00,-1,0,7,0
7120,0,1,0.000,0.000,0.00,0.00,0.00,0.00,0.00,-1,0,7,0
7140,0,1,0.000,0.000,0.00,0.00,0.00,0.00,0.00,-1,0,7,0
7160,0,1,0.000,0.000,0.00,0.00,0.00,0.00,0.00,-1,0,7,0
7180,0,1,0.000,0.000,0.00,0.00,0.00,0.00,0.00,-1,0,7,0
7200,0,1,0.000,0.000,0.00,0.00,0.00,0.00,0.00,-1,0,7,0
7220,0,1,0.000,0.000,0.00,0.00,0.00,0.00,0.00,-1,0,7,0
7240,0,1,0.000,0.000,0.00,0.00,0.00,0.00,0.00,-1,0,7,0
7260,0,1,0.000,0.000,0.00,0.00,0.00,0.00,0.00,-1,0,7,0
7280,0,1,0.000,0.000,0.00,0.00,0.00,0.00,0.00,-1,0,7,0
7300,0,1,0.000,0.000,0.00,0.00,0.00,0.00,0.00,-1,0,7,0
7320,0,1,0.000,0.000,0.00,0.00,0.00,0.00,0.00,-1,0,7,0
7340,0,1,0.000,0.000,0.00,0.00,0.00,0.00,0.00,-1,0,7,0
7360,0,1,0.000,0.000,0.00,0.00,0.00,0.00,0.00,-1,0,7,0
7380,0,1,0.000,0.000,0.00,0.00,0.00,0.00,0.00,-1,0,7,0
7400,0,1,0.000,0.000,0.00,0.00,0.00,0.00,0.00,-1,0,7,0
7420,0,1,0.000,0.000,0.00,0.00,0.00,0.00,0.00,-1,0,7,0
7440,0,1,0.000,0.000,0.00,0.00,0.00,0.00,0.00,-1,0,7,0
7460,0,1,0.000,0.000,0.00,0.00,0.00,0.00,0.00,-1,0,7,0
7480,0,1,0.000,0.000,0.00,0.00,0.00,0.00,0.00,-1,0,7,0
7500,0,1,0.000,0.000,0.00,0.00,0.00,0.00,0.00,-1,0,7,0
7520,0,1,0.000,0.000,0.00,0.00,0.00,0.00,0.00,-1,0,7,0
7540,0,1,0.000,0.000,0.00,0.00,0.00,0.00,0.00,-1,0,7,0
7560,0,1,0.000,0.000,0.00,0.00,0.00,0.00,0.00,-1,0,7,0
7580,0,1,0.000,0.000,0.00,0.00,0.00,0.00,0.00,-1,0,7,0
7600,0,1,0.000,0.000,0.00,0.00,0.00,0.00,0.00,-1,0,7,0
7620,0,1,0.000,0.000,0.00,0.00,0.00,0.00,0.00,-1,0,7,0
7640,0,1,0.000,0.000,0.00,0.00,0.00,0.00,0.00,-1,0,7,0
7660,0,1,0.000,0.000,0.00,0.00,0.00,0.00,0.00,-1,0,7,0
7680,0,1,0.000,0.000,0.00,0.00,0.00,0.00,0.00,-1,0,7,0
7700,0,1,0.000,0.000,0.00,0.00,0.00,0.00,0.00,-1,0,7,0
7720,0,1,0.000,0.000,0.00,0.00,0.00,0.00,0.00,-1,0,7,0
7740,1,1,125.042,-41.867,11.53,-3.83,11.50,-3.91,INF,-1,0,7,0
7760,0,1,0.000,0.000,0.00,0.00,0.00,0.00,0.00,-1,0,7,0
7780,0,1,0.000,0.000,0.00,0.00,0.00,0.00,0.00,-1,0,7,0
7800,0,1,0.000,0.000,0.00,0.00,0.00,0.00,0.00,-1,0,7,0
7820,0,1,0.000,0.000,0.00,0.00,0.00,0.00,0.00,-1,0,7,0
7840,0,1,0.000,0.000,0.00,0.00,0.00,0.00,0.00,-1,0,7,0
7860,0,1,0.000,0.000,0.00,0.00,0.00,0.00,0.00,-1,0,7,0
7880,0,1,0.000,0.000,0.00,0.00,0.00,0.00,0.00,-1,0,7,0
7900,0,1,0.000,0.000,0.00,0.00,0.00,0.00,0.00,-1,0,7,0
7920,0,1,0.000,0.000,0.00,0.00,0.00,0.00,0.00,-1,0,7,0
7940,0,1,0.000,0.000,0.00,0.00,0.00,0.00,0.00,-1,0,7,0
7960,0,1,0.000,0.000,0.00,0.00,0.00,0.00,0.00,-1,0,7,0
7980,0,1,0.000,0.000,0.00,0.00,0.00,0.00,0.00,-1,0,7,0
8000,1,1,-7.865,24.909,-0.74,2.33,-0.73,2.33,INF,-1,0,7,0
8020,1,1,-12.103,23.695,-1.13,2.21,-1.13,2.21,INF,-1,0,7,0
8040,1,1,-4.210,25.305,-0.39,2.36,-0.39,2.36,INF,-1,0,7,0
8060,1,1,-4.354,24.108,-0.41,2.25,-0.41,2.25,INF,-1,0,7,0
8080,1,1,-3.785,25.604,-0.35,2.39,-0.35,2.39,INF,-1,0,7,0
8100,1,1,-6.293,24.907,-0.59,2.33,-0.59,2.33,INF,-1,0,7,0
8120,1,1,-2.573,22.785,-0.24,2.13,-0.24,2.13,INF,-1,0,7,0
8140,1,1,-1.142,22.928,-0.11,2.14,-0.11,2.14,INF,-1,0,7,0
8160,1,1,-2.379,23.692,-0.22,2.21,-0.22,2.21,INF,-1,0,7,0
8180,1,1,-24.349,15.948,-2.27,1.49,-2.27,1.49,INF,-1,0,7,0
8200,1,1,-34.466,11.469,-3.22,1.07,-3.22,1.07,INF,-1,0,7,0
8220,0,1,0.000,0.000,0.00,0.00,0.00,0.00,0.00,-1,0,7,0
8240,0,1,0.000,0.000,0.00,0.00,0.00,0.00,0.00,-1,0,7,0
8260,0,1,0.000,0.000,0.00,0.00,0.00,0.00,0.00,-1,0,7,0
8280,0,1,0.000,0.000,0.00,0.00,0.00,0.00,0.00,-1,0,7,0
8300,0,1,0.000,0.000,0.00,0.00,0.00,0.00,0.00,-1,0,7,0
8320,0,1,0.000,0.000,0.00,0.00,0.00,0.00,0.00,-1,0,7,0
8340,0,1,0.000,0.000,0.00,0.00,0.00,0.00,0.00,-1,0,7,0
8360,0,1,0.000,0.000,0.00,0.00,0.00,0.00,0.00,-1,0,7,0
8380,0,1,0.000,0.000,0.00,0.00,0.00,0.00,0.00,-1,0,7,0
8400,1,1,-36.680,-4.090,-3.42,-0.38,-3.42,-0.38,INF,-1,0,7,0
8420,1,1,-35.844,13.422,-3.35,1.25,-3.35,1.25,INF,-1,0,7,0
8440,1,1,-39.492,11.055,-3.69,1.03,-3.69,1.03,INF,-1,0,7,0
8460,1,1,-43.740,12.762,-4.08,1.19,-4.08,1.19,INF,-1,0,7,0
8480,1,1,-42.203,12.613,-3.94,1.18,-3.94,1.18,INF,-1,0,7,0
8500,1,1,-43.092,11.512,-4.02,1.07,-4.02,1.08,INF,-1,0,7,0
8520,1,1,-40.139,11.496,-3.75,1.07,-3.75,1.07,INF,-1,0,7,0
8540,1,1,-38.178,17.854,-3.56,1.67,-3.56,1.67,INF,-1,0,7,0
8560,1,1,-33.823,17.056,-3.16,1.59,-3.16,1.59,INF,-1,0,7,0
8580,1,1,-32.910,13.941,-3.07,1.30,-3.07,1.30,INF,-1,0,7,0
8600,1,1,-29.364,13.695,-2.74,1.28,-2.74,1.28,INF,-1,0,7,0
8620,1,1,-32.417,14.497,-3.03,1.35,-3.03,1.35,INF,-1,0,7,0
8640,1,1,-33.617,14.253,-3.14,1.33,-3.14,1.33,INF,-1,0,7,0
8660,1,1,-31.240,16.273,-2.92,1.52,-2.92,1.52,INF,-1,0,7,0
8680,1,1,-35.605,13.508,-3.32,1.26,-3.32,1.26,INF,-1,0,7,0
8700,1,1,-33.229,16.094,-3.10,1.50,-3.10,1.50,INF,-1,1,7,0
8720,1,1,-33.916,14.512,-3.17,1.35,-3.17,1.36,INF,-1,1,7,0
8740,1,1,-33.468,16.527,-3.13,1.54,-3.12,1.54,INF,-1,1,7,0
8760,1,1,-30.452,16.206,-2.84,1.51,-2.84,1.51,INF,-1,1,7,0
8780,1,1,-33.901,14.825,-3.17,1.38,-3.16,1.39,INF,-1,1,7,0
8800,1,1,-28.044,16.318,-2.62,1.52,-2.62,1.52,INF,-1,1,7,0
8820,1,1,-33.379,16.220,-3.12,1.51,-3.12,1.52,INF,-1,1,7,0
8840,1,1,-33.513,15.158,-3.13,1.41,-3.13,1.42,INF,-1,1,7,0
8860,1,1,-32.290,15.079,-3.02,1.41,-3.01,1.41,INF,-1,1,7,0
8880,1,1,-29.509,18.891,-2.76,1.76,-2.75,1.77,INF,-1,1,7,0
8900,1,1,-28.226,17.039,-2.64,1.59,-2.64,1.59,INF,-1,1,7,0
8920,1,1,-28.964,16.369,-2.71,1.53,-2.70,1.53,INF,-1,1,7,0
8940,1,1,-35.748,14.857,-3.34,1.39,-3.34,1.39,INF,-1,1,7,0
8960,1,1,-37.054,18.723,-3.46,1.75,-3.46,1.75,INF,-1,1,7,0
8980,1,1,-34.029,17.031,-3.18,1.59,-3.18,1.59,INF,-1,1,7,0
9000,1,1,-35.227,16.808,-3.29,1.57,-3.29,1.57,INF,-1,1,7,0
9020,1,1,-31.361,15.349,-2.93,1.43,-2.93,1.43,INF,-1,1,7,0
9040,1,1,-37.104,17.432,-3.46,1.63,-3.46,1.63,INF,-1,1,7,0
9060,1,1,-35.167,17.077,-3.28,1.59,-3.28,1.60,INF,-1,1,7,0
9080,1,1,-34.530,16.711,-3.22,1.56,-3.22,1.56,INF,-1,1,7,0
9100,1,1,-35.744,16.404,-3.34,1.53,-3.34,1.53,INF,-1,1,7,0
9120,1,1,-34.663,18.520,-3.24,1.73,-3.23,1.73,INF,-1,1,7,0
9140,1,1,-34.391,17.711,-3.21,1.65,-3.21,1.65,INF,-1,1,7,0
9160,1,1,-35.050,18.677,-3.27,1.74,-3.27,1.75,INF,-1,1,7,0
9180,1,1,-34.610,16.749,-3.23,1.56,-3.23,1.57,INF,-1,1,7,0
9200,1,1,-32.794,15.893,-3.06,1.48,-3.06,1.49,INF,-1,1,7,0
9220,1,1,-32.045,16.245,-2.99,1.52,-2.99,1.52,INF,-1,1,7,0
9240,1,1,-36.905,19.715,-3.45,1.84,-3.44,1.84,INF,-1,1,7,0
9260,1,1,-37.179,16.835,-3.47,1.57,-3.47,1.57,INF,-1,1,7,0
9280,1,1,-30.823,17.264,-2.88,1.61,-2.88,1.61,INF,-1,1,7,0
9300,1,1,-34.844,16.883,-3.25,1.58,-3.25,1.58,INF,-1,1,7,0
9320,1,1,-31.337,16.621,-2.93,1.55,-2.93,1.55,INF,-1,1,7,0
9340,1,1,-34.495,16.373,-3.22,1.53,-3.22,1.53,INF,-1,1,7,0
9360,1,1,-36.819,17.159,-3.44,1.60,-3.44,1.60,INF,-1,1,7,0
9380,1,1,-39.010,19.538,-3.64,1.82,-3.64,1.83,INF,-1,1,7,0
9400,1,1,-37.175,18.836,-3.47,1.76,-3.47,1.76,INF,-1,1,7,0
9420,1,1,-34.061,20.425,-3.18,1.91,-3.18,1.91,INF,-1,1,7,0
9440,1,1,-34.834,21.914,-3.25,2.04,-3.25,2.05,INF,-1,1,7,0
9460,1,1,-34.343,19.185,-3.21,1.79,-3.21,1.79,INF,-1,1,7,0
9480,1,1,-36.832,19.563,-3.44,1.82,-3.44,1.83,INF,-1,1,7,0
9500,1,1,-29.107,30.825,-2.72,2.88,-2.72,2.88,INF,-1,1,7,0
9520,1,1,-31.697,33.942,-2.96,3.17,-2.96,3.17,INF,-1,1,7,0
9540,1,1,-32.687,29.945,-3.05,2.79,-3.05,2.80,INF,-1,0,7,0
9560,1,1,-28.619,32.736,-2.67,3.05,-2.67,3.06,INF,-1,0,7,0
9580,1,1,-37.007,32.256,-3.45,3.01,-3.45,3.01,INF,-1,0,7,0
9600,1,1,-34.048,32.819,-3.18,3.06,-3.17,3.06,INF,-1,0,7,0
9620,1,1,-35.854,29.138,-3.35,2.72,-3.34,2.72,INF,-1,0,7,0
9640,1,1,-34.033,30.630,-3.18,2.86,-3.17,2.86,INF,-1,0,7,0
9660,1,1,-31.602,31.969,-2.95,2.98,-2.95,2.99,INF,-1,0,7,0
9680,1,1,-29.892,34.310,-2.79,3.20,-2.79,3.20,INF,-1,0,7,0
9700,1,1,-31.996,32.947,-2.99,3.07,-2.98,3.08,INF,-1,0,7,0
9720,1,1,-30.866,31.943,-2.88,2.98,-2.88,2.98,INF,-1,0,7,0
9740,1,1,-33.286,32.986,-3.11,3.08,-3.10,3.08,INF,-1,0,7,0
9760,1,1,-36.745,32.344,-3.43,3.01,-3.43,3.02,INF,-1,0,7,0
9780,1,1,-33.940,34.962,-3.17,3.26,-3.16,3.26,INF,-1,1,7,0
9800,1,1,-35.919,34.620,-3.35,3.23,-3.35,3.23,INF,-1,1,7,0
9820,1,1,-32.783,35.442,-3.06,3.30,-3.06,3.31,INF,-1,1,7,0
9840,1,1,-17.432,34.996,-1.63,3.27,-1.63,3.27,INF,-1,1,7,0
9860,1,1,10.074,42.122,0.94,3.93,0.94,3.93,INF,-1,1,7,0
9880,1,1,10.595,41.137,0.99,3.84,0.99,3.84,INF,-1,0,7,0
9900,1,1,8.121,41.000,0.76,3.83,0.76,3.83,INF,-1,0,7,0
9920,1,1,7.429,41.997,0.69,3.92,0.69,3.92,INF,-1,0,7,0
9940,1,1,4.717,41.077,0.44,3.83,0.44,3.83,INF,-1,0,7,0
9960,1,1,7.425,39.795,0.69,3.71,0.69,3.71,INF,-1,0,7,0
9980,1,1,9.899,42.068,0.93,3.93,0.92,3.93,INF,-1,0,7,0
10000,1,1,10.003,40.554,0.93,3.78,0.93,3.78,INF,-1,0,7,0
10020,1,1,9.837,40.650,0.92,3.79,0.92,3.79,INF,-1,0,7,0
10040,1,1,14.262,39.917,1.33,3.72,1.33,3.73,INF,-1,0,7,0
10060,1,1,10.727,39.659,1.00,3.70,1.00,3.70,INF,-1,0,7,0
10080,1,1,13.308,39.652,1.24,3.70,1.24,3.70,INF,-1,0,7,0
10100,1,1,9.616,39.480,0.90,3.68,0.90,3.69,INF,-1,0,7,0
10120,1,1,10.278,38.525,0.96,3.60,0.96,3.60,INF,-1,0,7,0
10140,1,1,15.324,37.063,1.43,3.46,1.43,3.46,INF,-1,1,7,0
10160,1,1,21.757,37.881,2.03,3.53,2.03,3.54,INF,-1,1,7,0
10180,1,1,17.341,39.033,1.62,3.64,1.62,3.64,INF,-1,1,7,0
10200,1,1,21.960,39.427,2.05,3.68,2.05,3.68,INF,-1,1,7,0
10220,1,1,23.286,37.965,2.18,3.54,2.17,3.54,INF,-1,1,7,0
10240,1,1,20.896,39.224,1.95,3.66,1.95,3.66,INF,-1,0,7,0
10260,1,1,23.948,38.024,2.24,3.55,2.23,3.55,INF,-1,0,7,0
10280,1,1,22.771,37.793,2.13,3.53,2.12,3.53,INF,-1,0,7,0
10300,1,1,22.550,35.651,2.11,3.33,2.10,3.33,INF,-1,0,7,0
10320,1,1,25.646,37.717,2.40,3.52,2.39,3.52,INF,-1,0,7,0
10340,1,1,24.733,38.247,2.31,3.57,2.31,3.57,INF,-1,0,7,0
10360,1,1,19.111,37.941,1.79,3.54,1.78,3.54,INF,-1,0,7,0
10380,1,1,23.699,36.821,2.21,3.43,2.21,3.44,INF,-1,0,7,0
10400,1,1,29.620,37.904,2.77,3.53,2.76,3.54,INF,-1,0,7,0
10420,1,1,-21.525,21.663,-2.01,2.02,-2.01,2.02,INF,-1,0,7,0
10440,1,1,-45.308,5.493,-4.23,0.51,-4.23,0.51,INF,-1,0,7,0
10460,1,1,-45.520,2.123,-4.25,0.20,-4.25,0.20,INF,-1,0,7,0
10480,1,1,-45.413,8.393,-4.24,0.78,-4.24,0.78,INF,-1,0,7,0
10500,1,1,-45.805,8.238,-4.27,0.77,-4.27,0.77,INF,-1,0,7,0
10520,1,1,-43.343,7.623,-4.04,0.71,-4.04,0.71,INF,-1,0,7,0
10540,1,1,-42.118,5.246,-3.93,0.49,-3.93,0.49,INF,-1,0,7,0
10560,1,1,-41.789,5.423,-3.90,0.51,-3.90,0.51,INF,-1,0,7,0
10580,1,1,-39.914,4.600,-3.73,0.43,-3.73,0.43,INF,-1,0,7,0
10600,1,1,-38.593,7.059,-3.60,0.66,-3.60,0.66,INF,-1,0,7,0
10620,1,1,-40.137,7.100,-3.75,0.66,-3.75,0.66,INF,-1,0,7,0
10640,1,1,-38.304,8.760,-3.58,0.82,-3.58,0.82,INF,-1,0,7,0
10660,1,1,-35.930,5.143,-3.35,0.48,-3.35,0.48,INF,-1,0,7,0
10680,1,1,-36.554,7.177,-3.41,0.67,-3.41,0.67,INF,-1,0,7,0
10700,1,1,-32.955,9.037,-3.08,0.84,-3.08,0.84,INF,-1,1,7,0
10720,1,1,-36.812,5.815,-3.44,0.54,-3.44,0.54,INF,-1,1,7,0
10740,1,1,-34.442,4.036,-3.22,0.38,-3.22,0.38,INF,-1,1,7,0
10760,1,1,-38.040,7.578,-3.55,0.71,-3.55,0.71,INF,-1,1,7,0
10780,1,1,-35.722,3.960,-3.34,0.37,-3.34,0.37,INF,-1,1,7,0
10800,1,1,-37.481,5.350,-3.50,0.50,-3.50,0.50,INF,-1,1,7,0
10820,1,1,-38.373,7.787,-3.58,0.73,-3.58,0.73,INF,-1,1,7,0
10840,1,1,-36.475,10.292,-3.41,0.96,-3.40,0.96,INF,-1,1,7,0
10860,1,1,-35.214,7.049,-3.29,0.66,-3.29,0.66,INF,-1,1,7,0
10880,1,1,-36.435,5.384,-3.40,0.50,-3.40,0.50,INF,-1,1,7,0
10900,1,1,-37.491,10.058,-3.50,0.94,-3.50,0.94,INF,-1,1,7,0
10920,1,1,-35.421,7.488,-3.31,0.70,-3.31,0.70,INF,-1,1,7,0
10940,1,1,-35.885,8.989,-3.35,0.84,-3.35,0.84,INF,-1,1,7,0
10960,1,1,-36.062,8.496,-3.37,0.79,-3.37,0.79,INF,-1,1,7,0
10980,1,1,-35.777,8.852,-3.34,0.83,-3.34,0.83,INF,-1,1,7,0
11000,1,1,-33.606,9.905,-3.14,0.92,-3.14,0.93,INF,-1,1,7,0
11020,1,1,-35.306,8.537,-3.30,0.80,-3.30,0.80,INF,-1,1,7,0
11040,1,1,-34.119,8.824,-3.19,0.82,-3.19,0.82,INF,-1,1,7,0
11060,1,1,-34.880,7.971,-3.26,0.74,-3.26,0.74,INF,-1,1,7,0
11080,1,1,-31.713,8.478,-2.96,0.79,-2.96,0.79,INF,-1,1,7,0
11100,1,1,-50.500,-6.311,-4.71,-0.59,-4.71,-0.59,INF,-1,1,7,0
11120,1,1,-51.244,-14.620,-4.78,-1.36,-4.78,-1.37,INF,-1,1,7,0
11140,1,1,-48.087,-16.385,-4.49,-1.53,-4.48,-1.53,INF,-1,0,7,0
11160,1,1,-54.134,-14.847,-5.05,-1.38,-5.05,-1.39,INF,-1,0,7,0
11180,1,1,-51.070,-16.416,-4.76,-1.53,-4.76,-1.53,INF,-1,0,7,0
11200,1,1,-55.665,-13.865,-5.19,-1.29,-5.19,-1.30,INF,-1,0,7,0
11220,1,1,-51.411,-17.071,-4.79,-1.59,-4.79,-1.60,INF,-1,0,7,0
11240,1,1,-50.783,-16.242,-4.74,-1.51,-4.73,-1.52,INF,-1,0,7,0
11260,1,1,-42.395,-17.165,-3.96,-1.60,-3.95,-1.60,INF,-1,0,7,0
11280,0,1,0.000,0.000,0.00,0.00,0.00,0.00,0.00,-1,0,7,0
11300,0,1,0.000,0.000,0.00,0.00,0.00,0.00,0.00,-1,0,7,0
11320,0,1,0.000,0.000,0.00,0.00,0.00,0.00,0.00,-1,0,7,0
11340,0,1,0.000,0.000,0.00,0.00,0.00,0.00,0.00,-1,0,7,0
11360,0,1,0.000,0.000,0.00,0.00,0.00,0.00,0.00,-1,0,7,0
11380,0,1,0.000,0.000,0.00,0.00,0.00,0.00,0.00,-1,0,7,0
11400,0,1,0.000,0.000,0.00,0.00,0.00,0.00,INF,-1,0,7,0
11420,0,1,0.000,0.000,0.00,0.00,0.00,0.00,0.00,-1,0,7,0
11440,1,1,95.007,-169.085,8.81,-15.25,8.50,-15.42,INF,-1,0,7,0
11460,0,1,0.000,0.000,0.00,0.00,0.00,0.00,0.00,-1,0,7,0
11480,0,1,0.000,0.000,0.00,0.00,0.00,0.00,0.00,-1,0,7,0
11500,0,1,0.000,0.000,0.00,0.00,0.00,0.00,0.00,-1,0,7,0
11520,0,1,0.000,0.000,0.00,0.00,0.00,0.00,0.00,-1,0,7,0
11540,1,1,-215.894,-216.471,-19.40,-18.42,-18.37,-19.45,INF,-1,0,7,0
11560,0,1,0.000,0.000,0.00,0.00,0.00,0.00,0.00,-1,0,7,0
11580,0,1,0.000,0.000,0.00,0.00,0.00,0.00,0.00,-1,0,7,0
11600,0,1,0.000,0.000,0.00,0.00,0.00,0.00,0.00,-1,0,7,0
11620,0,1,0.000,0.000,0.00,0.00,0.00,0.00,0.00,-1,0,7,0
11640,0,1,0.000,0.000,0.00,0.00,0.00,0.00,0.00,-1,0,7,0
11660,1,1,197.561,-161.367,17.86,-14.07,17.31,-14.75,INF,-1,0,7,0
11680,0,1,0.000,0.000,0.00,0.00,0.00,0.00,0.00,-1,0,7,0
11700,0,1,0.000,0.000,0.00,0.00,0.00,0.00,0.00,-1,0,7,0
11720,0,1,0.000,0.000,0.00,0.00,0.00,0.00,0.00,-1,0,7,0
11740,0,1,0.000,0.000,0.00,0.00,0.00,0.00,0.00,-1,0,7,0
11760,0,1,0.000,0.000,0.00,0.00,0.00,0.00,0.00,-1,0,7,0
11780,0,1,0.000,0.000,0.00,0.00,0.00,0.00,0.00,-1,0,7,0
11800,0,1,0.000,0.000,0.00,0.00,0.00,0.00,0.00,-1,0,7,0
11820,0,1,0.000,0.000,0.00,0.00,0.00,0.00,0.00,-1,0,7,0
11840,0,1,0.000,0.000,0.00,0.00,0.00,0.00,0.00,-1,0,7,0
11860,0,1,0.000,0.000,0.00,0.00,0.00,0.00,0.00,-1,0,7,0
11880,0,1,0.000,0.000,0.00,0.00,0.00,0.00,0.00,-1,0,7,0
11900,0,1,0.000,0.000,0.00,0.00,0.00,0.00,0.00,-1,0,7,0
11920,0,1,0.000,0.000,0.00,0.00,0.00,0.00,0.00,-1,0,7,0
11940,0,1,0.000,0.000,0.00,0.00,0.00,0.00,0.00,-1,0,7,0
11960,0,1,0.000,0.000,0.00,0.00,0.00,0.00,0.00,-1,0,7,0
11980,0,1,0.000,0.000,0.00,0.00,0.00,0.00,0.00,-1,0,7,0
12000,0,1,0.000,0.000,0.00,0.00,0.00,0.00,0.00,-1,0,7,0
12020,0,1,0.000,0.000,0.00,0.00,0.00,0.00,0.00,-1,0,7,0
12040,0,1,0.000,0.000,0.00,0.00,0.00,0.00,0.00,-1,0,7,0
12060,0,1,0.000,0.000,0.00,0.00,0.00,0.00,0.00,-1,0,7,0
12080,0,1,0.000,0.000,0.00,0.00,0.00,0.00,0.00,-1,0,7,0
12100,0,1,0.000,0.000,0.00,0.00,0.00,0.00,0.00,-1,0,7,0
12120,0,1,0.000,0.000,0.00,0.00,0.00,0.00,0.00,-1,0,7,0
12140,0,1,0.000,0.000,0.00,0.00,0.00,0.00,0.00,-1,0,7,0
12160,0,1,0.000,0.000,0.00,0.00,0.00,0.00,0.00,-1,0,7,0
12180,0,1,0.000,0.000,0.00,0.00,0.00,0.00,0.00,-1,0,7,0
12200,1,1,-12.741,-206.784,-1.19,-18.64,-1.13,-18.64,INF,-1,0,7,0
12220,0,1,0.000,0.000,0.00,0.00,0.00,0.00,0.00,-1,0,7,0
12240,0,1,0.000,0.000,0.00,0.00,0.00,0.00,0.00,-1,0,7,0
12260,0,1,0.000,0.000,0.00,0.00,0.00,0.00,0.00,-1,0,7,0
12280,0,1,0.000,0.000,0.00,0.00,0.00,0.00,0.00,-1,0,7,0
12300,1,1,-24.000,6.325,-2.24,0.59,-2.24,0.59,INF,-1,0,7,0
12320,1,1,-22.714,7.022,-2.12,0.66,-2.12,0.66,INF,-1,0,7,0
12340,1,1,-27.590,8.619,-2.58,0.80,-2.58,0.81,INF,-1,0,7,0
12360,1,1,-24.430,10.815,-2.28,1.01,-2.28,1.01,INF,-1,0,7,0
12380,1,1,-26.869,9.047,-2.51,0.84,-2.51,0.85,INF,-1,0,7,0
12400,1,1,-23.638,14.002,-2.21,1.31,-2.21,1.31,INF,-1,0,7,0
12420,1,1,-26.428,15.312,-2.47,1.43,-2.47,1.43,INF,-1,0,7,0
12440,1,1,-25.115,14.733,-2.35,1.38,-2.35,1.38,INF,-1,0,7,0
12460,1,1,-26.243,19.652,-2.45,1.83,-2.45,1.84,INF,-1,0,7,0
12480,1,1,-23.049,18.813,-2.15,1.76,-2.15,1.76,INF,-1,0,7,0
12500,1,1,-22.015,16.418,-2.06,1.53,-2.06,1.53,INF,-1,0,7,0
12520,1,1,-29.428,14.477,-2.75,1.35,-2.75,1.35,INF,-1,0,7,0
12540,1,1,-25.523,16.440,-2.38,1.53,-2.38,1.54,INF,-1,0,7,0
12560,1,1,-21.102,15.758,-1.97,1.47,-1.97,1.47,INF,-1,0,7,0
12580,1,1,-16.277,17.187,-1.52,1.61,-1.52,1.61,INF,-1,1,7,0
12600,1,1,-12.749,16.457,-1.19,1.54,-1.19,1.54,INF,-1,1,7,0
12620,1,1,-14.223,16.014,-1.33,1.50,-1.33,1.50,INF,-1,1,7,0
12640,1,1,-13.630,17.413,-1.27,1.63,-1.27,1.63,INF,-1,0,7,0
12660,1,1,-12.276,15.630,-1.15,1.46,-1.15,1.46,INF,-1,0,7,0
12680,1,1,-10.718,16.268,-1.00,1.52,-1.00,1.52,INF,-1,0,7,0
12700,1,1,-11.227,15.686,-1.05,1.47,-1.05,1.47,INF,-1,0,7,0
12720,1,1,-9.142,15.650,-0.85,1.46,-0.85,1.46,INF,-1,0,7,0
12740,1,1,-12.573,15.796,-1.17,1.48,-1.17,1.48,INF,-1,0,7,0
12760,1,1,-7.529,16.671,-0.70,1.56,-0.70,1.56,INF,-1,0,7,0
12780,1,1,-7.293,18.038,-0.68,1.69,-0.68,1.69,INF,-1,0,7,0
12800,1,1,-3.021,19.214,-0.28,1.80,-0.28,1.80,INF,-1,0,7,0
12820,1,1,-4.054,19.694,-0.38,1.84,-0.38,1.84,INF,-1,0,7,0
12840,1,1,-3.862,23.756,-0.36,2.22,-0.36,2.22,INF,-1,0,7,0
12860,1,1,-3.872,22.453,-0.36,2.10,-0.36,2.10,INF,-1,0,7,0
12880,1,1,-5.757,24.799,-0.54,2.32,-0.54,2.32,INF,-1,1,7,0
12900,1,1,-6.253,27.110,-0.58,2.53,-0.58,2.53,INF,-1,1,7,0
12920,1,1,-1.052,26.886,-0.10,2.51,-0.10,2.51,INF,-1,1,7,0
12940,1,1,-2.153,26.776,-0.20,2.50,-0.20,2.50,INF,-1,1,7,0
12960,1,1,-5.145,25.796,-0.48,2.41,-0.48,2.41,INF,-1,1,7,0
12980,1,1,-3.298,26.634,-0.31,2.49,-0.31,2.49,INF,-1,1,7,0
13000,1,1,-3.923,27.942,-0.37,2.61,-0.37,2.61,INF,-1,1,7,0
13020,1,1,-0.268,28.738,-0.03,2.68,-0.02,2.68,INF,-1,0,7,0
13040,1,1,-0.940,27.774,-0.09,2.59,-0.09,2.59,INF,-1,0,7,0
13060,1,1,1.468,28.203,0.14,2.63,0.14,2.63,INF,-1,0,7,0
13080,1,1,-0.341,27.092,-0.03,2.53,-0.03,2.53,INF,-1,0,7,0
13100,1,1,-2.315,29.184,-0.22,2.73,-0.22,2.73,INF,-1,0,7,0
13120,1,1,0.167,27.983,0.02,2.61,0.02,2.61,INF,-1,0,7,0
13140,1,1,-2.319,28.196,-0.22,2.63,-0.22,2.63,INF,-1,0,7,0
13160,1,1,1.026,29.978,0.10,2.80,0.10,2.80,INF,-1,0,7,0
13180,1,1,-0.524,27.496,-0.05,2.57,-0.05,2.57,INF,-1,0,7,0
13200,1,1,0.982,30.453,0.09,2.84,0.09,2.84,INF,-1,0,7,0
13220,1,1,-0.349,31.636,-0.03,2.95,-0.03,2.95,INF,-1,0,7,0
13240,1,1,-0.072,30.765,-0.01,2.87,-0.01,2.87,INF,-1,0,7,0
13260,1,1,0.460,30.024,0.04,2.80,0.04,2.80,INF,-1,1,7,0
13280,1,1,2.053,33.455,0.19,3.12,0.19,3.12,INF,-1,1,7,0
13300,1,1,2.282,32.014,0.21,2.99,0.21,2.99,INF,-1,1,7,0
13320,1,1,2.455,31.782,0.23,2.97,0.23,2.97,INF,-1,1,7,0
13340,1,1,4.408,31.143,0.41,2.91,0.41,2.91,INF,-1,1,7,0
13360,1,1,2.553,31.658,0.24,2.96,0.24,2.96,INF,-1,1,7,0
13380,1,1,2.161,29.868,0.20,2.79,0.20,2.79,INF,-1,1,7,0
13400,1,1,2.053,25.289,0.19,2.36,0.19,2.36,INF,-1,1,7,0
13420,1,1,0.631,25.542,0.06,2.39,0.06,2.39,INF,-1,1,7,0
13440,1,1,2.380,23.834,0.22,2.23,0.22,2.23,INF,-1,1,7,0
13460,1,1,0.982,23.850,0.09,2.23,0.09,2.23,INF,-1,1,7,0
13480,1,1,1.157,22.473,0.11,2.10,0.11,2.10,INF,-1,1,7,0
13500,1,1,4.532,22.959,0.42,2.14,0.42,2.14,INF,-1,1,7,0
13520,1,1,5.705,26.207,0.53,2.45,0.53,2.45,INF,-1,1,7,0
13540,1,1,4.425,25.682,0.41,2.40,0.41,2.40,INF,-1,1,7,0
13560,1,1,5.776,25.963,0.54,2.43,0.54,2.43,INF,-1,1,7,0
13580,1,1,-0.119,27.497,-0.01,2.57,-0.01,2.57,INF,-1,1,7,0
13600,1,1,4.560,28.432,0.43,2.66,0.43,2.66,INF,-1,1,7,0
13620,1,1,4.394,29.130,0.41,2.72,0.41,2.72,INF,-1,1,7,0
13640,1,1,0.271,27.352,0.03,2.55,0.03,2.55,INF,-1,1,7,0
13660,1,1,5.367,29.743,0.50,2.78,0.50,2.78,INF,-1,1,7,0
13680,1,1,4.192,28.095,0.39,2.62,0.39,2.62,INF,-1,1,7,0
13700,1,1,4.539,28.175,0.42,2.63,0.42,2.63,INF,-1,1,7,0
13720,1,1,3.620,26.010,0.34,2.43,0.34,2.43,INF,-1,1,7,0
13740,1,1,4.024,27.530,0.38,2.57,0.38,2.57,INF,-1,1,7,0
13760,1,1,3.824,28.074,0.36,2.62,0.36,2.62,INF,-1,1,7,0
13780,1,1,-0.906,25.726,-0.08,2.40,-0.08,2.40,INF,-1,1,7,0
13800,1,1,4.722,26.088,0.44,2.44,0.44,2.44,INF,-1,1,7,0
13820,1,1,3.214,28.007,0.30,2.62,0.30,2.62,INF,-1,1,7,0
13840,1,1,1.523,27.487,0.14,2.57,0.14,2.57,INF,-1,1,7,0
13860,0,1,0.000,0.000,0.00,0.00,0.00,0.00,0.00,-1,1,7,0
13880,1,1,4.410,31.490,0.41,2.94,0.41,2.94,INF,-1,1,7,0
13900,1,1,4.475,31.414,0.42,2.93,0.42,2.93,INF,-1,1,7,0
13920,1,1,2.446,33.441,0.23,3.12,0.23,3.12,INF,-1,1,7,0
13940,1,1,1.918,33.076,0.18,3.09,0.18,3.09,INF,-1,1,7,0
13960,1,1,3.103,35.647,0.29,3.33,0.29,3.33,INF,-1,1,7,0
13980,1,1,2.184,35.178,0.20,3.28,0.20,3.28,INF,-1,1,7,0
14000,1,1,2.273,35.664,0.21,3.33,0.21,3.33,INF,-1,1,7,0
14020,1,1,-0.268,33.036,-0.03,3.08,-0.03,3.08,INF,-1,1,7,0
14040,1,1,3.438,32.621,0.32,3.05,0.32,3.05,INF,-1,1,7,0
14060,1,1,-0.096,31.943,-0.01,2.98,-0.01,2.98,INF,-1,1,7,0
14080,1,1,-0.806,28.407,-0.08,2.65,-0.08,2.65,INF,-1,1,7,0
14100,1,1,-0.816,27.870,-0.08,2.60,-0.08,2.60,INF,-1,1,7,0
14120,1,1,-4.640,25.967,-0.43,2.43,-0.43,2.43,INF,-1,1,7,0
14140,1,1,-2.649,23.420,-0.25,2.19,-0.25,2.19,INF,-1,1,7,0
14160,1,1,-4.820,23.412,-0.45,2.19,-0.45,2.19,INF,-1,1,7,0
14180,1,1,-8.557,23.769,-0.80,2.22,-0.80,2.22,INF,-1,1,7,0
14200,1,1,-5.164,25.465,-0.48,2.38,-0.48,2.38,INF,-1,1,7,0
14220,1,1,-5.980,24.190,-0.56,2.26,-0.56,2.26,INF,-1,1,7,0
14240,1,1,-6.597,20.308,-0.62,1.90,-0.62,1.90,INF,-1,1,7,0
14260,1,1,-1.807,21.070,-0.17,1.97,-0.17,1.97,INF,-1,1,7,0
14280,1,1,-4.749,18.967,-0.44,1.77,-0.44,1.77,INF,-1,1,7,0
14300,1,1,-7.200,22.606,-0.67,2.11,-0.67,2.11,INF,-1,1,7,0
14320,1,1,-6.741,24.515,-0.63,2.29,-0.63,2.29,INF,-1,1,7,0
14340,1,1,-4.682,23.965,-0.44,2.24,-0.44,2.24,INF,-1,1,7,0
14360,1,1,-5.766,24.575,-0.54,2.30,-0.54,2.30,INF,-1,1,7,0
14380,1,1,-4.217,25.442,-0.39,2.38,-0.39,2.38,INF,-1,1,7,0
14400,1,1,-4.694,24.547,-0.44,2.29,-0.44,2.29,INF,-1,1,7,0
14420,1,1,-6.309,24.035,-0.59,2.25,-0.59,2.25,INF,-1,1,7,0
14440,1,1,-3.701,22.910,-0.35,2.14,-0.35,2.14,INF,-1,1,7,0
14460,1,1,-0.076,22.144,-0.01,2.07,-0.01,2.07,INF,-1,1,7,0
14480,1,1,10.373,21.236,0.97,1.98,0.97,1.98,INF,-1,1,7,0
14500,1,1,12.728,20.986,1.19,1.96,1.19,1.96,INF,-1,1,7,0
14520,1,1,18.230,25.118,1.70,2.35,1.70,2.35,INF,-1,0,7,0
14540,1,1,25.600,24.634,2.39,2.30,2.39,2.30,INF,-1,0,7,0
14560,1,1,24.410,26.922,2.28,2.51,2.28,2.51,INF,-1,0,7,0
14580,1,1,27.100,27.227,2.53,2.54,2.53,2.54,INF,-1,0,7,0
14600,1,1,31.654,32.571,2.96,3.04,2.95,3.04,INF,-1,0,7,0
14620,1,1,35.269,31.787,3.29,2.96,3.29,2.97,INF,-1,0,7,0
14640,1,1,31.585,35.317,2.95,3.29,2.94,3.30,INF,-1,0,7,0
14660,1,1,34.042,31.773,3.18,2.96,3.17,2.97,INF,-1,0,7,0
14680,1,1,35.250,33.948,3.29,3.16,3.29,3.17,INF,-1,0,7,0
14700,1,1,34.545,36.008,3.23,3.36,3.22,3.36,INF,-1,0,7,0
14720,1,1,34.592,35.324,3.23,3.29,3.22,3.30,INF,-1,0,7,0
14740,1,1,40.622,35.231,3.79,3.28,3.79,3.29,INF,-1,0,7,0
14760,1,1,43.665,35.146,4.07,3.27,4.07,3.28,INF,-1,0,7,0
14780,1,1,43.044,36.615,4.02,3.41,4.01,3.42,INF,-1,0,7,0
14800,1,1,45.430,34.105,4.24,3.18,4.23,3.18,INF,-1,0,7,0
14820,1,1,44.639,36.942,4.16,3.44,4.16,3.45,INF,-1,1,7,0
14840,1,1,40.194,34.962,3.75,3.26,3.75,3.26,INF,-1,1,7,0
14860,1,1,41.223,35.405,3.85,3.30,3.84,3.31,INF,-1,1,7,0
14880,1,1,39.072,36.620,3.65,3.41,3.64,3.42,INF,-1,1,7,0
14900,1,1,44.205,35.884,4.12,3.34,4.12,3.35,INF,-1,1,7,0
14920,1,1,42.210,34.617,3.94,3.22,3.93,3.23,INF,-1,1,7,0
14940,1,1,39.870,35.246,3.72,3.28,3.72,3.29,INF,-1,1,7,0
14960,1,1,37.529,32.688,3.50,3.05,3.50,3.05,INF,-1,1,7,0
14980,1,1,45.378,32.919,4.23,3.07,4.23,3.07,INF,-1,1,7,0
15000,1,1,40.853,33.302,3.81,3.10,3.81,3.11,INF,-1,1,7,0
