"EyeTracker Toolbox version","3.250"
CalibrationParameters_A11,1.17521
CalibrationParameters_A12,0.06852
CalibrationParameters_A13,0.05717
CalibrationParameters_A21,0.03155
CalibrationParameters_A22,-1.17082
CalibrationParameters_A23,0.00242
CalibrationParameters_A31,0.00102
CalibrationParameters_A32,0.00180
CalibrationParameters_E11,-0.17976
CalibrationParameters_E12,0.00006
CalibrationParameters_E21,0.00011
CalibrationParameters_E22,0.20009
CalibrationParameters_X,-7.05692
CalibrationParameters_Y,51.24980
CalibrationParameters_Rpc,66.06552
CalibrationParameters_MeanX,201.01598
CalibrationParameters_MeanY,151.80229
CalibrationParameters_ViewDist,613.00000
TimeStamp,Tracked,Calibrated,ScreenPositionXmm,ScreenPositionYmm,FicksLongitude,FicksLatitude,HelmholtzAzimuth,HelmholtzElevation,PupilDiameter,Region,Fixation,DigitalIO,Dropped
0,1,1,-22.344,9.965,-2.09,0.93,-2.09,0.93,INF,-1,0,7,0
20,1,1,-25.505,9.245,-2.38,0.86,-2.38,0.86,INF,-1,0,7,0
40,1,1,-25.646,12.076,-2.40,1.13,-2.40,1.13,INF,-1,0,7,0
60,1,1,-25.684,11.343,-2.40,1.06,-2.40,1.06,INF,-1,0,7,0
80,1,1,-24.009,13.248,-2.24,1.24,-2.24,1.24,INF,-1,0,7,0
100,1,1,-24.528,12.490,-2.29,1.17,-2.29,1.17,INF,-1,0,7,0
120,1,1,-24.984,13.676,-2.33,1.28,-2.33,1.28,INF,-1,0,7,0
140,1,1,-24.861,14.501,-2.32,1.35,-2.32,1.36,INF,-1,0,7,0
160,1,1,-24.160,14.896,-2.26,1.39,-2.26,1.39,INF,-1,0,7,0
180,1,1,-24.502,15.299,-2.29,1.43,-2.29,1.43,INF,-1,0,7,0
200,1,1,-23.206,15.730,-2.17,1.47,-2.17,1.47,INF,-1,0,7,0
220,1,1,-21.795,14.089,-2.04,1.32,-2.04,1.32,INF,-1,0,7,0
240,1,1,-24.873,13.436,-2.32,1.25,-2.32,1.26,INF,-1,0,7,0
260,1,1,-24.414,14.232,-2.28,1.33,-2.28,1.33,INF,-1,0,7,0
280,1,1,-22.244,14.687,-2.08,1.37,-2.08,1.37,INF,-1,1,7,0
300,1,1,-22.088,13.179,-2.06,1.23,-2.06,1.23,INF,-1,1,7,0
320,1,1,-17.995,11.501,-1.68,1.07,-1.68,1.07,INF,-1,1,7,0
340,1,1,-19.778,14.308,-1.85,1.34,-1.85,1.34,INF,-1,1,7,0
360,1,1,-17.084,12.946,-1.60,1.21,-1.60,1.21,INF,-1,1,7,0
380,1,1,-17.814,10.865,-1.66,1.01,-1.66,1.02,INF,-1,1,7,0
400,1,1,-16.452,11.422,-1.54,1.07,-1.54,1.07,INF,-1,1,7,0
420,1,1,-13.750,11.902,-1.28,1.11,-1.28,1.11,INF,-1,1,7,0
440,1,1,-13.800,11.417,-1.29,1.07,-1.29,1.07,INF,-1,1,7,0
460,1,1,-11.294,11.909,-1.06,1.11,-1.06,1.11,INF,-1,0,7,0
480,1,1,-14.393,10.800,-1.35,1.01,-1.34,1.01,INF,-1,0,7,0
500,1,1,-11.081,9.744,-1.04,0.91,-1.04,0.91,INF,-1,0,7,0
520,1,1,-11.493,7.917,-1.07,0.74,-1.07,0.74,INF,-1,0,7,0
540,1,1,-12.000,9.066,-1.12,0.85,-1.12,0.85,INF,-1,0,7,0
560,1,1,-10.015,9.335,-0.94,0.87,-0.94,0.87,INF,-1,0,7,0
580,1,1,-10.941,8.681,-1.02,0.81,-1.02,0.81,INF,-1,0,7,0
600,1,1,-8.154,10.533,-0.76,0.98,-0.76,0.98,INF,-1,0,7,0
620,1,1,-8.452,9.462,-0.79,0.88,-0.79,0.88,INF,-1,0,7,0
640,1,1,-7.482,8.600,-0.70,0.80,-0.70,0.80,INF,-1,0,7,0
660,1,1,-9.564,9.084,-0.89,0.85,-0.89,0.85,INF,-1,0,7,0
680,1,1,-5.940,10.254,-0.56,0.96,-0.56,0.96,INF,-1,0,7,0
700,1,1,-5.961,7.874,-0.56,0.74,-0.56,0.74,INF,-1,1,7,0
720,1,1,-9.069,11.023,-0.85,1.03,-0.85,1.03,INF,-1,1,7,0
740,1,1,-10.004,12.369,-0.94,1.16,-0.93,1.16,INF,-1,1,7,0
760,1,1,-12.417,10.622,-1.16,0.99,-1.16,0.99,INF,-1,1,7,0
780,1,1,-12.505,12.251,-1.17,1.14,-1.17,1.14,INF,-1,1,7,0
800,1,1,-13.789,10.908,-1.29,1.02,-1.29,1.02,INF,-1,1,7,0
820,1,1,-12.143,11.142,-1.13,1.04,-1.13,1.04,INF,-1,1,7,0
840,1,1,-13.867,11.099,-1.30,1.04,-1.30,1.04,INF,-1,1,7,0
860,1,1,-12.669,9.957,-1.18,0.93,-1.18,0.93,INF,-1,1,7,0
880,1,1,-13.552,11.666,-1.27,1.09,-1.27,1.09,INF,-1,1,7,0
900,1,1,-12.983,9.264,-1.21,0.87,-1.21,0.87,INF,-1,1,7,0
920,1,1,-8.918,9.366,-0.83,0.88,-0.83,0.88,INF,-1,1,7,0
940,1,1,-9.734,10.431,-0.91,0.97,-0.91,0.97,INF,-1,1,7,0
960,1,1,-9.186,9.347,-0.86,0.87,-0.86,0.87,INF,-1,1,7,0
980,1,1,-7.488,8.902,-0.70,0.83,-0.70,0.83,INF,-1,1,7,0
1000,1,1,-5.277,7.893,-0.49,0.74,-0.49,0.74,INF,-1,1,7,0
1020,1,1,-6.831,10.315,-0.64,0.96,-0.64,0.96,INF,-1,1,7,0
1040,1,1,-8.103,9.459,-0.76,0.88,-0.76,0.88,INF,-1,1,7,0
1060,1,1,-8.205,9.848,-0.77,0.92,-0.77,0.92,INF,-1,1,7,0
1080,1,1,-9.095,8.444,-0.85,0.79,-0.85,0.79,INF,-1,1,7,0
1100,1,1,-6.740,11.410,-0.63,1.07,-0.63,1.07,INF,-1,1,7,0
1120,1,1,-9.094,10.489,-0.85,0.98,-0.85,0.98,INF,-1,1,7,0
1140,1,1,-4.861,13.161,-0.45,1.23,-0.45,1.23,INF,-1,1,7,0
1160,1,1,-3.666,15.147,-0.34,1.42,-0.34,1.42,INF,-1,1,7,0
1180,1,1,-3.093,13.480,-0.29,1.26,-0.29,1.26,INF,-1,1,7,0
1200,1,1,-4.331,11.859,-0.40,1.11,-0.40,1.11,INF,-1,1,7,0
1220,1,1,-4.592,11.448,-0.43,1.07,-0.43,1.07,INF,-1,1,7,0
1240,1,1,-5.980,7.898,-0.56,0.74,-0.56,0.74,INF,-1,1,7,0
1260,1,1,-9.406,8.671,-0.88,0.81,-0.88,0.81,INF,-1,1,7,0
1280,1,1,-9.276,6.645,-0.87,0.62,-0.87,0.62,INF,-1,1,7,0
1300,1,1,-6.880,6.050,-0.64,0.57,-0.64,0.57,INF,-1,1,7,0
1320,1,1,-6.881,4.421,-0.64,0.41,-0.64,0.41,INF,-1,1,7,0
1340,1,1,-9.942,5.771,-0.93,0.54,-0.93,0.54,INF,-1,1,7,0
1360,1,1,-8.412,5.458,-0.79,0.51,-0.79,0.51,INF,-1,1,7,0
1380,1,1,-6.009,6.510,-0.56,0.61,-0.56,0.61,INF,-1,1,7,0
1400,1,1,-4.927,7.452,-0.46,0.70,-0.46,0.70,INF,-1,1,7,0
1420,1,1,-7.004,8.423,-0.65,0.79,-0.65,0.79,INF,-1,1,7,0
1440,1,1,-3.014,7.073,-0.28,0.66,-0.28,0.66,INF,-1,1,7,0
1460,1,1,-7.500,7.637,-0.70,0.71,-0.70,0.71,INF,-1,1,7,0
1480,1,1,-7.253,8.384,-0.68,0.78,-0.68,0.78,INF,-1,1,7,0
1500,1,1,-8.346,8.071,-0.78,0.75,-0.78,0.75,INF,-1,1,7,0
1520,1,1,-8.458,8.019,-0.79,0.75,-0.79,0.75,INF,-1,1,7,0
1540,1,1,-7.074,8.290,-0.66,0.77,-0.66,0.77,INF,-1,1,7,0
1560,1,1,-6.014,9.010,-0.56,0.84,-0.56,0.84,INF,-1,1,7,0
1580,1,1,-6.730,9.845,-0.63,0.92,-0.63,0.92,INF,-1,1,7,0
1600,1,1,-6.390,8.362,-0.60,0.78,-0.60,0.78,INF,-1,1,7,0
1620,1,1,-9.322,7.740,-0.87,0.72,-0.87,0.72,INF,-1,1,7,0
1640,1,1,-6.924,5.782,-0.65,0.54,-0.65,0.54,INF,-1,1,7,0
1660,1,1,-5.226,5.008,-0.49,0.47,-0.49,0.47,INF,-1,1,7,0
1680,1,1,-7.994,5.121,-0.75,0.48,-0.75,0.48,INF,-1,1,7,0
1700,1,1,-8.520,5.529,-0.80,0.52,-0.80,0.52,INF,-1,1,7,0
1720,1,1,-4.940,6.636,-0.46,0.62,-0.46,0.62,INF,-1,1,7,0
1740,1,1,-14.881,7.424,-1.39,0.69,-1.39,0.69,INF,-1,1,7,0
1760,1,1,-15.096,10.390,-1.41,0.97,-1.41,0.97,INF,-1,1,7,0
1780,1,1,-16.542,11.224,-1.55,1.05,-1.55,1.05,INF,-1,1,7,0
1800,1,1,-14.903,11.806,-1.39,1.10,-1.39,1.10,INF,-1,1,7,0
1820,1,1,-13.363,12.599,-1.25,1.18,-1.25,1.18,INF,-1,1,7,0
1840,1,1,-16.943,14.793,-1.58,1.38,-1.58,1.38,INF,-1,1,7,0
1860,1,1,-14.500,15.070,-1.36,1.41,-1.35,1.41,INF,-1,1,7,0
1880,1,1,-16.803,15.153,-1.57,1.42,-1.57,1.42,INF,-1,1,7,0
1900,1,1,-14.363,17.618,-1.34,1.65,-1.34,1.65,INF,-1,1,7,0
1920,1,1,-13.321,18.044,-1.24,1.69,-1.24,1.69,INF,-1,1,7,0
1940,1,1,-20.127,17.990,-1.88,1.68,-1.88,1.68,INF,-1,1,7,0
1960,1,1,-18.753,18.134,-1.75,1.69,-1.75,1.69,INF,-1,1,7,0
1980,1,1,-25.236,17.033,-2.36,1.59,-2.36,1.59,INF,-1,0,7,0
2000,1,1,-24.748,16.607,-2.31,1.55,-2.31,1.55,INF,-1,0,7,0
2020,1,1,-19.477,17.845,-1.82,1.67,-1.82,1.67,INF,-1,0,7,0
2040,1,1,-20.902,16.819,-1.95,1.57,-1.95,1.57,INF,-1,0,7,0
2060,1,1,-20.332,16.504,-1.90,1.54,-1.90,1.54,INF,-1,0,7,0
2080,1,1,-22.106,17.525,-2.07,1.64,-2.06,1.64,INF,-1,0,7,0
2100,1,1,-20.701,16.746,-1.93,1.56,-1.93,1.56,INF,-1,0,7,0
2120,1,1,-21.774,16.993,-2.03,1.59,-2.03,1.59,INF,-1,0,7,0
2140,1,1,-16.973,16.974,-1.59,1.59,-1.59,1.59,INF,-1,0,7,0
2160,1,1,-19.181,18.442,-1.79,1.72,-1.79,1.72,INF,-1,0,7,0
2180,1,1,-17.530,21.301,-1.64,1.99,-1.64,1.99,INF,-1,0,7,0
2200,1,1,-17.663,20.826,-1.65,1.94,-1.65,1.95,INF,-1,0,7,0
2220,1,1,-18.988,20.245,-1.77,1.89,-1.77,1.89,INF,-1,1,7,0
2240,1,1,-17.290,20.518,-1.62,1.92,-1.61,1.92,INF,-1,1,7,0
2260,1,1,-18.754,19.215,-1.75,1.79,-1.75,1.80,INF,-1,1,7,0
2280,1,1,-17.042,18.945,-1.59,1.77,-1.59,1.77,INF,-1,1,7,0
2300,1,1,-18.802,20.019,-1.76,1.87,-1.76,1.87,INF,-1,1,7,0
2320,1,1,-16.452,20.235,-1.54,1.89,-1.54,1.89,INF,-1,1,7,0
2340,1,1,-18.315,18.896,-1.71,1.76,-1.71,1.77,INF,-1,1,7,0
2360,1,1,-20.646,17.947,-1.93,1.68,-1.93,1.68,INF,-1,1,7,0
2380,1,1,-21.236,18.999,-1.98,1.77,-1.98,1.78,INF,-1,1,7,0
2400,1,1,-18.712,18.833,-1.75,1.76,-1.75,1.76,INF,-1,1,7,0
2420,1,1,-18.887,17.580,-1.76,1.64,-1.76,1.64,INF,-1,1,7,0
2440,1,1,-22.357,16.642,-2.09,1.55,-2.09,1.56,INF,-1,1,7,0
2460,1,1,-30.261,13.295,-2.83,1.24,-2.83,1.24,INF,-1,1,7,0
2480,1,1,-30.377,8.514,-2.84,0.79,-2.84,0.80,INF,-1,1,7,0
2500,1,1,-34.317,6.453,-3.20,0.60,-3.20,0.60,INF,-1,0,7,0
2520,1,1,-30.838,7.949,-2.88,0.74,-2.88,0.74,INF,-1,0,7,0
2540,1,1,-31.718,8.814,-2.96,0.82,-2.96,0.82,INF,-1,0,7,0
2560,1,1,-30.953,8.110,-2.89,0.76,-2.89,0.76,INF,-1,0,7,0
2580,1,1,-39.536,7.098,-3.69,0.66,-3.69,0.66,INF,-1,0,7,0
2600,1,1,-42.783,7.911,-3.99,0.74,-3.99,0.74,INF,-1,0,7,0
2620,1,1,-48.292,5.625,-4.50,0.52,-4.50,0.53,INF,-1,0,7,0
2640,1,1,-51.533,4.106,-4.81,0.38,-4.81,0.38,INF,-1,0,7,0
2660,1,1,-53.088,3.681,-4.95,0.34,-4.95,0.34,INF,-1,0,7,0
2680,1,1,-55.997,3.938,-5.22,0.37,-5.22,0.37,INF,-1,0,7,0
2700,1,1,-56.399,1.770,-5.26,0.16,-5.26,0.17,INF,-1,0,7,0
2720,1,1,-57.242,1.451,-5.33,0.14,-5.33,0.14,INF,-1,0,7,0
2740,1,1,-57.830,-2.852,-5.39,-0.27,-5.39,-0.27,INF,-1,0,7,0
2760,1,1,-56.235,0.250,-5.24,0.02,-5.24,0.02,INF,-1,0,7,0
2780,1,1,-53.819,-0.193,-5.02,-0.02,-5.02,-0.02,INF,-1,0,7,0
2800,1,1,-46.224,-4.992,-4.31,-0.47,-4.31,-0.47,INF,-1,0,7,0
2820,1,1,-51.076,-2.973,-4.76,-0.28,-4.76,-0.28,INF,-1,0,7,0
2840,0,1,0.000,0.000,0.00,0.00,0.00,0.00,0.00,-1,0,7,0
2860,1,1,-56.386,-10.854,-5.26,-1.01,-5.25,-1.01,INF,-1,1,7,0
2880,1,1,-51.245,-1.140,-4.78,-0.11,-4.78,-0.11,INF,-1,1,7,0
2900,1,1,-47.617,8.134,-4.44,0.76,-4.44,0.76,INF,-1,1,7,0
2920,1,1,-44.901,10.442,-4.19,0.97,-4.19,0.98,INF,-1,1,7,0
2940,1,1,-44.747,13.463,-4.17,1.25,-4.17,1.26,INF,-1,1,7,0
2960,1,1,-41.283,14.830,-3.85,1.38,-3.85,1.39,INF,-1,0,7,0
2980,1,1,-42.834,16.883,-4.00,1.57,-4.00,1.58,INF,-1,0,7,0
3000,1,1,-44.598,20.331,-4.16,1.89,-4.16,1.90,INF,-1,0,7,0
3020,1,1,-42.208,20.101,-3.94,1.87,-3.94,1.88,INF,-1,0,7,0
3040,1,1,-40.118,20.972,-3.74,1.96,-3.74,1.96,INF,-1,0,7,0
3060,1,1,-39.681,20.833,-3.70,1.94,-3.70,1.95,INF,-1,0,7,0
3080,1,1,-40.363,21.524,-3.77,2.01,-3.76,2.01,INF,-1,0,7,0
3100,1,1,-42.308,22.889,-3.95,2.13,-3.95,2.14,INF,-1,0,7,0
3120,1,1,-38.876,24.650,-3.63,2.30,-3.63,2.30,INF,-1,0,7,0
3140,1,1,-40.265,27.103,-3.76,2.53,-3.75,2.53,INF,-1,0,7,0
3160,1,1,-42.148,28.563,-3.93,2.66,-3.93,2.67,INF,-1,0,7,0
3180,1,1,-43.158,30.549,-4.03,2.85,-4.02,2.85,INF,-1,0,7,0
3200,1,1,-46.735,30.456,-4.36,2.84,-4.35,2.84,INF,-1,0,7,0
3220,1,1,-52.095,30.832,-4.86,2.87,-4.85,2.88,INF,-1,1,7,0
3240,1,1,-56.948,30.362,-5.31,2.82,-5.30,2.84,INF,-1,1,7,0
3260,1,1,-53.864,30.516,-5.02,2.84,-5.02,2.85,INF,-1,0,7,0
3280,1,1,-55.937,30.226,-5.21,2.81,-5.21,2.82,INF,-1,0,7,0
3300,1,1,-58.075,29.828,-5.41,2.77,-5.41,2.79,INF,-1,0,7,0
3320,1,1,-59.856,28.880,-5.58,2.68,-5.57,2.70,INF,-1,0,7,0
3340,1,1,-60.842,28.912,-5.67,2.69,-5.66,2.70,INF,-1,0,7,0
3360,1,1,-59.332,28.626,-5.53,2.66,-5.52,2.67,INF,-1,0,7,0
3380,1,1,-62.870,29.961,-5.86,2.78,-5.85,2.80,INF,-1,0,7,0
3400,1,1,-60.013,29.338,-5.59,2.73,-5.59,2.74,INF,-1,0,7,0
3420,1,1,-59.209,29.084,-5.52,2.70,-5.51,2.72,INF,-1,0,7,0
3440,1,1,-54.179,29.111,-5.05,2.71,-5.05,2.72,INF,-1,0,7,0
3460,1,1,-53.384,28.322,-4.98,2.64,-4.97,2.65,INF,-1,0,7,0
3480,1,1,-50.237,27.368,-4.69,2.55,-4.68,2.56,INF,-1,0,7,0
3500,1,1,-48.763,26.890,-4.55,2.50,-4.54,2.51,INF,-1,1,7,0
3520,0,1,0.000,0.000,0.00,0.00,0.00,0.00,0.00,-1,1,7,0
3540,0,1,0.000,0.000,0.00,0.00,0.00,0.00,0.00,-1,1,7,0
3560,0,1,0.000,0.000,0.00,0.00,0.00,0.00,0.00,-1,1,7,0
3580,0,1,0.000,0.000,0.00,0.00,0.00,0.00,0.00,-1,1,7,0
3600,0,1,0.000,0.000,0.00,0.00,0.00,0.00,0.00,-1,0,7,0
3620,0,1,0.000,0.000,0.00,0.00,0.00,0.00,0.00,-1,0,7,0
3640,0,1,0.000,0.000,0.00,0.00,0.00,0.00,0.00,-1,0,7,0
3660,0,1,0.000,0.000,0.00,0.00,0.00,0.00,0.00,-1,0,7,0
3680,0,1,0.000,0.000,0.00,0.00,0.00,0.00,0.00,-1,0,7,0
3700,0,1,0.000,0.000,0.00,0.00,0.00,0.00,0.00,-1,0,7,0
3720,0,1,0.000,0.000,0.00,0.00,0.00,0.00,0.00,-1,0,7,0
3740,0,1,0.000,0.000,0.00,0.00,0.00,0.00,0.00,-1,0,7,0
3760,0,1,0.000,0.000,0.00,0.00,0.00,0.00,0.00,-1,0,7,0
3780,0,1,0.000,0.000,0.00,0.00,0.00,0.00,0.00,-1,0,7,0
3800,0,1,0.000,0.000,0.00,0.00,0.00,0.00,0.00,-1,0,7,0
3820,0,1,0.000,0.000,0.00,0.00,0.00,0.00,0.00,-1,0,7,0
3840,0,1,0.000,0.000,0.00,0.00,0.00,0.00,0.00,-1,0,7,0
3860,0,1,0.000,0.000,0.00,0.00,0.00,0.00,0.00,-1,0,7,0
3880,0,1,0.000,0.000,0.00,0.00,0.00,0.00,0.00,-1,0,7,0
3900,0,1,0.000,0.000,0.00,0.00,0.00,0.00,0.00,-1,0,7,0
3920,0,1,0.000,0.000,0.00,0.00,0.00,0.00,0.00,-1,0,7,0
3940,0,1,0.000,0.000,0.00,0.00,0.00,0.00,0.00,-1,0,7,0
3960,0,1,0.000,0.000,0.00,0.00,0.00,0.00,0.00,-1,0,7,0
3980,0,1,0.000,0.000,0.00,0.00,0.00,0.00,0.00,-1,0,7,0
4000,0,1,0.000,0.000,0.00,0.00,0.00,0.00,0.00,-1,0,7,0
4020,0,1,0.000,0.000,0.00,0.00,0.00,0.00,0.00,-1,0,7,0
4040,0,1,0.000,0.000,0.00,0.00,0.00,0.00,0.00,-1,0,7,0
4060,0,1,0.000,0.000,0.00,0.00,0.00,0.00,0.00,-1,0,7,0
4080,0,1,0.000,0.000,0.00,0.00,0.00,0.00,0.00,-1,0,7,0
4100,0,1,0.000,0.000,0.00,0.00,0.00,0.00,0.00,-1,0,7,0
4120,0,1,0.000,0.000,0.00,0.00,0.00,0.00,0.00,-1,0,7,0
4140,0,1,0.000,0.000,0.00,0.00,0.00,0.00,0.00,-1,0,7,0
4160,0,1,0.000,0.000,0.00,0.00,0.00,0.00,0.00,-1,0,7,0
4180,1,1,24.885,17.681,2.32,1.65,2.32,1.65,INF,-1,0,7,0
4200,1,1,24.915,19.895,2.33,1.86,2.33,1.86,INF,-1,0,7,0
4220,1,1,20.985,22.546,1.96,2.11,1.96,2.11,INF,-1,0,7,0
4240,1,1,21.128,21.541,1.97,2.01,1.97,2.01,INF,-1,0,7,0
4260,1,1,19.035,18.425,1.78,1.72,1.78,1.72,INF,-1,0,7,0
4280,1,1,17.023,21.666,1.59,2.02,1.59,2.02,INF,-1,0,7,0
4300,1,1,21.957,18.087,2.05,1.69,2.05,1.69,INF,-1,0,7,0
4320,1,1,19.721,15.579,1.84,1.46,1.84,1.46,INF,-1,0,7,0
4340,1,1,15.516,15.576,1.45,1.46,1.45,1.46,INF,-1,0,7,0
4360,1,1,16.046,13.100,1.50,1.22,1.50,1.22,INF,-1,0,7,0
4380,1,1,18.237,11.352,1.70,1.06,1.70,1.06,INF,-1,0,7,0
4400,1,1,16.907,11.517,1.58,1.08,1.58,1.08,INF,-1,0,7,0
4420,1,1,-14.039,6.532,-1.31,0.61,-1.31,0.61,INF,-1,0,7,0
4440,1,1,-23.510,5.827,-2.20,0.54,-2.20,0.54,INF,-1,0,7,0
4460,1,1,-24.137,1.625,-2.25,0.15,-2.25,0.15,INF,-1,0,7,0
4480,1,1,-26.781,1.778,-2.50,0.17,-2.50,0.17,INF,-1,0,7,0
4500,1,1,-26.594,1.878,-2.48,0.18,-2.48,0.18,INF,-1,0,7,0
4520,1,1,-22.625,1.647,-2.11,0.15,-2.11,0.15,INF,-1,0,7,0
4540,1,1,-12.166,4.144,-1.14,0.39,-1.14,0.39,INF,-1,0,7,0
4560,0,1,0.000,0.000,0.00,0.00,0.00,0.00,0.00,-1,0,7,0
4580,0,1,0.000,0.000,0.00,0.00,0.00,0.00,0.00,-1,0,7,0
4600,0,1,0.000,0.000,0.00,0.00,0.00,0.00,0.00,-1,0,7,0
4620,0,1,0.000,0.000,0.00,0.00,0.00,0.00,0.00,-1,0,7,0
4640,0,1,0.000,0.000,0.00,0.00,0.00,0.00,0.00,-1,0,7,0
4660,0,1,0.000,0.000,0.00,0.00,0.00,0.00,0.00,-1,0,7,0
4680,1,1,-22.608,-8.013,-2.11,-0.75,-2.11,-0.75,INF,-1,0,7,0
4700,0,1,0.000,0.000,0.00,0.00,0.00,0.00,0.00,-1,0,7,0
4720,0,1,0.000,0.000,0.00,0.00,0.00,0.00,0.00,-1,0,7,0
4740,1,1,-111.453,-26.784,-10.30,-2.46,-10.30,-2.50,INF,-1,0,7,0
4760,0,1,0.000,0.000,0.00,0.00,0.00,0.00,0.00,-1,0,7,0
4780,0,1,0.000,0.000,0.00,0.00,0.00,0.00,0.00,-1,0,7,0
4800,1,1,-33.269,3.239,-3.11,0.30,-3.11,0.30,INF,-1,0,7,0
4820,1,1,-34.134,4.441,-3.19,0.41,-3.19,0.42,INF,-1,0,7,0
4840,1,1,-35.981,2.964,-3.36,0.28,-3.36,0.28,INF,-1,0,7,0
4860,1,1,-33.452,4.246,-3.12,0.40,-3.12,0.40,INF,-1,0,7,0
4880,1,1,-34.163,4.871,-3.19,0.45,-3.19,0.46,INF,-1,0,7,0
4900,1,1,-36.192,3.893,-3.38,0.36,-3.38,0.36,INF,-1,0,7,0
4920,1,1,-35.700,4.131,-3.33,0.39,-3.33,0.39,INF,-1,0,7,0
4940,1,1,-36.777,4.537,-3.43,0.42,-3.43,0.42,INF,-1,0,7,0
4960,1,1,-34.865,4.042,-3.26,0.38,-3.26,0.38,INF,-1,0,7,0
4980,1,1,-39.206,2.301,-3.66,0.21,-3.66,0.22,INF,-1,0,7,0
5000,1,1,-34.204,0.252,-3.19,0.02,-3.19,0.02,INF,-1,0,7,0
5020,1,1,-3.630,9.620,-0.34,0.90,-0.34,0.90,INF,-1,0,7,0
5040,1,1,-3.003,13.734,-0.28,1.28,-0.28,1.28,INF,-1,0,7,0
5060,1,1,0.654,12.166,0.06,1.14,0.06,1.14,INF,-1,0,7,0
5080,1,1,-1.108,14.237,-0.10,1.33,-0.10,1.33,INF,-1,0,7,0
5100,1,1,0.038,14.165,0.00,1.32,0.00,1.32,INF,-1,0,7,0
5120,1,1,1.031,12.882,0.10,1.20,0.10,1.20,INF,-1,0,7,0
5140,1,1,0.552,12.502,0.05,1.17,0.05,1.17,INF,-1,0,7,0
5160,1,1,0.534,12.337,0.05,1.15,0.05,1.15,INF,-1,0,7,0
5180,1,1,-0.473,13.292,-0.04,1.24,-0.04,1.24,INF,-1,0,7,0
5200,1,1,1.343,11.563,0.13,1.08,0.13,1.08,INF,-1,0,7,0
5220,1,1,1.776,12.235,0.17,1.14,0.17,1.14,INF,-1,0,7,0
5240,1,1,1.386,12.847,0.13,1.20,0.13,1.20,INF,-1,1,7,0
5260,1,1,-0.600,15.366,-0.06,1.44,-0.06,1.44,INF,-1,1,7,0
5280,1,1,-0.091,13.425,-0.01,1.25,-0.01,1.25,INF,-1,1,7,0
5300,1,1,3.271,13.818,0.31,1.29,0.31,1.29,INF,-1,1,7,0
5320,1,1,1.179,14.793,0.11,1.38,0.11,1.38,INF,-1,1,7,0
5340,1,1,4.039,14.443,0.38,1.35,0.38,1.35,INF,-1,1,7,0
5360,1,1,-10.435,7.432,-0.98,0.69,-0.98,0.69,INF,-1,1,7,0
5380,1,1,-9.946,4.801,-0.93,0.45,-0.93,0.45,INF,-1,1,7,0
5400,1,1,-11.081,4.567,-1.04,0.43,-1.04,0.43,INF,-1,1,7,0
5420,1,1,-11.176,3.890,-1.04,0.36,-1.04,0.36,INF,-1,1,7,0
5440,1,1,-10.437,4.108,-0.98,0.38,-0.98,0.38,INF,-1,1,7,0
5460,1,1,-10.261,4.127,-0.96,0.39,-0.96,0.39,INF,-1,1,7,0
5480,1,1,-11.612,4.177,-1.09,0.39,-1.09,0.39,INF,-1,1,7,0
5500,1,1,-10.784,4.537,-1.01,0.42,-1.01,0.42,INF,-1,1,7,0
5520,1,1,-10.783,4.906,-1.01,0.46,-1.01,0.46,INF,-1,1,7,0
5540,1,1,-7.780,7.996,-0.73,0.75,-0.73,0.75,INF,-1,1,7,0
5560,1,1,-6.976,3.804,-0.65,0.36,-0.65,0.36,INF,-1,1,7,0
5580,1,1,-8.425,6.863,-0.79,0.64,-0.79,0.64,INF,-1,1,7,0
5600,1,1,-5.746,6.290,-0.54,0.59,-0.54,0.59,INF,-1,1,7,0
5620,1,1,-6.435,6.021,-0.60,0.56,-0.60,0.56,INF,-1,1,7,0
5640,1,1,-11.383,5.988,-1.06,0.56,-1.06,0.56,INF,-1,1,7,0
5660,1,1,-8.781,5.960,-0.82,0.56,-0.82,0.56,INF,-1,1,7,0
5680,1,1,-9.656,7.764,-0.90,0.73,-0.90,0.73,INF,-1,1,7,0
5700,1,1,-9.555,5.968,-0.89,0.56,-0.89,0.56,INF,-1,1,7,0
5720,1,1,-9.662,6.011,-0.90,0.56,-0.90,0.56,INF,-1,1,7,0
5740,1,1,-9.676,5.358,-0.90,0.50,-0.90,0.50,INF,-1,1,7,0
5760,1,1,0.881,-1.049,0.08,-0.10,0.08,-0.10,INF,-1,1,7,0
5780,1,1,17.098,-3.351,1.60,-0.31,1.60,-0.31,INF,-1,1,7,0
5800,1,1,17.836,-3.557,1.67,-0.33,1.67,-0.33,INF,-1,0,7,0
5820,1,1,19.679,-6.607,1.84,-0.62,1.84,-0.62,INF,-1,0,7,0
5840,1,1,19.634,-6.269,1.83,-0.59,1.83,-0.59,INF,-1,0,7,0
5860,1,1,21.748,-7.521,2.03,-0.70,2.03,-0.70,INF,-1,0,7,0
5880,1,1,21.781,-7.490,2.03,-0.70,2.03,-0.70,INF,-1,0,7,0
5900,1,1,21.038,-7.239,1.97,-0.68,1.97,-0.68,INF,-1,0,7,0
5920,1,1,18.733,-8.290,1.75,-0.77,1.75,-0.77,INF,-1,0,7,0
5940,1,1,23.054,-8.101,2.15,-0.76,2.15,-0.76,INF,-1,0,7,0
5960,1,1,21.627,-8.174,2.02,-0.76,2.02,-0.76,INF,-1,0,7,0
5980,1,1,22.606,-7.512,2.11,-0.70,2.11,-0.70,INF,-1,0,7,0
6000,1,1,23.169,-7.362,2.16,-0.69,2.16,-0.69,INF,-1,0,7,0
6020,1,1,22.946,-6.168,2.14,-0.58,2.14,-0.58,INF,-1,0,7,0
6040,1,1,20.737,-7.132,1.94,-0.67,1.94,-0.67,INF,-1,0,7,0
6060,1,1,22.539,-8.166,2.11,-0.76,2.11,-0.76,INF,-1,1,7,0
6080,1,1,24.315,-7.550,2.27,-0.71,2.27,-0.71,INF,-1,1,7,0
6100,1,1,22.068,-6.637,2.06,-0.62,2.06,-0.62,INF,-1,1,7,0
6120,1,1,22.432,-9.146,2.10,-0.85,2.10,-0.85,INF,-1,1,7,0
6140,1,1,21.943,-8.493,2.05,-0.79,2.05,-0.79,INF,-1,1,7,0
6160,1,1,26.441,-9.823,2.47,-0.92,2.47,-0.92,INF,-1,1,7,0
6180,1,1,22.764,-9.120,2.13,-0.85,2.13,-0.85,INF,-1,1,7,0
6200,1,1,25.737,-9.023,2.40,-0.84,2.40,-0.84,INF,-1,1,7,0
6220,1,1,26.689,-8.507,2.49,-0.79,2.49,-0.80,INF,-1,1,7,0
6240,1,1,27.412,-9.671,2.56,-0.90,2.56,-0.90,INF,-1,1,7,0
6260,1,1,25.132,-10.400,2.35,-0.97,2.35,-0.97,INF,-1,1,7,0
6280,1,1,13.296,-13.098,1.24,-1.22,1.24,-1.22,INF,-1,1,7,0
6300,1,1,4.740,-12.518,0.44,-1.17,0.44,-1.17,INF,-1,1,7,0
6320,1,1,1.822,-11.588,0.17,-1.08,0.17,-1.08,INF,-1,1,7,0
6340,1,1,6.325,-13.626,0.59,-1.27,0.59,-1.27,INF,-1,0,7,0
6360,1,1,3.889,-12.878,0.36,-1.20,0.36,-1.20,INF,-1,0,7,0
6380,1,1,7.313,-12.077,0.68,-1.13,0.68,-1.13,INF,-1,0,7,0
6400,1,1,4.666,-14.337,0.44,-1.34,0.44,-1.34,INF,-1,0,7,0
6420,1,1,5.793,-13.177,0.54,-1.23,0.54,-1.23,INF,-1,0,7,0
6440,1,1,6.635,-11.275,0.62,-1.05,0.62,-1.05,INF,-1,0,7,0
6460,1,1,9.127,-11.763,0.85,-1.10,0.85,-1.10,INF,-1,0,7,0
6480,1,1,7.520,-10.809,0.70,-1.01,0.70,-1.01,INF,-1,0,7,0
6500,1,1,8.160,-13.343,0.76,-1.25,0.76,-1.25,INF,-1,0,7,0
6520,1,1,6.614,-11.528,0.62,-1.08,0.62,-1.08,INF,-1,0,7,0
6540,1,1,-4.735,-18.510,-0.44,-1.73,-0.44,-1.73,INF,-1,0,7,0
6560,1,1,-15.924,-22.720,-1.49,-2.12,-1.49,-2.12,INF,-1,0,7,0
6580,1,1,-19.886,-22.697,-1.86,-2.12,-1.86,-2.12,INF,-1,1,7,0
6600,1,1,-17.580,-24.174,-1.64,-2.26,-1.64,-2.26,INF,-1,0,7,0
6620,1,1,-15.868,-25.272,-1.48,-2.36,-1.48,-2.36,INF,-1,0,7,0
6640,0,1,0.000,0.000,0.00,0.00,0.00,0.00,0.00,-1,0,7,0
6660,1,1,-18.211,-32.786,-1.70,-3.06,-1.70,-3.06,INF,-1,0,7,0
6680,0,1,0.000,0.000,0.00,0.00,0.00,0.00,0.00,-1,0,7,0
6700,0,1,0.000,0.000,0.00,0.00,0.00,0.00,0.00,-1,0,7,0
6720,0,1,0.000,0.000,0.00,0.00,0.00,0.00,0.00,-1,0,7,0
6740,0,1,0.000,0.000,0.00,0.00,0.00,0.00,0.00,-1,0,7,0
6760,0,1,0.000,0.000,0.00,0.00,0.00,0.00,0.00,-1,0,7,0
6780,0,1,0.000,0.000,0.00,0.00,0.00,0.00,INF,-1,0,7,0
6800,0,1,0.000,0.000,0.00,0.00,0.00,0.00,0.00,-1,0,7,0
6820,0,1,0.000,0.000,0.00,0.00,0.00,0.00,0.00,-1,0,7,0
6840,0,1,0.000,0.000,0.00,0.00,0.00,0.00,0.00,-1,0,7,0
6860,0,1,0.000,0.000,0.00,0.00,0.00,0.00,0.00,-1,0,7,0
6880,0,1,0.000,0.000,0.00,0.00,0.00,0.00,0.00,-1,0,7,0
6900,1,1,-6.794,-20.746,-0.64,-1.94,-0.63,-1.94,INF,-1,0,7,0
6920,1,1,-2.051,-17.963,-0.19,-1.68,-0.19,-1.68,INF,-1,0,7,0
6940,1,1,-3.139,-20.893,-0.29,-1.95,-0.29,-1.95,INF,-1,0,7,0
6960,0,1,0.000,0.000,0.00,0.00,0.00,0.00,0.00,-1,0,7,0
6980,0,1,0.000,0.000,0.00,0.00,0.00,0.00,0.00,-1,0,7,0
7000,1,1,-1.928,-15.010,-0.18,-1.40,-0.18,-1.40,INF,-1,0,7,0
7020,0,1,0.000,0.000,0.00,0.00,0.00,0.00,0.00,-1,0,7,0
7040,0,1,0.000,0.000,0.00,0.00,0.00,0.00,0.00,-1,0,7,0
7060,1,1,101.969,-74.557,9.44,-6.84,9.38,-6.93,INF,-1,0,7,0
7080,0,1,0.000,0.000,0.00,0.00,0.00,0.00,0.00,-1,0,7,0
7100,1,1,115.176,-143.377,10.64,-12.95,10.37,-13.16,INF,-1,0,7,0
7120,0,1,0.000,0.000,0.00,0.00,0.00,0.00,0.00,-1,0,7,0
7140,0,1,0.000,0.000,0.00,0.00,0.00,0.00,0.00,-1,0,7,0
7160,0,1,0.000,0.000,0.00,0.00,0.00,0.00,0.00,-1,0,7,0
7180,0,1,0.000,0.000,0.00,0.00,0.00,0.00,0.00,-1,0,7,0
7200,1,1,-3.229,-21.870,-0.30,-2.04,-0.30,-2.04,INF,-1,0,7,0
7220,0,1,0.000,0.000,0.00,0.00,0.00,0.00,0.00,-1,0,7,0
7240,1,1,-4.749,-35.999,-0.44,-3.36,-0.44,-3.36,INF,-1,0,7,0
7260,1,1,-5.185,-29.520,-0.48,-2.76,-0.48,-2.76,INF,-1,0,7,0
7280,0,1,0.000,0.000,0.00,0.00,0.00,0.00,0.00,-1,0,7,0
7300,0,1,0.000,0.000,0.00,0.00,0.00,0.00,0.00,-1,0,7,0
7320,0,1,0.000,0.000,0.00,0.00,0.00,0.00,0.00,-1,0,7,0
7340,0,1,0.000,0.000,0.00,0.00,0.00,0.00,0.00,-1,0,7,0
7360,1,1,-3.186,-48.223,-0.30,-4.50,-0.30,-4.50,INF,-1,0,7,0
7380,0,1,0.000,0.000,0.00,0.00,0.00,0.00,0.00,-1,0,7,0
7400,0,1,0.000,0.000,0.00,0.00,0.00,0.00,0.00,-1,0,7,0
7420,0,1,0.000,0.000,0.00,0.00,0.00,0.00,0.00,-1,0,7,0
7440,0,1,0.000,0.000,0.00,0.00,0.00,0.00,0.00,-1,0,7,0
7460,0,1,0.000,0.000,0.00,0.00,0.00,0.00,0.00,-1,0,7,0
7480,0,1,0.000,0.000,0.00,0.00,0.00,0.00,0.00,-1,0,7,0
7500,0,1,0.000,0.000,0.00,0.00,0.00,0.00,0.00,-1,0,7,0
7520,0,1,0.000,0.000,0.00,0.00,0.00,0.00,0.00,-1,0,7,0
7540,1,1,144.355,-135.198,13.25,-12.12,12.95,-12.44,INF,-1,0,7,0
7560,0,1,0.000,0.000,0.00,0.00,0.00,0.00,0.00,-1,0,7,0
7580,0,1,0.000,0.000,0.00,0.00,0.00,0.00,0.00,-1,0,7,0
7600,0,1,0.000,0.000,0.00,0.00,0.00,0.00,0.00,-1,0,7,0
7620,1,1,12.671,-17.984,1.18,-1.68,1.18,-1.68,INF,-1,0,7,0
7640,1,1,20.544,-13.114,1.92,-1.22,1.92,-1.23,INF,-1,0,7,0
7660,1,1,36.599,9.381,3.42,0.88,3.42,0.88,INF,-1,0,7,0
7680,1,1,36.656,15.581,3.42,1.45,3.42,1.46,INF,-1,0,7,0
7700,1,1,35.734,17.970,3.34,1.68,3.33,1.68,INF,-1,0,7,0
7720,1,1,38.427,14.401,3.59,1.34,3.59,1.35,INF,-1,0,7,0
7740,1,1,36.057,14.883,3.37,1.39,3.37,1.39,INF,-1,0,7,0
7760,1,1,37.807,15.357,3.53,1.43,3.53,1.44,INF,-1,0,7,0
7780,1,1,37.252,14.491,3.48,1.35,3.48,1.35,INF,-1,0,7,0
7800,1,1,36.393,14.042,3.40,1.31,3.40,1.31,INF,-1,0,7,0
7820,1,1,37.707,13.909,3.52,1.30,3.52,1.30,INF,-1,0,7,0
7840,1,1,36.966,15.137,3.45,1.41,3.45,1.41,INF,-1,0,7,0
7860,1,1,35.774,13.383,3.34,1.25,3.34,1.25,INF,-1,0,7,0
7880,1,1,35.969,13.687,3.36,1.28,3.36,1.28,INF,-1,0,7,0
7900,1,1,37.107,14.898,3.46,1.39,3.46,1.39,INF,-1,0,7,0
7920,1,1,37.587,14.728,3.51,1.37,3.51,1.38,INF,-1,1,7,0
7940,1,1,35.261,14.591,3.29,1.36,3.29,1.36,INF,-1,1,7,0
7960,1,1,34.029,15.311,3.18,1.43,3.18,1.43,INF,-1,1,7,0
7980,1,1,36.611,14.514,3.42,1.35,3.42,1.36,INF,-1,1,7,0
8000,1,1,35.681,13.881,3.33,1.30,3.33,1.30,INF,-1,1,7,0
8020,1,1,41.459,11.924,3.87,1.11,3.87,1.11,INF,-1,1,7,0
8040,1,1,-0.741,9.666,-0.07,0.90,-0.07,0.90,INF,-1,1,7,0
8060,1,1,-20.808,17.640,-1.94,1.65,-1.94,1.65,INF,-1,1,7,0
8080,1,1,-21.492,14.241,-2.01,1.33,-2.01,1.33,INF,-1,0,7,0
8100,1,1,-20.525,17.643,-1.92,1.65,-1.92,1.65,INF,-1,0,7,0
8120,1,1,-23.128,17.509,-2.16,1.63,-2.16,1.64,INF,-1,0,7,0
8140,1,1,-21.771,15.969,-2.03,1.49,-2.03,1.49,INF,-1,0,7,0
8160,1,1,-19.976,18.222,-1.87,1.70,-1.87,1.70,INF,-1,0,7,0
8180,1,1,-21.337,18.410,-1.99,1.72,-1.99,1.72,INF,-1,0,7,0
8200,1,1,-17.846,17.401,-1.67,1.63,-1.67,1.63,INF,-1,0,7,0
8220,1,1,-22.780,17.997,-2.13,1.68,-2.13,1.68,INF,-1,0,7,0
8240,1,1,-19.745,18.888,-1.84,1.76,-1.84,1.76,INF,-1,0,7,0
8260,1,1,-19.208,19.133,-1.79,1.79,-1.79,1.79,INF,-1,0,7,0
8280,1,1,-17.294,17.943,-1.62,1.68,-1.62,1.68,INF,-1,0,7,0
8300,1,1,-16.535,17.800,-1.55,1.66,-1.54,1.66,INF,-1,0,7,0
8320,1,1,-17.836,18.540,-1.67,1.73,-1.67,1.73,INF,-1,0,7,0
8340,1,1,-18.271,19.710,-1.71,1.84,-1.71,1.84,INF,-1,1,7,0
8360,1,1,-17.696,19.155,-1.65,1.79,-1.65,1.79,INF,-1,1,7,0
8380,1,1,-41.310,22.310,-3.86,2.08,-3.85,2.08,INF,-1,1,7,0
8400,1,1,-43.383,24.238,-4.05,2.26,-4.04,2.26,INF,-1,1,7,0
8420,1,1,-45.637,24.577,-4.26,2.29,-4.25,2.30,INF,-1,0,7,0
8440,1,1,-44.880,24.641,-4.19,2.30,-4.18,2.30,INF,-1,0,7,0
8460,1,1,-43.799,25.705,-4.09,2.40,-4.08,2.40,INF,-1,0,7,0
8480,1,1,-45.045,25.959,-4.20,2.42,-4.20,2.42,INF,-1,0,7,0
8500,1,1,-43.792,25.934,-4.09,2.42,-4.08,2.42,INF,-1,0,7,0
8520,1,1,-39.779,26.674,-3.71,2.49,-3.71,2.49,INF,-1,0,7,0
8540,1,1,-41.407,25.659,-3.86,2.39,-3.86,2.40,INF,-1,0,7,0
8560,1,1,-44.229,26.978,-4.13,2.51,-4.12,2.52,INF,-1,0,7,0
8580,1,1,-39.854,25.725,-3.72,2.40,-3.72,2.40,INF,-1,0,7,0
8600,1,1,-39.772,25.285,-3.71,2.36,-3.71,2.36,INF,-1,0,7,0
8620,1,1,-40.174,25.020,-3.75,2.33,-3.75,2.34,INF,-1,0,7,0
8640,1,1,-42.501,26.582,-3.97,2.48,-3.96,2.48,INF,-1,0,7,0
8660,1,1,-41.681,25.268,-3.89,2.36,-3.89,2.36,INF,-1,1,7,0
8680,1,1,-38.961,23.209,-3.64,2.16,-3.63,2.17,INF,-1,1,7,0
8700,1,1,-40.046,24.800,-3.74,2.31,-3.73,2.32,INF,-1,1,7,0
8720,1,1,-41.929,23.547,-3.91,2.19,-3.91,2.20,INF,-1,1,7,0
8740,1,1,-39.195,24.624,-3.66,2.30,-3.66,2.30,INF,-1,1,7,0
8760,1,1,-38.738,23.129,-3.62,2.16,-3.61,2.16,INF,-1,1,7,0
8780,1,1,-38.198,22.540,-3.57,2.10,-3.56,2.11,INF,-1,1,7,0
8800,1,1,-38.000,23.999,-3.55,2.24,-3.54,2.24,INF,-1,1,7,0
8820,1,1,-39.850,20.063,-3.72,1.87,-3.72,1.87,INF,-1,1,7,0
8840,1,1,-40.803,21.153,-3.81,1.97,-3.81,1.98,INF,-1,1,7,0
8860,1,1,-40.505,22.977,-3.78,2.14,-3.78,2.15,INF,-1,1,7,0
8880,1,1,-38.672,24.400,-3.61,2.27,-3.61,2.28,INF,-1,1,7,0
8900,1,1,-39.931,23.259,-3.73,2.17,-3.72,2.17,INF,-1,1,7,0
8920,1,1,-40.019,25.184,-3.74,2.35,-3.73,2.35,INF,-1,1,7,0
8940,1,1,-40.287,24.179,-3.76,2.25,-3.76,2.26,INF,-1,1,7,0
8960,1,1,-38.477,23.120,-3.59,2.16,-3.59,2.16,INF,-1,1,7,0
8980,1,1,-39.504,25.423,-3.69,2.37,-3.68,2.37,INF,-1,1,7,0
9000,1,1,-36.673,22.351,-3.42,2.08,-3.42,2.09,INF,-1,1,7,0
9020,1,1,-39.690,20.836,-3.70,1.94,-3.70,1.95,INF,-1,1,7,0
9040,1,1,-49.370,13.644,-4.60,1.27,-4.60,1.28,INF,-1,1,7,0
9060,1,1,-47.679,12.693,-4.45,1.18,-4.45,1.19,INF,-1,1,7,0
9080,1,1,-48.341,13.611,-4.51,1.27,-4.51,1.27,INF,-1,0,7,0
9100,1,1,-53.039,10.671,-4.95,0.99,-4.94,1.00,INF,-1,0,7,0
9120,1,1,-49.459,12.194,-4.61,1.14,-4.61,1.14,INF,-1,0,7,0
9140,1,1,-49.370,12.332,-4.60,1.15,-4.60,1.15,INF,-1,0,7,0
9160,1,1,-50.982,12.469,-4.75,1.16,-4.75,1.17,INF,-1,0,7,0
9180,1,1,-51.645,14.051,-4.82,1.31,-4.81,1.31,INF,-1,0,7,0
9200,1,1,-47.219,13.278,-4.40,1.24,-4.40,1.24,INF,-1,0,7,0
9220,1,1,-50.280,12.946,-4.69,1.21,-4.69,1.21,INF,-1,0,7,0
9240,1,1,-49.156,10.911,-4.58,1.02,-4.58,1.02,INF,-1,0,7,0
9260,1,1,-46.399,13.397,-4.33,1.25,-4.33,1.25,INF,-1,0,7,0
9280,1,1,-45.978,10.054,-4.29,0.94,-4.29,0.94,INF,-1,0,7,0
9300,1,1,-48.484,11.177,-4.52,1.04,-4.52,1.04,INF,-1,0,7,0
9320,1,1,-45.873,10.817,-4.28,1.01,-4.28,1.01,INF,-1,1,7,0
9340,1,1,-45.026,12.236,-4.20,1.14,-4.20,1.14,INF,-1,1,7,0
9360,1,1,-46.164,8.379,-4.31,0.78,-4.31,0.78,INF,-1,1,7,0
9380,1,1,-22.111,4.253,-2.07,0.40,-2.07,0.40,INF,-1,1,7,0
9400,1,1,4.795,-3.939,0.45,-0.37,0.45,-0.37,INF,-1,1,7,0
9420,1,1,21.999,-2.211,2.06,-0.21,2.06,-0.21,INF,-1,0,7,0
9440,1,1,23.387,-4.236,2.18,-0.40,2.18,-0.40,INF,-1,0,7,0
9460,1,1,23.520,-4.278,2.20,-0.40,2.20,-0.40,INF,-1,0,7,0
9480,1,1,22.332,-3.666,2.09,-0.34,2.09,-0.34,INF,-1,0,7,0
9500,1,1,21.109,-2.109,1.97,-0.20,1.97,-0.20,INF,-1,0,7,0
9520,1,1,19.805,-3.847,1.85,-0.36,1.85,-0.36,INF,-1,0,7,0
9540,1,1,22.205,-2.788,2.07,-0.26,2.07,-0.26,INF,-1,0,7,0
9560,1,1,21.582,-2.466,2.02,-0.23,2.02,-0.23,INF,-1,0,7,0
9580,1,1,19.335,-2.221,1.81,-0.21,1.81,-0.21,INF,-1,0,7,0
9600,1,1,19.773,-4.790,1.85,-0.45,1.85,-0.45,INF,-1,0,7,0
9620,1,1,19.455,-2.770,1.82,-0.26,1.82,-0.26,INF,-1,0,7,0
9640,1,1,19.150,-3.535,1.79,-0.33,1.79,-0.33,INF,-1,0,7,0
9660,1,1,21.610,-3.869,2.02,-0.36,2.02,-0.36,INF,-1,0,7,0
9680,1,1,22.089,-4.079,2.06,-0.38,2.06,-0.38,INF,-1,0,7,0
9700,1,1,17.987,-3.594,1.68,-0.34,1.68,-0.34,INF,-1,1,7,0
9720,1,1,19.256,-3.046,1.80,-0.28,1.80,-0.28,INF,-1,1,7,0
9740,1,1,22.386,-4.707,2.09,-0.44,2.09,-0.44,INF,-1,1,7,0
9760,1,1,21.865,-3.951,2.04,-0.37,2.04,-0.37,INF,-1,1,7,0
9780,1,1,19.077,-1.601,1.78,-0.15,1.78,-0.15,INF,-1,1,7,0
9800,1,1,20.134,-3.918,1.88,-0.37,1.88,-0.37,INF,-1,1,7,0
9820,1,1,18.552,-4.470,1.73,-0.42,1.73,-0.42,INF,-1,1,7,0
9840,1,1,12.336,-3.879,1.15,-0.36,1.15,-0.36,INF,-1,1,7,0
9860,1,1,8.636,-4.381,0.81,-0.41,0.81,-0.41,INF,-1,1,7,0
9880,1,1,7.311,-2.563,0.68,-0.24,0.68,-0.24,INF,-1,1,7,0
9900,1,1,10.348,-4.037,0.97,-0.38,0.97,-0.38,INF,-1,0,7,0
9920,1,1,7.492,-2.193,0.70,-0.20,0.70,-0.20,INF,-1,0,7,0
9940,1,1,4.451,-0.825,0.42,-0.08,0.42,-0.08,INF,-1,0,7,0
9960,1,1,6.244,-0.168,0.58,-0.02,0.58,-0.02,INF,-1,0,7,0
9980,1,1,6.847,-2.063,0.64,-0.19,0.64,-0.19,INF,-1,0,7,0
10000,1,1,5.241,-0.707,0.49,-0.07,0.49,-0.07,INF,-1,0,7,0
10020,1,1,5.392,-1.083,0.50,-0.10,0.50,-0.10,INF,-1,0,7,0
10040,1,1,6.901,-2.373,0.64,-0.22,0.64,-0.22,INF,-1,0,7,0
10060,1,1,7.933,-0.560,0.74,-0.05,0.74,-0.05,INF,-1,0,7,0
10080,1,1,6.181,-0.643,0.58,-0.06,0.58,-0.06,INF,-1,0,7,0
10100,1,1,7.384,-0.017,0.69,0.00,0.69,0.00,INF,-1,0,7,0
10120,1,1,6.021,-0.158,0.56,-0.01,0.56,-0.01,INF,-1,0,7,0
10140,1,1,5.174,0.212,0.48,0.02,0.48,0.02,INF,-1,1,7,0
10160,1,1,-1.335,1.827,-0.12,0.17,-0.12,0.17,INF,-1,1,7,0
10180,1,1,-4.146,2.670,-0.39,0.25,-0.39,0.25,INF,-1,1,7,0
10200,1,1,-2.008,0.776,-0.19,0.07,-0.19,0.07,INF,-1,1,7,0
10220,1,1,-2.404,3.518,-0.22,0.33,-0.22,0.33,INF,-1,1,7,0
10240,1,1,-2.979,2.184,-0.28,0.20,-0.28,0.20,INF,-1,1,7,0
10260,1,1,-2.314,2.547,-0.22,0.24,-0.22,0.24,INF,-1,1,7,0
10280,1,1,-1.381,2.073,-0.13,0.19,-0.13,0.19,INF,-1,1,7,0
10300,1,1,-0.440,1.859,-0.04,0.17,-0.04,0.17,INF,-1,1,7,0
10320,0,1,0.000,0.000,0.00,0.00,0.00,0.00,0.00,-1,1,7,0
10340,0,1,0.000,0.000,0.00,0.00,0.00,0.00,0.00,-1,1,7,0
10360,0,1,0.000,0.000,0.00,0.00,0.00,0.00,0.00,-1,1,7,0
10380,0,1,0.000,0.000,0.00,0.00,0.00,0.00,0.00,-1,1,7,0
10400,0,1,0.000,0.000,0.00,0.00,0.00,0.00,0.00,-1,0,7,0
10420,0,1,0.000,0.000,0.00,0.00,0.00,0.00,0.00,-1,0,7,0
10440,0,1,0.000,0.000,0.00,0.00,0.00,0.00,0.00,-1,0,7,0
10460,0,1,0.000,0.000,0.00,0.00,0.00,0.00,0.00,-1,0,7,0
10480,0,1,0.000,0.000,0.00,0.00,0.00,0.00,0.00,-1,0,7,0
10500,0,1,0.000,0.000,0.00,0.00,0.00,0.00,0.00,-1,0,7,0
10520,0,1,0.000,0.000,0.00,0.00,0.00,0.00,0.00,-1,0,7,0
10540,0,1,0.000,0.000,0.00,0.00,0.00,0.00,0.00,-1,0,7,0
10560,0,1,0.000,0.000,0.00,0.00,0.00,0.00,0.00,-1,0,7,0
10580,0,1,0.000,0.000,0.00,0.00,0.00,0.00,0.00,-1,0,7,0
10600,0,1,0.000,0.000,0.00,0.00,0.00,0.00,0.00,-1,0,7,0
10620,0,1,0.000,0.000,0.00,0.00,0.00,0.00,0.00,-1,0,7,0
10640,0,1,0.000,0.000,0.00,0.00,0.00,0.00,0.00,-1,0,7,0
10660,0,1,0.000,0.000,0.00,0.00,0.00,0.00,0.00,-1,0,7,0
10680,0,1,0.000,0.000,0.00,0.00,0.00,0.00,0.00,-1,0,7,0
10700,0,1,0.000,0.000,0.00,0.00,0.00,0.00,0.00,-1,0,7,0
10720,0,1,0.000,0.000,0.00,0.00,0.00,0.00,0.00,-1,0,7,0
10740,0,1,0.000,0.000,0.00,0.00,0.00,0.00,0.00,-1,0,7,0
10760,0,1,0.000,0.000,0.00,0.00,0.00,0.00,0.00,-1,0,7,0
10780,0,1,0.000,0.000,0.00,0.00,0.00,0.00,0.00,-1,0,7,0
10800,0,1,0.000,0.000,0.00,0.00,0.00,0.00,0.00,-1,0,7,0
10820,0,1,0.000,0.000,0.00,0.00,0.00,0.00,0.00,-1,0,7,0
10840,0,1,0.000,0.000,0.00,0.00,0.00,0.00,0.00,-1,0,7,0
10860,0,1,0.000,0.000,0.00,0.00,0.00,0.00,0.00,-1,0,7,0
10880,0,1,0.000,0.000,0.00,0.00,0.00,0.00,0.00,-1,0,7,0
10900,1,1,23.877,-2.076,2.23,-0.19,2.23,-0.19,INF,-1,0,7,0
10920,1,1,24.704,-3.937,2.31,-0.37,2.31,-0.37,INF,-1,0,7,0
10940,1,1,20.165,-4.993,1.88,-0.47,1.88,-0.47,INF,-1,0,7,0
10960,1,1,23.416,-4.129,2.19,-0.39,2.19,-0.39,INF,-1,0,7,0
10980,1,1,22.461,-6.946,2.10,-0.65,2.10,-0.65,INF,-1,0,7,0
11000,0,1,0.000,0.000,0.00,0.00,0.00,0.00,0.00,-1,0,7,0
11020,1,1,-104.940,-157.258,-9.71,-14.19,-9.42,-14.39,INF,-1,0,7,0
11040,1,1,22.384,-5.159,2.09,-0.48,2.09,-0.48,INF,-1,0,7,0
11060,1,1,22.220,-6.071,2.08,-0.57,2.08,-0.57,INF,-1,0,7,0
11080,0,1,0.000,0.000,0.00,0.00,0.00,0.00,0.00,-1,0,7,0
11100,1,1,16.359,-18.027,1.53,-1.68,1.53,-1.68,INF,-1,0,7,0
11120,1,1,21.309,-7.031,1.99,-0.66,1.99,-0.66,INF,-1,0,7,0
11140,1,1,22.808,-5.883,2.13,-0.55,2.13,-0.55,INF,-1,0,7,0
11160,1,1,19.591,-6.721,1.83,-0.63,1.83,-0.63,INF,-1,0,7,0
11180,1,1,23.385,-5.273,2.18,-0.49,2.18,-0.49,INF,-1,1,7,0
11200,1,1,22.916,-5.217,2.14,-0.49,2.14,-0.49,INF,-1,1,7,0
11220,1,1,21.404,-6.626,2.00,-0.62,2.00,-0.62,INF,-1,1,7,0
11240,1,1,20.859,-6.801,1.95,-0.64,1.95,-0.64,INF,-1,1,7,0
11260,1,1,20.362,-7.400,1.90,-0.69,1.90,-0.69,INF,-1,1,7,0
11280,1,1,22.537,-7.781,2.11,-0.73,2.11,-0.73,INF,-1,1,7,0
11300,1,1,24.281,-2.607,2.27,-0.24,2.27,-0.24,INF,-1,1,7,0
11320,1,1,29.090,7.229,2.72,0.67,2.72,0.68,INF,-1,1,7,0
11340,1,1,31.368,10.325,2.93,0.96,2.93,0.97,INF,-1,1,7,0
11360,1,1,30.300,13.158,2.83,1.23,2.83,1.23,INF,-1,0,7,0
11380,1,1,30.147,13.229,2.82,1.23,2.81,1.24,INF,-1,0,7,0
11400,1,1,32.405,12.915,3.03,1.21,3.03,1.21,INF,-1,0,7,0
11420,1,1,31.206,13.522,2.91,1.26,2.91,1.26,INF,-1,0,7,0
11440,1,1,31.667,11.927,2.96,1.11,2.96,1.11,INF,-1,0,7,0
11460,1,1,33.633,12.474,3.14,1.16,3.14,1.17,INF,-1,0,7,0
11480,1,1,30.375,13.626,2.84,1.27,2.84,1.27,INF,-1,0,7,0
11500,1,1,31.422,15.285,2.93,1.43,2.93,1.43,INF,-1,0,7,0
11520,1,1,34.956,15.953,3.26,1.49,3.26,1.49,INF,-1,0,7,0
11540,1,1,35.750,18.269,3.34,1.70,3.34,1.71,INF,-1,0,7,0
11560,1,1,36.079,19.221,3.37,1.79,3.37,1.80,INF,-1,0,7,0
11580,1,1,38.709,20.163,3.61,1.88,3.61,1.88,INF,-1,0,7,0
11600,1,1,37.389,18.479,3.49,1.72,3.49,1.73,INF,-1,1,7,0
11620,1,1,37.301,19.099,3.48,1.78,3.48,1.78,INF,-1,1,7,0
11640,1,1,35.334,19.165,3.30,1.79,3.30,1.79,INF,-1,1,7,0
11660,1,1,36.097,18.203,3.37,1.70,3.37,1.70,INF,-1,1,7,0
11680,1,1,35.837,18.779,3.35,1.75,3.34,1.75,INF,-1,1,7,0
11700,1,1,32.041,17.078,2.99,1.59,2.99,1.60,INF,-1,1,7,0
11720,1,1,25.354,15.720,2.37,1.47,2.37,1.47,INF,-1,1,7,0
11740,1,1,23.441,12.592,2.19,1.18,2.19,1.18,INF,-1,1,7,0
11760,1,1,21.840,12.697,2.04,1.19,2.04,1.19,INF,-1,1,7,0
11780,1,1,20.283,10.548,1.90,0.99,1.89,0.99,INF,-1,1,7,0
11800,1,1,19.613,8.998,1.83,0.84,1.83,0.84,INF,-1,0,7,0
11820,1,1,18.623,7.930,1.74,0.74,1.74,0.74,INF,-1,0,7,0
11840,1,1,18.280,7.219,1.71,0.67,1.71,0.67,INF,-1,0,7,0
11860,1,1,15.843,7.329,1.48,0.68,1.48,0.69,INF,-1,0,7,0
11880,1,1,17.698,6.897,1.65,0.64,1.65,0.64,INF,-1,0,7,0
11900,1,1,16.058,8.630,1.50,0.81,1.50,0.81,INF,-1,0,7,0
11920,1,1,17.844,8.732,1.67,0.82,1.67,0.82,INF,-1,0,7,0
11940,1,1,18.781,8.154,1.75,0.76,1.75,0.76,INF,-1,0,7,0
11960,1,1,17.659,9.103,1.65,0.85,1.65,0.85,INF,-1,0,7,0
11980,1,1,17.485,7.572,1.63,0.71,1.63,0.71,INF,-1,0,7,0
12000,1,1,18.510,9.838,1.73,0.92,1.73,0.92,INF,-1,0,7,0
12020,1,1,17.777,9.637,1.66,0.90,1.66,0.90,INF,-1,0,7,0
12040,1,1,10.604,4.864,0.99,0.45,0.99,0.45,INF,-1,1,7,0
12060,1,1,6.053,4.855,0.57,0.45,0.57,0.45,INF,-1,1,7,0
12080,1,1,5.416,3.818,0.51,0.36,0.51,0.36,INF,-1,1,7,0
12100,1,1,8.033,2.251,0.75,0.21,0.75,0.21,INF,-1,0,7,0
12120,1,1,7.674,4.992,0.72,0.47,0.72,0.47,INF,-1,0,7,0
12140,1,1,5.837,4.606,0.55,0.43,0.55,0.43,INF,-1,0,7,0
12160,1,1,6.568,5.479,0.61,0.51,0.61,0.51,INF,-1,0,7,0
12180,1,1,4.462,4.779,0.42,0.45,0.42,0.45,INF,-1,0,7,0
12200,1,1,1.715,4.598,0.16,0.43,0.16,0.43,INF,-1,0,7,0
12220,1,1,1.828,6.258,0.17,0.58,0.17,0.58,INF,-1,0,7,0
12240,1,1,0.693,6.280,0.06,0.59,0.06,0.59,INF,-1,0,7,0
12260,1,1,1.724,6.614,0.16,0.62,0.16,0.62,INF,-1,0,7,0
12280,1,1,3.342,7.291,0.31,0.68,0.31,0.68,INF,-1,0,7,0
12300,1,1,1.071,5.626,0.10,0.53,0.10,0.53,INF,-1,0,7,0
12320,1,1,2.247,8.353,0.21,0.78,0.21,0.78,INF,-1,0,7,0
12340,1,1,-1.142,7.494,-0.11,0.70,-0.11,0.70,INF,-1,1,7,0
12360,1,1,-1.667,8.819,-0.16,0.82,-0.16,0.82,INF,-1,1,7,0
12380,1,1,-5.734,9.247,-0.54,0.86,-0.54,0.86,INF,-1,1,7,0
12400,1,1,-3.163,10.149,-0.30,0.95,-0.30,0.95,INF,-1,1,7,0
12420,1,1,-4.420,10.233,-0.41,0.96,-0.41,0.96,INF,-1,1,7,0
12440,1,1,-1.588,8.548,-0.15,0.80,-0.15,0.80,INF,-1,1,7,0
12460,1,1,-6.535,8.990,-0.61,0.84,-0.61,0.84,INF,-1,1,7,0
12480,1,1,-5.662,7.458,-0.53,0.70,-0.53,0.70,INF,-1,1,7,0
12500,1,1,-6.396,8.801,-0.60,0.82,-0.60,0.82,INF,-1,1,7,0
12520,1,1,-2.595,9.071,-0.24,0.85,-0.24,0.85,INF,-1,1,7,0
12540,1,1,-5.071,8.983,-0.47,0.84,-0.47,0.84,INF,-1,1,7,0
12560,1,1,-4.343,8.873,-0.41,0.83,-0.41,0.83,INF,-1,1,7,0
12580,1,1,-7.730,9.767,-0.72,0.91,-0.72,0.91,INF,-1,1,7,0
12600,1,1,-4.667,7.837,-0.44,0.73,-0.44,0.73,INF,-1,1,7,0
12620,1,1,-5.056,8.923,-0.47,0.83,-0.47,0.83,INF,-1,1,7,0
12640,1,1,-3.156,10.317,-0.29,0.96,-0.29,0.96,INF,-1,1,7,0
12660,1,1,-4.101,8.659,-0.38,0.81,-0.38,0.81,INF,-1,1,7,0
12680,1,1,-2.580,6.919,-0.24,0.65,-0.24,0.65,INF,-1,1,7,0
12700,1,1,-4.535,9.009,-0.42,0.84,-0.42,0.84,INF,-1,1,7,0
12720,1,1,-3.112,7.957,-0.29,0.74,-0.29,0.74,INF,-1,1,7,0
12740,1,1,-6.048,6.748,-0.57,0.63,-0.57,0.63,INF,-1,1,7,0
12760,1,1,-3.269,4.064,-0.31,0.38,-0.31,0.38,INF,-1,1,7,0
12780,1,1,-2.643,6.472,-0.25,0.60,-0.25,0.60,INF,-1,1,7,0
12800,1,1,-3.708,6.780,-0.35,0.63,-0.35,0.63,INF,-1,1,7,0
12820,1,1,-3.581,7.634,-0.33,0.71,-0.33,0.71,INF,-1,1,7,0
12840,1,1,-3.859,6.694,-0.36,0.63,-0.36,0.63,INF,-1,1,7,0
12860,1,1,-5.749,4.147,-0.54,0.39,-0.54,0.39,INF,-1,1,7,0
12880,1,1,-4.994,5.671,-0.47,0.53,-0.47,0.53,INF,-1,1,7,0
12900,1,1,-4.780,7.892,-0.45,0.74,-0.45,0.74,INF,-1,1,7,0
12920,1,1,-4.898,6.793,-0.46,0.63,-0.46,0.63,INF,-1,1,7,0
12940,1,1,-6.101,5.147,-0.57,0.48,-0.57,0.48,INF,-1,1,7,0
12960,1,1,-3.892,6.172,-0.36,0.58,-0.36,0.58,INF,-1,1,7,0
12980,1,1,-4.987,4.386,-0.47,0.41,-0.47,0.41,INF,-1,1,7,0
13000,1,1,-5.294,5.493,-0.49,0.51,-0.49,0.51,INF,-1,1,7,0
13020,1,1,-4.919,4.562,-0.46,0.43,-0.46,0.43,INF,-1,1,7,0
13040,1,1,-4.308,4.692,-0.40,0.44,-0.40,0.44,INF,-1,1,7,0
13060,1,1,-5.714,6.443,-0.53,0.60,-0.53,0.60,INF,-1,1,7,0
13080,1,1,-5.429,5.264,-0.51,0.49,-0.51,0.49,INF,-1,1,7,0
13100,1,1,-5.298,4.441,-0.50,0.42,-0.50,0.42,INF,-1,1,7,0
13120,1,1,-4.873,4.448,-0.46,0.42,-0.46,0.42,INF,-1,1,7,0
13140,1,1,-4.508,7.080,-0.42,0.66,-0.42,0.66,INF,-1,1,7,0
13160,1,1,-2.490,5.560,-0.23,0.52,-0.23,0.52,INF,-1,1,7,0
13180,1,1,-4.405,5.520,-0.41,0.52,-0.41,0.52,INF,-1,1,7,0
13200,1,1,-5.205,4.619,-0.49,0.43,-0.49,0.43,INF,-1,1,7,0
13220,1,1,4.579,-5.859,0.43,-0.55,0.43,-0.55,INF,-1,1,7,0
13240,0,1,0.000,0.000,0.00,0.00,0.00,0.00,0.00,-1,1,7,0
13260,1,1,9.017,-24.516,0.84,-2.29,0.84,-2.29,INF,-1,1,7,0
13280,1,1,6.724,-26.523,0.63,-2.48,0.63,-2.48,INF,-1,1,7,0
13300,1,1,7.710,-25.770,0.72,-2.41,0.72,-2.41,INF,-1,0,7,0
13320,1,1,8.394,-25.497,0.78,-2.38,0.78,-2.38,INF,-1,0,7,0
13340,1,1,8.539,-25.953,0.80,-2.42,0.80,-2.42,INF,-1,0,7,0
13360,1,1,10.944,-26.046,1.02,-2.43,1.02,-2.43,INF,-1,0,7,0
13380,1,1,11.309,-26.080,1.06,-2.44,1.06,-2.44,INF,-1,0,7,0
13400,1,1,10.250,-24.288,0.96,-2.27,0.96,-2.27,INF,-1,0,7,0
13420,1,1,9.506,-24.589,0.89,-2.30,0.89,-2.30,INF,-1,0,7,0
13440,1,1,10.324,-24.721,0.96,-2.31,0.96,-2.31,INF,-1,0,7,0
13460,1,1,9.048,-22.492,0.85,-2.10,0.85,-2.10,INF,-1,0,7,0
13480,1,1,9.562,-23.375,0.89,-2.18,0.89,-2.18,INF,-1,0,7,0
13500,1,1,11.453,-25.814,1.07,-2.41,1.07,-2.41,INF,-1,0,7,0
13520,0,1,0.000,0.000,0.00,0.00,0.00,0.00,0.00,-1,0,7,0
13540,1,1,8.754,-27.076,0.82,-2.53,0.82,-2.53,INF,-1,1,7,0
13560,1,1,9.954,-25.495,0.93,-2.38,0.93,-2.38,INF,-1,1,7,0
13580,1,1,10.594,-24.047,0.99,-2.25,0.99,-2.25,INF,-1,1,7,0
13600,1,1,11.215,-23.583,1.05,-2.20,1.05,-2.20,INF,-1,1,7,0
13620,1,1,9.754,-24.816,0.91,-2.32,0.91,-2.32,INF,-1,1,7,0
13640,1,1,1.331,-24.822,0.12,-2.32,0.12,-2.32,INF,-1,1,7,0
13660,1,1,2.791,-22.160,0.26,-2.07,0.26,-2.07,INF,-1,1,7,0
13680,1,1,-1.759,-19.967,-0.16,-1.87,-0.16,-1.87,INF,-1,1,7,0
13700,1,1,-0.283,-20.003,-0.03,-1.87,-0.03,-1.87,INF,-1,1,7,0
13720,1,1,-1.014,-19.711,-0.09,-1.84,-0.09,-1.84,INF,-1,0,7,0
13740,1,1,-0.932,-19.629,-0.09,-1.83,-0.09,-1.83,INF,-1,0,7,0
13760,1,1,-0.389,-18.439,-0.04,-1.72,-0.04,-1.72,INF,-1,0,7,0
13780,1,1,-3.062,-19.330,-0.29,-1.81,-0.29,-1.81,INF,-1,0,7,0
13800,1,1,-0.077,-19.256,-0.01,-1.80,-0.01,-1.80,INF,-1,0,7,0
13820,1,1,-6.316,-19.726,-0.59,-1.84,-0.59,-1.84,INF,-1,0,7,0
13840,1,1,-8.838,-16.668,-0.83,-1.56,-0.83,-1.56,INF,-1,0,7,0
13860,1,1,-9.322,-14.890,-0.87,-1.39,-0.87,-1.39,INF,-1,0,7,0
13880,1,1,-7.431,-16.128,-0.69,-1.51,-0.69,-1.51,INF,-1,0,7,0
13900,1,1,-10.636,-16.668,-0.99,-1.56,-0.99,-1.56,INF,-1,0,7,0
13920,1,1,-11.528,-16.565,-1.08,-1.55,-1.08,-1.55,INF,-1,0,7,0
13940,1,1,-10.099,-17.424,-0.94,-1.63,-0.94,-1.63,INF,-1,0,7,0
13960,1,1,-12.276,-16.256,-1.15,-1.52,-1.15,-1.52,INF,-1,1,7,0
13980,1,1,-11.314,-16.986,-1.06,-1.59,-1.06,-1.59,INF,-1,1,7,0
14000,1,1,-13.205,-16.621,-1.23,-1.55,-1.23,-1.55,INF,-1,1,7,0
14020,1,1,-17.465,-16.128,-1.63,-1.51,-1.63,-1.51,INF,-1,1,7,0
14040,1,1,-21.068,-16.062,-1.97,-1.50,-1.97,-1.50,INF,-1,1,7,0
14060,1,1,-22.396,-15.783,-2.09,-1.47,-2.09,-1.47,INF,-1,0,7,0
14080,1,1,-21.865,-16.959,-2.04,-1.58,-2.04,-1.58,INF,-1,0,7,0
14100,1,1,-17.525,-12.073,-1.64,-1.13,-1.64,-1.13,INF,-1,0,7,0
14120,1,1,-11.813,-8.867,-1.10,-0.83,-1.10,-0.83,INF,-1,0,7,0
14140,1,1,-10.125,-6.983,-0.95,-0.65,-0.95,-0.65,INF,-1,0,7,0
14160,1,1,-11.417,-7.456,-1.07,-0.70,-1.07,-0.70,INF,-1,0,7,0
14180,1,1,-12.403,-4.404,-1.16,-0.41,-1.16,-0.41,INF,-1,0,7,0
14200,1,1,-9.168,-3.059,-0.86,-0.29,-0.86,-0.29,INF,-1,0,7,0
14220,1,1,-7.127,-2.172,-0.67,-0.20,-0.67,-0.20,INF,-1,0,7,0
14240,1,1,-7.262,-1.354,-0.68,-0.13,-0.68,-0.13,INF,-1,0,7,0
14260,1,1,-7.608,-0.961,-0.71,-0.09,-0.71,-0.09,INF,-1,0,7,0
14280,1,1,-2.671,-0.555,-0.25,-0.05,-0.25,-0.05,INF,-1,0,7,0
14300,1,1,-1.311,0.037,-0.12,0.00,-0.12,0.00,INF,-1,0,7,0
14320,1,1,-1.722,-0.944,-0.16,-0.09,-0.16,-0.09,INF,-1,0,7,0
14340,1,1,-2.907,0.194,-0.27,0.02,-0.27,0.02,INF,-1,0,7,0
14360,1,1,-2.126,1.133,-0.20,0.11,-0.20,0.11,INF,-1,0,7,0
14380,1,1,-2.305,3.023,-0.22,0.28,-0.22,0.28,INF,-1,1,7,0
14400,1,1,-3.789,4.205,-0.35,0.39,-0.35,0.39,INF,-1,1,7,0
14420,1,1,-1.627,4.931,-0.15,0.46,-0.15,0.46,INF,-1,1,7,0
14440,1,1,-2.726,3.826,-0.25,0.36,-0.25,0.36,INF,-1,1,7,0
14460,1,1,-6.277,6.046,-0.59,0.57,-0.59,0.57,INF,-1,1,7,0
14480,1,1,-4.696,6.402,-0.44,0.60,-0.44,0.60,INF,-1,1,7,0
14500,1,1,-2.844,5.868,-0.27,0.55,-0.27,0.55,INF,-1,1,7,0
14520,1,1,-1.558,6.720,-0.15,0.63,-0.15,0.63,INF,-1,1,7,0
14540,1,1,-1.371,7.410,-0.13,0.69,-0.13,0.69,INF,-1,1,7,0
14560,1,1,-0.827,6.269,-0.08,0.59,-0.08,0.59,INF,-1,0,7,0
14580,1,1,-13.275,12.688,-1.24,1.19,-1.24,1.19,INF,-1,0,7,0
14600,1,1,-19.666,19.387,-1.84,1.81,-1.84,1.81,INF,-1,0,7,0
14620,1,1,-21.415,23.134,-2.00,2.16,-2.00,2.16,INF,-1,0,7,0
14640,1,1,-26.542,22.554,-2.48,2.11,-2.48,2.11,INF,-1,0,7,0
14660,1,1,-23.355,23.618,-2.18,2.20,-2.18,2.21,INF,-1,0,7,0
14680,1,1,-23.396,24.075,-2.19,2.25,-2.18,2.25,INF,-1,0,7,0
14700,1,1,-23.524,25.804,-2.20,2.41,-2.20,2.41,INF,-1,0,7,0
14720,1,1,-21.893,24.234,-2.05,2.26,-2.04,2.26,INF,-1,0,7,0
14740,1,1,-22.984,26.067,-2.15,2.43,-2.15,2.43,INF,-1,0,7,0
14760,1,1,-24.703,27.188,-2.31,2.54,-2.31,2.54,INF,-1,0,7,0
14780,1,1,-26.490,28.870,-2.47,2.69,-2.47,2.70,INF,-1,0,7,0
14800,1,1,-30.624,30.816,-2.86,2.87,-2.86,2.88,INF,-1,0,7,0
14820,1,1,-29.773,32.719,-2.78,3.05,-2.78,3.06,INF,-1,0,7,0
14840,1,1,-30.611,33.000,-2.86,3.08,-2.85,3.08,INF,-1,0,7,0
14860,1,1,-30.315,35.185,-2.83,3.28,-2.83,3.29,INF,-1,1,7,0
14880,1,1,-33.097,36.200,-3.09,3.37,-3.09,3.38,INF,-1,1,7,0
14900,1,1,-31.193,33.364,-2.91,3.11,-2.91,3.12,INF,-1,1,7,0
14920,1,1,-32.252,34.600,-3.01,3.23,-3.01,3.23,INF,-1,1,7,0
14940,1,1,-31.181,34.023,-2.91,3.17,-2.91,3.18,INF,-1,1,7,0
14960,1,1,-29.761,32.895,-2.78,3.07,-2.78,3.07,INF,-1,1,7,0
14980,1,1,-23.267,33.426,-2.17,3.12,-2.17,3.12,INF,-1,1,7,0
