"EyeTracker Toolbox version","3.250"
CalibrationParameters_A11,1.17521
CalibrationParameters_A12,0.06852
CalibrationParameters_A13,0.05717
CalibrationParameters_A21,0.03155
CalibrationParameters_A22,-1.17082
CalibrationParameters_A23,0.00242
CalibrationParameters_A31,0.00102
CalibrationParameters_A32,0.00180
CalibrationParameters_E11,-0.17976
CalibrationParameters_E12,0.00006
CalibrationParameters_E21,0.00011
CalibrationParameters_E22,0.20009
CalibrationParameters_X,-7.05692
CalibrationParameters_Y,51.24980
CalibrationParameters_Rpc,66.06552
CalibrationParameters_MeanX,201.01598
CalibrationParameters_MeanY,151.80229
CalibrationParameters_ViewDist,613.00000
TimeStamp,Tracked,Calibrated,ScreenPositionXmm,ScreenPositionYmm,FicksLongitude,FicksLatitude,HelmholtzAzimuth,HelmholtzElevation,PupilDiameter,Region,Fixation,DigitalIO,Dropped
0,0,1,0.000,0.000,0.00,0.00,0.00,0.00,0.00,-1,0,7,0
20,0,1,0.000,0.000,0.00,0.00,0.00,0.00,0.00,-1,0,7,0
40,0,1,0.000,0.000,0.00,0.00,0.00,0.00,0.00,-1,0,7,0
60,1,1,-18.942,5.738,-1.77,0.54,-1.77,0.54,INF,-1,0,7,0
80,1,1,-18.880,6.531,-1.76,0.61,-1.76,0.61,INF,-1,0,7,0
100,0,1,0.000,0.000,0.00,0.00,0.00,0.00,0.00,-1,0,7,0
120,1,1,-15.388,8.237,-1.44,0.77,-1.44,0.77,INF,-1,0,7,0
140,1,1,-15.451,7.707,-1.44,0.72,-1.44,0.72,INF,-1,0,7,0
160,0,1,0.000,0.000,0.00,0.00,0.00,0.00,0.00,-1,0,7,0
180,1,1,-13.657,-0.702,-1.28,-0.07,-1.28,-0.07,INF,-1,0,7,0
200,0,1,0.000,0.000,0.00,0.00,0.00,0.00,0.00,-1,0,7,0
220,1,1,2.089,-10.431,0.20,-0.97,0.20,-0.97,INF,-1,0,7,0
240,1,1,3.864,-11.437,0.36,-1.07,0.36,-1.07,INF,-1,0,7,0
260,1,1,6.245,-15.275,0.58,-1.43,0.58,-1.43,INF,-1,0,7,0
280,1,1,3.348,-10.617,0.31,-0.99,0.31,-0.99,INF,-1,0,7,0
300,1,1,3.411,-11.475,0.32,-1.07,0.32,-1.07,INF,-1,0,7,0
320,0,1,0.000,0.000,0.00,0.00,0.00,0.00,0.00,-1,0,7,0
340,1,1,4.126,-8.121,0.39,-0.76,0.39,-0.76,INF,-1,0,7,0
360,1,1,1.267,-10.180,0.12,-0.95,0.12,-0.95,INF,-1,0,7,0
380,0,1,0.000,0.000,0.00,0.00,0.00,0.00,0.00,-1,0,7,0
400,1,1,0.062,-11.645,0.01,-1.09,0.01,-1.09,INF,-1,0,7,0
420,1,1,-1.135,-9.674,-0.11,-0.90,-0.11,-0.90,INF,-1,0,7,0
440,1,1,-1.980,-10.139,-0.19,-0.95,-0.19,-0.95,INF,-1,0,7,0
460,1,1,-1.923,-11.857,-0.18,-1.11,-0.18,-1.11,INF,-1,0,7,0
480,1,1,7.207,-0.363,0.67,-0.03,0.67,-0.03,INF,-1,0,7,0
500,1,1,8.832,2.178,0.83,0.20,0.83,0.20,INF,-1,1,7,0
520,1,1,9.634,2.344,0.90,0.22,0.90,0.22,INF,-1,1,7,0
540,1,1,7.906,3.708,0.74,0.35,0.74,0.35,INF,-1,0,7,0
560,1,1,10.085,0.528,0.94,0.05,0.94,0.05,INF,-1,0,7,0
580,1,1,9.020,1.339,0.84,0.13,0.84,0.13,INF,-1,0,7,0
600,1,1,10.074,3.596,0.94,0.34,0.94,0.34,INF,-1,0,7,0
620,1,1,9.898,2.758,0.93,0.26,0.93,0.26,INF,-1,0,7,0
640,1,1,10.183,2.579,0.95,0.24,0.95,0.24,INF,-1,0,7,0
660,1,1,9.734,0.623,0.91,0.06,0.91,0.06,INF,-1,0,7,0
680,1,1,14.262,4.590,1.33,0.43,1.33,0.43,INF,-1,0,7,0
700,1,1,15.669,4.551,1.46,0.43,1.46,0.43,INF,-1,0,7,0
720,0,1,0.000,0.000,0.00,0.00,0.00,0.00,0.00,-1,0,7,0
740,1,1,15.029,4.311,1.40,0.40,1.40,0.40,INF,-1,0,7,0
760,1,1,13.769,5.456,1.29,0.51,1.29,0.51,INF,-1,0,7,0
780,1,1,16.363,4.455,1.53,0.42,1.53,0.42,INF,-1,1,7,0
800,1,1,15.343,4.081,1.43,0.38,1.43,0.38,INF,-1,1,7,0
820,1,1,13.361,4.901,1.25,0.46,1.25,0.46,INF,-1,1,7,0
840,1,1,12.583,5.563,1.18,0.52,1.18,0.52,INF,-1,1,7,0
860,1,1,16.480,5.933,1.54,0.55,1.54,0.55,INF,-1,1,7,0
880,1,1,12.713,4.674,1.19,0.44,1.19,0.44,INF,-1,1,7,0
900,1,1,14.536,4.988,1.36,0.47,1.36,0.47,INF,-1,1,7,0
920,1,1,17.588,4.857,1.64,0.45,1.64,0.45,INF,-1,1,7,0
940,1,1,17.371,5.412,1.62,0.51,1.62,0.51,INF,-1,1,7,0
960,1,1,15.945,4.690,1.49,0.44,1.49,0.44,INF,-1,1,7,0
980,1,1,15.142,6.053,1.42,0.57,1.41,0.57,INF,-1,1,7,0
1000,1,1,13.921,4.023,1.30,0.38,1.30,0.38,INF,-1,1,7,0
1020,1,1,13.272,6.125,1.24,0.57,1.24,0.57,INF,-1,1,7,0
1040,1,1,14.437,4.810,1.35,0.45,1.35,0.45,INF,-1,1,7,0
1060,1,1,13.763,5.810,1.29,0.54,1.29,0.54,INF,-1,1,7,0
1080,1,1,14.073,5.487,1.32,0.51,1.32,0.51,INF,-1,1,7,0
1100,1,1,15.076,3.892,1.41,0.36,1.41,0.36,INF,-1,1,7,0
1120,1,1,13.844,7.786,1.29,0.73,1.29,0.73,INF,-1,1,7,0
1140,1,1,14.467,5.567,1.35,0.52,1.35,0.52,INF,-1,1,7,0
1160,1,1,15.165,5.047,1.42,0.47,1.42,0.47,INF,-1,1,7,0
1180,0,1,0.000,0.000,0.00,0.00,0.00,0.00,0.00,-1,1,7,0
1200,1,1,12.325,6.236,1.15,0.58,1.15,0.58,INF,-1,1,7,0
1220,1,1,14.161,5.750,1.32,0.54,1.32,0.54,INF,-1,1,7,0
1240,1,1,13.320,6.589,1.24,0.62,1.24,0.62,INF,-1,1,7,0
1260,1,1,13.049,6.777,1.22,0.63,1.22,0.63,INF,-1,1,7,0
1280,1,1,11.398,5.907,1.07,0.55,1.07,0.55,INF,-1,1,7,0
1300,1,1,12.860,6.257,1.20,0.58,1.20,0.58,INF,-1,1,7,0
1320,1,1,10.785,8.542,1.01,0.80,1.01,0.80,INF,-1,1,7,0
1340,1,1,14.378,7.708,1.34,0.72,1.34,0.72,INF,-1,1,7,0
1360,1,1,12.143,8.399,1.13,0.78,1.13,0.78,INF,-1,1,7,0
1380,1,1,11.684,6.870,1.09,0.64,1.09,0.64,INF,-1,1,7,0
1400,1,1,13.235,0.378,1.24,0.04,1.24,0.04,INF,-1,1,7,0
1420,1,1,9.810,-9.471,0.92,-0.89,0.92,-0.89,INF,-1,1,7,0
1440,1,1,10.373,-22.513,0.97,-2.10,0.97,-2.10,INF,-1,1,7,0
1460,1,1,10.245,-25.372,0.96,-2.37,0.96,-2.37,INF,-1,0,7,0
1480,1,1,8.875,-32.457,0.83,-3.03,0.83,-3.03,INF,-1,0,7,0
1500,0,1,0.000,0.000,0.00,0.00,0.00,0.00,0.00,-1,0,7,0
1520,1,1,14.102,-33.744,1.32,-3.15,1.32,-3.15,INF,-1,0,7,0
1540,0,1,0.000,0.000,0.00,0.00,0.00,0.00,0.00,-1,0,7,0
1560,0,1,0.000,0.000,0.00,0.00,0.00,0.00,0.00,-1,0,7,0
1580,0,1,0.000,0.000,0.00,0.00,0.00,0.00,0.00,-1,0,7,0
1600,0,1,0.000,0.000,0.00,0.00,0.00,0.00,0.00,-1,0,7,0
1620,0,1,0.000,0.000,0.00,0.00,0.00,0.00,0.00,-1,0,7,0
1640,0,1,0.000,0.000,0.00,0.00,0.00,0.00,0.00,-1,0,7,0
1660,0,1,0.000,0.000,0.00,0.00,0.00,0.00,0.00,-1,0,7,0
1680,0,1,0.000,0.000,0.00,0.00,0.00,0.00,0.00,-1,0,7,0
1700,0,1,0.000,0.000,0.00,0.00,0.00,0.00,0.00,-1,0,7,0
1720,0,1,0.000,0.000,0.00,0.00,0.00,0.00,0.00,-1,0,7,0
1740,0,1,0.000,0.000,0.00,0.00,0.00,0.00,0.00,-1,0,7,0
1760,0,1,0.000,0.000,0.00,0.00,0.00,0.00,0.00,-1,0,7,0
1780,0,1,0.000,0.000,0.00,0.00,0.00,0.00,0.00,-1,0,7,0
1800,0,1,0.000,0.000,0.00,0.00,0.00,0.00,0.00,-1,0,7,0
1820,0,1,0.000,0.000,0.00,0.00,0.00,0.00,0.00,-1,0,7,0
1840,0,1,0.000,0.000,0.00,0.00,0.00,0.00,0.00,-1,0,7,0
1860,0,1,0.000,0.000,0.00,0.00,0.00,0.00,0.00,-1,0,7,0
1880,0,1,0.000,0.000,0.00,0.00,0.00,0.00,0.00,-1,0,7,0
1900,0,1,0.000,0.000,0.00,0.00,0.00,0.00,0.00,-1,0,7,0
1920,0,1,0.000,0.000,0.00,0.00,0.00,0.00,0.00,-1,0,7,0
1940,0,1,0.000,0.000,0.00,0.00,0.00,0.00,0.00,-1,0,7,0
1960,0,1,0.000,0.000,0.00,0.00,0.00,0.00,0.00,-1,0,7,0
1980,0,1,0.000,0.000,0.00,0.00,0.00,0.00,0.00,-1,0,7,0
2000,0,1,0.000,0.000,0.00,0.00,0.00,0.00,0.00,-1,0,7,0
2020,0,1,0.000,0.000,0.00,0.00,0.00,0.00,0.00,-1,0,7,0
2040,0,1,0.000,0.000,0.00,0.00,0.00,0.00,0.00,-1,0,7,0
2060,0,1,0.000,0.000,0.00,0.00,0.00,0.00,0.00,-1,0,7,0
2080,0,1,0.000,0.000,0.00,0.00,0.00,0.00,0.00,-1,0,7,0
2100,0,1,0.000,0.000,0.00,0.00,0.00,0.00,0.00,-1,0,7,0
2120,0,1,0.000,0.000,0.00,0.00,0.00,0.00,0.00,-1,0,7,0
2140,0,1,0.000,0.000,0.00,0.00,0.00,0.00,0.00,-1,0,7,0
2160,1,1,23.292,-13.929,2.18,-1.30,2.18,-1.30,INF,-1,0,7,0
2180,1,1,18.429,1.109,1.72,0.10,1.72,0.10,INF,-1,0,7,0
2200,1,1,20.890,2.225,1.95,0.21,1.95,0.21,INF,-1,0,7,0
2220,0,1,0.000,0.000,0.00,0.00,0.00,0.00,0.00,-1,0,7,0
2240,1,1,19.616,8.454,1.83,0.79,1.83,0.79,INF,-1,0,7,0
2260,1,1,13.279,-4.777,1.24,-0.45,1.24,-0.45,INF,-1,0,7,0
2280,0,1,0.000,0.000,0.00,0.00,0.00,0.00,0.00,-1,0,7,0
2300,1,1,21.096,4.172,1.97,0.39,1.97,0.39,INF,-1,0,7,0
2320,1,1,14.882,3.655,1.39,0.34,1.39,0.34,INF,-1,0,7,0
2340,0,1,0.000,0.000,0.00,0.00,0.00,0.00,0.00,-1,0,7,0
2360,1,1,18.934,-0.852,1.77,-0.08,1.77,-0.08,INF,-1,0,7,0
2380,0,1,0.000,0.000,0.00,0.00,0.00,0.00,0.00,-1,0,7,0
2400,0,1,0.000,0.000,0.00,0.00,0.00,0.00,0.00,-1,0,7,0
2420,0,1,0.000,0.000,0.00,0.00,0.00,0.00,0.00,-1,0,7,0
2440,1,1,11.356,5.660,1.06,0.53,1.06,0.53,INF,-1,0,7,0
2460,1,1,10.635,6.017,0.99,0.56,0.99,0.56,INF,-1,1,7,0
2480,0,1,0.000,0.000,0.00,0.00,0.00,0.00,0.00,-1,1,7,0
2500,0,1,0.000,0.000,0.00,0.00,0.00,0.00,0.00,-1,1,7,0
2520,1,1,8.860,6.333,0.83,0.59,0.83,0.59,INF,-1,1,7,0
2540,1,1,10.171,8.090,0.95,0.76,0.95,0.76,INF,-1,1,7,0
2560,1,1,8.450,7.239,0.79,0.68,0.79,0.68,INF,-1,1,7,0
2580,0,1,0.000,0.000,0.00,0.00,0.00,0.00,0.00,-1,1,7,0
2600,1,1,8.198,11.295,0.77,1.06,0.77,1.06,INF,-1,1,7,0
2620,0,1,0.000,0.000,0.00,0.00,0.00,0.00,0.00,-1,1,7,0
2640,1,1,13.025,9.392,1.22,0.88,1.22,0.88,INF,-1,1,7,0
2660,1,1,11.674,12.246,1.09,1.14,1.09,1.14,INF,-1,1,7,0
2680,1,1,11.647,11.064,1.09,1.03,1.09,1.03,INF,-1,1,7,0
2700,1,1,12.228,10.884,1.14,1.02,1.14,1.02,INF,-1,1,7,0
2720,1,1,10.124,14.012,0.95,1.31,0.95,1.31,INF,-1,1,7,0
2740,1,1,12.407,13.619,1.16,1.27,1.16,1.27,INF,-1,1,7,0
2760,1,1,10.756,13.968,1.01,1.31,1.00,1.31,INF,-1,0,7,0
2780,1,1,12.084,10.000,1.13,0.93,1.13,0.93,INF,-1,0,7,0
2800,1,1,11.045,11.606,1.03,1.08,1.03,1.08,INF,-1,0,7,0
2820,1,1,13.135,12.370,1.23,1.16,1.23,1.16,INF,-1,0,7,0
2840,1,1,15.455,11.874,1.44,1.11,1.44,1.11,INF,-1,0,7,0
2860,1,1,13.693,9.988,1.28,0.93,1.28,0.93,INF,-1,0,7,0
2880,1,1,10.355,7.071,0.97,0.66,0.97,0.66,INF,-1,0,7,0
2900,1,1,7.744,11.662,0.72,1.09,0.72,1.09,INF,-1,0,7,0
2920,1,1,6.907,8.850,0.65,0.83,0.65,0.83,INF,-1,0,7,0
2940,1,1,6.317,9.298,0.59,0.87,0.59,0.87,INF,-1,0,7,0
2960,0,1,0.000,0.000,0.00,0.00,0.00,0.00,0.00,-1,0,7,0
2980,0,1,0.000,0.000,0.00,0.00,0.00,0.00,0.00,-1,0,7,0
3000,1,1,11.222,7.471,1.05,0.70,1.05,0.70,INF,-1,1,7,0
3020,1,1,10.080,8.221,0.94,0.77,0.94,0.77,INF,-1,1,7,0
3040,1,1,11.392,6.263,1.06,0.59,1.06,0.59,INF,-1,1,7,0
3060,1,1,13.955,5.895,1.30,0.55,1.30,0.55,INF,-1,1,7,0
3080,1,1,13.610,6.220,1.27,0.58,1.27,0.58,INF,-1,1,7,0
3100,1,1,11.920,4.933,1.11,0.46,1.11,0.46,INF,-1,1,7,0
3120,1,1,12.157,7.987,1.14,0.75,1.14,0.75,INF,-1,1,7,0
3140,1,1,7.307,3.464,0.68,0.32,0.68,0.32,INF,-1,1,7,0
3160,1,1,8.718,-0.640,0.81,-0.06,0.81,-0.06,INF,-1,1,7,0
3180,1,1,5.406,-2.257,0.51,-0.21,0.51,-0.21,INF,-1,1,7,0
3200,1,1,5.928,-5.837,0.55,-0.55,0.55,-0.55,INF,-1,0,7,0
3220,1,1,1.710,-6.406,0.16,-0.60,0.16,-0.60,INF,-1,0,7,0
3240,1,1,3.208,-7.816,0.30,-0.73,0.30,-0.73,INF,-1,0,7,0
3260,1,1,-2.022,-6.886,-0.19,-0.64,-0.19,-0.64,INF,-1,0,7,0
3280,1,1,-3.410,-5.185,-0.32,-0.48,-0.32,-0.48,INF,-1,0,7,0
3300,0,1,0.000,0.000,0.00,0.00,0.00,0.00,0.00,-1,0,7,0
3320,1,1,-4.990,-16.885,-0.47,-1.58,-0.47,-1.58,INF,-1,0,7,0
3340,1,1,-6.074,-17.196,-0.57,-1.61,-0.57,-1.61,INF,-1,0,7,0
3360,1,1,-4.379,-20.373,-0.41,-1.90,-0.41,-1.90,INF,-1,0,7,0
3380,1,1,-1.168,-14.008,-0.11,-1.31,-0.11,-1.31,INF,-1,0,7,0
3400,1,1,-3.444,-12.447,-0.32,-1.16,-0.32,-1.16,INF,-1,0,7,0
3420,1,1,-4.361,-9.060,-0.41,-0.85,-0.41,-0.85,INF,-1,0,7,0
3440,1,1,-1.156,-11.356,-0.11,-1.06,-0.11,-1.06,INF,-1,0,7,0
3460,1,1,-2.373,-12.596,-0.22,-1.18,-0.22,-1.18,INF,-1,1,7,0
3480,1,1,-3.159,-11.332,-0.30,-1.06,-0.30,-1.06,INF,-1,1,7,0
3500,1,1,-3.587,-10.491,-0.34,-0.98,-0.34,-0.98,INF,-1,1,7,0
3520,1,1,-4.330,-11.179,-0.40,-1.04,-0.40,-1.04,INF,-1,1,7,0
3540,1,1,-8.873,-17.790,-0.83,-1.66,-0.83,-1.66,INF,-1,1,7,0
3560,1,1,-7.154,-16.243,-0.67,-1.52,-0.67,-1.52,INF,-1,1,7,0
3580,1,1,-7.932,-15.595,-0.74,-1.46,-0.74,-1.46,INF,-1,1,7,0
3600,1,1,-10.528,-20.120,-0.98,-1.88,-0.98,-1.88,INF,-1,1,7,0
3620,1,1,-9.170,-21.464,-0.86,-2.01,-0.86,-2.01,INF,-1,1,7,0
3640,1,1,-8.158,-14.019,-0.76,-1.31,-0.76,-1.31,INF,-1,1,7,0
3660,1,1,-9.802,-13.970,-0.92,-1.31,-0.92,-1.31,INF,-1,1,7,0
3680,1,1,-9.177,-13.190,-0.86,-1.23,-0.86,-1.23,INF,-1,1,7,0
3700,1,1,-10.304,-14.313,-0.96,-1.34,-0.96,-1.34,INF,-1,1,7,0
3720,1,1,-9.021,-16.892,-0.84,-1.58,-0.84,-1.58,INF,-1,1,7,0
3740,1,1,-12.622,-16.932,-1.18,-1.58,-1.18,-1.58,INF,-1,0,7,0
3760,1,1,-11.510,-15.026,-1.08,-1.40,-1.08,-1.40,INF,-1,0,7,0
3780,1,1,-12.078,-15.770,-1.13,-1.47,-1.13,-1.47,INF,-1,0,7,0
3800,1,1,-12.001,-17.942,-1.12,-1.68,-1.12,-1.68,INF,-1,0,7,0
3820,1,1,-12.090,-19.121,-1.13,-1.79,-1.13,-1.79,INF,-1,0,7,0
3840,1,1,-10.661,-17.450,-1.00,-1.63,-1.00,-1.63,INF,-1,0,7,0
3860,1,1,-11.757,-17.316,-1.10,-1.62,-1.10,-1.62,INF,-1,0,7,0
3880,1,1,-14.843,-19.048,-1.39,-1.78,-1.39,-1.78,INF,-1,0,7,0
3900,1,1,-13.043,-20.468,-1.22,-1.91,-1.22,-1.91,INF,-1,0,7,0
3920,1,1,-24.682,-24.682,-2.31,-2.30,-2.30,-2.31,INF,-1,0,7,0
3940,1,1,-27.931,-25.026,-2.61,-2.34,-2.61,-2.34,INF,-1,0,7,0
3960,1,1,-27.562,-26.078,-2.57,-2.43,-2.57,-2.44,INF,-1,0,7,0
3980,1,1,-29.215,-25.094,-2.73,-2.34,-2.73,-2.34,INF,-1,0,7,0
4000,1,1,-27.845,-27.628,-2.60,-2.58,-2.60,-2.58,INF,-1,0,7,0
4020,1,1,-25.987,-24.140,-2.43,-2.25,-2.43,-2.26,INF,-1,0,7,0
4040,1,1,-25.704,-24.308,-2.40,-2.27,-2.40,-2.27,INF,-1,1,7,0
4060,1,1,-25.632,-26.796,-2.39,-2.50,-2.39,-2.50,INF,-1,1,7,0
4080,1,1,-23.914,-27.311,-2.23,-2.55,-2.23,-2.55,INF,-1,1,7,0
4100,1,1,-25.190,-25.867,-2.35,-2.41,-2.35,-2.42,INF,-1,1,7,0
4120,1,1,-24.926,-25.460,-2.33,-2.38,-2.33,-2.38,INF,-1,1,7,0
4140,1,1,-27.498,-29.629,-2.57,-2.76,-2.57,-2.77,INF,-1,1,7,0
4160,1,1,-24.777,-27.246,-2.31,-2.54,-2.31,-2.54,INF,-1,1,7,0
4180,1,1,-27.549,-27.259,-2.57,-2.54,-2.57,-2.55,INF,-1,1,7,0
4200,1,1,-28.821,-29.372,-2.69,-2.74,-2.69,-2.74,INF,-1,1,7,0
4220,1,1,-27.694,-30.828,-2.59,-2.88,-2.58,-2.88,INF,-1,0,7,0
4240,1,1,-31.832,-30.468,-2.97,-2.84,-2.97,-2.85,INF,-1,0,7,0
4260,1,1,-36.627,-33.582,-3.42,-3.13,-3.41,-3.14,INF,-1,0,7,0
4280,1,1,-36.022,-33.805,-3.36,-3.15,-3.36,-3.16,INF,-1,0,7,0
4300,1,1,-36.526,-35.490,-3.41,-3.31,-3.40,-3.31,INF,-1,0,7,0
4320,1,1,-34.920,-31.620,-3.26,-2.95,-3.26,-2.95,INF,-1,0,7,0
4340,1,1,-37.228,-32.608,-3.48,-3.04,-3.47,-3.04,INF,-1,0,7,0
4360,1,1,-35.418,-32.645,-3.31,-3.04,-3.30,-3.05,INF,-1,0,7,0
4380,1,1,-33.026,-30.644,-3.08,-2.86,-3.08,-2.86,INF,-1,0,7,0
4400,1,1,-34.254,-30.538,-3.20,-2.85,-3.19,-2.85,INF,-1,0,7,0
4420,1,1,-34.231,-29.758,-3.20,-2.77,-3.19,-2.78,INF,-1,0,7,0
4440,1,1,-32.871,-29.586,-3.07,-2.76,-3.07,-2.76,INF,-1,0,7,0
4460,1,1,-34.820,-28.509,-3.25,-2.66,-3.25,-2.66,INF,-1,1,7,0
4480,1,1,-33.749,-28.111,-3.15,-2.62,-3.15,-2.63,INF,-1,1,7,0
4500,1,1,-36.702,-26.768,-3.43,-2.50,-3.42,-2.50,INF,-1,1,7,0
4520,1,1,-33.347,-25.600,-3.11,-2.39,-3.11,-2.39,INF,-1,1,7,0
4540,1,1,-32.122,-26.136,-3.00,-2.44,-3.00,-2.44,INF,-1,1,7,0
4560,1,1,-33.778,-25.017,-3.15,-2.33,-3.15,-2.34,INF,-1,1,7,0
4580,1,1,-32.498,-25.391,-3.03,-2.37,-3.03,-2.37,INF,-1,1,7,0
4600,1,1,-33.562,-22.156,-3.13,-2.07,-3.13,-2.07,INF,-1,1,7,0
4620,1,1,-40.584,-15.131,-3.79,-1.41,-3.79,-1.41,INF,-1,1,7,0
4640,1,1,-48.563,0.705,-4.53,0.07,-4.53,0.07,INF,-1,1,7,0
4660,1,1,-49.264,11.442,-4.59,1.07,-4.59,1.07,INF,-1,0,7,0
4680,1,1,-51.846,14.023,-4.83,1.31,-4.83,1.31,INF,-1,0,7,0
4700,1,1,-51.087,14.460,-4.76,1.35,-4.76,1.35,INF,-1,0,7,0
4720,1,1,-50.277,15.896,-4.69,1.48,-4.69,1.49,INF,-1,0,7,0
4740,1,1,-50.338,15.359,-4.69,1.43,-4.69,1.44,INF,-1,0,7,0
4760,1,1,-52.262,16.251,-4.87,1.51,-4.87,1.52,INF,-1,0,7,0
4780,1,1,-50.601,15.709,-4.72,1.46,-4.72,1.47,INF,-1,0,7,0
4800,1,1,-54.331,15.638,-5.06,1.46,-5.06,1.46,INF,-1,0,7,0
4820,1,1,-55.197,16.956,-5.15,1.58,-5.14,1.58,INF,-1,0,7,0
4840,1,1,-55.610,17.058,-5.18,1.59,-5.18,1.59,INF,-1,0,7,0
4860,1,1,-57.391,19.054,-5.35,1.77,-5.35,1.78,INF,-1,0,7,0
4880,1,1,-57.098,16.566,-5.32,1.54,-5.32,1.55,INF,-1,0,7,0
4900,1,1,-58.687,13.567,-5.47,1.26,-5.47,1.27,INF,-1,0,7,0
4920,1,1,-56.151,8.368,-5.23,0.78,-5.23,0.78,INF,-1,0,7,0
4940,1,1,-44.816,-9.236,-4.18,-0.86,-4.18,-0.86,INF,-1,1,7,0
4960,1,1,-38.728,-23.671,-3.62,-2.21,-3.61,-2.21,INF,-1,1,7,0
4980,1,1,-35.549,-29.138,-3.32,-2.72,-3.32,-2.72,INF,-1,0,7,0
5000,1,1,-33.973,-29.261,-3.17,-2.73,-3.17,-2.73,INF,-1,0,7,0
5020,1,1,-32.667,-29.469,-3.05,-2.75,-3.05,-2.75,INF,-1,0,7,0
5040,1,1,-32.880,-28.758,-3.07,-2.68,-3.07,-2.69,INF,-1,0,7,0
5060,1,1,-32.316,-29.860,-3.02,-2.78,-3.01,-2.79,INF,-1,0,7,0
5080,1,1,-30.789,-28.606,-2.88,-2.67,-2.87,-2.67,INF,-1,0,7,0
5100,1,1,-29.530,-29.648,-2.76,-2.77,-2.75,-2.77,INF,-1,0,7,0
5120,1,1,-31.588,-27.620,-2.95,-2.58,-2.95,-2.58,INF,-1,0,7,0
5140,1,1,-33.997,-28.611,-3.17,-2.67,-3.17,-2.67,INF,-1,0,7,0
5160,1,1,-33.580,-26.804,-3.14,-2.50,-3.13,-2.50,INF,-1,0,7,0
5180,1,1,-32.847,-28.499,-3.07,-2.66,-3.06,-2.66,INF,-1,0,7,0
5200,1,1,-34.494,-28.116,-3.22,-2.62,-3.22,-2.63,INF,-1,0,7,0
5220,1,1,-36.667,-26.532,-3.42,-2.47,-3.42,-2.48,INF,-1,0,7,0
5240,1,1,-35.568,-27.508,-3.32,-2.57,-3.32,-2.57,INF,-1,1,7,0
5260,1,1,-36.772,-28.652,-3.43,-2.67,-3.43,-2.68,INF,-1,1,7,0
5280,1,1,-34.564,-27.755,-3.23,-2.59,-3.22,-2.59,INF,-1,1,7,0
5300,1,1,-34.783,-29.442,-3.25,-2.75,-3.24,-2.75,INF,-1,1,7,0
5320,1,1,-33.669,-28.244,-3.14,-2.63,-3.14,-2.64,INF,-1,1,7,0
5340,1,1,-37.403,-26.904,-3.49,-2.51,-3.49,-2.51,INF,-1,1,7,0
5360,1,1,-37.600,-28.856,-3.51,-2.69,-3.51,-2.70,INF,-1,1,7,0
5380,1,1,-34.721,-28.953,-3.24,-2.70,-3.24,-2.70,INF,-1,1,7,0
5400,0,1,0.000,0.000,0.00,0.00,0.00,0.00,0.00,-1,1,7,0
5420,1,1,-35.960,-27.701,-3.36,-2.58,-3.35,-2.59,INF,-1,1,7,0
5440,1,1,-37.009,-30.536,-3.45,-2.85,-3.45,-2.85,INF,-1,1,7,0
5460,1,1,-36.263,-29.514,-3.39,-2.75,-3.38,-2.76,INF,-1,1,7,0
5480,1,1,-38.452,-29.481,-3.59,-2.75,-3.59,-2.75,INF,-1,1,7,0
5500,1,1,-38.927,-30.140,-3.63,-2.81,-3.63,-2.81,INF,-1,1,7,0
5520,1,1,-38.587,-29.797,-3.60,-2.78,-3.60,-2.78,INF,-1,1,7,0
5540,1,1,-40.194,-28.954,-3.75,-2.70,-3.75,-2.70,INF,-1,1,7,0
5560,1,1,-40.204,-29.763,-3.75,-2.77,-3.75,-2.78,INF,-1,1,7,0
5580,1,1,-38.666,-30.791,-3.61,-2.87,-3.60,-2.88,INF,-1,1,7,0
5600,1,1,-38.697,-29.186,-3.61,-2.72,-3.61,-2.73,INF,-1,1,7,0
5620,1,1,-39.284,-28.667,-3.67,-2.67,-3.66,-2.68,INF,-1,1,7,0
5640,1,1,-38.031,-29.039,-3.55,-2.71,-3.55,-2.71,INF,-1,1,7,0
5660,1,1,-38.515,-31.214,-3.60,-2.91,-3.59,-2.91,INF,-1,1,7,0
5680,1,1,-37.557,-31.048,-3.51,-2.89,-3.50,-2.90,INF,-1,1,7,0
5700,1,1,-38.589,-30.043,-3.60,-2.80,-3.60,-2.81,INF,-1,1,7,0
5720,1,1,-40.064,-30.591,-3.74,-2.85,-3.73,-2.86,INF,-1,1,7,0
5740,1,1,-39.681,-29.676,-3.70,-2.77,-3.70,-2.77,INF,-1,1,7,0
5760,1,1,-37.921,-30.775,-3.54,-2.87,-3.54,-2.87,INF,-1,1,7,0
5780,1,1,-37.024,-28.974,-3.46,-2.70,-3.45,-2.71,INF,-1,1,7,0
5800,1,1,-35.903,-31.069,-3.35,-2.90,-3.35,-2.90,INF,-1,1,7,0
5820,1,1,-35.932,-30.783,-3.35,-2.87,-3.35,-2.87,INF,-1,1,7,0
5840,1,1,-34.826,-28.595,-3.25,-2.67,-3.25,-2.67,INF,-1,1,7,0
5860,1,1,-30.811,-28.230,-2.88,-2.63,-2.87,-2.64,INF,-1,1,7,0
5880,1,1,-29.856,-28.421,-2.79,-2.65,-2.79,-2.65,INF,-1,1,7,0
5900,1,1,-28.105,-27.880,-2.63,-2.60,-2.62,-2.60,INF,-1,1,7,0
5920,1,1,-27.862,-27.498,-2.60,-2.57,-2.60,-2.57,INF,-1,1,7,0
5940,1,1,-26.693,-27.860,-2.49,-2.60,-2.49,-2.60,INF,-1,1,7,0
5960,1,1,-27.224,-27.887,-2.54,-2.60,-2.54,-2.60,INF,-1,1,7,0
5980,1,1,-29.213,-26.518,-2.73,-2.47,-2.73,-2.48,INF,-1,1,7,0
6000,1,1,-27.442,-26.387,-2.56,-2.46,-2.56,-2.46,INF,-1,1,7,0
6020,1,1,-25.879,-25.214,-2.42,-2.35,-2.42,-2.36,INF,-1,1,7,0
6040,1,1,-24.344,-26.275,-2.27,-2.45,-2.27,-2.45,INF,-1,1,7,0
6060,1,1,-22.042,-26.232,-2.06,-2.45,-2.06,-2.45,INF,-1,1,7,0
6080,1,1,-21.968,-26.478,-2.05,-2.47,-2.05,-2.47,INF,-1,1,7,0
6100,1,1,-22.649,-26.731,-2.12,-2.50,-2.11,-2.50,INF,-1,0,7,0
6120,1,1,-22.520,-23.607,-2.10,-2.20,-2.10,-2.21,INF,-1,0,7,0
6140,1,1,-25.704,-23.608,-2.40,-2.20,-2.40,-2.21,INF,-1,0,7,0
6160,1,1,-27.073,-20.642,-2.53,-1.93,-2.53,-1.93,INF,-1,0,7,0
6180,1,1,-23.716,-22.265,-2.22,-2.08,-2.21,-2.08,INF,-1,0,7,0
6200,1,1,-27.007,-22.463,-2.52,-2.10,-2.52,-2.10,INF,-1,0,7,0
6220,1,1,-25.107,-22.215,-2.35,-2.07,-2.34,-2.08,INF,-1,0,7,0
6240,1,1,-24.691,-20.060,-2.31,-1.87,-2.31,-1.87,INF,-1,0,7,0
6260,1,1,-15.459,-17.117,-1.44,-1.60,-1.44,-1.60,INF,-1,0,7,0
6280,1,1,-9.921,-9.596,-0.93,-0.90,-0.93,-0.90,INF,-1,0,7,0
6300,1,1,-5.239,-1.971,-0.49,-0.18,-0.49,-0.18,INF,-1,0,7,0
6320,1,1,-4.325,3.287,-0.40,0.31,-0.40,0.31,INF,-1,0,7,0
6340,1,1,-3.891,2.384,-0.36,0.22,-0.36,0.22,INF,-1,0,7,0
6360,1,1,-4.868,2.903,-0.46,0.27,-0.46,0.27,INF,-1,0,7,0
6380,1,1,-2.204,4.533,-0.21,0.42,-0.21,0.42,INF,-1,0,7,0
6400,1,1,-1.494,3.608,-0.14,0.34,-0.14,0.34,INF,-1,0,7,0
6420,1,1,-0.989,3.959,-0.09,0.37,-0.09,0.37,INF,-1,0,7,0
6440,1,1,0.273,4.579,0.03,0.43,0.03,0.43,INF,-1,0,7,0
6460,1,1,2.843,4.329,0.27,0.40,0.27,0.40,INF,-1,0,7,0
6480,1,1,9.317,7.744,0.87,0.72,0.87,0.72,INF,-1,0,7,0
6500,1,1,9.711,7.662,0.91,0.72,0.91,0.72,INF,-1,1,7,0
6520,1,1,10.094,6.525,0.94,0.61,0.94,0.61,INF,-1,0,7,0
6540,1,1,9.301,6.572,0.87,0.61,0.87,0.61,INF,-1,0,7,0
6560,1,1,14.310,7.372,1.34,0.69,1.34,0.69,INF,-1,0,7,0
6580,1,1,17.029,8.767,1.59,0.82,1.59,0.82,INF,-1,0,7,0
6600,1,1,19.774,8.827,1.85,0.82,1.85,0.82,INF,-1,0,7,0
6620,1,1,21.746,5.307,2.03,0.50,2.03,0.50,INF,-1,0,7,0
6640,1,1,22.475,9.104,2.10,0.85,2.10,0.85,INF,-1,0,7,0
6660,1,1,22.973,7.765,2.15,0.73,2.15,0.73,INF,-1,0,7,0
6680,1,1,26.243,9.084,2.45,0.85,2.45,0.85,INF,-1,0,7,0
6700,1,1,22.878,8.878,2.14,0.83,2.14,0.83,INF,-1,0,7,0
6720,1,1,25.386,9.060,2.37,0.85,2.37,0.85,INF,-1,0,7,0
6740,1,1,26.373,9.637,2.46,0.90,2.46,0.90,INF,-1,0,7,0
6760,1,1,30.162,7.791,2.82,0.73,2.82,0.73,INF,-1,1,7,0
6780,1,1,32.641,5.751,3.05,0.54,3.05,0.54,INF,-1,1,7,0
6800,1,1,32.328,5.705,3.02,0.53,3.02,0.53,INF,-1,0,7,0
6820,1,1,36.650,3.257,3.42,0.30,3.42,0.30,INF,-1,0,7,0
6840,1,1,40.096,2.457,3.74,0.23,3.74,0.23,INF,-1,0,7,0
6860,1,1,40.959,0.792,3.82,0.07,3.82,0.07,INF,-1,0,7,0
6880,1,1,41.034,-3.418,3.83,-0.32,3.83,-0.32,INF,-1,0,7,0
6900,1,1,42.858,-6.997,4.00,-0.65,4.00,-0.65,INF,-1,0,7,0
6920,1,1,49.000,-9.852,4.57,-0.92,4.57,-0.92,INF,-1,0,7,0
6940,1,1,46.470,-11.538,4.34,-1.08,4.33,-1.08,INF,-1,0,7,0
6960,1,1,47.239,-15.558,4.41,-1.45,4.41,-1.45,INF,-1,0,7,0
6980,1,1,45.601,-14.709,4.25,-1.37,4.25,-1.37,INF,-1,0,7,0
7000,1,1,45.263,-16.396,4.22,-1.53,4.22,-1.53,INF,-1,0,7,0
7020,1,1,45.444,-17.336,4.24,-1.62,4.24,-1.62,INF,-1,0,7,0
7040,1,1,46.764,-18.430,4.36,-1.72,4.36,-1.72,INF,-1,0,7,0
7060,1,1,43.325,-15.769,4.04,-1.47,4.04,-1.47,INF,-1,0,7,0
7080,1,1,40.965,-19.181,3.82,-1.79,3.82,-1.79,INF,-1,0,7,0
7100,1,1,42.257,-19.388,3.94,-1.81,3.94,-1.81,INF,-1,0,7,0
7120,1,1,38.497,-17.665,3.59,-1.65,3.59,-1.65,INF,-1,1,7,0
7140,1,1,38.036,-19.712,3.55,-1.84,3.55,-1.84,INF,-1,1,7,0
7160,1,1,36.179,-19.550,3.38,-1.82,3.38,-1.83,INF,-1,1,7,0
7180,1,1,37.897,-19.417,3.54,-1.81,3.54,-1.81,INF,-1,1,7,0
7200,1,1,38.546,-16.928,3.60,-1.58,3.60,-1.58,INF,-1,1,7,0
7220,1,1,37.927,-19.118,3.54,-1.78,3.54,-1.79,INF,-1,1,7,0
7240,1,1,38.269,-19.592,3.57,-1.83,3.57,-1.83,INF,-1,1,7,0
7260,1,1,41.404,-18.383,3.86,-1.71,3.86,-1.72,INF,-1,1,7,0
7280,1,1,41.484,-19.146,3.87,-1.78,3.87,-1.79,INF,-1,1,7,0
7300,1,1,38.700,-18.573,3.61,-1.73,3.61,-1.74,INF,-1,1,7,0
7320,1,1,35.228,-21.367,3.29,-1.99,3.29,-2.00,INF,-1,1,7,0
7340,1,1,34.268,-20.623,3.20,-1.92,3.20,-1.93,INF,-1,1,7,0
7360,1,1,35.477,-19.821,3.31,-1.85,3.31,-1.85,INF,-1,0,7,0
7380,1,1,36.593,-21.154,3.42,-1.97,3.41,-1.98,INF,-1,0,7,0
7400,1,1,35.886,-18.904,3.35,-1.76,3.35,-1.77,INF,-1,0,7,0
7420,1,1,36.764,-18.161,3.43,-1.69,3.43,-1.70,INF,-1,0,7,0
7440,1,1,41.137,-20.913,3.84,-1.95,3.84,-1.95,INF,-1,0,7,0
7460,1,1,41.072,-20.742,3.83,-1.93,3.83,-1.94,INF,-1,0,7,0
7480,0,1,0.000,0.000,0.00,0.00,0.00,0.00,0.00,-1,0,7,0
7500,1,1,54.593,-38.587,5.09,-3.59,5.08,-3.60,INF,-1,0,7,0
7520,0,1,0.000,0.000,0.00,0.00,0.00,0.00,0.00,-1,0,7,0
7540,1,1,42.786,-21.598,3.99,-2.01,3.99,-2.02,INF,-1,0,7,0
7560,1,1,44.467,-20.545,4.15,-1.91,4.15,-1.92,INF,-1,0,7,0
7580,1,1,46.180,-25.411,4.31,-2.37,4.30,-2.37,INF,-1,0,7,0
7600,1,1,51.361,-18.472,4.79,-1.72,4.79,-1.73,INF,-1,1,7,0
7620,1,1,47.543,-24.412,4.43,-2.27,4.43,-2.28,INF,-1,1,7,0
7640,1,1,53.225,-25.564,4.96,-2.38,4.96,-2.39,INF,-1,1,7,0
7660,1,1,61.157,-28.384,5.70,-2.64,5.69,-2.65,INF,-1,1,7,0
7680,1,1,59.612,-25.731,5.55,-2.39,5.55,-2.40,INF,-1,0,7,0
7700,1,1,63.520,-19.550,5.92,-1.82,5.91,-1.83,INF,-1,0,7,0
7720,1,1,60.910,-25.776,5.67,-2.40,5.67,-2.41,INF,-1,0,7,0
7740,0,1,0.000,0.000,0.00,0.00,0.00,0.00,0.00,-1,0,7,0
7760,0,1,0.000,0.000,0.00,0.00,0.00,0.00,0.00,-1,0,7,0
7780,1,1,67.080,-30.384,6.24,-2.82,6.24,-2.84,INF,-1,0,7,0
7800,0,1,0.000,0.000,0.00,0.00,0.00,0.00,0.00,-1,0,7,0
7820,1,1,69.878,-27.255,6.50,-2.53,6.50,-2.55,INF,-1,0,7,0
7840,0,1,0.000,0.000,0.00,0.00,0.00,0.00,0.00,-1,0,7,0
7860,0,1,0.000,0.000,0.00,0.00,0.00,0.00,0.00,-1,0,7,0
7880,0,1,0.000,0.000,0.00,0.00,0.00,0.00,0.00,-1,0,7,0
7900,1,1,67.320,-51.571,6.27,-4.78,6.25,-4.81,INF,-1,0,7,0
7920,0,1,0.000,0.000,0.00,0.00,0.00,0.00,0.00,-1,0,7,0
7940,0,1,0.000,0.000,0.00,0.00,0.00,0.00,0.00,-1,0,7,0
7960,1,1,-5.082,-125.233,-0.47,-11.55,-0.47,-11.55,INF,-1,0,7,0
7980,0,1,0.000,0.000,0.00,0.00,0.00,0.00,0.00,-1,0,7,0
8000,1,1,70.281,-70.675,6.54,-6.53,6.50,-6.58,INF,-1,0,7,0
8020,0,1,0.000,0.000,0.00,0.00,0.00,0.00,0.00,-1,0,7,0
8040,0,1,0.000,0.000,0.00,0.00,0.00,0.00,0.00,-1,0,7,0
8060,0,1,0.000,0.000,0.00,0.00,0.00,0.00,0.00,-1,0,7,0
8080,0,1,0.000,0.000,0.00,0.00,0.00,0.00,0.00,-1,0,7,0
8100,0,1,0.000,0.000,0.00,0.00,0.00,0.00,0.00,-1,0,7,0
8120,0,1,0.000,0.000,0.00,0.00,0.00,0.00,0.00,-1,0,7,0
8140,0,1,0.000,0.000,0.00,0.00,0.00,0.00,0.00,-1,0,7,0
8160,0,1,0.000,0.000,0.00,0.00,0.00,0.00,0.00,-1,0,7,0
8180,0,1,0.000,0.000,0.00,0.00,0.00,0.00,0.00,-1,0,7,0
8200,0,1,0.000,0.000,0.00,0.00,0.00,0.00,0.00,-1,0,7,0
8220,0,1,0.000,0.000,0.00,0.00,0.00,0.00,0.00,-1,0,7,0
8240,0,1,0.000,0.000,0.00,0.00,0.00,0.00,0.00,-1,0,7,0
8260,0,1,0.000,0.000,0.00,0.00,0.00,0.00,0.00,-1,0,7,0
8280,0,1,0.000,0.000,0.00,0.00,0.00,0.00,0.00,-1,0,7,0
8300,0,1,0.000,0.000,0.00,0.00,0.00,0.00,0.00,-1,0,7,0
8320,0,1,0.000,0.000,0.00,0.00,0.00,0.00,0.00,-1,0,7,0
8340,0,1,0.000,0.000,0.00,0.00,0.00,0.00,0.00,-1,0,7,0
8360,0,1,0.000,0.000,0.00,0.00,0.00,0.00,0.00,-1,0,7,0
8380,0,1,0.000,0.000,0.00,0.00,0.00,0.00,0.00,-1,0,7,0
8400,0,1,0.000,0.000,0.00,0.00,0.00,0.00,0.00,-1,0,7,0
8420,0,1,0.000,0.000,0.00,0.00,0.00,0.00,0.00,-1,0,7,0
8440,0,1,0.000,0.000,0.00,0.00,0.00,0.00,0.00,-1,0,7,0
8460,0,1,0.000,0.000,0.00,0.00,0.00,0.00,0.00,-1,0,7,0
8480,0,1,0.000,0.000,0.00,0.00,0.00,0.00,0.00,-1,0,7,0
8500,0,1,0.000,0.000,0.00,0.00,0.00,0.00,0.00,-1,0,7,0
8520,0,1,0.000,0.000,0.00,0.00,0.00,0.00,0.00,-1,0,7,0
8540,0,1,0.000,0.000,0.00,0.00,0.00,0.00,0.00,-1,0,7,0
8560,0,1,0.000,0.000,0.00,0.00,0.00,0.00,0.00,-1,0,7,0
8580,0,1,0.000,0.000,0.00,0.00,0.00,0.00,0.00,-1,0,7,0
8600,0,1,0.000,0.000,0.00,0.00,0.00,0.00,0.00,-1,0,7,0
8620,0,1,0.000,0.000,0.00,0.00,0.00,0.00,0.00,-1,0,7,0
8640,0,1,0.000,0.000,0.00,0.00,0.00,0.00,0.00,-1,0,7,0
8660,0,1,0.000,0.000,0.00,0.00,0.00,0.00,0.00,-1,0,7,0
8680,0,1,0.000,0.000,0.00,0.00,0.00,0.00,0.00,-1,0,7,0
8700,0,1,0.000,0.000,0.00,0.00,0.00,0.00,0.00,-1,0,7,0
8720,0,1,0.000,0.000,0.00,0.00,0.00,0.00,0.00,-1,0,7,0
8740,0,1,0.000,0.000,0.00,0.00,0.00,0.00,0.00,-1,0,7,0
8760,0,1,0.000,0.000,0.00,0.00,0.00,0.00,0.00,-1,0,7,0
8780,0,1,0.000,0.000,0.00,0.00,0.00,0.00,0.00,-1,0,7,0
8800,0,1,0.000,0.000,0.00,0.00,0.00,0.00,0.00,-1,0,7,0
8820,1,1,4.254,4.736,0.40,0.44,0.40,0.44,INF,-1,0,7,0
8840,1,1,-0.452,10.559,-0.04,0.99,-0.04,0.99,INF,-1,0,7,0
8860,1,1,-0.522,10.853,-0.05,1.01,-0.05,1.01,INF,-1,0,7,0
8880,1,1,0.171,11.332,0.02,1.06,0.02,1.06,INF,-1,0,7,0
8900,1,1,1.300,10.746,0.12,1.00,0.12,1.00,INF,-1,0,7,0
8920,1,1,1.136,11.232,0.11,1.05,0.11,1.05,INF,-1,0,7,0
8940,1,1,2.396,13.699,0.22,1.28,0.22,1.28,INF,-1,0,7,0
8960,1,1,2.587,14.551,0.24,1.36,0.24,1.36,INF,-1,0,7,0
8980,1,1,0.604,16.829,0.06,1.57,0.06,1.57,INF,-1,0,7,0
9000,1,1,3.030,18.634,0.28,1.74,0.28,1.74,INF,-1,0,7,0
9020,1,1,0.195,17.110,0.02,1.60,0.02,1.60,INF,-1,0,7,0
9040,1,1,-1.641,18.064,-0.15,1.69,-0.15,1.69,INF,-1,0,7,0
9060,1,1,-1.063,17.428,-0.10,1.63,-0.10,1.63,INF,-1,0,7,0
9080,1,1,4.298,16.158,0.40,1.51,0.40,1.51,INF,-1,0,7,0
9100,1,1,4.702,15.724,0.44,1.47,0.44,1.47,INF,-1,0,7,0
9120,1,1,9.053,14.497,0.85,1.35,0.85,1.35,INF,-1,1,7,0
9140,1,1,9.837,14.047,0.92,1.31,0.92,1.31,INF,-1,1,7,0
9160,1,1,9.662,13.535,0.90,1.26,0.90,1.26,INF,-1,1,7,0
9180,1,1,6.195,12.753,0.58,1.19,0.58,1.19,INF,-1,1,7,0
9200,1,1,10.182,14.000,0.95,1.31,0.95,1.31,INF,-1,1,7,0
9220,1,1,8.079,15.694,0.76,1.47,0.75,1.47,INF,-1,1,7,0
9240,1,1,10.476,16.651,0.98,1.56,0.98,1.56,INF,-1,1,7,0
9260,1,1,9.746,15.217,0.91,1.42,0.91,1.42,INF,-1,1,7,0
9280,1,1,11.359,13.287,1.06,1.24,1.06,1.24,INF,-1,1,7,0
9300,1,1,9.355,13.157,0.87,1.23,0.87,1.23,INF,-1,1,7,0
9320,1,1,11.598,16.817,1.08,1.57,1.08,1.57,INF,-1,1,7,0
9340,1,1,12.964,13.435,1.21,1.26,1.21,1.26,INF,-1,1,7,0
9360,1,1,15.011,15.335,1.40,1.43,1.40,1.43,INF,-1,0,7,0
9380,1,1,12.780,14.717,1.19,1.38,1.19,1.38,INF,-1,0,7,0
9400,1,1,13.478,13.837,1.26,1.29,1.26,1.29,INF,-1,0,7,0
9420,1,1,15.385,16.552,1.44,1.55,1.44,1.55,INF,-1,0,7,0
9440,1,1,15.681,13.994,1.47,1.31,1.46,1.31,INF,-1,0,7,0
9460,1,1,16.297,15.353,1.52,1.43,1.52,1.43,INF,-1,0,7,0
9480,1,1,18.198,13.963,1.70,1.30,1.70,1.30,INF,-1,0,7,0
9500,1,1,17.314,14.191,1.62,1.33,1.62,1.33,INF,-1,0,7,0
9520,1,1,17.343,13.633,1.62,1.27,1.62,1.27,INF,-1,0,7,0
9540,1,1,17.909,13.690,1.67,1.28,1.67,1.28,INF,-1,0,7,0
9560,1,1,19.721,14.185,1.84,1.32,1.84,1.33,INF,-1,0,7,0
9580,1,1,18.782,15.047,1.75,1.41,1.75,1.41,INF,-1,0,7,0
9600,1,1,14.710,13.684,1.37,1.28,1.37,1.28,INF,-1,1,7,0
9620,1,1,4.554,10.541,0.43,0.99,0.43,0.99,INF,-1,1,7,0
9640,1,1,-0.171,11.938,-0.02,1.12,-0.02,1.12,INF,-1,1,7,0
9660,1,1,-4.300,12.934,-0.40,1.21,-0.40,1.21,INF,-1,0,7,0
9680,1,1,-9.386,12.182,-0.88,1.14,-0.88,1.14,INF,-1,0,7,0
9700,1,1,-10.615,13.658,-0.99,1.28,-0.99,1.28,INF,-1,0,7,0
9720,1,1,-17.812,13.543,-1.66,1.27,-1.66,1.27,INF,-1,0,7,0
9740,1,1,-18.421,11.262,-1.72,1.05,-1.72,1.05,INF,-1,0,7,0
9760,1,1,-17.967,11.220,-1.68,1.05,-1.68,1.05,INF,-1,0,7,0
9780,1,1,-22.176,13.321,-2.07,1.24,-2.07,1.24,INF,-1,0,7,0
9800,1,1,-20.881,15.003,-1.95,1.40,-1.95,1.40,INF,-1,0,7,0
9820,1,1,-17.536,16.986,-1.64,1.59,-1.64,1.59,INF,-1,0,7,0
9840,1,1,-19.491,14.205,-1.82,1.33,-1.82,1.33,INF,-1,0,7,0
9860,1,1,-17.316,14.846,-1.62,1.39,-1.62,1.39,INF,-1,0,7,0
9880,1,1,-10.818,14.963,-1.01,1.40,-1.01,1.40,INF,-1,0,7,0
9900,1,1,-8.755,15.341,-0.82,1.43,-0.82,1.43,INF,-1,0,7,0
9920,1,1,-8.215,15.181,-0.77,1.42,-0.77,1.42,INF,-1,0,7,0
9940,1,1,-6.793,15.187,-0.63,1.42,-0.63,1.42,INF,-1,1,7,0
9960,1,1,-5.386,16.109,-0.50,1.51,-0.50,1.51,INF,-1,1,7,0
9980,1,1,-5.918,16.352,-0.55,1.53,-0.55,1.53,INF,-1,1,7,0
10000,1,1,-6.968,17.940,-0.65,1.68,-0.65,1.68,INF,-1,1,7,0
10020,1,1,-5.487,19.425,-0.51,1.81,-0.51,1.81,INF,-1,1,7,0
10040,1,1,-5.784,19.623,-0.54,1.83,-0.54,1.83,INF,-1,1,7,0
10060,1,1,-4.459,18.466,-0.42,1.73,-0.42,1.73,INF,-1,1,7,0
10080,1,1,-3.433,19.612,-0.32,1.83,-0.32,1.83,INF,-1,1,7,0
10100,1,1,-6.429,19.241,-0.60,1.80,-0.60,1.80,INF,-1,1,7,0
10120,1,1,-4.636,18.999,-0.43,1.78,-0.43,1.78,INF,-1,1,7,0
10140,1,1,-2.054,16.528,-0.19,1.54,-0.19,1.54,INF,-1,1,7,0
10160,1,1,-3.956,16.123,-0.37,1.51,-0.37,1.51,INF,-1,0,7,0
10180,1,1,-8.350,15.418,-0.78,1.44,-0.78,1.44,INF,-1,0,7,0
10200,1,1,-11.805,14.551,-1.10,1.36,-1.10,1.36,INF,-1,0,7,0
10220,1,1,-11.495,15.682,-1.07,1.47,-1.07,1.47,INF,-1,0,7,0
10240,1,1,-9.536,16.149,-0.89,1.51,-0.89,1.51,INF,-1,0,7,0
10260,1,1,-11.483,16.492,-1.07,1.54,-1.07,1.54,INF,-1,0,7,0
10280,1,1,-12.931,16.563,-1.21,1.55,-1.21,1.55,INF,-1,0,7,0
10300,1,1,-7.315,16.588,-0.68,1.55,-0.68,1.55,INF,-1,0,7,0
10320,1,1,-4.802,16.068,-0.45,1.50,-0.45,1.50,INF,-1,0,7,0
10340,1,1,-2.404,15.721,-0.22,1.47,-0.22,1.47,INF,-1,0,7,0
10360,1,1,-1.792,17.048,-0.17,1.59,-0.17,1.59,INF,-1,0,7,0
10380,1,1,-0.625,16.592,-0.06,1.55,-0.06,1.55,INF,-1,0,7,0
10400,1,1,-0.996,15.862,-0.09,1.48,-0.09,1.48,INF,-1,1,7,0
10420,1,1,3.283,15.721,0.31,1.47,0.31,1.47,INF,-1,1,7,0
10440,1,1,7.791,16.288,0.73,1.52,0.73,1.52,INF,-1,1,7,0
10460,1,1,8.566,15.663,0.80,1.46,0.80,1.46,INF,-1,1,7,0
10480,1,1,5.636,15.274,0.53,1.43,0.53,1.43,INF,-1,0,7,0
10500,1,1,10.150,16.737,0.95,1.56,0.95,1.56,INF,-1,0,7,0
10520,1,1,8.117,16.243,0.76,1.52,0.76,1.52,INF,-1,0,7,0
10540,1,1,12.938,16.190,1.21,1.51,1.21,1.51,INF,-1,0,7,0
10560,1,1,11.305,15.325,1.06,1.43,1.06,1.43,INF,-1,0,7,0
10580,1,1,12.832,16.661,1.20,1.56,1.20,1.56,INF,-1,0,7,0
10600,1,1,12.217,18.464,1.14,1.72,1.14,1.73,INF,-1,0,7,0
10620,1,1,3.579,16.331,0.33,1.53,0.33,1.53,INF,-1,0,7,0
10640,1,1,6.173,15.514,0.58,1.45,0.58,1.45,INF,-1,0,7,0
10660,1,1,5.736,15.505,0.54,1.45,0.54,1.45,INF,-1,0,7,0
10680,1,1,7.765,16.994,0.73,1.59,0.73,1.59,INF,-1,0,7,0
10700,1,1,5.091,16.033,0.48,1.50,0.48,1.50,INF,-1,0,7,0
10720,1,1,-0.107,17.500,-0.01,1.64,-0.01,1.64,INF,-1,1,7,0
10740,1,1,6.052,16.677,0.57,1.56,0.57,1.56,INF,-1,1,7,0
10760,1,1,-0.466,17.468,-0.04,1.63,-0.04,1.63,INF,-1,1,7,0
10780,1,1,0.716,15.999,0.07,1.50,0.07,1.50,INF,-1,1,7,0
10800,1,1,5.411,15.923,0.51,1.49,0.51,1.49,INF,-1,1,7,0
10820,1,1,3.018,17.376,0.28,1.62,0.28,1.62,INF,-1,1,7,0
10840,1,1,3.325,15.107,0.31,1.41,0.31,1.41,INF,-1,1,7,0
10860,1,1,5.228,17.914,0.49,1.67,0.49,1.67,INF,-1,1,7,0
10880,1,1,4.636,15.914,0.43,1.49,0.43,1.49,INF,-1,1,7,0
10900,1,1,4.007,16.907,0.37,1.58,0.37,1.58,INF,-1,1,7,0
10920,1,1,2.669,14.439,0.25,1.35,0.25,1.35,INF,-1,1,7,0
10940,1,1,3.830,15.825,0.36,1.48,0.36,1.48,INF,-1,1,7,0
10960,1,1,0.148,16.530,0.01,1.54,0.01,1.54,INF,-1,1,7,0
10980,1,1,0.590,14.835,0.06,1.39,0.06,1.39,INF,-1,1,7,0
11000,1,1,1.976,16.878,0.18,1.58,0.18,1.58,INF,-1,1,7,0
11020,1,1,0.616,15.817,0.06,1.48,0.06,1.48,INF,-1,1,7,0
11040,1,1,-0.253,14.796,-0.02,1.38,-0.02,1.38,INF,-1,1,7,0
11060,1,1,-2.037,15.908,-0.19,1.49,-0.19,1.49,INF,-1,1,7,0
11080,1,1,-0.642,15.690,-0.06,1.47,-0.06,1.47,INF,-1,1,7,0
11100,1,1,-1.599,14.888,-0.15,1.39,-0.15,1.39,INF,-1,1,7,0
11120,1,1,-3.189,13.791,-0.30,1.29,-0.30,1.29,INF,-1,1,7,0
11140,1,1,-3.356,12.723,-0.31,1.19,-0.31,1.19,INF,-1,1,7,0
11160,1,1,0.825,12.597,0.08,1.18,0.08,1.18,INF,-1,1,7,0
11180,1,1,0.373,12.007,0.03,1.12,0.03,1.12,INF,-1,1,7,0
11200,1,1,4.108,10.818,0.38,1.01,0.38,1.01,INF,-1,1,7,0
11220,1,1,7.421,11.682,0.69,1.09,0.69,1.09,INF,-1,1,7,0
11240,1,1,4.109,11.853,0.38,1.11,0.38,1.11,INF,-1,1,7,0
11260,1,1,6.628,11.399,0.62,1.07,0.62,1.07,INF,-1,1,7,0
11280,1,1,4.273,10.721,0.40,1.00,0.40,1.00,INF,-1,1,7,0
11300,1,1,6.667,10.692,0.62,1.00,0.62,1.00,INF,-1,1,7,0
11320,1,1,4.822,11.600,0.45,1.08,0.45,1.08,INF,-1,1,7,0
11340,1,1,5.467,12.844,0.51,1.20,0.51,1.20,INF,-1,1,7,0
11360,1,1,5.616,12.377,0.52,1.16,0.52,1.16,INF,-1,1,7,0
11380,1,1,4.142,11.746,0.39,1.10,0.39,1.10,INF,-1,1,7,0
11400,1,1,2.797,10.129,0.26,0.95,0.26,0.95,INF,-1,1,7,0
11420,1,1,-7.524,9.061,-0.70,0.85,-0.70,0.85,INF,-1,1,7,0
11440,1,1,-17.145,7.722,-1.60,0.72,-1.60,0.72,INF,-1,1,7,0
11460,1,1,-18.218,8.098,-1.70,0.76,-1.70,0.76,INF,-1,0,7,0
11480,1,1,-18.749,6.866,-1.75,0.64,-1.75,0.64,INF,-1,0,7,0
11500,1,1,-21.678,7.703,-2.03,0.72,-2.03,0.72,INF,-1,0,7,0
11520,1,1,-20.445,6.836,-1.91,0.64,-1.91,0.64,INF,-1,0,7,0
11540,1,1,-17.318,7.484,-1.62,0.70,-1.62,0.70,INF,-1,0,7,0
11560,1,1,-15.722,7.012,-1.47,0.66,-1.47,0.66,INF,-1,0,7,0
11580,1,1,-14.580,7.491,-1.36,0.70,-1.36,0.70,INF,-1,0,7,0
11600,1,1,-5.287,9.430,-0.49,0.88,-0.49,0.88,INF,-1,0,7,0
11620,1,1,-0.978,10.385,-0.09,0.97,-0.09,0.97,INF,-1,0,7,0
11640,1,1,0.947,10.572,0.09,0.99,0.09,0.99,INF,-1,0,7,0
11660,1,1,0.293,12.387,0.03,1.16,0.03,1.16,INF,-1,0,7,0
11680,1,1,1.694,9.425,0.16,0.88,0.16,0.88,INF,-1,0,7,0
11700,1,1,1.513,12.373,0.14,1.16,0.14,1.16,INF,-1,0,7,0
11720,1,1,-0.992,10.988,-0.09,1.03,-0.09,1.03,INF,-1,0,7,0
11740,1,1,2.715,9.950,0.25,0.93,0.25,0.93,INF,-1,1,7,0
11760,1,1,2.206,9.796,0.21,0.92,0.21,0.92,INF,-1,1,7,0
11780,1,1,1.926,12.144,0.18,1.13,0.18,1.13,INF,-1,0,7,0
11800,0,1,0.000,0.000,0.00,0.00,0.00,0.00,0.00,-1,0,7,0
11820,1,1,1.007,10.510,0.09,0.98,0.09,0.98,INF,-1,0,7,0
11840,1,1,2.240,10.481,0.21,0.98,0.21,0.98,INF,-1,0,7,0
11860,1,1,1.172,8.860,0.11,0.83,0.11,0.83,INF,-1,0,7,0
11880,1,1,0.312,9.608,0.03,0.90,0.03,0.90,INF,-1,0,7,0
11900,1,1,-1.068,11.209,-0.10,1.05,-0.10,1.05,INF,-1,0,7,0
11920,1,1,1.672,7.983,0.16,0.75,0.16,0.75,INF,-1,0,7,0
11940,1,1,1.036,8.247,0.10,0.77,0.10,0.77,INF,-1,0,7,0
11960,1,1,1.520,8.746,0.14,0.82,0.14,0.82,INF,-1,0,7,0
11980,1,1,0.103,8.858,0.01,0.83,0.01,0.83,INF,-1,0,7,0
12000,1,1,-0.742,8.241,-0.07,0.77,-0.07,0.77,INF,-1,0,7,0
12020,1,1,2.857,10.855,0.27,1.01,0.27,1.01,INF,-1,1,7,0
12040,1,1,-0.039,10.400,0.00,0.97,0.00,0.97,INF,-1,1,7,0
12060,1,1,-1.692,8.218,-0.16,0.77,-0.16,0.77,INF,-1,1,7,0
12080,1,1,1.974,10.734,0.18,1.00,0.18,1.00,INF,-1,1,7,0
12100,1,1,1.982,9.905,0.19,0.93,0.19,0.93,INF,-1,1,7,0
12120,1,1,3.920,9.936,0.37,0.93,0.37,0.93,INF,-1,1,7,0
12140,1,1,1.653,10.179,0.15,0.95,0.15,0.95,INF,-1,1,7,0
12160,1,1,3.525,10.991,0.33,1.03,0.33,1.03,INF,-1,1,7,0
12180,0,1,0.000,0.000,0.00,0.00,0.00,0.00,0.00,-1,1,7,0
12200,0,1,0.000,0.000,0.00,0.00,0.00,0.00,0.00,-1,1,7,0
12220,0,1,0.000,0.000,0.00,0.00,0.00,0.00,0.00,-1,1,7,0
12240,0,1,0.000,0.000,0.00,0.00,0.00,0.00,0.00,-1,1,7,0
12260,0,1,0.000,0.000,0.00,0.00,0.00,0.00,0.00,-1,0,7,0
12280,0,1,0.000,0.000,0.00,0.00,0.00,0.00,0.00,-1,0,7,0
12300,0,1,0.000,0.000,0.00,0.00,0.00,0.00,0.00,-1,0,7,0
12320,0,1,0.000,0.000,0.00,0.00,0.00,0.00,0.00,-1,0,7,0
12340,1,1,11.396,1.989,1.07,0.19,1.07,0.19,INF,-1,0,7,0
12360,1,1,11.956,10.889,1.12,1.02,1.12,1.02,INF,-1,0,7,0
12380,1,1,7.382,7.438,0.69,0.70,0.69,0.70,INF,-1,0,7,0
12400,1,1,3.933,9.069,0.37,0.85,0.37,0.85,INF,-1,0,7,0
12420,1,1,6.210,8.311,0.58,0.78,0.58,0.78,INF,-1,0,7,0
12440,1,1,6.543,9.847,0.61,0.92,0.61,0.92,INF,-1,0,7,0
12460,1,1,6.252,8.364,0.58,0.78,0.58,0.78,INF,-1,0,7,0
12480,1,1,8.648,6.982,0.81,0.65,0.81,0.65,INF,-1,0,7,0
12500,1,1,5.774,6.128,0.54,0.57,0.54,0.57,INF,-1,0,7,0
12520,1,1,6.625,6.646,0.62,0.62,0.62,0.62,INF,-1,0,7,0
12540,1,1,7.472,7.098,0.70,0.66,0.70,0.66,INF,-1,0,7,0
12560,1,1,5.605,3.326,0.52,0.31,0.52,0.31,INF,-1,0,7,0
12580,1,1,10.529,6.225,0.98,0.58,0.98,0.58,INF,-1,0,7,0
12600,1,1,1.686,6.978,0.16,0.65,0.16,0.65,INF,-1,0,7,0
12620,1,1,-1.426,7.072,-0.13,0.66,-0.13,0.66,INF,-1,1,7,0
12640,1,1,-0.201,4.102,-0.02,0.38,-0.02,0.38,INF,-1,1,7,0
12660,1,1,-0.301,9.384,-0.03,0.88,-0.03,0.88,INF,-1,1,7,0
12680,1,1,0.976,8.218,0.09,0.77,0.09,0.77,INF,-1,1,7,0
12700,1,1,-3.467,9.389,-0.32,0.88,-0.32,0.88,INF,-1,1,7,0
12720,1,1,-2.820,9.381,-0.26,0.88,-0.26,0.88,INF,-1,1,7,0
12740,1,1,-3.360,6.698,-0.31,0.63,-0.31,0.63,INF,-1,1,7,0
12760,1,1,-6.587,5.503,-0.62,0.51,-0.62,0.51,INF,-1,1,7,0
12780,1,1,-26.297,3.855,-2.46,0.36,-2.46,0.36,INF,-1,1,7,0
12800,1,1,-33.519,1.555,-3.13,0.15,-3.13,0.15,INF,-1,0,7,0
12820,1,1,-37.692,-0.585,-3.52,-0.05,-3.52,-0.05,INF,-1,0,7,0
12840,1,1,-39.504,0.089,-3.69,0.01,-3.69,0.01,INF,-1,0,7,0
12860,1,1,-41.324,1.194,-3.86,0.11,-3.86,0.11,INF,-1,0,7,0
12880,1,1,-48.372,-0.256,-4.51,-0.02,-4.51,-0.02,INF,-1,0,7,0
12900,1,1,-51.420,4.044,-4.79,0.38,-4.79,0.38,INF,-1,0,7,0
12920,1,1,-51.617,4.356,-4.81,0.41,-4.81,0.41,INF,-1,0,7,0
12940,1,1,-50.858,4.878,-4.74,0.45,-4.74,0.46,INF,-1,0,7,0
12960,1,1,-50.881,4.526,-4.74,0.42,-4.74,0.42,INF,-1,0,7,0
12980,1,1,-49.285,2.983,-4.60,0.28,-4.60,0.28,INF,-1,0,7,0
13000,1,1,-49.020,5.891,-4.57,0.55,-4.57,0.55,INF,-1,0,7,0
13020,1,1,-46.298,8.233,-4.32,0.77,-4.32,0.77,INF,-1,0,7,0
13040,1,1,-43.201,7.081,-4.03,0.66,-4.03,0.66,INF,-1,0,7,0
13060,1,1,-42.557,6.797,-3.97,0.63,-3.97,0.64,INF,-1,0,7,0
13080,1,1,-42.015,7.299,-3.92,0.68,-3.92,0.68,INF,-1,1,7,0
13100,1,1,-40.412,5.317,-3.77,0.50,-3.77,0.50,INF,-1,1,7,0
13120,1,1,-37.786,5.362,-3.53,0.50,-3.53,0.50,INF,-1,1,7,0
13140,1,1,-42.139,5.330,-3.93,0.50,-3.93,0.50,INF,-1,1,7,0
13160,1,1,-39.161,4.292,-3.66,0.40,-3.66,0.40,INF,-1,1,7,0
13180,1,1,-39.851,5.051,-3.72,0.47,-3.72,0.47,INF,-1,1,7,0
13200,1,1,-40.937,6.143,-3.82,0.57,-3.82,0.57,INF,-1,1,7,0
13220,1,1,-40.063,5.779,-3.74,0.54,-3.74,0.54,INF,-1,1,7,0
13240,1,1,-47.598,7.999,-4.44,0.75,-4.44,0.75,INF,-1,1,7,0
13260,1,1,-51.478,8.183,-4.80,0.76,-4.80,0.76,INF,-1,1,7,0
13280,1,1,-56.891,9.184,-5.30,0.85,-5.30,0.86,INF,-1,1,7,0
13300,1,1,-53.095,7.540,-4.95,0.70,-4.95,0.70,INF,-1,1,7,0
13320,1,1,-55.747,7.868,-5.20,0.73,-5.20,0.74,INF,-1,1,7,0
13340,1,1,-57.986,6.772,-5.40,0.63,-5.40,0.63,INF,-1,1,7,0
13360,1,1,-54.826,8.411,-5.11,0.78,-5.11,0.79,INF,-1,0,7,0
13380,1,1,-53.442,7.724,-4.98,0.72,-4.98,0.72,INF,-1,0,7,0
13400,1,1,-53.587,6.526,-5.00,0.61,-5.00,0.61,INF,-1,0,7,0
13420,1,1,-52.884,5.729,-4.93,0.53,-4.93,0.54,INF,-1,0,7,0
13440,1,1,-52.727,5.205,-4.92,0.48,-4.92,0.49,INF,-1,0,7,0
13460,1,1,-51.845,5.805,-4.83,0.54,-4.83,0.54,INF,-1,0,7,0
13480,1,1,-48.649,5.954,-4.54,0.55,-4.54,0.56,INF,-1,0,7,0
13500,1,1,-53.874,7.349,-5.02,0.68,-5.02,0.69,INF,-1,0,7,0
13520,1,1,-49.876,6.521,-4.65,0.61,-4.65,0.61,INF,-1,0,7,0
13540,1,1,-52.020,4.445,-4.85,0.41,-4.85,0.42,INF,-1,0,7,0
13560,1,1,-52.642,6.199,-4.91,0.58,-4.91,0.58,INF,-1,0,7,0
13580,1,1,-50.946,5.622,-4.75,0.52,-4.75,0.53,INF,-1,0,7,0
13600,1,1,-51.111,4.430,-4.77,0.41,-4.77,0.41,INF,-1,1,7,0
13620,1,1,-51.101,5.391,-4.77,0.50,-4.77,0.50,INF,-1,1,7,0
13640,1,1,-51.871,7.286,-4.84,0.68,-4.84,0.68,INF,-1,1,7,0
13660,1,1,-51.631,7.282,-4.81,0.68,-4.81,0.68,INF,-1,1,7,0
13680,1,1,-52.822,7.265,-4.92,0.68,-4.92,0.68,INF,-1,1,7,0
13700,1,1,-48.780,6.828,-4.55,0.64,-4.55,0.64,INF,-1,1,7,0
13720,1,1,-20.221,4.249,-1.89,0.40,-1.89,0.40,INF,-1,1,7,0
13740,1,1,-7.271,11.515,-0.68,1.08,-0.68,1.08,INF,-1,1,7,0
13760,1,1,-4.533,12.310,-0.42,1.15,-0.42,1.15,INF,-1,0,7,0
13780,1,1,-4.846,12.533,-0.45,1.17,-0.45,1.17,INF,-1,0,7,0
13800,1,1,-6.502,10.943,-0.61,1.02,-0.61,1.02,INF,-1,0,7,0
13820,1,1,-4.080,12.620,-0.38,1.18,-0.38,1.18,INF,-1,0,7,0
13840,1,1,-4.651,11.657,-0.43,1.09,-0.43,1.09,INF,-1,0,7,0
13860,1,1,-1.834,12.493,-0.17,1.17,-0.17,1.17,INF,-1,0,7,0
13880,1,1,1.726,10.832,0.16,1.01,0.16,1.01,INF,-1,0,7,0
13900,1,1,6.847,10.759,0.64,1.01,0.64,1.01,INF,-1,0,7,0
13920,1,1,5.222,11.121,0.49,1.04,0.49,1.04,INF,-1,0,7,0
13940,1,1,6.678,14.084,0.62,1.32,0.62,1.32,INF,-1,0,7,0
13960,1,1,4.192,12.828,0.39,1.20,0.39,1.20,INF,-1,0,7,0
13980,1,1,7.954,13.076,0.74,1.22,0.74,1.22,INF,-1,0,7,0
14000,1,1,9.430,14.070,0.88,1.31,0.88,1.31,INF,-1,0,7,0
14020,1,1,10.820,13.000,1.01,1.21,1.01,1.21,INF,-1,1,7,0
14040,1,1,8.689,13.082,0.81,1.22,0.81,1.22,INF,-1,1,7,0
14060,1,1,8.673,12.420,0.81,1.16,0.81,1.16,INF,-1,1,7,0
14080,1,1,10.748,13.826,1.00,1.29,1.00,1.29,INF,-1,1,7,0
14100,1,1,12.249,14.487,1.14,1.35,1.14,1.35,INF,-1,1,7,0
14120,1,1,8.953,13.677,0.84,1.28,0.84,1.28,INF,-1,1,7,0
14140,1,1,8.590,11.369,0.80,1.06,0.80,1.06,INF,-1,1,7,0
14160,1,1,12.105,8.505,1.13,0.79,1.13,0.79,INF,-1,1,7,0
14180,1,1,2.473,2.360,0.23,0.22,0.23,0.22,INF,-1,1,7,0
14200,1,1,-8.158,-6.816,-0.76,-0.64,-0.76,-0.64,INF,-1,1,7,0
14220,1,1,-12.724,-14.944,-1.19,-1.40,-1.19,-1.40,INF,-1,1,7,0
14240,1,1,-12.747,-12.537,-1.19,-1.17,-1.19,-1.17,INF,-1,0,7,0
14260,1,1,-14.281,-12.205,-1.33,-1.14,-1.33,-1.14,INF,-1,0,7,0
14280,1,1,-13.377,-13.476,-1.25,-1.26,-1.25,-1.26,INF,-1,0,7,0
14300,1,1,-9.240,-13.126,-0.86,-1.23,-0.86,-1.23,INF,-1,0,7,0
14320,1,1,-13.683,-12.430,-1.28,-1.16,-1.28,-1.16,INF,-1,0,7,0
14340,1,1,-9.375,-13.136,-0.88,-1.23,-0.88,-1.23,INF,-1,0,7,0
14360,1,1,-10.955,-13.011,-1.02,-1.22,-1.02,-1.22,INF,-1,0,7,0
14380,1,1,-12.074,-10.434,-1.13,-0.97,-1.13,-0.98,INF,-1,0,7,0
14400,1,1,-12.895,-13.355,-1.21,-1.25,-1.20,-1.25,INF,-1,0,7,0
14420,1,1,-11.851,-12.353,-1.11,-1.15,-1.11,-1.15,INF,-1,0,7,0
14440,1,1,-13.983,-12.182,-1.31,-1.14,-1.31,-1.14,INF,-1,0,7,0
14460,1,1,-12.053,-14.382,-1.13,-1.34,-1.13,-1.34,INF,-1,0,7,0
14480,1,1,-11.760,-15.731,-1.10,-1.47,-1.10,-1.47,INF,-1,1,7,0
14500,1,1,-21.680,-23.006,-2.03,-2.15,-2.02,-2.15,INF,-1,1,7,0
14520,1,1,-24.776,-26.501,-2.31,-2.47,-2.31,-2.48,INF,-1,1,7,0
14540,1,1,-22.539,-26.583,-2.11,-2.48,-2.10,-2.48,INF,-1,0,7,0
14560,1,1,-24.414,-26.171,-2.28,-2.44,-2.28,-2.44,INF,-1,0,7,0
14580,1,1,-22.192,-27.837,-2.07,-2.60,-2.07,-2.60,INF,-1,0,7,0
14600,1,1,-24.294,-28.367,-2.27,-2.65,-2.27,-2.65,INF,-1,0,7,0
14620,1,1,-17.845,-27.374,-1.67,-2.56,-1.67,-2.56,INF,-1,0,7,0
14640,1,1,-17.220,-25.729,-1.61,-2.40,-1.61,-2.40,INF,-1,0,7,0
14660,1,1,-18.757,-27.380,-1.75,-2.56,-1.75,-2.56,INF,-1,0,7,0
14680,1,1,-11.171,-24.593,-1.04,-2.30,-1.04,-2.30,INF,-1,0,7,0
14700,1,1,-10.876,-25.386,-1.02,-2.37,-1.02,-2.37,INF,-1,0,7,0
14720,1,1,-11.656,-23.109,-1.09,-2.16,-1.09,-2.16,INF,-1,0,7,0
14740,1,1,-10.197,-22.308,-0.95,-2.08,-0.95,-2.08,INF,-1,0,7,0
14760,1,1,-12.419,-22.331,-1.16,-2.09,-1.16,-2.09,INF,-1,0,7,0
14780,1,1,-12.291,-18.796,-1.15,-1.76,-1.15,-1.76,INF,-1,1,7,0
14800,1,1,-13.516,-19.054,-1.26,-1.78,-1.26,-1.78,INF,-1,1,7,0
14820,1,1,-11.855,-18.458,-1.11,-1.72,-1.11,-1.72,INF,-1,1,7,0
14840,1,1,-12.479,-18.577,-1.17,-1.74,-1.17,-1.74,INF,-1,1,7,0
14860,1,1,-13.914,-17.402,-1.30,-1.63,-1.30,-1.63,INF,-1,1,7,0
14880,1,1,-13.072,-16.171,-1.22,-1.51,-1.22,-1.51,INF,-1,1,7,0
14900,1,1,-12.894,-17.009,-1.20,-1.59,-1.20,-1.59,INF,-1,1,7,0
14920,1,1,-11.899,-14.959,-1.11,-1.40,-1.11,-1.40,INF,-1,1,7,0
14940,1,1,-15.451,-19.481,-1.44,-1.82,-1.44,-1.82,INF,-1,1,7,0
14960,1,1,-19.184,-16.798,-1.79,-1.57,-1.79,-1.57,INF,-1,1,7,0
14980,1,1,-20.924,-13.040,-1.95,-1.22,-1.95,-1.22,INF,-1,1,7,0
