"EyeTracker Toolbox version","3.250"
CalibrationParameters_A11,1.16482
CalibrationParameters_A12,0.07738
CalibrationParameters_A13,0.03935
CalibrationParameters_A21,0.07885
CalibrationParameters_A22,-1.19465
CalibrationParameters_A23,-0.02309
CalibrationParameters_A31,-0.00054
CalibrationParameters_A32,-0.00061
CalibrationParameters_E11,-0.17989
CalibrationParameters_E12,0.00010
CalibrationParameters_E21,-0.00013
CalibrationParameters_E22,0.20004
CalibrationParameters_X,-52.18893
CalibrationParameters_Y,-27.57133
CalibrationParameters_Rpc,73.58327
CalibrationParameters_MeanX,151.25162
CalibrationParameters_MeanY,173.28229
CalibrationParameters_ViewDist,613.00000
TimeStamp,Tracked,Calibrated,ScreenPositionXmm,ScreenPositionYmm,FicksLongitude,FicksLatitude,HelmholtzAzimuth,HelmholtzElevation,PupilDiameter,Region,Fixation,DigitalIO,Dropped
0,1,1,4.731,11.130,0.44,1.04,0.44,1.04,INF,-1,0,7,0
20,1,1,3.642,11.239,0.34,1.05,0.34,1.05,INF,-1,0,7,0
40,1,1,3.795,11.634,0.35,1.09,0.35,1.09,INF,-1,0,7,0
60,1,1,4.689,11.387,0.44,1.06,0.44,1.06,INF,-1,0,7,0
80,1,1,3.381,10.802,0.32,1.01,0.32,1.01,INF,-1,0,7,0
100,1,1,3.755,11.196,0.35,1.05,0.35,1.05,INF,-1,0,7,0
120,1,1,3.600,10.870,0.34,1.02,0.34,1.02,INF,-1,0,7,0
140,1,1,3.620,10.309,0.34,0.96,0.34,0.96,INF,-1,0,7,0
160,1,1,3.029,10.933,0.28,1.02,0.28,1.02,INF,-1,0,7,0
180,1,1,4.836,10.869,0.45,1.02,0.45,1.02,INF,-1,0,7,0
200,1,1,22.209,18.512,2.07,1.73,2.07,1.73,INF,-1,0,7,0
220,1,1,19.485,18.203,1.82,1.70,1.82,1.70,INF,-1,0,7,0
240,1,1,19.973,19.933,1.87,1.86,1.87,1.86,INF,-1,0,7,0
260,1,1,19.138,18.299,1.79,1.71,1.79,1.71,INF,-1,0,7,0
280,1,1,18.731,18.860,1.75,1.76,1.75,1.76,INF,-1,0,7,0
300,1,1,18.426,19.610,1.72,1.83,1.72,1.83,INF,-1,0,7,0
320,1,1,18.534,20.052,1.73,1.87,1.73,1.87,INF,-1,1,7,0
340,1,1,19.129,19.017,1.79,1.78,1.79,1.78,INF,-1,1,7,0
360,1,1,19.011,17.599,1.78,1.64,1.78,1.64,INF,-1,1,7,0
380,1,1,19.878,18.503,1.86,1.73,1.86,1.73,INF,-1,1,7,0
400,1,1,20.130,18.270,1.88,1.71,1.88,1.71,INF,-1,1,7,0
420,1,1,19.260,18.449,1.80,1.72,1.80,1.72,INF,-1,1,7,0
440,1,1,18.928,18.150,1.77,1.70,1.77,1.70,INF,-1,1,7,0
460,1,1,21.353,19.607,1.99,1.83,1.99,1.83,INF,-1,1,7,0
480,1,1,20.721,19.308,1.94,1.80,1.94,1.80,INF,-1,1,7,0
500,1,1,21.223,18.748,1.98,1.75,1.98,1.75,INF,-1,0,7,0
520,1,1,21.047,18.029,1.97,1.68,1.97,1.68,INF,-1,0,7,0
540,1,1,21.384,18.793,2.00,1.75,2.00,1.76,INF,-1,0,7,0
560,1,1,20.586,17.334,1.92,1.62,1.92,1.62,INF,-1,0,7,0
580,1,1,21.107,17.781,1.97,1.66,1.97,1.66,INF,-1,0,7,0
600,1,1,19.933,18.644,1.86,1.74,1.86,1.74,INF,-1,0,7,0
620,1,1,19.620,17.616,1.83,1.65,1.83,1.65,INF,-1,0,7,0
640,1,1,19.547,18.100,1.83,1.69,1.83,1.69,INF,-1,0,7,0
660,1,1,17.330,8.686,1.62,0.81,1.62,0.81,INF,-1,0,7,0
680,1,1,16.558,4.307,1.55,0.40,1.55,0.40,INF,-1,0,7,0
700,1,1,14.910,4.395,1.39,0.41,1.39,0.41,INF,-1,0,7,0
720,1,1,17.386,4.690,1.62,0.44,1.62,0.44,INF,-1,0,7,0
740,1,1,16.247,6.371,1.52,0.60,1.52,0.60,INF,-1,1,7,0
760,1,1,16.000,3.804,1.50,0.36,1.50,0.36,INF,-1,1,7,0
780,1,1,17.371,4.303,1.62,0.40,1.62,0.40,INF,-1,1,7,0
800,1,1,16.810,6.168,1.57,0.58,1.57,0.58,INF,-1,1,7,0
820,1,1,17.915,3.238,1.67,0.30,1.67,0.30,INF,-1,1,7,0
840,1,1,16.398,3.775,1.53,0.35,1.53,0.35,INF,-1,1,7,0
860,1,1,16.587,4.771,1.55,0.45,1.55,0.45,INF,-1,1,7,0
880,1,1,15.765,4.419,1.47,0.41,1.47,0.41,INF,-1,1,7,0
900,1,1,15.708,2.925,1.47,0.27,1.47,0.27,INF,-1,1,7,0
920,1,1,22.317,5.319,2.08,0.50,2.08,0.50,INF,-1,1,7,0
940,1,1,22.853,15.872,2.13,1.48,2.13,1.48,INF,-1,1,7,0
960,1,1,23.452,14.634,2.19,1.37,2.19,1.37,INF,-1,1,7,0
980,1,1,24.717,13.835,2.31,1.29,2.31,1.29,INF,-1,1,7,0
1000,1,1,25.213,13.986,2.36,1.31,2.35,1.31,INF,-1,1,7,0
1020,1,1,26.990,13.782,2.52,1.29,2.52,1.29,INF,-1,1,7,0
1040,1,1,24.991,13.942,2.33,1.30,2.33,1.30,INF,-1,1,7,0
1060,1,1,24.357,14.959,2.28,1.40,2.27,1.40,INF,-1,1,7,0
1080,1,1,25.144,13.818,2.35,1.29,2.35,1.29,INF,-1,1,7,0
1100,1,1,25.034,14.199,2.34,1.33,2.34,1.33,INF,-1,1,7,0
1120,1,1,24.891,13.716,2.33,1.28,2.32,1.28,INF,-1,1,7,0
1140,1,1,24.305,14.016,2.27,1.31,2.27,1.31,INF,-1,1,7,0
1160,1,1,23.628,13.599,2.21,1.27,2.21,1.27,INF,-1,1,7,0
1180,1,1,24.414,13.615,2.28,1.27,2.28,1.27,INF,-1,1,7,0
1200,1,1,24.290,13.947,2.27,1.30,2.27,1.30,INF,-1,1,7,0
1220,1,1,23.803,12.971,2.22,1.21,2.22,1.21,INF,-1,1,7,0
1240,1,1,26.069,13.988,2.44,1.31,2.43,1.31,INF,-1,1,7,0
1260,1,1,24.169,14.506,2.26,1.35,2.26,1.36,INF,-1,1,7,0
1280,1,1,23.143,13.850,2.16,1.29,2.16,1.29,INF,-1,1,7,0
1300,1,1,19.138,11.910,1.79,1.11,1.79,1.11,INF,-1,1,7,0
1320,1,1,8.555,9.060,0.80,0.85,0.80,0.85,INF,-1,1,7,0
1340,1,1,8.778,9.377,0.82,0.88,0.82,0.88,INF,-1,1,7,0
1360,1,1,8.722,9.857,0.82,0.92,0.82,0.92,INF,-1,0,7,0
1380,1,1,9.140,9.192,0.85,0.86,0.85,0.86,INF,-1,0,7,0
1400,1,1,7.139,10.297,0.67,0.96,0.67,0.96,INF,-1,0,7,0
1420,1,1,8.161,10.187,0.76,0.95,0.76,0.95,INF,-1,0,7,0
1440,1,1,9.073,9.554,0.85,0.89,0.85,0.89,INF,-1,0,7,0
1460,1,1,9.012,9.746,0.84,0.91,0.84,0.91,INF,-1,0,7,0
1480,1,1,8.850,9.886,0.83,0.92,0.83,0.92,INF,-1,0,7,0
1500,1,1,8.609,9.588,0.80,0.90,0.80,0.90,INF,-1,0,7,0
1520,1,1,8.452,9.343,0.79,0.87,0.79,0.87,INF,-1,0,7,0
1540,1,1,7.711,7.836,0.72,0.73,0.72,0.73,INF,-1,0,7,0
1560,1,1,7.894,6.679,0.74,0.62,0.74,0.62,INF,-1,0,7,0
1580,1,1,6.692,-0.259,0.63,-0.02,0.63,-0.02,INF,-1,0,7,0
1600,1,1,7.485,-3.515,0.70,-0.33,0.70,-0.33,INF,-1,1,7,0
1620,1,1,8.010,-3.949,0.75,-0.37,0.75,-0.37,INF,-1,1,7,0
1640,1,1,8.984,-3.397,0.84,-0.32,0.84,-0.32,INF,-1,0,7,0
1660,1,1,9.091,-4.731,0.85,-0.44,0.85,-0.44,INF,-1,0,7,0
1680,1,1,8.348,-4.412,0.78,-0.41,0.78,-0.41,INF,-1,0,7,0
1700,1,1,7.787,-4.821,0.73,-0.45,0.73,-0.45,INF,-1,0,7,0
1720,1,1,6.824,-4.945,0.64,-0.46,0.64,-0.46,INF,-1,0,7,0
1740,1,1,8.160,-4.470,0.76,-0.42,0.76,-0.42,INF,-1,0,7,0
1760,1,1,9.900,-4.245,0.93,-0.40,0.93,-0.40,INF,-1,0,7,0
1780,1,1,9.550,-4.440,0.89,-0.41,0.89,-0.41,INF,-1,0,7,0
1800,1,1,8.766,-5.248,0.82,-0.49,0.82,-0.49,INF,-1,0,7,0
1820,1,1,12.761,-3.696,1.19,-0.35,1.19,-0.35,INF,-1,0,7,0
1840,1,1,17.008,1.121,1.59,0.10,1.59,0.10,INF,-1,0,7,0
1860,1,1,16.650,-0.338,1.56,-0.03,1.56,-0.03,INF,-1,0,7,0
1880,1,1,16.414,0.451,1.53,0.04,1.53,0.04,INF,-1,1,7,0
1900,1,1,16.328,-0.133,1.53,-0.01,1.53,-0.01,INF,-1,1,7,0
1920,1,1,16.493,0.725,1.54,0.07,1.54,0.07,INF,-1,1,7,0
1940,1,1,16.340,0.460,1.53,0.04,1.53,0.04,INF,-1,1,7,0
1960,1,1,15.629,0.276,1.46,0.03,1.46,0.03,INF,-1,1,7,0
1980,1,1,15.016,0.877,1.40,0.08,1.40,0.08,INF,-1,1,7,0
2000,1,1,16.084,1.010,1.50,0.09,1.50,0.09,INF,-1,1,7,0
2020,1,1,15.262,0.863,1.43,0.08,1.43,0.08,INF,-1,1,7,0
2040,1,1,15.518,0.712,1.45,0.07,1.45,0.07,INF,-1,1,7,0
2060,1,1,14.596,0.152,1.36,0.01,1.36,0.01,INF,-1,1,7,0
2080,1,1,14.484,0.789,1.35,0.07,1.35,0.07,INF,-1,1,7,0
2100,1,1,15.802,0.205,1.48,0.02,1.48,0.02,INF,-1,1,7,0
2120,1,1,16.240,-0.273,1.52,-0.03,1.52,-0.03,INF,-1,1,7,0
2140,1,1,16.118,0.976,1.51,0.09,1.51,0.09,INF,-1,1,7,0
2160,1,1,15.099,-0.495,1.41,-0.05,1.41,-0.05,INF,-1,1,7,0
2180,1,1,14.704,2.590,1.37,0.24,1.37,0.24,INF,-1,1,7,0
2200,1,1,14.125,1.504,1.32,0.14,1.32,0.14,INF,-1,1,7,0
2220,1,1,13.886,-0.760,1.30,-0.07,1.30,-0.07,INF,-1,1,7,0
2240,1,1,8.169,-1.788,0.76,-0.17,0.76,-0.17,INF,-1,1,7,0
2260,1,1,7.753,-0.067,0.72,-0.01,0.72,-0.01,INF,-1,1,7,0
2280,1,1,7.648,-0.048,0.71,0.00,0.71,0.00,INF,-1,1,7,0
2300,1,1,7.688,0.095,0.72,0.01,0.72,0.01,INF,-1,1,7,0
2320,1,1,9.028,-1.025,0.84,-0.10,0.84,-0.10,INF,-1,1,7,0
2340,1,1,8.253,-1.142,0.77,-0.11,0.77,-0.11,INF,-1,1,7,0
2360,1,1,9.396,-0.205,0.88,-0.02,0.88,-0.02,INF,-1,1,7,0
2380,1,1,10.427,-1.425,0.97,-0.13,0.97,-0.13,INF,-1,1,7,0
2400,1,1,-28.756,1.914,-2.69,0.18,-2.69,0.18,INF,-1,1,7,0
2420,1,1,-22.946,4.507,-2.14,0.42,-2.14,0.42,INF,-1,1,7,0
2440,1,1,-24.898,4.332,-2.33,0.40,-2.33,0.40,INF,-1,0,7,0
2460,1,1,-27.419,2.817,-2.56,0.26,-2.56,0.26,INF,-1,0,7,0
2480,1,1,-26.543,3.124,-2.48,0.29,-2.48,0.29,INF,-1,0,7,0
2500,1,1,-25.942,3.616,-2.42,0.34,-2.42,0.34,INF,-1,0,7,0
2520,1,1,-25.178,2.263,-2.35,0.21,-2.35,0.21,INF,-1,0,7,0
2540,1,1,-26.506,2.909,-2.48,0.27,-2.48,0.27,INF,-1,0,7,0
2560,1,1,-26.719,2.994,-2.50,0.28,-2.50,0.28,INF,-1,0,7,0
2580,1,1,-26.487,2.985,-2.47,0.28,-2.47,0.28,INF,-1,0,7,0
2600,1,1,-26.236,2.366,-2.45,0.22,-2.45,0.22,INF,-1,0,7,0
2620,1,1,-27.000,3.740,-2.52,0.35,-2.52,0.35,INF,-1,0,7,0
2640,1,1,-25.581,3.283,-2.39,0.31,-2.39,0.31,INF,-1,0,7,0
2660,1,1,-24.684,3.792,-2.31,0.35,-2.31,0.35,INF,-1,0,7,0
2680,1,1,-25.529,3.934,-2.38,0.37,-2.38,0.37,INF,-1,1,7,0
2700,1,1,-26.222,3.112,-2.45,0.29,-2.45,0.29,INF,-1,1,7,0
2720,1,1,-27.277,3.737,-2.55,0.35,-2.55,0.35,INF,-1,1,7,0
2740,1,1,-25.956,3.934,-2.42,0.37,-2.42,0.37,INF,-1,1,7,0
2760,1,1,-26.946,3.206,-2.52,0.30,-2.52,0.30,INF,-1,1,7,0
2780,1,1,-28.671,1.887,-2.68,0.18,-2.68,0.18,INF,-1,1,7,0
2800,1,1,-29.504,-0.608,-2.76,-0.06,-2.76,-0.06,INF,-1,1,7,0
2820,1,1,-29.353,-1.225,-2.74,-0.11,-2.74,-0.11,INF,-1,1,7,0
2840,1,1,-28.419,0.244,-2.65,0.02,-2.65,0.02,INF,-1,1,7,0
2860,1,1,-28.976,0.476,-2.71,0.04,-2.71,0.04,INF,-1,1,7,0
2880,1,1,-29.102,0.585,-2.72,0.05,-2.72,0.05,INF,-1,1,7,0
2900,1,1,-29.420,0.448,-2.75,0.04,-2.75,0.04,INF,-1,1,7,0
2920,1,1,-28.196,-0.732,-2.63,-0.07,-2.63,-0.07,INF,-1,1,7,0
2940,1,1,-29.424,-0.058,-2.75,-0.01,-2.75,-0.01,INF,-1,1,7,0
2960,1,1,-29.163,-0.479,-2.72,-0.04,-2.72,-0.04,INF,-1,1,7,0
2980,1,1,-29.317,-0.464,-2.74,-0.04,-2.74,-0.04,INF,-1,1,7,0
3000,1,1,-28.970,-0.132,-2.71,-0.01,-2.71,-0.01,INF,-1,1,7,0
3020,1,1,-30.458,0.331,-2.84,0.03,-2.84,0.03,INF,-1,1,7,0
3040,1,1,-27.628,-1.531,-2.58,-0.14,-2.58,-0.14,INF,-1,1,7,0
3060,1,1,-23.465,-2.539,-2.19,-0.24,-2.19,-0.24,INF,-1,1,7,0
3080,1,1,22.506,18.944,2.10,1.77,2.10,1.77,INF,-1,1,7,0
3100,1,1,21.877,21.515,2.04,2.01,2.04,2.01,INF,-1,1,7,0
3120,1,1,23.000,20.128,2.15,1.88,2.15,1.88,INF,-1,0,7,0
3140,1,1,23.016,20.422,2.15,1.91,2.15,1.91,INF,-1,0,7,0
3160,1,1,21.857,20.812,2.04,1.94,2.04,1.94,INF,-1,0,7,0
3180,1,1,22.996,21.494,2.15,2.01,2.15,2.01,INF,-1,0,7,0
3200,1,1,22.605,21.633,2.11,2.02,2.11,2.02,INF,-1,0,7,0
3220,1,1,20.072,21.206,1.88,1.98,1.87,1.98,INF,-1,0,7,0
3240,1,1,21.778,20.005,2.03,1.87,2.03,1.87,INF,-1,0,7,0
3260,1,1,22.573,20.609,2.11,1.92,2.11,1.93,INF,-1,0,7,0
3280,1,1,19.789,20.711,1.85,1.93,1.85,1.94,INF,-1,0,7,0
3300,1,1,20.931,20.814,1.96,1.94,1.95,1.94,INF,-1,0,7,0
3320,1,1,20.649,20.709,1.93,1.93,1.93,1.93,INF,-1,0,7,0
3340,1,1,20.658,19.903,1.93,1.86,1.93,1.86,INF,-1,0,7,0
3360,1,1,19.810,19.861,1.85,1.85,1.85,1.86,INF,-1,1,7,0
3380,1,1,19.807,18.782,1.85,1.75,1.85,1.75,INF,-1,1,7,0
3400,1,1,20.060,18.915,1.87,1.77,1.87,1.77,INF,-1,1,7,0
3420,1,1,24.412,15.528,2.28,1.45,2.28,1.45,INF,-1,1,7,0
3440,1,1,23.911,15.214,2.23,1.42,2.23,1.42,INF,-1,1,7,0
3460,1,1,23.639,15.398,2.21,1.44,2.21,1.44,INF,-1,1,7,0
3480,1,1,23.531,16.770,2.20,1.57,2.20,1.57,INF,-1,1,7,0
3500,1,1,22.662,14.899,2.12,1.39,2.12,1.39,INF,-1,1,7,0
3520,1,1,21.425,15.335,2.00,1.43,2.00,1.43,INF,-1,1,7,0
3540,1,1,22.078,14.798,2.06,1.38,2.06,1.38,INF,-1,1,7,0
3560,1,1,23.375,14.862,2.18,1.39,2.18,1.39,INF,-1,1,7,0
3580,1,1,23.798,13.724,2.22,1.28,2.22,1.28,INF,-1,1,7,0
3600,1,1,23.843,14.733,2.23,1.38,2.23,1.38,INF,-1,1,7,0
3620,1,1,23.152,15.107,2.16,1.41,2.16,1.41,INF,-1,1,7,0
3640,1,1,24.534,15.097,2.29,1.41,2.29,1.41,INF,-1,1,7,0
3660,1,1,23.390,16.389,2.19,1.53,2.18,1.53,INF,-1,1,7,0
3680,1,1,22.648,16.012,2.12,1.50,2.12,1.50,INF,-1,1,7,0
3700,1,1,23.266,16.381,2.17,1.53,2.17,1.53,INF,-1,1,7,0
3720,1,1,23.216,16.313,2.17,1.52,2.17,1.52,INF,-1,1,7,0
3740,1,1,24.278,14.257,2.27,1.33,2.27,1.33,INF,-1,1,7,0
3760,1,1,24.454,14.597,2.28,1.36,2.28,1.36,INF,-1,1,7,0
3780,1,1,25.847,14.996,2.41,1.40,2.41,1.40,INF,-1,1,7,0
3800,1,1,5.262,-12.372,0.49,-1.16,0.49,-1.16,INF,-1,1,7,0
3820,1,1,9.303,-9.492,0.87,-0.89,0.87,-0.89,INF,-1,1,7,0
3840,1,1,6.652,-9.908,0.62,-0.93,0.62,-0.93,INF,-1,0,7,0
3860,1,1,7.550,-10.879,0.71,-1.02,0.71,-1.02,INF,-1,0,7,0
3880,1,1,7.880,-10.499,0.74,-0.98,0.74,-0.98,INF,-1,0,7,0
3900,1,1,5.811,-10.372,0.54,-0.97,0.54,-0.97,INF,-1,0,7,0
3920,1,1,6.556,-10.162,0.61,-0.95,0.61,-0.95,INF,-1,0,7,0
3940,1,1,6.854,-9.596,0.64,-0.90,0.64,-0.90,INF,-1,0,7,0
3960,1,1,6.525,-9.427,0.61,-0.88,0.61,-0.88,INF,-1,0,7,0
3980,1,1,9.630,-9.565,0.90,-0.89,0.90,-0.89,INF,-1,0,7,0
4000,1,1,15.494,-3.179,1.45,-0.30,1.45,-0.30,INF,-1,0,7,0
4020,1,1,14.512,-2.646,1.36,-0.25,1.36,-0.25,INF,-1,0,7,0
4040,1,1,14.782,-3.556,1.38,-0.33,1.38,-0.33,INF,-1,0,7,0
4060,1,1,16.336,-3.139,1.53,-0.29,1.53,-0.29,INF,-1,0,7,0
4080,1,1,15.845,-5.657,1.48,-0.53,1.48,-0.53,INF,-1,1,7,0
4100,1,1,15.546,-3.676,1.45,-0.34,1.45,-0.34,INF,-1,1,7,0
4120,1,1,15.864,-4.714,1.48,-0.44,1.48,-0.44,INF,-1,1,7,0
4140,1,1,16.282,-4.725,1.52,-0.44,1.52,-0.44,INF,-1,1,7,0
4160,1,1,16.452,-3.961,1.54,-0.37,1.54,-0.37,INF,-1,1,7,0
4180,1,1,16.949,-3.698,1.58,-0.35,1.58,-0.35,INF,-1,1,7,0
4200,1,1,18.786,-3.095,1.76,-0.29,1.76,-0.29,INF,-1,1,7,0
4220,1,1,23.073,1.714,2.16,0.16,2.16,0.16,INF,-1,1,7,0
4240,1,1,21.907,3.350,2.05,0.31,2.05,0.31,INF,-1,0,7,0
4260,1,1,22.715,1.187,2.12,0.11,2.12,0.11,INF,-1,0,7,0
4280,1,1,21.487,2.887,2.01,0.27,2.01,0.27,INF,-1,0,7,0
4300,1,1,23.255,2.536,2.17,0.24,2.17,0.24,INF,-1,0,7,0
4320,1,1,22.720,1.830,2.12,0.17,2.12,0.17,INF,-1,0,7,0
4340,1,1,23.015,2.644,2.15,0.25,2.15,0.25,INF,-1,0,7,0
4360,1,1,22.667,1.650,2.12,0.15,2.12,0.15,INF,-1,0,7,0
4380,1,1,22.686,2.569,2.12,0.24,2.12,0.24,INF,-1,0,7,0
4400,1,1,22.070,2.812,2.06,0.26,2.06,0.26,INF,-1,0,7,0
4420,1,1,21.618,2.045,2.02,0.19,2.02,0.19,INF,-1,0,7,0
4440,1,1,22.010,3.597,2.06,0.34,2.06,0.34,INF,-1,0,7,0
4460,1,1,22.043,2.973,2.06,0.28,2.06,0.28,INF,-1,0,7,0
4480,1,1,22.078,3.520,2.06,0.33,2.06,0.33,INF,-1,1,7,0
4500,1,1,21.584,3.098,2.02,0.29,2.02,0.29,INF,-1,1,7,0
4520,1,1,19.625,3.217,1.83,0.30,1.83,0.30,INF,-1,1,7,0
4540,1,1,20.078,2.273,1.88,0.21,1.88,0.21,INF,-1,1,7,0
4560,1,1,20.632,3.243,1.93,0.30,1.93,0.30,INF,-1,1,7,0
4580,1,1,17.409,5.245,1.63,0.49,1.63,0.49,INF,-1,1,7,0
4600,1,1,19.013,3.981,1.78,0.37,1.78,0.37,INF,-1,1,7,0
4620,1,1,18.135,4.947,1.69,0.46,1.69,0.46,INF,-1,1,7,0
4640,1,1,18.220,6.231,1.70,0.58,1.70,0.58,INF,-1,1,7,0
4660,1,1,18.508,5.589,1.73,0.52,1.73,0.52,INF,-1,1,7,0
4680,1,1,18.729,6.318,1.75,0.59,1.75,0.59,INF,-1,1,7,0
4700,1,1,16.881,4.757,1.58,0.44,1.58,0.44,INF,-1,1,7,0
4720,1,1,18.006,6.810,1.68,0.64,1.68,0.64,INF,-1,1,7,0
4740,1,1,18.408,5.096,1.72,0.48,1.72,0.48,INF,-1,1,7,0
4760,1,1,18.895,4.760,1.77,0.44,1.77,0.44,INF,-1,1,7,0
4780,1,1,18.232,4.633,1.70,0.43,1.70,0.43,INF,-1,1,7,0
4800,1,1,18.826,4.224,1.76,0.39,1.76,0.39,INF,-1,1,7,0
4820,1,1,19.120,4.413,1.79,0.41,1.79,0.41,INF,-1,1,7,0
4840,1,1,17.493,4.739,1.63,0.44,1.63,0.44,INF,-1,1,7,0
4860,1,1,18.889,4.202,1.76,0.39,1.76,0.39,INF,-1,1,7,0
4880,1,1,18.546,4.832,1.73,0.45,1.73,0.45,INF,-1,1,7,0
4900,1,1,20.988,7.108,1.96,0.66,1.96,0.66,INF,-1,1,7,0
4920,1,1,24.573,20.676,2.30,1.93,2.29,1.93,INF,-1,1,7,0
4940,1,1,24.875,20.150,2.32,1.88,2.32,1.88,INF,-1,1,7,0
4960,1,1,24.692,19.534,2.31,1.82,2.31,1.83,INF,-1,0,7,0
4980,1,1,23.693,19.971,2.21,1.86,2.21,1.87,INF,-1,0,7,0
5000,1,1,24.601,19.324,2.30,1.80,2.30,1.81,INF,-1,0,7,0
5020,1,1,24.847,19.232,2.32,1.80,2.32,1.80,INF,-1,0,7,0
5040,1,1,23.848,18.873,2.23,1.76,2.23,1.76,INF,-1,0,7,0
5060,1,1,24.355,19.011,2.28,1.77,2.27,1.78,INF,-1,0,7,0
5080,1,1,22.538,17.421,2.11,1.63,2.10,1.63,INF,-1,0,7,0
5100,1,1,22.479,16.573,2.10,1.55,2.10,1.55,INF,-1,0,7,0
5120,1,1,21.863,17.622,2.04,1.65,2.04,1.65,INF,-1,0,7,0
5140,1,1,21.744,17.033,2.03,1.59,2.03,1.59,INF,-1,0,7,0
5160,1,1,21.930,17.666,2.05,1.65,2.05,1.65,INF,-1,0,7,0
5180,1,1,22.128,17.298,2.07,1.62,2.07,1.62,INF,-1,0,7,0
5200,1,1,21.517,18.213,2.01,1.70,2.01,1.70,INF,-1,1,7,0
5220,1,1,20.696,16.299,1.93,1.52,1.93,1.52,INF,-1,1,7,0
5240,1,1,20.484,16.410,1.91,1.53,1.91,1.53,INF,-1,1,7,0
5260,1,1,20.493,17.922,1.91,1.67,1.91,1.67,INF,-1,1,7,0
5280,1,1,20.314,19.166,1.90,1.79,1.90,1.79,INF,-1,1,7,0
5300,1,1,19.373,18.298,1.81,1.71,1.81,1.71,INF,-1,1,7,0
5320,1,1,18.840,17.264,1.76,1.61,1.76,1.61,INF,-1,1,7,0
5340,1,1,20.386,18.206,1.90,1.70,1.90,1.70,INF,-1,1,7,0
5360,1,1,20.188,18.048,1.89,1.69,1.89,1.69,INF,-1,1,7,0
5380,0,1,0.000,0.000,0.00,0.00,0.00,0.00,0.00,-1,1,7,0
5400,1,1,20.283,18.693,1.90,1.75,1.89,1.75,INF,-1,1,7,0
5420,1,1,20.554,18.657,1.92,1.74,1.92,1.74,INF,-1,1,7,0
5440,1,1,19.366,17.518,1.81,1.64,1.81,1.64,INF,-1,1,7,0
5460,1,1,20.773,17.588,1.94,1.64,1.94,1.64,INF,-1,1,7,0
5480,1,1,20.666,18.121,1.93,1.69,1.93,1.69,INF,-1,1,7,0
5500,1,1,20.690,17.508,1.93,1.64,1.93,1.64,INF,-1,1,7,0
5520,1,1,22.275,17.650,2.08,1.65,2.08,1.65,INF,-1,1,7,0
5540,1,1,20.166,17.608,1.88,1.64,1.88,1.65,INF,-1,1,7,0
5560,1,1,21.633,17.449,2.02,1.63,2.02,1.63,INF,-1,1,7,0
5580,1,1,22.122,18.224,2.07,1.70,2.07,1.70,INF,-1,1,7,0
5600,1,1,21.882,18.231,2.04,1.70,2.04,1.70,INF,-1,1,7,0
5620,1,1,9.880,20.473,0.92,1.91,0.92,1.91,INF,-1,1,7,0
5640,1,1,13.260,21.374,1.24,2.00,1.24,2.00,INF,-1,1,7,0
5660,1,1,12.711,21.781,1.19,2.03,1.19,2.03,INF,-1,0,7,0
5680,1,1,12.644,21.291,1.18,1.99,1.18,1.99,INF,-1,0,7,0
5700,1,1,12.317,20.939,1.15,1.96,1.15,1.96,INF,-1,0,7,0
5720,1,1,13.909,20.543,1.30,1.92,1.30,1.92,INF,-1,0,7,0
5740,1,1,14.143,20.650,1.32,1.93,1.32,1.93,INF,-1,0,7,0
5760,1,1,13.596,19.830,1.27,1.85,1.27,1.85,INF,-1,0,7,0
5780,1,1,11.055,21.448,1.03,2.00,1.03,2.00,INF,-1,0,7,0
5800,1,1,12.676,20.482,1.18,1.91,1.18,1.91,INF,-1,0,7,0
5820,1,1,13.508,20.548,1.26,1.92,1.26,1.92,INF,-1,0,7,0
5840,1,1,13.112,21.361,1.23,2.00,1.22,2.00,INF,-1,0,7,0
5860,1,1,13.493,20.672,1.26,1.93,1.26,1.93,INF,-1,0,7,0
5880,1,1,12.936,21.965,1.21,2.05,1.21,2.05,INF,-1,0,7,0
5900,1,1,12.480,21.112,1.17,1.97,1.17,1.97,INF,-1,1,7,0
5920,1,1,12.030,20.187,1.12,1.89,1.12,1.89,INF,-1,1,7,0
5940,1,1,17.674,20.764,1.65,1.94,1.65,1.94,INF,-1,1,7,0
5960,1,1,16.392,20.941,1.53,1.96,1.53,1.96,INF,-1,1,7,0
5980,1,1,16.420,20.632,1.53,1.93,1.53,1.93,INF,-1,1,7,0
6000,1,1,16.227,20.571,1.52,1.92,1.52,1.92,INF,-1,1,7,0
6020,1,1,16.936,21.201,1.58,1.98,1.58,1.98,INF,-1,1,7,0
6040,1,1,17.025,20.545,1.59,1.92,1.59,1.92,INF,-1,1,7,0
6060,1,1,17.206,21.496,1.61,2.01,1.61,2.01,INF,-1,1,7,0
6080,1,1,17.346,19.846,1.62,1.85,1.62,1.85,INF,-1,1,7,0
6100,1,1,16.108,20.958,1.51,1.96,1.50,1.96,INF,-1,1,7,0
6120,1,1,17.347,21.943,1.62,2.05,1.62,2.05,INF,-1,1,7,0
6140,1,1,17.898,21.606,1.67,2.02,1.67,2.02,INF,-1,1,7,0
6160,1,1,18.969,22.952,1.77,2.14,1.77,2.14,INF,-1,1,7,0
6180,1,1,2.771,19.168,0.26,1.79,0.26,1.79,INF,-1,1,7,0
6200,1,1,-28.075,3.316,-2.62,0.31,-2.62,0.31,INF,-1,1,7,0
6220,1,1,-29.427,5.137,-2.75,0.48,-2.75,0.48,INF,-1,0,7,0
6240,1,1,-29.169,4.676,-2.72,0.44,-2.72,0.44,INF,-1,0,7,0
6260,1,1,-29.764,4.962,-2.78,0.46,-2.78,0.46,INF,-1,0,7,0
6280,1,1,-29.934,5.586,-2.80,0.52,-2.80,0.52,INF,-1,0,7,0
6300,1,1,-29.377,4.657,-2.74,0.43,-2.74,0.44,INF,-1,0,7,0
6320,1,1,-28.741,4.529,-2.68,0.42,-2.68,0.42,INF,-1,0,7,0
6340,1,1,-29.040,5.413,-2.71,0.51,-2.71,0.51,INF,-1,0,7,0
6360,1,1,-28.776,5.918,-2.69,0.55,-2.69,0.55,INF,-1,0,7,0
6380,1,1,-29.528,6.215,-2.76,0.58,-2.76,0.58,INF,-1,0,7,0
6400,1,1,-28.333,6.135,-2.65,0.57,-2.65,0.57,INF,-1,0,7,0
6420,1,1,-28.823,5.591,-2.69,0.52,-2.69,0.52,INF,-1,0,7,0
6440,1,1,-28.996,6.729,-2.71,0.63,-2.71,0.63,INF,-1,0,7,0
6460,1,1,-29.042,5.735,-2.71,0.54,-2.71,0.54,INF,-1,0,7,0
6480,1,1,-29.067,5.248,-2.71,0.49,-2.71,0.49,INF,-1,1,7,0
6500,1,1,-29.288,5.438,-2.74,0.51,-2.74,0.51,INF,-1,1,7,0
6520,1,1,-31.250,7.450,-2.92,0.70,-2.92,0.70,INF,-1,1,7,0
6540,1,1,-30.917,5.999,-2.89,0.56,-2.89,0.56,INF,-1,1,7,0
6560,1,1,-29.611,6.786,-2.77,0.63,-2.77,0.63,INF,-1,1,7,0
6580,1,1,-30.096,6.571,-2.81,0.61,-2.81,0.61,INF,-1,1,7,0
6600,1,1,-28.844,6.949,-2.69,0.65,-2.69,0.65,INF,-1,1,7,0
6620,1,1,-57.204,10.718,-5.33,1.00,-5.33,1.00,INF,-1,1,7,0
6640,1,1,-49.854,12.968,-4.65,1.21,-4.65,1.21,INF,-1,1,7,0
6660,1,1,-51.160,11.906,-4.77,1.11,-4.77,1.11,INF,-1,0,7,0
6680,1,1,-51.668,10.166,-4.82,0.95,-4.82,0.95,INF,-1,0,7,0
6700,1,1,-51.916,10.852,-4.84,1.01,-4.84,1.01,INF,-1,0,7,0
6720,1,1,-51.776,10.560,-4.83,0.98,-4.83,0.99,INF,-1,0,7,0
6740,1,1,-51.346,9.054,-4.79,0.84,-4.79,0.85,INF,-1,0,7,0
6760,1,1,-51.698,11.039,-4.82,1.03,-4.82,1.03,INF,-1,0,7,0
6780,1,1,-51.728,10.011,-4.82,0.93,-4.82,0.94,INF,-1,0,7,0
6800,1,1,-51.434,9.521,-4.80,0.89,-4.80,0.89,INF,-1,0,7,0
6820,1,1,-52.198,9.747,-4.87,0.91,-4.87,0.91,INF,-1,0,7,0
6840,1,1,-52.428,10.742,-4.89,1.00,-4.89,1.00,INF,-1,0,7,0
6860,1,1,-52.909,9.723,-4.93,0.91,-4.93,0.91,INF,-1,0,7,0
6880,1,1,-58.498,14.101,-5.45,1.31,-5.45,1.32,INF,-1,0,7,0
6900,1,1,-57.585,13.693,-5.37,1.27,-5.37,1.28,INF,-1,1,7,0
6920,1,1,-57.910,13.476,-5.40,1.25,-5.40,1.26,INF,-1,1,7,0
6940,1,1,-57.738,14.391,-5.38,1.34,-5.38,1.34,INF,-1,1,7,0
6960,1,1,-57.986,14.393,-5.40,1.34,-5.40,1.35,INF,-1,1,7,0
6980,1,1,-60.829,14.338,-5.67,1.33,-5.67,1.34,INF,-1,1,7,0
7000,1,1,-59.229,14.982,-5.52,1.39,-5.52,1.40,INF,-1,1,7,0
7020,1,1,-58.517,15.251,-5.45,1.42,-5.45,1.43,INF,-1,1,7,0
7040,1,1,-58.847,14.419,-5.48,1.34,-5.48,1.35,INF,-1,1,7,0
7060,1,1,-60.144,15.818,-5.60,1.47,-5.60,1.48,INF,-1,1,7,0
7080,1,1,-59.663,15.485,-5.56,1.44,-5.56,1.45,INF,-1,1,7,0
7100,1,1,-61.043,11.637,-5.69,1.08,-5.69,1.09,INF,-1,1,7,0
7120,1,1,-26.964,37.657,-2.52,3.51,-2.51,3.52,INF,-1,1,7,0
7140,1,1,-28.631,35.762,-2.67,3.34,-2.67,3.34,INF,-1,1,7,0
7160,1,1,-28.803,37.025,-2.69,3.45,-2.69,3.46,INF,-1,0,7,0
7180,1,1,-28.547,37.069,-2.67,3.46,-2.66,3.46,INF,-1,0,7,0
7200,1,1,-27.291,37.418,-2.55,3.49,-2.54,3.49,INF,-1,0,7,0
7220,1,1,-28.788,38.437,-2.69,3.58,-2.68,3.59,INF,-1,0,7,0
7240,1,1,-28.830,36.665,-2.69,3.42,-2.69,3.42,INF,-1,0,7,0
7260,1,1,-28.536,36.676,-2.67,3.42,-2.66,3.42,INF,-1,0,7,0
7280,1,1,-27.489,37.014,-2.57,3.45,-2.56,3.46,INF,-1,0,7,0
7300,0,1,0.000,0.000,0.00,0.00,0.00,0.00,0.00,-1,0,7,0
7320,1,1,-26.960,36.798,-2.52,3.43,-2.51,3.44,INF,-1,0,7,0
7340,1,1,9.772,9.705,0.91,0.91,0.91,0.91,INF,-1,0,7,0
7360,1,1,10.141,-9.496,0.95,-0.89,0.95,-0.89,INF,-1,0,7,0
7380,1,1,10.549,-7.323,0.99,-0.68,0.99,-0.68,INF,-1,0,7,0
7400,1,1,12.386,-8.137,1.16,-0.76,1.16,-0.76,INF,-1,0,7,0
7420,1,1,12.240,-8.663,1.14,-0.81,1.14,-0.81,INF,-1,0,7,0
7440,1,1,12.402,-9.058,1.16,-0.85,1.16,-0.85,INF,-1,0,7,0
7460,1,1,12.448,-9.261,1.16,-0.87,1.16,-0.87,INF,-1,0,7,0
7480,1,1,13.203,-9.452,1.23,-0.88,1.23,-0.88,INF,-1,0,7,0
7500,1,1,12.654,-9.542,1.18,-0.89,1.18,-0.89,INF,-1,0,7,0
7520,1,1,12.105,-8.400,1.13,-0.78,1.13,-0.79,INF,-1,0,7,0
7540,1,1,11.573,-5.273,1.08,-0.49,1.08,-0.49,INF,-1,0,7,0
7560,1,1,11.748,1.084,1.10,0.10,1.10,0.10,INF,-1,0,7,0
7580,1,1,11.112,0.211,1.04,0.02,1.04,0.02,INF,-1,0,7,0
7600,1,1,11.074,0.093,1.03,0.01,1.03,0.01,INF,-1,0,7,0
7620,1,1,10.331,0.326,0.97,0.03,0.97,0.03,INF,-1,1,7,0
7640,1,1,13.571,6.182,1.27,0.58,1.27,0.58,INF,-1,1,7,0
7660,1,1,13.153,6.915,1.23,0.65,1.23,0.65,INF,-1,1,7,0
7680,1,1,14.189,8.596,1.33,0.80,1.33,0.80,INF,-1,0,7,0
7700,1,1,14.226,7.349,1.33,0.69,1.33,0.69,INF,-1,0,7,0
7720,1,1,13.094,6.060,1.22,0.57,1.22,0.57,INF,-1,0,7,0
7740,1,1,14.041,5.884,1.31,0.55,1.31,0.55,INF,-1,0,7,0
7760,1,1,14.611,5.129,1.37,0.48,1.37,0.48,INF,-1,0,7,0
7780,1,1,14.084,5.367,1.32,0.50,1.32,0.50,INF,-1,0,7,0
7800,1,1,16.295,6.174,1.52,0.58,1.52,0.58,INF,-1,0,7,0
7820,1,1,14.551,4.928,1.36,0.46,1.36,0.46,INF,-1,0,7,0
7840,1,1,13.196,4.561,1.23,0.43,1.23,0.43,INF,-1,0,7,0
7860,1,1,14.422,5.808,1.35,0.54,1.35,0.54,INF,-1,0,7,0
7880,1,1,15.402,5.467,1.44,0.51,1.44,0.51,INF,-1,0,7,0
7900,1,1,16.611,7.668,1.55,0.72,1.55,0.72,INF,-1,0,7,0
7920,1,1,15.374,6.327,1.44,0.59,1.44,0.59,INF,-1,1,7,0
7940,1,1,16.628,7.099,1.55,0.66,1.55,0.66,INF,-1,1,7,0
7960,1,1,16.996,7.813,1.59,0.73,1.59,0.73,INF,-1,1,7,0
7980,1,1,17.632,6.236,1.65,0.58,1.65,0.58,INF,-1,1,7,0
8000,1,1,16.625,6.419,1.55,0.60,1.55,0.60,INF,-1,1,7,0
8020,1,1,16.717,6.490,1.56,0.61,1.56,0.61,INF,-1,1,7,0
8040,1,1,16.120,6.967,1.51,0.65,1.51,0.65,INF,-1,1,7,0
8060,1,1,17.276,5.418,1.61,0.51,1.61,0.51,INF,-1,1,7,0
8080,1,1,16.354,5.542,1.53,0.52,1.53,0.52,INF,-1,1,7,0
8100,1,1,17.927,6.232,1.68,0.58,1.68,0.58,INF,-1,1,7,0
8120,1,1,18.713,5.232,1.75,0.49,1.75,0.49,INF,-1,1,7,0
8140,1,1,17.949,5.833,1.68,0.54,1.68,0.55,INF,-1,1,7,0
8160,1,1,20.904,4.729,1.95,0.44,1.95,0.44,INF,-1,1,7,0
8180,1,1,-4.123,-13.626,-0.39,-1.27,-0.39,-1.27,INF,-1,1,7,0
8200,1,1,-2.977,-14.093,-0.28,-1.32,-0.28,-1.32,INF,-1,1,7,0
8220,1,1,-3.365,-14.577,-0.31,-1.36,-0.31,-1.36,INF,-1,0,7,0
8240,1,1,-1.984,-14.623,-0.19,-1.37,-0.19,-1.37,INF,-1,0,7,0
8260,1,1,-3.133,-16.102,-0.29,-1.50,-0.29,-1.50,INF,-1,0,7,0
8280,1,1,-2.847,-15.545,-0.27,-1.45,-0.27,-1.45,INF,-1,0,7,0
8300,1,1,-3.453,-15.163,-0.32,-1.42,-0.32,-1.42,INF,-1,0,7,0
8320,1,1,-2.526,-15.776,-0.24,-1.47,-0.24,-1.47,INF,-1,0,7,0
8340,1,1,-2.582,-15.947,-0.24,-1.49,-0.24,-1.49,INF,-1,0,7,0
8360,1,1,-2.962,-14.220,-0.28,-1.33,-0.28,-1.33,INF,-1,0,7,0
8380,1,1,-3.821,-14.517,-0.36,-1.36,-0.36,-1.36,INF,-1,0,7,0
8400,1,1,-3.812,-15.263,-0.36,-1.43,-0.36,-1.43,INF,-1,0,7,0
8420,1,1,-4.023,-15.575,-0.38,-1.46,-0.38,-1.46,INF,-1,0,7,0
8440,1,1,-1.858,-16.449,-0.17,-1.54,-0.17,-1.54,INF,-1,0,7,0
8460,1,1,-3.573,-16.039,-0.33,-1.50,-0.33,-1.50,INF,-1,1,7,0
8480,1,1,-4.068,-15.721,-0.38,-1.47,-0.38,-1.47,INF,-1,1,7,0
8500,1,1,3.656,-13.245,0.34,-1.24,0.34,-1.24,INF,-1,1,7,0
8520,1,1,2.975,-11.141,0.28,-1.04,0.28,-1.04,INF,-1,1,7,0
8540,1,1,3.586,-11.851,0.34,-1.11,0.34,-1.11,INF,-1,1,7,0
8560,1,1,3.055,-13.405,0.29,-1.25,0.29,-1.25,INF,-1,1,7,0
8580,1,1,2.493,-11.010,0.23,-1.03,0.23,-1.03,INF,-1,1,7,0
8600,1,1,3.964,-10.647,0.37,-1.00,0.37,-1.00,INF,-1,1,7,0
8620,1,1,4.478,-10.626,0.42,-0.99,0.42,-0.99,INF,-1,1,7,0
8640,1,1,6.185,-12.537,0.58,-1.17,0.58,-1.17,INF,-1,1,7,0
8660,1,1,5.912,-12.891,0.55,-1.20,0.55,-1.20,INF,-1,1,7,0
8680,1,1,6.319,-11.747,0.59,-1.10,0.59,-1.10,INF,-1,1,7,0
8700,1,1,0.512,-17.181,0.05,-1.61,0.05,-1.61,INF,-1,1,7,0
8720,1,1,-5.597,-22.196,-0.52,-2.07,-0.52,-2.07,INF,-1,1,7,0
8740,1,1,-3.621,-22.482,-0.34,-2.10,-0.34,-2.10,INF,-1,1,7,0
8760,1,1,-2.343,-22.614,-0.22,-2.11,-0.22,-2.11,INF,-1,1,7,0
8780,1,1,-2.880,-23.049,-0.27,-2.15,-0.27,-2.15,INF,-1,1,7,0
8800,1,1,-4.290,-22.917,-0.40,-2.14,-0.40,-2.14,INF,-1,1,7,0
8820,1,1,-4.524,-23.556,-0.42,-2.20,-0.42,-2.20,INF,-1,1,7,0
8840,1,1,-4.972,-23.278,-0.46,-2.17,-0.46,-2.17,INF,-1,1,7,0
8860,1,1,-4.001,-22.266,-0.37,-2.08,-0.37,-2.08,INF,-1,1,7,0
8880,1,1,-3.552,-22.743,-0.33,-2.12,-0.33,-2.12,INF,-1,1,7,0
8900,1,1,-2.786,-22.337,-0.26,-2.09,-0.26,-2.09,INF,-1,1,7,0
8920,1,1,-3.038,-23.646,-0.28,-2.21,-0.28,-2.21,INF,-1,1,7,0
8940,1,1,-3.692,-22.393,-0.35,-2.09,-0.34,-2.09,INF,-1,1,7,0
8960,1,1,-3.224,-22.472,-0.30,-2.10,-0.30,-2.10,INF,-1,1,7,0
8980,1,1,-3.389,-21.832,-0.32,-2.04,-0.32,-2.04,INF,-1,1,7,0
9000,1,1,-3.361,-20.764,-0.31,-1.94,-0.31,-1.94,INF,-1,1,7,0
9020,1,1,-3.313,-22.784,-0.31,-2.13,-0.31,-2.13,INF,-1,1,7,0
9040,1,1,0.240,-20.735,0.02,-1.94,0.02,-1.94,INF,-1,1,7,0
9060,1,1,3.333,-14.680,0.31,-1.37,0.31,-1.37,INF,-1,1,7,0
9080,1,1,4.402,-16.879,0.41,-1.58,0.41,-1.58,INF,-1,1,7,0
9100,1,1,4.730,-17.679,0.44,-1.65,0.44,-1.65,INF,-1,1,7,0
9120,1,1,3.996,-16.686,0.37,-1.56,0.37,-1.56,INF,-1,1,7,0
9140,1,1,3.251,-15.475,0.30,-1.45,0.30,-1.45,INF,-1,1,7,0
9160,1,1,4.111,-14.956,0.38,-1.40,0.38,-1.40,INF,-1,1,7,0
9180,1,1,5.103,-16.102,0.48,-1.50,0.48,-1.50,INF,-1,1,7,0
9200,1,1,3.425,-16.556,0.32,-1.55,0.32,-1.55,INF,-1,1,7,0
9220,1,1,8.017,-13.684,0.75,-1.28,0.75,-1.28,INF,-1,1,7,0
9240,1,1,22.224,7.631,2.08,0.71,2.08,0.71,INF,-1,1,7,0
9260,1,1,19.827,6.584,1.85,0.62,1.85,0.62,INF,-1,0,7,0
9280,1,1,19.609,7.644,1.83,0.71,1.83,0.71,INF,-1,0,7,0
9300,1,1,19.217,7.230,1.80,0.68,1.80,0.68,INF,-1,0,7,0
9320,1,1,19.252,7.306,1.80,0.68,1.80,0.68,INF,-1,0,7,0
9340,1,1,18.323,7.658,1.71,0.72,1.71,0.72,INF,-1,0,7,0
9360,1,1,19.011,6.926,1.78,0.65,1.78,0.65,INF,-1,0,7,0
9380,1,1,19.030,7.730,1.78,0.72,1.78,0.72,INF,-1,0,7,0
9400,1,1,19.290,7.293,1.80,0.68,1.80,0.68,INF,-1,0,7,0
9420,1,1,19.300,6.373,1.80,0.60,1.80,0.60,INF,-1,0,7,0
9440,1,1,20.313,6.693,1.90,0.63,1.90,0.63,INF,-1,0,7,0
9460,1,1,20.925,6.171,1.96,0.58,1.95,0.58,INF,-1,0,7,0
9480,1,1,21.175,7.253,1.98,0.68,1.98,0.68,INF,-1,0,7,0
9500,1,1,21.500,7.589,2.01,0.71,2.01,0.71,INF,-1,0,7,0
9520,1,1,21.203,7.025,1.98,0.66,1.98,0.66,INF,-1,1,7,0
9540,1,1,20.781,6.963,1.94,0.65,1.94,0.65,INF,-1,1,7,0
9560,1,1,19.707,6.908,1.84,0.65,1.84,0.65,INF,-1,1,7,0
9580,1,1,19.563,7.330,1.83,0.68,1.83,0.69,INF,-1,1,7,0
9600,1,1,20.342,6.899,1.90,0.64,1.90,0.64,INF,-1,1,7,0
9620,1,1,20.892,5.491,1.95,0.51,1.95,0.51,INF,-1,1,7,0
9640,1,1,21.890,9.127,2.05,0.85,2.04,0.85,INF,-1,1,7,0
9660,1,1,20.007,14.976,1.87,1.40,1.87,1.40,INF,-1,1,7,0
9680,1,1,20.876,15.865,1.95,1.48,1.95,1.48,INF,-1,1,7,0
9700,1,1,20.011,15.141,1.87,1.41,1.87,1.41,INF,-1,1,7,0
9720,1,1,20.802,15.844,1.94,1.48,1.94,1.48,INF,-1,1,7,0
9740,1,1,21.215,14.638,1.98,1.37,1.98,1.37,INF,-1,1,7,0
9760,1,1,19.828,15.092,1.85,1.41,1.85,1.41,INF,-1,1,7,0
9780,1,1,20.638,14.336,1.93,1.34,1.93,1.34,INF,-1,1,7,0
9800,1,1,21.825,13.188,2.04,1.23,2.04,1.23,INF,-1,1,7,0
9820,1,1,22.083,14.415,2.06,1.35,2.06,1.35,INF,-1,1,7,0
9840,1,1,20.060,15.206,1.87,1.42,1.87,1.42,INF,-1,1,7,0
9860,1,1,21.143,14.449,1.98,1.35,1.97,1.35,INF,-1,1,7,0
9880,1,1,20.775,14.236,1.94,1.33,1.94,1.33,INF,-1,1,7,0
9900,1,1,25.054,17.327,2.34,1.62,2.34,1.62,INF,-1,1,7,0
9920,1,1,21.796,18.166,2.04,1.70,2.04,1.70,INF,-1,1,7,0
9940,1,1,21.977,18.151,2.05,1.69,2.05,1.70,INF,-1,0,7,0
9960,1,1,19.926,18.171,1.86,1.70,1.86,1.70,INF,-1,0,7,0
9980,1,1,22.780,16.321,2.13,1.52,2.13,1.53,INF,-1,0,7,0
10000,1,1,22.109,16.957,2.07,1.58,2.06,1.58,INF,-1,0,7,0
10020,1,1,21.359,17.605,2.00,1.64,1.99,1.65,INF,-1,0,7,0
10040,1,1,22.056,18.630,2.06,1.74,2.06,1.74,INF,-1,0,7,0
10060,1,1,22.406,18.315,2.09,1.71,2.09,1.71,INF,-1,0,7,0
10080,1,1,20.598,18.062,1.92,1.69,1.92,1.69,INF,-1,0,7,0
10100,1,1,20.800,18.216,1.94,1.70,1.94,1.70,INF,-1,0,7,0
10120,1,1,28.265,27.256,2.64,2.54,2.64,2.55,INF,-1,0,7,0
10140,1,1,24.994,25.672,2.33,2.40,2.33,2.40,INF,-1,0,7,0
10160,1,1,25.896,26.270,2.42,2.45,2.42,2.45,INF,-1,0,7,0
10180,1,1,26.216,25.582,2.45,2.39,2.45,2.39,INF,-1,1,7,0
10200,1,1,26.263,24.380,2.45,2.28,2.45,2.28,INF,-1,1,7,0
10220,1,1,24.782,25.416,2.32,2.37,2.31,2.37,INF,-1,1,7,0
10240,1,1,24.607,26.455,2.30,2.47,2.30,2.47,INF,-1,1,7,0
10260,1,1,23.907,24.867,2.23,2.32,2.23,2.32,INF,-1,1,7,0
10280,1,1,24.547,25.420,2.29,2.37,2.29,2.37,INF,-1,1,7,0
10300,1,1,23.508,25.772,2.20,2.41,2.19,2.41,INF,-1,1,7,0
10320,1,1,25.843,24.392,2.41,2.28,2.41,2.28,INF,-1,1,7,0
10340,1,1,24.885,24.466,2.32,2.28,2.32,2.29,INF,-1,1,7,0
10360,1,1,25.417,23.794,2.37,2.22,2.37,2.22,INF,-1,1,7,0
10380,1,1,24.599,24.864,2.30,2.32,2.30,2.32,INF,-1,1,7,0
10400,1,1,24.417,24.688,2.28,2.30,2.28,2.31,INF,-1,1,7,0
10420,1,1,26.045,24.308,2.43,2.27,2.43,2.27,INF,-1,1,7,0
10440,1,1,26.073,24.974,2.44,2.33,2.43,2.33,INF,-1,1,7,0
10460,1,1,26.653,24.110,2.49,2.25,2.49,2.25,INF,-1,1,7,0
10480,1,1,26.347,23.838,2.46,2.22,2.46,2.23,INF,-1,1,7,0
10500,1,1,24.719,23.626,2.31,2.21,2.31,2.21,INF,-1,1,7,0
10520,1,1,25.086,24.769,2.34,2.31,2.34,2.31,INF,-1,1,7,0
10540,1,1,24.756,25.654,2.31,2.39,2.31,2.40,INF,-1,1,7,0
10560,1,1,24.126,24.053,2.25,2.25,2.25,2.25,INF,-1,1,7,0
10580,1,1,25.399,23.751,2.37,2.22,2.37,2.22,INF,-1,1,7,0
10600,1,1,24.155,23.632,2.26,2.21,2.25,2.21,INF,-1,1,7,0
10620,1,1,24.106,24.307,2.25,2.27,2.25,2.27,INF,-1,1,7,0
10640,1,1,21.361,21.186,2.00,1.98,1.99,1.98,INF,-1,1,7,0
10660,1,1,23.424,20.506,2.19,1.91,2.19,1.92,INF,-1,1,7,0
10680,1,1,22.406,19.286,2.09,1.80,2.09,1.80,INF,-1,1,7,0
10700,1,1,22.615,18.870,2.11,1.76,2.11,1.76,INF,-1,1,7,0
10720,1,1,23.447,19.035,2.19,1.78,2.19,1.78,INF,-1,1,7,0
10740,1,1,22.874,18.270,2.14,1.71,2.14,1.71,INF,-1,1,7,0
10760,1,1,23.878,17.896,2.23,1.67,2.23,1.67,INF,-1,1,7,0
10780,1,1,22.700,17.859,2.12,1.67,2.12,1.67,INF,-1,1,7,0
10800,1,1,22.970,17.670,2.15,1.65,2.15,1.65,INF,-1,1,7,0
10820,1,1,23.880,19.318,2.23,1.80,2.23,1.81,INF,-1,1,7,0
10840,1,1,-18.598,0.067,-1.74,0.01,-1.74,0.01,INF,-1,1,7,0
10860,1,1,-12.610,1.087,-1.18,0.10,-1.18,0.10,INF,-1,1,7,0
10880,1,1,-13.764,1.201,-1.29,0.11,-1.29,0.11,INF,-1,0,7,0
10900,1,1,-13.072,2.343,-1.22,0.22,-1.22,0.22,INF,-1,0,7,0
10920,1,1,-13.440,3.261,-1.26,0.30,-1.26,0.30,INF,-1,0,7,0
10940,1,1,-14.306,1.448,-1.34,0.14,-1.34,0.14,INF,-1,0,7,0
10960,1,1,-15.058,1.040,-1.41,0.10,-1.41,0.10,INF,-1,0,7,0
10980,1,1,-13.746,1.016,-1.28,0.09,-1.28,0.09,INF,-1,0,7,0
11000,1,1,-11.810,1.061,-1.10,0.10,-1.10,0.10,INF,-1,0,7,0
11020,1,1,-26.859,-7.664,-2.51,-0.72,-2.51,-0.72,INF,-1,0,7,0
11040,1,1,-23.579,-5.292,-2.20,-0.49,-2.20,-0.49,INF,-1,0,7,0
11060,1,1,-25.072,-7.212,-2.34,-0.67,-2.34,-0.67,INF,-1,0,7,0
11080,1,1,-24.248,-5.496,-2.27,-0.51,-2.27,-0.51,INF,-1,0,7,0
11100,1,1,-24.720,-5.738,-2.31,-0.54,-2.31,-0.54,INF,-1,0,7,0
11120,1,1,-24.636,-6.734,-2.30,-0.63,-2.30,-0.63,INF,-1,1,7,0
11140,1,1,-24.627,-7.848,-2.30,-0.73,-2.30,-0.73,INF,-1,1,7,0
11160,1,1,-12.997,-4.141,-1.21,-0.39,-1.21,-0.39,INF,-1,1,7,0
11180,1,1,32.055,22.970,2.99,2.14,2.99,2.15,INF,-1,1,7,0
11200,1,1,28.469,21.180,2.66,1.98,2.66,1.98,INF,-1,1,7,0
11220,1,1,29.567,21.595,2.76,2.02,2.76,2.02,INF,-1,0,7,0
11240,1,1,28.358,21.056,2.65,1.97,2.65,1.97,INF,-1,0,7,0
11260,1,1,26.875,20.328,2.51,1.90,2.51,1.90,INF,-1,0,7,0
11280,1,1,27.213,19.016,2.54,1.78,2.54,1.78,INF,-1,0,7,0
11300,1,1,27.462,19.062,2.57,1.78,2.56,1.78,INF,-1,0,7,0
11320,1,1,27.707,20.495,2.59,1.91,2.59,1.91,INF,-1,0,7,0
11340,1,1,28.102,20.713,2.62,1.93,2.62,1.94,INF,-1,0,7,0
11360,1,1,26.138,21.174,2.44,1.98,2.44,1.98,INF,-1,0,7,0
11380,1,1,18.107,23.195,1.69,2.17,1.69,2.17,INF,-1,0,7,0
11400,1,1,19.189,22.125,1.79,2.07,1.79,2.07,INF,-1,0,7,0
11420,1,1,17.867,22.606,1.67,2.11,1.67,2.11,INF,-1,0,7,0
11440,1,1,16.909,24.073,1.58,2.25,1.58,2.25,INF,-1,0,7,0
11460,1,1,15.657,23.954,1.46,2.24,1.46,2.24,INF,-1,1,7,0
11480,1,1,17.660,23.771,1.65,2.22,1.65,2.22,INF,-1,1,7,0
11500,1,1,15.994,23.731,1.49,2.22,1.49,2.22,INF,-1,1,7,0
11520,1,1,17.086,24.629,1.60,2.30,1.60,2.30,INF,-1,1,7,0
11540,1,1,17.711,24.750,1.65,2.31,1.65,2.31,INF,-1,1,7,0
11560,1,1,19.584,23.560,1.83,2.20,1.83,2.20,INF,-1,1,7,0
11580,1,1,17.329,24.374,1.62,2.28,1.62,2.28,INF,-1,1,7,0
11600,1,1,16.725,24.634,1.56,2.30,1.56,2.30,INF,-1,1,7,0
11620,1,1,15.535,25.175,1.45,2.35,1.45,2.35,INF,-1,1,7,0
11640,1,1,17.692,25.279,1.65,2.36,1.65,2.36,INF,-1,1,7,0
11660,1,1,16.639,24.930,1.55,2.33,1.55,2.33,INF,-1,1,7,0
11680,1,1,16.652,25.079,1.56,2.34,1.55,2.34,INF,-1,1,7,0
11700,1,1,15.323,23.935,1.43,2.24,1.43,2.24,INF,-1,1,7,0
11720,1,1,16.748,24.013,1.56,2.24,1.56,2.24,INF,-1,1,7,0
11740,1,1,17.429,23.624,1.63,2.21,1.63,2.21,INF,-1,1,7,0
11760,1,1,16.404,23.473,1.53,2.19,1.53,2.19,INF,-1,1,7,0
11780,1,1,15.704,23.583,1.47,2.20,1.47,2.20,INF,-1,1,7,0
11800,1,1,17.184,23.975,1.61,2.24,1.60,2.24,INF,-1,1,7,0
11820,1,1,17.154,24.310,1.60,2.27,1.60,2.27,INF,-1,1,7,0
11840,1,1,16.145,23.739,1.51,2.22,1.51,2.22,INF,-1,1,7,0
11860,1,1,17.501,24.129,1.64,2.25,1.63,2.25,INF,-1,1,7,0
11880,1,1,18.520,24.212,1.73,2.26,1.73,2.26,INF,-1,1,7,0
11900,1,1,17.232,24.249,1.61,2.26,1.61,2.27,INF,-1,1,7,0
11920,1,1,17.345,23.292,1.62,2.18,1.62,2.18,INF,-1,1,7,0
11940,1,1,16.005,23.848,1.50,2.23,1.49,2.23,INF,-1,1,7,0
11960,1,1,17.283,24.285,1.61,2.27,1.61,2.27,INF,-1,1,7,0
11980,1,1,17.793,24.530,1.66,2.29,1.66,2.29,INF,-1,1,7,0
12000,1,1,17.138,23.609,1.60,2.20,1.60,2.21,INF,-1,1,7,0
12020,1,1,17.663,23.610,1.65,2.20,1.65,2.21,INF,-1,1,7,0
12040,1,1,17.690,23.123,1.65,2.16,1.65,2.16,INF,-1,1,7,0
12060,1,1,18.013,23.486,1.68,2.19,1.68,2.19,INF,-1,1,7,0
12080,1,1,18.829,24.817,1.76,2.32,1.76,2.32,INF,-1,1,7,0
12100,1,1,18.910,23.152,1.77,2.16,1.77,2.16,INF,-1,1,7,0
12120,1,1,18.301,22.238,1.71,2.08,1.71,2.08,INF,-1,1,7,0
12140,1,1,18.166,23.963,1.70,2.24,1.70,2.24,INF,-1,1,7,0
12160,1,1,17.765,22.947,1.66,2.14,1.66,2.14,INF,-1,1,7,0
12180,1,1,18.052,23.228,1.69,2.17,1.69,2.17,INF,-1,1,7,0
12200,1,1,17.093,22.630,1.60,2.11,1.60,2.11,INF,-1,1,7,0
12220,1,1,17.450,23.295,1.63,2.18,1.63,2.18,INF,-1,1,7,0
12240,1,1,17.022,23.277,1.59,2.17,1.59,2.17,INF,-1,1,7,0
12260,1,1,16.882,22.966,1.58,2.14,1.58,2.15,INF,-1,1,7,0
12280,1,1,17.237,23.132,1.61,2.16,1.61,2.16,INF,-1,1,7,0
12300,1,1,16.607,24.245,1.55,2.26,1.55,2.26,INF,-1,1,7,0
12320,1,1,16.983,24.842,1.59,2.32,1.59,2.32,INF,-1,1,7,0
12340,1,1,16.620,24.310,1.55,2.27,1.55,2.27,INF,-1,1,7,0
12360,1,1,17.030,25.193,1.59,2.35,1.59,2.35,INF,-1,1,7,0
12380,1,1,-9.966,14.202,-0.93,1.33,-0.93,1.33,INF,-1,1,7,0
12400,1,1,-31.818,12.565,-2.97,1.17,-2.97,1.17,INF,-1,1,7,0
12420,1,1,-32.057,13.659,-2.99,1.27,-2.99,1.28,INF,-1,0,7,0
12440,1,1,-33.991,12.812,-3.17,1.20,-3.17,1.20,INF,-1,0,7,0
12460,1,1,-33.332,13.399,-3.11,1.25,-3.11,1.25,INF,-1,0,7,0
12480,1,1,-33.710,14.138,-3.15,1.32,-3.15,1.32,INF,-1,0,7,0
12500,1,1,-32.272,14.175,-3.01,1.32,-3.01,1.32,INF,-1,0,7,0
12520,1,1,-32.883,13.444,-3.07,1.25,-3.07,1.26,INF,-1,0,7,0
12540,1,1,-31.641,13.556,-2.95,1.27,-2.95,1.27,INF,-1,0,7,0
12560,1,1,-31.478,13.652,-2.94,1.27,-2.94,1.28,INF,-1,0,7,0
12580,1,1,-33.643,13.259,-3.14,1.24,-3.14,1.24,INF,-1,0,7,0
12600,1,1,-35.325,13.472,-3.30,1.26,-3.30,1.26,INF,-1,0,7,0
12620,1,1,-33.083,13.047,-3.09,1.22,-3.09,1.22,INF,-1,0,7,0
12640,1,1,-33.048,12.681,-3.09,1.18,-3.09,1.19,INF,-1,0,7,0
12660,1,1,-33.441,13.729,-3.12,1.28,-3.12,1.28,INF,-1,0,7,0
12680,1,1,-32.129,13.801,-3.00,1.29,-3.00,1.29,INF,-1,1,7,0
12700,1,1,-33.224,13.515,-3.10,1.26,-3.10,1.26,INF,-1,1,7,0
12720,1,1,-33.216,13.291,-3.10,1.24,-3.10,1.24,INF,-1,1,7,0
12740,1,1,-33.604,13.350,-3.14,1.25,-3.14,1.25,INF,-1,1,7,0
12760,1,1,-33.795,14.786,-3.16,1.38,-3.15,1.38,INF,-1,1,7,0
12780,1,1,-33.829,13.476,-3.16,1.26,-3.16,1.26,INF,-1,1,7,0
12800,1,1,-32.191,14.744,-3.01,1.38,-3.01,1.38,INF,-1,1,7,0
12820,1,1,-41.976,28.205,-3.92,2.63,-3.91,2.63,INF,-1,1,7,0
12840,1,1,-40.374,27.714,-3.77,2.58,-3.76,2.59,INF,-1,1,7,0
12860,1,1,-39.387,28.065,-3.68,2.62,-3.67,2.62,INF,-1,0,7,0
12880,1,1,-39.606,28.515,-3.70,2.66,-3.69,2.66,INF,-1,0,7,0
12900,1,1,-39.969,29.132,-3.73,2.72,-3.73,2.72,INF,-1,0,7,0
12920,1,1,-40.257,28.823,-3.76,2.69,-3.75,2.69,INF,-1,0,7,0
12940,1,1,-41.717,28.754,-3.89,2.68,-3.89,2.69,INF,-1,0,7,0
12960,1,1,-40.152,29.560,-3.75,2.75,-3.74,2.76,INF,-1,0,7,0
12980,1,1,-41.845,29.095,-3.91,2.71,-3.90,2.72,INF,-1,0,7,0
13000,1,1,-41.790,28.786,-3.90,2.68,-3.90,2.69,INF,-1,0,7,0
13020,1,1,-41.356,27.324,-3.86,2.55,-3.86,2.55,INF,-1,0,7,0
13040,1,1,-44.898,27.970,-4.19,2.61,-4.18,2.61,INF,-1,0,7,0
13060,1,1,40.844,7.720,3.81,0.72,3.81,0.72,INF,-1,0,7,0
13080,1,1,62.924,-18.012,5.86,-1.67,5.86,-1.68,INF,-1,0,7,0
13100,1,1,60.352,-15.927,5.62,-1.48,5.62,-1.49,INF,-1,0,7,0
13120,1,1,60.516,-17.502,5.64,-1.63,5.64,-1.64,INF,-1,0,7,0
13140,1,1,59.782,-18.492,5.57,-1.72,5.57,-1.73,INF,-1,0,7,0
13160,1,1,59.228,-18.100,5.52,-1.68,5.52,-1.69,INF,-1,0,7,0
13180,1,1,58.946,-18.352,5.49,-1.71,5.49,-1.71,INF,-1,0,7,0
13200,1,1,58.668,-18.513,5.47,-1.72,5.46,-1.73,INF,-1,0,7,0
13220,1,1,59.009,-18.730,5.50,-1.74,5.50,-1.75,INF,-1,0,7,0
13240,1,1,59.302,-18.353,5.53,-1.71,5.52,-1.71,INF,-1,0,7,0
13260,1,1,60.262,-19.355,5.61,-1.80,5.61,-1.81,INF,-1,0,7,0
13280,1,1,57.768,-18.242,5.38,-1.70,5.38,-1.70,INF,-1,0,7,0
13300,1,1,60.281,-20.080,5.62,-1.87,5.61,-1.88,INF,-1,0,7,0
13320,1,1,60.487,-48.088,5.64,-4.46,5.62,-4.49,INF,-1,0,7,0
13340,1,1,60.761,-45.510,5.66,-4.23,5.65,-4.25,INF,-1,0,7,0
13360,1,1,60.425,-45.344,5.63,-4.21,5.61,-4.23,INF,-1,0,7,0
13380,1,1,60.436,-47.734,5.63,-4.43,5.61,-4.45,INF,-1,0,7,0
13400,1,1,60.824,-45.929,5.67,-4.26,5.65,-4.28,INF,-1,0,7,0
13420,1,1,62.477,-47.104,5.82,-4.37,5.80,-4.39,INF,-1,0,7,0
13440,1,1,62.665,-46.859,5.84,-4.35,5.82,-4.37,INF,-1,0,7,0
13460,1,1,61.636,-46.884,5.74,-4.35,5.73,-4.37,INF,-1,0,7,0
13480,1,1,57.773,-43.548,5.38,-4.05,5.37,-4.06,INF,-1,0,7,0
13500,1,1,54.178,-45.838,5.05,-4.26,5.04,-4.28,INF,-1,1,7,0
13520,1,1,53.058,-45.016,4.95,-4.18,4.93,-4.20,INF,-1,1,7,0
13540,1,1,54.625,-44.028,5.09,-4.09,5.08,-4.11,INF,-1,1,7,0
13560,1,1,53.126,-44.442,4.95,-4.13,4.94,-4.15,INF,-1,1,7,0
13580,1,1,54.727,-44.418,5.10,-4.13,5.09,-4.14,INF,-1,1,7,0
13600,1,1,53.820,-43.604,5.02,-4.05,5.00,-4.07,INF,-1,1,7,0
13620,1,1,54.311,-45.019,5.06,-4.18,5.05,-4.20,INF,-1,1,7,0
13640,1,1,55.194,-46.841,5.14,-4.35,5.13,-4.37,INF,-1,1,7,0
13660,1,1,54.368,-46.989,5.07,-4.37,5.05,-4.38,INF,-1,1,7,0
13680,1,1,54.104,-47.994,5.04,-4.46,5.03,-4.48,INF,-1,0,7,0
13700,1,1,54.999,-47.337,5.13,-4.40,5.11,-4.42,INF,-1,0,7,0
13720,1,1,54.946,-46.796,5.12,-4.35,5.11,-4.37,INF,-1,0,7,0
13740,1,1,54.645,-48.742,5.09,-4.53,5.08,-4.55,INF,-1,0,7,0
13760,1,1,54.541,-48.228,5.08,-4.48,5.07,-4.50,INF,-1,0,7,0
13780,1,1,54.020,-47.079,5.04,-4.37,5.02,-4.39,INF,-1,0,7,0
13800,1,1,47.975,-35.966,4.48,-3.35,4.47,-3.36,INF,-1,0,7,0
13820,1,1,37.547,-28.390,3.51,-2.65,3.50,-2.65,INF,-1,0,7,0
13840,1,1,36.547,-29.984,3.41,-2.80,3.41,-2.80,INF,-1,0,7,0
13860,1,1,37.965,-28.873,3.54,-2.69,3.54,-2.70,INF,-1,0,7,0
13880,1,1,37.027,-28.491,3.46,-2.66,3.45,-2.66,INF,-1,0,7,0
13900,1,1,35.710,-29.486,3.33,-2.75,3.33,-2.75,INF,-1,0,7,0
13920,1,1,37.709,-28.679,3.52,-2.67,3.52,-2.68,INF,-1,0,7,0
13940,1,1,36.848,-28.800,3.44,-2.69,3.44,-2.69,INF,-1,0,7,0
13960,1,1,37.097,-29.382,3.46,-2.74,3.46,-2.74,INF,-1,0,7,0
13980,1,1,37.490,-28.376,3.50,-2.65,3.50,-2.65,INF,-1,0,7,0
14000,1,1,38.500,-29.058,3.59,-2.71,3.59,-2.71,INF,-1,0,7,0
14020,1,1,38.567,-26.757,3.60,-2.49,3.60,-2.50,INF,-1,0,7,0
14040,1,1,22.084,-7.048,2.06,-0.66,2.06,-0.66,INF,-1,0,7,0
14060,1,1,21.659,-6.266,2.02,-0.59,2.02,-0.59,INF,-1,0,7,0
14080,1,1,21.526,-5.500,2.01,-0.51,2.01,-0.51,INF,-1,0,7,0
14100,1,1,20.504,-6.342,1.92,-0.59,1.92,-0.59,INF,-1,0,7,0
14120,1,1,21.886,-5.473,2.04,-0.51,2.04,-0.51,INF,-1,0,7,0
14140,1,1,20.500,-7.386,1.92,-0.69,1.92,-0.69,INF,-1,0,7,0
14160,1,1,21.433,-5.306,2.00,-0.50,2.00,-0.50,INF,-1,0,7,0
14180,1,1,20.645,-5.678,1.93,-0.53,1.93,-0.53,INF,-1,0,7,0
14200,1,1,19.517,-6.248,1.82,-0.58,1.82,-0.58,INF,-1,0,7,0
14220,1,1,20.076,-5.512,1.88,-0.51,1.88,-0.52,INF,-1,1,7,0
14240,1,1,21.826,0.060,2.04,0.01,2.04,0.01,INF,-1,0,7,0
14260,1,1,18.961,1.276,1.77,0.12,1.77,0.12,INF,-1,0,7,0
14280,1,1,19.879,0.064,1.86,0.01,1.86,0.01,INF,-1,0,7,0
14300,1,1,19.852,1.968,1.85,0.18,1.85,0.18,INF,-1,0,7,0
14320,1,1,19.858,1.243,1.86,0.12,1.86,0.12,INF,-1,0,7,0
14340,1,1,19.597,1.234,1.83,0.12,1.83,0.12,INF,-1,0,7,0
14360,1,1,19.760,1.327,1.85,0.12,1.85,0.12,INF,-1,0,7,0
14380,1,1,20.089,1.589,1.88,0.15,1.88,0.15,INF,-1,0,7,0
14400,1,1,20.226,0.912,1.89,0.09,1.89,0.09,INF,-1,0,7,0
14420,1,1,19.216,1.907,1.80,0.18,1.80,0.18,INF,-1,0,7,0
14440,1,1,19.117,2.377,1.79,0.22,1.79,0.22,INF,-1,0,7,0
14460,1,1,19.602,2.100,1.83,0.20,1.83,0.20,INF,-1,0,7,0
14480,1,1,19.878,2.522,1.86,0.24,1.86,0.24,INF,-1,1,7,0
14500,1,1,21.230,2.415,1.98,0.23,1.98,0.23,INF,-1,1,7,0
14520,1,1,17.473,4.098,1.63,0.38,1.63,0.38,INF,-1,1,7,0
14540,1,1,14.577,4.634,1.36,0.43,1.36,0.43,INF,-1,1,7,0
14560,1,1,15.618,6.000,1.46,0.56,1.46,0.56,INF,-1,1,7,0
14580,1,1,16.098,5.056,1.50,0.47,1.50,0.47,INF,-1,1,7,0
14600,1,1,15.078,5.120,1.41,0.48,1.41,0.48,INF,-1,1,7,0
14620,1,1,15.440,4.756,1.44,0.44,1.44,0.44,INF,-1,1,7,0
14640,1,1,16.501,4.998,1.54,0.47,1.54,0.47,INF,-1,1,7,0
14660,1,1,15.282,4.793,1.43,0.45,1.43,0.45,INF,-1,1,7,0
14680,1,1,14.790,3.882,1.38,0.36,1.38,0.36,INF,-1,1,7,0
14700,1,1,15.120,3.555,1.41,0.33,1.41,0.33,INF,-1,1,7,0
14720,1,1,14.443,5.667,1.35,0.53,1.35,0.53,INF,-1,1,7,0
14740,1,1,14.741,2.723,1.38,0.25,1.38,0.25,INF,-1,1,7,0
14760,1,1,14.456,3.501,1.35,0.33,1.35,0.33,INF,-1,1,7,0
14780,1,1,14.687,3.885,1.37,0.36,1.37,0.36,INF,-1,1,7,0
14800,1,1,15.359,2.577,1.44,0.24,1.44,0.24,INF,-1,1,7,0
14820,1,1,15.177,2.931,1.42,0.27,1.42,0.27,INF,-1,1,7,0
14840,1,1,16.058,4.208,1.50,0.39,1.50,0.39,INF,-1,1,7,0
14860,1,1,14.596,2.652,1.36,0.25,1.36,0.25,INF,-1,1,7,0
14880,1,1,15.873,2.881,1.48,0.27,1.48,0.27,INF,-1,1,7,0
14900,1,1,15.856,2.622,1.48,0.24,1.48,0.25,INF,-1,1,7,0
14920,1,1,16.129,3.605,1.51,0.34,1.51,0.34,INF,-1,1,7,0
14940,1,1,14.939,3.161,1.40,0.30,1.40,0.30,INF,-1,1,7,0
14960,1,1,14.561,2.820,1.36,0.26,1.36,0.26,INF,-1,1,7,0
14980,1,1,14.124,1.580,1.32,0.15,1.32,0.15,INF,-1,1,7,0
