"EyeTracker Toolbox version","3.250"
CalibrationParameters_A11,1.22284
CalibrationParameters_A12,0.05547
CalibrationParameters_A13,-0.01492
CalibrationParameters_A21,0.11012
CalibrationParameters_A22,-1.21243
CalibrationParameters_A23,0.01006
CalibrationParameters_A31,-0.00106
CalibrationParameters_A32,-0.00050
CalibrationParameters_E11,-0.18015
CalibrationParameters_E12,-0.00004
CalibrationParameters_E21,0.00001
CalibrationParameters_E22,0.20010
CalibrationParameters_X,-55.52632
CalibrationParameters_Y,-35.67093
CalibrationParameters_Rpc,76.62618
CalibrationParameters_MeanX,153.40287
CalibrationParameters_MeanY,141.13886
CalibrationParameters_ViewDist,613.00000
TimeStamp,Tracked,Calibrated,ScreenPositionXmm,ScreenPositionYmm,FicksLongitude,FicksLatitude,HelmholtzAzimuth,HelmholtzElevation,PupilDiameter,Region,Fixation,DigitalIO,Dropped
0,1,1,9.053,-3.680,0.85,-0.34,0.85,-0.34,INF,-1,0,7,0
20,1,1,7.077,-4.617,0.66,-0.43,0.66,-0.43,INF,-1,0,7,0
40,1,1,10.086,-2.889,0.94,-0.27,0.94,-0.27,INF,-1,0,7,0
60,1,1,8.416,-2.036,0.79,-0.19,0.79,-0.19,INF,-1,0,7,0
80,1,1,8.506,-2.849,0.79,-0.27,0.79,-0.27,INF,-1,0,7,0
100,1,1,8.840,-3.225,0.83,-0.30,0.83,-0.30,INF,-1,0,7,0
120,1,1,8.659,-2.906,0.81,-0.27,0.81,-0.27,INF,-1,0,7,0
140,1,1,8.822,-3.735,0.82,-0.35,0.82,-0.35,INF,-1,0,7,0
160,1,1,8.221,-1.349,0.77,-0.13,0.77,-0.13,INF,-1,0,7,0
180,1,1,7.416,-2.918,0.69,-0.27,0.69,-0.27,INF,-1,0,7,0
200,1,1,6.945,-3.968,0.65,-0.37,0.65,-0.37,INF,-1,0,7,0
220,1,1,9.251,-5.064,0.86,-0.47,0.86,-0.47,INF,-1,0,7,0
240,1,1,7.827,-1.757,0.73,-0.16,0.73,-0.16,INF,-1,0,7,0
260,1,1,13.122,17.681,1.23,1.65,1.23,1.65,INF,-1,0,7,0
280,1,1,11.347,14.910,1.06,1.39,1.06,1.39,INF,-1,1,7,0
300,1,1,13.214,16.873,1.23,1.58,1.23,1.58,INF,-1,0,7,0
320,1,1,12.987,17.428,1.21,1.63,1.21,1.63,INF,-1,0,7,0
340,1,1,11.475,18.615,1.07,1.74,1.07,1.74,INF,-1,0,7,0
360,1,1,10.295,16.341,0.96,1.53,0.96,1.53,INF,-1,0,7,0
380,1,1,13.198,16.436,1.23,1.54,1.23,1.54,INF,-1,0,7,0
400,1,1,15.260,26.302,1.43,2.46,1.42,2.46,INF,-1,0,7,0
420,1,1,8.403,29.768,0.79,2.78,0.78,2.78,INF,-1,0,7,0
440,1,1,10.609,28.587,0.99,2.67,0.99,2.67,INF,-1,0,7,0
460,1,1,10.852,28.622,1.01,2.67,1.01,2.67,INF,-1,0,7,0
480,1,1,12.766,28.730,1.19,2.68,1.19,2.68,INF,-1,0,7,0
500,1,1,5.534,31.940,0.52,2.98,0.52,2.98,INF,-1,0,7,0
520,1,1,12.964,26.142,1.21,2.44,1.21,2.44,INF,-1,0,7,0
540,1,1,10.445,29.910,0.98,2.79,0.97,2.79,INF,-1,1,7,0
560,1,1,13.151,28.659,1.23,2.68,1.23,2.68,INF,-1,1,7,0
580,1,1,12.545,29.301,1.17,2.74,1.17,2.74,INF,-1,1,7,0
600,1,1,13.765,29.896,1.29,2.79,1.28,2.79,INF,-1,1,7,0
620,1,1,9.908,31.046,0.93,2.90,0.92,2.90,INF,-1,1,7,0
640,1,1,8.824,28.703,0.82,2.68,0.82,2.68,INF,-1,1,7,0
660,1,1,11.193,30.530,1.05,2.85,1.04,2.85,INF,-1,1,7,0
680,1,1,11.360,31.455,1.06,2.94,1.06,2.94,INF,-1,1,7,0
700,1,1,14.002,31.248,1.31,2.92,1.31,2.92,INF,-1,1,7,0
720,1,1,9.808,26.338,0.92,2.46,0.92,2.46,INF,-1,1,7,0
740,1,1,6.969,12.651,0.65,1.18,0.65,1.18,INF,-1,1,7,0
760,1,1,7.377,9.089,0.69,0.85,0.69,0.85,INF,-1,1,7,0
780,1,1,6.663,10.678,0.62,1.00,0.62,1.00,INF,-1,0,7,0
800,1,1,7.433,11.275,0.69,1.05,0.69,1.05,INF,-1,0,7,0
820,1,1,4.973,11.434,0.46,1.07,0.46,1.07,INF,-1,0,7,0
840,1,1,4.876,13.810,0.46,1.29,0.46,1.29,INF,-1,0,7,0
860,1,1,5.061,13.294,0.47,1.24,0.47,1.24,INF,-1,0,7,0
880,1,1,7.445,10.721,0.70,1.00,0.70,1.00,INF,-1,0,7,0
900,1,1,9.145,8.991,0.85,0.84,0.85,0.84,INF,-1,0,7,0
920,1,1,7.888,9.299,0.74,0.87,0.74,0.87,INF,-1,0,7,0
940,1,1,15.234,-0.467,1.42,-0.04,1.42,-0.04,INF,-1,0,7,0
960,1,1,10.460,-0.714,0.98,-0.07,0.98,-0.07,INF,-1,0,7,0
980,1,1,15.290,-4.715,1.43,-0.44,1.43,-0.44,INF,-1,0,7,0
1000,1,1,9.921,1.756,0.93,0.16,0.93,0.16,INF,-1,0,7,0
1020,1,1,8.411,-2.544,0.79,-0.24,0.79,-0.24,INF,-1,1,7,0
1040,1,1,15.605,-0.966,1.46,-0.09,1.46,-0.09,INF,-1,1,7,0
1060,1,1,9.761,2.091,0.91,0.20,0.91,0.20,INF,-1,1,7,0
1080,1,1,14.907,-0.560,1.39,-0.05,1.39,-0.05,INF,-1,1,7,0
1100,1,1,15.745,-2.657,1.47,-0.25,1.47,-0.25,INF,-1,1,7,0
1120,1,1,13.331,2.442,1.25,0.23,1.25,0.23,INF,-1,1,7,0
1140,1,1,-8.545,6.320,-0.80,0.59,-0.80,0.59,INF,-1,1,7,0
1160,1,1,-23.735,14.575,-2.22,1.36,-2.22,1.36,INF,-1,1,7,0
1180,1,1,-25.498,17.333,-2.38,1.62,-2.38,1.62,INF,-1,0,7,0
1200,1,1,-29.006,15.062,-2.71,1.41,-2.71,1.41,INF,-1,0,7,0
1220,1,1,-28.364,12.968,-2.65,1.21,-2.65,1.21,INF,-1,0,7,0
1240,1,1,-28.085,13.612,-2.62,1.27,-2.62,1.27,INF,-1,0,7,0
1260,1,1,-25.703,12.768,-2.40,1.19,-2.40,1.19,INF,-1,0,7,0
1280,1,1,-22.636,13.747,-2.11,1.28,-2.11,1.28,INF,-1,0,7,0
1300,1,1,-24.407,16.754,-2.28,1.56,-2.28,1.57,INF,-1,0,7,0
1320,1,1,-27.818,16.466,-2.60,1.54,-2.60,1.54,INF,-1,0,7,0
1340,1,1,-25.057,15.341,-2.34,1.43,-2.34,1.43,INF,-1,0,7,0
1360,1,1,-27.108,16.575,-2.53,1.55,-2.53,1.55,INF,-1,0,7,0
1380,1,1,-28.482,16.758,-2.66,1.56,-2.66,1.57,INF,-1,0,7,0
1400,1,1,-27.403,16.447,-2.56,1.54,-2.56,1.54,INF,-1,0,7,0
1420,1,1,-27.325,13.645,-2.55,1.27,-2.55,1.28,INF,-1,0,7,0
1440,1,1,-28.135,16.859,-2.63,1.57,-2.63,1.58,INF,-1,1,7,0
1460,1,1,-28.192,12.814,-2.63,1.20,-2.63,1.20,INF,-1,1,7,0
1480,1,1,-28.901,15.582,-2.70,1.45,-2.70,1.46,INF,-1,1,7,0
1500,1,1,-28.151,14.401,-2.63,1.34,-2.63,1.35,INF,-1,1,7,0
1520,1,1,-27.963,13.914,-2.61,1.30,-2.61,1.30,INF,-1,1,7,0
1540,1,1,-29.563,13.935,-2.76,1.30,-2.76,1.30,INF,-1,1,7,0
1560,1,1,-16.826,12.182,-1.57,1.14,-1.57,1.14,INF,-1,1,7,0
1580,1,1,9.564,19.971,0.89,1.87,0.89,1.87,INF,-1,1,7,0
1600,1,1,8.823,22.605,0.82,2.11,0.82,2.11,INF,-1,0,7,0
1620,1,1,6.912,20.591,0.65,1.92,0.65,1.92,INF,-1,0,7,0
1640,1,1,5.464,23.167,0.51,2.16,0.51,2.16,INF,-1,0,7,0
1660,1,1,4.498,21.737,0.42,2.03,0.42,2.03,INF,-1,0,7,0
1680,1,1,6.806,18.911,0.64,1.77,0.64,1.77,INF,-1,0,7,0
1700,1,1,7.315,22.317,0.68,2.08,0.68,2.09,INF,-1,0,7,0
1720,1,1,3.593,23.064,0.34,2.15,0.34,2.15,INF,-1,0,7,0
1740,1,1,9.319,21.677,0.87,2.03,0.87,2.03,INF,-1,0,7,0
1760,1,1,12.220,31.166,1.14,2.91,1.14,2.91,INF,-1,0,7,0
1780,1,1,10.516,31.143,0.98,2.91,0.98,2.91,INF,-1,0,7,0
1800,1,1,10.185,28.821,0.95,2.69,0.95,2.69,INF,-1,0,7,0
1820,1,1,11.341,28.774,1.06,2.69,1.06,2.69,INF,-1,0,7,0
1840,1,1,6.587,30.786,0.62,2.87,0.61,2.88,INF,-1,0,7,0
1860,1,1,10.419,30.577,0.97,2.86,0.97,2.86,INF,-1,1,7,0
1880,1,1,13.325,29.631,1.25,2.77,1.24,2.77,INF,-1,1,7,0
1900,1,1,13.086,31.151,1.22,2.91,1.22,2.91,INF,-1,1,7,0
1920,1,1,10.658,30.900,1.00,2.89,0.99,2.89,INF,-1,1,7,0
1940,1,1,13.575,30.888,1.27,2.88,1.27,2.88,INF,-1,1,7,0
1960,1,1,14.047,29.608,1.31,2.76,1.31,2.77,INF,-1,1,7,0
1980,1,1,11.731,28.165,1.10,2.63,1.10,2.63,INF,-1,1,7,0
2000,1,1,12.095,31.452,1.13,2.94,1.13,2.94,INF,-1,1,7,0
2020,1,1,9.699,28.470,0.91,2.66,0.91,2.66,INF,-1,1,7,0
2040,1,1,12.433,28.032,1.16,2.62,1.16,2.62,INF,-1,1,7,0
2060,1,1,7.672,31.301,0.72,2.92,0.72,2.92,INF,-1,1,7,0
2080,1,1,9.464,28.999,0.88,2.71,0.88,2.71,INF,-1,1,7,0
2100,1,1,11.874,31.200,1.11,2.91,1.11,2.91,INF,-1,1,7,0
2120,1,1,10.317,28.895,0.96,2.70,0.96,2.70,INF,-1,1,7,0
2140,1,1,12.654,30.260,1.18,2.83,1.18,2.83,INF,-1,1,7,0
2160,1,1,10.149,31.322,0.95,2.92,0.95,2.93,INF,-1,1,7,0
2180,1,1,11.503,30.840,1.08,2.88,1.07,2.88,INF,-1,1,7,0
2200,1,1,-7.360,20.977,-0.69,1.96,-0.69,1.96,INF,-1,1,7,0
2220,1,1,0.248,21.776,0.02,2.03,0.02,2.03,INF,-1,1,7,0
2240,1,1,-5.967,23.117,-0.56,2.16,-0.56,2.16,INF,-1,1,7,0
2260,1,1,-2.696,21.579,-0.25,2.02,-0.25,2.02,INF,-1,1,7,0
2280,1,1,-3.056,17.453,-0.29,1.63,-0.29,1.63,INF,-1,0,7,0
2300,1,1,-5.695,20.657,-0.53,1.93,-0.53,1.93,INF,-1,0,7,0
2320,1,1,-2.144,20.967,-0.20,1.96,-0.20,1.96,INF,-1,0,7,0
2340,1,1,-3.903,16.404,-0.36,1.53,-0.36,1.53,INF,-1,0,7,0
2360,1,1,-6.638,20.322,-0.62,1.90,-0.62,1.90,INF,-1,0,7,0
2380,1,1,-20.424,16.569,-1.91,1.55,-1.91,1.55,INF,-1,0,7,0
2400,1,1,-28.617,9.368,-2.67,0.87,-2.67,0.88,INF,-1,0,7,0
2420,1,1,-25.624,12.265,-2.39,1.15,-2.39,1.15,INF,-1,0,7,0
2440,1,1,-28.073,12.905,-2.62,1.20,-2.62,1.21,INF,-1,0,7,0
2460,1,1,-26.801,12.319,-2.50,1.15,-2.50,1.15,INF,-1,0,7,0
2480,1,1,-29.497,11.484,-2.75,1.07,-2.75,1.07,INF,-1,0,7,0
2500,1,1,-26.822,14.403,-2.51,1.34,-2.50,1.35,INF,-1,0,7,0
2520,1,1,-25.986,11.678,-2.43,1.09,-2.43,1.09,INF,-1,0,7,0
2540,1,1,-30.335,14.990,-2.83,1.40,-2.83,1.40,INF,-1,0,7,0
2560,1,1,-27.713,12.960,-2.59,1.21,-2.59,1.21,INF,-1,0,7,0
2580,1,1,-25.469,10.630,-2.38,0.99,-2.38,0.99,INF,-1,0,7,0
2600,1,1,-25.740,11.606,-2.40,1.08,-2.40,1.08,INF,-1,0,7,0
2620,1,1,-26.586,12.022,-2.48,1.12,-2.48,1.12,INF,-1,0,7,0
2640,1,1,-25.968,11.367,-2.43,1.06,-2.43,1.06,INF,-1,0,7,0
2660,1,1,-29.763,13.656,-2.78,1.27,-2.78,1.28,INF,-1,1,7,0
2680,1,1,-23.608,9.848,-2.21,0.92,-2.21,0.92,INF,-1,1,7,0
2700,1,1,-28.042,13.220,-2.62,1.23,-2.62,1.24,INF,-1,1,7,0
2720,1,1,-31.528,16.333,-2.94,1.52,-2.94,1.53,INF,-1,1,7,0
2740,1,1,-27.150,13.805,-2.54,1.29,-2.54,1.29,INF,-1,1,7,0
2760,1,1,10.103,2.285,0.94,0.21,0.94,0.21,INF,-1,1,7,0
2780,1,1,15.128,-3.815,1.41,-0.36,1.41,-0.36,INF,-1,1,7,0
2800,1,1,16.914,-3.630,1.58,-0.34,1.58,-0.34,INF,-1,0,7,0
2820,1,1,12.863,-5.296,1.20,-0.49,1.20,-0.49,INF,-1,0,7,0
2840,1,1,13.007,-2.950,1.22,-0.28,1.22,-0.28,INF,-1,0,7,0
2860,1,1,15.157,-3.486,1.42,-0.33,1.42,-0.33,INF,-1,0,7,0
2880,1,1,13.462,-3.623,1.26,-0.34,1.26,-0.34,INF,-1,0,7,0
2900,1,1,12.187,-1.744,1.14,-0.16,1.14,-0.16,INF,-1,0,7,0
2920,1,1,16.912,-1.632,1.58,-0.15,1.58,-0.15,INF,-1,0,7,0
2940,1,1,17.458,-3.786,1.63,-0.35,1.63,-0.35,INF,-1,0,7,0
2960,1,1,11.507,-2.701,1.08,-0.25,1.08,-0.25,INF,-1,0,7,0
2980,1,1,11.420,-0.673,1.07,-0.06,1.07,-0.06,INF,-1,0,7,0
3000,1,1,16.014,-3.451,1.50,-0.32,1.50,-0.32,INF,-1,0,7,0
3020,1,1,9.995,-1.187,0.93,-0.11,0.93,-0.11,INF,-1,0,7,0
3040,1,1,17.291,-4.508,1.62,-0.42,1.62,-0.42,INF,-1,1,7,0
3060,1,1,12.336,-1.978,1.15,-0.18,1.15,-0.18,INF,-1,1,7,0
3080,1,1,16.438,-2.958,1.54,-0.28,1.54,-0.28,INF,-1,1,7,0
3100,1,1,12.122,-1.925,1.13,-0.18,1.13,-0.18,INF,-1,1,7,0
3120,1,1,12.169,-3.209,1.14,-0.30,1.14,-0.30,INF,-1,1,7,0
3140,1,1,12.795,11.799,1.20,1.10,1.20,1.10,INF,-1,1,7,0
3160,1,1,11.505,21.646,1.08,2.02,1.07,2.02,INF,-1,1,7,0
3180,1,1,10.188,24.292,0.95,2.27,0.95,2.27,INF,-1,0,7,0
3200,1,1,11.753,23.927,1.10,2.23,1.10,2.24,INF,-1,0,7,0
3220,1,1,13.436,23.432,1.26,2.19,1.25,2.19,INF,-1,0,7,0
3240,1,1,9.705,25.470,0.91,2.38,0.91,2.38,INF,-1,0,7,0
3260,1,1,10.383,24.061,0.97,2.25,0.97,2.25,INF,-1,0,7,0
3280,1,1,7.399,25.848,0.69,2.41,0.69,2.41,INF,-1,0,7,0
3300,1,1,12.427,22.880,1.16,2.14,1.16,2.14,INF,-1,0,7,0
3320,1,1,10.772,27.885,1.01,2.60,1.01,2.60,INF,-1,0,7,0
3340,1,1,8.130,37.024,0.76,3.46,0.76,3.46,INF,-1,0,7,0
3360,1,1,9.899,35.425,0.93,3.31,0.92,3.31,INF,-1,0,7,0
3380,1,1,14.018,31.835,1.31,2.97,1.31,2.97,INF,-1,0,7,0
3400,1,1,13.370,32.993,1.25,3.08,1.25,3.08,INF,-1,0,7,0
3420,1,1,12.142,35.241,1.13,3.29,1.13,3.29,INF,-1,0,7,0
3440,1,1,12.603,33.577,1.18,3.13,1.18,3.14,INF,-1,1,7,0
3460,1,1,11.828,31.791,1.11,2.97,1.10,2.97,INF,-1,1,7,0
3480,1,1,14.063,31.206,1.31,2.91,1.31,2.91,INF,-1,1,7,0
3500,1,1,9.389,33.069,0.88,3.09,0.88,3.09,INF,-1,1,7,0
3520,1,1,12.833,33.051,1.20,3.09,1.20,3.09,INF,-1,1,7,0
3540,1,1,12.137,33.375,1.13,3.12,1.13,3.12,INF,-1,1,7,0
3560,1,1,9.012,34.047,0.84,3.18,0.84,3.18,INF,-1,1,7,0
3580,1,1,12.207,32.526,1.14,3.04,1.14,3.04,INF,-1,1,7,0
3600,1,1,6.325,37.361,0.59,3.49,0.59,3.49,INF,-1,1,7,0
3620,1,1,11.988,29.969,1.12,2.80,1.12,2.80,INF,-1,1,7,0
3640,1,1,10.249,31.380,0.96,2.93,0.96,2.93,INF,-1,1,7,0
3660,1,1,8.168,33.250,0.76,3.10,0.76,3.10,INF,-1,1,7,0
3680,1,1,12.204,33.364,1.14,3.11,1.14,3.12,INF,-1,1,7,0
3700,1,1,9.693,33.211,0.91,3.10,0.90,3.10,INF,-1,1,7,0
3720,1,1,7.479,34.204,0.70,3.19,0.70,3.19,INF,-1,1,7,0
3740,1,1,8.230,32.194,0.77,3.01,0.77,3.01,INF,-1,1,7,0
3760,1,1,9.189,35.381,0.86,3.30,0.86,3.30,INF,-1,1,7,0
3780,1,1,11.430,34.197,1.07,3.19,1.07,3.19,INF,-1,1,7,0
3800,1,1,9.131,32.211,0.85,3.01,0.85,3.01,INF,-1,1,7,0
3820,1,1,13.438,34.238,1.26,3.20,1.25,3.20,INF,-1,1,7,0
3840,1,1,12.827,32.483,1.20,3.03,1.20,3.03,INF,-1,1,7,0
3860,1,1,12.552,31.913,1.17,2.98,1.17,2.98,INF,-1,1,7,0
3880,1,1,14.560,34.358,1.36,3.21,1.36,3.21,INF,-1,1,7,0
3900,1,1,12.921,33.787,1.21,3.15,1.21,3.15,INF,-1,1,7,0
3920,1,1,12.565,34.812,1.17,3.25,1.17,3.25,INF,-1,1,7,0
3940,1,1,14.233,33.747,1.33,3.15,1.33,3.15,INF,-1,1,7,0
3960,1,1,6.722,35.484,0.63,3.31,0.63,3.31,INF,-1,1,7,0
3980,1,1,10.932,32.352,1.02,3.02,1.02,3.02,INF,-1,1,7,0
4000,1,1,9.525,35.045,0.89,3.27,0.89,3.27,INF,-1,1,7,0
4020,1,1,9.015,34.906,0.84,3.26,0.84,3.26,INF,-1,1,7,0
4040,1,1,9.209,32.983,0.86,3.08,0.86,3.08,INF,-1,1,7,0
4060,1,1,9.989,32.893,0.93,3.07,0.93,3.07,INF,-1,1,7,0
4080,1,1,5.948,35.151,0.56,3.28,0.55,3.28,INF,-1,1,7,0
4100,1,1,10.185,33.601,0.95,3.14,0.95,3.14,INF,-1,1,7,0
4120,1,1,11.547,35.504,1.08,3.31,1.08,3.31,INF,-1,1,7,0
4140,1,1,8.198,37.729,0.77,3.52,0.76,3.52,INF,-1,1,7,0
4160,1,1,10.121,36.849,0.95,3.44,0.94,3.44,INF,-1,1,7,0
4180,1,1,9.138,36.009,0.85,3.36,0.85,3.36,INF,-1,1,7,0
4200,1,1,9.911,37.025,0.93,3.46,0.92,3.46,INF,-1,1,7,0
4220,1,1,10.203,36.496,0.95,3.41,0.95,3.41,INF,-1,1,7,0
4240,1,1,10.984,36.193,1.03,3.38,1.02,3.38,INF,-1,1,7,0
4260,1,1,10.950,36.977,1.02,3.45,1.02,3.45,INF,-1,1,7,0
4280,1,1,10.229,38.242,0.96,3.57,0.95,3.57,INF,-1,1,7,0
4300,1,1,11.228,37.837,1.05,3.53,1.05,3.53,INF,-1,1,7,0
4320,1,1,11.441,38.025,1.07,3.55,1.07,3.55,INF,-1,1,7,0
4340,1,1,14.406,35.542,1.35,3.32,1.34,3.32,INF,-1,1,7,0
4360,1,1,12.401,37.449,1.16,3.50,1.16,3.50,INF,-1,1,7,0
4380,1,1,10.717,36.958,1.00,3.45,1.00,3.45,INF,-1,1,7,0
4400,1,1,13.443,36.073,1.26,3.37,1.25,3.37,INF,-1,1,7,0
4420,1,1,11.157,35.446,1.04,3.31,1.04,3.31,INF,-1,1,7,0
4440,1,1,15.691,35.983,1.47,3.36,1.46,3.36,INF,-1,1,7,0
4460,1,1,13.121,35.649,1.23,3.33,1.22,3.33,INF,-1,1,7,0
4480,1,1,12.443,34.874,1.16,3.26,1.16,3.26,INF,-1,1,7,0
4500,1,1,14.196,36.840,1.33,3.44,1.32,3.44,INF,-1,1,7,0
4520,1,1,16.764,35.881,1.57,3.35,1.56,3.35,INF,-1,1,7,0
4540,1,1,15.653,34.125,1.46,3.19,1.46,3.19,INF,-1,1,7,0
4560,1,1,12.913,38.387,1.21,3.58,1.20,3.58,INF,-1,1,7,0
4580,1,1,14.884,34.696,1.39,3.24,1.39,3.24,INF,-1,1,7,0
4600,1,1,14.145,32.479,1.32,3.03,1.32,3.03,INF,-1,1,7,0
4620,1,1,11.106,-2.126,1.04,-0.20,1.04,-0.20,INF,-1,1,7,0
4640,1,1,15.774,-10.720,1.47,-1.00,1.47,-1.00,INF,-1,1,7,0
4660,1,1,13.346,-9.868,1.25,-0.92,1.25,-0.92,INF,-1,0,7,0
4680,1,1,13.961,-9.234,1.30,-0.86,1.30,-0.86,INF,-1,0,7,0
4700,1,1,12.780,-8.700,1.19,-0.81,1.19,-0.81,INF,-1,0,7,0
4720,1,1,9.187,-8.344,0.86,-0.78,0.86,-0.78,INF,-1,0,7,0
4740,1,1,11.023,-5.559,1.03,-0.52,1.03,-0.52,INF,-1,0,7,0
4760,1,1,9.116,-9.709,0.85,-0.91,0.85,-0.91,INF,-1,0,7,0
4780,1,1,13.001,-7.629,1.22,-0.71,1.21,-0.71,INF,-1,0,7,0
4800,1,1,11.808,-8.241,1.10,-0.77,1.10,-0.77,INF,-1,0,7,0
4820,1,1,10.214,-9.933,0.95,-0.93,0.95,-0.93,INF,-1,0,7,0
4840,1,1,12.561,-11.268,1.17,-1.05,1.17,-1.05,INF,-1,0,7,0
4860,1,1,15.178,-12.292,1.42,-1.15,1.42,-1.15,INF,-1,0,7,0
4880,1,1,12.439,-14.197,1.16,-1.33,1.16,-1.33,INF,-1,0,7,0
4900,1,1,7.644,-13.539,0.71,-1.27,0.71,-1.27,INF,-1,1,7,0
4920,1,1,6.913,-12.976,0.65,-1.21,0.65,-1.21,INF,-1,1,7,0
4940,1,1,3.241,-13.378,0.30,-1.25,0.30,-1.25,INF,-1,1,7,0
4960,1,1,6.103,-12.641,0.57,-1.18,0.57,-1.18,INF,-1,1,7,0
4980,1,1,8.540,-12.168,0.80,-1.14,0.80,-1.14,INF,-1,1,7,0
5000,1,1,6.423,-13.113,0.60,-1.23,0.60,-1.23,INF,-1,1,7,0
5020,1,1,7.087,-15.883,0.66,-1.48,0.66,-1.48,INF,-1,1,7,0
5040,1,1,6.210,-14.932,0.58,-1.40,0.58,-1.40,INF,-1,1,7,0
5060,1,1,9.471,-16.048,0.89,-1.50,0.88,-1.50,INF,-1,1,7,0
5080,1,1,4.615,-16.217,0.43,-1.52,0.43,-1.52,INF,-1,1,7,0
5100,1,1,11.704,-9.126,1.09,-0.85,1.09,-0.85,INF,-1,1,7,0
5120,1,1,11.999,-6.336,1.12,-0.59,1.12,-0.59,INF,-1,1,7,0
5140,1,1,14.150,-6.433,1.32,-0.60,1.32,-0.60,INF,-1,1,7,0
5160,1,1,12.816,-8.006,1.20,-0.75,1.20,-0.75,INF,-1,1,7,0
5180,1,1,11.065,-5.676,1.03,-0.53,1.03,-0.53,INF,-1,1,7,0
5200,1,1,11.470,-7.818,1.07,-0.73,1.07,-0.73,INF,-1,1,7,0
5220,1,1,9.640,-9.027,0.90,-0.84,0.90,-0.84,INF,-1,1,7,0
5240,1,1,11.640,-8.668,1.09,-0.81,1.09,-0.81,INF,-1,1,7,0
5260,1,1,9.810,-7.907,0.92,-0.74,0.92,-0.74,INF,-1,1,7,0
5280,1,1,11.470,-9.631,1.07,-0.90,1.07,-0.90,INF,-1,1,7,0
5300,1,1,11.321,-9.813,1.06,-0.92,1.06,-0.92,INF,-1,1,7,0
5320,1,1,11.540,-9.859,1.08,-0.92,1.08,-0.92,INF,-1,1,7,0
5340,1,1,14.705,-10.386,1.37,-0.97,1.37,-0.97,INF,-1,1,7,0
5360,1,1,12.521,-8.768,1.17,-0.82,1.17,-0.82,INF,-1,1,7,0
5380,1,1,11.512,-4.790,1.08,-0.45,1.08,-0.45,INF,-1,1,7,0
5400,1,1,14.119,-6.116,1.32,-0.57,1.32,-0.57,INF,-1,1,7,0
5420,1,1,9.742,-5.680,0.91,-0.53,0.91,-0.53,INF,-1,1,7,0
5440,1,1,10.912,-5.380,1.02,-0.50,1.02,-0.50,INF,-1,1,7,0
5460,1,1,12.703,-6.829,1.19,-0.64,1.19,-0.64,INF,-1,1,7,0
5480,1,1,10.774,-4.776,1.01,-0.45,1.01,-0.45,INF,-1,1,7,0
5500,1,1,11.473,-7.211,1.07,-0.67,1.07,-0.67,INF,-1,1,7,0
5520,1,1,13.654,-5.067,1.28,-0.47,1.28,-0.47,INF,-1,1,7,0
5540,1,1,11.817,-5.326,1.10,-0.50,1.10,-0.50,INF,-1,1,7,0
5560,1,1,12.521,-6.027,1.17,-0.56,1.17,-0.56,INF,-1,1,7,0
5580,1,1,13.943,-9.056,1.30,-0.85,1.30,-0.85,INF,-1,1,7,0
5600,1,1,11.301,-8.530,1.06,-0.80,1.06,-0.80,INF,-1,1,7,0
5620,1,1,12.111,-5.610,1.13,-0.52,1.13,-0.52,INF,-1,1,7,0
5640,1,1,11.408,-11.728,1.07,-1.10,1.07,-1.10,INF,-1,1,7,0
5660,1,1,10.361,-22.675,0.97,-2.12,0.97,-2.12,INF,-1,1,7,0
5680,1,1,10.382,-21.048,0.97,-1.97,0.97,-1.97,INF,-1,1,7,0
5700,1,1,10.937,-20.050,1.02,-1.87,1.02,-1.87,INF,-1,0,7,0
5720,1,1,10.813,-21.250,1.01,-1.99,1.01,-1.99,INF,-1,0,7,0
5740,1,1,13.132,-23.398,1.23,-2.19,1.23,-2.19,INF,-1,0,7,0
5760,1,1,7.594,-20.502,0.71,-1.92,0.71,-1.92,INF,-1,0,7,0
5780,1,1,12.117,-20.504,1.13,-1.92,1.13,-1.92,INF,-1,0,7,0
5800,1,1,7.213,-20.601,0.67,-1.92,0.67,-1.92,INF,-1,0,7,0
5820,1,1,10.225,-22.042,0.96,-2.06,0.96,-2.06,INF,-1,0,7,0
5840,1,1,10.269,-21.213,0.96,-1.98,0.96,-1.98,INF,-1,0,7,0
5860,1,1,10.285,-20.313,0.96,-1.90,0.96,-1.90,INF,-1,0,7,0
5880,1,1,9.174,-20.576,0.86,-1.92,0.86,-1.92,INF,-1,0,7,0
5900,1,1,8.565,-18.300,0.80,-1.71,0.80,-1.71,INF,-1,0,7,0
5920,1,1,12.242,-19.886,1.14,-1.86,1.14,-1.86,INF,-1,0,7,0
5940,1,1,8.242,-20.157,0.77,-1.88,0.77,-1.88,INF,-1,1,7,0
5960,1,1,6.343,-18.187,0.59,-1.70,0.59,-1.70,INF,-1,1,7,0
5980,1,1,9.769,-20.114,0.91,-1.88,0.91,-1.88,INF,-1,1,7,0
6000,1,1,6.421,-19.513,0.60,-1.82,0.60,-1.82,INF,-1,1,7,0
6020,1,1,12.639,-18.105,1.18,-1.69,1.18,-1.69,INF,-1,1,7,0
6040,1,1,11.230,-14.233,1.05,-1.33,1.05,-1.33,INF,-1,1,7,0
6060,1,1,13.619,-12.731,1.27,-1.19,1.27,-1.19,INF,-1,1,7,0
6080,1,1,11.678,-10.310,1.09,-0.96,1.09,-0.96,INF,-1,1,7,0
6100,1,1,12.063,-11.770,1.13,-1.10,1.13,-1.10,INF,-1,1,7,0
6120,1,1,11.602,-14.553,1.08,-1.36,1.08,-1.36,INF,-1,1,7,0
6140,1,1,12.790,-13.746,1.20,-1.28,1.19,-1.28,INF,-1,1,7,0
6160,1,1,10.772,-11.237,1.01,-1.05,1.01,-1.05,INF,-1,1,7,0
6180,1,1,10.833,-13.295,1.01,-1.24,1.01,-1.24,INF,-1,1,7,0
6200,1,1,7.687,-12.656,0.72,-1.18,0.72,-1.18,INF,-1,1,7,0
6220,1,1,12.650,-11.525,1.18,-1.08,1.18,-1.08,INF,-1,1,7,0
6240,1,1,17.822,-3.391,1.67,-0.32,1.67,-0.32,INF,-1,1,7,0
6260,1,1,17.580,-0.724,1.64,-0.07,1.64,-0.07,INF,-1,1,7,0
6280,1,1,14.272,1.254,1.33,0.12,1.33,0.12,INF,-1,0,7,0
6300,1,1,16.090,1.928,1.50,0.18,1.50,0.18,INF,-1,0,7,0
6320,1,1,16.397,-0.123,1.53,-0.01,1.53,-0.01,INF,-1,0,7,0
6340,1,1,13.948,0.522,1.30,0.05,1.30,0.05,INF,-1,0,7,0
6360,1,1,17.412,-1.855,1.63,-0.17,1.63,-0.17,INF,-1,0,7,0
6380,1,1,14.059,-0.915,1.31,-0.09,1.31,-0.09,INF,-1,0,7,0
6400,1,1,10.499,2.932,0.98,0.27,0.98,0.27,INF,-1,0,7,0
6420,1,1,12.717,-2.171,1.19,-0.20,1.19,-0.20,INF,-1,0,7,0
6440,1,1,11.799,-1.127,1.10,-0.11,1.10,-0.11,INF,-1,0,7,0
6460,1,1,12.724,1.668,1.19,0.16,1.19,0.16,INF,-1,0,7,0
6480,1,1,13.458,0.152,1.26,0.01,1.26,0.01,INF,-1,0,7,0
6500,1,1,14.824,-0.560,1.39,-0.05,1.39,-0.05,INF,-1,0,7,0
6520,1,1,15.376,0.123,1.44,0.01,1.44,0.01,INF,-1,1,7,0
6540,1,1,13.705,-1.738,1.28,-0.16,1.28,-0.16,INF,-1,1,7,0
6560,1,1,15.034,-1.563,1.40,-0.15,1.40,-0.15,INF,-1,1,7,0
6580,1,1,12.260,-2.351,1.15,-0.22,1.15,-0.22,INF,-1,1,7,0
6600,1,1,16.824,-1.275,1.57,-0.12,1.57,-0.12,INF,-1,1,7,0
6620,1,1,14.359,-0.520,1.34,-0.05,1.34,-0.05,INF,-1,1,7,0
6640,1,1,8.487,-1.047,0.79,-0.10,0.79,-0.10,INF,-1,1,7,0
6660,1,1,12.658,-1.612,1.18,-0.15,1.18,-0.15,INF,-1,1,7,0
6680,1,1,15.725,-3.519,1.47,-0.33,1.47,-0.33,INF,-1,1,7,0
6700,1,1,11.397,-1.633,1.07,-0.15,1.07,-0.15,INF,-1,1,7,0
6720,1,1,14.847,-2.564,1.39,-0.24,1.39,-0.24,INF,-1,1,7,0
6740,1,1,11.398,3.779,1.07,0.35,1.07,0.35,INF,-1,1,7,0
6760,1,1,12.297,2.711,1.15,0.25,1.15,0.25,INF,-1,1,7,0
6780,1,1,16.560,1.905,1.55,0.18,1.55,0.18,INF,-1,1,7,0
6800,1,1,13.215,2.302,1.24,0.22,1.24,0.22,INF,-1,1,7,0
6820,1,1,13.289,5.163,1.24,0.48,1.24,0.48,INF,-1,1,7,0
6840,1,1,10.976,3.661,1.03,0.34,1.03,0.34,INF,-1,1,7,0
6860,1,1,10.689,3.614,1.00,0.34,1.00,0.34,INF,-1,1,7,0
6880,1,1,10.679,0.757,1.00,0.07,1.00,0.07,INF,-1,1,7,0
6900,1,1,7.985,6.328,0.75,0.59,0.75,0.59,INF,-1,1,7,0
6920,1,1,11.537,3.197,1.08,0.30,1.08,0.30,INF,-1,1,7,0
6940,1,1,15.628,8.334,1.46,0.78,1.46,0.78,INF,-1,1,7,0
6960,1,1,13.462,8.124,1.26,0.76,1.26,0.76,INF,-1,1,7,0
6980,1,1,14.173,4.435,1.32,0.41,1.32,0.41,INF,-1,1,7,0
7000,1,1,12.668,6.979,1.18,0.65,1.18,0.65,INF,-1,1,7,0
7020,1,1,12.960,5.212,1.21,0.49,1.21,0.49,INF,-1,1,7,0
7040,1,1,19.005,5.535,1.78,0.52,1.78,0.52,INF,-1,1,7,0
7060,1,1,13.207,4.873,1.23,0.46,1.23,0.46,INF,-1,1,7,0
7080,1,1,15.035,6.592,1.40,0.62,1.40,0.62,INF,-1,1,7,0
7100,1,1,16.135,7.717,1.51,0.72,1.51,0.72,INF,-1,1,7,0
7120,1,1,14.951,4.092,1.40,0.38,1.40,0.38,INF,-1,1,7,0
7140,1,1,12.862,4.954,1.20,0.46,1.20,0.46,INF,-1,1,7,0
7160,1,1,13.825,5.855,1.29,0.55,1.29,0.55,INF,-1,1,7,0
7180,1,1,13.926,5.639,1.30,0.53,1.30,0.53,INF,-1,1,7,0
7200,1,1,14.864,5.757,1.39,0.54,1.39,0.54,INF,-1,1,7,0
7220,1,1,10.774,7.712,1.01,0.72,1.01,0.72,INF,-1,1,7,0
7240,1,1,15.381,9.694,1.44,0.91,1.44,0.91,INF,-1,1,7,0
7260,1,1,12.836,6.176,1.20,0.58,1.20,0.58,INF,-1,1,7,0
7280,1,1,13.266,6.813,1.24,0.64,1.24,0.64,INF,-1,1,7,0
7300,1,1,13.548,4.830,1.27,0.45,1.27,0.45,INF,-1,1,7,0
7320,1,1,12.013,7.437,1.12,0.69,1.12,0.70,INF,-1,1,7,0
7340,1,1,13.269,9.191,1.24,0.86,1.24,0.86,INF,-1,1,7,0
7360,1,1,12.693,7.780,1.19,0.73,1.19,0.73,INF,-1,1,7,0
7380,1,1,12.790,8.468,1.20,0.79,1.20,0.79,INF,-1,1,7,0
7400,1,1,14.941,10.256,1.40,0.96,1.40,0.96,INF,-1,1,7,0
7420,1,1,13.189,8.422,1.23,0.79,1.23,0.79,INF,-1,1,7,0
7440,1,1,11.883,8.505,1.11,0.79,1.11,0.79,INF,-1,1,7,0
7460,1,1,15.539,3.448,1.45,0.32,1.45,0.32,INF,-1,1,7,0
7480,1,1,12.509,10.025,1.17,0.94,1.17,0.94,INF,-1,1,7,0
7500,1,1,9.844,8.682,0.92,0.81,0.92,0.81,INF,-1,1,7,0
7520,1,1,10.420,8.932,0.97,0.83,0.97,0.83,INF,-1,1,7,0
7540,1,1,13.571,12.109,1.27,1.13,1.27,1.13,INF,-1,1,7,0
7560,1,1,17.720,9.892,1.66,0.92,1.66,0.92,INF,-1,1,7,0
7580,1,1,15.358,11.513,1.44,1.08,1.43,1.08,INF,-1,0,7,0
7600,1,1,14.955,9.992,1.40,0.93,1.40,0.93,INF,-1,0,7,0
7620,1,1,14.292,7.051,1.34,0.66,1.34,0.66,INF,-1,0,7,0
7640,1,1,16.759,7.085,1.57,0.66,1.57,0.66,INF,-1,0,7,0
7660,1,1,16.166,8.152,1.51,0.76,1.51,0.76,INF,-1,0,7,0
7680,1,1,13.943,9.809,1.30,0.92,1.30,0.92,INF,-1,0,7,0
7700,1,1,14.901,11.606,1.39,1.08,1.39,1.08,INF,-1,0,7,0
7720,1,1,13.572,11.616,1.27,1.09,1.27,1.09,INF,-1,0,7,0
7740,1,1,15.944,7.887,1.49,0.74,1.49,0.74,INF,-1,0,7,0
7760,1,1,19.287,9.616,1.80,0.90,1.80,0.90,INF,-1,0,7,0
7780,1,1,18.128,10.124,1.69,0.95,1.69,0.95,INF,-1,0,7,0
7800,1,1,12.675,-7.541,1.18,-0.70,1.18,-0.70,INF,-1,0,7,0
7820,1,1,8.523,-24.297,0.80,-2.27,0.80,-2.27,INF,-1,1,7,0
7840,1,1,11.466,-22.227,1.07,-2.08,1.07,-2.08,INF,-1,0,7,0
7860,1,1,15.191,-24.813,1.42,-2.32,1.42,-2.32,INF,-1,0,7,0
7880,1,1,10.068,-22.348,0.94,-2.09,0.94,-2.09,INF,-1,0,7,0
7900,1,1,9.563,-21.866,0.89,-2.04,0.89,-2.04,INF,-1,0,7,0
7920,1,1,14.665,-25.807,1.37,-2.41,1.37,-2.41,INF,-1,0,7,0
7940,1,1,12.184,-24.875,1.14,-2.32,1.14,-2.32,INF,-1,0,7,0
7960,1,1,11.002,-18.341,1.03,-1.71,1.03,-1.71,INF,-1,0,7,0
7980,1,1,7.959,-21.840,0.74,-2.04,0.74,-2.04,INF,-1,0,7,0
8000,1,1,12.121,-22.697,1.13,-2.12,1.13,-2.12,INF,-1,0,7,0
8020,1,1,13.498,-26.354,1.26,-2.46,1.26,-2.46,INF,-1,0,7,0
8040,1,1,14.853,-25.895,1.39,-2.42,1.39,-2.42,INF,-1,0,7,0
8060,1,1,8.150,-22.844,0.76,-2.13,0.76,-2.13,INF,-1,0,7,0
8080,1,1,9.334,-22.365,0.87,-2.09,0.87,-2.09,INF,-1,0,7,0
8100,1,1,9.944,-22.131,0.93,-2.07,0.93,-2.07,INF,-1,1,7,0
8120,1,1,9.697,-23.656,0.91,-2.21,0.91,-2.21,INF,-1,1,7,0
8140,1,1,12.214,-22.078,1.14,-2.06,1.14,-2.06,INF,-1,1,7,0
8160,1,1,11.669,-26.535,1.09,-2.48,1.09,-2.48,INF,-1,1,7,0
8180,1,1,7.620,-29.489,0.71,-2.75,0.71,-2.75,INF,-1,1,7,0
8200,1,1,7.494,-34.313,0.70,-3.20,0.70,-3.20,INF,-1,1,7,0
8220,1,1,8.128,-33.427,0.76,-3.12,0.76,-3.12,INF,-1,1,7,0
8240,1,1,4.877,-31.247,0.46,-2.92,0.46,-2.92,INF,-1,0,7,0
8260,1,1,7.683,-32.067,0.72,-2.99,0.72,-2.99,INF,-1,0,7,0
8280,1,1,7.054,-32.153,0.66,-3.00,0.66,-3.00,INF,-1,0,7,0
8300,1,1,6.631,-29.607,0.62,-2.77,0.62,-2.77,INF,-1,0,7,0
8320,1,1,4.979,-32.197,0.47,-3.01,0.46,-3.01,INF,-1,0,7,0
8340,1,1,10.710,-33.486,1.00,-3.13,1.00,-3.13,INF,-1,0,7,0
8360,1,1,10.270,-33.894,0.96,-3.16,0.96,-3.16,INF,-1,0,7,0
8380,1,1,5.626,-32.538,0.53,-3.04,0.53,-3.04,INF,-1,0,7,0
8400,1,1,6.301,-34.184,0.59,-3.19,0.59,-3.19,INF,-1,0,7,0
8420,1,1,5.985,-31.964,0.56,-2.98,0.56,-2.98,INF,-1,0,7,0
8440,1,1,1.439,-28.985,0.13,-2.71,0.13,-2.71,INF,-1,0,7,0
8460,1,1,-30.535,-7.267,-2.85,-0.68,-2.85,-0.68,INF,-1,0,7,0
8480,1,1,-35.120,8.949,-3.28,0.83,-3.28,0.84,INF,-1,1,7,0
8500,1,1,-35.732,9.278,-3.34,0.87,-3.34,0.87,INF,-1,0,7,0
8520,1,1,-35.311,8.205,-3.30,0.77,-3.30,0.77,INF,-1,0,7,0
8540,1,1,-34.939,8.500,-3.26,0.79,-3.26,0.79,INF,-1,0,7,0
8560,1,1,-34.834,9.437,-3.25,0.88,-3.25,0.88,INF,-1,0,7,0
8580,1,1,-35.911,9.966,-3.35,0.93,-3.35,0.93,INF,-1,0,7,0
8600,1,1,-36.464,9.883,-3.40,0.92,-3.40,0.92,INF,-1,0,7,0
8620,1,1,-34.534,10.604,-3.22,0.99,-3.22,0.99,INF,-1,0,7,0
8640,1,1,-31.781,12.885,-2.97,1.20,-2.97,1.20,INF,-1,0,7,0
8660,1,1,-28.397,13.778,-2.65,1.29,-2.65,1.29,INF,-1,0,7,0
8680,1,1,-32.921,13.610,-3.07,1.27,-3.07,1.27,INF,-1,0,7,0
8700,1,1,-29.033,11.171,-2.71,1.04,-2.71,1.04,INF,-1,0,7,0
8720,1,1,-31.813,11.362,-2.97,1.06,-2.97,1.06,INF,-1,0,7,0
8740,1,1,-32.948,12.198,-3.08,1.14,-3.08,1.14,INF,-1,0,7,0
8760,1,1,-30.779,11.724,-2.87,1.09,-2.87,1.10,INF,-1,1,7,0
8780,1,1,-30.744,12.997,-2.87,1.21,-2.87,1.21,INF,-1,1,7,0
8800,1,1,-28.008,11.747,-2.62,1.10,-2.62,1.10,INF,-1,1,7,0
8820,1,1,-32.648,13.670,-3.05,1.28,-3.05,1.28,INF,-1,1,7,0
8840,1,1,-31.882,12.116,-2.98,1.13,-2.98,1.13,INF,-1,1,7,0
8860,1,1,-33.985,12.859,-3.17,1.20,-3.17,1.20,INF,-1,1,7,0
8880,1,1,-31.424,12.543,-2.93,1.17,-2.93,1.17,INF,-1,1,7,0
8900,1,1,-29.607,11.452,-2.77,1.07,-2.76,1.07,INF,-1,1,7,0
8920,1,1,-32.002,12.964,-2.99,1.21,-2.99,1.21,INF,-1,1,7,0
8940,1,1,-31.389,11.282,-2.93,1.05,-2.93,1.05,INF,-1,1,7,0
8960,1,1,-32.403,11.044,-3.03,1.03,-3.03,1.03,INF,-1,1,7,0
8980,1,1,-23.071,22.579,-2.16,2.11,-2.15,2.11,INF,-1,1,7,0
9000,1,1,-23.507,28.919,-2.20,2.70,-2.19,2.70,INF,-1,1,7,0
9020,1,1,-25.980,29.872,-2.43,2.79,-2.42,2.79,INF,-1,0,7,0
9040,1,1,-25.026,31.470,-2.34,2.94,-2.33,2.94,INF,-1,0,7,0
9060,1,1,-26.116,33.199,-2.44,3.10,-2.44,3.10,INF,-1,0,7,0
9080,1,1,-26.341,29.942,-2.46,2.79,-2.46,2.80,INF,-1,0,7,0
9100,1,1,-26.656,31.184,-2.49,2.91,-2.49,2.91,INF,-1,0,7,0
9120,1,1,-25.049,32.575,-2.34,3.04,-2.34,3.04,INF,-1,0,7,0
9140,1,1,-26.751,32.163,-2.50,3.00,-2.50,3.00,INF,-1,0,7,0
9160,1,1,-25.782,31.378,-2.41,2.93,-2.41,2.93,INF,-1,0,7,0
9180,1,1,-24.694,30.700,-2.31,2.86,-2.30,2.87,INF,-1,0,7,0
9200,1,1,-25.106,31.770,-2.35,2.96,-2.34,2.97,INF,-1,0,7,0
9220,1,1,-23.517,28.562,-2.20,2.67,-2.19,2.67,INF,-1,0,7,0
9240,1,1,-24.798,31.586,-2.32,2.95,-2.31,2.95,INF,-1,0,7,0
9260,1,1,-24.439,31.263,-2.28,2.92,-2.28,2.92,INF,-1,1,7,0
9280,1,1,-26.164,30.307,-2.44,2.83,-2.44,2.83,INF,-1,1,7,0
9300,1,1,-24.687,30.221,-2.31,2.82,-2.30,2.82,INF,-1,1,7,0
9320,0,1,0.000,0.000,0.00,0.00,0.00,0.00,0.00,-1,1,7,0
9340,1,1,-90.163,120.999,-8.37,11.05,-8.21,11.17,INF,-1,1,7,0
9360,1,1,-28.937,31.728,-2.70,2.96,-2.70,2.96,INF,-1,1,7,0
9380,1,1,-24.890,29.471,-2.33,2.75,-2.32,2.75,INF,-1,1,7,0
9400,1,1,-28.124,29.856,-2.63,2.79,-2.62,2.79,INF,-1,1,7,0
9420,1,1,-24.774,32.106,-2.31,3.00,-2.31,3.00,INF,-1,1,7,0
9440,1,1,-25.731,30.292,-2.40,2.83,-2.40,2.83,INF,-1,1,7,0
9460,1,1,-27.582,31.286,-2.58,2.92,-2.57,2.92,INF,-1,1,7,0
9480,1,1,-25.539,31.452,-2.39,2.93,-2.38,2.94,INF,-1,1,7,0
9500,1,1,-25.967,37.095,-2.43,3.46,-2.42,3.46,INF,-1,1,7,0
9520,1,1,-29.149,38.773,-2.72,3.62,-2.72,3.62,INF,-1,1,7,0
9540,1,1,-26.344,35.145,-2.46,3.28,-2.46,3.28,INF,-1,1,7,0
9560,1,1,-28.903,36.984,-2.70,3.45,-2.69,3.45,INF,-1,1,7,0
9580,1,1,-30.145,38.134,-2.82,3.56,-2.81,3.56,INF,-1,1,7,0
9600,1,1,-29.539,35.746,-2.76,3.33,-2.75,3.34,INF,-1,1,7,0
9620,1,1,-27.747,38.161,-2.59,3.56,-2.59,3.56,INF,-1,1,7,0
9640,1,1,-27.546,36.938,-2.57,3.44,-2.57,3.45,INF,-1,1,7,0
9660,1,1,-29.558,38.759,-2.76,3.61,-2.76,3.62,INF,-1,1,7,0
9680,1,1,-28.940,37.716,-2.70,3.52,-2.70,3.52,INF,-1,1,7,0
9700,1,1,-28.664,37.548,-2.68,3.50,-2.67,3.51,INF,-1,1,7,0
9720,1,1,-26.597,35.456,-2.48,3.31,-2.48,3.31,INF,-1,1,7,0
9740,1,1,-5.018,32.550,-0.47,3.04,-0.47,3.04,INF,-1,1,7,0
9760,1,1,20.390,32.169,1.91,3.00,1.90,3.00,INF,-1,1,7,0
9780,1,1,20.054,33.075,1.87,3.09,1.87,3.09,INF,-1,0,7,0
9800,1,1,17.867,31.953,1.67,2.98,1.67,2.98,INF,-1,0,7,0
9820,1,1,19.405,32.703,1.81,3.05,1.81,3.05,INF,-1,0,7,0
9840,1,1,19.563,31.681,1.83,2.96,1.83,2.96,INF,-1,0,7,0
9860,1,1,16.211,31.476,1.51,2.94,1.51,2.94,INF,-1,0,7,0
9880,1,1,19.935,30.953,1.86,2.89,1.86,2.89,INF,-1,0,7,0
9900,1,1,18.077,34.894,1.69,3.26,1.69,3.26,INF,-1,0,7,0
9920,1,1,19.295,31.191,1.80,2.91,1.80,2.91,INF,-1,0,7,0
9940,1,1,18.792,32.110,1.76,3.00,1.75,3.00,INF,-1,0,7,0
9960,1,1,11.303,31.681,1.06,2.96,1.05,2.96,INF,-1,0,7,0
9980,1,1,12.312,32.616,1.15,3.05,1.15,3.05,INF,-1,0,7,0
10000,1,1,12.695,31.730,1.19,2.96,1.18,2.96,INF,-1,0,7,0
10020,1,1,13.036,32.424,1.22,3.03,1.22,3.03,INF,-1,0,7,0
10040,1,1,8.902,32.193,0.83,3.01,0.83,3.01,INF,-1,1,7,0
10060,1,1,10.459,33.443,0.98,3.12,0.98,3.12,INF,-1,1,7,0
10080,1,1,9.782,33.334,0.91,3.11,0.91,3.11,INF,-1,1,7,0
10100,1,1,13.378,30.987,1.25,2.89,1.25,2.89,INF,-1,1,7,0
10120,1,1,12.751,31.025,1.19,2.90,1.19,2.90,INF,-1,1,7,0
10140,1,1,11.280,32.169,1.05,3.00,1.05,3.00,INF,-1,1,7,0
10160,1,1,15.223,31.942,1.42,2.98,1.42,2.98,INF,-1,1,7,0
10180,1,1,13.570,30.476,1.27,2.85,1.27,2.85,INF,-1,1,7,0
10200,1,1,11.303,31.558,1.06,2.95,1.05,2.95,INF,-1,1,7,0
10220,1,1,11.411,31.420,1.07,2.93,1.07,2.93,INF,-1,1,7,0
10240,1,1,10.390,33.422,0.97,3.12,0.97,3.12,INF,-1,1,7,0
10260,1,1,12.894,28.566,1.20,2.67,1.20,2.67,INF,-1,1,7,0
10280,1,1,10.689,32.885,1.00,3.07,1.00,3.07,INF,-1,1,7,0
10300,1,1,12.207,32.430,1.14,3.03,1.14,3.03,INF,-1,1,7,0
10320,1,1,12.736,30.548,1.19,2.85,1.19,2.85,INF,-1,1,7,0
10340,1,1,8.867,32.403,0.83,3.03,0.83,3.03,INF,-1,1,7,0
10360,1,1,11.803,29.390,1.10,2.74,1.10,2.74,INF,-1,1,7,0
10380,1,1,11.327,32.245,1.06,3.01,1.06,3.01,INF,-1,1,7,0
10400,1,1,11.932,29.559,1.12,2.76,1.11,2.76,INF,-1,1,7,0
10420,1,1,10.690,29.850,1.00,2.79,1.00,2.79,INF,-1,1,7,0
10440,1,1,10.785,31.753,1.01,2.96,1.01,2.97,INF,-1,1,7,0
10460,1,1,11.428,30.767,1.07,2.87,1.07,2.87,INF,-1,1,7,0
10480,1,1,11.832,29.197,1.11,2.73,1.10,2.73,INF,-1,1,7,0
10500,1,1,10.055,32.411,0.94,3.03,0.94,3.03,INF,-1,1,7,0
10520,1,1,10.915,33.748,1.02,3.15,1.02,3.15,INF,-1,1,7,0
10540,1,1,7.838,33.119,0.73,3.09,0.73,3.09,INF,-1,1,7,0
10560,1,1,10.842,33.421,1.01,3.12,1.01,3.12,INF,-1,1,7,0
10580,1,1,6.956,35.899,0.65,3.35,0.65,3.35,INF,-1,1,7,0
10600,1,1,9.522,33.334,0.89,3.11,0.89,3.11,INF,-1,1,7,0
10620,1,1,11.133,36.129,1.04,3.37,1.04,3.37,INF,-1,1,7,0
10640,1,1,12.787,31.343,1.20,2.93,1.19,2.93,INF,-1,1,7,0
10660,1,1,9.672,35.051,0.90,3.27,0.90,3.27,INF,-1,1,7,0
10680,1,1,8.574,33.702,0.80,3.15,0.80,3.15,INF,-1,1,7,0
10700,1,1,13.251,33.696,1.24,3.15,1.24,3.15,INF,-1,1,7,0
10720,1,1,8.007,33.018,0.75,3.08,0.75,3.08,INF,-1,1,7,0
10740,1,1,12.685,32.379,1.19,3.02,1.18,3.02,INF,-1,1,7,0
10760,1,1,8.922,32.127,0.83,3.00,0.83,3.00,INF,-1,1,7,0
10780,1,1,9.055,29.189,0.85,2.73,0.85,2.73,INF,-1,1,7,0
10800,1,1,10.780,32.137,1.01,3.00,1.01,3.00,INF,-1,1,7,0
10820,1,1,7.848,33.873,0.73,3.16,0.73,3.16,INF,-1,1,7,0
10840,1,1,10.753,32.655,1.00,3.05,1.00,3.05,INF,-1,1,7,0
10860,1,1,9.155,32.677,0.86,3.05,0.85,3.05,INF,-1,1,7,0
10880,1,1,8.616,31.841,0.81,2.97,0.80,2.97,INF,-1,1,7,0
10900,1,1,7.954,29.811,0.74,2.78,0.74,2.78,INF,-1,1,7,0
10920,1,1,9.192,34.231,0.86,3.20,0.86,3.20,INF,-1,1,7,0
10940,1,1,12.427,31.495,1.16,2.94,1.16,2.94,INF,-1,1,7,0
10960,1,1,10.320,31.520,0.96,2.94,0.96,2.94,INF,-1,1,7,0
10980,1,1,12.910,31.898,1.21,2.98,1.20,2.98,INF,-1,1,7,0
11000,1,1,11.015,31.538,1.03,2.94,1.03,2.95,INF,-1,1,7,0
11020,1,1,8.451,31.718,0.79,2.96,0.79,2.96,INF,-1,1,7,0
11040,1,1,10.087,32.206,0.94,3.01,0.94,3.01,INF,-1,1,7,0
11060,1,1,10.211,31.296,0.95,2.92,0.95,2.92,INF,-1,1,7,0
11080,1,1,14.274,31.582,1.33,2.95,1.33,2.95,INF,-1,1,7,0
11100,1,1,10.481,29.281,0.98,2.73,0.98,2.73,INF,-1,1,7,0
11120,1,1,13.106,29.005,1.22,2.71,1.22,2.71,INF,-1,1,7,0
11140,1,1,9.184,32.184,0.86,3.01,0.86,3.01,INF,-1,1,7,0
11160,1,1,10.752,30.657,1.00,2.86,1.00,2.86,INF,-1,1,7,0
11180,1,1,12.031,28.951,1.12,2.70,1.12,2.70,INF,-1,1,7,0
11200,1,1,13.862,30.153,1.30,2.82,1.29,2.82,INF,-1,1,7,0
11220,1,1,10.242,30.388,0.96,2.84,0.96,2.84,INF,-1,1,7,0
11240,1,1,13.695,29.075,1.28,2.71,1.28,2.72,INF,-1,1,7,0
11260,1,1,11.411,31.995,1.07,2.99,1.07,2.99,INF,-1,1,7,0
11280,1,1,11.991,31.843,1.12,2.97,1.12,2.97,INF,-1,1,7,0
11300,1,1,14.039,32.664,1.31,3.05,1.31,3.05,INF,-1,1,7,0
11320,1,1,14.107,32.730,1.32,3.06,1.32,3.06,INF,-1,1,7,0
11340,1,1,12.948,31.938,1.21,2.98,1.21,2.98,INF,-1,1,7,0
11360,1,1,14.660,32.604,1.37,3.04,1.37,3.04,INF,-1,1,7,0
11380,1,1,15.724,32.116,1.47,3.00,1.47,3.00,INF,-1,1,7,0
11400,1,1,14.202,32.230,1.33,3.01,1.33,3.01,INF,-1,1,7,0
11420,1,1,11.798,32.819,1.10,3.06,1.10,3.06,INF,-1,1,7,0
11440,1,1,14.055,33.482,1.31,3.13,1.31,3.13,INF,-1,1,7,0
11460,1,1,10.604,33.967,0.99,3.17,0.99,3.17,INF,-1,1,7,0
11480,1,1,9.661,32.635,0.90,3.05,0.90,3.05,INF,-1,1,7,0
11500,1,1,13.359,29.240,1.25,2.73,1.25,2.73,INF,-1,1,7,0
11520,1,1,12.696,31.098,1.19,2.90,1.18,2.90,INF,-1,1,7,0
11540,1,1,10.623,33.145,0.99,3.09,0.99,3.09,INF,-1,1,7,0
11560,1,1,13.661,30.501,1.28,2.85,1.28,2.85,INF,-1,1,7,0
11580,1,1,9.894,32.194,0.92,3.01,0.92,3.01,INF,-1,1,7,0
11600,1,1,18.135,29.604,1.69,2.76,1.69,2.76,INF,-1,1,7,0
11620,1,1,10.114,32.732,0.95,3.06,0.94,3.06,INF,-1,1,7,0
11640,1,1,14.740,31.863,1.38,2.97,1.38,2.98,INF,-1,1,7,0
11660,1,1,13.162,31.147,1.23,2.91,1.23,2.91,INF,-1,1,7,0
11680,1,1,16.298,31.627,1.52,2.95,1.52,2.95,INF,-1,1,7,0
11700,1,1,18.548,31.454,1.73,2.94,1.73,2.94,INF,-1,1,7,0
11720,1,1,14.908,28.657,1.39,2.68,1.39,2.68,INF,-1,1,7,0
11740,1,1,14.155,29.803,1.32,2.78,1.32,2.78,INF,-1,1,7,0
11760,1,1,12.756,27.972,1.19,2.61,1.19,2.61,INF,-1,1,7,0
11780,1,1,12.301,27.701,1.15,2.59,1.15,2.59,INF,-1,1,7,0
11800,1,1,11.772,30.678,1.10,2.86,1.10,2.86,INF,-1,1,7,0
11820,1,1,14.264,27.940,1.33,2.61,1.33,2.61,INF,-1,1,7,0
11840,1,1,13.641,27.428,1.27,2.56,1.27,2.56,INF,-1,1,7,0
11860,1,1,10.128,31.025,0.95,2.90,0.95,2.90,INF,-1,1,7,0
11880,1,1,14.261,30.969,1.33,2.89,1.33,2.89,INF,-1,1,7,0
11900,1,1,10.008,32.282,0.94,3.01,0.93,3.01,INF,-1,1,7,0
11920,1,1,11.109,27.422,1.04,2.56,1.04,2.56,INF,-1,1,7,0
11940,1,1,13.863,26.572,1.30,2.48,1.29,2.48,INF,-1,1,7,0
11960,1,1,11.853,29.142,1.11,2.72,1.11,2.72,INF,-1,1,7,0
11980,1,1,12.418,28.699,1.16,2.68,1.16,2.68,INF,-1,1,7,0
12000,1,1,13.715,28.164,1.28,2.63,1.28,2.63,INF,-1,1,7,0
12020,1,1,10.804,30.929,1.01,2.89,1.01,2.89,INF,-1,1,7,0
12040,1,1,11.643,29.221,1.09,2.73,1.09,2.73,INF,-1,1,7,0
12060,1,1,14.724,28.280,1.38,2.64,1.37,2.64,INF,-1,1,7,0
12080,1,1,10.067,30.905,0.94,2.89,0.94,2.89,INF,-1,1,7,0
12100,1,1,10.214,28.696,0.95,2.68,0.95,2.68,INF,-1,1,7,0
12120,1,1,16.659,29.555,1.56,2.76,1.55,2.76,INF,-1,1,7,0
12140,1,1,12.279,30.481,1.15,2.85,1.15,2.85,INF,-1,1,7,0
12160,1,1,11.028,30.017,1.03,2.80,1.03,2.80,INF,-1,1,7,0
12180,1,1,12.477,29.417,1.17,2.75,1.16,2.75,INF,-1,1,7,0
12200,1,1,16.048,28.457,1.50,2.66,1.50,2.66,INF,-1,1,7,0
12220,1,1,10.958,29.037,1.02,2.71,1.02,2.71,INF,-1,1,7,0
12240,1,1,16.693,24.004,1.56,2.24,1.56,2.24,INF,-1,1,7,0
12260,1,1,13.802,27.664,1.29,2.58,1.29,2.58,INF,-1,1,7,0
12280,1,1,13.434,29.908,1.26,2.79,1.25,2.79,INF,-1,1,7,0
12300,1,1,14.252,26.561,1.33,2.48,1.33,2.48,INF,-1,1,7,0
12320,1,1,13.527,29.281,1.26,2.73,1.26,2.73,INF,-1,1,7,0
12340,1,1,16.650,24.980,1.56,2.33,1.55,2.33,INF,-1,1,7,0
12360,1,1,16.699,26.630,1.56,2.49,1.56,2.49,INF,-1,1,7,0
12380,1,1,13.513,28.092,1.26,2.62,1.26,2.62,INF,-1,1,7,0
12400,1,1,13.519,26.683,1.26,2.49,1.26,2.49,INF,-1,1,7,0
12420,1,1,16.189,26.627,1.51,2.49,1.51,2.49,INF,-1,1,7,0
12440,1,1,12.548,32.525,1.17,3.04,1.17,3.04,INF,-1,1,7,0
12460,1,1,11.717,32.496,1.10,3.03,1.09,3.03,INF,-1,1,7,0
12480,1,1,13.668,33.665,1.28,3.14,1.28,3.14,INF,-1,1,7,0
12500,1,1,13.553,31.631,1.27,2.95,1.26,2.95,INF,-1,1,7,0
12520,1,1,12.395,34.084,1.16,3.18,1.16,3.18,INF,-1,1,7,0
12540,1,1,10.053,33.130,0.94,3.09,0.94,3.09,INF,-1,1,7,0
12560,1,1,10.939,33.063,1.02,3.09,1.02,3.09,INF,-1,1,7,0
12580,1,1,10.938,31.674,1.02,2.96,1.02,2.96,INF,-1,1,7,0
12600,1,1,11.579,32.303,1.08,3.02,1.08,3.02,INF,-1,1,7,0
12620,1,1,9.859,32.314,0.92,3.02,0.92,3.02,INF,-1,1,7,0
12640,1,1,8.225,35.588,0.77,3.32,0.77,3.32,INF,-1,1,7,0
12660,1,1,12.823,29.425,1.20,2.75,1.20,2.75,INF,-1,1,7,0
12680,1,1,12.247,31.226,1.14,2.92,1.14,2.92,INF,-1,1,7,0
12700,1,1,12.579,32.039,1.18,2.99,1.17,2.99,INF,-1,1,7,0
12720,1,1,12.032,33.694,1.12,3.15,1.12,3.15,INF,-1,1,7,0
12740,1,1,9.205,30.373,0.86,2.84,0.86,2.84,INF,-1,1,7,0
12760,1,1,10.413,30.445,0.97,2.84,0.97,2.84,INF,-1,1,7,0
12780,1,1,12.808,32.099,1.20,3.00,1.20,3.00,INF,-1,1,7,0
12800,1,1,13.133,34.109,1.23,3.18,1.23,3.18,INF,-1,1,7,0
12820,1,1,7.633,31.799,0.71,2.97,0.71,2.97,INF,-1,1,7,0
12840,1,1,20.807,26.603,1.94,2.48,1.94,2.49,INF,-1,1,7,0
12860,1,1,15.147,29.115,1.42,2.72,1.41,2.72,INF,-1,1,7,0
12880,1,1,11.755,28.887,1.10,2.70,1.10,2.70,INF,-1,1,7,0
12900,1,1,14.604,28.591,1.36,2.67,1.36,2.67,INF,-1,1,7,0
12920,1,1,15.175,28.856,1.42,2.69,1.42,2.70,INF,-1,1,7,0
12940,1,1,11.905,26.355,1.11,2.46,1.11,2.46,INF,-1,1,7,0
12960,1,1,14.749,31.981,1.38,2.99,1.38,2.99,INF,-1,1,7,0
12980,1,1,15.216,28.499,1.42,2.66,1.42,2.66,INF,-1,1,7,0
13000,1,1,11.155,32.147,1.04,3.00,1.04,3.00,INF,-1,1,7,0
13020,1,1,12.173,30.120,1.14,2.81,1.14,2.81,INF,-1,1,7,0
13040,1,1,13.888,29.530,1.30,2.76,1.30,2.76,INF,-1,1,7,0
13060,1,1,10.203,30.320,0.95,2.83,0.95,2.83,INF,-1,1,7,0
13080,1,1,11.926,29.719,1.11,2.78,1.11,2.78,INF,-1,1,7,0
13100,1,1,12.197,29.884,1.14,2.79,1.14,2.79,INF,-1,1,7,0
13120,1,1,10.301,29.240,0.96,2.73,0.96,2.73,INF,-1,1,7,0
13140,1,1,9.984,27.167,0.93,2.54,0.93,2.54,INF,-1,1,7,0
13160,1,1,9.909,28.716,0.93,2.68,0.93,2.68,INF,-1,1,7,0
13180,1,1,10.484,28.987,0.98,2.71,0.98,2.71,INF,-1,1,7,0
13200,1,1,11.804,27.624,1.10,2.58,1.10,2.58,INF,-1,1,7,0
13220,1,1,11.408,25.530,1.07,2.38,1.07,2.38,INF,-1,1,7,0
13240,1,1,13.567,24.763,1.27,2.31,1.27,2.31,INF,-1,1,7,0
13260,1,1,12.166,26.309,1.14,2.46,1.14,2.46,INF,-1,1,7,0
13280,1,1,14.718,27.483,1.38,2.57,1.37,2.57,INF,-1,1,7,0
13300,1,1,12.576,29.066,1.18,2.71,1.17,2.71,INF,-1,1,7,0
13320,1,1,12.708,29.948,1.19,2.80,1.19,2.80,INF,-1,1,7,0
13340,1,1,8.351,31.000,0.78,2.89,0.78,2.90,INF,-1,1,7,0
13360,1,1,10.914,27.002,1.02,2.52,1.02,2.52,INF,-1,1,7,0
13380,1,1,11.854,26.712,1.11,2.49,1.11,2.50,INF,-1,1,7,0
13400,1,1,10.973,27.414,1.03,2.56,1.02,2.56,INF,-1,1,7,0
13420,1,1,12.998,28.770,1.21,2.69,1.21,2.69,INF,-1,1,7,0
13440,1,1,11.242,28.708,1.05,2.68,1.05,2.68,INF,-1,1,7,0
13460,1,1,10.886,30.073,1.02,2.81,1.02,2.81,INF,-1,1,7,0
13480,1,1,11.863,27.458,1.11,2.56,1.11,2.56,INF,-1,1,7,0
13500,1,1,11.057,30.342,1.03,2.83,1.03,2.83,INF,-1,1,7,0
13520,1,1,12.505,28.057,1.17,2.62,1.17,2.62,INF,-1,1,7,0
13540,1,1,11.377,27.394,1.06,2.56,1.06,2.56,INF,-1,1,7,0
13560,1,1,14.538,33.909,1.36,3.17,1.36,3.17,INF,-1,1,7,0
13580,1,1,12.237,30.378,1.14,2.84,1.14,2.84,INF,-1,1,7,0
13600,1,1,11.114,31.768,1.04,2.97,1.04,2.97,INF,-1,1,7,0
13620,1,1,11.097,32.647,1.04,3.05,1.04,3.05,INF,-1,1,7,0
13640,1,1,9.584,32.058,0.90,2.99,0.89,2.99,INF,-1,1,7,0
13660,1,1,12.887,29.507,1.20,2.76,1.20,2.76,INF,-1,1,7,0
13680,1,1,11.804,32.880,1.10,3.07,1.10,3.07,INF,-1,1,7,0
13700,1,1,10.478,33.266,0.98,3.11,0.98,3.11,INF,-1,1,7,0
13720,1,1,11.554,28.410,1.08,2.65,1.08,2.65,INF,-1,1,7,0
13740,1,1,11.278,30.685,1.05,2.87,1.05,2.87,INF,-1,1,7,0
13760,1,1,10.528,32.750,0.98,3.06,0.98,3.06,INF,-1,1,7,0
13780,1,1,10.081,29.645,0.94,2.77,0.94,2.77,INF,-1,1,7,0
13800,1,1,10.177,31.084,0.95,2.90,0.95,2.90,INF,-1,1,7,0
13820,1,1,8.263,33.661,0.77,3.14,0.77,3.14,INF,-1,1,7,0
13840,1,1,10.023,33.569,0.94,3.13,0.94,3.13,INF,-1,1,7,0
13860,1,1,9.991,34.046,0.93,3.18,0.93,3.18,INF,-1,1,7,0
13880,1,1,9.738,35.409,0.91,3.31,0.91,3.31,INF,-1,1,7,0
13900,1,1,8.133,32.923,0.76,3.07,0.76,3.07,INF,-1,1,7,0
13920,1,1,8.561,29.613,0.80,2.77,0.80,2.77,INF,-1,1,7,0
13940,1,1,7.542,33.340,0.70,3.11,0.70,3.11,INF,-1,1,7,0
13960,1,1,13.097,29.317,1.22,2.74,1.22,2.74,INF,-1,1,7,0
13980,1,1,10.177,32.283,0.95,3.01,0.95,3.01,INF,-1,1,7,0
14000,1,1,12.518,29.901,1.17,2.79,1.17,2.79,INF,-1,1,7,0
14020,1,1,7.705,31.602,0.72,2.95,0.72,2.95,INF,-1,1,7,0
14040,1,1,9.706,28.288,0.91,2.64,0.91,2.64,INF,-1,1,7,0
14060,1,1,7.041,30.806,0.66,2.88,0.66,2.88,INF,-1,1,7,0
14080,1,1,8.456,29.929,0.79,2.79,0.79,2.80,INF,-1,1,7,0
14100,1,1,9.007,32.109,0.84,3.00,0.84,3.00,INF,-1,1,7,0
14120,1,1,7.355,29.790,0.69,2.78,0.69,2.78,INF,-1,1,7,0
14140,1,1,6.692,29.284,0.63,2.73,0.62,2.73,INF,-1,1,7,0
14160,1,1,7.088,31.096,0.66,2.90,0.66,2.90,INF,-1,1,7,0
14180,1,1,7.242,32.006,0.68,2.99,0.68,2.99,INF,-1,1,7,0
14200,1,1,9.364,31.825,0.88,2.97,0.87,2.97,INF,-1,1,7,0
14220,1,1,5.486,33.373,0.51,3.12,0.51,3.12,INF,-1,1,7,0
14240,1,1,5.327,30.461,0.50,2.84,0.50,2.84,INF,-1,1,7,0
14260,1,1,9.806,28.732,0.92,2.68,0.92,2.68,INF,-1,1,7,0
14280,1,1,9.222,31.085,0.86,2.90,0.86,2.90,INF,-1,1,7,0
14300,1,1,8.415,31.368,0.79,2.93,0.79,2.93,INF,-1,1,7,0
14320,1,1,5.542,29.556,0.52,2.76,0.52,2.76,INF,-1,1,7,0
14340,1,1,7.633,29.853,0.71,2.79,0.71,2.79,INF,-1,1,7,0
14360,1,1,9.203,18.223,0.86,1.70,0.86,1.70,INF,-1,1,7,0
14380,1,1,9.200,-2.341,0.86,-0.22,0.86,-0.22,INF,-1,1,7,0
14400,1,1,16.439,-8.263,1.54,-0.77,1.54,-0.77,INF,-1,0,7,0
14420,1,1,11.468,-7.636,1.07,-0.71,1.07,-0.71,INF,-1,0,7,0
14440,1,1,16.637,-7.408,1.55,-0.69,1.55,-0.69,INF,-1,0,7,0
14460,1,1,15.199,-6.450,1.42,-0.60,1.42,-0.60,INF,-1,0,7,0
14480,1,1,13.736,-7.325,1.28,-0.68,1.28,-0.68,INF,-1,0,7,0
14500,1,1,11.141,-2.489,1.04,-0.23,1.04,-0.23,INF,-1,0,7,0
14520,1,1,15.954,-6.196,1.49,-0.58,1.49,-0.58,INF,-1,0,7,0
14540,1,1,7.430,-11.109,0.69,-1.04,0.69,-1.04,INF,-1,0,7,0
14560,1,1,12.461,-19.617,1.16,-1.83,1.16,-1.83,INF,-1,0,7,0
14580,1,1,5.476,-16.950,0.51,-1.58,0.51,-1.58,INF,-1,0,7,0
14600,1,1,4.912,-14.397,0.46,-1.35,0.46,-1.35,INF,-1,0,7,0
14620,1,1,6.245,-15.455,0.58,-1.44,0.58,-1.44,INF,-1,0,7,0
14640,1,1,8.350,-14.411,0.78,-1.35,0.78,-1.35,INF,-1,0,7,0
14660,1,1,11.901,-16.801,1.11,-1.57,1.11,-1.57,INF,-1,1,7,0
14680,1,1,10.539,-16.895,0.98,-1.58,0.98,-1.58,INF,-1,1,7,0
14700,1,1,7.054,-17.882,0.66,-1.67,0.66,-1.67,INF,-1,1,7,0
14720,1,1,7.828,-13.989,0.73,-1.31,0.73,-1.31,INF,-1,1,7,0
14740,1,1,10.074,-15.747,0.94,-1.47,0.94,-1.47,INF,-1,1,7,0
14760,1,1,7.155,-15.444,0.67,-1.44,0.67,-1.44,INF,-1,1,7,0
14780,1,1,11.262,-15.790,1.05,-1.48,1.05,-1.48,INF,-1,1,7,0
14800,1,1,6.365,-18.683,0.59,-1.75,0.59,-1.75,INF,-1,1,7,0
14820,1,1,6.778,-16.590,0.63,-1.55,0.63,-1.55,INF,-1,1,7,0
14840,1,1,8.941,-16.161,0.84,-1.51,0.84,-1.51,INF,-1,1,7,0
14860,1,1,9.040,-16.565,0.84,-1.55,0.84,-1.55,INF,-1,1,7,0
14880,1,1,7.997,-16.555,0.75,-1.55,0.75,-1.55,INF,-1,1,7,0
14900,1,1,9.062,-16.266,0.85,-1.52,0.85,-1.52,INF,-1,1,7,0
14920,1,1,11.439,-20.325,1.07,-1.90,1.07,-1.90,INF,-1,1,7,0
14940,1,1,8.688,-17.532,0.81,-1.64,0.81,-1.64,INF,-1,1,7,0
14960,1,1,8.012,-18.328,0.75,-1.71,0.75,-1.71,INF,-1,1,7,0
14980,1,1,6.611,-17.889,0.62,-1.67,0.62,-1.67,INF,-1,1,7,0
15000,1,1,12.472,-18.593,1.17,-1.74,1.17,-1.74,INF,-1,1,7,0
