"EyeTracker Toolbox version","3.250"
CalibrationParameters_A11,1.20187
CalibrationParameters_A12,0.06550
CalibrationParameters_A13,-0.00753
CalibrationParameters_A21,0.06290
CalibrationParameters_A22,-1.23153
CalibrationParameters_A23,-0.00940
CalibrationParameters_A31,-0.00086
CalibrationParameters_A32,-0.00191
CalibrationParameters_E11,-0.18005
CalibrationParameters_E12,0.00000
CalibrationParameters_E21,0.00008
CalibrationParameters_E22,0.19979
CalibrationParameters_X,-54.24105
CalibrationParameters_Y,-38.48890
CalibrationParameters_Rpc,77.26272
CalibrationParameters_MeanX,165.34187
CalibrationParameters_MeanY,115.95067
CalibrationParameters_ViewDist,613.00000
TimeStamp,Tracked,Calibrated,ScreenPositionXmm,ScreenPositionYmm,FicksLongitude,FicksLatitude,HelmholtzAzimuth,HelmholtzElevation,PupilDiameter,Region,Fixation,DigitalIO,Dropped
0,1,1,-0.367,15.164,-0.03,1.42,-0.03,1.42,INF,-1,0,7,0
20,1,1,0.786,14.954,0.07,1.40,0.07,1.40,INF,-1,0,7,0
40,1,1,3.143,15.426,0.29,1.44,0.29,1.44,INF,-1,0,7,0
60,1,1,1.140,14.870,0.11,1.39,0.11,1.39,INF,-1,0,7,0
80,1,1,0.923,15.851,0.09,1.48,0.09,1.48,INF,-1,0,7,0
100,1,1,-0.102,15.541,-0.01,1.45,-0.01,1.45,INF,-1,0,7,0
120,1,1,2.991,17.461,0.28,1.63,0.28,1.63,INF,-1,0,7,0
140,1,1,3.298,15.467,0.31,1.45,0.31,1.45,INF,-1,0,7,0
160,1,1,0.951,16.386,0.09,1.53,0.09,1.53,INF,-1,0,7,0
180,1,1,0.044,15.946,0.00,1.49,0.00,1.49,INF,-1,0,7,0
200,1,1,1.293,16.275,0.12,1.52,0.12,1.52,INF,-1,0,7,0
220,1,1,-0.052,15.532,0.00,1.45,0.00,1.45,INF,-1,0,7,0
240,1,1,-1.721,13.372,-0.16,1.25,-0.16,1.25,INF,-1,0,7,0
260,1,1,-7.820,28.199,-0.73,2.63,-0.73,2.63,INF,-1,0,7,0
280,1,1,-7.035,30.113,-0.66,2.81,-0.66,2.81,INF,-1,1,7,0
300,1,1,-6.817,28.932,-0.64,2.70,-0.64,2.70,INF,-1,0,7,0
320,1,1,-5.305,30.683,-0.50,2.87,-0.50,2.87,INF,-1,0,7,0
340,1,1,-4.737,29.253,-0.44,2.73,-0.44,2.73,INF,-1,0,7,0
360,1,1,-7.785,29.071,-0.73,2.71,-0.73,2.72,INF,-1,0,7,0
380,1,1,-5.025,30.303,-0.47,2.83,-0.47,2.83,INF,-1,0,7,0
400,1,1,-6.609,30.093,-0.62,2.81,-0.62,2.81,INF,-1,0,7,0
420,1,1,-5.586,27.938,-0.52,2.61,-0.52,2.61,INF,-1,0,7,0
440,1,1,-7.964,28.725,-0.74,2.68,-0.74,2.68,INF,-1,0,7,0
460,1,1,-5.917,29.933,-0.55,2.80,-0.55,2.80,INF,-1,0,7,0
480,1,1,-6.134,28.476,-0.57,2.66,-0.57,2.66,INF,-1,0,7,0
500,1,1,-6.451,26.271,-0.60,2.45,-0.60,2.45,INF,-1,0,7,0
520,1,1,-6.089,29.051,-0.57,2.71,-0.57,2.71,INF,-1,0,7,0
540,1,1,-6.016,29.580,-0.56,2.76,-0.56,2.76,INF,-1,1,7,0
560,1,1,-5.577,25.843,-0.52,2.41,-0.52,2.41,INF,-1,1,7,0
580,1,1,-4.876,28.136,-0.46,2.63,-0.46,2.63,INF,-1,1,7,0
600,1,1,-5.932,29.541,-0.55,2.76,-0.55,2.76,INF,-1,1,7,0
620,1,1,-2.485,24.426,-0.23,2.28,-0.23,2.28,INF,-1,1,7,0
640,1,1,41.095,36.439,3.84,3.39,3.83,3.40,INF,-1,1,7,0
660,1,1,37.768,31.579,3.53,2.94,3.52,2.95,INF,-1,1,7,0
680,1,1,39.604,32.845,3.70,3.06,3.69,3.07,INF,-1,0,7,0
700,1,1,36.981,32.870,3.45,3.06,3.45,3.07,INF,-1,0,7,0
720,1,1,38.596,32.945,3.60,3.07,3.60,3.08,INF,-1,0,7,0
740,1,1,38.076,30.920,3.55,2.88,3.55,2.89,INF,-1,0,7,0
760,1,1,37.761,30.527,3.53,2.85,3.52,2.85,INF,-1,0,7,0
780,1,1,38.832,31.934,3.62,2.98,3.62,2.98,INF,-1,0,7,0
800,1,1,37.150,32.787,3.47,3.06,3.46,3.06,INF,-1,0,7,0
820,1,1,37.367,30.624,3.49,2.85,3.48,2.86,INF,-1,0,7,0
840,1,1,39.966,31.483,3.73,2.93,3.73,2.94,INF,-1,0,7,0
860,1,1,37.916,31.920,3.54,2.98,3.53,2.98,INF,-1,0,7,0
880,1,1,35.220,35.209,3.29,3.28,3.28,3.29,INF,-1,0,7,0
900,1,1,39.454,32.180,3.68,3.00,3.68,3.01,INF,-1,0,7,0
920,1,1,37.981,33.207,3.55,3.09,3.54,3.10,INF,-1,1,7,0
940,1,1,40.772,31.898,3.81,2.97,3.80,2.98,INF,-1,1,7,0
960,1,1,40.601,30.693,3.79,2.86,3.78,2.87,INF,-1,1,7,0
980,1,1,39.648,31.470,3.70,2.93,3.70,2.94,INF,-1,1,7,0
1000,1,1,31.150,27.865,2.91,2.60,2.91,2.60,INF,-1,1,7,0
1020,1,1,17.411,24.110,1.63,2.25,1.63,2.25,INF,-1,1,7,0
1040,1,1,19.695,23.910,1.84,2.23,1.84,2.23,INF,-1,1,7,0
1060,1,1,17.879,23.205,1.67,2.17,1.67,2.17,INF,-1,0,7,0
1080,1,1,19.166,21.872,1.79,2.04,1.79,2.04,INF,-1,0,7,0
1100,1,1,20.917,23.148,1.95,2.16,1.95,2.16,INF,-1,0,7,0
1120,1,1,19.786,24.492,1.85,2.29,1.85,2.29,INF,-1,0,7,0
1140,1,1,21.363,23.903,2.00,2.23,1.99,2.23,INF,-1,0,7,0
1160,1,1,20.179,22.638,1.89,2.11,1.88,2.12,INF,-1,0,7,0
1180,1,1,19.495,21.803,1.82,2.04,1.82,2.04,INF,-1,0,7,0
1200,1,1,21.372,23.423,2.00,2.19,2.00,2.19,INF,-1,0,7,0
1220,1,1,20.664,22.105,1.93,2.06,1.93,2.07,INF,-1,0,7,0
1240,1,1,1.941,15.911,0.18,1.49,0.18,1.49,INF,-1,0,7,0
1260,1,1,-9.148,15.922,-0.85,1.49,-0.85,1.49,INF,-1,0,7,0
1280,1,1,-4.852,15.714,-0.45,1.47,-0.45,1.47,INF,-1,0,7,0
1300,1,1,-2.017,14.310,-0.19,1.34,-0.19,1.34,INF,-1,0,7,0
1320,1,1,-3.803,15.461,-0.36,1.44,-0.36,1.44,INF,-1,0,7,0
1340,1,1,-5.650,16.097,-0.53,1.50,-0.53,1.50,INF,-1,0,7,0
1360,1,1,-5.457,15.366,-0.51,1.44,-0.51,1.44,INF,-1,0,7,0
1380,1,1,-6.321,16.503,-0.59,1.54,-0.59,1.54,INF,-1,0,7,0
1400,1,1,-7.082,16.513,-0.66,1.54,-0.66,1.54,INF,-1,0,7,0
1420,1,1,-6.700,15.816,-0.63,1.48,-0.63,1.48,INF,-1,0,7,0
1440,1,1,-5.139,15.750,-0.48,1.47,-0.48,1.47,INF,-1,1,7,0
1460,1,1,-4.785,15.334,-0.45,1.43,-0.45,1.43,INF,-1,1,7,0
1480,1,1,-4.283,20.273,-0.40,1.89,-0.40,1.89,INF,-1,1,7,0
1500,1,1,-6.145,25.698,-0.57,2.40,-0.57,2.40,INF,-1,1,7,0
1520,1,1,-5.001,22.553,-0.47,2.11,-0.47,2.11,INF,-1,1,7,0
1540,1,1,-7.453,23.954,-0.70,2.24,-0.70,2.24,INF,-1,1,7,0
1560,1,1,-6.163,24.308,-0.58,2.27,-0.58,2.27,INF,-1,1,7,0
1580,1,1,-6.453,23.876,-0.60,2.23,-0.60,2.23,INF,-1,0,7,0
1600,1,1,-5.589,23.146,-0.52,2.16,-0.52,2.16,INF,-1,0,7,0
1620,1,1,-6.425,24.118,-0.60,2.25,-0.60,2.25,INF,-1,0,7,0
1640,1,1,-6.787,25.592,-0.63,2.39,-0.63,2.39,INF,-1,0,7,0
1660,1,1,-3.517,23.772,-0.33,2.22,-0.33,2.22,INF,-1,0,7,0
1680,1,1,-7.617,25.364,-0.71,2.37,-0.71,2.37,INF,-1,0,7,0
1700,1,1,-6.402,23.495,-0.60,2.19,-0.60,2.19,INF,-1,0,7,0
1720,1,1,-6.588,24.338,-0.62,2.27,-0.62,2.27,INF,-1,0,7,0
1740,1,1,-7.204,23.849,-0.67,2.23,-0.67,2.23,INF,-1,0,7,0
1760,1,1,-7.579,22.752,-0.71,2.13,-0.71,2.13,INF,-1,0,7,0
1780,1,1,-5.766,24.701,-0.54,2.31,-0.54,2.31,INF,-1,0,7,0
1800,1,1,-5.340,24.766,-0.50,2.31,-0.50,2.31,INF,-1,0,7,0
1820,1,1,-7.055,21.274,-0.66,1.99,-0.66,1.99,INF,-1,1,7,0
1840,1,1,-7.540,24.202,-0.70,2.26,-0.70,2.26,INF,-1,1,7,0
1860,1,1,-7.947,22.487,-0.74,2.10,-0.74,2.10,INF,-1,1,7,0
1880,1,1,3.590,21.319,0.34,1.99,0.34,1.99,INF,-1,1,7,0
1900,1,1,3.989,20.486,0.37,1.91,0.37,1.91,INF,-1,1,7,0
1920,1,1,2.686,20.310,0.25,1.90,0.25,1.90,INF,-1,1,7,0
1940,1,1,4.400,20.576,0.41,1.92,0.41,1.92,INF,-1,1,7,0
1960,1,1,4.271,20.045,0.40,1.87,0.40,1.87,INF,-1,1,7,0
1980,1,1,4.366,19.592,0.41,1.83,0.41,1.83,INF,-1,0,7,0
2000,1,1,5.298,22.671,0.50,2.12,0.49,2.12,INF,-1,0,7,0
2020,1,1,3.884,20.784,0.36,1.94,0.36,1.94,INF,-1,0,7,0
2040,1,1,5.765,21.142,0.54,1.98,0.54,1.98,INF,-1,0,7,0
2060,1,1,5.293,23.751,0.49,2.22,0.49,2.22,INF,-1,0,7,0
2080,1,1,5.978,22.472,0.56,2.10,0.56,2.10,INF,-1,0,7,0
2100,1,1,5.397,21.887,0.50,2.04,0.50,2.04,INF,-1,0,7,0
2120,1,1,5.900,22.246,0.55,2.08,0.55,2.08,INF,-1,0,7,0
2140,1,1,5.885,21.357,0.55,2.00,0.55,2.00,INF,-1,0,7,0
2160,1,1,18.021,19.250,1.68,1.80,1.68,1.80,INF,-1,0,7,0
2180,1,1,17.885,21.756,1.67,2.03,1.67,2.03,INF,-1,0,7,0
2200,1,1,24.108,20.276,2.25,1.89,2.25,1.89,INF,-1,0,7,0
2220,1,1,23.109,19.636,2.16,1.83,2.16,1.83,INF,-1,1,7,0
2240,1,1,21.636,20.248,2.02,1.89,2.02,1.89,INF,-1,0,7,0
2260,1,1,22.433,21.924,2.10,2.05,2.09,2.05,INF,-1,0,7,0
2280,1,1,19.629,20.476,1.83,1.91,1.83,1.91,INF,-1,0,7,0
2300,1,1,23.301,22.767,2.18,2.13,2.18,2.13,INF,-1,0,7,0
2320,1,1,21.383,23.502,2.00,2.19,2.00,2.20,INF,-1,0,7,0
2340,1,1,23.771,21.627,2.22,2.02,2.22,2.02,INF,-1,0,7,0
2360,1,1,22.743,22.077,2.12,2.06,2.12,2.06,INF,-1,0,7,0
2380,1,1,25.099,21.082,2.34,1.97,2.34,1.97,INF,-1,0,7,0
2400,1,1,21.646,22.194,2.02,2.07,2.02,2.07,INF,-1,0,7,0
2420,1,1,23.125,20.574,2.16,1.92,2.16,1.92,INF,-1,0,7,0
2440,1,1,43.707,28.341,4.08,2.64,4.07,2.65,INF,-1,0,7,0
2460,1,1,40.458,26.879,3.78,2.51,3.77,2.51,INF,-1,0,7,0
2480,1,1,40.219,27.954,3.75,2.61,3.75,2.61,INF,-1,0,7,0
2500,1,1,42.983,30.788,4.01,2.87,4.01,2.88,INF,-1,0,7,0
2520,1,1,41.152,29.791,3.84,2.78,3.84,2.78,INF,-1,0,7,0
2540,1,1,43.902,29.744,4.10,2.77,4.09,2.78,INF,-1,0,7,0
2560,1,1,43.416,29.704,4.05,2.77,4.05,2.77,INF,-1,0,7,0
2580,1,1,42.831,28.599,4.00,2.66,3.99,2.67,INF,-1,1,7,0
2600,1,1,41.760,28.425,3.90,2.65,3.89,2.65,INF,-1,1,7,0
2620,1,1,42.231,29.839,3.94,2.78,3.94,2.79,INF,-1,1,7,0
2640,1,1,42.625,29.124,3.98,2.71,3.97,2.72,INF,-1,1,7,0
2660,1,1,44.369,30.093,4.14,2.80,4.13,2.81,INF,-1,1,7,0
2680,1,1,43.343,30.327,4.04,2.83,4.04,2.83,INF,-1,1,7,0
2700,1,1,42.368,29.019,3.95,2.70,3.95,2.71,INF,-1,1,7,0
2720,1,1,45.319,28.967,4.23,2.70,4.22,2.71,INF,-1,1,7,0
2740,1,1,44.085,29.587,4.11,2.76,4.11,2.76,INF,-1,1,7,0
2760,1,1,40.170,31.565,3.75,2.94,3.74,2.95,INF,-1,1,7,0
2780,1,1,40.886,29.453,3.82,2.74,3.81,2.75,INF,-1,1,7,0
2800,1,1,41.747,30.832,3.90,2.87,3.89,2.88,INF,-1,1,7,0
2820,1,1,42.294,30.808,3.95,2.87,3.94,2.88,INF,-1,1,7,0
2840,1,1,42.396,30.922,3.96,2.88,3.95,2.89,INF,-1,1,7,0
2860,1,1,41.858,32.350,3.91,3.01,3.90,3.02,INF,-1,0,7,0
2880,1,1,39.595,31.008,3.70,2.89,3.69,2.90,INF,-1,0,7,0
2900,1,1,43.368,34.656,4.05,3.23,4.04,3.24,INF,-1,0,7,0
2920,1,1,41.145,31.836,3.84,2.97,3.83,2.97,INF,-1,0,7,0
2940,1,1,43.269,34.107,4.04,3.18,4.03,3.18,INF,-1,0,7,0
2960,1,1,42.434,34.626,3.96,3.23,3.95,3.23,INF,-1,0,7,0
2980,1,1,41.198,33.433,3.84,3.11,3.84,3.12,INF,-1,0,7,0
3000,1,1,42.987,32.630,4.01,3.04,4.01,3.05,INF,-1,0,7,0
3020,1,1,41.067,33.486,3.83,3.12,3.83,3.13,INF,-1,0,7,0
3040,1,1,41.725,33.606,3.89,3.13,3.89,3.14,INF,-1,0,7,0
3060,1,1,41.963,32.898,3.92,3.06,3.91,3.07,INF,-1,0,7,0
3080,1,1,41.773,35.133,3.90,3.27,3.89,3.28,INF,-1,0,7,0
3100,1,1,40.827,33.025,3.81,3.08,3.80,3.08,INF,-1,1,7,0
3120,1,1,41.287,33.075,3.85,3.08,3.85,3.09,INF,-1,1,7,0
3140,1,1,41.317,32.750,3.86,3.05,3.85,3.06,INF,-1,1,7,0
3160,1,1,40.912,34.720,3.82,3.23,3.81,3.24,INF,-1,1,7,0
3180,1,1,43.449,34.920,4.05,3.25,4.05,3.26,INF,-1,1,7,0
3200,1,1,41.500,34.259,3.87,3.19,3.87,3.20,INF,-1,1,7,0
3220,1,1,38.951,34.265,3.64,3.19,3.63,3.20,INF,-1,1,7,0
3240,1,1,2.768,25.761,0.26,2.41,0.26,2.41,INF,-1,1,7,0
3260,1,1,-1.096,27.025,-0.10,2.52,-0.10,2.52,INF,-1,1,7,0
3280,1,1,-2.666,28.360,-0.25,2.65,-0.25,2.65,INF,-1,0,7,0
3300,1,1,-1.713,28.611,-0.16,2.67,-0.16,2.67,INF,-1,0,7,0
3320,1,1,-1.764,28.516,-0.16,2.66,-0.16,2.66,INF,-1,0,7,0
3340,1,1,-2.162,28.905,-0.20,2.70,-0.20,2.70,INF,-1,0,7,0
3360,1,1,-1.180,27.921,-0.11,2.61,-0.11,2.61,INF,-1,0,7,0
3380,1,1,-0.475,27.548,-0.04,2.57,-0.04,2.57,INF,-1,0,7,0
3400,1,1,0.487,29.716,0.05,2.78,0.05,2.78,INF,-1,0,7,0
3420,1,1,2.439,28.591,0.23,2.67,0.23,2.67,INF,-1,0,7,0
3440,1,1,-1.467,27.268,-0.14,2.55,-0.14,2.55,INF,-1,0,7,0
3460,1,1,-2.409,26.620,-0.23,2.49,-0.22,2.49,INF,-1,0,7,0
3480,1,1,0.245,28.238,0.02,2.64,0.02,2.64,INF,-1,0,7,0
3500,1,1,-1.271,26.468,-0.12,2.47,-0.12,2.47,INF,-1,0,7,0
3520,1,1,-2.231,30.070,-0.21,2.81,-0.21,2.81,INF,-1,1,7,0
3540,1,1,0.906,27.441,0.08,2.56,0.08,2.56,INF,-1,1,7,0
3560,1,1,1.429,27.928,0.13,2.61,0.13,2.61,INF,-1,1,7,0
3580,1,1,-1.057,28.336,-0.10,2.65,-0.10,2.65,INF,-1,1,7,0
3600,1,1,0.292,28.469,0.03,2.66,0.03,2.66,INF,-1,1,7,0
3620,1,1,1.353,26.701,0.13,2.49,0.13,2.49,INF,-1,1,7,0
3640,1,1,-0.883,29.091,-0.08,2.72,-0.08,2.72,INF,-1,1,7,0
3660,1,1,0.059,27.690,0.01,2.59,0.01,2.59,INF,-1,1,7,0
3680,1,1,1.716,28.688,0.16,2.68,0.16,2.68,INF,-1,1,7,0
3700,1,1,1.352,27.521,0.13,2.57,0.13,2.57,INF,-1,1,7,0
3720,1,1,-0.316,27.903,-0.03,2.61,-0.03,2.61,INF,-1,1,7,0
3740,1,1,0.269,26.703,0.03,2.49,0.03,2.49,INF,-1,1,7,0
3760,1,1,-50.072,-30.839,-4.67,-2.87,-4.66,-2.88,INF,-1,1,7,0
3780,1,1,-50.273,-31.998,-4.69,-2.98,-4.68,-2.99,INF,-1,1,7,0
3800,1,1,-51.607,-31.608,-4.81,-2.94,-4.81,-2.95,INF,-1,0,7,0
3820,1,1,-54.800,-31.745,-5.11,-2.95,-5.10,-2.96,INF,-1,0,7,0
3840,1,1,-54.809,-34.308,-5.11,-3.19,-5.10,-3.20,INF,-1,0,7,0
3860,1,1,-53.142,-34.421,-4.95,-3.20,-4.95,-3.21,INF,-1,0,7,0
3880,1,1,-54.657,-36.003,-5.10,-3.35,-5.09,-3.36,INF,-1,0,7,0
3900,1,1,-54.160,-34.053,-5.05,-3.17,-5.04,-3.18,INF,-1,0,7,0
3920,1,1,-53.057,-33.278,-4.95,-3.10,-4.94,-3.11,INF,-1,0,7,0
3940,1,1,-47.649,-38.281,-4.44,-3.56,-4.44,-3.57,INF,-1,0,7,0
3960,1,1,-50.793,-39.216,-4.74,-3.65,-4.73,-3.66,INF,-1,0,7,0
3980,1,1,-48.826,-38.136,-4.55,-3.55,-4.55,-3.56,INF,-1,0,7,0
4000,1,1,-49.700,-39.978,-4.64,-3.72,-4.63,-3.73,INF,-1,0,7,0
4020,1,1,-52.002,-38.092,-4.85,-3.54,-4.84,-3.56,INF,-1,0,7,0
4040,1,1,-47.560,-37.067,-4.44,-3.45,-4.43,-3.46,INF,-1,1,7,0
4060,1,1,-48.644,-40.148,-4.54,-3.74,-4.53,-3.75,INF,-1,1,7,0
4080,1,1,-49.247,-39.900,-4.59,-3.71,-4.58,-3.72,INF,-1,1,7,0
4100,1,1,-48.495,-40.395,-4.52,-3.76,-4.51,-3.77,INF,-1,1,7,0
4120,1,1,-49.301,-38.360,-4.60,-3.57,-4.59,-3.58,INF,-1,1,7,0
4140,1,1,-46.795,-40.351,-4.37,-3.76,-4.36,-3.77,INF,-1,1,7,0
4160,1,1,-48.179,-38.129,-4.49,-3.55,-4.49,-3.56,INF,-1,1,7,0
4180,1,1,-51.351,-40.623,-4.79,-3.78,-4.78,-3.79,INF,-1,1,7,0
4200,1,1,-50.145,-38.135,-4.68,-3.55,-4.67,-3.56,INF,-1,1,7,0
4220,1,1,-54.573,-38.867,-5.09,-3.61,-5.08,-3.63,INF,-1,1,7,0
4240,1,1,-54.725,-39.083,-5.10,-3.63,-5.09,-3.65,INF,-1,1,7,0
4260,1,1,-51.991,-39.352,-4.85,-3.66,-4.84,-3.67,INF,-1,1,7,0
4280,1,1,-51.944,-40.226,-4.84,-3.74,-4.83,-3.75,INF,-1,1,7,0
4300,1,1,-53.326,-37.697,-4.97,-3.51,-4.96,-3.52,INF,-1,1,7,0
4320,1,1,-48.014,-38.153,-4.48,-3.55,-4.47,-3.56,INF,-1,1,7,0
4340,1,1,-48.524,-39.011,-4.53,-3.63,-4.52,-3.64,INF,-1,1,7,0
4360,1,1,-50.166,-39.107,-4.68,-3.64,-4.67,-3.65,INF,-1,1,7,0
4380,1,1,-48.134,-40.698,-4.49,-3.79,-4.48,-3.80,INF,-1,1,7,0
4400,1,1,-50.204,-40.314,-4.68,-3.75,-4.67,-3.76,INF,-1,1,7,0
4420,1,1,-51.506,-37.537,-4.80,-3.49,-4.79,-3.50,INF,-1,1,7,0
4440,1,1,-49.821,-38.255,-4.65,-3.56,-4.64,-3.57,INF,-1,1,7,0
4460,1,1,-50.177,-38.794,-4.68,-3.61,-4.67,-3.62,INF,-1,1,7,0
4480,1,1,-50.859,-39.594,-4.74,-3.68,-4.73,-3.70,INF,-1,1,7,0
4500,1,1,-49.645,-39.457,-4.63,-3.67,-4.62,-3.68,INF,-1,1,7,0
4520,1,1,-49.849,-40.102,-4.65,-3.73,-4.64,-3.74,INF,-1,1,7,0
4540,1,1,-49.907,-36.642,-4.65,-3.41,-4.65,-3.42,INF,-1,1,7,0
4560,1,1,-51.037,-37.613,-4.76,-3.50,-4.75,-3.51,INF,-1,1,7,0
4580,1,1,-50.321,-39.557,-4.69,-3.68,-4.68,-3.69,INF,-1,1,7,0
4600,1,1,-50.355,-40.154,-4.70,-3.74,-4.69,-3.75,INF,-1,1,7,0
4620,1,1,-51.517,-36.512,-4.80,-3.40,-4.80,-3.41,INF,-1,1,7,0
4640,1,1,-47.010,-38.669,-4.39,-3.60,-4.38,-3.61,INF,-1,1,7,0
4660,1,1,-49.451,-40.706,-4.61,-3.79,-4.60,-3.80,INF,-1,1,7,0
4680,1,1,-51.027,-39.741,-4.76,-3.70,-4.75,-3.71,INF,-1,1,7,0
4700,1,1,-49.119,-38.532,-4.58,-3.59,-4.57,-3.60,INF,-1,1,7,0
4720,1,1,-50.403,-38.055,-4.70,-3.54,-4.69,-3.55,INF,-1,1,7,0
4740,1,1,-50.596,-38.575,-4.72,-3.59,-4.71,-3.60,INF,-1,1,7,0
4760,1,1,-48.729,-39.857,-4.55,-3.71,-4.54,-3.72,INF,-1,1,7,0
4780,1,1,-49.902,-38.133,-4.65,-3.55,-4.65,-3.56,INF,-1,1,7,0
4800,1,1,-51.005,-39.394,-4.76,-3.66,-4.75,-3.68,INF,-1,1,7,0
4820,1,1,-50.905,-39.305,-4.75,-3.66,-4.74,-3.67,INF,-1,1,7,0
4840,1,1,-48.762,-39.383,-4.55,-3.66,-4.54,-3.68,INF,-1,1,7,0
4860,1,1,-52.069,-39.243,-4.86,-3.65,-4.85,-3.66,INF,-1,1,7,0
4880,1,1,-49.385,-38.971,-4.61,-3.63,-4.60,-3.64,INF,-1,1,7,0
4900,1,1,-48.012,-40.393,-4.48,-3.76,-4.47,-3.77,INF,-1,1,7,0
4920,1,1,-48.601,-37.458,-4.53,-3.49,-4.52,-3.50,INF,-1,1,7,0
4940,1,1,-49.590,-39.201,-4.63,-3.65,-4.62,-3.66,INF,-1,1,7,0
4960,1,1,-51.478,-39.280,-4.80,-3.65,-4.79,-3.67,INF,-1,1,7,0
4980,1,1,-50.384,-37.988,-4.70,-3.53,-4.69,-3.55,INF,-1,1,7,0
5000,1,1,-49.046,-38.150,-4.57,-3.55,-4.57,-3.56,INF,-1,1,7,0
5020,1,1,-48.174,-38.754,-4.49,-3.61,-4.48,-3.62,INF,-1,1,7,0
5040,1,1,-50.511,-38.807,-4.71,-3.61,-4.70,-3.62,INF,-1,1,7,0
5060,1,1,-50.937,-38.293,-4.75,-3.56,-4.74,-3.57,INF,-1,1,7,0
5080,1,1,-50.375,-41.791,-4.70,-3.89,-4.69,-3.90,INF,-1,1,7,0
5100,1,1,-50.688,-38.913,-4.73,-3.62,-4.72,-3.63,INF,-1,1,7,0
5120,1,1,-52.128,-39.057,-4.86,-3.63,-4.85,-3.65,INF,-1,1,7,0
5140,1,1,-49.122,-40.103,-4.58,-3.73,-4.57,-3.74,INF,-1,1,7,0
5160,1,1,-50.256,-41.057,-4.69,-3.82,-4.68,-3.83,INF,-1,1,7,0
5180,1,1,-50.899,-40.192,-4.75,-3.74,-4.74,-3.75,INF,-1,1,7,0
5200,1,1,-49.260,-40.772,-4.59,-3.79,-4.58,-3.81,INF,-1,1,7,0
5220,1,1,-50.399,-40.532,-4.70,-3.77,-4.69,-3.78,INF,-1,1,7,0
5240,1,1,-52.184,-38.839,-4.87,-3.61,-4.86,-3.63,INF,-1,1,7,0
5260,1,1,-51.161,-40.435,-4.77,-3.76,-4.76,-3.77,INF,-1,1,7,0
5280,1,1,-49.716,-40.069,-4.64,-3.73,-4.63,-3.74,INF,-1,1,7,0
5300,1,1,-50.814,-41.066,-4.74,-3.82,-4.73,-3.83,INF,-1,1,7,0
5320,1,1,-50.143,-39.689,-4.68,-3.69,-4.67,-3.70,INF,-1,1,7,0
5340,1,1,-50.826,-39.572,-4.74,-3.68,-4.73,-3.69,INF,-1,1,7,0
5360,1,1,-51.325,-40.039,-4.79,-3.72,-4.78,-3.74,INF,-1,1,7,0
5380,1,1,-50.965,-39.066,-4.75,-3.63,-4.74,-3.65,INF,-1,1,7,0
5400,1,1,-47.368,-40.340,-4.42,-3.75,-4.41,-3.77,INF,-1,1,7,0
5420,1,1,-48.454,-39.207,-4.52,-3.65,-4.51,-3.66,INF,-1,1,7,0
5440,1,1,-55.060,-40.196,-5.13,-3.74,-5.12,-3.75,INF,-1,1,7,0
5460,1,1,-53.542,-39.372,-4.99,-3.66,-4.98,-3.67,INF,-1,1,7,0
5480,1,1,-52.178,-40.648,-4.87,-3.78,-4.85,-3.79,INF,-1,1,7,0
5500,1,1,-51.902,-42.641,-4.84,-3.96,-4.83,-3.98,INF,-1,1,7,0
5520,1,1,-52.731,-40.710,-4.92,-3.79,-4.91,-3.80,INF,-1,1,7,0
5540,1,1,-52.323,-39.430,-4.88,-3.67,-4.87,-3.68,INF,-1,1,7,0
5560,1,1,-45.141,-40.029,-4.21,-3.73,-4.20,-3.74,INF,-1,1,7,0
5580,1,1,-50.193,-37.453,-4.68,-3.48,-4.67,-3.50,INF,-1,1,7,0
5600,1,1,-46.230,-39.016,-4.31,-3.63,-4.30,-3.64,INF,-1,1,7,0
5620,1,1,-48.414,-39.221,-4.52,-3.65,-4.51,-3.66,INF,-1,1,7,0
5640,1,1,-47.298,-39.300,-4.41,-3.66,-4.40,-3.67,INF,-1,1,7,0
5660,1,1,-47.916,-40.300,-4.47,-3.75,-4.46,-3.76,INF,-1,1,7,0
5680,1,1,-47.799,-41.588,-4.46,-3.87,-4.45,-3.88,INF,-1,1,7,0
5700,1,1,-47.924,-39.598,-4.47,-3.68,-4.46,-3.70,INF,-1,1,7,0
5720,1,1,-50.102,-39.842,-4.67,-3.71,-4.66,-3.72,INF,-1,1,7,0
5740,1,1,-48.334,-41.709,-4.51,-3.88,-4.50,-3.89,INF,-1,1,7,0
5760,1,1,-47.454,-42.141,-4.43,-3.92,-4.42,-3.93,INF,-1,1,7,0
5780,1,1,-48.659,-42.336,-4.54,-3.94,-4.53,-3.95,INF,-1,1,7,0
5800,1,1,-49.061,-43.204,-4.58,-4.02,-4.56,-4.03,INF,-1,1,7,0
5820,1,1,-48.837,-41.200,-4.56,-3.83,-4.54,-3.85,INF,-1,1,7,0
5840,1,1,-50.714,-42.585,-4.73,-3.96,-4.72,-3.97,INF,-1,1,7,0
5860,1,1,-50.213,-42.342,-4.68,-3.94,-4.67,-3.95,INF,-1,1,7,0
5880,1,1,-49.934,-40.301,-4.66,-3.75,-4.65,-3.76,INF,-1,1,7,0
5900,1,1,-49.827,-40.153,-4.65,-3.74,-4.64,-3.75,INF,-1,1,7,0
5920,1,1,-48.853,-40.935,-4.56,-3.81,-4.55,-3.82,INF,-1,1,7,0
5940,1,1,-51.308,-40.794,-4.78,-3.79,-4.77,-3.81,INF,-1,1,7,0
5960,1,1,-50.618,-41.806,-4.72,-3.89,-4.71,-3.90,INF,-1,1,7,0
5980,1,1,-49.814,-40.529,-4.65,-3.77,-4.64,-3.78,INF,-1,1,7,0
6000,1,1,-51.762,-38.145,-4.83,-3.55,-4.82,-3.56,INF,-1,1,7,0
6020,1,1,-50.898,-42.405,-4.75,-3.94,-4.74,-3.96,INF,-1,1,7,0
6040,1,1,-50.884,-42.448,-4.75,-3.95,-4.73,-3.96,INF,-1,1,7,0
6060,1,1,-50.917,-40.277,-4.75,-3.75,-4.74,-3.76,INF,-1,1,7,0
6080,1,1,-48.707,-42.848,-4.54,-3.99,-4.53,-4.00,INF,-1,1,7,0
6100,1,1,-51.599,-39.947,-4.81,-3.72,-4.80,-3.73,INF,-1,1,7,0
6120,1,1,-52.419,-38.499,-4.89,-3.58,-4.88,-3.59,INF,-1,1,7,0
6140,1,1,-51.479,-39.099,-4.80,-3.64,-4.79,-3.65,INF,-1,1,7,0
6160,1,1,-48.768,-42.602,-4.55,-3.96,-4.54,-3.98,INF,-1,1,7,0
6180,1,1,-52.050,-40.641,-4.85,-3.78,-4.84,-3.79,INF,-1,1,7,0
6200,1,1,-50.954,-37.458,-4.75,-3.48,-4.74,-3.50,INF,-1,1,7,0
6220,1,1,-50.446,-39.681,-4.70,-3.69,-4.69,-3.70,INF,-1,1,7,0
6240,1,1,-51.607,-38.808,-4.81,-3.61,-4.80,-3.62,INF,-1,1,7,0
6260,1,1,-50.934,-40.574,-4.75,-3.77,-4.74,-3.79,INF,-1,1,7,0
6280,1,1,-53.467,-40.851,-4.98,-3.80,-4.97,-3.81,INF,-1,1,7,0
6300,1,1,-51.410,-37.571,-4.79,-3.50,-4.79,-3.51,INF,-1,1,7,0
6320,1,1,-50.409,-39.302,-4.70,-3.66,-4.69,-3.67,INF,-1,1,7,0
6340,1,1,-52.084,-38.104,-4.86,-3.54,-4.85,-3.56,INF,-1,1,7,0
6360,1,1,-52.412,-40.018,-4.89,-3.72,-4.88,-3.74,INF,-1,1,7,0
6380,1,1,-50.242,-38.588,-4.69,-3.59,-4.68,-3.60,INF,-1,1,7,0
6400,1,1,-50.749,-39.926,-4.73,-3.71,-4.72,-3.73,INF,-1,1,7,0
6420,1,1,-50.682,-38.552,-4.73,-3.59,-4.72,-3.60,INF,-1,1,7,0
6440,1,1,-50.334,-38.247,-4.69,-3.56,-4.69,-3.57,INF,-1,1,7,0
6460,1,1,-53.450,-38.200,-4.98,-3.55,-4.97,-3.57,INF,-1,1,7,0
6480,1,1,-51.055,-40.500,-4.76,-3.77,-4.75,-3.78,INF,-1,1,7,0
6500,1,1,-50.813,-40.164,-4.74,-3.74,-4.73,-3.75,INF,-1,1,7,0
6520,1,1,-49.663,-39.116,-4.63,-3.64,-4.62,-3.65,INF,-1,1,7,0
6540,1,1,-53.693,-38.960,-5.01,-3.62,-5.00,-3.64,INF,-1,1,7,0
6560,1,1,-51.357,-39.807,-4.79,-3.70,-4.78,-3.72,INF,-1,1,7,0
6580,1,1,-51.306,-39.113,-4.78,-3.64,-4.77,-3.65,INF,-1,1,7,0
6600,1,1,-51.535,-38.023,-4.81,-3.54,-4.80,-3.55,INF,-1,1,7,0
6620,1,1,-52.099,-39.382,-4.86,-3.66,-4.85,-3.68,INF,-1,1,7,0
6640,1,1,-51.974,-39.396,-4.85,-3.66,-4.84,-3.68,INF,-1,1,7,0
6660,1,1,-51.222,-39.889,-4.78,-3.71,-4.77,-3.72,INF,-1,1,7,0
6680,1,1,-51.866,-39.842,-4.84,-3.71,-4.83,-3.72,INF,-1,1,7,0
6700,1,1,-51.346,-38.653,-4.79,-3.60,-4.78,-3.61,INF,-1,1,7,0
6720,1,1,-50.894,-39.734,-4.75,-3.70,-4.74,-3.71,INF,-1,1,7,0
6740,1,1,-53.045,-39.522,-4.95,-3.68,-4.94,-3.69,INF,-1,1,7,0
6760,1,1,-51.312,-39.075,-4.78,-3.63,-4.78,-3.65,INF,-1,1,7,0
6780,1,1,-51.286,-40.097,-4.78,-3.73,-4.77,-3.74,INF,-1,1,7,0
6800,1,1,-52.281,-41.615,-4.87,-3.87,-4.86,-3.88,INF,-1,1,7,0
6820,1,1,-51.210,-40.876,-4.78,-3.80,-4.76,-3.81,INF,-1,1,7,0
6840,1,1,-50.986,-40.034,-4.75,-3.72,-4.74,-3.74,INF,-1,1,7,0
6860,1,1,-51.961,-40.089,-4.85,-3.73,-4.83,-3.74,INF,-1,1,7,0
6880,1,1,-53.086,-39.256,-4.95,-3.65,-4.94,-3.66,INF,-1,1,7,0
6900,1,1,-51.770,-38.928,-4.83,-3.62,-4.82,-3.63,INF,-1,1,7,0
6920,1,1,-53.220,-40.250,-4.96,-3.74,-4.95,-3.76,INF,-1,1,7,0
6940,1,1,-50.553,-39.934,-4.71,-3.71,-4.70,-3.73,INF,-1,1,7,0
6960,1,1,-49.894,-41.502,-4.65,-3.86,-4.64,-3.87,INF,-1,1,7,0
6980,1,1,-50.919,-42.698,-4.75,-3.97,-4.74,-3.98,INF,-1,1,7,0
7000,1,1,-50.898,-40.445,-4.75,-3.76,-4.74,-3.77,INF,-1,1,7,0
7020,1,1,-52.504,-41.387,-4.90,-3.85,-4.88,-3.86,INF,-1,1,7,0
7040,1,1,-53.463,-39.647,-4.98,-3.69,-4.97,-3.70,INF,-1,1,7,0
7060,1,1,-51.986,-39.011,-4.85,-3.63,-4.84,-3.64,INF,-1,1,7,0
7080,1,1,-53.041,-39.088,-4.95,-3.63,-4.94,-3.65,INF,-1,1,7,0
7100,1,1,-51.428,-40.958,-4.80,-3.81,-4.79,-3.82,INF,-1,1,7,0
7120,1,1,-52.913,-39.573,-4.93,-3.68,-4.92,-3.69,INF,-1,1,7,0
7140,1,1,-52.021,-40.866,-4.85,-3.80,-4.84,-3.81,INF,-1,1,7,0
7160,1,1,-50.374,-39.336,-4.70,-3.66,-4.69,-3.67,INF,-1,1,7,0
7180,1,1,-47.616,-36.740,-4.44,-3.42,-4.43,-3.43,INF,-1,1,7,0
7200,1,1,-50.925,-37.992,-4.75,-3.53,-4.74,-3.55,INF,-1,1,7,0
7220,1,1,-47.659,-38.814,-4.45,-3.61,-4.44,-3.62,INF,-1,1,7,0
7240,1,1,-3.596,-25.092,-0.34,-2.34,-0.34,-2.34,INF,-1,1,7,0
7260,1,1,-4.544,-26.816,-0.42,-2.50,-0.42,-2.50,INF,-1,1,7,0
7280,1,1,-0.547,-27.031,-0.05,-2.52,-0.05,-2.52,INF,-1,0,7,0
7300,1,1,-4.695,-25.435,-0.44,-2.38,-0.44,-2.38,INF,-1,0,7,0
7320,1,1,-1.073,-24.178,-0.10,-2.26,-0.10,-2.26,INF,-1,0,7,0
7340,1,1,-2.972,-24.010,-0.28,-2.24,-0.28,-2.24,INF,-1,0,7,0
7360,1,1,0.025,-26.609,0.00,-2.49,0.00,-2.49,INF,-1,0,7,0
7380,1,1,-1.272,-25.099,-0.12,-2.34,-0.12,-2.34,INF,-1,0,7,0
7400,1,1,2.310,-22.300,0.22,-2.08,0.22,-2.08,INF,-1,0,7,0
7420,1,1,-1.017,19.818,-0.10,1.85,-0.10,1.85,INF,-1,0,7,0
7440,1,1,-4.485,25.328,-0.42,2.37,-0.42,2.37,INF,-1,0,7,0
7460,1,1,-4.469,22.243,-0.42,2.08,-0.42,2.08,INF,-1,0,7,0
7480,1,1,-4.369,22.350,-0.41,2.09,-0.41,2.09,INF,-1,0,7,0
7500,1,1,-5.182,22.717,-0.48,2.12,-0.48,2.12,INF,-1,0,7,0
7520,1,1,-5.132,23.049,-0.48,2.15,-0.48,2.15,INF,-1,0,7,0
7540,1,1,-5.610,24.529,-0.52,2.29,-0.52,2.29,INF,-1,0,7,0
7560,1,1,-3.820,22.901,-0.36,2.14,-0.36,2.14,INF,-1,0,7,0
7580,1,1,-4.502,23.134,-0.42,2.16,-0.42,2.16,INF,-1,0,7,0
7600,1,1,-3.699,21.733,-0.35,2.03,-0.35,2.03,INF,-1,0,7,0
7620,1,1,-1.414,27.422,-0.13,2.56,-0.13,2.56,INF,-1,0,7,0
7640,1,1,-3.011,30.118,-0.28,2.81,-0.28,2.81,INF,-1,0,7,0
7660,1,1,-2.862,27.902,-0.27,2.61,-0.27,2.61,INF,-1,0,7,0
7680,1,1,-2.182,30.254,-0.20,2.83,-0.20,2.83,INF,-1,0,7,0
7700,1,1,-3.594,27.755,-0.34,2.59,-0.34,2.59,INF,-1,1,7,0
7720,1,1,-5.481,28.694,-0.51,2.68,-0.51,2.68,INF,-1,1,7,0
7740,1,1,-3.903,27.681,-0.36,2.59,-0.36,2.59,INF,-1,1,7,0
7760,1,1,-3.972,28.006,-0.37,2.62,-0.37,2.62,INF,-1,1,7,0
7780,1,1,-5.488,29.973,-0.51,2.80,-0.51,2.80,INF,-1,1,7,0
7800,1,1,-3.700,28.893,-0.35,2.70,-0.35,2.70,INF,-1,1,7,0
7820,1,1,-2.296,28.034,-0.21,2.62,-0.21,2.62,INF,-1,1,7,0
7840,1,1,-2.136,26.394,-0.20,2.47,-0.20,2.47,INF,-1,1,7,0
7860,1,1,-4.900,29.873,-0.46,2.79,-0.46,2.79,INF,-1,1,7,0
7880,1,1,-1.793,26.163,-0.17,2.44,-0.17,2.44,INF,-1,1,7,0
7900,1,1,-1.288,27.324,-0.12,2.55,-0.12,2.55,INF,-1,1,7,0
7920,1,1,-2.542,28.129,-0.24,2.63,-0.24,2.63,INF,-1,1,7,0
7940,1,1,-2.985,28.313,-0.28,2.64,-0.28,2.64,INF,-1,1,7,0
7960,1,1,-3.315,28.860,-0.31,2.70,-0.31,2.70,INF,-1,1,7,0
7980,1,1,9.092,28.617,0.85,2.67,0.85,2.67,INF,-1,1,7,0
8000,1,1,40.334,32.176,3.76,3.00,3.76,3.00,INF,-1,1,7,0
8020,1,1,38.963,32.949,3.64,3.07,3.63,3.08,INF,-1,0,7,0
8040,1,1,41.913,33.662,3.91,3.14,3.91,3.14,INF,-1,0,7,0
8060,1,1,39.030,31.860,3.64,2.97,3.64,2.98,INF,-1,0,7,0
8080,1,1,40.240,33.687,3.76,3.14,3.75,3.15,INF,-1,0,7,0
8100,1,1,41.419,33.727,3.87,3.14,3.86,3.15,INF,-1,0,7,0
8120,1,1,41.665,32.938,3.89,3.07,3.88,3.08,INF,-1,0,7,0
8140,1,1,41.781,33.585,3.90,3.13,3.89,3.14,INF,-1,0,7,0
8160,1,1,40.909,34.739,3.82,3.24,3.81,3.24,INF,-1,0,7,0
8180,1,1,42.434,34.156,3.96,3.18,3.95,3.19,INF,-1,0,7,0
8200,1,1,41.589,34.326,3.88,3.20,3.88,3.21,INF,-1,0,7,0
8220,1,1,42.131,31.371,3.93,2.92,3.93,2.93,INF,-1,0,7,0
8240,1,1,41.363,35.700,3.86,3.33,3.85,3.33,INF,-1,0,7,0
8260,1,1,41.672,34.776,3.89,3.24,3.88,3.25,INF,-1,0,7,0
8280,1,1,42.512,34.889,3.97,3.25,3.96,3.26,INF,-1,1,7,0
8300,1,1,41.338,35.090,3.86,3.27,3.85,3.28,INF,-1,1,7,0
8320,1,1,43.195,33.003,4.03,3.07,4.02,3.08,INF,-1,1,7,0
8340,1,1,42.445,35.531,3.96,3.31,3.95,3.32,INF,-1,1,7,0
8360,1,1,41.769,34.052,3.90,3.17,3.89,3.18,INF,-1,1,7,0
8380,1,1,39.979,33.800,3.73,3.15,3.73,3.16,INF,-1,1,7,0
8400,1,1,40.715,33.631,3.80,3.13,3.79,3.14,INF,-1,1,7,0
8420,1,1,42.703,33.487,3.98,3.12,3.98,3.13,INF,-1,1,7,0
8440,1,1,41.362,34.196,3.86,3.19,3.85,3.19,INF,-1,1,7,0
8460,1,1,41.178,33.668,3.84,3.14,3.84,3.14,INF,-1,1,7,0
8480,1,1,42.242,34.561,3.94,3.22,3.94,3.23,INF,-1,1,7,0
8500,1,1,41.489,34.481,3.87,3.21,3.87,3.22,INF,-1,1,7,0
8520,1,1,41.846,35.413,3.91,3.30,3.90,3.31,INF,-1,1,7,0
8540,1,1,27.835,29.975,2.60,2.80,2.60,2.80,INF,-1,1,7,0
8560,1,1,-3.530,28.785,-0.33,2.69,-0.33,2.69,INF,-1,1,7,0
8580,1,1,-3.120,30.788,-0.29,2.88,-0.29,2.88,INF,-1,0,7,0
8600,1,1,-3.719,30.384,-0.35,2.84,-0.35,2.84,INF,-1,0,7,0
8620,1,1,-2.560,29.151,-0.24,2.72,-0.24,2.72,INF,-1,0,7,0
8640,1,1,-3.199,28.852,-0.30,2.69,-0.30,2.69,INF,-1,0,7,0
8660,1,1,-2.875,28.939,-0.27,2.70,-0.27,2.70,INF,-1,0,7,0
8680,1,1,-4.832,29.888,-0.45,2.79,-0.45,2.79,INF,-1,0,7,0
8700,1,1,-2.829,29.638,-0.26,2.77,-0.26,2.77,INF,-1,0,7,0
8720,1,1,-2.834,28.875,-0.26,2.70,-0.26,2.70,INF,-1,0,7,0
8740,1,1,-1.364,26.961,-0.13,2.52,-0.13,2.52,INF,-1,0,7,0
8760,1,1,-5.813,29.874,-0.54,2.79,-0.54,2.79,INF,-1,0,7,0
8780,1,1,-4.034,28.999,-0.38,2.71,-0.38,2.71,INF,-1,0,7,0
8800,1,1,-2.741,29.204,-0.26,2.73,-0.26,2.73,INF,-1,0,7,0
8820,1,1,-2.457,30.058,-0.23,2.81,-0.23,2.81,INF,-1,0,7,0
8840,1,1,-1.822,27.287,-0.17,2.55,-0.17,2.55,INF,-1,1,7,0
8860,1,1,-5.067,31.922,-0.47,2.98,-0.47,2.98,INF,-1,1,7,0
8880,1,1,-4.086,28.925,-0.38,2.70,-0.38,2.70,INF,-1,1,7,0
8900,1,1,6.286,33.631,0.59,3.14,0.59,3.14,INF,-1,1,7,0
8920,1,1,2.304,34.773,0.22,3.25,0.22,3.25,INF,-1,1,7,0
8940,1,1,6.102,34.488,0.57,3.22,0.57,3.22,INF,-1,1,7,0
8960,1,1,5.945,33.525,0.56,3.13,0.55,3.13,INF,-1,1,7,0
8980,1,1,5.938,34.588,0.55,3.23,0.55,3.23,INF,-1,0,7,0
9000,1,1,5.492,33.779,0.51,3.15,0.51,3.15,INF,-1,0,7,0
9020,1,1,3.278,35.849,0.31,3.35,0.31,3.35,INF,-1,0,7,0
9040,1,1,4.534,32.578,0.42,3.04,0.42,3.04,INF,-1,0,7,0
9060,1,1,2.109,33.648,0.20,3.14,0.20,3.14,INF,-1,0,7,0
9080,1,1,2.548,34.128,0.24,3.19,0.24,3.19,INF,-1,0,7,0
9100,1,1,1.760,32.276,0.16,3.01,0.16,3.01,INF,-1,0,7,0
9120,1,1,4.078,31.036,0.38,2.90,0.38,2.90,INF,-1,0,7,0
9140,1,1,5.232,33.256,0.49,3.11,0.49,3.11,INF,-1,0,7,0
9160,1,1,37.467,26.972,3.50,2.51,3.49,2.52,INF,-1,0,7,0
9180,1,1,40.642,29.948,3.79,2.79,3.79,2.80,INF,-1,0,7,0
9200,1,1,39.270,29.523,3.67,2.75,3.66,2.76,INF,-1,0,7,0
9220,1,1,39.917,28.119,3.73,2.62,3.72,2.63,INF,-1,0,7,0
9240,1,1,37.476,28.496,3.50,2.66,3.49,2.66,INF,-1,0,7,0
9260,1,1,38.783,27.609,3.62,2.57,3.62,2.58,INF,-1,0,7,0
9280,1,1,37.766,28.491,3.53,2.66,3.52,2.66,INF,-1,0,7,0
9300,1,1,36.876,29.389,3.44,2.74,3.44,2.74,INF,-1,0,7,0
9320,1,1,39.548,27.337,3.69,2.55,3.69,2.55,INF,-1,0,7,0
9340,1,1,37.010,27.151,3.46,2.53,3.45,2.54,INF,-1,0,7,0
9360,1,1,38.483,26.166,3.59,2.44,3.59,2.44,INF,-1,0,7,0
9380,1,1,38.554,26.965,3.60,2.51,3.60,2.52,INF,-1,0,7,0
9400,1,1,38.158,28.133,3.56,2.62,3.56,2.63,INF,-1,1,7,0
9420,1,1,39.072,28.408,3.65,2.65,3.64,2.65,INF,-1,1,7,0
9440,1,1,38.788,28.306,3.62,2.64,3.62,2.64,INF,-1,1,7,0
9460,1,1,39.984,27.434,3.73,2.56,3.73,2.56,INF,-1,1,7,0
9480,1,1,37.116,28.712,3.46,2.68,3.46,2.68,INF,-1,1,7,0
9500,1,1,38.215,29.484,3.57,2.75,3.56,2.75,INF,-1,1,7,0
9520,1,1,38.743,31.054,3.62,2.89,3.61,2.90,INF,-1,1,7,0
9540,1,1,47.014,25.014,4.39,2.33,4.38,2.34,INF,-1,1,7,0
9560,1,1,43.657,26.494,4.07,2.47,4.07,2.47,INF,-1,1,7,0
9580,1,1,43.097,27.175,4.02,2.53,4.02,2.54,INF,-1,1,7,0
9600,1,1,43.579,26.379,4.07,2.46,4.06,2.46,INF,-1,1,7,0
9620,1,1,44.336,26.669,4.14,2.48,4.13,2.49,INF,-1,1,7,0
9640,1,1,43.275,29.323,4.04,2.73,4.03,2.74,INF,-1,1,7,0
9660,1,1,43.642,27.729,4.07,2.58,4.07,2.59,INF,-1,1,7,0
9680,1,1,43.986,27.595,4.10,2.57,4.10,2.58,INF,-1,1,7,0
9700,1,1,44.640,27.377,4.17,2.55,4.16,2.56,INF,-1,1,7,0
9720,1,1,43.958,26.807,4.10,2.50,4.10,2.50,INF,-1,0,7,0
9740,1,1,43.295,26.688,4.04,2.49,4.04,2.49,INF,-1,0,7,0
9760,1,1,27.944,27.617,2.61,2.58,2.61,2.58,INF,-1,0,7,0
9780,1,1,31.576,30.613,2.95,2.86,2.95,2.86,INF,-1,0,7,0
9800,1,1,31.116,28.604,2.91,2.67,2.90,2.67,INF,-1,0,7,0
9820,1,1,29.587,31.394,2.76,2.93,2.76,2.93,INF,-1,0,7,0
9840,1,1,29.811,28.985,2.78,2.70,2.78,2.71,INF,-1,0,7,0
9860,1,1,31.113,27.831,2.91,2.60,2.90,2.60,INF,-1,0,7,0
9880,1,1,32.096,27.205,3.00,2.54,2.99,2.54,INF,-1,0,7,0
9900,1,1,30.171,27.571,2.82,2.57,2.81,2.58,INF,-1,0,7,0
9920,1,1,31.049,28.024,2.90,2.61,2.90,2.62,INF,-1,0,7,0
9940,1,1,32.668,28.335,3.05,2.64,3.05,2.65,INF,-1,0,7,0
9960,1,1,33.944,27.041,3.17,2.52,3.17,2.53,INF,-1,1,7,0
9980,1,1,32.599,27.063,3.04,2.52,3.04,2.53,INF,-1,1,7,0
10000,1,1,30.669,28.056,2.86,2.62,2.86,2.62,INF,-1,1,7,0
10020,1,1,47.104,30.393,4.39,2.83,4.39,2.84,INF,-1,1,7,0
10040,1,1,43.975,30.783,4.10,2.87,4.10,2.87,INF,-1,1,7,0
10060,1,1,44.585,28.726,4.16,2.68,4.16,2.68,INF,-1,1,7,0
10080,1,1,43.251,31.162,4.04,2.90,4.03,2.91,INF,-1,1,7,0
10100,1,1,45.055,27.861,4.20,2.60,4.20,2.60,INF,-1,1,7,0
10120,1,1,43.673,28.486,4.08,2.65,4.07,2.66,INF,-1,1,7,0
10140,1,1,42.523,27.116,3.97,2.53,3.96,2.53,INF,-1,1,7,0
10160,1,1,44.140,27.896,4.12,2.60,4.11,2.61,INF,-1,1,7,0
10180,1,1,42.320,28.762,3.95,2.68,3.94,2.69,INF,-1,1,7,0
10200,1,1,45.605,27.684,4.25,2.58,4.25,2.59,INF,-1,1,7,0
10220,1,1,43.745,26.400,4.08,2.46,4.08,2.47,INF,-1,1,7,0
10240,1,1,43.296,26.628,4.04,2.48,4.04,2.49,INF,-1,1,7,0
10260,1,1,42.736,27.623,3.99,2.57,3.98,2.58,INF,-1,1,7,0
10280,1,1,42.832,28.279,4.00,2.63,3.99,2.64,INF,-1,1,7,0
10300,1,1,45.413,25.005,4.24,2.33,4.23,2.34,INF,-1,1,7,0
10320,1,1,43.797,27.463,4.09,2.56,4.08,2.57,INF,-1,1,7,0
10340,1,1,46.075,24.572,4.30,2.29,4.29,2.30,INF,-1,1,7,0
10360,1,1,30.191,28.516,2.82,2.66,2.82,2.66,INF,-1,1,7,0
10380,1,1,36.458,28.055,3.40,2.62,3.40,2.62,INF,-1,1,7,0
10400,1,1,34.477,28.678,3.22,2.67,3.22,2.68,INF,-1,1,7,0
10420,1,1,35.321,27.509,3.30,2.57,3.29,2.57,INF,-1,1,7,0
10440,1,1,35.969,26.883,3.36,2.51,3.35,2.51,INF,-1,1,7,0
10460,1,1,34.912,27.232,3.26,2.54,3.26,2.54,INF,-1,1,7,0
10480,1,1,38.232,25.152,3.57,2.35,3.57,2.35,INF,-1,1,7,0
10500,1,1,36.520,29.157,3.41,2.72,3.41,2.72,INF,-1,1,7,0
10520,1,1,35.456,25.076,3.31,2.34,3.31,2.34,INF,-1,1,7,0
10540,1,1,36.862,26.189,3.44,2.44,3.44,2.45,INF,-1,1,7,0
10560,1,1,43.103,26.724,4.02,2.49,4.02,2.50,INF,-1,1,7,0
10580,1,1,40.095,27.055,3.74,2.52,3.74,2.53,INF,-1,1,7,0
10600,1,1,42.223,26.757,3.94,2.49,3.94,2.50,INF,-1,1,7,0
10620,1,1,42.056,27.572,3.92,2.57,3.92,2.58,INF,-1,1,7,0
10640,1,1,40.761,27.060,3.80,2.52,3.80,2.53,INF,-1,1,7,0
10660,1,1,42.382,27.949,3.96,2.60,3.95,2.61,INF,-1,1,7,0
10680,1,1,41.592,29.845,3.88,2.78,3.88,2.79,INF,-1,1,7,0
10700,1,1,41.705,29.021,3.89,2.70,3.89,2.71,INF,-1,1,7,0
10720,1,1,40.497,27.149,3.78,2.53,3.78,2.54,INF,-1,1,7,0
10740,1,1,39.238,24.735,3.66,2.31,3.66,2.31,INF,-1,1,7,0
10760,1,1,-3.445,16.238,-0.32,1.52,-0.32,1.52,INF,-1,1,7,0
10780,1,1,0.485,19.650,0.05,1.84,0.05,1.84,INF,-1,1,7,0
10800,1,1,-0.692,19.808,-0.06,1.85,-0.06,1.85,INF,-1,0,7,0
10820,1,1,-3.100,19.000,-0.29,1.78,-0.29,1.78,INF,-1,0,7,0
10840,1,1,-1.487,18.859,-0.14,1.76,-0.14,1.76,INF,-1,0,7,0
10860,1,1,-1.163,17.769,-0.11,1.66,-0.11,1.66,INF,-1,0,7,0
10880,1,1,0.946,17.487,0.09,1.63,0.09,1.63,INF,-1,0,7,0
10900,1,1,-1.583,16.164,-0.15,1.51,-0.15,1.51,INF,-1,0,7,0
10920,1,1,-3.253,18.997,-0.30,1.78,-0.30,1.78,INF,-1,0,7,0
10940,1,1,-0.488,18.970,-0.05,1.77,-0.05,1.77,INF,-1,0,7,0
10960,1,1,3.242,15.348,0.30,1.43,0.30,1.43,INF,-1,0,7,0
10980,1,1,-0.573,18.647,-0.05,1.74,-0.05,1.74,INF,-1,0,7,0
11000,1,1,-3.415,21.597,-0.32,2.02,-0.32,2.02,INF,-1,0,7,0
11020,1,1,-0.639,22.183,-0.06,2.07,-0.06,2.07,INF,-1,0,7,0
11040,1,1,-1.417,19.652,-0.13,1.84,-0.13,1.84,INF,-1,1,7,0
11060,1,1,-1.262,19.986,-0.12,1.87,-0.12,1.87,INF,-1,1,7,0
11080,1,1,-1.905,20.017,-0.18,1.87,-0.18,1.87,INF,-1,1,7,0
11100,1,1,-1.986,16.922,-0.19,1.58,-0.19,1.58,INF,-1,1,7,0
11120,1,1,0.694,19.050,0.06,1.78,0.06,1.78,INF,-1,1,7,0
11140,1,1,-1.428,22.540,-0.13,2.11,-0.13,2.11,INF,-1,1,7,0
11160,1,1,-1.524,20.205,-0.14,1.89,-0.14,1.89,INF,-1,1,7,0
11180,1,1,-0.963,22.173,-0.09,2.07,-0.09,2.07,INF,-1,1,7,0
11200,1,1,-2.743,20.828,-0.26,1.95,-0.26,1.95,INF,-1,1,7,0
11220,1,1,-1.498,21.428,-0.14,2.00,-0.14,2.00,INF,-1,1,7,0
11240,1,1,-0.613,21.037,-0.06,1.97,-0.06,1.97,INF,-1,1,7,0
11260,1,1,-1.545,21.792,-0.14,2.04,-0.14,2.04,INF,-1,1,7,0
11280,1,1,-1.572,20.575,-0.15,1.92,-0.15,1.92,INF,-1,1,7,0
11300,1,1,0.004,22.806,0.00,2.13,0.00,2.13,INF,-1,1,7,0
11320,1,1,0.988,22.351,0.09,2.09,0.09,2.09,INF,-1,1,7,0
11340,1,1,-1.189,18.927,-0.11,1.77,-0.11,1.77,INF,-1,1,7,0
11360,1,1,0.235,22.626,0.02,2.11,0.02,2.11,INF,-1,1,7,0
11380,1,1,0.522,22.459,0.05,2.10,0.05,2.10,INF,-1,1,7,0
11400,1,1,0.531,22.173,0.05,2.07,0.05,2.07,INF,-1,1,7,0
11420,1,1,1.024,22.525,0.10,2.10,0.10,2.10,INF,-1,1,7,0
11440,1,1,12.112,17.952,1.13,1.68,1.13,1.68,INF,-1,1,7,0
11460,1,1,13.421,18.204,1.25,1.70,1.25,1.70,INF,-1,1,7,0
11480,1,1,12.748,18.323,1.19,1.71,1.19,1.71,INF,-1,0,7,0
11500,1,1,12.375,18.979,1.16,1.77,1.16,1.77,INF,-1,0,7,0
11520,1,1,11.664,17.718,1.09,1.66,1.09,1.66,INF,-1,0,7,0
11540,1,1,12.687,18.754,1.19,1.75,1.19,1.75,INF,-1,0,7,0
11560,1,1,11.855,21.043,1.11,1.97,1.11,1.97,INF,-1,0,7,0
11580,1,1,11.865,19.951,1.11,1.86,1.11,1.86,INF,-1,0,7,0
11600,1,1,13.175,20.037,1.23,1.87,1.23,1.87,INF,-1,0,7,0
11620,1,1,14.662,19.865,1.37,1.86,1.37,1.86,INF,-1,0,7,0
11640,1,1,12.300,19.706,1.15,1.84,1.15,1.84,INF,-1,0,7,0
11660,1,1,10.991,19.738,1.03,1.84,1.03,1.84,INF,-1,0,7,0
11680,1,1,10.540,19.891,0.99,1.86,0.98,1.86,INF,-1,0,7,0
11700,1,1,5.309,21.450,0.50,2.00,0.50,2.00,INF,-1,0,7,0
11720,1,1,0.305,25.086,0.03,2.34,0.03,2.34,INF,-1,1,7,0
11740,1,1,0.549,22.105,0.05,2.07,0.05,2.07,INF,-1,1,7,0
11760,1,1,2.178,23.399,0.20,2.19,0.20,2.19,INF,-1,1,7,0
11780,1,1,0.849,22.888,0.08,2.14,0.08,2.14,INF,-1,1,7,0
11800,1,1,-0.873,22.294,-0.08,2.08,-0.08,2.08,INF,-1,1,7,0
11820,1,1,-1.527,24.351,-0.14,2.27,-0.14,2.27,INF,-1,0,7,0
11840,1,1,-0.714,22.135,-0.07,2.07,-0.07,2.07,INF,-1,0,7,0
11860,1,1,-0.960,23.687,-0.09,2.21,-0.09,2.21,INF,-1,0,7,0
11880,1,1,-3.825,23.976,-0.36,2.24,-0.36,2.24,INF,-1,0,7,0
11900,1,1,-3.930,25.666,-0.37,2.40,-0.37,2.40,INF,-1,0,7,0
11920,1,1,-5.571,24.567,-0.52,2.29,-0.52,2.29,INF,-1,0,7,0
11940,1,1,-2.317,24.722,-0.22,2.31,-0.22,2.31,INF,-1,0,7,0
11960,1,1,-4.789,24.902,-0.45,2.33,-0.45,2.33,INF,-1,0,7,0
11980,1,1,-3.235,23.538,-0.30,2.20,-0.30,2.20,INF,-1,0,7,0
12000,1,1,-3.917,23.124,-0.37,2.16,-0.37,2.16,INF,-1,0,7,0
12020,1,1,-1.144,24.136,-0.11,2.25,-0.11,2.25,INF,-1,0,7,0
12040,1,1,-1.014,26.049,-0.09,2.43,-0.09,2.43,INF,-1,0,7,0
12060,1,1,-4.450,25.683,-0.42,2.40,-0.42,2.40,INF,-1,1,7,0
12080,1,1,-0.501,24.996,-0.05,2.33,-0.05,2.33,INF,-1,1,7,0
12100,1,1,-0.182,23.888,-0.02,2.23,-0.02,2.23,INF,-1,1,7,0
12120,1,1,-4.391,25.803,-0.41,2.41,-0.41,2.41,INF,-1,1,7,0
12140,1,1,-2.463,25.668,-0.23,2.40,-0.23,2.40,INF,-1,1,7,0
12160,1,1,0.228,27.118,0.02,2.53,0.02,2.53,INF,-1,1,7,0
12180,1,1,0.017,26.477,0.00,2.47,0.00,2.47,INF,-1,1,7,0
12200,1,1,-0.281,24.300,-0.03,2.27,-0.03,2.27,INF,-1,1,7,0
12220,1,1,0.319,24.368,0.03,2.28,0.03,2.28,INF,-1,1,7,0
12240,1,1,-3.961,25.604,-0.37,2.39,-0.37,2.39,INF,-1,1,7,0
12260,1,1,-1.006,25.179,-0.09,2.35,-0.09,2.35,INF,-1,1,7,0
12280,1,1,-7.202,24.674,-0.67,2.30,-0.67,2.31,INF,-1,1,7,0
12300,1,1,-3.722,27.850,-0.35,2.60,-0.35,2.60,INF,-1,1,7,0
12320,1,1,-4.864,29.196,-0.45,2.73,-0.45,2.73,INF,-1,1,7,0
12340,1,1,-6.011,26.569,-0.56,2.48,-0.56,2.48,INF,-1,1,7,0
12360,1,1,-3.088,25.495,-0.29,2.38,-0.29,2.38,INF,-1,1,7,0
12380,1,1,-3.907,27.281,-0.37,2.55,-0.36,2.55,INF,-1,1,7,0
12400,1,1,-6.162,26.504,-0.58,2.48,-0.58,2.48,INF,-1,1,7,0
12420,1,1,-4.648,25.773,-0.43,2.41,-0.43,2.41,INF,-1,1,7,0
12440,1,1,-5.344,26.483,-0.50,2.47,-0.50,2.47,INF,-1,1,7,0
12460,1,1,-3.640,28.285,-0.34,2.64,-0.34,2.64,INF,-1,1,7,0
12480,1,1,-2.231,25.693,-0.21,2.40,-0.21,2.40,INF,-1,1,7,0
12500,1,1,-3.424,26.777,-0.32,2.50,-0.32,2.50,INF,-1,1,7,0
12520,1,1,-2.986,27.270,-0.28,2.55,-0.28,2.55,INF,-1,1,7,0
12540,1,1,-1.999,26.924,-0.19,2.51,-0.19,2.51,INF,-1,1,7,0
12560,1,1,-3.984,28.785,-0.37,2.69,-0.37,2.69,INF,-1,1,7,0
12580,1,1,13.289,27.400,1.24,2.56,1.24,2.56,INF,-1,1,7,0
12600,1,1,36.676,28.732,3.42,2.68,3.42,2.68,INF,-1,1,7,0
12620,1,1,38.432,32.176,3.59,3.00,3.58,3.00,INF,-1,0,7,0
12640,1,1,37.494,29.226,3.50,2.72,3.50,2.73,INF,-1,0,7,0
12660,1,1,36.751,31.053,3.43,2.89,3.43,2.90,INF,-1,0,7,0
12680,1,1,38.146,30.422,3.56,2.84,3.56,2.84,INF,-1,0,7,0
12700,1,1,39.918,28.799,3.73,2.68,3.72,2.69,INF,-1,0,7,0
12720,1,1,37.512,29.202,3.50,2.72,3.50,2.73,INF,-1,0,7,0
12740,1,1,36.923,32.547,3.45,3.03,3.44,3.04,INF,-1,0,7,0
12760,1,1,38.978,30.101,3.64,2.81,3.63,2.81,INF,-1,0,7,0
12780,1,1,40.392,29.300,3.77,2.73,3.77,2.74,INF,-1,0,7,0
12800,1,1,38.757,29.761,3.62,2.77,3.61,2.78,INF,-1,0,7,0
12820,1,1,37.366,27.956,3.49,2.61,3.48,2.61,INF,-1,0,7,0
12840,1,1,37.288,28.150,3.48,2.62,3.48,2.63,INF,-1,0,7,0
12860,1,1,38.883,29.543,3.63,2.75,3.63,2.76,INF,-1,0,7,0
12880,1,1,38.598,29.670,3.60,2.77,3.60,2.77,INF,-1,1,7,0
12900,1,1,37.166,28.846,3.47,2.69,3.47,2.69,INF,-1,1,7,0
12920,1,1,37.491,27.412,3.50,2.56,3.50,2.56,INF,-1,1,7,0
12940,1,1,38.761,27.347,3.62,2.55,3.61,2.55,INF,-1,1,7,0
12960,1,1,37.348,29.220,3.49,2.72,3.48,2.73,INF,-1,1,7,0
12980,1,1,37.326,28.999,3.48,2.70,3.48,2.71,INF,-1,1,7,0
13000,1,1,38.231,26.122,3.57,2.44,3.57,2.44,INF,-1,1,7,0
13020,1,1,37.742,27.723,3.52,2.58,3.52,2.59,INF,-1,1,7,0
13040,1,1,37.445,27.097,3.50,2.53,3.49,2.53,INF,-1,1,7,0
13060,1,1,38.107,29.179,3.56,2.72,3.55,2.73,INF,-1,1,7,0
13080,1,1,39.747,26.174,3.71,2.44,3.71,2.44,INF,-1,1,7,0
13100,1,1,51.419,24.258,4.79,2.26,4.79,2.27,INF,-1,1,7,0
13120,1,1,49.780,23.914,4.64,2.23,4.64,2.23,INF,-1,1,7,0
13140,1,1,50.745,25.672,4.73,2.39,4.73,2.40,INF,-1,0,7,0
13160,1,1,50.970,22.916,4.75,2.13,4.75,2.14,INF,-1,0,7,0
13180,1,1,51.338,24.291,4.79,2.26,4.78,2.27,INF,-1,0,7,0
13200,1,1,51.439,23.015,4.80,2.14,4.79,2.15,INF,-1,0,7,0
13220,1,1,51.955,24.291,4.84,2.26,4.84,2.27,INF,-1,0,7,0
13240,1,1,50.476,24.536,4.71,2.28,4.70,2.29,INF,-1,0,7,0
13260,1,1,52.134,23.548,4.86,2.19,4.86,2.20,INF,-1,0,7,0
13280,1,1,69.466,12.726,6.47,1.18,6.46,1.19,INF,-1,0,7,0
13300,1,1,80.347,1.694,7.47,0.16,7.47,0.16,INF,-1,0,7,0
13320,1,1,82.840,1.994,7.70,0.18,7.70,0.19,INF,-1,0,7,0
13340,1,1,81.247,1.649,7.55,0.15,7.55,0.15,INF,-1,0,7,0
13360,1,1,77.544,2.053,7.21,0.19,7.21,0.19,INF,-1,0,7,0
13380,1,1,52.007,-8.532,4.85,-0.79,4.85,-0.80,INF,-1,0,7,0
13400,1,1,56.496,-6.365,5.27,-0.59,5.27,-0.59,INF,-1,0,7,0
13420,1,1,55.047,-4.442,5.13,-0.41,5.13,-0.42,INF,-1,0,7,0
13440,1,1,53.207,-7.249,4.96,-0.68,4.96,-0.68,INF,-1,0,7,0
13460,1,1,55.701,-6.249,5.19,-0.58,5.19,-0.58,INF,-1,0,7,0
13480,1,1,53.534,-4.983,4.99,-0.46,4.99,-0.47,INF,-1,0,7,0
13500,1,1,53.604,-7.543,5.00,-0.70,5.00,-0.70,INF,-1,0,7,0
13520,1,1,56.330,-8.325,5.25,-0.77,5.25,-0.78,INF,-1,0,7,0
13540,1,1,52.209,-5.847,4.87,-0.54,4.87,-0.55,INF,-1,0,7,0
13560,1,1,54.692,-7.773,5.10,-0.72,5.10,-0.73,INF,-1,0,7,0
13580,1,1,57.506,-12.842,5.36,-1.19,5.36,-1.20,INF,-1,0,7,0
13600,1,1,67.183,-25.935,6.25,-2.41,6.25,-2.42,INF,-1,0,7,0
13620,1,1,65.411,-21.886,6.09,-2.03,6.09,-2.04,INF,-1,0,7,0
13640,1,1,67.362,-23.231,6.27,-2.16,6.27,-2.17,INF,-1,0,7,0
13660,1,1,67.471,-23.284,6.28,-2.16,6.28,-2.18,INF,-1,0,7,0
13680,1,1,67.714,-25.134,6.30,-2.33,6.30,-2.35,INF,-1,0,7,0
13700,1,1,67.132,-22.071,6.25,-2.05,6.25,-2.06,INF,-1,0,7,0
13720,1,1,66.381,-22.492,6.18,-2.09,6.18,-2.10,INF,-1,0,7,0
13740,1,1,68.128,-23.307,6.34,-2.16,6.34,-2.18,INF,-1,1,7,0
13760,1,1,66.962,-22.862,6.23,-2.12,6.23,-2.14,INF,-1,1,7,0
13780,1,1,68.661,-23.631,6.39,-2.19,6.39,-2.21,INF,-1,1,7,0
13800,1,1,70.872,-23.445,6.60,-2.18,6.59,-2.19,INF,-1,1,7,0
13820,1,1,74.908,-20.451,6.97,-1.90,6.96,-1.91,INF,-1,0,7,0
13840,1,1,73.575,-19.931,6.84,-1.85,6.84,-1.86,INF,-1,0,7,0
13860,1,1,72.267,-19.684,6.72,-1.83,6.72,-1.84,INF,-1,0,7,0
13880,1,1,71.663,-19.473,6.67,-1.81,6.66,-1.82,INF,-1,0,7,0
13900,1,1,74.355,-19.770,6.92,-1.83,6.91,-1.85,INF,-1,0,7,0
13920,1,1,71.520,-19.319,6.65,-1.79,6.65,-1.81,INF,-1,0,7,0
13940,1,1,70.062,-17.746,6.52,-1.65,6.52,-1.66,INF,-1,0,7,0
13960,1,1,68.962,-7.756,6.42,-0.72,6.42,-0.72,INF,-1,0,7,0
13980,1,1,65.441,1.340,6.09,0.12,6.09,0.13,INF,-1,0,7,0
14000,1,1,65.200,-1.549,6.07,-0.14,6.07,-0.14,INF,-1,0,7,0
14020,1,1,64.730,-1.764,6.03,-0.16,6.03,-0.16,INF,-1,0,7,0
14040,1,1,63.299,-1.553,5.90,-0.14,5.90,-0.15,INF,-1,0,7,0
14060,1,1,66.843,-1.924,6.22,-0.18,6.22,-0.18,INF,-1,0,7,0
14080,1,1,67.292,-0.499,6.26,-0.05,6.26,-0.05,INF,-1,0,7,0
14100,1,1,65.270,-4.214,6.08,-0.39,6.08,-0.39,INF,-1,1,7,0
14120,1,1,64.254,-1.826,5.98,-0.17,5.98,-0.17,INF,-1,1,7,0
14140,1,1,65.231,-2.922,6.07,-0.27,6.07,-0.27,INF,-1,1,7,0
14160,1,1,65.594,-2.604,6.11,-0.24,6.11,-0.24,INF,-1,1,7,0
14180,1,1,63.174,-0.516,5.88,-0.05,5.88,-0.05,INF,-1,1,7,0
14200,1,1,62.932,0.085,5.86,0.01,5.86,0.01,INF,-1,1,7,0
14220,1,1,65.309,-2.488,6.08,-0.23,6.08,-0.23,INF,-1,1,7,0
14240,1,1,62.424,-0.805,5.81,-0.07,5.81,-0.08,INF,-1,1,7,0
14260,1,1,62.370,-1.083,5.81,-0.10,5.81,-0.10,INF,-1,1,7,0
14280,1,1,65.666,-3.859,6.11,-0.36,6.11,-0.36,INF,-1,1,7,0
14300,1,1,62.989,0.078,5.87,0.01,5.87,0.01,INF,-1,1,7,0
14320,1,1,56.101,2.038,5.23,0.19,5.23,0.19,INF,-1,1,7,0
14340,1,1,56.651,1.542,5.28,0.14,5.28,0.14,INF,-1,0,7,0
14360,1,1,55.889,2.336,5.21,0.22,5.21,0.22,INF,-1,0,7,0
14380,1,1,58.984,1.447,5.50,0.13,5.50,0.14,INF,-1,0,7,0
14400,1,1,57.308,1.691,5.34,0.16,5.34,0.16,INF,-1,0,7,0
14420,1,1,57.713,2.244,5.38,0.21,5.38,0.21,INF,-1,0,7,0
14440,1,1,58.006,0.334,5.41,0.03,5.41,0.03,INF,-1,0,7,0
14460,1,1,57.601,0.986,5.37,0.09,5.37,0.09,INF,-1,0,7,0
14480,1,1,60.324,0.608,5.62,0.06,5.62,0.06,INF,-1,0,7,0
14500,1,1,56.401,0.277,5.26,0.03,5.26,0.03,INF,-1,0,7,0
14520,1,1,57.678,1.540,5.38,0.14,5.38,0.14,INF,-1,0,7,0
14540,1,1,58.897,1.495,5.49,0.14,5.49,0.14,INF,-1,0,7,0
14560,1,1,57.419,1.428,5.35,0.13,5.35,0.13,INF,-1,0,7,0
14580,1,1,56.376,1.172,5.25,0.11,5.25,0.11,INF,-1,1,7,0
14600,1,1,69.463,-11.137,6.46,-1.03,6.46,-1.04,INF,-1,1,7,0
14620,1,1,70.092,-22.668,6.52,-2.10,6.52,-2.12,INF,-1,1,7,0
14640,1,1,69.225,-19.665,6.44,-1.83,6.44,-1.84,INF,-1,0,7,0
14660,1,1,70.575,-21.358,6.57,-1.98,6.56,-2.00,INF,-1,0,7,0
14680,1,1,70.341,-19.393,6.55,-1.80,6.54,-1.81,INF,-1,0,7,0
14700,1,1,69.242,-17.917,6.44,-1.66,6.44,-1.67,INF,-1,0,7,0
14720,1,1,70.030,-18.715,6.52,-1.74,6.51,-1.75,INF,-1,0,7,0
14740,1,1,67.413,-16.080,6.28,-1.49,6.27,-1.50,INF,-1,0,7,0
14760,1,1,67.489,-16.902,6.28,-1.57,6.28,-1.58,INF,-1,0,7,0
14780,1,1,65.765,-16.667,6.12,-1.55,6.12,-1.56,INF,-1,0,7,0
14800,1,1,69.588,-19.434,6.48,-1.80,6.47,-1.82,INF,-1,0,7,0
14820,1,1,71.418,-17.662,6.65,-1.64,6.64,-1.65,INF,-1,0,7,0
14840,1,1,64.244,-15.656,5.98,-1.46,5.98,-1.46,INF,-1,0,7,0
14860,1,1,21.852,-24.545,2.04,-2.29,2.04,-2.29,INF,-1,0,7,0
14880,1,1,4.215,-24.464,0.39,-2.29,0.39,-2.29,INF,-1,0,7,0
14900,1,1,3.714,-25.987,0.35,-2.43,0.35,-2.43,INF,-1,0,7,0
14920,1,1,2.950,-24.204,0.28,-2.26,0.28,-2.26,INF,-1,0,7,0
14940,1,1,4.880,-22.063,0.46,-2.06,0.46,-2.06,INF,-1,0,7,0
14960,1,1,2.897,-22.441,0.27,-2.10,0.27,-2.10,INF,-1,0,7,0
14980,1,1,5.877,-22.816,0.55,-2.13,0.55,-2.13,INF,-1,0,7,0
15000,1,1,7.152,-22.909,0.67,-2.14,0.67,-2.14,INF,-1,0,7,0
