"EyeTracker Toolbox version","3.250"
CalibrationParameters_A11,1.20706
CalibrationParameters_A12,0.06422
CalibrationParameters_A13,0.00326
CalibrationParameters_A21,0.09138
CalibrationParameters_A22,-1.20028
CalibrationParameters_A23,0.00112
CalibrationParameters_A31,-0.00100
CalibrationParameters_A32,-0.00053
CalibrationParameters_E11,-0.18016
CalibrationParameters_E12,-0.00006
CalibrationParameters_E21,0.00010
CalibrationParameters_E22,0.20001
CalibrationParameters_X,-55.65828
CalibrationParameters_Y,-33.05305
CalibrationParameters_Rpc,75.49417
CalibrationParameters_MeanX,153.02750
CalibrationParameters_MeanY,143.89528
CalibrationParameters_ViewDist,613.00000
TimeStamp,Tracked,Calibrated,ScreenPositionXmm,ScreenPositionYmm,FicksLongitude,FicksLatitude,HelmholtzAzimuth,HelmholtzElevation,PupilDiameter,Region,Fixation,DigitalIO,Dropped
0,0,1,0.000,0.000,0.00,0.00,0.00,0.00,0.00,-1,0,7,0
20,0,1,0.000,0.000,0.00,0.00,0.00,0.00,0.00,-1,0,7,0
40,0,1,0.000,0.000,0.00,0.00,0.00,0.00,0.00,-1,0,7,0
60,0,1,0.000,0.000,0.00,0.00,0.00,0.00,0.00,-1,0,7,0
80,0,1,0.000,0.000,0.00,0.00,0.00,0.00,0.00,-1,0,7,0
100,0,1,0.000,0.000,0.00,0.00,0.00,0.00,0.00,-1,0,7,0
120,0,1,0.000,0.000,0.00,0.00,0.00,0.00,INF,-1,0,7,0
140,0,1,0.000,0.000,0.00,0.00,0.00,0.00,0.00,-1,0,7,0
160,0,1,0.000,0.000,0.00,0.00,0.00,0.00,0.00,-1,0,7,0
180,0,1,0.000,0.000,0.00,0.00,0.00,0.00,0.00,-1,0,7,0
200,0,1,0.000,0.000,0.00,0.00,0.00,0.00,0.00,-1,0,7,0
220,0,1,0.000,0.000,0.00,0.00,0.00,0.00,0.00,-1,0,7,0
240,0,1,0.000,0.000,0.00,0.00,0.00,0.00,0.00,-1,0,7,0
260,0,1,0.000,0.000,0.00,0.00,0.00,0.00,0.00,-1,0,7,0
280,0,1,0.000,0.000,0.00,0.00,0.00,0.00,0.00,-1,0,7,0
300,0,1,0.000,0.000,0.00,0.00,0.00,0.00,0.00,-1,0,7,0
320,0,1,0.000,0.000,0.00,0.00,0.00,0.00,0.00,-1,0,7,0
340,0,1,0.000,0.000,0.00,0.00,0.00,0.00,0.00,-1,0,7,0
360,0,1,0.000,0.000,0.00,0.00,0.00,0.00,0.00,-1,0,7,0
380,0,1,0.000,0.000,0.00,0.00,0.00,0.00,0.00,-1,0,7,0
400,0,1,0.000,0.000,0.00,0.00,0.00,0.00,0.00,-1,0,7,0
420,0,1,0.000,0.000,0.00,0.00,0.00,0.00,INF,-1,0,7,0
440,0,1,0.000,0.000,0.00,0.00,0.00,0.00,0.00,-1,0,7,0
460,0,1,0.000,0.000,0.00,0.00,0.00,0.00,0.00,-1,0,7,0
480,0,1,0.000,0.000,0.00,0.00,0.00,0.00,0.00,-1,0,7,0
500,0,1,0.000,0.000,0.00,0.00,0.00,0.00,0.00,-1,0,7,0
520,0,1,0.000,0.000,0.00,0.00,0.00,0.00,INF,-1,0,7,0
540,0,1,0.000,0.000,0.00,0.00,0.00,0.00,0.00,-1,0,7,0
560,0,1,0.000,0.000,0.00,0.00,0.00,0.00,0.00,-1,0,7,0
580,0,1,0.000,0.000,0.00,0.00,0.00,0.00,INF,-1,0,7,0
600,0,1,0.000,0.000,0.00,0.00,0.00,0.00,0.00,-1,0,7,0
620,0,1,0.000,0.000,0.00,0.00,0.00,0.00,INF,-1,0,7,0
640,0,1,0.000,0.000,0.00,0.00,0.00,0.00,0.00,-1,0,7,0
660,0,1,0.000,0.000,0.00,0.00,0.00,0.00,0.00,-1,0,7,0
680,0,1,0.000,0.000,0.00,0.00,0.00,0.00,0.00,-1,0,7,0
700,0,1,0.000,0.000,0.00,0.00,0.00,0.00,0.00,-1,0,7,0
720,0,1,0.000,0.000,0.00,0.00,0.00,0.00,0.00,-1,0,7,0
740,1,1,-3.873,-3.717,-0.36,-0.35,-0.36,-0.35,INF,-1,0,7,0
760,1,1,-2.797,-3.861,-0.26,-0.36,-0.26,-0.36,INF,-1,0,7,0
780,1,1,-5.331,-2.778,-0.50,-0.26,-0.50,-0.26,INF,-1,0,7,0
800,1,1,-4.818,-1.672,-0.45,-0.16,-0.45,-0.16,INF,-1,0,7,0
820,1,1,-2.779,-2.551,-0.26,-0.24,-0.26,-0.24,INF,-1,0,7,0
840,1,1,-5.561,-4.228,-0.52,-0.40,-0.52,-0.40,INF,-1,0,7,0
860,1,1,-4.893,-3.762,-0.46,-0.35,-0.46,-0.35,INF,-1,0,7,0
880,1,1,-2.877,-3.978,-0.27,-0.37,-0.27,-0.37,INF,-1,0,7,0
900,1,1,-4.199,-3.236,-0.39,-0.30,-0.39,-0.30,INF,-1,0,7,0
920,1,1,-3.950,-3.073,-0.37,-0.29,-0.37,-0.29,INF,-1,0,7,0
940,1,1,-4.083,-2.796,-0.38,-0.26,-0.38,-0.26,INF,-1,0,7,0
960,1,1,-3.386,-2.432,-0.32,-0.23,-0.32,-0.23,INF,-1,0,7,0
980,1,1,-3.045,-2.949,-0.28,-0.28,-0.28,-0.28,INF,-1,0,7,0
1000,1,1,-4.872,-2.621,-0.46,-0.24,-0.46,-0.24,INF,-1,0,7,0
1020,1,1,-4.257,-2.528,-0.40,-0.24,-0.40,-0.24,INF,-1,1,7,0
1040,1,1,-5.590,-1.584,-0.52,-0.15,-0.52,-0.15,INF,-1,1,7,0
1060,1,1,-3.826,-0.931,-0.36,-0.09,-0.36,-0.09,INF,-1,1,7,0
1080,1,1,-5.833,-3.569,-0.55,-0.33,-0.55,-0.33,INF,-1,1,7,0
1100,1,1,-3.783,-1.762,-0.35,-0.16,-0.35,-0.16,INF,-1,1,7,0
1120,1,1,-3.902,-2.374,-0.36,-0.22,-0.36,-0.22,INF,-1,1,7,0
1140,1,1,-4.592,-1.166,-0.43,-0.11,-0.43,-0.11,INF,-1,1,7,0
1160,1,1,-2.276,-2.624,-0.21,-0.25,-0.21,-0.25,INF,-1,1,7,0
1180,1,1,-2.092,-1.338,-0.20,-0.13,-0.20,-0.13,INF,-1,1,7,0
1200,1,1,-2.764,-2.513,-0.26,-0.23,-0.26,-0.23,INF,-1,1,7,0
1220,1,1,-3.417,-2.124,-0.32,-0.20,-0.32,-0.20,INF,-1,1,7,0
1240,1,1,-2.802,-2.331,-0.26,-0.22,-0.26,-0.22,INF,-1,1,7,0
1260,1,1,-2.504,-2.712,-0.23,-0.25,-0.23,-0.25,INF,-1,1,7,0
1280,1,1,-1.150,-2.850,-0.11,-0.27,-0.11,-0.27,INF,-1,1,7,0
1300,1,1,-1.768,-3.471,-0.17,-0.32,-0.17,-0.32,INF,-1,1,7,0
1320,1,1,-0.127,-6.414,-0.01,-0.60,-0.01,-0.60,INF,-1,1,7,0
1340,1,1,6.119,-9.366,0.57,-0.88,0.57,-0.88,INF,-1,1,7,0
1360,1,1,5.737,-9.238,0.54,-0.86,0.54,-0.86,INF,-1,1,7,0
1380,1,1,5.914,-9.720,0.55,-0.91,0.55,-0.91,INF,-1,0,7,0
1400,1,1,5.724,-11.220,0.53,-1.05,0.53,-1.05,INF,-1,0,7,0
1420,1,1,5.739,-9.986,0.54,-0.93,0.54,-0.93,INF,-1,0,7,0
1440,1,1,5.421,-10.544,0.51,-0.99,0.51,-0.99,INF,-1,0,7,0
1460,1,1,5.767,-10.938,0.54,-1.02,0.54,-1.02,INF,-1,0,7,0
1480,1,1,4.643,-11.073,0.43,-1.03,0.43,-1.03,INF,-1,0,7,0
1500,1,1,6.093,-10.671,0.57,-1.00,0.57,-1.00,INF,-1,0,7,0
1520,1,1,6.790,-9.932,0.63,-0.93,0.63,-0.93,INF,-1,0,7,0
1540,1,1,6.056,-10.367,0.57,-0.97,0.57,-0.97,INF,-1,0,7,0
1560,1,1,-0.193,9.235,-0.02,0.86,-0.02,0.86,INF,-1,0,7,0
1580,1,1,-2.062,14.523,-0.19,1.36,-0.19,1.36,INF,-1,0,7,0
1600,1,1,-2.044,14.425,-0.19,1.35,-0.19,1.35,INF,-1,0,7,0
1620,1,1,-3.725,15.420,-0.35,1.44,-0.35,1.44,INF,-1,0,7,0
1640,1,1,-3.258,16.096,-0.30,1.50,-0.30,1.50,INF,-1,0,7,0
1660,1,1,-3.143,15.296,-0.29,1.43,-0.29,1.43,INF,-1,0,7,0
1680,1,1,-4.562,14.276,-0.43,1.33,-0.43,1.33,INF,-1,0,7,0
1700,1,1,-4.563,15.301,-0.43,1.43,-0.43,1.43,INF,-1,0,7,0
1720,1,1,-5.086,16.038,-0.48,1.50,-0.48,1.50,INF,-1,0,7,0
1740,1,1,-10.605,22.599,-0.99,2.11,-0.99,2.11,INF,-1,1,7,0
1760,1,1,-11.585,22.408,-1.08,2.09,-1.08,2.09,INF,-1,0,7,0
1780,1,1,-12.416,21.116,-1.16,1.97,-1.16,1.97,INF,-1,0,7,0
1800,1,1,-12.747,21.332,-1.19,1.99,-1.19,1.99,INF,-1,0,7,0
1820,1,1,-11.367,21.861,-1.06,2.04,-1.06,2.04,INF,-1,0,7,0
1840,1,1,-11.955,21.823,-1.12,2.04,-1.12,2.04,INF,-1,0,7,0
1860,1,1,-11.655,24.493,-1.09,2.29,-1.09,2.29,INF,-1,0,7,0
1880,1,1,-11.256,22.275,-1.05,2.08,-1.05,2.08,INF,-1,0,7,0
1900,1,1,-13.067,23.861,-1.22,2.23,-1.22,2.23,INF,-1,0,7,0
1920,1,1,-11.154,23.455,-1.04,2.19,-1.04,2.19,INF,-1,0,7,0
1940,1,1,-13.317,23.329,-1.24,2.18,-1.24,2.18,INF,-1,0,7,0
1960,1,1,-13.641,23.216,-1.27,2.17,-1.27,2.17,INF,-1,0,7,0
1980,1,1,-13.781,22.880,-1.29,2.14,-1.29,2.14,INF,-1,0,7,0
2000,1,1,-12.886,22.355,-1.20,2.09,-1.20,2.09,INF,-1,1,7,0
2020,1,1,-12.294,22.194,-1.15,2.07,-1.15,2.07,INF,-1,1,7,0
2040,1,1,-12.583,21.216,-1.18,1.98,-1.18,1.98,INF,-1,1,7,0
2060,1,1,-12.845,22.512,-1.20,2.10,-1.20,2.10,INF,-1,1,7,0
2080,1,1,-14.164,23.261,-1.32,2.17,-1.32,2.17,INF,-1,1,7,0
2100,1,1,-12.872,23.094,-1.20,2.16,-1.20,2.16,INF,-1,1,7,0
2120,1,1,-11.892,23.030,-1.11,2.15,-1.11,2.15,INF,-1,1,7,0
2140,1,1,-11.347,21.226,-1.06,1.98,-1.06,1.98,INF,-1,1,7,0
2160,1,1,-12.232,22.639,-1.14,2.11,-1.14,2.12,INF,-1,1,7,0
2180,1,1,-16.972,25.613,-1.59,2.39,-1.58,2.39,INF,-1,1,7,0
2200,1,1,-15.960,24.912,-1.49,2.33,-1.49,2.33,INF,-1,1,7,0
2220,1,1,-14.653,25.297,-1.37,2.36,-1.37,2.36,INF,-1,1,7,0
2240,1,1,-16.276,27.082,-1.52,2.53,-1.52,2.53,INF,-1,1,7,0
2260,1,1,-15.137,24.316,-1.41,2.27,-1.41,2.27,INF,-1,1,7,0
2280,1,1,-15.402,27.035,-1.44,2.52,-1.44,2.53,INF,-1,1,7,0
2300,1,1,-15.045,25.857,-1.41,2.41,-1.40,2.42,INF,-1,1,7,0
2320,1,1,-15.016,26.071,-1.40,2.43,-1.40,2.44,INF,-1,1,7,0
2340,1,1,-15.230,26.147,-1.42,2.44,-1.42,2.44,INF,-1,1,7,0
2360,1,1,-15.639,26.202,-1.46,2.45,-1.46,2.45,INF,-1,1,7,0
2380,1,1,-15.916,26.262,-1.49,2.45,-1.49,2.45,INF,-1,1,7,0
2400,1,1,-16.364,25.707,-1.53,2.40,-1.53,2.40,INF,-1,1,7,0
2420,1,1,-15.240,24.507,-1.42,2.29,-1.42,2.29,INF,-1,1,7,0
2440,1,1,-14.889,25.217,-1.39,2.35,-1.39,2.36,INF,-1,1,7,0
2460,1,1,-14.746,25.695,-1.38,2.40,-1.38,2.40,INF,-1,1,7,0
2480,1,1,-14.895,26.273,-1.39,2.45,-1.39,2.45,INF,-1,1,7,0
2500,1,1,-15.546,26.044,-1.45,2.43,-1.45,2.43,INF,-1,1,7,0
2520,1,1,-15.418,26.506,-1.44,2.48,-1.44,2.48,INF,-1,1,7,0
2540,1,1,-14.654,25.344,-1.37,2.37,-1.37,2.37,INF,-1,1,7,0
2560,1,1,-13.636,25.660,-1.27,2.40,-1.27,2.40,INF,-1,1,7,0
2580,1,1,-9.595,25.686,-0.90,2.40,-0.90,2.40,INF,-1,1,7,0
2600,1,1,-10.704,25.491,-1.00,2.38,-1.00,2.38,INF,-1,1,7,0
2620,1,1,-10.274,25.714,-0.96,2.40,-0.96,2.40,INF,-1,1,7,0
2640,1,1,-8.944,25.415,-0.84,2.37,-0.84,2.37,INF,-1,1,7,0
2660,1,1,-9.486,24.980,-0.89,2.33,-0.89,2.33,INF,-1,1,7,0
2680,1,1,-10.270,23.263,-0.96,2.17,-0.96,2.17,INF,-1,1,7,0
2700,1,1,-9.964,23.765,-0.93,2.22,-0.93,2.22,INF,-1,1,7,0
2720,1,1,-8.965,24.012,-0.84,2.24,-0.84,2.24,INF,-1,1,7,0
2740,1,1,-10.724,24.661,-1.00,2.30,-1.00,2.30,INF,-1,1,7,0
2760,1,1,-10.605,25.443,-0.99,2.38,-0.99,2.38,INF,-1,1,7,0
2780,1,1,-11.130,24.647,-1.04,2.30,-1.04,2.30,INF,-1,1,7,0
2800,1,1,-11.270,24.704,-1.05,2.31,-1.05,2.31,INF,-1,1,7,0
2820,1,1,-10.184,24.416,-0.95,2.28,-0.95,2.28,INF,-1,1,7,0
2840,1,1,-10.688,23.922,-1.00,2.23,-1.00,2.23,INF,-1,1,7,0
2860,1,1,-10.824,24.426,-1.01,2.28,-1.01,2.28,INF,-1,1,7,0
2880,1,1,-11.208,24.471,-1.05,2.29,-1.05,2.29,INF,-1,1,7,0
2900,1,1,-11.539,25.098,-1.08,2.34,-1.08,2.34,INF,-1,1,7,0
2920,1,1,-4.477,22.509,-0.42,2.10,-0.42,2.10,INF,-1,1,7,0
2940,1,1,6.748,-15.360,0.63,-1.44,0.63,-1.44,INF,-1,1,7,0
2960,1,1,3.769,-13.751,0.35,-1.29,0.35,-1.29,INF,-1,1,7,0
2980,1,1,5.993,-15.086,0.56,-1.41,0.56,-1.41,INF,-1,0,7,0
3000,1,1,4.801,-13.933,0.45,-1.30,0.45,-1.30,INF,-1,0,7,0
3020,1,1,5.089,-14.530,0.48,-1.36,0.48,-1.36,INF,-1,0,7,0
3040,1,1,4.614,-15.267,0.43,-1.43,0.43,-1.43,INF,-1,0,7,0
3060,1,1,5.478,-14.796,0.51,-1.38,0.51,-1.38,INF,-1,0,7,0
3080,1,1,4.129,-14.683,0.39,-1.37,0.39,-1.37,INF,-1,0,7,0
3100,1,1,2.805,-14.441,0.26,-1.35,0.26,-1.35,INF,-1,0,7,0
3120,1,1,3.475,-13.909,0.32,-1.30,0.32,-1.30,INF,-1,0,7,0
3140,1,1,2.921,-12.766,0.27,-1.19,0.27,-1.19,INF,-1,0,7,0
3160,1,1,-4.203,-3.791,-0.39,-0.35,-0.39,-0.35,INF,-1,0,7,0
3180,1,1,-6.479,-4.409,-0.61,-0.41,-0.61,-0.41,INF,-1,0,7,0
3200,1,1,-5.865,-4.513,-0.55,-0.42,-0.55,-0.42,INF,-1,0,7,0
3220,1,1,-5.919,-3.498,-0.55,-0.33,-0.55,-0.33,INF,-1,0,7,0
3240,1,1,-5.270,-3.152,-0.49,-0.29,-0.49,-0.29,INF,-1,1,7,0
3260,1,1,-5.237,-3.376,-0.49,-0.32,-0.49,-0.32,INF,-1,1,7,0
3280,1,1,-2.983,-5.928,-0.28,-0.55,-0.28,-0.55,INF,-1,1,7,0
3300,1,1,-4.962,-4.432,-0.46,-0.41,-0.46,-0.41,INF,-1,1,7,0
3320,1,1,-5.097,-4.621,-0.48,-0.43,-0.48,-0.43,INF,-1,1,7,0
3340,1,1,-5.440,-5.158,-0.51,-0.48,-0.51,-0.48,INF,-1,1,7,0
3360,1,1,-5.675,-4.204,-0.53,-0.39,-0.53,-0.39,INF,-1,1,7,0
3380,1,1,-5.370,-5.365,-0.50,-0.50,-0.50,-0.50,INF,-1,1,7,0
3400,1,1,-5.962,-3.733,-0.56,-0.35,-0.56,-0.35,INF,-1,1,7,0
3420,1,1,-6.825,-5.197,-0.64,-0.49,-0.64,-0.49,INF,-1,1,7,0
3440,1,1,-5.767,-5.351,-0.54,-0.50,-0.54,-0.50,INF,-1,1,7,0
3460,1,1,-7.231,-5.753,-0.68,-0.54,-0.68,-0.54,INF,-1,1,7,0
3480,1,1,-6.093,-7.489,-0.57,-0.70,-0.57,-0.70,INF,-1,1,7,0
3500,1,1,-5.019,-6.939,-0.47,-0.65,-0.47,-0.65,INF,-1,1,7,0
3520,1,1,-5.599,-7.236,-0.52,-0.68,-0.52,-0.68,INF,-1,1,7,0
3540,1,1,-5.916,-6.609,-0.55,-0.62,-0.55,-0.62,INF,-1,1,7,0
3560,1,1,-6.671,-7.198,-0.62,-0.67,-0.62,-0.67,INF,-1,1,7,0
3580,1,1,-6.102,-5.788,-0.57,-0.54,-0.57,-0.54,INF,-1,1,7,0
3600,1,1,-6.168,-5.766,-0.58,-0.54,-0.58,-0.54,INF,-1,1,7,0
3620,1,1,-5.659,-6.447,-0.53,-0.60,-0.53,-0.60,INF,-1,1,7,0
3640,1,1,-0.232,-7.015,-0.02,-0.66,-0.02,-0.66,INF,-1,1,7,0
3660,1,1,-62.539,-20.306,-5.83,-1.89,-5.82,-1.90,INF,-1,1,7,0
3680,1,1,-56.867,-18.057,-5.30,-1.68,-5.30,-1.69,INF,-1,1,7,0
3700,1,1,-59.700,-16.786,-5.56,-1.56,-5.56,-1.57,INF,-1,0,7,0
3720,1,1,-58.808,-17.408,-5.48,-1.62,-5.48,-1.63,INF,-1,0,7,0
3740,1,1,-60.571,-16.383,-5.64,-1.52,-5.64,-1.53,INF,-1,0,7,0
3760,1,1,-58.829,-18.746,-5.48,-1.74,-5.48,-1.75,INF,-1,0,7,0
3780,1,1,-59.293,-18.908,-5.52,-1.76,-5.52,-1.77,INF,-1,0,7,0
3800,1,1,-57.557,-17.509,-5.36,-1.63,-5.36,-1.64,INF,-1,0,7,0
3820,1,1,-59.426,-16.359,-5.54,-1.52,-5.54,-1.53,INF,-1,0,7,0
3840,1,1,-60.528,-18.041,-5.64,-1.68,-5.64,-1.69,INF,-1,0,7,0
3860,1,1,-59.438,-16.072,-5.54,-1.49,-5.54,-1.50,INF,-1,0,7,0
3880,1,1,-59.995,-15.700,-5.59,-1.46,-5.59,-1.47,INF,-1,0,7,0
3900,1,1,-60.385,-17.312,-5.63,-1.61,-5.62,-1.62,INF,-1,0,7,0
3920,1,1,-59.658,-15.599,-5.56,-1.45,-5.56,-1.46,INF,-1,0,7,0
3940,1,1,-59.725,-16.280,-5.56,-1.51,-5.56,-1.52,INF,-1,1,7,0
3960,1,1,-58.557,-17.975,-5.46,-1.67,-5.45,-1.68,INF,-1,1,7,0
3980,1,1,-44.357,-13.775,-4.14,-1.28,-4.14,-1.29,INF,-1,1,7,0
4000,1,1,-45.762,-12.403,-4.27,-1.16,-4.27,-1.16,INF,-1,1,7,0
4020,1,1,-45.976,-11.444,-4.29,-1.07,-4.29,-1.07,INF,-1,0,7,0
4040,1,1,-45.643,-13.402,-4.26,-1.25,-4.26,-1.25,INF,-1,0,7,0
4060,1,1,-45.337,-12.599,-4.23,-1.17,-4.23,-1.18,INF,-1,0,7,0
4080,1,1,-45.151,-10.997,-4.21,-1.02,-4.21,-1.03,INF,-1,0,7,0
4100,1,1,-45.833,-10.449,-4.28,-0.97,-4.28,-0.98,INF,-1,0,7,0
4120,1,1,-44.486,-10.400,-4.15,-0.97,-4.15,-0.97,INF,-1,0,7,0
4140,1,1,-35.682,14.954,-3.33,1.40,-3.33,1.40,INF,-1,0,7,0
4160,1,1,-37.906,20.505,-3.54,1.91,-3.54,1.92,INF,-1,0,7,0
4180,1,1,-37.071,19.301,-3.46,1.80,-3.46,1.80,INF,-1,0,7,0
4200,1,1,-35.564,19.671,-3.32,1.83,-3.32,1.84,INF,-1,0,7,0
4220,1,1,-36.366,20.206,-3.40,1.88,-3.39,1.89,INF,-1,0,7,0
4240,1,1,-36.379,18.935,-3.40,1.77,-3.39,1.77,INF,-1,0,7,0
4260,1,1,-36.400,19.623,-3.40,1.83,-3.40,1.83,INF,-1,0,7,0
4280,1,1,-35.860,18.682,-3.35,1.74,-3.35,1.75,INF,-1,0,7,0
4300,1,1,-36.926,20.437,-3.45,1.91,-3.45,1.91,INF,-1,0,7,0
4320,1,1,-36.553,18.993,-3.41,1.77,-3.41,1.77,INF,-1,0,7,0
4340,1,1,-37.332,16.506,-3.49,1.54,-3.48,1.54,INF,-1,0,7,0
4360,1,1,-38.207,18.735,-3.57,1.75,-3.56,1.75,INF,-1,0,7,0
4380,1,1,-36.913,18.928,-3.45,1.77,-3.44,1.77,INF,-1,0,7,0
4400,1,1,-36.413,18.695,-3.40,1.74,-3.40,1.75,INF,-1,0,7,0
4420,1,1,-36.895,17.130,-3.44,1.60,-3.44,1.60,INF,-1,1,7,0
4440,1,1,-35.540,17.224,-3.32,1.61,-3.32,1.61,INF,-1,1,7,0
4460,1,1,-36.184,18.931,-3.38,1.77,-3.38,1.77,INF,-1,1,7,0
4480,1,1,-37.379,17.967,-3.49,1.68,-3.49,1.68,INF,-1,1,7,0
4500,1,1,-35.952,17.304,-3.36,1.61,-3.36,1.62,INF,-1,1,7,0
4520,1,1,-28.716,14.951,-2.68,1.40,-2.68,1.40,INF,-1,1,7,0
4540,1,1,-14.425,16.505,-1.35,1.54,-1.35,1.54,INF,-1,1,7,0
4560,1,1,-15.109,17.436,-1.41,1.63,-1.41,1.63,INF,-1,1,7,0
4580,1,1,-15.425,16.216,-1.44,1.51,-1.44,1.52,INF,-1,0,7,0
4600,1,1,-16.420,16.727,-1.53,1.56,-1.53,1.56,INF,-1,0,7,0
4620,1,1,-15.318,16.745,-1.43,1.56,-1.43,1.56,INF,-1,0,7,0
4640,1,1,-15.490,16.533,-1.45,1.54,-1.45,1.54,INF,-1,0,7,0
4660,1,1,-15.995,16.939,-1.49,1.58,-1.49,1.58,INF,-1,0,7,0
4680,1,1,-15.388,17.185,-1.44,1.61,-1.44,1.61,INF,-1,0,7,0
4700,1,1,-16.671,18.554,-1.56,1.73,-1.56,1.73,INF,-1,0,7,0
4720,1,1,-17.140,21.199,-1.60,1.98,-1.60,1.98,INF,-1,0,7,0
4740,1,1,-17.540,21.442,-1.64,2.00,-1.64,2.00,INF,-1,0,7,0
4760,1,1,-17.058,20.807,-1.59,1.94,-1.59,1.94,INF,-1,0,7,0
4780,1,1,-18.367,21.411,-1.72,2.00,-1.72,2.00,INF,-1,0,7,0
4800,1,1,-16.913,21.373,-1.58,2.00,-1.58,2.00,INF,-1,0,7,0
4820,1,1,-17.499,20.285,-1.64,1.89,-1.63,1.90,INF,-1,1,7,0
4840,1,1,-17.594,20.805,-1.64,1.94,-1.64,1.94,INF,-1,1,7,0
4860,1,1,-16.928,22.408,-1.58,2.09,-1.58,2.09,INF,-1,1,7,0
4880,1,1,-16.639,20.247,-1.55,1.89,-1.55,1.89,INF,-1,1,7,0
4900,1,1,-17.353,20.827,-1.62,1.95,-1.62,1.95,INF,-1,1,7,0
4920,1,1,-16.866,20.387,-1.58,1.90,-1.58,1.90,INF,-1,1,7,0
4940,1,1,-16.607,19.681,-1.55,1.84,-1.55,1.84,INF,-1,1,7,0
4960,1,1,-13.150,20.686,-1.23,1.93,-1.23,1.93,INF,-1,1,7,0
4980,1,1,-12.876,22.230,-1.20,2.08,-1.20,2.08,INF,-1,1,7,0
5000,1,1,-13.068,20.777,-1.22,1.94,-1.22,1.94,INF,-1,1,7,0
5020,1,1,-13.743,20.808,-1.28,1.94,-1.28,1.94,INF,-1,1,7,0
5040,1,1,-13.645,23.284,-1.28,2.17,-1.27,2.18,INF,-1,1,7,0
5060,1,1,-12.456,23.265,-1.16,2.17,-1.16,2.17,INF,-1,1,7,0
5080,1,1,-13.099,22.216,-1.22,2.08,-1.22,2.08,INF,-1,1,7,0
5100,1,1,-12.613,21.739,-1.18,2.03,-1.18,2.03,INF,-1,1,7,0
5120,1,1,-11.419,20.404,-1.07,1.91,-1.07,1.91,INF,-1,1,7,0
5140,1,1,-11.696,20.738,-1.09,1.94,-1.09,1.94,INF,-1,1,7,0
5160,1,1,-12.651,22.954,-1.18,2.14,-1.18,2.14,INF,-1,1,7,0
5180,1,1,-13.040,22.308,-1.22,2.08,-1.22,2.08,INF,-1,1,7,0
5200,1,1,-12.821,22.902,-1.20,2.14,-1.20,2.14,INF,-1,1,7,0
5220,1,1,-12.638,22.293,-1.18,2.08,-1.18,2.08,INF,-1,1,7,0
5240,1,1,-13.034,22.861,-1.22,2.14,-1.22,2.14,INF,-1,1,7,0
5260,1,1,-14.029,22.876,-1.31,2.14,-1.31,2.14,INF,-1,1,7,0
5280,1,1,-13.329,22.645,-1.25,2.12,-1.24,2.12,INF,-1,1,7,0
5300,1,1,15.683,16.746,1.47,1.56,1.46,1.56,INF,-1,1,7,0
5320,1,1,53.270,9.571,4.97,0.89,4.97,0.89,INF,-1,1,7,0
5340,1,1,51.977,7.113,4.85,0.66,4.85,0.66,INF,-1,0,7,0
5360,1,1,51.060,7.461,4.76,0.69,4.76,0.70,INF,-1,0,7,0
5380,1,1,51.854,8.728,4.84,0.81,4.83,0.82,INF,-1,0,7,0
5400,1,1,50.519,8.011,4.71,0.75,4.71,0.75,INF,-1,0,7,0
5420,1,1,51.962,7.969,4.85,0.74,4.84,0.74,INF,-1,0,7,0
5440,1,1,51.263,8.673,4.78,0.81,4.78,0.81,INF,-1,0,7,0
5460,1,1,51.604,8.917,4.81,0.83,4.81,0.83,INF,-1,0,7,0
5480,1,1,52.360,7.876,4.88,0.73,4.88,0.74,INF,-1,0,7,0
5500,1,1,51.013,9.522,4.76,0.89,4.76,0.89,INF,-1,0,7,0
5520,1,1,52.709,8.350,4.91,0.78,4.91,0.78,INF,-1,0,7,0
5540,1,1,51.727,9.044,4.82,0.84,4.82,0.85,INF,-1,0,7,0
5560,1,1,50.919,8.383,4.75,0.78,4.75,0.78,INF,-1,0,7,0
5580,1,1,41.094,-5.527,3.84,-0.52,3.84,-0.52,INF,-1,0,7,0
5600,1,1,37.679,-5.738,3.52,-0.54,3.52,-0.54,INF,-1,1,7,0
5620,1,1,37.084,-7.268,3.46,-0.68,3.46,-0.68,INF,-1,0,7,0
5640,1,1,37.356,-7.868,3.49,-0.73,3.49,-0.74,INF,-1,0,7,0
5660,1,1,36.447,-6.702,3.40,-0.63,3.40,-0.63,INF,-1,0,7,0
5680,1,1,36.182,-5.918,3.38,-0.55,3.38,-0.55,INF,-1,0,7,0
5700,1,1,36.972,-6.554,3.45,-0.61,3.45,-0.61,INF,-1,0,7,0
5720,1,1,35.777,-8.400,3.34,-0.78,3.34,-0.79,INF,-1,0,7,0
5740,1,1,35.299,-8.351,3.30,-0.78,3.30,-0.78,INF,-1,0,7,0
5760,1,1,34.989,-8.556,3.27,-0.80,3.27,-0.80,INF,-1,0,7,0
5780,1,1,35.767,-8.384,3.34,-0.78,3.34,-0.78,INF,-1,0,7,0
5800,1,1,35.401,-7.709,3.31,-0.72,3.30,-0.72,INF,-1,0,7,0
5820,1,1,36.338,-7.732,3.39,-0.72,3.39,-0.72,INF,-1,0,7,0
5840,1,1,36.026,-7.968,3.36,-0.74,3.36,-0.74,INF,-1,0,7,0
5860,1,1,34.611,-7.815,3.23,-0.73,3.23,-0.73,INF,-1,1,7,0
5880,1,1,56.298,-0.971,5.25,-0.09,5.25,-0.09,INF,-1,1,7,0
5900,1,1,53.576,-0.684,4.99,-0.06,4.99,-0.06,INF,-1,1,7,0
5920,1,1,99.931,-4.819,9.26,-0.44,9.26,-0.45,INF,-1,0,7,0
5940,1,1,54.503,1.468,5.08,0.14,5.08,0.14,INF,-1,0,7,0
5960,1,1,55.606,-1.421,5.18,-0.13,5.18,-0.13,INF,-1,0,7,0
5980,1,1,55.949,-1.215,5.22,-0.11,5.22,-0.11,INF,-1,0,7,0
6000,1,1,55.672,-1.600,5.19,-0.15,5.19,-0.15,INF,-1,0,7,0
6020,1,1,55.723,-1.053,5.19,-0.10,5.19,-0.10,INF,-1,0,7,0
6040,1,1,54.742,-1.840,5.10,-0.17,5.10,-0.17,INF,-1,0,7,0
6060,1,1,56.248,-1.476,5.24,-0.14,5.24,-0.14,INF,-1,0,7,0
6080,1,1,55.480,-1.392,5.17,-0.13,5.17,-0.13,INF,-1,0,7,0
6100,1,1,56.075,-2.596,5.23,-0.24,5.23,-0.24,INF,-1,0,7,0
6120,1,1,55.871,-0.913,5.21,-0.08,5.21,-0.09,INF,-1,0,7,0
6140,1,1,56.222,-2.002,5.24,-0.19,5.24,-0.19,INF,-1,0,7,0
6160,1,1,55.779,-1.506,5.20,-0.14,5.20,-0.14,INF,-1,1,7,0
6180,1,1,56.599,-1.366,5.28,-0.13,5.28,-0.13,INF,-1,1,7,0
6200,1,1,58.858,-1.106,5.48,-0.10,5.48,-0.10,INF,-1,1,7,0
6220,1,1,58.013,-3.141,5.41,-0.29,5.41,-0.29,INF,-1,1,7,0
6240,1,1,57.761,-2.388,5.38,-0.22,5.38,-0.22,INF,-1,1,7,0
6260,1,1,57.365,-1.703,5.35,-0.16,5.35,-0.16,INF,-1,1,7,0
6280,1,1,57.010,-2.922,5.31,-0.27,5.31,-0.27,INF,-1,1,7,0
6300,1,1,58.166,-2.508,5.42,-0.23,5.42,-0.23,INF,-1,1,7,0
6320,1,1,58.616,-2.877,5.46,-0.27,5.46,-0.27,INF,-1,1,7,0
6340,1,1,58.167,-2.240,5.42,-0.21,5.42,-0.21,INF,-1,1,7,0
6360,1,1,57.952,-2.279,5.40,-0.21,5.40,-0.21,INF,-1,1,7,0
6380,1,1,10.631,6.089,0.99,0.57,0.99,0.57,INF,-1,1,7,0
6400,1,1,18.142,8.586,1.70,0.80,1.70,0.80,INF,-1,1,7,0
6420,1,1,14.993,8.087,1.40,0.76,1.40,0.76,INF,-1,0,7,0
6440,1,1,13.383,8.300,1.25,0.78,1.25,0.78,INF,-1,0,7,0
6460,1,1,13.898,9.037,1.30,0.84,1.30,0.84,INF,-1,0,7,0
6480,1,1,14.082,7.488,1.32,0.70,1.32,0.70,INF,-1,0,7,0
6500,1,1,14.263,10.345,1.33,0.97,1.33,0.97,INF,-1,0,7,0
6520,1,1,14.461,9.787,1.35,0.91,1.35,0.91,INF,-1,0,7,0
6540,1,1,13.349,10.818,1.25,1.01,1.25,1.01,INF,-1,0,7,0
6560,1,1,14.562,10.571,1.36,0.99,1.36,0.99,INF,-1,0,7,0
6580,1,1,13.321,9.196,1.24,0.86,1.24,0.86,INF,-1,0,7,0
6600,1,1,13.242,10.852,1.24,1.01,1.24,1.01,INF,-1,0,7,0
6620,1,1,12.310,9.978,1.15,0.93,1.15,0.93,INF,-1,0,7,0
6640,1,1,14.485,10.785,1.35,1.01,1.35,1.01,INF,-1,0,7,0
6660,1,1,16.406,12.548,1.53,1.17,1.53,1.17,INF,-1,1,7,0
6680,1,1,-18.580,-10.082,-1.74,-0.94,-1.74,-0.94,INF,-1,1,7,0
6700,1,1,-15.667,-8.908,-1.46,-0.83,-1.46,-0.83,INF,-1,1,7,0
6720,1,1,-15.935,-9.440,-1.49,-0.88,-1.49,-0.88,INF,-1,0,7,0
6740,1,1,-14.974,-8.456,-1.40,-0.79,-1.40,-0.79,INF,-1,0,7,0
6760,1,1,-14.426,-11.135,-1.35,-1.04,-1.35,-1.04,INF,-1,0,7,0
6780,1,1,-15.115,-9.986,-1.41,-0.93,-1.41,-0.93,INF,-1,0,7,0
6800,1,1,-15.410,-10.849,-1.44,-1.01,-1.44,-1.01,INF,-1,0,7,0
6820,1,1,-15.248,-8.775,-1.42,-0.82,-1.42,-0.82,INF,-1,0,7,0
6840,1,1,-15.750,-9.451,-1.47,-0.88,-1.47,-0.88,INF,-1,0,7,0
6860,1,1,-15.318,-9.197,-1.43,-0.86,-1.43,-0.86,INF,-1,0,7,0
6880,1,1,-15.971,-8.685,-1.49,-0.81,-1.49,-0.81,INF,-1,0,7,0
6900,1,1,-15.682,-8.698,-1.47,-0.81,-1.47,-0.81,INF,-1,0,7,0
6920,1,1,-15.164,-7.945,-1.42,-0.74,-1.42,-0.74,INF,-1,0,7,0
6940,1,1,-15.043,-8.630,-1.41,-0.81,-1.41,-0.81,INF,-1,0,7,0
6960,1,1,-13.512,-7.708,-1.26,-0.72,-1.26,-0.72,INF,-1,1,7,0
6980,1,1,-1.604,-1.966,-0.15,-0.18,-0.15,-0.18,INF,-1,1,7,0
7000,1,1,-2.045,1.906,-0.19,0.18,-0.19,0.18,INF,-1,1,7,0
7020,1,1,-1.961,4.280,-0.18,0.40,-0.18,0.40,INF,-1,0,7,0
7040,1,1,-2.369,3.440,-0.22,0.32,-0.22,0.32,INF,-1,0,7,0
7060,1,1,-4.489,4.057,-0.42,0.38,-0.42,0.38,INF,-1,0,7,0
7080,1,1,-3.753,5.276,-0.35,0.49,-0.35,0.49,INF,-1,0,7,0
7100,1,1,-6.098,3.675,-0.57,0.34,-0.57,0.34,INF,-1,0,7,0
7120,1,1,-3.675,3.561,-0.34,0.33,-0.34,0.33,INF,-1,0,7,0
7140,1,1,-2.825,3.165,-0.26,0.30,-0.26,0.30,INF,-1,0,7,0
7160,1,1,-3.689,4.196,-0.34,0.39,-0.34,0.39,INF,-1,0,7,0
7180,1,1,-3.192,1.356,-0.30,0.13,-0.30,0.13,INF,-1,0,7,0
7200,1,1,-3.726,2.438,-0.35,0.23,-0.35,0.23,INF,-1,0,7,0
7220,1,1,-4.670,1.519,-0.44,0.14,-0.44,0.14,INF,-1,0,7,0
7240,1,1,-9.896,3.266,-0.92,0.31,-0.92,0.31,INF,-1,0,7,0
7260,1,1,-11.370,2.686,-1.06,0.25,-1.06,0.25,INF,-1,1,7,0
7280,1,1,-11.084,1.804,-1.04,0.17,-1.04,0.17,INF,-1,1,7,0
7300,1,1,-9.672,0.658,-0.90,0.06,-0.90,0.06,INF,-1,1,7,0
7320,1,1,-9.305,0.713,-0.87,0.07,-0.87,0.07,INF,-1,1,7,0
7340,1,1,-10.764,0.308,-1.01,0.03,-1.01,0.03,INF,-1,1,7,0
7360,1,1,-9.795,0.146,-0.92,0.01,-0.92,0.01,INF,-1,1,7,0
7380,1,1,-8.610,0.205,-0.80,0.02,-0.80,0.02,INF,-1,1,7,0
7400,1,1,-10.628,-0.409,-0.99,-0.04,-0.99,-0.04,INF,-1,1,7,0
7420,1,1,-9.174,-0.820,-0.86,-0.08,-0.86,-0.08,INF,-1,1,7,0
7440,1,1,-9.614,-0.747,-0.90,-0.07,-0.90,-0.07,INF,-1,1,7,0
7460,1,1,-9.047,-1.465,-0.85,-0.14,-0.85,-0.14,INF,-1,1,7,0
7480,1,1,-8.998,-1.179,-0.84,-0.11,-0.84,-0.11,INF,-1,1,7,0
7500,1,1,-9.831,-1.262,-0.92,-0.12,-0.92,-0.12,INF,-1,1,7,0
7520,1,1,-41.031,-4.712,-3.83,-0.44,-3.83,-0.44,INF,-1,1,7,0
7540,1,1,-54.995,-7.637,-5.13,-0.71,-5.13,-0.71,INF,-1,1,7,0
7560,1,1,-56.526,-9.236,-5.27,-0.86,-5.27,-0.86,INF,-1,0,7,0
7580,1,1,-57.501,-8.631,-5.36,-0.80,-5.36,-0.81,INF,-1,0,7,0
7600,1,1,-57.453,-6.917,-5.35,-0.64,-5.35,-0.65,INF,-1,0,7,0
7620,1,1,-56.168,-8.597,-5.24,-0.80,-5.23,-0.80,INF,-1,0,7,0
7640,1,1,-55.917,-7.853,-5.21,-0.73,-5.21,-0.73,INF,-1,0,7,0
7660,1,1,-56.002,-8.214,-5.22,-0.76,-5.22,-0.77,INF,-1,0,7,0
7680,1,1,-57.197,-7.285,-5.33,-0.68,-5.33,-0.68,INF,-1,0,7,0
7700,1,1,-56.276,-8.440,-5.25,-0.79,-5.24,-0.79,INF,-1,0,7,0
7720,1,1,-56.372,-8.422,-5.25,-0.78,-5.25,-0.79,INF,-1,0,7,0
7740,1,1,-56.823,-7.800,-5.30,-0.73,-5.30,-0.73,INF,-1,0,7,0
7760,1,1,-56.722,-7.911,-5.29,-0.74,-5.29,-0.74,INF,-1,0,7,0
7780,1,1,-56.435,-8.738,-5.26,-0.81,-5.26,-0.82,INF,-1,0,7,0
7800,1,1,-56.330,-9.094,-5.25,-0.85,-5.25,-0.85,INF,-1,0,7,0
7820,1,1,-56.678,-9.095,-5.28,-0.85,-5.28,-0.85,INF,-1,1,7,0
7840,1,1,-56.683,-7.895,-5.28,-0.73,-5.28,-0.74,INF,-1,1,7,0
7860,1,1,-56.239,-8.823,-5.24,-0.82,-5.24,-0.82,INF,-1,1,7,0
7880,1,1,-55.453,-10.413,-5.17,-0.97,-5.17,-0.97,INF,-1,1,7,0
7900,1,1,-55.274,-9.694,-5.15,-0.90,-5.15,-0.91,INF,-1,1,7,0
7920,1,1,-40.616,-9.932,-3.79,-0.93,-3.79,-0.93,INF,-1,1,7,0
7940,1,1,3.286,-0.163,0.31,-0.02,0.31,-0.02,INF,-1,1,7,0
7960,1,1,2.248,0.284,0.21,0.03,0.21,0.03,INF,-1,0,7,0
7980,1,1,3.318,-0.578,0.31,-0.05,0.31,-0.05,INF,-1,0,7,0
8000,1,1,2.714,-0.484,0.25,-0.05,0.25,-0.05,INF,-1,0,7,0
8020,1,1,2.181,-0.099,0.20,-0.01,0.20,-0.01,INF,-1,0,7,0
8040,1,1,1.122,-0.029,0.10,0.00,0.10,0.00,INF,-1,0,7,0
8060,1,1,0.903,-0.688,0.08,-0.06,0.08,-0.06,INF,-1,0,7,0
8080,1,1,1.038,-1.648,0.10,-0.15,0.10,-0.15,INF,-1,0,7,0
8100,1,1,3.001,-1.801,0.28,-0.17,0.28,-0.17,INF,-1,0,7,0
8120,1,1,1.857,-0.294,0.17,-0.03,0.17,-0.03,INF,-1,0,7,0
8140,1,1,-5.416,-2.644,-0.51,-0.25,-0.51,-0.25,INF,-1,0,7,0
8160,1,1,-5.494,-2.171,-0.51,-0.20,-0.51,-0.20,INF,-1,0,7,0
8180,1,1,-4.551,-1.126,-0.43,-0.11,-0.43,-0.11,INF,-1,0,7,0
8200,1,1,-5.442,-1.853,-0.51,-0.17,-0.51,-0.17,INF,-1,0,7,0
8220,1,1,-5.028,-2.860,-0.47,-0.27,-0.47,-0.27,INF,-1,1,7,0
8240,1,1,-7.319,-3.073,-0.68,-0.29,-0.68,-0.29,INF,-1,1,7,0
8260,1,1,-4.919,-3.458,-0.46,-0.32,-0.46,-0.32,INF,-1,1,7,0
8280,1,1,-4.723,-1.950,-0.44,-0.18,-0.44,-0.18,INF,-1,1,7,0
8300,1,1,-4.260,-2.573,-0.40,-0.24,-0.40,-0.24,INF,-1,1,7,0
8320,1,1,-4.832,-1.523,-0.45,-0.14,-0.45,-0.14,INF,-1,1,7,0
8340,1,1,-4.738,-0.922,-0.44,-0.09,-0.44,-0.09,INF,-1,1,7,0
8360,1,1,-5.210,-1.313,-0.49,-0.12,-0.49,-0.12,INF,-1,1,7,0
8380,1,1,-5.259,-2.423,-0.49,-0.23,-0.49,-0.23,INF,-1,1,7,0
8400,1,1,-5.821,-2.801,-0.54,-0.26,-0.54,-0.26,INF,-1,1,7,0
8420,1,1,-5.185,-2.111,-0.48,-0.20,-0.48,-0.20,INF,-1,1,7,0
8440,1,1,-6.729,-2.320,-0.63,-0.22,-0.63,-0.22,INF,-1,1,7,0
8460,1,1,-5.933,-3.010,-0.55,-0.28,-0.55,-0.28,INF,-1,1,7,0
8480,1,1,-4.777,-1.504,-0.45,-0.14,-0.45,-0.14,INF,-1,1,7,0
8500,1,1,-6.153,-0.150,-0.58,-0.01,-0.58,-0.01,INF,-1,1,7,0
8520,1,1,-6.462,-2.497,-0.60,-0.23,-0.60,-0.23,INF,-1,1,7,0
8540,1,1,-6.719,-2.685,-0.63,-0.25,-0.63,-0.25,INF,-1,1,7,0
8560,1,1,-5.879,-2.359,-0.55,-0.22,-0.55,-0.22,INF,-1,1,7,0
8580,1,1,-5.582,-3.180,-0.52,-0.30,-0.52,-0.30,INF,-1,1,7,0
8600,1,1,-5.317,-1.731,-0.50,-0.16,-0.50,-0.16,INF,-1,1,7,0
8620,1,1,-4.470,-4.836,-0.42,-0.45,-0.42,-0.45,INF,-1,1,7,0
8640,1,1,-5.255,-3.553,-0.49,-0.33,-0.49,-0.33,INF,-1,1,7,0
8660,1,1,-4.797,-4.124,-0.45,-0.39,-0.45,-0.39,INF,-1,1,7,0
8680,1,1,-5.264,-3.434,-0.49,-0.32,-0.49,-0.32,INF,-1,1,7,0
8700,1,1,-5.244,-3.761,-0.49,-0.35,-0.49,-0.35,INF,-1,1,7,0
8720,1,1,-4.576,-4.698,-0.43,-0.44,-0.43,-0.44,INF,-1,1,7,0
8740,1,1,-5.024,-3.483,-0.47,-0.33,-0.47,-0.33,INF,-1,1,7,0
8760,1,1,-4.766,-3.720,-0.45,-0.35,-0.45,-0.35,INF,-1,1,7,0
8780,1,1,-4.694,-3.864,-0.44,-0.36,-0.44,-0.36,INF,-1,1,7,0
8800,1,1,-4.507,-3.594,-0.42,-0.34,-0.42,-0.34,INF,-1,1,7,0
8820,1,1,-3.482,-3.194,-0.33,-0.30,-0.33,-0.30,INF,-1,1,7,0
8840,1,1,-5.325,-2.919,-0.50,-0.27,-0.50,-0.27,INF,-1,1,7,0
8860,1,1,-4.791,-2.317,-0.45,-0.22,-0.45,-0.22,INF,-1,1,7,0
8880,1,1,-5.433,-1.742,-0.51,-0.16,-0.51,-0.16,INF,-1,1,7,0
8900,1,1,-2.905,-3.305,-0.27,-0.31,-0.27,-0.31,INF,-1,1,7,0
8920,1,1,-4.302,-4.313,-0.40,-0.40,-0.40,-0.40,INF,-1,1,7,0
8940,1,1,-4.846,-4.413,-0.45,-0.41,-0.45,-0.41,INF,-1,1,7,0
8960,1,1,-4.763,-2.722,-0.45,-0.25,-0.45,-0.25,INF,-1,1,7,0
8980,1,1,-5.678,-2.741,-0.53,-0.26,-0.53,-0.26,INF,-1,1,7,0
9000,1,1,-4.583,-2.398,-0.43,-0.22,-0.43,-0.22,INF,-1,1,7,0
9020,1,1,-5.011,-3.027,-0.47,-0.28,-0.47,-0.28,INF,-1,1,7,0
9040,1,1,-39.302,1.387,-3.67,0.13,-3.67,0.13,INF,-1,1,7,0
9060,1,1,-37.953,3.263,-3.54,0.30,-3.54,0.31,INF,-1,1,7,0
9080,1,1,-38.002,2.674,-3.55,0.25,-3.55,0.25,INF,-1,0,7,0
9100,1,1,-38.379,3.672,-3.58,0.34,-3.58,0.34,INF,-1,0,7,0
9120,1,1,-41.177,4.167,-3.84,0.39,-3.84,0.39,INF,-1,0,7,0
9140,1,1,-39.787,3.230,-3.71,0.30,-3.71,0.30,INF,-1,0,7,0
9160,1,1,-38.251,3.555,-3.57,0.33,-3.57,0.33,INF,-1,0,7,0
9180,1,1,-37.938,4.211,-3.54,0.39,-3.54,0.39,INF,-1,0,7,0
9200,1,1,-51.297,20.962,-4.78,1.95,-4.78,1.96,INF,-1,0,7,0
9220,1,1,-49.470,26.509,-4.61,2.47,-4.61,2.48,INF,-1,0,7,0
9240,1,1,-50.771,25.826,-4.73,2.40,-4.73,2.41,INF,-1,0,7,0
9260,1,1,-50.993,29.958,-4.76,2.79,-4.75,2.80,INF,-1,0,7,0
9280,1,1,-50.083,28.512,-4.67,2.65,-4.67,2.66,INF,-1,0,7,0
9300,1,1,-50.328,27.472,-4.69,2.56,-4.69,2.57,INF,-1,0,7,0
9320,1,1,-50.403,27.942,-4.70,2.60,-4.70,2.61,INF,-1,0,7,0
9340,1,1,-49.896,28.695,-4.65,2.67,-4.65,2.68,INF,-1,0,7,0
9360,1,1,-52.247,28.423,-4.87,2.65,-4.87,2.65,INF,-1,0,7,0
9380,1,1,-41.685,32.573,-3.89,3.03,-3.88,3.04,INF,-1,0,7,0
9400,1,1,-29.925,38.196,-2.79,3.56,-2.79,3.57,INF,-1,0,7,0
9420,1,1,-29.425,37.783,-2.75,3.52,-2.74,3.53,INF,-1,0,7,0
9440,1,1,-29.215,39.211,-2.73,3.66,-2.72,3.66,INF,-1,0,7,0
9460,1,1,-30.351,39.411,-2.83,3.67,-2.83,3.68,INF,-1,0,7,0
9480,1,1,-29.541,38.865,-2.76,3.62,-2.75,3.63,INF,-1,0,7,0
9500,1,1,-30.135,38.446,-2.81,3.58,-2.81,3.59,INF,-1,0,7,0
9520,1,1,-28.592,39.219,-2.67,3.66,-2.67,3.66,INF,-1,0,7,0
9540,1,1,-29.964,39.210,-2.80,3.66,-2.79,3.66,INF,-1,1,7,0
9560,1,1,-30.924,38.604,-2.89,3.60,-2.88,3.60,INF,-1,1,7,0
9580,1,1,-30.251,38.848,-2.83,3.62,-2.82,3.63,INF,-1,1,7,0
9600,1,1,-30.015,39.606,-2.80,3.69,-2.80,3.70,INF,-1,1,7,0
9620,1,1,-29.186,38.627,-2.73,3.60,-2.72,3.61,INF,-1,1,7,0
9640,1,1,-30.466,39.438,-2.85,3.68,-2.84,3.68,INF,-1,1,7,0
9660,1,1,-29.451,38.837,-2.75,3.62,-2.75,3.63,INF,-1,1,7,0
9680,1,1,-29.587,38.836,-2.76,3.62,-2.76,3.63,INF,-1,1,7,0
9700,1,1,-30.430,37.735,-2.84,3.52,-2.84,3.52,INF,-1,1,7,0
9720,1,1,-30.954,39.050,-2.89,3.64,-2.88,3.65,INF,-1,1,7,0
9740,1,1,-30.974,38.673,-2.89,3.61,-2.89,3.61,INF,-1,1,7,0
9760,1,1,-31.430,38.662,-2.94,3.60,-2.93,3.61,INF,-1,1,7,0
9780,1,1,-38.374,37.598,-3.58,3.50,-3.58,3.51,INF,-1,1,7,0
9800,1,1,-39.891,36.332,-3.72,3.38,-3.72,3.39,INF,-1,1,7,0
9820,1,1,-39.126,35.567,-3.65,3.31,-3.65,3.32,INF,-1,1,7,0
9840,1,1,-39.616,37.072,-3.70,3.45,-3.69,3.46,INF,-1,1,7,0
9860,1,1,-38.742,36.715,-3.62,3.42,-3.61,3.43,INF,-1,1,7,0
9880,1,1,-40.070,37.152,-3.74,3.46,-3.73,3.47,INF,-1,1,7,0
9900,1,1,-39.662,36.714,-3.70,3.42,-3.70,3.43,INF,-1,1,7,0
9920,1,1,-39.955,37.680,-3.73,3.51,-3.72,3.52,INF,-1,1,7,0
9940,1,1,-40.155,37.530,-3.75,3.50,-3.74,3.50,INF,-1,1,7,0
9960,1,1,-41.011,37.102,-3.83,3.46,-3.82,3.46,INF,-1,1,7,0
9980,1,1,-41.570,36.956,-3.88,3.44,-3.87,3.45,INF,-1,1,7,0
10000,1,1,-39.987,37.654,-3.73,3.51,-3.73,3.52,INF,-1,1,7,0
10020,1,1,-40.850,37.797,-3.81,3.52,-3.81,3.53,INF,-1,1,7,0
10040,1,1,-40.719,36.722,-3.80,3.42,-3.79,3.43,INF,-1,1,7,0
10060,1,1,-39.456,37.266,-3.68,3.47,-3.68,3.48,INF,-1,1,7,0
10080,1,1,-25.397,39.356,-2.37,3.67,-2.37,3.67,INF,-1,1,7,0
10100,1,1,-23.936,40.721,-2.24,3.80,-2.23,3.80,INF,-1,1,7,0
10120,1,1,-23.897,40.172,-2.23,3.75,-2.23,3.75,INF,-1,0,7,0
10140,1,1,-23.242,40.010,-2.17,3.73,-2.17,3.73,INF,-1,0,7,0
10160,1,1,-23.792,39.750,-2.22,3.71,-2.22,3.71,INF,-1,0,7,0
10180,1,1,-24.353,38.241,-2.28,3.57,-2.27,3.57,INF,-1,0,7,0
10200,1,1,-23.062,38.755,-2.15,3.61,-2.15,3.62,INF,-1,0,7,0
10220,1,1,-23.589,37.908,-2.20,3.54,-2.20,3.54,INF,-1,0,7,0
10240,1,1,-22.837,38.761,-2.13,3.62,-2.13,3.62,INF,-1,0,7,0
10260,1,1,-23.507,39.538,-2.20,3.69,-2.19,3.69,INF,-1,0,7,0
10280,1,1,-24.106,40.369,-2.25,3.76,-2.25,3.77,INF,-1,0,7,0
10300,1,1,21.578,38.166,2.02,3.56,2.01,3.56,INF,-1,0,7,0
10320,1,1,22.161,37.282,2.07,3.48,2.07,3.48,INF,-1,0,7,0
10340,1,1,23.260,36.339,2.17,3.39,2.17,3.39,INF,-1,0,7,0
10360,1,1,23.093,36.547,2.16,3.41,2.15,3.41,INF,-1,0,7,0
10380,1,1,23.330,36.707,2.18,3.42,2.18,3.43,INF,-1,0,7,0
10400,1,1,22.180,37.224,2.07,3.47,2.07,3.47,INF,-1,0,7,0
10420,1,1,22.132,37.189,2.07,3.47,2.06,3.47,INF,-1,0,7,0
10440,1,1,22.500,36.692,2.10,3.42,2.10,3.43,INF,-1,0,7,0
10460,1,1,22.050,35.372,2.06,3.30,2.06,3.30,INF,-1,0,7,0
10480,1,1,21.853,38.010,2.04,3.55,2.04,3.55,INF,-1,0,7,0
10500,1,1,20.684,37.123,1.93,3.46,1.93,3.47,INF,-1,0,7,0
10520,1,1,22.680,36.698,2.12,3.42,2.12,3.43,INF,-1,0,7,0
10540,1,1,22.584,36.811,2.11,3.43,2.11,3.44,INF,-1,0,7,0
10560,1,1,22.598,36.776,2.11,3.43,2.11,3.43,INF,-1,0,7,0
10580,1,1,21.517,37.289,2.01,3.48,2.01,3.48,INF,-1,1,7,0
10600,1,1,21.645,36.723,2.02,3.43,2.02,3.43,INF,-1,1,7,0
10620,1,1,22.547,36.065,2.11,3.36,2.10,3.37,INF,-1,1,7,0
10640,1,1,22.776,36.934,2.13,3.45,2.12,3.45,INF,-1,1,7,0
10660,1,1,23.150,36.345,2.16,3.39,2.16,3.39,INF,-1,1,7,0
10680,1,1,22.496,37.867,2.10,3.53,2.10,3.53,INF,-1,1,7,0
10700,1,1,23.314,36.936,2.18,3.45,2.17,3.45,INF,-1,1,7,0
10720,1,1,22.643,38.194,2.12,3.56,2.11,3.57,INF,-1,1,7,0
10740,1,1,-18.245,23.146,-1.70,2.16,-1.70,2.16,INF,-1,1,7,0
10760,1,1,-9.761,24.822,-0.91,2.32,-0.91,2.32,INF,-1,1,7,0
10780,1,1,-11.161,25.712,-1.04,2.40,-1.04,2.40,INF,-1,0,7,0
10800,1,1,-10.101,23.325,-0.94,2.18,-0.94,2.18,INF,-1,0,7,0
10820,1,1,-12.268,22.934,-1.15,2.14,-1.15,2.14,INF,-1,0,7,0
10840,1,1,-11.299,22.536,-1.06,2.11,-1.06,2.11,INF,-1,0,7,0
10860,1,1,-11.349,23.252,-1.06,2.17,-1.06,2.17,INF,-1,0,7,0
10880,1,1,-11.079,23.159,-1.04,2.16,-1.03,2.16,INF,-1,0,7,0
10900,1,1,-11.821,23.956,-1.10,2.24,-1.10,2.24,INF,-1,0,7,0
10920,1,1,-13.398,24.316,-1.25,2.27,-1.25,2.27,INF,-1,0,7,0
10940,1,1,-12.802,24.010,-1.20,2.24,-1.20,2.24,INF,-1,0,7,0
10960,1,1,-11.931,23.562,-1.12,2.20,-1.11,2.20,INF,-1,0,7,0
10980,1,1,-12.455,25.107,-1.16,2.34,-1.16,2.35,INF,-1,0,7,0
11000,1,1,-12.389,24.740,-1.16,2.31,-1.16,2.31,INF,-1,0,7,0
11020,1,1,-12.178,24.241,-1.14,2.26,-1.14,2.26,INF,-1,1,7,0
11040,1,1,-12.796,24.367,-1.20,2.28,-1.19,2.28,INF,-1,1,7,0
11060,1,1,-11.945,23.892,-1.12,2.23,-1.12,2.23,INF,-1,1,7,0
11080,1,1,-10.896,23.554,-1.02,2.20,-1.02,2.20,INF,-1,1,7,0
11100,1,1,-11.927,23.777,-1.11,2.22,-1.11,2.22,INF,-1,1,7,0
11120,1,1,-13.003,23.878,-1.22,2.23,-1.21,2.23,INF,-1,1,7,0
11140,1,1,-11.680,22.809,-1.09,2.13,-1.09,2.13,INF,-1,1,7,0
11160,1,1,-12.875,22.725,-1.20,2.12,-1.20,2.12,INF,-1,1,7,0
11180,1,1,-13.719,23.284,-1.28,2.17,-1.28,2.18,INF,-1,1,7,0
11200,1,1,-11.693,23.956,-1.09,2.24,-1.09,2.24,INF,-1,1,7,0
11220,1,1,-11.456,22.915,-1.07,2.14,-1.07,2.14,INF,-1,1,7,0
11240,1,1,-11.713,22.587,-1.09,2.11,-1.09,2.11,INF,-1,1,7,0
11260,1,1,-11.087,22.764,-1.04,2.13,-1.04,2.13,INF,-1,1,7,0
11280,1,1,-12.117,23.585,-1.13,2.20,-1.13,2.20,INF,-1,1,7,0
11300,1,1,-9.933,20.764,-0.93,1.94,-0.93,1.94,INF,-1,1,7,0
11320,1,1,-12.519,22.221,-1.17,2.08,-1.17,2.08,INF,-1,1,7,0
11340,1,1,-13.161,22.766,-1.23,2.13,-1.23,2.13,INF,-1,1,7,0
11360,1,1,-11.761,23.291,-1.10,2.18,-1.10,2.18,INF,-1,1,7,0
11380,1,1,-12.275,21.800,-1.15,2.04,-1.15,2.04,INF,-1,1,7,0
11400,1,1,-12.216,21.814,-1.14,2.04,-1.14,2.04,INF,-1,1,7,0
11420,1,1,-12.803,22.166,-1.20,2.07,-1.20,2.07,INF,-1,1,7,0
11440,1,1,-12.718,21.105,-1.19,1.97,-1.19,1.97,INF,-1,1,7,0
11460,1,1,20.693,3.596,1.93,0.34,1.93,0.34,INF,-1,1,7,0
11480,1,1,20.235,1.712,1.89,0.16,1.89,0.16,INF,-1,1,7,0
11500,1,1,22.494,1.607,2.10,0.15,2.10,0.15,INF,-1,0,7,0
11520,1,1,19.651,2.375,1.84,0.22,1.84,0.22,INF,-1,0,7,0
11540,1,1,20.985,3.871,1.96,0.36,1.96,0.36,INF,-1,0,7,0
11560,1,1,18.204,2.500,1.70,0.23,1.70,0.23,INF,-1,0,7,0
11580,1,1,20.792,2.119,1.94,0.20,1.94,0.20,INF,-1,0,7,0
11600,1,1,20.839,2.859,1.95,0.27,1.95,0.27,INF,-1,0,7,0
11620,1,1,22.336,2.031,2.09,0.19,2.09,0.19,INF,-1,0,7,0
11640,1,1,22.083,2.980,2.06,0.28,2.06,0.28,INF,-1,0,7,0
11660,1,1,20.279,2.938,1.89,0.27,1.89,0.27,INF,-1,0,7,0
11680,1,1,20.180,1.844,1.89,0.17,1.89,0.17,INF,-1,0,7,0
11700,1,1,21.755,2.363,2.03,0.22,2.03,0.22,INF,-1,0,7,0
11720,1,1,19.882,2.449,1.86,0.23,1.86,0.23,INF,-1,0,7,0
11740,1,1,-5.414,-3.771,-0.51,-0.35,-0.51,-0.35,INF,-1,1,7,0
11760,1,1,-1.139,-2.862,-0.11,-0.27,-0.11,-0.27,INF,-1,1,7,0
11780,1,1,-2.882,-2.559,-0.27,-0.24,-0.27,-0.24,INF,-1,0,7,0
11800,1,1,-1.653,-3.887,-0.15,-0.36,-0.15,-0.36,INF,-1,0,7,0
11820,1,1,-2.121,-5.028,-0.20,-0.47,-0.20,-0.47,INF,-1,0,7,0
11840,1,1,-2.833,-3.253,-0.26,-0.30,-0.26,-0.30,INF,-1,0,7,0
11860,1,1,-2.939,-2.847,-0.27,-0.27,-0.27,-0.27,INF,-1,0,7,0
11880,1,1,-2.923,-3.742,-0.27,-0.35,-0.27,-0.35,INF,-1,0,7,0
11900,1,1,-2.827,-4.210,-0.26,-0.39,-0.26,-0.39,INF,-1,0,7,0
11920,1,1,-3.386,-3.928,-0.32,-0.37,-0.32,-0.37,INF,-1,0,7,0
11940,1,1,-3.522,-2.972,-0.33,-0.28,-0.33,-0.28,INF,-1,0,7,0
11960,1,1,-4.500,-3.887,-0.42,-0.36,-0.42,-0.36,INF,-1,0,7,0
11980,1,1,-3.349,-4.906,-0.31,-0.46,-0.31,-0.46,INF,-1,0,7,0
12000,1,1,-4.556,-4.013,-0.43,-0.38,-0.43,-0.38,INF,-1,0,7,0
12020,1,1,-3.621,-4.030,-0.34,-0.38,-0.34,-0.38,INF,-1,1,7,0
12040,1,1,-4.622,-4.099,-0.43,-0.38,-0.43,-0.38,INF,-1,1,7,0
12060,1,1,-4.538,-4.349,-0.42,-0.41,-0.42,-0.41,INF,-1,1,7,0
12080,1,1,-5.999,-4.948,-0.56,-0.46,-0.56,-0.46,INF,-1,1,7,0
12100,1,1,-5.831,-5.115,-0.55,-0.48,-0.54,-0.48,INF,-1,1,7,0
12120,1,1,-5.503,-5.908,-0.51,-0.55,-0.51,-0.55,INF,-1,1,7,0
12140,1,1,-5.898,-6.141,-0.55,-0.57,-0.55,-0.57,INF,-1,1,7,0
12160,1,1,11.987,-7.785,1.12,-0.73,1.12,-0.73,INF,-1,1,7,0
12180,1,1,19.569,-9.689,1.83,-0.91,1.83,-0.91,INF,-1,1,7,0
12200,1,1,18.753,-9.481,1.75,-0.89,1.75,-0.89,INF,-1,0,7,0
12220,1,1,20.244,-9.640,1.89,-0.90,1.89,-0.90,INF,-1,0,7,0
12240,1,1,19.188,-9.711,1.79,-0.91,1.79,-0.91,INF,-1,0,7,0
12260,1,1,17.515,-9.518,1.64,-0.89,1.64,-0.89,INF,-1,0,7,0
12280,1,1,19.389,-8.584,1.81,-0.80,1.81,-0.80,INF,-1,0,7,0
12300,1,1,20.870,-9.392,1.95,-0.88,1.95,-0.88,INF,-1,0,7,0
12320,1,1,19.187,-9.164,1.79,-0.86,1.79,-0.86,INF,-1,0,7,0
12340,1,1,19.126,-8.480,1.79,-0.79,1.79,-0.79,INF,-1,0,7,0
12360,1,1,18.566,-8.805,1.73,-0.82,1.73,-0.82,INF,-1,0,7,0
12380,1,1,19.313,-8.683,1.80,-0.81,1.80,-0.81,INF,-1,0,7,0
12400,1,1,-4.255,-4.864,-0.40,-0.45,-0.40,-0.45,INF,-1,0,7,0
12420,1,1,-3.295,-3.592,-0.31,-0.34,-0.31,-0.34,INF,-1,0,7,0
12440,1,1,-3.993,-3.392,-0.37,-0.32,-0.37,-0.32,INF,-1,0,7,0
12460,1,1,-5.618,-3.900,-0.53,-0.36,-0.53,-0.36,INF,-1,0,7,0
12480,1,1,-4.259,-5.328,-0.40,-0.50,-0.40,-0.50,INF,-1,0,7,0
12500,1,1,-3.944,-4.861,-0.37,-0.45,-0.37,-0.45,INF,-1,0,7,0
12520,1,1,-4.849,-2.553,-0.45,-0.24,-0.45,-0.24,INF,-1,0,7,0
12540,1,1,-5.647,-3.817,-0.53,-0.36,-0.53,-0.36,INF,-1,0,7,0
12560,1,1,-5.023,-3.482,-0.47,-0.33,-0.47,-0.33,INF,-1,0,7,0
12580,1,1,-5.810,-3.814,-0.54,-0.36,-0.54,-0.36,INF,-1,1,7,0
12600,1,1,-6.520,-2.356,-0.61,-0.22,-0.61,-0.22,INF,-1,1,7,0
12620,1,1,-6.341,-1.985,-0.59,-0.19,-0.59,-0.19,INF,-1,1,7,0
12640,1,1,-7.150,-2.942,-0.67,-0.27,-0.67,-0.27,INF,-1,0,7,0
12660,1,1,-6.474,-3.523,-0.61,-0.33,-0.61,-0.33,INF,-1,0,7,0
12680,1,1,-6.942,-2.875,-0.65,-0.27,-0.65,-0.27,INF,-1,0,7,0
12700,1,1,-7.205,-2.875,-0.67,-0.27,-0.67,-0.27,INF,-1,0,7,0
12720,1,1,-5.796,-3.178,-0.54,-0.30,-0.54,-0.30,INF,-1,0,7,0
12740,1,1,-7.571,-3.189,-0.71,-0.30,-0.71,-0.30,INF,-1,0,7,0
12760,1,1,-6.027,-3.581,-0.56,-0.33,-0.56,-0.33,INF,-1,0,7,0
12780,1,1,-5.080,-3.864,-0.47,-0.36,-0.47,-0.36,INF,-1,0,7,0
12800,1,1,-6.157,-4.216,-0.58,-0.39,-0.58,-0.39,INF,-1,0,7,0
12820,1,1,-7.104,-3.830,-0.66,-0.36,-0.66,-0.36,INF,-1,0,7,0
12840,1,1,-8.537,-3.706,-0.80,-0.35,-0.80,-0.35,INF,-1,0,7,0
12860,1,1,-6.695,-4.735,-0.63,-0.44,-0.63,-0.44,INF,-1,0,7,0
12880,1,1,-6.477,-4.034,-0.61,-0.38,-0.61,-0.38,INF,-1,1,7,0
12900,1,1,-7.167,-4.632,-0.67,-0.43,-0.67,-0.43,INF,-1,1,7,0
12920,1,1,-12.341,-4.916,-1.15,-0.46,-1.15,-0.46,INF,-1,1,7,0
12940,1,1,-12.239,-6.951,-1.14,-0.65,-1.14,-0.65,INF,-1,1,7,0
12960,1,1,-12.437,-6.081,-1.16,-0.57,-1.16,-0.57,INF,-1,1,7,0
12980,1,1,-11.760,-7.358,-1.10,-0.69,-1.10,-0.69,INF,-1,1,7,0
13000,1,1,-12.451,-7.416,-1.16,-0.69,-1.16,-0.69,INF,-1,1,7,0
13020,1,1,-12.856,-6.811,-1.20,-0.64,-1.20,-0.64,INF,-1,1,7,0
13040,1,1,-12.577,-6.861,-1.18,-0.64,-1.18,-0.64,INF,-1,1,7,0
13060,1,1,-12.228,-6.453,-1.14,-0.60,-1.14,-0.60,INF,-1,1,7,0
13080,1,1,-12.114,-6.250,-1.13,-0.58,-1.13,-0.58,INF,-1,1,7,0
13100,1,1,-12.660,-7.436,-1.18,-0.69,-1.18,-0.70,INF,-1,1,7,0
13120,1,1,-5.761,-4.981,-0.54,-0.47,-0.54,-0.47,INF,-1,1,7,0
13140,1,1,-6.000,-5.145,-0.56,-0.48,-0.56,-0.48,INF,-1,1,7,0
13160,1,1,-6.730,-4.764,-0.63,-0.45,-0.63,-0.45,INF,-1,1,7,0
13180,1,1,-6.949,-5.707,-0.65,-0.53,-0.65,-0.53,INF,-1,1,7,0
13200,1,1,-4.990,-6.058,-0.47,-0.57,-0.47,-0.57,INF,-1,1,7,0
13220,1,1,-4.057,-5.780,-0.38,-0.54,-0.38,-0.54,INF,-1,1,7,0
13240,1,1,-6.081,-6.493,-0.57,-0.61,-0.57,-0.61,INF,-1,1,7,0
13260,1,1,-6.780,-5.152,-0.63,-0.48,-0.63,-0.48,INF,-1,1,7,0
13280,1,1,-6.243,-5.598,-0.58,-0.52,-0.58,-0.52,INF,-1,1,7,0
13300,1,1,-7.073,-5.251,-0.66,-0.49,-0.66,-0.49,INF,-1,1,7,0
13320,1,1,-7.444,-4.444,-0.70,-0.42,-0.70,-0.42,INF,-1,1,7,0
13340,1,1,-6.598,-5.193,-0.62,-0.49,-0.62,-0.49,INF,-1,1,7,0
13360,1,1,-7.149,-6.136,-0.67,-0.57,-0.67,-0.57,INF,-1,1,7,0
13380,1,1,-8.470,-3.764,-0.79,-0.35,-0.79,-0.35,INF,-1,1,7,0
13400,1,1,-8.175,-5.188,-0.76,-0.48,-0.76,-0.48,INF,-1,1,7,0
13420,1,1,-7.085,-3.852,-0.66,-0.36,-0.66,-0.36,INF,-1,1,7,0
13440,1,1,-7.296,-5.682,-0.68,-0.53,-0.68,-0.53,INF,-1,1,7,0
13460,1,1,-6.237,-5.074,-0.58,-0.47,-0.58,-0.47,INF,-1,1,7,0
13480,1,1,-6.219,-3.743,-0.58,-0.35,-0.58,-0.35,INF,-1,1,7,0
13500,1,1,-7.307,-4.394,-0.68,-0.41,-0.68,-0.41,INF,-1,1,7,0
13520,1,1,-6.626,-2.960,-0.62,-0.28,-0.62,-0.28,INF,-1,1,7,0
13540,1,1,-5.423,-5.699,-0.51,-0.53,-0.51,-0.53,INF,-1,1,7,0
13560,1,1,-5.091,-3.452,-0.48,-0.32,-0.48,-0.32,INF,-1,1,7,0
13580,1,1,-13.910,-3.853,-1.30,-0.36,-1.30,-0.36,INF,-1,1,7,0
13600,1,1,-14.773,-2.830,-1.38,-0.26,-1.38,-0.26,INF,-1,1,7,0
13620,1,1,-11.979,-3.011,-1.12,-0.28,-1.12,-0.28,INF,-1,1,7,0
13640,1,1,-12.643,-2.184,-1.18,-0.20,-1.18,-0.20,INF,-1,1,7,0
13660,1,1,-13.548,-1.547,-1.27,-0.14,-1.27,-0.14,INF,-1,1,7,0
13680,1,1,-13.810,-2.664,-1.29,-0.25,-1.29,-0.25,INF,-1,1,7,0
13700,1,1,-13.291,-0.851,-1.24,-0.08,-1.24,-0.08,INF,-1,1,7,0
13720,1,1,-13.639,-1.602,-1.27,-0.15,-1.27,-0.15,INF,-1,1,7,0
13740,1,1,-13.877,-1.745,-1.30,-0.16,-1.30,-0.16,INF,-1,1,7,0
13760,1,1,-13.401,-1.032,-1.25,-0.10,-1.25,-0.10,INF,-1,1,7,0
13780,1,1,-13.048,-2.248,-1.22,-0.21,-1.22,-0.21,INF,-1,1,7,0
13800,1,1,-12.785,-1.279,-1.19,-0.12,-1.19,-0.12,INF,-1,1,7,0
13820,1,1,-11.361,-2.739,-1.06,-0.26,-1.06,-0.26,INF,-1,1,7,0
13840,1,1,-4.461,-3.290,-0.42,-0.31,-0.42,-0.31,INF,-1,1,7,0
13860,1,1,-5.507,-2.546,-0.51,-0.24,-0.51,-0.24,INF,-1,1,7,0
13880,1,1,-5.067,-3.850,-0.47,-0.36,-0.47,-0.36,INF,-1,1,7,0
13900,1,1,-4.584,-2.912,-0.43,-0.27,-0.43,-0.27,INF,-1,1,7,0
13920,1,1,-6.219,-2.009,-0.58,-0.19,-0.58,-0.19,INF,-1,1,7,0
13940,1,1,-6.400,-1.876,-0.60,-0.18,-0.60,-0.18,INF,-1,1,7,0
13960,1,1,-5.763,-6.129,-0.54,-0.57,-0.54,-0.57,INF,-1,1,7,0
13980,1,1,51.020,-46.046,4.76,-4.28,4.74,-4.30,INF,-1,1,7,0
14000,1,1,48.717,-45.933,4.54,-4.27,4.53,-4.29,INF,-1,1,7,0
14020,1,1,48.896,-46.444,4.56,-4.32,4.55,-4.33,INF,-1,0,7,0
14040,1,1,49.777,-46.064,4.64,-4.28,4.63,-4.30,INF,-1,0,7,0
14060,1,1,48.759,-46.183,4.55,-4.30,4.54,-4.31,INF,-1,0,7,0
14080,1,1,49.532,-46.545,4.62,-4.33,4.61,-4.34,INF,-1,0,7,0
14100,1,1,50.215,-47.988,4.68,-4.46,4.67,-4.48,INF,-1,0,7,0
14120,1,1,48.345,-46.208,4.51,-4.30,4.50,-4.31,INF,-1,0,7,0
14140,1,1,48.887,-46.086,4.56,-4.29,4.55,-4.30,INF,-1,0,7,0
14160,1,1,49.095,-45.885,4.58,-4.27,4.57,-4.28,INF,-1,0,7,0
14180,1,1,49.919,-47.062,4.66,-4.38,4.64,-4.39,INF,-1,0,7,0
14200,1,1,49.906,-46.684,4.65,-4.34,4.64,-4.36,INF,-1,0,7,0
14220,1,1,48.257,-45.142,4.50,-4.20,4.49,-4.21,INF,-1,0,7,0
14240,1,1,43.263,-45.900,4.04,-4.27,4.03,-4.28,INF,-1,0,7,0
14260,1,1,45.862,-45.711,4.28,-4.25,4.27,-4.26,INF,-1,1,7,0
14280,1,1,44.304,-46.990,4.13,-4.37,4.12,-4.38,INF,-1,1,7,0
14300,1,1,43.991,-45.162,4.10,-4.20,4.09,-4.21,INF,-1,1,7,0
14320,1,1,45.388,-45.319,4.23,-4.22,4.22,-4.23,INF,-1,1,7,0
14340,1,1,45.405,-44.909,4.24,-4.18,4.22,-4.19,INF,-1,1,7,0
14360,1,1,46.068,-45.716,4.30,-4.25,4.29,-4.27,INF,-1,1,7,0
14380,1,1,46.962,-46.403,4.38,-4.32,4.37,-4.33,INF,-1,1,7,0
14400,1,1,45.331,-46.265,4.23,-4.30,4.22,-4.32,INF,-1,1,7,0
14420,1,1,45.885,-45.517,4.28,-4.23,4.27,-4.25,INF,-1,1,7,0
14440,1,1,45.269,-47.084,4.22,-4.38,4.21,-4.39,INF,-1,1,7,0
14460,1,1,45.794,-45.919,4.27,-4.27,4.26,-4.28,INF,-1,1,7,0
14480,1,1,45.144,-45.510,4.21,-4.23,4.20,-4.25,INF,-1,1,7,0
14500,1,1,45.833,-45.494,4.28,-4.23,4.26,-4.24,INF,-1,1,7,0
14520,1,1,44.236,-46.259,4.13,-4.30,4.12,-4.32,INF,-1,1,7,0
14540,1,1,43.551,-46.590,4.06,-4.34,4.05,-4.35,INF,-1,1,7,0
14560,1,1,45.683,-46.278,4.26,-4.31,4.25,-4.32,INF,-1,1,7,0
14580,1,1,44.168,-45.185,4.12,-4.20,4.11,-4.22,INF,-1,1,7,0
14600,1,1,44.085,-44.966,4.11,-4.18,4.10,-4.20,INF,-1,1,7,0
14620,1,1,45.122,-46.245,4.21,-4.30,4.20,-4.31,INF,-1,1,7,0
14640,1,1,44.707,-46.803,4.17,-4.35,4.16,-4.37,INF,-1,1,7,0
14660,1,1,45.353,-46.550,4.23,-4.33,4.22,-4.34,INF,-1,1,7,0
14680,1,1,40.987,-45.074,3.83,-4.20,3.81,-4.21,INF,-1,1,7,0
14700,1,1,34.998,-42.457,3.27,-3.96,3.26,-3.96,INF,-1,1,7,0
14720,1,1,35.277,-44.075,3.29,-4.11,3.29,-4.11,INF,-1,1,7,0
14740,1,1,33.609,-43.293,3.14,-4.03,3.13,-4.04,INF,-1,0,7,0
14760,1,1,35.013,-43.539,3.27,-4.06,3.26,-4.06,INF,-1,0,7,0
14780,1,1,34.967,-42.430,3.26,-3.95,3.26,-3.96,INF,-1,0,7,0
14800,1,1,33.601,-41.805,3.14,-3.90,3.13,-3.90,INF,-1,0,7,0
14820,1,1,34.280,-42.461,3.20,-3.96,3.19,-3.96,INF,-1,0,7,0
14840,1,1,34.369,-42.315,3.21,-3.94,3.20,-3.95,INF,-1,0,7,0
14860,1,1,35.989,-43.350,3.36,-4.04,3.35,-4.05,INF,-1,0,7,0
14880,1,1,39.927,-33.745,3.73,-3.14,3.72,-3.15,INF,-1,0,7,0
14900,1,1,42.855,-26.772,4.00,-2.49,4.00,-2.50,INF,-1,0,7,0
14920,1,1,42.973,-25.540,4.01,-2.38,4.01,-2.39,INF,-1,0,7,0
14940,1,1,44.193,-26.741,4.12,-2.49,4.12,-2.50,INF,-1,0,7,0
14960,1,1,44.375,-25.936,4.14,-2.42,4.14,-2.42,INF,-1,0,7,0
14980,1,1,43.939,-26.757,4.10,-2.49,4.10,-2.50,INF,-1,0,7,0
15000,1,1,44.361,-26.310,4.14,-2.45,4.14,-2.46,INF,-1,0,7,0
15020,1,1,42.698,-26.682,3.98,-2.49,3.98,-2.49,INF,-1,1,7,0
