"EyeTracker Toolbox version","3.250"
CalibrationParameters_A11,1.16482
CalibrationParameters_A12,0.07738
CalibrationParameters_A13,0.03935
CalibrationParameters_A21,0.07885
CalibrationParameters_A22,-1.19465
CalibrationParameters_A23,-0.02309
CalibrationParameters_A31,-0.00054
CalibrationParameters_A32,-0.00061
CalibrationParameters_E11,-0.17989
CalibrationParameters_E12,0.00010
CalibrationParameters_E21,-0.00013
CalibrationParameters_E22,0.20004
CalibrationParameters_X,-52.18893
CalibrationParameters_Y,-27.57133
CalibrationParameters_Rpc,73.58327
CalibrationParameters_MeanX,151.25162
CalibrationParameters_MeanY,173.28229
CalibrationParameters_ViewDist,613.00000
TimeStamp,Tracked,Calibrated,ScreenPositionXmm,ScreenPositionYmm,FicksLongitude,FicksLatitude,HelmholtzAzimuth,HelmholtzElevation,PupilDiameter,Region,Fixation,DigitalIO,Dropped
0,1,1,-63.505,16.270,-5.91,1.51,-5.91,1.52,INF,-1,0,7,0
20,1,1,-62.899,16.157,-5.86,1.50,-5.86,1.51,INF,-1,0,7,0
40,1,1,-62.894,14.283,-5.86,1.33,-5.86,1.33,INF,-1,0,7,0
60,1,1,-60.709,14.451,-5.66,1.34,-5.65,1.35,INF,-1,0,7,0
80,1,1,-61.979,14.250,-5.77,1.32,-5.77,1.33,INF,-1,0,7,0
100,1,1,-63.293,14.712,-5.90,1.37,-5.89,1.37,INF,-1,0,7,0
120,1,1,-63.510,14.427,-5.92,1.34,-5.91,1.35,INF,-1,0,7,0
140,1,1,-63.083,14.277,-5.88,1.33,-5.87,1.33,INF,-1,0,7,0
160,1,1,-60.773,11.347,-5.66,1.06,-5.66,1.06,INF,-1,0,7,0
180,1,1,-11.487,-10.007,-1.07,-0.94,-1.07,-0.94,INF,-1,0,7,0
200,1,1,-17.727,-9.090,-1.66,-0.85,-1.66,-0.85,INF,-1,0,7,0
220,1,1,-17.206,-9.644,-1.61,-0.90,-1.61,-0.90,INF,-1,0,7,0
240,1,1,-17.508,-8.902,-1.64,-0.83,-1.64,-0.83,INF,-1,0,7,0
260,1,1,-17.359,-8.150,-1.62,-0.76,-1.62,-0.76,INF,-1,0,7,0
280,1,1,-18.580,-9.812,-1.74,-0.92,-1.74,-0.92,INF,-1,0,7,0
300,1,1,-17.311,-9.911,-1.62,-0.93,-1.62,-0.93,INF,-1,0,7,0
320,1,1,-16.794,-10.442,-1.57,-0.98,-1.57,-0.98,INF,-1,0,7,0
340,1,1,-17.473,-9.425,-1.63,-0.88,-1.63,-0.88,INF,-1,0,7,0
360,1,1,-17.565,-9.515,-1.64,-0.89,-1.64,-0.89,INF,-1,0,7,0
380,1,1,-18.277,-10.298,-1.71,-0.96,-1.71,-0.96,INF,-1,0,7,0
400,1,1,-18.045,-10.742,-1.69,-1.00,-1.69,-1.00,INF,-1,0,7,0
420,1,1,-18.610,-10.235,-1.74,-0.96,-1.74,-0.96,INF,-1,0,7,0
440,1,1,-17.689,-10.318,-1.65,-0.96,-1.65,-0.96,INF,-1,0,7,0
460,1,1,-17.270,-10.587,-1.61,-0.99,-1.61,-0.99,INF,-1,1,7,0
480,1,1,-18.228,-9.881,-1.70,-0.92,-1.70,-0.92,INF,-1,1,7,0
500,1,1,-11.478,-7.304,-1.07,-0.68,-1.07,-0.68,INF,-1,1,7,0
520,1,1,-3.935,-2.432,-0.37,-0.23,-0.37,-0.23,INF,-1,1,7,0
540,1,1,-3.710,-1.982,-0.35,-0.19,-0.35,-0.19,INF,-1,1,7,0
560,1,1,-3.761,-3.149,-0.35,-0.29,-0.35,-0.29,INF,-1,0,7,0
580,1,1,-2.248,-4.440,-0.21,-0.41,-0.21,-0.41,INF,-1,0,7,0
600,1,1,-4.326,-2.108,-0.40,-0.20,-0.40,-0.20,INF,-1,0,7,0
620,1,1,-4.339,-2.278,-0.41,-0.21,-0.41,-0.21,INF,-1,0,7,0
640,1,1,-3.998,-2.510,-0.37,-0.23,-0.37,-0.23,INF,-1,0,7,0
660,1,1,-3.204,-2.860,-0.30,-0.27,-0.30,-0.27,INF,-1,0,7,0
680,1,1,-4.216,0.044,-0.39,0.00,-0.39,0.00,INF,-1,0,7,0
700,1,1,-9.660,9.385,-0.90,0.88,-0.90,0.88,INF,-1,0,7,0
720,1,1,-9.798,8.926,-0.92,0.83,-0.92,0.83,INF,-1,0,7,0
740,1,1,-11.190,9.944,-1.05,0.93,-1.05,0.93,INF,-1,0,7,0
760,1,1,-10.620,9.034,-0.99,0.84,-0.99,0.84,INF,-1,0,7,0
780,1,1,-11.096,9.380,-1.04,0.88,-1.04,0.88,INF,-1,0,7,0
800,1,1,-10.746,8.680,-1.00,0.81,-1.00,0.81,INF,-1,1,7,0
820,1,1,-9.286,8.901,-0.87,0.83,-0.87,0.83,INF,-1,1,7,0
840,1,1,-10.942,9.139,-1.02,0.85,-1.02,0.85,INF,-1,1,7,0
860,1,1,-10.798,8.676,-1.01,0.81,-1.01,0.81,INF,-1,1,7,0
880,1,1,-12.139,8.292,-1.13,0.77,-1.13,0.77,INF,-1,1,7,0
900,1,1,-10.353,8.967,-0.97,0.84,-0.97,0.84,INF,-1,1,7,0
920,1,1,-10.659,9.888,-1.00,0.92,-1.00,0.92,INF,-1,1,7,0
940,1,1,-10.740,9.573,-1.00,0.89,-1.00,0.89,INF,-1,1,7,0
960,1,1,-12.285,10.771,-1.15,1.01,-1.15,1.01,INF,-1,1,7,0
980,1,1,-13.301,14.524,-1.24,1.36,-1.24,1.36,INF,-1,1,7,0
1000,1,1,-13.626,13.911,-1.27,1.30,-1.27,1.30,INF,-1,0,7,0
1020,1,1,-14.363,14.238,-1.34,1.33,-1.34,1.33,INF,-1,0,7,0
1040,1,1,-12.121,13.393,-1.13,1.25,-1.13,1.25,INF,-1,0,7,0
1060,1,1,-12.253,13.696,-1.15,1.28,-1.14,1.28,INF,-1,0,7,0
1080,1,1,-14.139,13.901,-1.32,1.30,-1.32,1.30,INF,-1,0,7,0
1100,1,1,-13.293,14.386,-1.24,1.34,-1.24,1.34,INF,-1,0,7,0
1120,1,1,-12.269,14.302,-1.15,1.34,-1.15,1.34,INF,-1,0,7,0
1140,1,1,-13.343,14.398,-1.25,1.35,-1.25,1.35,INF,-1,0,7,0
1160,1,1,-16.095,10.932,-1.50,1.02,-1.50,1.02,INF,-1,0,7,0
1180,1,1,-28.189,-7.638,-2.63,-0.71,-2.63,-0.71,INF,-1,0,7,0
1200,1,1,-25.404,-6.489,-2.37,-0.61,-2.37,-0.61,INF,-1,0,7,0
1220,1,1,-27.223,-6.088,-2.54,-0.57,-2.54,-0.57,INF,-1,0,7,0
1240,1,1,-26.734,-4.764,-2.50,-0.44,-2.50,-0.45,INF,-1,0,7,0
1260,1,1,-25.825,-6.408,-2.41,-0.60,-2.41,-0.60,INF,-1,0,7,0
1280,1,1,-25.418,-5.801,-2.37,-0.54,-2.37,-0.54,INF,-1,0,7,0
1300,1,1,-26.320,-6.250,-2.46,-0.58,-2.46,-0.58,INF,-1,0,7,0
1320,1,1,-26.432,-6.198,-2.47,-0.58,-2.47,-0.58,INF,-1,0,7,0
1340,1,1,-26.577,-6.702,-2.48,-0.63,-2.48,-0.63,INF,-1,1,7,0
1360,1,1,-25.878,-5.545,-2.42,-0.52,-2.42,-0.52,INF,-1,1,7,0
1380,1,1,-26.650,-4.190,-2.49,-0.39,-2.49,-0.39,INF,-1,1,7,0
1400,1,1,-26.850,-3.927,-2.51,-0.37,-2.51,-0.37,INF,-1,1,7,0
1420,1,1,-26.689,-5.539,-2.49,-0.52,-2.49,-0.52,INF,-1,1,7,0
1440,1,1,-27.687,-4.550,-2.59,-0.42,-2.59,-0.43,INF,-1,1,7,0
1460,1,1,-27.323,-6.102,-2.55,-0.57,-2.55,-0.57,INF,-1,1,7,0
1480,1,1,-27.565,-4.916,-2.57,-0.46,-2.57,-0.46,INF,-1,1,7,0
1500,1,1,-26.279,-6.050,-2.45,-0.56,-2.45,-0.57,INF,-1,1,7,0
1520,1,1,-27.770,-4.661,-2.59,-0.44,-2.59,-0.44,INF,-1,1,7,0
1540,1,1,-25.392,-5.913,-2.37,-0.55,-2.37,-0.55,INF,-1,1,7,0
1560,1,1,-20.234,-5.541,-1.89,-0.52,-1.89,-0.52,INF,-1,1,7,0
1580,1,1,-19.613,-6.657,-1.83,-0.62,-1.83,-0.62,INF,-1,1,7,0
1600,1,1,-20.736,-5.990,-1.94,-0.56,-1.94,-0.56,INF,-1,1,7,0
1620,1,1,-21.221,-6.603,-1.98,-0.62,-1.98,-0.62,INF,-1,1,7,0
1640,1,1,-19.399,-5.563,-1.81,-0.52,-1.81,-0.52,INF,-1,1,7,0
1660,1,1,-20.518,-5.931,-1.92,-0.55,-1.92,-0.55,INF,-1,1,7,0
1680,1,1,-19.909,-6.228,-1.86,-0.58,-1.86,-0.58,INF,-1,1,7,0
1700,1,1,-22.386,-5.472,-2.09,-0.51,-2.09,-0.51,INF,-1,1,7,0
1720,1,1,-21.072,-6.064,-1.97,-0.57,-1.97,-0.57,INF,-1,1,7,0
1740,1,1,-21.238,-5.904,-1.98,-0.55,-1.98,-0.55,INF,-1,1,7,0
1760,1,1,-21.584,-7.767,-2.02,-0.73,-2.02,-0.73,INF,-1,1,7,0
1780,1,1,-21.008,-6.883,-1.96,-0.64,-1.96,-0.64,INF,-1,1,7,0
1800,1,1,-20.276,-8.297,-1.89,-0.78,-1.89,-0.78,INF,-1,1,7,0
1820,1,1,-22.027,-7.625,-2.06,-0.71,-2.06,-0.71,INF,-1,1,7,0
1840,1,1,-22.500,-6.191,-2.10,-0.58,-2.10,-0.58,INF,-1,1,7,0
1860,1,1,-20.488,-8.450,-1.91,-0.79,-1.91,-0.79,INF,-1,1,7,0
1880,1,1,-21.448,-6.248,-2.00,-0.58,-2.00,-0.58,INF,-1,1,7,0
1900,1,1,-20.303,-7.422,-1.90,-0.69,-1.90,-0.69,INF,-1,1,7,0
1920,1,1,-19.588,-7.936,-1.83,-0.74,-1.83,-0.74,INF,-1,1,7,0
1940,1,1,-20.228,-7.547,-1.89,-0.71,-1.89,-0.71,INF,-1,1,7,0
1960,1,1,-18.295,-7.679,-1.71,-0.72,-1.71,-0.72,INF,-1,1,7,0
1980,1,1,-14.099,-7.319,-1.32,-0.68,-1.32,-0.68,INF,-1,1,7,0
2000,1,1,-15.821,-8.186,-1.48,-0.76,-1.48,-0.77,INF,-1,1,7,0
2020,1,1,-16.139,-6.539,-1.51,-0.61,-1.51,-0.61,INF,-1,1,7,0
2040,1,1,-16.349,-7.095,-1.53,-0.66,-1.53,-0.66,INF,-1,1,7,0
2060,1,1,-15.490,-8.870,-1.45,-0.83,-1.45,-0.83,INF,-1,1,7,0
2080,1,1,-15.879,-7.974,-1.48,-0.75,-1.48,-0.75,INF,-1,0,7,0
2100,1,1,-16.354,-7.803,-1.53,-0.73,-1.53,-0.73,INF,-1,0,7,0
2120,1,1,16.279,-22.341,1.52,-2.09,1.52,-2.09,INF,-1,0,7,0
2140,1,1,13.311,-22.759,1.24,-2.13,1.24,-2.13,INF,-1,0,7,0
2160,1,1,14.105,-23.514,1.32,-2.20,1.32,-2.20,INF,-1,0,7,0
2180,1,1,14.527,-21.897,1.36,-2.05,1.36,-2.05,INF,-1,0,7,0
2200,1,1,14.255,-23.337,1.33,-2.18,1.33,-2.18,INF,-1,0,7,0
2220,1,1,13.818,-23.171,1.29,-2.16,1.29,-2.16,INF,-1,0,7,0
2240,1,1,13.280,-23.791,1.24,-2.22,1.24,-2.22,INF,-1,0,7,0
2260,1,1,13.518,-23.039,1.26,-2.15,1.26,-2.15,INF,-1,0,7,0
2280,1,1,12.650,-22.662,1.18,-2.12,1.18,-2.12,INF,-1,0,7,0
2300,1,1,13.384,-21.699,1.25,-2.03,1.25,-2.03,INF,-1,0,7,0
2320,1,1,13.157,-22.362,1.23,-2.09,1.23,-2.09,INF,-1,0,7,0
2340,1,1,12.938,-22.557,1.21,-2.11,1.21,-2.11,INF,-1,0,7,0
2360,1,1,12.537,-22.412,1.17,-2.09,1.17,-2.09,INF,-1,0,7,0
2380,1,1,12.531,-21.128,1.17,-1.97,1.17,-1.97,INF,-1,0,7,0
2400,1,1,12.544,-21.553,1.17,-2.01,1.17,-2.01,INF,-1,1,7,0
2420,1,1,14.572,-22.220,1.36,-2.08,1.36,-2.08,INF,-1,1,7,0
2440,1,1,13.127,-22.149,1.23,-2.07,1.23,-2.07,INF,-1,1,7,0
2460,1,1,14.982,-23.342,1.40,-2.18,1.40,-2.18,INF,-1,1,7,0
2480,1,1,18.944,-24.264,1.77,-2.27,1.77,-2.27,INF,-1,1,7,0
2500,1,1,19.118,-23.947,1.79,-2.24,1.78,-2.24,INF,-1,1,7,0
2520,1,1,18.848,-24.528,1.76,-2.29,1.76,-2.29,INF,-1,1,7,0
2540,1,1,17.053,-25.258,1.59,-2.36,1.59,-2.36,INF,-1,1,7,0
2560,1,1,17.770,-24.855,1.66,-2.32,1.66,-2.32,INF,-1,1,7,0
2580,1,1,16.806,-24.946,1.57,-2.33,1.57,-2.33,INF,-1,1,7,0
2600,1,1,17.457,-24.025,1.63,-2.24,1.63,-2.24,INF,-1,1,7,0
2620,1,1,17.762,-24.438,1.66,-2.28,1.66,-2.28,INF,-1,1,7,0
2640,1,1,18.606,-23.696,1.74,-2.21,1.74,-2.21,INF,-1,1,7,0
2660,1,1,18.846,-25.154,1.76,-2.35,1.76,-2.35,INF,-1,1,7,0
2680,1,1,17.441,-24.811,1.63,-2.32,1.63,-2.32,INF,-1,1,7,0
2700,1,1,12.584,-18.169,1.18,-1.70,1.18,-1.70,INF,-1,1,7,0
2720,1,1,10.407,-15.990,0.97,-1.49,0.97,-1.49,INF,-1,1,7,0
2740,1,1,9.343,-16.723,0.87,-1.56,0.87,-1.56,INF,-1,1,7,0
2760,1,1,10.069,-17.191,0.94,-1.61,0.94,-1.61,INF,-1,1,7,0
2780,1,1,11.245,-15.959,1.05,-1.49,1.05,-1.49,INF,-1,1,7,0
2800,1,1,11.703,-16.289,1.09,-1.52,1.09,-1.52,INF,-1,1,7,0
2820,1,1,11.591,-17.090,1.08,-1.60,1.08,-1.60,INF,-1,1,7,0
2840,1,1,9.638,-15.463,0.90,-1.44,0.90,-1.45,INF,-1,1,7,0
2860,1,1,10.905,-16.785,1.02,-1.57,1.02,-1.57,INF,-1,1,7,0
2880,1,1,11.640,-16.279,1.09,-1.52,1.09,-1.52,INF,-1,1,7,0
2900,1,1,10.732,-15.629,1.00,-1.46,1.00,-1.46,INF,-1,1,7,0
2920,1,1,11.953,-16.262,1.12,-1.52,1.12,-1.52,INF,-1,1,7,0
2940,1,1,22.413,-12.704,2.09,-1.19,2.09,-1.19,INF,-1,1,7,0
2960,1,1,20.557,-13.613,1.92,-1.27,1.92,-1.27,INF,-1,1,7,0
2980,1,1,21.500,-13.250,2.01,-1.24,2.01,-1.24,INF,-1,0,7,0
3000,1,1,21.655,-13.868,2.02,-1.30,2.02,-1.30,INF,-1,0,7,0
3020,1,1,20.400,-12.455,1.91,-1.16,1.91,-1.16,INF,-1,0,7,0
3040,1,1,20.866,-12.607,1.95,-1.18,1.95,-1.18,INF,-1,0,7,0
3060,1,1,21.220,-11.184,1.98,-1.04,1.98,-1.05,INF,-1,0,7,0
3080,1,1,20.728,-12.254,1.94,-1.14,1.94,-1.15,INF,-1,0,7,0
3100,1,1,20.481,-13.366,1.91,-1.25,1.91,-1.25,INF,-1,0,7,0
3120,1,1,21.738,-12.779,2.03,-1.19,2.03,-1.19,INF,-1,0,7,0
3140,1,1,20.725,-12.388,1.94,-1.16,1.94,-1.16,INF,-1,0,7,0
3160,1,1,21.089,-12.731,1.97,-1.19,1.97,-1.19,INF,-1,0,7,0
3180,1,1,21.306,-12.655,1.99,-1.18,1.99,-1.18,INF,-1,0,7,0
3200,1,1,20.739,-12.213,1.94,-1.14,1.94,-1.14,INF,-1,0,7,0
3220,1,1,20.912,-13.393,1.95,-1.25,1.95,-1.25,INF,-1,1,7,0
3240,1,1,20.559,-13.003,1.92,-1.21,1.92,-1.22,INF,-1,1,7,0
3260,1,1,20.971,-12.828,1.96,-1.20,1.96,-1.20,INF,-1,1,7,0
3280,1,1,19.721,-13.412,1.84,-1.25,1.84,-1.25,INF,-1,1,7,0
3300,1,1,23.887,-14.479,2.23,-1.35,2.23,-1.35,INF,-1,1,7,0
3320,1,1,28.340,-17.931,2.65,-1.67,2.65,-1.68,INF,-1,1,7,0
3340,1,1,27.771,-18.752,2.59,-1.75,2.59,-1.75,INF,-1,1,7,0
3360,1,1,25.590,-18.633,2.39,-1.74,2.39,-1.74,INF,-1,1,7,0
3380,1,1,27.658,-18.162,2.58,-1.70,2.58,-1.70,INF,-1,1,7,0
3400,1,1,26.060,-18.615,2.43,-1.74,2.43,-1.74,INF,-1,1,7,0
3420,1,1,27.688,-18.401,2.59,-1.72,2.58,-1.72,INF,-1,1,7,0
3440,1,1,27.353,-18.718,2.55,-1.75,2.55,-1.75,INF,-1,1,7,0
3460,1,1,25.958,-17.379,2.42,-1.62,2.42,-1.62,INF,-1,1,7,0
3480,1,1,26.056,-18.170,2.43,-1.70,2.43,-1.70,INF,-1,1,7,0
3500,1,1,16.348,-22.541,1.53,-2.11,1.53,-2.11,INF,-1,1,7,0
3520,1,1,17.321,-22.442,1.62,-2.10,1.62,-2.10,INF,-1,1,7,0
3540,1,1,16.794,-22.658,1.57,-2.12,1.57,-2.12,INF,-1,0,7,0
3560,1,1,18.079,-22.177,1.69,-2.07,1.69,-2.07,INF,-1,0,7,0
3580,1,1,16.478,-22.008,1.54,-2.06,1.54,-2.06,INF,-1,0,7,0
3600,1,1,17.471,-23.616,1.63,-2.21,1.63,-2.21,INF,-1,0,7,0
3620,1,1,16.313,-22.175,1.52,-2.07,1.52,-2.07,INF,-1,0,7,0
3640,1,1,16.303,-22.945,1.52,-2.14,1.52,-2.14,INF,-1,0,7,0
3660,1,1,16.410,-22.015,1.53,-2.06,1.53,-2.06,INF,-1,0,7,0
3680,1,1,16.826,-22.182,1.57,-2.07,1.57,-2.07,INF,-1,0,7,0
3700,1,1,17.701,-22.777,1.65,-2.13,1.65,-2.13,INF,-1,0,7,0
3720,1,1,17.866,-22.017,1.67,-2.06,1.67,-2.06,INF,-1,0,7,0
3740,1,1,19.465,-22.632,1.82,-2.11,1.82,-2.11,INF,-1,0,7,0
3760,1,1,17.712,-23.165,1.66,-2.16,1.65,-2.16,INF,-1,0,7,0
3780,1,1,18.876,-22.999,1.76,-2.15,1.76,-2.15,INF,-1,1,7,0
3800,1,1,18.357,-24.610,1.72,-2.30,1.71,-2.30,INF,-1,1,7,0
3820,1,1,18.559,-25.255,1.73,-2.36,1.73,-2.36,INF,-1,1,7,0
3840,1,1,18.719,-23.778,1.75,-2.22,1.75,-2.22,INF,-1,1,7,0
3860,1,1,18.428,-24.361,1.72,-2.27,1.72,-2.28,INF,-1,1,7,0
3880,1,1,19.509,-23.401,1.82,-2.19,1.82,-2.19,INF,-1,1,7,0
3900,1,1,19.922,-24.666,1.86,-2.30,1.86,-2.30,INF,-1,1,7,0
3920,1,1,19.365,-23.800,1.81,-2.22,1.81,-2.22,INF,-1,1,7,0
3940,1,1,18.518,-22.990,1.73,-2.15,1.73,-2.15,INF,-1,1,7,0
3960,1,1,20.012,-23.564,1.87,-2.20,1.87,-2.20,INF,-1,1,7,0
3980,1,1,19.711,-24.074,1.84,-2.25,1.84,-2.25,INF,-1,1,7,0
4000,1,1,21.294,-24.282,1.99,-2.27,1.99,-2.27,INF,-1,1,7,0
4020,1,1,20.087,-22.956,1.88,-2.14,1.88,-2.14,INF,-1,1,7,0
4040,1,1,19.669,-23.012,1.84,-2.15,1.84,-2.15,INF,-1,1,7,0
4060,1,1,19.474,-22.609,1.82,-2.11,1.82,-2.11,INF,-1,1,7,0
4080,1,1,19.302,-22.479,1.80,-2.10,1.80,-2.10,INF,-1,1,7,0
4100,1,1,18.551,-21.419,1.73,-2.00,1.73,-2.00,INF,-1,1,7,0
4120,1,1,18.094,-21.931,1.69,-2.05,1.69,-2.05,INF,-1,1,7,0
4140,1,1,19.043,-22.451,1.78,-2.10,1.78,-2.10,INF,-1,1,7,0
4160,1,1,18.234,-20.675,1.70,-1.93,1.70,-1.93,INF,-1,1,7,0
4180,1,1,19.511,-22.908,1.82,-2.14,1.82,-2.14,INF,-1,1,7,0
4200,1,1,19.212,-21.369,1.80,-2.00,1.79,-2.00,INF,-1,1,7,0
4220,1,1,18.979,-22.168,1.77,-2.07,1.77,-2.07,INF,-1,1,7,0
4240,1,1,19.572,-22.355,1.83,-2.09,1.83,-2.09,INF,-1,1,7,0
4260,1,1,19.636,-21.215,1.83,-1.98,1.83,-1.98,INF,-1,1,7,0
4280,1,1,20.069,-21.145,1.88,-1.97,1.87,-1.98,INF,-1,1,7,0
4300,1,1,19.131,-21.805,1.79,-2.04,1.79,-2.04,INF,-1,1,7,0
4320,1,1,17.874,-21.688,1.67,-2.03,1.67,-2.03,INF,-1,1,7,0
4340,1,1,20.141,-23.420,1.88,-2.19,1.88,-2.19,INF,-1,1,7,0
4360,1,1,19.316,-21.859,1.80,-2.04,1.80,-2.04,INF,-1,1,7,0
4380,1,1,19.609,-23.062,1.83,-2.15,1.83,-2.15,INF,-1,1,7,0
4400,1,1,18.420,-21.405,1.72,-2.00,1.72,-2.00,INF,-1,1,7,0
4420,1,1,19.329,-21.170,1.81,-1.98,1.80,-1.98,INF,-1,1,7,0
4440,1,1,20.150,-21.836,1.88,-2.04,1.88,-2.04,INF,-1,1,7,0
4460,1,1,17.322,-20.646,1.62,-1.93,1.62,-1.93,INF,-1,1,7,0
4480,1,1,18.667,-20.576,1.74,-1.92,1.74,-1.92,INF,-1,1,7,0
4500,1,1,19.170,-20.772,1.79,-1.94,1.79,-1.94,INF,-1,1,7,0
4520,1,1,18.840,-21.411,1.76,-2.00,1.76,-2.00,INF,-1,1,7,0
4540,1,1,19.974,-20.780,1.87,-1.94,1.87,-1.94,INF,-1,1,7,0
4560,1,1,16.154,-22.914,1.51,-2.14,1.51,-2.14,INF,-1,1,7,0
4580,1,1,55.291,-26.874,5.15,-2.50,5.15,-2.51,INF,-1,1,7,0
4600,1,1,61.103,-29.935,5.69,-2.78,5.69,-2.80,INF,-1,1,7,0
4620,1,1,60.630,-31.387,5.65,-2.92,5.64,-2.93,INF,-1,0,7,0
4640,1,1,61.155,-30.987,5.70,-2.88,5.69,-2.89,INF,-1,0,7,0
4660,1,1,61.446,-30.865,5.72,-2.87,5.72,-2.88,INF,-1,0,7,0
4680,1,1,61.510,-30.968,5.73,-2.88,5.72,-2.89,INF,-1,0,7,0
4700,1,1,61.502,-30.801,5.73,-2.86,5.72,-2.88,INF,-1,0,7,0
4720,1,1,60.973,-32.725,5.68,-3.04,5.67,-3.06,INF,-1,0,7,0
4740,1,1,61.765,-33.065,5.75,-3.07,5.75,-3.09,INF,-1,0,7,0
4760,1,1,61.094,-33.460,5.69,-3.11,5.68,-3.12,INF,-1,0,7,0
4780,1,1,61.437,-33.204,5.72,-3.09,5.71,-3.10,INF,-1,0,7,0
4800,1,1,61.088,-32.929,5.69,-3.06,5.68,-3.07,INF,-1,0,7,0
4820,1,1,61.240,-32.849,5.71,-3.05,5.70,-3.07,INF,-1,0,7,0
4840,1,1,62.868,-33.111,5.86,-3.08,5.85,-3.09,INF,-1,0,7,0
4860,1,1,61.713,-32.159,5.75,-2.99,5.74,-3.00,INF,-1,1,7,0
4880,1,1,61.321,-34.250,5.71,-3.18,5.70,-3.20,INF,-1,1,7,0
4900,1,1,61.544,-33.746,5.73,-3.14,5.72,-3.15,INF,-1,1,7,0
4920,1,1,59.615,-34.249,5.55,-3.18,5.55,-3.20,INF,-1,1,7,0
4940,1,1,34.180,-36.896,3.19,-3.44,3.19,-3.44,INF,-1,1,7,0
4960,1,1,-13.785,-30.554,-1.29,-2.85,-1.29,-2.85,INF,-1,1,7,0
4980,1,1,-24.210,-28.875,-2.26,-2.69,-2.26,-2.70,INF,-1,0,7,0
5000,1,1,-28.127,-29.244,-2.63,-2.73,-2.62,-2.73,INF,-1,0,7,0
5020,1,1,-28.169,-30.341,-2.63,-2.83,-2.63,-2.83,INF,-1,0,7,0
5040,1,1,-28.351,-30.055,-2.65,-2.80,-2.64,-2.81,INF,-1,0,7,0
5060,1,1,-27.857,-29.242,-2.60,-2.73,-2.60,-2.73,INF,-1,0,7,0
5080,1,1,-28.376,-29.975,-2.65,-2.80,-2.65,-2.80,INF,-1,0,7,0
5100,1,1,-44.856,-27.995,-4.19,-2.61,-4.18,-2.61,INF,-1,0,7,0
5120,1,1,-49.291,-27.478,-4.60,-2.56,-4.59,-2.57,INF,-1,0,7,0
5140,1,1,-48.762,-27.826,-4.55,-2.59,-4.54,-2.60,INF,-1,0,7,0
5160,1,1,-49.244,-28.973,-4.59,-2.70,-4.59,-2.71,INF,-1,0,7,0
5180,1,1,-49.264,-28.004,-4.59,-2.61,-4.59,-2.62,INF,-1,0,7,0
5200,1,1,-50.020,-28.638,-4.66,-2.67,-4.66,-2.67,INF,-1,0,7,0
5220,1,1,-49.339,-28.168,-4.60,-2.62,-4.60,-2.63,INF,-1,0,7,0
5240,1,1,-48.742,-27.834,-4.55,-2.59,-4.54,-2.60,INF,-1,0,7,0
5260,1,1,-50.050,-28.859,-4.67,-2.69,-4.66,-2.70,INF,-1,1,7,0
5280,1,1,-48.567,-28.200,-4.53,-2.63,-4.53,-2.63,INF,-1,1,7,0
5300,1,1,-50.193,-28.571,-4.68,-2.66,-4.68,-2.67,INF,-1,1,7,0
5320,1,1,-49.830,-29.209,-4.65,-2.72,-4.64,-2.73,INF,-1,1,7,0
5340,1,1,-50.199,-28.887,-4.68,-2.69,-4.68,-2.70,INF,-1,1,7,0
5360,1,1,-50.141,-27.057,-4.68,-2.52,-4.67,-2.53,INF,-1,1,7,0
5380,1,1,-48.446,-28.710,-4.52,-2.67,-4.51,-2.68,INF,-1,1,7,0
5400,1,1,-51.319,-27.770,-4.79,-2.58,-4.78,-2.59,INF,-1,1,7,0
5420,1,1,-49.707,-28.592,-4.64,-2.66,-4.63,-2.67,INF,-1,1,7,0
5440,1,1,-49.172,-30.207,-4.59,-2.81,-4.58,-2.82,INF,-1,1,7,0
5460,1,1,-53.849,-29.374,-5.02,-2.73,-5.01,-2.74,INF,-1,1,7,0
5480,1,1,-55.864,-27.710,-5.21,-2.58,-5.20,-2.59,INF,-1,1,7,0
5500,1,1,-55.595,-28.204,-5.18,-2.62,-5.18,-2.63,INF,-1,0,7,0
5520,1,1,-54.286,-28.519,-5.06,-2.65,-5.06,-2.66,INF,-1,0,7,0
5540,1,1,-54.343,-28.620,-5.07,-2.66,-5.06,-2.67,INF,-1,0,7,0
5560,1,1,-54.699,-29.292,-5.10,-2.73,-5.09,-2.74,INF,-1,0,7,0
5580,1,1,-53.611,-27.421,-5.00,-2.55,-4.99,-2.56,INF,-1,0,7,0
5600,1,1,-52.788,-28.692,-4.92,-2.67,-4.92,-2.68,INF,-1,0,7,0
5620,1,1,-53.506,-29.513,-4.99,-2.75,-4.98,-2.76,INF,-1,0,7,0
5640,1,1,-54.796,-29.093,-5.11,-2.71,-5.10,-2.72,INF,-1,0,7,0
5660,1,1,-53.793,-29.457,-5.02,-2.74,-5.01,-2.75,INF,-1,0,7,0
5680,1,1,-53.444,-29.116,-4.98,-2.71,-4.98,-2.72,INF,-1,0,7,0
5700,1,1,-53.397,-28.116,-4.98,-2.62,-4.97,-2.63,INF,-1,0,7,0
5720,1,1,-54.125,-29.258,-5.05,-2.72,-5.04,-2.73,INF,-1,0,7,0
5740,1,1,-54.616,-28.878,-5.09,-2.69,-5.09,-2.70,INF,-1,1,7,0
5760,1,1,-63.029,-28.849,-5.87,-2.68,-5.86,-2.69,INF,-1,1,7,0
5780,1,1,-60.626,-28.973,-5.65,-2.69,-5.64,-2.71,INF,-1,1,7,0
5800,1,1,-60.626,-28.157,-5.65,-2.62,-5.64,-2.63,INF,-1,1,7,0
5820,1,1,-61.154,-27.746,-5.70,-2.58,-5.69,-2.59,INF,-1,1,7,0
5840,1,1,-60.675,-28.990,-5.65,-2.69,-5.65,-2.71,INF,-1,1,7,0
5860,1,1,-61.858,-28.564,-5.76,-2.65,-5.76,-2.67,INF,-1,1,7,0
5880,1,1,-62.782,-27.713,-5.85,-2.58,-5.84,-2.59,INF,-1,1,7,0
5900,1,1,-61.643,-27.749,-5.74,-2.58,-5.74,-2.59,INF,-1,1,7,0
5920,1,1,-60.816,-27.882,-5.67,-2.59,-5.66,-2.60,INF,-1,1,7,0
5940,1,1,-61.605,-28.373,-5.74,-2.64,-5.73,-2.65,INF,-1,1,7,0
5960,1,1,-60.826,-28.065,-5.67,-2.61,-5.66,-2.62,INF,-1,1,7,0
5980,1,1,-61.346,-27.013,-5.71,-2.51,-5.71,-2.52,INF,-1,1,7,0
6000,1,1,-61.960,-28.057,-5.77,-2.61,-5.77,-2.62,INF,-1,1,7,0
6020,1,1,-48.259,-26.273,-4.50,-2.45,-4.50,-2.45,INF,-1,1,7,0
6040,1,1,-51.362,-25.620,-4.79,-2.38,-4.79,-2.39,INF,-1,1,7,0
6060,1,1,-50.337,-24.136,-4.69,-2.25,-4.69,-2.25,INF,-1,1,7,0
6080,1,1,-49.809,-24.206,-4.65,-2.25,-4.64,-2.26,INF,-1,1,7,0
6100,1,1,-50.045,-25.017,-4.67,-2.33,-4.66,-2.34,INF,-1,1,7,0
6120,1,1,-50.159,-23.796,-4.68,-2.22,-4.67,-2.22,INF,-1,1,7,0
6140,1,1,-49.746,-24.263,-4.64,-2.26,-4.64,-2.27,INF,-1,1,7,0
6160,1,1,-49.616,-24.511,-4.63,-2.28,-4.62,-2.29,INF,-1,1,7,0
6180,1,1,-52.108,-23.953,-4.86,-2.23,-4.86,-2.24,INF,-1,1,7,0
6200,1,1,-50.278,-24.888,-4.69,-2.32,-4.69,-2.32,INF,-1,1,7,0
6220,1,1,-48.839,-24.257,-4.56,-2.26,-4.55,-2.27,INF,-1,1,7,0
6240,1,1,-50.370,-24.577,-4.70,-2.29,-4.69,-2.30,INF,-1,1,7,0
6260,1,1,-50.731,-23.967,-4.73,-2.23,-4.73,-2.24,INF,-1,1,7,0
6280,1,1,-50.536,-25.286,-4.71,-2.35,-4.71,-2.36,INF,-1,1,7,0
6300,1,1,-57.421,-26.932,-5.35,-2.50,-5.35,-2.52,INF,-1,1,7,0
6320,1,1,-55.518,-27.662,-5.18,-2.57,-5.17,-2.58,INF,-1,1,7,0
6340,1,1,-55.568,-26.331,-5.18,-2.45,-5.17,-2.46,INF,-1,1,7,0
6360,1,1,-55.621,-27.443,-5.18,-2.55,-5.18,-2.56,INF,-1,1,7,0
6380,1,1,-56.526,-26.534,-5.27,-2.47,-5.26,-2.48,INF,-1,1,7,0
6400,1,1,-56.351,-26.846,-5.25,-2.50,-5.25,-2.51,INF,-1,1,7,0
6420,1,1,-55.435,-28.139,-5.17,-2.62,-5.16,-2.63,INF,-1,1,7,0
6440,1,1,-56.528,-27.933,-5.27,-2.60,-5.26,-2.61,INF,-1,1,7,0
6460,1,1,-57.062,-26.472,-5.32,-2.46,-5.31,-2.47,INF,-1,1,7,0
6480,1,1,-55.835,-27.562,-5.20,-2.56,-5.20,-2.57,INF,-1,1,7,0
6500,1,1,-56.506,-27.565,-5.27,-2.56,-5.26,-2.57,INF,-1,1,7,0
6520,1,1,-57.061,-27.368,-5.32,-2.55,-5.31,-2.56,INF,-1,1,7,0
6540,1,1,-56.510,-27.351,-5.27,-2.54,-5.26,-2.55,INF,-1,1,7,0
6560,1,1,-61.955,-26.902,-5.77,-2.50,-5.77,-2.51,INF,-1,1,7,0
6580,1,1,-62.066,-26.003,-5.78,-2.42,-5.78,-2.43,INF,-1,1,7,0
6600,1,1,-62.339,-26.554,-5.81,-2.47,-5.80,-2.48,INF,-1,1,7,0
6620,1,1,-62.910,-25.243,-5.86,-2.35,-5.85,-2.36,INF,-1,1,7,0
6640,1,1,-62.239,-26.866,-5.80,-2.50,-5.79,-2.51,INF,-1,1,7,0
6660,1,1,-62.684,-27.105,-5.84,-2.52,-5.83,-2.53,INF,-1,1,7,0
6680,1,1,-62.747,-27.103,-5.84,-2.52,-5.84,-2.53,INF,-1,1,7,0
6700,1,1,-62.117,-26.497,-5.79,-2.46,-5.78,-2.48,INF,-1,1,7,0
6720,1,1,-62.015,-26.860,-5.78,-2.50,-5.77,-2.51,INF,-1,1,7,0
6740,1,1,-71.256,-29.933,-6.63,-2.78,-6.62,-2.80,INF,-1,1,7,0
6760,1,1,30.965,-24.002,2.89,-2.24,2.89,-2.24,INF,-1,1,7,0
6780,1,1,15.079,-26.532,1.41,-2.48,1.41,-2.48,INF,-1,0,7,0
6800,1,1,15.915,-25.439,1.49,-2.38,1.49,-2.38,INF,-1,0,7,0
6820,1,1,15.784,-26.496,1.47,-2.47,1.47,-2.47,INF,-1,0,7,0
6840,1,1,16.173,-26.339,1.51,-2.46,1.51,-2.46,INF,-1,0,7,0
6860,1,1,16.789,-26.869,1.57,-2.51,1.57,-2.51,INF,-1,0,7,0
6880,1,1,15.152,-26.688,1.42,-2.49,1.41,-2.49,INF,-1,0,7,0
6900,1,1,14.990,-27.470,1.40,-2.57,1.40,-2.57,INF,-1,0,7,0
6920,1,1,16.163,-27.646,1.51,-2.58,1.51,-2.58,INF,-1,0,7,0
6940,1,1,16.125,-27.587,1.51,-2.58,1.51,-2.58,INF,-1,0,7,0
6960,1,1,16.729,-27.447,1.56,-2.56,1.56,-2.56,INF,-1,0,7,0
6980,1,1,16.161,-31.154,1.51,-2.91,1.51,-2.91,INF,-1,0,7,0
7000,1,1,64.219,-25.742,5.98,-2.39,5.98,-2.40,INF,-1,0,7,0
7020,1,1,66.380,-27.003,6.18,-2.51,6.17,-2.52,INF,-1,0,7,0
7040,1,1,65.280,-27.017,6.08,-2.51,6.07,-2.52,INF,-1,0,7,0
7060,1,1,64.676,-27.951,6.02,-2.60,6.02,-2.61,INF,-1,0,7,0
7080,1,1,65.685,-28.214,6.12,-2.62,6.11,-2.64,INF,-1,0,7,0
7100,1,1,66.358,-29.268,6.18,-2.72,6.17,-2.73,INF,-1,0,7,0
7120,1,1,66.398,-28.364,6.18,-2.63,6.18,-2.65,INF,-1,0,7,0
7140,1,1,65.462,-27.750,6.10,-2.58,6.09,-2.59,INF,-1,0,7,0
7160,1,1,66.826,-27.488,6.22,-2.55,6.22,-2.57,INF,-1,0,7,0
7180,1,1,66.860,-25.992,6.22,-2.41,6.22,-2.43,INF,-1,0,7,0
7200,1,1,66.211,-26.224,6.16,-2.44,6.16,-2.45,INF,-1,0,7,0
7220,1,1,65.441,-27.469,6.09,-2.55,6.09,-2.57,INF,-1,0,7,0
7240,1,1,66.293,-26.585,6.17,-2.47,6.17,-2.48,INF,-1,1,7,0
7260,1,1,70.126,-20.535,6.53,-1.91,6.52,-1.92,INF,-1,1,7,0
7280,1,1,69.396,-19.070,6.46,-1.77,6.46,-1.78,INF,-1,1,7,0
7300,1,1,70.477,-19.614,6.56,-1.82,6.56,-1.83,INF,-1,0,7,0
7320,1,1,68.134,-18.845,6.34,-1.75,6.34,-1.76,INF,-1,0,7,0
7340,1,1,69.138,-19.659,6.43,-1.83,6.43,-1.84,INF,-1,0,7,0
7360,1,1,69.328,-19.507,6.45,-1.81,6.45,-1.82,INF,-1,0,7,0
7380,1,1,69.638,-18.459,6.48,-1.71,6.48,-1.72,INF,-1,0,7,0
7400,1,1,69.652,-19.104,6.48,-1.77,6.48,-1.79,INF,-1,0,7,0
7420,1,1,69.310,-18.504,6.45,-1.72,6.45,-1.73,INF,-1,0,7,0
7440,1,1,69.071,-19.276,6.43,-1.79,6.43,-1.80,INF,-1,0,7,0
7460,1,1,69.575,-18.809,6.48,-1.75,6.47,-1.76,INF,-1,0,7,0
7480,1,1,66.018,-18.597,6.15,-1.73,6.14,-1.74,INF,-1,0,7,0
7500,1,1,27.143,-10.087,2.54,-0.94,2.53,-0.94,INF,-1,0,7,0
7520,1,1,28.573,-10.021,2.67,-0.94,2.67,-0.94,INF,-1,0,7,0
7540,1,1,28.633,-11.522,2.67,-1.08,2.67,-1.08,INF,-1,0,7,0
7560,1,1,28.710,-10.238,2.68,-0.96,2.68,-0.96,INF,-1,0,7,0
7580,1,1,28.642,-12.042,2.68,-1.12,2.67,-1.13,INF,-1,0,7,0
7600,1,1,27.515,-11.784,2.57,-1.10,2.57,-1.10,INF,-1,0,7,0
7620,1,1,27.369,-11.519,2.56,-1.08,2.56,-1.08,INF,-1,0,7,0
7640,1,1,28.400,-11.415,2.65,-1.07,2.65,-1.07,INF,-1,0,7,0
7660,1,1,27.547,-11.668,2.57,-1.09,2.57,-1.09,INF,-1,0,7,0
7680,1,1,28.567,-12.260,2.67,-1.14,2.67,-1.15,INF,-1,0,7,0
7700,1,1,27.788,-12.714,2.60,-1.19,2.59,-1.19,INF,-1,0,7,0
7720,1,1,28.386,-12.236,2.65,-1.14,2.65,-1.14,INF,-1,1,7,0
7740,1,1,27.810,-12.063,2.60,-1.13,2.60,-1.13,INF,-1,1,7,0
7760,1,1,27.508,-11.531,2.57,-1.08,2.57,-1.08,INF,-1,1,7,0
7780,1,1,27.655,-12.373,2.58,-1.16,2.58,-1.16,INF,-1,1,7,0
7800,1,1,27.317,-12.147,2.55,-1.13,2.55,-1.14,INF,-1,1,7,0
7820,1,1,26.267,-12.032,2.45,-1.12,2.45,-1.12,INF,-1,1,7,0
7840,1,1,30.679,-12.456,2.87,-1.16,2.86,-1.16,INF,-1,1,7,0
7860,1,1,52.031,-10.422,4.85,-0.97,4.85,-0.97,INF,-1,1,7,0
7880,1,1,53.684,-11.483,5.00,-1.07,5.00,-1.07,INF,-1,1,7,0
7900,1,1,53.689,-10.947,5.01,-1.02,5.00,-1.02,INF,-1,0,7,0
7920,1,1,53.405,-11.520,4.98,-1.07,4.98,-1.08,INF,-1,0,7,0
7940,1,1,53.909,-10.119,5.03,-0.94,5.03,-0.95,INF,-1,0,7,0
7960,1,1,54.148,-9.654,5.05,-0.90,5.05,-0.90,INF,-1,0,7,0
7980,1,1,54.522,-11.258,5.08,-1.05,5.08,-1.05,INF,-1,0,7,0
8000,1,1,54.694,-9.801,5.10,-0.91,5.10,-0.92,INF,-1,0,7,0
8020,1,1,54.739,-11.159,5.10,-1.04,5.10,-1.04,INF,-1,0,7,0
8040,1,1,55.106,-10.651,5.14,-0.99,5.14,-1.00,INF,-1,0,7,0
8060,1,1,54.564,-10.656,5.09,-0.99,5.09,-1.00,INF,-1,0,7,0
8080,1,1,54.677,-11.227,5.10,-1.05,5.10,-1.05,INF,-1,0,7,0
8100,1,1,8.978,-0.687,0.84,-0.06,0.84,-0.06,INF,-1,0,7,0
8120,1,1,16.719,0.551,1.56,0.05,1.56,0.05,INF,-1,0,7,0
8140,1,1,14.020,-0.358,1.31,-0.03,1.31,-0.03,INF,-1,0,7,0
8160,1,1,15.243,-1.342,1.42,-0.13,1.42,-0.13,INF,-1,0,7,0
8180,1,1,15.330,-1.380,1.43,-0.13,1.43,-0.13,INF,-1,0,7,0
8200,1,1,15.193,-1.083,1.42,-0.10,1.42,-0.10,INF,-1,0,7,0
8220,1,1,14.553,-0.224,1.36,-0.02,1.36,-0.02,INF,-1,0,7,0
8240,1,1,15.932,-1.692,1.49,-0.16,1.49,-0.16,INF,-1,0,7,0
8260,1,1,15.364,-1.117,1.44,-0.10,1.44,-0.10,INF,-1,0,7,0
8280,1,1,15.206,-1.161,1.42,-0.11,1.42,-0.11,INF,-1,0,7,0
8300,1,1,14.865,-0.731,1.39,-0.07,1.39,-0.07,INF,-1,0,7,0
8320,1,1,13.646,-1.477,1.28,-0.14,1.28,-0.14,INF,-1,1,7,0
8340,1,1,14.025,-1.324,1.31,-0.12,1.31,-0.12,INF,-1,1,7,0
8360,1,1,13.940,-0.465,1.30,-0.04,1.30,-0.04,INF,-1,1,7,0
8380,1,1,10.412,2.447,0.97,0.23,0.97,0.23,INF,-1,1,7,0
8400,1,1,8.851,4.204,0.83,0.39,0.83,0.39,INF,-1,1,7,0
8420,1,1,7.608,3.314,0.71,0.31,0.71,0.31,INF,-1,0,7,0
8440,1,1,9.174,4.457,0.86,0.42,0.86,0.42,INF,-1,0,7,0
8460,1,1,8.072,3.609,0.75,0.34,0.75,0.34,INF,-1,0,7,0
8480,1,1,6.833,3.524,0.64,0.33,0.64,0.33,INF,-1,0,7,0
8500,1,1,8.706,2.993,0.81,0.28,0.81,0.28,INF,-1,0,7,0
8520,1,1,8.719,3.082,0.81,0.29,0.81,0.29,INF,-1,0,7,0
8540,1,1,8.589,4.323,0.80,0.40,0.80,0.40,INF,-1,0,7,0
8560,1,1,7.713,3.760,0.72,0.35,0.72,0.35,INF,-1,0,7,0
8580,1,1,8.671,4.095,0.81,0.38,0.81,0.38,INF,-1,0,7,0
8600,1,1,8.503,3.145,0.79,0.29,0.79,0.29,INF,-1,0,7,0
8620,1,1,7.640,3.515,0.71,0.33,0.71,0.33,INF,-1,0,7,0
8640,1,1,10.200,2.174,0.95,0.20,0.95,0.20,INF,-1,0,7,0
8660,1,1,8.823,2.785,0.82,0.26,0.82,0.26,INF,-1,1,7,0
8680,1,1,7.459,2.866,0.70,0.27,0.70,0.27,INF,-1,1,7,0
8700,1,1,8.433,2.753,0.79,0.26,0.79,0.26,INF,-1,1,7,0
8720,1,1,8.652,2.433,0.81,0.23,0.81,0.23,INF,-1,1,7,0
8740,1,1,7.716,1.872,0.72,0.17,0.72,0.17,INF,-1,1,7,0
8760,1,1,3.038,2.470,0.28,0.23,0.28,0.23,INF,-1,1,7,0
8780,1,1,1.966,1.941,0.18,0.18,0.18,0.18,INF,-1,1,7,0
8800,1,1,2.732,1.997,0.26,0.19,0.26,0.19,INF,-1,1,7,0
8820,1,1,2.181,2.232,0.20,0.21,0.20,0.21,INF,-1,1,7,0
8840,1,1,2.195,1.236,0.21,0.12,0.21,0.12,INF,-1,1,7,0
8860,1,1,1.722,1.649,0.16,0.15,0.16,0.15,INF,-1,1,7,0
8880,1,1,2.537,1.406,0.24,0.13,0.24,0.13,INF,-1,1,7,0
8900,1,1,2.074,1.287,0.19,0.12,0.19,0.12,INF,-1,1,7,0
8920,1,1,2.262,1.408,0.21,0.13,0.21,0.13,INF,-1,1,7,0
8940,1,1,3.279,1.808,0.31,0.17,0.31,0.17,INF,-1,1,7,0
8960,1,1,2.652,0.713,0.25,0.07,0.25,0.07,INF,-1,1,7,0
8980,1,1,20.957,1.516,1.96,0.14,1.96,0.14,INF,-1,1,7,0
9000,1,1,18.777,1.277,1.75,0.12,1.75,0.12,INF,-1,1,7,0
9020,1,1,18.794,1.854,1.76,0.17,1.76,0.17,INF,-1,0,7,0
9040,1,1,18.998,1.707,1.78,0.16,1.78,0.16,INF,-1,0,7,0
9060,1,1,18.449,0.854,1.72,0.08,1.72,0.08,INF,-1,0,7,0
9080,1,1,18.625,3.202,1.74,0.30,1.74,0.30,INF,-1,0,7,0
9100,1,1,19.577,1.742,1.83,0.16,1.83,0.16,INF,-1,0,7,0
9120,1,1,19.554,2.628,1.83,0.25,1.83,0.25,INF,-1,0,7,0
9140,1,1,18.962,2.151,1.77,0.20,1.77,0.20,INF,-1,0,7,0
9160,1,1,19.762,3.463,1.85,0.32,1.85,0.32,INF,-1,0,7,0
9180,1,1,18.958,1.293,1.77,0.12,1.77,0.12,INF,-1,0,7,0
9200,1,1,18.084,1.180,1.69,0.11,1.69,0.11,INF,-1,0,7,0
9220,1,1,18.731,2.823,1.75,0.26,1.75,0.26,INF,-1,0,7,0
9240,1,1,6.986,3.048,0.65,0.28,0.65,0.28,INF,-1,0,7,0
9260,1,1,8.288,3.848,0.77,0.36,0.77,0.36,INF,-1,1,7,0
9280,1,1,8.364,3.137,0.78,0.29,0.78,0.29,INF,-1,1,7,0
9300,1,1,8.146,3.258,0.76,0.30,0.76,0.30,INF,-1,1,7,0
9320,1,1,8.569,4.013,0.80,0.38,0.80,0.38,INF,-1,1,7,0
9340,1,1,8.654,4.429,0.81,0.41,0.81,0.41,INF,-1,1,7,0
9360,1,1,7.864,3.968,0.73,0.37,0.73,0.37,INF,-1,1,7,0
9380,1,1,9.296,2.956,0.87,0.28,0.87,0.28,INF,-1,1,7,0
9400,1,1,7.907,5.033,0.74,0.47,0.74,0.47,INF,-1,1,7,0
9420,1,1,6.782,2.743,0.63,0.26,0.63,0.26,INF,-1,1,7,0
9440,1,1,7.710,2.204,0.72,0.21,0.72,0.21,INF,-1,1,7,0
9460,1,1,8.303,4.922,0.78,0.46,0.78,0.46,INF,-1,1,7,0
9480,1,1,7.753,4.430,0.72,0.41,0.72,0.41,INF,-1,1,7,0
9500,1,1,7.108,4.857,0.66,0.45,0.66,0.45,INF,-1,1,7,0
9520,1,1,6.486,4.230,0.61,0.40,0.61,0.40,INF,-1,0,7,0
9540,1,1,7.352,4.965,0.69,0.46,0.69,0.46,INF,-1,0,7,0
9560,1,1,6.032,4.293,0.56,0.40,0.56,0.40,INF,-1,0,7,0
9580,1,1,7.585,3.018,0.71,0.28,0.71,0.28,INF,-1,0,7,0
9600,1,1,8.211,3.606,0.77,0.34,0.77,0.34,INF,-1,0,7,0
9620,1,1,-19.154,-6.714,-1.79,-0.63,-1.79,-0.63,INF,-1,0,7,0
9640,1,1,-17.536,-6.462,-1.64,-0.60,-1.64,-0.60,INF,-1,0,7,0
9660,1,1,-17.005,-6.702,-1.59,-0.63,-1.59,-0.63,INF,-1,0,7,0
9680,1,1,-17.304,-6.842,-1.62,-0.64,-1.62,-0.64,INF,-1,0,7,0
9700,1,1,-17.484,-6.601,-1.63,-0.62,-1.63,-0.62,INF,-1,0,7,0
9720,1,1,-17.024,-7.021,-1.59,-0.66,-1.59,-0.66,INF,-1,0,7,0
9740,1,1,-16.840,-5.998,-1.57,-0.56,-1.57,-0.56,INF,-1,0,7,0
9760,1,1,-15.371,-7.543,-1.44,-0.70,-1.44,-0.71,INF,-1,0,7,0
9780,1,1,-15.306,-8.700,-1.43,-0.81,-1.43,-0.81,INF,-1,0,7,0
9800,1,1,-16.068,-7.989,-1.50,-0.75,-1.50,-0.75,INF,-1,0,7,0
9820,1,1,-16.820,-7.645,-1.57,-0.71,-1.57,-0.71,INF,-1,0,7,0
9840,1,1,-17.359,-7.223,-1.62,-0.67,-1.62,-0.68,INF,-1,0,7,0
9860,1,1,-44.077,-19.772,-4.11,-1.84,-4.11,-1.85,INF,-1,0,7,0
9880,1,1,-49.132,-30.321,-4.58,-2.82,-4.58,-2.83,INF,-1,0,7,0
9900,1,1,-51.519,-28.634,-4.80,-2.67,-4.80,-2.67,INF,-1,0,7,0
9920,1,1,-52.341,-29.569,-4.88,-2.75,-4.87,-2.76,INF,-1,0,7,0
9940,1,1,-52.412,-30.251,-4.89,-2.81,-4.88,-2.83,INF,-1,0,7,0
9960,1,1,-52.242,-29.606,-4.87,-2.76,-4.87,-2.77,INF,-1,0,7,0
9980,1,1,-51.246,-30.609,-4.78,-2.85,-4.77,-2.86,INF,-1,0,7,0
10000,1,1,-51.730,-30.263,-4.82,-2.82,-4.82,-2.83,INF,-1,0,7,0
10020,1,1,-52.002,-29.884,-4.85,-2.78,-4.84,-2.79,INF,-1,0,7,0
10040,1,1,-52.522,-29.739,-4.90,-2.77,-4.89,-2.78,INF,-1,0,7,0
10060,1,1,-52.968,-29.689,-4.94,-2.76,-4.93,-2.77,INF,-1,0,7,0
10080,1,1,-54.298,-29.618,-5.06,-2.76,-5.06,-2.77,INF,-1,1,7,0
10100,1,1,-63.160,-27.144,-5.88,-2.52,-5.88,-2.54,INF,-1,1,7,0
10120,1,1,-61.398,-26.602,-5.72,-2.47,-5.71,-2.48,INF,-1,0,7,0
10140,1,1,-62.161,-26.343,-5.79,-2.45,-5.78,-2.46,INF,-1,0,7,0
10160,1,1,-61.247,-26.071,-5.71,-2.42,-5.70,-2.44,INF,-1,0,7,0
10180,1,1,-61.151,-26.602,-5.70,-2.47,-5.69,-2.48,INF,-1,0,7,0
10200,1,1,-62.432,-26.773,-5.82,-2.49,-5.81,-2.50,INF,-1,0,7,0
10220,1,1,-61.342,-25.215,-5.71,-2.34,-5.71,-2.36,INF,-1,0,7,0
10240,1,1,-61.942,-26.307,-5.77,-2.44,-5.76,-2.46,INF,-1,0,7,0
10260,1,1,-61.836,-26.124,-5.76,-2.43,-5.75,-2.44,INF,-1,0,7,0
10280,1,1,-60.754,-24.887,-5.66,-2.31,-5.66,-2.32,INF,-1,0,7,0
10300,1,1,-60.382,-25.495,-5.63,-2.37,-5.62,-2.38,INF,-1,0,7,0
10320,1,1,-61.275,-28.443,-5.71,-2.64,-5.70,-2.66,INF,-1,0,7,0
10340,1,1,-62.431,-27.073,-5.82,-2.52,-5.81,-2.53,INF,-1,0,7,0
10360,1,1,-59.754,-27.784,-5.57,-2.58,-5.56,-2.60,INF,-1,1,7,0
10380,1,1,-61.669,-26.983,-5.74,-2.51,-5.74,-2.52,INF,-1,1,7,0
10400,1,1,-61.353,-26.798,-5.72,-2.49,-5.71,-2.50,INF,-1,1,7,0
10420,1,1,-61.514,-26.104,-5.73,-2.43,-5.73,-2.44,INF,-1,1,7,0
10440,1,1,-60.948,-26.584,-5.68,-2.47,-5.67,-2.48,INF,-1,1,7,0
10460,1,1,-61.424,-26.595,-5.72,-2.47,-5.72,-2.48,INF,-1,1,7,0
10480,1,1,-60.188,-27.242,-5.61,-2.53,-5.60,-2.54,INF,-1,1,7,0
10500,1,1,-66.449,-27.532,-6.19,-2.56,-6.18,-2.57,INF,-1,1,7,0
10520,1,1,-64.644,-26.148,-6.02,-2.43,-6.01,-2.44,INF,-1,1,7,0
10540,1,1,-64.681,-27.071,-6.02,-2.51,-6.02,-2.53,INF,-1,1,7,0
10560,1,1,-65.986,-26.946,-6.14,-2.50,-6.14,-2.52,INF,-1,1,7,0
10580,1,1,-65.636,-27.359,-6.11,-2.54,-6.11,-2.56,INF,-1,1,7,0
10600,1,1,-64.673,-26.259,-6.02,-2.44,-6.02,-2.45,INF,-1,1,7,0
10620,1,1,-64.742,-26.716,-6.03,-2.48,-6.02,-2.50,INF,-1,1,7,0
10640,1,1,-64.335,-27.776,-5.99,-2.58,-5.99,-2.59,INF,-1,1,7,0
10660,1,1,-65.275,-28.112,-6.08,-2.61,-6.07,-2.63,INF,-1,1,7,0
10680,1,1,-65.504,-28.109,-6.10,-2.61,-6.09,-2.63,INF,-1,1,7,0
10700,1,1,-65.547,-28.743,-6.10,-2.67,-6.10,-2.68,INF,-1,1,7,0
10720,1,1,-64.867,-28.440,-6.04,-2.64,-6.03,-2.66,INF,-1,1,7,0
10740,1,1,-65.336,-27.553,-6.08,-2.56,-6.08,-2.57,INF,-1,1,7,0
10760,1,1,-64.411,-27.794,-6.00,-2.58,-5.99,-2.60,INF,-1,1,7,0
10780,1,1,-64.493,-27.671,-6.01,-2.57,-6.00,-2.58,INF,-1,1,7,0
10800,1,1,-51.117,-26.762,-4.77,-2.49,-4.76,-2.50,INF,-1,1,7,0
10820,1,1,-53.653,-27.332,-5.00,-2.54,-5.00,-2.55,INF,-1,1,7,0
10840,1,1,-52.772,-27.920,-4.92,-2.60,-4.92,-2.61,INF,-1,1,7,0
10860,1,1,-51.525,-27.483,-4.80,-2.56,-4.80,-2.57,INF,-1,1,7,0
10880,1,1,-51.659,-27.388,-4.82,-2.55,-4.81,-2.56,INF,-1,1,7,0
10900,1,1,-51.676,-27.618,-4.82,-2.57,-4.81,-2.58,INF,-1,1,7,0
10920,1,1,-51.885,-26.865,-4.84,-2.50,-4.83,-2.51,INF,-1,1,7,0
10940,1,1,-51.248,-27.126,-4.78,-2.52,-4.77,-2.53,INF,-1,1,7,0
10960,1,1,-50.691,-26.758,-4.73,-2.49,-4.72,-2.50,INF,-1,1,7,0
10980,1,1,-17.663,-27.048,-1.65,-2.53,-1.65,-2.53,INF,-1,1,7,0
11000,1,1,24.483,-27.356,2.29,-2.55,2.28,-2.56,INF,-1,0,7,0
11020,1,1,21.947,-26.870,2.05,-2.51,2.05,-2.51,INF,-1,0,7,0
11040,1,1,23.223,-26.540,2.17,-2.48,2.17,-2.48,INF,-1,0,7,0
11060,1,1,21.812,-26.523,2.04,-2.48,2.04,-2.48,INF,-1,0,7,0
11080,1,1,21.457,-27.808,2.00,-2.60,2.00,-2.60,INF,-1,0,7,0
11100,1,1,22.725,-27.821,2.12,-2.60,2.12,-2.60,INF,-1,0,7,0
11120,1,1,22.233,-28.173,2.08,-2.63,2.07,-2.63,INF,-1,0,7,0
11140,1,1,21.936,-28.419,2.05,-2.65,2.05,-2.65,INF,-1,0,7,0
11160,1,1,22.597,-27.337,2.11,-2.55,2.11,-2.55,INF,-1,0,7,0
11180,1,1,22.639,-26.092,2.12,-2.44,2.11,-2.44,INF,-1,0,7,0
11200,1,1,22.155,-27.034,2.07,-2.52,2.07,-2.53,INF,-1,0,7,0
11220,1,1,23.306,-28.437,2.18,-2.65,2.17,-2.66,INF,-1,0,7,0
11240,1,1,72.073,-31.571,6.71,-2.93,6.70,-2.95,INF,-1,0,7,0
11260,1,1,67.206,-33.064,6.26,-3.07,6.25,-3.09,INF,-1,0,7,0
11280,1,1,68.019,-34.544,6.33,-3.21,6.32,-3.23,INF,-1,0,7,0
11300,1,1,68.808,-33.745,6.40,-3.13,6.39,-3.15,INF,-1,0,7,0
11320,1,1,67.987,-34.858,6.33,-3.23,6.32,-3.25,INF,-1,0,7,0
11340,1,1,66.715,-34.644,6.21,-3.22,6.20,-3.23,INF,-1,0,7,0
11360,1,1,67.746,-34.500,6.31,-3.20,6.30,-3.22,INF,-1,0,7,0
11380,1,1,68.595,-35.171,6.38,-3.26,6.37,-3.28,INF,-1,0,7,0
11400,1,1,67.882,-34.546,6.32,-3.21,6.31,-3.23,INF,-1,0,7,0
11420,1,1,68.015,-34.113,6.33,-3.17,6.32,-3.19,INF,-1,0,7,0
11440,1,1,68.219,-35.452,6.35,-3.29,6.34,-3.31,INF,-1,0,7,0
11460,1,1,67.780,-34.677,6.31,-3.22,6.30,-3.24,INF,-1,1,7,0
11480,1,1,68.268,-35.897,6.35,-3.33,6.34,-3.35,INF,-1,1,7,0
11500,1,1,69.839,-30.369,6.50,-2.82,6.49,-2.84,INF,-1,1,7,0
11520,1,1,69.540,-29.462,6.47,-2.73,6.46,-2.75,INF,-1,1,7,0
11540,1,1,69.224,-28.799,6.44,-2.67,6.44,-2.69,INF,-1,0,7,0
11560,1,1,70.093,-28.933,6.52,-2.68,6.52,-2.70,INF,-1,0,7,0
11580,1,1,67.873,-28.829,6.32,-2.68,6.31,-2.69,INF,-1,0,7,0
11600,1,1,69.140,-28.558,6.44,-2.65,6.43,-2.67,INF,-1,0,7,0
11620,1,1,68.801,-28.940,6.40,-2.69,6.40,-2.70,INF,-1,0,7,0
11640,1,1,70.241,-29.317,6.54,-2.72,6.53,-2.74,INF,-1,0,7,0
11660,1,1,69.427,-28.338,6.46,-2.63,6.45,-2.65,INF,-1,0,7,0
11680,1,1,68.957,-28.894,6.42,-2.68,6.41,-2.70,INF,-1,0,7,0
11700,1,1,68.683,-29.745,6.39,-2.76,6.39,-2.78,INF,-1,0,7,0
11720,1,1,68.073,-30.161,6.34,-2.80,6.33,-2.82,INF,-1,0,7,0
11740,1,1,68.420,-30.560,6.37,-2.84,6.36,-2.85,INF,-1,0,7,0
11760,1,1,68.534,-30.992,6.38,-2.88,6.37,-2.89,INF,-1,0,7,0
11780,1,1,69.357,-29.614,6.46,-2.75,6.45,-2.77,INF,-1,1,7,0
11800,1,1,69.252,-30.120,6.45,-2.80,6.44,-2.81,INF,-1,1,7,0
11820,1,1,71.586,-30.114,6.66,-2.79,6.65,-2.81,INF,-1,1,7,0
11840,1,1,70.389,-29.815,6.55,-2.77,6.54,-2.78,INF,-1,1,7,0
11860,1,1,68.977,-30.836,6.42,-2.86,6.41,-2.88,INF,-1,1,7,0
11880,1,1,71.017,-30.509,6.61,-2.83,6.60,-2.85,INF,-1,1,7,0
11900,1,1,71.253,-30.493,6.63,-2.83,6.62,-2.85,INF,-1,1,7,0
11920,1,1,70.160,-30.638,6.53,-2.84,6.52,-2.86,INF,-1,1,7,0
11940,1,1,68.926,-30.500,6.42,-2.83,6.41,-2.85,INF,-1,1,7,0
11960,1,1,69.659,-30.129,6.48,-2.80,6.48,-2.81,INF,-1,1,7,0
11980,1,1,69.017,-28.789,6.42,-2.67,6.42,-2.69,INF,-1,1,7,0
12000,1,1,67.972,-29.884,6.33,-2.77,6.32,-2.79,INF,-1,1,7,0
12020,1,1,68.505,-30.239,6.38,-2.81,6.37,-2.82,INF,-1,1,7,0
12040,1,1,68.417,-30.026,6.37,-2.79,6.36,-2.80,INF,-1,1,7,0
12060,1,1,69.829,-30.412,6.50,-2.82,6.49,-2.84,INF,-1,1,7,0
12080,1,1,68.827,-30.838,6.41,-2.86,6.40,-2.88,INF,-1,1,7,0
12100,1,1,68.567,-30.084,6.38,-2.79,6.37,-2.81,INF,-1,1,7,0
12120,1,1,70.284,-26.089,6.54,-2.42,6.53,-2.44,INF,-1,1,7,0
12140,1,1,68.890,-25.018,6.41,-2.32,6.41,-2.34,INF,-1,1,7,0
12160,1,1,68.303,-24.125,6.36,-2.24,6.35,-2.25,INF,-1,1,7,0
12180,1,1,69.027,-25.045,6.42,-2.32,6.42,-2.34,INF,-1,1,7,0
12200,1,1,67.567,-24.318,6.29,-2.26,6.29,-2.27,INF,-1,1,7,0
12220,1,1,68.065,-24.794,6.34,-2.30,6.33,-2.32,INF,-1,1,7,0
12240,1,1,67.831,-25.548,6.31,-2.37,6.31,-2.39,INF,-1,1,7,0
12260,1,1,68.586,-25.545,6.38,-2.37,6.38,-2.39,INF,-1,1,7,0
12280,1,1,68.781,-25.109,6.40,-2.33,6.40,-2.35,INF,-1,1,7,0
12300,1,1,67.291,-25.012,6.26,-2.32,6.26,-2.34,INF,-1,1,7,0
12320,1,1,67.412,-25.031,6.28,-2.32,6.27,-2.34,INF,-1,1,7,0
12340,1,1,66.653,-24.519,6.21,-2.28,6.20,-2.29,INF,-1,1,7,0
12360,1,1,66.732,-24.802,6.21,-2.30,6.21,-2.32,INF,-1,1,7,0
12380,1,1,68.102,-24.203,6.34,-2.25,6.33,-2.26,INF,-1,1,7,0
12400,1,1,66.326,-25.067,6.18,-2.33,6.17,-2.34,INF,-1,1,7,0
12420,1,1,66.676,-23.420,6.21,-2.18,6.20,-2.19,INF,-1,1,7,0
12440,1,1,67.455,-23.800,6.28,-2.21,6.27,-2.22,INF,-1,1,7,0
12460,1,1,67.311,-23.362,6.27,-2.17,6.26,-2.18,INF,-1,1,7,0
12480,1,1,67.009,-24.327,6.24,-2.26,6.23,-2.27,INF,-1,1,7,0
12500,1,1,66.721,-23.624,6.21,-2.19,6.21,-2.21,INF,-1,1,7,0
12520,1,1,67.769,-23.307,6.31,-2.16,6.30,-2.18,INF,-1,1,7,0
12540,1,1,67.302,-23.370,6.27,-2.17,6.26,-2.18,INF,-1,1,7,0
12560,1,1,66.400,-23.137,6.18,-2.15,6.18,-2.16,INF,-1,1,7,0
12580,1,1,65.884,-23.935,6.13,-2.22,6.13,-2.24,INF,-1,1,7,0
12600,1,1,65.995,-24.985,6.14,-2.32,6.14,-2.33,INF,-1,1,7,0
12620,1,1,68.345,-24.126,6.36,-2.24,6.36,-2.25,INF,-1,1,7,0
12640,1,1,65.847,-23.789,6.13,-2.21,6.13,-2.22,INF,-1,1,7,0
12660,1,1,67.322,-23.732,6.27,-2.20,6.26,-2.22,INF,-1,1,7,0
12680,1,1,66.725,-23.565,6.21,-2.19,6.21,-2.20,INF,-1,1,7,0
12700,1,1,66.539,-21.624,6.19,-2.01,6.19,-2.02,INF,-1,1,7,0
12720,1,1,68.211,-9.538,6.35,-0.89,6.35,-0.89,INF,-1,1,7,0
12740,1,1,67.265,-9.633,6.26,-0.89,6.26,-0.90,INF,-1,1,7,0
12760,1,1,67.407,-8.801,6.28,-0.82,6.27,-0.82,INF,-1,0,7,0
12780,1,1,67.347,-9.682,6.27,-0.90,6.27,-0.90,INF,-1,0,7,0
12800,1,1,67.798,-8.941,6.31,-0.83,6.31,-0.84,INF,-1,0,7,0
12820,1,1,67.530,-11.007,6.29,-1.02,6.29,-1.03,INF,-1,0,7,0
12840,1,1,66.819,-9.296,6.22,-0.86,6.22,-0.87,INF,-1,0,7,0
12860,1,1,67.528,-8.486,6.29,-0.79,6.29,-0.79,INF,-1,0,7,0
12880,1,1,66.174,-9.349,6.16,-0.87,6.16,-0.87,INF,-1,0,7,0
12900,1,1,66.840,-9.079,6.22,-0.84,6.22,-0.85,INF,-1,0,7,0
12920,1,1,67.768,-9.441,6.31,-0.88,6.31,-0.88,INF,-1,0,7,0
12940,1,1,68.112,-9.901,6.34,-0.92,6.34,-0.93,INF,-1,0,7,0
12960,1,1,66.982,-9.316,6.24,-0.87,6.24,-0.87,INF,-1,0,7,0
12980,1,1,66.853,-10.013,6.22,-0.93,6.22,-0.94,INF,-1,0,7,0
13000,1,1,67.655,-10.948,6.30,-1.02,6.30,-1.02,INF,-1,1,7,0
13020,1,1,67.072,-10.082,6.24,-0.94,6.24,-0.94,INF,-1,1,7,0
13040,1,1,68.496,-10.853,6.38,-1.01,6.37,-1.01,INF,-1,1,7,0
13060,1,1,68.385,-10.515,6.37,-0.98,6.36,-0.98,INF,-1,1,7,0
13080,1,1,67.243,-10.761,6.26,-1.00,6.26,-1.01,INF,-1,1,7,0
13100,1,1,66.693,-10.557,6.21,-0.98,6.21,-0.99,INF,-1,1,7,0
13120,1,1,68.231,-10.199,6.35,-0.95,6.35,-0.95,INF,-1,1,7,0
13140,1,1,66.633,-9.572,6.20,-0.89,6.20,-0.89,INF,-1,1,7,0
13160,1,1,66.774,-11.419,6.22,-1.06,6.22,-1.07,INF,-1,1,7,0
13180,1,1,65.891,-11.468,6.14,-1.07,6.13,-1.07,INF,-1,1,7,0
13200,1,1,65.311,-13.192,6.08,-1.23,6.08,-1.23,INF,-1,1,7,0
13220,1,1,66.934,-11.667,6.23,-1.08,6.23,-1.09,INF,-1,1,7,0
13240,1,1,67.249,-14.374,6.26,-1.34,6.26,-1.34,INF,-1,1,7,0
13260,1,1,66.835,-13.179,6.22,-1.22,6.22,-1.23,INF,-1,1,7,0
13280,1,1,66.491,-13.912,6.19,-1.29,6.19,-1.30,INF,-1,1,7,0
13300,1,1,65.600,-13.088,6.11,-1.22,6.11,-1.22,INF,-1,1,7,0
13320,1,1,66.224,-12.131,6.17,-1.13,6.16,-1.13,INF,-1,1,7,0
13340,1,1,67.044,-12.013,6.24,-1.12,6.24,-1.12,INF,-1,1,7,0
13360,1,1,68.479,-11.834,6.37,-1.10,6.37,-1.11,INF,-1,1,7,0
13380,1,1,66.242,-12.180,6.17,-1.13,6.17,-1.14,INF,-1,1,7,0
13400,1,1,66.898,-11.890,6.23,-1.10,6.23,-1.11,INF,-1,1,7,0
13420,1,1,67.644,-12.251,6.30,-1.14,6.30,-1.14,INF,-1,1,7,0
13440,1,1,65.729,-12.567,6.12,-1.17,6.12,-1.17,INF,-1,1,7,0
13460,1,1,66.635,-11.498,6.20,-1.07,6.20,-1.07,INF,-1,1,7,0
13480,1,1,67.239,-11.898,6.26,-1.11,6.26,-1.11,INF,-1,1,7,0
13500,1,1,68.144,-13.237,6.34,-1.23,6.34,-1.24,INF,-1,1,7,0
13520,1,1,67.500,-12.399,6.28,-1.15,6.28,-1.16,INF,-1,1,7,0
13540,1,1,67.443,-11.890,6.28,-1.10,6.28,-1.11,INF,-1,1,7,0
13560,1,1,69.180,-12.110,6.44,-1.12,6.44,-1.13,INF,-1,1,7,0
13580,1,1,67.743,-13.808,6.31,-1.28,6.30,-1.29,INF,-1,1,7,0
13600,1,1,67.585,-12.845,6.29,-1.19,6.29,-1.20,INF,-1,1,7,0
13620,1,1,68.953,-12.094,6.42,-1.12,6.42,-1.13,INF,-1,1,7,0
13640,1,1,64.734,-18.244,6.03,-1.70,6.03,-1.70,INF,-1,1,7,0
13660,1,1,64.697,-18.171,6.02,-1.69,6.02,-1.70,INF,-1,1,7,0
13680,1,1,63.093,-18.725,5.88,-1.74,5.87,-1.75,INF,-1,1,7,0
13700,1,1,64.182,-19.115,5.98,-1.78,5.97,-1.79,INF,-1,1,7,0
13720,1,1,65.860,-19.653,6.13,-1.83,6.13,-1.84,INF,-1,0,7,0
13740,1,1,64.819,-19.097,6.04,-1.77,6.03,-1.78,INF,-1,0,7,0
13760,1,1,64.974,-19.076,6.05,-1.77,6.05,-1.78,INF,-1,0,7,0
13780,1,1,65.958,-18.957,6.14,-1.76,6.14,-1.77,INF,-1,0,7,0
13800,1,1,64.061,-18.653,5.97,-1.73,5.96,-1.74,INF,-1,0,7,0
13820,1,1,64.055,-19.331,5.97,-1.80,5.96,-1.81,INF,-1,0,7,0
13840,1,1,64.358,-19.909,5.99,-1.85,5.99,-1.86,INF,-1,0,7,0
13860,1,1,65.043,-18.277,6.06,-1.70,6.05,-1.71,INF,-1,0,7,0
13880,1,1,65.349,-20.119,6.09,-1.87,6.08,-1.88,INF,-1,0,7,0
13900,1,1,62.632,-21.461,5.83,-1.99,5.83,-2.01,INF,-1,0,7,0
13920,1,1,62.426,-24.519,5.81,-2.28,5.81,-2.29,INF,-1,0,7,0
13940,1,1,60.938,-23.161,5.68,-2.15,5.67,-2.16,INF,-1,0,7,0
13960,1,1,63.038,-23.903,5.87,-2.22,5.87,-2.23,INF,-1,1,7,0
13980,1,1,64.290,-24.430,5.99,-2.27,5.98,-2.28,INF,-1,1,7,0
14000,1,1,64.842,-23.128,6.04,-2.15,6.03,-2.16,INF,-1,1,7,0
14020,1,1,64.583,-23.923,6.01,-2.22,6.01,-2.23,INF,-1,1,7,0
14040,1,1,63.907,-24.571,5.95,-2.28,5.95,-2.30,INF,-1,1,7,0
14060,1,1,64.545,-24.845,6.01,-2.31,6.01,-2.32,INF,-1,1,7,0
14080,1,1,65.000,-26.387,6.05,-2.45,6.05,-2.46,INF,-1,1,7,0
14100,1,1,64.469,-26.664,6.00,-2.48,6.00,-2.49,INF,-1,1,7,0
14120,1,1,62.658,-24.841,5.84,-2.31,5.83,-2.32,INF,-1,1,7,0
14140,1,1,63.387,-25.104,5.90,-2.33,5.90,-2.35,INF,-1,1,7,0
14160,1,1,47.556,-23.320,4.44,-2.17,4.43,-2.18,INF,-1,1,7,0
14180,1,1,32.772,-13.921,3.06,-1.30,3.06,-1.30,INF,-1,1,7,0
14200,1,1,33.044,-14.296,3.09,-1.33,3.08,-1.34,INF,-1,0,7,0
14220,1,1,31.969,-12.576,2.99,-1.17,2.98,-1.18,INF,-1,0,7,0
14240,1,1,30.804,-13.481,2.88,-1.26,2.88,-1.26,INF,-1,0,7,0
14260,1,1,30.498,-15.805,2.85,-1.48,2.85,-1.48,INF,-1,0,7,0
14280,1,1,29.926,-13.747,2.79,-1.28,2.79,-1.28,INF,-1,0,7,0
14300,1,1,30.576,-15.105,2.86,-1.41,2.85,-1.41,INF,-1,0,7,0
14320,1,1,30.551,-13.674,2.85,-1.28,2.85,-1.28,INF,-1,0,7,0
14340,1,1,30.725,-14.039,2.87,-1.31,2.87,-1.31,INF,-1,0,7,0
14360,1,1,30.362,-14.254,2.84,-1.33,2.83,-1.33,INF,-1,0,7,0
14380,1,1,21.822,-2.243,2.04,-0.21,2.04,-0.21,INF,-1,0,7,0
14400,1,1,18.317,1.247,1.71,0.12,1.71,0.12,INF,-1,0,7,0
14420,1,1,18.343,-0.064,1.71,-0.01,1.71,-0.01,INF,-1,0,7,0
14440,1,1,18.586,0.552,1.74,0.05,1.74,0.05,INF,-1,0,7,0
14460,1,1,17.974,0.870,1.68,0.08,1.68,0.08,INF,-1,0,7,0
14480,1,1,17.582,-0.062,1.64,-0.01,1.64,-0.01,INF,-1,0,7,0
14500,1,1,18.138,-0.363,1.69,-0.03,1.69,-0.03,INF,-1,0,7,0
14520,1,1,18.454,-0.022,1.72,0.00,1.72,0.00,INF,-1,1,7,0
14540,1,1,19.723,0.202,1.84,0.02,1.84,0.02,INF,-1,1,7,0
14560,1,1,18.791,0.901,1.76,0.08,1.76,0.08,INF,-1,1,7,0
14580,1,1,19.010,-0.470,1.78,-0.04,1.78,-0.04,INF,-1,1,7,0
14600,1,1,18.378,0.451,1.72,0.04,1.72,0.04,INF,-1,1,7,0
14620,1,1,19.101,0.094,1.78,0.01,1.78,0.01,INF,-1,1,7,0
14640,1,1,16.797,-1.172,1.57,-0.11,1.57,-0.11,INF,-1,1,7,0
14660,1,1,12.075,-0.395,1.13,-0.04,1.13,-0.04,INF,-1,1,7,0
14680,1,1,12.617,-0.754,1.18,-0.07,1.18,-0.07,INF,-1,1,7,0
14700,1,1,12.156,-0.157,1.14,-0.01,1.14,-0.01,INF,-1,0,7,0
14720,1,1,12.638,0.960,1.18,0.09,1.18,0.09,INF,-1,0,7,0
14740,1,1,11.745,0.268,1.10,0.03,1.10,0.03,INF,-1,0,7,0
14760,1,1,12.364,0.193,1.16,0.02,1.16,0.02,INF,-1,0,7,0
14780,1,1,11.169,0.661,1.04,0.06,1.04,0.06,INF,-1,0,7,0
14800,1,1,10.506,1.800,0.98,0.17,0.98,0.17,INF,-1,0,7,0
14820,1,1,10.932,0.618,1.02,0.06,1.02,0.06,INF,-1,0,7,0
14840,1,1,11.963,-0.388,1.12,-0.04,1.12,-0.04,INF,-1,0,7,0
14860,1,1,11.589,1.300,1.08,0.12,1.08,0.12,INF,-1,0,7,0
14880,1,1,11.328,0.880,1.06,0.08,1.06,0.08,INF,-1,0,7,0
14900,1,1,11.948,0.192,1.12,0.02,1.12,0.02,INF,-1,0,7,0
14920,1,1,10.208,0.599,0.95,0.06,0.95,0.06,INF,-1,0,7,0
14940,1,1,11.674,0.041,1.09,0.00,1.09,0.00,INF,-1,1,7,0
14960,1,1,10.422,0.655,0.97,0.06,0.97,0.06,INF,-1,1,7,0
14980,1,1,10.773,-0.929,1.01,-0.09,1.01,-0.09,INF,-1,1,7,0
