"EyeTracker Toolbox version","3.250"
CalibrationParameters_A11,1.20706
CalibrationParameters_A12,0.06422
CalibrationParameters_A13,0.00326
CalibrationParameters_A21,0.09138
CalibrationParameters_A22,-1.20028
CalibrationParameters_A23,0.00112
CalibrationParameters_A31,-0.00100
CalibrationParameters_A32,-0.00053
CalibrationParameters_E11,-0.18016
CalibrationParameters_E12,-0.00006
CalibrationParameters_E21,0.00010
CalibrationParameters_E22,0.20001
CalibrationParameters_X,-55.65828
CalibrationParameters_Y,-33.05305
CalibrationParameters_Rpc,75.49417
CalibrationParameters_MeanX,153.02750
CalibrationParameters_MeanY,143.89528
CalibrationParameters_ViewDist,613.00000
TimeStamp,Tracked,Calibrated,ScreenPositionXmm,ScreenPositionYmm,FicksLongitude,FicksLatitude,HelmholtzAzimuth,HelmholtzElevation,PupilDiameter,Region,Fixation,DigitalIO,Dropped
0,1,1,-2.210,20.098,-0.21,1.88,-0.21,1.88,INF,-1,0,7,0
20,1,1,-0.804,20.947,-0.08,1.96,-0.08,1.96,INF,-1,0,7,0
40,1,1,-2.641,20.370,-0.25,1.90,-0.25,1.90,INF,-1,0,7,0
60,1,1,-2.085,22.191,-0.19,2.07,-0.19,2.07,INF,-1,0,7,0
80,1,1,-3.372,20.740,-0.32,1.94,-0.32,1.94,INF,-1,0,7,0
100,1,1,-3.440,20.495,-0.32,1.91,-0.32,1.91,INF,-1,0,7,0
120,1,1,-4.634,20.433,-0.43,1.91,-0.43,1.91,INF,-1,0,7,0
140,1,1,-3.253,20.666,-0.30,1.93,-0.30,1.93,INF,-1,0,7,0
160,1,1,-3.447,20.490,-0.32,1.91,-0.32,1.91,INF,-1,0,7,0
180,1,1,-4.897,14.393,-0.46,1.34,-0.46,1.34,INF,-1,0,7,0
200,1,1,-6.392,-2.212,-0.60,-0.21,-0.60,-0.21,INF,-1,0,7,0
220,1,1,-6.765,-1.022,-0.63,-0.10,-0.63,-0.10,INF,-1,0,7,0
240,1,1,-9.376,-3.258,-0.88,-0.30,-0.88,-0.30,INF,-1,0,7,0
260,1,1,-8.577,-2.777,-0.80,-0.26,-0.80,-0.26,INF,-1,0,7,0
280,1,1,-7.563,-2.879,-0.71,-0.27,-0.71,-0.27,INF,-1,0,7,0
300,1,1,-6.991,-1.728,-0.65,-0.16,-0.65,-0.16,INF,-1,0,7,0
320,1,1,-6.991,-2.325,-0.65,-0.22,-0.65,-0.22,INF,-1,0,7,0
340,1,1,-8.201,-1.336,-0.77,-0.12,-0.77,-0.12,INF,-1,0,7,0
360,1,1,-7.475,-1.971,-0.70,-0.18,-0.70,-0.18,INF,-1,1,7,0
380,1,1,-7.116,-2.710,-0.67,-0.25,-0.67,-0.25,INF,-1,1,7,0
400,1,1,-9.091,-1.945,-0.85,-0.18,-0.85,-0.18,INF,-1,1,7,0
420,1,1,-8.938,-1.761,-0.84,-0.16,-0.84,-0.16,INF,-1,1,7,0
440,1,1,-8.036,-1.073,-0.75,-0.10,-0.75,-0.10,INF,-1,1,7,0
460,1,1,-13.629,-1.696,-1.27,-0.16,-1.27,-0.16,INF,-1,1,7,0
480,1,1,-13.575,-1.388,-1.27,-0.13,-1.27,-0.13,INF,-1,1,7,0
500,1,1,-13.424,-1.394,-1.25,-0.13,-1.25,-0.13,INF,-1,0,7,0
520,1,1,-12.737,-0.557,-1.19,-0.05,-1.19,-0.05,INF,-1,0,7,0
540,1,1,-13.523,-0.805,-1.26,-0.08,-1.26,-0.08,INF,-1,0,7,0
560,1,1,-13.299,-1.614,-1.24,-0.15,-1.24,-0.15,INF,-1,0,7,0
580,1,1,-13.797,-2.100,-1.29,-0.20,-1.29,-0.20,INF,-1,0,7,0
600,1,1,-13.424,-1.249,-1.25,-0.12,-1.25,-0.12,INF,-1,0,7,0
620,1,1,-13.143,-0.352,-1.23,-0.03,-1.23,-0.03,INF,-1,0,7,0
640,1,1,-14.370,-1.033,-1.34,-0.10,-1.34,-0.10,INF,-1,0,7,0
660,1,1,25.403,1.606,2.37,0.15,2.37,0.15,INF,-1,0,7,0
680,1,1,23.185,0.592,2.17,0.06,2.17,0.06,INF,-1,0,7,0
700,1,1,23.077,2.563,2.16,0.24,2.16,0.24,INF,-1,0,7,0
720,1,1,21.006,2.801,1.96,0.26,1.96,0.26,INF,-1,0,7,0
740,1,1,22.697,2.602,2.12,0.24,2.12,0.24,INF,-1,0,7,0
760,1,1,22.876,2.847,2.14,0.27,2.14,0.27,INF,-1,0,7,0
780,1,1,23.131,1.980,2.16,0.18,2.16,0.19,INF,-1,0,7,0
800,1,1,23.055,1.824,2.15,0.17,2.15,0.17,INF,-1,0,7,0
820,1,1,22.920,1.131,2.14,0.11,2.14,0.11,INF,-1,0,7,0
840,1,1,23.186,1.309,2.17,0.12,2.17,0.12,INF,-1,0,7,0
860,1,1,23.451,0.644,2.19,0.06,2.19,0.06,INF,-1,0,7,0
880,1,1,24.241,1.391,2.26,0.13,2.26,0.13,INF,-1,0,7,0
900,1,1,22.792,1.076,2.13,0.10,2.13,0.10,INF,-1,0,7,0
920,1,1,21.908,1.452,2.05,0.14,2.05,0.14,INF,-1,0,7,0
940,1,1,23.586,1.751,2.20,0.16,2.20,0.16,INF,-1,1,7,0
960,1,1,23.344,0.769,2.18,0.07,2.18,0.07,INF,-1,1,7,0
980,1,1,22.628,1.127,2.11,0.11,2.11,0.11,INF,-1,1,7,0
1000,1,1,22.680,1.108,2.12,0.10,2.12,0.10,INF,-1,1,7,0
1020,1,1,7.607,3.390,0.71,0.32,0.71,0.32,INF,-1,1,7,0
1040,1,1,-1.749,5.050,-0.16,0.47,-0.16,0.47,INF,-1,1,7,0
1060,1,1,-0.980,5.383,-0.09,0.50,-0.09,0.50,INF,-1,0,7,0
1080,1,1,-0.484,4.185,-0.05,0.39,-0.05,0.39,INF,-1,0,7,0
1100,1,1,-1.441,4.823,-0.13,0.45,-0.13,0.45,INF,-1,0,7,0
1120,1,1,-0.902,5.172,-0.08,0.48,-0.08,0.48,INF,-1,0,7,0
1140,1,1,-0.730,5.159,-0.07,0.48,-0.07,0.48,INF,-1,0,7,0
1160,1,1,-1.039,4.191,-0.10,0.39,-0.10,0.39,INF,-1,0,7,0
1180,1,1,-1.379,5.001,-0.13,0.47,-0.13,0.47,INF,-1,0,7,0
1200,1,1,-1.234,4.889,-0.12,0.46,-0.12,0.46,INF,-1,0,7,0
1220,1,1,-1.300,4.041,-0.12,0.38,-0.12,0.38,INF,-1,0,7,0
1240,1,1,-0.056,5.155,-0.01,0.48,-0.01,0.48,INF,-1,0,7,0
1260,1,1,0.055,3.528,0.01,0.33,0.01,0.33,INF,-1,0,7,0
1280,1,1,-1.680,4.626,-0.16,0.43,-0.16,0.43,INF,-1,0,7,0
1300,1,1,-0.181,3.698,-0.02,0.35,-0.02,0.35,INF,-1,1,7,0
1320,1,1,-0.141,4.163,-0.01,0.39,-0.01,0.39,INF,-1,1,7,0
1340,1,1,-26.788,3.629,-2.50,0.34,-2.50,0.34,INF,-1,1,7,0
1360,1,1,-29.058,5.017,-2.71,0.47,-2.71,0.47,INF,-1,1,7,0
1380,1,1,-28.337,5.941,-2.65,0.55,-2.65,0.56,INF,-1,0,7,0
1400,1,1,-28.271,5.740,-2.64,0.54,-2.64,0.54,INF,-1,0,7,0
1420,1,1,-29.946,5.099,-2.80,0.48,-2.80,0.48,INF,-1,0,7,0
1440,1,1,-28.634,4.011,-2.67,0.37,-2.67,0.37,INF,-1,0,7,0
1460,1,1,-28.427,4.550,-2.66,0.42,-2.66,0.43,INF,-1,0,7,0
1480,1,1,-30.637,5.933,-2.86,0.55,-2.86,0.55,INF,-1,0,7,0
1500,1,1,-29.058,5.529,-2.71,0.52,-2.71,0.52,INF,-1,0,7,0
1520,1,1,-29.955,3.997,-2.80,0.37,-2.80,0.37,INF,-1,0,7,0
1540,1,1,-30.241,4.384,-2.82,0.41,-2.82,0.41,INF,-1,0,7,0
1560,1,1,-31.233,4.886,-2.92,0.46,-2.92,0.46,INF,-1,0,7,0
1580,1,1,-30.846,3.968,-2.88,0.37,-2.88,0.37,INF,-1,0,7,0
1600,1,1,-30.882,5.075,-2.88,0.47,-2.88,0.47,INF,-1,0,7,0
1620,1,1,-45.838,11.616,-4.28,1.08,-4.28,1.09,INF,-1,1,7,0
1640,1,1,-45.851,12.632,-4.28,1.18,-4.28,1.18,INF,-1,1,7,0
1660,1,1,-45.156,12.644,-4.21,1.18,-4.21,1.18,INF,-1,0,7,0
1680,1,1,-46.435,13.777,-4.33,1.28,-4.33,1.29,INF,-1,0,7,0
1700,1,1,-46.658,12.506,-4.35,1.17,-4.35,1.17,INF,-1,0,7,0
1720,1,1,-46.838,12.429,-4.37,1.16,-4.37,1.16,INF,-1,0,7,0
1740,1,1,-47.171,13.630,-4.40,1.27,-4.40,1.27,INF,-1,0,7,0
1760,1,1,-46.326,12.997,-4.32,1.21,-4.32,1.21,INF,-1,0,7,0
1780,1,1,-54.448,15.485,-5.08,1.44,-5.07,1.45,INF,-1,0,7,0
1800,1,1,-56.758,15.903,-5.29,1.48,-5.29,1.49,INF,-1,0,7,0
1820,1,1,-56.781,16.524,-5.29,1.54,-5.29,1.54,INF,-1,0,7,0
1840,1,1,-54.344,14.657,-5.07,1.36,-5.06,1.37,INF,-1,0,7,0
1860,1,1,-56.479,15.211,-5.26,1.42,-5.26,1.42,INF,-1,0,7,0
1880,1,1,-53.975,14.547,-5.03,1.35,-5.03,1.36,INF,-1,0,7,0
1900,1,1,-54.871,13.859,-5.12,1.29,-5.11,1.30,INF,-1,1,7,0
1920,1,1,-55.005,15.404,-5.13,1.43,-5.13,1.44,INF,-1,1,7,0
1940,1,1,-55.312,15.653,-5.16,1.46,-5.15,1.46,INF,-1,1,7,0
1960,1,1,-55.971,15.361,-5.22,1.43,-5.22,1.44,INF,-1,1,7,0
1980,1,1,-56.225,15.071,-5.24,1.40,-5.24,1.41,INF,-1,1,7,0
2000,1,1,-54.504,15.090,-5.08,1.40,-5.08,1.41,INF,-1,1,7,0
2020,1,1,-54.749,14.864,-5.10,1.38,-5.10,1.39,INF,-1,1,7,0
2040,1,1,-55.476,15.426,-5.17,1.44,-5.17,1.44,INF,-1,1,7,0
2060,1,1,-55.722,15.831,-5.19,1.47,-5.19,1.48,INF,-1,1,7,0
2080,1,1,-56.371,14.534,-5.25,1.35,-5.25,1.36,INF,-1,1,7,0
2100,1,1,-56.518,16.364,-5.27,1.52,-5.27,1.53,INF,-1,1,7,0
2120,1,1,-57.938,15.038,-5.40,1.40,-5.40,1.41,INF,-1,1,7,0
2140,1,1,-57.547,14.373,-5.36,1.34,-5.36,1.34,INF,-1,1,7,0
2160,1,1,-59.137,15.557,-5.51,1.45,-5.51,1.45,INF,-1,1,7,0
2180,1,1,9.297,2.371,0.87,0.22,0.87,0.22,INF,-1,1,7,0
2200,1,1,12.094,-2.152,1.13,-0.20,1.13,-0.20,INF,-1,1,7,0
2220,1,1,9.891,-1.199,0.92,-0.11,0.92,-0.11,INF,-1,0,7,0
2240,1,1,10.352,-0.926,0.97,-0.09,0.97,-0.09,INF,-1,0,7,0
2260,1,1,11.895,-2.566,1.11,-0.24,1.11,-0.24,INF,-1,0,7,0
2280,1,1,9.654,-1.077,0.90,-0.10,0.90,-0.10,INF,-1,0,7,0
2300,1,1,11.347,-1.346,1.06,-0.13,1.06,-0.13,INF,-1,0,7,0
2320,1,1,9.199,-1.709,0.86,-0.16,0.86,-0.16,INF,-1,0,7,0
2340,1,1,10.736,-1.470,1.00,-0.14,1.00,-0.14,INF,-1,0,7,0
2360,1,1,10.083,-1.498,0.94,-0.14,0.94,-0.14,INF,-1,0,7,0
2380,1,1,11.044,-1.821,1.03,-0.17,1.03,-0.17,INF,-1,0,7,0
2400,1,1,32.993,-4.345,3.08,-0.41,3.08,-0.41,INF,-1,0,7,0
2420,1,1,31.407,-6.473,2.93,-0.60,2.93,-0.61,INF,-1,0,7,0
2440,1,1,31.622,-6.563,2.95,-0.61,2.95,-0.61,INF,-1,0,7,0
2460,1,1,31.497,-8.095,2.94,-0.76,2.94,-0.76,INF,-1,0,7,0
2480,1,1,28.988,-5.826,2.71,-0.54,2.71,-0.54,INF,-1,0,7,0
2500,1,1,30.462,-6.896,2.84,-0.64,2.84,-0.64,INF,-1,0,7,0
2520,1,1,31.288,-7.896,2.92,-0.74,2.92,-0.74,INF,-1,0,7,0
2540,1,1,30.593,-6.684,2.86,-0.62,2.86,-0.62,INF,-1,0,7,0
2560,1,1,30.360,-6.979,2.84,-0.65,2.84,-0.65,INF,-1,1,7,0
2580,1,1,32.818,-7.620,3.06,-0.71,3.06,-0.71,INF,-1,1,7,0
2600,1,1,43.594,-6.079,4.07,-0.57,4.07,-0.57,INF,-1,1,7,0
2620,1,1,43.258,-5.001,4.04,-0.47,4.04,-0.47,INF,-1,0,7,0
2640,1,1,41.449,-4.104,3.87,-0.38,3.87,-0.38,INF,-1,0,7,0
2660,1,1,41.578,-5.689,3.88,-0.53,3.88,-0.53,INF,-1,0,7,0
2680,1,1,42.435,-5.388,3.96,-0.50,3.96,-0.50,INF,-1,0,7,0
2700,1,1,42.556,-5.856,3.97,-0.55,3.97,-0.55,INF,-1,0,7,0
2720,1,1,42.789,-6.002,3.99,-0.56,3.99,-0.56,INF,-1,0,7,0
2740,1,1,41.474,-6.572,3.87,-0.61,3.87,-0.61,INF,-1,0,7,0
2760,1,1,40.659,-7.554,3.79,-0.70,3.79,-0.71,INF,-1,0,7,0
2780,1,1,41.877,-6.531,3.91,-0.61,3.91,-0.61,INF,-1,0,7,0
2800,1,1,42.440,-6.165,3.96,-0.57,3.96,-0.58,INF,-1,0,7,0
2820,1,1,40.966,-6.583,3.82,-0.61,3.82,-0.62,INF,-1,0,7,0
2840,1,1,41.779,-7.001,3.90,-0.65,3.90,-0.65,INF,-1,0,7,0
2860,1,1,40.795,-6.888,3.81,-0.64,3.81,-0.64,INF,-1,1,7,0
2880,1,1,41.482,-6.104,3.87,-0.57,3.87,-0.57,INF,-1,1,7,0
2900,1,1,42.282,-7.537,3.95,-0.70,3.95,-0.70,INF,-1,1,7,0
2920,1,1,40.976,-8.074,3.82,-0.75,3.82,-0.75,INF,-1,1,7,0
2940,1,1,42.015,-7.546,3.92,-0.70,3.92,-0.71,INF,-1,1,7,0
2960,1,1,41.616,-7.292,3.88,-0.68,3.88,-0.68,INF,-1,1,7,0
2980,1,1,40.491,-7.877,3.78,-0.73,3.78,-0.74,INF,-1,1,7,0
3000,1,1,62.951,-22.207,5.86,-2.06,5.86,-2.07,INF,-1,1,7,0
3020,1,1,63.052,-26.797,5.87,-2.49,5.87,-2.50,INF,-1,1,7,0
3040,1,1,61.409,-25.387,5.72,-2.36,5.72,-2.37,INF,-1,0,7,0
3060,1,1,60.792,-25.293,5.66,-2.35,5.66,-2.36,INF,-1,0,7,0
3080,1,1,60.558,-25.848,5.64,-2.40,5.64,-2.41,INF,-1,0,7,0
3100,1,1,61.556,-26.572,5.73,-2.47,5.73,-2.48,INF,-1,0,7,0
3120,1,1,60.316,-26.889,5.62,-2.50,5.61,-2.51,INF,-1,0,7,0
3140,1,1,60.409,-27.928,5.63,-2.60,5.62,-2.61,INF,-1,0,7,0
3160,1,1,61.001,-26.732,5.68,-2.48,5.68,-2.50,INF,-1,0,7,0
3180,1,1,62.424,-27.671,5.81,-2.57,5.81,-2.58,INF,-1,0,7,0
3200,1,1,62.882,-28.536,5.86,-2.65,5.85,-2.67,INF,-1,0,7,0
3220,1,1,60.314,-26.936,5.62,-2.50,5.61,-2.52,INF,-1,0,7,0
3240,1,1,61.076,-27.938,5.69,-2.60,5.68,-2.61,INF,-1,0,7,0
3260,1,1,61.026,-27.147,5.69,-2.52,5.68,-2.54,INF,-1,0,7,0
3280,1,1,61.399,-28.379,5.72,-2.64,5.71,-2.65,INF,-1,1,7,0
3300,1,1,61.819,-27.559,5.76,-2.56,5.75,-2.57,INF,-1,1,7,0
3320,1,1,59.581,-28.112,5.55,-2.61,5.55,-2.63,INF,-1,1,7,0
3340,1,1,59.725,-26.073,5.56,-2.42,5.56,-2.44,INF,-1,1,7,0
3360,1,1,55.716,-22.478,5.19,-2.09,5.19,-2.10,INF,-1,1,7,0
3380,1,1,58.781,-23.223,5.48,-2.16,5.47,-2.17,INF,-1,1,7,0
3400,1,1,57.942,-23.489,5.40,-2.18,5.40,-2.19,INF,-1,1,7,0
3420,1,1,57.951,-23.389,5.40,-2.18,5.40,-2.19,INF,-1,1,7,0
3440,1,1,59.021,-23.217,5.50,-2.16,5.50,-2.17,INF,-1,1,7,0
3460,1,1,57.990,-23.742,5.40,-2.21,5.40,-2.22,INF,-1,1,7,0
3480,1,1,57.677,-22.721,5.38,-2.11,5.37,-2.12,INF,-1,1,7,0
3500,1,1,55.255,-23.737,5.15,-2.21,5.15,-2.22,INF,-1,1,7,0
3520,1,1,57.078,-22.286,5.32,-2.07,5.32,-2.08,INF,-1,1,7,0
3540,1,1,58.308,-23.052,5.43,-2.14,5.43,-2.15,INF,-1,1,7,0
3560,1,1,58.845,-24.281,5.48,-2.26,5.48,-2.27,INF,-1,1,7,0
3580,1,1,57.886,-24.034,5.39,-2.24,5.39,-2.25,INF,-1,1,7,0
3600,1,1,58.656,-23.641,5.47,-2.20,5.46,-2.21,INF,-1,1,7,0
3620,1,1,57.630,-23.064,5.37,-2.15,5.37,-2.15,INF,-1,1,7,0
3640,1,1,58.167,-23.566,5.42,-2.19,5.42,-2.20,INF,-1,1,7,0
3660,1,1,58.950,-22.609,5.49,-2.10,5.49,-2.11,INF,-1,1,7,0
3680,1,1,57.002,-23.302,5.31,-2.17,5.31,-2.18,INF,-1,1,7,0
3700,1,1,58.951,-24.558,5.49,-2.28,5.49,-2.29,INF,-1,1,7,0
3720,1,1,58.518,-22.528,5.45,-2.10,5.45,-2.10,INF,-1,1,7,0
3740,1,1,37.720,-33.319,3.52,-3.11,3.52,-3.11,INF,-1,1,7,0
3760,1,1,36.220,-33.494,3.38,-3.12,3.38,-3.13,INF,-1,1,7,0
3780,1,1,35.810,-33.869,3.34,-3.16,3.34,-3.16,INF,-1,0,7,0
3800,1,1,35.578,-33.686,3.32,-3.14,3.32,-3.15,INF,-1,0,7,0
3820,1,1,36.078,-33.055,3.37,-3.08,3.36,-3.09,INF,-1,0,7,0
3840,1,1,37.242,-32.145,3.48,-3.00,3.47,-3.00,INF,-1,0,7,0
3860,1,1,37.075,-33.197,3.46,-3.09,3.46,-3.10,INF,-1,0,7,0
3880,1,1,36.930,-33.466,3.45,-3.12,3.44,-3.12,INF,-1,0,7,0
3900,1,1,34.834,-33.192,3.25,-3.09,3.25,-3.10,INF,-1,0,7,0
3920,1,1,36.374,-33.591,3.40,-3.13,3.39,-3.14,INF,-1,0,7,0
3940,1,1,36.806,-33.279,3.44,-3.10,3.43,-3.11,INF,-1,0,7,0
3960,1,1,37.178,-32.886,3.47,-3.07,3.47,-3.07,INF,-1,0,7,0
3980,1,1,29.998,-37.256,2.80,-3.47,2.80,-3.48,INF,-1,0,7,0
4000,1,1,28.606,-37.634,2.67,-3.51,2.67,-3.51,INF,-1,0,7,0
4020,1,1,28.134,-37.996,2.63,-3.54,2.62,-3.55,INF,-1,1,7,0
4040,1,1,28.293,-38.032,2.64,-3.55,2.64,-3.55,INF,-1,1,7,0
4060,1,1,27.824,-37.501,2.60,-3.50,2.59,-3.50,INF,-1,1,7,0
4080,1,1,28.470,-38.848,2.66,-3.62,2.65,-3.63,INF,-1,1,7,0
4100,1,1,28.663,-38.502,2.68,-3.59,2.67,-3.59,INF,-1,1,7,0
4120,1,1,26.491,-38.040,2.47,-3.55,2.47,-3.55,INF,-1,1,7,0
4140,1,1,26.290,-36.954,2.46,-3.45,2.45,-3.45,INF,-1,1,7,0
4160,1,1,26.996,-38.264,2.52,-3.57,2.52,-3.57,INF,-1,1,7,0
4180,1,1,27.468,-38.147,2.57,-3.56,2.56,-3.56,INF,-1,1,7,0
4200,1,1,26.878,-38.331,2.51,-3.57,2.51,-3.58,INF,-1,1,7,0
4220,1,1,26.849,-38.242,2.51,-3.57,2.50,-3.57,INF,-1,1,7,0
4240,1,1,26.167,-38.652,2.44,-3.60,2.44,-3.61,INF,-1,1,7,0
4260,1,1,25.171,-38.473,2.35,-3.59,2.35,-3.59,INF,-1,1,7,0
4280,1,1,26.055,-39.851,2.43,-3.72,2.43,-3.72,INF,-1,1,7,0
4300,1,1,23.913,-41.852,2.23,-3.90,2.23,-3.91,INF,-1,0,7,0
4320,1,1,23.906,-41.383,2.23,-3.86,2.23,-3.86,INF,-1,0,7,0
4340,1,1,24.910,-41.414,2.33,-3.86,2.32,-3.87,INF,-1,0,7,0
4360,1,1,23.720,-42.007,2.22,-3.92,2.21,-3.92,INF,-1,0,7,0
4380,1,1,23.413,-40.514,2.19,-3.78,2.18,-3.78,INF,-1,0,7,0
4400,1,1,23.783,-40.872,2.22,-3.81,2.22,-3.81,INF,-1,0,7,0
4420,1,1,24.093,-41.038,2.25,-3.83,2.25,-3.83,INF,-1,0,7,0
4440,1,1,23.844,-41.543,2.23,-3.87,2.22,-3.88,INF,-1,0,7,0
4460,1,1,23.748,-41.028,2.22,-3.83,2.21,-3.83,INF,-1,0,7,0
4480,1,1,24.301,-40.488,2.27,-3.78,2.27,-3.78,INF,-1,0,7,0
4500,1,1,24.004,-42.344,2.24,-3.95,2.24,-3.95,INF,-1,0,7,0
4520,1,1,23.759,-41.432,2.22,-3.86,2.21,-3.87,INF,-1,0,7,0
4540,1,1,24.186,-41.810,2.26,-3.90,2.25,-3.90,INF,-1,1,7,0
4560,1,1,23.391,-39.999,2.19,-3.73,2.18,-3.73,INF,-1,1,7,0
4580,1,1,24.182,-39.856,2.26,-3.72,2.25,-3.72,INF,-1,1,7,0
4600,1,1,23.431,-40.883,2.19,-3.81,2.18,-3.82,INF,-1,1,7,0
4620,1,1,23.135,-39.208,2.16,-3.66,2.16,-3.66,INF,-1,1,7,0
4640,1,1,22.551,-39.779,2.11,-3.71,2.10,-3.71,INF,-1,1,7,0
4660,1,1,23.776,-40.234,2.22,-3.75,2.22,-3.76,INF,-1,1,7,0
4680,1,1,23.221,-40.354,2.17,-3.76,2.16,-3.77,INF,-1,1,7,0
4700,1,1,22.464,-40.286,2.10,-3.76,2.09,-3.76,INF,-1,1,7,0
4720,1,1,22.579,-39.775,2.11,-3.71,2.11,-3.71,INF,-1,1,7,0
4740,1,1,22.855,-40.178,2.14,-3.75,2.13,-3.75,INF,-1,1,7,0
4760,1,1,23.268,-39.764,2.17,-3.71,2.17,-3.71,INF,-1,1,7,0
4780,1,1,22.865,-40.181,2.14,-3.75,2.13,-3.75,INF,-1,1,7,0
4800,1,1,24.422,-39.499,2.28,-3.68,2.28,-3.69,INF,-1,1,7,0
4820,1,1,25.140,-40.742,2.35,-3.80,2.34,-3.80,INF,-1,1,7,0
4840,1,1,22.569,-40.938,2.11,-3.82,2.10,-3.82,INF,-1,1,7,0
4860,1,1,23.717,-40.936,2.22,-3.82,2.21,-3.82,INF,-1,1,7,0
4880,1,1,23.693,-40.025,2.21,-3.73,2.21,-3.74,INF,-1,1,7,0
4900,1,1,20.858,-39.034,1.95,-3.64,1.94,-3.64,INF,-1,1,7,0
4920,1,1,21.881,-40.185,2.04,-3.75,2.04,-3.75,INF,-1,1,7,0
4940,1,1,20.839,-40.090,1.95,-3.74,1.94,-3.74,INF,-1,1,7,0
4960,1,1,21.765,-39.640,2.03,-3.70,2.03,-3.70,INF,-1,1,7,0
4980,1,1,21.701,-38.582,2.03,-3.60,2.02,-3.60,INF,-1,1,7,0
5000,1,1,21.753,-40.056,2.03,-3.74,2.03,-3.74,INF,-1,1,7,0
5020,1,1,25.412,-39.817,2.37,-3.71,2.37,-3.72,INF,-1,1,7,0
5040,1,1,-36.787,-41.607,-3.43,-3.88,-3.43,-3.88,INF,-1,1,7,0
5060,1,1,-31.953,-42.106,-2.98,-3.92,-2.98,-3.93,INF,-1,1,7,0
5080,1,1,-34.609,-42.456,-3.23,-3.96,-3.22,-3.96,INF,-1,0,7,0
5100,1,1,-34.169,-42.046,-3.19,-3.92,-3.18,-3.92,INF,-1,0,7,0
5120,1,1,-34.331,-41.160,-3.21,-3.84,-3.20,-3.84,INF,-1,0,7,0
5140,1,1,-34.898,-41.738,-3.26,-3.89,-3.25,-3.90,INF,-1,0,7,0
5160,1,1,-34.946,-40.830,-3.26,-3.80,-3.26,-3.81,INF,-1,0,7,0
5180,1,1,-35.631,-40.554,-3.33,-3.78,-3.32,-3.79,INF,-1,0,7,0
5200,1,1,-35.125,-41.988,-3.28,-3.91,-3.27,-3.92,INF,-1,0,7,0
5220,1,1,-35.402,-40.853,-3.31,-3.81,-3.30,-3.81,INF,-1,0,7,0
5240,1,1,-36.168,-40.961,-3.38,-3.82,-3.37,-3.82,INF,-1,0,7,0
5260,1,1,-35.908,-41.213,-3.35,-3.84,-3.34,-3.85,INF,-1,0,7,0
5280,1,1,-35.749,-40.627,-3.34,-3.79,-3.33,-3.79,INF,-1,0,7,0
5300,1,1,-35.107,-40.473,-3.28,-3.77,-3.27,-3.78,INF,-1,0,7,0
5320,1,1,-35.296,-40.767,-3.30,-3.80,-3.29,-3.80,INF,-1,1,7,0
5340,1,1,-34.439,-42.002,-3.22,-3.91,-3.21,-3.92,INF,-1,1,7,0
5360,1,1,-34.293,-41.802,-3.20,-3.89,-3.19,-3.90,INF,-1,1,7,0
5380,1,1,-35.979,-42.124,-3.36,-3.92,-3.35,-3.93,INF,-1,1,7,0
5400,1,1,-36.739,-41.278,-3.43,-3.85,-3.42,-3.85,INF,-1,1,7,0
5420,1,1,-35.410,-40.981,-3.31,-3.82,-3.30,-3.82,INF,-1,1,7,0
5440,1,1,-34.593,-38.886,-3.23,-3.62,-3.22,-3.63,INF,-1,1,7,0
5460,1,1,-36.679,-36.325,-3.42,-3.39,-3.42,-3.39,INF,-1,1,7,0
5480,1,1,-35.688,-36.956,-3.33,-3.44,-3.33,-3.45,INF,-1,1,7,0
5500,1,1,-35.632,-37.666,-3.33,-3.51,-3.32,-3.52,INF,-1,1,7,0
5520,1,1,-35.487,-37.831,-3.31,-3.53,-3.31,-3.53,INF,-1,1,7,0
5540,1,1,-36.591,-36.920,-3.42,-3.44,-3.41,-3.45,INF,-1,1,7,0
5560,1,1,-36.293,-36.997,-3.39,-3.45,-3.38,-3.45,INF,-1,1,7,0
5580,1,1,-36.152,-37.889,-3.38,-3.53,-3.37,-3.54,INF,-1,1,7,0
5600,1,1,-36.018,-35.871,-3.36,-3.34,-3.36,-3.35,INF,-1,1,7,0
5620,1,1,-35.941,-36.531,-3.36,-3.40,-3.35,-3.41,INF,-1,1,7,0
5640,1,1,-35.279,-37.329,-3.29,-3.48,-3.29,-3.48,INF,-1,1,7,0
5660,1,1,-34.892,-37.040,-3.26,-3.45,-3.25,-3.46,INF,-1,1,7,0
5680,1,1,-35.340,-36.984,-3.30,-3.45,-3.29,-3.45,INF,-1,1,7,0
5700,1,1,-35.932,-39.174,-3.35,-3.65,-3.35,-3.66,INF,-1,1,7,0
5720,1,1,-38.557,-41.999,-3.60,-3.91,-3.59,-3.92,INF,-1,1,7,0
5740,1,1,-38.047,-41.927,-3.55,-3.91,-3.54,-3.91,INF,-1,1,7,0
5760,1,1,-37.357,-42.051,-3.49,-3.92,-3.48,-3.92,INF,-1,1,7,0
5780,1,1,-37.643,-42.475,-3.51,-3.96,-3.51,-3.96,INF,-1,1,7,0
5800,1,1,-37.405,-42.395,-3.49,-3.95,-3.48,-3.96,INF,-1,1,7,0
5820,1,1,-36.891,-42.022,-3.44,-3.91,-3.44,-3.92,INF,-1,1,7,0
5840,1,1,-38.702,-42.433,-3.61,-3.95,-3.60,-3.96,INF,-1,1,7,0
5860,1,1,-37.716,-42.918,-3.52,-4.00,-3.51,-4.00,INF,-1,1,7,0
5880,1,1,-38.017,-42.257,-3.55,-3.94,-3.54,-3.94,INF,-1,1,7,0
5900,1,1,-37.874,-41.531,-3.54,-3.87,-3.53,-3.88,INF,-1,1,7,0
5920,1,1,-36.207,-42.409,-3.38,-3.95,-3.37,-3.96,INF,-1,1,7,0
5940,1,1,-37.319,-42.519,-3.48,-3.96,-3.48,-3.97,INF,-1,1,7,0
5960,1,1,-36.846,-43.035,-3.44,-4.01,-3.43,-4.02,INF,-1,1,7,0
5980,1,1,-37.383,-42.543,-3.49,-3.96,-3.48,-3.97,INF,-1,1,7,0
6000,1,1,-35.594,-43.012,-3.32,-4.01,-3.32,-4.01,INF,-1,1,7,0
6020,1,1,-35.183,-42.750,-3.28,-3.98,-3.28,-3.99,INF,-1,1,7,0
6040,1,1,-35.413,-42.240,-3.31,-3.94,-3.30,-3.94,INF,-1,1,7,0
6060,1,1,-37.195,-41.960,-3.47,-3.91,-3.46,-3.92,INF,-1,1,7,0
6080,1,1,-36.382,-41.827,-3.40,-3.90,-3.39,-3.90,INF,-1,1,7,0
6100,1,1,-35.993,-41.263,-3.36,-3.84,-3.35,-3.85,INF,-1,1,7,0
6120,1,1,-37.017,-42.050,-3.46,-3.92,-3.45,-3.92,INF,-1,1,7,0
6140,1,1,-35.945,-41.972,-3.36,-3.91,-3.35,-3.92,INF,-1,1,7,0
6160,1,1,-33.688,-32.962,-3.15,-3.07,-3.14,-3.08,INF,-1,1,7,0
6180,1,1,-32.893,-32.101,-3.07,-2.99,-3.07,-3.00,INF,-1,1,7,0
6200,1,1,-32.056,-30.814,-2.99,-2.87,-2.99,-2.88,INF,-1,1,7,0
6220,1,1,-31.296,-31.622,-2.92,-2.95,-2.92,-2.95,INF,-1,1,7,0
6240,1,1,-31.923,-29.652,-2.98,-2.77,-2.98,-2.77,INF,-1,0,7,0
6260,1,1,-31.028,-29.641,-2.90,-2.76,-2.89,-2.77,INF,-1,0,7,0
6280,1,1,-31.533,-30.584,-2.94,-2.85,-2.94,-2.86,INF,-1,0,7,0
6300,1,1,-30.843,-30.573,-2.88,-2.85,-2.88,-2.86,INF,-1,0,7,0
6320,1,1,-31.789,-29.818,-2.97,-2.78,-2.97,-2.78,INF,-1,0,7,0
6340,1,1,-32.465,-29.958,-3.03,-2.79,-3.03,-2.80,INF,-1,0,7,0
6360,1,1,-33.074,-27.379,-3.09,-2.55,-3.09,-2.56,INF,-1,0,7,0
6380,1,1,-44.114,0.676,-4.12,0.06,-4.12,0.06,INF,-1,0,7,0
6400,1,1,-44.650,4.769,-4.17,0.44,-4.17,0.45,INF,-1,0,7,0
6420,1,1,-47.200,5.000,-4.40,0.47,-4.40,0.47,INF,-1,0,7,0
6440,1,1,-47.462,4.847,-4.43,0.45,-4.43,0.45,INF,-1,0,7,0
6460,1,1,-48.768,5.425,-4.55,0.51,-4.55,0.51,INF,-1,0,7,0
6480,1,1,-48.777,5.909,-4.55,0.55,-4.55,0.55,INF,-1,0,7,0
6500,1,1,-49.797,6.118,-4.64,0.57,-4.64,0.57,INF,-1,0,7,0
6520,1,1,-46.486,4.259,-4.34,0.40,-4.34,0.40,INF,-1,0,7,0
6540,1,1,-50.035,3.701,-4.67,0.34,-4.67,0.35,INF,-1,0,7,0
6560,1,1,-47.374,4.767,-4.42,0.44,-4.42,0.45,INF,-1,0,7,0
6580,1,1,-48.116,4.687,-4.49,0.44,-4.49,0.44,INF,-1,0,7,0
6600,1,1,-48.882,3.623,-4.56,0.34,-4.56,0.34,INF,-1,0,7,0
6620,1,1,-48.901,4.475,-4.56,0.42,-4.56,0.42,INF,-1,0,7,0
6640,1,1,-48.617,6.029,-4.53,0.56,-4.53,0.56,INF,-1,0,7,0
6660,1,1,-51.937,9.885,-4.84,0.92,-4.84,0.92,INF,-1,1,7,0
6680,1,1,-53.145,12.891,-4.95,1.20,-4.95,1.20,INF,-1,1,7,0
6700,1,1,-55.393,12.540,-5.16,1.17,-5.16,1.17,INF,-1,1,7,0
6720,1,1,-54.794,12.932,-5.11,1.20,-5.11,1.21,INF,-1,1,7,0
6740,1,1,-53.850,12.765,-5.02,1.19,-5.02,1.19,INF,-1,1,7,0
6760,1,1,-54.556,11.629,-5.09,1.08,-5.08,1.09,INF,-1,1,7,0
6780,1,1,-54.362,12.933,-5.07,1.20,-5.07,1.21,INF,-1,1,7,0
6800,1,1,-54.783,12.262,-5.11,1.14,-5.11,1.15,INF,-1,1,7,0
6820,1,1,-56.795,11.496,-5.29,1.07,-5.29,1.07,INF,-1,1,7,0
6840,1,1,-0.860,4.214,-0.08,0.39,-0.08,0.39,INF,-1,1,7,0
6860,1,1,0.284,-0.143,0.03,-0.01,0.03,-0.01,INF,-1,0,7,0
6880,1,1,0.295,0.352,0.03,0.03,0.03,0.03,INF,-1,0,7,0
6900,1,1,0.317,-0.171,0.03,-0.02,0.03,-0.02,INF,-1,0,7,0
6920,1,1,0.470,-0.987,0.04,-0.09,0.04,-0.09,INF,-1,0,7,0
6940,1,1,0.110,-0.312,0.01,-0.03,0.01,-0.03,INF,-1,0,7,0
6960,1,1,-0.123,-0.974,-0.01,-0.09,-0.01,-0.09,INF,-1,0,7,0
6980,1,1,-0.286,-1.827,-0.03,-0.17,-0.03,-0.17,INF,-1,0,7,0
7000,1,1,-1.016,-0.470,-0.10,-0.04,-0.10,-0.04,INF,-1,0,7,0
7020,1,1,-0.670,-1.282,-0.06,-0.12,-0.06,-0.12,INF,-1,0,7,0
7040,1,1,-0.505,-1.391,-0.05,-0.13,-0.05,-0.13,INF,-1,0,7,0
7060,1,1,-0.301,-0.754,-0.03,-0.07,-0.03,-0.07,INF,-1,0,7,0
7080,1,1,16.462,-1.693,1.54,-0.16,1.54,-0.16,INF,-1,0,7,0
7100,1,1,16.173,-1.193,1.51,-0.11,1.51,-0.11,INF,-1,0,7,0
7120,1,1,17.771,-2.343,1.66,-0.22,1.66,-0.22,INF,-1,0,7,0
7140,1,1,16.675,-0.652,1.56,-0.06,1.56,-0.06,INF,-1,0,7,0
7160,1,1,17.592,-1.841,1.64,-0.17,1.64,-0.17,INF,-1,0,7,0
7180,1,1,16.896,-2.057,1.58,-0.19,1.58,-0.19,INF,-1,0,7,0
7200,1,1,17.508,-2.924,1.64,-0.27,1.64,-0.27,INF,-1,1,7,0
7220,1,1,17.402,-3.145,1.63,-0.29,1.63,-0.29,INF,-1,1,7,0
7240,1,1,17.817,-2.610,1.66,-0.24,1.66,-0.24,INF,-1,1,7,0
7260,1,1,16.019,-2.644,1.50,-0.25,1.50,-0.25,INF,-1,1,7,0
7280,1,1,23.759,-2.355,2.22,-0.22,2.22,-0.22,INF,-1,1,7,0
7300,1,1,23.561,-4.133,2.20,-0.39,2.20,-0.39,INF,-1,1,7,0
7320,1,1,22.952,-4.570,2.14,-0.43,2.14,-0.43,INF,-1,0,7,0
7340,1,1,23.256,-6.598,2.17,-0.62,2.17,-0.62,INF,-1,0,7,0
7360,1,1,22.894,-5.608,2.14,-0.52,2.14,-0.52,INF,-1,0,7,0
7380,1,1,22.270,-5.263,2.08,-0.49,2.08,-0.49,INF,-1,0,7,0
7400,1,1,21.296,-5.929,1.99,-0.55,1.99,-0.55,INF,-1,0,7,0
7420,1,1,21.762,-5.253,2.03,-0.49,2.03,-0.49,INF,-1,0,7,0
7440,1,1,22.299,-4.723,2.08,-0.44,2.08,-0.44,INF,-1,0,7,0
7460,1,1,20.865,-5.524,1.95,-0.52,1.95,-0.52,INF,-1,0,7,0
7480,1,1,20.880,-5.006,1.95,-0.47,1.95,-0.47,INF,-1,0,7,0
7500,1,1,22.165,-5.274,2.07,-0.49,2.07,-0.49,INF,-1,0,7,0
7520,1,1,22.443,-4.913,2.10,-0.46,2.10,-0.46,INF,-1,0,7,0
7540,1,1,22.334,-5.448,2.09,-0.51,2.09,-0.51,INF,-1,0,7,0
7560,1,1,21.950,-5.710,2.05,-0.53,2.05,-0.53,INF,-1,1,7,0
7580,1,1,20.087,-1.524,1.88,-0.14,1.88,-0.14,INF,-1,1,7,0
7600,1,1,20.377,-2.865,1.90,-0.27,1.90,-0.27,INF,-1,1,7,0
7620,1,1,21.201,-2.038,1.98,-0.19,1.98,-0.19,INF,-1,1,7,0
7640,1,1,20.519,-2.355,1.92,-0.22,1.92,-0.22,INF,-1,1,7,0
7660,1,1,21.969,-1.955,2.05,-0.18,2.05,-0.18,INF,-1,1,7,0
7680,1,1,19.870,-1.684,1.86,-0.16,1.86,-0.16,INF,-1,1,7,0
7700,1,1,21.709,-1.680,2.03,-0.16,2.03,-0.16,INF,-1,1,7,0
7720,1,1,21.987,-2.900,2.05,-0.27,2.05,-0.27,INF,-1,1,7,0
7740,1,1,21.363,-1.879,2.00,-0.18,2.00,-0.18,INF,-1,1,7,0
7760,1,1,20.235,-3.473,1.89,-0.32,1.89,-0.32,INF,-1,1,7,0
7780,1,1,19.955,-2.214,1.86,-0.21,1.86,-0.21,INF,-1,1,7,0
7800,1,1,19.796,-2.148,1.85,-0.20,1.85,-0.20,INF,-1,1,7,0
7820,1,1,19.879,-2.293,1.86,-0.21,1.86,-0.21,INF,-1,1,7,0
7840,1,1,20.111,-1.998,1.88,-0.19,1.88,-0.19,INF,-1,1,7,0
7860,1,1,19.635,-2.214,1.83,-0.21,1.83,-0.21,INF,-1,1,7,0
7880,1,1,19.355,-1.791,1.81,-0.17,1.81,-0.17,INF,-1,1,7,0
7900,1,1,20.481,-2.987,1.91,-0.28,1.91,-0.28,INF,-1,1,7,0
7920,1,1,21.279,-2.282,1.99,-0.21,1.99,-0.21,INF,-1,1,7,0
7940,1,1,20.829,-1.472,1.95,-0.14,1.95,-0.14,INF,-1,1,7,0
7960,1,1,27.425,-2.423,2.56,-0.23,2.56,-0.23,INF,-1,1,7,0
7980,1,1,23.537,-1.394,2.20,-0.13,2.20,-0.13,INF,-1,1,7,0
8000,1,1,24.323,-3.108,2.27,-0.29,2.27,-0.29,INF,-1,1,7,0
8020,1,1,24.985,-0.156,2.33,-0.01,2.33,-0.01,INF,-1,1,7,0
8040,1,1,23.788,-0.136,2.22,-0.01,2.22,-0.01,INF,-1,1,7,0
8060,1,1,23.719,0.404,2.22,0.04,2.22,0.04,INF,-1,1,7,0
8080,1,1,25.503,0.623,2.38,0.06,2.38,0.06,INF,-1,1,7,0
8100,1,1,24.598,-0.171,2.30,-0.02,2.30,-0.02,INF,-1,1,7,0
8120,1,1,25.024,-0.542,2.34,-0.05,2.34,-0.05,INF,-1,1,7,0
8140,1,1,24.827,-0.263,2.32,-0.02,2.32,-0.02,INF,-1,1,7,0
8160,1,1,24.306,-1.304,2.27,-0.12,2.27,-0.12,INF,-1,1,7,0
8180,1,1,24.412,-2.157,2.28,-0.20,2.28,-0.20,INF,-1,1,7,0
8200,1,1,5.431,-0.759,0.51,-0.07,0.51,-0.07,INF,-1,1,7,0
8220,1,1,1.999,-0.880,0.19,-0.08,0.19,-0.08,INF,-1,1,7,0
8240,1,1,1.010,-0.715,0.09,-0.07,0.09,-0.07,INF,-1,0,7,0
8260,1,1,1.669,-1.528,0.16,-0.14,0.16,-0.14,INF,-1,0,7,0
8280,1,1,0.709,-0.408,0.07,-0.04,0.07,-0.04,INF,-1,0,7,0
8300,1,1,2.044,-2.498,0.19,-0.23,0.19,-0.23,INF,-1,0,7,0
8320,1,1,0.748,-2.028,0.07,-0.19,0.07,-0.19,INF,-1,0,7,0
8340,1,1,0.690,-3.250,0.06,-0.30,0.06,-0.30,INF,-1,0,7,0
8360,1,1,0.943,-2.096,0.09,-0.20,0.09,-0.20,INF,-1,0,7,0
8380,1,1,1.213,-2.882,0.11,-0.27,0.11,-0.27,INF,-1,0,7,0
8400,1,1,1.749,-1.794,0.16,-0.17,0.16,-0.17,INF,-1,0,7,0
8420,1,1,-2.526,-2.089,-0.24,-0.20,-0.24,-0.20,INF,-1,0,7,0
8440,1,1,-11.730,-1.151,-1.10,-0.11,-1.10,-0.11,INF,-1,0,7,0
8460,1,1,-10.793,-1.712,-1.01,-0.16,-1.01,-0.16,INF,-1,0,7,0
8480,1,1,-11.969,-1.577,-1.12,-0.15,-1.12,-0.15,INF,-1,1,7,0
8500,1,1,-12.371,-1.684,-1.16,-0.16,-1.16,-0.16,INF,-1,1,7,0
8520,1,1,-12.810,-3.143,-1.20,-0.29,-1.20,-0.29,INF,-1,0,7,0
8540,1,1,-11.168,-3.619,-1.04,-0.34,-1.04,-0.34,INF,-1,0,7,0
8560,1,1,-11.321,-2.176,-1.06,-0.20,-1.06,-0.20,INF,-1,0,7,0
8580,1,1,-9.668,-1.946,-0.90,-0.18,-0.90,-0.18,INF,-1,0,7,0
8600,1,1,-9.936,-2.417,-0.93,-0.23,-0.93,-0.23,INF,-1,0,7,0
8620,1,1,-12.082,-1.706,-1.13,-0.16,-1.13,-0.16,INF,-1,0,7,0
8640,1,1,-11.541,-2.387,-1.08,-0.22,-1.08,-0.22,INF,-1,0,7,0
8660,1,1,-10.923,-2.906,-1.02,-0.27,-1.02,-0.27,INF,-1,0,7,0
8680,1,1,-11.433,-2.678,-1.07,-0.25,-1.07,-0.25,INF,-1,0,7,0
8700,1,1,-10.036,-2.404,-0.94,-0.22,-0.94,-0.22,INF,-1,0,7,0
8720,1,1,-9.544,-3.350,-0.89,-0.31,-0.89,-0.31,INF,-1,0,7,0
8740,1,1,-8.995,-3.353,-0.84,-0.31,-0.84,-0.31,INF,-1,0,7,0
8760,1,1,-10.414,-1.840,-0.97,-0.17,-0.97,-0.17,INF,-1,1,7,0
8780,1,1,20.393,-2.413,1.91,-0.23,1.91,-0.23,INF,-1,1,7,0
8800,1,1,20.761,-2.385,1.94,-0.22,1.94,-0.22,INF,-1,1,7,0
8820,1,1,19.449,-3.453,1.82,-0.32,1.82,-0.32,INF,-1,0,7,0
8840,1,1,18.632,-2.912,1.74,-0.27,1.74,-0.27,INF,-1,0,7,0
8860,1,1,19.504,-2.444,1.82,-0.23,1.82,-0.23,INF,-1,0,7,0
8880,1,1,18.661,-2.831,1.74,-0.26,1.74,-0.26,INF,-1,0,7,0
8900,1,1,18.027,-2.993,1.68,-0.28,1.68,-0.28,INF,-1,0,7,0
8920,1,1,17.445,-1.363,1.63,-0.13,1.63,-0.13,INF,-1,0,7,0
8940,1,1,17.815,-2.538,1.66,-0.24,1.66,-0.24,INF,-1,0,7,0
8960,1,1,17.384,-2.842,1.62,-0.27,1.62,-0.27,INF,-1,0,7,0
8980,1,1,17.092,-2.348,1.60,-0.22,1.60,-0.22,INF,-1,0,7,0
9000,1,1,17.137,-3.639,1.60,-0.34,1.60,-0.34,INF,-1,0,7,0
9020,1,1,16.764,-3.736,1.57,-0.35,1.57,-0.35,INF,-1,0,7,0
9040,1,1,17.849,-2.541,1.67,-0.24,1.67,-0.24,INF,-1,0,7,0
9060,1,1,17.382,-2.843,1.62,-0.27,1.62,-0.27,INF,-1,1,7,0
9080,1,1,19.021,-3.037,1.78,-0.28,1.78,-0.28,INF,-1,1,7,0
9100,1,1,26.069,-5.037,2.44,-0.47,2.44,-0.47,INF,-1,1,7,0
9120,1,1,26.070,-4.782,2.44,-0.45,2.44,-0.45,INF,-1,1,7,0
9140,1,1,25.562,-5.522,2.39,-0.52,2.39,-0.52,INF,-1,1,7,0
9160,1,1,26.296,-5.112,2.46,-0.48,2.46,-0.48,INF,-1,1,7,0
9180,1,1,25.968,-5.027,2.43,-0.47,2.43,-0.47,INF,-1,1,7,0
9200,1,1,26.835,-4.504,2.51,-0.42,2.51,-0.42,INF,-1,1,7,0
9220,1,1,26.303,-6.599,2.46,-0.62,2.46,-0.62,INF,-1,1,7,0
9240,1,1,26.373,-6.012,2.46,-0.56,2.46,-0.56,INF,-1,1,7,0
9260,1,1,27.742,-6.319,2.59,-0.59,2.59,-0.59,INF,-1,1,7,0
9280,1,1,-12.138,-1.422,-1.13,-0.13,-1.13,-0.13,INF,-1,1,7,0
9300,1,1,-13.476,-2.083,-1.26,-0.19,-1.26,-0.19,INF,-1,0,7,0
9320,1,1,-13.705,-2.078,-1.28,-0.19,-1.28,-0.19,INF,-1,0,7,0
9340,1,1,-13.578,-1.894,-1.27,-0.18,-1.27,-0.18,INF,-1,0,7,0
9360,1,1,-13.726,-3.624,-1.28,-0.34,-1.28,-0.34,INF,-1,0,7,0
9380,1,1,-12.986,-3.839,-1.21,-0.36,-1.21,-0.36,INF,-1,0,7,0
9400,1,1,-13.500,-1.133,-1.26,-0.11,-1.26,-0.11,INF,-1,0,7,0
9420,1,1,-14.688,-1.894,-1.37,-0.18,-1.37,-0.18,INF,-1,0,7,0
9440,1,1,-14.666,-1.848,-1.37,-0.17,-1.37,-0.17,INF,-1,0,7,0
9460,1,1,-13.949,-2.157,-1.30,-0.20,-1.30,-0.20,INF,-1,0,7,0
9480,1,1,-13.787,-2.584,-1.29,-0.24,-1.29,-0.24,INF,-1,0,7,0
9500,1,1,-12.867,-2.609,-1.20,-0.24,-1.20,-0.24,INF,-1,0,7,0
9520,1,1,-14.236,-1.447,-1.33,-0.14,-1.33,-0.14,INF,-1,0,7,0
9540,1,1,-13.729,-1.055,-1.28,-0.10,-1.28,-0.10,INF,-1,0,7,0
9560,1,1,-12.185,-2.071,-1.14,-0.19,-1.14,-0.19,INF,-1,1,7,0
9580,1,1,-14.948,-4.809,-1.40,-0.45,-1.40,-0.45,INF,-1,1,7,0
9600,1,1,19.926,-0.651,1.86,-0.06,1.86,-0.06,INF,-1,1,7,0
9620,1,1,20.073,-0.847,1.88,-0.08,1.88,-0.08,INF,-1,1,7,0
9640,1,1,19.533,0.390,1.83,0.04,1.83,0.04,INF,-1,0,7,0
9660,1,1,19.331,-1.752,1.81,-0.16,1.81,-0.16,INF,-1,0,7,0
9680,1,1,19.563,-1.030,1.83,-0.10,1.83,-0.10,INF,-1,0,7,0
9700,1,1,19.679,-0.449,1.84,-0.04,1.84,-0.04,INF,-1,0,7,0
9720,1,1,19.989,-0.465,1.87,-0.04,1.87,-0.04,INF,-1,0,7,0
9740,1,1,19.207,-0.219,1.79,-0.02,1.79,-0.02,INF,-1,0,7,0
9760,1,1,21.694,-0.457,2.03,-0.04,2.03,-0.04,INF,-1,0,7,0
9780,1,1,19.356,-1.822,1.81,-0.17,1.81,-0.17,INF,-1,0,7,0
9800,1,1,20.694,-2.467,1.93,-0.23,1.93,-0.23,INF,-1,0,7,0
9820,1,1,19.716,-1.154,1.84,-0.11,1.84,-0.11,INF,-1,0,7,0
9840,1,1,20.317,0.039,1.90,0.00,1.90,0.00,INF,-1,0,7,0
9860,1,1,20.099,-1.925,1.88,-0.18,1.88,-0.18,INF,-1,0,7,0
9880,1,1,18.808,-0.512,1.76,-0.05,1.76,-0.05,INF,-1,1,7,0
9900,1,1,19.846,-1.730,1.85,-0.16,1.85,-0.16,INF,-1,1,7,0
9920,1,1,19.375,-1.847,1.81,-0.17,1.81,-0.17,INF,-1,1,7,0
9940,1,1,18.827,-1.222,1.76,-0.11,1.76,-0.11,INF,-1,1,7,0
9960,1,1,20.127,-1.832,1.88,-0.17,1.88,-0.17,INF,-1,1,7,0
9980,1,1,21.095,-2.234,1.97,-0.21,1.97,-0.21,INF,-1,1,7,0
10000,1,1,20.000,-2.380,1.87,-0.22,1.87,-0.22,INF,-1,1,7,0
10020,1,1,-2.091,-2.518,-0.20,-0.24,-0.20,-0.24,INF,-1,1,7,0
10040,1,1,-17.931,-1.163,-1.68,-0.11,-1.68,-0.11,INF,-1,1,7,0
10060,1,1,-17.993,-1.239,-1.68,-0.12,-1.68,-0.12,INF,-1,0,7,0
10080,1,1,-18.156,-1.057,-1.70,-0.10,-1.70,-0.10,INF,-1,0,7,0
10100,1,1,-18.835,-0.549,-1.76,-0.05,-1.76,-0.05,INF,-1,0,7,0
10120,1,1,-17.538,-0.957,-1.64,-0.09,-1.64,-0.09,INF,-1,0,7,0
10140,1,1,-19.437,-0.514,-1.82,-0.05,-1.82,-0.05,INF,-1,0,7,0
10160,1,1,-18.787,0.153,-1.76,0.01,-1.76,0.01,INF,-1,0,7,0
10180,1,1,-18.152,-0.511,-1.70,-0.05,-1.70,-0.05,INF,-1,0,7,0
10200,1,1,-31.546,0.320,-2.95,0.03,-2.95,0.03,INF,-1,0,7,0
10220,1,1,-46.958,5.619,-4.38,0.52,-4.38,0.53,INF,-1,0,7,0
10240,1,1,-46.484,4.615,-4.34,0.43,-4.34,0.43,INF,-1,0,7,0
10260,1,1,-47.391,3.483,-4.42,0.32,-4.42,0.33,INF,-1,0,7,0
10280,1,1,-47.208,4.653,-4.40,0.43,-4.40,0.43,INF,-1,0,7,0
10300,1,1,-46.237,4.432,-4.31,0.41,-4.31,0.41,INF,-1,0,7,0
10320,1,1,-46.555,4.383,-4.34,0.41,-4.34,0.41,INF,-1,0,7,0
10340,1,1,-48.225,5.334,-4.50,0.50,-4.50,0.50,INF,-1,0,7,0
10360,1,1,-47.538,4.743,-4.43,0.44,-4.43,0.44,INF,-1,0,7,0
10380,1,1,-46.586,4.143,-4.35,0.39,-4.35,0.39,INF,-1,0,7,0
10400,1,1,-46.886,3.814,-4.37,0.36,-4.37,0.36,INF,-1,0,7,0
10420,1,1,-46.838,4.494,-4.37,0.42,-4.37,0.42,INF,-1,1,7,0
10440,1,1,-46.697,3.584,-4.36,0.33,-4.36,0.34,INF,-1,1,7,0
10460,1,1,-46.063,3.872,-4.30,0.36,-4.30,0.36,INF,-1,1,7,0
10480,1,1,-46.957,3.375,-4.38,0.31,-4.38,0.32,INF,-1,1,7,0
10500,1,1,-47.903,3.950,-4.47,0.37,-4.47,0.37,INF,-1,1,7,0
10520,1,1,-48.298,3.895,-4.50,0.36,-4.50,0.36,INF,-1,1,7,0
10540,1,1,-48.985,3.670,-4.57,0.34,-4.57,0.34,INF,-1,1,7,0
10560,1,1,-46.822,5.161,-4.37,0.48,-4.37,0.48,INF,-1,1,7,0
10580,1,1,-43.183,11.388,-4.03,1.06,-4.03,1.06,INF,-1,1,7,0
10600,1,1,-45.660,13.675,-4.26,1.27,-4.26,1.28,INF,-1,1,7,0
10620,1,1,-46.588,13.823,-4.35,1.29,-4.34,1.29,INF,-1,1,7,0
10640,1,1,-46.257,14.624,-4.32,1.36,-4.31,1.37,INF,-1,0,7,0
10660,1,1,-47.175,14.023,-4.40,1.31,-4.40,1.31,INF,-1,0,7,0
10680,1,1,-47.036,14.283,-4.39,1.33,-4.39,1.33,INF,-1,0,7,0
10700,1,1,-45.996,14.760,-4.29,1.38,-4.29,1.38,INF,-1,0,7,0
10720,1,1,-47.607,13.725,-4.44,1.28,-4.44,1.28,INF,-1,0,7,0
10740,1,1,-45.572,13.599,-4.25,1.27,-4.25,1.27,INF,-1,0,7,0
10760,1,1,-47.189,14.750,-4.40,1.37,-4.40,1.38,INF,-1,0,7,0
10780,1,1,-48.242,14.755,-4.50,1.37,-4.50,1.38,INF,-1,0,7,0
10800,1,1,-46.905,14.372,-4.38,1.34,-4.37,1.34,INF,-1,0,7,0
10820,1,1,-46.547,14.990,-4.34,1.40,-4.34,1.40,INF,-1,0,7,0
10840,1,1,-48.040,14.101,-4.48,1.31,-4.48,1.32,INF,-1,0,7,0
10860,1,1,-49.667,10.578,-4.63,0.99,-4.63,0.99,INF,-1,0,7,0
10880,1,1,-12.874,-0.427,-1.20,-0.04,-1.20,-0.04,INF,-1,1,7,0
10900,1,1,-14.312,-1.577,-1.34,-0.15,-1.34,-0.15,INF,-1,1,7,0
10920,1,1,-13.580,-0.174,-1.27,-0.02,-1.27,-0.02,INF,-1,0,7,0
10940,1,1,-14.777,-1.277,-1.38,-0.12,-1.38,-0.12,INF,-1,0,7,0
10960,1,1,-16.471,-1.259,-1.54,-0.12,-1.54,-0.12,INF,-1,0,7,0
10980,1,1,-15.985,-1.698,-1.49,-0.16,-1.49,-0.16,INF,-1,0,7,0
11000,1,1,-15.078,-0.298,-1.41,-0.03,-1.41,-0.03,INF,-1,0,7,0
11020,1,1,-16.443,-1.328,-1.54,-0.12,-1.54,-0.12,INF,-1,0,7,0
11040,1,1,-17.434,-0.225,-1.63,-0.02,-1.63,-0.02,INF,-1,0,7,0
11060,1,1,-15.451,-0.594,-1.44,-0.06,-1.44,-0.06,INF,-1,0,7,0
11080,1,1,-15.286,-0.526,-1.43,-0.05,-1.43,-0.05,INF,-1,0,7,0
11100,1,1,-16.170,-1.436,-1.51,-0.13,-1.51,-0.13,INF,-1,0,7,0
11120,1,1,-16.988,-0.792,-1.59,-0.07,-1.59,-0.07,INF,-1,0,7,0
11140,1,1,-16.540,-0.141,-1.55,-0.01,-1.55,-0.01,INF,-1,0,7,0
11160,1,1,-17.379,0.206,-1.62,0.02,-1.62,0.02,INF,-1,1,7,0
11180,1,1,-15.196,-0.204,-1.42,-0.02,-1.42,-0.02,INF,-1,1,7,0
11200,1,1,-12.858,-6.330,-1.20,-0.59,-1.20,-0.59,INF,-1,1,7,0
11220,0,1,0.000,0.000,0.00,0.00,0.00,0.00,0.00,-1,1,7,0
11240,0,1,0.000,0.000,0.00,0.00,0.00,0.00,0.00,-1,1,7,0
11260,0,1,0.000,0.000,0.00,0.00,0.00,0.00,0.00,-1,1,7,0
11280,0,1,0.000,0.000,0.00,0.00,0.00,0.00,0.00,-1,1,7,0
11300,0,1,0.000,0.000,0.00,0.00,0.00,0.00,0.00,-1,0,7,0
11320,0,1,0.000,0.000,0.00,0.00,0.00,0.00,0.00,-1,0,7,0
11340,0,1,0.000,0.000,0.00,0.00,0.00,0.00,0.00,-1,0,7,0
11360,0,1,0.000,0.000,0.00,0.00,0.00,0.00,0.00,-1,0,7,0
11380,0,1,0.000,0.000,0.00,0.00,0.00,0.00,0.00,-1,0,7,0
11400,0,1,0.000,0.000,0.00,0.00,0.00,0.00,0.00,-1,0,7,0
11420,0,1,0.000,0.000,0.00,0.00,0.00,0.00,0.00,-1,0,7,0
11440,1,1,197.250,-220.360,17.84,-18.89,16.85,-19.77,INF,-1,0,7,0
11460,0,1,0.000,0.000,0.00,0.00,0.00,0.00,0.00,-1,0,7,0
11480,0,1,0.000,0.000,0.00,0.00,0.00,0.00,0.00,-1,0,7,0
11500,0,1,0.000,0.000,0.00,0.00,0.00,0.00,0.00,-1,0,7,0
11520,1,1,-6.482,5.455,-0.61,0.51,-0.61,0.51,INF,-1,0,7,0
11540,1,1,-4.872,0.681,-0.46,0.06,-0.46,0.06,INF,-1,0,7,0
11560,1,1,-6.242,2.538,-0.58,0.24,-0.58,0.24,INF,-1,0,7,0
11580,1,1,-4.447,-2.787,-0.42,-0.26,-0.42,-0.26,INF,-1,0,7,0
11600,1,1,-4.704,-1.015,-0.44,-0.09,-0.44,-0.09,INF,-1,0,7,0
11620,1,1,22.652,-4.739,2.12,-0.44,2.12,-0.44,INF,-1,0,7,0
11640,1,1,21.763,-6.204,2.03,-0.58,2.03,-0.58,INF,-1,0,7,0
11660,1,1,22.778,-6.679,2.13,-0.62,2.13,-0.62,INF,-1,0,7,0
11680,1,1,20.589,-4.302,1.92,-0.40,1.92,-0.40,INF,-1,0,7,0
11700,1,1,20.798,-3.691,1.94,-0.34,1.94,-0.34,INF,-1,0,7,0
11720,1,1,21.771,-3.437,2.03,-0.32,2.03,-0.32,INF,-1,0,7,0
11740,1,1,21.007,-5.159,1.96,-0.48,1.96,-0.48,INF,-1,0,7,0
11760,1,1,21.122,-4.720,1.97,-0.44,1.97,-0.44,INF,-1,0,7,0
11780,1,1,21.873,-5.455,2.04,-0.51,2.04,-0.51,INF,-1,0,7,0
11800,1,1,19.955,-5.566,1.86,-0.52,1.86,-0.52,INF,-1,0,7,0
11820,1,1,21.444,-6.266,2.00,-0.59,2.00,-0.59,INF,-1,0,7,0
11840,1,1,20.801,-5.715,1.94,-0.53,1.94,-0.53,INF,-1,0,7,0
11860,1,1,20.093,-5.497,1.88,-0.51,1.88,-0.51,INF,-1,0,7,0
11880,1,1,20.338,-5.787,1.90,-0.54,1.90,-0.54,INF,-1,0,7,0
11900,1,1,19.906,-5.854,1.86,-0.55,1.86,-0.55,INF,-1,1,7,0
11920,1,1,20.907,-6.894,1.95,-0.64,1.95,-0.64,INF,-1,1,7,0
11940,1,1,19.105,-6.685,1.79,-0.62,1.79,-0.62,INF,-1,1,7,0
11960,1,1,18.858,-6.385,1.76,-0.60,1.76,-0.60,INF,-1,1,7,0
11980,1,1,19.176,-6.181,1.79,-0.58,1.79,-0.58,INF,-1,1,7,0
12000,1,1,22.837,-1.546,2.13,-0.14,2.13,-0.14,INF,-1,1,7,0
12020,1,1,21.937,0.010,2.05,0.00,2.05,0.00,INF,-1,1,7,0
12040,1,1,22.160,-0.369,2.07,-0.03,2.07,-0.03,INF,-1,1,7,0
12060,1,1,21.604,0.211,2.02,0.02,2.02,0.02,INF,-1,1,7,0
12080,1,1,22.530,0.867,2.10,0.08,2.10,0.08,INF,-1,1,7,0
12100,1,1,19.846,1.195,1.85,0.11,1.85,0.11,INF,-1,1,7,0
12120,1,1,20.484,0.614,1.91,0.06,1.91,0.06,INF,-1,1,7,0
12140,1,1,21.397,0.250,2.00,0.02,2.00,0.02,INF,-1,1,7,0
12160,1,1,21.752,-0.073,2.03,-0.01,2.03,-0.01,INF,-1,1,7,0
12180,1,1,20.614,-0.286,1.93,-0.03,1.93,-0.03,INF,-1,1,7,0
12200,1,1,22.350,0.731,2.09,0.07,2.09,0.07,INF,-1,1,7,0
12220,1,1,20.912,0.394,1.95,0.04,1.95,0.04,INF,-1,1,7,0
12240,1,1,21.869,-0.521,2.04,-0.05,2.04,-0.05,INF,-1,1,7,0
12260,1,1,21.542,0.481,2.01,0.04,2.01,0.04,INF,-1,1,7,0
12280,1,1,21.547,0.195,2.01,0.02,2.01,0.02,INF,-1,1,7,0
12300,1,1,-15.064,-3.763,-1.41,-0.35,-1.41,-0.35,INF,-1,1,7,0
12320,1,1,-15.180,-3.252,-1.42,-0.30,-1.42,-0.30,INF,-1,1,7,0
12340,1,1,-15.764,-5.236,-1.47,-0.49,-1.47,-0.49,INF,-1,0,7,0
12360,1,1,-14.611,-2.978,-1.37,-0.28,-1.37,-0.28,INF,-1,0,7,0
12380,1,1,-14.873,-4.814,-1.39,-0.45,-1.39,-0.45,INF,-1,0,7,0
12400,1,1,-15.596,-3.977,-1.46,-0.37,-1.46,-0.37,INF,-1,0,7,0
12420,1,1,-15.930,-4.354,-1.49,-0.41,-1.49,-0.41,INF,-1,0,7,0
12440,1,1,-16.187,-3.885,-1.51,-0.36,-1.51,-0.36,INF,-1,0,7,0
12460,1,1,-16.288,-5.358,-1.52,-0.50,-1.52,-0.50,INF,-1,0,7,0
12480,1,1,-15.818,-4.808,-1.48,-0.45,-1.48,-0.45,INF,-1,0,7,0
12500,1,1,-15.537,-4.493,-1.45,-0.42,-1.45,-0.42,INF,-1,0,7,0
12520,1,1,-15.442,-3.780,-1.44,-0.35,-1.44,-0.35,INF,-1,0,7,0
12540,1,1,-14.825,-5.239,-1.39,-0.49,-1.39,-0.49,INF,-1,0,7,0
12560,1,1,-15.685,-3.728,-1.47,-0.35,-1.47,-0.35,INF,-1,0,7,0
12580,1,1,-15.718,-3.784,-1.47,-0.35,-1.47,-0.35,INF,-1,1,7,0
12600,1,1,-16.748,-3.929,-1.57,-0.37,-1.57,-0.37,INF,-1,1,7,0
12620,1,1,-17.229,-5.482,-1.61,-0.51,-1.61,-0.51,INF,-1,1,7,0
12640,1,1,-16.846,-4.717,-1.57,-0.44,-1.57,-0.44,INF,-1,1,7,0
12660,1,1,-16.623,-4.048,-1.55,-0.38,-1.55,-0.38,INF,-1,1,7,0
12680,1,1,-16.361,-4.600,-1.53,-0.43,-1.53,-0.43,INF,-1,1,7,0
12700,1,1,-15.736,-4.459,-1.47,-0.42,-1.47,-0.42,INF,-1,1,7,0
12720,1,1,-15.183,-4.363,-1.42,-0.41,-1.42,-0.41,INF,-1,1,7,0
12740,1,1,-15.127,-3.803,-1.41,-0.36,-1.41,-0.36,INF,-1,1,7,0
12760,1,1,-16.236,-4.312,-1.52,-0.40,-1.52,-0.40,INF,-1,1,7,0
12780,1,1,-16.037,-3.857,-1.50,-0.36,-1.50,-0.36,INF,-1,1,7,0
12800,1,1,-15.414,-4.670,-1.44,-0.44,-1.44,-0.44,INF,-1,1,7,0
12820,1,1,-11.435,-5.525,-1.07,-0.52,-1.07,-0.52,INF,-1,1,7,0
12840,1,1,-5.418,-5.321,-0.51,-0.50,-0.51,-0.50,INF,-1,1,7,0
12860,1,1,-4.555,-4.915,-0.43,-0.46,-0.43,-0.46,INF,-1,1,7,0
12880,1,1,-4.558,-5.052,-0.43,-0.47,-0.43,-0.47,INF,-1,0,7,0
12900,1,1,-3.598,-5.883,-0.34,-0.55,-0.34,-0.55,INF,-1,0,7,0
12920,1,1,-3.800,-5.860,-0.36,-0.55,-0.36,-0.55,INF,-1,0,7,0
12940,1,1,-3.486,-5.776,-0.33,-0.54,-0.33,-0.54,INF,-1,0,7,0
12960,1,1,-4.834,-5.172,-0.45,-0.48,-0.45,-0.48,INF,-1,0,7,0
12980,1,1,-3.199,-6.188,-0.30,-0.58,-0.30,-0.58,INF,-1,0,7,0
13000,1,1,-3.892,-4.840,-0.36,-0.45,-0.36,-0.45,INF,-1,0,7,0
13020,1,1,-2.991,-5.418,-0.28,-0.51,-0.28,-0.51,INF,-1,0,7,0
13040,1,1,-4.158,-5.345,-0.39,-0.50,-0.39,-0.50,INF,-1,0,7,0
13060,1,1,-3.083,-4.685,-0.29,-0.44,-0.29,-0.44,INF,-1,0,7,0
13080,1,1,-2.858,-4.591,-0.27,-0.43,-0.27,-0.43,INF,-1,0,7,0
13100,1,1,-3.042,-5.377,-0.28,-0.50,-0.28,-0.50,INF,-1,0,7,0
13120,1,1,-3.540,-5.440,-0.33,-0.51,-0.33,-0.51,INF,-1,1,7,0
13140,1,1,-2.129,-6.372,-0.20,-0.60,-0.20,-0.60,INF,-1,1,7,0
13160,1,1,-1.570,-0.245,-0.15,-0.02,-0.15,-0.02,INF,-1,1,7,0
13180,1,1,-2.575,3.043,-0.24,0.28,-0.24,0.28,INF,-1,1,7,0
13200,1,1,-3.248,1.699,-0.30,0.16,-0.30,0.16,INF,-1,1,7,0
13220,1,1,-3.947,1.783,-0.37,0.17,-0.37,0.17,INF,-1,1,7,0
13240,1,1,-3.580,2.880,-0.33,0.27,-0.33,0.27,INF,-1,1,7,0
13260,1,1,-2.434,1.835,-0.23,0.17,-0.23,0.17,INF,-1,1,7,0
13280,1,1,-2.392,2.988,-0.22,0.28,-0.22,0.28,INF,-1,1,7,0
13300,1,1,-2.376,2.500,-0.22,0.23,-0.22,0.23,INF,-1,1,7,0
13320,1,1,-3.397,1.340,-0.32,0.13,-0.32,0.13,INF,-1,1,7,0
13340,1,1,-4.653,3.389,-0.43,0.32,-0.43,0.32,INF,-1,1,7,0
13360,1,1,-4.209,3.061,-0.39,0.29,-0.39,0.29,INF,-1,1,7,0
13380,1,1,-4.329,4.069,-0.40,0.38,-0.40,0.38,INF,-1,1,7,0
13400,1,1,-4.440,2.988,-0.41,0.28,-0.41,0.28,INF,-1,1,7,0
13420,1,1,-3.471,2.895,-0.32,0.27,-0.32,0.27,INF,-1,1,7,0
13440,1,1,-4.027,2.824,-0.38,0.26,-0.38,0.26,INF,-1,1,7,0
13460,1,1,-3.370,3.133,-0.31,0.29,-0.31,0.29,INF,-1,1,7,0
13480,1,1,-4.204,3.800,-0.39,0.36,-0.39,0.36,INF,-1,1,7,0
13500,1,1,-3.982,2.623,-0.37,0.25,-0.37,0.25,INF,-1,1,7,0
13520,1,1,-5.020,2.174,-0.47,0.20,-0.47,0.20,INF,-1,1,7,0
13540,1,1,-3.203,3.153,-0.30,0.29,-0.30,0.29,INF,-1,1,7,0
13560,1,1,-4.105,2.771,-0.38,0.26,-0.38,0.26,INF,-1,1,7,0
13580,1,1,-3.666,4.108,-0.34,0.38,-0.34,0.38,INF,-1,1,7,0
13600,1,1,-3.443,3.388,-0.32,0.32,-0.32,0.32,INF,-1,1,7,0
13620,1,1,-1.778,3.947,-0.17,0.37,-0.17,0.37,INF,-1,1,7,0
13640,1,1,6.843,-1.001,0.64,-0.09,0.64,-0.09,INF,-1,1,7,0
13660,1,1,7.006,-2.284,0.65,-0.21,0.65,-0.21,INF,-1,1,7,0
13680,1,1,7.972,-2.209,0.75,-0.21,0.75,-0.21,INF,-1,0,7,0
13700,1,1,7.685,-2.715,0.72,-0.25,0.72,-0.25,INF,-1,0,7,0
13720,1,1,6.689,-2.553,0.63,-0.24,0.63,-0.24,INF,-1,0,7,0
13740,1,1,8.615,-1.678,0.81,-0.16,0.81,-0.16,INF,-1,0,7,0
13760,1,1,6.619,-1.901,0.62,-0.18,0.62,-0.18,INF,-1,0,7,0
13780,1,1,7.231,-1.329,0.68,-0.12,0.68,-0.12,INF,-1,0,7,0
13800,1,1,7.508,-1.663,0.70,-0.16,0.70,-0.16,INF,-1,0,7,0
13820,1,1,7.897,-1.537,0.74,-0.14,0.74,-0.14,INF,-1,0,7,0
13840,1,1,8.850,-2.661,0.83,-0.25,0.83,-0.25,INF,-1,0,7,0
13860,1,1,7.443,-2.863,0.70,-0.27,0.70,-0.27,INF,-1,0,7,0
13880,1,1,7.436,-2.369,0.70,-0.22,0.69,-0.22,INF,-1,0,7,0
13900,1,1,7.282,-3.780,0.68,-0.35,0.68,-0.35,INF,-1,0,7,0
13920,1,1,7.273,-3.316,0.68,-0.31,0.68,-0.31,INF,-1,1,7,0
13940,1,1,6.253,-2.505,0.58,-0.23,0.58,-0.23,INF,-1,1,7,0
13960,1,1,6.966,-2.964,0.65,-0.28,0.65,-0.28,INF,-1,1,7,0
13980,1,1,-3.807,-2.547,-0.36,-0.24,-0.36,-0.24,INF,-1,1,7,0
14000,1,1,-4.138,-2.832,-0.39,-0.26,-0.39,-0.26,INF,-1,1,7,0
14020,1,1,-4.159,-2.991,-0.39,-0.28,-0.39,-0.28,INF,-1,0,7,0
14040,1,1,-4.570,-3.017,-0.43,-0.28,-0.43,-0.28,INF,-1,0,7,0
14060,1,1,-4.763,-4.515,-0.45,-0.42,-0.45,-0.42,INF,-1,0,7,0
14080,1,1,-3.480,-4.013,-0.33,-0.38,-0.33,-0.38,INF,-1,0,7,0
14100,1,1,-4.522,-3.718,-0.42,-0.35,-0.42,-0.35,INF,-1,0,7,0
14120,1,1,-5.035,-3.123,-0.47,-0.29,-0.47,-0.29,INF,-1,0,7,0
14140,1,1,-5.127,-3.482,-0.48,-0.33,-0.48,-0.33,INF,-1,0,7,0
14160,1,1,-5.162,-2.996,-0.48,-0.28,-0.48,-0.28,INF,-1,0,7,0
14180,1,1,-5.396,-3.516,-0.50,-0.33,-0.50,-0.33,INF,-1,0,7,0
14200,1,1,-6.119,-2.720,-0.57,-0.25,-0.57,-0.25,INF,-1,0,7,0
14220,1,1,-4.641,-3.144,-0.43,-0.29,-0.43,-0.29,INF,-1,0,7,0
14240,1,1,-5.735,-1.749,-0.54,-0.16,-0.54,-0.16,INF,-1,0,7,0
14260,1,1,-6.389,-1.733,-0.60,-0.16,-0.60,-0.16,INF,-1,1,7,0
14280,1,1,-10.297,-4.419,-0.96,-0.41,-0.96,-0.41,INF,-1,1,7,0
14300,1,1,18.965,-1.024,1.77,-0.10,1.77,-0.10,INF,-1,1,7,0
14320,1,1,20.664,1.035,1.93,0.10,1.93,0.10,INF,-1,1,7,0
14340,1,1,19.007,1.245,1.78,0.12,1.78,0.12,INF,-1,0,7,0
14360,1,1,21.074,-1.442,1.97,-0.13,1.97,-0.13,INF,-1,0,7,0
14380,1,1,20.339,-1.375,1.90,-0.13,1.90,-0.13,INF,-1,0,7,0
14400,1,1,20.311,-1.106,1.90,-0.10,1.90,-0.10,INF,-1,0,7,0
14420,1,1,20.065,0.587,1.87,0.05,1.87,0.05,INF,-1,0,7,0
14440,1,1,20.050,-0.403,1.87,-0.04,1.87,-0.04,INF,-1,0,7,0
14460,1,1,19.666,-0.986,1.84,-0.09,1.84,-0.09,INF,-1,0,7,0
14480,1,1,20.539,-0.829,1.92,-0.08,1.92,-0.08,INF,-1,0,7,0
14500,1,1,20.092,-1.562,1.88,-0.15,1.88,-0.15,INF,-1,0,7,0
14520,1,1,18.935,-0.042,1.77,0.00,1.77,0.00,INF,-1,0,7,0
14540,1,1,19.165,-0.463,1.79,-0.04,1.79,-0.04,INF,-1,0,7,0
14560,1,1,18.591,-1.085,1.74,-0.10,1.74,-0.10,INF,-1,0,7,0
14580,1,1,20.034,-1.581,1.87,-0.15,1.87,-0.15,INF,-1,1,7,0
14600,1,1,25.113,-1.345,2.35,-0.13,2.35,-0.13,INF,-1,1,7,0
14620,1,1,25.191,-3.276,2.35,-0.31,2.35,-0.31,INF,-1,1,7,0
14640,1,1,26.321,-5.657,2.46,-0.53,2.46,-0.53,INF,-1,1,7,0
14660,1,1,24.380,-5.597,2.28,-0.52,2.28,-0.52,INF,-1,1,7,0
14680,1,1,24.183,-4.746,2.26,-0.44,2.26,-0.44,INF,-1,1,7,0
14700,1,1,24.540,-5.059,2.29,-0.47,2.29,-0.47,INF,-1,1,7,0
14720,1,1,24.518,-2.531,2.29,-0.24,2.29,-0.24,INF,-1,1,7,0
14740,1,1,26.332,-4.584,2.46,-0.43,2.46,-0.43,INF,-1,1,7,0
14760,1,1,26.185,-5.075,2.45,-0.47,2.45,-0.47,INF,-1,1,7,0
14780,1,1,24.991,-3.934,2.33,-0.37,2.33,-0.37,INF,-1,1,7,0
14800,1,1,25.643,-3.895,2.40,-0.36,2.40,-0.36,INF,-1,1,7,0
14820,1,1,25.782,-6.097,2.41,-0.57,2.41,-0.57,INF,-1,1,7,0
14840,1,1,25.889,-5.119,2.42,-0.48,2.42,-0.48,INF,-1,1,7,0
14860,1,1,7.202,-3.165,0.67,-0.30,0.67,-0.30,INF,-1,1,7,0
14880,1,1,-9.873,-5.007,-0.92,-0.47,-0.92,-0.47,INF,-1,1,7,0
14900,1,1,-10.197,-5.024,-0.95,-0.47,-0.95,-0.47,INF,-1,0,7,0
14920,1,1,-12.511,-4.762,-1.17,-0.45,-1.17,-0.45,INF,-1,0,7,0
14940,1,1,-12.012,-4.874,-1.12,-0.46,-1.12,-0.46,INF,-1,0,7,0
14960,1,1,-10.642,-5.073,-0.99,-0.47,-0.99,-0.47,INF,-1,0,7,0
14980,1,1,-10.812,-4.515,-1.01,-0.42,-1.01,-0.42,INF,-1,0,7,0
15000,1,1,-10.267,-6.789,-0.96,-0.63,-0.96,-0.63,INF,-1,0,7,0
