"EyeTracker Toolbox version","3.250"
CalibrationParameters_A11,1.20471
CalibrationParameters_A12,0.09291
CalibrationParameters_A13,0.01071
CalibrationParameters_A21,0.11355
CalibrationParameters_A22,-1.19151
CalibrationParameters_A23,-0.00508
CalibrationParameters_A31,-0.00071
CalibrationParameters_A32,-0.00099
CalibrationParameters_E11,-0.18004
CalibrationParameters_E12,-0.00011
CalibrationParameters_E21,-0.00001
CalibrationParameters_E22,0.19999
CalibrationParameters_X,-51.60242
CalibrationParameters_Y,-35.53206
CalibrationParameters_Rpc,74.97747
CalibrationParameters_MeanX,155.44225
CalibrationParameters_MeanY,149.10121
CalibrationParameters_ViewDist,613.00000
TimeStamp,Tracked,Calibrated,ScreenPositionXmm,ScreenPositionYmm,FicksLongitude,FicksLatitude,HelmholtzAzimuth,HelmholtzElevation,PupilDiameter,Region,Fixation,DigitalIO,Dropped
0,1,1,2.602,7.787,0.24,0.73,0.24,0.73,INF,-1,0,7,0
20,1,1,0.168,6.698,0.02,0.63,0.02,0.63,INF,-1,0,7,0
40,1,1,2.243,4.675,0.21,0.44,0.21,0.44,INF,-1,0,7,0
60,1,1,3.874,5.779,0.36,0.54,0.36,0.54,INF,-1,0,7,0
80,1,1,3.138,4.407,0.29,0.41,0.29,0.41,INF,-1,0,7,0
100,1,1,1.596,5.196,0.15,0.49,0.15,0.49,INF,-1,0,7,0
120,1,1,5.135,6.890,0.48,0.64,0.48,0.64,INF,-1,0,7,0
140,1,1,2.453,5.039,0.23,0.47,0.23,0.47,INF,-1,0,7,0
160,1,1,5.352,3.415,0.50,0.32,0.50,0.32,INF,-1,0,7,0
180,1,1,2.988,4.047,0.28,0.38,0.28,0.38,INF,-1,0,7,0
200,1,1,4.851,5.497,0.45,0.51,0.45,0.51,INF,-1,0,7,0
220,1,1,4.346,4.310,0.41,0.40,0.41,0.40,INF,-1,0,7,0
240,1,1,2.351,4.837,0.22,0.45,0.22,0.45,INF,-1,0,7,0
260,1,1,0.841,4.703,0.08,0.44,0.08,0.44,INF,-1,0,7,0
280,1,1,4.921,-4.709,0.46,-0.44,0.46,-0.44,INF,-1,1,7,0
300,1,1,-1.023,-0.909,-0.10,-0.08,-0.10,-0.08,INF,-1,1,7,0
320,1,1,4.827,-3.386,0.45,-0.32,0.45,-0.32,INF,-1,1,7,0
340,1,1,0.133,-0.897,0.01,-0.08,0.01,-0.08,INF,-1,1,7,0
360,1,1,-1.934,-1.526,-0.18,-0.14,-0.18,-0.14,INF,-1,1,7,0
380,1,1,1.347,0.129,0.13,0.01,0.13,0.01,INF,-1,1,7,0
400,1,1,-0.368,-1.875,-0.03,-0.18,-0.03,-0.18,INF,-1,1,7,0
420,1,1,-0.246,-0.709,-0.02,-0.07,-0.02,-0.07,INF,-1,1,7,0
440,1,1,-1.127,-1.683,-0.11,-0.16,-0.11,-0.16,INF,-1,1,7,0
460,1,1,-2.388,-1.494,-0.22,-0.14,-0.22,-0.14,INF,-1,1,7,0
480,1,1,3.151,-1.923,0.29,-0.18,0.29,-0.18,INF,-1,1,7,0
500,1,1,-1.811,-1.873,-0.17,-0.18,-0.17,-0.18,INF,-1,1,7,0
520,1,1,1.765,-0.823,0.16,-0.08,0.16,-0.08,INF,-1,1,7,0
540,1,1,5.820,-5.771,0.54,-0.54,0.54,-0.54,INF,-1,1,7,0
560,1,1,3.070,-4.956,0.29,-0.46,0.29,-0.46,INF,-1,1,7,0
580,1,1,1.473,-3.603,0.14,-0.34,0.14,-0.34,INF,-1,1,7,0
600,1,1,0.219,-4.039,0.02,-0.38,0.02,-0.38,INF,-1,1,7,0
620,1,1,1.895,-5.608,0.18,-0.52,0.18,-0.52,INF,-1,1,7,0
640,1,1,1.639,-5.250,0.15,-0.49,0.15,-0.49,INF,-1,1,7,0
660,1,1,1.814,-4.619,0.17,-0.43,0.17,-0.43,INF,-1,1,7,0
680,1,1,3.318,-3.876,0.31,-0.36,0.31,-0.36,INF,-1,1,7,0
700,1,1,4.128,-3.860,0.39,-0.36,0.39,-0.36,INF,-1,1,7,0
720,1,1,1.685,-3.645,0.16,-0.34,0.16,-0.34,INF,-1,1,7,0
740,1,1,1.140,-5.156,0.11,-0.48,0.11,-0.48,INF,-1,1,7,0
760,1,1,3.775,-6.288,0.35,-0.59,0.35,-0.59,INF,-1,1,7,0
780,1,1,2.881,-2.490,0.27,-0.23,0.27,-0.23,INF,-1,1,7,0
800,1,1,1.679,-3.070,0.16,-0.29,0.16,-0.29,INF,-1,1,7,0
820,1,1,3.891,-3.319,0.36,-0.31,0.36,-0.31,INF,-1,1,7,0
840,1,1,2.434,-1.410,0.23,-0.13,0.23,-0.13,INF,-1,1,7,0
860,1,1,3.558,-3.924,0.33,-0.37,0.33,-0.37,INF,-1,1,7,0
880,1,1,1.775,-1.742,0.17,-0.16,0.17,-0.16,INF,-1,1,7,0
900,1,1,0.085,-2.114,0.01,-0.20,0.01,-0.20,INF,-1,1,7,0
920,1,1,-8.755,-8.932,-0.82,-0.83,-0.82,-0.83,INF,-1,1,7,0
940,1,1,-34.864,-19.387,-3.26,-1.81,-3.25,-1.81,INF,-1,1,7,0
960,1,1,-31.899,-19.307,-2.98,-1.80,-2.98,-1.80,INF,-1,0,7,0
980,1,1,-35.179,-20.974,-3.28,-1.96,-3.28,-1.96,INF,-1,0,7,0
1000,1,1,-34.920,-17.697,-3.26,-1.65,-3.26,-1.65,INF,-1,0,7,0
1020,1,1,-32.886,-20.955,-3.07,-1.96,-3.07,-1.96,INF,-1,0,7,0
1040,1,1,-33.892,-20.453,-3.16,-1.91,-3.16,-1.91,INF,-1,0,7,0
1060,1,1,-32.118,-19.725,-3.00,-1.84,-3.00,-1.84,INF,-1,0,7,0
1080,1,1,-36.272,-20.334,-3.39,-1.90,-3.38,-1.90,INF,-1,0,7,0
1100,1,1,-35.166,-20.581,-3.28,-1.92,-3.28,-1.92,INF,-1,0,7,0
1120,1,1,-32.311,-20.557,-3.02,-1.92,-3.02,-1.92,INF,-1,0,7,0
1140,1,1,-32.651,-20.297,-3.05,-1.89,-3.05,-1.90,INF,-1,0,7,0
1160,1,1,-34.864,-18.801,-3.26,-1.75,-3.25,-1.76,INF,-1,0,7,0
1180,1,1,-26.378,-26.018,-2.46,-2.43,-2.46,-2.43,INF,-1,0,7,0
1200,1,1,-30.130,-26.611,-2.81,-2.48,-2.81,-2.49,INF,-1,0,7,0
1220,1,1,-32.037,-27.201,-2.99,-2.54,-2.99,-2.54,INF,-1,1,7,0
1240,1,1,-30.158,-26.738,-2.82,-2.49,-2.81,-2.50,INF,-1,1,7,0
1260,1,1,-27.785,-28.439,-2.60,-2.65,-2.59,-2.66,INF,-1,1,7,0
1280,1,1,-31.406,-27.599,-2.93,-2.57,-2.93,-2.58,INF,-1,1,7,0
1300,1,1,-28.534,-28.609,-2.67,-2.67,-2.66,-2.67,INF,-1,1,7,0
1320,1,1,-29.310,-30.043,-2.74,-2.80,-2.73,-2.81,INF,-1,1,7,0
1340,1,1,-26.401,-25.925,-2.47,-2.42,-2.46,-2.42,INF,-1,1,7,0
1360,1,1,-26.626,-27.879,-2.49,-2.60,-2.48,-2.60,INF,-1,1,7,0
1380,1,1,-27.615,-27.787,-2.58,-2.59,-2.58,-2.60,INF,-1,1,7,0
1400,1,1,-30.163,-26.202,-2.82,-2.44,-2.81,-2.45,INF,-1,1,7,0
1420,1,1,-26.886,-27.343,-2.51,-2.55,-2.51,-2.55,INF,-1,1,7,0
1440,1,1,-27.554,-29.944,-2.57,-2.79,-2.57,-2.80,INF,-1,1,7,0
1460,1,1,-30.379,-28.220,-2.84,-2.63,-2.83,-2.64,INF,-1,1,7,0
1480,1,1,-27.906,-30.315,-2.61,-2.83,-2.60,-2.83,INF,-1,1,7,0
1500,1,1,-28.170,-28.269,-2.63,-2.64,-2.63,-2.64,INF,-1,1,7,0
1520,1,1,-28.319,-27.377,-2.65,-2.55,-2.64,-2.56,INF,-1,1,7,0
1540,1,1,-29.293,-28.058,-2.74,-2.62,-2.73,-2.62,INF,-1,1,7,0
1560,1,1,-28.865,-28.165,-2.70,-2.63,-2.69,-2.63,INF,-1,1,7,0
1580,1,1,-28.885,-26.428,-2.70,-2.47,-2.70,-2.47,INF,-1,1,7,0
1600,1,1,-23.273,-29.813,-2.17,-2.78,-2.17,-2.78,INF,-1,1,7,0
1620,1,1,-26.680,-29.602,-2.49,-2.76,-2.49,-2.76,INF,-1,1,7,0
1640,1,1,-28.051,-29.327,-2.62,-2.74,-2.62,-2.74,INF,-1,1,7,0
1660,1,1,-27.396,-28.734,-2.56,-2.68,-2.56,-2.68,INF,-1,1,7,0
1680,1,1,-27.971,-28.380,-2.61,-2.65,-2.61,-2.65,INF,-1,1,7,0
1700,1,1,-26.923,-29.085,-2.51,-2.71,-2.51,-2.72,INF,-1,1,7,0
1720,1,1,-25.394,-29.579,-2.37,-2.76,-2.37,-2.76,INF,-1,1,7,0
1740,1,1,-28.892,-25.968,-2.70,-2.42,-2.70,-2.43,INF,-1,1,7,0
1760,1,1,-25.106,-28.461,-2.35,-2.66,-2.34,-2.66,INF,-1,1,7,0
1780,1,1,-30.288,-24.464,-2.83,-2.28,-2.83,-2.29,INF,-1,1,7,0
1800,1,1,-30.580,-24.913,-2.86,-2.32,-2.85,-2.33,INF,-1,1,7,0
1820,1,1,-27.558,-24.346,-2.57,-2.27,-2.57,-2.27,INF,-1,1,7,0
1840,1,1,-30.810,-24.714,-2.88,-2.31,-2.87,-2.31,INF,-1,1,7,0
1860,1,1,-29.506,-24.403,-2.76,-2.28,-2.75,-2.28,INF,-1,1,7,0
1880,1,1,-24.539,-25.274,-2.29,-2.36,-2.29,-2.36,INF,-1,1,7,0
1900,1,1,-27.938,-25.319,-2.61,-2.36,-2.61,-2.37,INF,-1,1,7,0
1920,1,1,-30.533,-23.593,-2.85,-2.20,-2.85,-2.20,INF,-1,1,7,0
1940,1,1,-29.107,-22.476,-2.72,-2.10,-2.72,-2.10,INF,-1,1,7,0
1960,1,1,-27.476,-25.998,-2.57,-2.43,-2.56,-2.43,INF,-1,1,7,0
1980,1,1,-32.335,-23.264,-3.02,-2.17,-3.02,-2.17,INF,-1,1,7,0
2000,1,1,-31.959,-25.136,-2.98,-2.34,-2.98,-2.35,INF,-1,1,7,0
2020,1,1,-32.827,-23.250,-3.07,-2.17,-3.06,-2.17,INF,-1,1,7,0
2040,1,1,-27.628,-25.805,-2.58,-2.41,-2.58,-2.41,INF,-1,1,7,0
2060,1,1,-29.642,-26.362,-2.77,-2.46,-2.77,-2.46,INF,-1,1,7,0
2080,1,1,-33.781,-22.532,-3.15,-2.10,-3.15,-2.11,INF,-1,1,7,0
2100,1,1,-32.008,-24.744,-2.99,-2.31,-2.99,-2.31,INF,-1,1,7,0
2120,1,1,-34.480,-26.211,-3.22,-2.44,-3.22,-2.45,INF,-1,1,7,0
2140,1,1,-30.871,-24.697,-2.88,-2.30,-2.88,-2.31,INF,-1,1,7,0
2160,1,1,-32.570,-24.437,-3.04,-2.28,-3.04,-2.28,INF,-1,1,7,0
2180,1,1,-32.793,-22.871,-3.06,-2.13,-3.06,-2.14,INF,-1,1,7,0
2200,1,1,-32.190,-23.906,-3.01,-2.23,-3.00,-2.23,INF,-1,1,7,0
2220,1,1,-35.174,-22.179,-3.28,-2.07,-3.28,-2.07,INF,-1,1,7,0
2240,1,1,-22.888,-23.650,-2.14,-2.21,-2.14,-2.21,INF,-1,1,7,0
2260,1,1,11.582,-7.319,1.08,-0.68,1.08,-0.68,INF,-1,1,7,0
2280,1,1,5.500,-7.304,0.51,-0.68,0.51,-0.68,INF,-1,0,7,0
2300,1,1,6.304,-6.490,0.59,-0.61,0.59,-0.61,INF,-1,0,7,0
2320,1,1,4.727,-6.592,0.44,-0.62,0.44,-0.62,INF,-1,0,7,0
2340,1,1,5.756,-7.862,0.54,-0.73,0.54,-0.73,INF,-1,0,7,0
2360,1,1,6.009,-6.873,0.56,-0.64,0.56,-0.64,INF,-1,0,7,0
2380,1,1,6.687,-5.774,0.63,-0.54,0.62,-0.54,INF,-1,0,7,0
2400,1,1,6.002,-6.906,0.56,-0.65,0.56,-0.65,INF,-1,0,7,0
2420,1,1,5.934,-7.095,0.55,-0.66,0.55,-0.66,INF,-1,0,7,0
2440,1,1,4.965,-6.751,0.46,-0.63,0.46,-0.63,INF,-1,0,7,0
2460,1,1,5.770,-7.385,0.54,-0.69,0.54,-0.69,INF,-1,0,7,0
2480,1,1,5.055,-7.406,0.47,-0.69,0.47,-0.69,INF,-1,0,7,0
2500,1,1,4.308,-7.017,0.40,-0.66,0.40,-0.66,INF,-1,0,7,0
2520,1,1,10.069,-1.789,0.94,-0.17,0.94,-0.17,INF,-1,0,7,0
2540,1,1,18.100,-0.690,1.69,-0.06,1.69,-0.06,INF,-1,1,7,0
2560,1,1,13.543,-1.741,1.27,-0.16,1.27,-0.16,INF,-1,1,7,0
2580,1,1,13.715,-2.243,1.28,-0.21,1.28,-0.21,INF,-1,1,7,0
2600,1,1,12.501,-1.225,1.17,-0.11,1.17,-0.11,INF,-1,1,7,0
2620,1,1,12.807,-1.235,1.20,-0.12,1.20,-0.12,INF,-1,1,7,0
2640,1,1,12.582,-0.769,1.18,-0.07,1.18,-0.07,INF,-1,1,7,0
2660,1,1,16.128,-2.621,1.51,-0.24,1.51,-0.24,INF,-1,1,7,0
2680,1,1,31.578,4.133,2.95,0.39,2.95,0.39,INF,-1,1,7,0
2700,1,1,38.469,8.210,3.59,0.77,3.59,0.77,INF,-1,1,7,0
2720,1,1,45.598,6.726,4.25,0.63,4.25,0.63,INF,-1,0,7,0
2740,1,1,46.369,6.660,4.33,0.62,4.33,0.62,INF,-1,0,7,0
2760,1,1,41.274,8.678,3.85,0.81,3.85,0.81,INF,-1,0,7,0
2780,1,1,44.843,5.788,4.18,0.54,4.18,0.54,INF,-1,0,7,0
2800,1,1,42.136,6.127,3.93,0.57,3.93,0.57,INF,-1,0,7,0
2820,1,1,43.015,5.355,4.01,0.50,4.01,0.50,INF,-1,0,7,0
2840,1,1,43.454,7.068,4.05,0.66,4.05,0.66,INF,-1,0,7,0
2860,1,1,43.422,4.585,4.05,0.43,4.05,0.43,INF,-1,0,7,0
2880,1,1,44.743,3.726,4.17,0.35,4.17,0.35,INF,-1,0,7,0
2900,1,1,42.724,4.914,3.99,0.46,3.99,0.46,INF,-1,0,7,0
2920,1,1,44.437,4.950,4.15,0.46,4.15,0.46,INF,-1,0,7,0
2940,1,1,41.195,5.961,3.84,0.56,3.84,0.56,INF,-1,0,7,0
2960,1,1,42.880,2.790,4.00,0.26,4.00,0.26,INF,-1,0,7,0
2980,1,1,44.646,4.914,4.17,0.46,4.17,0.46,INF,-1,1,7,0
3000,1,1,43.862,9.229,4.09,0.86,4.09,0.86,INF,-1,1,7,0
3020,1,1,44.039,9.519,4.11,0.89,4.11,0.89,INF,-1,1,7,0
3040,1,1,43.627,8.957,4.07,0.84,4.07,0.84,INF,-1,1,7,0
3060,1,1,42.889,10.728,4.00,1.00,4.00,1.00,INF,-1,1,7,0
3080,1,1,44.905,6.962,4.19,0.65,4.19,0.65,INF,-1,1,7,0
3100,1,1,45.157,10.655,4.21,0.99,4.21,1.00,INF,-1,1,7,0
3120,1,1,44.315,7.791,4.13,0.73,4.13,0.73,INF,-1,1,7,0
3140,1,1,45.576,9.489,4.25,0.88,4.25,0.89,INF,-1,1,7,0
3160,1,1,43.795,8.719,4.09,0.81,4.09,0.81,INF,-1,1,7,0
3180,1,1,42.770,9.418,3.99,0.88,3.99,0.88,INF,-1,1,7,0
3200,1,1,43.502,9.690,4.06,0.90,4.06,0.91,INF,-1,1,7,0
3220,1,1,43.848,7.744,4.09,0.72,4.09,0.72,INF,-1,1,7,0
3240,1,1,44.778,8.198,4.18,0.76,4.18,0.77,INF,-1,1,7,0
3260,1,1,43.835,9.172,4.09,0.86,4.09,0.86,INF,-1,1,7,0
3280,1,1,42.860,7.567,4.00,0.71,4.00,0.71,INF,-1,1,7,0
3300,1,1,42.409,8.336,3.96,0.78,3.96,0.78,INF,-1,1,7,0
3320,1,1,42.978,7.162,4.01,0.67,4.01,0.67,INF,-1,1,7,0
3340,1,1,46.263,11.867,4.32,1.11,4.32,1.11,INF,-1,1,7,0
3360,1,1,43.434,13.126,4.05,1.22,4.05,1.23,INF,-1,1,7,0
3380,1,1,43.153,12.577,4.03,1.17,4.03,1.18,INF,-1,1,7,0
3400,1,1,44.323,10.962,4.14,1.02,4.13,1.02,INF,-1,1,7,0
3420,1,1,43.708,12.568,4.08,1.17,4.08,1.17,INF,-1,1,7,0
3440,1,1,44.599,12.503,4.16,1.17,4.16,1.17,INF,-1,1,7,0
3460,1,1,42.024,12.357,3.92,1.15,3.92,1.15,INF,-1,1,7,0
3480,1,1,40.983,14.397,3.82,1.34,3.82,1.35,INF,-1,1,7,0
3500,1,1,41.168,14.466,3.84,1.35,3.84,1.35,INF,-1,1,7,0
3520,1,1,43.213,12.898,4.03,1.20,4.03,1.21,INF,-1,1,7,0
3540,1,1,41.283,12.114,3.85,1.13,3.85,1.13,INF,-1,1,7,0
3560,1,1,43.537,11.744,4.06,1.09,4.06,1.10,INF,-1,1,7,0
3580,1,1,43.733,10.797,4.08,1.01,4.08,1.01,INF,-1,1,7,0
3600,1,1,41.122,12.691,3.84,1.18,3.84,1.19,INF,-1,1,7,0
3620,1,1,42.215,12.001,3.94,1.12,3.94,1.12,INF,-1,1,7,0
3640,1,1,43.300,12.814,4.04,1.19,4.04,1.20,INF,-1,1,7,0
3660,1,1,42.992,12.879,4.01,1.20,4.01,1.20,INF,-1,1,7,0
3680,1,1,43.012,13.190,4.01,1.23,4.01,1.23,INF,-1,1,7,0
3700,1,1,41.780,13.109,3.90,1.22,3.90,1.23,INF,-1,1,7,0
3720,1,1,40.462,13.471,3.78,1.26,3.78,1.26,INF,-1,1,7,0
3740,1,1,42.889,13.631,4.00,1.27,4.00,1.27,INF,-1,1,7,0
3760,1,1,42.905,13.313,4.00,1.24,4.00,1.24,INF,-1,1,7,0
3780,1,1,42.970,12.671,4.01,1.18,4.01,1.18,INF,-1,1,7,0
3800,1,1,39.131,11.297,3.65,1.05,3.65,1.06,INF,-1,1,7,0
3820,1,1,42.238,10.652,3.94,0.99,3.94,1.00,INF,-1,1,7,0
3840,1,1,42.864,11.990,4.00,1.12,4.00,1.12,INF,-1,1,7,0
3860,1,1,38.269,12.437,3.57,1.16,3.57,1.16,INF,-1,1,7,0
3880,1,1,39.333,12.903,3.67,1.20,3.67,1.21,INF,-1,1,7,0
3900,1,1,40.231,13.789,3.75,1.29,3.75,1.29,INF,-1,1,7,0
3920,1,1,40.212,12.070,3.75,1.13,3.75,1.13,INF,-1,1,7,0
3940,1,1,40.916,13.703,3.82,1.28,3.82,1.28,INF,-1,1,7,0
3960,1,1,41.538,15.044,3.88,1.40,3.88,1.41,INF,-1,1,7,0
3980,1,1,41.620,12.079,3.88,1.13,3.88,1.13,INF,-1,1,7,0
4000,1,1,41.122,13.201,3.84,1.23,3.84,1.23,INF,-1,1,7,0
4020,1,1,39.383,12.849,3.68,1.20,3.68,1.20,INF,-1,1,7,0
4040,1,1,39.817,13.992,3.72,1.30,3.72,1.31,INF,-1,1,7,0
4060,1,1,42.079,14.491,3.93,1.35,3.93,1.35,INF,-1,1,7,0
4080,1,1,40.904,11.883,3.82,1.11,3.82,1.11,INF,-1,1,7,0
4100,1,1,39.016,12.021,3.64,1.12,3.64,1.12,INF,-1,1,7,0
4120,1,1,40.237,13.047,3.76,1.22,3.75,1.22,INF,-1,1,7,0
4140,1,1,41.079,13.878,3.83,1.29,3.83,1.30,INF,-1,1,7,0
4160,1,1,37.990,14.134,3.55,1.32,3.55,1.32,INF,-1,1,7,0
4180,1,1,38.341,12.632,3.58,1.18,3.58,1.18,INF,-1,1,7,0
4200,1,1,40.118,11.891,3.74,1.11,3.74,1.11,INF,-1,1,7,0
4220,1,1,38.205,12.306,3.57,1.15,3.57,1.15,INF,-1,1,7,0
4240,1,1,39.670,12.547,3.70,1.17,3.70,1.17,INF,-1,1,7,0
4260,1,1,41.440,11.892,3.87,1.11,3.87,1.11,INF,-1,1,7,0
4280,1,1,39.728,11.555,3.71,1.08,3.71,1.08,INF,-1,1,7,0
4300,1,1,37.293,12.190,3.48,1.14,3.48,1.14,INF,-1,1,7,0
4320,1,1,39.564,12.964,3.69,1.21,3.69,1.21,INF,-1,1,7,0
4340,1,1,42.726,11.525,3.99,1.07,3.99,1.08,INF,-1,1,7,0
4360,1,1,39.049,12.422,3.64,1.16,3.64,1.16,INF,-1,1,7,0
4380,1,1,38.973,13.231,3.64,1.23,3.64,1.24,INF,-1,1,7,0
4400,1,1,39.392,11.548,3.68,1.08,3.68,1.08,INF,-1,1,7,0
4420,1,1,38.403,8.634,3.58,0.81,3.58,0.81,INF,-1,1,7,0
4440,1,1,42.461,9.450,3.96,0.88,3.96,0.88,INF,-1,1,7,0
4460,1,1,36.096,11.000,3.37,1.03,3.37,1.03,INF,-1,1,7,0
4480,1,1,37.793,12.461,3.53,1.16,3.53,1.16,INF,-1,1,7,0
4500,1,1,39.752,10.247,3.71,0.96,3.71,0.96,INF,-1,1,7,0
4520,1,1,39.216,11.408,3.66,1.06,3.66,1.07,INF,-1,1,7,0
4540,1,1,40.707,9.724,3.80,0.91,3.80,0.91,INF,-1,1,7,0
4560,1,1,40.540,9.681,3.78,0.90,3.78,0.90,INF,-1,1,7,0
4580,1,1,38.286,10.914,3.57,1.02,3.57,1.02,INF,-1,1,7,0
4600,1,1,39.573,10.004,3.69,0.93,3.69,0.93,INF,-1,1,7,0
4620,1,1,37.957,9.460,3.54,0.88,3.54,0.88,INF,-1,1,7,0
4640,1,1,37.236,11.645,3.48,1.09,3.48,1.09,INF,-1,1,7,0
4660,1,1,37.354,10.032,3.49,0.94,3.49,0.94,INF,-1,1,7,0
4680,1,1,38.587,7.841,3.60,0.73,3.60,0.73,INF,-1,1,7,0
4700,1,1,42.131,7.121,3.93,0.66,3.93,0.67,INF,-1,1,7,0
4720,1,1,41.247,6.853,3.85,0.64,3.85,0.64,INF,-1,1,7,0
4740,1,1,41.571,7.107,3.88,0.66,3.88,0.66,INF,-1,1,7,0
4760,1,1,38.015,8.027,3.55,0.75,3.55,0.75,INF,-1,1,7,0
4780,1,1,41.159,6.534,3.84,0.61,3.84,0.61,INF,-1,1,7,0
4800,1,1,40.997,6.973,3.83,0.65,3.83,0.65,INF,-1,1,7,0
4820,1,1,41.774,4.201,3.90,0.39,3.90,0.39,INF,-1,1,7,0
4840,1,1,41.478,8.180,3.87,0.76,3.87,0.76,INF,-1,1,7,0
4860,1,1,39.353,9.117,3.67,0.85,3.67,0.85,INF,-1,1,7,0
4880,1,1,42.677,5.266,3.98,0.49,3.98,0.49,INF,-1,1,7,0
4900,1,1,40.876,8.240,3.81,0.77,3.81,0.77,INF,-1,1,7,0
4920,1,1,41.416,8.529,3.87,0.80,3.86,0.80,INF,-1,1,7,0
4940,1,1,43.327,6.552,4.04,0.61,4.04,0.61,INF,-1,1,7,0
4960,1,1,37.990,7.506,3.55,0.70,3.55,0.70,INF,-1,1,7,0
4980,1,1,39.479,8.508,3.68,0.79,3.68,0.80,INF,-1,1,7,0
5000,1,1,39.959,8.481,3.73,0.79,3.73,0.79,INF,-1,1,7,0
5020,1,1,41.424,6.471,3.87,0.60,3.87,0.60,INF,-1,1,7,0
5040,1,1,39.737,8.530,3.71,0.80,3.71,0.80,INF,-1,1,7,0
5060,1,1,41.304,5.008,3.85,0.47,3.85,0.47,INF,-1,1,7,0
5080,1,1,49.217,7.024,4.59,0.65,4.59,0.66,INF,-1,1,7,0
5100,1,1,43.724,10.686,4.08,1.00,4.08,1.00,INF,-1,1,7,0
5120,1,1,46.731,8.629,4.36,0.80,4.36,0.81,INF,-1,1,7,0
5140,1,1,45.243,8.144,4.22,0.76,4.22,0.76,INF,-1,1,7,0
5160,1,1,47.156,7.909,4.40,0.74,4.40,0.74,INF,-1,1,7,0
5180,1,1,46.822,9.150,4.37,0.85,4.37,0.86,INF,-1,1,7,0
5200,1,1,46.743,11.375,4.36,1.06,4.36,1.06,INF,-1,1,7,0
5220,1,1,47.518,5.757,4.43,0.54,4.43,0.54,INF,-1,1,7,0
5240,1,1,47.105,9.667,4.39,0.90,4.39,0.90,INF,-1,1,7,0
5260,1,1,47.209,9.138,4.40,0.85,4.40,0.85,INF,-1,1,7,0
5280,1,1,49.221,9.002,4.59,0.84,4.59,0.84,INF,-1,1,7,0
5300,1,1,44.389,11.504,4.14,1.07,4.14,1.08,INF,-1,1,7,0
5320,1,1,42.854,7.877,4.00,0.73,4.00,0.74,INF,-1,1,7,0
5340,1,1,42.387,10.100,3.96,0.94,3.96,0.94,INF,-1,1,7,0
5360,1,1,38.928,7.869,3.63,0.73,3.63,0.74,INF,-1,1,7,0
5380,1,1,39.137,7.114,3.65,0.66,3.65,0.66,INF,-1,1,7,0
5400,1,1,37.685,7.843,3.52,0.73,3.52,0.73,INF,-1,1,7,0
5420,1,1,40.734,7.764,3.80,0.72,3.80,0.73,INF,-1,1,7,0
5440,1,1,40.248,9.055,3.76,0.84,3.76,0.85,INF,-1,1,7,0
5460,1,1,38.832,8.920,3.62,0.83,3.62,0.83,INF,-1,1,7,0
5480,1,1,37.970,8.813,3.54,0.82,3.54,0.82,INF,-1,1,7,0
5500,1,1,39.723,11.725,3.71,1.09,3.71,1.10,INF,-1,1,7,0
5520,1,1,40.590,6.940,3.79,0.65,3.79,0.65,INF,-1,1,7,0
5540,1,1,40.943,6.798,3.82,0.63,3.82,0.64,INF,-1,1,7,0
5560,1,1,38.854,7.263,3.63,0.68,3.63,0.68,INF,-1,1,7,0
5580,1,1,36.671,7.469,3.42,0.70,3.42,0.70,INF,-1,1,7,0
5600,1,1,39.985,7.041,3.73,0.66,3.73,0.66,INF,-1,1,7,0
5620,1,1,38.837,4.727,3.63,0.44,3.63,0.44,INF,-1,1,7,0
5640,1,1,39.133,5.888,3.65,0.55,3.65,0.55,INF,-1,1,7,0
5660,1,1,40.077,6.889,3.74,0.64,3.74,0.64,INF,-1,1,7,0
5680,1,1,42.824,4.260,4.00,0.40,4.00,0.40,INF,-1,1,7,0
5700,1,1,40.224,3.823,3.75,0.36,3.75,0.36,INF,-1,1,7,0
5720,1,1,39.844,7.830,3.72,0.73,3.72,0.73,INF,-1,1,7,0
5740,1,1,33.379,5.843,3.12,0.55,3.12,0.55,INF,-1,1,7,0
5760,1,1,36.733,6.116,3.43,0.57,3.43,0.57,INF,-1,1,7,0
5780,1,1,40.527,8.208,3.78,0.77,3.78,0.77,INF,-1,1,7,0
5800,1,1,43.149,2.681,4.03,0.25,4.03,0.25,INF,-1,1,7,0
5820,1,1,41.167,3.303,3.84,0.31,3.84,0.31,INF,-1,1,7,0
5840,1,1,43.144,3.712,4.03,0.35,4.03,0.35,INF,-1,1,7,0
5860,1,1,39.594,1.172,3.70,0.11,3.70,0.11,INF,-1,1,7,0
5880,1,1,44.495,1.744,4.15,0.16,4.15,0.16,INF,-1,1,7,0
5900,1,1,43.698,4.213,4.08,0.39,4.08,0.39,INF,-1,1,7,0
5920,1,1,42.914,1.979,4.00,0.18,4.00,0.18,INF,-1,1,7,0
5940,1,1,43.840,3.518,4.09,0.33,4.09,0.33,INF,-1,1,7,0
5960,1,1,42.662,-0.645,3.98,-0.06,3.98,-0.06,INF,-1,1,7,0
5980,1,1,40.698,0.941,3.80,0.09,3.80,0.09,INF,-1,1,7,0
6000,1,1,44.275,1.812,4.13,0.17,4.13,0.17,INF,-1,1,7,0
6020,1,1,44.732,1.891,4.17,0.18,4.17,0.18,INF,-1,1,7,0
6040,1,1,40.012,1.366,3.73,0.13,3.73,0.13,INF,-1,1,7,0
6060,1,1,43.030,3.011,4.02,0.28,4.02,0.28,INF,-1,1,7,0
6080,1,1,9.182,-3.755,0.86,-0.35,0.86,-0.35,INF,-1,1,7,0
6100,1,1,-6.498,-6.809,-0.61,-0.64,-0.61,-0.64,INF,-1,1,7,0
6120,1,1,-3.230,-11.632,-0.30,-1.09,-0.30,-1.09,INF,-1,0,7,0
6140,1,1,-4.707,-11.516,-0.44,-1.08,-0.44,-1.08,INF,-1,0,7,0
6160,1,1,-1.127,-12.793,-0.11,-1.20,-0.11,-1.20,INF,-1,0,7,0
6180,1,1,-3.872,-11.907,-0.36,-1.11,-0.36,-1.11,INF,-1,0,7,0
6200,1,1,-5.120,-9.624,-0.48,-0.90,-0.48,-0.90,INF,-1,0,7,0
6220,1,1,-4.848,-6.612,-0.45,-0.62,-0.45,-0.62,INF,-1,0,7,0
6240,1,1,-3.836,-12.214,-0.36,-1.14,-0.36,-1.14,INF,-1,0,7,0
6260,1,1,-2.668,-9.872,-0.25,-0.92,-0.25,-0.92,INF,-1,0,7,0
6280,1,1,-4.134,-11.462,-0.39,-1.07,-0.39,-1.07,INF,-1,0,7,0
6300,1,1,-5.214,-9.908,-0.49,-0.93,-0.49,-0.93,INF,-1,0,7,0
6320,1,1,-3.618,-8.194,-0.34,-0.77,-0.34,-0.77,INF,-1,0,7,0
6340,1,1,-3.419,-9.543,-0.32,-0.89,-0.32,-0.89,INF,-1,0,7,0
6360,1,1,-6.710,-10.253,-0.63,-0.96,-0.63,-0.96,INF,-1,0,7,0
6380,1,1,-7.732,-9.270,-0.72,-0.87,-0.72,-0.87,INF,-1,1,7,0
6400,1,1,-5.749,-10.848,-0.54,-1.01,-0.54,-1.01,INF,-1,1,7,0
6420,1,1,-2.982,-8.461,-0.28,-0.79,-0.28,-0.79,INF,-1,1,7,0
6440,1,1,-8.088,-7.672,-0.76,-0.72,-0.76,-0.72,INF,-1,1,7,0
6460,1,1,-5.690,-9.999,-0.53,-0.93,-0.53,-0.93,INF,-1,1,7,0
6480,1,1,-3.084,-11.018,-0.29,-1.03,-0.29,-1.03,INF,-1,1,7,0
6500,1,1,-10.526,-12.027,-0.98,-1.12,-0.98,-1.12,INF,-1,1,7,0
6520,1,1,-41.320,-28.007,-3.86,-2.61,-3.85,-2.62,INF,-1,1,7,0
6540,1,1,-40.392,-25.157,-3.77,-2.34,-3.77,-2.35,INF,-1,1,7,0
6560,1,1,-36.931,-25.721,-3.45,-2.40,-3.44,-2.40,INF,-1,0,7,0
6580,1,1,-38.646,-28.646,-3.61,-2.67,-3.60,-2.68,INF,-1,0,7,0
6600,1,1,-38.586,-26.309,-3.60,-2.45,-3.60,-2.46,INF,-1,0,7,0
6620,1,1,-36.676,-26.385,-3.42,-2.46,-3.42,-2.46,INF,-1,0,7,0
6640,1,1,-34.301,-29.683,-3.20,-2.77,-3.20,-2.77,INF,-1,0,7,0
6660,1,1,-39.075,-28.378,-3.65,-2.65,-3.64,-2.65,INF,-1,0,7,0
6680,1,1,-33.982,-29.207,-3.17,-2.72,-3.17,-2.73,INF,-1,0,7,0
6700,1,1,-35.409,-24.586,-3.31,-2.29,-3.30,-2.30,INF,-1,0,7,0
6720,1,1,-38.982,-27.672,-3.64,-2.58,-3.63,-2.58,INF,-1,0,7,0
6740,1,1,-38.523,-25.980,-3.60,-2.42,-3.59,-2.43,INF,-1,0,7,0
6760,1,1,-34.447,-30.137,-3.22,-2.81,-3.21,-2.81,INF,-1,0,7,0
6780,1,1,-31.874,-30.122,-2.98,-2.81,-2.97,-2.81,INF,-1,0,7,0
6800,1,1,-33.119,-31.113,-3.09,-2.90,-3.09,-2.91,INF,-1,1,7,0
6820,1,1,-32.701,-28.998,-3.05,-2.70,-3.05,-2.71,INF,-1,1,7,0
6840,1,1,-34.336,-26.826,-3.21,-2.50,-3.20,-2.51,INF,-1,1,7,0
6860,1,1,-33.713,-29.887,-3.15,-2.79,-3.14,-2.79,INF,-1,1,7,0
6880,1,1,-30.922,-28.443,-2.89,-2.65,-2.88,-2.66,INF,-1,1,7,0
6900,1,1,-33.917,-29.436,-3.17,-2.74,-3.16,-2.75,INF,-1,1,7,0
6920,1,1,-30.651,-27.261,-2.86,-2.54,-2.86,-2.55,INF,-1,1,7,0
6940,1,1,-35.145,-26.904,-3.28,-2.51,-3.28,-2.51,INF,-1,1,7,0
6960,1,1,-30.917,-30.165,-2.89,-2.81,-2.88,-2.82,INF,-1,1,7,0
6980,1,1,-34.573,-28.839,-3.23,-2.69,-3.22,-2.69,INF,-1,1,7,0
7000,1,1,-33.351,-28.024,-3.11,-2.61,-3.11,-2.62,INF,-1,1,7,0
7020,1,1,-32.478,-28.451,-3.03,-2.65,-3.03,-2.66,INF,-1,1,7,0
7040,1,1,-30.747,-33.345,-2.87,-3.11,-2.87,-3.11,INF,-1,1,7,0
7060,1,1,-28.333,-37.610,-2.65,-3.51,-2.64,-3.51,INF,-1,1,7,0
7080,1,1,-29.575,-38.019,-2.76,-3.54,-2.76,-3.55,INF,-1,1,7,0
7100,1,1,-30.372,-38.215,-2.84,-3.56,-2.83,-3.57,INF,-1,0,7,0
7120,1,1,-25.747,-40.139,-2.41,-3.74,-2.40,-3.75,INF,-1,0,7,0
7140,1,1,-28.065,-36.752,-2.62,-3.43,-2.62,-3.43,INF,-1,0,7,0
7160,1,1,-25.603,-37.289,-2.39,-3.48,-2.39,-3.48,INF,-1,0,7,0
7180,1,1,-29.230,-36.790,-2.73,-3.43,-2.73,-3.43,INF,-1,0,7,0
7200,1,1,-27.844,-36.812,-2.60,-3.43,-2.60,-3.44,INF,-1,0,7,0
7220,1,1,-28.489,-38.383,-2.66,-3.58,-2.66,-3.58,INF,-1,0,7,0
7240,1,1,-29.564,-37.358,-2.76,-3.48,-2.76,-3.49,INF,-1,0,7,0
7260,1,1,-30.824,-37.764,-2.88,-3.52,-2.87,-3.53,INF,-1,0,7,0
7280,1,1,-29.554,-36.355,-2.76,-3.39,-2.76,-3.39,INF,-1,0,7,0
7300,1,1,-30.390,-34.305,-2.84,-3.20,-2.83,-3.20,INF,-1,0,7,0
7320,1,1,-30.767,-36.388,-2.87,-3.39,-2.87,-3.40,INF,-1,0,7,0
7340,1,1,-25.193,-34.973,-2.35,-3.26,-2.35,-3.27,INF,-1,1,7,0
7360,1,1,-26.014,-24.798,-2.43,-2.31,-2.43,-2.32,INF,-1,1,7,0
7380,1,1,-24.493,-24.730,-2.29,-2.31,-2.29,-2.31,INF,-1,1,7,0
7400,1,1,-28.192,-24.262,-2.63,-2.26,-2.63,-2.27,INF,-1,0,7,0
7420,1,1,-29.021,-26.902,-2.71,-2.51,-2.71,-2.51,INF,-1,0,7,0
7440,1,1,-27.904,-23.505,-2.61,-2.19,-2.60,-2.20,INF,-1,0,7,0
7460,1,1,-28.036,-23.007,-2.62,-2.15,-2.62,-2.15,INF,-1,0,7,0
7480,1,1,-27.333,-26.145,-2.55,-2.44,-2.55,-2.44,INF,-1,0,7,0
7500,1,1,-30.211,-22.595,-2.82,-2.11,-2.82,-2.11,INF,-1,0,7,0
7520,1,1,-27.959,-23.910,-2.61,-2.23,-2.61,-2.23,INF,-1,0,7,0
7540,1,1,-29.798,-23.805,-2.78,-2.22,-2.78,-2.22,INF,-1,0,7,0
7560,1,1,-29.475,-24.103,-2.75,-2.25,-2.75,-2.25,INF,-1,0,7,0
7580,1,1,-28.395,-25.092,-2.65,-2.34,-2.65,-2.34,INF,-1,0,7,0
7600,1,1,-30.290,-22.987,-2.83,-2.14,-2.83,-2.15,INF,-1,0,7,0
7620,1,1,-28.360,-27.485,-2.65,-2.56,-2.65,-2.57,INF,-1,0,7,0
7640,1,1,-26.771,-26.012,-2.50,-2.43,-2.50,-2.43,INF,-1,1,7,0
7660,1,1,-26.638,-25.790,-2.49,-2.41,-2.49,-2.41,INF,-1,1,7,0
7680,1,1,-25.560,-26.114,-2.39,-2.44,-2.39,-2.44,INF,-1,1,7,0
7700,1,1,-28.868,-23.703,-2.70,-2.21,-2.69,-2.21,INF,-1,1,7,0
7720,1,1,-26.423,-23.913,-2.47,-2.23,-2.47,-2.23,INF,-1,1,7,0
7740,1,1,-27.904,-25.555,-2.61,-2.38,-2.60,-2.39,INF,-1,1,7,0
7760,1,1,-25.526,-26.121,-2.38,-2.44,-2.38,-2.44,INF,-1,1,7,0
7780,1,1,-26.938,-24.747,-2.52,-2.31,-2.51,-2.31,INF,-1,1,7,0
7800,1,1,-26.188,-25.209,-2.45,-2.35,-2.44,-2.35,INF,-1,1,7,0
7820,1,1,-26.937,-26.224,-2.52,-2.45,-2.51,-2.45,INF,-1,1,7,0
7840,1,1,-25.162,-24.729,-2.35,-2.31,-2.35,-2.31,INF,-1,1,7,0
7860,1,1,-26.174,-24.926,-2.44,-2.33,-2.44,-2.33,INF,-1,1,7,0
7880,1,1,-29.147,-24.915,-2.72,-2.32,-2.72,-2.33,INF,-1,1,7,0
7900,1,1,-24.655,-23.783,-2.30,-2.22,-2.30,-2.22,INF,-1,1,7,0
7920,1,1,-29.489,-23.558,-2.75,-2.20,-2.75,-2.20,INF,-1,1,7,0
7940,1,1,-29.604,-24.814,-2.76,-2.32,-2.76,-2.32,INF,-1,1,7,0
7960,1,1,-26.710,-26.823,-2.49,-2.50,-2.49,-2.51,INF,-1,1,7,0
7980,1,1,-27.041,-26.400,-2.53,-2.46,-2.52,-2.47,INF,-1,1,7,0
8000,1,1,-26.476,-25.097,-2.47,-2.34,-2.47,-2.34,INF,-1,1,7,0
8020,1,1,-28.078,-26.246,-2.62,-2.45,-2.62,-2.45,INF,-1,1,7,0
8040,1,1,-27.703,-24.250,-2.59,-2.26,-2.59,-2.27,INF,-1,1,7,0
8060,1,1,-21.436,-25.876,-2.00,-2.42,-2.00,-2.42,INF,-1,1,7,0
8080,1,1,-25.654,-25.831,-2.40,-2.41,-2.39,-2.41,INF,-1,1,7,0
8100,1,1,-25.657,-25.003,-2.40,-2.33,-2.39,-2.34,INF,-1,1,7,0
8120,1,1,-26.028,-21.471,-2.43,-2.00,-2.43,-2.01,INF,-1,1,7,0
8140,1,1,-24.136,-26.927,-2.25,-2.51,-2.25,-2.52,INF,-1,1,7,0
8160,1,1,-24.473,-25.265,-2.29,-2.36,-2.28,-2.36,INF,-1,1,7,0
8180,1,1,-24.179,-25.739,-2.26,-2.40,-2.26,-2.40,INF,-1,1,7,0
8200,1,1,-26.644,-25.316,-2.49,-2.36,-2.49,-2.36,INF,-1,1,7,0
8220,1,1,-33.104,-23.498,-3.09,-2.19,-3.09,-2.20,INF,-1,1,7,0
8240,1,1,-31.537,-23.842,-2.95,-2.22,-2.94,-2.23,INF,-1,1,7,0
8260,1,1,-30.502,-22.317,-2.85,-2.08,-2.85,-2.09,INF,-1,1,7,0
8280,1,1,-31.112,-23.793,-2.91,-2.22,-2.90,-2.22,INF,-1,1,7,0
8300,1,1,-31.660,-25.033,-2.96,-2.34,-2.95,-2.34,INF,-1,1,7,0
8320,1,1,-30.521,-24.004,-2.85,-2.24,-2.85,-2.24,INF,-1,1,7,0
8340,1,1,-31.392,-24.301,-2.93,-2.27,-2.93,-2.27,INF,-1,1,7,0
8360,1,1,-28.872,-25.553,-2.70,-2.38,-2.69,-2.39,INF,-1,1,7,0
8380,1,1,-31.378,-22.995,-2.93,-2.15,-2.93,-2.15,INF,-1,1,7,0
8400,1,1,-29.662,-24.934,-2.77,-2.33,-2.77,-2.33,INF,-1,1,7,0
8420,1,1,-29.505,-21.672,-2.76,-2.02,-2.75,-2.02,INF,-1,1,7,0
8440,1,1,-30.966,-22.376,-2.89,-2.09,-2.89,-2.09,INF,-1,1,7,0
8460,1,1,-29.974,-25.728,-2.80,-2.40,-2.80,-2.40,INF,-1,1,7,0
8480,1,1,-29.886,-24.236,-2.79,-2.26,-2.79,-2.26,INF,-1,1,7,0
8500,1,1,-30.684,-21.838,-2.87,-2.04,-2.86,-2.04,INF,-1,1,7,0
8520,1,1,-29.997,-24.613,-2.80,-2.30,-2.80,-2.30,INF,-1,1,7,0
8540,1,1,-30.093,-24.406,-2.81,-2.28,-2.81,-2.28,INF,-1,1,7,0
8560,1,1,-30.865,-22.121,-2.88,-2.06,-2.88,-2.07,INF,-1,1,7,0
8580,1,1,-29.204,-25.223,-2.73,-2.35,-2.73,-2.36,INF,-1,1,7,0
8600,1,1,-30.219,-25.475,-2.82,-2.38,-2.82,-2.38,INF,-1,1,7,0
8620,1,1,-29.287,-24.665,-2.74,-2.30,-2.73,-2.30,INF,-1,1,7,0
8640,1,1,-30.502,-26.911,-2.85,-2.51,-2.85,-2.51,INF,-1,1,7,0
8660,1,1,-28.271,-23.950,-2.64,-2.24,-2.64,-2.24,INF,-1,1,7,0
8680,1,1,-31.821,-27.805,-2.97,-2.59,-2.97,-2.60,INF,-1,1,7,0
8700,1,1,-33.619,-27.054,-3.14,-2.52,-3.14,-2.53,INF,-1,1,7,0
8720,1,1,-29.981,-26.518,-2.80,-2.47,-2.80,-2.48,INF,-1,1,7,0
8740,1,1,-28.628,-28.872,-2.67,-2.69,-2.67,-2.70,INF,-1,1,7,0
8760,1,1,-27.159,-28.215,-2.54,-2.63,-2.53,-2.64,INF,-1,1,7,0
8780,1,1,-29.523,-28.368,-2.76,-2.65,-2.75,-2.65,INF,-1,1,7,0
8800,1,1,-31.139,-27.252,-2.91,-2.54,-2.91,-2.55,INF,-1,1,7,0
8820,1,1,-28.243,-26.830,-2.64,-2.50,-2.64,-2.51,INF,-1,1,7,0
8840,1,1,-26.651,-29.700,-2.49,-2.77,-2.49,-2.77,INF,-1,1,7,0
8860,1,1,-28.375,-29.780,-2.65,-2.78,-2.65,-2.78,INF,-1,1,7,0
8880,1,1,-29.167,-27.504,-2.72,-2.57,-2.72,-2.57,INF,-1,1,7,0
8900,1,1,-32.351,-28.080,-3.02,-2.62,-3.02,-2.62,INF,-1,1,7,0
8920,1,1,-27.948,-29.560,-2.61,-2.76,-2.61,-2.76,INF,-1,1,7,0
8940,1,1,-18.077,-29.929,-1.69,-2.79,-1.69,-2.80,INF,-1,1,7,0
8960,1,1,-18.463,-31.166,-1.73,-2.91,-1.72,-2.91,INF,-1,1,7,0
8980,1,1,-16.609,-32.289,-1.55,-3.01,-1.55,-3.02,INF,-1,0,7,0
9000,1,1,-16.266,-31.872,-1.52,-2.98,-1.52,-2.98,INF,-1,0,7,0
9020,1,1,-18.831,-29.779,-1.76,-2.78,-1.76,-2.78,INF,-1,0,7,0
9040,1,1,-19.719,-30.555,-1.84,-2.85,-1.84,-2.85,INF,-1,0,7,0
9060,1,1,-20.711,-30.665,-1.94,-2.86,-1.93,-2.86,INF,-1,0,7,0
9080,1,1,-4.004,-18.460,-0.37,-1.72,-0.37,-1.72,INF,-1,0,7,0
9100,1,1,3.969,-13.775,0.37,-1.29,0.37,-1.29,INF,-1,0,7,0
9120,1,1,7.993,-13.852,0.75,-1.29,0.75,-1.29,INF,-1,0,7,0
9140,1,1,5.781,-12.522,0.54,-1.17,0.54,-1.17,INF,-1,0,7,0
9160,1,1,7.361,-15.411,0.69,-1.44,0.69,-1.44,INF,-1,0,7,0
9180,1,1,7.646,-13.513,0.71,-1.26,0.71,-1.26,INF,-1,0,7,0
9200,1,1,9.526,-16.992,0.89,-1.59,0.89,-1.59,INF,-1,0,7,0
9220,1,1,5.752,-11.287,0.54,-1.05,0.54,-1.05,INF,-1,0,7,0
9240,1,1,4.606,-10.968,0.43,-1.03,0.43,-1.03,INF,-1,0,7,0
9260,1,1,6.666,-14.726,0.62,-1.38,0.62,-1.38,INF,-1,0,7,0
9280,1,1,7.584,-13.103,0.71,-1.22,0.71,-1.22,INF,-1,0,7,0
9300,1,1,4.082,-11.609,0.38,-1.08,0.38,-1.08,INF,-1,0,7,0
9320,1,1,5.949,-13.191,0.56,-1.23,0.56,-1.23,INF,-1,0,7,0
9340,1,1,4.998,-16.855,0.47,-1.57,0.47,-1.58,INF,-1,0,7,0
9360,1,1,3.050,-15.852,0.29,-1.48,0.28,-1.48,INF,-1,1,7,0
9380,1,1,1.866,-16.317,0.17,-1.52,0.17,-1.52,INF,-1,1,7,0
9400,1,1,0.201,-16.522,0.02,-1.54,0.02,-1.54,INF,-1,1,7,0
9420,1,1,4.464,-16.318,0.42,-1.52,0.42,-1.52,INF,-1,1,7,0
9440,1,1,2.118,-17.366,0.20,-1.62,0.20,-1.62,INF,-1,1,7,0
9460,1,1,2.530,-16.070,0.24,-1.50,0.24,-1.50,INF,-1,1,7,0
9480,1,1,3.269,-17.907,0.31,-1.67,0.31,-1.67,INF,-1,1,7,0
9500,1,1,3.598,-17.745,0.34,-1.66,0.34,-1.66,INF,-1,1,7,0
9520,1,1,41.649,3.443,3.89,0.32,3.89,0.32,INF,-1,1,7,0
9540,1,1,51.825,3.836,4.83,0.36,4.83,0.36,INF,-1,1,7,0
9560,1,1,47.872,3.441,4.47,0.32,4.47,0.32,INF,-1,0,7,0
9580,1,1,45.609,5.217,4.26,0.49,4.25,0.49,INF,-1,0,7,0
9600,1,1,45.416,7.304,4.24,0.68,4.24,0.68,INF,-1,0,7,0
9620,1,1,46.885,5.047,4.37,0.47,4.37,0.47,INF,-1,0,7,0
9640,1,1,45.173,6.907,4.21,0.64,4.21,0.65,INF,-1,0,7,0
9660,1,1,45.985,6.117,4.29,0.57,4.29,0.57,INF,-1,0,7,0
9680,1,1,44.403,7.755,4.14,0.72,4.14,0.72,INF,-1,0,7,0
9700,1,1,46.887,5.988,4.37,0.56,4.37,0.56,INF,-1,0,7,0
9720,1,1,44.611,8.953,4.16,0.83,4.16,0.84,INF,-1,0,7,0
9740,1,1,42.761,8.984,3.99,0.84,3.99,0.84,INF,-1,0,7,0
9760,1,1,50.250,5.279,4.69,0.49,4.69,0.49,INF,-1,0,7,0
9780,1,1,45.101,9.472,4.21,0.88,4.21,0.89,INF,-1,0,7,0
9800,1,1,43.635,6.290,4.07,0.59,4.07,0.59,INF,-1,1,7,0
9820,1,1,41.653,6.327,3.89,0.59,3.89,0.59,INF,-1,1,7,0
9840,1,1,42.420,7.551,3.96,0.70,3.96,0.71,INF,-1,1,7,0
9860,1,1,40.323,5.154,3.76,0.48,3.76,0.48,INF,-1,1,7,0
9880,1,1,41.508,7.014,3.87,0.65,3.87,0.66,INF,-1,1,7,0
9900,1,1,42.866,7.785,4.00,0.73,4.00,0.73,INF,-1,1,7,0
9920,1,1,38.288,9.531,3.57,0.89,3.57,0.89,INF,-1,1,7,0
9940,1,1,40.506,9.409,3.78,0.88,3.78,0.88,INF,-1,1,7,0
9960,1,1,40.514,7.179,3.78,0.67,3.78,0.67,INF,-1,1,7,0
9980,1,1,40.176,6.850,3.75,0.64,3.75,0.64,INF,-1,1,7,0
10000,1,1,39.310,6.745,3.67,0.63,3.67,0.63,INF,-1,1,7,0
10020,1,1,41.361,8.982,3.86,0.84,3.86,0.84,INF,-1,1,7,0
10040,1,1,41.220,5.202,3.85,0.49,3.85,0.49,INF,-1,1,7,0
10060,1,1,40.745,7.657,3.80,0.71,3.80,0.72,INF,-1,1,7,0
10080,1,1,44.988,9.198,4.20,0.86,4.20,0.86,INF,-1,1,7,0
10100,1,1,44.704,11.295,4.17,1.05,4.17,1.06,INF,-1,1,7,0
10120,1,1,45.304,11.826,4.23,1.10,4.23,1.11,INF,-1,1,7,0
10140,1,1,43.285,12.082,4.04,1.13,4.04,1.13,INF,-1,1,7,0
10160,1,1,44.057,10.262,4.11,0.96,4.11,0.96,INF,-1,1,7,0
10180,1,1,45.636,10.852,4.26,1.01,4.26,1.01,INF,-1,1,7,0
10200,1,1,41.864,11.205,3.91,1.04,3.91,1.05,INF,-1,1,7,0
10220,1,1,44.325,13.043,4.14,1.22,4.13,1.22,INF,-1,1,7,0
10240,1,1,44.499,10.748,4.15,1.00,4.15,1.00,INF,-1,1,7,0
10260,1,1,44.279,11.962,4.13,1.12,4.13,1.12,INF,-1,1,7,0
10280,1,1,45.051,10.389,4.20,0.97,4.20,0.97,INF,-1,1,7,0
10300,1,1,45.688,10.084,4.26,0.94,4.26,0.94,INF,-1,1,7,0
10320,1,1,42.628,11.503,3.98,1.07,3.98,1.07,INF,-1,1,7,0
10340,1,1,46.192,11.625,4.31,1.08,4.31,1.09,INF,-1,1,7,0
10360,1,1,44.719,13.722,4.17,1.28,4.17,1.28,INF,-1,1,7,0
10380,1,1,44.062,11.351,4.11,1.06,4.11,1.06,INF,-1,1,7,0
10400,1,1,44.734,11.415,4.17,1.06,4.17,1.07,INF,-1,1,7,0
10420,1,1,45.725,11.111,4.27,1.04,4.27,1.04,INF,-1,1,7,0
10440,1,1,43.635,12.146,4.07,1.13,4.07,1.14,INF,-1,1,7,0
10460,1,1,42.404,13.873,3.96,1.29,3.96,1.30,INF,-1,1,7,0
10480,1,1,45.691,12.721,4.26,1.19,4.26,1.19,INF,-1,1,7,0
10500,1,1,46.986,9.145,4.38,0.85,4.38,0.85,INF,-1,1,7,0
10520,1,1,41.550,6.934,3.88,0.65,3.88,0.65,INF,-1,1,7,0
10540,1,1,41.038,4.480,3.83,0.42,3.83,0.42,INF,-1,1,7,0
10560,1,1,43.067,5.223,4.02,0.49,4.02,0.49,INF,-1,1,7,0
10580,1,1,46.014,4.238,4.29,0.39,4.29,0.40,INF,-1,1,7,0
10600,1,1,43.191,5.054,4.03,0.47,4.03,0.47,INF,-1,1,7,0
10620,1,1,41.697,6.248,3.89,0.58,3.89,0.58,INF,-1,1,7,0
10640,1,1,45.985,4.395,4.29,0.41,4.29,0.41,INF,-1,1,7,0
10660,1,1,42.089,5.215,3.93,0.49,3.93,0.49,INF,-1,1,7,0
10680,1,1,42.957,6.023,4.01,0.56,4.01,0.56,INF,-1,1,7,0
10700,1,1,47.912,5.274,4.47,0.49,4.47,0.49,INF,-1,1,7,0
10720,1,1,46.463,5.495,4.33,0.51,4.33,0.51,INF,-1,1,7,0
10740,1,1,46.805,2.688,4.37,0.25,4.37,0.25,INF,-1,1,7,0
10760,1,1,47.084,4.154,4.39,0.39,4.39,0.39,INF,-1,1,7,0
10780,1,1,51.625,-2.367,4.81,-0.22,4.81,-0.22,INF,-1,1,7,0
10800,1,1,54.663,-20.669,5.10,-1.92,5.09,-1.93,INF,-1,1,7,0
10820,1,1,52.361,-20.855,4.88,-1.94,4.88,-1.95,INF,-1,0,7,0
10840,1,1,52.349,-21.922,4.88,-2.04,4.88,-2.05,INF,-1,0,7,0
10860,1,1,53.785,-18.813,5.01,-1.75,5.01,-1.76,INF,-1,0,7,0
10880,1,1,53.299,-20.511,4.97,-1.91,4.97,-1.92,INF,-1,0,7,0
10900,1,1,50.560,-18.431,4.72,-1.72,4.71,-1.72,INF,-1,0,7,0
10920,1,1,53.628,-21.496,5.00,-2.00,5.00,-2.01,INF,-1,0,7,0
10940,1,1,51.055,-20.751,4.76,-1.93,4.76,-1.94,INF,-1,0,7,0
10960,1,1,54.647,-23.969,5.09,-2.23,5.09,-2.24,INF,-1,0,7,0
10980,1,1,53.436,-22.427,4.98,-2.09,4.98,-2.10,INF,-1,0,7,0
11000,1,1,56.417,-21.788,5.26,-2.03,5.26,-2.04,INF,-1,0,7,0
11020,1,1,53.220,-22.330,4.96,-2.08,4.96,-2.09,INF,-1,0,7,0
11040,1,1,52.923,-21.301,4.93,-1.98,4.93,-1.99,INF,-1,0,7,0
11060,1,1,52.678,-22.298,4.91,-2.08,4.91,-2.08,INF,-1,0,7,0
11080,1,1,48.976,-22.568,4.57,-2.10,4.56,-2.11,INF,-1,1,7,0
11100,1,1,36.535,-25.775,3.41,-2.40,3.41,-2.41,INF,-1,1,7,0
11120,1,1,38.214,-28.336,3.57,-2.64,3.56,-2.65,INF,-1,1,7,0
11140,1,1,37.928,-28.503,3.54,-2.66,3.54,-2.66,INF,-1,0,7,0
11160,1,1,36.319,-29.033,3.39,-2.71,3.39,-2.71,INF,-1,0,7,0
11180,1,1,38.136,-27.404,3.56,-2.55,3.56,-2.56,INF,-1,0,7,0
11200,1,1,32.505,-24.915,3.04,-2.32,3.03,-2.33,INF,-1,0,7,0
11220,1,1,36.209,-27.605,3.38,-2.57,3.38,-2.58,INF,-1,0,7,0
11240,1,1,35.775,-29.915,3.34,-2.79,3.34,-2.79,INF,-1,0,7,0
11260,1,1,34.551,-29.122,3.23,-2.72,3.22,-2.72,INF,-1,0,7,0
11280,1,1,34.208,-29.814,3.19,-2.78,3.19,-2.78,INF,-1,0,7,0
11300,1,1,36.049,-29.275,3.37,-2.73,3.36,-2.73,INF,-1,0,7,0
11320,1,1,38.037,-29.575,3.55,-2.76,3.55,-2.76,INF,-1,0,7,0
11340,1,1,35.046,-28.863,3.27,-2.69,3.27,-2.70,INF,-1,0,7,0
11360,1,1,16.859,-31.378,1.58,-2.93,1.57,-2.93,INF,-1,0,7,0
11380,1,1,9.221,-32.989,0.86,-3.08,0.86,-3.08,INF,-1,1,7,0
11400,1,1,9.520,-32.674,0.89,-3.05,0.89,-3.05,INF,-1,0,7,0
11420,1,1,7.726,-32.492,0.72,-3.03,0.72,-3.03,INF,-1,0,7,0
11440,1,1,9.437,-32.565,0.88,-3.04,0.88,-3.04,INF,-1,0,7,0
11460,1,1,12.463,-33.565,1.16,-3.13,1.16,-3.13,INF,-1,0,7,0
11480,1,1,11.119,-33.270,1.04,-3.11,1.04,-3.11,INF,-1,0,7,0
11500,1,1,7.758,-31.020,0.73,-2.90,0.72,-2.90,INF,-1,0,7,0
11520,1,1,6.045,-30.822,0.57,-2.88,0.56,-2.88,INF,-1,0,7,0
11540,1,1,1.019,-36.847,0.10,-3.44,0.10,-3.44,INF,-1,0,7,0
11560,1,1,4.542,-41.134,0.42,-3.84,0.42,-3.84,INF,-1,0,7,0
11580,1,1,4.961,-41.983,0.46,-3.92,0.46,-3.92,INF,-1,0,7,0
11600,1,1,2.727,-39.605,0.25,-3.70,0.25,-3.70,INF,-1,0,7,0
11620,1,1,1.333,-40.155,0.12,-3.75,0.12,-3.75,INF,-1,0,7,0
11640,1,1,1.067,-42.301,0.10,-3.95,0.10,-3.95,INF,-1,0,7,0
11660,1,1,-0.424,-37.684,-0.04,-3.52,-0.04,-3.52,INF,-1,1,7,0
11680,1,1,2.197,-38.402,0.21,-3.58,0.20,-3.58,INF,-1,1,7,0
11700,1,1,0.908,-40.743,0.08,-3.80,0.08,-3.80,INF,-1,1,7,0
11720,1,1,1.126,-35.774,0.11,-3.34,0.11,-3.34,INF,-1,1,7,0
11740,1,1,-0.691,-14.953,-0.06,-1.40,-0.06,-1.40,INF,-1,1,7,0
11760,1,1,0.469,-10.837,0.04,-1.01,0.04,-1.01,INF,-1,1,7,0
11780,1,1,-0.572,-11.843,-0.05,-1.11,-0.05,-1.11,INF,-1,0,7,0
11800,1,1,-0.989,-13.961,-0.09,-1.30,-0.09,-1.30,INF,-1,0,7,0
11820,1,1,-2.766,-13.181,-0.26,-1.23,-0.26,-1.23,INF,-1,0,7,0
11840,1,1,-4.235,-11.329,-0.40,-1.06,-0.40,-1.06,INF,-1,0,7,0
11860,1,1,-3.049,-12.286,-0.28,-1.15,-0.28,-1.15,INF,-1,0,7,0
11880,1,1,-4.171,-10.572,-0.39,-0.99,-0.39,-0.99,INF,-1,0,7,0
11900,1,1,1.138,-13.879,0.11,-1.30,0.11,-1.30,INF,-1,0,7,0
11920,1,1,-1.664,-11.122,-0.16,-1.04,-0.16,-1.04,INF,-1,0,7,0
11940,1,1,2.594,-10.562,0.24,-0.99,0.24,-0.99,INF,-1,0,7,0
11960,1,1,0.950,-6.038,0.09,-0.56,0.09,-0.56,INF,-1,0,7,0
11980,1,1,-5.155,-7.133,-0.48,-0.67,-0.48,-0.67,INF,-1,0,7,0
12000,1,1,-2.580,-4.593,-0.24,-0.43,-0.24,-0.43,INF,-1,0,7,0
12020,1,1,-0.792,-4.545,-0.07,-0.42,-0.07,-0.42,INF,-1,1,7,0
12040,1,1,-0.437,-5.173,-0.04,-0.48,-0.04,-0.48,INF,-1,1,7,0
12060,1,1,0.582,-5.826,0.05,-0.54,0.05,-0.54,INF,-1,1,7,0
12080,1,1,-0.367,-4.613,-0.03,-0.43,-0.03,-0.43,INF,-1,1,7,0
12100,1,1,1.001,-5.454,0.09,-0.51,0.09,-0.51,INF,-1,1,7,0
12120,1,1,-29.816,-23.317,-2.78,-2.18,-2.78,-2.18,INF,-1,1,7,0
12140,1,1,-30.145,-26.278,-2.82,-2.45,-2.81,-2.45,INF,-1,1,7,0
12160,1,1,-30.051,-26.141,-2.81,-2.44,-2.80,-2.44,INF,-1,0,7,0
12180,1,1,-29.322,-25.009,-2.74,-2.33,-2.74,-2.34,INF,-1,0,7,0
12200,1,1,-31.989,-27.202,-2.99,-2.54,-2.98,-2.54,INF,-1,0,7,0
12220,1,1,-32.785,-26.820,-3.06,-2.50,-3.06,-2.51,INF,-1,0,7,0
12240,1,1,-28.072,-25.354,-2.62,-2.37,-2.62,-2.37,INF,-1,0,7,0
12260,1,1,-29.867,-28.733,-2.79,-2.68,-2.79,-2.68,INF,-1,0,7,0
12280,1,1,-27.664,-26.813,-2.58,-2.50,-2.58,-2.50,INF,-1,0,7,0
12300,1,1,-30.288,-28.930,-2.83,-2.70,-2.83,-2.70,INF,-1,0,7,0
12320,1,1,-29.456,-24.898,-2.75,-2.32,-2.75,-2.33,INF,-1,0,7,0
12340,1,1,-29.394,-27.251,-2.75,-2.54,-2.74,-2.55,INF,-1,0,7,0
12360,1,1,-32.233,-24.228,-3.01,-2.26,-3.01,-2.26,INF,-1,0,7,0
12380,1,1,-28.532,-27.920,-2.66,-2.61,-2.66,-2.61,INF,-1,0,7,0
12400,1,1,-22.410,-21.646,-2.09,-2.02,-2.09,-2.02,INF,-1,1,7,0
12420,1,1,-23.226,-21.158,-2.17,-1.98,-2.17,-1.98,INF,-1,1,7,0
12440,1,1,-22.988,-18.874,-2.15,-1.76,-2.15,-1.76,INF,-1,1,7,0
12460,1,1,-25.695,-19.790,-2.40,-1.85,-2.40,-1.85,INF,-1,1,7,0
12480,1,1,-23.293,-20.742,-2.18,-1.94,-2.17,-1.94,INF,-1,1,7,0
12500,1,1,-20.547,-21.495,-1.92,-2.01,-1.92,-2.01,INF,-1,1,7,0
12520,1,1,-24.329,-22.947,-2.27,-2.14,-2.27,-2.14,INF,-1,1,7,0
12540,1,1,-22.465,-20.598,-2.10,-1.92,-2.10,-1.92,INF,-1,1,7,0
12560,1,1,-20.781,-22.775,-1.94,-2.13,-1.94,-2.13,INF,-1,1,7,0
12580,1,1,-22.765,-23.080,-2.13,-2.15,-2.13,-2.16,INF,-1,1,7,0
12600,1,1,-23.492,-19.065,-2.19,-1.78,-2.19,-1.78,INF,-1,1,7,0
12620,1,1,-22.710,-22.569,-2.12,-2.11,-2.12,-2.11,INF,-1,1,7,0
12640,1,1,-24.682,-18.374,-2.31,-1.72,-2.30,-1.72,INF,-1,1,7,0
12660,1,1,-25.767,-20.422,-2.41,-1.91,-2.41,-1.91,INF,-1,1,7,0
12680,1,1,-24.630,-22.116,-2.30,-2.06,-2.30,-2.07,INF,-1,1,7,0
12700,1,1,-22.735,-21.195,-2.12,-1.98,-2.12,-1.98,INF,-1,1,7,0
12720,1,1,-22.334,-20.673,-2.09,-1.93,-2.09,-1.93,INF,-1,1,7,0
12740,1,1,-22.134,-22.870,-2.07,-2.14,-2.07,-2.14,INF,-1,1,7,0
12760,1,1,-23.314,-21.639,-2.18,-2.02,-2.18,-2.02,INF,-1,1,7,0
12780,1,1,-23.066,-21.537,-2.15,-2.01,-2.15,-2.01,INF,-1,1,7,0
12800,1,1,-23.300,-16.875,-2.18,-1.58,-2.18,-1.58,INF,-1,1,7,0
12820,1,1,-23.711,-20.243,-2.22,-1.89,-2.21,-1.89,INF,-1,1,7,0
12840,1,1,-21.333,-20.056,-1.99,-1.87,-1.99,-1.87,INF,-1,1,7,0
12860,1,1,-24.552,-20.740,-2.29,-1.94,-2.29,-1.94,INF,-1,1,7,0
12880,1,1,-22.704,-20.137,-2.12,-1.88,-2.12,-1.88,INF,-1,1,7,0
12900,1,1,-21.504,-20.912,-2.01,-1.95,-2.01,-1.95,INF,-1,1,7,0
12920,1,1,-21.954,-18.063,-2.05,-1.69,-2.05,-1.69,INF,-1,1,7,0
12940,1,1,-25.631,-20.461,-2.39,-1.91,-2.39,-1.91,INF,-1,1,7,0
12960,1,1,-23.661,-21.657,-2.21,-2.02,-2.21,-2.02,INF,-1,1,7,0
12980,1,1,-24.772,-19.769,-2.31,-1.85,-2.31,-1.85,INF,-1,1,7,0
13000,1,1,-21.392,-20.801,-2.00,-1.94,-2.00,-1.94,INF,-1,1,7,0
13020,1,1,-22.798,-18.199,-2.13,-1.70,-2.13,-1.70,INF,-1,1,7,0
13040,1,1,-24.096,-18.684,-2.25,-1.74,-2.25,-1.75,INF,-1,1,7,0
13060,1,1,-23.488,-20.331,-2.19,-1.90,-2.19,-1.90,INF,-1,1,7,0
13080,1,1,-24.138,-19.514,-2.26,-1.82,-2.25,-1.82,INF,-1,1,7,0
13100,1,1,-21.862,-18.991,-2.04,-1.77,-2.04,-1.77,INF,-1,1,7,0
13120,1,1,-23.562,-17.120,-2.20,-1.60,-2.20,-1.60,INF,-1,1,7,0
13140,1,1,3.847,-3.339,0.36,-0.31,0.36,-0.31,INF,-1,0,7,0
13160,1,1,2.147,-5.276,0.20,-0.49,0.20,-0.49,INF,-1,0,7,0
13180,1,1,5.761,-5.107,0.54,-0.48,0.54,-0.48,INF,-1,0,7,0
13200,1,1,2.878,-4.360,0.27,-0.41,0.27,-0.41,INF,-1,0,7,0
13220,1,1,5.569,-3.111,0.52,-0.29,0.52,-0.29,INF,-1,0,7,0
13240,1,1,3.144,-6.614,0.29,-0.62,0.29,-0.62,INF,-1,0,7,0
13260,1,1,3.648,-3.180,0.34,-0.30,0.34,-0.30,INF,-1,0,7,0
13280,1,1,3.376,-4.888,0.32,-0.46,0.32,-0.46,INF,-1,0,7,0
13300,1,1,3.500,-6.021,0.33,-0.56,0.33,-0.56,INF,-1,0,7,0
13320,1,1,4.273,-3.420,0.40,-0.32,0.40,-0.32,INF,-1,0,7,0
13340,1,1,3.701,-5.587,0.35,-0.52,0.35,-0.52,INF,-1,0,7,0
13360,1,1,3.201,-6.797,0.30,-0.64,0.30,-0.64,INF,-1,0,7,0
13380,1,1,3.837,-4.082,0.36,-0.38,0.36,-0.38,INF,-1,0,7,0
13400,1,1,2.260,-5.337,0.21,-0.50,0.21,-0.50,INF,-1,0,7,0
13420,1,1,3.353,-3.924,0.31,-0.37,0.31,-0.37,INF,-1,1,7,0
13440,1,1,46.107,10.364,4.30,0.97,4.30,0.97,INF,-1,1,7,0
13460,1,1,42.287,10.912,3.95,1.02,3.95,1.02,INF,-1,1,7,0
13480,1,1,45.636,8.869,4.26,0.83,4.26,0.83,INF,-1,0,7,0
13500,1,1,44.691,9.342,4.17,0.87,4.17,0.87,INF,-1,0,7,0
13520,1,1,44.955,10.973,4.19,1.02,4.19,1.03,INF,-1,0,7,0
13540,1,1,42.475,10.267,3.96,0.96,3.96,0.96,INF,-1,0,7,0
13560,1,1,44.236,8.526,4.13,0.79,4.13,0.80,INF,-1,0,7,0
13580,1,1,46.340,9.515,4.32,0.89,4.32,0.89,INF,-1,0,7,0
13600,1,1,44.033,8.694,4.11,0.81,4.11,0.81,INF,-1,0,7,0
13620,1,1,44.940,10.599,4.19,0.99,4.19,0.99,INF,-1,0,7,0
13640,1,1,44.306,10.523,4.13,0.98,4.13,0.98,INF,-1,0,7,0
13660,1,1,43.741,8.317,4.08,0.78,4.08,0.78,INF,-1,0,7,0
13680,1,1,42.742,11.702,3.99,1.09,3.99,1.09,INF,-1,0,7,0
13700,1,1,44.761,8.615,4.18,0.80,4.18,0.81,INF,-1,0,7,0
13720,1,1,44.337,10.404,4.14,0.97,4.14,0.97,INF,-1,1,7,0
13740,1,1,44.930,9.139,4.19,0.85,4.19,0.85,INF,-1,1,7,0
13760,1,1,41.639,9.919,3.89,0.92,3.89,0.93,INF,-1,1,7,0
13780,1,1,43.495,9.210,4.06,0.86,4.06,0.86,INF,-1,1,7,0
13800,1,1,41.010,10.612,3.83,0.99,3.83,0.99,INF,-1,1,7,0
13820,1,1,43.392,10.277,4.05,0.96,4.05,0.96,INF,-1,1,7,0
13840,1,1,40.895,10.578,3.82,0.99,3.82,0.99,INF,-1,1,7,0
13860,1,1,43.894,8.565,4.10,0.80,4.10,0.80,INF,-1,1,7,0
13880,1,1,42.718,8.892,3.99,0.83,3.99,0.83,INF,-1,1,7,0
13900,1,1,43.057,8.957,4.02,0.84,4.02,0.84,INF,-1,1,7,0
13920,1,1,42.965,9.976,4.01,0.93,4.01,0.93,INF,-1,1,7,0
13940,1,1,40.797,10.983,3.81,1.02,3.81,1.03,INF,-1,1,7,0
13960,1,1,39.208,11.308,3.66,1.05,3.66,1.06,INF,-1,1,7,0
13980,1,1,41.495,9.482,3.87,0.88,3.87,0.89,INF,-1,1,7,0
14000,1,1,40.430,10.662,3.77,0.99,3.77,1.00,INF,-1,1,7,0
14020,1,1,43.464,8.177,4.06,0.76,4.06,0.76,INF,-1,1,7,0
14040,1,1,39.510,6.863,3.69,0.64,3.69,0.64,INF,-1,1,7,0
14060,1,1,20.191,5.577,1.89,0.52,1.89,0.52,INF,-1,1,7,0
14080,1,1,-0.098,2.400,-0.01,0.22,-0.01,0.22,INF,-1,1,7,0
14100,1,1,1.459,1.336,0.14,0.12,0.14,0.12,INF,-1,0,7,0
14120,1,1,0.016,-1.228,0.00,-0.11,0.00,-0.11,INF,-1,0,7,0
14140,1,1,1.601,1.851,0.15,0.17,0.15,0.17,INF,-1,0,7,0
14160,1,1,3.635,0.639,0.34,0.06,0.34,0.06,INF,-1,0,7,0
14180,1,1,1.497,2.406,0.14,0.22,0.14,0.22,INF,-1,0,7,0
14200,1,1,2.159,-0.032,0.20,0.00,0.20,0.00,INF,-1,0,7,0
14220,1,1,1.186,-1.776,0.11,-0.17,0.11,-0.17,INF,-1,0,7,0
14240,1,1,1.119,1.987,0.10,0.19,0.10,0.19,INF,-1,0,7,0
14260,1,1,1.861,0.256,0.17,0.02,0.17,0.02,INF,-1,0,7,0
14280,1,1,0.244,0.712,0.02,0.07,0.02,0.07,INF,-1,0,7,0
14300,1,1,-0.098,-0.053,-0.01,0.00,-0.01,0.00,INF,-1,0,7,0
14320,1,1,-1.272,2.107,-0.12,0.20,-0.12,0.20,INF,-1,0,7,0
14340,1,1,0.784,-0.565,0.07,-0.05,0.07,-0.05,INF,-1,0,7,0
14360,1,1,3.266,2.015,0.31,0.19,0.31,0.19,INF,-1,1,7,0
14380,1,1,0.613,-0.259,0.06,-0.02,0.06,-0.02,INF,-1,1,7,0
14400,1,1,22.807,6.847,2.13,0.64,2.13,0.64,INF,-1,1,7,0
14420,1,1,48.236,11.543,4.50,1.08,4.50,1.08,INF,-1,1,7,0
14440,1,1,46.049,13.338,4.30,1.24,4.30,1.25,INF,-1,0,7,0
14460,1,1,47.200,11.315,4.40,1.05,4.40,1.06,INF,-1,0,7,0
14480,1,1,44.036,12.603,4.11,1.17,4.11,1.18,INF,-1,0,7,0
14500,1,1,49.700,11.508,4.64,1.07,4.63,1.08,INF,-1,0,7,0
14520,1,1,45.812,13.837,4.27,1.29,4.27,1.29,INF,-1,0,7,0
14540,1,1,46.244,12.878,4.31,1.20,4.31,1.20,INF,-1,0,7,0
14560,1,1,47.071,12.532,4.39,1.17,4.39,1.17,INF,-1,0,7,0
14580,1,1,45.527,12.972,4.25,1.21,4.25,1.21,INF,-1,0,7,0
14600,1,1,46.391,14.529,4.33,1.35,4.33,1.36,INF,-1,0,7,0
14620,1,1,44.762,13.218,4.18,1.23,4.18,1.24,INF,-1,0,7,0
14640,1,1,45.163,14.049,4.21,1.31,4.21,1.31,INF,-1,0,7,0
14660,1,1,44.943,12.842,4.19,1.20,4.19,1.20,INF,-1,0,7,0
14680,1,1,45.946,12.480,4.29,1.16,4.29,1.17,INF,-1,0,7,0
14700,1,1,46.184,12.890,4.31,1.20,4.31,1.20,INF,-1,1,7,0
14720,1,1,44.787,12.812,4.18,1.19,4.18,1.20,INF,-1,1,7,0
14740,1,1,42.288,11.014,3.95,1.03,3.95,1.03,INF,-1,1,7,0
14760,1,1,-9.853,-0.613,-0.92,-0.06,-0.92,-0.06,INF,-1,1,7,0
14780,1,1,-32.666,-9.885,-3.05,-0.92,-3.05,-0.92,INF,-1,1,7,0
14800,1,1,-33.705,-10.869,-3.15,-1.01,-3.15,-1.02,INF,-1,0,7,0
14820,1,1,-35.680,-10.302,-3.33,-0.96,-3.33,-0.96,INF,-1,0,7,0
14840,1,1,-35.540,-11.981,-3.32,-1.12,-3.32,-1.12,INF,-1,0,7,0
14860,1,1,-33.875,-10.233,-3.16,-0.95,-3.16,-0.96,INF,-1,0,7,0
14880,1,1,-37.419,-10.304,-3.49,-0.96,-3.49,-0.96,INF,-1,0,7,0
14900,1,1,-35.969,-9.734,-3.36,-0.91,-3.36,-0.91,INF,-1,0,7,0
14920,1,1,-37.223,-10.155,-3.47,-0.95,-3.47,-0.95,INF,-1,0,7,0
14940,1,1,-35.087,-9.567,-3.28,-0.89,-3.28,-0.89,INF,-1,0,7,0
14960,1,1,-33.398,-8.573,-3.12,-0.80,-3.12,-0.80,INF,-1,0,7,0
14980,1,1,-32.359,-10.357,-3.02,-0.97,-3.02,-0.97,INF,-1,0,7,0
15000,1,1,-32.579,-10.164,-3.04,-0.95,-3.04,-0.95,INF,-1,0,7,0
