"EyeTracker Toolbox version","3.250"
CalibrationParameters_A11,1.33170
CalibrationParameters_A12,0.07416
CalibrationParameters_A13,-0.02479
CalibrationParameters_A21,0.09122
CalibrationParameters_A22,-1.37613
CalibrationParameters_A23,-0.05846
CalibrationParameters_A31,-0.00108
CalibrationParameters_A32,0.01881
CalibrationParameters_E11,-0.18008
CalibrationParameters_E12,0.00028
CalibrationParameters_E21,0.00002
CalibrationParameters_E22,0.19999
CalibrationParameters_X,11.91260
CalibrationParameters_Y,60.20174
CalibrationParameters_Rpc,85.08622
CalibrationParameters_MeanX,161.98623
CalibrationParameters_MeanY,112.32241
CalibrationParameters_ViewDist,613.00000
TimeStamp,Tracked,Calibrated,ScreenPositionXmm,ScreenPositionYmm,FicksLongitude,FicksLatitude,HelmholtzAzimuth,HelmholtzElevation,PupilDiameter,Region,Fixation,DigitalIO,Dropped
0,1,1,15.138,18.335,1.41,1.71,1.41,1.71,INF,-1,0,7,0
20,1,1,16.289,17.885,1.52,1.67,1.52,1.67,INF,-1,0,7,0
40,1,1,15.780,18.310,1.47,1.71,1.47,1.71,INF,-1,0,7,0
60,1,1,16.949,16.967,1.58,1.58,1.58,1.59,INF,-1,0,7,0
80,1,1,16.136,18.302,1.51,1.71,1.51,1.71,INF,-1,0,7,0
100,1,1,16.530,17.464,1.54,1.63,1.54,1.63,INF,-1,0,7,0
120,1,1,15.246,17.808,1.42,1.66,1.42,1.66,INF,-1,0,7,0
140,1,1,17.228,18.341,1.61,1.71,1.61,1.71,INF,-1,0,7,0
160,1,1,16.160,18.002,1.51,1.68,1.51,1.68,INF,-1,0,7,0
180,1,1,15.162,16.212,1.42,1.51,1.42,1.51,INF,-1,0,7,0
200,1,1,15.448,17.508,1.44,1.64,1.44,1.64,INF,-1,0,7,0
220,1,1,17.023,17.471,1.59,1.63,1.59,1.63,INF,-1,0,7,0
240,1,1,16.403,17.552,1.53,1.64,1.53,1.64,INF,-1,0,7,0
260,1,1,16.390,18.336,1.53,1.71,1.53,1.71,INF,-1,0,7,0
280,1,1,16.809,17.915,1.57,1.67,1.57,1.67,INF,-1,1,7,0
300,1,1,15.909,17.725,1.49,1.66,1.49,1.66,INF,-1,1,7,0
320,1,1,2.565,18.408,0.24,1.72,0.24,1.72,INF,-1,1,7,0
340,1,1,4.251,17.741,0.40,1.66,0.40,1.66,INF,-1,1,7,0
360,1,1,4.082,16.865,0.38,1.58,0.38,1.58,INF,-1,0,7,0
380,1,1,4.407,17.136,0.41,1.60,0.41,1.60,INF,-1,0,7,0
400,1,1,5.071,18.967,0.47,1.77,0.47,1.77,INF,-1,0,7,0
420,1,1,5.092,18.525,0.48,1.73,0.48,1.73,INF,-1,0,7,0
440,1,1,4.122,17.563,0.39,1.64,0.39,1.64,INF,-1,0,7,0
460,1,1,4.480,17.182,0.42,1.61,0.42,1.61,INF,-1,0,7,0
480,1,1,4.504,15.381,0.42,1.44,0.42,1.44,INF,-1,0,7,0
500,1,1,12.986,3.944,1.21,0.37,1.21,0.37,INF,-1,0,7,0
520,1,1,12.156,4.624,1.14,0.43,1.14,0.43,INF,-1,0,7,0
540,1,1,12.125,4.292,1.13,0.40,1.13,0.40,INF,-1,0,7,0
560,1,1,12.175,5.143,1.14,0.48,1.14,0.48,INF,-1,0,7,0
580,1,1,11.390,2.725,1.06,0.25,1.06,0.25,INF,-1,0,7,0
600,1,1,12.607,2.472,1.18,0.23,1.18,0.23,INF,-1,1,7,0
620,1,1,12.124,2.891,1.13,0.27,1.13,0.27,INF,-1,0,7,0
640,1,1,10.888,3.407,1.02,0.32,1.02,0.32,INF,-1,0,7,0
660,1,1,12.260,2.562,1.15,0.24,1.15,0.24,INF,-1,0,7,0
680,1,1,12.638,2.114,1.18,0.20,1.18,0.20,INF,-1,0,7,0
700,1,1,12.241,2.990,1.14,0.28,1.14,0.28,INF,-1,0,7,0
720,1,1,12.933,2.856,1.21,0.27,1.21,0.27,INF,-1,0,7,0
740,1,1,13.238,2.356,1.24,0.22,1.24,0.22,INF,-1,0,7,0
760,1,1,12.056,2.266,1.13,0.21,1.13,0.21,INF,-1,0,7,0
780,1,1,13.074,3.364,1.22,0.31,1.22,0.31,INF,-1,0,7,0
800,1,1,11.472,3.017,1.07,0.28,1.07,0.28,INF,-1,0,7,0
820,1,1,12.271,1.998,1.15,0.19,1.15,0.19,INF,-1,0,7,0
840,1,1,15.178,15.626,1.42,1.46,1.42,1.46,INF,-1,0,7,0
860,1,1,14.489,18.998,1.35,1.77,1.35,1.78,INF,-1,1,7,0
880,1,1,13.372,17.283,1.25,1.61,1.25,1.62,INF,-1,0,7,0
900,1,1,14.372,17.815,1.34,1.66,1.34,1.66,INF,-1,0,7,0
920,1,1,13.438,18.483,1.26,1.73,1.26,1.73,INF,-1,0,7,0
940,1,1,14.652,18.766,1.37,1.75,1.37,1.75,INF,-1,0,7,0
960,1,1,13.896,18.101,1.30,1.69,1.30,1.69,INF,-1,0,7,0
980,1,1,13.676,18.508,1.28,1.73,1.28,1.73,INF,-1,0,7,0
1000,1,1,13.904,19.233,1.30,1.80,1.30,1.80,INF,-1,0,7,0
1020,1,1,15.070,19.027,1.41,1.78,1.41,1.78,INF,-1,0,7,0
1040,1,1,14.650,18.533,1.37,1.73,1.37,1.73,INF,-1,0,7,0
1060,1,1,14.066,18.957,1.31,1.77,1.31,1.77,INF,-1,0,7,0
1080,1,1,14.699,18.137,1.37,1.69,1.37,1.69,INF,-1,0,7,0
1100,1,1,13.364,18.912,1.25,1.77,1.25,1.77,INF,-1,0,7,0
1120,1,1,14.465,17.334,1.35,1.62,1.35,1.62,INF,-1,1,7,0
1140,1,1,13.398,18.528,1.25,1.73,1.25,1.73,INF,-1,1,7,0
1160,1,1,14.117,17.605,1.32,1.64,1.32,1.65,INF,-1,1,7,0
1180,1,1,16.205,18.136,1.51,1.69,1.51,1.69,INF,-1,1,7,0
1200,1,1,14.470,18.188,1.35,1.70,1.35,1.70,INF,-1,1,7,0
1220,1,1,14.430,19.926,1.35,1.86,1.35,1.86,INF,-1,1,7,0
1240,1,1,11.596,31.353,1.08,2.93,1.08,2.93,INF,-1,1,7,0
1260,1,1,9.822,32.986,0.92,3.08,0.92,3.08,INF,-1,1,7,0
1280,1,1,9.647,33.439,0.90,3.12,0.90,3.12,INF,-1,0,7,0
1300,1,1,10.350,33.028,0.97,3.08,0.97,3.08,INF,-1,0,7,0
1320,1,1,9.543,33.453,0.89,3.12,0.89,3.12,INF,-1,0,7,0
1340,1,1,9.378,32.356,0.88,3.02,0.88,3.02,INF,-1,0,7,0
1360,1,1,9.358,33.009,0.87,3.08,0.87,3.08,INF,-1,0,7,0
1380,1,1,9.714,33.173,0.91,3.10,0.91,3.10,INF,-1,0,7,0
1400,1,1,8.231,32.981,0.77,3.08,0.77,3.08,INF,-1,0,7,0
1420,1,1,9.586,34.078,0.90,3.18,0.89,3.18,INF,-1,0,7,0
1440,1,1,8.520,33.629,0.80,3.14,0.80,3.14,INF,-1,0,7,0
1460,1,1,9.757,32.957,0.91,3.08,0.91,3.08,INF,-1,0,7,0
1480,1,1,8.547,32.221,0.80,3.01,0.80,3.01,INF,-1,0,7,0
1500,1,1,9.082,32.666,0.85,3.05,0.85,3.05,INF,-1,0,7,0
1520,1,1,5.824,0.367,0.54,0.03,0.54,0.03,INF,-1,1,7,0
1540,1,1,9.038,-5.680,0.84,-0.53,0.84,-0.53,INF,-1,1,7,0
1560,1,1,9.340,-6.736,0.87,-0.63,0.87,-0.63,INF,-1,0,7,0
1580,1,1,9.065,-5.218,0.85,-0.49,0.85,-0.49,INF,-1,0,7,0
1600,1,1,8.825,-4.653,0.82,-0.43,0.82,-0.43,INF,-1,0,7,0
1620,1,1,9.872,-6.488,0.92,-0.61,0.92,-0.61,INF,-1,0,7,0
1640,1,1,8.268,-5.582,0.77,-0.52,0.77,-0.52,INF,-1,0,7,0
1660,1,1,8.706,-6.531,0.81,-0.61,0.81,-0.61,INF,-1,0,7,0
1680,1,1,9.966,-7.132,0.93,-0.67,0.93,-0.67,INF,-1,0,7,0
1700,1,1,10.370,-7.166,0.97,-0.67,0.97,-0.67,INF,-1,0,7,0
1720,1,1,7.948,-7.986,0.74,-0.75,0.74,-0.75,INF,-1,0,7,0
1740,1,1,9.168,-8.907,0.86,-0.83,0.86,-0.83,INF,-1,0,7,0
1760,1,1,9.019,-6.183,0.84,-0.58,0.84,-0.58,INF,-1,0,7,0
1780,1,1,8.732,-6.614,0.82,-0.62,0.82,-0.62,INF,-1,0,7,0
1800,1,1,8.590,-7.067,0.80,-0.66,0.80,-0.66,INF,-1,1,7,0
1820,1,1,13.824,2.862,1.29,0.27,1.29,0.27,INF,-1,1,7,0
1840,1,1,12.967,14.038,1.21,1.31,1.21,1.31,INF,-1,1,7,0
1860,1,1,13.605,13.630,1.27,1.27,1.27,1.27,INF,-1,0,7,0
1880,1,1,13.598,11.985,1.27,1.12,1.27,1.12,INF,-1,0,7,0
1900,1,1,12.408,13.403,1.16,1.25,1.16,1.25,INF,-1,0,7,0
1920,1,1,12.449,13.741,1.16,1.28,1.16,1.28,INF,-1,0,7,0
1940,1,1,12.244,12.803,1.14,1.20,1.14,1.20,INF,-1,0,7,0
1960,1,1,12.822,13.969,1.20,1.31,1.20,1.31,INF,-1,0,7,0
1980,1,1,12.499,13.429,1.17,1.25,1.17,1.25,INF,-1,0,7,0
2000,1,1,12.177,13.993,1.14,1.31,1.14,1.31,INF,-1,0,7,0
2020,1,1,12.288,13.648,1.15,1.28,1.15,1.28,INF,-1,0,7,0
2040,1,1,12.256,14.820,1.15,1.38,1.15,1.38,INF,-1,0,7,0
2060,1,1,12.950,11.772,1.21,1.10,1.21,1.10,INF,-1,0,7,0
2080,1,1,12.494,11.910,1.17,1.11,1.17,1.11,INF,-1,0,7,0
2100,1,1,12.172,12.439,1.14,1.16,1.14,1.16,INF,-1,1,7,0
2120,1,1,12.716,12.739,1.19,1.19,1.19,1.19,INF,-1,1,7,0
2140,1,1,12.106,12.975,1.13,1.21,1.13,1.21,INF,-1,1,7,0
2160,1,1,12.626,14.397,1.18,1.35,1.18,1.35,INF,-1,1,7,0
2180,1,1,14.090,12.141,1.32,1.13,1.32,1.13,INF,-1,1,7,0
2200,1,1,13.406,13.477,1.25,1.26,1.25,1.26,INF,-1,1,7,0
2220,1,1,11.823,12.816,1.10,1.20,1.10,1.20,INF,-1,1,7,0
2240,1,1,12.440,13.608,1.16,1.27,1.16,1.27,INF,-1,1,7,0
2260,1,1,14.038,13.068,1.31,1.22,1.31,1.22,INF,-1,1,7,0
2280,1,1,12.226,14.080,1.14,1.32,1.14,1.32,INF,-1,1,7,0
2300,1,1,12.211,14.208,1.14,1.33,1.14,1.33,INF,-1,1,7,0
2320,1,1,13.260,13.933,1.24,1.30,1.24,1.30,INF,-1,1,7,0
2340,1,1,10.846,12.725,1.01,1.19,1.01,1.19,INF,-1,1,7,0
2360,1,1,13.124,12.640,1.23,1.18,1.23,1.18,INF,-1,1,7,0
2380,1,1,14.392,10.725,1.34,1.00,1.34,1.00,INF,-1,1,7,0
2400,1,1,15.440,-9.888,1.44,-0.92,1.44,-0.92,INF,-1,1,7,0
2420,1,1,16.282,-7.842,1.52,-0.73,1.52,-0.73,INF,-1,1,7,0
2440,1,1,15.873,-9.917,1.48,-0.93,1.48,-0.93,INF,-1,0,7,0
2460,1,1,16.390,-9.630,1.53,-0.90,1.53,-0.90,INF,-1,0,7,0
2480,1,1,15.056,-9.533,1.41,-0.89,1.41,-0.89,INF,-1,0,7,0
2500,1,1,16.136,-8.753,1.51,-0.82,1.51,-0.82,INF,-1,0,7,0
2520,1,1,14.756,-9.794,1.38,-0.92,1.38,-0.92,INF,-1,0,7,0
2540,1,1,15.217,-9.678,1.42,-0.90,1.42,-0.90,INF,-1,0,7,0
2560,1,1,16.817,-10.315,1.57,-0.96,1.57,-0.96,INF,-1,0,7,0
2580,1,1,15.639,-9.437,1.46,-0.88,1.46,-0.88,INF,-1,0,7,0
2600,1,1,15.245,-9.764,1.42,-0.91,1.42,-0.91,INF,-1,0,7,0
2620,1,1,15.624,-10.561,1.46,-0.99,1.46,-0.99,INF,-1,0,7,0
2640,1,1,14.655,-12.051,1.37,-1.13,1.37,-1.13,INF,-1,0,7,0
2660,1,1,15.374,-10.174,1.44,-0.95,1.44,-0.95,INF,-1,0,7,0
2680,1,1,15.016,-11.033,1.40,-1.03,1.40,-1.03,INF,-1,1,7,0
2700,1,1,16.147,-11.043,1.51,-1.03,1.51,-1.03,INF,-1,1,7,0
2720,1,1,20.262,-11.123,1.89,-1.04,1.89,-1.04,INF,-1,1,7,0
2740,1,1,19.961,-11.789,1.87,-1.10,1.86,-1.10,INF,-1,1,7,0
2760,1,1,19.155,-11.328,1.79,-1.06,1.79,-1.06,INF,-1,1,7,0
2780,1,1,19.569,-10.304,1.83,-0.96,1.83,-0.96,INF,-1,1,7,0
2800,1,1,19.465,-10.519,1.82,-0.98,1.82,-0.98,INF,-1,1,7,0
2820,1,1,19.464,-10.665,1.82,-1.00,1.82,-1.00,INF,-1,1,7,0
2840,1,1,20.224,-8.315,1.89,-0.78,1.89,-0.78,INF,-1,1,7,0
2860,1,1,19.719,-9.657,1.84,-0.90,1.84,-0.90,INF,-1,1,7,0
2880,1,1,20.423,-8.387,1.91,-0.78,1.91,-0.78,INF,-1,1,7,0
2900,1,1,19.277,-8.951,1.80,-0.84,1.80,-0.84,INF,-1,1,7,0
2920,1,1,19.134,-10.078,1.79,-0.94,1.79,-0.94,INF,-1,1,7,0
2940,1,1,6.758,-3.987,0.63,-0.37,0.63,-0.37,INF,-1,1,7,0
2960,1,1,9.307,-4.593,0.87,-0.43,0.87,-0.43,INF,-1,1,7,0
2980,1,1,10.113,-4.114,0.95,-0.38,0.95,-0.38,INF,-1,1,7,0
3000,1,1,9.061,-4.543,0.85,-0.42,0.85,-0.42,INF,-1,1,7,0
3020,1,1,8.220,-5.617,0.77,-0.52,0.77,-0.53,INF,-1,1,7,0
3040,1,1,8.372,-4.728,0.78,-0.44,0.78,-0.44,INF,-1,1,7,0
3060,1,1,7.693,-5.399,0.72,-0.50,0.72,-0.50,INF,-1,1,7,0
3080,1,1,9.297,-4.545,0.87,-0.42,0.87,-0.42,INF,-1,1,7,0
3100,1,1,8.307,-4.892,0.78,-0.46,0.78,-0.46,INF,-1,1,7,0
3120,1,1,7.463,-4.665,0.70,-0.44,0.70,-0.44,INF,-1,1,7,0
3140,1,1,8.677,-4.486,0.81,-0.42,0.81,-0.42,INF,-1,1,7,0
3160,1,1,8.860,-5.120,0.83,-0.48,0.83,-0.48,INF,-1,1,7,0
3180,1,1,8.729,-6.986,0.82,-0.65,0.82,-0.65,INF,-1,1,7,0
3200,1,1,7.528,-6.107,0.70,-0.57,0.70,-0.57,INF,-1,1,7,0
3220,1,1,7.430,-7.292,0.69,-0.68,0.69,-0.68,INF,-1,1,7,0
3240,1,1,7.261,-6.024,0.68,-0.56,0.68,-0.56,INF,-1,1,7,0
3260,1,1,7.891,-5.476,0.74,-0.51,0.74,-0.51,INF,-1,1,7,0
3280,1,1,8.267,-4.583,0.77,-0.43,0.77,-0.43,INF,-1,1,7,0
3300,1,1,13.753,12.082,1.29,1.13,1.29,1.13,INF,-1,1,7,0
3320,1,1,12.904,17.460,1.21,1.63,1.21,1.63,INF,-1,1,7,0
3340,1,1,12.907,17.165,1.21,1.60,1.21,1.60,INF,-1,0,7,0
3360,1,1,11.757,15.702,1.10,1.47,1.10,1.47,INF,-1,0,7,0
3380,1,1,12.718,16.246,1.19,1.52,1.19,1.52,INF,-1,0,7,0
3400,1,1,12.962,16.885,1.21,1.58,1.21,1.58,INF,-1,0,7,0
3420,1,1,12.813,15.819,1.20,1.48,1.20,1.48,INF,-1,0,7,0
3440,1,1,11.678,15.596,1.09,1.46,1.09,1.46,INF,-1,0,7,0
3460,1,1,11.939,15.286,1.12,1.43,1.12,1.43,INF,-1,0,7,0
3480,1,1,13.053,14.430,1.22,1.35,1.22,1.35,INF,-1,0,7,0
3500,1,1,11.851,16.435,1.11,1.54,1.11,1.54,INF,-1,0,7,0
3520,1,1,11.962,15.523,1.12,1.45,1.12,1.45,INF,-1,0,7,0
3540,1,1,12.240,15.083,1.14,1.41,1.14,1.41,INF,-1,0,7,0
3560,1,1,12.913,15.582,1.21,1.46,1.21,1.46,INF,-1,0,7,0
3580,1,1,12.136,15.664,1.13,1.46,1.13,1.46,INF,-1,1,7,0
3600,1,1,12.201,16.664,1.14,1.56,1.14,1.56,INF,-1,1,7,0
3620,1,1,11.898,15.644,1.11,1.46,1.11,1.46,INF,-1,1,7,0
3640,1,1,12.635,14.838,1.18,1.39,1.18,1.39,INF,-1,1,7,0
3660,1,1,11.429,14.602,1.07,1.36,1.07,1.36,INF,-1,1,7,0
3680,1,1,11.924,14.154,1.11,1.32,1.11,1.32,INF,-1,1,7,0
3700,1,1,6.331,35.678,0.59,3.33,0.59,3.33,INF,-1,1,7,0
3720,1,1,9.464,38.833,0.88,3.62,0.88,3.62,INF,-1,1,7,0
3740,1,1,9.329,36.597,0.87,3.42,0.87,3.42,INF,-1,0,7,0
3760,1,1,8.618,37.197,0.81,3.47,0.80,3.47,INF,-1,0,7,0
3780,1,1,8.826,37.766,0.82,3.53,0.82,3.53,INF,-1,0,7,0
3800,1,1,10.468,37.012,0.98,3.45,0.98,3.46,INF,-1,0,7,0
3820,1,1,9.465,37.813,0.88,3.53,0.88,3.53,INF,-1,0,7,0
3840,1,1,9.863,37.582,0.92,3.51,0.92,3.51,INF,-1,0,7,0
3860,1,1,9.682,37.450,0.90,3.50,0.90,3.50,INF,-1,0,7,0
3880,1,1,9.177,38.036,0.86,3.55,0.86,3.55,INF,-1,0,7,0
3900,1,1,9.835,35.444,0.92,3.31,0.92,3.31,INF,-1,0,7,0
3920,1,1,9.485,36.771,0.89,3.43,0.88,3.43,INF,-1,0,7,0
3940,1,1,9.291,36.525,0.87,3.41,0.87,3.41,INF,-1,0,7,0
3960,1,1,12.289,34.717,1.15,3.24,1.15,3.24,INF,-1,0,7,0
3980,1,1,12.285,35.135,1.15,3.28,1.15,3.28,INF,-1,1,7,0
4000,1,1,11.486,34.629,1.07,3.23,1.07,3.23,INF,-1,1,7,0
4020,1,1,10.712,35.103,1.00,3.28,1.00,3.28,INF,-1,1,7,0
4040,1,1,11.535,34.489,1.08,3.22,1.08,3.22,INF,-1,1,7,0
4060,1,1,11.977,33.109,1.12,3.09,1.12,3.09,INF,-1,1,7,0
4080,1,1,11.675,35.465,1.09,3.31,1.09,3.31,INF,-1,1,7,0
4100,1,1,10.841,35.670,1.01,3.33,1.01,3.33,INF,-1,1,7,0
4120,1,1,11.764,35.833,1.10,3.34,1.10,3.35,INF,-1,1,7,0
4140,1,1,10.845,34.341,1.01,3.21,1.01,3.21,INF,-1,1,7,0
4160,1,1,10.254,34.435,0.96,3.21,0.96,3.22,INF,-1,1,7,0
4180,1,1,11.144,34.188,1.04,3.19,1.04,3.19,INF,-1,1,7,0
4200,1,1,10.713,33.890,1.00,3.16,1.00,3.16,INF,-1,1,7,0
4220,1,1,9.802,34.005,0.92,3.17,0.91,3.18,INF,-1,1,7,0
4240,1,1,10.239,32.378,0.96,3.02,0.96,3.02,INF,-1,1,7,0
4260,1,1,26.601,10.385,2.48,0.97,2.48,0.97,INF,-1,1,7,0
4280,1,1,26.232,8.857,2.45,0.83,2.45,0.83,INF,-1,1,7,0
4300,1,1,27.761,10.065,2.59,0.94,2.59,0.94,INF,-1,0,7,0
4320,1,1,26.681,10.613,2.49,0.99,2.49,0.99,INF,-1,0,7,0
4340,1,1,27.482,8.997,2.57,0.84,2.57,0.84,INF,-1,0,7,0
4360,1,1,26.463,9.399,2.47,0.88,2.47,0.88,INF,-1,0,7,0
4380,1,1,28.026,9.986,2.62,0.93,2.62,0.93,INF,-1,0,7,0
4400,1,1,27.365,9.219,2.56,0.86,2.56,0.86,INF,-1,0,7,0
4420,1,1,26.272,10.436,2.45,0.97,2.45,0.98,INF,-1,0,7,0
4440,1,1,26.654,8.428,2.49,0.79,2.49,0.79,INF,-1,0,7,0
4460,1,1,26.394,9.548,2.47,0.89,2.47,0.89,INF,-1,0,7,0
4480,1,1,26.821,9.693,2.51,0.91,2.51,0.91,INF,-1,0,7,0
4500,1,1,27.462,6.635,2.57,0.62,2.56,0.62,INF,-1,0,7,0
4520,1,1,33.676,-4.519,3.14,-0.42,3.14,-0.42,INF,-1,0,7,0
4540,1,1,34.799,-1.527,3.25,-0.14,3.25,-0.14,INF,-1,1,7,0
4560,1,1,34.433,-2.609,3.21,-0.24,3.21,-0.24,INF,-1,0,7,0
4580,1,1,35.071,-2.462,3.27,-0.23,3.27,-0.23,INF,-1,0,7,0
4600,1,1,35.023,-3.600,3.27,-0.34,3.27,-0.34,INF,-1,0,7,0
4620,1,1,35.921,-3.615,3.35,-0.34,3.35,-0.34,INF,-1,0,7,0
4640,1,1,34.835,-4.359,3.25,-0.41,3.25,-0.41,INF,-1,0,7,0
4660,1,1,35.293,-4.387,3.30,-0.41,3.29,-0.41,INF,-1,0,7,0
4680,1,1,35.357,-4.374,3.30,-0.41,3.30,-0.41,INF,-1,0,7,0
4700,1,1,35.231,-3.938,3.29,-0.37,3.29,-0.37,INF,-1,0,7,0
4720,1,1,35.725,-2.956,3.34,-0.28,3.34,-0.28,INF,-1,0,7,0
4740,1,1,36.266,-3.765,3.39,-0.35,3.39,-0.35,INF,-1,0,7,0
4760,1,1,35.631,-5.303,3.33,-0.49,3.33,-0.50,INF,-1,0,7,0
4780,1,1,36.918,-3.195,3.45,-0.30,3.45,-0.30,INF,-1,0,7,0
4800,1,1,35.426,-3.862,3.31,-0.36,3.31,-0.36,INF,-1,1,7,0
4820,1,1,-6.930,-15.706,-0.65,-1.47,-0.65,-1.47,INF,-1,1,7,0
4840,1,1,-47.935,-3.914,-4.47,-0.36,-4.47,-0.37,INF,-1,1,7,0
4860,1,1,-46.921,-6.320,-4.38,-0.59,-4.38,-0.59,INF,-1,0,7,0
4880,1,1,-47.803,-3.195,-4.46,-0.30,-4.46,-0.30,INF,-1,0,7,0
4900,1,1,-47.327,-2.880,-4.41,-0.27,-4.41,-0.27,INF,-1,0,7,0
4920,1,1,-47.560,-2.821,-4.44,-0.26,-4.44,-0.26,INF,-1,0,7,0
4940,1,1,-48.405,-4.213,-4.51,-0.39,-4.51,-0.39,INF,-1,0,7,0
4960,1,1,-47.954,-4.008,-4.47,-0.37,-4.47,-0.37,INF,-1,0,7,0
4980,1,1,-47.433,-2.866,-4.42,-0.27,-4.42,-0.27,INF,-1,0,7,0
5000,1,1,-47.689,-3.496,-4.45,-0.33,-4.45,-0.33,INF,-1,0,7,0
5020,1,1,-46.930,-4.860,-4.38,-0.45,-4.38,-0.45,INF,-1,0,7,0
5040,1,1,-48.328,-3.570,-4.51,-0.33,-4.51,-0.33,INF,-1,0,7,0
5060,1,1,-46.848,-2.420,-4.37,-0.23,-4.37,-0.23,INF,-1,0,7,0
5080,1,1,-48.736,-1.521,-4.55,-0.14,-4.55,-0.14,INF,-1,0,7,0
5100,1,1,-70.206,-0.651,-6.53,-0.06,-6.53,-0.06,INF,-1,0,7,0
5120,1,1,-66.155,-0.117,-6.16,-0.01,-6.16,-0.01,INF,-1,1,7,0
5140,1,1,-66.767,-0.023,-6.22,0.00,-6.22,0.00,INF,-1,0,7,0
5160,1,1,-65.916,-0.101,-6.14,-0.01,-6.14,-0.01,INF,-1,0,7,0
5180,1,1,-67.241,-1.314,-6.26,-0.12,-6.26,-0.12,INF,-1,0,7,0
5200,1,1,-66.861,-0.481,-6.22,-0.04,-6.22,-0.04,INF,-1,0,7,0
5220,1,1,-67.230,0.092,-6.26,0.01,-6.26,0.01,INF,-1,0,7,0
5240,1,1,-67.956,-0.964,-6.33,-0.09,-6.33,-0.09,INF,-1,0,7,0
5260,1,1,-67.114,-0.451,-6.25,-0.04,-6.25,-0.04,INF,-1,0,7,0
5280,1,1,-66.012,-1.178,-6.15,-0.11,-6.15,-0.11,INF,-1,0,7,0
5300,1,1,-65.818,-0.609,-6.13,-0.06,-6.13,-0.06,INF,-1,0,7,0
5320,1,1,-67.717,-1.900,-6.30,-0.18,-6.30,-0.18,INF,-1,0,7,0
5340,1,1,-67.408,-2.277,-6.28,-0.21,-6.28,-0.21,INF,-1,0,7,0
5360,1,1,-66.641,-0.354,-6.20,-0.03,-6.20,-0.03,INF,-1,0,7,0
5380,1,1,-66.188,-0.495,-6.16,-0.05,-6.16,-0.05,INF,-1,1,7,0
5400,1,1,-66.569,-1.314,-6.20,-0.12,-6.20,-0.12,INF,-1,1,7,0
5420,1,1,-68.076,-1.048,-6.34,-0.10,-6.34,-0.10,INF,-1,1,7,0
5440,1,1,-66.236,-1.066,-6.17,-0.10,-6.17,-0.10,INF,-1,1,7,0
5460,1,1,-65.932,-0.874,-6.14,-0.08,-6.14,-0.08,INF,-1,1,7,0
5480,1,1,-63.503,1.393,-5.91,0.13,-5.91,0.13,INF,-1,1,7,0
5500,1,1,-63.367,0.982,-5.90,0.09,-5.90,0.09,INF,-1,1,7,0
5520,1,1,-64.031,1.656,-5.96,0.15,-5.96,0.15,INF,-1,1,7,0
5540,1,1,-65.518,0.967,-6.10,0.09,-6.10,0.09,INF,-1,1,7,0
5560,1,1,-65.561,0.247,-6.10,0.02,-6.10,0.02,INF,-1,1,7,0
5580,1,1,-63.730,1.465,-5.94,0.14,-5.94,0.14,INF,-1,1,7,0
5600,1,1,-63.690,1.091,-5.93,0.10,-5.93,0.10,INF,-1,1,7,0
5620,1,1,-63.782,1.164,-5.94,0.11,-5.94,0.11,INF,-1,1,7,0
5640,1,1,-64.235,-0.039,-5.98,0.00,-5.98,0.00,INF,-1,1,7,0
5660,1,1,-64.821,-0.673,-6.04,-0.06,-6.04,-0.06,INF,-1,1,7,0
5680,1,1,-36.863,15.467,-3.44,1.44,-3.44,1.45,INF,-1,1,7,0
5700,1,1,-35.572,17.044,-3.32,1.59,-3.32,1.59,INF,-1,1,7,0
5720,1,1,-36.231,16.923,-3.38,1.58,-3.38,1.58,INF,-1,0,7,0
5740,1,1,-36.561,16.852,-3.41,1.57,-3.41,1.57,INF,-1,0,7,0
5760,1,1,-35.576,16.239,-3.32,1.51,-3.32,1.52,INF,-1,0,7,0
5780,1,1,-35.810,15.985,-3.34,1.49,-3.34,1.49,INF,-1,0,7,0
5800,1,1,-35.316,15.252,-3.30,1.42,-3.30,1.43,INF,-1,0,7,0
5820,1,1,-36.244,14.950,-3.38,1.39,-3.38,1.40,INF,-1,0,7,0
5840,1,1,-37.314,14.653,-3.48,1.37,-3.48,1.37,INF,-1,0,7,0
5860,1,1,-34.770,15.743,-3.25,1.47,-3.25,1.47,INF,-1,0,7,0
5880,1,1,-34.794,15.300,-3.25,1.43,-3.25,1.43,INF,-1,0,7,0
5900,1,1,-34.949,15.233,-3.26,1.42,-3.26,1.42,INF,-1,0,7,0
5920,1,1,-36.674,15.749,-3.42,1.47,-3.42,1.47,INF,-1,0,7,0
5940,1,1,-35.967,16.511,-3.36,1.54,-3.36,1.54,INF,-1,0,7,0
5960,1,1,-35.081,14.223,-3.28,1.33,-3.27,1.33,INF,-1,1,7,0
5980,1,1,-35.852,14.956,-3.35,1.40,-3.35,1.40,INF,-1,1,7,0
6000,1,1,-36.435,13.100,-3.40,1.22,-3.40,1.22,INF,-1,1,7,0
6020,1,1,-37.823,13.737,-3.53,1.28,-3.53,1.28,INF,-1,1,7,0
6040,1,1,-36.461,14.737,-3.40,1.37,-3.40,1.38,INF,-1,1,7,0
6060,1,1,-36.309,13.944,-3.39,1.30,-3.39,1.30,INF,-1,1,7,0
6080,1,1,-36.256,13.963,-3.38,1.30,-3.38,1.30,INF,-1,1,7,0
6100,1,1,-35.344,14.668,-3.30,1.37,-3.30,1.37,INF,-1,1,7,0
6120,1,1,-35.334,13.467,-3.30,1.26,-3.30,1.26,INF,-1,1,7,0
6140,1,1,-34.507,13.493,-3.22,1.26,-3.22,1.26,INF,-1,1,7,0
6160,1,1,-36.777,12.625,-3.43,1.18,-3.43,1.18,INF,-1,1,7,0
6180,1,1,-35.896,14.154,-3.35,1.32,-3.35,1.32,INF,-1,1,7,0
6200,1,1,-35.939,15.007,-3.36,1.40,-3.35,1.40,INF,-1,1,7,0
6220,1,1,-54.882,-11.095,-5.12,-1.03,-5.12,-1.04,INF,-1,1,7,0
6240,1,1,-49.069,-8.488,-4.58,-0.79,-4.58,-0.79,INF,-1,1,7,0
6260,1,1,-49.263,-10.029,-4.59,-0.93,-4.59,-0.94,INF,-1,0,7,0
6280,1,1,-49.182,-11.604,-4.59,-1.08,-4.59,-1.08,INF,-1,0,7,0
6300,1,1,-49.579,-10.320,-4.62,-0.96,-4.62,-0.96,INF,-1,0,7,0
6320,1,1,-48.228,-10.581,-4.50,-0.99,-4.50,-0.99,INF,-1,0,7,0
6340,1,1,-50.328,-11.952,-4.69,-1.11,-4.69,-1.12,INF,-1,0,7,0
6360,1,1,-48.662,-10.854,-4.54,-1.01,-4.54,-1.01,INF,-1,0,7,0
6380,1,1,-48.912,-10.009,-4.56,-0.93,-4.56,-0.94,INF,-1,0,7,0
6400,1,1,-49.296,-12.255,-4.60,-1.14,-4.60,-1.15,INF,-1,0,7,0
6420,1,1,-71.238,-9.242,-6.63,-0.86,-6.63,-0.86,INF,-1,0,7,0
6440,1,1,-71.193,0.172,-6.62,0.02,-6.62,0.02,INF,-1,0,7,0
6460,1,1,-72.387,-0.583,-6.73,-0.05,-6.73,-0.05,INF,-1,0,7,0
6480,1,1,-72.759,0.117,-6.77,0.01,-6.77,0.01,INF,-1,0,7,0
6500,1,1,-72.974,-1.018,-6.79,-0.09,-6.79,-0.10,INF,-1,0,7,0
6520,1,1,-72.561,-0.953,-6.75,-0.09,-6.75,-0.09,INF,-1,0,7,0
6540,1,1,-71.713,-0.866,-6.67,-0.08,-6.67,-0.08,INF,-1,0,7,0
6560,1,1,-72.902,-2.093,-6.78,-0.19,-6.78,-0.20,INF,-1,0,7,0
6580,1,1,-72.649,-2.387,-6.76,-0.22,-6.76,-0.22,INF,-1,0,7,0
6600,1,1,-72.836,-2.219,-6.78,-0.21,-6.78,-0.21,INF,-1,1,7,0
6620,1,1,-73.568,-0.759,-6.84,-0.07,-6.84,-0.07,INF,-1,1,7,0
6640,1,1,-72.951,-1.353,-6.79,-0.13,-6.79,-0.13,INF,-1,1,7,0
6660,1,1,-73.530,-2.104,-6.84,-0.20,-6.84,-0.20,INF,-1,1,7,0
6680,1,1,-71.761,-1.134,-6.68,-0.11,-6.68,-0.11,INF,-1,1,7,0
6700,1,1,-66.549,0.763,-6.20,0.07,-6.20,0.07,INF,-1,1,7,0
6720,1,1,-66.452,0.419,-6.19,0.04,-6.19,0.04,INF,-1,1,7,0
6740,1,1,-66.590,2.162,-6.20,0.20,-6.20,0.20,INF,-1,1,7,0
6760,1,1,-65.590,1.707,-6.11,0.16,-6.11,0.16,INF,-1,1,7,0
6780,1,1,-66.400,1.727,-6.18,0.16,-6.18,0.16,INF,-1,1,7,0
6800,1,1,-66.151,2.421,-6.16,0.23,-6.16,0.23,INF,-1,1,7,0
6820,1,1,-66.032,1.787,-6.15,0.17,-6.15,0.17,INF,-1,1,7,0
6840,1,1,-65.530,1.649,-6.10,0.15,-6.10,0.15,INF,-1,1,7,0
6860,1,1,-65.603,0.962,-6.11,0.09,-6.11,0.09,INF,-1,1,7,0
6880,1,1,-65.319,1.547,-6.08,0.14,-6.08,0.14,INF,-1,1,7,0
6900,1,1,-65.711,1.279,-6.12,0.12,-6.12,0.12,INF,-1,1,7,0
6920,1,1,-64.991,1.934,-6.05,0.18,-6.05,0.18,INF,-1,1,7,0
6940,1,1,-65.632,1.380,-6.11,0.13,-6.11,0.13,INF,-1,1,7,0
6960,1,1,-65.297,2.284,-6.08,0.21,-6.08,0.21,INF,-1,1,7,0
6980,1,1,-64.521,1.680,-6.01,0.16,-6.01,0.16,INF,-1,1,7,0
7000,1,1,-64.288,1.218,-5.99,0.11,-5.99,0.11,INF,-1,1,7,0
7020,1,1,-64.499,1.783,-6.01,0.17,-6.01,0.17,INF,-1,1,7,0
7040,1,1,-65.269,2.175,-6.08,0.20,-6.08,0.20,INF,-1,1,7,0
7060,1,1,-64.482,1.457,-6.00,0.14,-6.00,0.14,INF,-1,1,7,0
7080,1,1,-64.807,2.315,-6.03,0.22,-6.03,0.22,INF,-1,1,7,0
7100,1,1,-65.310,2.308,-6.08,0.21,-6.08,0.22,INF,-1,1,7,0
7120,1,1,-65.522,1.437,-6.10,0.13,-6.10,0.13,INF,-1,1,7,0
7140,1,1,-62.570,0.203,-5.83,0.02,-5.83,0.02,INF,-1,1,7,0
7160,1,1,18.813,-6.158,1.76,-0.58,1.76,-0.58,INF,-1,1,7,0
7180,1,1,53.183,-5.619,4.96,-0.52,4.96,-0.53,INF,-1,1,7,0
7200,1,1,49.314,-3.067,4.60,-0.29,4.60,-0.29,INF,-1,0,7,0
7220,1,1,48.898,-2.615,4.56,-0.24,4.56,-0.24,INF,-1,0,7,0
7240,1,1,49.599,-3.165,4.63,-0.29,4.63,-0.30,INF,-1,0,7,0
7260,1,1,48.180,-3.106,4.49,-0.29,4.49,-0.29,INF,-1,0,7,0
7280,1,1,47.705,-4.850,4.45,-0.45,4.45,-0.45,INF,-1,0,7,0
7300,1,1,47.946,-3.930,4.47,-0.37,4.47,-0.37,INF,-1,0,7,0
7320,1,1,49.235,-4.493,4.59,-0.42,4.59,-0.42,INF,-1,0,7,0
7340,1,1,47.350,-5.194,4.42,-0.48,4.42,-0.49,INF,-1,0,7,0
7360,1,1,49.503,-3.596,4.62,-0.33,4.62,-0.34,INF,-1,0,7,0
7380,1,1,48.189,-4.399,4.49,-0.41,4.49,-0.41,INF,-1,0,7,0
7400,1,1,48.593,-4.245,4.53,-0.40,4.53,-0.40,INF,-1,0,7,0
7420,1,1,47.687,-4.009,4.45,-0.37,4.45,-0.37,INF,-1,0,7,0
7440,1,1,48.139,-5.354,4.49,-0.50,4.49,-0.50,INF,-1,0,7,0
7460,1,1,48.080,-2.801,4.48,-0.26,4.48,-0.26,INF,-1,1,7,0
7480,1,1,46.957,-3.281,4.38,-0.31,4.38,-0.31,INF,-1,1,7,0
7500,1,1,47.542,-4.221,4.43,-0.39,4.43,-0.39,INF,-1,1,7,0
7520,1,1,46.842,-5.120,4.37,-0.48,4.37,-0.48,INF,-1,1,7,0
7540,1,1,49.276,-3.334,4.60,-0.31,4.60,-0.31,INF,-1,1,7,0
7560,1,1,48.070,-3.645,4.48,-0.34,4.48,-0.34,INF,-1,1,7,0
7580,1,1,49.014,-2.952,4.57,-0.28,4.57,-0.28,INF,-1,1,7,0
7600,1,1,48.842,-2.773,4.56,-0.26,4.56,-0.26,INF,-1,1,7,0
7620,1,1,49.301,-4.549,4.60,-0.42,4.60,-0.43,INF,-1,1,7,0
7640,1,1,48.371,-5.005,4.51,-0.47,4.51,-0.47,INF,-1,1,7,0
7660,1,1,47.906,-3.809,4.47,-0.35,4.47,-0.36,INF,-1,1,7,0
7680,1,1,49.622,-20.119,4.63,-1.87,4.63,-1.88,INF,-1,1,7,0
7700,1,1,53.232,-47.797,4.96,-4.44,4.95,-4.46,INF,-1,1,7,0
7720,1,1,55.423,-45.590,5.17,-4.24,5.15,-4.25,INF,-1,0,7,0
7740,1,1,54.317,-46.090,5.06,-4.28,5.05,-4.30,INF,-1,0,7,0
7760,1,1,55.610,-45.708,5.18,-4.25,5.17,-4.26,INF,-1,0,7,0
7780,1,1,56.361,-46.424,5.25,-4.31,5.24,-4.33,INF,-1,0,7,0
7800,1,1,55.024,-45.389,5.13,-4.22,5.12,-4.23,INF,-1,0,7,0
7820,1,1,57.185,-46.818,5.33,-4.35,5.31,-4.37,INF,-1,0,7,0
7840,1,1,56.319,-45.697,5.25,-4.25,5.23,-4.26,INF,-1,0,7,0
7860,1,1,57.602,-46.935,5.37,-4.36,5.35,-4.38,INF,-1,0,7,0
7880,0,1,0.000,0.000,0.00,0.00,0.00,0.00,0.00,-1,0,7,0
7900,1,1,56.191,-43.643,5.24,-4.06,5.22,-4.07,INF,-1,0,7,0
7920,1,1,55.584,-45.116,5.18,-4.19,5.17,-4.21,INF,-1,0,7,0
7940,1,1,55.696,-44.863,5.19,-4.17,5.18,-4.19,INF,-1,0,7,0
7960,1,1,55.396,-46.411,5.16,-4.31,5.15,-4.33,INF,-1,0,7,0
7980,1,1,55.103,-43.334,5.14,-4.03,5.12,-4.04,INF,-1,1,7,0
8000,1,1,55.547,-44.272,5.18,-4.11,5.16,-4.13,INF,-1,1,7,0
8020,1,1,55.075,-42.591,5.13,-3.96,5.12,-3.97,INF,-1,1,7,0
8040,1,1,54.581,-45.146,5.09,-4.20,5.07,-4.21,INF,-1,1,7,0
8060,1,1,56.698,-43.557,5.28,-4.05,5.27,-4.06,INF,-1,1,7,0
8080,1,1,56.074,-41.624,5.23,-3.87,5.21,-3.88,INF,-1,1,7,0
8100,1,1,54.665,-42.819,5.10,-3.98,5.08,-4.00,INF,-1,1,7,0
8120,1,1,54.984,-43.899,5.13,-4.08,5.11,-4.10,INF,-1,1,7,0
8140,1,1,56.024,-44.126,5.22,-4.10,5.21,-4.12,INF,-1,1,7,0
8160,1,1,55.744,-41.985,5.20,-3.90,5.18,-3.92,INF,-1,1,7,0
8180,1,1,57.794,-43.833,5.39,-4.07,5.37,-4.09,INF,-1,1,7,0
8200,1,1,58.731,-45.426,5.47,-4.22,5.46,-4.24,INF,-1,1,7,0
8220,1,1,55.312,-43.409,5.16,-4.03,5.14,-4.05,INF,-1,1,7,0
8240,1,1,57.959,-46.130,5.40,-4.28,5.39,-4.30,INF,-1,1,7,0
8260,1,1,57.728,-45.270,5.38,-4.21,5.37,-4.22,INF,-1,1,7,0
8280,1,1,57.008,-41.683,5.31,-3.87,5.30,-3.89,INF,-1,1,7,0
8300,1,1,57.696,-47.254,5.38,-4.39,5.36,-4.41,INF,-1,1,7,0
8320,1,1,37.829,-34.808,3.53,-3.24,3.53,-3.25,INF,-1,1,7,0
8340,1,1,36.774,-32.091,3.43,-2.99,3.43,-3.00,INF,-1,1,7,0
8360,1,1,36.018,-32.743,3.36,-3.05,3.36,-3.06,INF,-1,0,7,0
8380,1,1,36.550,-31.658,3.41,-2.95,3.41,-2.96,INF,-1,0,7,0
8400,1,1,35.119,-36.558,3.28,-3.41,3.27,-3.41,INF,-1,0,7,0
8420,1,1,35.317,-35.479,3.30,-3.31,3.29,-3.31,INF,-1,0,7,0
8440,1,1,35.703,-32.704,3.33,-3.05,3.33,-3.05,INF,-1,0,7,0
8460,1,1,36.617,-35.136,3.42,-3.27,3.41,-3.28,INF,-1,0,7,0
8480,1,1,10.260,-30.321,0.96,-2.83,0.96,-2.83,INF,-1,0,7,0
8500,1,1,11.825,-27.999,1.11,-2.61,1.10,-2.62,INF,-1,0,7,0
8520,1,1,11.406,-30.090,1.07,-2.81,1.06,-2.81,INF,-1,0,7,0
8540,1,1,11.192,-27.059,1.05,-2.53,1.04,-2.53,INF,-1,0,7,0
8560,1,1,11.137,-28.334,1.04,-2.65,1.04,-2.65,INF,-1,0,7,0
8580,1,1,12.695,-28.736,1.19,-2.68,1.19,-2.68,INF,-1,0,7,0
8600,1,1,10.638,-28.554,0.99,-2.67,0.99,-2.67,INF,-1,0,7,0
8620,1,1,10.989,-28.984,1.03,-2.71,1.03,-2.71,INF,-1,0,7,0
8640,1,1,11.716,-28.520,1.09,-2.66,1.09,-2.66,INF,-1,0,7,0
8660,1,1,10.763,-30.680,1.01,-2.86,1.00,-2.87,INF,-1,0,7,0
8680,1,1,10.324,-28.697,0.96,-2.68,0.96,-2.68,INF,-1,0,7,0
8700,1,1,11.493,-33.065,1.07,-3.09,1.07,-3.09,INF,-1,0,7,0
8720,1,1,11.103,-29.749,1.04,-2.78,1.04,-2.78,INF,-1,0,7,0
8740,1,1,10.796,-31.888,1.01,-2.98,1.01,-2.98,INF,-1,0,7,0
8760,1,1,10.030,-31.596,0.94,-2.95,0.94,-2.95,INF,-1,1,7,0
8780,1,1,9.570,-30.675,0.89,-2.86,0.89,-2.86,INF,-1,1,7,0
8800,1,1,10.214,-32.892,0.95,-3.07,0.95,-3.07,INF,-1,1,7,0
8820,1,1,10.359,-33.300,0.97,-3.11,0.97,-3.11,INF,-1,1,7,0
8840,1,1,9.702,-31.688,0.91,-2.96,0.91,-2.96,INF,-1,1,7,0
8860,1,1,5.390,-25.363,0.50,-2.37,0.50,-2.37,INF,-1,1,7,0
8880,1,1,2.597,-18.977,0.24,-1.77,0.24,-1.77,INF,-1,1,7,0
8900,1,1,3.256,-19.383,0.30,-1.81,0.30,-1.81,INF,-1,1,7,0
8920,1,1,2.562,-20.819,0.24,-1.95,0.24,-1.95,INF,-1,0,7,0
8940,1,1,2.599,-20.219,0.24,-1.89,0.24,-1.89,INF,-1,0,7,0
8960,1,1,1.621,-20.408,0.15,-1.91,0.15,-1.91,INF,-1,0,7,0
8980,1,1,2.865,-18.829,0.27,-1.76,0.27,-1.76,INF,-1,0,7,0
9000,1,1,0.992,-21.442,0.09,-2.00,0.09,-2.00,INF,-1,0,7,0
9020,1,1,1.556,-20.896,0.15,-1.95,0.15,-1.95,INF,-1,0,7,0
9040,1,1,1.659,-21.300,0.16,-1.99,0.15,-1.99,INF,-1,0,7,0
9060,1,1,-2.496,8.152,-0.23,0.76,-0.23,0.76,INF,-1,0,7,0
9080,1,1,-7.136,17.242,-0.67,1.61,-0.67,1.61,INF,-1,0,7,0
9100,1,1,-7.717,15.872,-0.72,1.48,-0.72,1.48,INF,-1,0,7,0
9120,1,1,-8.263,17.670,-0.77,1.65,-0.77,1.65,INF,-1,0,7,0
9140,1,1,-8.194,17.269,-0.77,1.61,-0.77,1.61,INF,-1,0,7,0
9160,1,1,-9.468,17.699,-0.88,1.65,-0.88,1.65,INF,-1,0,7,0
9180,1,1,-9.264,17.739,-0.87,1.66,-0.87,1.66,INF,-1,0,7,0
9200,1,1,-8.942,17.249,-0.84,1.61,-0.84,1.61,INF,-1,0,7,0
9220,1,1,-10.327,16.735,-0.97,1.56,-0.96,1.56,INF,-1,0,7,0
9240,1,1,-9.297,18.340,-0.87,1.71,-0.87,1.71,INF,-1,0,7,0
9260,1,1,-8.984,17.653,-0.84,1.65,-0.84,1.65,INF,-1,0,7,0
9280,1,1,-9.449,18.236,-0.88,1.70,-0.88,1.70,INF,-1,0,7,0
9300,1,1,-10.426,17.220,-0.97,1.61,-0.97,1.61,INF,-1,0,7,0
9320,1,1,-9.183,16.929,-0.86,1.58,-0.86,1.58,INF,-1,0,7,0
9340,1,1,-10.033,18.582,-0.94,1.74,-0.94,1.74,INF,-1,1,7,0
9360,1,1,-9.185,16.864,-0.86,1.58,-0.86,1.58,INF,-1,1,7,0
9380,1,1,-9.235,16.876,-0.86,1.58,-0.86,1.58,INF,-1,1,7,0
9400,1,1,-10.303,16.855,-0.96,1.57,-0.96,1.58,INF,-1,1,7,0
9420,1,1,-15.170,10.496,-1.42,0.98,-1.42,0.98,INF,-1,1,7,0
9440,1,1,-13.907,12.670,-1.30,1.18,-1.30,1.18,INF,-1,1,7,0
9460,1,1,-13.276,12.143,-1.24,1.13,-1.24,1.13,INF,-1,1,7,0
9480,1,1,-12.107,13.572,-1.13,1.27,-1.13,1.27,INF,-1,1,7,0
9500,1,1,-14.534,11.451,-1.36,1.07,-1.36,1.07,INF,-1,1,7,0
9520,1,1,-14.076,11.107,-1.32,1.04,-1.32,1.04,INF,-1,1,7,0
9540,1,1,-14.089,12.872,-1.32,1.20,-1.32,1.20,INF,-1,1,7,0
9560,1,1,-0.314,-12.306,-0.03,-1.15,-0.03,-1.15,INF,-1,1,7,0
9580,1,1,10.188,-18.775,0.95,-1.75,0.95,-1.75,INF,-1,1,7,0
9600,1,1,10.125,-19.645,0.95,-1.84,0.95,-1.84,INF,-1,0,7,0
9620,1,1,9.546,-20.752,0.89,-1.94,0.89,-1.94,INF,-1,0,7,0
9640,1,1,10.116,-21.195,0.95,-1.98,0.94,-1.98,INF,-1,0,7,0
9660,1,1,8.381,-19.485,0.78,-1.82,0.78,-1.82,INF,-1,0,7,0
9680,1,1,9.541,-19.571,0.89,-1.83,0.89,-1.83,INF,-1,0,7,0
9700,1,1,7.781,-18.344,0.73,-1.71,0.73,-1.71,INF,-1,0,7,0
9720,1,1,10.491,-19.558,0.98,-1.83,0.98,-1.83,INF,-1,0,7,0
9740,1,1,9.135,-20.562,0.85,-1.92,0.85,-1.92,INF,-1,0,7,0
9760,1,1,8.195,-19.756,0.77,-1.85,0.77,-1.85,INF,-1,0,7,0
9780,1,1,8.689,-20.395,0.81,-1.91,0.81,-1.91,INF,-1,0,7,0
9800,1,1,7.618,-19.585,0.71,-1.83,0.71,-1.83,INF,-1,0,7,0
9820,1,1,8.292,-19.752,0.78,-1.85,0.77,-1.85,INF,-1,0,7,0
9840,1,1,7.055,-20.443,0.66,-1.91,0.66,-1.91,INF,-1,0,7,0
9860,1,1,8.460,-22.572,0.79,-2.11,0.79,-2.11,INF,-1,1,7,0
9880,1,1,7.153,-19.552,0.67,-1.83,0.67,-1.83,INF,-1,1,7,0
9900,1,1,9.127,-19.724,0.85,-1.84,0.85,-1.84,INF,-1,1,7,0
9920,1,1,8.422,-18.976,0.79,-1.77,0.79,-1.77,INF,-1,1,7,0
9940,1,1,9.251,-19.718,0.86,-1.84,0.86,-1.84,INF,-1,1,7,0
9960,1,1,9.743,-17.758,0.91,-1.66,0.91,-1.66,INF,-1,1,7,0
9980,1,1,9.213,-17.817,0.86,-1.66,0.86,-1.66,INF,-1,1,7,0
10000,1,1,10.045,-16.693,0.94,-1.56,0.94,-1.56,INF,-1,1,7,0
10020,1,1,16.634,-24.158,1.55,-2.26,1.55,-2.26,INF,-1,1,7,0
10040,1,1,18.103,-27.245,1.69,-2.54,1.69,-2.54,INF,-1,1,7,0
10060,1,1,17.504,-25.085,1.64,-2.34,1.63,-2.34,INF,-1,1,7,0
10080,1,1,18.166,-25.520,1.70,-2.38,1.70,-2.38,INF,-1,1,7,0
10100,1,1,18.317,-26.324,1.71,-2.46,1.71,-2.46,INF,-1,1,7,0
10120,1,1,19.080,-24.174,1.78,-2.26,1.78,-2.26,INF,-1,0,7,0
10140,1,1,18.157,-25.562,1.70,-2.39,1.70,-2.39,INF,-1,0,7,0
10160,1,1,18.598,-25.769,1.74,-2.41,1.74,-2.41,INF,-1,0,7,0
10180,1,1,17.851,-24.432,1.67,-2.28,1.67,-2.28,INF,-1,0,7,0
10200,1,1,18.363,-25.885,1.72,-2.42,1.71,-2.42,INF,-1,0,7,0
10220,1,1,19.672,-24.758,1.84,-2.31,1.84,-2.31,INF,-1,0,7,0
10240,1,1,17.645,-27.100,1.65,-2.53,1.65,-2.53,INF,-1,0,7,0
10260,1,1,-48.759,-43.113,-4.55,-4.01,-4.54,-4.02,INF,-1,0,7,0
10280,1,1,-55.631,-41.325,-5.19,-3.84,-5.17,-3.86,INF,-1,0,7,0
10300,1,1,-58.201,-41.983,-5.42,-3.90,-5.41,-3.92,INF,-1,0,7,0
10320,1,1,-57.778,-41.681,-5.38,-3.87,-5.37,-3.89,INF,-1,0,7,0
10340,1,1,-57.256,-44.138,-5.34,-4.10,-5.32,-4.12,INF,-1,0,7,0
10360,1,1,-56.436,-41.658,-5.26,-3.87,-5.25,-3.89,INF,-1,0,7,0
10380,1,1,-57.432,-44.341,-5.35,-4.12,-5.34,-4.14,INF,-1,0,7,0
10400,1,1,-57.300,-43.323,-5.34,-4.03,-5.33,-4.04,INF,-1,0,7,0
10420,1,1,-57.747,-41.289,-5.38,-3.84,-5.37,-3.85,INF,-1,0,7,0
10440,1,1,-55.542,-42.328,-5.18,-3.93,-5.17,-3.95,INF,-1,0,7,0
10460,1,1,-56.467,-41.645,-5.26,-3.87,-5.25,-3.89,INF,-1,0,7,0
10480,1,1,-54.677,-41.753,-5.10,-3.88,-5.09,-3.90,INF,-1,0,7,0
10500,1,1,-56.639,-41.745,-5.28,-3.88,-5.27,-3.90,INF,-1,0,7,0
10520,1,1,-56.674,-41.402,-5.28,-3.85,-5.27,-3.86,INF,-1,0,7,0
10540,1,1,-51.530,-36.590,-4.81,-3.40,-4.80,-3.42,INF,-1,1,7,0
10560,1,1,-46.121,-27.368,-4.30,-2.55,-4.30,-2.56,INF,-1,1,7,0
10580,1,1,-46.692,-26.950,-4.36,-2.51,-4.35,-2.52,INF,-1,1,7,0
10600,1,1,-47.080,-26.667,-4.39,-2.48,-4.39,-2.49,INF,-1,0,7,0
10620,1,1,-47.319,-29.299,-4.41,-2.73,-4.41,-2.74,INF,-1,0,7,0
10640,1,1,-47.136,-28.068,-4.40,-2.61,-4.39,-2.62,INF,-1,0,7,0
10660,1,1,-45.532,-27.841,-4.25,-2.59,-4.24,-2.60,INF,-1,0,7,0
10680,1,1,-45.861,-29.909,-4.28,-2.79,-4.27,-2.79,INF,-1,0,7,0
10700,1,1,-46.243,-28.298,-4.31,-2.64,-4.31,-2.64,INF,-1,0,7,0
10720,1,1,-45.890,-29.090,-4.28,-2.71,-4.28,-2.72,INF,-1,0,7,0
10740,1,1,-45.830,-29.685,-4.28,-2.76,-4.27,-2.77,INF,-1,0,7,0
10760,1,1,-45.880,-27.818,-4.28,-2.59,-4.28,-2.60,INF,-1,0,7,0
10780,1,1,-42.260,-25.582,-3.94,-2.38,-3.94,-2.39,INF,-1,0,7,0
10800,1,1,-28.084,-11.552,-2.62,-1.08,-2.62,-1.08,INF,-1,0,7,0
10820,1,1,-29.831,-14.550,-2.79,-1.36,-2.79,-1.36,INF,-1,0,7,0
10840,1,1,-30.653,-13.722,-2.86,-1.28,-2.86,-1.28,INF,-1,0,7,0
10860,1,1,-30.674,-13.690,-2.86,-1.28,-2.86,-1.28,INF,-1,0,7,0
10880,1,1,-30.106,-15.903,-2.81,-1.48,-2.81,-1.49,INF,-1,0,7,0
10900,1,1,-30.158,-15.025,-2.82,-1.40,-2.82,-1.40,INF,-1,0,7,0
10920,1,1,-31.417,-13.744,-2.93,-1.28,-2.93,-1.28,INF,-1,0,7,0
10940,1,1,-31.013,-14.185,-2.90,-1.32,-2.90,-1.33,INF,-1,1,7,0
10960,1,1,-30.046,-14.424,-2.81,-1.35,-2.81,-1.35,INF,-1,1,7,0
10980,1,1,-30.620,-13.451,-2.86,-1.26,-2.86,-1.26,INF,-1,1,7,0
11000,1,1,-33.896,-14.158,-3.16,-1.32,-3.16,-1.32,INF,-1,1,7,0
11020,1,1,-34.053,-17.111,-3.18,-1.60,-3.18,-1.60,INF,-1,1,7,0
11040,1,1,-35.045,-18.371,-3.27,-1.71,-3.27,-1.72,INF,-1,1,7,0
11060,1,1,-34.004,-17.535,-3.18,-1.64,-3.17,-1.64,INF,-1,1,7,0
11080,1,1,-33.148,-15.837,-3.10,-1.48,-3.09,-1.48,INF,-1,1,7,0
11100,1,1,-33.083,-17.902,-3.09,-1.67,-3.09,-1.67,INF,-1,1,7,0
11120,1,1,-32.061,-16.714,-2.99,-1.56,-2.99,-1.56,INF,-1,1,7,0
11140,1,1,-32.811,-16.919,-3.06,-1.58,-3.06,-1.58,INF,-1,1,7,0
11160,1,1,-34.142,-18.526,-3.19,-1.73,-3.19,-1.73,INF,-1,1,7,0
11180,1,1,-33.784,-17.209,-3.15,-1.61,-3.15,-1.61,INF,-1,1,7,0
11200,1,1,-32.886,-16.514,-3.07,-1.54,-3.07,-1.54,INF,-1,1,7,0
11220,1,1,-33.406,-16.763,-3.12,-1.56,-3.12,-1.57,INF,-1,1,7,0
11240,1,1,-32.043,-19.444,-2.99,-1.81,-2.99,-1.82,INF,-1,1,7,0
11260,1,1,-33.920,-19.794,-3.17,-1.85,-3.17,-1.85,INF,-1,1,7,0
11280,1,1,-32.622,-18.519,-3.05,-1.73,-3.04,-1.73,INF,-1,1,7,0
11300,1,1,-33.047,-17.656,-3.09,-1.65,-3.08,-1.65,INF,-1,1,7,0
11320,1,1,-33.863,-17.361,-3.16,-1.62,-3.16,-1.62,INF,-1,1,7,0
11340,1,1,-33.732,-16.376,-3.15,-1.53,-3.15,-1.53,INF,-1,1,7,0
11360,1,1,-32.852,-17.746,-3.07,-1.66,-3.07,-1.66,INF,-1,1,7,0
11380,1,1,-33.401,-16.972,-3.12,-1.58,-3.12,-1.59,INF,-1,1,7,0
11400,1,1,-32.898,-16.979,-3.07,-1.58,-3.07,-1.59,INF,-1,1,7,0
11420,1,1,-33.274,-16.008,-3.11,-1.49,-3.11,-1.50,INF,-1,1,7,0
11440,1,1,-31.006,-11.209,-2.90,-1.05,-2.90,-1.05,INF,-1,1,7,0
11460,1,1,-27.074,-0.527,-2.53,-0.05,-2.53,-0.05,INF,-1,1,7,0
11480,1,1,-30.269,-13.472,-2.83,-1.26,-2.83,-1.26,INF,-1,0,7,0
11500,0,1,0.000,0.000,0.00,0.00,0.00,0.00,0.00,-1,0,7,0
11520,0,1,0.000,0.000,0.00,0.00,0.00,0.00,0.00,-1,0,7,0
11540,0,1,0.000,0.000,0.00,0.00,0.00,0.00,0.00,-1,0,7,0
11560,0,1,0.000,0.000,0.00,0.00,0.00,0.00,0.00,-1,0,7,0
11580,0,1,0.000,0.000,0.00,0.00,0.00,0.00,0.00,-1,0,7,0
11600,0,1,0.000,0.000,0.00,0.00,0.00,0.00,0.00,-1,0,7,0
11620,0,1,0.000,0.000,0.00,0.00,0.00,0.00,0.00,-1,0,7,0
11640,0,1,0.000,0.000,0.00,0.00,0.00,0.00,0.00,-1,0,7,0
11660,0,1,0.000,0.000,0.00,0.00,0.00,0.00,0.00,-1,0,7,0
11680,0,1,0.000,0.000,0.00,0.00,0.00,0.00,0.00,-1,0,7,0
11700,0,1,0.000,0.000,0.00,0.00,0.00,0.00,0.00,-1,0,7,0
11720,0,1,0.000,0.000,0.00,0.00,0.00,0.00,0.00,-1,0,7,0
11740,0,1,0.000,0.000,0.00,0.00,0.00,0.00,0.00,-1,0,7,0
11760,0,1,0.000,0.000,0.00,0.00,0.00,0.00,0.00,-1,0,7,0
11780,1,1,-116.571,-97.536,-10.77,-8.88,-10.64,-9.04,INF,-1,0,7,0
11800,0,1,0.000,0.000,0.00,0.00,0.00,0.00,0.00,-1,0,7,0
11820,0,1,0.000,0.000,0.00,0.00,0.00,0.00,0.00,-1,0,7,0
11840,0,1,0.000,0.000,0.00,0.00,0.00,0.00,0.00,-1,0,7,0
11860,0,1,0.000,0.000,0.00,0.00,0.00,0.00,0.00,-1,0,7,0
11880,0,1,0.000,0.000,0.00,0.00,0.00,0.00,0.00,-1,0,7,0
11900,1,1,-30.430,-13.738,-2.84,-1.28,-2.84,-1.28,INF,-1,0,7,0
11920,1,1,-28.030,-7.968,-2.62,-0.74,-2.62,-0.74,INF,-1,0,7,0
11940,1,1,-28.406,-6.759,-2.65,-0.63,-2.65,-0.63,INF,-1,0,7,0
11960,1,1,-28.903,-7.702,-2.70,-0.72,-2.70,-0.72,INF,-1,0,7,0
11980,1,1,-29.468,-7.043,-2.75,-0.66,-2.75,-0.66,INF,-1,0,7,0
12000,1,1,-29.805,-11.514,-2.78,-1.07,-2.78,-1.08,INF,-1,0,7,0
12020,1,1,-30.573,-10.599,-2.86,-0.99,-2.85,-0.99,INF,-1,0,7,0
12040,1,1,-30.129,-11.330,-2.81,-1.06,-2.81,-1.06,INF,-1,0,7,0
12060,1,1,-29.642,-12.479,-2.77,-1.16,-2.77,-1.17,INF,-1,0,7,0
12080,1,1,-28.761,-11.319,-2.69,-1.06,-2.69,-1.06,INF,-1,0,7,0
12100,1,1,-29.690,-13.749,-2.77,-1.28,-2.77,-1.28,INF,-1,0,7,0
12120,1,1,-33.437,-18.813,-3.12,-1.76,-3.12,-1.76,INF,-1,0,7,0
12140,1,1,-33.874,-17.631,-3.16,-1.64,-3.16,-1.65,INF,-1,0,7,0
12160,1,1,-32.857,-18.748,-3.07,-1.75,-3.07,-1.75,INF,-1,0,7,0
12180,1,1,-33.160,-18.696,-3.10,-1.74,-3.09,-1.75,INF,-1,1,7,0
12200,1,1,-32.069,-18.438,-2.99,-1.72,-2.99,-1.72,INF,-1,1,7,0
12220,1,1,-32.441,-19.590,-3.03,-1.83,-3.03,-1.83,INF,-1,1,7,0
12240,1,1,-32.827,-18.846,-3.07,-1.76,-3.06,-1.76,INF,-1,1,7,0
12260,1,1,-32.820,-19.798,-3.06,-1.85,-3.06,-1.85,INF,-1,1,7,0
12280,1,1,-32.718,-18.933,-3.06,-1.77,-3.05,-1.77,INF,-1,1,7,0
12300,1,1,-32.942,-19.486,-3.08,-1.82,-3.07,-1.82,INF,-1,1,7,0
12320,1,1,-32.451,-18.256,-3.03,-1.70,-3.03,-1.71,INF,-1,1,7,0
12340,1,1,-33.637,-18.950,-3.14,-1.77,-3.14,-1.77,INF,-1,1,7,0
12360,1,1,-33.182,-18.695,-3.10,-1.74,-3.10,-1.75,INF,-1,1,7,0
12380,1,1,-33.244,-20.512,-3.10,-1.91,-3.10,-1.92,INF,-1,1,7,0
12400,1,1,-32.010,-19.856,-2.99,-1.85,-2.99,-1.86,INF,-1,1,7,0
12420,1,1,-33.150,-19.638,-3.10,-1.83,-3.09,-1.83,INF,-1,1,7,0
12440,1,1,-31.734,-19.356,-2.96,-1.81,-2.96,-1.81,INF,-1,1,7,0
12460,1,1,-32.828,-19.967,-3.07,-1.86,-3.06,-1.87,INF,-1,1,7,0
12480,1,1,-32.411,-20.495,-3.03,-1.91,-3.02,-1.91,INF,-1,1,7,0
12500,1,1,-32.871,-19.442,-3.07,-1.81,-3.07,-1.82,INF,-1,1,7,0
12520,1,1,-32.176,-19.783,-3.00,-1.85,-3.00,-1.85,INF,-1,1,7,0
12540,1,1,-33.156,-20.008,-3.10,-1.87,-3.09,-1.87,INF,-1,1,7,0
12560,1,1,-32.672,-19.749,-3.05,-1.84,-3.05,-1.85,INF,-1,1,7,0
12580,1,1,-31.943,-18.847,-2.98,-1.76,-2.98,-1.76,INF,-1,1,7,0
12600,1,1,-32.491,-21.447,-3.03,-2.00,-3.03,-2.00,INF,-1,1,7,0
12620,1,1,-32.558,-20.346,-3.04,-1.90,-3.04,-1.90,INF,-1,1,7,0
12640,1,1,-30.440,-20.390,-2.84,-1.90,-2.84,-1.91,INF,-1,1,7,0
12660,1,1,-31.025,-18.898,-2.90,-1.76,-2.90,-1.77,INF,-1,1,7,0
12680,1,1,-31.752,-19.854,-2.97,-1.85,-2.96,-1.86,INF,-1,1,7,0
12700,1,1,-32.532,-19.160,-3.04,-1.79,-3.04,-1.79,INF,-1,1,7,0
12720,1,1,-31.590,-19.077,-2.95,-1.78,-2.95,-1.78,INF,-1,1,7,0
12740,1,1,-32.227,-20.283,-3.01,-1.89,-3.01,-1.90,INF,-1,1,7,0
12760,1,1,-32.182,-19.808,-3.01,-1.85,-3.00,-1.85,INF,-1,1,7,0
12780,1,1,-32.192,-20.270,-3.01,-1.89,-3.00,-1.89,INF,-1,1,7,0
12800,1,1,-31.929,-19.901,-2.98,-1.86,-2.98,-1.86,INF,-1,1,7,0
12820,1,1,-32.252,-18.811,-3.01,-1.76,-3.01,-1.76,INF,-1,1,7,0
12840,1,1,-32.189,-19.150,-3.01,-1.79,-3.00,-1.79,INF,-1,1,7,0
12860,1,1,-32.535,-20.020,-3.04,-1.87,-3.04,-1.87,INF,-1,1,7,0
12880,1,1,-31.198,-19.354,-2.91,-1.81,-2.91,-1.81,INF,-1,1,7,0
12900,1,1,-30.217,-19.001,-2.82,-1.77,-2.82,-1.78,INF,-1,1,7,0
12920,1,1,-30.839,-18.766,-2.88,-1.75,-2.88,-1.75,INF,-1,1,7,0
12940,1,1,-31.398,-18.447,-2.93,-1.72,-2.93,-1.72,INF,-1,1,7,0
12960,1,1,-29.454,-20.313,-2.75,-1.90,-2.75,-1.90,INF,-1,1,7,0
12980,1,1,-30.347,-17.401,-2.83,-1.62,-2.83,-1.63,INF,-1,1,7,0
13000,1,1,-29.668,-17.995,-2.77,-1.68,-2.77,-1.68,INF,-1,1,7,0
13020,1,1,-30.503,-18.844,-2.85,-1.76,-2.85,-1.76,INF,-1,1,7,0
13040,1,1,-30.916,-18.691,-2.89,-1.74,-2.89,-1.75,INF,-1,1,7,0
13060,1,1,-29.336,-19.255,-2.74,-1.80,-2.74,-1.80,INF,-1,1,7,0
13080,1,1,-30.653,-17.555,-2.86,-1.64,-2.86,-1.64,INF,-1,1,7,0
13100,1,1,-29.802,-19.372,-2.78,-1.81,-2.78,-1.81,INF,-1,1,7,0
13120,1,1,-30.242,-19.008,-2.82,-1.77,-2.82,-1.78,INF,-1,1,7,0
13140,1,1,-30.661,-18.955,-2.86,-1.77,-2.86,-1.77,INF,-1,1,7,0
13160,1,1,-29.966,-19.347,-2.80,-1.81,-2.80,-1.81,INF,-1,1,7,0
13180,1,1,-29.396,-18.782,-2.75,-1.75,-2.74,-1.75,INF,-1,1,7,0
13200,1,1,-30.054,-18.836,-2.81,-1.76,-2.81,-1.76,INF,-1,1,7,0
13220,1,1,-30.293,-19.301,-2.83,-1.80,-2.83,-1.80,INF,-1,1,7,0
13240,1,1,-30.978,-19.517,-2.89,-1.82,-2.89,-1.82,INF,-1,1,7,0
13260,1,1,-30.159,-19.806,-2.82,-1.85,-2.82,-1.85,INF,-1,1,7,0
13280,1,1,-30.787,-19.227,-2.88,-1.79,-2.87,-1.80,INF,-1,1,7,0
13300,1,1,-31.184,-19.027,-2.91,-1.78,-2.91,-1.78,INF,-1,1,7,0
13320,1,1,-31.495,-20.685,-2.94,-1.93,-2.94,-1.93,INF,-1,1,7,0
13340,1,1,11.198,-25.085,1.05,-2.34,1.05,-2.34,INF,-1,1,7,0
13360,1,1,8.682,-24.438,0.81,-2.28,0.81,-2.28,INF,-1,1,7,0
13380,1,1,8.497,-24.742,0.79,-2.31,0.79,-2.31,INF,-1,0,7,0
13400,1,1,8.395,-24.063,0.78,-2.25,0.78,-2.25,INF,-1,0,7,0
13420,1,1,8.150,-24.675,0.76,-2.30,0.76,-2.31,INF,-1,0,7,0
13440,1,1,8.759,-23.774,0.82,-2.22,0.82,-2.22,INF,-1,0,7,0
13460,1,1,8.036,-22.864,0.75,-2.14,0.75,-2.14,INF,-1,0,7,0
13480,1,1,7.034,-22.936,0.66,-2.14,0.66,-2.14,INF,-1,0,7,0
13500,1,1,7.704,-23.096,0.72,-2.16,0.72,-2.16,INF,-1,0,7,0
13520,1,1,7.792,-24.779,0.73,-2.31,0.73,-2.31,INF,-1,0,7,0
13540,1,1,7.874,-24.255,0.74,-2.27,0.74,-2.27,INF,-1,0,7,0
13560,1,1,8.023,-24.354,0.75,-2.27,0.75,-2.28,INF,-1,0,7,0
13580,1,1,8.420,-24.493,0.79,-2.29,0.79,-2.29,INF,-1,0,7,0
13600,1,1,8.628,-24.210,0.81,-2.26,0.81,-2.26,INF,-1,0,7,0
13620,1,1,8.714,-23.797,0.81,-2.22,0.81,-2.22,INF,-1,1,7,0
13640,1,1,8.839,-23.796,0.83,-2.22,0.83,-2.22,INF,-1,1,7,0
13660,1,1,8.857,-24.392,0.83,-2.28,0.83,-2.28,INF,-1,1,7,0
13680,1,1,9.115,-24.101,0.85,-2.25,0.85,-2.25,INF,-1,1,7,0
13700,1,1,8.560,-23.544,0.80,-2.20,0.80,-2.20,INF,-1,1,7,0
13720,1,1,9.325,-22.972,0.87,-2.15,0.87,-2.15,INF,-1,1,7,0
13740,1,1,8.887,-23.066,0.83,-2.15,0.83,-2.15,INF,-1,1,7,0
13760,1,1,9.722,-24.427,0.91,-2.28,0.91,-2.28,INF,-1,1,7,0
13780,1,1,9.522,-24.102,0.89,-2.25,0.89,-2.25,INF,-1,1,7,0
13800,1,1,8.016,-23.929,0.75,-2.24,0.75,-2.24,INF,-1,1,7,0
13820,1,1,8.286,-24.350,0.77,-2.27,0.77,-2.27,INF,-1,1,7,0
13840,1,1,9.221,-23.919,0.86,-2.23,0.86,-2.23,INF,-1,1,7,0
13860,1,1,8.586,-23.001,0.80,-2.15,0.80,-2.15,INF,-1,1,7,0
13880,1,1,9.302,-23.578,0.87,-2.20,0.87,-2.20,INF,-1,1,7,0
13900,1,1,8.025,-24.244,0.75,-2.26,0.75,-2.26,INF,-1,1,7,0
13920,1,1,7.639,-23.373,0.71,-2.18,0.71,-2.18,INF,-1,1,7,0
13940,1,1,8.887,-23.529,0.83,-2.20,0.83,-2.20,INF,-1,1,7,0
13960,1,1,9.193,-23.395,0.86,-2.19,0.86,-2.19,INF,-1,1,7,0
13980,1,1,8.868,-22.900,0.83,-2.14,0.83,-2.14,INF,-1,1,7,0
14000,1,1,11.277,-19.789,1.05,-1.85,1.05,-1.85,INF,-1,1,7,0
14020,1,1,18.501,-11.894,1.73,-1.11,1.73,-1.11,INF,-1,1,7,0
14040,0,1,0.000,0.000,0.00,0.00,0.00,0.00,0.00,-1,1,7,0
14060,0,1,0.000,0.000,0.00,0.00,0.00,0.00,0.00,-1,1,7,0
14080,0,1,0.000,0.000,0.00,0.00,0.00,0.00,0.00,-1,1,7,0
14100,0,1,0.000,0.000,0.00,0.00,0.00,0.00,0.00,-1,0,7,0
14120,0,1,0.000,0.000,0.00,0.00,0.00,0.00,0.00,-1,0,7,0
14140,0,1,0.000,0.000,0.00,0.00,0.00,0.00,0.00,-1,0,7,0
14160,0,1,0.000,0.000,0.00,0.00,0.00,0.00,0.00,-1,0,7,0
14180,0,1,0.000,0.000,0.00,0.00,0.00,0.00,0.00,-1,0,7,0
14200,0,1,0.000,0.000,0.00,0.00,0.00,0.00,0.00,-1,0,7,0
14220,0,1,0.000,0.000,0.00,0.00,0.00,0.00,0.00,-1,0,7,0
14240,1,1,20.278,-12.209,1.89,-1.14,1.89,-1.14,INF,-1,0,7,0
14260,1,1,18.601,-6.852,1.74,-0.64,1.74,-0.64,INF,-1,0,7,0
14280,1,1,18.634,-3.819,1.74,-0.36,1.74,-0.36,INF,-1,0,7,0
14300,1,1,20.301,-9.861,1.90,-0.92,1.90,-0.92,INF,-1,0,7,0
14320,1,1,17.666,-12.395,1.65,-1.16,1.65,-1.16,INF,-1,0,7,0
14340,1,1,18.080,-13.965,1.69,-1.30,1.69,-1.31,INF,-1,0,7,0
14360,1,1,17.108,-14.475,1.60,-1.35,1.60,-1.35,INF,-1,0,7,0
14380,1,1,17.227,-15.356,1.61,-1.43,1.61,-1.44,INF,-1,0,7,0
14400,1,1,17.669,-16.635,1.65,-1.55,1.65,-1.55,INF,-1,0,7,0
14420,1,1,16.050,-14.171,1.50,-1.32,1.50,-1.32,INF,-1,0,7,0
14440,1,1,15.903,-15.908,1.49,-1.49,1.49,-1.49,INF,-1,0,7,0
14460,1,1,16.798,-17.058,1.57,-1.59,1.57,-1.59,INF,-1,0,7,0
14480,1,1,17.479,-16.260,1.63,-1.52,1.63,-1.52,INF,-1,0,7,0
14500,1,1,17.109,-16.390,1.60,-1.53,1.60,-1.53,INF,-1,0,7,0
14520,1,1,17.749,-15.616,1.66,-1.46,1.66,-1.46,INF,-1,1,7,0
14540,1,1,16.672,19.468,1.56,1.82,1.56,1.82,INF,-1,1,7,0
14560,1,1,13.655,19.143,1.28,1.79,1.28,1.79,INF,-1,1,7,0
14580,1,1,12.803,18.160,1.20,1.70,1.20,1.70,INF,-1,0,7,0
14600,1,1,12.673,18.494,1.18,1.73,1.18,1.73,INF,-1,0,7,0
14620,1,1,12.494,19.490,1.17,1.82,1.17,1.82,INF,-1,0,7,0
14640,1,1,11.826,17.127,1.11,1.60,1.10,1.60,INF,-1,0,7,0
14660,1,1,12.270,19.795,1.15,1.85,1.15,1.85,INF,-1,0,7,0
14680,1,1,11.355,18.442,1.06,1.72,1.06,1.72,INF,-1,0,7,0
14700,1,1,12.719,20.638,1.19,1.93,1.19,1.93,INF,-1,0,7,0
14720,1,1,12.761,18.546,1.19,1.73,1.19,1.73,INF,-1,0,7,0
14740,1,1,11.499,16.824,1.07,1.57,1.07,1.57,INF,-1,0,7,0
14760,1,1,10.860,17.667,1.01,1.65,1.01,1.65,INF,-1,0,7,0
14780,1,1,11.480,17.319,1.07,1.62,1.07,1.62,INF,-1,0,7,0
14800,1,1,11.796,16.646,1.10,1.56,1.10,1.56,INF,-1,0,7,0
14820,1,1,12.044,18.051,1.13,1.69,1.13,1.69,INF,-1,1,7,0
14840,1,1,10.780,16.084,1.01,1.50,1.01,1.50,INF,-1,1,7,0
14860,1,1,11.952,15.821,1.12,1.48,1.12,1.48,INF,-1,1,7,0
14880,1,1,11.436,15.945,1.07,1.49,1.07,1.49,INF,-1,1,7,0
14900,1,1,10.102,17.538,0.94,1.64,0.94,1.64,INF,-1,1,7,0
14920,1,1,10.394,17.342,0.97,1.62,0.97,1.62,INF,-1,1,7,0
14940,1,1,2.034,15.296,0.19,1.43,0.19,1.43,INF,-1,1,7,0
14960,1,1,2.262,11.118,0.21,1.04,0.21,1.04,INF,-1,1,7,0
14980,1,1,1.158,11.377,0.11,1.06,0.11,1.06,INF,-1,0,7,0
