"EyeTracker Toolbox version","3.250"
CalibrationParameters_A11,1.32645
CalibrationParameters_A12,0.08253
CalibrationParameters_A13,-0.00635
CalibrationParameters_A21,0.06697
CalibrationParameters_A22,-1.40154
CalibrationParameters_A23,-0.02471
CalibrationParameters_A31,-0.00060
CalibrationParameters_A32,0.01890
CalibrationParameters_E11,-0.18005
CalibrationParameters_E12,-0.00033
CalibrationParameters_E21,-0.00021
CalibrationParameters_E22,0.19994
CalibrationParameters_X,13.85916
CalibrationParameters_Y,60.34731
CalibrationParameters_Rpc,83.98852
CalibrationParameters_MeanX,157.78012
CalibrationParameters_MeanY,118.20074
CalibrationParameters_ViewDist,613.00000
TimeStamp,Tracked,Calibrated,ScreenPositionXmm,ScreenPositionYmm,FicksLongitude,FicksLatitude,HelmholtzAzimuth,HelmholtzElevation,PupilDiameter,Region,Fixation,DigitalIO,Dropped
0,1,1,10.293,6.315,0.96,0.59,0.96,0.59,INF,-1,0,7,0
20,1,1,9.359,5.965,0.87,0.56,0.87,0.56,INF,-1,0,7,0
40,1,1,9.745,5.288,0.91,0.49,0.91,0.49,INF,-1,0,7,0
60,1,1,10.291,7.905,0.96,0.74,0.96,0.74,INF,-1,0,7,0
80,1,1,10.127,6.183,0.95,0.58,0.95,0.58,INF,-1,0,7,0
100,1,1,9.714,5.684,0.91,0.53,0.91,0.53,INF,-1,0,7,0
120,1,1,10.534,6.227,0.98,0.58,0.98,0.58,INF,-1,0,7,0
140,1,1,10.637,5.184,0.99,0.48,0.99,0.48,INF,-1,0,7,0
160,1,1,9.671,5.977,0.90,0.56,0.90,0.56,INF,-1,0,7,0
180,1,1,9.608,5.211,0.90,0.49,0.90,0.49,INF,-1,0,7,0
200,1,1,9.950,6.042,0.93,0.56,0.93,0.56,INF,-1,0,7,0
220,1,1,8.735,6.189,0.82,0.58,0.82,0.58,INF,-1,0,7,0
240,1,1,9.214,4.167,0.86,0.39,0.86,0.39,INF,-1,0,7,0
260,1,1,9.747,3.787,0.91,0.35,0.91,0.35,INF,-1,0,7,0
280,1,1,9.533,5.044,0.89,0.47,0.89,0.47,INF,-1,1,7,0
300,1,1,9.747,5.898,0.91,0.55,0.91,0.55,INF,-1,1,7,0
320,1,1,8.022,7.990,0.75,0.75,0.75,0.75,INF,-1,1,7,0
340,1,1,7.301,9.880,0.68,0.92,0.68,0.92,INF,-1,1,7,0
360,1,1,8.189,9.504,0.77,0.89,0.77,0.89,INF,-1,1,7,0
380,1,1,7.710,10.042,0.72,0.94,0.72,0.94,INF,-1,1,7,0
400,1,1,8.545,9.214,0.80,0.86,0.80,0.86,INF,-1,1,7,0
420,1,1,8.209,9.940,0.77,0.93,0.77,0.93,INF,-1,1,7,0
440,1,1,9.129,8.484,0.85,0.79,0.85,0.79,INF,-1,1,7,0
460,1,1,7.840,9.808,0.73,0.92,0.73,0.92,INF,-1,1,7,0
480,1,1,8.674,10.243,0.81,0.96,0.81,0.96,INF,-1,1,7,0
500,1,1,8.476,9.358,0.79,0.87,0.79,0.87,INF,-1,1,7,0
520,1,1,7.705,9.111,0.72,0.85,0.72,0.85,INF,-1,1,7,0
540,1,1,6.675,8.127,0.62,0.76,0.62,0.76,INF,-1,1,7,0
560,1,1,8.386,8.822,0.78,0.82,0.78,0.82,INF,-1,1,7,0
580,1,1,7.301,7.668,0.68,0.72,0.68,0.72,INF,-1,1,7,0
600,1,1,6.889,7.014,0.64,0.66,0.64,0.66,INF,-1,1,7,0
620,1,1,7.246,7.944,0.68,0.74,0.68,0.74,INF,-1,1,7,0
640,1,1,7.723,9.040,0.72,0.84,0.72,0.84,INF,-1,1,7,0
660,1,1,7.417,9.919,0.69,0.93,0.69,0.93,INF,-1,1,7,0
680,1,1,-37.439,-2.951,-3.50,-0.28,-3.49,-0.28,INF,-1,1,7,0
700,1,1,-35.013,-8.668,-3.27,-0.81,-3.27,-0.81,INF,-1,1,7,0
720,1,1,-34.608,-9.549,-3.23,-0.89,-3.23,-0.89,INF,-1,0,7,0
740,1,1,-34.289,-9.325,-3.20,-0.87,-3.20,-0.87,INF,-1,0,7,0
760,1,1,-34.091,-8.532,-3.18,-0.80,-3.18,-0.80,INF,-1,0,7,0
780,1,1,-33.950,-8.814,-3.17,-0.82,-3.17,-0.82,INF,-1,0,7,0
800,1,1,-34.133,-8.016,-3.19,-0.75,-3.19,-0.75,INF,-1,0,7,0
820,1,1,-34.907,-7.811,-3.26,-0.73,-3.26,-0.73,INF,-1,0,7,0
840,1,1,-34.346,-7.733,-3.21,-0.72,-3.21,-0.72,INF,-1,0,7,0
860,1,1,-32.887,-5.854,-3.07,-0.55,-3.07,-0.55,INF,-1,0,7,0
880,1,1,-35.297,-8.083,-3.30,-0.75,-3.30,-0.76,INF,-1,0,7,0
900,1,1,-33.546,-5.644,-3.13,-0.53,-3.13,-0.53,INF,-1,0,7,0
920,1,1,-47.409,-7.513,-4.42,-0.70,-4.42,-0.70,INF,-1,0,7,0
940,1,1,-46.840,-11.689,-4.37,-1.09,-4.37,-1.09,INF,-1,0,7,0
960,1,1,-46.723,-11.186,-4.36,-1.04,-4.36,-1.05,INF,-1,0,7,0
980,1,1,-49.363,-10.819,-4.60,-1.01,-4.60,-1.01,INF,-1,1,7,0
1000,1,1,-46.402,-10.511,-4.33,-0.98,-4.33,-0.98,INF,-1,1,7,0
1020,1,1,-47.539,-10.277,-4.43,-0.96,-4.43,-0.96,INF,-1,1,7,0
1040,1,1,-46.807,-10.927,-4.37,-1.02,-4.37,-1.02,INF,-1,1,7,0
1060,1,1,-46.162,-11.142,-4.31,-1.04,-4.31,-1.04,INF,-1,1,7,0
1080,1,1,-47.204,-11.747,-4.40,-1.09,-4.40,-1.10,INF,-1,1,7,0
1100,1,1,-46.254,-10.001,-4.32,-0.93,-4.31,-0.93,INF,-1,1,7,0
1120,1,1,-47.842,-11.911,-4.46,-1.11,-4.46,-1.11,INF,-1,1,7,0
1140,1,1,-48.051,-12.711,-4.48,-1.18,-4.48,-1.19,INF,-1,1,7,0
1160,1,1,-46.408,-11.378,-4.33,-1.06,-4.33,-1.06,INF,-1,1,7,0
1180,1,1,-47.849,-10.451,-4.46,-0.97,-4.46,-0.98,INF,-1,1,7,0
1200,1,1,-48.606,-12.503,-4.53,-1.16,-4.53,-1.17,INF,-1,1,7,0
1220,1,1,-51.267,-16.161,-4.78,-1.50,-4.78,-1.51,INF,-1,0,7,0
1240,1,1,-50.067,-15.315,-4.67,-1.43,-4.67,-1.43,INF,-1,0,7,0
1260,1,1,-49.861,-13.665,-4.65,-1.27,-4.65,-1.28,INF,-1,0,7,0
1280,1,1,-50.760,-15.037,-4.73,-1.40,-4.73,-1.41,INF,-1,0,7,0
1300,1,1,-50.519,-15.048,-4.71,-1.40,-4.71,-1.41,INF,-1,0,7,0
1320,1,1,-50.831,-15.979,-4.74,-1.49,-4.74,-1.49,INF,-1,0,7,0
1340,1,1,-50.965,-16.054,-4.75,-1.49,-4.75,-1.50,INF,-1,0,7,0
1360,1,1,-51.779,-16.144,-4.83,-1.50,-4.83,-1.51,INF,-1,0,7,0
1380,1,1,-51.431,-16.083,-4.80,-1.50,-4.79,-1.50,INF,-1,0,7,0
1400,1,1,-51.352,-16.421,-4.79,-1.53,-4.79,-1.53,INF,-1,0,7,0
1420,1,1,-50.976,-16.382,-4.75,-1.53,-4.75,-1.53,INF,-1,0,7,0
1440,1,1,-45.659,-5.163,-4.26,-0.48,-4.26,-0.48,INF,-1,0,7,0
1460,1,1,-42.294,2.155,-3.95,0.20,-3.95,0.20,INF,-1,1,7,0
1480,1,1,-43.870,-0.035,-4.09,0.00,-4.09,0.00,INF,-1,1,7,0
1500,1,1,-44.077,1.975,-4.11,0.18,-4.11,0.18,INF,-1,0,7,0
1520,1,1,-44.988,3.145,-4.20,0.29,-4.20,0.29,INF,-1,0,7,0
1540,1,1,-45.357,0.491,-4.23,0.05,-4.23,0.05,INF,-1,0,7,0
1560,1,1,-44.182,1.170,-4.12,0.11,-4.12,0.11,INF,-1,0,7,0
1580,1,1,-44.810,1.001,-4.18,0.09,-4.18,0.09,INF,-1,0,7,0
1600,1,1,-45.224,0.842,-4.22,0.08,-4.22,0.08,INF,-1,0,7,0
1620,1,1,-44.910,1.904,-4.19,0.18,-4.19,0.18,INF,-1,0,7,0
1640,1,1,-43.972,2.427,-4.10,0.23,-4.10,0.23,INF,-1,0,7,0
1660,1,1,-45.109,1.337,-4.21,0.12,-4.21,0.12,INF,-1,0,7,0
1680,1,1,-46.235,0.747,-4.31,0.07,-4.31,0.07,INF,-1,0,7,0
1700,1,1,-45.428,0.927,-4.24,0.09,-4.24,0.09,INF,-1,0,7,0
1720,1,1,-44.612,0.834,-4.16,0.08,-4.16,0.08,INF,-1,0,7,0
1740,1,1,-44.349,2.035,-4.14,0.19,-4.14,0.19,INF,-1,1,7,0
1760,1,1,-44.071,-0.486,-4.11,-0.05,-4.11,-0.05,INF,-1,1,7,0
1780,1,1,-44.251,1.030,-4.13,0.10,-4.13,0.10,INF,-1,1,7,0
1800,1,1,-44.672,-1.006,-4.17,-0.09,-4.17,-0.09,INF,-1,1,7,0
1820,1,1,-45.772,-0.720,-4.27,-0.07,-4.27,-0.07,INF,-1,1,7,0
1840,1,1,-44.766,0.012,-4.18,0.00,-4.18,0.00,INF,-1,1,7,0
1860,1,1,-44.850,-1.315,-4.18,-0.12,-4.18,-0.12,INF,-1,1,7,0
1880,1,1,-42.527,0.254,-3.97,0.02,-3.97,0.02,INF,-1,1,7,0
1900,1,1,-47.794,-13.773,-4.46,-1.28,-4.46,-1.29,INF,-1,1,7,0
1920,1,1,-46.811,-22.300,-4.37,-2.08,-4.36,-2.08,INF,-1,1,7,0
1940,1,1,-47.553,-22.430,-4.44,-2.09,-4.43,-2.10,INF,-1,0,7,0
1960,1,1,-48.325,-22.081,-4.51,-2.06,-4.50,-2.06,INF,-1,0,7,0
1980,1,1,-48.123,-22.360,-4.49,-2.08,-4.49,-2.09,INF,-1,0,7,0
2000,1,1,-49.066,-23.540,-4.58,-2.19,-4.57,-2.20,INF,-1,0,7,0
2020,1,1,-48.542,-21.850,-4.53,-2.04,-4.52,-2.04,INF,-1,0,7,0
2040,1,1,-48.846,-23.088,-4.56,-2.15,-4.55,-2.16,INF,-1,0,7,0
2060,1,1,-47.670,-22.626,-4.45,-2.11,-4.44,-2.11,INF,-1,0,7,0
2080,1,1,-47.657,-22.382,-4.45,-2.08,-4.44,-2.09,INF,-1,0,7,0
2100,1,1,-46.992,-21.324,-4.38,-1.99,-4.38,-1.99,INF,-1,0,7,0
2120,1,1,-46.986,-23.180,-4.38,-2.16,-4.38,-2.17,INF,-1,0,7,0
2140,1,1,-47.198,-25.139,-4.40,-2.34,-4.40,-2.35,INF,-1,0,7,0
2160,1,1,-46.593,-23.322,-4.35,-2.17,-4.34,-2.18,INF,-1,0,7,0
2180,1,1,-48.903,-14.512,-4.56,-1.35,-4.56,-1.36,INF,-1,1,7,0
2200,1,1,-50.291,-11.899,-4.69,-1.11,-4.69,-1.11,INF,-1,1,7,0
2220,1,1,-48.673,-10.766,-4.54,-1.00,-4.54,-1.01,INF,-1,1,7,0
2240,1,1,-48.782,-10.061,-4.55,-0.94,-4.55,-0.94,INF,-1,0,7,0
2260,1,1,-48.747,-10.538,-4.55,-0.98,-4.55,-0.98,INF,-1,0,7,0
2280,1,1,-50.261,-11.813,-4.69,-1.10,-4.69,-1.10,INF,-1,0,7,0
2300,1,1,-49.907,-11.028,-4.65,-1.03,-4.65,-1.03,INF,-1,0,7,0
2320,1,1,-48.774,-10.107,-4.55,-0.94,-4.55,-0.94,INF,-1,0,7,0
2340,1,1,-49.114,-11.078,-4.58,-1.03,-4.58,-1.04,INF,-1,0,7,0
2360,1,1,-48.595,-10.206,-4.53,-0.95,-4.53,-0.95,INF,-1,0,7,0
2380,1,1,-49.929,-8.976,-4.66,-0.84,-4.66,-0.84,INF,-1,0,7,0
2400,1,1,-39.883,-6.647,-3.72,-0.62,-3.72,-0.62,INF,-1,0,7,0
2420,1,1,-41.675,-5.856,-3.89,-0.55,-3.89,-0.55,INF,-1,0,7,0
2440,1,1,-39.480,-6.592,-3.69,-0.61,-3.68,-0.62,INF,-1,0,7,0
2460,1,1,-42.074,-7.590,-3.93,-0.71,-3.93,-0.71,INF,-1,0,7,0
2480,1,1,-41.227,-7.684,-3.85,-0.72,-3.85,-0.72,INF,-1,1,7,0
2500,1,1,-41.541,-5.854,-3.88,-0.55,-3.88,-0.55,INF,-1,1,7,0
2520,1,1,-42.389,-6.280,-3.96,-0.59,-3.96,-0.59,INF,-1,1,7,0
2540,1,1,-41.803,-8.316,-3.90,-0.78,-3.90,-0.78,INF,-1,1,7,0
2560,1,1,-42.404,-7.454,-3.96,-0.70,-3.96,-0.70,INF,-1,1,7,0
2580,1,1,2.439,7.755,0.23,0.72,0.23,0.72,INF,-1,1,7,0
2600,1,1,3.391,5.107,0.32,0.48,0.32,0.48,INF,-1,1,7,0
2620,1,1,4.264,6.293,0.40,0.59,0.40,0.59,INF,-1,0,7,0
2640,1,1,3.169,7.604,0.30,0.71,0.30,0.71,INF,-1,0,7,0
2660,1,1,4.162,7.164,0.39,0.67,0.39,0.67,INF,-1,0,7,0
2680,1,1,2.971,6.276,0.28,0.59,0.28,0.59,INF,-1,0,7,0
2700,1,1,4.696,6.142,0.44,0.57,0.44,0.57,INF,-1,0,7,0
2720,1,1,5.182,6.189,0.48,0.58,0.48,0.58,INF,-1,0,7,0
2740,1,1,3.651,6.912,0.34,0.65,0.34,0.65,INF,-1,0,7,0
2760,1,1,4.486,7.183,0.42,0.67,0.42,0.67,INF,-1,0,7,0
2780,1,1,5.830,7.176,0.54,0.67,0.54,0.67,INF,-1,0,7,0
2800,1,1,4.368,7.612,0.41,0.71,0.41,0.71,INF,-1,0,7,0
2820,1,1,4.620,5.805,0.43,0.54,0.43,0.54,INF,-1,0,7,0
2840,1,1,4.677,5.966,0.44,0.56,0.44,0.56,INF,-1,0,7,0
2860,1,1,4.060,3.601,0.38,0.34,0.38,0.34,INF,-1,1,7,0
2880,1,1,11.293,12.323,1.06,1.15,1.06,1.15,INF,-1,1,7,0
2900,1,1,9.741,11.217,0.91,1.05,0.91,1.05,INF,-1,1,7,0
2920,1,1,10.191,12.592,0.95,1.18,0.95,1.18,INF,-1,1,7,0
2940,1,1,10.917,13.300,1.02,1.24,1.02,1.24,INF,-1,1,7,0
2960,1,1,10.275,12.053,0.96,1.13,0.96,1.13,INF,-1,1,7,0
2980,1,1,10.037,10.520,0.94,0.98,0.94,0.98,INF,-1,1,7,0
3000,1,1,10.661,10.842,1.00,1.01,1.00,1.01,INF,-1,1,7,0
3020,1,1,9.722,9.645,0.91,0.90,0.91,0.90,INF,-1,1,7,0
3040,1,1,10.490,9.510,0.98,0.89,0.98,0.89,INF,-1,1,7,0
3060,1,1,10.026,10.027,0.94,0.94,0.94,0.94,INF,-1,1,7,0
3080,1,1,11.718,12.239,1.10,1.14,1.09,1.14,INF,-1,1,7,0
3100,1,1,10.701,12.116,1.00,1.13,1.00,1.13,INF,-1,1,7,0
3120,1,1,10.223,11.934,0.96,1.12,0.96,1.12,INF,-1,1,7,0
3140,1,1,10.257,11.170,0.96,1.04,0.96,1.04,INF,-1,1,7,0
3160,1,1,10.276,9.718,0.96,0.91,0.96,0.91,INF,-1,1,7,0
3180,1,1,10.205,12.679,0.95,1.18,0.95,1.18,INF,-1,1,7,0
3200,1,1,8.320,10.219,0.78,0.95,0.78,0.96,INF,-1,1,7,0
3220,1,1,9.364,9.802,0.88,0.92,0.88,0.92,INF,-1,1,7,0
3240,1,1,8.486,9.894,0.79,0.92,0.79,0.92,INF,-1,1,7,0
3260,1,1,10.109,9.604,0.94,0.90,0.94,0.90,INF,-1,1,7,0
3280,1,1,10.161,12.401,0.95,1.16,0.95,1.16,INF,-1,1,7,0
3300,1,1,11.386,10.614,1.06,0.99,1.06,0.99,INF,-1,1,7,0
3320,1,1,11.349,11.929,1.06,1.11,1.06,1.11,INF,-1,1,7,0
3340,1,1,10.917,12.908,1.02,1.21,1.02,1.21,INF,-1,1,7,0
3360,1,1,10.463,10.793,0.98,1.01,0.98,1.01,INF,-1,1,7,0
3380,1,1,9.880,9.717,0.92,0.91,0.92,0.91,INF,-1,1,7,0
3400,1,1,9.885,10.010,0.92,0.94,0.92,0.94,INF,-1,1,7,0
3420,1,1,10.521,11.490,0.98,1.07,0.98,1.07,INF,-1,1,7,0
3440,1,1,10.642,10.437,0.99,0.98,0.99,0.98,INF,-1,1,7,0
3460,1,1,10.275,10.683,0.96,1.00,0.96,1.00,INF,-1,1,7,0
3480,1,1,10.280,11.534,0.96,1.08,0.96,1.08,INF,-1,1,7,0
3500,1,1,10.641,11.861,0.99,1.11,0.99,1.11,INF,-1,1,7,0
3520,1,1,10.921,11.797,1.02,1.10,1.02,1.10,INF,-1,1,7,0
3540,1,1,10.426,11.458,0.97,1.07,0.97,1.07,INF,-1,1,7,0
3560,1,1,10.240,10.350,0.96,0.97,0.96,0.97,INF,-1,1,7,0
3580,1,1,11.404,11.846,1.07,1.11,1.07,1.11,INF,-1,1,7,0
3600,1,1,9.824,11.376,0.92,1.06,0.92,1.06,INF,-1,1,7,0
3620,1,1,10.759,12.895,1.01,1.20,1.01,1.21,INF,-1,1,7,0
3640,1,1,9.234,10.981,0.86,1.03,0.86,1.03,INF,-1,1,7,0
3660,1,1,10.667,12.456,1.00,1.16,1.00,1.16,INF,-1,1,7,0
3680,1,1,11.869,12.852,1.11,1.20,1.11,1.20,INF,-1,1,7,0
3700,1,1,13.027,15.807,1.22,1.48,1.22,1.48,INF,-1,1,7,0
3720,1,1,13.224,16.531,1.24,1.54,1.24,1.54,INF,-1,0,7,0
3740,1,1,13.450,17.075,1.26,1.60,1.26,1.60,INF,-1,0,7,0
3760,1,1,13.919,17.863,1.30,1.67,1.30,1.67,INF,-1,0,7,0
3780,1,1,12.903,15.735,1.21,1.47,1.21,1.47,INF,-1,0,7,0
3800,1,1,12.882,16.133,1.20,1.51,1.20,1.51,INF,-1,0,7,0
3820,1,1,13.067,17.247,1.22,1.61,1.22,1.61,INF,-1,0,7,0
3840,1,1,12.934,16.329,1.21,1.53,1.21,1.53,INF,-1,0,7,0
3860,1,1,12.349,15.690,1.15,1.47,1.15,1.47,INF,-1,0,7,0
3880,1,1,12.662,15.121,1.18,1.41,1.18,1.41,INF,-1,0,7,0
3900,1,1,13.409,16.255,1.25,1.52,1.25,1.52,INF,-1,0,7,0
3920,1,1,12.313,16.609,1.15,1.55,1.15,1.55,INF,-1,0,7,0
3940,1,1,15.345,14.634,1.43,1.37,1.43,1.37,INF,-1,0,7,0
3960,1,1,25.015,1.731,2.34,0.16,2.34,0.16,INF,-1,1,7,0
3980,1,1,25.033,-5.682,2.34,-0.53,2.34,-0.53,INF,-1,1,7,0
4000,1,1,24.645,-4.702,2.30,-0.44,2.30,-0.44,INF,-1,0,7,0
4020,1,1,24.247,-4.868,2.27,-0.45,2.27,-0.45,INF,-1,0,7,0
4040,1,1,25.225,-6.685,2.36,-0.62,2.36,-0.62,INF,-1,0,7,0
4060,1,1,24.264,-6.788,2.27,-0.63,2.27,-0.63,INF,-1,0,7,0
4080,1,1,23.456,-5.416,2.19,-0.51,2.19,-0.51,INF,-1,0,7,0
4100,1,1,24.366,-6.061,2.28,-0.57,2.28,-0.57,INF,-1,0,7,0
4120,1,1,24.404,-4.871,2.28,-0.45,2.28,-0.46,INF,-1,0,7,0
4140,1,1,24.950,-4.403,2.33,-0.41,2.33,-0.41,INF,-1,0,7,0
4160,1,1,24.800,-3.493,2.32,-0.33,2.32,-0.33,INF,-1,0,7,0
4180,1,1,25.271,-3.536,2.36,-0.33,2.36,-0.33,INF,-1,0,7,0
4200,1,1,33.048,-19.372,3.09,-1.81,3.08,-1.81,INF,-1,0,7,0
4220,1,1,33.238,-23.829,3.10,-2.22,3.10,-2.23,INF,-1,0,7,0
4240,1,1,32.973,-23.842,3.08,-2.22,3.08,-2.23,INF,-1,0,7,0
4260,1,1,32.063,-23.264,2.99,-2.17,2.99,-2.17,INF,-1,0,7,0
4280,1,1,8.585,-31.445,0.80,-2.94,0.80,-2.94,INF,-1,0,7,0
4300,1,1,9.878,-31.642,0.92,-2.95,0.92,-2.95,INF,-1,0,7,0
4320,1,1,10.240,-32.278,0.96,-3.01,0.96,-3.01,INF,-1,0,7,0
4340,1,1,9.468,-32.254,0.88,-3.01,0.88,-3.01,INF,-1,0,7,0
4360,1,1,10.458,-31.258,0.98,-2.92,0.98,-2.92,INF,-1,0,7,0
4380,1,1,10.232,-31.575,0.96,-2.95,0.95,-2.95,INF,-1,0,7,0
4400,1,1,9.892,-30.127,0.92,-2.81,0.92,-2.81,INF,-1,0,7,0
4420,1,1,11.464,-30.116,1.07,-2.81,1.07,-2.81,INF,-1,0,7,0
4440,1,1,9.921,-31.052,0.93,-2.90,0.93,-2.90,INF,-1,0,7,0
4460,1,1,10.572,-31.684,0.99,-2.96,0.99,-2.96,INF,-1,0,7,0
4480,1,1,10.312,-30.347,0.96,-2.83,0.96,-2.83,INF,-1,0,7,0
4500,1,1,9.398,-32.250,0.88,-3.01,0.88,-3.01,INF,-1,0,7,0
4520,1,1,10.703,-31.471,1.00,-2.94,1.00,-2.94,INF,-1,0,7,0
4540,1,1,10.028,-31.442,0.94,-2.94,0.94,-2.94,INF,-1,0,7,0
4560,1,1,10.626,-31.644,0.99,-2.95,0.99,-2.96,INF,-1,1,7,0
4580,1,1,9.875,-31.743,0.92,-2.96,0.92,-2.96,INF,-1,1,7,0
4600,1,1,11.523,-29.602,1.08,-2.76,1.08,-2.76,INF,-1,1,7,0
4620,1,1,8.753,-31.529,0.82,-2.94,0.82,-2.94,INF,-1,1,7,0
4640,1,1,10.886,-31.055,1.02,-2.90,1.02,-2.90,INF,-1,1,7,0
4660,1,1,9.837,-31.947,0.92,-2.98,0.92,-2.98,INF,-1,1,7,0
4680,1,1,9.496,-31.278,0.89,-2.92,0.89,-2.92,INF,-1,1,7,0
4700,1,1,9.342,-32.005,0.87,-2.99,0.87,-2.99,INF,-1,1,7,0
4720,1,1,10.401,-30.221,0.97,-2.82,0.97,-2.82,INF,-1,1,7,0
4740,1,1,10.524,-30.224,0.98,-2.82,0.98,-2.82,INF,-1,1,7,0
4760,1,1,9.974,-32.587,0.93,-3.04,0.93,-3.04,INF,-1,1,7,0
4780,1,1,9.670,-31.497,0.90,-2.94,0.90,-2.94,INF,-1,1,7,0
4800,1,1,9.774,-32.969,0.91,-3.08,0.91,-3.08,INF,-1,1,7,0
4820,1,1,10.320,-32.447,0.96,-3.03,0.96,-3.03,INF,-1,1,7,0
4840,1,1,-1.500,-41.964,-0.14,-3.92,-0.14,-3.92,INF,-1,1,7,0
4860,1,1,0.027,-44.389,0.00,-4.14,0.00,-4.14,INF,-1,1,7,0
4880,1,1,0.436,-43.932,0.04,-4.10,0.04,-4.10,INF,-1,0,7,0
4900,1,1,-0.046,-44.191,0.00,-4.12,0.00,-4.12,INF,-1,0,7,0
4920,1,1,0.960,-42.547,0.09,-3.97,0.09,-3.97,INF,-1,0,7,0
4940,1,1,-0.593,-43.698,-0.06,-4.08,-0.06,-4.08,INF,-1,0,7,0
4960,1,1,-0.719,-44.250,-0.07,-4.13,-0.07,-4.13,INF,-1,0,7,0
4980,1,1,-0.153,-43.112,-0.01,-4.02,-0.01,-4.02,INF,-1,0,7,0
5000,1,1,0.495,-43.105,0.05,-4.02,0.05,-4.02,INF,-1,0,7,0
5020,1,1,0.002,-43.557,0.00,-4.06,0.00,-4.06,INF,-1,0,7,0
5040,1,1,1.198,-43.120,0.11,-4.02,0.11,-4.02,INF,-1,0,7,0
5060,1,1,0.738,-44.190,0.07,-4.12,0.07,-4.12,INF,-1,0,7,0
5080,1,1,0.097,-44.091,0.01,-4.11,0.01,-4.11,INF,-1,0,7,0
5100,1,1,1.240,-43.316,0.12,-4.04,0.12,-4.04,INF,-1,0,7,0
5120,1,1,2.161,-43.083,0.20,-4.02,0.20,-4.02,INF,-1,1,7,0
5140,1,1,0.409,-43.838,0.04,-4.09,0.04,-4.09,INF,-1,1,7,0
5160,1,1,-1.360,-42.686,-0.13,-3.98,-0.13,-3.98,INF,-1,1,7,0
5180,1,1,58.603,-41.570,5.46,-3.86,5.45,-3.88,INF,-1,1,7,0
5200,1,1,54.122,-44.140,5.05,-4.10,5.03,-4.12,INF,-1,1,7,0
5220,1,1,53.647,-44.287,5.00,-4.12,4.99,-4.13,INF,-1,0,7,0
5240,1,1,53.803,-43.282,5.02,-4.02,5.00,-4.04,INF,-1,0,7,0
5260,1,1,54.076,-44.052,5.04,-4.09,5.03,-4.11,INF,-1,0,7,0
5280,1,1,52.097,-44.790,4.86,-4.16,4.84,-4.18,INF,-1,0,7,0
5300,1,1,54.528,-44.141,5.08,-4.10,5.07,-4.12,INF,-1,0,7,0
5320,1,1,52.681,-44.940,4.91,-4.18,4.90,-4.19,INF,-1,0,7,0
5340,1,1,54.173,-43.184,5.05,-4.01,5.04,-4.03,INF,-1,0,7,0
5360,1,1,54.428,-46.112,5.07,-4.29,5.06,-4.30,INF,-1,0,7,0
5380,1,1,54.274,-44.922,5.06,-4.18,5.05,-4.19,INF,-1,0,7,0
5400,1,1,54.039,-45.372,5.04,-4.22,5.02,-4.23,INF,-1,0,7,0
5420,1,1,48.229,-45.338,4.50,-4.22,4.49,-4.23,INF,-1,0,7,0
5440,1,1,42.641,-44.134,3.98,-4.11,3.97,-4.12,INF,-1,0,7,0
5460,1,1,43.079,-44.961,4.02,-4.18,4.01,-4.19,INF,-1,1,7,0
5480,1,1,43.204,-46.117,4.03,-4.29,4.02,-4.30,INF,-1,1,7,0
5500,1,1,43.236,-45.818,4.03,-4.26,4.02,-4.27,INF,-1,1,7,0
5520,1,1,44.841,-42.201,4.18,-3.93,4.17,-3.94,INF,-1,1,7,0
5540,1,1,44.309,-44.059,4.13,-4.10,4.12,-4.11,INF,-1,1,7,0
5560,1,1,43.776,-46.086,4.08,-4.29,4.07,-4.30,INF,-1,1,7,0
5580,1,1,44.939,-44.012,4.19,-4.10,4.18,-4.11,INF,-1,1,7,0
5600,1,1,44.785,-44.988,4.18,-4.19,4.17,-4.20,INF,-1,1,7,0
5620,1,1,44.709,-44.821,4.17,-4.17,4.16,-4.18,INF,-1,1,7,0
5640,1,1,45.739,-45.054,4.27,-4.19,4.26,-4.20,INF,-1,1,7,0
5660,1,1,44.915,-45.693,4.19,-4.25,4.18,-4.26,INF,-1,1,7,0
5680,1,1,45.329,-45.796,4.23,-4.26,4.22,-4.27,INF,-1,1,7,0
5700,1,1,44.685,-43.430,4.17,-4.04,4.16,-4.05,INF,-1,1,7,0
5720,1,1,45.027,-47.417,4.20,-4.41,4.19,-4.42,INF,-1,1,7,0
5740,1,1,47.550,-43.981,4.44,-4.09,4.42,-4.10,INF,-1,1,7,0
5760,1,1,65.647,-28.207,6.11,-2.62,6.11,-2.63,INF,-1,1,7,0
5780,1,1,61.436,-34.872,5.72,-3.24,5.71,-3.26,INF,-1,1,7,0
5800,1,1,63.211,-32.701,5.89,-3.04,5.88,-3.05,INF,-1,0,7,0
5820,1,1,60.897,-33.339,5.67,-3.10,5.66,-3.11,INF,-1,0,7,0
5840,1,1,60.156,-31.533,5.60,-2.93,5.60,-2.94,INF,-1,0,7,0
5860,1,1,63.322,-30.443,5.90,-2.83,5.89,-2.84,INF,-1,0,7,0
5880,1,1,62.552,-36.422,5.83,-3.38,5.82,-3.40,INF,-1,0,7,0
5900,1,1,63.351,-32.463,5.90,-3.02,5.89,-3.03,INF,-1,0,7,0
5920,1,1,63.521,-33.530,5.92,-3.11,5.91,-3.13,INF,-1,0,7,0
5940,1,1,65.549,-31.465,6.10,-2.92,6.10,-2.94,INF,-1,0,7,0
5960,1,1,67.301,-38.060,6.27,-3.53,6.25,-3.55,INF,-1,0,7,0
5980,1,1,74.813,-35.380,6.96,-3.28,6.95,-3.30,INF,-1,0,7,0
6000,1,1,73.639,-35.155,6.85,-3.26,6.84,-3.28,INF,-1,0,7,0
6020,1,1,72.472,-36.011,6.74,-3.34,6.73,-3.36,INF,-1,0,7,0
6040,1,1,72.888,-36.707,6.78,-3.40,6.77,-3.43,INF,-1,1,7,0
6060,1,1,72.742,-33.103,6.77,-3.07,6.76,-3.09,INF,-1,1,7,0
6080,1,1,72.956,-35.573,6.79,-3.30,6.78,-3.32,INF,-1,1,7,0
6100,1,1,71.357,-35.650,6.64,-3.31,6.63,-3.33,INF,-1,1,7,0
6120,1,1,72.172,-36.310,6.71,-3.37,6.70,-3.39,INF,-1,1,7,0
6140,1,1,71.703,-37.013,6.67,-3.43,6.66,-3.46,INF,-1,1,7,0
6160,1,1,74.003,-38.453,6.88,-3.56,6.87,-3.59,INF,-1,1,7,0
6180,1,1,71.422,-36.952,6.65,-3.43,6.63,-3.45,INF,-1,1,7,0
6200,1,1,70.499,-36.467,6.56,-3.38,6.55,-3.40,INF,-1,1,7,0
6220,1,1,60.049,-38.899,5.59,-3.61,5.58,-3.63,INF,-1,1,7,0
6240,1,1,59.617,-34.345,5.55,-3.19,5.55,-3.21,INF,-1,1,7,0
6260,1,1,60.471,-41.463,5.63,-3.85,5.62,-3.87,INF,-1,1,7,0
6280,1,1,60.796,-42.423,5.66,-3.94,5.65,-3.96,INF,-1,1,7,0
6300,1,1,60.956,-41.377,5.68,-3.84,5.67,-3.86,INF,-1,1,7,0
6320,1,1,61.317,-39.755,5.71,-3.69,5.70,-3.71,INF,-1,1,7,0
6340,1,1,59.932,-41.403,5.58,-3.85,5.57,-3.86,INF,-1,1,7,0
6360,1,1,60.854,-40.488,5.67,-3.76,5.66,-3.78,INF,-1,1,7,0
6380,1,1,61.208,-39.805,5.70,-3.70,5.69,-3.72,INF,-1,1,7,0
6400,1,1,60.213,-39.535,5.61,-3.67,5.60,-3.69,INF,-1,1,7,0
6420,1,1,61.329,-42.484,5.71,-3.94,5.70,-3.96,INF,-1,1,7,0
6440,1,1,60.051,-41.502,5.60,-3.85,5.58,-3.87,INF,-1,1,7,0
6460,1,1,60.010,-42.615,5.59,-3.96,5.58,-3.98,INF,-1,1,7,0
6480,1,1,60.325,-41.002,5.62,-3.81,5.61,-3.83,INF,-1,1,7,0
6500,1,1,60.109,-40.808,5.60,-3.79,5.59,-3.81,INF,-1,1,7,0
6520,1,1,60.467,-40.923,5.63,-3.80,5.62,-3.82,INF,-1,1,7,0
6540,1,1,60.258,-42.071,5.61,-3.91,5.60,-3.93,INF,-1,1,7,0
6560,1,1,61.096,-40.226,5.69,-3.74,5.68,-3.75,INF,-1,1,7,0
6580,1,1,60.475,-40.257,5.63,-3.74,5.62,-3.76,INF,-1,1,7,0
6600,1,1,59.763,-40.955,5.57,-3.80,5.56,-3.82,INF,-1,1,7,0
6620,1,1,60.452,-41.359,5.63,-3.84,5.62,-3.86,INF,-1,1,7,0
6640,1,1,60.886,-41.039,5.67,-3.81,5.66,-3.83,INF,-1,1,7,0
6660,1,1,50.439,-41.959,4.70,-3.90,4.69,-3.92,INF,-1,1,7,0
6680,1,1,50.850,-40.750,4.74,-3.79,4.73,-3.80,INF,-1,1,7,0
6700,1,1,51.775,-39.711,4.83,-3.69,4.82,-3.71,INF,-1,0,7,0
6720,1,1,50.362,-42.676,4.70,-3.97,4.69,-3.98,INF,-1,0,7,0
6740,1,1,49.216,-41.520,4.59,-3.86,4.58,-3.87,INF,-1,0,7,0
6760,1,1,50.269,-39.118,4.69,-3.64,4.68,-3.65,INF,-1,0,7,0
6780,1,1,49.982,-39.413,4.66,-3.67,4.65,-3.68,INF,-1,0,7,0
6800,1,1,51.157,-40.942,4.77,-3.81,4.76,-3.82,INF,-1,0,7,0
6820,1,1,50.644,-41.508,4.72,-3.86,4.71,-3.87,INF,-1,0,7,0
6840,1,1,50.729,-40.279,4.73,-3.75,4.72,-3.76,INF,-1,0,7,0
6860,1,1,50.950,-39.579,4.75,-3.68,4.74,-3.69,INF,-1,0,7,0
6880,1,1,50.422,-40.543,4.70,-3.77,4.69,-3.78,INF,-1,0,7,0
6900,1,1,51.056,-39.103,4.76,-3.64,4.75,-3.65,INF,-1,0,7,0
6920,1,1,39.286,-23.822,3.67,-2.22,3.66,-2.23,INF,-1,0,7,0
6940,1,1,19.376,20.688,1.81,1.93,1.81,1.93,INF,-1,1,7,0
6960,1,1,18.552,19.065,1.73,1.78,1.73,1.78,INF,-1,0,7,0
6980,1,1,18.322,23.323,1.71,2.18,1.71,2.18,INF,-1,0,7,0
7000,1,1,18.531,19.693,1.73,1.84,1.73,1.84,INF,-1,0,7,0
7020,1,1,18.954,18.508,1.77,1.73,1.77,1.73,INF,-1,0,7,0
7040,1,1,18.324,16.734,1.71,1.56,1.71,1.56,INF,-1,0,7,0
7060,1,1,18.536,17.785,1.73,1.66,1.73,1.66,INF,-1,0,7,0
7080,1,1,18.433,18.816,1.72,1.76,1.72,1.76,INF,-1,0,7,0
7100,1,1,18.002,19.606,1.68,1.83,1.68,1.83,INF,-1,0,7,0
7120,1,1,17.169,17.737,1.60,1.66,1.60,1.66,INF,-1,0,7,0
7140,1,1,17.963,18.043,1.68,1.69,1.68,1.69,INF,-1,0,7,0
7160,1,1,16.629,15.985,1.55,1.49,1.55,1.49,INF,-1,0,7,0
7180,1,1,16.277,16.993,1.52,1.59,1.52,1.59,INF,-1,0,7,0
7200,1,1,17.356,18.075,1.62,1.69,1.62,1.69,INF,-1,0,7,0
7220,1,1,17.866,17.994,1.67,1.68,1.67,1.68,INF,-1,1,7,0
7240,1,1,17.524,17.730,1.64,1.66,1.64,1.66,INF,-1,1,7,0
7260,1,1,16.016,16.760,1.50,1.57,1.50,1.57,INF,-1,1,7,0
7280,1,1,16.352,16.435,1.53,1.54,1.53,1.54,INF,-1,1,7,0
7300,1,1,5.206,21.001,0.49,1.96,0.49,1.96,INF,-1,1,7,0
7320,1,1,2.224,21.526,0.21,2.01,0.21,2.01,INF,-1,1,7,0
7340,1,1,1.830,21.387,0.17,2.00,0.17,2.00,INF,-1,0,7,0
7360,1,1,2.776,22.095,0.26,2.06,0.26,2.06,INF,-1,0,7,0
7380,1,1,2.396,20.248,0.22,1.89,0.22,1.89,INF,-1,0,7,0
7400,1,1,1.861,21.097,0.17,1.97,0.17,1.97,INF,-1,0,7,0
7420,1,1,0.943,20.406,0.09,1.91,0.09,1.91,INF,-1,0,7,0
7440,1,1,1.828,20.434,0.17,1.91,0.17,1.91,INF,-1,0,7,0
7460,1,1,1.686,19.272,0.16,1.80,0.16,1.80,INF,-1,0,7,0
7480,1,1,1.992,20.149,0.19,1.88,0.19,1.88,INF,-1,0,7,0
7500,1,1,1.455,20.229,0.14,1.89,0.14,1.89,INF,-1,0,7,0
7520,1,1,0.412,20.004,0.04,1.87,0.04,1.87,INF,-1,0,7,0
7540,1,1,1.909,21.407,0.18,2.00,0.18,2.00,INF,-1,0,7,0
7560,1,1,2.227,20.040,0.21,1.87,0.21,1.87,INF,-1,0,7,0
7580,1,1,7.710,18.539,0.72,1.73,0.72,1.73,INF,-1,1,7,0
7600,1,1,9.286,19.578,0.87,1.83,0.87,1.83,INF,-1,1,7,0
7620,1,1,9.369,19.265,0.88,1.80,0.88,1.80,INF,-1,1,7,0
7640,1,1,7.903,19.913,0.74,1.86,0.74,1.86,INF,-1,1,7,0
7660,1,1,10.006,19.563,0.94,1.83,0.93,1.83,INF,-1,1,7,0
7680,1,1,7.605,18.221,0.71,1.70,0.71,1.70,INF,-1,1,7,0
7700,1,1,7.831,16.708,0.73,1.56,0.73,1.56,INF,-1,1,7,0
7720,1,1,7.857,17.632,0.73,1.65,0.73,1.65,INF,-1,1,7,0
7740,1,1,14.230,15.722,1.33,1.47,1.33,1.47,INF,-1,1,7,0
7760,1,1,17.051,16.330,1.59,1.53,1.59,1.53,INF,-1,1,7,0
7780,1,1,16.510,16.103,1.54,1.50,1.54,1.50,INF,-1,0,7,0
7800,1,1,17.281,15.229,1.61,1.42,1.61,1.42,INF,-1,0,7,0
7820,1,1,14.802,14.164,1.38,1.32,1.38,1.32,INF,-1,0,7,0
7840,1,1,16.264,14.774,1.52,1.38,1.52,1.38,INF,-1,0,7,0
7860,1,1,15.710,14.759,1.47,1.38,1.47,1.38,INF,-1,0,7,0
7880,1,1,15.672,13.560,1.46,1.27,1.46,1.27,INF,-1,0,7,0
7900,1,1,15.199,14.517,1.42,1.36,1.42,1.36,INF,-1,0,7,0
7920,1,1,15.617,15.595,1.46,1.46,1.46,1.46,INF,-1,0,7,0
7940,1,1,14.535,14.498,1.36,1.35,1.36,1.35,INF,-1,0,7,0
7960,1,1,15.773,15.681,1.47,1.46,1.47,1.47,INF,-1,0,7,0
7980,1,1,14.517,14.766,1.36,1.38,1.36,1.38,INF,-1,0,7,0
8000,1,1,14.661,14.359,1.37,1.34,1.37,1.34,INF,-1,0,7,0
8020,1,1,14.850,13.710,1.39,1.28,1.39,1.28,INF,-1,1,7,0
8040,1,1,15.757,14.338,1.47,1.34,1.47,1.34,INF,-1,1,7,0
8060,1,1,16.645,15.419,1.56,1.44,1.55,1.44,INF,-1,1,7,0
8080,1,1,15.618,14.117,1.46,1.32,1.46,1.32,INF,-1,1,7,0
8100,1,1,15.407,13.408,1.44,1.25,1.44,1.25,INF,-1,1,7,0
8120,1,1,14.924,14.113,1.39,1.32,1.39,1.32,INF,-1,1,7,0
8140,1,1,8.196,10.675,0.77,1.00,0.77,1.00,INF,-1,1,7,0
8160,1,1,9.200,10.412,0.86,0.97,0.86,0.97,INF,-1,1,7,0
8180,1,1,7.957,8.347,0.74,0.78,0.74,0.78,INF,-1,1,7,0
8200,1,1,8.114,10.143,0.76,0.95,0.76,0.95,INF,-1,1,7,0
8220,1,1,7.682,9.193,0.72,0.86,0.72,0.86,INF,-1,1,7,0
8240,1,1,7.287,8.112,0.68,0.76,0.68,0.76,INF,-1,1,7,0
8260,1,1,7.971,9.856,0.75,0.92,0.74,0.92,INF,-1,1,7,0
8280,1,1,7.444,9.483,0.70,0.89,0.70,0.89,INF,-1,1,7,0
8300,1,1,6.603,8.731,0.62,0.82,0.62,0.82,INF,-1,1,7,0
8320,1,1,7.303,9.392,0.68,0.88,0.68,0.88,INF,-1,1,7,0
8340,1,1,6.711,9.391,0.63,0.88,0.63,0.88,INF,-1,1,7,0
8360,1,1,6.366,9.228,0.60,0.86,0.59,0.86,INF,-1,1,7,0
8380,1,1,6.506,9.002,0.61,0.84,0.61,0.84,INF,-1,0,7,0
8400,1,1,6.068,9.448,0.57,0.88,0.57,0.88,INF,-1,0,7,0
8420,1,1,6.687,9.843,0.63,0.92,0.62,0.92,INF,-1,0,7,0
8440,1,1,7.517,10.644,0.70,0.99,0.70,0.99,INF,-1,0,7,0
8460,1,1,7.318,10.930,0.68,1.02,0.68,1.02,INF,-1,0,7,0
8480,1,1,6.236,8.858,0.58,0.83,0.58,0.83,INF,-1,0,7,0
8500,1,1,-2.085,-8.286,-0.19,-0.77,-0.19,-0.77,INF,-1,0,7,0
8520,1,1,0.046,-7.052,0.00,-0.66,0.00,-0.66,INF,-1,0,7,0
8540,1,1,0.186,-6.481,0.02,-0.61,0.02,-0.61,INF,-1,0,7,0
8560,1,1,-1.284,-5.952,-0.12,-0.56,-0.12,-0.56,INF,-1,0,7,0
8580,1,1,-0.244,-5.700,-0.02,-0.53,-0.02,-0.53,INF,-1,0,7,0
8600,1,1,-0.932,-6.695,-0.09,-0.63,-0.09,-0.63,INF,-1,0,7,0
8620,1,1,-2.276,-6.605,-0.21,-0.62,-0.21,-0.62,INF,-1,1,7,0
8640,1,1,-1.644,-6.658,-0.15,-0.62,-0.15,-0.62,INF,-1,1,7,0
8660,1,1,-0.725,-9.127,-0.07,-0.85,-0.07,-0.85,INF,-1,1,7,0
8680,1,1,-2.042,-7.208,-0.19,-0.67,-0.19,-0.67,INF,-1,1,7,0
8700,1,1,-1.262,-6.961,-0.12,-0.65,-0.12,-0.65,INF,-1,0,7,0
8720,1,1,-1.648,-8.364,-0.15,-0.78,-0.15,-0.78,INF,-1,0,7,0
8740,1,1,-1.781,-6.986,-0.17,-0.65,-0.17,-0.65,INF,-1,0,7,0
8760,1,1,-1.770,-7.034,-0.17,-0.66,-0.17,-0.66,INF,-1,0,7,0
8780,1,1,-2.388,-6.858,-0.22,-0.64,-0.22,-0.64,INF,-1,0,7,0
8800,1,1,-0.670,-6.058,-0.06,-0.57,-0.06,-0.57,INF,-1,0,7,0
8820,1,1,-4.665,-8.412,-0.44,-0.79,-0.44,-0.79,INF,-1,0,7,0
8840,1,1,-9.310,-9.325,-0.87,-0.87,-0.87,-0.87,INF,-1,0,7,0
8860,1,1,-8.992,-8.908,-0.84,-0.83,-0.84,-0.83,INF,-1,0,7,0
8880,1,1,-9.711,-10.222,-0.91,-0.96,-0.91,-0.96,INF,-1,0,7,0
8900,1,1,-9.170,-10.786,-0.86,-1.01,-0.86,-1.01,INF,-1,0,7,0
8920,1,1,-9.471,-10.489,-0.89,-0.98,-0.88,-0.98,INF,-1,0,7,0
8940,1,1,-24.855,-20.966,-2.32,-1.96,-2.32,-1.96,INF,-1,1,7,0
8960,1,1,-21.789,-19.766,-2.04,-1.85,-2.03,-1.85,INF,-1,1,7,0
8980,1,1,-22.263,-21.903,-2.08,-2.05,-2.08,-2.05,INF,-1,0,7,0
9000,1,1,-22.168,-19.518,-2.07,-1.82,-2.07,-1.82,INF,-1,0,7,0
9020,1,1,-22.861,-18.639,-2.14,-1.74,-2.13,-1.74,INF,-1,0,7,0
9040,1,1,-22.142,-20.278,-2.07,-1.89,-2.07,-1.89,INF,-1,0,7,0
9060,1,1,-22.584,-20.455,-2.11,-1.91,-2.11,-1.91,INF,-1,0,7,0
9080,1,1,-23.060,-20.824,-2.15,-1.94,-2.15,-1.95,INF,-1,0,7,0
9100,1,1,-23.672,-19.048,-2.21,-1.78,-2.21,-1.78,INF,-1,0,7,0
9120,1,1,-22.965,-20.218,-2.15,-1.89,-2.14,-1.89,INF,-1,0,7,0
9140,1,1,-22.506,-19.699,-2.10,-1.84,-2.10,-1.84,INF,-1,0,7,0
9160,1,1,-24.063,-19.741,-2.25,-1.84,-2.25,-1.84,INF,-1,0,7,0
9180,1,1,-22.436,-19.957,-2.10,-1.86,-2.09,-1.86,INF,-1,0,7,0
9200,1,1,-22.241,-19.532,-2.08,-1.82,-2.08,-1.82,INF,-1,0,7,0
9220,1,1,-22.652,-19.035,-2.12,-1.78,-2.12,-1.78,INF,-1,1,7,0
9240,1,1,-23.562,-19.417,-2.20,-1.81,-2.20,-1.81,INF,-1,1,7,0
9260,1,1,-23.825,-19.596,-2.23,-1.83,-2.22,-1.83,INF,-1,1,7,0
9280,1,1,-25.462,-18.751,-2.38,-1.75,-2.38,-1.75,INF,-1,1,7,0
9300,1,1,-33.675,-18.055,-3.14,-1.68,-3.14,-1.69,INF,-1,1,7,0
9320,1,1,-31.727,-17.912,-2.96,-1.67,-2.96,-1.67,INF,-1,1,7,0
9340,1,1,-32.212,-18.745,-3.01,-1.75,-3.01,-1.75,INF,-1,1,7,0
9360,1,1,-33.160,-19.229,-3.10,-1.79,-3.09,-1.80,INF,-1,1,7,0
9380,1,1,-32.136,-18.598,-3.00,-1.74,-3.00,-1.74,INF,-1,1,7,0
9400,1,1,-32.688,-18.474,-3.05,-1.72,-3.05,-1.73,INF,-1,1,7,0
9420,1,1,-32.369,-19.111,-3.02,-1.78,-3.02,-1.79,INF,-1,1,7,0
9440,1,1,-32.633,-20.274,-3.05,-1.89,-3.05,-1.89,INF,-1,1,7,0
9460,1,1,-32.554,-18.948,-3.04,-1.77,-3.04,-1.77,INF,-1,1,7,0
9480,1,1,-33.366,-17.768,-3.12,-1.66,-3.11,-1.66,INF,-1,1,7,0
9500,1,1,-33.370,-17.926,-3.12,-1.67,-3.11,-1.68,INF,-1,1,7,0
9520,1,1,-34.425,-18.281,-3.21,-1.71,-3.21,-1.71,INF,-1,0,7,0
9540,1,1,-33.486,-19.782,-3.13,-1.85,-3.13,-1.85,INF,-1,0,7,0
9560,1,1,-34.401,-19.572,-3.21,-1.83,-3.21,-1.83,INF,-1,0,7,0
9580,1,1,-32.888,-20.155,-3.07,-1.88,-3.07,-1.88,INF,-1,0,7,0
9600,1,1,-34.230,-20.915,-3.20,-1.95,-3.19,-1.95,INF,-1,0,7,0
9620,1,1,-34.331,-21.220,-3.21,-1.98,-3.20,-1.98,INF,-1,0,7,0
9640,1,1,-34.062,-19.994,-3.18,-1.87,-3.18,-1.87,INF,-1,0,7,0
9660,1,1,-33.306,-19.627,-3.11,-1.83,-3.11,-1.83,INF,-1,0,7,0
9680,1,1,-33.605,-19.626,-3.14,-1.83,-3.14,-1.83,INF,-1,0,7,0
9700,1,1,-33.900,-20.389,-3.17,-1.90,-3.16,-1.91,INF,-1,0,7,0
9720,1,1,-33.117,-19.684,-3.09,-1.84,-3.09,-1.84,INF,-1,0,7,0
9740,1,1,-34.198,-19.063,-3.19,-1.78,-3.19,-1.78,INF,-1,0,7,0
9760,1,1,-34.343,-20.049,-3.21,-1.87,-3.20,-1.87,INF,-1,1,7,0
9780,1,1,-32.217,-19.963,-3.01,-1.86,-3.01,-1.87,INF,-1,1,7,0
9800,1,1,-19.131,-19.276,-1.79,-1.80,-1.79,-1.80,INF,-1,1,7,0
9820,1,1,-18.759,-17.518,-1.75,-1.64,-1.75,-1.64,INF,-1,1,7,0
9840,1,1,-17.807,-17.742,-1.66,-1.66,-1.66,-1.66,INF,-1,0,7,0
9860,1,1,-19.256,-18.384,-1.80,-1.72,-1.80,-1.72,INF,-1,0,7,0
9880,1,1,-19.090,-19.851,-1.78,-1.85,-1.78,-1.85,INF,-1,0,7,0
9900,1,1,-19.015,-17.564,-1.78,-1.64,-1.78,-1.64,INF,-1,0,7,0
9920,1,1,-19.355,-18.587,-1.81,-1.74,-1.81,-1.74,INF,-1,0,7,0
9940,1,1,-18.509,-18.597,-1.73,-1.74,-1.73,-1.74,INF,-1,0,7,0
9960,1,1,-19.574,-20.065,-1.83,-1.87,-1.83,-1.87,INF,-1,0,7,0
9980,1,1,-18.906,-19.510,-1.77,-1.82,-1.77,-1.82,INF,-1,0,7,0
10000,1,1,-19.911,-17.462,-1.86,-1.63,-1.86,-1.63,INF,-1,0,7,0
10020,1,1,-18.590,-19.649,-1.74,-1.84,-1.74,-1.84,INF,-1,0,7,0
10040,1,1,-19.448,-18.925,-1.82,-1.77,-1.82,-1.77,INF,-1,0,7,0
10060,1,1,-17.806,-17.379,-1.66,-1.62,-1.66,-1.62,INF,-1,0,7,0
10080,1,1,-5.617,-7.741,-0.53,-0.72,-0.52,-0.72,INF,-1,1,7,0
10100,1,1,-7.119,-9.068,-0.67,-0.85,-0.67,-0.85,INF,-1,1,7,0
10120,1,1,-6.429,-7.247,-0.60,-0.68,-0.60,-0.68,INF,-1,0,7,0
10140,1,1,-6.059,-7.645,-0.57,-0.71,-0.57,-0.71,INF,-1,0,7,0
10160,1,1,-5.664,-7.906,-0.53,-0.74,-0.53,-0.74,INF,-1,0,7,0
10180,1,1,-6.641,-7.789,-0.62,-0.73,-0.62,-0.73,INF,-1,0,7,0
10200,1,1,-6.302,-7.346,-0.59,-0.69,-0.59,-0.69,INF,-1,0,7,0
10220,1,1,-6.492,-6.849,-0.61,-0.64,-0.61,-0.64,INF,-1,0,7,0
10240,1,1,-7.877,-7.287,-0.74,-0.68,-0.74,-0.68,INF,-1,0,7,0
10260,1,1,-5.842,-7.278,-0.55,-0.68,-0.55,-0.68,INF,-1,0,7,0
10280,1,1,-6.445,-7.598,-0.60,-0.71,-0.60,-0.71,INF,-1,0,7,0
10300,1,1,-5.673,-6.284,-0.53,-0.59,-0.53,-0.59,INF,-1,0,7,0
10320,1,1,-6.795,-7.636,-0.64,-0.71,-0.64,-0.71,INF,-1,0,7,0
10340,1,1,-6.935,-8.432,-0.65,-0.79,-0.65,-0.79,INF,-1,0,7,0
10360,1,1,-7.157,-7.409,-0.67,-0.69,-0.67,-0.69,INF,-1,1,7,0
10380,1,1,-7.200,-7.492,-0.67,-0.70,-0.67,-0.70,INF,-1,1,7,0
10400,1,1,-7.451,-6.888,-0.70,-0.64,-0.70,-0.64,INF,-1,1,7,0
10420,1,1,-6.307,-8.521,-0.59,-0.80,-0.59,-0.80,INF,-1,1,7,0
10440,1,1,-6.062,-8.052,-0.57,-0.75,-0.57,-0.75,INF,-1,1,7,0
10460,1,1,-5.999,-6.295,-0.56,-0.59,-0.56,-0.59,INF,-1,1,7,0
10480,1,1,-6.210,-7.959,-0.58,-0.74,-0.58,-0.74,INF,-1,1,7,0
10500,1,1,-7.204,-8.048,-0.67,-0.75,-0.67,-0.75,INF,-1,1,7,0
10520,1,1,-6.128,-7.913,-0.57,-0.74,-0.57,-0.74,INF,-1,1,7,0
10540,1,1,-6.897,-7.231,-0.64,-0.68,-0.64,-0.68,INF,-1,1,7,0
10560,1,1,-6.656,-8.658,-0.62,-0.81,-0.62,-0.81,INF,-1,1,7,0
10580,1,1,-6.256,-7.488,-0.58,-0.70,-0.58,-0.70,INF,-1,1,7,0
10600,1,1,-7.124,-10.713,-0.67,-1.00,-0.67,-1.00,INF,-1,1,7,0
10620,1,1,-7.380,-8.042,-0.69,-0.75,-0.69,-0.75,INF,-1,1,7,0
10640,1,1,-7.388,-8.001,-0.69,-0.75,-0.69,-0.75,INF,-1,1,7,0
10660,1,1,-8.541,-7.987,-0.80,-0.75,-0.80,-0.75,INF,-1,1,7,0
10680,1,1,-7.788,-8.615,-0.73,-0.81,-0.73,-0.81,INF,-1,1,7,0
10700,1,1,-6.196,-7.158,-0.58,-0.67,-0.58,-0.67,INF,-1,1,7,0
10720,1,1,-5.599,-6.973,-0.52,-0.65,-0.52,-0.65,INF,-1,1,7,0
10740,1,1,-7.429,-7.671,-0.69,-0.72,-0.69,-0.72,INF,-1,1,7,0
10760,1,1,-5.923,-7.455,-0.55,-0.70,-0.55,-0.70,INF,-1,1,7,0
10780,1,1,-6.572,-7.660,-0.61,-0.72,-0.61,-0.72,INF,-1,1,7,0
10800,1,1,-6.760,-8.664,-0.63,-0.81,-0.63,-0.81,INF,-1,1,7,0
10820,1,1,-7.322,-7.889,-0.68,-0.74,-0.68,-0.74,INF,-1,1,7,0
10840,1,1,-7.505,-7.216,-0.70,-0.67,-0.70,-0.67,INF,-1,1,7,0
10860,1,1,-7.070,-7.494,-0.66,-0.70,-0.66,-0.70,INF,-1,1,7,0
10880,1,1,-8.235,-9.496,-0.77,-0.89,-0.77,-0.89,INF,-1,1,7,0
10900,1,1,-7.250,-9.986,-0.68,-0.93,-0.68,-0.93,INF,-1,1,7,0
10920,1,1,-6.867,-8.524,-0.64,-0.80,-0.64,-0.80,INF,-1,1,7,0
10940,1,1,-7.150,-8.783,-0.67,-0.82,-0.67,-0.82,INF,-1,1,7,0
10960,1,1,-6.969,-7.308,-0.65,-0.68,-0.65,-0.68,INF,-1,1,7,0
10980,1,1,-6.834,-8.170,-0.64,-0.76,-0.64,-0.76,INF,-1,1,7,0
11000,1,1,-7.436,-8.532,-0.69,-0.80,-0.69,-0.80,INF,-1,1,7,0
11020,1,1,-8.218,-9.670,-0.77,-0.90,-0.77,-0.90,INF,-1,1,7,0
11040,1,1,-7.926,-8.735,-0.74,-0.82,-0.74,-0.82,INF,-1,1,7,0
11060,1,1,-7.120,-8.922,-0.67,-0.83,-0.67,-0.83,INF,-1,1,7,0
11080,1,1,-7.262,-8.999,-0.68,-0.84,-0.68,-0.84,INF,-1,1,7,0
11100,1,1,-6.762,-7.830,-0.63,-0.73,-0.63,-0.73,INF,-1,1,7,0
11120,1,1,-5.403,-8.194,-0.51,-0.77,-0.50,-0.77,INF,-1,1,7,0
11140,1,1,-5.420,-8.737,-0.51,-0.82,-0.51,-0.82,INF,-1,1,7,0
11160,1,1,-6.702,-8.353,-0.63,-0.78,-0.63,-0.78,INF,-1,1,7,0
11180,1,1,-7.634,-8.396,-0.71,-0.78,-0.71,-0.78,INF,-1,1,7,0
11200,1,1,-6.763,-6.970,-0.63,-0.65,-0.63,-0.65,INF,-1,1,7,0
11220,1,1,-6.025,-8.229,-0.56,-0.77,-0.56,-0.77,INF,-1,1,7,0
11240,1,1,-7.448,-10.293,-0.70,-0.96,-0.70,-0.96,INF,-1,1,7,0
11260,1,1,-7.019,-9.513,-0.66,-0.89,-0.66,-0.89,INF,-1,1,7,0
11280,1,1,-6.646,-8.396,-0.62,-0.78,-0.62,-0.78,INF,-1,1,7,0
11300,1,1,-4.756,-6.325,-0.44,-0.59,-0.44,-0.59,INF,-1,1,7,0
11320,1,1,-5.030,-6.860,-0.47,-0.64,-0.47,-0.64,INF,-1,1,7,0
11340,1,1,-5.504,-7.527,-0.51,-0.70,-0.51,-0.70,INF,-1,1,7,0
11360,1,1,-6.968,-6.933,-0.65,-0.65,-0.65,-0.65,INF,-1,1,7,0
11380,1,1,-25.708,-12.331,-2.40,-1.15,-2.40,-1.15,INF,-1,1,7,0
11400,1,1,-24.977,-17.085,-2.33,-1.60,-2.33,-1.60,INF,-1,1,7,0
11420,1,1,-24.325,-17.232,-2.27,-1.61,-2.27,-1.61,INF,-1,0,7,0
11440,1,1,-25.739,-18.665,-2.40,-1.74,-2.40,-1.74,INF,-1,0,7,0
11460,1,1,-25.648,-18.182,-2.40,-1.70,-2.39,-1.70,INF,-1,0,7,0
11480,1,1,-25.343,-17.648,-2.37,-1.65,-2.37,-1.65,INF,-1,0,7,0
11500,1,1,-26.243,-18.509,-2.45,-1.73,-2.45,-1.73,INF,-1,0,7,0
11520,1,1,-24.905,-17.775,-2.33,-1.66,-2.33,-1.66,INF,-1,0,7,0
11540,1,1,-24.976,-17.643,-2.33,-1.65,-2.33,-1.65,INF,-1,0,7,0
11560,1,1,-24.497,-18.778,-2.29,-1.75,-2.29,-1.75,INF,-1,0,7,0
11580,1,1,-24.821,-18.745,-2.32,-1.75,-2.32,-1.75,INF,-1,0,7,0
11600,1,1,-25.335,-18.159,-2.37,-1.70,-2.37,-1.70,INF,-1,0,7,0
11620,1,1,-24.821,-20.305,-2.32,-1.90,-2.32,-1.90,INF,-1,0,7,0
11640,1,1,-23.918,-19.386,-2.23,-1.81,-2.23,-1.81,INF,-1,0,7,0
11660,1,1,-23.393,-18.886,-2.19,-1.76,-2.18,-1.76,INF,-1,1,7,0
11680,1,1,-24.974,-18.830,-2.33,-1.76,-2.33,-1.76,INF,-1,1,7,0
11700,1,1,-24.434,-18.788,-2.28,-1.75,-2.28,-1.76,INF,-1,1,7,0
11720,1,1,-24.747,-19.797,-2.31,-1.85,-2.31,-1.85,INF,-1,1,7,0
11740,1,1,-25.492,-19.564,-2.38,-1.83,-2.38,-1.83,INF,-1,1,7,0
11760,1,1,-23.696,-19.325,-2.21,-1.80,-2.21,-1.81,INF,-1,1,7,0
11780,1,1,-24.957,-21.448,-2.33,-2.00,-2.33,-2.00,INF,-1,1,7,0
11800,1,1,-24.587,-21.465,-2.30,-2.00,-2.30,-2.01,INF,-1,1,7,0
11820,1,1,-23.836,-19.888,-2.23,-1.86,-2.23,-1.86,INF,-1,1,7,0
11840,1,1,-24.130,-19.226,-2.25,-1.80,-2.25,-1.80,INF,-1,1,7,0
11860,1,1,-23.742,-21.026,-2.22,-1.96,-2.22,-1.96,INF,-1,1,7,0
11880,1,1,-24.232,-20.340,-2.26,-1.90,-2.26,-1.90,INF,-1,1,7,0
11900,1,1,-23.972,-21.185,-2.24,-1.98,-2.24,-1.98,INF,-1,1,7,0
11920,1,1,-24.479,-20.297,-2.29,-1.89,-2.29,-1.90,INF,-1,1,7,0
11940,1,1,-23.644,-20.398,-2.21,-1.90,-2.21,-1.91,INF,-1,1,7,0
11960,1,1,-24.041,-19.984,-2.25,-1.87,-2.24,-1.87,INF,-1,1,7,0
11980,1,1,-23.360,-18.365,-2.18,-1.71,-2.18,-1.72,INF,-1,1,7,0
12000,1,1,-25.024,-19.625,-2.34,-1.83,-2.34,-1.83,INF,-1,1,7,0
12020,1,1,-33.918,-16.433,-3.17,-1.53,-3.17,-1.54,INF,-1,1,7,0
12040,1,1,-32.186,-15.294,-3.01,-1.43,-3.00,-1.43,INF,-1,1,7,0
12060,1,1,-33.081,-16.024,-3.09,-1.50,-3.09,-1.50,INF,-1,1,7,0
12080,1,1,-33.019,-16.244,-3.08,-1.52,-3.08,-1.52,INF,-1,1,7,0
12100,1,1,-33.835,-16.643,-3.16,-1.55,-3.16,-1.56,INF,-1,1,7,0
12120,1,1,-34.141,-16.065,-3.19,-1.50,-3.19,-1.50,INF,-1,1,7,0
12140,1,1,-33.593,-15.471,-3.14,-1.44,-3.14,-1.45,INF,-1,1,7,0
12160,1,1,-32.853,-16.093,-3.07,-1.50,-3.07,-1.50,INF,-1,1,7,0
12180,1,1,-33.063,-14.917,-3.09,-1.39,-3.09,-1.39,INF,-1,1,7,0
12200,1,1,-33.712,-16.528,-3.15,-1.54,-3.15,-1.54,INF,-1,1,7,0
12220,1,1,-33.921,-15.442,-3.17,-1.44,-3.17,-1.44,INF,-1,1,7,0
12240,1,1,-34.187,-15.040,-3.19,-1.40,-3.19,-1.41,INF,-1,1,7,0
12260,1,1,-32.947,-15.140,-3.08,-1.41,-3.08,-1.41,INF,-1,1,7,0
12280,1,1,-32.577,-13.444,-3.04,-1.25,-3.04,-1.26,INF,-1,1,7,0
12300,1,1,-33.680,-14.676,-3.14,-1.37,-3.14,-1.37,INF,-1,1,7,0
12320,1,1,-34.040,-15.864,-3.18,-1.48,-3.18,-1.48,INF,-1,1,7,0
12340,1,1,-33.506,-16.159,-3.13,-1.51,-3.13,-1.51,INF,-1,1,7,0
12360,1,1,-33.065,-14.981,-3.09,-1.40,-3.09,-1.40,INF,-1,1,7,0
12380,1,1,-33.423,-16.579,-3.12,-1.55,-3.12,-1.55,INF,-1,1,7,0
12400,1,1,-31.888,-14.379,-2.98,-1.34,-2.98,-1.34,INF,-1,1,7,0
12420,1,1,-29.924,-6.393,-2.79,-0.60,-2.79,-0.60,INF,-1,1,7,0
12440,1,1,-31.881,-4.799,-2.98,-0.45,-2.98,-0.45,INF,-1,1,7,0
12460,1,1,-33.301,-6.482,-3.11,-0.60,-3.11,-0.61,INF,-1,0,7,0
12480,1,1,-34.434,-3.171,-3.22,-0.30,-3.22,-0.30,INF,-1,0,7,0
12500,1,1,-36.166,-4.290,-3.38,-0.40,-3.38,-0.40,INF,-1,0,7,0
12520,1,1,-37.937,-8.200,-3.54,-0.76,-3.54,-0.77,INF,-1,0,7,0
12540,1,1,-39.417,-13.901,-3.68,-1.30,-3.68,-1.30,INF,-1,0,7,0
12560,1,1,-38.168,-14.314,-3.56,-1.34,-3.56,-1.34,INF,-1,0,7,0
12580,1,1,-37.901,-15.002,-3.54,-1.40,-3.54,-1.40,INF,-1,0,7,0
12600,1,1,-38.421,-13.789,-3.59,-1.29,-3.59,-1.29,INF,-1,0,7,0
12620,1,1,-38.004,-13.774,-3.55,-1.28,-3.55,-1.29,INF,-1,0,7,0
12640,1,1,-35.511,-3.308,-3.32,-0.31,-3.32,-0.31,INF,-1,0,7,0
12660,1,1,-44.019,-14.330,-4.11,-1.34,-4.11,-1.34,INF,-1,0,7,0
12680,0,1,0.000,0.000,0.00,0.00,0.00,0.00,0.00,-1,0,7,0
12700,0,1,0.000,0.000,0.00,0.00,0.00,0.00,0.00,-1,1,7,0
12720,0,1,0.000,0.000,0.00,0.00,0.00,0.00,0.00,-1,1,7,0
12740,0,1,0.000,0.000,0.00,0.00,0.00,0.00,0.00,-1,1,7,0
12760,0,1,0.000,0.000,0.00,0.00,0.00,0.00,0.00,-1,0,7,0
12780,0,1,0.000,0.000,0.00,0.00,0.00,0.00,0.00,-1,0,7,0
12800,0,1,0.000,0.000,0.00,0.00,0.00,0.00,0.00,-1,0,7,0
12820,0,1,0.000,0.000,0.00,0.00,0.00,0.00,0.00,-1,0,7,0
12840,0,1,0.000,0.000,0.00,0.00,0.00,0.00,0.00,-1,0,7,0
12860,0,1,0.000,0.000,0.00,0.00,0.00,0.00,0.00,-1,0,7,0
12880,0,1,0.000,0.000,0.00,0.00,0.00,0.00,0.00,-1,0,7,0
12900,0,1,0.000,0.000,0.00,0.00,0.00,0.00,0.00,-1,0,7,0
12920,0,1,0.000,0.000,0.00,0.00,0.00,0.00,0.00,-1,0,7,0
12940,1,1,-34.009,-7.824,-3.18,-0.73,-3.18,-0.73,INF,-1,0,7,0
12960,1,1,-33.944,-6.806,-3.17,-0.64,-3.17,-0.64,INF,-1,0,7,0
12980,1,1,-34.984,-9.980,-3.27,-0.93,-3.27,-0.93,INF,-1,0,7,0
13000,1,1,-34.104,-10.847,-3.18,-1.01,-3.18,-1.01,INF,-1,0,7,0
13020,1,1,-35.040,-10.125,-3.27,-0.94,-3.27,-0.95,INF,-1,0,7,0
13040,1,1,-34.394,-9.697,-3.21,-0.90,-3.21,-0.91,INF,-1,0,7,0
13060,1,1,-35.067,-11.773,-3.27,-1.10,-3.27,-1.10,INF,-1,0,7,0
13080,1,1,-33.856,-10.568,-3.16,-0.99,-3.16,-0.99,INF,-1,0,7,0
13100,1,1,-35.305,-11.005,-3.30,-1.03,-3.30,-1.03,INF,-1,0,7,0
13120,1,1,-33.178,-11.218,-3.10,-1.05,-3.10,-1.05,INF,-1,0,7,0
13140,1,1,-34.834,-10.905,-3.25,-1.02,-3.25,-1.02,INF,-1,0,7,0
13160,1,1,-34.285,-10.454,-3.20,-0.98,-3.20,-0.98,INF,-1,0,7,0
13180,1,1,-34.725,-9.592,-3.24,-0.90,-3.24,-0.90,INF,-1,0,7,0
13200,1,1,-34.557,-9.882,-3.23,-0.92,-3.23,-0.92,INF,-1,0,7,0
13220,1,1,-20.628,-25.057,-1.93,-2.34,-1.93,-2.34,INF,-1,1,7,0
13240,1,1,-15.395,-33.454,-1.44,-3.12,-1.44,-3.12,INF,-1,1,7,0
13260,1,1,-15.344,-34.766,-1.43,-3.24,-1.43,-3.25,INF,-1,0,7,0
13280,1,1,-15.872,-33.265,-1.48,-3.11,-1.48,-3.11,INF,-1,0,7,0
13300,1,1,-16.074,-32.910,-1.50,-3.07,-1.50,-3.07,INF,-1,0,7,0
13320,1,1,-15.874,-33.345,-1.48,-3.11,-1.48,-3.11,INF,-1,0,7,0
13340,1,1,-16.269,-33.991,-1.52,-3.17,-1.52,-3.17,INF,-1,0,7,0
13360,1,1,-15.623,-33.872,-1.46,-3.16,-1.46,-3.16,INF,-1,0,7,0
13380,1,1,-16.378,-34.056,-1.53,-3.18,-1.53,-3.18,INF,-1,0,7,0
13400,1,1,-15.301,-33.644,-1.43,-3.14,-1.43,-3.14,INF,-1,0,7,0
13420,1,1,-16.251,-34.136,-1.52,-3.19,-1.52,-3.19,INF,-1,0,7,0
13440,1,1,-16.576,-34.839,-1.55,-3.25,-1.55,-3.25,INF,-1,0,7,0
13460,1,1,-15.559,-33.246,-1.45,-3.10,-1.45,-3.10,INF,-1,0,7,0
13480,1,1,-16.423,-35.289,-1.53,-3.29,-1.53,-3.29,INF,-1,0,7,0
13500,1,1,-16.167,-34.713,-1.51,-3.24,-1.51,-3.24,INF,-1,1,7,0
13520,1,1,-15.410,-33.930,-1.44,-3.17,-1.44,-3.17,INF,-1,1,7,0
13540,1,1,-16.394,-34.459,-1.53,-3.22,-1.53,-3.22,INF,-1,1,7,0
13560,1,1,-15.721,-34.538,-1.47,-3.22,-1.47,-3.22,INF,-1,1,7,0
13580,1,1,-7.435,-14.174,-0.69,-1.32,-0.69,-1.32,INF,-1,1,7,0
13600,1,1,-10.279,-9.414,-0.96,-0.88,-0.96,-0.88,INF,-1,1,7,0
13620,1,1,-9.647,-9.650,-0.90,-0.90,-0.90,-0.90,INF,-1,0,7,0
13640,1,1,-11.383,-9.550,-1.06,-0.89,-1.06,-0.89,INF,-1,0,7,0
13660,1,1,-10.469,-10.145,-0.98,-0.95,-0.98,-0.95,INF,-1,0,7,0
13680,1,1,-10.810,-10.027,-1.01,-0.94,-1.01,-0.94,INF,-1,0,7,0
13700,1,1,-11.950,-10.294,-1.12,-0.96,-1.12,-0.96,INF,-1,0,7,0
13720,1,1,-10.604,-10.057,-0.99,-0.94,-0.99,-0.94,INF,-1,0,7,0
13740,1,1,-11.514,-10.781,-1.08,-1.01,-1.08,-1.01,INF,-1,0,7,0
13760,1,1,-11.435,-10.279,-1.07,-0.96,-1.07,-0.96,INF,-1,0,7,0
13780,1,1,-10.686,-10.024,-1.00,-0.94,-1.00,-0.94,INF,-1,0,7,0
13800,1,1,-11.507,-10.428,-1.08,-0.97,-1.08,-0.97,INF,-1,0,7,0
13820,1,1,-10.630,-9.704,-0.99,-0.91,-0.99,-0.91,INF,-1,0,7,0
13840,1,1,-10.735,-9.093,-1.00,-0.85,-1.00,-0.85,INF,-1,0,7,0
13860,1,1,-11.765,-9.038,-1.10,-0.84,-1.10,-0.84,INF,-1,1,7,0
13880,1,1,-11.471,-9.251,-1.07,-0.86,-1.07,-0.86,INF,-1,1,7,0
13900,1,1,-10.771,-11.115,-1.01,-1.04,-1.01,-1.04,INF,-1,1,7,0
13920,1,1,-11.196,-9.414,-1.05,-0.88,-1.05,-0.88,INF,-1,1,7,0
13940,1,1,-10.578,-10.442,-0.99,-0.98,-0.99,-0.98,INF,-1,1,7,0
13960,1,1,-11.116,-11.102,-1.04,-1.04,-1.04,-1.04,INF,-1,1,7,0
13980,1,1,-10.977,-10.352,-1.03,-0.97,-1.03,-0.97,INF,-1,1,7,0
14000,1,1,-9.556,-9.648,-0.89,-0.90,-0.89,-0.90,INF,-1,1,7,0
14020,1,1,-10.756,-10.710,-1.01,-1.00,-1.01,-1.00,INF,-1,1,7,0
14040,1,1,-10.801,-8.632,-1.01,-0.81,-1.01,-0.81,INF,-1,1,7,0
14060,1,1,-10.715,-9.858,-1.00,-0.92,-1.00,-0.92,INF,-1,1,7,0
14080,1,1,-12.208,-12.049,-1.14,-1.13,-1.14,-1.13,INF,-1,1,7,0
14100,1,1,-10.525,-10.634,-0.98,-0.99,-0.98,-0.99,INF,-1,1,7,0
14120,1,1,-11.319,-11.281,-1.06,-1.05,-1.06,-1.05,INF,-1,1,7,0
14140,1,1,-11.283,-11.145,-1.05,-1.04,-1.05,-1.04,INF,-1,1,7,0
14160,1,1,-10.825,-10.562,-1.01,-0.99,-1.01,-0.99,INF,-1,1,7,0
14180,1,1,-11.540,-11.979,-1.08,-1.12,-1.08,-1.12,INF,-1,1,7,0
14200,1,1,-11.380,-11.218,-1.06,-1.05,-1.06,-1.05,INF,-1,1,7,0
14220,1,1,-11.319,-11.398,-1.06,-1.07,-1.06,-1.07,INF,-1,1,7,0
14240,1,1,-11.157,-11.625,-1.04,-1.09,-1.04,-1.09,INF,-1,1,7,0
14260,1,1,-11.108,-10.828,-1.04,-1.01,-1.04,-1.01,INF,-1,1,7,0
14280,1,1,-10.994,-11.416,-1.03,-1.07,-1.03,-1.07,INF,-1,1,7,0
14300,1,1,-10.329,-11.509,-0.97,-1.08,-0.97,-1.08,INF,-1,1,7,0
14320,1,1,-11.087,-10.255,-1.04,-0.96,-1.04,-0.96,INF,-1,1,7,0
14340,1,1,-9.764,-10.275,-0.91,-0.96,-0.91,-0.96,INF,-1,1,7,0
14360,1,1,-9.583,-11.413,-0.90,-1.07,-0.90,-1.07,INF,-1,1,7,0
14380,1,1,-10.059,-10.783,-0.94,-1.01,-0.94,-1.01,INF,-1,1,7,0
14400,1,1,-9.083,-11.353,-0.85,-1.06,-0.85,-1.06,INF,-1,1,7,0
14420,1,1,-10.723,-11.337,-1.00,-1.06,-1.00,-1.06,INF,-1,1,7,0
14440,1,1,-9.891,-12.565,-0.92,-1.17,-0.92,-1.17,INF,-1,1,7,0
14460,1,1,-9.972,-11.545,-0.93,-1.08,-0.93,-1.08,INF,-1,1,7,0
14480,1,1,-10.130,-12.268,-0.95,-1.15,-0.95,-1.15,INF,-1,1,7,0
14500,1,1,-11.089,-13.219,-1.04,-1.24,-1.04,-1.24,INF,-1,1,7,0
14520,1,1,-9.358,-12.685,-0.87,-1.19,-0.87,-1.19,INF,-1,1,7,0
14540,1,1,-10.061,-12.506,-0.94,-1.17,-0.94,-1.17,INF,-1,1,7,0
14560,1,1,-9.808,-11.167,-0.92,-1.04,-0.92,-1.04,INF,-1,1,7,0
14580,1,1,-9.048,-11.245,-0.85,-1.05,-0.85,-1.05,INF,-1,1,7,0
14600,1,1,-9.730,-11.487,-0.91,-1.07,-0.91,-1.07,INF,-1,1,7,0
14620,1,1,-9.348,-10.815,-0.87,-1.01,-0.87,-1.01,INF,-1,1,7,0
14640,1,1,-10.339,-12.167,-0.97,-1.14,-0.97,-1.14,INF,-1,1,7,0
14660,1,1,-9.587,-12.079,-0.90,-1.13,-0.90,-1.13,INF,-1,1,7,0
14680,1,1,-10.030,-12.018,-0.94,-1.12,-0.94,-1.12,INF,-1,1,7,0
14700,1,1,-8.898,-9.602,-0.83,-0.90,-0.83,-0.90,INF,-1,1,7,0
14720,1,1,-7.847,-10.295,-0.73,-0.96,-0.73,-0.96,INF,-1,1,7,0
14740,1,1,-9.880,-11.110,-0.92,-1.04,-0.92,-1.04,INF,-1,1,7,0
14760,1,1,-9.303,-12.059,-0.87,-1.13,-0.87,-1.13,INF,-1,1,7,0
14780,1,1,-9.042,-11.990,-0.85,-1.12,-0.84,-1.12,INF,-1,1,7,0
14800,1,1,-8.357,-10.198,-0.78,-0.95,-0.78,-0.95,INF,-1,1,7,0
14820,1,1,-8.209,-12.155,-0.77,-1.14,-0.77,-1.14,INF,-1,1,7,0
14840,1,1,-8.591,-10.786,-0.80,-1.01,-0.80,-1.01,INF,-1,1,7,0
14860,1,1,-9.002,-10.275,-0.84,-0.96,-0.84,-0.96,INF,-1,1,7,0
14880,1,1,-8.603,-9.680,-0.80,-0.90,-0.80,-0.90,INF,-1,1,7,0
14900,1,1,-8.523,-10.993,-0.80,-1.03,-0.80,-1.03,INF,-1,1,7,0
14920,1,1,-8.555,-11.578,-0.80,-1.08,-0.80,-1.08,INF,-1,1,7,0
14940,1,1,-8.246,-12.200,-0.77,-1.14,-0.77,-1.14,INF,-1,1,7,0
14960,1,1,-8.020,-10.012,-0.75,-0.94,-0.75,-0.94,INF,-1,1,7,0
14980,1,1,-8.867,-10.018,-0.83,-0.94,-0.83,-0.94,INF,-1,1,7,0
