"EyeTracker Toolbox version","3.250"
CalibrationParameters_A11,1.16030
CalibrationParameters_A12,0.09859
CalibrationParameters_A13,0.00628
CalibrationParameters_A21,0.05299
CalibrationParameters_A22,-1.20801
CalibrationParameters_A23,-0.00480
CalibrationParameters_A31,0.00005
CalibrationParameters_A32,0.00202
CalibrationParameters_E11,-0.18003
CalibrationParameters_E12,0.00003
CalibrationParameters_E21,0.00010
CalibrationParameters_E22,0.19997
CalibrationParameters_X,-2.79832
CalibrationParameters_Y,44.82689
CalibrationParameters_Rpc,71.50277
CalibrationParameters_MeanX,166.57233
CalibrationParameters_MeanY,118.25733
CalibrationParameters_ViewDist,613.00000
TimeStamp,Tracked,Calibrated,ScreenPositionXmm,ScreenPositionYmm,FicksLongitude,FicksLatitude,HelmholtzAzimuth,HelmholtzElevation,PupilDiameter,Region,Fixation,DigitalIO,Dropped
0,1,1,-1.101,2.616,-0.10,0.24,-0.10,0.24,INF,-1,0,7,0
20,1,1,0.171,6.323,0.02,0.59,0.02,0.59,INF,-1,0,7,0
40,1,1,0.205,6.400,0.02,0.60,0.02,0.60,INF,-1,0,7,0
60,1,1,1.666,5.128,0.16,0.48,0.16,0.48,INF,-1,0,7,0
80,1,1,-0.210,4.535,-0.02,0.42,-0.02,0.42,INF,-1,0,7,0
100,1,1,0.285,5.351,0.03,0.50,0.03,0.50,INF,-1,0,7,0
120,1,1,2.842,4.881,0.27,0.46,0.27,0.46,INF,-1,0,7,0
140,1,1,0.966,4.203,0.09,0.39,0.09,0.39,INF,-1,0,7,0
160,1,1,1.515,3.864,0.14,0.36,0.14,0.36,INF,-1,0,7,0
180,1,1,0.122,2.268,0.01,0.21,0.01,0.21,INF,-1,0,7,0
200,1,1,0.207,3.091,0.02,0.29,0.02,0.29,INF,-1,0,7,0
220,1,1,1.994,2.141,0.19,0.20,0.19,0.20,INF,-1,0,7,0
240,1,1,0.325,4.751,0.03,0.44,0.03,0.44,INF,-1,0,7,0
260,1,1,-9.121,4.428,-0.85,0.41,-0.85,0.41,INF,-1,0,7,0
280,1,1,-6.797,5.203,-0.64,0.49,-0.64,0.49,INF,-1,1,7,0
300,1,1,-8.795,4.535,-0.82,0.42,-0.82,0.42,INF,-1,1,7,0
320,1,1,-7.793,5.266,-0.73,0.49,-0.73,0.49,INF,-1,1,7,0
340,1,1,-8.471,2.412,-0.79,0.23,-0.79,0.23,INF,-1,1,7,0
360,1,1,-8.208,3.662,-0.77,0.34,-0.77,0.34,INF,-1,1,7,0
380,1,1,-8.556,1.007,-0.80,0.09,-0.80,0.09,INF,-1,1,7,0
400,1,1,-8.959,4.397,-0.84,0.41,-0.84,0.41,INF,-1,1,7,0
420,1,1,-8.679,3.292,-0.81,0.31,-0.81,0.31,INF,-1,1,7,0
440,1,1,-9.643,2.082,-0.90,0.19,-0.90,0.19,INF,-1,1,7,0
460,1,1,-10.440,4.227,-0.98,0.40,-0.98,0.40,INF,-1,1,7,0
480,1,1,-2.893,3.885,-0.27,0.36,-0.27,0.36,INF,-1,1,7,0
500,1,1,-1.096,5.182,-0.10,0.48,-0.10,0.48,INF,-1,1,7,0
520,1,1,-1.457,0.624,-0.14,0.06,-0.14,0.06,INF,-1,1,7,0
540,1,1,-2.059,1.447,-0.19,0.14,-0.19,0.14,INF,-1,1,7,0
560,1,1,-1.154,0.767,-0.11,0.07,-0.11,0.07,INF,-1,1,7,0
580,1,1,-1.493,1.499,-0.14,0.14,-0.14,0.14,INF,-1,1,7,0
600,1,1,-0.633,0.743,-0.06,0.07,-0.06,0.07,INF,-1,1,7,0
620,1,1,-1.757,1.882,-0.16,0.18,-0.16,0.18,INF,-1,1,7,0
640,1,1,0.281,2.342,0.03,0.22,0.03,0.22,INF,-1,1,7,0
660,1,1,-1.000,1.849,-0.09,0.17,-0.09,0.17,INF,-1,1,7,0
680,1,1,6.831,-3.888,0.64,-0.36,0.64,-0.36,INF,-1,1,7,0
700,1,1,50.654,2.364,4.72,0.22,4.72,0.22,INF,-1,1,7,0
720,1,1,51.155,1.022,4.77,0.10,4.77,0.10,INF,-1,0,7,0
740,1,1,51.313,-0.746,4.78,-0.07,4.78,-0.07,INF,-1,0,7,0
760,1,1,53.711,-3.479,5.01,-0.32,5.01,-0.33,INF,-1,0,7,0
780,1,1,51.210,-1.328,4.78,-0.12,4.78,-0.12,INF,-1,0,7,0
800,1,1,51.462,-3.795,4.80,-0.35,4.80,-0.35,INF,-1,0,7,0
820,1,1,50.747,-2.518,4.73,-0.23,4.73,-0.24,INF,-1,0,7,0
840,1,1,51.454,-0.120,4.80,-0.01,4.80,-0.01,INF,-1,0,7,0
860,1,1,53.273,-2.947,4.97,-0.27,4.97,-0.28,INF,-1,0,7,0
880,1,1,49.877,-1.926,4.65,-0.18,4.65,-0.18,INF,-1,0,7,0
900,1,1,50.150,-1.421,4.68,-0.13,4.68,-0.13,INF,-1,0,7,0
920,1,1,51.032,-0.358,4.76,-0.03,4.76,-0.03,INF,-1,0,7,0
940,1,1,50.303,-1.026,4.69,-0.10,4.69,-0.10,INF,-1,0,7,0
960,1,1,53.658,-1.688,5.00,-0.16,5.00,-0.16,INF,-1,0,7,0
980,1,1,51.034,-2.313,4.76,-0.22,4.76,-0.22,INF,-1,1,7,0
1000,1,1,51.703,0.435,4.82,0.04,4.82,0.04,INF,-1,1,7,0
1020,1,1,-1.122,1.505,-0.10,0.14,-0.10,0.14,INF,-1,1,7,0
1040,1,1,1.222,8.378,0.11,0.78,0.11,0.78,INF,-1,1,7,0
1060,1,1,-0.088,2.952,-0.01,0.28,-0.01,0.28,INF,-1,0,7,0
1080,1,1,2.581,5.561,0.24,0.52,0.24,0.52,INF,-1,0,7,0
1100,1,1,1.529,5.068,0.14,0.47,0.14,0.47,INF,-1,0,7,0
1120,1,1,0.203,6.015,0.02,0.56,0.02,0.56,INF,-1,0,7,0
1140,1,1,0.705,4.857,0.07,0.45,0.07,0.45,INF,-1,0,7,0
1160,1,1,3.061,5.092,0.29,0.48,0.29,0.48,INF,-1,0,7,0
1180,1,1,-1.302,3.624,-0.12,0.34,-0.12,0.34,INF,-1,0,7,0
1200,1,1,-15.709,9.041,-1.47,0.84,-1.47,0.84,INF,-1,0,7,0
1220,1,1,-16.471,7.119,-1.54,0.67,-1.54,0.67,INF,-1,0,7,0
1240,1,1,-17.997,8.156,-1.68,0.76,-1.68,0.76,INF,-1,0,7,0
1260,1,1,-16.430,8.002,-1.54,0.75,-1.54,0.75,INF,-1,0,7,0
1280,1,1,-15.916,8.345,-1.49,0.78,-1.49,0.78,INF,-1,0,7,0
1300,1,1,-17.060,10.132,-1.59,0.95,-1.59,0.95,INF,-1,0,7,0
1320,1,1,-16.892,8.811,-1.58,0.82,-1.58,0.82,INF,-1,1,7,0
1340,1,1,-17.182,10.001,-1.61,0.93,-1.61,0.93,INF,-1,1,7,0
1360,1,1,-17.703,6.681,-1.65,0.62,-1.65,0.62,INF,-1,1,7,0
1380,1,1,-16.267,8.781,-1.52,0.82,-1.52,0.82,INF,-1,1,7,0
1400,1,1,-15.384,6.959,-1.44,0.65,-1.44,0.65,INF,-1,1,7,0
1420,1,1,-16.131,7.940,-1.51,0.74,-1.51,0.74,INF,-1,1,7,0
1440,1,1,-15.359,8.108,-1.44,0.76,-1.44,0.76,INF,-1,1,7,0
1460,1,1,-17.893,7.237,-1.67,0.68,-1.67,0.68,INF,-1,1,7,0
1480,1,1,-16.234,8.413,-1.52,0.79,-1.52,0.79,INF,-1,1,7,0
1500,1,1,-17.065,7.681,-1.59,0.72,-1.59,0.72,INF,-1,1,7,0
1520,1,1,-16.840,7.510,-1.57,0.70,-1.57,0.70,INF,-1,1,7,0
1540,1,1,-21.604,8.148,-2.02,0.76,-2.02,0.76,INF,-1,1,7,0
1560,1,1,-17.309,10.043,-1.62,0.94,-1.62,0.94,INF,-1,1,7,0
1580,1,1,-19.188,7.710,-1.79,0.72,-1.79,0.72,INF,-1,0,7,0
1600,1,1,-18.340,9.767,-1.71,0.91,-1.71,0.91,INF,-1,0,7,0
1620,1,1,-18.551,9.978,-1.73,0.93,-1.73,0.93,INF,-1,0,7,0
1640,1,1,-18.522,9.246,-1.73,0.86,-1.73,0.86,INF,-1,0,7,0
1660,1,1,-18.151,11.380,-1.70,1.06,-1.70,1.06,INF,-1,0,7,0
1680,1,1,-18.150,10.263,-1.70,0.96,-1.70,0.96,INF,-1,0,7,0
1700,1,1,-18.013,9.208,-1.68,0.86,-1.68,0.86,INF,-1,0,7,0
1720,1,1,-18.416,9.154,-1.72,0.86,-1.72,0.86,INF,-1,0,7,0
1740,1,1,-19.278,8.797,-1.80,0.82,-1.80,0.82,INF,-1,0,7,0
1760,1,1,-19.563,7.804,-1.83,0.73,-1.83,0.73,INF,-1,0,7,0
1780,1,1,-17.098,9.659,-1.60,0.90,-1.60,0.90,INF,-1,0,7,0
1800,1,1,-17.981,9.754,-1.68,0.91,-1.68,0.91,INF,-1,0,7,0
1820,1,1,-19.195,7.019,-1.79,0.66,-1.79,0.66,INF,-1,1,7,0
1840,1,1,-44.713,22.359,-4.17,2.08,-4.17,2.09,INF,-1,1,7,0
1860,1,1,-45.191,22.542,-4.22,2.10,-4.21,2.11,INF,-1,1,7,0
1880,1,1,-45.783,22.025,-4.27,2.05,-4.27,2.06,INF,-1,0,7,0
1900,1,1,-45.790,22.275,-4.27,2.08,-4.27,2.08,INF,-1,0,7,0
1920,1,1,-49.086,20.879,-4.58,1.94,-4.58,1.95,INF,-1,0,7,0
1940,1,1,-45.448,23.439,-4.24,2.18,-4.24,2.19,INF,-1,0,7,0
1960,1,1,-45.514,24.372,-4.25,2.27,-4.24,2.28,INF,-1,0,7,0
1980,1,1,-43.894,23.960,-4.10,2.23,-4.09,2.24,INF,-1,0,7,0
2000,1,1,-47.050,21.620,-4.39,2.01,-4.39,2.02,INF,-1,0,7,0
2020,1,1,-44.405,22.717,-4.14,2.12,-4.14,2.12,INF,-1,0,7,0
2040,1,1,-46.070,21.683,-4.30,2.02,-4.30,2.03,INF,-1,0,7,0
2060,1,1,-46.721,22.503,-4.36,2.10,-4.36,2.10,INF,-1,0,7,0
2080,1,1,-46.379,21.883,-4.33,2.04,-4.32,2.04,INF,-1,0,7,0
2100,1,1,-45.965,21.479,-4.29,2.00,-4.29,2.01,INF,-1,0,7,0
2120,1,1,-45.716,21.523,-4.27,2.01,-4.26,2.01,INF,-1,1,7,0
2140,1,1,-45.148,20.642,-4.21,1.92,-4.21,1.93,INF,-1,1,7,0
2160,1,1,-46.581,16.439,-4.35,1.53,-4.34,1.54,INF,-1,1,7,0
2180,1,1,-13.617,-19.703,-1.27,-1.84,-1.27,-1.84,INF,-1,1,7,0
2200,1,1,-13.310,-21.013,-1.24,-1.96,-1.24,-1.96,INF,-1,1,7,0
2220,1,1,-11.624,-23.353,-1.09,-2.18,-1.09,-2.18,INF,-1,0,7,0
2240,1,1,-15.746,-21.616,-1.47,-2.02,-1.47,-2.02,INF,-1,0,7,0
2260,1,1,-13.428,-24.899,-1.25,-2.33,-1.25,-2.33,INF,-1,0,7,0
2280,1,1,-13.164,-23.736,-1.23,-2.22,-1.23,-2.22,INF,-1,0,7,0
2300,1,1,-12.347,-22.254,-1.15,-2.08,-1.15,-2.08,INF,-1,0,7,0
2320,1,1,-14.644,-24.792,-1.37,-2.32,-1.37,-2.32,INF,-1,0,7,0
2340,1,1,-14.164,-23.726,-1.32,-2.22,-1.32,-2.22,INF,-1,0,7,0
2360,1,1,-12.938,-22.539,-1.21,-2.11,-1.21,-2.11,INF,-1,0,7,0
2380,1,1,-12.545,-22.088,-1.17,-2.06,-1.17,-2.06,INF,-1,0,7,0
2400,1,1,-12.046,-23.572,-1.13,-2.20,-1.12,-2.20,INF,-1,0,7,0
2420,1,1,-12.460,-22.843,-1.16,-2.13,-1.16,-2.13,INF,-1,0,7,0
2440,1,1,-14.774,-24.491,-1.38,-2.29,-1.38,-2.29,INF,-1,0,7,0
2460,1,1,-13.467,-22.390,-1.26,-2.09,-1.26,-2.09,INF,-1,1,7,0
2480,1,1,-14.568,-23.582,-1.36,-2.20,-1.36,-2.20,INF,-1,1,7,0
2500,1,1,-8.261,-14.675,-0.77,-1.37,-0.77,-1.37,INF,-1,1,7,0
2520,1,1,-2.588,-7.838,-0.24,-0.73,-0.24,-0.73,INF,-1,1,7,0
2540,1,1,-2.850,-8.099,-0.27,-0.76,-0.27,-0.76,INF,-1,1,7,0
2560,1,1,-3.137,-7.775,-0.29,-0.73,-0.29,-0.73,INF,-1,0,7,0
2580,1,1,-2.506,-7.583,-0.23,-0.71,-0.23,-0.71,INF,-1,0,7,0
2600,1,1,-1.120,-7.465,-0.10,-0.70,-0.10,-0.70,INF,-1,0,7,0
2620,1,1,-1.665,-7.867,-0.16,-0.74,-0.16,-0.74,INF,-1,0,7,0
2640,1,1,-2.043,-5.646,-0.19,-0.53,-0.19,-0.53,INF,-1,0,7,0
2660,1,1,-4.229,-6.284,-0.40,-0.59,-0.40,-0.59,INF,-1,0,7,0
2680,1,1,-3.016,-6.708,-0.28,-0.63,-0.28,-0.63,INF,-1,0,7,0
2700,1,1,-0.293,-0.968,-0.03,-0.09,-0.03,-0.09,INF,-1,0,7,0
2720,1,1,-3.887,2.605,-0.36,0.24,-0.36,0.24,INF,-1,0,7,0
2740,1,1,-3.206,1.049,-0.30,0.10,-0.30,0.10,INF,-1,0,7,0
2760,1,1,-1.240,2.224,-0.12,0.21,-0.12,0.21,INF,-1,0,7,0
2780,1,1,-4.451,0.908,-0.42,0.08,-0.42,0.08,INF,-1,0,7,0
2800,1,1,-3.877,0.343,-0.36,0.03,-0.36,0.03,INF,-1,1,7,0
2820,1,1,-2.053,3.379,-0.19,0.32,-0.19,0.32,INF,-1,1,7,0
2840,1,1,-3.035,0.483,-0.28,0.05,-0.28,0.05,INF,-1,1,7,0
2860,1,1,-2.874,2.992,-0.27,0.28,-0.27,0.28,INF,-1,1,7,0
2880,1,1,-4.962,1.304,-0.46,0.12,-0.46,0.12,INF,-1,1,7,0
2900,1,1,-4.120,-0.294,-0.39,-0.03,-0.39,-0.03,INF,-1,1,7,0
2920,1,1,-2.923,2.916,-0.27,0.27,-0.27,0.27,INF,-1,1,7,0
2940,1,1,-4.661,1.536,-0.44,0.14,-0.44,0.14,INF,-1,1,7,0
2960,1,1,-2.546,2.607,-0.24,0.24,-0.24,0.24,INF,-1,1,7,0
2980,1,1,-2.583,2.241,-0.24,0.21,-0.24,0.21,INF,-1,1,7,0
3000,1,1,-2.776,-0.490,-0.26,-0.05,-0.26,-0.05,INF,-1,1,7,0
3020,1,1,-2.523,2.697,-0.24,0.25,-0.24,0.25,INF,-1,1,7,0
3040,1,1,-2.832,1.145,-0.26,0.11,-0.26,0.11,INF,-1,1,7,0
3060,1,1,-3.960,2.475,-0.37,0.23,-0.37,0.23,INF,-1,1,7,0
3080,1,1,-3.904,1.740,-0.36,0.16,-0.36,0.16,INF,-1,1,7,0
3100,1,1,-6.307,-0.008,-0.59,0.00,-0.59,0.00,INF,-1,1,7,0
3120,1,1,-16.183,8.662,-1.51,0.81,-1.51,0.81,INF,-1,1,7,0
3140,1,1,-17.168,6.839,-1.60,0.64,-1.60,0.64,INF,-1,1,7,0
3160,1,1,-14.134,8.780,-1.32,0.82,-1.32,0.82,INF,-1,0,7,0
3180,1,1,-14.237,6.113,-1.33,0.57,-1.33,0.57,INF,-1,0,7,0
3200,1,1,-15.901,6.893,-1.49,0.64,-1.49,0.64,INF,-1,0,7,0
3220,1,1,-15.481,9.217,-1.45,0.86,-1.45,0.86,INF,-1,0,7,0
3240,1,1,-15.753,7.765,-1.47,0.73,-1.47,0.73,INF,-1,0,7,0
3260,1,1,-15.758,8.344,-1.47,0.78,-1.47,0.78,INF,-1,0,7,0
3280,1,1,-15.822,10.163,-1.48,0.95,-1.48,0.95,INF,-1,0,7,0
3300,1,1,-15.951,9.503,-1.49,0.89,-1.49,0.89,INF,-1,0,7,0
3320,1,1,-17.471,6.650,-1.63,0.62,-1.63,0.62,INF,-1,0,7,0
3340,1,1,-15.687,8.057,-1.47,0.75,-1.47,0.75,INF,-1,0,7,0
3360,1,1,-16.725,6.085,-1.56,0.57,-1.56,0.57,INF,-1,0,7,0
3380,1,1,-16.989,5.188,-1.59,0.48,-1.59,0.48,INF,-1,0,7,0
3400,1,1,-18.220,9.735,-1.70,0.91,-1.70,0.91,INF,-1,1,7,0
3420,1,1,-22.981,9.207,-2.15,0.86,-2.15,0.86,INF,-1,1,7,0
3440,1,1,-22.189,8.296,-2.07,0.77,-2.07,0.78,INF,-1,1,7,0
3460,1,1,-21.504,7.486,-2.01,0.70,-2.01,0.70,INF,-1,1,7,0
3480,1,1,-21.064,8.402,-1.97,0.78,-1.97,0.79,INF,-1,1,7,0
3500,1,1,-20.849,8.329,-1.95,0.78,-1.95,0.78,INF,-1,1,7,0
3520,1,1,-20.587,9.718,-1.92,0.91,-1.92,0.91,INF,-1,1,7,0
3540,1,1,-21.659,8.593,-2.02,0.80,-2.02,0.80,INF,-1,1,7,0
3560,1,1,-22.174,7.942,-2.07,0.74,-2.07,0.74,INF,-1,1,7,0
3580,1,1,-24.609,6.945,-2.30,0.65,-2.30,0.65,INF,-1,1,7,0
3600,1,1,-23.746,6.707,-2.22,0.63,-2.22,0.63,INF,-1,1,7,0
3620,1,1,-21.310,6.378,-1.99,0.60,-1.99,0.60,INF,-1,1,7,0
3640,1,1,-22.134,7.998,-2.07,0.75,-2.07,0.75,INF,-1,1,7,0
3660,1,1,-21.505,10.618,-2.01,0.99,-2.01,0.99,INF,-1,1,7,0
3680,1,1,-22.061,11.058,-2.06,1.03,-2.06,1.03,INF,-1,1,7,0
3700,1,1,-20.320,9.916,-1.90,0.93,-1.90,0.93,INF,-1,1,7,0
3720,1,1,-21.024,9.736,-1.96,0.91,-1.96,0.91,INF,-1,1,7,0
3740,1,1,-20.763,8.820,-1.94,0.82,-1.94,0.82,INF,-1,1,7,0
3760,1,1,-21.897,9.737,-2.05,0.91,-2.05,0.91,INF,-1,1,7,0
3780,1,1,-21.550,8.347,-2.01,0.78,-2.01,0.78,INF,-1,1,7,0
3800,1,1,-1.616,3.588,-0.15,0.34,-0.15,0.34,INF,-1,1,7,0
3820,1,1,-1.037,2.910,-0.10,0.27,-0.10,0.27,INF,-1,1,7,0
3840,1,1,-0.351,3.628,-0.03,0.34,-0.03,0.34,INF,-1,0,7,0
3860,1,1,0.072,2.843,0.01,0.27,0.01,0.27,INF,-1,0,7,0
3880,1,1,-1.403,1.472,-0.13,0.14,-0.13,0.14,INF,-1,0,7,0
3900,1,1,0.741,3.921,0.07,0.37,0.07,0.37,INF,-1,0,7,0
3920,1,1,0.126,4.394,0.01,0.41,0.01,0.41,INF,-1,0,7,0
3940,1,1,1.401,3.696,0.13,0.35,0.13,0.35,INF,-1,0,7,0
3960,1,1,0.308,5.079,0.03,0.47,0.03,0.47,INF,-1,0,7,0
3980,1,1,0.050,3.377,0.00,0.32,0.00,0.32,INF,-1,0,7,0
4000,1,1,-1.130,5.158,-0.11,0.48,-0.11,0.48,INF,-1,0,7,0
4020,1,1,0.695,3.806,0.06,0.36,0.06,0.36,INF,-1,0,7,0
4040,1,1,1.081,3.238,0.10,0.30,0.10,0.30,INF,-1,0,7,0
4060,1,1,1.045,3.729,0.10,0.35,0.10,0.35,INF,-1,0,7,0
4080,1,1,-0.511,5.361,-0.05,0.50,-0.05,0.50,INF,-1,1,7,0
4100,1,1,0.554,5.894,0.05,0.55,0.05,0.55,INF,-1,1,7,0
4120,1,1,0.035,2.990,0.00,0.28,0.00,0.28,INF,-1,1,7,0
4140,1,1,47.162,-14.036,4.40,-1.31,4.40,-1.31,INF,-1,1,7,0
4160,1,1,51.213,-19.753,4.78,-1.84,4.77,-1.85,INF,-1,1,7,0
4180,1,1,52.716,-21.253,4.92,-1.98,4.91,-1.99,INF,-1,0,7,0
4200,1,1,53.182,-18.195,4.96,-1.69,4.96,-1.70,INF,-1,0,7,0
4220,1,1,50.335,-18.646,4.69,-1.74,4.69,-1.74,INF,-1,0,7,0
4240,1,1,51.339,-20.222,4.79,-1.88,4.78,-1.89,INF,-1,0,7,0
4260,1,1,50.286,-17.633,4.69,-1.64,4.69,-1.65,INF,-1,0,7,0
4280,1,1,51.351,-17.234,4.79,-1.60,4.79,-1.61,INF,-1,0,7,0
4300,1,1,50.380,-18.577,4.70,-1.73,4.70,-1.74,INF,-1,0,7,0
4320,1,1,49.753,-20.286,4.64,-1.89,4.64,-1.90,INF,-1,0,7,0
4340,1,1,50.884,-18.397,4.75,-1.71,4.74,-1.72,INF,-1,0,7,0
4360,1,1,53.677,-16.601,5.00,-1.55,5.00,-1.55,INF,-1,0,7,0
4380,1,1,51.068,-18.548,4.76,-1.73,4.76,-1.73,INF,-1,0,7,0
4400,1,1,51.542,-17.864,4.81,-1.66,4.80,-1.67,INF,-1,0,7,0
4420,1,1,50.651,-16.614,4.72,-1.55,4.72,-1.55,INF,-1,1,7,0
4440,1,1,50.828,-12.237,4.74,-1.14,4.74,-1.14,INF,-1,1,7,0
4460,1,1,51.619,-7.424,4.81,-0.69,4.81,-0.69,INF,-1,1,7,0
4480,1,1,50.508,-8.302,4.71,-0.77,4.71,-0.78,INF,-1,1,7,0
4500,1,1,48.574,-8.821,4.53,-0.82,4.53,-0.82,INF,-1,1,7,0
4520,1,1,47.943,-7.551,4.47,-0.70,4.47,-0.71,INF,-1,1,7,0
4540,1,1,48.341,-8.287,4.51,-0.77,4.51,-0.77,INF,-1,1,7,0
4560,1,1,50.249,-8.515,4.69,-0.79,4.69,-0.80,INF,-1,1,7,0
4580,1,1,49.997,-9.713,4.66,-0.90,4.66,-0.91,INF,-1,1,7,0
4600,1,1,50.871,-7.076,4.74,-0.66,4.74,-0.66,INF,-1,1,7,0
4620,1,1,49.961,-8.485,4.66,-0.79,4.66,-0.79,INF,-1,1,7,0
4640,1,1,50.164,-7.608,4.68,-0.71,4.68,-0.71,INF,-1,1,7,0
4660,1,1,49.646,-11.146,4.63,-1.04,4.63,-1.04,INF,-1,1,7,0
4680,1,1,50.013,-7.565,4.66,-0.70,4.66,-0.71,INF,-1,1,7,0
4700,1,1,51.601,-7.622,4.81,-0.71,4.81,-0.71,INF,-1,1,7,0
4720,1,1,51.541,-5.913,4.81,-0.55,4.81,-0.55,INF,-1,0,7,0
4740,1,1,51.360,-8.627,4.79,-0.80,4.79,-0.81,INF,-1,0,7,0
4760,1,1,50.507,-7.311,4.71,-0.68,4.71,-0.68,INF,-1,0,7,0
4780,1,1,48.538,-4.414,4.53,-0.41,4.53,-0.41,INF,-1,0,7,0
4800,1,1,36.453,6.803,3.40,0.63,3.40,0.64,INF,-1,0,7,0
4820,1,1,37.922,4.281,3.54,0.40,3.54,0.40,INF,-1,0,7,0
4840,1,1,38.530,5.112,3.60,0.48,3.60,0.48,INF,-1,0,7,0
4860,1,1,37.591,5.240,3.51,0.49,3.51,0.49,INF,-1,0,7,0
4880,1,1,33.727,4.363,3.15,0.41,3.15,0.41,INF,-1,0,7,0
4900,1,1,36.666,3.292,3.42,0.31,3.42,0.31,INF,-1,0,7,0
4920,1,1,37.544,4.620,3.50,0.43,3.50,0.43,INF,-1,0,7,0
4940,1,1,39.719,6.291,3.71,0.59,3.71,0.59,INF,-1,0,7,0
4960,1,1,39.574,4.160,3.69,0.39,3.69,0.39,INF,-1,0,7,0
4980,1,1,37.699,4.839,3.52,0.45,3.52,0.45,INF,-1,0,7,0
5000,1,1,35.731,4.085,3.34,0.38,3.34,0.38,INF,-1,0,7,0
5020,1,1,39.088,4.216,3.65,0.39,3.65,0.39,INF,-1,0,7,0
5040,1,1,38.444,5.002,3.59,0.47,3.59,0.47,INF,-1,0,7,0
5060,1,1,38.919,5.833,3.63,0.54,3.63,0.55,INF,-1,1,7,0
5080,1,1,37.088,3.372,3.46,0.31,3.46,0.32,INF,-1,1,7,0
5100,1,1,32.661,2.246,3.05,0.21,3.05,0.21,INF,-1,1,7,0
5120,1,1,20.355,11.894,1.90,1.11,1.90,1.11,INF,-1,1,7,0
5140,1,1,18.897,9.870,1.77,0.92,1.77,0.92,INF,-1,1,7,0
5160,1,1,19.648,9.919,1.84,0.93,1.84,0.93,INF,-1,0,7,0
5180,1,1,20.129,11.267,1.88,1.05,1.88,1.05,INF,-1,0,7,0
5200,1,1,20.344,12.371,1.90,1.16,1.90,1.16,INF,-1,0,7,0
5220,1,1,19.298,9.557,1.80,0.89,1.80,0.89,INF,-1,0,7,0
5240,1,1,19.976,11.433,1.87,1.07,1.87,1.07,INF,-1,0,7,0
5260,1,1,19.571,9.507,1.83,0.89,1.83,0.89,INF,-1,0,7,0
5280,1,1,19.459,8.445,1.82,0.79,1.82,0.79,INF,-1,0,7,0
5300,1,1,19.558,8.681,1.83,0.81,1.83,0.81,INF,-1,0,7,0
5320,1,1,20.968,8.217,1.96,0.77,1.96,0.77,INF,-1,0,7,0
5340,1,1,20.528,9.209,1.92,0.86,1.92,0.86,INF,-1,0,7,0
5360,1,1,20.322,11.461,1.90,1.07,1.90,1.07,INF,-1,0,7,0
5380,1,1,19.484,11.566,1.82,1.08,1.82,1.08,INF,-1,0,7,0
5400,1,1,19.789,11.768,1.85,1.10,1.85,1.10,INF,-1,1,7,0
5420,1,1,19.039,10.167,1.78,0.95,1.78,0.95,INF,-1,1,7,0
5440,1,1,19.499,9.631,1.82,0.90,1.82,0.90,INF,-1,1,7,0
5460,1,1,19.421,10.643,1.81,0.99,1.81,0.99,INF,-1,1,7,0
5480,1,1,22.261,13.149,2.08,1.23,2.08,1.23,INF,-1,1,7,0
5500,1,1,21.147,12.393,1.98,1.16,1.98,1.16,INF,-1,1,7,0
5520,1,1,20.585,10.570,1.92,0.99,1.92,0.99,INF,-1,1,7,0
5540,1,1,20.480,11.178,1.91,1.04,1.91,1.04,INF,-1,1,7,0
5560,1,1,20.569,12.048,1.92,1.13,1.92,1.13,INF,-1,1,7,0
5580,1,1,20.688,10.885,1.93,1.02,1.93,1.02,INF,-1,1,7,0
5600,1,1,19.698,11.497,1.84,1.07,1.84,1.07,INF,-1,1,7,0
5620,1,1,-9.354,6.322,-0.87,0.59,-0.87,0.59,INF,-1,1,7,0
5640,1,1,-16.083,10.534,-1.50,0.98,-1.50,0.98,INF,-1,1,7,0
5660,1,1,-17.530,8.632,-1.64,0.81,-1.64,0.81,INF,-1,0,7,0
5680,1,1,-15.585,10.823,-1.46,1.01,-1.46,1.01,INF,-1,0,7,0
5700,1,1,-15.503,10.690,-1.45,1.00,-1.45,1.00,INF,-1,0,7,0
5720,1,1,-15.817,12.616,-1.48,1.18,-1.48,1.18,INF,-1,0,7,0
5740,1,1,-16.135,7.014,-1.51,0.66,-1.51,0.66,INF,-1,0,7,0
5760,1,1,-15.799,8.811,-1.48,0.82,-1.48,0.82,INF,-1,0,7,0
5780,1,1,-15.676,9.828,-1.46,0.92,-1.46,0.92,INF,-1,0,7,0
5800,1,1,-14.594,11.665,-1.36,1.09,-1.36,1.09,INF,-1,0,7,0
5820,1,1,-14.455,10.756,-1.35,1.00,-1.35,1.01,INF,-1,0,7,0
5840,1,1,-14.576,10.661,-1.36,1.00,-1.36,1.00,INF,-1,0,7,0
5860,1,1,-14.502,10.282,-1.36,0.96,-1.36,0.96,INF,-1,0,7,0
5880,1,1,-15.410,9.242,-1.44,0.86,-1.44,0.86,INF,-1,0,7,0
5900,1,1,-15.020,11.761,-1.40,1.10,-1.40,1.10,INF,-1,1,7,0
5920,1,1,-13.511,9.945,-1.26,0.93,-1.26,0.93,INF,-1,1,7,0
5940,1,1,-14.275,10.695,-1.33,1.00,-1.33,1.00,INF,-1,1,7,0
5960,1,1,-14.739,9.021,-1.38,0.84,-1.38,0.84,INF,-1,1,7,0
5980,1,1,-15.593,7.238,-1.46,0.68,-1.46,0.68,INF,-1,1,7,0
6000,1,1,-13.542,11.657,-1.27,1.09,-1.27,1.09,INF,-1,1,7,0
6020,1,1,-18.087,7.969,-1.69,0.74,-1.69,0.74,INF,-1,1,7,0
6040,1,1,-16.545,11.426,-1.55,1.07,-1.55,1.07,INF,-1,1,7,0
6060,1,1,-16.649,11.144,-1.56,1.04,-1.56,1.04,INF,-1,1,7,0
6080,1,1,-16.530,12.846,-1.54,1.20,-1.54,1.20,INF,-1,1,7,0
6100,1,1,-17.774,12.466,-1.66,1.16,-1.66,1.17,INF,-1,1,7,0
6120,1,1,-18.771,10.275,-1.75,0.96,-1.75,0.96,INF,-1,1,7,0
6140,1,1,-18.164,12.013,-1.70,1.12,-1.70,1.12,INF,-1,1,7,0
6160,1,1,-19.258,10.389,-1.80,0.97,-1.80,0.97,INF,-1,1,7,0
6180,1,1,-17.643,11.618,-1.65,1.09,-1.65,1.09,INF,-1,1,7,0
6200,1,1,-18.242,9.718,-1.70,0.91,-1.70,0.91,INF,-1,1,7,0
6220,1,1,-20.615,10.538,-1.93,0.98,-1.93,0.98,INF,-1,1,7,0
6240,1,1,-19.784,11.508,-1.85,1.07,-1.85,1.08,INF,-1,1,7,0
6260,1,1,-18.956,12.206,-1.77,1.14,-1.77,1.14,INF,-1,1,7,0
6280,1,1,-19.839,11.881,-1.85,1.11,-1.85,1.11,INF,-1,1,7,0
6300,1,1,-19.214,11.130,-1.80,1.04,-1.80,1.04,INF,-1,1,7,0
6320,1,1,-20.252,11.957,-1.89,1.12,-1.89,1.12,INF,-1,1,7,0
6340,1,1,-17.445,10.611,-1.63,0.99,-1.63,0.99,INF,-1,1,7,0
6360,1,1,-14.688,12.500,-1.37,1.17,-1.37,1.17,INF,-1,1,7,0
6380,1,1,-14.493,13.321,-1.35,1.24,-1.35,1.24,INF,-1,1,7,0
6400,1,1,-16.603,12.629,-1.55,1.18,-1.55,1.18,INF,-1,1,7,0
6420,1,1,-14.942,11.631,-1.40,1.09,-1.40,1.09,INF,-1,1,7,0
6440,1,1,-14.185,13.403,-1.33,1.25,-1.33,1.25,INF,-1,1,7,0
6460,1,1,-15.104,13.413,-1.41,1.25,-1.41,1.25,INF,-1,1,7,0
6480,1,1,-14.097,11.632,-1.32,1.09,-1.32,1.09,INF,-1,1,7,0
6500,1,1,-14.771,12.589,-1.38,1.18,-1.38,1.18,INF,-1,1,7,0
6520,1,1,-17.280,9.308,-1.61,0.87,-1.61,0.87,INF,-1,1,7,0
6540,1,1,-21.936,9.075,-2.05,0.85,-2.05,0.85,INF,-1,1,7,0
6560,1,1,-18.179,11.426,-1.70,1.07,-1.70,1.07,INF,-1,1,7,0
6580,1,1,-18.006,12.356,-1.68,1.15,-1.68,1.15,INF,-1,1,7,0
6600,1,1,-18.910,9.857,-1.77,0.92,-1.77,0.92,INF,-1,1,7,0
6620,1,1,-19.432,10.392,-1.82,0.97,-1.82,0.97,INF,-1,1,7,0
6640,1,1,-17.744,10.756,-1.66,1.00,-1.66,1.01,INF,-1,1,7,0
6660,1,1,-17.874,12.296,-1.67,1.15,-1.67,1.15,INF,-1,1,7,0
6680,1,1,-19.931,9.347,-1.86,0.87,-1.86,0.87,INF,-1,1,7,0
6700,1,1,-18.375,12.116,-1.72,1.13,-1.72,1.13,INF,-1,1,7,0
6720,1,1,-17.950,9.863,-1.68,0.92,-1.68,0.92,INF,-1,1,7,0
6740,1,1,-0.105,7.052,-0.01,0.66,-0.01,0.66,INF,-1,1,7,0
6760,1,1,-2.968,5.724,-0.28,0.53,-0.28,0.53,INF,-1,1,7,0
6780,1,1,-1.714,4.552,-0.16,0.43,-0.16,0.43,INF,-1,0,7,0
6800,1,1,-2.305,7.517,-0.22,0.70,-0.22,0.70,INF,-1,0,7,0
6820,1,1,-2.372,6.248,-0.22,0.58,-0.22,0.58,INF,-1,0,7,0
6840,1,1,-3.031,5.963,-0.28,0.56,-0.28,0.56,INF,-1,0,7,0
6860,1,1,-3.370,5.894,-0.31,0.55,-0.31,0.55,INF,-1,0,7,0
6880,1,1,-1.459,6.879,-0.14,0.64,-0.14,0.64,INF,-1,0,7,0
6900,1,1,-3.249,6.226,-0.30,0.58,-0.30,0.58,INF,-1,0,7,0
6920,1,1,-1.657,6.022,-0.15,0.56,-0.15,0.56,INF,-1,0,7,0
6940,1,1,-0.372,5.526,-0.03,0.52,-0.03,0.52,INF,-1,0,7,0
6960,1,1,-1.463,5.161,-0.14,0.48,-0.14,0.48,INF,-1,0,7,0
6980,1,1,-3.692,4.668,-0.35,0.44,-0.35,0.44,INF,-1,0,7,0
7000,1,1,-1.889,5.223,-0.18,0.49,-0.18,0.49,INF,-1,0,7,0
7020,1,1,-2.304,5.825,-0.22,0.54,-0.22,0.54,INF,-1,1,7,0
7040,1,1,0.273,4.577,0.03,0.43,0.03,0.43,INF,-1,1,7,0
7060,1,1,-1.104,4.828,-0.10,0.45,-0.10,0.45,INF,-1,1,7,0
7080,1,1,-2.118,3.419,-0.20,0.32,-0.20,0.32,INF,-1,1,7,0
7100,1,1,-2.549,1.683,-0.24,0.16,-0.24,0.16,INF,-1,1,7,0
7120,1,1,-1.653,4.895,-0.15,0.46,-0.15,0.46,INF,-1,1,7,0
7140,1,1,-1.633,3.620,-0.15,0.34,-0.15,0.34,INF,-1,1,7,0
7160,1,1,-2.585,4.039,-0.24,0.38,-0.24,0.38,INF,-1,1,7,0
7180,1,1,-4.750,5.019,-0.44,0.47,-0.44,0.47,INF,-1,1,7,0
7200,1,1,-5.137,6.379,-0.48,0.60,-0.48,0.60,INF,-1,1,7,0
7220,1,1,-5.326,6.951,-0.50,0.65,-0.50,0.65,INF,-1,1,7,0
7240,1,1,-6.053,5.854,-0.57,0.55,-0.57,0.55,INF,-1,1,7,0
7260,1,1,-4.066,7.755,-0.38,0.72,-0.38,0.72,INF,-1,1,7,0
7280,1,1,-5.184,7.311,-0.48,0.68,-0.48,0.68,INF,-1,1,7,0
7300,1,1,-4.094,6.483,-0.38,0.61,-0.38,0.61,INF,-1,1,7,0
7320,1,1,-4.307,6.031,-0.40,0.56,-0.40,0.56,INF,-1,1,7,0
7340,1,1,-3.800,6.111,-0.36,0.57,-0.36,0.57,INF,-1,1,7,0
7360,1,1,-3.372,6.644,-0.32,0.62,-0.32,0.62,INF,-1,1,7,0
7380,1,1,-5.657,7.158,-0.53,0.67,-0.53,0.67,INF,-1,1,7,0
7400,1,1,-4.504,6.868,-0.42,0.64,-0.42,0.64,INF,-1,1,7,0
7420,1,1,-4.135,7.218,-0.39,0.67,-0.39,0.67,INF,-1,1,7,0
7440,1,1,-4.658,6.157,-0.44,0.58,-0.44,0.58,INF,-1,1,7,0
7460,1,1,-5.284,7.116,-0.49,0.67,-0.49,0.67,INF,-1,1,7,0
7480,1,1,-3.841,5.755,-0.36,0.54,-0.36,0.54,INF,-1,1,7,0
7500,1,1,-4.952,4.609,-0.46,0.43,-0.46,0.43,INF,-1,1,7,0
7520,1,1,-4.245,6.301,-0.40,0.59,-0.40,0.59,INF,-1,1,7,0
7540,1,1,-5.476,5.961,-0.51,0.56,-0.51,0.56,INF,-1,1,7,0
7560,1,1,-4.190,6.345,-0.39,0.59,-0.39,0.59,INF,-1,1,7,0
7580,1,1,-5.801,4.915,-0.54,0.46,-0.54,0.46,INF,-1,1,7,0
7600,1,1,-5.563,2.698,-0.52,0.25,-0.52,0.25,INF,-1,1,7,0
7620,1,1,-5.196,4.503,-0.49,0.42,-0.49,0.42,INF,-1,1,7,0
7640,1,1,-5.943,3.162,-0.56,0.30,-0.56,0.30,INF,-1,1,7,0
7660,1,1,-22.690,-4.242,-2.12,-0.40,-2.12,-0.40,INF,-1,1,7,0
7680,1,1,-59.105,-0.149,-5.51,-0.01,-5.51,-0.01,INF,-1,1,7,0
7700,1,1,-57.516,-0.251,-5.36,-0.02,-5.36,-0.02,INF,-1,0,7,0
7720,1,1,-58.376,-0.640,-5.44,-0.06,-5.44,-0.06,INF,-1,0,7,0
7740,1,1,-58.899,-1.157,-5.49,-0.11,-5.49,-0.11,INF,-1,0,7,0
7760,1,1,-57.613,-1.417,-5.37,-0.13,-5.37,-0.13,INF,-1,0,7,0
7780,1,1,-59.661,-2.373,-5.56,-0.22,-5.56,-0.22,INF,-1,0,7,0
7800,1,1,-60.696,-2.629,-5.65,-0.24,-5.65,-0.25,INF,-1,0,7,0
7820,1,1,-58.212,-0.973,-5.42,-0.09,-5.42,-0.09,INF,-1,0,7,0
7840,1,1,-57.928,-0.739,-5.40,-0.07,-5.40,-0.07,INF,-1,0,7,0
7860,1,1,-58.714,-1.272,-5.47,-0.12,-5.47,-0.12,INF,-1,0,7,0
7880,1,1,-60.487,-2.697,-5.64,-0.25,-5.64,-0.25,INF,-1,0,7,0
7900,1,1,-57.525,-0.535,-5.36,-0.05,-5.36,-0.05,INF,-1,0,7,0
7920,1,1,-58.918,-4.423,-5.49,-0.41,-5.49,-0.41,INF,-1,0,7,0
7940,1,1,-56.967,-0.714,-5.31,-0.07,-5.31,-0.07,INF,-1,0,7,0
7960,1,1,-58.515,-2.063,-5.45,-0.19,-5.45,-0.19,INF,-1,1,7,0
7980,1,1,-58.276,-0.892,-5.43,-0.08,-5.43,-0.08,INF,-1,1,7,0
8000,1,1,-59.049,-0.937,-5.50,-0.09,-5.50,-0.09,INF,-1,1,7,0
8020,1,1,-59.018,-1.456,-5.50,-0.14,-5.50,-0.14,INF,-1,1,7,0
8040,1,1,-59.200,-0.932,-5.52,-0.09,-5.52,-0.09,INF,-1,1,7,0
8060,1,1,-58.910,-1.238,-5.49,-0.12,-5.49,-0.12,INF,-1,1,7,0
8080,1,1,-61.013,-2.635,-5.68,-0.25,-5.68,-0.25,INF,-1,1,7,0
8100,1,1,-59.743,-3.028,-5.57,-0.28,-5.57,-0.28,INF,-1,1,7,0
8120,1,1,-59.171,-3.931,-5.51,-0.37,-5.51,-0.37,INF,-1,1,7,0
8140,1,1,-60.356,-3.626,-5.62,-0.34,-5.62,-0.34,INF,-1,1,7,0
8160,1,1,-69.091,-4.759,-6.43,-0.44,-6.43,-0.44,INF,-1,1,7,0
8180,1,1,-68.922,-5.964,-6.42,-0.55,-6.41,-0.56,INF,-1,1,7,0
8200,1,1,-70.643,-4.089,-6.57,-0.38,-6.57,-0.38,INF,-1,0,7,0
8220,1,1,-70.987,-4.055,-6.61,-0.38,-6.61,-0.38,INF,-1,0,7,0
8240,1,1,-68.669,-4.839,-6.39,-0.45,-6.39,-0.45,INF,-1,0,7,0
8260,1,1,-69.496,-5.886,-6.47,-0.55,-6.47,-0.55,INF,-1,0,7,0
8280,1,1,-70.386,-4.834,-6.55,-0.45,-6.55,-0.45,INF,-1,0,7,0
8300,1,1,-72.781,-6.444,-6.77,-0.60,-6.77,-0.60,INF,-1,0,7,0
8320,1,1,-71.396,-6.089,-6.64,-0.57,-6.64,-0.57,INF,-1,0,7,0
8340,1,1,-70.259,-4.480,-6.54,-0.42,-6.54,-0.42,INF,-1,0,7,0
8360,1,1,-69.843,-3.337,-6.50,-0.31,-6.50,-0.31,INF,-1,0,7,0
8380,1,1,-70.340,-4.415,-6.55,-0.41,-6.55,-0.41,INF,-1,0,7,0
8400,1,1,-71.299,-4.693,-6.63,-0.44,-6.63,-0.44,INF,-1,0,7,0
8420,1,1,-70.408,-4.273,-6.55,-0.40,-6.55,-0.40,INF,-1,0,7,0
8440,1,1,-70.599,-6.693,-6.57,-0.62,-6.57,-0.63,INF,-1,1,7,0
8460,1,1,-69.756,-4.730,-6.49,-0.44,-6.49,-0.44,INF,-1,1,7,0
8480,1,1,-73.544,-8.776,-6.84,-0.81,-6.84,-0.82,INF,-1,1,7,0
8500,1,1,-69.256,-6.215,-6.45,-0.58,-6.45,-0.58,INF,-1,1,7,0
8520,1,1,-63.698,-6.939,-5.93,-0.65,-5.93,-0.65,INF,-1,1,7,0
8540,1,1,-66.143,-9.539,-6.16,-0.89,-6.16,-0.89,INF,-1,1,7,0
8560,1,1,-66.037,-7.805,-6.15,-0.73,-6.15,-0.73,INF,-1,1,7,0
8580,1,1,-64.646,-6.584,-6.02,-0.61,-6.02,-0.62,INF,-1,1,7,0
8600,1,1,-64.818,-4.837,-6.04,-0.45,-6.04,-0.45,INF,-1,1,7,0
8620,1,1,-65.661,-5.652,-6.11,-0.53,-6.11,-0.53,INF,-1,1,7,0
8640,1,1,-63.825,-5.869,-5.94,-0.55,-5.94,-0.55,INF,-1,1,7,0
8660,1,1,-68.773,-7.310,-6.40,-0.68,-6.40,-0.68,INF,-1,1,7,0
8680,1,1,5.959,-7.408,0.56,-0.69,0.56,-0.69,INF,-1,1,7,0
8700,1,1,19.189,-1.169,1.79,-0.11,1.79,-0.11,INF,-1,1,7,0
8720,1,1,19.578,-2.239,1.83,-0.21,1.83,-0.21,INF,-1,0,7,0
8740,1,1,21.724,-0.734,2.03,-0.07,2.03,-0.07,INF,-1,0,7,0
8760,1,1,19.354,-4.354,1.81,-0.41,1.81,-0.41,INF,-1,0,7,0
8780,1,1,21.771,-4.798,2.03,-0.45,2.03,-0.45,INF,-1,0,7,0
8800,1,1,19.065,-3.864,1.78,-0.36,1.78,-0.36,INF,-1,0,7,0
8820,1,1,20.145,-3.720,1.88,-0.35,1.88,-0.35,INF,-1,0,7,0
8840,1,1,20.183,-2.389,1.89,-0.22,1.89,-0.22,INF,-1,0,7,0
8860,1,1,21.034,-3.485,1.97,-0.33,1.97,-0.33,INF,-1,0,7,0
8880,1,1,19.746,-2.972,1.84,-0.28,1.84,-0.28,INF,-1,0,7,0
8900,1,1,20.609,-2.539,1.93,-0.24,1.93,-0.24,INF,-1,0,7,0
8920,1,1,36.544,5.016,3.41,0.47,3.41,0.47,INF,-1,0,7,0
8940,1,1,34.147,6.928,3.19,0.65,3.19,0.65,INF,-1,0,7,0
8960,1,1,34.818,4.772,3.25,0.45,3.25,0.45,INF,-1,0,7,0
8980,1,1,33.236,5.529,3.10,0.52,3.10,0.52,INF,-1,0,7,0
9000,1,1,35.631,7.727,3.33,0.72,3.33,0.72,INF,-1,0,7,0
9020,1,1,36.341,6.631,3.39,0.62,3.39,0.62,INF,-1,1,7,0
9040,1,1,38.487,7.462,3.59,0.70,3.59,0.70,INF,-1,0,7,0
9060,1,1,36.616,7.620,3.42,0.71,3.42,0.71,INF,-1,0,7,0
9080,1,1,37.448,7.302,3.50,0.68,3.50,0.68,INF,-1,0,7,0
9100,1,1,35.957,5.544,3.36,0.52,3.36,0.52,INF,-1,0,7,0
9120,1,1,34.258,6.326,3.20,0.59,3.20,0.59,INF,-1,0,7,0
9140,1,1,37.161,5.966,3.47,0.56,3.47,0.56,INF,-1,0,7,0
9160,1,1,37.088,6.284,3.46,0.59,3.46,0.59,INF,-1,0,7,0
9180,1,1,36.858,6.574,3.44,0.61,3.44,0.61,INF,-1,0,7,0
9200,1,1,38.024,7.636,3.55,0.71,3.55,0.71,INF,-1,0,7,0
9220,1,1,34.712,5.184,3.24,0.48,3.24,0.48,INF,-1,0,7,0
9240,1,1,38.188,7.084,3.56,0.66,3.56,0.66,INF,-1,0,7,0
9260,1,1,37.467,8.297,3.50,0.77,3.50,0.78,INF,-1,0,7,0
9280,1,1,35.952,7.708,3.36,0.72,3.36,0.72,INF,-1,1,7,0
9300,1,1,36.204,8.161,3.38,0.76,3.38,0.76,INF,-1,1,7,0
9320,1,1,34.679,7.816,3.24,0.73,3.24,0.73,INF,-1,1,7,0
9340,1,1,24.513,18.597,2.29,1.74,2.29,1.74,INF,-1,1,7,0
9360,1,1,24.835,19.671,2.32,1.84,2.32,1.84,INF,-1,1,7,0
9380,1,1,23.616,19.332,2.21,1.81,2.21,1.81,INF,-1,0,7,0
9400,1,1,22.285,20.299,2.08,1.90,2.08,1.90,INF,-1,0,7,0
9420,1,1,23.459,17.665,2.19,1.65,2.19,1.65,INF,-1,0,7,0
9440,1,1,22.754,19.780,2.13,1.85,2.12,1.85,INF,-1,0,7,0
9460,1,1,25.790,18.233,2.41,1.70,2.41,1.70,INF,-1,0,7,0
9480,1,1,24.108,14.496,2.25,1.35,2.25,1.35,INF,-1,0,7,0
9500,1,1,22.485,20.395,2.10,1.90,2.10,1.91,INF,-1,0,7,0
9520,1,1,25.593,18.947,2.39,1.77,2.39,1.77,INF,-1,0,7,0
9540,1,1,22.743,17.473,2.12,1.63,2.12,1.63,INF,-1,0,7,0
9560,1,1,22.375,18.155,2.09,1.70,2.09,1.70,INF,-1,0,7,0
9580,1,1,25.821,18.792,2.41,1.75,2.41,1.76,INF,-1,0,7,0
9600,1,1,26.019,18.252,2.43,1.70,2.43,1.71,INF,-1,0,7,0
9620,1,1,23.455,18.065,2.19,1.69,2.19,1.69,INF,-1,1,7,0
9640,1,1,23.923,13.290,2.23,1.24,2.23,1.24,INF,-1,1,7,0
9660,1,1,25.447,17.940,2.38,1.67,2.38,1.68,INF,-1,1,7,0
9680,1,1,24.845,20.531,2.32,1.92,2.32,1.92,INF,-1,1,7,0
9700,1,1,26.160,17.801,2.44,1.66,2.44,1.66,INF,-1,1,7,0
9720,1,1,37.900,4.486,3.54,0.42,3.54,0.42,INF,-1,1,7,0
9740,1,1,36.871,2.757,3.44,0.26,3.44,0.26,INF,-1,1,7,0
9760,1,1,37.553,4.499,3.51,0.42,3.51,0.42,INF,-1,0,7,0
9780,1,1,35.327,3.099,3.30,0.29,3.30,0.29,INF,-1,0,7,0
9800,1,1,37.280,0.823,3.48,0.08,3.48,0.08,INF,-1,0,7,0
9820,1,1,35.693,2.549,3.33,0.24,3.33,0.24,INF,-1,0,7,0
9840,1,1,36.594,3.459,3.42,0.32,3.42,0.32,INF,-1,0,7,0
9860,1,1,36.359,1.550,3.39,0.14,3.39,0.14,INF,-1,0,7,0
9880,1,1,37.012,1.864,3.46,0.17,3.46,0.17,INF,-1,0,7,0
9900,1,1,36.353,3.270,3.39,0.31,3.39,0.31,INF,-1,0,7,0
9920,1,1,37.114,3.802,3.46,0.35,3.46,0.36,INF,-1,0,7,0
9940,1,1,36.734,0.279,3.43,0.03,3.43,0.03,INF,-1,0,7,0
9960,1,1,32.667,1.277,3.05,0.12,3.05,0.12,INF,-1,0,7,0
9980,1,1,10.719,2.426,1.00,0.23,1.00,0.23,INF,-1,0,7,0
10000,1,1,10.759,0.882,1.01,0.08,1.01,0.08,INF,-1,1,7,0
10020,1,1,11.643,2.355,1.09,0.22,1.09,0.22,INF,-1,0,7,0
10040,1,1,11.355,3.234,1.06,0.30,1.06,0.30,INF,-1,0,7,0
10060,1,1,10.727,2.901,1.00,0.27,1.00,0.27,INF,-1,0,7,0
10080,1,1,10.792,1.483,1.01,0.14,1.01,0.14,INF,-1,0,7,0
10100,1,1,12.143,3.146,1.13,0.29,1.13,0.29,INF,-1,0,7,0
10120,1,1,10.883,0.813,1.02,0.08,1.02,0.08,INF,-1,0,7,0
10140,1,1,9.683,0.271,0.90,0.03,0.90,0.03,INF,-1,0,7,0
10160,1,1,11.454,-1.144,1.07,-0.11,1.07,-0.11,INF,-1,0,7,0
10180,1,1,8.824,0.065,0.82,0.01,0.82,0.01,INF,-1,0,7,0
10200,1,1,10.328,3.135,0.97,0.29,0.97,0.29,INF,-1,0,7,0
10220,1,1,12.645,4.872,1.18,0.46,1.18,0.46,INF,-1,0,7,0
10240,1,1,10.675,1.414,1.00,0.13,1.00,0.13,INF,-1,0,7,0
10260,1,1,9.259,3.407,0.87,0.32,0.87,0.32,INF,-1,1,7,0
10280,1,1,10.699,2.967,1.00,0.28,1.00,0.28,INF,-1,1,7,0
10300,1,1,0.227,3.576,0.02,0.33,0.02,0.33,INF,-1,1,7,0
10320,1,1,-1.026,8.325,-0.10,0.78,-0.10,0.78,INF,-1,1,7,0
10340,1,1,-2.129,5.567,-0.20,0.52,-0.20,0.52,INF,-1,0,7,0
10360,1,1,-4.933,3.450,-0.46,0.32,-0.46,0.32,INF,-1,0,7,0
10380,1,1,-5.029,2.533,-0.47,0.24,-0.47,0.24,INF,-1,0,7,0
10400,1,1,-1.220,6.207,-0.11,0.58,-0.11,0.58,INF,-1,0,7,0
10420,1,1,-5.237,4.562,-0.49,0.43,-0.49,0.43,INF,-1,0,7,0
10440,1,1,-2.533,4.607,-0.24,0.43,-0.24,0.43,INF,-1,0,7,0
10460,1,1,-5.392,5.471,-0.50,0.51,-0.50,0.51,INF,-1,0,7,0
10480,1,1,-5.998,4.575,-0.56,0.43,-0.56,0.43,INF,-1,0,7,0
10500,1,1,-3.180,7.511,-0.30,0.70,-0.30,0.70,INF,-1,0,7,0
10520,1,1,-4.160,4.237,-0.39,0.40,-0.39,0.40,INF,-1,0,7,0
10540,1,1,-3.618,5.038,-0.34,0.47,-0.34,0.47,INF,-1,0,7,0
10560,1,1,-4.349,4.826,-0.41,0.45,-0.41,0.45,INF,-1,0,7,0
10580,1,1,-3.216,5.385,-0.30,0.50,-0.30,0.50,INF,-1,1,7,0
10600,1,1,-4.347,5.479,-0.41,0.51,-0.41,0.51,INF,-1,1,7,0
10620,1,1,-3.973,5.306,-0.37,0.50,-0.37,0.50,INF,-1,1,7,0
10640,1,1,-4.879,3.984,-0.46,0.37,-0.46,0.37,INF,-1,1,7,0
10660,1,1,-5.330,4.898,-0.50,0.46,-0.50,0.46,INF,-1,1,7,0
10680,1,1,-9.809,5.735,-0.92,0.54,-0.92,0.54,INF,-1,1,7,0
10700,1,1,-20.053,10.963,-1.87,1.02,-1.87,1.02,INF,-1,1,7,0
10720,1,1,-19.872,10.806,-1.86,1.01,-1.86,1.01,INF,-1,1,7,0
10740,1,1,-18.463,10.077,-1.73,0.94,-1.72,0.94,INF,-1,0,7,0
10760,1,1,-20.104,11.066,-1.88,1.03,-1.88,1.03,INF,-1,0,7,0
10780,1,1,-19.617,10.609,-1.83,0.99,-1.83,0.99,INF,-1,0,7,0
10800,1,1,-20.766,10.736,-1.94,1.00,-1.94,1.00,INF,-1,0,7,0
10820,1,1,-18.705,10.659,-1.75,1.00,-1.75,1.00,INF,-1,0,7,0
10840,1,1,-19.283,10.627,-1.80,0.99,-1.80,0.99,INF,-1,0,7,0
10860,1,1,-19.684,9.765,-1.84,0.91,-1.84,0.91,INF,-1,0,7,0
10880,1,1,-21.421,8.844,-2.00,0.83,-2.00,0.83,INF,-1,0,7,0
10900,1,1,-20.093,9.339,-1.88,0.87,-1.88,0.87,INF,-1,0,7,0
10920,1,1,-18.762,9.203,-1.75,0.86,-1.75,0.86,INF,-1,0,7,0
10940,1,1,-20.016,10.098,-1.87,0.94,-1.87,0.94,INF,-1,0,7,0
10960,1,1,-21.132,9.985,-1.97,0.93,-1.97,0.93,INF,-1,0,7,0
10980,1,1,-16.271,7.989,-1.52,0.75,-1.52,0.75,INF,-1,1,7,0
11000,1,1,-0.721,6.325,-0.07,0.59,-0.07,0.59,INF,-1,1,7,0
11020,1,1,-1.868,7.208,-0.17,0.67,-0.17,0.67,INF,-1,1,7,0
11040,1,1,-3.211,7.270,-0.30,0.68,-0.30,0.68,INF,-1,0,7,0
11060,1,1,-1.277,7.112,-0.12,0.66,-0.12,0.66,INF,-1,0,7,0
11080,1,1,-1.907,8.549,-0.18,0.80,-0.18,0.80,INF,-1,0,7,0
11100,1,1,-2.497,7.140,-0.23,0.67,-0.23,0.67,INF,-1,0,7,0
11120,1,1,-1.987,8.656,-0.19,0.81,-0.19,0.81,INF,-1,0,7,0
11140,1,1,-2.157,6.868,-0.20,0.64,-0.20,0.64,INF,-1,0,7,0
11160,1,1,-2.023,9.160,-0.19,0.86,-0.19,0.86,INF,-1,0,7,0
11180,1,1,-2.720,4.168,-0.25,0.39,-0.25,0.39,INF,-1,0,7,0
11200,1,1,45.044,0.502,4.20,0.05,4.20,0.05,INF,-1,0,7,0
11220,1,1,41.614,1.022,3.88,0.10,3.88,0.10,INF,-1,0,7,0
11240,1,1,39.155,0.724,3.65,0.07,3.65,0.07,INF,-1,0,7,0
11260,1,1,40.504,-1.433,3.78,-0.13,3.78,-0.13,INF,-1,0,7,0
11280,1,1,40.248,-0.920,3.76,-0.09,3.76,-0.09,INF,-1,0,7,0
11300,1,1,39.511,-0.419,3.69,-0.04,3.69,-0.04,INF,-1,0,7,0
11320,1,1,39.583,-0.547,3.69,-0.05,3.69,-0.05,INF,-1,0,7,0
11340,1,1,40.204,-1.251,3.75,-0.12,3.75,-0.12,INF,-1,0,7,0
11360,1,1,39.148,-1.030,3.65,-0.10,3.65,-0.10,INF,-1,0,7,0
11380,1,1,41.097,0.518,3.84,0.05,3.84,0.05,INF,-1,0,7,0
11400,1,1,41.606,0.368,3.88,0.03,3.88,0.03,INF,-1,0,7,0
11420,1,1,41.240,-0.066,3.85,-0.01,3.85,-0.01,INF,-1,0,7,0
11440,1,1,42.798,1.031,3.99,0.10,3.99,0.10,INF,-1,0,7,0
11460,1,1,41.375,-0.499,3.86,-0.05,3.86,-0.05,INF,-1,0,7,0
11480,1,1,42.011,0.178,3.92,0.02,3.92,0.02,INF,-1,1,7,0
11500,1,1,41.495,-0.184,3.87,-0.02,3.87,-0.02,INF,-1,1,7,0
11520,1,1,42.861,-0.398,4.00,-0.04,4.00,-0.04,INF,-1,1,7,0
11540,1,1,41.702,0.282,3.89,0.03,3.89,0.03,INF,-1,1,7,0
11560,1,1,43.291,-0.705,4.04,-0.07,4.04,-0.07,INF,-1,1,7,0
11580,1,1,42.459,-1.707,3.96,-0.16,3.96,-0.16,INF,-1,1,7,0
11600,1,1,40.398,-2.666,3.77,-0.25,3.77,-0.25,INF,-1,1,7,0
11620,1,1,43.224,0.883,4.03,0.08,4.03,0.08,INF,-1,1,7,0
11640,1,1,41.710,-0.548,3.89,-0.05,3.89,-0.05,INF,-1,1,7,0
11660,1,1,40.872,0.240,3.81,0.02,3.81,0.02,INF,-1,1,7,0
11680,1,1,41.372,0.683,3.86,0.06,3.86,0.06,INF,-1,1,7,0
11700,1,1,40.762,-0.669,3.80,-0.06,3.80,-0.06,INF,-1,1,7,0
11720,1,1,43.777,-1.917,4.08,-0.18,4.08,-0.18,INF,-1,1,7,0
11740,1,1,-7.791,3.691,-0.73,0.34,-0.73,0.35,INF,-1,1,7,0
11760,1,1,-2.475,4.215,-0.23,0.39,-0.23,0.39,INF,-1,1,7,0
11780,1,1,-2.705,7.016,-0.25,0.66,-0.25,0.66,INF,-1,0,7,0
11800,1,1,-4.757,6.197,-0.44,0.58,-0.44,0.58,INF,-1,0,7,0
11820,1,1,-3.276,4.858,-0.31,0.45,-0.31,0.45,INF,-1,0,7,0
11840,1,1,-4.520,5.124,-0.42,0.48,-0.42,0.48,INF,-1,0,7,0
11860,1,1,-3.061,5.188,-0.29,0.48,-0.29,0.48,INF,-1,0,7,0
11880,1,1,-5.042,4.316,-0.47,0.40,-0.47,0.40,INF,-1,0,7,0
11900,1,1,-4.521,4.860,-0.42,0.45,-0.42,0.45,INF,-1,0,7,0
11920,1,1,-4.952,5.244,-0.46,0.49,-0.46,0.49,INF,-1,0,7,0
11940,1,1,-5.163,5.133,-0.48,0.48,-0.48,0.48,INF,-1,0,7,0
11960,1,1,-4.665,6.331,-0.44,0.59,-0.44,0.59,INF,-1,0,7,0
11980,1,1,-2.208,5.720,-0.21,0.53,-0.21,0.53,INF,-1,0,7,0
12000,1,1,-3.341,5.027,-0.31,0.47,-0.31,0.47,INF,-1,0,7,0
12020,1,1,-3.357,7.796,-0.31,0.73,-0.31,0.73,INF,-1,1,7,0
12040,1,1,-3.683,8.949,-0.34,0.84,-0.34,0.84,INF,-1,1,7,0
12060,1,1,-5.014,6.732,-0.47,0.63,-0.47,0.63,INF,-1,1,7,0
12080,1,1,-4.018,5.947,-0.38,0.56,-0.38,0.56,INF,-1,1,7,0
12100,1,1,-5.545,5.955,-0.52,0.56,-0.52,0.56,INF,-1,1,7,0
12120,1,1,-4.156,6.050,-0.39,0.57,-0.39,0.57,INF,-1,1,7,0
12140,1,1,-6.061,3.605,-0.57,0.34,-0.57,0.34,INF,-1,1,7,0
12160,1,1,-4.849,4.527,-0.45,0.42,-0.45,0.42,INF,-1,1,7,0
12180,1,1,-1.818,4.556,-0.17,0.43,-0.17,0.43,INF,-1,1,7,0
12200,1,1,-5.041,5.871,-0.47,0.55,-0.47,0.55,INF,-1,1,7,0
12220,1,1,-3.511,7.225,-0.33,0.68,-0.33,0.68,INF,-1,1,7,0
12240,1,1,-5.303,3.942,-0.50,0.37,-0.50,0.37,INF,-1,1,7,0
12260,1,1,39.142,-19.092,3.65,-1.78,3.65,-1.78,INF,-1,1,7,0
12280,1,1,37.894,-20.273,3.54,-1.89,3.54,-1.89,INF,-1,1,7,0
12300,1,1,40.014,-20.374,3.73,-1.90,3.73,-1.90,INF,-1,0,7,0
12320,1,1,40.003,-20.035,3.73,-1.87,3.73,-1.87,INF,-1,0,7,0
12340,1,1,40.031,-19.429,3.74,-1.81,3.73,-1.82,INF,-1,0,7,0
12360,1,1,39.454,-21.597,3.68,-2.01,3.68,-2.02,INF,-1,0,7,0
12380,1,1,38.641,-22.081,3.61,-2.06,3.60,-2.06,INF,-1,0,7,0
12400,1,1,37.549,-23.516,3.51,-2.19,3.50,-2.20,INF,-1,0,7,0
12420,1,1,38.521,-21.220,3.60,-1.98,3.59,-1.98,INF,-1,0,7,0
12440,1,1,39.107,-21.084,3.65,-1.97,3.65,-1.97,INF,-1,0,7,0
12460,1,1,39.768,-20.686,3.71,-1.93,3.71,-1.93,INF,-1,0,7,0
12480,1,1,35.984,-22.191,3.36,-2.07,3.36,-2.07,INF,-1,0,7,0
12500,1,1,37.670,-21.693,3.52,-2.02,3.51,-2.03,INF,-1,0,7,0
12520,1,1,39.270,-20.867,3.67,-1.95,3.66,-1.95,INF,-1,0,7,0
12540,1,1,36.999,-21.732,3.45,-2.03,3.45,-2.03,INF,-1,1,7,0
12560,1,1,39.308,-19.723,3.67,-1.84,3.67,-1.84,INF,-1,1,7,0
12580,1,1,38.419,-21.525,3.59,-2.01,3.58,-2.01,INF,-1,1,7,0
12600,1,1,39.855,-19.207,3.72,-1.79,3.72,-1.79,INF,-1,1,7,0
12620,1,1,38.797,-18.362,3.62,-1.71,3.62,-1.72,INF,-1,1,7,0
12640,1,1,23.246,-3.508,2.17,-0.33,2.17,-0.33,INF,-1,1,7,0
12660,1,1,22.006,-4.751,2.06,-0.44,2.06,-0.44,INF,-1,1,7,0
12680,1,1,21.189,-4.732,1.98,-0.44,1.98,-0.44,INF,-1,0,7,0
12700,1,1,21.311,-4.181,1.99,-0.39,1.99,-0.39,INF,-1,0,7,0
12720,1,1,22.404,-3.803,2.09,-0.36,2.09,-0.36,INF,-1,0,7,0
12740,1,1,20.336,-4.513,1.90,-0.42,1.90,-0.42,INF,-1,0,7,0
12760,1,1,21.960,-3.685,2.05,-0.34,2.05,-0.34,INF,-1,0,7,0
12780,1,1,18.412,-3.650,1.72,-0.34,1.72,-0.34,INF,-1,0,7,0
12800,1,1,20.102,-3.655,1.88,-0.34,1.88,-0.34,INF,-1,0,7,0
12820,1,1,22.849,-1.798,2.13,-0.17,2.13,-0.17,INF,-1,0,7,0
12840,1,1,19.304,-3.965,1.80,-0.37,1.80,-0.37,INF,-1,0,7,0
12860,1,1,19.559,-3.290,1.83,-0.31,1.83,-0.31,INF,-1,0,7,0
12880,1,1,19.729,-2.304,1.84,-0.22,1.84,-0.22,INF,-1,0,7,0
12900,1,1,-7.486,5.126,-0.70,0.48,-0.70,0.48,INF,-1,0,7,0
12920,1,1,-6.528,10.563,-0.61,0.99,-0.61,0.99,INF,-1,1,7,0
12940,1,1,-8.996,7.159,-0.84,0.67,-0.84,0.67,INF,-1,0,7,0
12960,1,1,-8.114,8.097,-0.76,0.76,-0.76,0.76,INF,-1,0,7,0
12980,1,1,-5.177,8.041,-0.48,0.75,-0.48,0.75,INF,-1,0,7,0
13000,1,1,-8.284,9.034,-0.77,0.84,-0.77,0.84,INF,-1,0,7,0
13020,1,1,-8.922,8.977,-0.83,0.84,-0.83,0.84,INF,-1,0,7,0
13040,1,1,-7.784,6.661,-0.73,0.62,-0.73,0.62,INF,-1,0,7,0
13060,1,1,-5.904,8.543,-0.55,0.80,-0.55,0.80,INF,-1,0,7,0
13080,1,1,-7.450,8.330,-0.70,0.78,-0.70,0.78,INF,-1,0,7,0
13100,1,1,-5.493,9.787,-0.51,0.91,-0.51,0.91,INF,-1,0,7,0
13120,1,1,-5.987,8.312,-0.56,0.78,-0.56,0.78,INF,-1,0,7,0
13140,1,1,-6.850,7.380,-0.64,0.69,-0.64,0.69,INF,-1,0,7,0
13160,1,1,-7.333,8.954,-0.69,0.84,-0.69,0.84,INF,-1,0,7,0
13180,1,1,-7.021,8.334,-0.66,0.78,-0.66,0.78,INF,-1,1,7,0
13200,1,1,-5.804,10.539,-0.54,0.98,-0.54,0.98,INF,-1,1,7,0
13220,1,1,-7.106,8.487,-0.66,0.79,-0.66,0.79,INF,-1,1,7,0
13240,1,1,-16.355,12.929,-1.53,1.21,-1.53,1.21,INF,-1,1,7,0
13260,1,1,-15.895,10.131,-1.49,0.95,-1.49,0.95,INF,-1,1,7,0
13280,1,1,-16.169,12.147,-1.51,1.13,-1.51,1.14,INF,-1,1,7,0
13300,1,1,-17.186,11.335,-1.61,1.06,-1.61,1.06,INF,-1,1,7,0
13320,1,1,-15.712,11.153,-1.47,1.04,-1.47,1.04,INF,-1,1,7,0
13340,1,1,-14.093,13.522,-1.32,1.26,-1.32,1.26,INF,-1,1,7,0
13360,1,1,-16.678,10.193,-1.56,0.95,-1.56,0.95,INF,-1,1,7,0
13380,1,1,-15.709,10.872,-1.47,1.02,-1.47,1.02,INF,-1,1,7,0
13400,1,1,-15.662,10.451,-1.46,0.98,-1.46,0.98,INF,-1,1,7,0
13420,1,1,-14.217,12.561,-1.33,1.17,-1.33,1.17,INF,-1,1,7,0
13440,1,1,-16.003,11.529,-1.50,1.08,-1.50,1.08,INF,-1,1,7,0
13460,1,1,-15.339,11.818,-1.43,1.10,-1.43,1.10,INF,-1,1,7,0
13480,1,1,-15.895,12.452,-1.49,1.16,-1.49,1.16,INF,-1,1,7,0
13500,1,1,-12.900,14.429,-1.21,1.35,-1.21,1.35,INF,-1,1,7,0
13520,1,1,-15.092,12.061,-1.41,1.13,-1.41,1.13,INF,-1,1,7,0
13540,1,1,-15.782,13.670,-1.47,1.28,-1.47,1.28,INF,-1,1,7,0
13560,1,1,-14.675,11.513,-1.37,1.08,-1.37,1.08,INF,-1,1,7,0
13580,1,1,5.996,4.221,0.56,0.39,0.56,0.39,INF,-1,1,7,0
13600,1,1,5.308,0.486,0.50,0.05,0.50,0.05,INF,-1,1,7,0
13620,1,1,5.111,2.567,0.48,0.24,0.48,0.24,INF,-1,0,7,0
13640,1,1,4.320,3.465,0.40,0.32,0.40,0.32,INF,-1,0,7,0
13660,1,1,4.244,0.791,0.40,0.07,0.40,0.07,INF,-1,0,7,0
13680,1,1,3.875,4.739,0.36,0.44,0.36,0.44,INF,-1,0,7,0
13700,1,1,5.017,3.394,0.47,0.32,0.47,0.32,INF,-1,0,7,0
13720,1,1,5.121,3.566,0.48,0.33,0.48,0.33,INF,-1,0,7,0
13740,1,1,4.911,3.936,0.46,0.37,0.46,0.37,INF,-1,0,7,0
13760,1,1,6.623,3.740,0.62,0.35,0.62,0.35,INF,-1,0,7,0
13780,1,1,5.237,1.288,0.49,0.12,0.49,0.12,INF,-1,0,7,0
13800,1,1,7.085,2.778,0.66,0.26,0.66,0.26,INF,-1,0,7,0
13820,1,1,6.296,3.124,0.59,0.29,0.59,0.29,INF,-1,0,7,0
13840,1,1,5.888,2.154,0.55,0.20,0.55,0.20,INF,-1,0,7,0
13860,1,1,6.764,2.604,0.63,0.24,0.63,0.24,INF,-1,1,7,0
13880,1,1,5.986,1.836,0.56,0.17,0.56,0.17,INF,-1,1,7,0
13900,1,1,7.437,2.989,0.70,0.28,0.70,0.28,INF,-1,1,7,0
13920,1,1,6.355,3.340,0.59,0.31,0.59,0.31,INF,-1,1,7,0
13940,1,1,1.262,0.722,0.12,0.07,0.12,0.07,INF,-1,1,7,0
13960,1,1,5.262,1.650,0.49,0.15,0.49,0.15,INF,-1,1,7,0
13980,1,1,5.082,-0.148,0.47,-0.01,0.47,-0.01,INF,-1,1,7,0
14000,1,1,5.642,2.791,0.53,0.26,0.53,0.26,INF,-1,1,7,0
14020,1,1,5.170,3.897,0.48,0.36,0.48,0.36,INF,-1,1,7,0
14040,1,1,5.020,0.427,0.47,0.04,0.47,0.04,INF,-1,1,7,0
14060,1,1,3.887,1.135,0.36,0.11,0.36,0.11,INF,-1,1,7,0
14080,1,1,4.521,3.077,0.42,0.29,0.42,0.29,INF,-1,1,7,0
14100,1,1,3.720,0.555,0.35,0.05,0.35,0.05,INF,-1,1,7,0
14120,1,1,3.596,0.280,0.34,0.03,0.34,0.03,INF,-1,1,7,0
14140,1,1,5.022,0.463,0.47,0.04,0.47,0.04,INF,-1,1,7,0
14160,1,1,3.107,0.476,0.29,0.04,0.29,0.04,INF,-1,1,7,0
14180,1,1,4.772,0.828,0.45,0.08,0.45,0.08,INF,-1,1,7,0
14200,1,1,4.527,0.499,0.42,0.05,0.42,0.05,INF,-1,1,7,0
14220,1,1,3.301,0.127,0.31,0.01,0.31,0.01,INF,-1,1,7,0
14240,1,1,3.305,-1.014,0.31,-0.09,0.31,-0.09,INF,-1,1,7,0
14260,1,1,-1.737,7.227,-0.16,0.68,-0.16,0.68,INF,-1,1,7,0
14280,1,1,-6.697,6.062,-0.63,0.57,-0.63,0.57,INF,-1,1,7,0
14300,1,1,-6.815,5.424,-0.64,0.51,-0.64,0.51,INF,-1,1,7,0
14320,1,1,-4.718,6.721,-0.44,0.63,-0.44,0.63,INF,-1,0,7,0
14340,1,1,-5.387,6.373,-0.50,0.60,-0.50,0.60,INF,-1,0,7,0
14360,1,1,-4.727,7.831,-0.44,0.73,-0.44,0.73,INF,-1,0,7,0
14380,1,1,-6.602,4.815,-0.62,0.45,-0.62,0.45,INF,-1,0,7,0
14400,1,1,-6.184,4.568,-0.58,0.43,-0.58,0.43,INF,-1,0,7,0
14420,1,1,-7.125,5.682,-0.67,0.53,-0.67,0.53,INF,-1,0,7,0
14440,1,1,-4.045,6.617,-0.38,0.62,-0.38,0.62,INF,-1,0,7,0
14460,1,1,-8.224,4.133,-0.77,0.39,-0.77,0.39,INF,-1,0,7,0
14480,1,1,-9.546,3.138,-0.89,0.29,-0.89,0.29,INF,-1,0,7,0
14500,1,1,-4.921,5.932,-0.46,0.55,-0.46,0.55,INF,-1,0,7,0
14520,1,1,-5.314,6.804,-0.50,0.64,-0.50,0.64,INF,-1,0,7,0
14540,1,1,-6.061,2.765,-0.57,0.26,-0.57,0.26,INF,-1,0,7,0
14560,1,1,-5.545,4.836,-0.52,0.45,-0.52,0.45,INF,-1,1,7,0
14580,1,1,-5.823,5.950,-0.54,0.56,-0.54,0.56,INF,-1,1,7,0
14600,1,1,-6.154,4.298,-0.58,0.40,-0.58,0.40,INF,-1,1,7,0
14620,1,1,-5.804,6.256,-0.54,0.58,-0.54,0.58,INF,-1,1,7,0
14640,1,1,-5.172,6.726,-0.48,0.63,-0.48,0.63,INF,-1,1,7,0
14660,1,1,-4.822,6.266,-0.45,0.59,-0.45,0.59,INF,-1,1,7,0
14680,1,1,-5.120,6.669,-0.48,0.62,-0.48,0.62,INF,-1,1,7,0
14700,1,1,-3.706,6.716,-0.35,0.63,-0.35,0.63,INF,-1,1,7,0
14720,1,1,-3.310,8.037,-0.31,0.75,-0.31,0.75,INF,-1,1,7,0
14740,1,1,-5.251,4.727,-0.49,0.44,-0.49,0.44,INF,-1,1,7,0
14760,1,1,-5.099,4.846,-0.48,0.45,-0.48,0.45,INF,-1,1,7,0
14780,1,1,-11.033,8.694,-1.03,0.81,-1.03,0.81,INF,-1,1,7,0
14800,1,1,-14.086,13.573,-1.32,1.27,-1.32,1.27,INF,-1,1,7,0
14820,1,1,-14.998,12.584,-1.40,1.18,-1.40,1.18,INF,-1,1,7,0
14840,1,1,-14.887,12.025,-1.39,1.12,-1.39,1.12,INF,-1,0,7,0
14860,1,1,-14.068,11.978,-1.31,1.12,-1.31,1.12,INF,-1,0,7,0
14880,1,1,-13.988,10.998,-1.31,1.03,-1.31,1.03,INF,-1,0,7,0
14900,1,1,-13.685,13.309,-1.28,1.24,-1.28,1.24,INF,-1,0,7,0
14920,1,1,-13.746,12.032,-1.28,1.12,-1.28,1.12,INF,-1,0,7,0
14940,1,1,-13.724,8.582,-1.28,0.80,-1.28,0.80,INF,-1,0,7,0
14960,1,1,-14.553,9.884,-1.36,0.92,-1.36,0.92,INF,-1,0,7,0
14980,1,1,-15.071,11.924,-1.41,1.11,-1.41,1.11,INF,-1,0,7,0
15000,1,1,-14.651,10.668,-1.37,1.00,-1.37,1.00,INF,-1,0,7,0
