"EyeTracker Toolbox version","3.250"
CalibrationParameters_A11,1.19655
CalibrationParameters_A12,0.08702
CalibrationParameters_A13,-0.00309
CalibrationParameters_A21,0.06461
CalibrationParameters_A22,-1.25182
CalibrationParameters_A23,-0.00017
CalibrationParameters_A31,-0.00013
CalibrationParameters_A32,0.00407
CalibrationParameters_E11,-0.17977
CalibrationParameters_E12,-0.00005
CalibrationParameters_E21,0.00000
CalibrationParameters_E22,0.20009
CalibrationParameters_X,-10.09480
CalibrationParameters_Y,49.57120
CalibrationParameters_Rpc,76.63915
CalibrationParameters_MeanX,189.61327
CalibrationParameters_MeanY,143.57734
CalibrationParameters_ViewDist,613.00000
TimeStamp,Tracked,Calibrated,ScreenPositionXmm,ScreenPositionYmm,FicksLongitude,FicksLatitude,HelmholtzAzimuth,HelmholtzElevation,PupilDiameter,Region,Fixation,DigitalIO,Dropped
0,1,1,-20.041,-2.503,-1.87,-0.23,-1.87,-0.23,INF,-1,0,7,0
20,1,1,-24.754,-3.375,-2.31,-0.32,-2.31,-0.32,INF,-1,0,7,0
40,1,1,-22.427,-3.154,-2.10,-0.29,-2.10,-0.29,INF,-1,0,7,0
60,1,1,-23.038,-2.728,-2.15,-0.25,-2.15,-0.25,INF,-1,0,7,0
80,1,1,-22.067,-4.181,-2.06,-0.39,-2.06,-0.39,INF,-1,0,7,0
100,1,1,-25.759,-3.008,-2.41,-0.28,-2.41,-0.28,INF,-1,0,7,0
120,1,1,-22.893,-3.471,-2.14,-0.32,-2.14,-0.32,INF,-1,0,7,0
140,1,1,-23.320,-3.377,-2.18,-0.32,-2.18,-0.32,INF,-1,0,7,0
160,1,1,-23.135,-2.928,-2.16,-0.27,-2.16,-0.27,INF,-1,0,7,0
180,1,1,-24.261,-4.212,-2.27,-0.39,-2.27,-0.39,INF,-1,0,7,0
200,1,1,-22.671,-4.840,-2.12,-0.45,-2.12,-0.45,INF,-1,0,7,0
220,1,1,-21.630,-4.858,-2.02,-0.45,-2.02,-0.45,INF,-1,0,7,0
240,1,1,-22.162,-4.852,-2.07,-0.45,-2.07,-0.45,INF,-1,0,7,0
260,1,1,-20.678,-6.147,-1.93,-0.57,-1.93,-0.57,INF,-1,0,7,0
280,1,1,-22.427,-5.269,-2.10,-0.49,-2.10,-0.49,INF,-1,1,7,0
300,1,1,-23.190,-6.362,-2.17,-0.59,-2.17,-0.59,INF,-1,1,7,0
320,1,1,-23.894,-5.897,-2.23,-0.55,-2.23,-0.55,INF,-1,1,7,0
340,1,1,-25.061,-5.665,-2.34,-0.53,-2.34,-0.53,INF,-1,1,7,0
360,1,1,-21.772,-5.621,-2.03,-0.53,-2.03,-0.53,INF,-1,1,7,0
380,1,1,-22.693,-6.273,-2.12,-0.59,-2.12,-0.59,INF,-1,1,7,0
400,1,1,-21.650,-6.739,-2.02,-0.63,-2.02,-0.63,INF,-1,1,7,0
420,1,1,-22.336,-6.882,-2.09,-0.64,-2.09,-0.64,INF,-1,1,7,0
440,1,1,-23.711,-9.824,-2.22,-0.92,-2.21,-0.92,INF,-1,1,7,0
460,1,1,-25.343,-20.956,-2.37,-1.96,-2.37,-1.96,INF,-1,1,7,0
480,1,1,-24.431,-19.400,-2.28,-1.81,-2.28,-1.81,INF,-1,1,7,0
500,1,1,-24.999,-19.881,-2.34,-1.86,-2.33,-1.86,INF,-1,0,7,0
520,1,1,-24.067,-20.812,-2.25,-1.94,-2.25,-1.94,INF,-1,0,7,0
540,1,1,-23.561,-21.220,-2.20,-1.98,-2.20,-1.98,INF,-1,0,7,0
560,1,1,-23.809,-19.480,-2.22,-1.82,-2.22,-1.82,INF,-1,0,7,0
580,1,1,-23.014,-19.332,-2.15,-1.81,-2.15,-1.81,INF,-1,0,7,0
600,1,1,-23.236,-20.072,-2.17,-1.87,-2.17,-1.88,INF,-1,0,7,0
620,1,1,-23.831,-20.204,-2.23,-1.89,-2.23,-1.89,INF,-1,0,7,0
640,1,1,-23.597,-19.121,-2.20,-1.79,-2.20,-1.79,INF,-1,0,7,0
660,1,1,-22.408,-19.131,-2.09,-1.79,-2.09,-1.79,INF,-1,0,7,0
680,1,1,-24.760,-19.769,-2.31,-1.85,-2.31,-1.85,INF,-1,0,7,0
700,1,1,-24.764,-19.740,-2.31,-1.84,-2.31,-1.84,INF,-1,0,7,0
720,1,1,-38.292,-0.100,-3.57,-0.01,-3.57,-0.01,INF,-1,0,7,0
740,1,1,-41.723,1.674,-3.89,0.16,-3.89,0.16,INF,-1,1,7,0
760,1,1,-40.164,3.494,-3.75,0.33,-3.75,0.33,INF,-1,0,7,0
780,1,1,-41.991,3.330,-3.92,0.31,-3.92,0.31,INF,-1,0,7,0
800,1,1,-42.004,2.390,-3.92,0.22,-3.92,0.22,INF,-1,0,7,0
820,1,1,-41.494,1.869,-3.87,0.17,-3.87,0.17,INF,-1,0,7,0
840,1,1,-39.801,1.347,-3.71,0.13,-3.71,0.13,INF,-1,0,7,0
860,1,1,-42.862,4.255,-4.00,0.40,-4.00,0.40,INF,-1,0,7,0
880,1,1,-41.598,3.333,-3.88,0.31,-3.88,0.31,INF,-1,0,7,0
900,1,1,-42.209,3.572,-3.94,0.33,-3.94,0.33,INF,-1,0,7,0
920,1,1,-43.052,1.788,-4.02,0.17,-4.02,0.17,INF,-1,0,7,0
940,1,1,-46.110,5.415,-4.30,0.50,-4.30,0.51,INF,-1,0,7,0
960,1,1,-46.335,3.601,-4.32,0.34,-4.32,0.34,INF,-1,0,7,0
980,1,1,-44.506,2.559,-4.15,0.24,-4.15,0.24,INF,-1,0,7,0
1000,1,1,-45.188,2.551,-4.22,0.24,-4.22,0.24,INF,-1,1,7,0
1020,1,1,-45.589,3.281,-4.25,0.31,-4.25,0.31,INF,-1,1,7,0
1040,1,1,-45.583,4.290,-4.25,0.40,-4.25,0.40,INF,-1,1,7,0
1060,1,1,-46.256,4.770,-4.32,0.44,-4.32,0.45,INF,-1,1,7,0
1080,1,1,-45.653,4.313,-4.26,0.40,-4.26,0.40,INF,-1,1,7,0
1100,1,1,-47.068,5.332,-4.39,0.50,-4.39,0.50,INF,-1,1,7,0
1120,1,1,-46.237,3.756,-4.31,0.35,-4.31,0.35,INF,-1,1,7,0
1140,1,1,-27.146,0.895,-2.54,0.08,-2.54,0.08,INF,-1,1,7,0
1160,1,1,-28.690,-1.547,-2.68,-0.14,-2.68,-0.14,INF,-1,1,7,0
1180,1,1,-27.716,-0.025,-2.59,0.00,-2.59,0.00,INF,-1,0,7,0
1200,1,1,-26.400,-1.035,-2.47,-0.10,-2.47,-0.10,INF,-1,0,7,0
1220,1,1,-28.533,-2.220,-2.66,-0.21,-2.66,-0.21,INF,-1,0,7,0
1240,1,1,-27.708,-1.035,-2.59,-0.10,-2.59,-0.10,INF,-1,0,7,0
1260,1,1,-26.832,0.700,-2.51,0.07,-2.51,0.07,INF,-1,0,7,0
1280,1,1,-27.122,0.299,-2.53,0.03,-2.53,0.03,INF,-1,0,7,0
1300,1,1,-27.354,-0.362,-2.56,-0.03,-2.56,-0.03,INF,-1,0,7,0
1320,1,1,-27.487,-0.583,-2.57,-0.05,-2.57,-0.05,INF,-1,0,7,0
1340,1,1,15.786,-20.622,1.48,-1.93,1.47,-1.93,INF,-1,0,7,0
1360,1,1,15.141,-19.668,1.41,-1.84,1.41,-1.84,INF,-1,0,7,0
1380,1,1,16.324,-21.187,1.53,-1.98,1.52,-1.98,INF,-1,0,7,0
1400,1,1,15.184,-21.942,1.42,-2.05,1.42,-2.05,INF,-1,0,7,0
1420,1,1,16.073,-21.305,1.50,-1.99,1.50,-1.99,INF,-1,0,7,0
1440,1,1,15.397,-21.968,1.44,-2.05,1.44,-2.05,INF,-1,0,7,0
1460,1,1,16.292,-21.795,1.52,-2.04,1.52,-2.04,INF,-1,0,7,0
1480,1,1,14.953,-19.357,1.40,-1.81,1.40,-1.81,INF,-1,0,7,0
1500,1,1,16.100,-20.613,1.50,-1.93,1.50,-1.93,INF,-1,0,7,0
1520,1,1,16.383,-20.473,1.53,-1.91,1.53,-1.91,INF,-1,0,7,0
1540,1,1,15.483,-22.118,1.45,-2.07,1.45,-2.07,INF,-1,0,7,0
1560,1,1,15.042,-20.840,1.41,-1.95,1.40,-1.95,INF,-1,0,7,0
1580,1,1,14.905,-19.247,1.39,-1.80,1.39,-1.80,INF,-1,0,7,0
1600,1,1,15.396,-19.131,1.44,-1.79,1.44,-1.79,INF,-1,0,7,0
1620,1,1,16.351,-21.218,1.53,-1.98,1.53,-1.98,INF,-1,1,7,0
1640,1,1,15.934,-21.160,1.49,-1.98,1.49,-1.98,INF,-1,1,7,0
1660,1,1,15.375,-19.390,1.44,-1.81,1.44,-1.81,INF,-1,1,7,0
1680,1,1,15.363,-21.463,1.44,-2.00,1.43,-2.01,INF,-1,1,7,0
1700,1,1,15.955,-21.022,1.49,-1.96,1.49,-1.96,INF,-1,1,7,0
1720,1,1,15.618,-21.384,1.46,-2.00,1.46,-2.00,INF,-1,1,7,0
1740,1,1,16.116,-21.589,1.51,-2.02,1.51,-2.02,INF,-1,1,7,0
1760,1,1,17.502,-21.508,1.64,-2.01,1.63,-2.01,INF,-1,1,7,0
1780,1,1,18.496,-21.640,1.73,-2.02,1.73,-2.02,INF,-1,1,7,0
1800,1,1,17.855,-21.499,1.67,-2.01,1.67,-2.01,INF,-1,1,7,0
1820,1,1,17.770,-20.481,1.66,-1.91,1.66,-1.91,INF,-1,1,7,0
1840,1,1,17.739,-18.863,1.66,-1.76,1.66,-1.76,INF,-1,1,7,0
1860,1,1,15.996,-19.349,1.49,-1.81,1.49,-1.81,INF,-1,1,7,0
1880,1,1,29.337,-2.763,2.74,-0.26,2.74,-0.26,INF,-1,1,7,0
1900,1,1,28.518,-4.366,2.66,-0.41,2.66,-0.41,INF,-1,1,7,0
1920,1,1,28.237,-5.291,2.64,-0.49,2.64,-0.49,INF,-1,0,7,0
1940,1,1,27.235,-4.699,2.54,-0.44,2.54,-0.44,INF,-1,0,7,0
1960,1,1,27.692,-3.449,2.59,-0.32,2.59,-0.32,INF,-1,0,7,0
1980,1,1,28.351,-5.231,2.65,-0.49,2.65,-0.49,INF,-1,0,7,0
2000,1,1,26.729,-3.645,2.50,-0.34,2.50,-0.34,INF,-1,0,7,0
2020,1,1,29.548,-3.751,2.76,-0.35,2.76,-0.35,INF,-1,0,7,0
2040,1,1,27.992,-5.864,2.61,-0.55,2.61,-0.55,INF,-1,0,7,0
2060,1,1,27.380,-6.422,2.56,-0.60,2.56,-0.60,INF,-1,0,7,0
2080,1,1,27.819,-5.375,2.60,-0.50,2.60,-0.50,INF,-1,0,7,0
2100,1,1,27.049,-5.665,2.53,-0.53,2.53,-0.53,INF,-1,0,7,0
2120,1,1,27.364,-4.696,2.56,-0.44,2.56,-0.44,INF,-1,0,7,0
2140,1,1,26.160,-4.716,2.44,-0.44,2.44,-0.44,INF,-1,0,7,0
2160,1,1,23.639,-3.123,2.21,-0.29,2.21,-0.29,INF,-1,1,7,0
2180,1,1,23.361,-2.257,2.18,-0.21,2.18,-0.21,INF,-1,1,7,0
2200,1,1,24.110,-2.315,2.25,-0.22,2.25,-0.22,INF,-1,1,7,0
2220,1,1,23.925,-2.037,2.24,-0.19,2.24,-0.19,INF,-1,1,7,0
2240,1,1,23.698,-2.925,2.21,-0.27,2.21,-0.27,INF,-1,1,7,0
2260,1,1,23.893,-2.086,2.23,-0.19,2.23,-0.20,INF,-1,1,7,0
2280,1,1,23.173,-2.675,2.16,-0.25,2.16,-0.25,INF,-1,1,7,0
2300,1,1,23.064,-2.851,2.15,-0.27,2.15,-0.27,INF,-1,1,7,0
2320,1,1,23.981,-1.374,2.24,-0.13,2.24,-0.13,INF,-1,1,7,0
2340,1,1,24.249,-2.488,2.27,-0.23,2.27,-0.23,INF,-1,1,7,0
2360,1,1,22.345,-1.506,2.09,-0.14,2.09,-0.14,INF,-1,1,7,0
2380,1,1,24.505,-2.010,2.29,-0.19,2.29,-0.19,INF,-1,1,7,0
2400,1,1,24.057,-2.657,2.25,-0.25,2.25,-0.25,INF,-1,1,7,0
2420,1,1,24.006,-2.012,2.24,-0.19,2.24,-0.19,INF,-1,1,7,0
2440,1,1,25.321,-3.362,2.37,-0.31,2.37,-0.31,INF,-1,1,7,0
2460,1,1,23.928,-3.221,2.24,-0.30,2.24,-0.30,INF,-1,1,7,0
2480,1,1,24.471,-3.978,2.29,-0.37,2.29,-0.37,INF,-1,1,7,0
2500,1,1,24.001,-2.519,2.24,-0.24,2.24,-0.24,INF,-1,1,7,0
2520,1,1,24.662,-2.379,2.30,-0.22,2.30,-0.22,INF,-1,1,7,0
2540,1,1,24.550,-2.898,2.29,-0.27,2.29,-0.27,INF,-1,1,7,0
2560,1,1,24.279,-1.436,2.27,-0.13,2.27,-0.13,INF,-1,1,7,0
2580,1,1,24.566,-0.300,2.29,-0.03,2.29,-0.03,INF,-1,1,7,0
2600,1,1,25.133,-0.911,2.35,-0.09,2.35,-0.09,INF,-1,1,7,0
2620,1,1,24.997,-0.650,2.34,-0.06,2.34,-0.06,INF,-1,1,7,0
2640,1,1,25.665,-1.078,2.40,-0.10,2.40,-0.10,INF,-1,1,7,0
2660,1,1,24.257,-2.220,2.27,-0.21,2.27,-0.21,INF,-1,1,7,0
2680,1,1,24.725,-2.892,2.31,-0.27,2.31,-0.27,INF,-1,1,7,0
2700,1,1,-15.715,16.541,-1.47,1.55,-1.47,1.55,INF,-1,1,7,0
2720,1,1,-42.444,32.840,-3.96,3.06,-3.96,3.07,INF,-1,1,7,0
2740,1,1,-43.847,32.899,-4.09,3.06,-4.09,3.07,INF,-1,0,7,0
2760,1,1,-46.087,33.485,-4.30,3.12,-4.29,3.13,INF,-1,0,7,0
2780,1,1,-46.441,34.376,-4.33,3.20,-4.33,3.21,INF,-1,0,7,0
2800,1,1,-45.648,34.374,-4.26,3.20,-4.25,3.21,INF,-1,0,7,0
2820,1,1,-46.099,34.233,-4.30,3.19,-4.29,3.20,INF,-1,0,7,0
2840,1,1,-42.999,34.141,-4.01,3.18,-4.01,3.19,INF,-1,0,7,0
2860,1,1,-47.072,33.612,-4.39,3.13,-4.38,3.14,INF,-1,0,7,0
2880,1,1,-46.759,33.442,-4.36,3.11,-4.36,3.12,INF,-1,0,7,0
2900,1,1,-45.958,34.585,-4.29,3.22,-4.28,3.23,INF,-1,0,7,0
2920,1,1,-44.957,33.478,-4.19,3.12,-4.19,3.13,INF,-1,0,7,0
2940,1,1,-48.451,34.002,-4.52,3.16,-4.51,3.17,INF,-1,0,7,0
2960,1,1,-46.280,35.226,-4.32,3.28,-4.31,3.29,INF,-1,0,7,0
2980,1,1,-44.044,33.355,-4.11,3.11,-4.10,3.11,INF,-1,0,7,0
3000,1,1,-46.468,33.515,-4.33,3.12,-4.33,3.13,INF,-1,1,7,0
3020,1,1,-47.955,33.431,-4.47,3.11,-4.47,3.12,INF,-1,1,7,0
3040,1,1,-38.145,33.484,-3.56,3.12,-3.56,3.13,INF,-1,1,7,0
3060,1,1,-25.211,40.477,-2.36,3.77,-2.35,3.78,INF,-1,1,7,0
3080,1,1,-27.295,40.420,-2.55,3.77,-2.54,3.77,INF,-1,1,7,0
3100,1,1,-26.244,39.845,-2.45,3.72,-2.45,3.72,INF,-1,0,7,0
3120,1,1,-27.268,40.011,-2.55,3.73,-2.54,3.73,INF,-1,0,7,0
3140,1,1,-27.455,40.022,-2.56,3.73,-2.56,3.74,INF,-1,0,7,0
3160,1,1,-25.950,39.194,-2.42,3.66,-2.42,3.66,INF,-1,0,7,0
3180,1,1,-26.828,38.557,-2.51,3.60,-2.50,3.60,INF,-1,0,7,0
3200,1,1,-26.238,39.591,-2.45,3.69,-2.45,3.70,INF,-1,0,7,0
3220,1,1,-26.618,38.748,-2.49,3.61,-2.48,3.62,INF,-1,0,7,0
3240,1,1,-26.331,38.180,-2.46,3.56,-2.45,3.56,INF,-1,0,7,0
3260,1,1,-24.545,37.437,-2.29,3.49,-2.29,3.49,INF,-1,0,7,0
3280,1,1,-23.530,39.046,-2.20,3.64,-2.19,3.64,INF,-1,0,7,0
3300,1,1,-35.186,0.261,-3.29,0.02,-3.29,0.02,INF,-1,0,7,0
3320,1,1,-34.562,1.313,-3.23,0.12,-3.23,0.12,INF,-1,0,7,0
3340,1,1,-34.364,0.736,-3.21,0.07,-3.21,0.07,INF,-1,0,7,0
3360,1,1,-32.702,0.420,-3.05,0.04,-3.05,0.04,INF,-1,0,7,0
3380,1,1,-35.174,-0.449,-3.28,-0.04,-3.28,-0.04,INF,-1,0,7,0
3400,1,1,-36.299,1.763,-3.39,0.16,-3.39,0.16,INF,-1,0,7,0
3420,1,1,-33.470,-1.158,-3.13,-0.11,-3.13,-0.11,INF,-1,0,7,0
3440,1,1,-33.343,-0.571,-3.11,-0.05,-3.11,-0.05,INF,-1,0,7,0
3460,1,1,-32.439,-0.863,-3.03,-0.08,-3.03,-0.08,INF,-1,0,7,0
3480,1,1,-33.568,-0.627,-3.13,-0.06,-3.13,-0.06,INF,-1,0,7,0
3500,1,1,-33.174,-0.961,-3.10,-0.09,-3.10,-0.09,INF,-1,0,7,0
3520,1,1,-32.141,-1.131,-3.00,-0.11,-3.00,-0.11,INF,-1,1,7,0
3540,1,1,-32.838,-1.096,-3.07,-0.10,-3.07,-0.10,INF,-1,1,7,0
3560,1,1,-32.130,-1.561,-3.00,-0.15,-3.00,-0.15,INF,-1,1,7,0
3580,1,1,-33.142,-0.251,-3.09,-0.02,-3.09,-0.02,INF,-1,1,7,0
3600,1,1,-33.279,-1.036,-3.11,-0.10,-3.11,-0.10,INF,-1,1,7,0
3620,1,1,-31.845,-1.826,-2.97,-0.17,-2.97,-0.17,INF,-1,1,7,0
3640,1,1,-31.986,-0.841,-2.99,-0.08,-2.99,-0.08,INF,-1,1,7,0
3660,1,1,-22.841,-3.494,-2.13,-0.33,-2.13,-0.33,INF,-1,1,7,0
3680,1,1,-25.174,-2.449,-2.35,-0.23,-2.35,-0.23,INF,-1,1,7,0
3700,1,1,-24.354,-2.619,-2.28,-0.24,-2.28,-0.24,INF,-1,0,7,0
3720,1,1,-24.443,-2.022,-2.28,-0.19,-2.28,-0.19,INF,-1,0,7,0
3740,1,1,-24.086,-3.324,-2.25,-0.31,-2.25,-0.31,INF,-1,0,7,0
3760,1,1,-25.296,-2.074,-2.36,-0.19,-2.36,-0.19,INF,-1,0,7,0
3780,1,1,-26.240,-1.459,-2.45,-0.14,-2.45,-0.14,INF,-1,0,7,0
3800,1,1,-24.029,-2.260,-2.24,-0.21,-2.24,-0.21,INF,-1,0,7,0
3820,1,1,-24.992,-2.796,-2.33,-0.26,-2.33,-0.26,INF,-1,0,7,0
3840,1,1,-24.517,-2.895,-2.29,-0.27,-2.29,-0.27,INF,-1,0,7,0
3860,1,1,-25.695,-2.167,-2.40,-0.20,-2.40,-0.20,INF,-1,0,7,0
3880,1,1,-25.026,-4.489,-2.34,-0.42,-2.34,-0.42,INF,-1,0,7,0
3900,1,1,-25.836,-3.830,-2.41,-0.36,-2.41,-0.36,INF,-1,0,7,0
3920,1,1,-27.016,-4.038,-2.52,-0.38,-2.52,-0.38,INF,-1,0,7,0
3940,1,1,-26.180,-4.447,-2.45,-0.42,-2.45,-0.42,INF,-1,1,7,0
3960,1,1,-25.646,-3.470,-2.40,-0.32,-2.40,-0.32,INF,-1,1,7,0
3980,1,1,-25.980,-4.089,-2.43,-0.38,-2.43,-0.38,INF,-1,1,7,0
4000,1,1,-27.786,-4.427,-2.60,-0.41,-2.60,-0.41,INF,-1,1,7,0
4020,1,1,-28.691,-2.645,-2.68,-0.25,-2.68,-0.25,INF,-1,1,7,0
4040,1,1,-27.323,-2.222,-2.55,-0.21,-2.55,-0.21,INF,-1,1,7,0
4060,1,1,-26.557,-2.109,-2.48,-0.20,-2.48,-0.20,INF,-1,1,7,0
4080,1,1,-27.068,-3.334,-2.53,-0.31,-2.53,-0.31,INF,-1,1,7,0
4100,1,1,-35.545,2.338,-3.32,0.22,-3.32,0.22,INF,-1,1,7,0
4120,1,1,-39.478,8.716,-3.68,0.81,-3.68,0.81,INF,-1,1,7,0
4140,1,1,-40.800,6.675,-3.81,0.62,-3.81,0.62,INF,-1,0,7,0
4160,1,1,-39.854,8.526,-3.72,0.80,-3.72,0.80,INF,-1,0,7,0
4180,1,1,-41.120,8.116,-3.84,0.76,-3.84,0.76,INF,-1,0,7,0
4200,1,1,-40.707,8.556,-3.80,0.80,-3.80,0.80,INF,-1,0,7,0
4220,1,1,-40.459,7.299,-3.78,0.68,-3.78,0.68,INF,-1,0,7,0
4240,1,1,-41.700,7.166,-3.89,0.67,-3.89,0.67,INF,-1,0,7,0
4260,1,1,-40.922,9.342,-3.82,0.87,-3.82,0.87,INF,-1,0,7,0
4280,1,1,-40.823,7.543,-3.81,0.70,-3.81,0.71,INF,-1,0,7,0
4300,1,1,-41.236,7.791,-3.85,0.73,-3.85,0.73,INF,-1,0,7,0
4320,1,1,-42.885,8.134,-4.00,0.76,-4.00,0.76,INF,-1,0,7,0
4340,1,1,-44.933,7.414,-4.19,0.69,-4.19,0.69,INF,-1,0,7,0
4360,1,1,-43.307,7.658,-4.04,0.71,-4.04,0.72,INF,-1,0,7,0
4380,1,1,-46.539,7.255,-4.34,0.68,-4.34,0.68,INF,-1,1,7,0
4400,1,1,-49.493,7.415,-4.62,0.69,-4.62,0.69,INF,-1,1,7,0
4420,1,1,-50.193,6.895,-4.68,0.64,-4.68,0.64,INF,-1,1,7,0
4440,1,1,-48.516,6.725,-4.53,0.63,-4.52,0.63,INF,-1,1,7,0
4460,1,1,-49.639,7.084,-4.63,0.66,-4.63,0.66,INF,-1,1,7,0
4480,1,1,-49.031,5.980,-4.57,0.56,-4.57,0.56,INF,-1,1,7,0
4500,1,1,-49.040,7.159,-4.57,0.67,-4.57,0.67,INF,-1,1,7,0
4520,1,1,-47.619,5.618,-4.44,0.52,-4.44,0.53,INF,-1,1,7,0
4540,1,1,-46.331,5.483,-4.32,0.51,-4.32,0.51,INF,-1,1,7,0
4560,1,1,-46.964,6.124,-4.38,0.57,-4.38,0.57,INF,-1,1,7,0
4580,1,1,-47.633,6.799,-4.44,0.63,-4.44,0.64,INF,-1,1,7,0
4600,1,1,-48.643,5.372,-4.54,0.50,-4.54,0.50,INF,-1,1,7,0
4620,1,1,-48.064,6.415,-4.48,0.60,-4.48,0.60,INF,-1,1,7,0
4640,1,1,-48.074,6.110,-4.48,0.57,-4.48,0.57,INF,-1,1,7,0
4660,1,1,-48.437,6.692,-4.52,0.62,-4.52,0.63,INF,-1,1,7,0
4680,1,1,-48.586,6.097,-4.53,0.57,-4.53,0.57,INF,-1,1,7,0
4700,1,1,-47.703,6.007,-4.45,0.56,-4.45,0.56,INF,-1,1,7,0
4720,1,1,-48.302,6.362,-4.51,0.59,-4.51,0.59,INF,-1,1,7,0
4740,1,1,-49.070,5.490,-4.58,0.51,-4.58,0.51,INF,-1,1,7,0
4760,1,1,-47.340,5.214,-4.42,0.49,-4.42,0.49,INF,-1,1,7,0
4780,1,1,-48.201,5.955,-4.50,0.55,-4.50,0.56,INF,-1,1,7,0
4800,1,1,-48.378,5.416,-4.51,0.50,-4.51,0.51,INF,-1,1,7,0
4820,1,1,-45.875,7.250,-4.28,0.68,-4.28,0.68,INF,-1,1,7,0
4840,1,1,-15.233,27.917,-1.42,2.61,-1.42,2.61,INF,-1,1,7,0
4860,1,1,-17.549,26.339,-1.64,2.46,-1.64,2.46,INF,-1,1,7,0
4880,1,1,-16.253,26.682,-1.52,2.49,-1.52,2.49,INF,-1,0,7,0
4900,1,1,-15.663,25.525,-1.46,2.38,-1.46,2.38,INF,-1,0,7,0
4920,1,1,-14.975,26.405,-1.40,2.47,-1.40,2.47,INF,-1,0,7,0
4940,1,1,-14.977,26.264,-1.40,2.45,-1.40,2.45,INF,-1,0,7,0
4960,1,1,-14.834,25.138,-1.39,2.35,-1.39,2.35,INF,-1,0,7,0
4980,1,1,-16.323,26.957,-1.53,2.52,-1.52,2.52,INF,-1,0,7,0
5000,1,1,-15.615,26.567,-1.46,2.48,-1.46,2.48,INF,-1,0,7,0
5020,1,1,-14.678,26.951,-1.37,2.52,-1.37,2.52,INF,-1,0,7,0
5040,1,1,-15.157,26.097,-1.42,2.44,-1.42,2.44,INF,-1,0,7,0
5060,1,1,-13.823,26.013,-1.29,2.43,-1.29,2.43,INF,-1,0,7,0
5080,1,1,-14.213,25.450,-1.33,2.38,-1.33,2.38,INF,-1,0,7,0
5100,1,1,-14.017,24.464,-1.31,2.28,-1.31,2.29,INF,-1,0,7,0
5120,1,1,-13.613,26.981,-1.27,2.52,-1.27,2.52,INF,-1,1,7,0
5140,1,1,-14.949,24.519,-1.40,2.29,-1.40,2.29,INF,-1,1,7,0
5160,1,1,-15.419,25.145,-1.44,2.35,-1.44,2.35,INF,-1,1,7,0
5180,1,1,-17.008,25.250,-1.59,2.36,-1.59,2.36,INF,-1,1,7,0
5200,1,1,-15.352,26.953,-1.43,2.52,-1.43,2.52,INF,-1,1,7,0
5220,1,1,-15.438,26.575,-1.44,2.48,-1.44,2.48,INF,-1,1,7,0
5240,1,1,-13.977,25.606,-1.31,2.39,-1.31,2.39,INF,-1,1,7,0
5260,1,1,-16.074,25.172,-1.50,2.35,-1.50,2.35,INF,-1,1,7,0
5280,1,1,-16.676,27.162,-1.56,2.54,-1.56,2.54,INF,-1,1,7,0
5300,1,1,-17.944,25.550,-1.68,2.39,-1.68,2.39,INF,-1,1,7,0
5320,1,1,-17.338,24.809,-1.62,2.32,-1.62,2.32,INF,-1,1,7,0
5340,1,1,-15.723,24.826,-1.47,2.32,-1.47,2.32,INF,-1,1,7,0
5360,1,1,-15.433,24.983,-1.44,2.33,-1.44,2.33,INF,-1,1,7,0
5380,1,1,27.721,-4.270,2.59,-0.40,2.59,-0.40,INF,-1,1,7,0
5400,1,1,27.657,-6.269,2.58,-0.59,2.58,-0.59,INF,-1,1,7,0
5420,1,1,28.143,-8.370,2.63,-0.78,2.63,-0.78,INF,-1,0,7,0
5440,1,1,27.140,-6.644,2.54,-0.62,2.53,-0.62,INF,-1,0,7,0
5460,1,1,27.398,-8.584,2.56,-0.80,2.56,-0.80,INF,-1,0,7,0
5480,1,1,27.877,-9.632,2.60,-0.90,2.60,-0.90,INF,-1,0,7,0
5500,1,1,26.114,-8.138,2.44,-0.76,2.44,-0.76,INF,-1,0,7,0
5520,1,1,29.852,-9.628,2.79,-0.90,2.79,-0.90,INF,-1,0,7,0
5540,1,1,26.570,-9.740,2.48,-0.91,2.48,-0.91,INF,-1,0,7,0
5560,1,1,27.283,-8.935,2.55,-0.83,2.55,-0.84,INF,-1,0,7,0
5580,1,1,26.900,-8.572,2.51,-0.80,2.51,-0.80,INF,-1,0,7,0
5600,1,1,28.801,-9.952,2.69,-0.93,2.69,-0.93,INF,-1,0,7,0
5620,1,1,27.213,-9.747,2.54,-0.91,2.54,-0.91,INF,-1,0,7,0
5640,1,1,28.392,-8.387,2.65,-0.78,2.65,-0.78,INF,-1,0,7,0
5660,1,1,26.930,-8.787,2.52,-0.82,2.52,-0.82,INF,-1,1,7,0
5680,1,1,27.611,-9.929,2.58,-0.93,2.58,-0.93,INF,-1,1,7,0
5700,1,1,30.511,-8.578,2.85,-0.80,2.85,-0.80,INF,-1,1,7,0
5720,1,1,51.033,-16.975,4.76,-1.58,4.76,-1.59,INF,-1,1,7,0
5740,1,1,48.728,-18.716,4.54,-1.74,4.54,-1.75,INF,-1,1,7,0
5760,1,1,49.353,-17.948,4.60,-1.67,4.60,-1.68,INF,-1,0,7,0
5780,1,1,48.712,-17.944,4.54,-1.67,4.54,-1.68,INF,-1,0,7,0
5800,1,1,48.979,-17.913,4.57,-1.67,4.57,-1.67,INF,-1,0,7,0
5820,1,1,48.852,-15.575,4.56,-1.45,4.55,-1.46,INF,-1,0,7,0
5840,1,1,49.180,-17.035,4.59,-1.59,4.59,-1.59,INF,-1,0,7,0
5860,1,1,48.173,-15.415,4.49,-1.44,4.49,-1.44,INF,-1,0,7,0
5880,1,1,50.002,-16.021,4.66,-1.49,4.66,-1.50,INF,-1,0,7,0
5900,1,1,51.953,-18.304,4.84,-1.70,4.84,-1.71,INF,-1,0,7,0
5920,1,1,51.012,-16.353,4.76,-1.52,4.76,-1.53,INF,-1,0,7,0
5940,1,1,48.629,-15.217,4.54,-1.42,4.53,-1.42,INF,-1,0,7,0
5960,1,1,50.378,-15.435,4.70,-1.44,4.70,-1.44,INF,-1,0,7,0
5980,1,1,44.581,-15.853,4.16,-1.48,4.16,-1.48,INF,-1,0,7,0
6000,1,1,44.009,-12.775,4.11,-1.19,4.11,-1.19,INF,-1,1,7,0
6020,1,1,44.063,-13.618,4.11,-1.27,4.11,-1.27,INF,-1,1,7,0
6040,1,1,43.382,-13.063,4.05,-1.22,4.05,-1.22,INF,-1,1,7,0
6060,1,1,42.197,-13.324,3.94,-1.24,3.94,-1.25,INF,-1,1,7,0
6080,1,1,44.110,-13.839,4.12,-1.29,4.11,-1.29,INF,-1,1,7,0
6100,1,1,43.896,-12.142,4.10,-1.13,4.10,-1.13,INF,-1,1,7,0
6120,1,1,43.970,-13.052,4.10,-1.22,4.10,-1.22,INF,-1,1,7,0
6140,1,1,43.306,-13.993,4.04,-1.30,4.04,-1.31,INF,-1,1,7,0
6160,1,1,42.703,-13.190,3.98,-1.23,3.98,-1.23,INF,-1,1,7,0
6180,1,1,44.317,-12.932,4.14,-1.21,4.13,-1.21,INF,-1,1,7,0
6200,1,1,45.492,-14.837,4.24,-1.38,4.24,-1.39,INF,-1,1,7,0
6220,1,1,45.272,-15.870,4.22,-1.48,4.22,-1.48,INF,-1,1,7,0
6240,1,1,41.259,-13.623,3.85,-1.27,3.85,-1.27,INF,-1,1,7,0
6260,1,1,15.497,-9.560,1.45,-0.89,1.45,-0.89,INF,-1,1,7,0
6280,1,1,18.044,-11.043,1.69,-1.03,1.69,-1.03,INF,-1,1,7,0
6300,1,1,17.418,-10.268,1.63,-0.96,1.63,-0.96,INF,-1,0,7,0
6320,1,1,17.119,-9.362,1.60,-0.87,1.60,-0.87,INF,-1,0,7,0
6340,1,1,17.572,-9.539,1.64,-0.89,1.64,-0.89,INF,-1,0,7,0
6360,1,1,17.347,-9.912,1.62,-0.93,1.62,-0.93,INF,-1,0,7,0
6380,1,1,18.115,-8.971,1.69,-0.84,1.69,-0.84,INF,-1,0,7,0
6400,1,1,17.559,-8.740,1.64,-0.82,1.64,-0.82,INF,-1,0,7,0
6420,1,1,17.587,-9.730,1.64,-0.91,1.64,-0.91,INF,-1,0,7,0
6440,1,1,17.100,-9.004,1.60,-0.84,1.60,-0.84,INF,-1,0,7,0
6460,1,1,17.006,-9.052,1.59,-0.85,1.59,-0.85,INF,-1,0,7,0
6480,1,1,19.001,-10.490,1.78,-0.98,1.78,-0.98,INF,-1,0,7,0
6500,1,1,17.456,-9.911,1.63,-0.93,1.63,-0.93,INF,-1,0,7,0
6520,1,1,16.887,-9.029,1.58,-0.84,1.58,-0.84,INF,-1,0,7,0
6540,1,1,16.788,-9.235,1.57,-0.86,1.57,-0.86,INF,-1,1,7,0
6560,1,1,16.720,-9.708,1.56,-0.91,1.56,-0.91,INF,-1,1,7,0
6580,1,1,17.462,-10.639,1.63,-0.99,1.63,-0.99,INF,-1,1,7,0
6600,1,1,18.113,-10.476,1.69,-0.98,1.69,-0.98,INF,-1,1,7,0
6620,1,1,17.586,-10.551,1.64,-0.99,1.64,-0.99,INF,-1,1,7,0
6640,1,1,17.935,-10.326,1.68,-0.96,1.68,-0.97,INF,-1,1,7,0
6660,1,1,17.709,-10.315,1.65,-0.96,1.65,-0.96,INF,-1,1,7,0
6680,1,1,19.776,-11.434,1.85,-1.07,1.85,-1.07,INF,-1,1,7,0
6700,1,1,19.354,-11.353,1.81,-1.06,1.81,-1.06,INF,-1,1,7,0
6720,1,1,18.618,-10.737,1.74,-1.00,1.74,-1.00,INF,-1,1,7,0
6740,1,1,16.267,-9.915,1.52,-0.93,1.52,-0.93,INF,-1,1,7,0
6760,1,1,17.220,-10.093,1.61,-0.94,1.61,-0.94,INF,-1,1,7,0
6780,1,1,17.953,-9.662,1.68,-0.90,1.68,-0.90,INF,-1,1,7,0
6800,1,1,19.266,-11.760,1.80,-1.10,1.80,-1.10,INF,-1,1,7,0
6820,1,1,38.348,-31.605,3.58,-2.95,3.57,-2.95,INF,-1,1,7,0
6840,1,1,36.046,-31.332,3.37,-2.92,3.36,-2.93,INF,-1,1,7,0
6860,1,1,37.246,-30.887,3.48,-2.88,3.47,-2.88,INF,-1,0,7,0
6880,1,1,37.315,-33.635,3.48,-3.13,3.48,-3.14,INF,-1,0,7,0
6900,1,1,35.738,-32.653,3.34,-3.04,3.33,-3.05,INF,-1,0,7,0
6920,1,1,35.517,-31.722,3.32,-2.96,3.31,-2.96,INF,-1,0,7,0
6940,1,1,36.892,-32.136,3.44,-3.00,3.44,-3.00,INF,-1,0,7,0
6960,1,1,36.612,-33.206,3.42,-3.10,3.41,-3.10,INF,-1,0,7,0
6980,1,1,37.550,-32.887,3.51,-3.07,3.50,-3.07,INF,-1,0,7,0
7000,1,1,36.969,-29.950,3.45,-2.79,3.45,-2.80,INF,-1,0,7,0
7020,1,1,37.904,-31.345,3.54,-2.92,3.53,-2.93,INF,-1,0,7,0
7040,1,1,37.041,-31.666,3.46,-2.95,3.45,-2.96,INF,-1,0,7,0
7060,1,1,38.074,-32.149,3.55,-3.00,3.55,-3.00,INF,-1,0,7,0
7080,1,1,37.869,-32.680,3.54,-3.05,3.53,-3.05,INF,-1,0,7,0
7100,1,1,3.150,-30.026,0.29,-2.80,0.29,-2.80,INF,-1,1,7,0
7120,1,1,-23.168,-30.062,-2.16,-2.81,-2.16,-2.81,INF,-1,1,7,0
7140,1,1,-23.260,-30.219,-2.17,-2.82,-2.17,-2.82,INF,-1,0,7,0
7160,1,1,-24.488,-27.773,-2.29,-2.59,-2.29,-2.59,INF,-1,0,7,0
7180,1,1,-23.654,-28.515,-2.21,-2.66,-2.21,-2.66,INF,-1,0,7,0
7200,1,1,-23.325,-30.299,-2.18,-2.83,-2.18,-2.83,INF,-1,0,7,0
7220,1,1,-24.184,-29.181,-2.26,-2.72,-2.26,-2.73,INF,-1,0,7,0
7240,1,1,-22.413,-29.639,-2.09,-2.77,-2.09,-2.77,INF,-1,0,7,0
7260,1,1,-20.738,-29.441,-1.94,-2.75,-1.94,-2.75,INF,-1,0,7,0
7280,1,1,-20.897,-28.370,-1.95,-2.65,-1.95,-2.65,INF,-1,0,7,0
7300,1,1,-22.036,-29.596,-2.06,-2.76,-2.06,-2.76,INF,-1,0,7,0
7320,1,1,-21.881,-30.703,-2.04,-2.87,-2.04,-2.87,INF,-1,0,7,0
7340,1,1,-24.036,-28.651,-2.25,-2.67,-2.24,-2.68,INF,-1,0,7,0
7360,1,1,-23.020,-28.649,-2.15,-2.67,-2.15,-2.68,INF,-1,0,7,0
7380,1,1,-21.392,-29.338,-2.00,-2.74,-2.00,-2.74,INF,-1,0,7,0
7400,1,1,-22.457,-27.263,-2.10,-2.54,-2.10,-2.55,INF,-1,1,7,0
7420,1,1,-20.066,-15.900,-1.87,-1.49,-1.87,-1.49,INF,-1,1,7,0
7440,1,1,-19.600,-15.552,-1.83,-1.45,-1.83,-1.45,INF,-1,1,7,0
7460,1,1,-19.585,-16.165,-1.83,-1.51,-1.83,-1.51,INF,-1,0,7,0
7480,1,1,-18.727,-15.104,-1.75,-1.41,-1.75,-1.41,INF,-1,0,7,0
7500,1,1,-18.324,-13.187,-1.71,-1.23,-1.71,-1.23,INF,-1,0,7,0
7520,1,1,-18.869,-14.063,-1.76,-1.31,-1.76,-1.31,INF,-1,0,7,0
7540,1,1,-20.484,-14.564,-1.91,-1.36,-1.91,-1.36,INF,-1,0,7,0
7560,1,1,-20.192,-15.312,-1.89,-1.43,-1.89,-1.43,INF,-1,0,7,0
7580,1,1,-19.422,-16.397,-1.81,-1.53,-1.81,-1.53,INF,-1,0,7,0
7600,1,1,-21.362,-15.852,-2.00,-1.48,-2.00,-1.48,INF,-1,0,7,0
7620,1,1,-19.763,-16.065,-1.85,-1.50,-1.85,-1.50,INF,-1,0,7,0
7640,1,1,-19.105,-15.536,-1.79,-1.45,-1.78,-1.45,INF,-1,0,7,0
7660,1,1,-19.645,-16.145,-1.84,-1.51,-1.83,-1.51,INF,-1,0,7,0
7680,1,1,-19.109,-17.024,-1.79,-1.59,-1.78,-1.59,INF,-1,0,7,0
7700,1,1,-18.226,-16.465,-1.70,-1.54,-1.70,-1.54,INF,-1,1,7,0
7720,1,1,-18.484,-15.237,-1.73,-1.42,-1.73,-1.42,INF,-1,1,7,0
7740,1,1,-19.043,-15.687,-1.78,-1.47,-1.78,-1.47,INF,-1,1,7,0
7760,1,1,-18.521,-13.446,-1.73,-1.26,-1.73,-1.26,INF,-1,1,7,0
7780,1,1,-19.694,13.050,-1.84,1.22,-1.84,1.22,INF,-1,1,7,0
7800,1,1,-18.915,10.402,-1.77,0.97,-1.77,0.97,INF,-1,1,7,0
7820,1,1,-20.221,11.151,-1.89,1.04,-1.89,1.04,INF,-1,0,7,0
7840,1,1,-20.067,10.712,-1.87,1.00,-1.87,1.00,INF,-1,0,7,0
7860,1,1,-21.534,11.385,-2.01,1.06,-2.01,1.06,INF,-1,0,7,0
7880,1,1,-20.204,12.343,-1.89,1.15,-1.89,1.15,INF,-1,0,7,0
7900,1,1,-19.177,10.835,-1.79,1.01,-1.79,1.01,INF,-1,0,7,0
7920,1,1,-21.439,12.433,-2.00,1.16,-2.00,1.16,INF,-1,0,7,0
7940,1,1,-20.606,11.216,-1.93,1.05,-1.92,1.05,INF,-1,0,7,0
7960,1,1,-18.929,11.076,-1.77,1.03,-1.77,1.04,INF,-1,0,7,0
7980,1,1,-20.182,11.395,-1.89,1.06,-1.89,1.06,INF,-1,0,7,0
8000,1,1,-22.263,11.623,-2.08,1.09,-2.08,1.09,INF,-1,0,7,0
8020,1,1,-31.178,25.398,-2.91,2.37,-2.91,2.37,INF,-1,0,7,0
8040,1,1,-38.343,40.882,-3.58,3.81,-3.57,3.82,INF,-1,0,7,0
8060,1,1,-39.851,40.155,-3.72,3.74,-3.71,3.75,INF,-1,0,7,0
8080,1,1,-40.841,41.369,-3.81,3.85,-3.80,3.86,INF,-1,0,7,0
8100,1,1,-39.483,39.793,-3.69,3.71,-3.68,3.71,INF,-1,0,7,0
8120,1,1,-40.999,41.411,-3.83,3.86,-3.82,3.86,INF,-1,0,7,0
8140,1,1,-40.271,39.109,-3.76,3.64,-3.75,3.65,INF,-1,0,7,0
8160,1,1,-40.171,39.629,-3.75,3.69,-3.74,3.70,INF,-1,0,7,0
8180,1,1,-40.944,40.218,-3.82,3.75,-3.81,3.75,INF,-1,0,7,0
8200,1,1,-41.784,40.057,-3.90,3.73,-3.89,3.74,INF,-1,0,7,0
8220,1,1,-42.190,40.776,-3.94,3.80,-3.93,3.81,INF,-1,0,7,0
8240,1,1,-43.300,39.778,-4.04,3.70,-4.03,3.71,INF,-1,1,7,0
8260,1,1,-41.381,39.962,-3.86,3.72,-3.85,3.73,INF,-1,1,7,0
8280,1,1,-41.893,39.438,-3.91,3.67,-3.90,3.68,INF,-1,1,7,0
8300,1,1,-43.311,40.023,-4.04,3.73,-4.03,3.74,INF,-1,1,7,0
8320,1,1,-41.351,39.015,-3.86,3.63,-3.85,3.64,INF,-1,1,7,0
8340,1,1,-42.949,38.786,-4.01,3.61,-4.00,3.62,INF,-1,1,7,0
8360,1,1,-41.062,39.284,-3.83,3.66,-3.82,3.67,INF,-1,1,7,0
8380,1,1,-41.388,39.060,-3.86,3.64,-3.85,3.65,INF,-1,1,7,0
8400,1,1,-42.490,38.787,-3.97,3.61,-3.96,3.62,INF,-1,1,7,0
8420,1,1,-43.865,41.031,-4.09,3.82,-4.08,3.83,INF,-1,1,7,0
8440,1,1,-41.253,40.809,-3.85,3.80,-3.84,3.81,INF,-1,1,7,0
8460,1,1,-41.835,40.093,-3.90,3.73,-3.90,3.74,INF,-1,1,7,0
8480,1,1,-39.367,39.223,-3.67,3.65,-3.67,3.66,INF,-1,1,7,0
8500,1,1,-21.305,40.465,-1.99,3.77,-1.99,3.78,INF,-1,1,7,0
8520,1,1,-23.832,42.682,-2.23,3.98,-2.22,3.98,INF,-1,1,7,0
8540,1,1,-22.719,40.832,-2.12,3.81,-2.12,3.81,INF,-1,0,7,0
8560,1,1,-22.765,40.697,-2.13,3.80,-2.12,3.80,INF,-1,0,7,0
8580,1,1,-22.912,40.270,-2.14,3.76,-2.14,3.76,INF,-1,0,7,0
8600,1,1,-24.311,41.657,-2.27,3.88,-2.27,3.89,INF,-1,0,7,0
8620,1,1,-22.910,40.915,-2.14,3.82,-2.14,3.82,INF,-1,0,7,0
8640,1,1,-23.938,42.325,-2.24,3.95,-2.23,3.95,INF,-1,0,7,0
8660,1,1,-22.180,39.637,-2.07,3.70,-2.07,3.70,INF,-1,0,7,0
8680,1,1,-22.252,40.657,-2.08,3.79,-2.07,3.79,INF,-1,0,7,0
8700,1,1,-21.113,40.059,-1.97,3.74,-1.97,3.74,INF,-1,0,7,0
8720,1,1,20.781,-5.795,1.94,-0.54,1.94,-0.54,INF,-1,0,7,0
8740,1,1,20.281,-6.990,1.89,-0.65,1.89,-0.65,INF,-1,0,7,0
8760,1,1,20.952,-8.999,1.96,-0.84,1.96,-0.84,INF,-1,0,7,0
8780,1,1,22.453,-8.221,2.10,-0.77,2.10,-0.77,INF,-1,0,7,0
8800,1,1,20.545,-7.093,1.92,-0.66,1.92,-0.66,INF,-1,0,7,0
8820,1,1,22.126,-7.175,2.07,-0.67,2.07,-0.67,INF,-1,0,7,0
8840,1,1,21.123,-8.766,1.97,-0.82,1.97,-0.82,INF,-1,0,7,0
8860,1,1,20.267,-7.761,1.89,-0.73,1.89,-0.73,INF,-1,0,7,0
8880,1,1,19.538,-7.095,1.83,-0.66,1.83,-0.66,INF,-1,0,7,0
8900,1,1,20.205,-6.891,1.89,-0.64,1.89,-0.64,INF,-1,0,7,0
8920,1,1,20.310,-8.133,1.90,-0.76,1.90,-0.76,INF,-1,0,7,0
8940,1,1,20.071,-6.849,1.88,-0.64,1.88,-0.64,INF,-1,0,7,0
8960,1,1,21.267,-6.862,1.99,-0.64,1.99,-0.64,INF,-1,0,7,0
8980,1,1,20.688,-7.628,1.93,-0.71,1.93,-0.71,INF,-1,0,7,0
9000,1,1,20.139,-7.070,1.88,-0.66,1.88,-0.66,INF,-1,1,7,0
9020,1,1,19.875,-6.651,1.86,-0.62,1.86,-0.62,INF,-1,1,7,0
9040,1,1,20.553,-6.053,1.92,-0.57,1.92,-0.57,INF,-1,1,7,0
9060,1,1,21.394,-7.097,2.00,-0.66,2.00,-0.66,INF,-1,1,7,0
9080,1,1,26.950,-1.819,2.52,-0.17,2.52,-0.17,INF,-1,1,7,0
9100,1,1,26.740,1.227,2.50,0.11,2.50,0.11,INF,-1,1,7,0
9120,1,1,28.832,1.311,2.69,0.12,2.69,0.12,INF,-1,1,7,0
9140,1,1,27.207,0.327,2.54,0.03,2.54,0.03,INF,-1,0,7,0
9160,1,1,27.648,2.145,2.58,0.20,2.58,0.20,INF,-1,0,7,0
9180,1,1,28.822,0.874,2.69,0.08,2.69,0.08,INF,-1,0,7,0
9200,1,1,28.324,2.620,2.65,0.24,2.65,0.24,INF,-1,0,7,0
9220,1,1,29.350,1.413,2.74,0.13,2.74,0.13,INF,-1,0,7,0
9240,1,1,27.888,1.382,2.60,0.13,2.60,0.13,INF,-1,0,7,0
9260,1,1,27.862,1.679,2.60,0.16,2.60,0.16,INF,-1,0,7,0
9280,1,1,27.211,2.472,2.54,0.23,2.54,0.23,INF,-1,0,7,0
9300,1,1,29.052,0.660,2.71,0.06,2.71,0.06,INF,-1,0,7,0
9320,1,1,27.451,2.291,2.56,0.21,2.56,0.21,INF,-1,0,7,0
9340,1,1,26.663,2.546,2.49,0.24,2.49,0.24,INF,-1,0,7,0
9360,1,1,27.284,1.591,2.55,0.15,2.55,0.15,INF,-1,0,7,0
9380,1,1,29.757,0.574,2.78,0.05,2.78,0.05,INF,-1,1,7,0
9400,1,1,27.386,1.620,2.56,0.15,2.56,0.15,INF,-1,1,7,0
9420,1,1,29.734,1.778,2.78,0.17,2.78,0.17,INF,-1,1,7,0
9440,1,1,31.803,-0.838,2.97,-0.08,2.97,-0.08,INF,-1,1,7,0
9460,1,1,30.314,1.123,2.83,0.10,2.83,0.10,INF,-1,1,7,0
9480,1,1,29.254,2.492,2.73,0.23,2.73,0.23,INF,-1,1,7,0
9500,1,1,28.657,2.484,2.68,0.23,2.68,0.23,INF,-1,1,7,0
9520,1,1,29.862,1.385,2.79,0.13,2.79,0.13,INF,-1,1,7,0
9540,1,1,30.563,1.832,2.85,0.17,2.85,0.17,INF,-1,1,7,0
9560,1,1,30.003,1.619,2.80,0.15,2.80,0.15,INF,-1,1,7,0
9580,1,1,29.305,0.330,2.74,0.03,2.74,0.03,INF,-1,1,7,0
9600,1,1,29.544,1.064,2.76,0.10,2.76,0.10,INF,-1,1,7,0
9620,1,1,30.562,1.213,2.85,0.11,2.85,0.11,INF,-1,1,7,0
9640,1,1,30.649,1.443,2.86,0.13,2.86,0.13,INF,-1,1,7,0
9660,1,1,30.762,1.264,2.87,0.12,2.87,0.12,INF,-1,1,7,0
9680,1,1,27.753,1.489,2.59,0.14,2.59,0.14,INF,-1,1,7,0
9700,1,1,28.430,1.197,2.66,0.11,2.66,0.11,INF,-1,1,7,0
9720,1,1,31.429,0.008,2.94,0.00,2.94,0.00,INF,-1,1,7,0
9740,1,1,28.563,2.407,2.67,0.22,2.67,0.23,INF,-1,1,7,0
9760,1,1,28.958,3.127,2.70,0.29,2.70,0.29,INF,-1,1,7,0
9780,1,1,27.669,1.709,2.58,0.16,2.58,0.16,INF,-1,1,7,0
9800,1,1,26.744,2.452,2.50,0.23,2.50,0.23,INF,-1,1,7,0
9820,1,1,26.475,0.229,2.47,0.02,2.47,0.02,INF,-1,1,7,0
9840,1,1,26.253,0.945,2.45,0.09,2.45,0.09,INF,-1,1,7,0
9860,1,1,28.135,1.766,2.63,0.16,2.63,0.17,INF,-1,1,7,0
9880,1,1,26.230,1.058,2.45,0.10,2.45,0.10,INF,-1,1,7,0
9900,1,1,25.270,1.844,2.36,0.17,2.36,0.17,INF,-1,1,7,0
9920,1,1,25.525,1.982,2.38,0.19,2.38,0.19,INF,-1,1,7,0
9940,1,1,26.800,1.145,2.50,0.11,2.50,0.11,INF,-1,1,7,0
9960,1,1,26.521,0.080,2.48,0.01,2.48,0.01,INF,-1,1,7,0
9980,1,1,25.706,0.877,2.40,0.08,2.40,0.08,INF,-1,1,7,0
10000,1,1,25.396,0.698,2.37,0.07,2.37,0.07,INF,-1,1,7,0
10020,1,1,26.248,0.288,2.45,0.03,2.45,0.03,INF,-1,1,7,0
10040,1,1,25.820,1.341,2.41,0.13,2.41,0.13,INF,-1,1,7,0
10060,1,1,25.530,1.419,2.38,0.13,2.38,0.13,INF,-1,1,7,0
10080,1,1,26.062,1.407,2.43,0.13,2.43,0.13,INF,-1,1,7,0
10100,1,1,25.687,1.279,2.40,0.12,2.40,0.12,INF,-1,1,7,0
10120,1,1,24.759,1.484,2.31,0.14,2.31,0.14,INF,-1,1,7,0
10140,1,1,24.608,1.789,2.30,0.17,2.30,0.17,INF,-1,1,7,0
10160,1,1,24.820,1.742,2.32,0.16,2.32,0.16,INF,-1,1,7,0
10180,1,1,25.328,1.204,2.37,0.11,2.37,0.11,INF,-1,1,7,0
10200,1,1,27.077,1.237,2.53,0.12,2.53,0.12,INF,-1,1,7,0
10220,1,1,24.783,1.552,2.32,0.14,2.32,0.15,INF,-1,1,7,0
10240,1,1,24.315,2.150,2.27,0.20,2.27,0.20,INF,-1,1,7,0
10260,1,1,23.379,2.575,2.18,0.24,2.18,0.24,INF,-1,1,7,0
10280,1,1,24.989,1.173,2.33,0.11,2.33,0.11,INF,-1,1,7,0
10300,1,1,23.711,2.770,2.22,0.26,2.22,0.26,INF,-1,1,7,0
10320,1,1,24.623,3.683,2.30,0.34,2.30,0.34,INF,-1,1,7,0
10340,1,1,23.476,1.964,2.19,0.18,2.19,0.18,INF,-1,1,7,0
10360,1,1,22.636,2.613,2.11,0.24,2.11,0.24,INF,-1,1,7,0
10380,1,1,24.733,3.146,2.31,0.29,2.31,0.29,INF,-1,1,7,0
10400,1,1,24.106,2.693,2.25,0.25,2.25,0.25,INF,-1,1,7,0
10420,1,1,24.979,2.756,2.33,0.26,2.33,0.26,INF,-1,1,7,0
10440,1,1,23.749,3.223,2.22,0.30,2.22,0.30,INF,-1,1,7,0
10460,1,1,25.307,0.798,2.36,0.07,2.36,0.07,INF,-1,1,7,0
10480,1,1,25.284,3.193,2.36,0.30,2.36,0.30,INF,-1,1,7,0
10500,1,1,26.488,1.941,2.47,0.18,2.47,0.18,INF,-1,1,7,0
10520,1,1,26.880,2.547,2.51,0.24,2.51,0.24,INF,-1,1,7,0
10540,1,1,26.390,2.993,2.47,0.28,2.47,0.28,INF,-1,1,7,0
10560,1,1,25.355,3.416,2.37,0.32,2.37,0.32,INF,-1,1,7,0
10580,1,1,25.392,3.955,2.37,0.37,2.37,0.37,INF,-1,1,7,0
10600,1,1,25.687,2.890,2.40,0.27,2.40,0.27,INF,-1,1,7,0
10620,1,1,25.953,3.159,2.42,0.29,2.42,0.30,INF,-1,1,7,0
10640,1,1,26.897,4.319,2.51,0.40,2.51,0.40,INF,-1,1,7,0
10660,1,1,27.923,2.048,2.61,0.19,2.61,0.19,INF,-1,1,7,0
10680,1,1,27.692,2.661,2.59,0.25,2.59,0.25,INF,-1,1,7,0
10700,1,1,26.999,3.947,2.52,0.37,2.52,0.37,INF,-1,1,7,0
10720,1,1,25.411,4.137,2.37,0.39,2.37,0.39,INF,-1,1,7,0
10740,1,1,26.548,4.118,2.48,0.38,2.48,0.38,INF,-1,1,7,0
10760,1,1,26.520,2.836,2.48,0.26,2.48,0.27,INF,-1,1,7,0
10780,1,1,25.524,3.455,2.38,0.32,2.38,0.32,INF,-1,1,7,0
10800,1,1,25.386,3.728,2.37,0.35,2.37,0.35,INF,-1,1,7,0
10820,1,1,26.099,3.054,2.44,0.29,2.44,0.29,INF,-1,1,7,0
10840,1,1,25.963,1.880,2.43,0.18,2.43,0.18,INF,-1,1,7,0
10860,1,1,26.590,1.501,2.48,0.14,2.48,0.14,INF,-1,1,7,0
10880,1,1,26.351,2.321,2.46,0.22,2.46,0.22,INF,-1,1,7,0
10900,1,1,25.889,2.920,2.42,0.27,2.42,0.27,INF,-1,1,7,0
10920,1,1,25.913,1.445,2.42,0.13,2.42,0.14,INF,-1,1,7,0
10940,1,1,26.010,1.848,2.43,0.17,2.43,0.17,INF,-1,1,7,0
10960,1,1,26.854,0.355,2.51,0.03,2.51,0.03,INF,-1,1,7,0
10980,1,1,25.464,2.380,2.38,0.22,2.38,0.22,INF,-1,1,7,0
11000,1,1,26.723,2.803,2.50,0.26,2.50,0.26,INF,-1,1,7,0
11020,1,1,25.468,1.660,2.38,0.16,2.38,0.16,INF,-1,1,7,0
11040,1,1,25.023,2.503,2.34,0.23,2.34,0.23,INF,-1,1,7,0
11060,1,1,24.998,2.962,2.34,0.28,2.34,0.28,INF,-1,1,7,0
11080,1,1,26.009,0.485,2.43,0.05,2.43,0.05,INF,-1,1,7,0
11100,1,1,27.122,1.751,2.53,0.16,2.53,0.16,INF,-1,1,7,0
11120,1,1,25.828,2.499,2.41,0.23,2.41,0.23,INF,-1,1,7,0
11140,1,1,26.253,1.824,2.45,0.17,2.45,0.17,INF,-1,1,7,0
11160,1,1,26.344,0.714,2.46,0.07,2.46,0.07,INF,-1,1,7,0
11180,1,1,26.921,0.781,2.51,0.07,2.51,0.07,INF,-1,1,7,0
11200,1,1,27.399,0.688,2.56,0.06,2.56,0.06,INF,-1,1,7,0
11220,1,1,26.860,0.454,2.51,0.04,2.51,0.04,INF,-1,1,7,0
11240,1,1,26.936,2.060,2.52,0.19,2.52,0.19,INF,-1,1,7,0
11260,1,1,26.959,0.668,2.52,0.06,2.52,0.06,INF,-1,1,7,0
11280,1,1,26.356,2.204,2.46,0.21,2.46,0.21,INF,-1,1,7,0
11300,1,1,29.339,-1.072,2.74,-0.10,2.74,-0.10,INF,-1,1,7,0
11320,1,1,26.882,1.143,2.51,0.11,2.51,0.11,INF,-1,1,7,0
11340,1,1,28.278,0.472,2.64,0.04,2.64,0.04,INF,-1,1,7,0
11360,1,1,26.636,0.006,2.49,0.00,2.49,0.00,INF,-1,1,7,0
11380,1,1,26.370,0.073,2.46,0.01,2.46,0.01,INF,-1,1,7,0
11400,1,1,26.136,1.054,2.44,0.10,2.44,0.10,INF,-1,1,7,0
11420,1,1,27.061,-0.049,2.53,0.00,2.53,0.00,INF,-1,1,7,0
11440,1,1,27.903,0.410,2.61,0.04,2.61,0.04,INF,-1,1,7,0
11460,1,1,26.945,-0.132,2.52,-0.01,2.52,-0.01,INF,-1,1,7,0
11480,1,1,25.365,1.974,2.37,0.18,2.37,0.18,INF,-1,1,7,0
11500,1,1,26.589,0.847,2.48,0.08,2.48,0.08,INF,-1,1,7,0
11520,1,1,25.317,1.238,2.37,0.12,2.37,0.12,INF,-1,1,7,0
11540,1,1,25.528,0.156,2.38,0.01,2.38,0.01,INF,-1,1,7,0
11560,1,1,23.932,-0.024,2.24,0.00,2.24,0.00,INF,-1,1,7,0
11580,1,1,2.936,1.061,0.27,0.10,0.27,0.10,INF,-1,1,7,0
11600,1,1,-15.859,-0.351,-1.48,-0.03,-1.48,-0.03,INF,-1,1,7,0
11620,1,1,-17.370,-0.675,-1.62,-0.06,-1.62,-0.06,INF,-1,0,7,0
11640,1,1,-15.080,-0.729,-1.41,-0.07,-1.41,-0.07,INF,-1,0,7,0
11660,1,1,-16.738,-1.334,-1.56,-0.12,-1.56,-0.12,INF,-1,0,7,0
11680,1,1,-17.945,-0.968,-1.68,-0.09,-1.68,-0.09,INF,-1,0,7,0
11700,1,1,-14.934,-1.563,-1.40,-0.15,-1.40,-0.15,INF,-1,0,7,0
11720,1,1,-16.858,-1.318,-1.58,-0.12,-1.58,-0.12,INF,-1,0,7,0
11740,1,1,-15.218,-1.586,-1.42,-0.15,-1.42,-0.15,INF,-1,0,7,0
11760,1,1,-16.050,-1.921,-1.50,-0.18,-1.50,-0.18,INF,-1,0,7,0
11780,1,1,-16.900,-1.237,-1.58,-0.12,-1.58,-0.12,INF,-1,0,7,0
11800,1,1,-16.058,-1.558,-1.50,-0.15,-1.50,-0.15,INF,-1,0,7,0
11820,1,1,-15.209,-2.184,-1.42,-0.20,-1.42,-0.20,INF,-1,0,7,0
11840,1,1,-16.534,-1.430,-1.55,-0.13,-1.55,-0.13,INF,-1,0,7,0
11860,1,1,-21.399,-9.392,-2.00,-0.88,-2.00,-0.88,INF,-1,0,7,0
11880,1,1,-18.621,-10.225,-1.74,-0.96,-1.74,-0.96,INF,-1,1,7,0
11900,1,1,-17.870,-9.876,-1.67,-0.92,-1.67,-0.92,INF,-1,1,7,0
11920,1,1,-19.003,-9.918,-1.78,-0.93,-1.78,-0.93,INF,-1,1,7,0
11940,1,1,-21.239,-9.140,-1.98,-0.85,-1.98,-0.85,INF,-1,1,7,0
11960,1,1,-20.292,-8.592,-1.90,-0.80,-1.90,-0.80,INF,-1,1,7,0
11980,1,1,-20.166,-10.346,-1.88,-0.97,-1.88,-0.97,INF,-1,1,7,0
12000,1,1,-20.661,-11.506,-1.93,-1.07,-1.93,-1.08,INF,-1,1,7,0
12020,1,1,-22.766,-11.552,-2.13,-1.08,-2.13,-1.08,INF,-1,1,7,0
12040,1,1,-23.867,-9.410,-2.23,-0.88,-2.23,-0.88,INF,-1,1,7,0
12060,1,1,-37.682,7.753,-3.52,0.72,-3.52,0.72,INF,-1,1,7,0
12080,1,1,-38.165,3.997,-3.56,0.37,-3.56,0.37,INF,-1,1,7,0
12100,1,1,-37.557,5.151,-3.51,0.48,-3.51,0.48,INF,-1,0,7,0
12120,1,1,-38.485,4.245,-3.59,0.40,-3.59,0.40,INF,-1,0,7,0
12140,1,1,-38.450,5.995,-3.59,0.56,-3.59,0.56,INF,-1,0,7,0
12160,1,1,-38.258,5.407,-3.57,0.50,-3.57,0.51,INF,-1,0,7,0
12180,1,1,-38.942,4.792,-3.63,0.45,-3.63,0.45,INF,-1,0,7,0
12200,1,1,-37.223,5.121,-3.47,0.48,-3.47,0.48,INF,-1,0,7,0
12220,1,1,-37.796,5.708,-3.53,0.53,-3.53,0.53,INF,-1,0,7,0
12240,1,1,-37.323,4.071,-3.48,0.38,-3.48,0.38,INF,-1,0,7,0
12260,1,1,-38.574,4.015,-3.60,0.37,-3.60,0.38,INF,-1,0,7,0
12280,1,1,-43.706,6.439,-4.08,0.60,-4.08,0.60,INF,-1,0,7,0
12300,1,1,-46.147,7.846,-4.31,0.73,-4.30,0.73,INF,-1,0,7,0
12320,1,1,-47.913,8.475,-4.47,0.79,-4.47,0.79,INF,-1,0,7,0
12340,1,1,-45.488,8.100,-4.24,0.75,-4.24,0.76,INF,-1,1,7,0
12360,1,1,-44.574,7.056,-4.16,0.66,-4.16,0.66,INF,-1,1,7,0
12380,1,1,-46.744,7.102,-4.36,0.66,-4.36,0.66,INF,-1,1,7,0
12400,1,1,-47.892,7.275,-4.47,0.68,-4.47,0.68,INF,-1,1,7,0
12420,1,1,-46.969,7.276,-4.38,0.68,-4.38,0.68,INF,-1,1,7,0
12440,1,1,-46.868,5.760,-4.37,0.54,-4.37,0.54,INF,-1,1,7,0
12460,1,1,-45.126,4.868,-4.21,0.45,-4.21,0.46,INF,-1,1,7,0
12480,1,1,-47.889,7.041,-4.47,0.66,-4.47,0.66,INF,-1,1,7,0
12500,1,1,-44.418,5.376,-4.14,0.50,-4.14,0.50,INF,-1,1,7,0
12520,1,1,-46.199,6.032,-4.31,0.56,-4.31,0.56,INF,-1,1,7,0
12540,1,1,-47.471,5.201,-4.43,0.48,-4.43,0.49,INF,-1,1,7,0
12560,1,1,-47.896,6.316,-4.47,0.59,-4.47,0.59,INF,-1,1,7,0
12580,1,1,-48.516,7.154,-4.53,0.67,-4.52,0.67,INF,-1,1,7,0
12600,1,1,-47.574,5.102,-4.44,0.48,-4.44,0.48,INF,-1,1,7,0
12620,1,1,-47.608,6.713,-4.44,0.63,-4.44,0.63,INF,-1,1,7,0
12640,1,1,-48.467,6.481,-4.52,0.60,-4.52,0.61,INF,-1,1,7,0
12660,1,1,-58.410,23.334,-5.44,2.17,-5.44,2.18,INF,-1,1,7,0
12680,1,1,-63.211,35.030,-5.89,3.25,-5.88,3.27,INF,-1,1,7,0
12700,1,1,-64.322,34.735,-5.99,3.23,-5.98,3.24,INF,-1,0,7,0
12720,1,1,-66.008,35.519,-6.15,3.30,-6.14,3.32,INF,-1,0,7,0
12740,1,1,-65.102,34.031,-6.06,3.16,-6.05,3.18,INF,-1,0,7,0
12760,1,1,-66.463,34.114,-6.19,3.17,-6.18,3.19,INF,-1,0,7,0
12780,1,1,-66.271,35.543,-6.17,3.30,-6.16,3.32,INF,-1,0,7,0
12800,1,1,-67.239,34.875,-6.26,3.24,-6.25,3.26,INF,-1,0,7,0
12820,1,1,-68.574,36.090,-6.38,3.35,-6.37,3.37,INF,-1,0,7,0
12840,1,1,-64.267,33.285,-5.98,3.09,-5.98,3.11,INF,-1,0,7,0
12860,1,1,-68.501,35.399,-6.38,3.28,-6.37,3.30,INF,-1,0,7,0
12880,1,1,-68.021,35.635,-6.33,3.31,-6.32,3.33,INF,-1,0,7,0
12900,1,1,-67.251,33.917,-6.26,3.15,-6.25,3.17,INF,-1,0,7,0
12920,1,1,-62.817,33.020,-5.85,3.07,-5.84,3.08,INF,-1,0,7,0
12940,1,1,-64.072,34.458,-5.97,3.20,-5.96,3.22,INF,-1,0,7,0
12960,1,1,-64.758,35.344,-6.03,3.28,-6.02,3.30,INF,-1,1,7,0
12980,1,1,-64.855,34.677,-6.04,3.22,-6.03,3.24,INF,-1,1,7,0
13000,1,1,-65.850,34.827,-6.13,3.23,-6.12,3.25,INF,-1,1,7,0
13020,1,1,-68.616,36.656,-6.39,3.40,-6.38,3.42,INF,-1,1,7,0
13040,1,1,-67.596,34.542,-6.29,3.21,-6.28,3.23,INF,-1,1,7,0
13060,1,1,-63.477,34.682,-5.91,3.22,-5.90,3.24,INF,-1,1,7,0
13080,1,1,-32.770,12.228,-3.06,1.14,-3.06,1.14,INF,-1,1,7,0
13100,1,1,-36.048,10.280,-3.37,0.96,-3.37,0.96,INF,-1,1,7,0
13120,1,1,-33.512,7.609,-3.13,0.71,-3.13,0.71,INF,-1,0,7,0
13140,1,1,-33.802,7.957,-3.16,0.74,-3.16,0.74,INF,-1,0,7,0
13160,1,1,-33.569,7.451,-3.13,0.70,-3.13,0.70,INF,-1,0,7,0
13180,1,1,-34.918,7.565,-3.26,0.71,-3.26,0.71,INF,-1,0,7,0
13200,1,1,-33.907,7.998,-3.17,0.75,-3.17,0.75,INF,-1,0,7,0
13220,1,1,-31.507,7.529,-2.94,0.70,-2.94,0.70,INF,-1,0,7,0
13240,1,1,-31.303,7.502,-2.92,0.70,-2.92,0.70,INF,-1,0,7,0
13260,1,1,-31.693,8.031,-2.96,0.75,-2.96,0.75,INF,-1,0,7,0
13280,1,1,-31.233,7.407,-2.92,0.69,-2.92,0.69,INF,-1,0,7,0
13300,1,1,-29.230,6.393,-2.73,0.60,-2.73,0.60,INF,-1,0,7,0
13320,1,1,-31.775,6.273,-2.97,0.59,-2.97,0.59,INF,-1,0,7,0
13340,1,1,-30.958,6.958,-2.89,0.65,-2.89,0.65,INF,-1,0,7,0
13360,1,1,-31.651,7.291,-2.96,0.68,-2.96,0.68,INF,-1,1,7,0
13380,1,1,-31.814,7.291,-2.97,0.68,-2.97,0.68,INF,-1,1,7,0
13400,1,1,-31.306,6.658,-2.92,0.62,-2.92,0.62,INF,-1,1,7,0
13420,1,1,-32.445,6.657,-3.03,0.62,-3.03,0.62,INF,-1,1,7,0
13440,1,1,-33.291,6.493,-3.11,0.61,-3.11,0.61,INF,-1,1,7,0
13460,1,1,-31.060,6.069,-2.90,0.57,-2.90,0.57,INF,-1,1,7,0
13480,1,1,-32.736,5.503,-3.06,0.51,-3.06,0.51,INF,-1,1,7,0
13500,1,1,-45.064,9.333,-4.20,0.87,-4.20,0.87,INF,-1,1,7,0
13520,1,1,-45.143,8.929,-4.21,0.83,-4.21,0.83,INF,-1,1,7,0
13540,1,1,-44.558,8.947,-4.16,0.83,-4.16,0.84,INF,-1,0,7,0
13560,1,1,-44.598,9.402,-4.16,0.88,-4.16,0.88,INF,-1,0,7,0
13580,1,1,-45.932,9.266,-4.29,0.86,-4.28,0.87,INF,-1,0,7,0
13600,1,1,-45.904,9.369,-4.28,0.87,-4.28,0.88,INF,-1,0,7,0
13620,1,1,-45.615,8.899,-4.26,0.83,-4.26,0.83,INF,-1,0,7,0
13640,1,1,-46.435,9.221,-4.33,0.86,-4.33,0.86,INF,-1,0,7,0
13660,1,1,-44.546,8.441,-4.16,0.79,-4.16,0.79,INF,-1,0,7,0
13680,1,1,-45.564,8.620,-4.25,0.80,-4.25,0.81,INF,-1,0,7,0
13700,1,1,-43.061,7.496,-4.02,0.70,-4.02,0.70,INF,-1,0,7,0
13720,1,1,-43.504,8.224,-4.06,0.77,-4.06,0.77,INF,-1,0,7,0
13740,1,1,-43.847,8.201,-4.09,0.76,-4.09,0.77,INF,-1,0,7,0
13760,1,1,-44.326,7.926,-4.14,0.74,-4.14,0.74,INF,-1,0,7,0
13780,1,1,-42.200,6.702,-3.94,0.62,-3.94,0.63,INF,-1,1,7,0
13800,1,1,-45.937,8.577,-4.29,0.80,-4.29,0.80,INF,-1,1,7,0
13820,1,1,-44.033,6.379,-4.11,0.59,-4.11,0.60,INF,-1,1,7,0
13840,1,1,-43.550,6.851,-4.06,0.64,-4.06,0.64,INF,-1,1,7,0
13860,1,1,-43.863,7.785,-4.09,0.73,-4.09,0.73,INF,-1,1,7,0
13880,1,1,-44.413,6.962,-4.14,0.65,-4.14,0.65,INF,-1,1,7,0
13900,1,1,-43.502,6.774,-4.06,0.63,-4.06,0.63,INF,-1,1,7,0
13920,1,1,-46.335,6.426,-4.32,0.60,-4.32,0.60,INF,-1,1,7,0
13940,1,1,-43.774,6.458,-4.08,0.60,-4.08,0.60,INF,-1,1,7,0
13960,1,1,-45.072,7.666,-4.21,0.71,-4.20,0.72,INF,-1,1,7,0
13980,1,1,-42.147,6.656,-3.93,0.62,-3.93,0.62,INF,-1,1,7,0
14000,1,1,-45.046,7.590,-4.20,0.71,-4.20,0.71,INF,-1,1,7,0
14020,1,1,-43.458,7.722,-4.06,0.72,-4.05,0.72,INF,-1,1,7,0
14040,1,1,-44.498,6.175,-4.15,0.58,-4.15,0.58,INF,-1,1,7,0
14060,1,1,-42.443,6.883,-3.96,0.64,-3.96,0.64,INF,-1,1,7,0
14080,1,1,-42.267,7.294,-3.94,0.68,-3.94,0.68,INF,-1,1,7,0
14100,1,1,-44.055,5.248,-4.11,0.49,-4.11,0.49,INF,-1,1,7,0
14120,1,1,-43.668,6.077,-4.07,0.57,-4.07,0.57,INF,-1,1,7,0
14140,1,1,-46.009,8.343,-4.29,0.78,-4.29,0.78,INF,-1,1,7,0
14160,1,1,-44.858,6.723,-4.19,0.63,-4.19,0.63,INF,-1,1,7,0
14180,1,1,-42.882,7.167,-4.00,0.67,-4.00,0.67,INF,-1,1,7,0
14200,1,1,-41.067,4.431,-3.83,0.41,-3.83,0.41,INF,-1,1,7,0
14220,1,1,-29.865,-1.210,-2.79,-0.11,-2.79,-0.11,INF,-1,1,7,0
14240,1,1,-30.994,-3.180,-2.89,-0.30,-2.89,-0.30,INF,-1,1,7,0
14260,1,1,-33.195,-1.795,-3.10,-0.17,-3.10,-0.17,INF,-1,0,7,0
14280,1,1,-31.657,-2.406,-2.96,-0.22,-2.96,-0.22,INF,-1,0,7,0
14300,1,1,-32.796,-2.126,-3.06,-0.20,-3.06,-0.20,INF,-1,0,7,0
14320,1,1,-33.528,-1.790,-3.13,-0.17,-3.13,-0.17,INF,-1,0,7,0
14340,1,1,-33.823,-0.195,-3.16,-0.02,-3.16,-0.02,INF,-1,0,7,0
14360,1,1,-34.719,-1.271,-3.24,-0.12,-3.24,-0.12,INF,-1,0,7,0
14380,1,1,-32.565,0.005,-3.04,0.00,-3.04,0.00,INF,-1,0,7,0
14400,1,1,-33.218,-2.745,-3.10,-0.26,-3.10,-0.26,INF,-1,0,7,0
14420,1,1,-30.392,-2.932,-2.84,-0.27,-2.84,-0.27,INF,-1,0,7,0
14440,1,1,-33.151,-1.806,-3.10,-0.17,-3.10,-0.17,INF,-1,0,7,0
14460,1,1,-32.199,-1.511,-3.01,-0.14,-3.01,-0.14,INF,-1,0,7,0
14480,1,1,-32.229,-1.262,-3.01,-0.12,-3.01,-0.12,INF,-1,0,7,0
14500,1,1,-33.031,-0.792,-3.08,-0.07,-3.08,-0.07,INF,-1,1,7,0
14520,1,1,-31.134,-0.518,-2.91,-0.05,-2.91,-0.05,INF,-1,1,7,0
14540,1,1,-30.805,-0.441,-2.88,-0.04,-2.88,-0.04,INF,-1,1,7,0
14560,1,1,-32.507,-0.063,-3.04,-0.01,-3.04,-0.01,INF,-1,1,7,0
14580,1,1,-31.034,-1.793,-2.90,-0.17,-2.90,-0.17,INF,-1,1,7,0
14600,1,1,-32.655,-2.245,-3.05,-0.21,-3.05,-0.21,INF,-1,1,7,0
14620,1,1,-32.591,-1.943,-3.04,-0.18,-3.04,-0.18,INF,-1,1,7,0
14640,1,1,-32.220,-2.376,-3.01,-0.22,-3.01,-0.22,INF,-1,1,7,0
14660,1,1,-32.056,-2.370,-2.99,-0.22,-2.99,-0.22,INF,-1,1,7,0
14680,1,1,-32.004,-2.489,-2.99,-0.23,-2.99,-0.23,INF,-1,1,7,0
14700,1,1,-30.721,-2.861,-2.87,-0.27,-2.87,-0.27,INF,-1,1,7,0
14720,1,1,-32.424,-2.983,-3.03,-0.28,-3.03,-0.28,INF,-1,1,7,0
14740,1,1,-31.785,-2.343,-2.97,-0.22,-2.97,-0.22,INF,-1,1,7,0
14760,1,1,-30.810,-3.007,-2.88,-0.28,-2.88,-0.28,INF,-1,1,7,0
14780,1,1,-31.183,-3.092,-2.91,-0.29,-2.91,-0.29,INF,-1,1,7,0
14800,1,1,-33.930,-2.489,-3.17,-0.23,-3.17,-0.23,INF,-1,1,7,0
14820,1,1,-34.607,-2.806,-3.23,-0.26,-3.23,-0.26,INF,-1,1,7,0
14840,1,1,-31.976,-3.635,-2.99,-0.34,-2.99,-0.34,INF,-1,1,7,0
14860,1,1,-34.526,-2.475,-3.22,-0.23,-3.22,-0.23,INF,-1,1,7,0
14880,1,1,-32.203,-3.072,-3.01,-0.29,-3.01,-0.29,INF,-1,1,7,0
14900,1,1,-31.714,-3.870,-2.96,-0.36,-2.96,-0.36,INF,-1,1,7,0
14920,1,1,-23.993,-5.856,-2.24,-0.55,-2.24,-0.55,INF,-1,1,7,0
14940,1,1,14.100,-6.416,1.32,-0.60,1.32,-0.60,INF,-1,1,7,0
14960,1,1,11.114,-7.864,1.04,-0.73,1.04,-0.73,INF,-1,1,7,0
14980,1,1,12.584,-6.587,1.18,-0.62,1.18,-0.62,INF,-1,0,7,0
