"EyeTracker Toolbox version","3.250"
CalibrationParameters_A11,1.19867
CalibrationParameters_A12,0.07037
CalibrationParameters_A13,-0.02166
CalibrationParameters_A21,0.06319
CalibrationParameters_A22,-1.23653
CalibrationParameters_A23,0.00294
CalibrationParameters_A31,-0.00034
CalibrationParameters_A32,0.00343
CalibrationParameters_E11,-0.18002
CalibrationParameters_E12,0.00003
CalibrationParameters_E21,0.00001
CalibrationParameters_E22,0.19988
CalibrationParameters_X,-9.05573
CalibrationParameters_Y,48.62933
CalibrationParameters_Rpc,76.75021
CalibrationParameters_MeanX,194.00448
CalibrationParameters_MeanY,140.11380
CalibrationParameters_ViewDist,613.00000
TimeStamp,Tracked,Calibrated,ScreenPositionXmm,ScreenPositionYmm,FicksLongitude,FicksLatitude,HelmholtzAzimuth,HelmholtzElevation,PupilDiameter,Region,Fixation,DigitalIO,Dropped
0,1,1,-9.336,-0.159,-0.87,-0.01,-0.87,-0.01,INF,-1,0,7,0
20,1,1,-11.771,0.190,-1.10,0.02,-1.10,0.02,INF,-1,0,7,0
40,1,1,-9.659,-0.126,-0.90,-0.01,-0.90,-0.01,INF,-1,0,7,0
60,1,1,-8.976,-0.683,-0.84,-0.06,-0.84,-0.06,INF,-1,0,7,0
80,1,1,-8.330,-1.209,-0.78,-0.11,-0.78,-0.11,INF,-1,0,7,0
100,1,1,-7.506,-2.184,-0.70,-0.20,-0.70,-0.20,INF,-1,0,7,0
120,1,1,-9.225,0.652,-0.86,0.06,-0.86,0.06,INF,-1,0,7,0
140,1,1,-9.125,0.410,-0.85,0.04,-0.85,0.04,INF,-1,0,7,0
160,1,1,-7.954,-0.080,-0.74,-0.01,-0.74,-0.01,INF,-1,0,7,0
180,1,1,-8.457,-0.164,-0.79,-0.02,-0.79,-0.02,INF,-1,0,7,0
200,1,1,-7.456,-1.120,-0.70,-0.10,-0.70,-0.10,INF,-1,0,7,0
220,1,1,-8.545,-0.226,-0.80,-0.02,-0.80,-0.02,INF,-1,0,7,0
240,1,1,7.203,17.121,0.67,1.60,0.67,1.60,INF,-1,0,7,0
260,1,1,7.191,16.198,0.67,1.51,0.67,1.51,INF,-1,0,7,0
280,1,1,7.002,17.036,0.65,1.59,0.65,1.59,INF,-1,0,7,0
300,1,1,6.802,17.695,0.64,1.65,0.64,1.65,INF,-1,0,7,0
320,1,1,6.239,17.124,0.58,1.60,0.58,1.60,INF,-1,0,7,0
340,1,1,7.153,17.649,0.67,1.65,0.67,1.65,INF,-1,0,7,0
360,1,1,7.683,16.152,0.72,1.51,0.72,1.51,INF,-1,0,7,0
380,1,1,7.743,17.720,0.72,1.66,0.72,1.66,INF,-1,0,7,0
400,1,1,9.002,16.443,0.84,1.54,0.84,1.54,INF,-1,1,7,0
420,1,1,11.750,21.621,1.10,2.02,1.10,2.02,INF,-1,0,7,0
440,1,1,9.735,24.061,0.91,2.25,0.91,2.25,INF,-1,0,7,0
460,1,1,10.819,24.877,1.01,2.32,1.01,2.32,INF,-1,0,7,0
480,1,1,12.265,23.746,1.15,2.22,1.15,2.22,INF,-1,0,7,0
500,1,1,12.317,24.021,1.15,2.24,1.15,2.24,INF,-1,0,7,0
520,1,1,10.444,24.779,0.98,2.31,0.98,2.31,INF,-1,0,7,0
540,1,1,10.966,24.047,1.02,2.25,1.02,2.25,INF,-1,0,7,0
560,1,1,10.969,24.518,1.03,2.29,1.02,2.29,INF,-1,0,7,0
580,1,1,11.312,22.963,1.06,2.14,1.06,2.15,INF,-1,0,7,0
600,1,1,10.742,23.663,1.00,2.21,1.00,2.21,INF,-1,0,7,0
620,1,1,9.960,22.891,0.93,2.14,0.93,2.14,INF,-1,0,7,0
640,1,1,11.622,23.379,1.09,2.18,1.09,2.18,INF,-1,0,7,0
660,1,1,9.986,22.853,0.93,2.13,0.93,2.14,INF,-1,1,7,0
680,1,1,12.283,22.378,1.15,2.09,1.15,2.09,INF,-1,1,7,0
700,1,1,10.005,21.220,0.94,1.98,0.93,1.98,INF,-1,1,7,0
720,1,1,-2.609,20.819,-0.24,1.95,-0.24,1.95,INF,-1,1,7,0
740,1,1,-29.457,7.302,-2.75,0.68,-2.75,0.68,INF,-1,1,7,0
760,1,1,-29.857,6.547,-2.79,0.61,-2.79,0.61,INF,-1,0,7,0
780,1,1,-31.690,5.308,-2.96,0.50,-2.96,0.50,INF,-1,0,7,0
800,1,1,-31.070,6.458,-2.90,0.60,-2.90,0.60,INF,-1,0,7,0
820,1,1,-31.381,5.589,-2.93,0.52,-2.93,0.52,INF,-1,0,7,0
840,1,1,-32.254,5.922,-3.01,0.55,-3.01,0.55,INF,-1,0,7,0
860,1,1,-30.107,4.145,-2.81,0.39,-2.81,0.39,INF,-1,0,7,0
880,1,1,-31.035,5.128,-2.90,0.48,-2.90,0.48,INF,-1,0,7,0
900,1,1,-31.720,5.258,-2.96,0.49,-2.96,0.49,INF,-1,0,7,0
920,1,1,-31.153,5.503,-2.91,0.51,-2.91,0.51,INF,-1,0,7,0
940,1,1,-31.770,4.764,-2.97,0.44,-2.97,0.45,INF,-1,0,7,0
960,1,1,-31.396,5.004,-2.93,0.47,-2.93,0.47,INF,-1,0,7,0
980,1,1,-38.755,0.522,-3.62,0.05,-3.62,0.05,INF,-1,0,7,0
1000,1,1,-44.016,-5.849,-4.11,-0.55,-4.11,-0.55,INF,-1,0,7,0
1020,1,1,-42.918,-6.866,-4.00,-0.64,-4.00,-0.64,INF,-1,1,7,0
1040,1,1,-45.702,-6.691,-4.26,-0.62,-4.26,-0.63,INF,-1,0,7,0
1060,1,1,-43.962,-7.095,-4.10,-0.66,-4.10,-0.66,INF,-1,0,7,0
1080,1,1,-44.933,-6.847,-4.19,-0.64,-4.19,-0.64,INF,-1,0,7,0
1100,1,1,-43.859,-6.581,-4.09,-0.61,-4.09,-0.62,INF,-1,0,7,0
1120,1,1,-44.290,-6.981,-4.13,-0.65,-4.13,-0.65,INF,-1,0,7,0
1140,1,1,-44.796,-6.641,-4.18,-0.62,-4.18,-0.62,INF,-1,0,7,0
1160,1,1,-41.957,-6.344,-3.92,-0.59,-3.92,-0.59,INF,-1,0,7,0
1180,1,1,-45.427,-4.558,-4.24,-0.42,-4.24,-0.43,INF,-1,0,7,0
1200,1,1,-43.287,10.764,-4.04,1.00,-4.04,1.01,INF,-1,0,7,0
1220,1,1,-44.167,10.553,-4.12,0.98,-4.12,0.99,INF,-1,0,7,0
1240,1,1,-43.416,9.703,-4.05,0.90,-4.05,0.91,INF,-1,0,7,0
1260,1,1,-44.007,10.357,-4.11,0.97,-4.11,0.97,INF,-1,0,7,0
1280,1,1,-46.834,9.629,-4.37,0.90,-4.37,0.90,INF,-1,0,7,0
1300,1,1,-42.704,10.006,-3.98,0.93,-3.98,0.94,INF,-1,1,7,0
1320,1,1,-43.493,9.537,-4.06,0.89,-4.06,0.89,INF,-1,1,7,0
1340,1,1,-45.426,9.309,-4.24,0.87,-4.24,0.87,INF,-1,1,7,0
1360,1,1,-43.667,9.680,-4.07,0.90,-4.07,0.90,INF,-1,1,7,0
1380,1,1,-42.808,8.907,-3.99,0.83,-3.99,0.83,INF,-1,1,7,0
1400,1,1,-43.103,10.043,-4.02,0.94,-4.02,0.94,INF,-1,1,7,0
1420,1,1,-45.351,10.599,-4.23,0.99,-4.23,0.99,INF,-1,1,7,0
1440,1,1,-45.739,10.377,-4.27,0.97,-4.27,0.97,INF,-1,1,7,0
1460,1,1,-43.845,8.409,-4.09,0.78,-4.09,0.79,INF,-1,1,7,0
1480,1,1,-44.451,9.646,-4.15,0.90,-4.15,0.90,INF,-1,1,7,0
1500,1,1,-44.414,10.109,-4.14,0.94,-4.14,0.94,INF,-1,1,7,0
1520,1,1,-37.758,21.003,-3.52,1.96,-3.52,1.96,INF,-1,1,7,0
1540,1,1,-35.297,20.810,-3.30,1.94,-3.29,1.94,INF,-1,1,7,0
1560,1,1,-37.288,22.115,-3.48,2.06,-3.48,2.07,INF,-1,0,7,0
1580,1,1,-36.487,21.534,-3.41,2.01,-3.40,2.01,INF,-1,0,7,0
1600,1,1,-35.531,21.446,-3.32,2.00,-3.32,2.00,INF,-1,0,7,0
1620,1,1,-36.164,20.193,-3.38,1.88,-3.37,1.89,INF,-1,0,7,0
1640,1,1,-37.215,20.307,-3.47,1.89,-3.47,1.90,INF,-1,0,7,0
1660,1,1,-36.498,19.994,-3.41,1.86,-3.41,1.87,INF,-1,0,7,0
1680,1,1,-36.649,21.745,-3.42,2.03,-3.42,2.03,INF,-1,0,7,0
1700,1,1,-35.478,19.868,-3.31,1.85,-3.31,1.86,INF,-1,0,7,0
1720,1,1,-33.548,19.908,-3.13,1.86,-3.13,1.86,INF,-1,0,7,0
1740,1,1,8.276,25.866,0.77,2.42,0.77,2.42,INF,-1,0,7,0
1760,1,1,7.267,24.204,0.68,2.26,0.68,2.26,INF,-1,0,7,0
1780,1,1,8.585,23.643,0.80,2.21,0.80,2.21,INF,-1,0,7,0
1800,1,1,10.617,21.639,0.99,2.02,0.99,2.02,INF,-1,0,7,0
1820,1,1,8.307,23.580,0.78,2.20,0.78,2.20,INF,-1,0,7,0
1840,1,1,7.900,22.355,0.74,2.09,0.74,2.09,INF,-1,0,7,0
1860,1,1,8.157,22.658,0.76,2.12,0.76,2.12,INF,-1,0,7,0
1880,1,1,8.573,23.331,0.80,2.18,0.80,2.18,INF,-1,0,7,0
1900,1,1,9.082,22.583,0.85,2.11,0.85,2.11,INF,-1,0,7,0
1920,1,1,7.750,21.885,0.72,2.04,0.72,2.04,INF,-1,0,7,0
1940,1,1,8.320,22.596,0.78,2.11,0.78,2.11,INF,-1,0,7,0
1960,1,1,6.197,23.443,0.58,2.19,0.58,2.19,INF,-1,0,7,0
1980,1,1,7.129,24.085,0.67,2.25,0.67,2.25,INF,-1,0,7,0
2000,1,1,7.891,22.010,0.74,2.06,0.74,2.06,INF,-1,1,7,0
2020,1,1,6.472,22.046,0.60,2.06,0.60,2.06,INF,-1,1,7,0
2040,1,1,7.917,22.773,0.74,2.13,0.74,2.13,INF,-1,1,7,0
2060,1,1,6.328,22.562,0.59,2.11,0.59,2.11,INF,-1,1,7,0
2080,1,1,7.157,22.069,0.67,2.06,0.67,2.06,INF,-1,1,7,0
2100,1,1,8.548,22.239,0.80,2.08,0.80,2.08,INF,-1,1,7,0
2120,1,1,7.458,22.902,0.70,2.14,0.70,2.14,INF,-1,1,7,0
2140,1,1,6.733,22.414,0.63,2.09,0.63,2.09,INF,-1,1,7,0
2160,1,1,8.852,27.016,0.83,2.52,0.83,2.52,INF,-1,1,7,0
2180,1,1,8.302,32.923,0.78,3.07,0.77,3.07,INF,-1,1,7,0
2200,1,1,9.938,30.251,0.93,2.82,0.93,2.83,INF,-1,1,7,0
2220,1,1,7.026,31.914,0.66,2.98,0.66,2.98,INF,-1,1,7,0
2240,1,1,9.217,31.550,0.86,2.95,0.86,2.95,INF,-1,1,7,0
2260,1,1,8.443,31.149,0.79,2.91,0.79,2.91,INF,-1,1,7,0
2280,1,1,7.862,31.544,0.73,2.95,0.73,2.95,INF,-1,1,7,0
2300,1,1,7.430,31.998,0.69,2.99,0.69,2.99,INF,-1,1,7,0
2320,1,1,6.652,32.272,0.62,3.01,0.62,3.01,INF,-1,1,7,0
2340,1,1,7.042,31.635,0.66,2.95,0.66,2.95,INF,-1,1,7,0
2360,1,1,7.018,30.533,0.66,2.85,0.66,2.85,INF,-1,1,7,0
2380,1,1,8.207,31.671,0.77,2.96,0.77,2.96,INF,-1,1,7,0
2400,1,1,7.805,30.117,0.73,2.81,0.73,2.81,INF,-1,1,7,0
2420,1,1,8.066,31.118,0.75,2.91,0.75,2.91,INF,-1,1,7,0
2440,1,1,6.178,31.651,0.58,2.96,0.58,2.96,INF,-1,1,7,0
2460,1,1,8.091,-7.344,0.76,-0.69,0.76,-0.69,INF,-1,1,7,0
2480,1,1,5.421,-27.591,0.51,-2.58,0.51,-2.58,INF,-1,1,7,0
2500,1,1,4.768,-29.567,0.45,-2.76,0.45,-2.76,INF,-1,0,7,0
2520,1,1,5.647,-29.572,0.53,-2.76,0.53,-2.76,INF,-1,0,7,0
2540,1,1,5.128,-29.523,0.48,-2.76,0.48,-2.76,INF,-1,0,7,0
2560,1,1,3.877,-28.436,0.36,-2.66,0.36,-2.66,INF,-1,0,7,0
2580,1,1,4.688,-29.724,0.44,-2.78,0.44,-2.78,INF,-1,0,7,0
2600,1,1,4.978,-29.191,0.47,-2.73,0.46,-2.73,INF,-1,0,7,0
2620,1,1,4.309,-30.704,0.40,-2.87,0.40,-2.87,INF,-1,0,7,0
2640,1,1,4.747,-30.860,0.44,-2.88,0.44,-2.88,INF,-1,0,7,0
2660,1,1,3.640,-28.679,0.34,-2.68,0.34,-2.68,INF,-1,0,7,0
2680,1,1,2.846,-28.935,0.27,-2.70,0.27,-2.70,INF,-1,0,7,0
2700,1,1,4.399,-29.610,0.41,-2.77,0.41,-2.77,INF,-1,0,7,0
2720,1,1,5.450,-29.698,0.51,-2.77,0.51,-2.77,INF,-1,0,7,0
2740,1,1,4.781,-29.418,0.45,-2.75,0.45,-2.75,INF,-1,0,7,0
2760,1,1,3.775,-28.728,0.35,-2.68,0.35,-2.68,INF,-1,1,7,0
2780,1,1,6.880,-30.864,0.64,-2.88,0.64,-2.88,INF,-1,1,7,0
2800,1,1,4.461,-30.616,0.42,-2.86,0.42,-2.86,INF,-1,1,7,0
2820,1,1,5.156,-31.159,0.48,-2.91,0.48,-2.91,INF,-1,1,7,0
2840,1,1,4.181,-30.146,0.39,-2.82,0.39,-2.82,INF,-1,1,7,0
2860,1,1,2.550,-29.217,0.24,-2.73,0.24,-2.73,INF,-1,1,7,0
2880,1,1,-5.580,-35.373,-0.52,-3.30,-0.52,-3.30,INF,-1,1,7,0
2900,1,1,-4.635,-36.504,-0.43,-3.41,-0.43,-3.41,INF,-1,1,7,0
2920,1,1,-5.694,-35.727,-0.53,-3.34,-0.53,-3.34,INF,-1,0,7,0
2940,1,1,-5.946,-35.540,-0.56,-3.32,-0.55,-3.32,INF,-1,0,7,0
2960,1,1,-5.764,-35.745,-0.54,-3.34,-0.54,-3.34,INF,-1,0,7,0
2980,1,1,-4.863,-37.529,-0.45,-3.50,-0.45,-3.50,INF,-1,0,7,0
3000,1,1,-4.781,-37.681,-0.45,-3.52,-0.45,-3.52,INF,-1,0,7,0
3020,1,1,-4.273,-37.278,-0.40,-3.48,-0.40,-3.48,INF,-1,0,7,0
3040,1,1,-5.392,-36.721,-0.50,-3.43,-0.50,-3.43,INF,-1,0,7,0
3060,1,1,-4.255,-37.606,-0.40,-3.51,-0.40,-3.51,INF,-1,0,7,0
3080,1,1,-5.062,-37.981,-0.47,-3.55,-0.47,-3.55,INF,-1,0,7,0
3100,1,1,-5.268,-37.536,-0.49,-3.50,-0.49,-3.50,INF,-1,0,7,0
3120,1,1,-4.386,-36.205,-0.41,-3.38,-0.41,-3.38,INF,-1,0,7,0
3140,1,1,35.550,-34.446,3.32,-3.21,3.31,-3.22,INF,-1,0,7,0
3160,1,1,41.727,-36.609,3.89,-3.41,3.89,-3.42,INF,-1,1,7,0
3180,1,1,43.072,-35.961,4.02,-3.35,4.01,-3.36,INF,-1,0,7,0
3200,1,1,42.612,-37.319,3.98,-3.48,3.97,-3.48,INF,-1,0,7,0
3220,1,1,41.301,-35.584,3.85,-3.31,3.85,-3.32,INF,-1,0,7,0
3240,1,1,41.235,-35.187,3.85,-3.28,3.84,-3.29,INF,-1,0,7,0
3260,1,1,41.607,-36.481,3.88,-3.40,3.88,-3.41,INF,-1,0,7,0
3280,1,1,41.592,-37.238,3.88,-3.47,3.87,-3.48,INF,-1,0,7,0
3300,1,1,41.584,-37.520,3.88,-3.49,3.87,-3.50,INF,-1,0,7,0
3320,1,1,41.651,-38.379,3.89,-3.57,3.88,-3.58,INF,-1,0,7,0
3340,1,1,40.088,-37.636,3.74,-3.51,3.73,-3.51,INF,-1,0,7,0
3360,1,1,41.499,-38.926,3.87,-3.63,3.87,-3.63,INF,-1,0,7,0
3380,1,1,41.457,-38.199,3.87,-3.56,3.86,-3.57,INF,-1,0,7,0
3400,1,1,41.226,-36.521,3.85,-3.40,3.84,-3.41,INF,-1,0,7,0
3420,1,1,42.178,-37.062,3.94,-3.45,3.93,-3.46,INF,-1,1,7,0
3440,1,1,40.571,-36.250,3.79,-3.38,3.78,-3.38,INF,-1,1,7,0
3460,1,1,41.078,-39.076,3.83,-3.64,3.83,-3.65,INF,-1,1,7,0
3480,1,1,44.046,-38.015,4.11,-3.54,4.10,-3.55,INF,-1,1,7,0
3500,1,1,50.589,-28.975,4.72,-2.70,4.71,-2.71,INF,-1,1,7,0
3520,1,1,49.542,-28.836,4.62,-2.68,4.62,-2.69,INF,-1,1,7,0
3540,1,1,49.566,-29.778,4.62,-2.77,4.62,-2.78,INF,-1,0,7,0
3560,1,1,48.993,-29.570,4.57,-2.75,4.56,-2.76,INF,-1,0,7,0
3580,1,1,49.874,-29.994,4.65,-2.79,4.65,-2.80,INF,-1,0,7,0
3600,1,1,50.054,-29.549,4.67,-2.75,4.66,-2.76,INF,-1,0,7,0
3620,1,1,48.846,-27.871,4.56,-2.60,4.55,-2.60,INF,-1,0,7,0
3640,1,1,49.136,-28.054,4.58,-2.61,4.58,-2.62,INF,-1,0,7,0
3660,1,1,49.427,-31.149,4.61,-2.90,4.60,-2.91,INF,-1,0,7,0
3680,1,1,24.182,24.061,2.26,2.25,2.26,2.25,INF,-1,0,7,0
3700,1,1,22.930,21.733,2.14,2.03,2.14,2.03,INF,-1,0,7,0
3720,1,1,21.866,22.541,2.04,2.10,2.04,2.11,INF,-1,0,7,0
3740,1,1,22.050,23.588,2.06,2.20,2.06,2.20,INF,-1,0,7,0
3760,1,1,22.036,22.395,2.06,2.09,2.06,2.09,INF,-1,0,7,0
3780,1,1,23.042,23.155,2.15,2.16,2.15,2.16,INF,-1,0,7,0
3800,1,1,22.205,23.590,2.07,2.20,2.07,2.20,INF,-1,0,7,0
3820,1,1,22.163,23.498,2.07,2.19,2.07,2.20,INF,-1,0,7,0
3840,1,1,21.770,23.252,2.03,2.17,2.03,2.17,INF,-1,0,7,0
3860,1,1,22.185,24.148,2.07,2.25,2.07,2.26,INF,-1,0,7,0
3880,1,1,22.217,22.706,2.08,2.12,2.07,2.12,INF,-1,0,7,0
3900,1,1,13.269,21.584,1.24,2.02,1.24,2.02,INF,-1,0,7,0
3920,1,1,12.216,22.012,1.14,2.06,1.14,2.06,INF,-1,0,7,0
3940,1,1,12.226,22.132,1.14,2.07,1.14,2.07,INF,-1,0,7,0
3960,1,1,10.819,21.143,1.01,1.98,1.01,1.98,INF,-1,1,7,0
3980,1,1,11.643,22.720,1.09,2.12,1.09,2.12,INF,-1,1,7,0
4000,1,1,11.643,21.064,1.09,1.97,1.09,1.97,INF,-1,1,7,0
4020,1,1,13.503,21.239,1.26,1.98,1.26,1.98,INF,-1,1,7,0
4040,1,1,13.323,20.903,1.25,1.95,1.24,1.95,INF,-1,1,7,0
4060,1,1,12.922,19.921,1.21,1.86,1.21,1.86,INF,-1,1,7,0
4080,1,1,12.546,19.837,1.17,1.85,1.17,1.85,INF,-1,1,7,0
4100,1,1,11.787,20.241,1.10,1.89,1.10,1.89,INF,-1,1,7,0
4120,1,1,11.976,20.862,1.12,1.95,1.12,1.95,INF,-1,1,7,0
4140,1,1,14.198,21.010,1.33,1.96,1.33,1.96,INF,-1,1,7,0
4160,1,1,12.522,20.471,1.17,1.91,1.17,1.91,INF,-1,1,7,0
4180,1,1,12.982,22.523,1.21,2.10,1.21,2.10,INF,-1,1,7,0
4200,1,1,13.226,20.315,1.24,1.90,1.24,1.90,INF,-1,1,7,0
4220,1,1,13.838,19.371,1.29,1.81,1.29,1.81,INF,-1,1,7,0
4240,1,1,4.954,21.879,0.46,2.04,0.46,2.04,INF,-1,1,7,0
4260,1,1,8.686,19.401,0.81,1.81,0.81,1.81,INF,-1,1,7,0
4280,1,1,9.385,19.345,0.88,1.81,0.88,1.81,INF,-1,0,7,0
4300,1,1,10.694,19.896,1.00,1.86,1.00,1.86,INF,-1,0,7,0
4320,1,1,8.789,19.889,0.82,1.86,0.82,1.86,INF,-1,0,7,0
4340,1,1,8.349,19.221,0.78,1.80,0.78,1.80,INF,-1,0,7,0
4360,1,1,9.782,19.003,0.91,1.78,0.91,1.78,INF,-1,0,7,0
4380,1,1,10.327,20.008,0.97,1.87,0.96,1.87,INF,-1,0,7,0
4400,1,1,9.560,20.254,0.89,1.89,0.89,1.89,INF,-1,0,7,0
4420,1,1,8.558,20.103,0.80,1.88,0.80,1.88,INF,-1,0,7,0
4440,1,1,7.881,21.011,0.74,1.96,0.74,1.96,INF,-1,0,7,0
4460,1,1,8.867,20.076,0.83,1.88,0.83,1.88,INF,-1,0,7,0
4480,1,1,7.020,18.581,0.66,1.74,0.66,1.74,INF,-1,0,7,0
4500,1,1,8.800,19.990,0.82,1.87,0.82,1.87,INF,-1,0,7,0
4520,1,1,10.545,18.472,0.99,1.73,0.99,1.73,INF,-1,1,7,0
4540,1,1,9.096,18.833,0.85,1.76,0.85,1.76,INF,-1,1,7,0
4560,1,1,8.963,19.769,0.84,1.85,0.84,1.85,INF,-1,1,7,0
4580,1,1,9.482,19.431,0.89,1.82,0.89,1.82,INF,-1,1,7,0
4600,1,1,7.553,18.580,0.71,1.74,0.71,1.74,INF,-1,1,7,0
4620,1,1,8.558,18.896,0.80,1.77,0.80,1.77,INF,-1,1,7,0
4640,1,1,7.829,18.936,0.73,1.77,0.73,1.77,INF,-1,1,7,0
4660,1,1,8.798,19.222,0.82,1.80,0.82,1.80,INF,-1,1,7,0
4680,1,1,7.258,19.169,0.68,1.79,0.68,1.79,INF,-1,1,7,0
4700,1,1,10.354,18.723,0.97,1.75,0.97,1.75,INF,-1,1,7,0
4720,1,1,8.487,20.070,0.79,1.88,0.79,1.88,INF,-1,1,7,0
4740,1,1,7.812,19.687,0.73,1.84,0.73,1.84,INF,-1,1,7,0
4760,1,1,8.647,19.748,0.81,1.84,0.81,1.85,INF,-1,1,7,0
4780,1,1,8.229,19.229,0.77,1.80,0.77,1.80,INF,-1,1,7,0
4800,1,1,9.899,19.581,0.93,1.83,0.92,1.83,INF,-1,1,7,0
4820,1,1,8.561,18.722,0.80,1.75,0.80,1.75,INF,-1,1,7,0
4840,1,1,7.431,20.637,0.69,1.93,0.69,1.93,INF,-1,1,7,0
4860,1,1,7.300,20.797,0.68,1.94,0.68,1.94,INF,-1,1,7,0
4880,1,1,8.013,20.341,0.75,1.90,0.75,1.90,INF,-1,1,7,0
4900,1,1,7.379,19.836,0.69,1.85,0.69,1.85,INF,-1,1,7,0
4920,1,1,7.145,19.288,0.67,1.80,0.67,1.80,INF,-1,1,7,0
4940,1,1,9.567,19.765,0.89,1.85,0.89,1.85,INF,-1,1,7,0
4960,1,1,2.103,19.727,0.20,1.84,0.20,1.84,INF,-1,1,7,0
4980,1,1,-22.233,6.368,-2.08,0.59,-2.08,0.60,INF,-1,1,7,0
5000,1,1,-22.747,8.754,-2.13,0.82,-2.12,0.82,INF,-1,1,7,0
5020,1,1,-22.892,8.099,-2.14,0.76,-2.14,0.76,INF,-1,0,7,0
5040,1,1,-22.624,8.950,-2.11,0.84,-2.11,0.84,INF,-1,0,7,0
5060,1,1,-24.217,9.030,-2.26,0.84,-2.26,0.84,INF,-1,0,7,0
5080,1,1,-23.923,8.928,-2.23,0.83,-2.23,0.83,INF,-1,0,7,0
5100,1,1,-23.372,8.117,-2.18,0.76,-2.18,0.76,INF,-1,0,7,0
5120,1,1,-24.705,8.863,-2.31,0.83,-2.31,0.83,INF,-1,0,7,0
5140,1,1,-24.115,8.554,-2.25,0.80,-2.25,0.80,INF,-1,0,7,0
5160,1,1,-22.277,8.731,-2.08,0.82,-2.08,0.82,INF,-1,0,7,0
5180,1,1,-21.793,8.512,-2.04,0.80,-2.04,0.80,INF,-1,0,7,0
5200,1,1,-24.745,8.706,-2.31,0.81,-2.31,0.81,INF,-1,0,7,0
5220,1,1,-25.029,9.445,-2.34,0.88,-2.34,0.88,INF,-1,0,7,0
5240,1,1,-22.532,8.921,-2.11,0.83,-2.10,0.83,INF,-1,0,7,0
5260,1,1,-26.460,8.768,-2.47,0.82,-2.47,0.82,INF,-1,1,7,0
5280,1,1,-35.349,10.841,-3.30,1.01,-3.30,1.01,INF,-1,1,7,0
5300,1,1,-34.528,9.789,-3.22,0.91,-3.22,0.91,INF,-1,1,7,0
5320,1,1,-35.188,9.094,-3.29,0.85,-3.28,0.85,INF,-1,0,7,0
5340,1,1,-35.581,10.574,-3.32,0.99,-3.32,0.99,INF,-1,0,7,0
5360,1,1,-35.236,8.801,-3.29,0.82,-3.29,0.82,INF,-1,0,7,0
5380,1,1,-35.278,8.479,-3.29,0.79,-3.29,0.79,INF,-1,0,7,0
5400,1,1,-36.385,10.661,-3.40,0.99,-3.40,1.00,INF,-1,0,7,0
5420,1,1,-35.751,11.162,-3.34,1.04,-3.34,1.04,INF,-1,0,7,0
5440,1,1,-34.440,9.139,-3.22,0.85,-3.22,0.85,INF,-1,0,7,0
5460,1,1,-35.268,9.675,-3.29,0.90,-3.29,0.90,INF,-1,0,7,0
5480,1,1,-36.648,9.942,-3.42,0.93,-3.42,0.93,INF,-1,0,7,0
5500,1,1,-50.532,-1.514,-4.71,-0.14,-4.71,-0.14,INF,-1,0,7,0
5520,1,1,-50.117,-1.901,-4.67,-0.18,-4.67,-0.18,INF,-1,0,7,0
5540,1,1,-49.030,-2.587,-4.57,-0.24,-4.57,-0.24,INF,-1,0,7,0
5560,1,1,-50.532,-1.182,-4.71,-0.11,-4.71,-0.11,INF,-1,0,7,0
5580,1,1,-49.581,-0.712,-4.62,-0.07,-4.62,-0.07,INF,-1,0,7,0
5600,1,1,-48.211,-1.184,-4.50,-0.11,-4.50,-0.11,INF,-1,0,7,0
5620,1,1,-48.590,-2.654,-4.53,-0.25,-4.53,-0.25,INF,-1,1,7,0
5640,1,1,-48.882,-2.218,-4.56,-0.21,-4.56,-0.21,INF,-1,1,7,0
5660,1,1,-47.382,-2.839,-4.42,-0.26,-4.42,-0.27,INF,-1,1,7,0
5680,1,1,-50.060,-0.210,-4.67,-0.02,-4.67,-0.02,INF,-1,1,7,0
5700,1,1,-49.098,-1.456,-4.58,-0.14,-4.58,-0.14,INF,-1,1,7,0
5720,1,1,-49.193,-2.486,-4.59,-0.23,-4.59,-0.23,INF,-1,1,7,0
5740,1,1,-50.038,-0.798,-4.67,-0.07,-4.67,-0.07,INF,-1,1,7,0
5760,1,1,-48.761,-1.203,-4.55,-0.11,-4.55,-0.11,INF,-1,1,7,0
5780,1,1,-48.449,-1.722,-4.52,-0.16,-4.52,-0.16,INF,-1,1,7,0
5800,1,1,-48.999,-3.386,-4.57,-0.32,-4.57,-0.32,INF,-1,1,7,0
5820,1,1,-48.624,0.755,-4.54,0.07,-4.54,0.07,INF,-1,1,7,0
5840,1,1,-44.939,7.304,-4.19,0.68,-4.19,0.68,INF,-1,1,7,0
5860,1,1,-47.888,5.676,-4.47,0.53,-4.47,0.53,INF,-1,1,7,0
5880,1,1,-47.787,6.993,-4.46,0.65,-4.46,0.65,INF,-1,1,7,0
5900,1,1,-47.103,5.301,-4.39,0.49,-4.39,0.50,INF,-1,1,7,0
5920,1,1,-47.423,5.973,-4.42,0.56,-4.42,0.56,INF,-1,1,7,0
5940,1,1,-48.429,5.606,-4.52,0.52,-4.52,0.52,INF,-1,1,7,0
5960,1,1,-49.097,5.084,-4.58,0.47,-4.58,0.48,INF,-1,1,7,0
5980,1,1,-48.498,5.887,-4.52,0.55,-4.52,0.55,INF,-1,1,7,0
6000,1,1,-47.525,4.750,-4.43,0.44,-4.43,0.44,INF,-1,1,7,0
6020,1,1,-47.657,4.279,-4.45,0.40,-4.45,0.40,INF,-1,1,7,0
6040,1,1,-48.974,5.203,-4.57,0.48,-4.57,0.49,INF,-1,1,7,0
6060,1,1,-48.598,4.396,-4.53,0.41,-4.53,0.41,INF,-1,1,7,0
6080,1,1,-52.210,16.738,-4.87,1.56,-4.87,1.56,INF,-1,1,7,0
6100,1,1,-51.218,18.866,-4.78,1.76,-4.77,1.76,INF,-1,1,7,0
6120,1,1,-50.482,17.847,-4.71,1.66,-4.71,1.67,INF,-1,0,7,0
6140,1,1,-52.746,17.784,-4.92,1.66,-4.92,1.66,INF,-1,0,7,0
6160,1,1,-52.363,18.998,-4.88,1.77,-4.88,1.78,INF,-1,0,7,0
6180,1,1,-53.323,18.912,-4.97,1.76,-4.97,1.77,INF,-1,0,7,0
6200,1,1,-53.322,19.235,-4.97,1.79,-4.97,1.80,INF,-1,0,7,0
6220,1,1,-53.752,19.297,-5.01,1.80,-5.01,1.80,INF,-1,0,7,0
6240,1,1,-51.792,18.904,-4.83,1.76,-4.83,1.77,INF,-1,0,7,0
6260,1,1,-52.084,17.994,-4.86,1.68,-4.85,1.68,INF,-1,0,7,0
6280,1,1,0.588,31.676,0.05,2.96,0.05,2.96,INF,-1,0,7,0
6300,1,1,-1.042,28.647,-0.10,2.68,-0.10,2.68,INF,-1,0,7,0
6320,1,1,-0.721,27.586,-0.07,2.58,-0.07,2.58,INF,-1,0,7,0
6340,1,1,-1.198,27.921,-0.11,2.61,-0.11,2.61,INF,-1,0,7,0
6360,1,1,-0.594,27.521,-0.06,2.57,-0.06,2.57,INF,-1,0,7,0
6380,1,1,-2.061,27.676,-0.19,2.59,-0.19,2.59,INF,-1,0,7,0
6400,1,1,-1.612,29.089,-0.15,2.72,-0.15,2.72,INF,-1,0,7,0
6420,1,1,-3.062,29.540,-0.29,2.76,-0.29,2.76,INF,-1,0,7,0
6440,1,1,-0.770,29.130,-0.07,2.72,-0.07,2.72,INF,-1,0,7,0
6460,1,1,-0.673,28.842,-0.06,2.69,-0.06,2.69,INF,-1,0,7,0
6480,1,1,-1.017,28.919,-0.10,2.70,-0.09,2.70,INF,-1,0,7,0
6500,1,1,-3.491,29.163,-0.33,2.72,-0.33,2.72,INF,-1,0,7,0
6520,1,1,-0.911,28.976,-0.09,2.71,-0.09,2.71,INF,-1,0,7,0
6540,1,1,11.036,34.123,1.03,3.19,1.03,3.19,INF,-1,0,7,0
6560,1,1,15.999,33.900,1.50,3.16,1.49,3.17,INF,-1,1,7,0
6580,1,1,14.741,34.584,1.38,3.23,1.38,3.23,INF,-1,0,7,0
6600,1,1,15.786,34.103,1.48,3.18,1.47,3.18,INF,-1,0,7,0
6620,1,1,14.383,35.103,1.34,3.28,1.34,3.28,INF,-1,0,7,0
6640,1,1,16.766,34.097,1.57,3.18,1.56,3.18,INF,-1,0,7,0
6660,1,1,16.164,33.780,1.51,3.15,1.51,3.15,INF,-1,0,7,0
6680,1,1,14.516,34.146,1.36,3.19,1.35,3.19,INF,-1,0,7,0
6700,1,1,15.736,33.819,1.47,3.16,1.47,3.16,INF,-1,0,7,0
6720,1,1,14.387,33.218,1.34,3.10,1.34,3.10,INF,-1,0,7,0
6740,1,1,14.079,32.720,1.32,3.05,1.31,3.06,INF,-1,0,7,0
6760,1,1,15.663,33.113,1.46,3.09,1.46,3.09,INF,-1,0,7,0
6780,1,1,16.034,32.801,1.50,3.06,1.50,3.06,INF,-1,0,7,0
6800,1,1,16.611,32.814,1.55,3.06,1.55,3.06,INF,-1,0,7,0
6820,1,1,16.024,33.814,1.50,3.16,1.50,3.16,INF,-1,1,7,0
6840,1,1,15.509,34.658,1.45,3.23,1.45,3.24,INF,-1,1,7,0
6860,1,1,15.338,34.609,1.43,3.23,1.43,3.23,INF,-1,1,7,0
6880,1,1,17.087,32.035,1.60,2.99,1.59,2.99,INF,-1,1,7,0
6900,1,1,16.576,36.088,1.55,3.37,1.55,3.37,INF,-1,1,7,0
6920,1,1,36.841,-16.697,3.44,-1.56,3.44,-1.56,INF,-1,1,7,0
6940,1,1,33.685,-16.593,3.15,-1.55,3.14,-1.55,INF,-1,1,7,0
6960,1,1,35.259,-17.761,3.29,-1.66,3.29,-1.66,INF,-1,0,7,0
6980,1,1,35.140,-18.348,3.28,-1.71,3.28,-1.71,INF,-1,0,7,0
7000,1,1,36.254,-17.471,3.38,-1.63,3.38,-1.63,INF,-1,0,7,0
7020,1,1,36.013,-16.640,3.36,-1.55,3.36,-1.55,INF,-1,0,7,0
7040,1,1,34.699,-17.923,3.24,-1.67,3.24,-1.67,INF,-1,0,7,0
7060,1,1,35.956,-17.002,3.36,-1.59,3.36,-1.59,INF,-1,0,7,0
7080,1,1,35.960,-17.334,3.36,-1.62,3.36,-1.62,INF,-1,0,7,0
7100,1,1,35.792,-15.898,3.34,-1.48,3.34,-1.49,INF,-1,0,7,0
7120,1,1,35.900,-16.309,3.35,-1.52,3.35,-1.52,INF,-1,0,7,0
7140,1,1,36.208,-16.447,3.38,-1.53,3.38,-1.54,INF,-1,0,7,0
7160,1,1,36.722,-17.889,3.43,-1.67,3.43,-1.67,INF,-1,0,7,0
7180,1,1,35.893,-17.245,3.35,-1.61,3.35,-1.61,INF,-1,0,7,0
7200,1,1,38.112,-15.649,3.56,-1.46,3.56,-1.46,INF,-1,1,7,0
7220,1,1,38.899,-18.706,3.63,-1.74,3.63,-1.75,INF,-1,1,7,0
7240,1,1,51.175,-36.048,4.77,-3.35,4.76,-3.37,INF,-1,1,7,0
7260,1,1,49.416,-37.030,4.61,-3.45,4.60,-3.46,INF,-1,1,7,0
7280,1,1,50.817,-37.371,4.74,-3.48,4.73,-3.49,INF,-1,0,7,0
7300,1,1,49.861,-36.998,4.65,-3.44,4.64,-3.45,INF,-1,0,7,0
7320,1,1,50.030,-37.055,4.67,-3.45,4.66,-3.46,INF,-1,0,7,0
7340,1,1,51.633,-37.309,4.81,-3.47,4.81,-3.48,INF,-1,0,7,0
7360,1,1,53.200,-36.056,4.96,-3.35,4.95,-3.37,INF,-1,0,7,0
7380,1,1,50.686,-36.637,4.73,-3.41,4.72,-3.42,INF,-1,0,7,0
7400,1,1,51.956,-37.514,4.84,-3.49,4.84,-3.50,INF,-1,0,7,0
7420,1,1,50.553,-37.650,4.71,-3.50,4.71,-3.51,INF,-1,0,7,0
7440,1,1,50.700,-38.350,4.73,-3.57,4.72,-3.58,INF,-1,0,7,0
7460,1,1,52.180,-38.137,4.87,-3.55,4.86,-3.56,INF,-1,0,7,0
7480,1,1,51.493,-39.112,4.80,-3.64,4.79,-3.65,INF,-1,0,7,0
7500,1,1,62.516,-40.157,5.82,-3.73,5.81,-3.75,INF,-1,0,7,0
7520,1,1,60.656,-40.086,5.65,-3.72,5.64,-3.74,INF,-1,1,7,0
7540,1,1,61.172,-38.826,5.70,-3.61,5.69,-3.62,INF,-1,1,7,0
7560,1,1,61.697,-40.146,5.75,-3.73,5.74,-3.75,INF,-1,1,7,0
7580,1,1,61.096,-40.225,5.69,-3.74,5.68,-3.75,INF,-1,1,7,0
7600,1,1,62.102,-40.244,5.78,-3.74,5.77,-3.76,INF,-1,1,7,0
7620,1,1,61.226,-40.245,5.70,-3.74,5.69,-3.76,INF,-1,1,7,0
7640,1,1,61.331,-39.054,5.71,-3.63,5.70,-3.65,INF,-1,1,7,0
7660,1,1,60.595,-40.231,5.65,-3.74,5.63,-3.75,INF,-1,1,7,0
7680,1,1,61.829,-39.524,5.76,-3.67,5.75,-3.69,INF,-1,1,7,0
7700,1,1,60.363,-39.193,5.62,-3.64,5.61,-3.66,INF,-1,1,7,0
7720,1,1,62.041,-40.467,5.78,-3.76,5.77,-3.78,INF,-1,1,7,0
7740,1,1,60.966,-40.544,5.68,-3.77,5.67,-3.78,INF,-1,1,7,0
7760,1,1,59.600,-39.453,5.55,-3.67,5.54,-3.68,INF,-1,1,7,0
7780,1,1,60.636,-39.026,5.65,-3.63,5.64,-3.64,INF,-1,1,7,0
7800,1,1,61.166,-40.062,5.70,-3.72,5.69,-3.74,INF,-1,1,7,0
7820,1,1,61.184,-39.740,5.70,-3.69,5.69,-3.71,INF,-1,1,7,0
7840,1,1,53.803,-39.407,5.02,-3.66,5.01,-3.68,INF,-1,1,7,0
7860,1,1,41.850,-35.246,3.91,-3.28,3.90,-3.29,INF,-1,1,7,0
7880,1,1,40.454,-36.175,3.78,-3.37,3.77,-3.38,INF,-1,1,7,0
7900,1,1,42.327,-36.324,3.95,-3.38,3.94,-3.39,INF,-1,0,7,0
7920,1,1,41.885,-37.324,3.91,-3.48,3.90,-3.48,INF,-1,0,7,0
7940,1,1,40.874,-36.888,3.81,-3.44,3.81,-3.44,INF,-1,0,7,0
7960,1,1,40.881,-35.039,3.82,-3.26,3.81,-3.27,INF,-1,0,7,0
7980,1,1,32.902,-16.416,3.07,-1.53,3.07,-1.53,INF,-1,0,7,0
8000,1,1,12.758,16.358,1.19,1.53,1.19,1.53,INF,-1,0,7,0
8020,1,1,11.765,16.467,1.10,1.54,1.10,1.54,INF,-1,0,7,0
8040,1,1,10.667,15.125,1.00,1.41,1.00,1.41,INF,-1,0,7,0
8060,1,1,12.198,15.229,1.14,1.42,1.14,1.42,INF,-1,0,7,0
8080,1,1,11.571,16.185,1.08,1.51,1.08,1.51,INF,-1,0,7,0
8100,1,1,11.482,16.482,1.07,1.54,1.07,1.54,INF,-1,0,7,0
8120,1,1,10.808,17.279,1.01,1.61,1.01,1.61,INF,-1,0,7,0
8140,1,1,11.060,16.440,1.03,1.54,1.03,1.54,INF,-1,0,7,0
8160,1,1,10.617,16.986,0.99,1.59,0.99,1.59,INF,-1,0,7,0
8180,1,1,11.876,16.885,1.11,1.58,1.11,1.58,INF,-1,0,7,0
8200,1,1,9.912,17.264,0.93,1.61,0.93,1.61,INF,-1,0,7,0
8220,1,1,9.721,18.045,0.91,1.69,0.91,1.69,INF,-1,0,7,0
8240,1,1,13.155,16.956,1.23,1.58,1.23,1.58,INF,-1,0,7,0
8260,1,1,11.948,17.221,1.12,1.61,1.12,1.61,INF,-1,0,7,0
8280,1,1,12.363,16.449,1.16,1.54,1.15,1.54,INF,-1,1,7,0
8300,1,1,11.576,21.723,1.08,2.03,1.08,2.03,INF,-1,1,7,0
8320,1,1,10.685,22.550,1.00,2.11,1.00,2.11,INF,-1,1,7,0
8340,1,1,10.049,20.872,0.94,1.95,0.94,1.95,INF,-1,1,7,0
8360,1,1,10.478,22.045,0.98,2.06,0.98,2.06,INF,-1,1,7,0
8380,1,1,11.608,21.063,1.08,1.97,1.08,1.97,INF,-1,1,7,0
8400,1,1,11.588,22.268,1.08,2.08,1.08,2.08,INF,-1,1,7,0
8420,1,1,10.974,20.676,1.03,1.93,1.03,1.93,INF,-1,1,7,0
8440,1,1,10.971,22.000,1.03,2.06,1.02,2.06,INF,-1,1,7,0
8460,1,1,11.768,19.934,1.10,1.86,1.10,1.86,INF,-1,1,7,0
8480,1,1,12.087,21.938,1.13,2.05,1.13,2.05,INF,-1,1,7,0
8500,1,1,10.776,21.030,1.01,1.96,1.01,1.96,INF,-1,1,7,0
8520,1,1,12.416,21.353,1.16,1.99,1.16,1.99,INF,-1,1,7,0
8540,1,1,11.736,20.407,1.10,1.91,1.10,1.91,INF,-1,1,7,0
8560,1,1,9.456,20.666,0.88,1.93,0.88,1.93,INF,-1,1,7,0
8580,1,1,11.198,20.691,1.05,1.93,1.05,1.93,INF,-1,1,7,0
8600,1,1,10.389,21.511,0.97,2.01,0.97,2.01,INF,-1,1,7,0
8620,1,1,11.583,19.518,1.08,1.82,1.08,1.82,INF,-1,1,7,0
8640,1,1,9.772,20.237,0.91,1.89,0.91,1.89,INF,-1,1,7,0
8660,1,1,10.837,19.443,1.01,1.82,1.01,1.82,INF,-1,1,7,0
8680,1,1,9.763,19.122,0.91,1.79,0.91,1.79,INF,-1,1,7,0
8700,1,1,9.424,19.194,0.88,1.79,0.88,1.79,INF,-1,1,7,0
8720,1,1,9.582,19.991,0.90,1.87,0.90,1.87,INF,-1,1,7,0
8740,1,1,9.757,19.822,0.91,1.85,0.91,1.85,INF,-1,1,7,0
8760,1,1,9.949,19.520,0.93,1.82,0.93,1.82,INF,-1,1,7,0
8780,1,1,9.129,20.158,0.85,1.88,0.85,1.88,INF,-1,1,7,0
8800,1,1,8.796,20.060,0.82,1.87,0.82,1.87,INF,-1,1,7,0
8820,1,1,8.808,20.280,0.82,1.89,0.82,1.89,INF,-1,1,7,0
8840,1,1,9.717,20.190,0.91,1.89,0.91,1.89,INF,-1,1,7,0
8860,1,1,8.466,21.341,0.79,1.99,0.79,1.99,INF,-1,1,7,0
8880,1,1,8.366,20.102,0.78,1.88,0.78,1.88,INF,-1,1,7,0
8900,1,1,9.732,19.404,0.91,1.81,0.91,1.81,INF,-1,1,7,0
8920,1,1,10.033,19.563,0.94,1.83,0.94,1.83,INF,-1,1,7,0
8940,1,1,7.344,20.550,0.69,1.92,0.69,1.92,INF,-1,1,7,0
8960,1,1,7.499,20.123,0.70,1.88,0.70,1.88,INF,-1,1,7,0
8980,1,1,7.057,20.108,0.66,1.88,0.66,1.88,INF,-1,1,7,0
9000,1,1,7.710,20.073,0.72,1.88,0.72,1.88,INF,-1,1,7,0
9020,1,1,8.353,20.531,0.78,1.92,0.78,1.92,INF,-1,1,7,0
9040,1,1,7.900,19.904,0.74,1.86,0.74,1.86,INF,-1,1,7,0
9060,1,1,8.432,20.247,0.79,1.89,0.79,1.89,INF,-1,1,7,0
9080,1,1,8.091,18.985,0.76,1.77,0.76,1.77,INF,-1,1,7,0
9100,1,1,8.516,18.713,0.80,1.75,0.80,1.75,INF,-1,1,7,0
9120,1,1,7.973,18.798,0.75,1.76,0.74,1.76,INF,-1,1,7,0
9140,1,1,7.902,18.205,0.74,1.70,0.74,1.70,INF,-1,1,7,0
9160,1,1,7.812,18.951,0.73,1.77,0.73,1.77,INF,-1,1,7,0
9180,1,1,7.470,19.378,0.70,1.81,0.70,1.81,INF,-1,1,7,0
9200,1,1,8.577,17.883,0.80,1.67,0.80,1.67,INF,-1,1,7,0
9220,1,1,8.071,19.697,0.75,1.84,0.75,1.84,INF,-1,1,7,0
9240,1,1,7.909,19.320,0.74,1.81,0.74,1.81,INF,-1,1,7,0
9260,1,1,6.737,19.974,0.63,1.87,0.63,1.87,INF,-1,1,7,0
9280,1,1,9.370,19.516,0.88,1.82,0.88,1.82,INF,-1,1,7,0
9300,1,1,8.903,18.372,0.83,1.72,0.83,1.72,INF,-1,1,7,0
9320,1,1,6.345,21.169,0.59,1.98,0.59,1.98,INF,-1,1,7,0
9340,1,1,8.804,20.475,0.82,1.91,0.82,1.91,INF,-1,1,7,0
9360,1,1,9.007,19.829,0.84,1.85,0.84,1.85,INF,-1,1,7,0
9380,1,1,9.115,19.976,0.85,1.87,0.85,1.87,INF,-1,1,7,0
9400,1,1,7.976,19.881,0.75,1.86,0.75,1.86,INF,-1,1,7,0
9420,1,1,9.285,19.144,0.87,1.79,0.87,1.79,INF,-1,1,7,0
9440,1,1,8.681,19.394,0.81,1.81,0.81,1.81,INF,-1,1,7,0
9460,1,1,9.647,18.863,0.90,1.76,0.90,1.76,INF,-1,1,7,0
9480,1,1,9.393,19.418,0.88,1.81,0.88,1.81,INF,-1,1,7,0
9500,1,1,9.383,19.341,0.88,1.81,0.88,1.81,INF,-1,1,7,0
9520,1,1,8.477,18.541,0.79,1.73,0.79,1.73,INF,-1,1,7,0
9540,1,1,8.950,19.286,0.84,1.80,0.84,1.80,INF,-1,1,7,0
9560,1,1,9.168,19.321,0.86,1.81,0.86,1.81,INF,-1,1,7,0
9580,1,1,8.836,19.128,0.83,1.79,0.83,1.79,INF,-1,1,7,0
9600,1,1,9.378,20.436,0.88,1.91,0.88,1.91,INF,-1,1,7,0
9620,1,1,8.747,21.266,0.82,1.99,0.82,1.99,INF,-1,1,7,0
9640,1,1,8.964,20.349,0.84,1.90,0.84,1.90,INF,-1,1,7,0
9660,1,1,8.264,19.971,0.77,1.87,0.77,1.87,INF,-1,1,7,0
9680,1,1,9.649,19.975,0.90,1.87,0.90,1.87,INF,-1,1,7,0
9700,1,1,10.518,19.552,0.98,1.83,0.98,1.83,INF,-1,1,7,0
9720,1,1,10.381,17.764,0.97,1.66,0.97,1.66,INF,-1,1,7,0
9740,1,1,10.121,19.982,0.95,1.87,0.95,1.87,INF,-1,1,7,0
9760,1,1,10.924,19.777,1.02,1.85,1.02,1.85,INF,-1,1,7,0
9780,1,1,10.974,18.531,1.03,1.73,1.03,1.73,INF,-1,1,7,0
9800,1,1,10.554,19.997,0.99,1.87,0.99,1.87,INF,-1,1,7,0
9820,1,1,9.514,20.204,0.89,1.89,0.89,1.89,INF,-1,1,7,0
9840,1,1,10.835,20.362,1.01,1.90,1.01,1.90,INF,-1,1,7,0
9860,1,1,10.142,19.432,0.95,1.82,0.95,1.82,INF,-1,1,7,0
9880,1,1,11.459,18.445,1.07,1.72,1.07,1.72,INF,-1,1,7,0
9900,1,1,10.959,19.191,1.02,1.79,1.02,1.79,INF,-1,1,7,0
9920,1,1,10.480,18.715,0.98,1.75,0.98,1.75,INF,-1,1,7,0
9940,1,1,10.234,18.356,0.96,1.71,0.96,1.72,INF,-1,1,7,0
9960,1,1,10.155,20.372,0.95,1.90,0.95,1.90,INF,-1,1,7,0
9980,1,1,11.783,19.324,1.10,1.81,1.10,1.81,INF,-1,1,7,0
10000,1,1,11.024,20.112,1.03,1.88,1.03,1.88,INF,-1,1,7,0
10020,1,1,11.198,21.114,1.05,1.97,1.05,1.97,INF,-1,1,7,0
10040,1,1,9.828,20.308,0.92,1.90,0.92,1.90,INF,-1,1,7,0
10060,1,1,11.400,19.190,1.07,1.79,1.06,1.79,INF,-1,1,7,0
10080,1,1,10.162,19.518,0.95,1.82,0.95,1.82,INF,-1,1,7,0
10100,1,1,10.137,20.141,0.95,1.88,0.95,1.88,INF,-1,1,7,0
10120,1,1,11.771,19.952,1.10,1.86,1.10,1.86,INF,-1,1,7,0
10140,1,1,11.772,19.048,1.10,1.78,1.10,1.78,INF,-1,1,7,0
10160,1,1,11.079,19.155,1.04,1.79,1.03,1.79,INF,-1,1,7,0
10180,1,1,11.196,19.622,1.05,1.83,1.05,1.83,INF,-1,1,7,0
10200,1,1,11.391,20.194,1.06,1.89,1.06,1.89,INF,-1,1,7,0
10220,1,1,11.866,19.428,1.11,1.81,1.11,1.82,INF,-1,1,7,0
10240,1,1,10.427,18.703,0.97,1.75,0.97,1.75,INF,-1,1,7,0
10260,1,1,9.970,18.087,0.93,1.69,0.93,1.69,INF,-1,1,7,0
10280,1,1,9.865,18.502,0.92,1.73,0.92,1.73,INF,-1,1,7,0
10300,1,1,10.855,18.315,1.01,1.71,1.01,1.71,INF,-1,1,7,0
10320,1,1,9.850,18.379,0.92,1.72,0.92,1.72,INF,-1,1,7,0
10340,1,1,10.197,18.409,0.95,1.72,0.95,1.72,INF,-1,1,7,0
10360,1,1,9.755,19.395,0.91,1.81,0.91,1.81,INF,-1,1,7,0
10380,1,1,8.586,19.386,0.80,1.81,0.80,1.81,INF,-1,1,7,0
10400,1,1,9.669,18.662,0.90,1.74,0.90,1.74,INF,-1,1,7,0
10420,1,1,10.158,18.109,0.95,1.69,0.95,1.69,INF,-1,1,7,0
10440,1,1,9.470,18.859,0.89,1.76,0.88,1.76,INF,-1,1,7,0
10460,1,1,8.776,18.985,0.82,1.77,0.82,1.77,INF,-1,1,7,0
10480,1,1,9.150,18.187,0.86,1.70,0.85,1.70,INF,-1,1,7,0
10500,1,1,9.401,18.133,0.88,1.69,0.88,1.69,INF,-1,1,7,0
10520,1,1,9.791,18.841,0.92,1.76,0.91,1.76,INF,-1,1,7,0
10540,1,1,9.518,18.363,0.89,1.72,0.89,1.72,INF,-1,1,7,0
10560,1,1,9.627,17.772,0.90,1.66,0.90,1.66,INF,-1,1,7,0
10580,1,1,9.743,18.396,0.91,1.72,0.91,1.72,INF,-1,1,7,0
10600,1,1,9.670,19.011,0.90,1.78,0.90,1.78,INF,-1,1,7,0
10620,1,1,10.420,17.308,0.97,1.62,0.97,1.62,INF,-1,1,7,0
10640,1,1,7.818,19.465,0.73,1.82,0.73,1.82,INF,-1,1,7,0
10660,1,1,8.254,18.422,0.77,1.72,0.77,1.72,INF,-1,1,7,0
10680,1,1,7.646,19.619,0.71,1.83,0.71,1.83,INF,-1,1,7,0
10700,1,1,9.218,19.047,0.86,1.78,0.86,1.78,INF,-1,1,7,0
10720,1,1,8.691,18.278,0.81,1.71,0.81,1.71,INF,-1,1,7,0
10740,1,1,7.022,19.113,0.66,1.79,0.66,1.79,INF,-1,1,7,0
10760,1,1,9.646,19.414,0.90,1.81,0.90,1.81,INF,-1,1,7,0
10780,1,1,9.009,17.853,0.84,1.67,0.84,1.67,INF,-1,1,7,0
10800,1,1,8.205,19.683,0.77,1.84,0.77,1.84,INF,-1,1,7,0
10820,1,1,9.195,18.321,0.86,1.71,0.86,1.71,INF,-1,1,7,0
10840,1,1,8.108,17.942,0.76,1.68,0.76,1.68,INF,-1,1,7,0
10860,1,1,-2.178,20.132,-0.20,1.88,-0.20,1.88,INF,-1,1,7,0
10880,1,1,-2.762,19.095,-0.26,1.78,-0.26,1.78,INF,-1,1,7,0
10900,1,1,-3.631,19.688,-0.34,1.84,-0.34,1.84,INF,-1,0,7,0
10920,1,1,-4.775,20.656,-0.45,1.93,-0.45,1.93,INF,-1,0,7,0
10940,1,1,-3.244,20.763,-0.30,1.94,-0.30,1.94,INF,-1,0,7,0
10960,1,1,-3.422,19.128,-0.32,1.79,-0.32,1.79,INF,-1,0,7,0
10980,1,1,-2.676,20.828,-0.25,1.95,-0.25,1.95,INF,-1,0,7,0
11000,1,1,-3.908,18.191,-0.37,1.70,-0.37,1.70,INF,-1,0,7,0
11020,1,1,-4.630,20.073,-0.43,1.88,-0.43,1.88,INF,-1,0,7,0
11040,1,1,-3.859,19.781,-0.36,1.85,-0.36,1.85,INF,-1,0,7,0
11060,1,1,-3.152,19.087,-0.29,1.78,-0.29,1.78,INF,-1,0,7,0
11080,1,1,-3.891,20.439,-0.36,1.91,-0.36,1.91,INF,-1,0,7,0
11100,1,1,-4.731,20.387,-0.44,1.90,-0.44,1.90,INF,-1,0,7,0
11120,1,1,-3.828,21.399,-0.36,2.00,-0.36,2.00,INF,-1,0,7,0
11140,1,1,-36.507,22.106,-3.41,2.06,-3.41,2.07,INF,-1,1,7,0
11160,1,1,-35.432,22.284,-3.31,2.08,-3.31,2.08,INF,-1,1,7,0
11180,1,1,-34.097,20.343,-3.18,1.90,-3.18,1.90,INF,-1,0,7,0
11200,1,1,-34.531,21.326,-3.22,1.99,-3.22,1.99,INF,-1,0,7,0
11220,1,1,-34.671,21.038,-3.24,1.96,-3.24,1.97,INF,-1,0,7,0
11240,1,1,-34.345,20.952,-3.21,1.95,-3.20,1.96,INF,-1,0,7,0
11260,1,1,-35.640,21.060,-3.33,1.96,-3.33,1.97,INF,-1,0,7,0
11280,1,1,-35.619,21.686,-3.33,2.02,-3.32,2.03,INF,-1,0,7,0
11300,1,1,-35.768,21.792,-3.34,2.03,-3.34,2.04,INF,-1,0,7,0
11320,1,1,-36.742,22.519,-3.43,2.10,-3.43,2.10,INF,-1,0,7,0
11340,1,1,-38.230,21.515,-3.57,2.01,-3.57,2.01,INF,-1,0,7,0
11360,1,1,-35.923,20.250,-3.35,1.89,-3.35,1.89,INF,-1,0,7,0
11380,1,1,-36.484,20.772,-3.41,1.94,-3.40,1.94,INF,-1,0,7,0
11400,1,1,-37.524,21.027,-3.50,1.96,-3.50,1.96,INF,-1,0,7,0
11420,1,1,-38.095,21.140,-3.56,1.97,-3.55,1.98,INF,-1,1,7,0
11440,1,1,-36.045,21.083,-3.37,1.97,-3.36,1.97,INF,-1,1,7,0
11460,1,1,-37.524,21.275,-3.50,1.98,-3.50,1.99,INF,-1,1,7,0
11480,1,1,-38.052,21.315,-3.55,1.99,-3.55,1.99,INF,-1,1,7,0
11500,1,1,-39.323,26.261,-3.67,2.45,-3.67,2.45,INF,-1,1,7,0
11520,1,1,-41.805,36.396,-3.90,3.39,-3.89,3.40,INF,-1,1,7,0
11540,1,1,-44.326,36.881,-4.14,3.43,-4.13,3.44,INF,-1,1,7,0
11560,1,1,-43.978,36.932,-4.10,3.44,-4.10,3.45,INF,-1,0,7,0
11580,1,1,-44.623,36.168,-4.16,3.37,-4.16,3.38,INF,-1,0,7,0
11600,1,1,-43.236,36.634,-4.03,3.41,-4.03,3.42,INF,-1,0,7,0
11620,1,1,-44.632,35.847,-4.16,3.34,-4.16,3.35,INF,-1,0,7,0
11640,1,1,-44.323,35.998,-4.14,3.35,-4.13,3.36,INF,-1,0,7,0
11660,1,1,-43.139,35.679,-4.03,3.32,-4.02,3.33,INF,-1,0,7,0
11680,1,1,-42.926,35.788,-4.01,3.33,-4.00,3.34,INF,-1,0,7,0
11700,1,1,-44.026,35.043,-4.11,3.26,-4.10,3.27,INF,-1,0,7,0
11720,1,1,-46.281,37.386,-4.32,3.48,-4.31,3.49,INF,-1,0,7,0
11740,1,1,-44.628,35.396,-4.16,3.30,-4.16,3.30,INF,-1,0,7,0
11760,1,1,-44.029,36.516,-4.11,3.40,-4.10,3.41,INF,-1,0,7,0
11780,1,1,-45.140,35.675,-4.21,3.32,-4.20,3.33,INF,-1,0,7,0
11800,1,1,-44.459,36.940,-4.15,3.44,-4.14,3.45,INF,-1,1,7,0
11820,1,1,-44.570,36.768,-4.16,3.42,-4.15,3.43,INF,-1,1,7,0
11840,1,1,-44.225,36.305,-4.13,3.38,-4.12,3.39,INF,-1,1,7,0
11860,1,1,-44.114,36.347,-4.12,3.38,-4.11,3.39,INF,-1,1,7,0
11880,1,1,-44.711,36.126,-4.17,3.36,-4.16,3.37,INF,-1,1,7,0
11900,1,1,-44.218,36.162,-4.13,3.37,-4.12,3.38,INF,-1,1,7,0
11920,1,1,-69.276,34.936,-6.45,3.24,-6.44,3.26,INF,-1,1,7,0
11940,1,1,-65.386,34.706,-6.09,3.22,-6.08,3.24,INF,-1,1,7,0
11960,1,1,-66.880,34.854,-6.23,3.24,-6.22,3.25,INF,-1,0,7,0
11980,1,1,-65.640,33.252,-6.11,3.09,-6.10,3.10,INF,-1,0,7,0
12000,1,1,-67.000,34.233,-6.24,3.18,-6.23,3.20,INF,-1,0,7,0
12020,1,1,-67.930,33.622,-6.32,3.12,-6.31,3.14,INF,-1,0,7,0
12040,1,1,-67.120,33.586,-6.25,3.12,-6.24,3.14,INF,-1,0,7,0
12060,1,1,-64.839,34.385,-6.04,3.19,-6.03,3.21,INF,-1,0,7,0
12080,1,1,-65.877,33.661,-6.13,3.13,-6.12,3.14,INF,-1,0,7,0
12100,1,1,-65.941,34.046,-6.14,3.16,-6.13,3.18,INF,-1,0,7,0
12120,1,1,-65.900,33.518,-6.14,3.11,-6.13,3.13,INF,-1,0,7,0
12140,1,1,-66.132,32.953,-6.16,3.06,-6.15,3.08,INF,-1,0,7,0
12160,1,1,-66.458,34.141,-6.19,3.17,-6.18,3.19,INF,-1,0,7,0
12180,1,1,-72.077,31.767,-6.71,2.95,-6.70,2.97,INF,-1,0,7,0
12200,1,1,-67.246,34.485,-6.26,3.20,-6.25,3.22,INF,-1,1,7,0
12220,1,1,-65.174,34.299,-6.07,3.18,-6.06,3.20,INF,-1,1,7,0
12240,1,1,-67.652,33.557,-6.30,3.11,-6.29,3.13,INF,-1,1,7,0
12260,1,1,-66.529,32.344,-6.19,3.00,-6.19,3.02,INF,-1,1,7,0
12280,1,1,-66.048,32.909,-6.15,3.06,-6.14,3.07,INF,-1,1,7,0
12300,1,1,-65.217,33.927,-6.07,3.15,-6.06,3.17,INF,-1,1,7,0
12320,1,1,-66.165,33.991,-6.16,3.16,-6.15,3.17,INF,-1,1,7,0
12340,1,1,-66.093,33.802,-6.15,3.14,-6.14,3.16,INF,-1,1,7,0
12360,1,1,-67.529,33.597,-6.29,3.12,-6.28,3.14,INF,-1,1,7,0
12380,1,1,-69.906,32.899,-6.51,3.05,-6.50,3.07,INF,-1,1,7,0
12400,1,1,-6.961,10.143,-0.65,0.95,-0.65,0.95,INF,-1,1,7,0
12420,1,1,-10.863,9.573,-1.02,0.89,-1.02,0.89,INF,-1,1,7,0
12440,1,1,-9.964,10.318,-0.93,0.96,-0.93,0.96,INF,-1,0,7,0
12460,1,1,-10.178,9.053,-0.95,0.85,-0.95,0.85,INF,-1,0,7,0
12480,1,1,-9.970,9.234,-0.93,0.86,-0.93,0.86,INF,-1,0,7,0
12500,1,1,-10.623,8.886,-0.99,0.83,-0.99,0.83,INF,-1,0,7,0
12520,1,1,-10.595,8.963,-0.99,0.84,-0.99,0.84,INF,-1,0,7,0
12540,1,1,-10.513,9.830,-0.98,0.92,-0.98,0.92,INF,-1,0,7,0
12560,1,1,-10.471,9.356,-0.98,0.87,-0.98,0.87,INF,-1,0,7,0
12580,1,1,-11.567,9.191,-1.08,0.86,-1.08,0.86,INF,-1,0,7,0
12600,1,1,-10.507,9.847,-0.98,0.92,-0.98,0.92,INF,-1,0,7,0
12620,1,1,-10.903,9.506,-1.02,0.89,-1.02,0.89,INF,-1,0,7,0
12640,1,1,-9.180,9.572,-0.86,0.89,-0.86,0.89,INF,-1,0,7,0
12660,1,1,-10.071,10.632,-0.94,0.99,-0.94,0.99,INF,-1,0,7,0
12680,1,1,-9.515,10.854,-0.89,1.01,-0.89,1.01,INF,-1,1,7,0
12700,1,1,-9.611,9.810,-0.90,0.92,-0.90,0.92,INF,-1,1,7,0
12720,1,1,-9.261,9.656,-0.87,0.90,-0.87,0.90,INF,-1,1,7,0
12740,1,1,-10.422,8.765,-0.97,0.82,-0.97,0.82,INF,-1,1,7,0
12760,1,1,-10.588,10.090,-0.99,0.94,-0.99,0.94,INF,-1,1,7,0
12780,1,1,-9.417,10.093,-0.88,0.94,-0.88,0.94,INF,-1,1,7,0
12800,1,1,-10.908,10.351,-1.02,0.97,-1.02,0.97,INF,-1,1,7,0
12820,1,1,-10.214,9.898,-0.95,0.92,-0.95,0.93,INF,-1,1,7,0
12840,1,1,-10.634,9.837,-0.99,0.92,-0.99,0.92,INF,-1,1,7,0
12860,1,1,-10.210,10.776,-0.95,1.01,-0.95,1.01,INF,-1,1,7,0
12880,1,1,-11.082,11.083,-1.04,1.04,-1.04,1.04,INF,-1,1,7,0
12900,1,1,-9.378,10.884,-0.88,1.02,-0.88,1.02,INF,-1,1,7,0
12920,1,1,-9.476,9.648,-0.89,0.90,-0.89,0.90,INF,-1,1,7,0
12940,1,1,-10.308,9.785,-0.96,0.91,-0.96,0.91,INF,-1,1,7,0
12960,1,1,-9.022,10.510,-0.84,0.98,-0.84,0.98,INF,-1,1,7,0
12980,1,1,-9.517,10.088,-0.89,0.94,-0.89,0.94,INF,-1,1,7,0
13000,1,1,-9.973,9.476,-0.93,0.89,-0.93,0.89,INF,-1,1,7,0
13020,1,1,-11.621,9.252,-1.09,0.86,-1.09,0.86,INF,-1,1,7,0
13040,1,1,20.045,17.635,1.87,1.65,1.87,1.65,INF,-1,1,7,0
13060,1,1,16.795,18.817,1.57,1.76,1.57,1.76,INF,-1,1,7,0
13080,1,1,17.639,16.879,1.65,1.58,1.65,1.58,INF,-1,0,7,0
13100,1,1,17.542,16.826,1.64,1.57,1.64,1.57,INF,-1,0,7,0
13120,1,1,16.900,17.991,1.58,1.68,1.58,1.68,INF,-1,0,7,0
13140,1,1,16.223,18.621,1.52,1.74,1.52,1.74,INF,-1,0,7,0
13160,1,1,17.070,17.939,1.60,1.68,1.59,1.68,INF,-1,0,7,0
13180,1,1,16.576,17.180,1.55,1.60,1.55,1.61,INF,-1,0,7,0
13200,1,1,16.746,18.216,1.56,1.70,1.56,1.70,INF,-1,0,7,0
13220,1,1,17.224,17.864,1.61,1.67,1.61,1.67,INF,-1,0,7,0
13240,1,1,16.986,17.307,1.59,1.62,1.59,1.62,INF,-1,0,7,0
13260,1,1,15.767,17.760,1.47,1.66,1.47,1.66,INF,-1,0,7,0
13280,1,1,15.462,17.262,1.44,1.61,1.44,1.61,INF,-1,0,7,0
13300,1,1,15.340,18.212,1.43,1.70,1.43,1.70,INF,-1,0,7,0
13320,1,1,16.974,17.730,1.59,1.66,1.59,1.66,INF,-1,1,7,0
13340,1,1,15.525,19.253,1.45,1.80,1.45,1.80,INF,-1,1,7,0
13360,1,1,15.069,19.259,1.41,1.80,1.41,1.80,INF,-1,1,7,0
13380,1,1,18.607,17.919,1.74,1.67,1.74,1.67,INF,-1,1,7,0
13400,1,1,17.603,18.105,1.64,1.69,1.64,1.69,INF,-1,1,7,0
13420,1,1,17.033,18.612,1.59,1.74,1.59,1.74,INF,-1,1,7,0
13440,1,1,18.018,18.518,1.68,1.73,1.68,1.73,INF,-1,1,7,0
13460,1,1,15.400,19.103,1.44,1.78,1.44,1.78,INF,-1,1,7,0
13480,1,1,16.206,18.211,1.51,1.70,1.51,1.70,INF,-1,1,7,0
13500,1,1,21.462,16.598,2.01,1.55,2.00,1.55,INF,-1,1,7,0
13520,1,1,43.007,18.316,4.01,1.71,4.01,1.71,INF,-1,1,7,0
13540,1,1,41.307,19.560,3.86,1.82,3.85,1.83,INF,-1,1,7,0
13560,1,1,41.604,19.089,3.88,1.78,3.88,1.78,INF,-1,0,7,0
13580,1,1,40.395,20.176,3.77,1.88,3.77,1.89,INF,-1,0,7,0
13600,1,1,40.741,19.014,3.80,1.77,3.80,1.78,INF,-1,0,7,0
13620,1,1,41.836,19.950,3.90,1.86,3.90,1.86,INF,-1,0,7,0
13640,1,1,40.579,20.309,3.79,1.89,3.79,1.90,INF,-1,0,7,0
13660,1,1,42.506,19.132,3.97,1.78,3.96,1.79,INF,-1,0,7,0
13680,1,1,41.137,19.456,3.84,1.81,3.84,1.82,INF,-1,0,7,0
13700,1,1,41.632,19.277,3.89,1.80,3.88,1.80,INF,-1,0,7,0
13720,1,1,40.642,19.856,3.79,1.85,3.79,1.86,INF,-1,0,7,0
13740,1,1,40.927,19.834,3.82,1.85,3.82,1.85,INF,-1,0,7,0
13760,1,1,40.940,19.775,3.82,1.84,3.82,1.85,INF,-1,0,7,0
13780,1,1,42.182,19.367,3.94,1.81,3.93,1.81,INF,-1,0,7,0
13800,1,1,42.375,18.777,3.95,1.75,3.95,1.75,INF,-1,1,7,0
13820,1,1,42.468,18.786,3.96,1.75,3.96,1.76,INF,-1,1,7,0
13840,1,1,43.093,21.384,4.02,1.99,4.02,2.00,INF,-1,1,7,0
13860,1,1,45.705,37.883,4.26,3.53,4.26,3.54,INF,-1,1,7,0
13880,1,1,45.018,37.808,4.20,3.52,4.19,3.53,INF,-1,1,7,0
13900,1,1,44.002,37.853,4.11,3.52,4.10,3.53,INF,-1,0,7,0
13920,1,1,43.429,37.813,4.05,3.52,4.04,3.53,INF,-1,0,7,0
13940,1,1,42.636,38.305,3.98,3.57,3.97,3.58,INF,-1,0,7,0
13960,1,1,44.847,38.703,4.18,3.60,4.18,3.61,INF,-1,0,7,0
13980,1,1,43.595,35.976,4.07,3.35,4.06,3.36,INF,-1,0,7,0
14000,1,1,44.598,37.659,4.16,3.51,4.15,3.52,INF,-1,0,7,0
14020,1,1,42.644,37.438,3.98,3.49,3.97,3.49,INF,-1,0,7,0
14040,1,1,41.739,38.336,3.90,3.57,3.89,3.58,INF,-1,0,7,0
14060,1,1,43.382,37.719,4.05,3.51,4.04,3.52,INF,-1,0,7,0
14080,1,1,42.521,37.539,3.97,3.50,3.96,3.50,INF,-1,0,7,0
14100,1,1,42.466,37.409,3.96,3.48,3.96,3.49,INF,-1,0,7,0
14120,1,1,41.222,38.835,3.85,3.62,3.84,3.63,INF,-1,0,7,0
14140,1,1,43.955,36.584,4.10,3.41,4.09,3.42,INF,-1,1,7,0
14160,1,1,27.892,36.758,2.61,3.43,2.60,3.43,INF,-1,1,7,0
14180,1,1,29.161,35.331,2.72,3.29,2.72,3.30,INF,-1,1,7,0
14200,1,1,29.823,36.214,2.79,3.38,2.78,3.38,INF,-1,0,7,0
14220,1,1,29.170,35.712,2.72,3.33,2.72,3.33,INF,-1,0,7,0
14240,1,1,29.688,35.609,2.77,3.32,2.77,3.32,INF,-1,0,7,0
14260,1,1,27.750,36.021,2.59,3.36,2.59,3.36,INF,-1,0,7,0
14280,1,1,29.448,36.193,2.75,3.38,2.75,3.38,INF,-1,0,7,0
14300,1,1,29.196,36.182,2.73,3.37,2.72,3.38,INF,-1,0,7,0
14320,1,1,29.372,33.635,2.74,3.14,2.74,3.14,INF,-1,0,7,0
14340,1,1,28.497,36.219,2.66,3.38,2.66,3.38,INF,-1,0,7,0
14360,1,1,29.595,36.373,2.76,3.39,2.76,3.40,INF,-1,0,7,0
14380,1,1,29.436,35.327,2.75,3.29,2.74,3.30,INF,-1,0,7,0
14400,1,1,-1.236,18.893,-0.12,1.77,-0.12,1.77,INF,-1,0,7,0
14420,1,1,1.089,18.740,0.10,1.75,0.10,1.75,INF,-1,0,7,0
14440,1,1,1.780,18.790,0.17,1.76,0.17,1.76,INF,-1,0,7,0
14460,1,1,1.269,19.239,0.12,1.80,0.12,1.80,INF,-1,0,7,0
14480,1,1,1.691,18.549,0.16,1.73,0.16,1.73,INF,-1,0,7,0
14500,1,1,1.147,17.818,0.11,1.66,0.11,1.66,INF,-1,0,7,0
14520,1,1,3.062,16.942,0.29,1.58,0.29,1.58,INF,-1,0,7,0
14540,1,1,0.991,17.170,0.09,1.60,0.09,1.60,INF,-1,0,7,0
14560,1,1,1.106,19.095,0.10,1.78,0.10,1.78,INF,-1,0,7,0
14580,1,1,0.211,18.057,0.02,1.69,0.02,1.69,INF,-1,0,7,0
14600,1,1,1.074,17.884,0.10,1.67,0.10,1.67,INF,-1,1,7,0
14620,1,1,5.514,17.232,0.52,1.61,0.52,1.61,INF,-1,1,7,0
14640,1,1,6.798,17.773,0.64,1.66,0.64,1.66,INF,-1,1,7,0
14660,1,1,7.310,17.791,0.68,1.66,0.68,1.66,INF,-1,1,7,0
14680,1,1,4.707,17.409,0.44,1.63,0.44,1.63,INF,-1,1,7,0
14700,1,1,5.061,18.668,0.47,1.74,0.47,1.74,INF,-1,1,7,0
14720,1,1,6.491,18.683,0.61,1.75,0.61,1.75,INF,-1,1,7,0
14740,1,1,5.752,17.748,0.54,1.66,0.54,1.66,INF,-1,1,7,0
14760,1,1,5.045,17.816,0.47,1.66,0.47,1.66,INF,-1,1,7,0
14780,1,1,5.167,16.630,0.48,1.55,0.48,1.55,INF,-1,1,7,0
14800,1,1,6.631,17.115,0.62,1.60,0.62,1.60,INF,-1,1,7,0
14820,1,1,4.827,16.805,0.45,1.57,0.45,1.57,INF,-1,1,7,0
14840,1,1,5.858,16.457,0.55,1.54,0.55,1.54,INF,-1,1,7,0
14860,1,1,5.602,15.924,0.52,1.49,0.52,1.49,INF,-1,1,7,0
14880,1,1,4.834,16.715,0.45,1.56,0.45,1.56,INF,-1,1,7,0
14900,1,1,4.725,17.159,0.44,1.60,0.44,1.60,INF,-1,1,7,0
14920,1,1,4.935,16.466,0.46,1.54,0.46,1.54,INF,-1,1,7,0
14940,1,1,6.117,18.357,0.57,1.72,0.57,1.72,INF,-1,1,7,0
14960,1,1,4.945,16.394,0.46,1.53,0.46,1.53,INF,-1,1,7,0
14980,1,1,6.168,18.168,0.58,1.70,0.58,1.70,INF,-1,1,7,0
