"EyeTracker Toolbox version","3.250"
CalibrationParameters_A11,1.19528
CalibrationParameters_A12,0.09008
CalibrationParameters_A13,0.02497
CalibrationParameters_A21,0.07705
CalibrationParameters_A22,-1.22844
CalibrationParameters_A23,0.03187
CalibrationParameters_A31,0.00020
CalibrationParameters_A32,0.00277
CalibrationParameters_E11,-0.17985
CalibrationParameters_E12,0.00000
CalibrationParameters_E21,-0.00019
CalibrationParameters_E22,0.20019
CalibrationParameters_X,-9.25628
CalibrationParameters_Y,47.26185
CalibrationParameters_Rpc,75.92174
CalibrationParameters_MeanX,185.17678
CalibrationParameters_MeanY,145.15856
CalibrationParameters_ViewDist,613.00000
TimeStamp,Tracked,Calibrated,ScreenPositionXmm,ScreenPositionYmm,FicksLongitude,FicksLatitude,HelmholtzAzimuth,HelmholtzElevation,PupilDiameter,Region,Fixation,DigitalIO,Dropped
0,1,1,-14.232,-1.257,-1.33,-0.12,-1.33,-0.12,INF,-1,0,7,0
20,1,1,-16.041,-0.148,-1.50,-0.01,-1.50,-0.01,INF,-1,0,7,0
40,1,1,-15.791,-0.790,-1.48,-0.07,-1.48,-0.07,INF,-1,0,7,0
60,1,1,-15.588,-0.876,-1.46,-0.08,-1.46,-0.08,INF,-1,0,7,0
80,1,1,-16.429,-1.352,-1.54,-0.13,-1.54,-0.13,INF,-1,0,7,0
100,1,1,-15.957,0.079,-1.49,0.01,-1.49,0.01,INF,-1,0,7,0
120,1,1,-16.577,-1.234,-1.55,-0.12,-1.55,-0.12,INF,-1,0,7,0
140,1,1,-18.197,1.060,-1.70,0.10,-1.70,0.10,INF,-1,0,7,0
160,1,1,-18.479,0.995,-1.73,0.09,-1.73,0.09,INF,-1,0,7,0
180,1,1,-16.414,-1.583,-1.53,-0.15,-1.53,-0.15,INF,-1,0,7,0
200,1,1,-15.954,0.484,-1.49,0.05,-1.49,0.05,INF,-1,0,7,0
220,1,1,-15.721,-0.193,-1.47,-0.02,-1.47,-0.02,INF,-1,0,7,0
240,1,1,-17.364,0.330,-1.62,0.03,-1.62,0.03,INF,-1,0,7,0
260,1,1,-16.443,0.265,-1.54,0.02,-1.54,0.02,INF,-1,0,7,0
280,1,1,1.478,-0.594,0.14,-0.06,0.14,-0.06,INF,-1,1,7,0
300,1,1,-0.702,-1.604,-0.07,-0.15,-0.07,-0.15,INF,-1,1,7,0
320,1,1,0.275,-1.814,0.03,-0.17,0.03,-0.17,INF,-1,0,7,0
340,1,1,-1.091,-1.696,-0.10,-0.16,-0.10,-0.16,INF,-1,0,7,0
360,1,1,-0.798,-0.916,-0.07,-0.09,-0.07,-0.09,INF,-1,0,7,0
380,1,1,3.072,-2.771,0.29,-0.26,0.29,-0.26,INF,-1,0,7,0
400,1,1,2.529,-1.765,0.24,-0.16,0.24,-0.16,INF,-1,0,7,0
420,1,1,1.743,-2.546,0.16,-0.24,0.16,-0.24,INF,-1,0,7,0
440,1,1,2.010,-3.711,0.19,-0.35,0.19,-0.35,INF,-1,0,7,0
460,1,1,1.350,-2.622,0.13,-0.25,0.13,-0.25,INF,-1,0,7,0
480,1,1,0.066,-2.859,0.01,-0.27,0.01,-0.27,INF,-1,0,7,0
500,1,1,12.917,1.080,1.21,0.10,1.21,0.10,INF,-1,0,7,0
520,1,1,16.940,-0.127,1.58,-0.01,1.58,-0.01,INF,-1,0,7,0
540,1,1,16.710,-0.279,1.56,-0.03,1.56,-0.03,INF,-1,0,7,0
560,1,1,17.158,-0.918,1.60,-0.09,1.60,-0.09,INF,-1,0,7,0
580,1,1,18.101,-2.998,1.69,-0.28,1.69,-0.28,INF,-1,0,7,0
600,1,1,17.831,-2.019,1.67,-0.19,1.67,-0.19,INF,-1,1,7,0
620,1,1,18.067,-2.928,1.69,-0.27,1.69,-0.27,INF,-1,0,7,0
640,1,1,15.895,-2.498,1.49,-0.23,1.49,-0.23,INF,-1,0,7,0
660,1,1,16.911,-0.496,1.58,-0.05,1.58,-0.05,INF,-1,0,7,0
680,1,1,17.962,-3.142,1.68,-0.29,1.68,-0.29,INF,-1,0,7,0
700,1,1,18.328,-2.360,1.71,-0.22,1.71,-0.22,INF,-1,0,7,0
720,1,1,6.408,6.172,0.60,0.58,0.60,0.58,INF,-1,0,7,0
740,1,1,-21.504,29.804,-2.01,2.78,-2.01,2.78,INF,-1,0,7,0
760,1,1,-25.179,32.615,-2.35,3.04,-2.35,3.05,INF,-1,0,7,0
780,1,1,-25.595,32.178,-2.39,3.00,-2.39,3.00,INF,-1,0,7,0
800,1,1,-25.148,31.418,-2.35,2.93,-2.35,2.93,INF,-1,0,7,0
820,1,1,-29.553,33.340,-2.76,3.11,-2.76,3.11,INF,-1,0,7,0
840,1,1,-31.287,33.441,-2.92,3.12,-2.92,3.12,INF,-1,0,7,0
860,1,1,-30.149,35.414,-2.82,3.30,-2.81,3.31,INF,-1,0,7,0
880,1,1,-30.323,34.828,-2.83,3.25,-2.83,3.25,INF,-1,0,7,0
900,1,1,-31.451,34.896,-2.94,3.25,-2.93,3.26,INF,-1,0,7,0
920,1,1,-32.240,33.804,-3.01,3.15,-3.01,3.16,INF,-1,0,7,0
940,1,1,-31.125,34.467,-2.91,3.21,-2.90,3.22,INF,-1,0,7,0
960,1,1,-28.814,33.611,-2.69,3.13,-2.69,3.14,INF,-1,0,7,0
980,1,1,-29.533,33.364,-2.76,3.11,-2.75,3.12,INF,-1,0,7,0
1000,1,1,-32.389,36.137,-3.02,3.37,-3.02,3.37,INF,-1,0,7,0
1020,1,1,-30.260,32.476,-2.83,3.03,-2.82,3.03,INF,-1,1,7,0
1040,1,1,-31.325,35.600,-2.93,3.32,-2.92,3.32,INF,-1,1,7,0
1060,1,1,-31.491,34.848,-2.94,3.25,-2.94,3.25,INF,-1,1,7,0
1080,1,1,-32.532,34.818,-3.04,3.25,-3.03,3.25,INF,-1,1,7,0
1100,1,1,-52.331,39.375,-4.88,3.66,-4.87,3.68,INF,-1,1,7,0
1120,1,1,-55.202,42.934,-5.15,3.99,-5.13,4.01,INF,-1,1,7,0
1140,1,1,-54.672,41.388,-5.10,3.85,-5.09,3.86,INF,-1,0,7,0
1160,1,1,-56.124,40.854,-5.23,3.80,-5.22,3.81,INF,-1,0,7,0
1180,1,1,-55.616,41.765,-5.18,3.88,-5.17,3.90,INF,-1,0,7,0
1200,1,1,-57.450,39.551,-5.35,3.68,-5.34,3.69,INF,-1,0,7,0
1220,1,1,-59.751,40.215,-5.57,3.74,-5.56,3.75,INF,-1,0,7,0
1240,1,1,-55.058,42.826,-5.13,3.98,-5.12,4.00,INF,-1,0,7,0
1260,1,1,-56.285,41.513,-5.25,3.86,-5.23,3.87,INF,-1,0,7,0
1280,1,1,-56.099,41.101,-5.23,3.82,-5.22,3.84,INF,-1,0,7,0
1300,1,1,-56.296,41.088,-5.25,3.82,-5.24,3.83,INF,-1,0,7,0
1320,1,1,-57.087,39.957,-5.32,3.71,-5.31,3.73,INF,-1,0,7,0
1340,1,1,-57.418,40.312,-5.35,3.75,-5.34,3.76,INF,-1,0,7,0
1360,1,1,-54.982,41.278,-5.13,3.84,-5.11,3.85,INF,-1,0,7,0
1380,1,1,-62.788,38.684,-5.85,3.59,-5.84,3.61,INF,-1,1,7,0
1400,1,1,-58.787,40.579,-5.48,3.77,-5.47,3.79,INF,-1,1,7,0
1420,1,1,-53.727,39.876,-5.01,3.71,-5.00,3.72,INF,-1,1,7,0
1440,1,1,-4.350,26.014,-0.41,2.43,-0.41,2.43,INF,-1,1,7,0
1460,1,1,35.614,18.891,3.33,1.76,3.32,1.77,INF,-1,1,7,0
1480,1,1,35.658,19.120,3.33,1.78,3.33,1.79,INF,-1,0,7,0
1500,1,1,36.035,19.848,3.36,1.85,3.36,1.85,INF,-1,0,7,0
1520,1,1,37.135,17.701,3.47,1.65,3.47,1.65,INF,-1,0,7,0
1540,1,1,34.887,20.166,3.26,1.88,3.26,1.88,INF,-1,0,7,0
1560,1,1,37.532,18.986,3.50,1.77,3.50,1.77,INF,-1,0,7,0
1580,1,1,37.760,16.682,3.52,1.56,3.52,1.56,INF,-1,0,7,0
1600,1,1,35.734,18.619,3.34,1.74,3.33,1.74,INF,-1,0,7,0
1620,1,1,36.938,18.402,3.45,1.72,3.45,1.72,INF,-1,0,7,0
1640,1,1,36.177,18.599,3.38,1.73,3.38,1.74,INF,-1,0,7,0
1660,1,1,37.701,17.976,3.52,1.68,3.52,1.68,INF,-1,0,7,0
1680,1,1,37.224,17.438,3.47,1.63,3.47,1.63,INF,-1,0,7,0
1700,1,1,44.527,14.464,4.15,1.35,4.15,1.35,INF,-1,0,7,0
1720,1,1,48.116,13.755,4.49,1.28,4.49,1.29,INF,-1,0,7,0
1740,1,1,48.648,13.153,4.54,1.23,4.54,1.23,INF,-1,1,7,0
1760,1,1,49.837,11.807,4.65,1.10,4.65,1.10,INF,-1,0,7,0
1780,1,1,47.956,14.130,4.47,1.32,4.47,1.32,INF,-1,0,7,0
1800,1,1,47.427,13.969,4.42,1.30,4.42,1.31,INF,-1,0,7,0
1820,1,1,49.731,13.010,4.64,1.21,4.64,1.22,INF,-1,0,7,0
1840,1,1,50.826,13.452,4.74,1.25,4.74,1.26,INF,-1,0,7,0
1860,1,1,48.749,14.248,4.55,1.33,4.55,1.33,INF,-1,0,7,0
1880,1,1,48.326,12.933,4.51,1.20,4.51,1.21,INF,-1,0,7,0
1900,1,1,48.154,13.502,4.49,1.26,4.49,1.26,INF,-1,0,7,0
1920,1,1,47.179,14.649,4.40,1.36,4.40,1.37,INF,-1,0,7,0
1940,1,1,48.990,12.991,4.57,1.21,4.57,1.21,INF,-1,0,7,0
1960,1,1,50.332,12.299,4.69,1.15,4.69,1.15,INF,-1,0,7,0
1980,1,1,35.138,-22.555,3.28,-2.10,3.28,-2.11,INF,-1,0,7,0
2000,1,1,37.595,-21.655,3.51,-2.02,3.51,-2.02,INF,-1,1,7,0
2020,1,1,37.626,-22.418,3.51,-2.09,3.51,-2.09,INF,-1,0,7,0
2040,1,1,38.040,-24.170,3.55,-2.25,3.55,-2.26,INF,-1,0,7,0
2060,1,1,37.074,-22.736,3.46,-2.12,3.46,-2.12,INF,-1,0,7,0
2080,1,1,37.746,-21.068,3.52,-1.96,3.52,-1.97,INF,-1,0,7,0
2100,1,1,38.340,-23.967,3.58,-2.23,3.58,-2.24,INF,-1,0,7,0
2120,1,1,38.366,-22.827,3.58,-2.13,3.58,-2.13,INF,-1,0,7,0
2140,1,1,36.912,-22.556,3.45,-2.10,3.44,-2.11,INF,-1,0,7,0
2160,1,1,38.287,-23.882,3.57,-2.23,3.57,-2.23,INF,-1,0,7,0
2180,1,1,40.950,-25.973,3.82,-2.42,3.82,-2.43,INF,-1,0,7,0
2200,1,1,37.796,-24.375,3.53,-2.27,3.53,-2.28,INF,-1,0,7,0
2220,1,1,38.386,-25.060,3.58,-2.34,3.58,-2.34,INF,-1,0,7,0
2240,1,1,39.196,-14.173,3.66,-1.32,3.66,-1.32,INF,-1,0,7,0
2260,1,1,34.032,-6.687,3.18,-0.62,3.18,-0.62,INF,-1,1,7,0
2280,1,1,35.592,-6.156,3.32,-0.57,3.32,-0.58,INF,-1,1,7,0
2300,1,1,33.923,-7.460,3.17,-0.70,3.17,-0.70,INF,-1,0,7,0
2320,1,1,36.751,-6.269,3.43,-0.58,3.43,-0.59,INF,-1,0,7,0
2340,1,1,35.584,-6.419,3.32,-0.60,3.32,-0.60,INF,-1,0,7,0
2360,1,1,32.499,-5.670,3.03,-0.53,3.03,-0.53,INF,-1,0,7,0
2380,1,1,36.230,-6.440,3.38,-0.60,3.38,-0.60,INF,-1,0,7,0
2400,1,1,35.861,-6.076,3.35,-0.57,3.35,-0.57,INF,-1,0,7,0
2420,1,1,36.220,-4.496,3.38,-0.42,3.38,-0.42,INF,-1,0,7,0
2440,1,1,34.140,-6.018,3.19,-0.56,3.19,-0.56,INF,-1,0,7,0
2460,1,1,33.429,-6.369,3.12,-0.59,3.12,-0.60,INF,-1,0,7,0
2480,1,1,33.689,-6.587,3.15,-0.61,3.15,-0.62,INF,-1,0,7,0
2500,1,1,34.096,-6.391,3.18,-0.60,3.18,-0.60,INF,-1,0,7,0
2520,1,1,34.109,-6.172,3.18,-0.58,3.18,-0.58,INF,-1,0,7,0
2540,1,1,33.289,-6.289,3.11,-0.59,3.11,-0.59,INF,-1,1,7,0
2560,1,1,34.111,-6.788,3.19,-0.63,3.18,-0.63,INF,-1,1,7,0
2580,1,1,32.361,-4.956,3.02,-0.46,3.02,-0.46,INF,-1,1,7,0
2600,1,1,35.275,-6.387,3.29,-0.60,3.29,-0.60,INF,-1,1,7,0
2620,1,1,34.776,-7.225,3.25,-0.67,3.25,-0.68,INF,-1,1,7,0
2640,1,1,35.998,-7.145,3.36,-0.67,3.36,-0.67,INF,-1,1,7,0
2660,1,1,32.337,-5.385,3.02,-0.50,3.02,-0.50,INF,-1,1,7,0
2680,1,1,35.711,-5.361,3.33,-0.50,3.33,-0.50,INF,-1,1,7,0
2700,1,1,31.924,-0.842,2.98,-0.08,2.98,-0.08,INF,-1,1,7,0
2720,1,1,32.682,-2.483,3.05,-0.23,3.05,-0.23,INF,-1,1,7,0
2740,1,1,34.760,-0.606,3.25,-0.06,3.25,-0.06,INF,-1,1,7,0
2760,1,1,34.020,-1.542,3.18,-0.14,3.18,-0.14,INF,-1,1,7,0
2780,1,1,32.248,-0.680,3.01,-0.06,3.01,-0.06,INF,-1,1,7,0
2800,1,1,33.202,-0.157,3.10,-0.01,3.10,-0.01,INF,-1,1,7,0
2820,1,1,32.684,-1.442,3.05,-0.13,3.05,-0.13,INF,-1,1,7,0
2840,1,1,33.307,-0.583,3.11,-0.05,3.11,-0.05,INF,-1,1,7,0
2860,1,1,33.657,-0.431,3.14,-0.04,3.14,-0.04,INF,-1,1,7,0
2880,1,1,33.657,0.256,3.14,0.02,3.14,0.02,INF,-1,1,7,0
2900,1,1,34.434,-1.673,3.22,-0.16,3.22,-0.16,INF,-1,1,7,0
2920,1,1,43.399,-32.400,4.05,-3.02,4.04,-3.03,INF,-1,1,7,0
2940,1,1,41.167,-38.414,3.84,-3.58,3.83,-3.59,INF,-1,1,7,0
2960,1,1,43.262,-41.328,4.04,-3.85,4.03,-3.86,INF,-1,0,7,0
2980,1,1,42.037,-41.000,3.92,-3.82,3.91,-3.83,INF,-1,0,7,0
3000,1,1,42.235,-38.516,3.94,-3.59,3.93,-3.60,INF,-1,0,7,0
3020,1,1,43.411,-40.804,4.05,-3.80,4.04,-3.81,INF,-1,0,7,0
3040,1,1,43.854,-39.655,4.09,-3.69,4.08,-3.70,INF,-1,0,7,0
3060,1,1,41.407,-39.813,3.86,-3.71,3.86,-3.72,INF,-1,0,7,0
3080,1,1,40.709,-36.915,3.80,-3.44,3.79,-3.45,INF,-1,0,7,0
3100,1,1,42.349,-38.623,3.95,-3.60,3.94,-3.61,INF,-1,0,7,0
3120,1,1,43.096,-37.259,4.02,-3.47,4.01,-3.48,INF,-1,0,7,0
3140,1,1,43.184,-38.855,4.03,-3.62,4.02,-3.63,INF,-1,0,7,0
3160,1,1,41.508,-37.674,3.87,-3.51,3.87,-3.52,INF,-1,0,7,0
3180,1,1,43.647,-39.088,4.07,-3.64,4.06,-3.65,INF,-1,0,7,0
3200,1,1,42.121,-36.936,3.93,-3.44,3.92,-3.45,INF,-1,1,7,0
3220,1,1,41.797,-38.409,3.90,-3.58,3.89,-3.59,INF,-1,1,7,0
3240,1,1,41.714,-36.951,3.89,-3.44,3.89,-3.45,INF,-1,1,7,0
3260,1,1,41.809,-38.357,3.90,-3.57,3.89,-3.58,INF,-1,1,7,0
3280,1,1,42.029,-37.788,3.92,-3.52,3.91,-3.53,INF,-1,1,7,0
3300,1,1,41.161,-37.432,3.84,-3.49,3.83,-3.49,INF,-1,1,7,0
3320,1,1,43.617,-30.169,4.07,-2.81,4.07,-2.82,INF,-1,1,7,0
3340,1,1,39.929,-28.088,3.73,-2.62,3.72,-2.62,INF,-1,1,7,0
3360,1,1,41.471,-26.627,3.87,-2.48,3.87,-2.49,INF,-1,1,7,0
3380,1,1,40.365,-26.042,3.77,-2.43,3.76,-2.43,INF,-1,0,7,0
3400,1,1,40.914,-27.805,3.82,-2.59,3.81,-2.60,INF,-1,0,7,0
3420,1,1,41.696,-27.169,3.89,-2.53,3.89,-2.54,INF,-1,0,7,0
3440,1,1,41.750,-27.691,3.90,-2.58,3.89,-2.59,INF,-1,0,7,0
3460,1,1,40.394,-27.880,3.77,-2.60,3.77,-2.60,INF,-1,0,7,0
3480,1,1,-36.762,-42.363,-3.43,-3.95,-3.42,-3.95,INF,-1,0,7,0
3500,1,1,-54.473,-46.183,-5.08,-4.29,-5.06,-4.31,INF,-1,0,7,0
3520,1,1,-57.059,-46.207,-5.32,-4.29,-5.30,-4.31,INF,-1,0,7,0
3540,1,1,-56.860,-47.073,-5.30,-4.37,-5.28,-4.39,INF,-1,0,7,0
3560,1,1,-57.963,-46.166,-5.40,-4.29,-5.39,-4.31,INF,-1,0,7,0
3580,1,1,-58.362,-47.263,-5.44,-4.39,-5.42,-4.41,INF,-1,0,7,0
3600,1,1,-56.910,-47.137,-5.30,-4.38,-5.29,-4.40,INF,-1,0,7,0
3620,1,1,-58.371,-46.436,-5.44,-4.31,-5.42,-4.33,INF,-1,0,7,0
3640,1,1,-59.392,-46.378,-5.53,-4.31,-5.52,-4.33,INF,-1,0,7,0
3660,1,1,-58.863,-46.661,-5.48,-4.33,-5.47,-4.35,INF,-1,0,7,0
3680,1,1,-58.465,-48.574,-5.45,-4.51,-5.43,-4.53,INF,-1,0,7,0
3700,1,1,-57.341,-47.358,-5.34,-4.40,-5.33,-4.42,INF,-1,0,7,0
3720,1,1,-60.978,-47.625,-5.68,-4.42,-5.66,-4.44,INF,-1,0,7,0
3740,1,1,-59.706,-46.924,-5.56,-4.36,-5.55,-4.38,INF,-1,0,7,0
3760,1,1,-55.978,-47.397,-5.22,-4.40,-5.20,-4.42,INF,-1,1,7,0
3780,1,1,-59.608,-46.354,-5.55,-4.30,-5.54,-4.32,INF,-1,1,7,0
3800,1,1,-56.746,-49.168,-5.29,-4.57,-5.27,-4.59,INF,-1,1,7,0
3820,1,1,-57.116,-47.670,-5.32,-4.43,-5.31,-4.45,INF,-1,1,7,0
3840,1,1,-60.424,-20.253,-5.63,-1.88,-5.63,-1.89,INF,-1,1,7,0
3860,1,1,-59.614,-11.117,-5.55,-1.03,-5.55,-1.04,INF,-1,1,7,0
3880,1,1,-59.557,-10.813,-5.55,-1.01,-5.55,-1.01,INF,-1,0,7,0
3900,1,1,-60.447,-9.713,-5.63,-0.90,-5.63,-0.91,INF,-1,0,7,0
3920,1,1,-59.724,-9.940,-5.56,-0.92,-5.56,-0.93,INF,-1,0,7,0
3940,1,1,-59.002,-10.779,-5.50,-1.00,-5.50,-1.01,INF,-1,0,7,0
3960,1,1,-59.166,-10.427,-5.51,-0.97,-5.51,-0.97,INF,-1,0,7,0
3980,1,1,-58.668,-10.844,-5.47,-1.01,-5.47,-1.01,INF,-1,0,7,0
4000,1,1,-60.251,-11.060,-5.61,-1.03,-5.61,-1.03,INF,-1,0,7,0
4020,1,1,-58.967,-13.006,-5.49,-1.21,-5.49,-1.22,INF,-1,0,7,0
4040,1,1,-59.963,-11.839,-5.59,-1.10,-5.59,-1.11,INF,-1,0,7,0
4060,1,1,-59.075,-12.882,-5.50,-1.20,-5.50,-1.20,INF,-1,0,7,0
4080,1,1,-60.311,-11.252,-5.62,-1.05,-5.62,-1.05,INF,-1,0,7,0
4100,1,1,-59.322,-12.240,-5.53,-1.14,-5.53,-1.14,INF,-1,0,7,0
4120,1,1,-60.557,-0.249,-5.64,-0.02,-5.64,-0.02,INF,-1,1,7,0
4140,1,1,-63.293,3.527,-5.89,0.33,-5.89,0.33,INF,-1,1,7,0
4160,1,1,-61.940,4.026,-5.77,0.37,-5.77,0.38,INF,-1,0,7,0
4180,1,1,-62.741,2.583,-5.84,0.24,-5.84,0.24,INF,-1,0,7,0
4200,1,1,-62.040,4.123,-5.78,0.38,-5.78,0.39,INF,-1,0,7,0
4220,1,1,-62.515,3.653,-5.82,0.34,-5.82,0.34,INF,-1,0,7,0
4240,1,1,-62.667,5.006,-5.84,0.47,-5.84,0.47,INF,-1,0,7,0
4260,1,1,-62.982,3.721,-5.87,0.35,-5.87,0.35,INF,-1,0,7,0
4280,1,1,-64.390,4.788,-6.00,0.45,-6.00,0.45,INF,-1,0,7,0
4300,1,1,-58.917,3.764,-5.49,0.35,-5.49,0.35,INF,-1,0,7,0
4320,1,1,-58.960,2.652,-5.49,0.25,-5.49,0.25,INF,-1,0,7,0
4340,1,1,-38.066,-4.472,-3.55,-0.42,-3.55,-0.42,INF,-1,0,7,0
4360,1,1,-40.782,-2.962,-3.81,-0.28,-3.81,-0.28,INF,-1,0,7,0
4380,1,1,-40.620,-4.427,-3.79,-0.41,-3.79,-0.41,INF,-1,0,7,0
4400,1,1,-40.647,-4.111,-3.79,-0.38,-3.79,-0.38,INF,-1,0,7,0
4420,1,1,-38.142,-3.361,-3.56,-0.31,-3.56,-0.31,INF,-1,0,7,0
4440,1,1,-38.601,-5.047,-3.60,-0.47,-3.60,-0.47,INF,-1,0,7,0
4460,1,1,-37.920,-4.420,-3.54,-0.41,-3.54,-0.41,INF,-1,0,7,0
4480,1,1,-38.006,-5.314,-3.55,-0.50,-3.55,-0.50,INF,-1,0,7,0
4500,1,1,-37.471,-5.338,-3.50,-0.50,-3.50,-0.50,INF,-1,0,7,0
4520,1,1,-35.704,-5.877,-3.33,-0.55,-3.33,-0.55,INF,-1,1,7,0
4540,1,1,-35.146,-6.185,-3.28,-0.58,-3.28,-0.58,INF,-1,1,7,0
4560,1,1,-37.870,-4.626,-3.54,-0.43,-3.54,-0.43,INF,-1,1,7,0
4580,1,1,-39.399,-5.754,-3.68,-0.54,-3.68,-0.54,INF,-1,1,7,0
4600,1,1,-37.047,-3.810,-3.46,-0.36,-3.46,-0.36,INF,-1,1,7,0
4620,1,1,-38.824,-5.471,-3.62,-0.51,-3.62,-0.51,INF,-1,1,7,0
4640,1,1,-37.831,-5.831,-3.53,-0.54,-3.53,-0.55,INF,-1,1,7,0
4660,1,1,-37.917,-4.882,-3.54,-0.46,-3.54,-0.46,INF,-1,1,7,0
4680,1,1,-1.420,-7.383,-0.13,-0.69,-0.13,-0.69,INF,-1,1,7,0
4700,1,1,41.331,0.222,3.86,0.02,3.86,0.02,INF,-1,1,7,0
4720,1,1,40.261,-0.685,3.76,-0.06,3.76,-0.06,INF,-1,0,7,0
4740,1,1,41.563,-1.293,3.88,-0.12,3.88,-0.12,INF,-1,0,7,0
4760,1,1,40.577,-1.067,3.79,-0.10,3.79,-0.10,INF,-1,0,7,0
4780,1,1,38.459,-2.268,3.59,-0.21,3.59,-0.21,INF,-1,0,7,0
4800,1,1,40.607,-3.429,3.79,-0.32,3.79,-0.32,INF,-1,0,7,0
4820,1,1,38.954,-1.373,3.64,-0.13,3.64,-0.13,INF,-1,0,7,0
4840,1,1,39.798,-2.057,3.71,-0.19,3.71,-0.19,INF,-1,0,7,0
4860,1,1,39.637,-3.193,3.70,-0.30,3.70,-0.30,INF,-1,0,7,0
4880,1,1,38.653,-2.158,3.61,-0.20,3.61,-0.20,INF,-1,0,7,0
4900,1,1,39.930,-2.481,3.73,-0.23,3.73,-0.23,INF,-1,0,7,0
4920,1,1,40.570,-3.577,3.79,-0.33,3.79,-0.33,INF,-1,0,7,0
4940,1,1,39.238,-1.741,3.66,-0.16,3.66,-0.16,INF,-1,0,7,0
4960,1,1,38.676,-2.385,3.61,-0.22,3.61,-0.22,INF,-1,0,7,0
4980,1,1,38.224,-1.909,3.57,-0.18,3.57,-0.18,INF,-1,1,7,0
5000,1,1,37.796,-1.854,3.53,-0.17,3.53,-0.17,INF,-1,1,7,0
5020,1,1,38.798,-1.591,3.62,-0.15,3.62,-0.15,INF,-1,1,7,0
5040,1,1,38.923,-1.922,3.63,-0.18,3.63,-0.18,INF,-1,1,7,0
5060,1,1,21.067,-2.272,1.97,-0.21,1.97,-0.21,INF,-1,1,7,0
5080,1,1,-46.999,1.354,-4.38,0.13,-4.38,0.13,INF,-1,1,7,0
5100,1,1,-45.070,0.133,-4.20,0.01,-4.20,0.01,INF,-1,0,7,0
5120,1,1,-46.735,1.651,-4.36,0.15,-4.36,0.15,INF,-1,0,7,0
5140,1,1,-47.007,1.846,-4.39,0.17,-4.39,0.17,INF,-1,0,7,0
5160,1,1,-46.578,1.020,-4.35,0.10,-4.35,0.10,INF,-1,0,7,0
5180,1,1,-49.191,2.207,-4.59,0.21,-4.59,0.21,INF,-1,0,7,0
5200,1,1,-49.475,1.514,-4.61,0.14,-4.61,0.14,INF,-1,0,7,0
5220,1,1,-48.043,1.791,-4.48,0.17,-4.48,0.17,INF,-1,0,7,0
5240,1,1,-49.717,3.238,-4.64,0.30,-4.64,0.30,INF,-1,0,7,0
5260,1,1,-48.574,3.184,-4.53,0.30,-4.53,0.30,INF,-1,0,7,0
5280,1,1,-50.308,2.102,-4.69,0.20,-4.69,0.20,INF,-1,0,7,0
5300,1,1,-51.700,3.496,-4.82,0.33,-4.82,0.33,INF,-1,0,7,0
5320,1,1,-60.568,19.079,-5.64,1.77,-5.64,1.78,INF,-1,0,7,0
5340,1,1,-59.960,18.833,-5.59,1.75,-5.58,1.76,INF,-1,0,7,0
5360,1,1,-60.633,19.917,-5.65,1.85,-5.65,1.86,INF,-1,0,7,0
5380,1,1,-62.929,20.607,-5.86,1.92,-5.86,1.93,INF,-1,0,7,0
5400,1,1,-61.988,22.053,-5.77,2.05,-5.77,2.06,INF,-1,0,7,0
5420,1,1,-61.116,19.994,-5.69,1.86,-5.69,1.87,INF,-1,0,7,0
5440,1,1,-61.294,19.940,-5.71,1.85,-5.71,1.86,INF,-1,0,7,0
5460,1,1,-62.121,22.064,-5.79,2.05,-5.78,2.06,INF,-1,1,7,0
5480,1,1,-60.474,23.354,-5.63,2.17,-5.63,2.18,INF,-1,1,7,0
5500,1,1,-64.071,22.757,-5.97,2.11,-5.96,2.13,INF,-1,0,7,0
5520,1,1,-61.106,21.402,-5.69,1.99,-5.69,2.00,INF,-1,0,7,0
5540,1,1,-61.410,21.814,-5.72,2.03,-5.72,2.04,INF,-1,0,7,0
5560,1,1,-62.048,21.537,-5.78,2.00,-5.78,2.01,INF,-1,0,7,0
5580,1,1,-62.585,21.515,-5.83,2.00,-5.83,2.01,INF,-1,0,7,0
5600,1,1,-61.797,21.827,-5.76,2.03,-5.75,2.04,INF,-1,0,7,0
5620,1,1,-61.502,20.349,-5.73,1.89,-5.73,1.90,INF,-1,0,7,0
5640,1,1,-62.375,22.340,-5.81,2.08,-5.81,2.09,INF,-1,0,7,0
5660,1,1,-60.949,22.043,-5.68,2.05,-5.67,2.06,INF,-1,0,7,0
5680,1,1,-61.004,21.914,-5.68,2.04,-5.68,2.05,INF,-1,0,7,0
5700,1,1,-61.729,22.568,-5.75,2.10,-5.75,2.11,INF,-1,0,7,0
5720,1,1,-35.197,29.898,-3.29,2.79,-3.28,2.79,INF,-1,0,7,0
5740,1,1,-32.417,28.022,-3.03,2.61,-3.02,2.62,INF,-1,1,7,0
5760,1,1,-29.264,27.765,-2.73,2.59,-2.73,2.59,INF,-1,0,7,0
5780,1,1,-28.341,27.480,-2.65,2.56,-2.64,2.57,INF,-1,0,7,0
5800,1,1,-28.824,30.114,-2.69,2.81,-2.69,2.81,INF,-1,0,7,0
5820,1,1,-31.000,30.269,-2.90,2.82,-2.89,2.83,INF,-1,0,7,0
5840,1,1,-27.523,29.301,-2.57,2.73,-2.57,2.74,INF,-1,0,7,0
5860,1,1,-28.408,30.367,-2.65,2.83,-2.65,2.84,INF,-1,0,7,0
5880,1,1,-26.614,29.779,-2.49,2.78,-2.48,2.78,INF,-1,0,7,0
5900,1,1,0.851,15.404,0.08,1.44,0.08,1.44,INF,-1,0,7,0
5920,1,1,46.070,2.172,4.30,0.20,4.30,0.20,INF,-1,0,7,0
5940,1,1,45.889,-1.521,4.28,-0.14,4.28,-0.14,INF,-1,0,7,0
5960,1,1,48.572,-1.773,4.53,-0.17,4.53,-0.17,INF,-1,0,7,0
5980,1,1,45.876,-0.634,4.28,-0.06,4.28,-0.06,INF,-1,0,7,0
6000,1,1,46.106,-0.776,4.30,-0.07,4.30,-0.07,INF,-1,0,7,0
6020,1,1,45.126,0.550,4.21,0.05,4.21,0.05,INF,-1,0,7,0
6040,1,1,44.162,1.240,4.12,0.12,4.12,0.12,INF,-1,0,7,0
6060,1,1,44.847,1.127,4.18,0.11,4.18,0.11,INF,-1,0,7,0
6080,1,1,44.852,1.694,4.18,0.16,4.18,0.16,INF,-1,0,7,0
6100,1,1,45.705,1.297,4.26,0.12,4.26,0.12,INF,-1,0,7,0
6120,1,1,45.394,0.279,4.24,0.03,4.24,0.03,INF,-1,0,7,0
6140,1,1,45.029,2.174,4.20,0.20,4.20,0.20,INF,-1,0,7,0
6160,1,1,55.096,-0.316,5.14,-0.03,5.14,-0.03,INF,-1,0,7,0
6180,1,1,57.545,-0.041,5.36,0.00,5.36,0.00,INF,-1,1,7,0
6200,1,1,56.924,0.874,5.31,0.08,5.31,0.08,INF,-1,0,7,0
6220,1,1,56.559,0.225,5.27,0.02,5.27,0.02,INF,-1,0,7,0
6240,1,1,57.525,-1.845,5.36,-0.17,5.36,-0.17,INF,-1,0,7,0
6260,1,1,59.112,-0.586,5.51,-0.05,5.51,-0.05,INF,-1,0,7,0
6280,1,1,57.452,-1.039,5.35,-0.10,5.35,-0.10,INF,-1,0,7,0
6300,1,1,56.099,0.628,5.23,0.06,5.23,0.06,INF,-1,0,7,0
6320,1,1,55.370,1.966,5.16,0.18,5.16,0.18,INF,-1,0,7,0
6340,1,1,55.836,2.075,5.20,0.19,5.20,0.19,INF,-1,0,7,0
6360,1,1,56.873,2.097,5.30,0.20,5.30,0.20,INF,-1,0,7,0
6380,1,1,56.238,0.107,5.24,0.01,5.24,0.01,INF,-1,0,7,0
6400,1,1,57.319,6.798,5.34,0.63,5.34,0.64,INF,-1,0,7,0
6420,1,1,53.548,8.932,4.99,0.83,4.99,0.83,INF,-1,0,7,0
6440,1,1,52.255,7.786,4.87,0.73,4.87,0.73,INF,-1,1,7,0
6460,1,1,54.480,6.675,5.08,0.62,5.08,0.62,INF,-1,1,7,0
6480,1,1,52.892,9.210,4.93,0.86,4.93,0.86,INF,-1,1,7,0
6500,1,1,52.509,7.924,4.90,0.74,4.90,0.74,INF,-1,1,7,0
6520,1,1,52.657,7.145,4.91,0.67,4.91,0.67,INF,-1,1,7,0
6540,1,1,51.711,8.687,4.82,0.81,4.82,0.81,INF,-1,1,7,0
6560,1,1,53.551,9.335,4.99,0.87,4.99,0.87,INF,-1,1,7,0
6580,1,1,52.957,10.029,4.94,0.93,4.94,0.94,INF,-1,1,7,0
6600,1,1,53.254,7.566,4.97,0.70,4.96,0.71,INF,-1,1,7,0
6620,1,1,53.239,8.656,4.96,0.81,4.96,0.81,INF,-1,1,7,0
6640,1,1,55.691,7.232,5.19,0.67,5.19,0.68,INF,-1,1,7,0
6660,1,1,52.245,9.115,4.87,0.85,4.87,0.85,INF,-1,1,7,0
6680,1,1,53.066,7.833,4.95,0.73,4.95,0.73,INF,-1,1,7,0
6700,1,1,53.529,7.471,4.99,0.70,4.99,0.70,INF,-1,1,7,0
6720,1,1,53.765,6.772,5.01,0.63,5.01,0.63,INF,-1,1,7,0
6740,1,1,53.579,7.298,5.00,0.68,4.99,0.68,INF,-1,1,7,0
6760,1,1,52.134,8.525,4.86,0.79,4.86,0.80,INF,-1,1,7,0
6780,1,1,54.460,7.994,5.08,0.74,5.08,0.75,INF,-1,1,7,0
6800,1,1,51.666,8.701,4.82,0.81,4.82,0.81,INF,-1,1,7,0
6820,1,1,53.944,7.851,5.03,0.73,5.03,0.73,INF,-1,1,7,0
6840,1,1,52.442,9.395,4.89,0.87,4.89,0.88,INF,-1,1,7,0
6860,1,1,51.929,6.845,4.84,0.64,4.84,0.64,INF,-1,1,7,0
6880,1,1,21.898,7.362,2.05,0.69,2.05,0.69,INF,-1,1,7,0
6900,1,1,20.781,7.468,1.94,0.70,1.94,0.70,INF,-1,1,7,0
6920,1,1,20.235,8.664,1.89,0.81,1.89,0.81,INF,-1,0,7,0
6940,1,1,20.586,6.842,1.92,0.64,1.92,0.64,INF,-1,0,7,0
6960,1,1,18.854,8.816,1.76,0.82,1.76,0.82,INF,-1,0,7,0
6980,1,1,17.702,8.283,1.65,0.77,1.65,0.77,INF,-1,0,7,0
7000,1,1,20.124,7.216,1.88,0.67,1.88,0.67,INF,-1,0,7,0
7020,1,1,21.584,7.541,2.02,0.70,2.02,0.70,INF,-1,0,7,0
7040,1,1,21.785,7.695,2.04,0.72,2.04,0.72,INF,-1,0,7,0
7060,1,1,20.722,6.009,1.94,0.56,1.94,0.56,INF,-1,0,7,0
7080,1,1,19.326,7.645,1.81,0.71,1.81,0.71,INF,-1,0,7,0
7100,1,1,17.765,7.763,1.66,0.73,1.66,0.73,INF,-1,0,7,0
7120,1,1,21.061,7.696,1.97,0.72,1.97,0.72,INF,-1,0,7,0
7140,1,1,20.332,9.053,1.90,0.85,1.90,0.85,INF,-1,0,7,0
7160,1,1,18.346,8.846,1.71,0.83,1.71,0.83,INF,-1,1,7,0
7180,1,1,20.829,6.814,1.95,0.64,1.95,0.64,INF,-1,1,7,0
7200,1,1,20.142,8.734,1.88,0.82,1.88,0.82,INF,-1,1,7,0
7220,1,1,19.946,7.477,1.86,0.70,1.86,0.70,INF,-1,1,7,0
7240,1,1,19.054,8.740,1.78,0.82,1.78,0.82,INF,-1,1,7,0
7260,1,1,19.499,8.827,1.82,0.82,1.82,0.82,INF,-1,1,7,0
7280,1,1,19.006,8.217,1.78,0.77,1.78,0.77,INF,-1,1,7,0
7300,1,1,19.186,9.056,1.79,0.85,1.79,0.85,INF,-1,1,7,0
7320,1,1,20.859,8.295,1.95,0.77,1.95,0.78,INF,-1,1,7,0
7340,1,1,20.088,7.328,1.88,0.68,1.88,0.68,INF,-1,1,7,0
7360,1,1,20.044,8.154,1.87,0.76,1.87,0.76,INF,-1,1,7,0
7380,1,1,20.106,10.278,1.88,0.96,1.88,0.96,INF,-1,1,7,0
7400,1,1,22.560,8.428,2.11,0.79,2.11,0.79,INF,-1,1,7,0
7420,1,1,18.748,10.562,1.75,0.99,1.75,0.99,INF,-1,1,7,0
7440,1,1,20.919,7.547,1.95,0.70,1.95,0.71,INF,-1,1,7,0
7460,1,1,19.091,10.464,1.78,0.98,1.78,0.98,INF,-1,1,7,0
7480,1,1,19.964,9.111,1.87,0.85,1.87,0.85,INF,-1,1,7,0
7500,1,1,20.019,8.592,1.87,0.80,1.87,0.80,INF,-1,1,7,0
7520,1,1,18.409,8.612,1.72,0.80,1.72,0.80,INF,-1,1,7,0
7540,1,1,22.091,7.387,2.06,0.69,2.06,0.69,INF,-1,1,7,0
7560,1,1,18.603,10.922,1.74,1.02,1.74,1.02,INF,-1,1,7,0
7580,1,1,21.916,7.485,2.05,0.70,2.05,0.70,INF,-1,1,7,0
7600,1,1,20.000,10.219,1.87,0.95,1.87,0.96,INF,-1,1,7,0
7620,1,1,19.652,8.974,1.84,0.84,1.84,0.84,INF,-1,1,7,0
7640,1,1,18.415,9.115,1.72,0.85,1.72,0.85,INF,-1,1,7,0
7660,1,1,18.231,10.753,1.70,1.00,1.70,1.00,INF,-1,1,7,0
7680,1,1,20.906,8.308,1.95,0.78,1.95,0.78,INF,-1,1,7,0
7700,1,1,18.023,8.228,1.68,0.77,1.68,0.77,INF,-1,1,7,0
7720,1,1,20.810,7.435,1.94,0.69,1.94,0.69,INF,-1,1,7,0
7740,1,1,17.468,9.464,1.63,0.88,1.63,0.88,INF,-1,1,7,0
7760,1,1,18.441,9.284,1.72,0.87,1.72,0.87,INF,-1,1,7,0
7780,1,1,18.869,9.816,1.76,0.92,1.76,0.92,INF,-1,1,7,0
7800,1,1,20.048,8.218,1.87,0.77,1.87,0.77,INF,-1,1,7,0
7820,1,1,17.382,9.039,1.62,0.84,1.62,0.84,INF,-1,1,7,0
7840,1,1,4.270,22.203,0.40,2.07,0.40,2.07,INF,-1,1,7,0
7860,1,1,-11.169,36.413,-1.04,3.40,-1.04,3.40,INF,-1,1,7,0
7880,1,1,-15.679,38.809,-1.47,3.62,-1.46,3.62,INF,-1,0,7,0
7900,1,1,-14.306,36.590,-1.34,3.42,-1.33,3.42,INF,-1,0,7,0
7920,1,1,-12.940,37.746,-1.21,3.52,-1.21,3.52,INF,-1,0,7,0
7940,1,1,-16.253,37.437,-1.52,3.49,-1.52,3.49,INF,-1,0,7,0
7960,1,1,-13.380,35.632,-1.25,3.33,-1.25,3.33,INF,-1,0,7,0
7980,1,1,-15.647,35.999,-1.46,3.36,-1.46,3.36,INF,-1,0,7,0
8000,1,1,-16.397,37.892,-1.53,3.54,-1.53,3.54,INF,-1,0,7,0
8020,1,1,-13.965,35.333,-1.31,3.30,-1.30,3.30,INF,-1,0,7,0
8040,1,1,-16.056,35.865,-1.50,3.35,-1.50,3.35,INF,-1,0,7,0
8060,1,1,-14.810,36.973,-1.38,3.45,-1.38,3.45,INF,-1,0,7,0
8080,1,1,-16.313,35.777,-1.52,3.34,-1.52,3.34,INF,-1,0,7,0
8100,1,1,-16.119,35.991,-1.51,3.36,-1.50,3.36,INF,-1,0,7,0
8120,1,1,-14.630,34.569,-1.37,3.23,-1.36,3.23,INF,-1,0,7,0
8140,1,1,-14.268,36.345,-1.33,3.39,-1.33,3.39,INF,-1,1,7,0
8160,1,1,-12.856,35.758,-1.20,3.34,-1.20,3.34,INF,-1,1,7,0
8180,1,1,-14.191,33.147,-1.33,3.09,-1.32,3.10,INF,-1,1,7,0
8200,1,1,-13.892,33.091,-1.30,3.09,-1.30,3.09,INF,-1,1,7,0
8220,1,1,-14.786,33.400,-1.38,3.12,-1.38,3.12,INF,-1,1,7,0
8240,1,1,-14.992,33.730,-1.40,3.15,-1.40,3.15,INF,-1,1,7,0
8260,1,1,-15.782,32.620,-1.47,3.05,-1.47,3.05,INF,-1,1,7,0
8280,1,1,-15.204,33.814,-1.42,3.16,-1.42,3.16,INF,-1,1,7,0
8300,1,1,-15.814,33.484,-1.48,3.13,-1.48,3.13,INF,-1,1,7,0
8320,1,1,-14.058,32.589,-1.31,3.04,-1.31,3.04,INF,-1,1,7,0
8340,1,1,-18.257,35.215,-1.71,3.29,-1.70,3.29,INF,-1,1,7,0
8360,1,1,-14.599,34.090,-1.36,3.18,-1.36,3.18,INF,-1,1,7,0
8380,1,1,-14.600,33.643,-1.36,3.14,-1.36,3.14,INF,-1,1,7,0
8400,1,1,-14.284,32.807,-1.33,3.06,-1.33,3.06,INF,-1,1,7,0
8420,1,1,-15.264,34.945,-1.43,3.26,-1.42,3.26,INF,-1,1,7,0
8440,1,1,-16.235,33.362,-1.52,3.11,-1.51,3.12,INF,-1,1,7,0
8460,1,1,-13.690,33.046,-1.28,3.08,-1.28,3.09,INF,-1,1,7,0
8480,1,1,-14.222,33.503,-1.33,3.13,-1.33,3.13,INF,-1,1,7,0
8500,1,1,-14.966,32.255,-1.40,3.01,-1.40,3.01,INF,-1,1,7,0
8520,1,1,-13.814,32.433,-1.29,3.03,-1.29,3.03,INF,-1,1,7,0
8540,1,1,-14.394,33.068,-1.35,3.09,-1.34,3.09,INF,-1,1,7,0
8560,1,1,-13.074,32.774,-1.22,3.06,-1.22,3.06,INF,-1,1,7,0
8580,1,1,-15.811,32.276,-1.48,3.01,-1.48,3.01,INF,-1,1,7,0
8600,1,1,-14.581,32.954,-1.36,3.08,-1.36,3.08,INF,-1,1,7,0
8620,1,1,-15.656,31.970,-1.46,2.98,-1.46,2.99,INF,-1,1,7,0
8640,1,1,-14.020,34.785,-1.31,3.25,-1.31,3.25,INF,-1,1,7,0
8660,1,1,-13.042,31.627,-1.22,2.95,-1.22,2.95,INF,-1,1,7,0
8680,1,1,37.314,-12.053,3.48,-1.12,3.48,-1.13,INF,-1,1,7,0
8700,1,1,37.270,-18.073,3.48,-1.69,3.48,-1.69,INF,-1,1,7,0
8720,1,1,40.078,-20.172,3.74,-1.88,3.74,-1.88,INF,-1,0,7,0
8740,1,1,36.944,-19.311,3.45,-1.80,3.45,-1.80,INF,-1,0,7,0
8760,1,1,39.203,-18.539,3.66,-1.73,3.66,-1.73,INF,-1,0,7,0
8780,1,1,38.272,-17.296,3.57,-1.61,3.57,-1.62,INF,-1,0,7,0
8800,1,1,37.495,-18.221,3.50,-1.70,3.50,-1.70,INF,-1,0,7,0
8820,1,1,38.477,-19.784,3.59,-1.84,3.59,-1.85,INF,-1,0,7,0
8840,1,1,38.975,-19.292,3.64,-1.80,3.64,-1.80,INF,-1,0,7,0
8860,1,1,38.125,-18.745,3.56,-1.75,3.56,-1.75,INF,-1,0,7,0
8880,1,1,37.725,-21.778,3.52,-2.03,3.52,-2.03,INF,-1,0,7,0
8900,1,1,36.866,-21.495,3.44,-2.00,3.44,-2.01,INF,-1,0,7,0
8920,1,1,37.397,-21.641,3.49,-2.02,3.49,-2.02,INF,-1,0,7,0
8940,1,1,36.804,-19.590,3.44,-1.83,3.43,-1.83,INF,-1,0,7,0
8960,1,1,38.271,-20.608,3.57,-1.92,3.57,-1.93,INF,-1,1,7,0
8980,1,1,37.266,-18.793,3.48,-1.75,3.48,-1.76,INF,-1,1,7,0
9000,1,1,37.435,-20.262,3.49,-1.89,3.49,-1.89,INF,-1,1,7,0
9020,1,1,38.637,-20.904,3.61,-1.95,3.60,-1.95,INF,-1,1,7,0
9040,1,1,36.102,-19.193,3.37,-1.79,3.37,-1.79,INF,-1,1,7,0
9060,1,1,37.729,-21.728,3.52,-2.03,3.52,-2.03,INF,-1,1,7,0
9080,1,1,37.901,-19.414,3.54,-1.81,3.54,-1.81,INF,-1,1,7,0
9100,1,1,37.864,-18.830,3.53,-1.76,3.53,-1.76,INF,-1,1,7,0
9120,1,1,37.773,-21.381,3.53,-1.99,3.52,-2.00,INF,-1,1,7,0
9140,1,1,37.501,-20.122,3.50,-1.88,3.50,-1.88,INF,-1,1,7,0
9160,1,1,36.760,-22.345,3.43,-2.08,3.43,-2.09,INF,-1,1,7,0
9180,1,1,36.158,-21.155,3.38,-1.97,3.37,-1.98,INF,-1,1,7,0
9200,1,1,35.887,-3.729,3.35,-0.35,3.35,-0.35,INF,-1,1,7,0
9220,1,1,34.626,-4.873,3.23,-0.45,3.23,-0.46,INF,-1,1,7,0
9240,1,1,35.884,-5.785,3.35,-0.54,3.35,-0.54,INF,-1,0,7,0
9260,1,1,34.324,-4.996,3.20,-0.47,3.20,-0.47,INF,-1,0,7,0
9280,1,1,31.741,-4.697,2.96,-0.44,2.96,-0.44,INF,-1,0,7,0
9300,1,1,31.885,-2.978,2.98,-0.28,2.98,-0.28,INF,-1,0,7,0
9320,1,1,33.033,-2.860,3.08,-0.27,3.08,-0.27,INF,-1,0,7,0
9340,1,1,33.829,-4.807,3.16,-0.45,3.16,-0.45,INF,-1,0,7,0
9360,1,1,35.018,-6.153,3.27,-0.57,3.27,-0.58,INF,-1,0,7,0
9380,1,1,34.201,-5.781,3.19,-0.54,3.19,-0.54,INF,-1,0,7,0
9400,1,1,34.094,-5.280,3.18,-0.49,3.18,-0.49,INF,-1,0,7,0
9420,1,1,34.533,-7.041,3.22,-0.66,3.22,-0.66,INF,-1,0,7,0
9440,1,1,32.849,-4.855,3.07,-0.45,3.07,-0.45,INF,-1,0,7,0
9460,1,1,33.556,-3.092,3.13,-0.29,3.13,-0.29,INF,-1,0,7,0
9480,1,1,33.650,-5.267,3.14,-0.49,3.14,-0.49,INF,-1,1,7,0
9500,1,1,35.514,-4.608,3.32,-0.43,3.32,-0.43,INF,-1,1,7,0
9520,1,1,34.532,-3.778,3.22,-0.35,3.22,-0.35,INF,-1,1,7,0
9540,1,1,35.068,-4.514,3.27,-0.42,3.27,-0.42,INF,-1,1,7,0
9560,1,1,31.978,-3.181,2.99,-0.30,2.99,-0.30,INF,-1,1,7,0
9580,1,1,33.675,-4.014,3.14,-0.37,3.14,-0.38,INF,-1,1,7,0
9600,1,1,34.005,-5.840,3.18,-0.55,3.18,-0.55,INF,-1,1,7,0
9620,1,1,39.572,-34.345,3.69,-3.20,3.69,-3.21,INF,-1,1,7,0
9640,1,1,35.196,-31.031,3.29,-2.89,3.28,-2.90,INF,-1,1,7,0
9660,1,1,36.405,-32.592,3.40,-3.04,3.39,-3.04,INF,-1,0,7,0
9680,1,1,37.148,-33.452,3.47,-3.12,3.46,-3.12,INF,-1,0,7,0
9700,1,1,36.010,-31.552,3.36,-2.94,3.36,-2.95,INF,-1,0,7,0
9720,1,1,36.812,-32.587,3.44,-3.04,3.43,-3.04,INF,-1,0,7,0
9740,1,1,36.433,-32.910,3.40,-3.07,3.40,-3.07,INF,-1,0,7,0
9760,1,1,38.946,-32.098,3.64,-2.99,3.63,-3.00,INF,-1,0,7,0
9780,1,1,39.242,-32.446,3.66,-3.02,3.66,-3.03,INF,-1,0,7,0
9800,1,1,39.812,-31.058,3.72,-2.89,3.71,-2.90,INF,-1,0,7,0
9820,1,1,38.909,-31.802,3.63,-2.96,3.63,-2.97,INF,-1,0,7,0
9840,1,1,37.747,-31.757,3.52,-2.96,3.52,-2.97,INF,-1,0,7,0
9860,1,1,39.674,-32.021,3.70,-2.98,3.70,-2.99,INF,-1,0,7,0
9880,1,1,41.940,-33.533,3.91,-3.12,3.91,-3.13,INF,-1,0,7,0
9900,1,1,40.111,-31.856,3.74,-2.97,3.74,-2.97,INF,-1,1,7,0
9920,1,1,39.983,-31.753,3.73,-2.96,3.73,-2.97,INF,-1,1,7,0
9940,1,1,39.676,-32.887,3.70,-3.06,3.70,-3.07,INF,-1,1,7,0
9960,1,1,41.199,-32.507,3.85,-3.03,3.84,-3.04,INF,-1,1,7,0
9980,1,1,38.281,-30.585,3.57,-2.85,3.57,-2.86,INF,-1,1,7,0
10000,1,1,39.943,-32.512,3.73,-3.03,3.72,-3.04,INF,-1,1,7,0
10020,1,1,38.256,-31.134,3.57,-2.90,3.57,-2.91,INF,-1,1,7,0
10040,1,1,40.270,-30.623,3.76,-2.85,3.75,-2.86,INF,-1,1,7,0
10060,1,1,38.638,-33.784,3.61,-3.15,3.60,-3.15,INF,-1,1,7,0
10080,1,1,38.106,-31.898,3.56,-2.97,3.55,-2.98,INF,-1,1,7,0
10100,1,1,39.319,-32.551,3.67,-3.03,3.66,-3.04,INF,-1,1,7,0
10120,1,1,41.252,-32.105,3.85,-2.99,3.84,-3.00,INF,-1,1,7,0
10140,1,1,39.434,-31.970,3.68,-2.98,3.68,-2.99,INF,-1,1,7,0
10160,1,1,39.435,-32.837,3.68,-3.06,3.68,-3.07,INF,-1,1,7,0
10180,1,1,39.492,-33.383,3.69,-3.11,3.68,-3.12,INF,-1,1,7,0
10200,1,1,41.106,-33.356,3.84,-3.11,3.83,-3.11,INF,-1,1,7,0
10220,1,1,41.764,-33.840,3.90,-3.15,3.89,-3.16,INF,-1,1,7,0
10240,1,1,40.103,-32.368,3.74,-3.02,3.74,-3.02,INF,-1,1,7,0
10260,1,1,48.668,1.900,4.54,0.18,4.54,0.18,INF,-1,1,7,0
10280,1,1,43.603,3.720,4.07,0.35,4.07,0.35,INF,-1,1,7,0
10300,1,1,43.093,4.171,4.02,0.39,4.02,0.39,INF,-1,0,7,0
10320,1,1,45.239,4.482,4.22,0.42,4.22,0.42,INF,-1,0,7,0
10340,1,1,44.141,1.739,4.12,0.16,4.12,0.16,INF,-1,0,7,0
10360,1,1,42.618,4.026,3.98,0.38,3.98,0.38,INF,-1,0,7,0
10380,1,1,43.947,3.071,4.10,0.29,4.10,0.29,INF,-1,0,7,0
10400,1,1,41.943,4.796,3.91,0.45,3.91,0.45,INF,-1,0,7,0
10420,1,1,43.312,4.024,4.04,0.38,4.04,0.38,INF,-1,0,7,0
10440,1,1,43.476,3.722,4.06,0.35,4.06,0.35,INF,-1,0,7,0
10460,1,1,41.900,4.532,3.91,0.42,3.91,0.42,INF,-1,0,7,0
10480,1,1,42.128,5.975,3.93,0.56,3.93,0.56,INF,-1,0,7,0
10500,1,1,43.388,3.503,4.05,0.33,4.05,0.33,INF,-1,0,7,0
10520,1,1,40.956,6.058,3.82,0.56,3.82,0.57,INF,-1,0,7,0
10540,1,1,43.618,4.643,4.07,0.43,4.07,0.43,INF,-1,1,7,0
10560,1,1,41.327,4.181,3.86,0.39,3.86,0.39,INF,-1,1,7,0
10580,1,1,42.974,3.070,4.01,0.29,4.01,0.29,INF,-1,1,7,0
10600,1,1,42.480,4.386,3.96,0.41,3.96,0.41,INF,-1,1,7,0
10620,1,1,43.274,3.949,4.04,0.37,4.04,0.37,INF,-1,1,7,0
10640,1,1,42.201,3.178,3.94,0.30,3.94,0.30,INF,-1,1,7,0
10660,1,1,42.592,2.079,3.97,0.19,3.97,0.19,INF,-1,1,7,0
10680,1,1,40.649,3.470,3.79,0.32,3.79,0.32,INF,-1,1,7,0
10700,1,1,42.077,2.498,3.93,0.23,3.93,0.23,INF,-1,1,7,0
10720,1,1,41.492,3.569,3.87,0.33,3.87,0.33,INF,-1,1,7,0
10740,1,1,38.203,1.770,3.57,0.17,3.57,0.17,INF,-1,1,7,0
10760,1,1,-12.134,8.632,-1.13,0.81,-1.13,0.81,INF,-1,1,7,0
10780,1,1,-36.194,12.307,-3.38,1.15,-3.38,1.15,INF,-1,1,7,0
10800,1,1,-40.108,12.028,-3.74,1.12,-3.74,1.12,INF,-1,0,7,0
10820,1,1,-40.936,12.280,-3.82,1.15,-3.82,1.15,INF,-1,0,7,0
10840,1,1,-40.277,11.464,-3.76,1.07,-3.76,1.07,INF,-1,0,7,0
10860,1,1,-41.415,12.635,-3.87,1.18,-3.86,1.18,INF,-1,0,7,0
10880,1,1,-42.372,12.248,-3.95,1.14,-3.95,1.14,INF,-1,0,7,0
10900,1,1,-43.212,11.577,-4.03,1.08,-4.03,1.08,INF,-1,0,7,0
10920,1,1,-45.000,13.618,-4.20,1.27,-4.20,1.27,INF,-1,0,7,0
10940,1,1,-44.383,11.510,-4.14,1.07,-4.14,1.08,INF,-1,0,7,0
10960,1,1,-44.115,11.114,-4.12,1.04,-4.12,1.04,INF,-1,0,7,0
10980,1,1,-42.713,11.887,-3.99,1.11,-3.99,1.11,INF,-1,0,7,0
11000,1,1,-43.228,13.457,-4.03,1.25,-4.03,1.26,INF,-1,0,7,0
11020,1,1,-43.818,11.686,-4.09,1.09,-4.09,1.09,INF,-1,0,7,0
11040,1,1,-46.075,12.969,-4.30,1.21,-4.30,1.21,INF,-1,0,7,0
11060,1,1,-43.768,13.709,-4.08,1.28,-4.08,1.28,INF,-1,1,7,0
11080,1,1,-43.064,11.612,-4.02,1.08,-4.02,1.09,INF,-1,1,7,0
11100,1,1,-42.858,13.008,-4.00,1.21,-4.00,1.22,INF,-1,1,7,0
11120,1,1,-44.713,11.833,-4.17,1.10,-4.17,1.11,INF,-1,1,7,0
11140,1,1,-42.065,11.930,-3.93,1.11,-3.92,1.11,INF,-1,1,7,0
11160,1,1,-43.202,11.508,-4.03,1.07,-4.03,1.08,INF,-1,1,7,0
11180,1,1,-52.424,16.892,-4.89,1.57,-4.89,1.58,INF,-1,1,7,0
11200,1,1,-59.351,25.582,-5.53,2.38,-5.53,2.39,INF,-1,1,7,0
11220,1,1,-56.635,24.420,-5.28,2.27,-5.27,2.28,INF,-1,0,7,0
11240,1,1,-55.649,24.329,-5.19,2.26,-5.18,2.27,INF,-1,0,7,0
11260,1,1,-59.975,25.644,-5.59,2.38,-5.58,2.40,INF,-1,0,7,0
11280,1,1,-57.089,23.319,-5.32,2.17,-5.32,2.18,INF,-1,0,7,0
11300,1,1,-58.339,23.903,-5.44,2.22,-5.43,2.23,INF,-1,0,7,0
11320,1,1,-57.389,23.083,-5.35,2.15,-5.34,2.16,INF,-1,0,7,0
11340,1,1,-60.430,24.625,-5.63,2.29,-5.63,2.30,INF,-1,0,7,0
11360,1,1,-59.151,24.538,-5.51,2.28,-5.51,2.29,INF,-1,0,7,0
11380,1,1,-58.997,26.267,-5.50,2.44,-5.49,2.45,INF,-1,0,7,0
11400,1,1,-59.105,24.849,-5.51,2.31,-5.50,2.32,INF,-1,0,7,0
11420,1,1,-59.784,23.583,-5.57,2.19,-5.57,2.20,INF,-1,0,7,0
11440,1,1,-61.262,25.150,-5.71,2.34,-5.70,2.35,INF,-1,0,7,0
11460,1,1,-66.304,31.817,-6.17,2.95,-6.17,2.97,INF,-1,1,7,0
11480,1,1,-65.028,31.020,-6.06,2.88,-6.05,2.90,INF,-1,1,7,0
11500,1,1,-64.499,31.389,-6.01,2.92,-6.00,2.93,INF,-1,1,7,0
11520,1,1,-65.621,32.421,-6.11,3.01,-6.10,3.03,INF,-1,1,7,0
11540,1,1,-67.005,33.460,-6.24,3.11,-6.23,3.12,INF,-1,1,7,0
11560,1,1,-67.755,31.578,-6.31,2.93,-6.30,2.95,INF,-1,0,7,0
11580,1,1,-66.838,31.306,-6.22,2.91,-6.21,2.92,INF,-1,0,7,0
11600,1,1,-67.070,32.447,-6.24,3.01,-6.24,3.03,INF,-1,0,7,0
11620,1,1,-64.819,28.421,-6.04,2.64,-6.03,2.65,INF,-1,0,7,0
11640,1,1,-12.652,31.551,-1.18,2.95,-1.18,2.95,INF,-1,0,7,0
11660,1,1,51.571,25.344,4.81,2.36,4.80,2.37,INF,-1,0,7,0
11680,1,1,50.229,23.784,4.68,2.21,4.68,2.22,INF,-1,0,7,0
11700,1,1,50.679,23.706,4.73,2.21,4.72,2.21,INF,-1,0,7,0
11720,1,1,50.473,23.465,4.71,2.18,4.70,2.19,INF,-1,0,7,0
11740,1,1,52.311,24.073,4.88,2.24,4.87,2.25,INF,-1,0,7,0
11760,1,1,51.737,24.410,4.82,2.27,4.82,2.28,INF,-1,0,7,0
11780,1,1,50.508,23.587,4.71,2.20,4.71,2.20,INF,-1,0,7,0
11800,1,1,52.018,23.456,4.85,2.18,4.85,2.19,INF,-1,0,7,0
11820,1,1,50.921,23.342,4.75,2.17,4.75,2.18,INF,-1,0,7,0
11840,1,1,51.722,23.536,4.82,2.19,4.82,2.20,INF,-1,0,7,0
11860,1,1,52.387,22.916,4.88,2.13,4.88,2.14,INF,-1,0,7,0
11880,1,1,52.560,22.061,4.90,2.05,4.90,2.06,INF,-1,0,7,0
11900,1,1,52.273,23.023,4.87,2.14,4.87,2.15,INF,-1,0,7,0
11920,1,1,51.438,22.359,4.80,2.08,4.79,2.09,INF,-1,0,7,0
11940,1,1,60.626,26.085,5.65,2.42,5.64,2.44,INF,-1,1,7,0
11960,1,1,61.412,31.207,5.72,2.90,5.71,2.91,INF,-1,1,7,0
11980,1,1,63.401,28.016,5.90,2.60,5.90,2.62,INF,-1,1,7,0
12000,1,1,61.886,29.864,5.76,2.78,5.76,2.79,INF,-1,0,7,0
12020,1,1,62.548,29.609,5.83,2.75,5.82,2.77,INF,-1,0,7,0
12040,1,1,61.761,31.570,5.75,2.93,5.75,2.95,INF,-1,0,7,0
12060,1,1,62.085,32.030,5.78,2.98,5.78,2.99,INF,-1,0,7,0
12080,1,1,63.023,29.511,5.87,2.74,5.86,2.76,INF,-1,0,7,0
12100,1,1,62.667,29.894,5.84,2.78,5.83,2.79,INF,-1,0,7,0
12120,1,1,61.915,30.973,5.77,2.88,5.76,2.89,INF,-1,0,7,0
12140,1,1,61.022,29.807,5.68,2.77,5.68,2.78,INF,-1,0,7,0
12160,1,1,60.789,30.361,5.66,2.82,5.66,2.84,INF,-1,0,7,0
12180,1,1,63.056,32.878,5.87,3.05,5.86,3.07,INF,-1,0,7,0
12200,1,1,61.671,42.641,5.74,3.96,5.73,3.98,INF,-1,0,7,0
12220,1,1,60.558,41.812,5.64,3.88,5.63,3.90,INF,-1,0,7,0
12240,1,1,63.274,42.116,5.89,3.91,5.88,3.93,INF,-1,1,7,0
12260,1,1,62.277,41.742,5.80,3.88,5.79,3.90,INF,-1,1,7,0
12280,1,1,61.635,43.406,5.74,4.03,5.73,4.05,INF,-1,1,7,0
12300,1,1,61.185,41.620,5.70,3.87,5.69,3.88,INF,-1,1,7,0
12320,1,1,62.557,41.046,5.83,3.81,5.81,3.83,INF,-1,1,7,0
12340,1,1,61.623,40.425,5.74,3.75,5.73,3.77,INF,-1,1,7,0
12360,1,1,60.270,40.570,5.62,3.77,5.60,3.79,INF,-1,1,7,0
12380,1,1,64.168,40.545,5.98,3.76,5.96,3.78,INF,-1,1,7,0
12400,1,1,62.534,41.286,5.82,3.83,5.81,3.85,INF,-1,1,7,0
12420,1,1,59.672,42.557,5.56,3.95,5.55,3.97,INF,-1,1,7,0
12440,1,1,59.827,42.130,5.57,3.91,5.56,3.93,INF,-1,1,7,0
12460,1,1,60.252,41.234,5.61,3.83,5.60,3.85,INF,-1,1,7,0
12480,1,1,64.446,41.738,6.00,3.87,5.99,3.90,INF,-1,1,7,0
12500,1,1,61.101,41.256,5.69,3.83,5.68,3.85,INF,-1,1,7,0
12520,1,1,60.714,41.363,5.66,3.84,5.64,3.86,INF,-1,1,7,0
12540,1,1,58.175,43.172,5.42,4.01,5.41,4.03,INF,-1,1,7,0
12560,1,1,39.791,3.853,3.71,0.36,3.71,0.36,INF,-1,1,7,0
12580,1,1,41.914,5.796,3.91,0.54,3.91,0.54,INF,-1,0,7,0
12600,1,1,40.894,6.378,3.82,0.59,3.82,0.60,INF,-1,0,7,0
12620,1,1,40.236,5.410,3.76,0.50,3.76,0.51,INF,-1,0,7,0
12640,1,1,41.051,6.631,3.83,0.62,3.83,0.62,INF,-1,0,7,0
12660,1,1,41.979,4.634,3.92,0.43,3.92,0.43,INF,-1,0,7,0
12680,1,1,41.309,5.444,3.86,0.51,3.86,0.51,INF,-1,0,7,0
12700,1,1,43.340,4.454,4.04,0.42,4.04,0.42,INF,-1,0,7,0
12720,1,1,42.026,4.808,3.92,0.45,3.92,0.45,INF,-1,0,7,0
12740,1,1,43.324,5.063,4.04,0.47,4.04,0.47,INF,-1,0,7,0
12760,1,1,41.561,5.093,3.88,0.47,3.88,0.48,INF,-1,0,7,0
12780,1,1,41.711,4.060,3.89,0.38,3.89,0.38,INF,-1,0,7,0
12800,1,1,40.920,5.736,3.82,0.53,3.82,0.54,INF,-1,0,7,0
12820,1,1,43.167,5.205,4.03,0.49,4.03,0.49,INF,-1,0,7,0
12840,1,1,40.319,5.337,3.76,0.50,3.76,0.50,INF,-1,1,7,0
12860,1,1,41.882,6.060,3.91,0.57,3.91,0.57,INF,-1,1,7,0
12880,1,1,40.476,6.800,3.78,0.63,3.78,0.64,INF,-1,1,7,0
12900,1,1,38.145,6.074,3.56,0.57,3.56,0.57,INF,-1,1,7,0
12920,1,1,41.145,5.648,3.84,0.53,3.84,0.53,INF,-1,1,7,0
12940,1,1,40.690,5.355,3.80,0.50,3.80,0.50,INF,-1,1,7,0
12960,1,1,42.225,5.619,3.94,0.52,3.94,0.53,INF,-1,1,7,0
12980,1,1,42.061,4.143,3.93,0.39,3.93,0.39,INF,-1,1,7,0
13000,1,1,41.891,5.558,3.91,0.52,3.91,0.52,INF,-1,1,7,0
13020,1,1,40.887,5.722,3.82,0.53,3.82,0.53,INF,-1,1,7,0
13040,1,1,42.483,4.212,3.96,0.39,3.96,0.39,INF,-1,1,7,0
13060,1,1,41.793,3.248,3.90,0.30,3.90,0.30,INF,-1,1,7,0
13080,1,1,41.656,3.016,3.89,0.28,3.89,0.28,INF,-1,1,7,0
13100,1,1,41.082,2.994,3.83,0.28,3.83,0.28,INF,-1,1,7,0
13120,1,1,42.350,1.928,3.95,0.18,3.95,0.18,INF,-1,1,7,0
13140,1,1,41.386,4.099,3.86,0.38,3.86,0.38,INF,-1,1,7,0
13160,1,1,42.893,4.162,4.00,0.39,4.00,0.39,INF,-1,1,7,0
13180,1,1,42.895,-4.593,4.00,-0.43,4.00,-0.43,INF,-1,1,7,0
13200,1,1,41.651,-10.755,3.89,-1.00,3.89,-1.01,INF,-1,1,7,0
13220,1,1,42.600,-11.045,3.98,-1.03,3.97,-1.03,INF,-1,1,7,0
13240,1,1,42.198,-11.519,3.94,-1.07,3.94,-1.08,INF,-1,0,7,0
13260,1,1,44.036,-10.589,4.11,-0.99,4.11,-0.99,INF,-1,0,7,0
13280,1,1,40.886,-10.963,3.82,-1.02,3.82,-1.02,INF,-1,0,7,0
13300,1,1,43.310,-11.171,4.04,-1.04,4.04,-1.04,INF,-1,0,7,0
13320,1,1,42.921,-11.053,4.01,-1.03,4.00,-1.03,INF,-1,0,7,0
13340,1,1,42.751,-10.951,3.99,-1.02,3.99,-1.02,INF,-1,0,7,0
13360,1,1,43.231,-11.582,4.03,-1.08,4.03,-1.08,INF,-1,0,7,0
13380,1,1,41.244,-10.241,3.85,-0.95,3.85,-0.96,INF,-1,0,7,0
13400,1,1,42.529,-10.259,3.97,-0.96,3.97,-0.96,INF,-1,0,7,0
13420,1,1,43.330,-12.103,4.04,-1.13,4.04,-1.13,INF,-1,0,7,0
13440,1,1,41.982,-10.526,3.92,-0.98,3.92,-0.98,INF,-1,0,7,0
13460,1,1,44.875,-11.207,4.19,-1.04,4.19,-1.05,INF,-1,0,7,0
13480,1,1,43.087,-9.767,4.02,-0.91,4.02,-0.91,INF,-1,1,7,0
13500,1,1,42.226,-8.727,3.94,-0.81,3.94,-0.82,INF,-1,1,7,0
13520,1,1,42.009,-10.585,3.92,-0.99,3.92,-0.99,INF,-1,1,7,0
13540,1,1,43.367,-10.485,4.05,-0.98,4.05,-0.98,INF,-1,1,7,0
13560,1,1,42.382,-10.109,3.96,-0.94,3.95,-0.94,INF,-1,1,7,0
13580,1,1,34.143,-2.255,3.19,-0.21,3.19,-0.21,INF,-1,1,7,0
13600,1,1,32.298,2.134,3.02,0.20,3.02,0.20,INF,-1,1,7,0
13620,1,1,31.164,2.475,2.91,0.23,2.91,0.23,INF,-1,0,7,0
13640,1,1,31.242,1.155,2.92,0.11,2.92,0.11,INF,-1,0,7,0
13660,1,1,32.762,2.226,3.06,0.21,3.06,0.21,INF,-1,0,7,0
13680,1,1,31.079,1.400,2.90,0.13,2.90,0.13,INF,-1,0,7,0
13700,1,1,28.379,1.800,2.65,0.17,2.65,0.17,INF,-1,0,7,0
13720,1,1,29.985,0.547,2.80,0.05,2.80,0.05,INF,-1,0,7,0
13740,1,1,31.203,1.580,2.91,0.15,2.91,0.15,INF,-1,0,7,0
13760,1,1,32.324,0.863,3.02,0.08,3.02,0.08,INF,-1,0,7,0
13780,1,1,31.301,1.895,2.92,0.18,2.92,0.18,INF,-1,0,7,0
13800,1,1,30.037,3.603,2.81,0.34,2.81,0.34,INF,-1,0,7,0
13820,1,1,31.679,2.078,2.96,0.19,2.96,0.19,INF,-1,0,7,0
13840,1,1,30.338,0.725,2.83,0.07,2.83,0.07,INF,-1,0,7,0
13860,1,1,32.041,0.211,2.99,0.02,2.99,0.02,INF,-1,1,7,0
13880,1,1,29.986,1.509,2.80,0.14,2.80,0.14,INF,-1,1,7,0
13900,1,1,31.627,2.094,2.95,0.20,2.95,0.20,INF,-1,1,7,0
13920,1,1,31.644,1.798,2.96,0.17,2.96,0.17,INF,-1,1,7,0
13940,1,1,27.236,3.343,2.54,0.31,2.54,0.31,INF,-1,1,7,0
13960,1,1,29.432,0.016,2.75,0.00,2.75,0.00,INF,-1,1,7,0
13980,1,1,28.353,1.535,2.65,0.14,2.65,0.14,INF,-1,1,7,0
14000,1,1,33.144,-0.120,3.09,-0.01,3.09,-0.01,INF,-1,1,7,0
14020,1,1,45.772,7.155,4.27,0.67,4.27,0.67,INF,-1,1,7,0
14040,1,1,44.498,6.286,4.15,0.59,4.15,0.59,INF,-1,1,7,0
14060,1,1,43.698,7.253,4.08,0.68,4.08,0.68,INF,-1,0,7,0
14080,1,1,44.287,8.121,4.13,0.76,4.13,0.76,INF,-1,0,7,0
14100,1,1,44.308,7.857,4.13,0.73,4.13,0.73,INF,-1,0,7,0
14120,1,1,44.630,8.005,4.16,0.75,4.16,0.75,INF,-1,0,7,0
14140,1,1,44.368,9.088,4.14,0.85,4.14,0.85,INF,-1,0,7,0
14160,1,1,45.041,8.116,4.20,0.76,4.20,0.76,INF,-1,0,7,0
14180,1,1,43.916,6.686,4.10,0.62,4.10,0.62,INF,-1,0,7,0
14200,1,1,43.358,8.359,4.05,0.78,4.05,0.78,INF,-1,0,7,0
14220,1,1,43.487,10.543,4.06,0.98,4.06,0.99,INF,-1,0,7,0
14240,1,1,44.271,8.578,4.13,0.80,4.13,0.80,INF,-1,0,7,0
14260,1,1,44.079,8.477,4.11,0.79,4.11,0.79,INF,-1,0,7,0
14280,1,1,44.733,8.049,4.17,0.75,4.17,0.75,INF,-1,0,7,0
14300,1,1,42.335,8.354,3.95,0.78,3.95,0.78,INF,-1,1,7,0
14320,1,1,43.951,7.847,4.10,0.73,4.10,0.73,INF,-1,1,7,0
14340,1,1,43.014,7.696,4.01,0.72,4.01,0.72,INF,-1,1,7,0
14360,1,1,42.535,10.832,3.97,1.01,3.97,1.01,INF,-1,1,7,0
14380,1,1,42.666,6.600,3.98,0.62,3.98,0.62,INF,-1,1,7,0
14400,1,1,-19.013,26.326,-1.78,2.46,-1.77,2.46,INF,-1,1,7,0
14420,1,1,-24.058,30.013,-2.25,2.80,-2.24,2.80,INF,-1,1,7,0
14440,1,1,-25.285,30.758,-2.36,2.87,-2.36,2.87,INF,-1,0,7,0
14460,1,1,-28.016,29.710,-2.62,2.77,-2.61,2.77,INF,-1,0,7,0
14480,1,1,-28.305,30.672,-2.64,2.86,-2.64,2.86,INF,-1,0,7,0
14500,1,1,-26.875,30.237,-2.51,2.82,-2.51,2.82,INF,-1,0,7,0
14520,1,1,-25.437,30.414,-2.38,2.84,-2.37,2.84,INF,-1,0,7,0
14540,1,1,-25.891,29.266,-2.42,2.73,-2.42,2.73,INF,-1,0,7,0
14560,1,1,-28.106,31.753,-2.63,2.96,-2.62,2.97,INF,-1,0,7,0
14580,1,1,-24.892,28.516,-2.33,2.66,-2.32,2.66,INF,-1,0,7,0
14600,1,1,-25.662,29.959,-2.40,2.80,-2.39,2.80,INF,-1,0,7,0
14620,1,1,-29.424,31.556,-2.75,2.94,-2.74,2.95,INF,-1,0,7,0
14640,1,1,-26.901,30.761,-2.51,2.87,-2.51,2.87,INF,-1,0,7,0
14660,1,1,-26.658,31.887,-2.49,2.97,-2.49,2.98,INF,-1,0,7,0
14680,1,1,-27.079,31.439,-2.53,2.93,-2.53,2.94,INF,-1,1,7,0
14700,1,1,-25.572,32.871,-2.39,3.07,-2.39,3.07,INF,-1,1,7,0
14720,1,1,-26.772,31.405,-2.50,2.93,-2.50,2.93,INF,-1,1,7,0
14740,1,1,-26.424,31.703,-2.47,2.96,-2.47,2.96,INF,-1,1,7,0
14760,1,1,-26.715,31.712,-2.50,2.96,-2.49,2.96,INF,-1,1,7,0
14780,1,1,-25.699,31.360,-2.40,2.93,-2.40,2.93,INF,-1,1,7,0
14800,1,1,-26.363,31.147,-2.46,2.91,-2.46,2.91,INF,-1,1,7,0
14820,1,1,-28.106,32.426,-2.63,3.02,-2.62,3.03,INF,-1,1,7,0
14840,1,1,-28.435,31.784,-2.66,2.96,-2.65,2.97,INF,-1,1,7,0
14860,1,1,-29.521,33.611,-2.76,3.13,-2.75,3.14,INF,-1,1,7,0
14880,1,1,-26.510,33.937,-2.48,3.17,-2.47,3.17,INF,-1,1,7,0
14900,1,1,-25.339,33.086,-2.37,3.09,-2.36,3.09,INF,-1,1,7,0
14920,1,1,-24.987,31.535,-2.33,2.94,-2.33,2.94,INF,-1,1,7,0
14940,1,1,-24.804,32.757,-2.32,3.06,-2.31,3.06,INF,-1,1,7,0
14960,1,1,-26.015,34.037,-2.43,3.18,-2.43,3.18,INF,-1,1,7,0
14980,1,1,-23.658,32.829,-2.21,3.06,-2.21,3.07,INF,-1,1,7,0
15000,1,1,-27.348,35.322,-2.55,3.29,-2.55,3.30,INF,-1,1,7,0
