"EyeTracker Toolbox version","3.250"
CalibrationParameters_A11,1.19655
CalibrationParameters_A12,0.08702
CalibrationParameters_A13,-0.00309
CalibrationParameters_A21,0.06461
CalibrationParameters_A22,-1.25182
CalibrationParameters_A23,-0.00017
CalibrationParameters_A31,-0.00013
CalibrationParameters_A32,0.00407
CalibrationParameters_E11,-0.17977
CalibrationParameters_E12,-0.00005
CalibrationParameters_E21,0.00000
CalibrationParameters_E22,0.20009
CalibrationParameters_X,-10.09480
CalibrationParameters_Y,49.57120
CalibrationParameters_Rpc,76.63915
CalibrationParameters_MeanX,189.61327
CalibrationParameters_MeanY,143.57734
CalibrationParameters_ViewDist,613.00000
TimeStamp,Tracked,Calibrated,ScreenPositionXmm,ScreenPositionYmm,FicksLongitude,FicksLatitude,HelmholtzAzimuth,HelmholtzElevation,PupilDiameter,Region,Fixation,DigitalIO,Dropped
0,1,1,10.033,-11.153,0.94,-1.04,0.94,-1.04,INF,-1,0,7,0
20,1,1,11.662,-12.174,1.09,-1.14,1.09,-1.14,INF,-1,0,7,0
40,1,1,10.636,-11.414,0.99,-1.07,0.99,-1.07,INF,-1,0,7,0
60,1,1,9.842,-12.855,0.92,-1.20,0.92,-1.20,INF,-1,0,7,0
80,1,1,10.543,-11.302,0.99,-1.06,0.99,-1.06,INF,-1,0,7,0
100,1,1,10.390,-10.960,0.97,-1.02,0.97,-1.02,INF,-1,0,7,0
120,1,1,10.438,-10.739,0.98,-1.00,0.98,-1.00,INF,-1,0,7,0
140,1,1,11.052,-10.377,1.03,-0.97,1.03,-0.97,INF,-1,0,7,0
160,1,1,11.334,-11.988,1.06,-1.12,1.06,-1.12,INF,-1,0,7,0
180,1,1,9.547,-10.960,0.89,-1.02,0.89,-1.02,INF,-1,0,7,0
200,1,1,-2.953,0.111,-0.28,0.01,-0.28,0.01,INF,-1,0,7,0
220,1,1,-8.384,2.004,-0.78,0.19,-0.78,0.19,INF,-1,0,7,0
240,1,1,-8.556,1.266,-0.80,0.12,-0.80,0.12,INF,-1,0,7,0
260,1,1,-8.165,2.424,-0.76,0.23,-0.76,0.23,INF,-1,0,7,0
280,1,1,-7.769,2.006,-0.73,0.19,-0.73,0.19,INF,-1,0,7,0
300,1,1,-7.558,0.767,-0.71,0.07,-0.71,0.07,INF,-1,0,7,0
320,1,1,-7.760,3.104,-0.73,0.29,-0.73,0.29,INF,-1,0,7,0
340,1,1,-7.788,2.565,-0.73,0.24,-0.73,0.24,INF,-1,0,7,0
360,1,1,-8.376,1.023,-0.78,0.10,-0.78,0.10,INF,-1,1,7,0
380,1,1,-8.934,1.262,-0.84,0.12,-0.84,0.12,INF,-1,1,7,0
400,1,1,-8.428,2.067,-0.79,0.19,-0.79,0.19,INF,-1,1,7,0
420,1,1,-8.835,1.421,-0.83,0.13,-0.83,0.13,INF,-1,1,7,0
440,1,1,-8.528,0.243,-0.80,0.02,-0.80,0.02,INF,-1,1,7,0
460,1,1,-3.295,-1.939,-0.31,-0.18,-0.31,-0.18,INF,-1,1,7,0
480,1,1,-6.402,-4.095,-0.60,-0.38,-0.60,-0.38,INF,-1,1,7,0
500,1,1,-5.803,-1.710,-0.54,-0.16,-0.54,-0.16,INF,-1,1,7,0
520,1,1,-4.672,-4.136,-0.44,-0.39,-0.44,-0.39,INF,-1,1,7,0
540,1,1,-5.092,-4.145,-0.48,-0.39,-0.48,-0.39,INF,-1,1,7,0
560,1,1,-5.426,-4.668,-0.51,-0.44,-0.51,-0.44,INF,-1,1,7,0
580,1,1,-5.375,-3.675,-0.50,-0.34,-0.50,-0.34,INF,-1,1,7,0
600,1,1,-6.260,-3.882,-0.59,-0.36,-0.59,-0.36,INF,-1,1,7,0
620,1,1,-6.717,-3.310,-0.63,-0.31,-0.63,-0.31,INF,-1,1,7,0
640,1,1,-7.947,-2.969,-0.74,-0.28,-0.74,-0.28,INF,-1,1,7,0
660,1,1,-15.549,-3.679,-1.45,-0.34,-1.45,-0.34,INF,-1,1,7,0
680,1,1,-12.346,-4.466,-1.15,-0.42,-1.15,-0.42,INF,-1,1,7,0
700,1,1,-12.690,-3.224,-1.19,-0.30,-1.19,-0.30,INF,-1,0,7,0
720,1,1,-10.314,-4.859,-0.96,-0.45,-0.96,-0.45,INF,-1,0,7,0
740,1,1,-13.551,-2.908,-1.27,-0.27,-1.27,-0.27,INF,-1,0,7,0
760,1,1,-12.409,-4.298,-1.16,-0.40,-1.16,-0.40,INF,-1,0,7,0
780,1,1,-13.238,-3.945,-1.24,-0.37,-1.24,-0.37,INF,-1,0,7,0
800,1,1,-14.513,-4.895,-1.36,-0.46,-1.36,-0.46,INF,-1,0,7,0
820,1,1,-14.148,-4.641,-1.32,-0.43,-1.32,-0.43,INF,-1,0,7,0
840,1,1,-14.375,-4.880,-1.34,-0.46,-1.34,-0.46,INF,-1,0,7,0
860,1,1,-13.262,-5.571,-1.24,-0.52,-1.24,-0.52,INF,-1,0,7,0
880,1,1,-13.242,-4.580,-1.24,-0.43,-1.24,-0.43,INF,-1,0,7,0
900,1,1,-13.032,-4.875,-1.22,-0.46,-1.22,-0.46,INF,-1,0,7,0
920,1,1,-14.756,-4.529,-1.38,-0.42,-1.38,-0.42,INF,-1,0,7,0
940,1,1,-13.654,-5.383,-1.28,-0.50,-1.28,-0.50,INF,-1,1,7,0
960,1,1,-14.782,-3.431,-1.38,-0.32,-1.38,-0.32,INF,-1,1,7,0
980,1,1,-16.402,-3.830,-1.53,-0.36,-1.53,-0.36,INF,-1,1,7,0
1000,1,1,-14.530,-3.593,-1.36,-0.34,-1.36,-0.34,INF,-1,1,7,0
1020,1,1,-14.624,-3.772,-1.37,-0.35,-1.37,-0.35,INF,-1,1,7,0
1040,1,1,-14.259,-4.409,-1.33,-0.41,-1.33,-0.41,INF,-1,1,7,0
1060,1,1,-13.699,-4.244,-1.28,-0.40,-1.28,-0.40,INF,-1,1,7,0
1080,1,1,-14.453,-5.377,-1.35,-0.50,-1.35,-0.50,INF,-1,1,7,0
1100,1,1,-15.360,-5.073,-1.44,-0.47,-1.44,-0.47,INF,-1,1,7,0
1120,1,1,-16.496,-3.922,-1.54,-0.37,-1.54,-0.37,INF,-1,1,7,0
1140,1,1,-17.466,-6.251,-1.63,-0.58,-1.63,-0.58,INF,-1,1,7,0
1160,1,1,-16.423,-5.185,-1.53,-0.48,-1.53,-0.48,INF,-1,1,7,0
1180,1,1,-15.190,-6.167,-1.42,-0.58,-1.42,-0.58,INF,-1,1,7,0
1200,1,1,-14.521,-6.005,-1.36,-0.56,-1.36,-0.56,INF,-1,1,7,0
1220,1,1,-13.592,-5.721,-1.27,-0.53,-1.27,-0.53,INF,-1,1,7,0
1240,1,1,-15.202,-3.102,-1.42,-0.29,-1.42,-0.29,INF,-1,1,7,0
1260,1,1,-14.005,-2.442,-1.31,-0.23,-1.31,-0.23,INF,-1,1,7,0
1280,1,1,-17.052,-3.316,-1.59,-0.31,-1.59,-0.31,INF,-1,1,7,0
1300,1,1,-16.713,-3.012,-1.56,-0.28,-1.56,-0.28,INF,-1,1,7,0
1320,1,1,-17.254,-3.152,-1.61,-0.29,-1.61,-0.29,INF,-1,1,7,0
1340,1,1,-17.441,-2.320,-1.63,-0.22,-1.63,-0.22,INF,-1,1,7,0
1360,1,1,-15.731,-2.420,-1.47,-0.23,-1.47,-0.23,INF,-1,1,7,0
1380,1,1,-15.521,-2.395,-1.45,-0.22,-1.45,-0.22,INF,-1,1,7,0
1400,1,1,-13.692,-0.734,-1.28,-0.07,-1.28,-0.07,INF,-1,1,7,0
1420,1,1,-16.008,-1.388,-1.50,-0.13,-1.50,-0.13,INF,-1,1,7,0
1440,1,1,-12.673,-2.480,-1.18,-0.23,-1.18,-0.23,INF,-1,1,7,0
1460,1,1,-14.640,-2.043,-1.37,-0.19,-1.37,-0.19,INF,-1,1,7,0
1480,1,1,-11.604,-3.880,-1.08,-0.36,-1.08,-0.36,INF,-1,1,7,0
1500,1,1,27.626,-11.901,2.58,-1.11,2.58,-1.11,INF,-1,1,7,0
1520,1,1,36.278,-14.185,3.39,-1.32,3.39,-1.33,INF,-1,1,7,0
1540,1,1,37.893,-14.519,3.54,-1.35,3.54,-1.36,INF,-1,0,7,0
1560,1,1,36.943,-14.243,3.45,-1.33,3.45,-1.33,INF,-1,0,7,0
1580,1,1,36.648,-15.160,3.42,-1.41,3.42,-1.42,INF,-1,0,7,0
1600,1,1,37.476,-15.740,3.50,-1.47,3.50,-1.47,INF,-1,0,7,0
1620,1,1,36.756,-15.015,3.43,-1.40,3.43,-1.40,INF,-1,0,7,0
1640,1,1,38.745,-16.865,3.62,-1.57,3.62,-1.58,INF,-1,0,7,0
1660,1,1,37.469,-15.349,3.50,-1.43,3.50,-1.43,INF,-1,0,7,0
1680,1,1,31.656,-14.754,2.96,-1.38,2.96,-1.38,INF,-1,0,7,0
1700,1,1,33.007,-14.018,3.08,-1.31,3.08,-1.31,INF,-1,0,7,0
1720,1,1,30.873,-13.673,2.88,-1.28,2.88,-1.28,INF,-1,0,7,0
1740,1,1,31.376,-14.957,2.93,-1.40,2.93,-1.40,INF,-1,0,7,0
1760,1,1,31.299,-14.858,2.92,-1.39,2.92,-1.39,INF,-1,0,7,0
1780,1,1,31.071,-14.247,2.90,-1.33,2.90,-1.33,INF,-1,1,7,0
1800,1,1,30.994,-13.234,2.89,-1.24,2.89,-1.24,INF,-1,1,7,0
1820,1,1,33.300,-13.920,3.11,-1.30,3.11,-1.30,INF,-1,1,7,0
1840,1,1,32.406,-16.094,3.03,-1.50,3.03,-1.50,INF,-1,1,7,0
1860,1,1,31.075,-14.212,2.90,-1.33,2.90,-1.33,INF,-1,1,7,0
1880,1,1,31.202,-13.125,2.91,-1.22,2.91,-1.23,INF,-1,1,7,0
1900,1,1,31.344,-13.798,2.93,-1.29,2.93,-1.29,INF,-1,1,7,0
1920,1,1,31.339,-15.237,2.93,-1.42,2.93,-1.42,INF,-1,1,7,0
1940,1,1,31.559,-13.864,2.95,-1.29,2.95,-1.30,INF,-1,1,7,0
1960,1,1,32.940,-14.947,3.08,-1.39,3.07,-1.40,INF,-1,1,7,0
1980,1,1,32.560,-12.346,3.04,-1.15,3.04,-1.15,INF,-1,1,7,0
2000,1,1,32.388,-14.882,3.02,-1.39,3.02,-1.39,INF,-1,1,7,0
2020,1,1,34.137,-14.389,3.19,-1.34,3.19,-1.34,INF,-1,1,7,0
2040,1,1,32.455,-13.971,3.03,-1.30,3.03,-1.31,INF,-1,1,7,0
2060,1,1,26.939,-14.709,2.52,-1.37,2.52,-1.37,INF,-1,1,7,0
2080,1,1,10.891,-4.190,1.02,-0.39,1.02,-0.39,INF,-1,1,7,0
2100,1,1,7.812,-3.407,0.73,-0.32,0.73,-0.32,INF,-1,1,7,0
2120,1,1,8.796,-4.541,0.82,-0.42,0.82,-0.42,INF,-1,0,7,0
2140,1,1,9.244,-4.518,0.86,-0.42,0.86,-0.42,INF,-1,0,7,0
2160,1,1,11.178,-4.944,1.04,-0.46,1.04,-0.46,INF,-1,0,7,0
2180,1,1,7.624,-3.440,0.71,-0.32,0.71,-0.32,INF,-1,0,7,0
2200,1,1,9.682,-4.909,0.90,-0.46,0.90,-0.46,INF,-1,0,7,0
2220,1,1,8.902,-4.171,0.83,-0.39,0.83,-0.39,INF,-1,0,7,0
2240,1,1,9.325,-4.084,0.87,-0.38,0.87,-0.38,INF,-1,0,7,0
2260,1,1,-0.242,-2.500,-0.02,-0.23,-0.02,-0.23,INF,-1,0,7,0
2280,1,1,-8.731,-4.613,-0.82,-0.43,-0.82,-0.43,INF,-1,0,7,0
2300,1,1,-9.879,-3.858,-0.92,-0.36,-0.92,-0.36,INF,-1,0,7,0
2320,1,1,-10.150,-4.623,-0.95,-0.43,-0.95,-0.43,INF,-1,0,7,0
2340,1,1,-9.688,-5.034,-0.91,-0.47,-0.91,-0.47,INF,-1,0,7,0
2360,1,1,-9.626,-4.413,-0.90,-0.41,-0.90,-0.41,INF,-1,0,7,0
2380,1,1,-10.036,-4.618,-0.94,-0.43,-0.94,-0.43,INF,-1,0,7,0
2400,1,1,-10.639,-4.040,-0.99,-0.38,-0.99,-0.38,INF,-1,1,7,0
2420,1,1,-11.523,-3.558,-1.08,-0.33,-1.08,-0.33,INF,-1,1,7,0
2440,1,1,-10.185,-4.783,-0.95,-0.45,-0.95,-0.45,INF,-1,1,7,0
2460,1,1,-9.213,-5.646,-0.86,-0.53,-0.86,-0.53,INF,-1,1,7,0
2480,1,1,-10.598,-4.319,-0.99,-0.40,-0.99,-0.40,INF,-1,1,7,0
2500,1,1,-9.475,-5.216,-0.89,-0.49,-0.89,-0.49,INF,-1,1,7,0
2520,1,1,-9.958,-3.459,-0.93,-0.32,-0.93,-0.32,INF,-1,1,7,0
2540,1,1,-8.116,-4.304,-0.76,-0.40,-0.76,-0.40,INF,-1,1,7,0
2560,1,1,-9.127,-2.506,-0.85,-0.23,-0.85,-0.23,INF,-1,1,7,0
2580,1,1,-8.835,-3.674,-0.83,-0.34,-0.83,-0.34,INF,-1,1,7,0
2600,1,1,-9.530,-3.761,-0.89,-0.35,-0.89,-0.35,INF,-1,1,7,0
2620,1,1,-9.057,-3.936,-0.85,-0.37,-0.85,-0.37,INF,-1,1,7,0
2640,1,1,-10.894,-3.830,-1.02,-0.36,-1.02,-0.36,INF,-1,1,7,0
2660,1,1,-10.281,-3.974,-0.96,-0.37,-0.96,-0.37,INF,-1,1,7,0
2680,1,1,-8.482,-5.188,-0.79,-0.48,-0.79,-0.48,INF,-1,1,7,0
2700,1,1,-10.939,-4.699,-1.02,-0.44,-1.02,-0.44,INF,-1,1,7,0
2720,1,1,-10.878,-3.618,-1.02,-0.34,-1.02,-0.34,INF,-1,1,7,0
2740,1,1,-9.640,-3.799,-0.90,-0.36,-0.90,-0.36,INF,-1,1,7,0
2760,1,1,-10.359,-4.662,-0.97,-0.44,-0.97,-0.44,INF,-1,1,7,0
2780,1,1,-11.654,-2.526,-1.09,-0.24,-1.09,-0.24,INF,-1,1,7,0
2800,1,1,-11.380,-2.769,-1.06,-0.26,-1.06,-0.26,INF,-1,0,7,0
2820,1,1,-12.630,-2.768,-1.18,-0.26,-1.18,-0.26,INF,-1,0,7,0
2840,1,1,-12.408,-1.828,-1.16,-0.17,-1.16,-0.17,INF,-1,0,7,0
2860,1,1,-13.792,-2.665,-1.29,-0.25,-1.29,-0.25,INF,-1,0,7,0
2880,1,1,-12.518,-2.839,-1.17,-0.27,-1.17,-0.27,INF,-1,0,7,0
2900,1,1,-12.362,-1.790,-1.16,-0.17,-1.16,-0.17,INF,-1,0,7,0
2920,1,1,-11.868,-2.310,-1.11,-0.22,-1.11,-0.22,INF,-1,0,7,0
2940,1,1,-11.895,-3.304,-1.11,-0.31,-1.11,-0.31,INF,-1,0,7,0
2960,1,1,-11.578,-3.723,-1.08,-0.35,-1.08,-0.35,INF,-1,0,7,0
2980,1,1,-12.026,-2.058,-1.12,-0.19,-1.12,-0.19,INF,-1,0,7,0
3000,1,1,-11.421,-2.023,-1.07,-0.19,-1.07,-0.19,INF,-1,0,7,0
3020,1,1,-13.515,-2.289,-1.26,-0.21,-1.26,-0.21,INF,-1,0,7,0
3040,1,1,-13.321,-2.767,-1.24,-0.26,-1.24,-0.26,INF,-1,1,7,0
3060,1,1,-12.562,-2.085,-1.17,-0.19,-1.17,-0.19,INF,-1,1,7,0
3080,1,1,-12.932,-1.236,-1.21,-0.12,-1.21,-0.12,INF,-1,1,7,0
3100,1,1,-6.374,-1.815,-0.60,-0.17,-0.60,-0.17,INF,-1,1,7,0
3120,1,1,-8.589,-2.027,-0.80,-0.19,-0.80,-0.19,INF,-1,1,7,0
3140,1,1,-6.931,-3.302,-0.65,-0.31,-0.65,-0.31,INF,-1,1,7,0
3160,1,1,-6.917,-3.786,-0.65,-0.35,-0.65,-0.35,INF,-1,1,7,0
3180,1,1,-8.452,-2.274,-0.79,-0.21,-0.79,-0.21,INF,-1,1,7,0
3200,1,1,-8.234,-1.470,-0.77,-0.14,-0.77,-0.14,INF,-1,1,7,0
3220,1,1,-9.491,-2.841,-0.89,-0.27,-0.89,-0.27,INF,-1,1,7,0
3240,1,1,-7.112,-2.191,-0.66,-0.20,-0.66,-0.20,INF,-1,1,7,0
3260,1,1,-6.914,-3.601,-0.65,-0.34,-0.65,-0.34,INF,-1,1,7,0
3280,1,1,-7.951,-3.372,-0.74,-0.32,-0.74,-0.32,INF,-1,1,7,0
3300,1,1,-8.837,-2.342,-0.83,-0.22,-0.83,-0.22,INF,-1,1,7,0
3320,1,1,-8.382,-2.857,-0.78,-0.27,-0.78,-0.27,INF,-1,1,7,0
3340,1,1,-8.163,-2.625,-0.76,-0.25,-0.76,-0.25,INF,-1,1,7,0
3360,1,1,-8.486,-3.482,-0.79,-0.33,-0.79,-0.33,INF,-1,1,7,0
3380,1,1,-8.229,-3.210,-0.77,-0.30,-0.77,-0.30,INF,-1,1,7,0
3400,1,1,-9.395,-2.514,-0.88,-0.23,-0.88,-0.23,INF,-1,1,7,0
3420,1,1,-17.195,-3.343,-1.61,-0.31,-1.61,-0.31,INF,-1,1,7,0
3440,1,1,-17.125,-2.684,-1.60,-0.25,-1.60,-0.25,INF,-1,1,7,0
3460,1,1,-17.905,-2.993,-1.67,-0.28,-1.67,-0.28,INF,-1,1,7,0
3480,1,1,-18.499,-3.242,-1.73,-0.30,-1.73,-0.30,INF,-1,1,7,0
3500,1,1,-17.047,-4.426,-1.59,-0.41,-1.59,-0.41,INF,-1,1,7,0
3520,1,1,-19.374,-3.529,-1.81,-0.33,-1.81,-0.33,INF,-1,1,7,0
3540,1,1,-17.259,-4.270,-1.61,-0.40,-1.61,-0.40,INF,-1,1,7,0
3560,1,1,-17.679,-4.336,-1.65,-0.41,-1.65,-0.41,INF,-1,1,7,0
3580,1,1,-16.968,-4.289,-1.59,-0.40,-1.59,-0.40,INF,-1,1,7,0
3600,1,1,-17.360,-5.419,-1.62,-0.51,-1.62,-0.51,INF,-1,1,7,0
3620,1,1,-17.310,-5.294,-1.62,-0.49,-1.62,-0.49,INF,-1,1,7,0
3640,1,1,-15.510,-5.282,-1.45,-0.49,-1.45,-0.49,INF,-1,1,7,0
3660,1,1,-18.401,-4.398,-1.72,-0.41,-1.72,-0.41,INF,-1,1,7,0
3680,1,1,-17.702,-4.004,-1.65,-0.37,-1.65,-0.37,INF,-1,1,7,0
3700,1,1,-17.192,-3.805,-1.61,-0.36,-1.61,-0.36,INF,-1,1,7,0
3720,1,1,-17.761,-6.479,-1.66,-0.61,-1.66,-0.61,INF,-1,1,7,0
3740,1,1,-16.931,-5.616,-1.58,-0.52,-1.58,-0.52,INF,-1,1,7,0
3760,1,1,-15.335,-5.981,-1.43,-0.56,-1.43,-0.56,INF,-1,1,7,0
3780,1,1,-17.304,-5.930,-1.62,-0.55,-1.62,-0.55,INF,-1,1,7,0
3800,1,1,-18.314,-5.089,-1.71,-0.48,-1.71,-0.48,INF,-1,1,7,0
3820,1,1,-18.483,-6.571,-1.73,-0.61,-1.73,-0.61,INF,-1,1,7,0
3840,1,1,-30.260,1.272,-2.83,0.12,-2.83,0.12,INF,-1,1,7,0
3860,1,1,-29.931,2.619,-2.80,0.24,-2.80,0.24,INF,-1,1,7,0
3880,1,1,-30.768,3.440,-2.87,0.32,-2.87,0.32,INF,-1,0,7,0
3900,1,1,-30.192,3.562,-2.82,0.33,-2.82,0.33,INF,-1,0,7,0
3920,1,1,-31.263,3.525,-2.92,0.33,-2.92,0.33,INF,-1,0,7,0
3940,1,1,-30.126,2.797,-2.81,0.26,-2.81,0.26,INF,-1,0,7,0
3960,1,1,-31.296,2.655,-2.92,0.25,-2.92,0.25,INF,-1,0,7,0
3980,1,1,-31.072,3.982,-2.90,0.37,-2.90,0.37,INF,-1,0,7,0
4000,1,1,-30.537,2.891,-2.85,0.27,-2.85,0.27,INF,-1,0,7,0
4020,1,1,-30.304,3.245,-2.83,0.30,-2.83,0.30,INF,-1,0,7,0
4040,1,1,-32.048,3.133,-2.99,0.29,-2.99,0.29,INF,-1,0,7,0
4060,1,1,-31.803,4.314,-2.97,0.40,-2.97,0.40,INF,-1,0,7,0
4080,1,1,-35.324,4.778,-3.30,0.45,-3.30,0.45,INF,-1,0,7,0
4100,1,1,-71.830,-7.407,-6.68,-0.69,-6.68,-0.69,INF,-1,0,7,0
4120,1,1,-67.847,-7.007,-6.32,-0.65,-6.32,-0.65,INF,-1,1,7,0
4140,1,1,-67.354,-8.074,-6.27,-0.75,-6.27,-0.75,INF,-1,0,7,0
4160,1,1,-67.652,-6.557,-6.30,-0.61,-6.30,-0.61,INF,-1,0,7,0
4180,1,1,-66.803,-7.130,-6.22,-0.66,-6.22,-0.67,INF,-1,0,7,0
4200,1,1,-67.245,-6.579,-6.26,-0.61,-6.26,-0.61,INF,-1,0,7,0
4220,1,1,-67.145,-7.463,-6.25,-0.69,-6.25,-0.70,INF,-1,0,7,0
4240,1,1,-66.161,-7.497,-6.16,-0.70,-6.16,-0.70,INF,-1,0,7,0
4260,1,1,-66.492,-8.022,-6.19,-0.75,-6.19,-0.75,INF,-1,0,7,0
4280,1,1,-68.934,-6.668,-6.42,-0.62,-6.42,-0.62,INF,-1,0,7,0
4300,1,1,-68.776,-6.330,-6.40,-0.59,-6.40,-0.59,INF,-1,0,7,0
4320,1,1,-68.224,-7.013,-6.35,-0.65,-6.35,-0.66,INF,-1,0,7,0
4340,1,1,-63.197,-8.592,-5.89,-0.80,-5.89,-0.80,INF,-1,0,7,0
4360,1,1,-62.049,-10.091,-5.78,-0.94,-5.78,-0.94,INF,-1,0,7,0
4380,1,1,-63.171,-7.533,-5.88,-0.70,-5.88,-0.70,INF,-1,1,7,0
4400,1,1,-63.304,-8.255,-5.90,-0.77,-5.90,-0.77,INF,-1,1,7,0
4420,1,1,-63.997,-8.331,-5.96,-0.77,-5.96,-0.78,INF,-1,1,7,0
4440,1,1,-63.317,-7.557,-5.90,-0.70,-5.90,-0.71,INF,-1,1,7,0
4460,1,1,-64.969,-7.987,-6.05,-0.74,-6.05,-0.75,INF,-1,1,7,0
4480,1,1,-66.749,-10.179,-6.21,-0.95,-6.21,-0.95,INF,-1,1,7,0
4500,1,1,-64.633,-8.284,-6.02,-0.77,-6.02,-0.77,INF,-1,1,7,0
4520,1,1,-65.756,-9.278,-6.12,-0.86,-6.12,-0.87,INF,-1,1,7,0
4540,1,1,-66.991,-8.397,-6.24,-0.78,-6.24,-0.78,INF,-1,1,7,0
4560,1,1,-65.044,-8.618,-6.06,-0.80,-6.06,-0.81,INF,-1,1,7,0
4580,1,1,-65.297,-9.299,-6.08,-0.86,-6.08,-0.87,INF,-1,1,7,0
4600,1,1,-80.695,-30.343,-7.50,-2.81,-7.49,-2.83,INF,-1,1,7,0
4620,1,1,-75.460,-29.399,-7.02,-2.73,-7.01,-2.75,INF,-1,1,7,0
4640,1,1,-76.455,-31.039,-7.11,-2.88,-7.10,-2.90,INF,-1,0,7,0
4660,1,1,-75.782,-29.473,-7.05,-2.73,-7.04,-2.75,INF,-1,0,7,0
4680,1,1,-76.453,-29.887,-7.11,-2.77,-7.10,-2.79,INF,-1,0,7,0
4700,1,1,-77.613,-29.203,-7.22,-2.71,-7.21,-2.73,INF,-1,0,7,0
4720,1,1,-75.754,-29.743,-7.04,-2.76,-7.04,-2.78,INF,-1,0,7,0
4740,1,1,-77.197,-29.306,-7.18,-2.72,-7.17,-2.74,INF,-1,0,7,0
4760,1,1,-75.249,-30.123,-7.00,-2.79,-6.99,-2.81,INF,-1,0,7,0
4780,1,1,-77.677,-29.691,-7.22,-2.75,-7.21,-2.77,INF,-1,0,7,0
4800,1,1,-77.058,-28.918,-7.16,-2.68,-7.16,-2.70,INF,-1,0,7,0
4820,1,1,-76.775,-28.913,-7.14,-2.68,-7.13,-2.70,INF,-1,0,7,0
4840,1,1,-76.960,-28.819,-7.16,-2.67,-7.15,-2.69,INF,-1,0,7,0
4860,1,1,-75.791,-30.038,-7.05,-2.78,-7.04,-2.81,INF,-1,0,7,0
4880,1,1,-62.583,-31.971,-5.83,-2.97,-5.82,-2.99,INF,-1,1,7,0
4900,1,1,-66.440,-31.977,-6.19,-2.97,-6.18,-2.99,INF,-1,1,7,0
4920,1,1,-63.722,-33.308,-5.93,-3.09,-5.93,-3.11,INF,-1,1,7,0
4940,1,1,-63.182,-33.749,-5.88,-3.13,-5.88,-3.15,INF,-1,1,7,0
4960,1,1,-64.287,-31.863,-5.99,-2.96,-5.98,-2.98,INF,-1,0,7,0
4980,1,1,-62.567,-32.520,-5.83,-3.02,-5.82,-3.04,INF,-1,0,7,0
5000,1,1,-63.727,-32.272,-5.94,-3.00,-5.93,-3.01,INF,-1,0,7,0
5020,1,1,-63.489,-33.740,-5.91,-3.13,-5.90,-3.15,INF,-1,0,7,0
5040,1,1,-63.340,-32.368,-5.90,-3.01,-5.89,-3.02,INF,-1,0,7,0
5060,1,1,-63.328,-32.818,-5.90,-3.05,-5.89,-3.06,INF,-1,0,7,0
5080,1,1,-62.705,-34.056,-5.84,-3.16,-5.83,-3.18,INF,-1,0,7,0
5100,1,1,-62.957,-35.617,-5.86,-3.31,-5.85,-3.33,INF,-1,0,7,0
5120,1,1,-49.006,-40.312,-4.57,-3.75,-4.56,-3.76,INF,-1,0,7,0
5140,1,1,-48.978,-38.740,-4.57,-3.60,-4.56,-3.62,INF,-1,0,7,0
5160,1,1,-47.579,-41.270,-4.44,-3.84,-4.43,-3.85,INF,-1,0,7,0
5180,1,1,-48.719,-40.435,-4.54,-3.76,-4.53,-3.77,INF,-1,0,7,0
5200,1,1,-49.021,-40.758,-4.57,-3.79,-4.56,-3.80,INF,-1,0,7,0
5220,1,1,-46.378,-42.202,-4.33,-3.93,-4.32,-3.94,INF,-1,1,7,0
5240,1,1,-48.186,-41.044,-4.49,-3.82,-4.48,-3.83,INF,-1,1,7,0
5260,1,1,-47.193,-40.327,-4.40,-3.75,-4.39,-3.76,INF,-1,0,7,0
5280,1,1,-47.527,-42.049,-4.43,-3.91,-4.42,-3.92,INF,-1,0,7,0
5300,1,1,-48.663,-40.456,-4.54,-3.76,-4.53,-3.78,INF,-1,0,7,0
5320,1,1,-47.445,-39.718,-4.43,-3.70,-4.42,-3.71,INF,-1,0,7,0
5340,1,1,-49.552,-40.672,-4.62,-3.78,-4.61,-3.80,INF,-1,0,7,0
5360,1,1,-47.998,-38.736,-4.48,-3.60,-4.47,-3.62,INF,-1,0,7,0
5380,1,1,-47.845,-40.484,-4.46,-3.77,-4.45,-3.78,INF,-1,0,7,0
5400,1,1,-48.238,-40.069,-4.50,-3.73,-4.49,-3.74,INF,-1,0,7,0
5420,1,1,14.716,-42.762,1.38,-3.99,1.37,-3.99,INF,-1,0,7,0
5440,1,1,13.490,-39.951,1.26,-3.73,1.26,-3.73,INF,-1,0,7,0
5460,1,1,14.511,-40.975,1.36,-3.82,1.35,-3.82,INF,-1,0,7,0
5480,1,1,13.165,-40.195,1.23,-3.75,1.23,-3.75,INF,-1,0,7,0
5500,1,1,15.161,-41.310,1.42,-3.85,1.41,-3.86,INF,-1,0,7,0
5520,1,1,13.339,-41.524,1.25,-3.87,1.24,-3.88,INF,-1,0,7,0
5540,1,1,15.222,-41.068,1.42,-3.83,1.42,-3.83,INF,-1,0,7,0
5560,1,1,14.848,-40.522,1.39,-3.78,1.38,-3.78,INF,-1,0,7,0
5580,1,1,14.984,-41.090,1.40,-3.83,1.40,-3.83,INF,-1,0,7,0
5600,1,1,15.661,-41.759,1.46,-3.90,1.46,-3.90,INF,-1,0,7,0
5620,1,1,15.016,-40.956,1.40,-3.82,1.40,-3.82,INF,-1,0,7,0
5640,1,1,15.340,-41.232,1.43,-3.85,1.43,-3.85,INF,-1,0,7,0
5660,1,1,15.297,-41.501,1.43,-3.87,1.43,-3.87,INF,-1,0,7,0
5680,1,1,14.657,-40.003,1.37,-3.73,1.37,-3.73,INF,-1,0,7,0
5700,1,1,14.999,-40.740,1.40,-3.80,1.40,-3.80,INF,-1,1,7,0
5720,1,1,29.655,-35.534,2.77,-3.31,2.77,-3.32,INF,-1,1,7,0
5740,1,1,26.718,-34.090,2.50,-3.18,2.49,-3.18,INF,-1,1,7,0
5760,1,1,27.638,-34.094,2.58,-3.18,2.58,-3.18,INF,-1,0,7,0
5780,1,1,28.368,-33.182,2.65,-3.10,2.65,-3.10,INF,-1,0,7,0
5800,1,1,28.105,-34.243,2.63,-3.19,2.62,-3.20,INF,-1,0,7,0
5820,1,1,27.525,-34.224,2.57,-3.19,2.57,-3.20,INF,-1,0,7,0
5840,1,1,27.184,-34.469,2.54,-3.22,2.54,-3.22,INF,-1,0,7,0
5860,1,1,27.206,-34.143,2.54,-3.18,2.54,-3.19,INF,-1,0,7,0
5880,1,1,25.874,-34.472,2.42,-3.22,2.41,-3.22,INF,-1,0,7,0
5900,1,1,26.889,-34.723,2.51,-3.24,2.51,-3.24,INF,-1,0,7,0
5920,1,1,27.169,-35.429,2.54,-3.30,2.53,-3.31,INF,-1,0,7,0
5940,1,1,26.741,-35.030,2.50,-3.27,2.49,-3.27,INF,-1,0,7,0
5960,1,1,26.689,-34.608,2.49,-3.23,2.49,-3.23,INF,-1,0,7,0
5980,1,1,31.185,-23.687,2.91,-2.21,2.91,-2.21,INF,-1,0,7,0
6000,1,1,25.823,-14.348,2.41,-1.34,2.41,-1.34,INF,-1,1,7,0
6020,1,1,24.318,-15.805,2.27,-1.48,2.27,-1.48,INF,-1,1,7,0
6040,1,1,25.486,-15.259,2.38,-1.42,2.38,-1.43,INF,-1,0,7,0
6060,1,1,23.103,-13.618,2.16,-1.27,2.16,-1.27,INF,-1,0,7,0
6080,1,1,22.385,-14.102,2.09,-1.32,2.09,-1.32,INF,-1,0,7,0
6100,1,1,23.430,-13.602,2.19,-1.27,2.19,-1.27,INF,-1,0,7,0
6120,1,1,23.643,-13.630,2.21,-1.27,2.21,-1.27,INF,-1,0,7,0
6140,1,1,20.502,-6.345,1.92,-0.59,1.92,-0.59,INF,-1,0,7,0
6160,1,1,16.067,0.825,1.50,0.08,1.50,0.08,INF,-1,0,7,0
6180,1,1,16.071,0.184,1.50,0.02,1.50,0.02,INF,-1,0,7,0
6200,1,1,15.967,0.053,1.49,0.00,1.49,0.00,INF,-1,0,7,0
6220,1,1,16.294,-0.792,1.52,-0.07,1.52,-0.07,INF,-1,0,7,0
6240,1,1,15.479,0.368,1.45,0.03,1.45,0.03,INF,-1,0,7,0
6260,1,1,17.137,-0.109,1.60,-0.01,1.60,-0.01,INF,-1,0,7,0
6280,1,1,14.758,0.062,1.38,0.01,1.38,0.01,INF,-1,1,7,0
6300,1,1,16.869,0.417,1.58,0.04,1.58,0.04,INF,-1,1,7,0
6320,1,1,15.761,0.145,1.47,0.01,1.47,0.01,INF,-1,1,7,0
6340,1,1,14.298,0.122,1.34,0.01,1.34,0.01,INF,-1,1,7,0
6360,1,1,14.913,1.255,1.39,0.12,1.39,0.12,INF,-1,1,7,0
6380,1,1,12.758,2.946,1.19,0.28,1.19,0.28,INF,-1,1,7,0
6400,1,1,10.274,8.328,0.96,0.78,0.96,0.78,INF,-1,1,7,0
6420,1,1,11.057,6.295,1.03,0.59,1.03,0.59,INF,-1,0,7,0
6440,1,1,9.863,6.821,0.92,0.64,0.92,0.64,INF,-1,0,7,0
6460,1,1,9.997,6.796,0.93,0.64,0.93,0.64,INF,-1,0,7,0
6480,1,1,9.884,7.191,0.92,0.67,0.92,0.67,INF,-1,0,7,0
6500,1,1,9.374,7.173,0.88,0.67,0.88,0.67,INF,-1,0,7,0
6520,1,1,8.093,7.243,0.76,0.68,0.76,0.68,INF,-1,0,7,0
6540,1,1,9.097,7.935,0.85,0.74,0.85,0.74,INF,-1,0,7,0
6560,1,1,9.434,7.065,0.88,0.66,0.88,0.66,INF,-1,0,7,0
6580,1,1,9.461,6.751,0.88,0.63,0.88,0.63,INF,-1,0,7,0
6600,1,1,0.992,5.589,0.09,0.52,0.09,0.52,INF,-1,0,7,0
6620,1,1,1.147,3.818,0.11,0.36,0.11,0.36,INF,-1,0,7,0
6640,1,1,2.076,5.094,0.19,0.48,0.19,0.48,INF,-1,0,7,0
6660,1,1,1.355,4.032,0.13,0.38,0.13,0.38,INF,-1,1,7,0
6680,1,1,1.684,4.742,0.16,0.44,0.16,0.44,INF,-1,1,7,0
6700,1,1,2.088,6.124,0.20,0.57,0.20,0.57,INF,-1,1,7,0
6720,1,1,1.961,5.907,0.18,0.55,0.18,0.55,INF,-1,1,7,0
6740,1,1,-0.445,5.839,-0.04,0.55,-0.04,0.55,INF,-1,1,7,0
6760,1,1,1.866,6.828,0.17,0.64,0.17,0.64,INF,-1,1,7,0
6780,1,1,0.995,6.058,0.09,0.57,0.09,0.57,INF,-1,1,7,0
6800,1,1,1.353,5.910,0.13,0.55,0.13,0.55,INF,-1,1,7,0
6820,1,1,2.890,6.054,0.27,0.57,0.27,0.57,INF,-1,1,7,0
6840,1,1,0.811,6.783,0.08,0.63,0.08,0.63,INF,-1,1,7,0
6860,1,1,2.497,5.721,0.23,0.53,0.23,0.53,INF,-1,1,7,0
6880,1,1,1.422,6.672,0.13,0.62,0.13,0.62,INF,-1,1,7,0
6900,1,1,24.132,0.334,2.25,0.03,2.25,0.03,INF,-1,1,7,0
6920,1,1,40.385,-7.982,3.77,-0.74,3.77,-0.75,INF,-1,1,7,0
6940,1,1,40.690,-8.084,3.80,-0.75,3.80,-0.76,INF,-1,0,7,0
6960,1,1,39.975,-7.605,3.73,-0.71,3.73,-0.71,INF,-1,0,7,0
6980,1,1,39.572,-8.212,3.69,-0.77,3.69,-0.77,INF,-1,0,7,0
7000,1,1,40.779,-8.025,3.81,-0.75,3.81,-0.75,INF,-1,0,7,0
7020,1,1,41.523,-9.383,3.88,-0.87,3.87,-0.88,INF,-1,0,7,0
7040,1,1,41.108,-8.099,3.84,-0.76,3.84,-0.76,INF,-1,0,7,0
7060,1,1,41.310,-7.829,3.86,-0.73,3.86,-0.73,INF,-1,0,7,0
7080,1,1,40.570,-8.696,3.79,-0.81,3.79,-0.81,INF,-1,0,7,0
7100,1,1,40.594,-6.913,3.79,-0.64,3.79,-0.65,INF,-1,0,7,0
7120,1,1,40.932,-8.468,3.82,-0.79,3.82,-0.79,INF,-1,0,7,0
7140,1,1,40.620,-6.983,3.79,-0.65,3.79,-0.65,INF,-1,0,7,0
7160,1,1,40.183,-6.874,3.75,-0.64,3.75,-0.64,INF,-1,0,7,0
7180,1,1,38.649,-7.127,3.61,-0.66,3.61,-0.67,INF,-1,0,7,0
7200,1,1,39.709,-8.264,3.71,-0.77,3.71,-0.77,INF,-1,1,7,0
7220,1,1,40.069,-8.256,3.74,-0.77,3.74,-0.77,INF,-1,1,7,0
7240,1,1,39.440,-8.252,3.68,-0.77,3.68,-0.77,INF,-1,1,7,0
7260,1,1,38.862,-7.571,3.63,-0.71,3.63,-0.71,INF,-1,1,7,0
7280,1,1,39.787,-7.474,3.71,-0.70,3.71,-0.70,INF,-1,1,7,0
7300,1,1,40.172,-8.176,3.75,-0.76,3.75,-0.76,INF,-1,1,7,0
7320,1,1,40.943,-7.706,3.82,-0.72,3.82,-0.72,INF,-1,1,7,0
7340,1,1,41.503,-9.299,3.87,-0.87,3.87,-0.87,INF,-1,1,7,0
7360,1,1,38.663,-7.201,3.61,-0.67,3.61,-0.67,INF,-1,1,7,0
7380,1,1,22.043,13.371,2.06,1.25,2.06,1.25,INF,-1,1,7,0
7400,1,1,21.414,10.331,2.00,0.96,2.00,0.97,INF,-1,1,7,0
7420,1,1,20.347,11.695,1.90,1.09,1.90,1.09,INF,-1,0,7,0
7440,1,1,20.242,12.400,1.89,1.16,1.89,1.16,INF,-1,0,7,0
7460,1,1,20.379,11.737,1.90,1.10,1.90,1.10,INF,-1,0,7,0
7480,1,1,19.774,10.626,1.85,0.99,1.85,0.99,INF,-1,0,7,0
7500,1,1,19.743,12.008,1.84,1.12,1.84,1.12,INF,-1,0,7,0
7520,1,1,18.682,12.237,1.75,1.14,1.75,1.14,INF,-1,0,7,0
7540,1,1,20.754,10.420,1.94,0.97,1.94,0.97,INF,-1,0,7,0
7560,1,1,19.057,11.613,1.78,1.08,1.78,1.09,INF,-1,0,7,0
7580,1,1,19.742,10.371,1.84,0.97,1.84,0.97,INF,-1,0,7,0
7600,1,1,18.259,10.903,1.71,1.02,1.71,1.02,INF,-1,0,7,0
7620,1,1,18.071,11.031,1.69,1.03,1.69,1.03,INF,-1,0,7,0
7640,1,1,17.985,11.517,1.68,1.08,1.68,1.08,INF,-1,0,7,0
7660,1,1,18.419,11.422,1.72,1.07,1.72,1.07,INF,-1,1,7,0
7680,1,1,19.002,12.659,1.78,1.18,1.78,1.18,INF,-1,1,7,0
7700,1,1,18.682,10.902,1.75,1.02,1.75,1.02,INF,-1,1,7,0
7720,1,1,20.622,11.455,1.93,1.07,1.93,1.07,INF,-1,1,7,0
7740,1,1,19.304,10.154,1.80,0.95,1.80,0.95,INF,-1,1,7,0
7760,1,1,16.692,11.340,1.56,1.06,1.56,1.06,INF,-1,1,7,0
7780,1,1,18.585,10.232,1.74,0.96,1.74,0.96,INF,-1,1,7,0
7800,1,1,18.392,10.386,1.72,0.97,1.72,0.97,INF,-1,1,7,0
7820,1,1,18.512,10.169,1.73,0.95,1.73,0.95,INF,-1,1,7,0
7840,1,1,18.323,11.346,1.71,1.06,1.71,1.06,INF,-1,1,7,0
7860,1,1,18.607,10.321,1.74,0.96,1.74,0.96,INF,-1,1,7,0
7880,1,1,17.897,9.185,1.67,0.86,1.67,0.86,INF,-1,1,7,0
7900,1,1,18.174,10.678,1.70,1.00,1.70,1.00,INF,-1,1,7,0
7920,1,1,16.972,10.468,1.59,0.98,1.59,0.98,INF,-1,1,7,0
7940,1,1,-26.499,8.102,-2.48,0.76,-2.48,0.76,INF,-1,1,7,0
7960,1,1,-22.777,6.754,-2.13,0.63,-2.13,0.63,INF,-1,1,7,0
7980,1,1,-25.868,6.538,-2.42,0.61,-2.42,0.61,INF,-1,0,7,0
8000,1,1,-25.193,7.829,-2.35,0.73,-2.35,0.73,INF,-1,0,7,0
8020,1,1,-26.048,7.782,-2.43,0.73,-2.43,0.73,INF,-1,0,7,0
8040,1,1,-25.345,7.772,-2.37,0.73,-2.37,0.73,INF,-1,0,7,0
8060,1,1,-27.467,7.740,-2.57,0.72,-2.57,0.72,INF,-1,0,7,0
8080,1,1,-25.049,7.812,-2.34,0.73,-2.34,0.73,INF,-1,0,7,0
8100,1,1,-24.315,8.123,-2.27,0.76,-2.27,0.76,INF,-1,0,7,0
8120,1,1,-25.191,8.119,-2.35,0.76,-2.35,0.76,INF,-1,0,7,0
8140,1,1,-25.669,7.310,-2.40,0.68,-2.40,0.68,INF,-1,0,7,0
8160,1,1,-25.576,6.628,-2.39,0.62,-2.39,0.62,INF,-1,0,7,0
8180,1,1,-27.289,7.578,-2.55,0.71,-2.55,0.71,INF,-1,0,7,0
8200,1,1,-26.203,6.720,-2.45,0.63,-2.45,0.63,INF,-1,0,7,0
8220,1,1,-27.649,8.023,-2.58,0.75,-2.58,0.75,INF,-1,1,7,0
8240,1,1,-61.923,-8.068,-5.77,-0.75,-5.77,-0.75,INF,-1,1,7,0
8260,1,1,-56.231,-8.177,-5.24,-0.76,-5.24,-0.76,INF,-1,1,7,0
8280,1,1,-57.235,-8.276,-5.33,-0.77,-5.33,-0.77,INF,-1,0,7,0
8300,1,1,-56.596,-6.935,-5.27,-0.65,-5.27,-0.65,INF,-1,0,7,0
8320,1,1,-57.059,-5.800,-5.32,-0.54,-5.32,-0.54,INF,-1,0,7,0
8340,1,1,-55.810,-8.197,-5.20,-0.76,-5.20,-0.77,INF,-1,0,7,0
8360,1,1,-55.867,-9.082,-5.21,-0.85,-5.21,-0.85,INF,-1,0,7,0
8380,1,1,-57.334,-8.400,-5.34,-0.78,-5.34,-0.79,INF,-1,0,7,0
8400,1,1,-56.571,-8.181,-5.27,-0.76,-5.27,-0.76,INF,-1,0,7,0
8420,1,1,-57.988,-6.857,-5.40,-0.64,-5.40,-0.64,INF,-1,0,7,0
8440,1,1,-59.210,-8.786,-5.52,-0.82,-5.52,-0.82,INF,-1,0,7,0
8460,1,1,-58.424,-8.415,-5.44,-0.78,-5.44,-0.79,INF,-1,0,7,0
8480,1,1,-59.421,-6.523,-5.54,-0.61,-5.54,-0.61,INF,-1,0,7,0
8500,1,1,-58.755,-8.897,-5.47,-0.83,-5.47,-0.83,INF,-1,0,7,0
8520,1,1,-62.874,-7.058,-5.86,-0.66,-5.86,-0.66,INF,-1,1,7,0
8540,1,1,-60.849,-8.073,-5.67,-0.75,-5.67,-0.75,INF,-1,1,7,0
8560,1,1,-62.460,-7.692,-5.82,-0.72,-5.82,-0.72,INF,-1,1,7,0
8580,1,1,-61.755,-8.791,-5.75,-0.82,-5.75,-0.82,INF,-1,1,7,0
8600,1,1,-62.951,-7.522,-5.86,-0.70,-5.86,-0.70,INF,-1,1,7,0
8620,1,1,-61.612,-9.020,-5.74,-0.84,-5.74,-0.84,INF,-1,1,7,0
8640,1,1,-61.801,-9.099,-5.76,-0.85,-5.76,-0.85,INF,-1,1,7,0
8660,1,1,-62.439,-7.652,-5.82,-0.71,-5.82,-0.72,INF,-1,1,7,0
8680,1,1,-61.912,-8.356,-5.77,-0.78,-5.77,-0.78,INF,-1,1,7,0
8700,1,1,-37.505,-6.451,-3.50,-0.60,-3.50,-0.60,INF,-1,1,7,0
8720,1,1,-16.036,-5.715,-1.50,-0.53,-1.50,-0.53,INF,-1,1,7,0
8740,1,1,-14.673,-4.777,-1.37,-0.45,-1.37,-0.45,INF,-1,0,7,0
8760,1,1,-14.642,-4.693,-1.37,-0.44,-1.37,-0.44,INF,-1,0,7,0
8780,1,1,-15.782,-3.197,-1.47,-0.30,-1.47,-0.30,INF,-1,0,7,0
8800,1,1,-14.604,-5.408,-1.36,-0.51,-1.36,-0.51,INF,-1,0,7,0
8820,1,1,-14.537,-6.531,-1.36,-0.61,-1.36,-0.61,INF,-1,0,7,0
8840,1,1,-15.447,-5.054,-1.44,-0.47,-1.44,-0.47,INF,-1,0,7,0
8860,1,1,-14.766,-6.029,-1.38,-0.56,-1.38,-0.56,INF,-1,0,7,0
8880,1,1,-15.179,-5.875,-1.42,-0.55,-1.42,-0.55,INF,-1,0,7,0
8900,1,1,-15.550,-4.954,-1.45,-0.46,-1.45,-0.46,INF,-1,0,7,0
8920,1,1,-15.202,-4.526,-1.42,-0.42,-1.42,-0.42,INF,-1,0,7,0
8940,1,1,-15.947,-4.988,-1.49,-0.47,-1.49,-0.47,INF,-1,0,7,0
8960,1,1,-15.541,-4.658,-1.45,-0.44,-1.45,-0.44,INF,-1,0,7,0
8980,1,1,-14.920,-5.185,-1.39,-0.48,-1.39,-0.48,INF,-1,0,7,0
9000,1,1,-14.982,-6.401,-1.40,-0.60,-1.40,-0.60,INF,-1,1,7,0
9020,1,1,-15.631,-5.963,-1.46,-0.56,-1.46,-0.56,INF,-1,1,7,0
9040,1,1,-14.482,-5.643,-1.35,-0.53,-1.35,-0.53,INF,-1,1,7,0
9060,1,1,-13.976,-5.988,-1.31,-0.56,-1.31,-0.56,INF,-1,1,7,0
9080,1,1,-16.039,-4.547,-1.50,-0.42,-1.50,-0.42,INF,-1,1,7,0
9100,1,1,-17.379,-6.082,-1.62,-0.57,-1.62,-0.57,INF,-1,1,7,0
9120,1,1,-13.233,-3.736,-1.24,-0.35,-1.24,-0.35,INF,-1,1,7,0
9140,1,1,-16.942,7.288,-1.58,0.68,-1.58,0.68,INF,-1,1,7,0
9160,1,1,-17.438,4.221,-1.63,0.39,-1.63,0.39,INF,-1,1,7,0
9180,1,1,-15.403,4.580,-1.44,0.43,-1.44,0.43,INF,-1,1,7,0
9200,1,1,-16.767,4.486,-1.57,0.42,-1.57,0.42,INF,-1,1,7,0
9220,1,1,-17.040,4.831,-1.59,0.45,-1.59,0.45,INF,-1,1,7,0
9240,1,1,-16.378,2.525,-1.53,0.24,-1.53,0.24,INF,-1,1,7,0
9260,1,1,-16.323,3.306,-1.53,0.31,-1.53,0.31,INF,-1,1,7,0
9280,1,1,-16.651,3.805,-1.56,0.36,-1.56,0.36,INF,-1,1,7,0
9300,1,1,-17.953,4.361,-1.68,0.41,-1.68,0.41,INF,-1,1,7,0
9320,1,1,-16.129,3.652,-1.51,0.34,-1.51,0.34,INF,-1,1,7,0
9340,1,1,-17.305,4.753,-1.62,0.44,-1.62,0.44,INF,-1,1,7,0
9360,1,1,-15.651,5.525,-1.46,0.52,-1.46,0.52,INF,-1,1,7,0
9380,1,1,-16.996,6.499,-1.59,0.61,-1.59,0.61,INF,-1,0,7,0
9400,1,1,-15.773,5.519,-1.47,0.52,-1.47,0.52,INF,-1,0,7,0
9420,1,1,-16.982,6.766,-1.59,0.63,-1.59,0.63,INF,-1,0,7,0
9440,1,1,-15.857,5.290,-1.48,0.49,-1.48,0.49,INF,-1,0,7,0
9460,1,1,-15.237,5.967,-1.42,0.56,-1.42,0.56,INF,-1,0,7,0
9480,1,1,-16.606,7.177,-1.55,0.67,-1.55,0.67,INF,-1,0,7,0
9500,1,1,-15.676,5.791,-1.46,0.54,-1.46,0.54,INF,-1,0,7,0
9520,1,1,-15.656,6.342,-1.46,0.59,-1.46,0.59,INF,-1,0,7,0
9540,1,1,-23.539,8.945,-2.20,0.84,-2.20,0.84,INF,-1,0,7,0
9560,1,1,-24.179,9.702,-2.26,0.91,-2.26,0.91,INF,-1,0,7,0
9580,1,1,-23.599,9.609,-2.20,0.90,-2.20,0.90,INF,-1,0,7,0
9600,1,1,-22.520,9.773,-2.10,0.91,-2.10,0.91,INF,-1,0,7,0
9620,1,1,-24.365,10.874,-2.28,1.02,-2.28,1.02,INF,-1,1,7,0
9640,1,1,-23.712,10.572,-2.22,0.99,-2.21,0.99,INF,-1,1,7,0
9660,1,1,-21.610,7.212,-2.02,0.67,-2.02,0.67,INF,-1,1,7,0
9680,1,1,-23.108,9.196,-2.16,0.86,-2.16,0.86,INF,-1,1,7,0
9700,1,1,-24.110,10.641,-2.25,0.99,-2.25,0.99,INF,-1,1,7,0
9720,1,1,-24.498,10.029,-2.29,0.94,-2.29,0.94,INF,-1,1,7,0
9740,1,1,-23.796,10.133,-2.22,0.95,-2.22,0.95,INF,-1,1,7,0
9760,1,1,-25.378,10.828,-2.37,1.01,-2.37,1.01,INF,-1,1,7,0
9780,1,1,-24.508,9.643,-2.29,0.90,-2.29,0.90,INF,-1,1,7,0
9800,1,1,-21.471,9.291,-2.01,0.87,-2.01,0.87,INF,-1,1,7,0
9820,1,1,-22.513,9.268,-2.10,0.87,-2.10,0.87,INF,-1,1,7,0
9840,1,1,-23.040,8.651,-2.15,0.81,-2.15,0.81,INF,-1,1,7,0
9860,1,1,-58.850,-2.619,-5.48,-0.24,-5.48,-0.24,INF,-1,1,7,0
9880,1,1,-55.521,-3.485,-5.18,-0.32,-5.18,-0.33,INF,-1,1,7,0
9900,1,1,-56.094,-3.965,-5.23,-0.37,-5.23,-0.37,INF,-1,0,7,0
9920,1,1,-55.219,-4.083,-5.15,-0.38,-5.15,-0.38,INF,-1,0,7,0
9940,1,1,-58.275,-3.020,-5.43,-0.28,-5.43,-0.28,INF,-1,0,7,0
9960,1,1,-56.684,-3.595,-5.28,-0.33,-5.28,-0.34,INF,-1,0,7,0
9980,1,1,-56.721,-2.975,-5.29,-0.28,-5.29,-0.28,INF,-1,0,7,0
10000,1,1,-57.200,-3.279,-5.33,-0.31,-5.33,-0.31,INF,-1,0,7,0
10020,1,1,-57.208,-4.169,-5.33,-0.39,-5.33,-0.39,INF,-1,0,7,0
10040,1,1,-56.373,-4.003,-5.25,-0.37,-5.25,-0.37,INF,-1,0,7,0
10060,1,1,-56.264,-3.907,-5.24,-0.36,-5.24,-0.37,INF,-1,0,7,0
10080,1,1,-55.961,-6.271,-5.22,-0.58,-5.22,-0.59,INF,-1,0,7,0
10100,1,1,-56.094,-5.726,-5.23,-0.53,-5.23,-0.54,INF,-1,0,7,0
10120,1,1,-58.275,-5.405,-5.43,-0.50,-5.43,-0.51,INF,-1,0,7,0
10140,1,1,-57.015,-4.611,-5.31,-0.43,-5.31,-0.43,INF,-1,1,7,0
10160,1,1,-55.742,-4.660,-5.20,-0.43,-5.20,-0.44,INF,-1,1,7,0
10180,1,1,-57.593,-4.118,-5.37,-0.38,-5.37,-0.38,INF,-1,1,7,0
10200,1,1,-59.000,-5.581,-5.50,-0.52,-5.50,-0.52,INF,-1,1,7,0
10220,1,1,-57.780,-4.658,-5.38,-0.43,-5.38,-0.44,INF,-1,1,7,0
10240,1,1,-57.962,-5.184,-5.40,-0.48,-5.40,-0.48,INF,-1,1,7,0
10260,1,1,-58.076,-5.310,-5.41,-0.49,-5.41,-0.50,INF,-1,1,7,0
10280,1,1,-58.979,-4.744,-5.50,-0.44,-5.50,-0.44,INF,-1,1,7,0
10300,1,1,-4.607,-19.646,-0.43,-1.84,-0.43,-1.84,INF,-1,1,7,0
10320,1,1,-8.447,-17.715,-0.79,-1.66,-0.79,-1.66,INF,-1,1,7,0
10340,1,1,-7.024,-18.444,-0.66,-1.72,-0.66,-1.72,INF,-1,0,7,0
10360,1,1,-7.028,-19.166,-0.66,-1.79,-0.66,-1.79,INF,-1,0,7,0
10380,1,1,-8.260,-18.713,-0.77,-1.75,-0.77,-1.75,INF,-1,0,7,0
10400,1,1,-9.253,-19.813,-0.86,-1.85,-0.86,-1.85,INF,-1,0,7,0
10420,1,1,-9.334,-19.958,-0.87,-1.86,-0.87,-1.86,INF,-1,0,7,0
10440,1,1,-7.282,-18.773,-0.68,-1.75,-0.68,-1.75,INF,-1,0,7,0
10460,1,1,-7.546,-19.191,-0.71,-1.79,-0.70,-1.79,INF,-1,0,7,0
10480,1,1,-8.969,-18.808,-0.84,-1.76,-0.84,-1.76,INF,-1,0,7,0
10500,1,1,-8.087,-19.529,-0.76,-1.82,-0.76,-1.82,INF,-1,0,7,0
10520,1,1,-8.728,-18.453,-0.82,-1.72,-0.82,-1.72,INF,-1,0,7,0
10540,1,1,-7.824,-17.527,-0.73,-1.64,-0.73,-1.64,INF,-1,0,7,0
10560,1,1,-2.888,-13.600,-0.27,-1.27,-0.27,-1.27,INF,-1,0,7,0
10580,1,1,0.306,-5.630,0.03,-0.53,0.03,-0.53,INF,-1,1,7,0
10600,1,1,-1.094,-7.061,-0.10,-0.66,-0.10,-0.66,INF,-1,1,7,0
10620,1,1,0.891,-7.295,0.08,-0.68,0.08,-0.68,INF,-1,0,7,0
10640,1,1,-0.154,-6.167,-0.01,-0.58,-0.01,-0.58,INF,-1,0,7,0
10660,1,1,-0.365,-5.680,-0.03,-0.53,-0.03,-0.53,INF,-1,0,7,0
10680,1,1,-0.727,-6.243,-0.07,-0.58,-0.07,-0.58,INF,-1,0,7,0
10700,1,1,-0.560,-5.671,-0.05,-0.53,-0.05,-0.53,INF,-1,0,7,0
10720,1,1,1.002,-5.738,0.09,-0.54,0.09,-0.54,INF,-1,0,7,0
10740,1,1,-0.859,-6.091,-0.08,-0.57,-0.08,-0.57,INF,-1,0,7,0
10760,1,1,-5.537,-5.472,-0.52,-0.51,-0.52,-0.51,INF,-1,0,7,0
10780,1,1,-6.258,-3.771,-0.58,-0.35,-0.58,-0.35,INF,-1,0,7,0
10800,1,1,-4.740,-3.890,-0.44,-0.36,-0.44,-0.36,INF,-1,0,7,0
10820,1,1,-5.383,-3.876,-0.50,-0.36,-0.50,-0.36,INF,-1,0,7,0
10840,1,1,-4.354,-3.243,-0.41,-0.30,-0.41,-0.30,INF,-1,0,7,0
10860,1,1,-3.509,-6.328,-0.33,-0.59,-0.33,-0.59,INF,-1,1,7,0
10880,1,1,-5.309,-4.034,-0.50,-0.38,-0.50,-0.38,INF,-1,1,7,0
10900,1,1,-6.048,-5.536,-0.57,-0.52,-0.57,-0.52,INF,-1,1,7,0
10920,1,1,-5.739,-6.314,-0.54,-0.59,-0.54,-0.59,INF,-1,1,7,0
10940,1,1,-6.317,-5.301,-0.59,-0.50,-0.59,-0.50,INF,-1,1,7,0
10960,1,1,-4.380,-5.503,-0.41,-0.51,-0.41,-0.51,INF,-1,1,7,0
10980,1,1,-5.805,-3.224,-0.54,-0.30,-0.54,-0.30,INF,-1,1,7,0
11000,1,1,-6.093,-4.699,-0.57,-0.44,-0.57,-0.44,INF,-1,1,7,0
11020,1,1,-5.566,-6.333,-0.52,-0.59,-0.52,-0.59,INF,-1,1,7,0
11040,1,1,-6.537,-4.975,-0.61,-0.46,-0.61,-0.46,INF,-1,1,7,0
11060,1,1,-6.193,-4.742,-0.58,-0.44,-0.58,-0.44,INF,-1,1,7,0
11080,1,1,-8.047,-4.575,-0.75,-0.43,-0.75,-0.43,INF,-1,1,7,0
11100,1,1,-11.548,-4.795,-1.08,-0.45,-1.08,-0.45,INF,-1,1,7,0
11120,1,1,-12.166,-4.684,-1.14,-0.44,-1.14,-0.44,INF,-1,1,7,0
11140,1,1,-10.935,-4.584,-1.02,-0.43,-1.02,-0.43,INF,-1,1,7,0
11160,1,1,-12.017,-5.315,-1.12,-0.50,-1.12,-0.50,INF,-1,1,7,0
11180,1,1,-12.110,-5.159,-1.13,-0.48,-1.13,-0.48,INF,-1,1,7,0
11200,1,1,-12.281,-4.829,-1.15,-0.45,-1.15,-0.45,INF,-1,1,7,0
11220,1,1,-12.448,-4.907,-1.16,-0.46,-1.16,-0.46,INF,-1,0,7,0
11240,1,1,-12.411,-6.212,-1.16,-0.58,-1.16,-0.58,INF,-1,0,7,0
11260,1,1,-11.103,-5.889,-1.04,-0.55,-1.04,-0.55,INF,-1,0,7,0
11280,1,1,-11.520,-5.822,-1.08,-0.54,-1.08,-0.54,INF,-1,0,7,0
11300,1,1,-11.042,-6.106,-1.03,-0.57,-1.03,-0.57,INF,-1,0,7,0
11320,1,1,-12.111,-5.767,-1.13,-0.54,-1.13,-0.54,INF,-1,0,7,0
11340,1,1,-13.616,-5.259,-1.27,-0.49,-1.27,-0.49,INF,-1,0,7,0
11360,1,1,-11.840,-6.111,-1.11,-0.57,-1.11,-0.57,INF,-1,0,7,0
11380,1,1,-11.755,-7.590,-1.10,-0.71,-1.10,-0.71,INF,-1,0,7,0
11400,1,1,37.241,-14.579,3.48,-1.36,3.48,-1.36,INF,-1,0,7,0
11420,1,1,39.592,-13.036,3.70,-1.22,3.69,-1.22,INF,-1,0,7,0
11440,1,1,41.133,-14.725,3.84,-1.37,3.84,-1.38,INF,-1,0,7,0
11460,1,1,40.158,-13.215,3.75,-1.23,3.75,-1.24,INF,-1,0,7,0
11480,1,1,40.534,-13.767,3.78,-1.28,3.78,-1.29,INF,-1,0,7,0
11500,1,1,40.060,-13.033,3.74,-1.22,3.74,-1.22,INF,-1,0,7,0
11520,1,1,39.639,-14.377,3.70,-1.34,3.70,-1.34,INF,-1,0,7,0
11540,1,1,38.843,-13.974,3.63,-1.30,3.62,-1.31,INF,-1,0,7,0
11560,1,1,38.848,-13.510,3.63,-1.26,3.63,-1.26,INF,-1,0,7,0
11580,1,1,39.843,-14.469,3.72,-1.35,3.72,-1.35,INF,-1,0,7,0
11600,1,1,39.124,-14.055,3.65,-1.31,3.65,-1.31,INF,-1,0,7,0
11620,1,1,39.800,-14.715,3.71,-1.37,3.71,-1.38,INF,-1,0,7,0
11640,1,1,36.621,-11.992,3.42,-1.12,3.42,-1.12,INF,-1,0,7,0
11660,1,1,33.076,-11.763,3.09,-1.10,3.09,-1.10,INF,-1,0,7,0
11680,1,1,35.057,-12.649,3.27,-1.18,3.27,-1.18,INF,-1,1,7,0
11700,1,1,34.166,-11.395,3.19,-1.06,3.19,-1.06,INF,-1,1,7,0
11720,1,1,34.075,-11.597,3.18,-1.08,3.18,-1.08,INF,-1,1,7,0
11740,1,1,34.832,-10.888,3.25,-1.02,3.25,-1.02,INF,-1,1,7,0
11760,1,1,34.133,-11.379,3.19,-1.06,3.19,-1.06,INF,-1,1,7,0
11780,1,1,35.861,-12.452,3.35,-1.16,3.35,-1.16,INF,-1,1,7,0
11800,1,1,35.991,-11.625,3.36,-1.08,3.36,-1.09,INF,-1,1,7,0
11820,1,1,34.233,-11.898,3.20,-1.11,3.20,-1.11,INF,-1,1,7,0
11840,1,1,35.278,-11.388,3.29,-1.06,3.29,-1.06,INF,-1,1,7,0
11860,1,1,35.156,-11.626,3.28,-1.08,3.28,-1.09,INF,-1,1,7,0
11880,1,1,35.391,-13.047,3.30,-1.22,3.30,-1.22,INF,-1,1,7,0
11900,1,1,34.167,-12.206,3.19,-1.14,3.19,-1.14,INF,-1,1,7,0
11920,1,1,36.491,-12.794,3.41,-1.19,3.41,-1.20,INF,-1,1,7,0
11940,1,1,20.219,-32.006,1.89,-2.99,1.89,-2.99,INF,-1,1,7,0
11960,1,1,19.981,-31.382,1.87,-2.93,1.86,-2.93,INF,-1,1,7,0
11980,1,1,20.272,-33.271,1.89,-3.11,1.89,-3.11,INF,-1,0,7,0
12000,1,1,18.961,-31.819,1.77,-2.97,1.77,-2.97,INF,-1,0,7,0
12020,1,1,19.191,-32.255,1.79,-3.01,1.79,-3.01,INF,-1,0,7,0
12040,1,1,18.996,-32.373,1.77,-3.02,1.77,-3.02,INF,-1,0,7,0
12060,1,1,19.058,-32.771,1.78,-3.06,1.78,-3.06,INF,-1,0,7,0
12080,1,1,18.449,-33.369,1.72,-3.11,1.72,-3.12,INF,-1,0,7,0
12100,1,1,18.523,-31.596,1.73,-2.95,1.73,-2.95,INF,-1,0,7,0
12120,1,1,20.205,-32.947,1.89,-3.07,1.89,-3.08,INF,-1,0,7,0
12140,1,1,19.740,-33.210,1.84,-3.10,1.84,-3.10,INF,-1,0,7,0
12160,1,1,18.113,-33.207,1.69,-3.10,1.69,-3.10,INF,-1,0,7,0
12180,1,1,-18.610,-37.665,-1.74,-3.51,-1.74,-3.52,INF,-1,0,7,0
12200,1,1,-17.683,-37.835,-1.65,-3.53,-1.65,-3.53,INF,-1,0,7,0
12220,1,1,-19.284,-37.215,-1.80,-3.47,-1.80,-3.47,INF,-1,0,7,0
12240,1,1,-19.335,-37.234,-1.81,-3.47,-1.80,-3.48,INF,-1,0,7,0
12260,1,1,-18.522,-38.484,-1.73,-3.59,-1.73,-3.59,INF,-1,0,7,0
12280,1,1,-21.727,-37.679,-2.03,-3.52,-2.03,-3.52,INF,-1,0,7,0
12300,1,1,-22.344,-39.911,-2.09,-3.72,-2.08,-3.73,INF,-1,0,7,0
12320,1,1,-20.468,-38.530,-1.91,-3.59,-1.91,-3.60,INF,-1,0,7,0
12340,1,1,-22.064,-39.064,-2.06,-3.64,-2.06,-3.65,INF,-1,0,7,0
12360,1,1,-21.726,-39.492,-2.03,-3.68,-2.03,-3.69,INF,-1,0,7,0
12380,1,1,-20.800,-38.180,-1.94,-3.56,-1.94,-3.56,INF,-1,0,7,0
12400,1,1,-22.117,-38.548,-2.07,-3.60,-2.06,-3.60,INF,-1,1,7,0
12420,1,1,-21.267,-40.384,-1.99,-3.77,-1.98,-3.77,INF,-1,1,7,0
12440,1,1,-23.044,-38.681,-2.15,-3.61,-2.15,-3.61,INF,-1,1,7,0
12460,1,1,-39.972,-43.036,-3.73,-4.01,-3.72,-4.02,INF,-1,1,7,0
12480,1,1,-37.824,-43.070,-3.53,-4.01,-3.52,-4.02,INF,-1,0,7,0
12500,1,1,-37.637,-42.335,-3.51,-3.94,-3.51,-3.95,INF,-1,0,7,0
12520,1,1,-39.108,-42.543,-3.65,-3.96,-3.64,-3.97,INF,-1,0,7,0
12540,1,1,-39.814,-42.123,-3.72,-3.92,-3.71,-3.93,INF,-1,0,7,0
12560,1,1,-41.142,-42.372,-3.84,-3.95,-3.83,-3.95,INF,-1,0,7,0
12580,1,1,-41.131,-44.052,-3.84,-4.10,-3.83,-4.11,INF,-1,0,7,0
12600,1,1,-42.140,-42.233,-3.93,-3.93,-3.92,-3.94,INF,-1,0,7,0
12620,1,1,-39.945,-41.767,-3.73,-3.89,-3.72,-3.90,INF,-1,0,7,0
12640,1,1,-40.415,-43.195,-3.77,-4.02,-3.76,-4.03,INF,-1,0,7,0
12660,1,1,-42.180,-43.182,-3.94,-4.02,-3.93,-4.03,INF,-1,0,7,0
12680,1,1,-41.049,-43.310,-3.83,-4.03,-3.82,-4.04,INF,-1,0,7,0
12700,1,1,-40.514,-42.686,-3.78,-3.97,-3.77,-3.98,INF,-1,0,7,0
12720,1,1,-40.800,-43.594,-3.81,-4.06,-3.80,-4.07,INF,-1,0,7,0
12740,1,1,-39.701,-44.436,-3.71,-4.14,-3.70,-4.15,INF,-1,1,7,0
12760,1,1,-39.268,-43.046,-3.67,-4.01,-3.66,-4.02,INF,-1,1,7,0
12780,1,1,-49.119,-44.629,-4.58,-4.15,-4.57,-4.16,INF,-1,1,7,0
12800,1,1,-49.860,-43.607,-4.65,-4.06,-4.64,-4.07,INF,-1,1,7,0
12820,1,1,-49.233,-44.559,-4.59,-4.14,-4.58,-4.16,INF,-1,1,7,0
12840,1,1,-49.723,-44.542,-4.64,-4.14,-4.63,-4.16,INF,-1,1,7,0
12860,1,1,-52.119,-44.482,-4.86,-4.14,-4.85,-4.15,INF,-1,1,7,0
12880,1,1,-51.941,-45.110,-4.84,-4.19,-4.83,-4.21,INF,-1,1,7,0
12900,1,1,-49.036,-45.481,-4.57,-4.23,-4.56,-4.24,INF,-1,1,7,0
12920,1,1,-50.958,-44.568,-4.75,-4.14,-4.74,-4.16,INF,-1,1,7,0
12940,1,1,-50.127,-43.446,-4.67,-4.04,-4.66,-4.05,INF,-1,1,7,0
12960,1,1,-51.205,-46.032,-4.77,-4.28,-4.76,-4.29,INF,-1,1,7,0
12980,1,1,-50.640,-46.082,-4.72,-4.28,-4.71,-4.30,INF,-1,1,7,0
13000,1,1,-51.451,-44.946,-4.80,-4.18,-4.78,-4.19,INF,-1,0,7,0
13020,1,1,-51.088,-44.964,-4.76,-4.18,-4.75,-4.20,INF,-1,0,7,0
13040,1,1,-52.754,-43.443,-4.92,-4.04,-4.91,-4.05,INF,-1,0,7,0
13060,1,1,-50.164,-44.267,-4.68,-4.12,-4.67,-4.13,INF,-1,0,7,0
13080,1,1,-50.369,-43.356,-4.70,-4.03,-4.69,-4.05,INF,-1,0,7,0
13100,1,1,-49.890,-44.576,-4.65,-4.15,-4.64,-4.16,INF,-1,0,7,0
13120,1,1,-47.421,-46.225,-4.42,-4.30,-4.41,-4.31,INF,-1,0,7,0
13140,1,1,-49.871,-44.930,-4.65,-4.18,-4.64,-4.19,INF,-1,0,7,0
13160,1,1,-49.709,-45.314,-4.64,-4.21,-4.62,-4.23,INF,-1,0,7,0
13180,1,1,-46.772,-44.915,-4.36,-4.18,-4.35,-4.19,INF,-1,0,7,0
13200,1,1,-50.345,-45.146,-4.70,-4.20,-4.68,-4.21,INF,-1,0,7,0
13220,1,1,-22.297,-5.252,-2.08,-0.49,-2.08,-0.49,INF,-1,0,7,0
13240,1,1,-11.191,4.657,-1.05,0.44,-1.05,0.44,INF,-1,1,7,0
13260,1,1,-12.134,6.333,-1.13,0.59,-1.13,0.59,INF,-1,0,7,0
13280,1,1,-12.389,5.134,-1.16,0.48,-1.16,0.48,INF,-1,0,7,0
13300,1,1,-14.083,6.641,-1.32,0.62,-1.32,0.62,INF,-1,0,7,0
13320,1,1,-11.861,6.510,-1.11,0.61,-1.11,0.61,INF,-1,0,7,0
13340,1,1,-12.899,6.301,-1.21,0.59,-1.21,0.59,INF,-1,0,7,0
13360,1,1,-12.774,5.213,-1.19,0.49,-1.19,0.49,INF,-1,0,7,0
13380,1,1,-12.838,6.744,-1.20,0.63,-1.20,0.63,INF,-1,0,7,0
13400,1,1,-14.572,5.291,-1.36,0.49,-1.36,0.49,INF,-1,0,7,0
13420,1,1,-13.324,5.177,-1.25,0.48,-1.25,0.48,INF,-1,0,7,0
13440,1,1,-12.847,5.244,-1.20,0.49,-1.20,0.49,INF,-1,0,7,0
13460,1,1,-12.794,5.867,-1.20,0.55,-1.20,0.55,INF,-1,0,7,0
13480,1,1,-13.045,5.495,-1.22,0.51,-1.22,0.51,INF,-1,0,7,0
13500,1,1,-14.150,4.613,-1.32,0.43,-1.32,0.43,INF,-1,0,7,0
13520,1,1,-11.592,5.818,-1.08,0.54,-1.08,0.54,INF,-1,1,7,0
13540,1,1,-12.748,5.220,-1.19,0.49,-1.19,0.49,INF,-1,1,7,0
13560,1,1,-10.000,2.267,-0.93,0.21,-0.93,0.21,INF,-1,1,7,0
13580,1,1,-7.312,-4.778,-0.68,-0.45,-0.68,-0.45,INF,-1,1,7,0
13600,1,1,-7.745,-3.316,-0.72,-0.31,-0.72,-0.31,INF,-1,1,7,0
13620,1,1,-8.877,-3.801,-0.83,-0.36,-0.83,-0.36,INF,-1,0,7,0
13640,1,1,-8.217,-2.656,-0.77,-0.25,-0.77,-0.25,INF,-1,0,7,0
13660,1,1,-6.923,-5.316,-0.65,-0.50,-0.65,-0.50,INF,-1,0,7,0
13680,1,1,-8.984,-3.083,-0.84,-0.29,-0.84,-0.29,INF,-1,0,7,0
13700,1,1,-8.954,-3.802,-0.84,-0.36,-0.84,-0.36,INF,-1,0,7,0
13720,1,1,-6.944,-4.848,-0.65,-0.45,-0.65,-0.45,INF,-1,0,7,0
13740,1,1,-7.304,-4.809,-0.68,-0.45,-0.68,-0.45,INF,-1,0,7,0
13760,1,1,-6.281,-4.106,-0.59,-0.38,-0.59,-0.38,INF,-1,0,7,0
13780,1,1,-7.627,-3.481,-0.71,-0.33,-0.71,-0.33,INF,-1,0,7,0
13800,1,1,-8.676,-3.735,-0.81,-0.35,-0.81,-0.35,INF,-1,0,7,0
13820,1,1,-9.442,-2.752,-0.88,-0.26,-0.88,-0.26,INF,-1,0,7,0
13840,1,1,-4.084,-1.639,-0.38,-0.15,-0.38,-0.15,INF,-1,0,7,0
13860,1,1,9.761,6.371,0.91,0.60,0.91,0.60,INF,-1,1,7,0
13880,1,1,9.218,7.417,0.86,0.69,0.86,0.69,INF,-1,1,7,0
13900,1,1,9.152,7.205,0.86,0.67,0.86,0.67,INF,-1,0,7,0
13920,1,1,7.072,6.749,0.66,0.63,0.66,0.63,INF,-1,0,7,0
13940,1,1,8.115,6.324,0.76,0.59,0.76,0.59,INF,-1,0,7,0
13960,1,1,8.875,5.428,0.83,0.51,0.83,0.51,INF,-1,0,7,0
13980,1,1,7.900,7.086,0.74,0.66,0.74,0.66,INF,-1,0,7,0
14000,1,1,9.074,6.997,0.85,0.65,0.85,0.65,INF,-1,0,7,0
14020,1,1,9.800,4.891,0.92,0.46,0.92,0.46,INF,-1,0,7,0
14040,1,1,9.510,6.459,0.89,0.60,0.89,0.60,INF,-1,0,7,0
14060,1,1,8.322,7.151,0.78,0.67,0.78,0.67,INF,-1,0,7,0
14080,1,1,9.007,8.036,0.84,0.75,0.84,0.75,INF,-1,0,7,0
14100,1,1,9.327,7.424,0.87,0.69,0.87,0.69,INF,-1,0,7,0
14120,1,1,9.010,7.187,0.84,0.67,0.84,0.67,INF,-1,0,7,0
14140,1,1,23.888,10.612,2.23,0.99,2.23,0.99,INF,-1,1,7,0
14160,1,1,21.108,11.170,1.97,1.04,1.97,1.04,INF,-1,1,7,0
14180,1,1,21.996,11.584,2.06,1.08,2.05,1.08,INF,-1,0,7,0
14200,1,1,20.475,10.581,1.91,0.99,1.91,0.99,INF,-1,0,7,0
14220,1,1,20.818,11.031,1.95,1.03,1.94,1.03,INF,-1,0,7,0
14240,1,1,20.915,11.256,1.95,1.05,1.95,1.05,INF,-1,0,7,0
14260,1,1,20.725,10.799,1.94,1.01,1.94,1.01,INF,-1,0,7,0
14280,1,1,19.756,12.060,1.85,1.13,1.85,1.13,INF,-1,0,7,0
14300,1,1,21.212,11.581,1.98,1.08,1.98,1.08,INF,-1,0,7,0
14320,1,1,20.678,10.532,1.93,0.98,1.93,0.98,INF,-1,0,7,0
14340,1,1,21.422,10.128,2.00,0.95,2.00,0.95,INF,-1,0,7,0
14360,1,1,20.223,10.573,1.89,0.99,1.89,0.99,INF,-1,0,7,0
14380,1,1,21.183,11.140,1.98,1.04,1.98,1.04,INF,-1,0,7,0
14400,1,1,21.541,12.670,2.01,1.18,2.01,1.18,INF,-1,0,7,0
14420,1,1,19.611,11.123,1.83,1.04,1.83,1.04,INF,-1,1,7,0
14440,1,1,13.877,8.823,1.30,0.82,1.30,0.82,INF,-1,1,7,0
14460,1,1,14.538,8.690,1.36,0.81,1.36,0.81,INF,-1,1,7,0
14480,1,1,12.431,8.206,1.16,0.77,1.16,0.77,INF,-1,1,7,0
14500,1,1,16.735,5.837,1.56,0.55,1.56,0.55,INF,-1,1,7,0
14520,1,1,17.127,6.933,1.60,0.65,1.60,0.65,INF,-1,1,7,0
14540,1,1,15.554,8.172,1.45,0.76,1.45,0.76,INF,-1,1,7,0
14560,1,1,15.092,7.856,1.41,0.73,1.41,0.73,INF,-1,1,7,0
14580,1,1,14.613,7.442,1.37,0.70,1.37,0.70,INF,-1,1,7,0
14600,1,1,15.431,8.283,1.44,0.77,1.44,0.77,INF,-1,1,7,0
14620,1,1,16.535,5.616,1.55,0.52,1.55,0.52,INF,-1,1,7,0
14640,1,1,14.329,8.506,1.34,0.79,1.34,0.79,INF,-1,1,7,0
14660,1,1,15.695,7.121,1.47,0.67,1.47,0.67,INF,-1,1,7,0
14680,1,1,15.911,5.637,1.49,0.53,1.49,0.53,INF,-1,1,7,0
14700,1,1,15.247,6.346,1.42,0.59,1.42,0.59,INF,-1,1,7,0
14720,1,1,14.802,6.866,1.38,0.64,1.38,0.64,INF,-1,1,7,0
14740,1,1,14.967,6.469,1.40,0.60,1.40,0.60,INF,-1,1,7,0
14760,1,1,15.089,6.022,1.41,0.56,1.41,0.56,INF,-1,1,7,0
14780,1,1,14.022,6.654,1.31,0.62,1.31,0.62,INF,-1,1,7,0
14800,1,1,15.428,6.526,1.44,0.61,1.44,0.61,INF,-1,1,7,0
14820,1,1,16.897,7.039,1.58,0.66,1.58,0.66,INF,-1,1,7,0
14840,1,1,9.631,7.288,0.90,0.68,0.90,0.68,INF,-1,1,7,0
14860,1,1,10.350,6.194,0.97,0.58,0.97,0.58,INF,-1,1,7,0
14880,1,1,8.323,6.490,0.78,0.61,0.78,0.61,INF,-1,0,7,0
14900,1,1,10.076,5.773,0.94,0.54,0.94,0.54,INF,-1,0,7,0
14920,1,1,10.519,7.459,0.98,0.70,0.98,0.70,INF,-1,0,7,0
14940,1,1,9.718,7.561,0.91,0.71,0.91,0.71,INF,-1,0,7,0
14960,1,1,9.499,7.475,0.89,0.70,0.89,0.70,INF,-1,0,7,0
14980,1,1,7.202,8.642,0.67,0.81,0.67,0.81,INF,-1,0,7,0
15000,1,1,8.581,8.249,0.80,0.77,0.80,0.77,INF,-1,0,7,0
