"EyeTracker Toolbox version","3.250"
CalibrationParameters_A11,1.19655
CalibrationParameters_A12,0.08702
CalibrationParameters_A13,-0.00309
CalibrationParameters_A21,0.06461
CalibrationParameters_A22,-1.25182
CalibrationParameters_A23,-0.00017
CalibrationParameters_A31,-0.00013
CalibrationParameters_A32,0.00407
CalibrationParameters_E11,-0.17977
CalibrationParameters_E12,-0.00005
CalibrationParameters_E21,0.00000
CalibrationParameters_E22,0.20009
CalibrationParameters_X,-10.09480
CalibrationParameters_Y,49.57120
CalibrationParameters_Rpc,76.63915
CalibrationParameters_MeanX,189.61327
CalibrationParameters_MeanY,143.57734
CalibrationParameters_ViewDist,613.00000
TimeStamp,Tracked,Calibrated,ScreenPositionXmm,ScreenPositionYmm,FicksLongitude,FicksLatitude,HelmholtzAzimuth,HelmholtzElevation,PupilDiameter,Region,Fixation,DigitalIO,Dropped
0,1,1,3.751,-6.436,0.35,-0.60,0.35,-0.60,INF,-1,0,7,0
20,1,1,5.098,-5.966,0.48,-0.56,0.48,-0.56,INF,-1,0,7,0
40,1,1,4.950,-5.880,0.46,-0.55,0.46,-0.55,INF,-1,0,7,0
60,1,1,5.281,-7.820,0.49,-0.73,0.49,-0.73,INF,-1,0,7,0
80,1,1,4.683,-7.472,0.44,-0.70,0.44,-0.70,INF,-1,0,7,0
100,1,1,4.010,-7.198,0.37,-0.67,0.37,-0.67,INF,-1,0,7,0
120,1,1,4.730,-6.956,0.44,-0.65,0.44,-0.65,INF,-1,0,7,0
140,1,1,3.750,-8.591,0.35,-0.80,0.35,-0.80,INF,-1,0,7,0
160,1,1,-3.936,7.026,-0.37,0.66,-0.37,0.66,INF,-1,0,7,0
180,1,1,-7.113,11.804,-0.66,1.10,-0.66,1.10,INF,-1,0,7,0
200,1,1,-6.365,12.281,-0.59,1.15,-0.59,1.15,INF,-1,0,7,0
220,1,1,-6.157,11.636,-0.58,1.09,-0.58,1.09,INF,-1,0,7,0
240,1,1,-7.187,11.636,-0.67,1.09,-0.67,1.09,INF,-1,0,7,0
260,1,1,-6.743,12.397,-0.63,1.16,-0.63,1.16,INF,-1,0,7,0
280,1,1,-6.038,12.485,-0.56,1.17,-0.56,1.17,INF,-1,0,7,0
300,1,1,-6.045,12.133,-0.56,1.13,-0.56,1.13,INF,-1,0,7,0
320,1,1,-6.058,11.486,-0.57,1.07,-0.57,1.07,INF,-1,1,7,0
340,1,1,-5.881,11.348,-0.55,1.06,-0.55,1.06,INF,-1,1,7,0
360,1,1,-6.893,10.882,-0.64,1.02,-0.64,1.02,INF,-1,1,7,0
380,1,1,-6.613,9.972,-0.62,0.93,-0.62,0.93,INF,-1,1,7,0
400,1,1,-6.621,10.508,-0.62,0.98,-0.62,0.98,INF,-1,1,7,0
420,1,1,-6.599,10.256,-0.62,0.96,-0.62,0.96,INF,-1,1,7,0
440,1,1,-6.971,9.895,-0.65,0.92,-0.65,0.92,INF,-1,1,7,0
460,1,1,-5.430,9.578,-0.51,0.90,-0.51,0.90,INF,-1,1,7,0
480,1,1,-4.408,11.516,-0.41,1.08,-0.41,1.08,INF,-1,1,7,0
500,1,1,-5.312,9.846,-0.50,0.92,-0.50,0.92,INF,-1,1,7,0
520,1,1,-4.613,11.744,-0.43,1.10,-0.43,1.10,INF,-1,1,7,0
540,1,1,-5.493,10.011,-0.51,0.94,-0.51,0.94,INF,-1,1,7,0
560,1,1,-4.522,10.380,-0.42,0.97,-0.42,0.97,INF,-1,1,7,0
580,1,1,-4.920,9.447,-0.46,0.88,-0.46,0.88,INF,-1,1,7,0
600,1,1,-5.091,9.968,-0.48,0.93,-0.48,0.93,INF,-1,1,7,0
620,1,1,-5.922,9.577,-0.55,0.90,-0.55,0.90,INF,-1,1,7,0
640,1,1,-7.233,10.615,-0.68,0.99,-0.68,0.99,INF,-1,1,7,0
660,1,1,-4.734,9.896,-0.44,0.92,-0.44,0.92,INF,-1,1,7,0
680,1,1,-5.734,8.921,-0.54,0.83,-0.54,0.83,INF,-1,1,7,0
700,1,1,-7.224,9.421,-0.68,0.88,-0.68,0.88,INF,-1,1,7,0
720,1,1,-6.521,8.264,-0.61,0.77,-0.61,0.77,INF,-1,1,7,0
740,1,1,-6.190,9.665,-0.58,0.90,-0.58,0.90,INF,-1,1,7,0
760,1,1,-7.142,9.355,-0.67,0.87,-0.67,0.87,INF,-1,1,7,0
780,1,1,-8.072,8.756,-0.75,0.82,-0.75,0.82,INF,-1,1,7,0
800,1,1,-7.908,8.349,-0.74,0.78,-0.74,0.78,INF,-1,1,7,0
820,1,1,-8.630,8.620,-0.81,0.81,-0.81,0.81,INF,-1,1,7,0
840,1,1,-9.391,8.674,-0.88,0.81,-0.88,0.81,INF,-1,1,7,0
860,1,1,-8.416,9.992,-0.79,0.93,-0.79,0.93,INF,-1,1,7,0
880,1,1,-9.459,9.491,-0.88,0.89,-0.88,0.89,INF,-1,1,7,0
900,1,1,-55.056,-20.181,-5.13,-1.88,-5.13,-1.89,INF,-1,1,7,0
920,1,1,-53.304,-20.329,-4.97,-1.89,-4.97,-1.90,INF,-1,1,7,0
940,1,1,-54.233,-20.914,-5.06,-1.95,-5.05,-1.95,INF,-1,0,7,0
960,1,1,-53.314,-22.157,-4.97,-2.06,-4.97,-2.07,INF,-1,0,7,0
980,1,1,-52.839,-22.196,-4.93,-2.07,-4.92,-2.07,INF,-1,0,7,0
1000,1,1,-54.023,-20.884,-5.04,-1.94,-5.03,-1.95,INF,-1,0,7,0
1020,1,1,-54.291,-21.594,-5.06,-2.01,-5.06,-2.02,INF,-1,0,7,0
1040,1,1,-52.507,-21.526,-4.90,-2.00,-4.89,-2.01,INF,-1,0,7,0
1060,1,1,-54.187,-21.848,-5.05,-2.03,-5.05,-2.04,INF,-1,0,7,0
1080,1,1,-54.178,-22.557,-5.05,-2.10,-5.05,-2.11,INF,-1,0,7,0
1100,1,1,-54.214,-22.051,-5.05,-2.05,-5.05,-2.06,INF,-1,0,7,0
1120,1,1,-53.347,-21.913,-4.97,-2.04,-4.97,-2.05,INF,-1,0,7,0
1140,1,1,-55.337,-23.138,-5.16,-2.15,-5.15,-2.16,INF,-1,0,7,0
1160,1,1,-52.339,-22.460,-4.88,-2.09,-4.88,-2.10,INF,-1,0,7,0
1180,1,1,-52.032,-25.949,-4.85,-2.42,-4.85,-2.42,INF,-1,1,7,0
1200,1,1,-51.500,-31.342,-4.80,-2.92,-4.80,-2.93,INF,-1,1,7,0
1220,1,1,-49.851,-31.004,-4.65,-2.89,-4.64,-2.90,INF,-1,1,7,0
1240,1,1,-49.713,-31.502,-4.64,-2.93,-4.63,-2.94,INF,-1,1,7,0
1260,1,1,-50.171,-31.627,-4.68,-2.94,-4.67,-2.95,INF,-1,1,7,0
1280,1,1,-50.879,-30.229,-4.74,-2.81,-4.74,-2.82,INF,-1,1,7,0
1300,1,1,-49.670,-29.849,-4.63,-2.78,-4.63,-2.79,INF,-1,1,7,0
1320,1,1,-49.575,-30.079,-4.62,-2.80,-4.62,-2.81,INF,-1,1,7,0
1340,1,1,-49.650,-31.314,-4.63,-2.91,-4.62,-2.92,INF,-1,1,7,0
1360,1,1,-49.983,-31.704,-4.66,-2.95,-4.66,-2.96,INF,-1,1,7,0
1380,1,1,-48.778,-30.210,-4.55,-2.81,-4.54,-2.82,INF,-1,1,7,0
1400,1,1,-49.296,-30.905,-4.60,-2.88,-4.59,-2.89,INF,-1,1,7,0
1420,1,1,-49.289,-30.967,-4.60,-2.88,-4.59,-2.89,INF,-1,1,7,0
1440,1,1,-48.609,-30.454,-4.53,-2.84,-4.53,-2.84,INF,-1,1,7,0
1460,1,1,-47.687,-31.676,-4.45,-2.95,-4.44,-2.96,INF,-1,1,7,0
1480,1,1,-47.791,-31.470,-4.46,-2.93,-4.45,-2.94,INF,-1,1,7,0
1500,1,1,-48.364,-30.956,-4.51,-2.88,-4.51,-2.89,INF,-1,0,7,0
1520,1,1,-48.955,-29.450,-4.57,-2.74,-4.56,-2.75,INF,-1,0,7,0
1540,1,1,-48.658,-29.192,-4.54,-2.72,-4.53,-2.73,INF,-1,0,7,0
1560,1,1,-48.353,-28.951,-4.51,-2.70,-4.51,-2.70,INF,-1,0,7,0
1580,1,1,-48.352,-28.755,-4.51,-2.68,-4.51,-2.69,INF,-1,0,7,0
1600,1,1,-48.657,-29.013,-4.54,-2.70,-4.53,-2.71,INF,-1,0,7,0
1620,1,1,-63.061,1.059,-5.87,0.10,-5.87,0.10,INF,-1,0,7,0
1640,1,1,-65.460,3.340,-6.10,0.31,-6.10,0.31,INF,-1,0,7,0
1660,1,1,-63.091,5.179,-5.88,0.48,-5.88,0.48,INF,-1,0,7,0
1680,1,1,-65.410,4.538,-6.09,0.42,-6.09,0.42,INF,-1,0,7,0
1700,1,1,-61.760,5.824,-5.75,0.54,-5.75,0.54,INF,-1,0,7,0
1720,1,1,-61.198,5.877,-5.70,0.55,-5.70,0.55,INF,-1,0,7,0
1740,1,1,-61.885,4.462,-5.76,0.41,-5.76,0.42,INF,-1,0,7,0
1760,1,1,-61.222,4.749,-5.70,0.44,-5.70,0.44,INF,-1,0,7,0
1780,1,1,-60.480,5.746,-5.63,0.53,-5.63,0.54,INF,-1,0,7,0
1800,1,1,-60.691,5.571,-5.65,0.52,-5.65,0.52,INF,-1,0,7,0
1820,1,1,-60.845,4.800,-5.67,0.45,-5.67,0.45,INF,-1,0,7,0
1840,1,1,-62.315,4.890,-5.80,0.45,-5.80,0.46,INF,-1,0,7,0
1860,1,1,-61.596,5.264,-5.74,0.49,-5.74,0.49,INF,-1,0,7,0
1880,1,1,-66.552,-3.307,-6.20,-0.31,-6.20,-0.31,INF,-1,0,7,0
1900,0,1,0.000,0.000,0.00,0.00,0.00,0.00,0.00,-1,1,7,0
1920,0,1,0.000,0.000,0.00,0.00,0.00,0.00,0.00,-1,1,7,0
1940,0,1,0.000,0.000,0.00,0.00,0.00,0.00,0.00,-1,1,7,0
1960,0,1,0.000,0.000,0.00,0.00,0.00,0.00,0.00,-1,1,7,0
1980,0,1,0.000,0.000,0.00,0.00,0.00,0.00,0.00,-1,0,7,0
2000,0,1,0.000,0.000,0.00,0.00,0.00,0.00,0.00,-1,0,7,0
2020,0,1,0.000,0.000,0.00,0.00,0.00,0.00,0.00,-1,0,7,0
2040,1,1,28.645,2.357,2.68,0.22,2.68,0.22,INF,-1,0,7,0
2060,1,1,35.799,12.679,3.34,1.18,3.34,1.18,INF,-1,0,7,0
2080,1,1,34.482,10.970,3.22,1.02,3.22,1.03,INF,-1,0,7,0
2100,1,1,34.314,12.713,3.20,1.19,3.20,1.19,INF,-1,0,7,0
2120,1,1,34.510,11.978,3.22,1.12,3.22,1.12,INF,-1,0,7,0
2140,1,1,36.345,11.065,3.39,1.03,3.39,1.03,INF,-1,0,7,0
2160,1,1,36.599,10.660,3.42,0.99,3.42,1.00,INF,-1,0,7,0
2180,1,1,34.502,12.417,3.22,1.16,3.22,1.16,INF,-1,0,7,0
2200,1,1,3.169,13.744,0.30,1.28,0.30,1.28,INF,-1,0,7,0
2220,1,1,-2.126,15.887,-0.20,1.48,-0.20,1.48,INF,-1,0,7,0
2240,1,1,-2.914,15.532,-0.27,1.45,-0.27,1.45,INF,-1,0,7,0
2260,1,1,-2.493,15.646,-0.23,1.46,-0.23,1.46,INF,-1,0,7,0
2280,1,1,-3.054,15.185,-0.29,1.42,-0.29,1.42,INF,-1,0,7,0
2300,1,1,-3.132,14.307,-0.29,1.34,-0.29,1.34,INF,-1,0,7,0
2320,1,1,-3.204,15.700,-0.30,1.47,-0.30,1.47,INF,-1,0,7,0
2340,1,1,-1.552,14.548,-0.15,1.36,-0.14,1.36,INF,-1,0,7,0
2360,1,1,-2.513,15.228,-0.23,1.42,-0.23,1.42,INF,-1,0,7,0
2380,1,1,-1.821,13.810,-0.17,1.29,-0.17,1.29,INF,-1,0,7,0
2400,1,1,-1.761,14.461,-0.16,1.35,-0.16,1.35,INF,-1,0,7,0
2420,1,1,-1.884,13.253,-0.18,1.24,-0.18,1.24,INF,-1,0,7,0
2440,1,1,-1.965,14.087,-0.18,1.32,-0.18,1.32,INF,-1,0,7,0
2460,1,1,-2.814,14.314,-0.26,1.34,-0.26,1.34,INF,-1,0,7,0
2480,1,1,-3.066,16.299,-0.29,1.52,-0.29,1.52,INF,-1,1,7,0
2500,1,1,-2.425,15.038,-0.23,1.41,-0.23,1.41,INF,-1,1,7,0
2520,1,1,-4.488,15.752,-0.42,1.47,-0.42,1.47,INF,-1,1,7,0
2540,1,1,-3.318,14.410,-0.31,1.35,-0.31,1.35,INF,-1,1,7,0
2560,1,1,-64.435,33.892,-6.00,3.15,-5.99,3.16,INF,-1,1,7,0
2580,1,1,-59.759,36.988,-5.57,3.44,-5.56,3.45,INF,-1,1,7,0
2600,1,1,-61.355,36.048,-5.72,3.35,-5.71,3.37,INF,-1,0,7,0
2620,1,1,-62.030,37.052,-5.78,3.44,-5.77,3.46,INF,-1,0,7,0
2640,1,1,-62.914,38.274,-5.86,3.55,-5.85,3.57,INF,-1,0,7,0
2660,1,1,-61.406,37.588,-5.72,3.49,-5.71,3.51,INF,-1,0,7,0
2680,1,1,-62.046,38.458,-5.78,3.57,-5.77,3.59,INF,-1,0,7,0
2700,1,1,-61.734,37.911,-5.75,3.52,-5.74,3.54,INF,-1,0,7,0
2720,1,1,-61.578,38.281,-5.74,3.56,-5.73,3.57,INF,-1,0,7,0
2740,1,1,-62.023,38.690,-5.78,3.59,-5.77,3.61,INF,-1,0,7,0
2760,1,1,-60.968,37.794,-5.68,3.51,-5.67,3.53,INF,-1,0,7,0
2780,1,1,-60.747,38.128,-5.66,3.54,-5.65,3.56,INF,-1,0,7,0
2800,1,1,-60.522,37.433,-5.64,3.48,-5.63,3.49,INF,-1,0,7,0
2820,1,1,-60.643,37.693,-5.65,3.50,-5.64,3.52,INF,-1,0,7,0
2840,1,1,-60.588,37.745,-5.64,3.51,-5.63,3.52,INF,-1,1,7,0
2860,1,1,-61.015,38.697,-5.68,3.59,-5.67,3.61,INF,-1,1,7,0
2880,1,1,-60.647,36.914,-5.65,3.43,-5.64,3.45,INF,-1,1,7,0
2900,1,1,-60.272,36.876,-5.62,3.43,-5.61,3.44,INF,-1,1,7,0
2920,1,1,-59.586,37.621,-5.55,3.50,-5.54,3.51,INF,-1,1,7,0
2940,1,1,-59.197,37.857,-5.52,3.52,-5.51,3.53,INF,-1,1,7,0
2960,1,1,-58.638,36.599,-5.46,3.40,-5.45,3.42,INF,-1,1,7,0
2980,1,1,-58.790,36.708,-5.48,3.41,-5.47,3.43,INF,-1,1,7,0
3000,1,1,-58.861,37.664,-5.48,3.50,-5.47,3.52,INF,-1,1,7,0
3020,1,1,-57.925,36.655,-5.40,3.41,-5.39,3.42,INF,-1,1,7,0
3040,1,1,-58.103,33.647,-5.41,3.13,-5.41,3.14,INF,-1,1,7,0
3060,1,1,-2.393,13.453,-0.22,1.26,-0.22,1.26,INF,-1,1,7,0
3080,1,1,-4.218,11.463,-0.39,1.07,-0.39,1.07,INF,-1,1,7,0
3100,1,1,-3.738,10.750,-0.35,1.00,-0.35,1.00,INF,-1,0,7,0
3120,1,1,-2.503,9.960,-0.23,0.93,-0.23,0.93,INF,-1,0,7,0
3140,1,1,-2.735,10.712,-0.26,1.00,-0.26,1.00,INF,-1,0,7,0
3160,1,1,-2.224,12.313,-0.21,1.15,-0.21,1.15,INF,-1,0,7,0
3180,1,1,-2.321,11.141,-0.22,1.04,-0.22,1.04,INF,-1,0,7,0
3200,1,1,-2.731,10.953,-0.26,1.02,-0.26,1.02,INF,-1,0,7,0
3220,1,1,-1.669,9.849,-0.16,0.92,-0.16,0.92,INF,-1,0,7,0
3240,1,1,-0.939,11.606,-0.09,1.08,-0.09,1.08,INF,-1,0,7,0
3260,1,1,-2.215,10.636,-0.21,0.99,-0.21,0.99,INF,-1,0,7,0
3280,1,1,-1.998,9.502,-0.19,0.89,-0.19,0.89,INF,-1,0,7,0
3300,1,1,-3.084,11.173,-0.29,1.04,-0.29,1.04,INF,-1,0,7,0
3320,1,1,-1.951,10.730,-0.18,1.00,-0.18,1.00,INF,-1,0,7,0
3340,1,1,-1.853,11.509,-0.17,1.08,-0.17,1.08,INF,-1,1,7,0
3360,1,1,-1.936,10.649,-0.18,1.00,-0.18,1.00,INF,-1,1,7,0
3380,1,1,-1.376,10.165,-0.13,0.95,-0.13,0.95,INF,-1,1,7,0
3400,1,1,-1.099,9.731,-0.10,0.91,-0.10,0.91,INF,-1,1,7,0
3420,1,1,-3.645,11.359,-0.34,1.06,-0.34,1.06,INF,-1,1,7,0
3440,1,1,-4.481,10.632,-0.42,0.99,-0.42,0.99,INF,-1,1,7,0
3460,1,1,-3.445,12.950,-0.32,1.21,-0.32,1.21,INF,-1,1,7,0
3480,1,1,0.274,12.246,0.03,1.14,0.03,1.14,INF,-1,1,7,0
3500,1,1,2.596,13.792,0.24,1.29,0.24,1.29,INF,-1,1,7,0
3520,1,1,2.541,14.492,0.24,1.35,0.24,1.35,INF,-1,1,7,0
3540,1,1,2.379,14.439,0.22,1.35,0.22,1.35,INF,-1,1,7,0
3560,1,1,2.081,14.177,0.19,1.32,0.19,1.32,INF,-1,1,7,0
3580,1,1,2.581,13.545,0.24,1.27,0.24,1.27,INF,-1,1,7,0
3600,1,1,2.379,14.031,0.22,1.31,0.22,1.31,INF,-1,1,7,0
3620,1,1,1.984,14.177,0.19,1.32,0.19,1.32,INF,-1,1,7,0
3640,1,1,2.399,13.799,0.22,1.29,0.22,1.29,INF,-1,1,7,0
3660,1,1,2.133,14.202,0.20,1.33,0.20,1.33,INF,-1,1,7,0
3680,1,1,1.665,13.105,0.16,1.22,0.16,1.22,INF,-1,1,7,0
3700,1,1,0.776,13.661,0.07,1.28,0.07,1.28,INF,-1,1,7,0
3720,1,1,1.426,12.608,0.13,1.18,0.13,1.18,INF,-1,1,7,0
3740,1,1,1.028,13.504,0.10,1.26,0.10,1.26,INF,-1,1,7,0
3760,1,1,0.500,13.560,0.05,1.27,0.05,1.27,INF,-1,1,7,0
3780,1,1,0.429,13.669,0.04,1.28,0.04,1.28,INF,-1,1,7,0
3800,1,1,-4.820,14.682,-0.45,1.37,-0.45,1.37,INF,-1,1,7,0
3820,1,1,-5.276,14.140,-0.49,1.32,-0.49,1.32,INF,-1,1,7,0
3840,1,1,-5.031,14.065,-0.47,1.31,-0.47,1.31,INF,-1,1,7,0
3860,1,1,-4.738,14.135,-0.44,1.32,-0.44,1.32,INF,-1,1,7,0
3880,1,1,-4.133,15.268,-0.39,1.43,-0.39,1.43,INF,-1,1,7,0
3900,1,1,-5.452,13.609,-0.51,1.27,-0.51,1.27,INF,-1,1,7,0
3920,1,1,-5.841,13.399,-0.55,1.25,-0.55,1.25,INF,-1,1,7,0
3940,1,1,-5.816,14.077,-0.54,1.32,-0.54,1.32,INF,-1,1,7,0
3960,1,1,-6.004,14.565,-0.56,1.36,-0.56,1.36,INF,-1,1,7,0
3980,1,1,-6.241,14.237,-0.58,1.33,-0.58,1.33,INF,-1,1,7,0
4000,1,1,-4.232,15.061,-0.40,1.41,-0.40,1.41,INF,-1,1,7,0
4020,1,1,-4.750,14.351,-0.44,1.34,-0.44,1.34,INF,-1,1,7,0
4040,1,1,-5.646,15.146,-0.53,1.42,-0.53,1.42,INF,-1,1,7,0
4060,1,1,-4.877,16.148,-0.46,1.51,-0.46,1.51,INF,-1,1,7,0
4080,1,1,-6.447,14.504,-0.60,1.36,-0.60,1.36,INF,-1,1,7,0
4100,1,1,-6.162,14.188,-0.58,1.33,-0.58,1.33,INF,-1,1,7,0
4120,1,1,-7.010,14.351,-0.66,1.34,-0.65,1.34,INF,-1,1,7,0
4140,1,1,-5.841,13.586,-0.55,1.27,-0.55,1.27,INF,-1,1,7,0
4160,1,1,-7.592,14.241,-0.71,1.33,-0.71,1.33,INF,-1,1,7,0
4180,1,1,-6.716,13.226,-0.63,1.24,-0.63,1.24,INF,-1,1,7,0
4200,1,1,-7.082,13.424,-0.66,1.25,-0.66,1.25,INF,-1,1,7,0
4220,1,1,-6.580,13.786,-0.62,1.29,-0.61,1.29,INF,-1,1,7,0
4240,1,1,-7.087,13.284,-0.66,1.24,-0.66,1.24,INF,-1,1,7,0
4260,1,1,-7.297,12.342,-0.68,1.15,-0.68,1.15,INF,-1,1,7,0
4280,1,1,-7.411,12.471,-0.69,1.17,-0.69,1.17,INF,-1,1,7,0
4300,1,1,-6.102,13.222,-0.57,1.24,-0.57,1.24,INF,-1,1,7,0
4320,1,1,-7.532,12.964,-0.70,1.21,-0.70,1.21,INF,-1,1,7,0
4340,1,1,-7.253,12.950,-0.68,1.21,-0.68,1.21,INF,-1,1,7,0
4360,1,1,-7.253,12.803,-0.68,1.20,-0.68,1.20,INF,-1,1,7,0
4380,1,1,-7.742,13.711,-0.72,1.28,-0.72,1.28,INF,-1,1,7,0
4400,1,1,-7.406,13.732,-0.69,1.28,-0.69,1.28,INF,-1,1,7,0
4420,1,1,-6.887,13.543,-0.64,1.27,-0.64,1.27,INF,-1,1,7,0
4440,1,1,-8.095,13.423,-0.76,1.25,-0.76,1.25,INF,-1,1,7,0
4460,1,1,-7.062,12.910,-0.66,1.21,-0.66,1.21,INF,-1,1,7,0
4480,1,1,-8.256,12.293,-0.77,1.15,-0.77,1.15,INF,-1,1,7,0
4500,1,1,-8.413,12.390,-0.79,1.16,-0.79,1.16,INF,-1,1,7,0
4520,1,1,-9.218,13.560,-0.86,1.27,-0.86,1.27,INF,-1,1,7,0
4540,1,1,-7.016,10.444,-0.66,0.98,-0.66,0.98,INF,-1,1,7,0
4560,1,1,32.846,3.086,3.07,0.29,3.07,0.29,INF,-1,1,7,0
4580,1,1,31.296,5.036,2.92,0.47,2.92,0.47,INF,-1,1,7,0
4600,1,1,30.257,4.065,2.83,0.38,2.83,0.38,INF,-1,0,7,0
4620,1,1,31.293,4.444,2.92,0.41,2.92,0.42,INF,-1,0,7,0
4640,1,1,30.419,5.476,2.84,0.51,2.84,0.51,INF,-1,0,7,0
4660,1,1,31.189,3.503,2.91,0.33,2.91,0.33,INF,-1,0,7,0
4680,1,1,32.414,3.835,3.03,0.36,3.03,0.36,INF,-1,0,7,0
4700,1,1,31.978,3.529,2.99,0.33,2.99,0.33,INF,-1,0,7,0
4720,1,1,30.054,4.189,2.81,0.39,2.81,0.39,INF,-1,0,7,0
4740,1,1,32.872,2.453,3.07,0.23,3.07,0.23,INF,-1,0,7,0
4760,1,1,31.168,2.478,2.91,0.23,2.91,0.23,INF,-1,0,7,0
4780,1,1,32.625,2.210,3.05,0.21,3.05,0.21,INF,-1,0,7,0
4800,1,1,31.735,3.326,2.96,0.31,2.96,0.31,INF,-1,0,7,0
4820,1,1,31.534,1.875,2.94,0.17,2.94,0.18,INF,-1,0,7,0
4840,1,1,33.908,2.175,3.17,0.20,3.17,0.20,INF,-1,1,7,0
4860,1,1,41.210,0.692,3.85,0.06,3.85,0.06,INF,-1,1,7,0
4880,1,1,41.439,0.293,3.87,0.03,3.87,0.03,INF,-1,1,7,0
4900,1,1,40.908,0.471,3.82,0.04,3.82,0.04,INF,-1,1,7,0
4920,1,1,41.899,-0.984,3.91,-0.09,3.91,-0.09,INF,-1,1,7,0
4940,1,1,40.514,-0.069,3.78,-0.01,3.78,-0.01,INF,-1,1,7,0
4960,1,1,27.424,0.408,2.56,0.04,2.56,0.04,INF,-1,1,7,0
4980,1,1,-7.202,11.304,-0.67,1.06,-0.67,1.06,INF,-1,1,7,0
5000,1,1,-9.000,10.963,-0.84,1.02,-0.84,1.02,INF,-1,1,7,0
5020,1,1,-9.091,11.667,-0.85,1.09,-0.85,1.09,INF,-1,0,7,0
5040,1,1,-8.860,10.838,-0.83,1.01,-0.83,1.01,INF,-1,0,7,0
5060,1,1,-10.480,11.774,-0.98,1.10,-0.98,1.10,INF,-1,0,7,0
5080,1,1,-9.658,10.835,-0.90,1.01,-0.90,1.01,INF,-1,0,7,0
5100,1,1,-9.655,10.371,-0.90,0.97,-0.90,0.97,INF,-1,0,7,0
5120,1,1,-10.060,11.537,-0.94,1.08,-0.94,1.08,INF,-1,0,7,0
5140,1,1,-10.608,10.193,-0.99,0.95,-0.99,0.95,INF,-1,0,7,0
5160,1,1,-9.897,11.172,-0.92,1.04,-0.92,1.04,INF,-1,0,7,0
5180,1,1,-10.883,11.143,-1.02,1.04,-1.02,1.04,INF,-1,0,7,0
5200,1,1,-11.181,10.697,-1.04,1.00,-1.04,1.00,INF,-1,0,7,0
5220,1,1,-11.678,10.385,-1.09,0.97,-1.09,0.97,INF,-1,0,7,0
5240,1,1,-10.611,11.184,-0.99,1.05,-0.99,1.05,INF,-1,0,7,0
5260,1,1,-11.441,11.037,-1.07,1.03,-1.07,1.03,INF,-1,1,7,0
5280,1,1,-11.222,9.910,-1.05,0.93,-1.05,0.93,INF,-1,1,7,0
5300,1,1,-11.515,11.307,-1.08,1.06,-1.08,1.06,INF,-1,1,7,0
5320,1,1,-11.666,9.666,-1.09,0.90,-1.09,0.90,INF,-1,1,7,0
5340,1,1,-11.961,9.554,-1.12,0.89,-1.12,0.89,INF,-1,1,7,0
5360,1,1,-11.022,8.753,-1.03,0.82,-1.03,0.82,INF,-1,1,7,0
5380,1,1,-8.414,9.785,-0.79,0.91,-0.79,0.91,INF,-1,1,7,0
5400,1,1,-10.005,10.312,-0.94,0.96,-0.93,0.96,INF,-1,1,7,0
5420,1,1,-8.659,10.072,-0.81,0.94,-0.81,0.94,INF,-1,1,7,0
5440,1,1,-10.029,10.386,-0.94,0.97,-0.94,0.97,INF,-1,1,7,0
5460,1,1,-8.298,10.267,-0.78,0.96,-0.78,0.96,INF,-1,1,7,0
5480,1,1,-9.121,10.662,-0.85,1.00,-0.85,1.00,INF,-1,1,7,0
5500,1,1,-9.028,10.699,-0.84,1.00,-0.84,1.00,INF,-1,1,7,0
5520,1,1,-9.268,9.937,-0.87,0.93,-0.87,0.93,INF,-1,1,7,0
5540,1,1,-9.654,11.312,-0.90,1.06,-0.90,1.06,INF,-1,1,7,0
5560,1,1,-9.525,9.986,-0.89,0.93,-0.89,0.93,INF,-1,1,7,0
5580,1,1,-8.817,11.288,-0.82,1.05,-0.82,1.05,INF,-1,1,7,0
5600,1,1,-9.239,11.212,-0.86,1.05,-0.86,1.05,INF,-1,1,7,0
5620,1,1,-9.075,11.755,-0.85,1.10,-0.85,1.10,INF,-1,1,7,0
5640,1,1,-9.561,11.055,-0.89,1.03,-0.89,1.03,INF,-1,1,7,0
5660,1,1,-10.386,10.134,-0.97,0.95,-0.97,0.95,INF,-1,1,7,0
5680,1,1,-9.903,10.453,-0.93,0.98,-0.93,0.98,INF,-1,1,7,0
5700,1,1,-9.911,10.767,-0.93,1.01,-0.93,1.01,INF,-1,1,7,0
5720,1,1,-10.599,10.896,-0.99,1.02,-0.99,1.02,INF,-1,1,7,0
5740,1,1,-10.307,11.127,-0.96,1.04,-0.96,1.04,INF,-1,1,7,0
5760,1,1,-10.168,9.555,-0.95,0.89,-0.95,0.89,INF,-1,1,7,0
5780,1,1,-9.704,9.584,-0.91,0.90,-0.91,0.90,INF,-1,1,7,0
5800,1,1,-11.508,10.277,-1.08,0.96,-1.08,0.96,INF,-1,1,7,0
5820,1,1,-10.065,10.693,-0.94,1.00,-0.94,1.00,INF,-1,1,7,0
5840,1,1,-9.753,9.189,-0.91,0.86,-0.91,0.86,INF,-1,1,7,0
5860,1,1,-10.800,9.208,-1.01,0.86,-1.01,0.86,INF,-1,1,7,0
5880,1,1,-10.726,10.797,-1.00,1.01,-1.00,1.01,INF,-1,1,7,0
5900,1,1,-9.600,9.627,-0.90,0.90,-0.90,0.90,INF,-1,1,7,0
5920,1,1,-10.228,10.306,-0.96,0.96,-0.96,0.96,INF,-1,1,7,0
5940,1,1,-9.916,9.722,-0.93,0.91,-0.93,0.91,INF,-1,1,7,0
5960,1,1,-10.219,9.540,-0.96,0.89,-0.95,0.89,INF,-1,1,7,0
5980,1,1,-10.739,9.887,-1.00,0.92,-1.00,0.92,INF,-1,1,7,0
6000,1,1,-9.653,12.171,-0.90,1.14,-0.90,1.14,INF,-1,1,7,0
6020,1,1,-9.192,9.559,-0.86,0.89,-0.86,0.89,INF,-1,1,7,0
6040,1,1,-9.605,9.323,-0.90,0.87,-0.90,0.87,INF,-1,1,7,0
6060,1,1,-9.486,10.019,-0.89,0.94,-0.89,0.94,INF,-1,1,7,0
6080,1,1,-9.651,10.074,-0.90,0.94,-0.90,0.94,INF,-1,1,7,0
6100,1,1,-8.830,9.303,-0.83,0.87,-0.83,0.87,INF,-1,1,7,0
6120,1,1,-10.231,10.125,-0.96,0.95,-0.96,0.95,INF,-1,1,7,0
6140,1,1,-11.431,10.295,-1.07,0.96,-1.07,0.96,INF,-1,1,7,0
6160,1,1,-10.375,9.539,-0.97,0.89,-0.97,0.89,INF,-1,1,7,0
6180,1,1,-10.041,10.953,-0.94,1.02,-0.94,1.02,INF,-1,1,7,0
6200,1,1,-10.619,10.055,-0.99,0.94,-0.99,0.94,INF,-1,1,7,0
6220,1,1,-9.511,9.435,-0.89,0.88,-0.89,0.88,INF,-1,1,7,0
6240,1,1,-9.672,10.542,-0.90,0.99,-0.90,0.99,INF,-1,1,7,0
6260,1,1,-10.960,10.575,-1.02,0.99,-1.02,0.99,INF,-1,1,7,0
6280,1,1,-9.476,9.307,-0.89,0.87,-0.89,0.87,INF,-1,1,7,0
6300,1,1,-9.393,9.659,-0.88,0.90,-0.88,0.90,INF,-1,1,7,0
6320,1,1,-9.624,10.664,-0.90,1.00,-0.90,1.00,INF,-1,1,7,0
6340,1,1,-9.679,10.663,-0.90,1.00,-0.90,1.00,INF,-1,1,7,0
6360,1,1,-9.498,10.361,-0.89,0.97,-0.89,0.97,INF,-1,1,7,0
6380,1,1,-10.459,10.298,-0.98,0.96,-0.98,0.96,INF,-1,1,7,0
6400,1,1,-10.479,11.470,-0.98,1.07,-0.98,1.07,INF,-1,1,7,0
6420,1,1,-9.983,9.344,-0.93,0.87,-0.93,0.87,INF,-1,1,7,0
6440,1,1,-10.592,9.809,-0.99,0.92,-0.99,0.92,INF,-1,1,7,0
6460,1,1,-9.127,9.115,-0.85,0.85,-0.85,0.85,INF,-1,1,7,0
6480,1,1,-9.974,10.911,-0.93,1.02,-0.93,1.02,INF,-1,1,7,0
6500,1,1,-8.639,9.713,-0.81,0.91,-0.81,0.91,INF,-1,1,7,0
6520,1,1,-10.112,10.213,-0.95,0.95,-0.94,0.95,INF,-1,1,7,0
6540,1,1,-10.649,11.126,-1.00,1.04,-1.00,1.04,INF,-1,1,7,0
6560,1,1,-9.810,10.379,-0.92,0.97,-0.92,0.97,INF,-1,1,7,0
6580,1,1,-10.298,9.551,-0.96,0.89,-0.96,0.89,INF,-1,1,7,0
6600,1,1,-9.776,9.874,-0.91,0.92,-0.91,0.92,INF,-1,1,7,0
6620,1,1,-9.122,10.017,-0.85,0.94,-0.85,0.94,INF,-1,1,7,0
6640,1,1,-10.336,8.713,-0.97,0.81,-0.97,0.81,INF,-1,1,7,0
6660,1,1,-8.814,9.410,-0.82,0.88,-0.82,0.88,INF,-1,1,7,0
6680,1,1,-11.583,8.517,-1.08,0.80,-1.08,0.80,INF,-1,1,7,0
6700,1,1,-9.440,9.884,-0.88,0.92,-0.88,0.92,INF,-1,1,7,0
6720,1,1,-9.374,9.821,-0.88,0.92,-0.88,0.92,INF,-1,1,7,0
6740,1,1,-10.486,10.218,-0.98,0.95,-0.98,0.96,INF,-1,1,7,0
6760,1,1,-9.432,8.232,-0.88,0.77,-0.88,0.77,INF,-1,1,7,0
6780,1,1,-10.071,10.140,-0.94,0.95,-0.94,0.95,INF,-1,1,7,0
6800,1,1,-9.041,9.531,-0.84,0.89,-0.84,0.89,INF,-1,1,7,0
6820,1,1,-10.379,10.607,-0.97,0.99,-0.97,0.99,INF,-1,1,7,0
6840,1,1,-8.384,10.608,-0.78,0.99,-0.78,0.99,INF,-1,1,7,0
6860,1,1,-9.443,11.074,-0.88,1.03,-0.88,1.03,INF,-1,1,7,0
6880,1,1,-9.986,11.007,-0.93,1.03,-0.93,1.03,INF,-1,1,7,0
6900,1,1,-10.103,10.988,-0.94,1.03,-0.94,1.03,INF,-1,1,7,0
6920,1,1,-9.781,11.692,-0.91,1.09,-0.91,1.09,INF,-1,1,7,0
6940,1,1,-8.253,10.784,-0.77,1.01,-0.77,1.01,INF,-1,1,7,0
6960,1,1,38.926,34.624,3.63,3.23,3.63,3.23,INF,-1,1,7,0
6980,1,1,36.871,31.694,3.44,2.95,3.44,2.96,INF,-1,1,7,0
7000,1,1,36.649,32.937,3.42,3.07,3.42,3.08,INF,-1,0,7,0
7020,1,1,37.835,33.017,3.53,3.08,3.53,3.08,INF,-1,0,7,0
7040,1,1,37.508,32.343,3.50,3.01,3.50,3.02,INF,-1,0,7,0
7060,1,1,38.080,32.712,3.55,3.05,3.55,3.05,INF,-1,0,7,0
7080,1,1,37.750,33.979,3.52,3.17,3.52,3.17,INF,-1,0,7,0
7100,1,1,37.957,32.565,3.54,3.04,3.54,3.04,INF,-1,0,7,0
7120,1,1,36.250,32.571,3.38,3.04,3.38,3.04,INF,-1,0,7,0
7140,1,1,38.349,32.783,3.58,3.06,3.57,3.06,INF,-1,0,7,0
7160,1,1,37.940,33.038,3.54,3.08,3.54,3.09,INF,-1,0,7,0
7180,1,1,38.671,32.405,3.61,3.02,3.60,3.03,INF,-1,0,7,0
7200,1,1,38.590,32.955,3.60,3.07,3.60,3.08,INF,-1,0,7,0
7220,1,1,38.548,30.839,3.60,2.87,3.59,2.88,INF,-1,0,7,0
7240,1,1,38.182,31.329,3.56,2.92,3.56,2.93,INF,-1,1,7,0
7260,1,1,41.127,29.232,3.84,2.72,3.83,2.73,INF,-1,1,7,0
7280,1,1,39.001,4.993,3.64,0.47,3.64,0.47,INF,-1,1,7,0
7300,1,1,39.617,6.618,3.70,0.62,3.70,0.62,INF,-1,1,7,0
7320,1,1,39.179,7.226,3.66,0.67,3.66,0.68,INF,-1,0,7,0
7340,1,1,40.262,7.153,3.76,0.67,3.76,0.67,INF,-1,0,7,0
7360,1,1,39.430,7.852,3.68,0.73,3.68,0.73,INF,-1,0,7,0
7380,1,1,41.417,6.550,3.87,0.61,3.87,0.61,INF,-1,0,7,0
7400,1,1,40.875,7.911,3.81,0.74,3.81,0.74,INF,-1,0,7,0
7420,1,1,40.211,6.099,3.75,0.57,3.75,0.57,INF,-1,0,7,0
7440,1,1,41.678,6.334,3.89,0.59,3.89,0.59,INF,-1,0,7,0
7460,1,1,40.675,6.336,3.80,0.59,3.80,0.59,INF,-1,0,7,0
7480,1,1,40.194,6.297,3.75,0.59,3.75,0.59,INF,-1,0,7,0
7500,1,1,41.701,5.309,3.89,0.50,3.89,0.50,INF,-1,0,7,0
7520,1,1,42.359,6.416,3.95,0.60,3.95,0.60,INF,-1,0,7,0
7540,1,1,42.294,5.617,3.95,0.52,3.95,0.53,INF,-1,0,7,0
7560,1,1,-1.641,13.607,-0.15,1.27,-0.15,1.27,INF,-1,1,7,0
7580,1,1,1.488,14.515,0.14,1.36,0.14,1.36,INF,-1,1,7,0
7600,1,1,0.711,13.557,0.07,1.27,0.07,1.27,INF,-1,0,7,0
7620,1,1,1.392,12.742,0.13,1.19,0.13,1.19,INF,-1,0,7,0
7640,1,1,1.023,14.230,0.10,1.33,0.10,1.33,INF,-1,0,7,0
7660,1,1,0.623,15.081,0.06,1.41,0.06,1.41,INF,-1,0,7,0
7680,1,1,0.340,13.984,0.03,1.31,0.03,1.31,INF,-1,0,7,0
7700,1,1,1.229,14.209,0.11,1.33,0.11,1.33,INF,-1,0,7,0
7720,1,1,0.959,13.885,0.09,1.30,0.09,1.30,INF,-1,0,7,0
7740,1,1,1.142,15.326,0.11,1.43,0.11,1.43,INF,-1,0,7,0
7760,1,1,-0.182,12.995,-0.02,1.21,-0.02,1.21,INF,-1,0,7,0
7780,1,1,-0.012,13.204,0.00,1.23,0.00,1.23,INF,-1,0,7,0
7800,1,1,-0.918,14.408,-0.09,1.35,-0.09,1.35,INF,-1,0,7,0
7820,1,1,-1.653,14.051,-0.15,1.31,-0.15,1.31,INF,-1,0,7,0
7840,1,1,-1.777,13.871,-0.17,1.30,-0.17,1.30,INF,-1,1,7,0
7860,1,1,-1.579,14.503,-0.15,1.36,-0.15,1.36,INF,-1,1,7,0
7880,1,1,-4.463,13.926,-0.42,1.30,-0.42,1.30,INF,-1,1,7,0
7900,1,1,-6.317,13.592,-0.59,1.27,-0.59,1.27,INF,-1,1,7,0
7920,1,1,-5.379,12.050,-0.50,1.13,-0.50,1.13,INF,-1,1,7,0
7940,1,1,-6.856,12.483,-0.64,1.17,-0.64,1.17,INF,-1,1,7,0
7960,1,1,-7.451,13.064,-0.70,1.22,-0.70,1.22,INF,-1,1,7,0
7980,1,1,-7.207,12.589,-0.67,1.18,-0.67,1.18,INF,-1,1,7,0
8000,1,1,-6.614,11.022,-0.62,1.03,-0.62,1.03,INF,-1,1,7,0
8020,1,1,-7.782,12.072,-0.73,1.13,-0.73,1.13,INF,-1,1,7,0
8040,1,1,-7.542,11.279,-0.70,1.05,-0.70,1.05,INF,-1,1,7,0
8060,1,1,-7.586,10.509,-0.71,0.98,-0.71,0.98,INF,-1,1,7,0
8080,1,1,-7.733,11.720,-0.72,1.10,-0.72,1.10,INF,-1,1,7,0
8100,1,1,-9.358,12.279,-0.87,1.15,-0.87,1.15,INF,-1,1,7,0
8120,1,1,-7.733,11.594,-0.72,1.08,-0.72,1.08,INF,-1,1,7,0
8140,1,1,-7.846,11.503,-0.73,1.07,-0.73,1.08,INF,-1,1,7,0
8160,1,1,-8.472,13.031,-0.79,1.22,-0.79,1.22,INF,-1,1,7,0
8180,1,1,-8.827,12.264,-0.83,1.15,-0.82,1.15,INF,-1,1,7,0
8200,1,1,-9.078,11.347,-0.85,1.06,-0.85,1.06,INF,-1,1,7,0
8220,1,1,-9.522,10.658,-0.89,1.00,-0.89,1.00,INF,-1,1,7,0
8240,1,1,-7.122,11.352,-0.67,1.06,-0.67,1.06,INF,-1,1,7,0
8260,1,1,-8.489,10.835,-0.79,1.01,-0.79,1.01,INF,-1,1,7,0
8280,1,1,-7.552,12.249,-0.71,1.14,-0.71,1.14,INF,-1,1,7,0
8300,1,1,-8.758,13.029,-0.82,1.22,-0.82,1.22,INF,-1,1,7,0
8320,1,1,-8.070,11.802,-0.75,1.10,-0.75,1.10,INF,-1,1,7,0
8340,1,1,-8.449,10.865,-0.79,1.02,-0.79,1.02,INF,-1,1,7,0
8360,1,1,-9.057,11.680,-0.85,1.09,-0.85,1.09,INF,-1,1,7,0
8380,1,1,-8.517,10.692,-0.80,1.00,-0.80,1.00,INF,-1,1,7,0
8400,1,1,-9.046,9.790,-0.85,0.91,-0.85,0.91,INF,-1,1,7,0
8420,1,1,-9.083,10.633,-0.85,0.99,-0.85,0.99,INF,-1,1,7,0
8440,1,1,-8.936,10.520,-0.84,0.98,-0.84,0.98,INF,-1,1,7,0
8460,1,1,-9.430,11.809,-0.88,1.10,-0.88,1.10,INF,-1,1,7,0
8480,1,1,-10.100,12.520,-0.94,1.17,-0.94,1.17,INF,-1,1,7,0
8500,1,1,-11.898,11.023,-1.11,1.03,-1.11,1.03,INF,-1,1,7,0
8520,1,1,-50.373,-20.457,-4.70,-1.90,-4.70,-1.91,INF,-1,0,7,0
8540,1,1,-49.088,-21.241,-4.58,-1.98,-4.58,-1.98,INF,-1,0,7,0
8560,1,1,-49.272,-21.305,-4.60,-1.98,-4.59,-1.99,INF,-1,0,7,0
8580,1,1,-50.031,-21.158,-4.67,-1.97,-4.66,-1.98,INF,-1,0,7,0
8600,1,1,-48.444,-21.714,-4.52,-2.02,-4.52,-2.03,INF,-1,0,7,0
8620,1,1,-48.149,-21.607,-4.49,-2.01,-4.49,-2.02,INF,-1,0,7,0
8640,1,1,-47.406,-22.693,-4.42,-2.11,-4.42,-2.12,INF,-1,0,7,0
8660,1,1,-48.148,-22.057,-4.49,-2.05,-4.49,-2.06,INF,-1,0,7,0
8680,1,1,-49.269,-22.255,-4.60,-2.07,-4.59,-2.08,INF,-1,0,7,0
8700,1,1,-48.710,-22.534,-4.54,-2.10,-4.54,-2.11,INF,-1,0,7,0
8720,1,1,-48.002,-22.731,-4.48,-2.12,-4.47,-2.12,INF,-1,0,7,0
8740,1,1,-47.454,-23.006,-4.43,-2.14,-4.42,-2.15,INF,-1,0,7,0
8760,1,1,-48.123,-22.481,-4.49,-2.09,-4.49,-2.10,INF,-1,0,7,0
8780,1,1,-47.166,-23.231,-4.40,-2.16,-4.40,-2.17,INF,-1,0,7,0
8800,1,1,-47.707,-23.339,-4.45,-2.17,-4.45,-2.18,INF,-1,1,7,0
8820,1,1,-47.244,-21.834,-4.41,-2.03,-4.40,-2.04,INF,-1,1,7,0
8840,1,1,-47.476,-22.986,-4.43,-2.14,-4.43,-2.15,INF,-1,1,7,0
8860,1,1,-47.375,-23.417,-4.42,-2.18,-4.42,-2.19,INF,-1,1,7,0
8880,1,1,-46.045,-23.937,-4.30,-2.23,-4.29,-2.24,INF,-1,1,7,0
8900,1,1,-46.075,-23.383,-4.30,-2.18,-4.30,-2.18,INF,-1,1,7,0
8920,1,1,-45.558,-23.336,-4.25,-2.17,-4.25,-2.18,INF,-1,1,7,0
8940,1,1,-46.512,-22.196,-4.34,-2.07,-4.34,-2.07,INF,-1,1,7,0
8960,1,1,-45.062,-23.232,-4.20,-2.16,-4.20,-2.17,INF,-1,1,7,0
8980,1,1,-46.654,-22.566,-4.35,-2.10,-4.35,-2.11,INF,-1,1,7,0
9000,1,1,-43.789,-23.462,-4.09,-2.19,-4.08,-2.19,INF,-1,1,7,0
9020,1,1,-44.678,-22.923,-4.17,-2.14,-4.17,-2.14,INF,-1,1,7,0
9040,1,1,-44.946,-23.596,-4.19,-2.20,-4.19,-2.20,INF,-1,1,7,0
9060,1,1,-44.880,-23.411,-4.19,-2.18,-4.18,-2.19,INF,-1,1,7,0
9080,1,1,-45.209,-23.308,-4.22,-2.17,-4.21,-2.18,INF,-1,1,7,0
9100,1,1,-43.535,-23.745,-4.06,-2.21,-4.06,-2.22,INF,-1,1,7,0
9120,1,1,-43.969,-23.183,-4.10,-2.16,-4.10,-2.17,INF,-1,1,7,0
9140,1,1,-44.853,-22.383,-4.18,-2.09,-4.18,-2.09,INF,-1,1,7,0
9160,1,1,-43.773,-22.907,-4.08,-2.13,-4.08,-2.14,INF,-1,1,7,0
9180,1,1,-43.642,-23.365,-4.07,-2.18,-4.07,-2.18,INF,-1,1,7,0
9200,1,1,-43.698,-22.053,-4.08,-2.06,-4.07,-2.06,INF,-1,1,7,0
9220,1,1,-44.160,-22.135,-4.12,-2.06,-4.12,-2.07,INF,-1,1,7,0
9240,1,1,-45.825,-22.550,-4.28,-2.10,-4.27,-2.11,INF,-1,1,7,0
9260,1,1,-44.803,-21.888,-4.18,-2.04,-4.18,-2.04,INF,-1,1,7,0
9280,1,1,-44.764,-22.551,-4.18,-2.10,-4.17,-2.11,INF,-1,1,7,0
9300,1,1,-43.408,-22.202,-4.05,-2.07,-4.05,-2.07,INF,-1,1,7,0
9320,1,1,-44.061,-22.776,-4.11,-2.12,-4.11,-2.13,INF,-1,1,7,0
9340,1,1,-44.314,-22.824,-4.13,-2.13,-4.13,-2.13,INF,-1,1,7,0
9360,1,1,-45.182,-23.393,-4.22,-2.18,-4.21,-2.19,INF,-1,1,7,0
9380,1,1,-45.181,-22.615,-4.22,-2.11,-4.21,-2.11,INF,-1,1,7,0
9400,1,1,-44.879,-23.174,-4.19,-2.16,-4.18,-2.17,INF,-1,1,7,0
9420,1,1,-44.196,-22.275,-4.12,-2.08,-4.12,-2.08,INF,-1,1,7,0
9440,1,1,-44.828,-23.592,-4.18,-2.20,-4.18,-2.20,INF,-1,1,7,0
9460,1,1,-44.900,-22.386,-4.19,-2.09,-4.19,-2.09,INF,-1,1,7,0
9480,1,1,-44.730,-22.092,-4.17,-2.06,-4.17,-2.06,INF,-1,1,7,0
9500,1,1,-53.715,-23.976,-5.01,-2.23,-5.00,-2.24,INF,-1,1,7,0
9520,1,1,-54.610,-24.367,-5.09,-2.27,-5.09,-2.28,INF,-1,1,7,0
9540,1,1,-55.284,-24.502,-5.15,-2.28,-5.15,-2.29,INF,-1,1,7,0
9560,1,1,-56.044,-24.964,-5.22,-2.32,-5.22,-2.33,INF,-1,1,7,0
9580,1,1,-55.735,-24.180,-5.20,-2.25,-5.19,-2.26,INF,-1,1,7,0
9600,1,1,-56.566,-25.018,-5.27,-2.33,-5.27,-2.34,INF,-1,1,7,0
9620,1,1,-55.644,-24.318,-5.19,-2.26,-5.18,-2.27,INF,-1,1,7,0
9640,1,1,-56.251,-24.625,-5.24,-2.29,-5.24,-2.30,INF,-1,1,7,0
9660,1,1,-55.275,-23.843,-5.15,-2.22,-5.15,-2.23,INF,-1,1,7,0
9680,1,1,-57.838,-23.654,-5.39,-2.20,-5.39,-2.21,INF,-1,1,7,0
9700,1,1,-57.793,-24.060,-5.39,-2.24,-5.38,-2.25,INF,-1,1,7,0
9720,1,1,-56.900,-22.978,-5.30,-2.14,-5.30,-2.15,INF,-1,1,7,0
9740,1,1,-63.021,19.676,-5.87,1.83,-5.87,1.84,INF,-1,1,7,0
9760,1,1,-57.564,29.267,-5.36,2.72,-5.36,2.73,INF,-1,1,7,0
9780,1,1,-58.906,31.523,-5.49,2.93,-5.48,2.94,INF,-1,0,7,0
9800,1,1,-60.236,31.101,-5.61,2.89,-5.60,2.90,INF,-1,0,7,0
9820,1,1,-61.299,29.887,-5.71,2.78,-5.70,2.79,INF,-1,0,7,0
9840,1,1,-60.840,29.711,-5.67,2.76,-5.66,2.77,INF,-1,0,7,0
9860,1,1,-60.629,30.758,-5.65,2.86,-5.64,2.87,INF,-1,0,7,0
9880,1,1,-60.266,31.279,-5.61,2.91,-5.61,2.92,INF,-1,0,7,0
9900,1,1,-61.301,31.798,-5.71,2.95,-5.70,2.97,INF,-1,0,7,0
9920,1,1,-61.875,30.720,-5.76,2.85,-5.76,2.87,INF,-1,0,7,0
9940,1,1,-60.746,31.530,-5.66,2.93,-5.65,2.94,INF,-1,0,7,0
9960,1,1,-62.843,30.498,-5.85,2.83,-5.85,2.85,INF,-1,0,7,0
9980,1,1,-60.479,30.390,-5.63,2.82,-5.63,2.84,INF,-1,0,7,0
10000,1,1,-60.898,31.839,-5.67,2.96,-5.67,2.97,INF,-1,0,7,0
10020,1,1,-61.774,31.350,-5.75,2.91,-5.75,2.93,INF,-1,0,7,0
10040,1,1,-60.571,30.145,-5.64,2.80,-5.64,2.82,INF,-1,1,7,0
10060,1,1,-60.731,30.776,-5.66,2.86,-5.65,2.87,INF,-1,1,7,0
10080,1,1,-60.112,30.794,-5.60,2.86,-5.59,2.88,INF,-1,1,7,0
10100,1,1,-61.406,29.835,-5.72,2.77,-5.71,2.79,INF,-1,1,7,0
10120,1,1,-59.865,30.315,-5.58,2.82,-5.57,2.83,INF,-1,1,7,0
10140,1,1,-59.867,30.852,-5.58,2.87,-5.57,2.88,INF,-1,1,7,0
10160,1,1,-61.589,30.029,-5.74,2.79,-5.73,2.80,INF,-1,1,7,0
10180,1,1,-61.214,31.140,-5.70,2.89,-5.70,2.91,INF,-1,1,7,0
10200,1,1,-61.366,30.770,-5.72,2.86,-5.71,2.87,INF,-1,1,7,0
10220,1,1,-61.419,31.863,-5.72,2.96,-5.71,2.98,INF,-1,1,7,0
10240,1,1,-61.188,31.063,-5.70,2.89,-5.69,2.90,INF,-1,1,7,0
10260,1,1,-55.280,41.507,-5.15,3.86,-5.14,3.87,INF,-1,1,7,0
10280,1,1,-57.327,42.876,-5.34,3.98,-5.33,4.00,INF,-1,1,7,0
10300,1,1,-56.816,41.753,-5.30,3.88,-5.28,3.90,INF,-1,0,7,0
10320,1,1,-57.511,41.186,-5.36,3.83,-5.35,3.84,INF,-1,0,7,0
10340,1,1,-56.814,42.139,-5.30,3.92,-5.28,3.93,INF,-1,0,7,0
10360,1,1,-57.795,41.568,-5.39,3.86,-5.37,3.88,INF,-1,0,7,0
10380,1,1,-56.974,41.603,-5.31,3.87,-5.30,3.88,INF,-1,0,7,0
10400,1,1,-57.382,41.469,-5.35,3.85,-5.34,3.87,INF,-1,0,7,0
10420,1,1,-56.977,40.665,-5.31,3.78,-5.30,3.80,INF,-1,0,7,0
10440,1,1,-56.871,40.282,-5.30,3.74,-5.29,3.76,INF,-1,0,7,0
10460,1,1,-57.891,40.575,-5.39,3.77,-5.38,3.79,INF,-1,0,7,0
10480,1,1,-56.750,41.301,-5.29,3.84,-5.28,3.85,INF,-1,0,7,0
10500,1,1,-56.482,40.969,-5.26,3.81,-5.25,3.82,INF,-1,0,7,0
10520,1,1,-55.650,40.919,-5.19,3.80,-5.18,3.82,INF,-1,0,7,0
10540,1,1,-56.319,41.281,-5.25,3.84,-5.24,3.85,INF,-1,1,7,0
10560,1,1,-55.475,41.190,-5.17,3.83,-5.16,3.84,INF,-1,1,7,0
10580,1,1,-56.578,41.704,-5.27,3.88,-5.26,3.89,INF,-1,1,7,0
10600,1,1,-55.320,41.990,-5.16,3.90,-5.14,3.92,INF,-1,1,7,0
10620,1,1,-55.077,41.289,-5.13,3.84,-5.12,3.85,INF,-1,1,7,0
10640,1,1,-55.952,40.465,-5.22,3.76,-5.20,3.78,INF,-1,1,7,0
10660,1,1,-55.103,41.558,-5.14,3.86,-5.12,3.88,INF,-1,1,7,0
10680,1,1,-54.320,41.422,-5.06,3.85,-5.05,3.87,INF,-1,1,7,0
10700,1,1,-53.990,42.174,-5.03,3.92,-5.02,3.94,INF,-1,1,7,0
10720,1,1,-53.296,40.609,-4.97,3.78,-4.96,3.79,INF,-1,1,7,0
10740,1,1,-55.442,41.555,-5.17,3.86,-5.16,3.88,INF,-1,1,7,0
10760,1,1,-4.859,42.622,-0.45,3.98,-0.45,3.98,INF,-1,1,7,0
10780,1,1,6.545,42.895,0.61,4.00,0.61,4.00,INF,-1,1,7,0
10800,1,1,7.845,42.586,0.73,3.97,0.73,3.97,INF,-1,0,7,0
10820,1,1,6.658,42.003,0.62,3.92,0.62,3.92,INF,-1,0,7,0
10840,1,1,8.824,42.696,0.82,3.98,0.82,3.98,INF,-1,0,7,0
10860,1,1,7.387,42.436,0.69,3.96,0.69,3.96,INF,-1,0,7,0
10880,1,1,7.876,42.763,0.74,3.99,0.73,3.99,INF,-1,0,7,0
10900,1,1,8.659,42.159,0.81,3.93,0.81,3.93,INF,-1,0,7,0
10920,1,1,8.469,42.396,0.79,3.96,0.79,3.96,INF,-1,0,7,0
10940,1,1,8.846,41.711,0.83,3.89,0.82,3.89,INF,-1,0,7,0
10960,1,1,8.873,42.926,0.83,4.01,0.83,4.01,INF,-1,0,7,0
10980,1,1,8.685,43.652,0.81,4.07,0.81,4.07,INF,-1,0,7,0
11000,1,1,7.998,41.930,0.75,3.91,0.75,3.91,INF,-1,0,7,0
11020,1,1,9.960,43.695,0.93,4.08,0.93,4.08,INF,-1,0,7,0
11040,1,1,10.369,41.330,0.97,3.86,0.97,3.86,INF,-1,0,7,0
11060,1,1,9.720,42.597,0.91,3.97,0.91,3.98,INF,-1,1,7,0
11080,1,1,9.795,42.775,0.92,3.99,0.91,3.99,INF,-1,1,7,0
11100,0,1,0.000,0.000,0.00,0.00,0.00,0.00,0.00,-1,1,7,0
11120,1,1,40.756,10.778,3.80,1.01,3.80,1.01,INF,-1,1,7,0
11140,1,1,42.491,8.398,3.97,0.78,3.96,0.78,INF,-1,1,7,0
11160,1,1,41.943,8.737,3.91,0.81,3.91,0.82,INF,-1,1,7,0
11180,1,1,41.397,8.722,3.86,0.81,3.86,0.82,INF,-1,0,7,0
11200,1,1,41.474,9.361,3.87,0.87,3.87,0.87,INF,-1,0,7,0
11220,1,1,41.739,8.510,3.90,0.79,3.89,0.80,INF,-1,0,7,0
11240,1,1,42.214,10.139,3.94,0.95,3.94,0.95,INF,-1,0,7,0
11260,1,1,42.417,8.929,3.96,0.83,3.96,0.83,INF,-1,0,7,0
11280,1,1,40.717,9.693,3.80,0.90,3.80,0.91,INF,-1,0,7,0
11300,1,1,41.774,8.733,3.90,0.81,3.90,0.82,INF,-1,0,7,0
11320,1,1,40.649,9.262,3.79,0.86,3.79,0.87,INF,-1,0,7,0
11340,1,1,42.694,7.720,3.98,0.72,3.98,0.72,INF,-1,0,7,0
11360,1,1,37.472,2.671,3.50,0.25,3.50,0.25,INF,-1,0,7,0
11380,1,1,40.328,2.785,3.76,0.26,3.76,0.26,INF,-1,0,7,0
11400,1,1,39.625,1.993,3.70,0.19,3.70,0.19,INF,-1,1,7,0
11420,1,1,38.766,3.192,3.62,0.30,3.62,0.30,INF,-1,1,7,0
11440,1,1,38.384,2.798,3.58,0.26,3.58,0.26,INF,-1,1,7,0
11460,1,1,38.516,4.234,3.60,0.39,3.60,0.40,INF,-1,1,7,0
11480,1,1,37.627,2.983,3.51,0.28,3.51,0.28,INF,-1,1,7,0
11500,1,1,38.195,2.138,3.57,0.20,3.57,0.20,INF,-1,1,7,0
11520,1,1,37.610,2.699,3.51,0.25,3.51,0.25,INF,-1,1,7,0
11540,1,1,39.131,2.529,3.65,0.24,3.65,0.24,INF,-1,1,7,0
11560,1,1,39.177,2.432,3.66,0.23,3.66,0.23,INF,-1,1,7,0
11580,1,1,38.310,2.578,3.58,0.24,3.58,0.24,INF,-1,1,7,0
11600,1,1,38.353,2.959,3.58,0.28,3.58,0.28,INF,-1,1,7,0
11620,1,1,38.770,4.201,3.62,0.39,3.62,0.39,INF,-1,1,7,0
11640,0,1,0.000,0.000,0.00,0.00,0.00,0.00,0.00,-1,1,7,0
11660,1,1,39.487,4.308,3.69,0.40,3.69,0.40,INF,-1,1,7,0
11680,1,1,38.447,4.859,3.59,0.45,3.59,0.45,INF,-1,1,7,0
11700,1,1,38.648,3.134,3.61,0.29,3.61,0.29,INF,-1,1,7,0
11720,0,1,0.000,0.000,0.00,0.00,0.00,0.00,0.00,-1,1,7,0
11740,0,1,0.000,0.000,0.00,0.00,0.00,0.00,0.00,-1,1,7,0
11760,1,1,38.941,3.844,3.63,0.36,3.63,0.36,INF,-1,1,7,0
11780,1,1,38.127,4.430,3.56,0.41,3.56,0.41,INF,-1,1,7,0
11800,1,1,38.383,5.607,3.58,0.52,3.58,0.52,INF,-1,1,7,0
11820,1,1,38.219,4.108,3.57,0.38,3.57,0.38,INF,-1,1,7,0
11840,1,1,38.594,3.727,3.60,0.35,3.60,0.35,INF,-1,1,7,0
11860,1,1,38.350,3.752,3.58,0.35,3.58,0.35,INF,-1,1,7,0
11880,1,1,38.620,3.144,3.60,0.29,3.60,0.29,INF,-1,1,7,0
11900,1,1,37.160,2.990,3.47,0.28,3.47,0.28,INF,-1,1,7,0
11920,1,1,38.238,3.020,3.57,0.28,3.57,0.28,INF,-1,1,7,0
11940,1,1,37.652,3.436,3.51,0.32,3.51,0.32,INF,-1,1,7,0
11960,1,1,37.892,3.326,3.54,0.31,3.54,0.31,INF,-1,1,7,0
11980,1,1,38.756,3.940,3.62,0.37,3.62,0.37,INF,-1,1,7,0
12000,1,1,37.344,3.758,3.49,0.35,3.49,0.35,INF,-1,1,7,0
12020,1,1,37.880,3.486,3.54,0.33,3.54,0.33,INF,-1,1,7,0
12040,1,1,38.395,2.783,3.58,0.26,3.58,0.26,INF,-1,1,7,0
12060,1,1,38.146,3.681,3.56,0.34,3.56,0.34,INF,-1,1,7,0
12080,1,1,36.925,2.804,3.45,0.26,3.45,0.26,INF,-1,1,7,0
12100,1,1,38.364,3.611,3.58,0.34,3.58,0.34,INF,-1,1,7,0
12120,1,1,38.522,4.273,3.60,0.40,3.60,0.40,INF,-1,1,7,0
12140,1,1,36.975,3.065,3.45,0.29,3.45,0.29,INF,-1,1,7,0
12160,1,1,37.301,3.699,3.48,0.35,3.48,0.35,INF,-1,1,7,0
12180,1,1,36.978,3.015,3.45,0.28,3.45,0.28,INF,-1,1,7,0
12200,1,1,37.299,3.629,3.48,0.34,3.48,0.34,INF,-1,1,7,0
12220,1,1,36.528,3.675,3.41,0.34,3.41,0.34,INF,-1,1,7,0
12240,1,1,37.219,3.532,3.47,0.33,3.47,0.33,INF,-1,1,7,0
12260,1,1,37.215,3.549,3.47,0.33,3.47,0.33,INF,-1,1,7,0
12280,1,1,38.377,2.936,3.58,0.27,3.58,0.27,INF,-1,1,7,0
12300,1,1,36.319,3.629,3.39,0.34,3.39,0.34,INF,-1,1,7,0
12320,1,1,38.099,2.908,3.56,0.27,3.56,0.27,INF,-1,1,7,0
12340,1,1,37.839,4.085,3.53,0.38,3.53,0.38,INF,-1,1,7,0
12360,1,1,36.775,4.424,3.43,0.41,3.43,0.41,INF,-1,1,7,0
12380,1,1,37.953,3.646,3.54,0.34,3.54,0.34,INF,-1,1,7,0
12400,1,1,37.829,3.908,3.53,0.36,3.53,0.37,INF,-1,1,7,0
12420,1,1,37.815,3.487,3.53,0.33,3.53,0.33,INF,-1,1,7,0
12440,1,1,38.253,3.386,3.57,0.32,3.57,0.32,INF,-1,1,7,0
12460,1,1,37.554,2.734,3.51,0.26,3.51,0.26,INF,-1,1,7,0
12480,1,1,37.712,3.735,3.52,0.35,3.52,0.35,INF,-1,1,7,0
12500,1,1,38.925,3.300,3.63,0.31,3.63,0.31,INF,-1,1,7,0
12520,1,1,37.044,4.696,3.46,0.44,3.46,0.44,INF,-1,1,7,0
12540,1,1,37.607,4.175,3.51,0.39,3.51,0.39,INF,-1,1,7,0
12560,1,1,38.653,4.717,3.61,0.44,3.61,0.44,INF,-1,1,7,0
12580,1,1,36.644,5.102,3.42,0.48,3.42,0.48,INF,-1,1,7,0
12600,1,1,38.472,3.970,3.59,0.37,3.59,0.37,INF,-1,1,7,0
12620,1,1,39.022,4.098,3.64,0.38,3.64,0.38,INF,-1,1,7,0
12640,1,1,38.237,5.680,3.57,0.53,3.57,0.53,INF,-1,1,7,0
12660,1,1,38.082,4.662,3.55,0.43,3.55,0.44,INF,-1,1,7,0
12680,1,1,37.761,6.508,3.52,0.61,3.52,0.61,INF,-1,1,7,0
12700,1,1,38.236,6.273,3.57,0.59,3.57,0.59,INF,-1,1,7,0
12720,1,1,39.496,5.138,3.69,0.48,3.69,0.48,INF,-1,1,7,0
12740,1,1,39.453,4.414,3.68,0.41,3.68,0.41,INF,-1,1,7,0
12760,1,1,38.871,6.119,3.63,0.57,3.63,0.57,INF,-1,1,7,0
12780,1,1,37.469,5.082,3.50,0.47,3.50,0.48,INF,-1,1,7,0
12800,1,1,-8.044,15.631,-0.75,1.46,-0.75,1.46,INF,-1,1,7,0
12820,1,1,-2.617,16.685,-0.24,1.56,-0.24,1.56,INF,-1,1,7,0
12840,1,1,-2.111,15.396,-0.20,1.44,-0.20,1.44,INF,-1,0,7,0
12860,1,1,-2.002,15.089,-0.19,1.41,-0.19,1.41,INF,-1,0,7,0
12880,1,1,-1.435,15.552,-0.13,1.45,-0.13,1.45,INF,-1,0,7,0
12900,1,1,-1.240,15.554,-0.12,1.45,-0.12,1.45,INF,-1,0,7,0
12920,1,1,-0.986,15.800,-0.09,1.48,-0.09,1.48,INF,-1,0,7,0
12940,1,1,0.377,15.268,0.04,1.43,0.04,1.43,INF,-1,0,7,0
12960,1,1,-1.222,15.765,-0.11,1.47,-0.11,1.47,INF,-1,0,7,0
12980,1,1,0.450,15.904,0.04,1.49,0.04,1.49,INF,-1,0,7,0
13000,1,1,0.022,15.021,0.00,1.40,0.00,1.40,INF,-1,0,7,0
13020,1,1,0.193,15.041,0.02,1.41,0.02,1.41,INF,-1,0,7,0
13040,1,1,0.394,13.876,0.04,1.30,0.04,1.30,INF,-1,0,7,0
13060,1,1,-1.300,14.586,-0.12,1.36,-0.12,1.36,INF,-1,0,7,0
13080,1,1,-0.076,13.362,-0.01,1.25,-0.01,1.25,INF,-1,1,7,0
13100,1,1,-1.044,13.843,-0.10,1.29,-0.10,1.29,INF,-1,1,7,0
13120,1,1,-1.352,13.998,-0.13,1.31,-0.13,1.31,INF,-1,1,7,0
13140,1,1,-1.580,12.467,-0.15,1.17,-0.15,1.17,INF,-1,1,7,0
13160,1,1,-1.324,16.286,-0.12,1.52,-0.12,1.52,INF,-1,1,7,0
13180,1,1,-2.364,16.849,-0.22,1.57,-0.22,1.57,INF,-1,1,7,0
13200,1,1,-1.741,15.227,-0.16,1.42,-0.16,1.42,INF,-1,1,7,0
13220,1,1,-2.254,14.691,-0.21,1.37,-0.21,1.37,INF,-1,1,7,0
13240,1,1,-1.513,15.436,-0.14,1.44,-0.14,1.44,INF,-1,1,7,0
13260,1,1,-1.850,16.239,-0.17,1.52,-0.17,1.52,INF,-1,1,7,0
13280,1,1,-2.322,14.920,-0.22,1.39,-0.22,1.39,INF,-1,1,7,0
13300,1,1,-2.817,15.782,-0.26,1.47,-0.26,1.47,INF,-1,1,7,0
13320,1,1,-3.316,15.454,-0.31,1.44,-0.31,1.44,INF,-1,1,7,0
13340,1,1,-3.406,14.121,-0.32,1.32,-0.32,1.32,INF,-1,1,7,0
13360,1,1,-3.333,14.640,-0.31,1.37,-0.31,1.37,INF,-1,1,7,0
13380,1,1,-2.794,14.361,-0.26,1.34,-0.26,1.34,INF,-1,1,7,0
13400,1,1,-4.024,15.249,-0.38,1.42,-0.38,1.43,INF,-1,1,7,0
13420,1,1,-2.950,14.457,-0.28,1.35,-0.28,1.35,INF,-1,1,7,0
13440,1,1,-4.733,14.376,-0.44,1.34,-0.44,1.34,INF,-1,1,7,0
13460,1,1,-3.974,13.414,-0.37,1.25,-0.37,1.25,INF,-1,1,7,0
13480,1,1,-3.768,13.364,-0.35,1.25,-0.35,1.25,INF,-1,1,7,0
13500,1,1,-3.162,13.703,-0.30,1.28,-0.30,1.28,INF,-1,1,7,0
13520,1,1,-4.111,14.432,-0.38,1.35,-0.38,1.35,INF,-1,1,7,0
13540,1,1,-3.023,12.363,-0.28,1.16,-0.28,1.16,INF,-1,1,7,0
13560,1,1,-4.867,13.892,-0.45,1.30,-0.45,1.30,INF,-1,1,7,0
13580,1,1,-5.242,12.549,-0.49,1.17,-0.49,1.17,INF,-1,1,7,0
13600,1,1,-4.050,16.316,-0.38,1.52,-0.38,1.52,INF,-1,1,7,0
13620,1,1,-3.774,27.804,-0.35,2.60,-0.35,2.60,INF,-1,1,7,0
13640,1,1,-3.828,26.238,-0.36,2.45,-0.36,2.45,INF,-1,1,7,0
13660,1,1,-2.533,25.862,-0.24,2.42,-0.24,2.42,INF,-1,0,7,0
13680,1,1,-4.133,24.889,-0.39,2.32,-0.39,2.33,INF,-1,0,7,0
13700,1,1,-4.169,24.226,-0.39,2.26,-0.39,2.26,INF,-1,0,7,0
13720,1,1,-3.069,23.160,-0.29,2.16,-0.29,2.16,INF,-1,0,7,0
13740,1,1,-5.411,25.363,-0.51,2.37,-0.51,2.37,INF,-1,0,7,0
13760,1,1,-4.135,24.360,-0.39,2.28,-0.39,2.28,INF,-1,0,7,0
13780,1,1,-4.327,24.161,-0.40,2.26,-0.40,2.26,INF,-1,0,7,0
13800,1,1,-3.813,24.379,-0.36,2.28,-0.36,2.28,INF,-1,0,7,0
13820,1,1,-4.485,24.515,-0.42,2.29,-0.42,2.29,INF,-1,0,7,0
13840,1,1,-3.760,25.046,-0.35,2.34,-0.35,2.34,INF,-1,0,7,0
13860,1,1,-3.960,23.394,-0.37,2.19,-0.37,2.19,INF,-1,0,7,0
13880,1,1,-4.714,24.642,-0.44,2.30,-0.44,2.30,INF,-1,0,7,0
13900,1,1,-2.274,25.289,-0.21,2.36,-0.21,2.36,INF,-1,1,7,0
13920,1,1,16.810,36.727,1.57,3.43,1.57,3.43,INF,-1,1,7,0
13940,1,1,16.588,37.131,1.55,3.47,1.55,3.47,INF,-1,1,7,0
13960,1,1,16.213,35.872,1.52,3.35,1.51,3.35,INF,-1,0,7,0
13980,1,1,15.430,35.555,1.44,3.32,1.44,3.32,INF,-1,0,7,0
14000,1,1,15.793,35.301,1.48,3.29,1.47,3.30,INF,-1,0,7,0
14020,1,1,15.561,35.405,1.45,3.30,1.45,3.31,INF,-1,0,7,0
14040,1,1,16.405,36.017,1.53,3.36,1.53,3.36,INF,-1,0,7,0
14060,1,1,15.727,36.800,1.47,3.43,1.47,3.44,INF,-1,0,7,0
14080,1,1,15.694,36.887,1.47,3.44,1.46,3.44,INF,-1,0,7,0
14100,1,1,15.789,37.086,1.48,3.46,1.47,3.46,INF,-1,0,7,0
14120,1,1,16.227,36.073,1.52,3.37,1.51,3.37,INF,-1,0,7,0
14140,1,1,13.059,43.238,1.22,4.03,1.22,4.03,INF,-1,0,7,0
14160,1,1,12.283,42.770,1.15,3.99,1.15,3.99,INF,-1,0,7,0
14180,1,1,12.533,43.138,1.17,4.02,1.17,4.03,INF,-1,0,7,0
14200,1,1,11.818,43.868,1.10,4.09,1.10,4.09,INF,-1,1,7,0
14220,1,1,12.149,42.842,1.14,4.00,1.13,4.00,INF,-1,1,7,0
14240,1,1,12.962,43.753,1.21,4.08,1.21,4.08,INF,-1,1,7,0
14260,1,1,12.291,43.261,1.15,4.04,1.15,4.04,INF,-1,1,7,0
14280,1,1,13.105,41.456,1.22,3.87,1.22,3.87,INF,-1,1,7,0
14300,1,1,-15.992,19.121,-1.49,1.79,-1.49,1.79,INF,-1,1,7,0
14320,1,1,-50.495,-29.544,-4.71,-2.75,-4.70,-2.76,INF,-1,1,7,0
14340,1,1,-50.556,-28.262,-4.71,-2.63,-4.71,-2.64,INF,-1,0,7,0
14360,1,1,-50.541,-29.214,-4.71,-2.72,-4.71,-2.73,INF,-1,0,7,0
14380,1,1,-50.550,-29.686,-4.71,-2.76,-4.71,-2.77,INF,-1,0,7,0
14400,1,1,-49.924,-28.525,-4.66,-2.66,-4.65,-2.66,INF,-1,0,7,0
14420,1,1,-50.106,-28.670,-4.67,-2.67,-4.67,-2.68,INF,-1,0,7,0
14440,1,1,-48.624,-28.138,-4.54,-2.62,-4.53,-2.63,INF,-1,0,7,0
14460,1,1,-49.554,-29.102,-4.62,-2.71,-4.62,-2.72,INF,-1,0,7,0
14480,1,1,-50.214,-27.916,-4.68,-2.60,-4.68,-2.61,INF,-1,0,7,0
14500,1,1,-48.786,-29.163,-4.55,-2.72,-4.55,-2.72,INF,-1,0,7,0
14520,1,1,-47.919,-29.594,-4.47,-2.76,-4.46,-2.76,INF,-1,0,7,0
14540,1,1,-48.824,-29.913,-4.55,-2.78,-4.55,-2.79,INF,-1,0,7,0
14560,1,1,-39.091,-30.287,-3.65,-2.82,-3.64,-2.83,INF,-1,0,7,0
14580,1,1,-40.518,-30.988,-3.78,-2.89,-3.78,-2.89,INF,-1,0,7,0
14600,1,1,-39.324,-31.392,-3.67,-2.93,-3.67,-2.93,INF,-1,1,7,0
14620,1,1,-39.889,-31.276,-3.72,-2.91,-3.72,-2.92,INF,-1,1,7,0
14640,1,1,-39.627,-30.391,-3.70,-2.83,-3.69,-2.84,INF,-1,1,7,0
14660,1,1,-40.694,-29.836,-3.80,-2.78,-3.79,-2.79,INF,-1,1,7,0
14680,1,1,-38.522,-31.025,-3.60,-2.89,-3.59,-2.90,INF,-1,1,7,0
14700,1,1,-39.153,-30.662,-3.65,-2.86,-3.65,-2.86,INF,-1,1,7,0
14720,1,1,-39.880,-30.180,-3.72,-2.81,-3.72,-2.82,INF,-1,1,7,0
14740,1,1,-40.406,-30.618,-3.77,-2.85,-3.77,-2.86,INF,-1,1,7,0
14760,1,1,-39.990,-29.738,-3.73,-2.77,-3.73,-2.78,INF,-1,1,7,0
14780,1,1,-40.041,-30.472,-3.74,-2.84,-3.73,-2.85,INF,-1,1,7,0
14800,1,1,-40.909,-30.608,-3.82,-2.85,-3.81,-2.86,INF,-1,1,7,0
14820,1,1,-45.539,-29.065,-4.25,-2.71,-4.24,-2.71,INF,-1,1,7,0
14840,1,1,-43.806,-30.025,-4.09,-2.80,-4.08,-2.80,INF,-1,1,7,0
14860,1,1,-44.883,-29.473,-4.19,-2.75,-4.18,-2.75,INF,-1,1,7,0
14880,1,1,-45.337,-30.550,-4.23,-2.85,-4.22,-2.85,INF,-1,1,7,0
14900,1,1,-43.880,-29.357,-4.09,-2.73,-4.09,-2.74,INF,-1,1,7,0
14920,1,1,-45.745,-29.826,-4.27,-2.78,-4.26,-2.79,INF,-1,1,7,0
14940,1,1,-44.569,-28.883,-4.16,-2.69,-4.15,-2.70,INF,-1,1,7,0
14960,1,1,-44.519,-30.489,-4.15,-2.84,-4.15,-2.85,INF,-1,1,7,0
14980,1,1,-43.962,-30.564,-4.10,-2.85,-4.10,-2.85,INF,-1,1,7,0
