"EyeTracker Toolbox version","3.250"
CalibrationParameters_A11,1.14692
CalibrationParameters_A12,0.08449
CalibrationParameters_A13,-0.03855
CalibrationParameters_A21,0.05698
CalibrationParameters_A22,-1.19674
CalibrationParameters_A23,-0.02384
CalibrationParameters_A31,-0.00052
CalibrationParameters_A32,0.00150
CalibrationParameters_E11,-0.17994
CalibrationParameters_E12,-0.00007
CalibrationParameters_E21,0.00001
CalibrationParameters_E22,0.19976
CalibrationParameters_X,-3.10382
CalibrationParameters_Y,42.89517
CalibrationParameters_Rpc,70.49210
CalibrationParameters_MeanX,143.30697
CalibrationParameters_MeanY,131.63965
CalibrationParameters_ViewDist,613.00000
TimeStamp,Tracked,Calibrated,ScreenPositionXmm,ScreenPositionYmm,FicksLongitude,FicksLatitude,HelmholtzAzimuth,HelmholtzElevation,PupilDiameter,Region,Fixation,DigitalIO,Dropped
0,1,1,-9.527,-20.013,-0.89,-1.87,-0.89,-1.87,INF,-1,0,7,0
20,1,1,-9.375,-20.023,-0.88,-1.87,-0.88,-1.87,INF,-1,0,7,0
40,1,1,-9.829,-20.042,-0.92,-1.87,-0.92,-1.87,INF,-1,0,7,0
60,1,1,-9.648,-19.452,-0.90,-1.82,-0.90,-1.82,INF,-1,0,7,0
80,1,1,-9.314,-18.422,-0.87,-1.72,-0.87,-1.72,INF,-1,0,7,0
100,1,1,-9.567,-20.585,-0.89,-1.92,-0.89,-1.92,INF,-1,0,7,0
120,1,1,-9.904,-19.470,-0.93,-1.82,-0.93,-1.82,INF,-1,0,7,0
140,1,1,-10.188,-18.837,-0.95,-1.76,-0.95,-1.76,INF,-1,0,7,0
160,1,1,-9.383,-20.682,-0.88,-1.93,-0.88,-1.93,INF,-1,0,7,0
180,1,1,-8.695,-19.762,-0.81,-1.85,-0.81,-1.85,INF,-1,0,7,0
200,1,1,-8.910,-20.566,-0.83,-1.92,-0.83,-1.92,INF,-1,0,7,0
220,1,1,-23.385,7.166,-2.18,0.67,-2.18,0.67,INF,-1,0,7,0
240,1,1,-22.415,3.950,-2.09,0.37,-2.09,0.37,INF,-1,0,7,0
260,1,1,-22.921,4.567,-2.14,0.43,-2.14,0.43,INF,-1,0,7,0
280,1,1,-23.437,3.738,-2.19,0.35,-2.19,0.35,INF,-1,0,7,0
300,1,1,-22.216,3.237,-2.08,0.30,-2.08,0.30,INF,-1,0,7,0
320,1,1,-24.179,4.794,-2.26,0.45,-2.26,0.45,INF,-1,0,7,0
340,1,1,-23.673,5.405,-2.21,0.50,-2.21,0.51,INF,-1,0,7,0
360,1,1,-23.583,5.478,-2.20,0.51,-2.20,0.51,INF,-1,0,7,0
380,1,1,-24.134,5.848,-2.25,0.55,-2.25,0.55,INF,-1,0,7,0
400,1,1,-24.326,4.638,-2.27,0.43,-2.27,0.43,INF,-1,0,7,0
420,1,1,-26.811,4.325,-2.50,0.40,-2.50,0.40,INF,-1,1,7,0
440,1,1,-32.311,7.453,-3.02,0.70,-3.02,0.70,INF,-1,1,7,0
460,1,1,-31.015,7.339,-2.90,0.69,-2.90,0.69,INF,-1,1,7,0
480,1,1,-31.178,8.001,-2.91,0.75,-2.91,0.75,INF,-1,0,7,0
500,1,1,-33.196,7.774,-3.10,0.73,-3.10,0.73,INF,-1,0,7,0
520,1,1,-31.570,7.110,-2.95,0.66,-2.95,0.66,INF,-1,0,7,0
540,1,1,-34.096,5.825,-3.18,0.54,-3.18,0.54,INF,-1,0,7,0
560,1,1,-33.583,6.963,-3.14,0.65,-3.14,0.65,INF,-1,0,7,0
580,1,1,-32.949,6.545,-3.08,0.61,-3.08,0.61,INF,-1,0,7,0
600,1,1,-32.858,6.237,-3.07,0.58,-3.07,0.58,INF,-1,0,7,0
620,1,1,-31.635,5.606,-2.95,0.52,-2.95,0.52,INF,-1,0,7,0
640,1,1,-34.873,6.254,-3.26,0.58,-3.26,0.58,INF,-1,0,7,0
660,1,1,-32.627,6.204,-3.05,0.58,-3.05,0.58,INF,-1,0,7,0
680,1,1,-33.616,5.541,-3.14,0.52,-3.14,0.52,INF,-1,0,7,0
700,1,1,-35.144,5.093,-3.28,0.48,-3.28,0.48,INF,-1,0,7,0
720,1,1,-34.584,4.052,-3.23,0.38,-3.23,0.38,INF,-1,1,7,0
740,1,1,-33.869,4.849,-3.16,0.45,-3.16,0.45,INF,-1,1,7,0
760,1,1,-33.918,5.674,-3.17,0.53,-3.17,0.53,INF,-1,1,7,0
780,1,1,-34.311,4.761,-3.20,0.44,-3.20,0.44,INF,-1,1,7,0
800,1,1,-33.576,5.858,-3.14,0.55,-3.14,0.55,INF,-1,1,7,0
820,1,1,-33.655,4.952,-3.14,0.46,-3.14,0.46,INF,-1,1,7,0
840,1,1,-33.680,6.142,-3.14,0.57,-3.14,0.57,INF,-1,1,7,0
860,1,1,-33.290,6.302,-3.11,0.59,-3.11,0.59,INF,-1,1,7,0
880,1,1,-33.368,5.896,-3.12,0.55,-3.12,0.55,INF,-1,1,7,0
900,1,1,-32.466,6.914,-3.03,0.65,-3.03,0.65,INF,-1,1,7,0
920,1,1,-33.856,5.935,-3.16,0.55,-3.16,0.55,INF,-1,1,7,0
940,1,1,-35.122,6.152,-3.28,0.57,-3.28,0.57,INF,-1,1,7,0
960,1,1,-34.366,3.432,-3.21,0.32,-3.21,0.32,INF,-1,1,7,0
980,1,1,-18.249,20.280,-1.71,1.89,-1.70,1.89,INF,-1,1,7,0
1000,1,1,-20.578,18.555,-1.92,1.73,-1.92,1.73,INF,-1,1,7,0
1020,1,1,-20.536,18.047,-1.92,1.69,-1.92,1.69,INF,-1,0,7,0
1040,1,1,-18.572,19.973,-1.74,1.87,-1.73,1.87,INF,-1,0,7,0
1060,1,1,-20.961,19.110,-1.96,1.78,-1.96,1.79,INF,-1,0,7,0
1080,1,1,-20.730,18.617,-1.94,1.74,-1.94,1.74,INF,-1,0,7,0
1100,1,1,-21.920,18.912,-2.05,1.77,-2.05,1.77,INF,-1,0,7,0
1120,1,1,-21.275,18.533,-1.99,1.73,-1.99,1.73,INF,-1,0,7,0
1140,1,1,-21.644,16.841,-2.02,1.57,-2.02,1.57,INF,-1,0,7,0
1160,1,1,-21.740,18.007,-2.03,1.68,-2.03,1.68,INF,-1,0,7,0
1180,1,1,-20.802,18.527,-1.94,1.73,-1.94,1.73,INF,-1,0,7,0
1200,1,1,-20.064,18.259,-1.87,1.71,-1.87,1.71,INF,-1,0,7,0
1220,1,1,-20.396,19.244,-1.91,1.80,-1.90,1.80,INF,-1,0,7,0
1240,1,1,-20.201,19.395,-1.89,1.81,-1.89,1.81,INF,-1,0,7,0
1260,1,1,-20.870,19.498,-1.95,1.82,-1.95,1.82,INF,-1,1,7,0
1280,1,1,-19.131,21.130,-1.79,1.97,-1.79,1.97,INF,-1,1,7,0
1300,1,1,-19.013,19.371,-1.78,1.81,-1.78,1.81,INF,-1,1,7,0
1320,1,1,-19.411,18.234,-1.81,1.70,-1.81,1.70,INF,-1,1,7,0
1340,1,1,-20.242,20.455,-1.89,1.91,-1.89,1.91,INF,-1,1,7,0
1360,1,1,-33.352,12.092,-3.11,1.13,-3.11,1.13,INF,-1,1,7,0
1380,1,1,-32.593,11.644,-3.04,1.09,-3.04,1.09,INF,-1,1,7,0
1400,1,1,-32.074,11.642,-3.00,1.09,-2.99,1.09,INF,-1,0,7,0
1420,1,1,-31.923,11.197,-2.98,1.04,-2.98,1.05,INF,-1,0,7,0
1440,1,1,-32.498,10.294,-3.03,0.96,-3.03,0.96,INF,-1,0,7,0
1460,1,1,-32.233,12.058,-3.01,1.13,-3.01,1.13,INF,-1,0,7,0
1480,1,1,-32.763,10.100,-3.06,0.94,-3.06,0.94,INF,-1,0,7,0
1500,1,1,-33.403,9.621,-3.12,0.90,-3.12,0.90,INF,-1,0,7,0
1520,1,1,-32.592,11.245,-3.04,1.05,-3.04,1.05,INF,-1,0,7,0
1540,1,1,-32.176,11.557,-3.00,1.08,-3.00,1.08,INF,-1,0,7,0
1560,1,1,-31.465,9.791,-2.94,0.91,-2.94,0.92,INF,-1,0,7,0
1580,1,1,-31.407,11.165,-2.93,1.04,-2.93,1.04,INF,-1,0,7,0
1600,1,1,-31.111,11.096,-2.91,1.04,-2.90,1.04,INF,-1,0,7,0
1620,1,1,-31.859,10.738,-2.98,1.00,-2.97,1.00,INF,-1,0,7,0
1640,1,1,-31.698,10.882,-2.96,1.02,-2.96,1.02,INF,-1,1,7,0
1660,1,1,-30.658,11.256,-2.86,1.05,-2.86,1.05,INF,-1,1,7,0
1680,1,1,-31.689,11.719,-2.96,1.09,-2.96,1.10,INF,-1,1,7,0
1700,1,1,-32.046,11.469,-2.99,1.07,-2.99,1.07,INF,-1,1,7,0
1720,1,1,-32.639,11.353,-3.05,1.06,-3.05,1.06,INF,-1,1,7,0
1740,1,1,-32.503,12.214,-3.04,1.14,-3.03,1.14,INF,-1,1,7,0
1760,1,1,-32.578,11.817,-3.04,1.10,-3.04,1.10,INF,-1,1,7,0
1780,1,1,-32.361,11.166,-3.02,1.04,-3.02,1.04,INF,-1,1,7,0
1800,1,1,-31.118,12.382,-2.91,1.16,-2.91,1.16,INF,-1,1,7,0
1820,1,1,-34.509,10.383,-3.22,0.97,-3.22,0.97,INF,-1,1,7,0
1840,1,1,-37.194,7.784,-3.47,0.73,-3.47,0.73,INF,-1,1,7,0
1860,1,1,-35.028,9.981,-3.27,0.93,-3.27,0.93,INF,-1,1,7,0
1880,1,1,-36.257,8.589,-3.38,0.80,-3.38,0.80,INF,-1,1,7,0
1900,1,1,-35.748,10.009,-3.34,0.93,-3.34,0.94,INF,-1,1,7,0
1920,1,1,-37.629,9.531,-3.51,0.89,-3.51,0.89,INF,-1,1,7,0
1940,1,1,-36.740,9.408,-3.43,0.88,-3.43,0.88,INF,-1,1,7,0
1960,1,1,-34.556,11.249,-3.23,1.05,-3.23,1.05,INF,-1,1,7,0
1980,1,1,-36.536,9.847,-3.41,0.92,-3.41,0.92,INF,-1,1,7,0
2000,1,1,-36.301,9.749,-3.39,0.91,-3.39,0.91,INF,-1,1,7,0
2020,1,1,-36.324,9.781,-3.39,0.91,-3.39,0.91,INF,-1,1,7,0
2040,1,1,-36.021,12.040,-3.36,1.12,-3.36,1.13,INF,-1,1,7,0
2060,1,1,-36.470,9.624,-3.40,0.90,-3.40,0.90,INF,-1,1,7,0
2080,1,1,-36.303,10.500,-3.39,0.98,-3.39,0.98,INF,-1,1,7,0
2100,1,1,-36.545,10.400,-3.41,0.97,-3.41,0.97,INF,-1,1,7,0
2120,1,1,-36.333,9.445,-3.39,0.88,-3.39,0.88,INF,-1,1,7,0
2140,1,1,-35.817,9.701,-3.34,0.91,-3.34,0.91,INF,-1,1,7,0
2160,1,1,-35.783,8.964,-3.34,0.84,-3.34,0.84,INF,-1,1,7,0
2180,1,1,-35.962,7.688,-3.36,0.72,-3.36,0.72,INF,-1,1,7,0
2200,1,1,-18.979,14.484,-1.77,1.35,-1.77,1.35,INF,-1,1,7,0
2220,1,1,-20.164,15.716,-1.88,1.47,-1.88,1.47,INF,-1,1,7,0
2240,1,1,-21.172,16.337,-1.98,1.53,-1.98,1.53,INF,-1,0,7,0
2260,1,1,-20.644,14.879,-1.93,1.39,-1.93,1.39,INF,-1,0,7,0
2280,1,1,-19.874,15.461,-1.86,1.44,-1.86,1.44,INF,-1,0,7,0
2300,1,1,-20.357,15.865,-1.90,1.48,-1.90,1.48,INF,-1,0,7,0
2320,1,1,-20.755,14.356,-1.94,1.34,-1.94,1.34,INF,-1,0,7,0
2340,1,1,-19.195,15.470,-1.79,1.44,-1.79,1.45,INF,-1,0,7,0
2360,1,1,-20.516,14.502,-1.92,1.35,-1.92,1.36,INF,-1,0,7,0
2380,1,1,-21.126,15.401,-1.97,1.44,-1.97,1.44,INF,-1,0,7,0
2400,1,1,-19.831,15.374,-1.85,1.44,-1.85,1.44,INF,-1,0,7,0
2420,1,1,-20.628,15.882,-1.93,1.48,-1.93,1.48,INF,-1,0,7,0
2440,1,1,-20.807,14.728,-1.94,1.38,-1.94,1.38,INF,-1,0,7,0
2460,1,1,-25.557,12.704,-2.39,1.19,-2.39,1.19,INF,-1,0,7,0
2480,1,1,-29.064,9.080,-2.71,0.85,-2.71,0.85,INF,-1,1,7,0
2500,1,1,-30.346,9.857,-2.83,0.92,-2.83,0.92,INF,-1,1,7,0
2520,1,1,-29.961,9.728,-2.80,0.91,-2.80,0.91,INF,-1,1,7,0
2540,1,1,-29.942,9.794,-2.80,0.91,-2.80,0.92,INF,-1,1,7,0
2560,1,1,-28.831,9.808,-2.69,0.92,-2.69,0.92,INF,-1,1,7,0
2580,1,1,-29.704,9.905,-2.77,0.92,-2.77,0.93,INF,-1,1,7,0
2600,1,1,-29.415,9.487,-2.75,0.89,-2.75,0.89,INF,-1,1,7,0
2620,1,1,-28.860,9.629,-2.70,0.90,-2.70,0.90,INF,-1,1,7,0
2640,1,1,-29.771,8.947,-2.78,0.84,-2.78,0.84,INF,-1,1,7,0
2660,1,1,-29.695,9.023,-2.77,0.84,-2.77,0.84,INF,-1,1,7,0
2680,1,1,-28.880,7.711,-2.70,0.72,-2.70,0.72,INF,-1,0,7,0
2700,1,1,-29.271,8.928,-2.73,0.83,-2.73,0.83,INF,-1,0,7,0
2720,1,1,-29.105,8.096,-2.72,0.76,-2.72,0.76,INF,-1,0,7,0
2740,1,1,-29.156,7.785,-2.72,0.73,-2.72,0.73,INF,-1,0,7,0
2760,1,1,-29.940,6.573,-2.80,0.61,-2.80,0.61,INF,-1,0,7,0
2780,1,1,-29.131,7.850,-2.72,0.73,-2.72,0.73,INF,-1,0,7,0
2800,1,1,-30.958,7.079,-2.89,0.66,-2.89,0.66,INF,-1,0,7,0
2820,1,1,-29.675,6.981,-2.77,0.65,-2.77,0.65,INF,-1,0,7,0
2840,1,1,-29.880,8.214,-2.79,0.77,-2.79,0.77,INF,-1,0,7,0
2860,1,1,-29.329,8.108,-2.74,0.76,-2.74,0.76,INF,-1,0,7,0
2880,1,1,-31.036,5.653,-2.90,0.53,-2.90,0.53,INF,-1,0,7,0
2900,1,1,-30.190,8.640,-2.82,0.81,-2.82,0.81,INF,-1,0,7,0
2920,1,1,-31.967,7.465,-2.99,0.70,-2.98,0.70,INF,-1,1,7,0
2940,1,1,-31.743,7.085,-2.96,0.66,-2.96,0.66,INF,-1,1,7,0
2960,1,1,-31.293,6.370,-2.92,0.59,-2.92,0.60,INF,-1,1,7,0
2980,1,1,-31.776,6.959,-2.97,0.65,-2.97,0.65,INF,-1,1,7,0
3000,1,1,-30.936,7.527,-2.89,0.70,-2.89,0.70,INF,-1,1,7,0
3020,1,1,-5.526,7.995,-0.52,0.75,-0.52,0.75,INF,-1,1,7,0
3040,1,1,2.140,13.244,0.20,1.24,0.20,1.24,INF,-1,1,7,0
3060,1,1,1.899,12.135,0.18,1.13,0.18,1.13,INF,-1,0,7,0
3080,1,1,0.233,12.351,0.02,1.15,0.02,1.15,INF,-1,0,7,0
3100,1,1,0.972,12.460,0.09,1.16,0.09,1.16,INF,-1,0,7,0
3120,1,1,1.632,12.267,0.15,1.15,0.15,1.15,INF,-1,0,7,0
3140,1,1,1.194,12.650,0.11,1.18,0.11,1.18,INF,-1,0,7,0
3160,1,1,0.285,11.745,0.03,1.10,0.03,1.10,INF,-1,0,7,0
3180,1,1,1.048,13.183,0.10,1.23,0.10,1.23,INF,-1,0,7,0
3200,1,1,2.894,11.891,0.27,1.11,0.27,1.11,INF,-1,0,7,0
3220,1,1,-0.505,11.553,-0.05,1.08,-0.05,1.08,INF,-1,0,7,0
3240,1,1,-0.345,11.713,-0.03,1.09,-0.03,1.09,INF,-1,0,7,0
3260,1,1,2.458,11.373,0.23,1.06,0.23,1.06,INF,-1,0,7,0
3280,1,1,0.979,12.435,0.09,1.16,0.09,1.16,INF,-1,0,7,0
3300,1,1,1.757,12.138,0.16,1.13,0.16,1.13,INF,-1,1,7,0
3320,1,1,0.575,11.360,0.05,1.06,0.05,1.06,INF,-1,1,7,0
3340,1,1,-0.004,11.296,0.00,1.06,0.00,1.06,INF,-1,1,7,0
3360,1,1,1.335,13.203,0.12,1.23,0.12,1.23,INF,-1,1,7,0
3380,1,1,2.218,11.815,0.21,1.10,0.21,1.10,INF,-1,1,7,0
3400,1,1,-0.042,12.476,0.00,1.17,0.00,1.17,INF,-1,1,7,0
3420,1,1,0.195,12.024,0.02,1.12,0.02,1.12,INF,-1,1,7,0
3440,1,1,-5.447,11.150,-0.51,1.04,-0.51,1.04,INF,-1,1,7,0
3460,1,1,-27.199,9.358,-2.54,0.87,-2.54,0.87,INF,-1,1,7,0
3480,1,1,-27.409,8.691,-2.56,0.81,-2.56,0.81,INF,-1,1,7,0
3500,1,1,-27.822,8.675,-2.60,0.81,-2.60,0.81,INF,-1,0,7,0
3520,1,1,-27.489,9.511,-2.57,0.89,-2.57,0.89,INF,-1,0,7,0
3540,1,1,-28.721,9.485,-2.68,0.89,-2.68,0.89,INF,-1,0,7,0
3560,1,1,-27.049,11.604,-2.53,1.08,-2.53,1.08,INF,-1,0,7,0
3580,1,1,-26.875,10.093,-2.51,0.94,-2.51,0.94,INF,-1,0,7,0
3600,1,1,-27.341,8.891,-2.55,0.83,-2.55,0.83,INF,-1,0,7,0
3620,1,1,-25.588,10.509,-2.39,0.98,-2.39,0.98,INF,-1,0,7,0
3640,1,1,-27.716,8.792,-2.59,0.82,-2.59,0.82,INF,-1,0,7,0
3660,1,1,-26.960,9.250,-2.52,0.86,-2.52,0.86,INF,-1,0,7,0
3680,1,1,-27.982,9.423,-2.61,0.88,-2.61,0.88,INF,-1,0,7,0
3700,1,1,-27.503,10.061,-2.57,0.94,-2.57,0.94,INF,-1,0,7,0
3720,1,1,-26.661,11.112,-2.49,1.04,-2.49,1.04,INF,-1,0,7,0
3740,1,1,-26.985,9.633,-2.52,0.90,-2.52,0.90,INF,-1,1,7,0
3760,1,1,-27.043,9.709,-2.53,0.91,-2.53,0.91,INF,-1,1,7,0
3780,1,1,-27.775,9.383,-2.59,0.88,-2.59,0.88,INF,-1,1,7,0
3800,1,1,-31.116,7.912,-2.91,0.74,-2.91,0.74,INF,-1,1,7,0
3820,1,1,-29.446,8.614,-2.75,0.80,-2.75,0.81,INF,-1,1,7,0
3840,1,1,-29.082,8.108,-2.72,0.76,-2.72,0.76,INF,-1,1,7,0
3860,1,1,-29.875,6.689,-2.79,0.62,-2.79,0.63,INF,-1,1,7,0
3880,1,1,-30.272,5.457,-2.83,0.51,-2.83,0.51,INF,-1,1,7,0
3900,1,1,-29.994,7.237,-2.80,0.68,-2.80,0.68,INF,-1,1,7,0
3920,1,1,-29.215,5.792,-2.73,0.54,-2.73,0.54,INF,-1,1,7,0
3940,1,1,-30.048,4.334,-2.81,0.40,-2.81,0.41,INF,-1,1,7,0
3960,1,1,-30.707,5.726,-2.87,0.53,-2.87,0.54,INF,-1,1,7,0
3980,1,1,-30.265,6.240,-2.83,0.58,-2.83,0.58,INF,-1,1,7,0
4000,1,1,-28.927,8.294,-2.70,0.77,-2.70,0.78,INF,-1,1,7,0
4020,1,1,-29.068,6.359,-2.71,0.59,-2.71,0.59,INF,-1,1,7,0
4040,1,1,-30.333,6.374,-2.83,0.60,-2.83,0.60,INF,-1,1,7,0
4060,1,1,-30.273,8.333,-2.83,0.78,-2.83,0.78,INF,-1,1,7,0
4080,1,1,-31.383,6.772,-2.93,0.63,-2.93,0.63,INF,-1,1,7,0
4100,1,1,-33.362,6.869,-3.12,0.64,-3.12,0.64,INF,-1,1,7,0
4120,1,1,-33.303,7.282,-3.11,0.68,-3.11,0.68,INF,-1,1,7,0
4140,1,1,-35.803,7.258,-3.34,0.68,-3.34,0.68,INF,-1,1,7,0
4160,1,1,-35.358,7.654,-3.30,0.71,-3.30,0.72,INF,-1,1,7,0
4180,1,1,-34.309,7.623,-3.20,0.71,-3.20,0.71,INF,-1,1,7,0
4200,1,1,-33.705,7.725,-3.15,0.72,-3.15,0.72,INF,-1,1,7,0
4220,1,1,-34.318,7.189,-3.20,0.67,-3.20,0.67,INF,-1,1,7,0
4240,1,1,-34.283,7.802,-3.20,0.73,-3.20,0.73,INF,-1,1,7,0
4260,1,1,-35.596,6.080,-3.32,0.57,-3.32,0.57,INF,-1,1,7,0
4280,1,1,-34.711,8.713,-3.24,0.81,-3.24,0.81,INF,-1,1,7,0
4300,1,1,-34.395,5.915,-3.21,0.55,-3.21,0.55,INF,-1,1,7,0
4320,1,1,-34.729,7.817,-3.24,0.73,-3.24,0.73,INF,-1,1,7,0
4340,1,1,-35.695,6.894,-3.33,0.64,-3.33,0.64,INF,-1,1,7,0
4360,1,1,-36.881,6.162,-3.44,0.57,-3.44,0.58,INF,-1,1,7,0
4380,1,1,-36.165,5.897,-3.38,0.55,-3.38,0.55,INF,-1,1,7,0
4400,1,1,-36.031,7.474,-3.36,0.70,-3.36,0.70,INF,-1,1,7,0
4420,1,1,-38.031,6.372,-3.55,0.59,-3.55,0.60,INF,-1,1,7,0
4440,1,1,-37.148,6.794,-3.47,0.63,-3.47,0.64,INF,-1,1,7,0
4460,1,1,-37.802,6.529,-3.53,0.61,-3.53,0.61,INF,-1,0,7,0
4480,1,1,-36.927,6.622,-3.45,0.62,-3.45,0.62,INF,-1,0,7,0
4500,1,1,-36.228,7.077,-3.38,0.66,-3.38,0.66,INF,-1,0,7,0
4520,1,1,-38.079,7.201,-3.55,0.67,-3.55,0.67,INF,-1,0,7,0
4540,1,1,-36.753,6.839,-3.43,0.64,-3.43,0.64,INF,-1,0,7,0
4560,1,1,-35.847,7.527,-3.35,0.70,-3.35,0.70,INF,-1,0,7,0
4580,1,1,-36.793,6.308,-3.43,0.59,-3.43,0.59,INF,-1,0,7,0
4600,1,1,-34.578,6.861,-3.23,0.64,-3.23,0.64,INF,-1,0,7,0
4620,1,1,-35.131,7.397,-3.28,0.69,-3.28,0.69,INF,-1,0,7,0
4640,1,1,-35.905,7.592,-3.35,0.71,-3.35,0.71,INF,-1,0,7,0
4660,1,1,-36.280,5.709,-3.39,0.53,-3.39,0.53,INF,-1,0,7,0
4680,1,1,-35.694,7.225,-3.33,0.67,-3.33,0.68,INF,-1,0,7,0
4700,1,1,-29.434,10.727,-2.75,1.00,-2.75,1.00,INF,-1,1,7,0
4720,1,1,-18.229,21.062,-1.70,1.97,-1.70,1.97,INF,-1,1,7,0
4740,1,1,-19.002,20.566,-1.78,1.92,-1.77,1.92,INF,-1,1,7,0
4760,1,1,-19.517,19.809,-1.82,1.85,-1.82,1.85,INF,-1,0,7,0
4780,1,1,-19.127,20.307,-1.79,1.90,-1.79,1.90,INF,-1,0,7,0
4800,1,1,-18.261,19.078,-1.71,1.78,-1.71,1.78,INF,-1,0,7,0
4820,1,1,-18.479,20.936,-1.73,1.96,-1.73,1.96,INF,-1,0,7,0
4840,1,1,-18.306,18.378,-1.71,1.72,-1.71,1.72,INF,-1,0,7,0
4860,1,1,-17.635,20.109,-1.65,1.88,-1.65,1.88,INF,-1,0,7,0
4880,1,1,-18.120,20.054,-1.69,1.87,-1.69,1.87,INF,-1,0,7,0
4900,1,1,-18.617,20.825,-1.74,1.94,-1.74,1.95,INF,-1,0,7,0
4920,1,1,-18.247,19.138,-1.70,1.79,-1.70,1.79,INF,-1,0,7,0
4940,1,1,-18.942,19.830,-1.77,1.85,-1.77,1.85,INF,-1,0,7,0
4960,1,1,-18.508,19.013,-1.73,1.78,-1.73,1.78,INF,-1,0,7,0
4980,1,1,-17.514,22.234,-1.64,2.08,-1.64,2.08,INF,-1,0,7,0
5000,1,1,-17.421,18.215,-1.63,1.70,-1.63,1.70,INF,-1,1,7,0
5020,1,1,-17.605,19.886,-1.65,1.86,-1.64,1.86,INF,-1,1,7,0
5040,1,1,-17.814,19.555,-1.66,1.83,-1.66,1.83,INF,-1,1,7,0
5060,1,1,-13.160,20.422,-1.23,1.91,-1.23,1.91,INF,-1,1,7,0
5080,1,1,-11.470,21.000,-1.07,1.96,-1.07,1.96,INF,-1,1,7,0
5100,1,1,-10.397,22.198,-0.97,2.07,-0.97,2.07,INF,-1,1,7,0
5120,1,1,-10.315,20.248,-0.96,1.89,-0.96,1.89,INF,-1,1,7,0
5140,1,1,-11.665,20.101,-1.09,1.88,-1.09,1.88,INF,-1,1,7,0
5160,1,1,-10.917,20.721,-1.02,1.94,-1.02,1.94,INF,-1,1,7,0
5180,1,1,-12.771,18.149,-1.19,1.70,-1.19,1.70,INF,-1,1,7,0
5200,1,1,-11.158,19.981,-1.04,1.87,-1.04,1.87,INF,-1,1,7,0
5220,1,1,-11.149,19.841,-1.04,1.85,-1.04,1.85,INF,-1,1,7,0
5240,1,1,-12.605,19.320,-1.18,1.80,-1.18,1.81,INF,-1,1,7,0
5260,1,1,-11.610,20.968,-1.09,1.96,-1.08,1.96,INF,-1,1,7,0
5280,1,1,-12.917,19.491,-1.21,1.82,-1.21,1.82,INF,-1,1,7,0
5300,1,1,-11.570,20.016,-1.08,1.87,-1.08,1.87,INF,-1,1,7,0
5320,1,1,-12.953,21.341,-1.21,1.99,-1.21,1.99,INF,-1,1,7,0
5340,1,1,-13.907,21.597,-1.30,2.02,-1.30,2.02,INF,-1,1,7,0
5360,1,1,-13.783,20.488,-1.29,1.91,-1.29,1.91,INF,-1,1,7,0
5380,1,1,-12.047,21.477,-1.13,2.01,-1.13,2.01,INF,-1,1,7,0
5400,1,1,-12.695,20.671,-1.19,1.93,-1.19,1.93,INF,-1,1,7,0
5420,1,1,-12.740,21.049,-1.19,1.97,-1.19,1.97,INF,-1,1,7,0
5440,1,1,-12.012,20.946,-1.12,1.96,-1.12,1.96,INF,-1,1,7,0
5460,1,1,-12.230,21.213,-1.14,1.98,-1.14,1.98,INF,-1,1,7,0
5480,1,1,-11.971,21.744,-1.12,2.03,-1.12,2.03,INF,-1,1,7,0
5500,1,1,-12.400,21.903,-1.16,2.05,-1.16,2.05,INF,-1,1,7,0
5520,1,1,-12.110,21.288,-1.13,1.99,-1.13,1.99,INF,-1,1,7,0
5540,1,1,-13.046,19.919,-1.22,1.86,-1.22,1.86,INF,-1,1,7,0
5560,1,1,-11.440,19.338,-1.07,1.81,-1.07,1.81,INF,-1,1,7,0
5580,1,1,-12.113,19.273,-1.13,1.80,-1.13,1.80,INF,-1,1,7,0
5600,1,1,-11.902,19.830,-1.11,1.85,-1.11,1.85,INF,-1,1,7,0
5620,1,1,-12.412,21.090,-1.16,1.97,-1.16,1.97,INF,-1,1,7,0
5640,1,1,-12.218,21.329,-1.14,1.99,-1.14,1.99,INF,-1,1,7,0
5660,1,1,-10.563,29.629,-0.99,2.77,-0.99,2.77,INF,-1,1,7,0
5680,1,1,-9.985,27.291,-0.93,2.55,-0.93,2.55,INF,-1,1,7,0
5700,1,1,-12.007,28.290,-1.12,2.64,-1.12,2.64,INF,-1,0,7,0
5720,1,1,-9.661,26.535,-0.90,2.48,-0.90,2.48,INF,-1,0,7,0
5740,1,1,-10.992,26.627,-1.03,2.49,-1.03,2.49,INF,-1,0,7,0
5760,1,1,-11.091,28.870,-1.04,2.70,-1.04,2.70,INF,-1,0,7,0
5780,1,1,-12.450,28.394,-1.16,2.65,-1.16,2.65,INF,-1,0,7,0
5800,1,1,-11.540,28.992,-1.08,2.71,-1.08,2.71,INF,-1,0,7,0
5820,1,1,-11.286,28.325,-1.05,2.65,-1.05,2.65,INF,-1,0,7,0
5840,1,1,-11.274,27.744,-1.05,2.59,-1.05,2.59,INF,-1,0,7,0
5860,1,1,-10.812,27.771,-1.01,2.59,-1.01,2.59,INF,-1,0,7,0
5880,1,1,-11.969,27.218,-1.12,2.54,-1.12,2.54,INF,-1,0,7,0
5900,1,1,-11.357,29.082,-1.06,2.72,-1.06,2.72,INF,-1,0,7,0
5920,1,1,-9.128,28.608,-0.85,2.67,-0.85,2.67,INF,-1,0,7,0
5940,1,1,-11.461,27.454,-1.07,2.56,-1.07,2.56,INF,-1,1,7,0
5960,1,1,-8.883,28.780,-0.83,2.69,-0.83,2.69,INF,-1,1,7,0
5980,1,1,-10.156,29.630,-0.95,2.77,-0.95,2.77,INF,-1,1,7,0
6000,1,1,-10.768,28.413,-1.01,2.65,-1.01,2.65,INF,-1,1,7,0
6020,1,1,-8.154,29.549,-0.76,2.76,-0.76,2.76,INF,-1,1,7,0
6040,1,1,-10.014,28.523,-0.94,2.66,-0.93,2.66,INF,-1,1,7,0
6060,1,1,-9.890,28.101,-0.92,2.62,-0.92,2.62,INF,-1,1,7,0
6080,1,1,-9.557,27.884,-0.89,2.60,-0.89,2.60,INF,-1,1,7,0
6100,1,1,-9.793,26.525,-0.92,2.48,-0.91,2.48,INF,-1,1,7,0
6120,1,1,-9.033,29.026,-0.84,2.71,-0.84,2.71,INF,-1,1,7,0
6140,1,1,-12.525,25.735,-1.17,2.40,-1.17,2.40,INF,-1,1,7,0
6160,1,1,-12.414,27.236,-1.16,2.54,-1.16,2.54,INF,-1,1,7,0
6180,1,1,-11.060,26.753,-1.03,2.50,-1.03,2.50,INF,-1,1,7,0
6200,1,1,-9.839,27.327,-0.92,2.55,-0.92,2.55,INF,-1,1,7,0
6220,1,1,-9.828,25.620,-0.92,2.39,-0.92,2.39,INF,-1,1,7,0
6240,1,1,-10.846,26.525,-1.01,2.48,-1.01,2.48,INF,-1,1,7,0
6260,1,1,-10.467,27.944,-0.98,2.61,-0.98,2.61,INF,-1,1,7,0
6280,1,1,-11.407,26.479,-1.07,2.47,-1.07,2.47,INF,-1,1,7,0
6300,1,1,-10.960,25.827,-1.02,2.41,-1.02,2.41,INF,-1,1,7,0
6320,1,1,-11.723,26.544,-1.10,2.48,-1.09,2.48,INF,-1,1,7,0
6340,1,1,-12.797,25.613,-1.20,2.39,-1.19,2.39,INF,-1,1,7,0
6360,1,1,-9.639,27.124,-0.90,2.53,-0.90,2.53,INF,-1,1,7,0
6380,1,1,-11.217,28.088,-1.05,2.62,-1.05,2.62,INF,-1,1,7,0
6400,1,1,-12.595,25.943,-1.18,2.42,-1.18,2.42,INF,-1,1,7,0
6420,1,1,-10.977,27.603,-1.03,2.58,-1.02,2.58,INF,-1,1,7,0
6440,1,1,-10.147,26.374,-0.95,2.46,-0.95,2.46,INF,-1,1,7,0
6460,1,1,-10.358,27.115,-0.97,2.53,-0.97,2.53,INF,-1,1,7,0
6480,1,1,-10.697,28.515,-1.00,2.66,-1.00,2.66,INF,-1,1,7,0
6500,1,1,-9.905,27.246,-0.93,2.54,-0.92,2.54,INF,-1,1,7,0
6520,1,1,-10.605,27.501,-0.99,2.57,-0.99,2.57,INF,-1,1,7,0
6540,1,1,-10.215,27.066,-0.95,2.53,-0.95,2.53,INF,-1,1,7,0
6560,1,1,-10.611,28.228,-0.99,2.64,-0.99,2.64,INF,-1,1,7,0
6580,1,1,-10.690,26.426,-1.00,2.47,-1.00,2.47,INF,-1,1,7,0
6600,1,1,-11.689,26.551,-1.09,2.48,-1.09,2.48,INF,-1,1,7,0
6620,1,1,-10.776,26.742,-1.01,2.50,-1.01,2.50,INF,-1,1,7,0
6640,1,1,-12.104,25.621,-1.13,2.39,-1.13,2.39,INF,-1,1,7,0
6660,1,1,-9.928,27.020,-0.93,2.52,-0.93,2.52,INF,-1,1,7,0
6680,1,1,-10.871,27.427,-1.02,2.56,-1.01,2.56,INF,-1,1,7,0
6700,1,1,-11.192,27.776,-1.05,2.59,-1.04,2.59,INF,-1,1,7,0
6720,1,1,-11.492,26.632,-1.07,2.49,-1.07,2.49,INF,-1,1,7,0
6740,1,1,-9.995,27.797,-0.93,2.60,-0.93,2.60,INF,-1,1,7,0
6760,1,1,-11.433,26.697,-1.07,2.49,-1.07,2.49,INF,-1,1,7,0
6780,1,1,-11.285,27.069,-1.05,2.53,-1.05,2.53,INF,-1,1,7,0
6800,1,1,-11.993,27.332,-1.12,2.55,-1.12,2.55,INF,-1,1,7,0
6820,1,1,-12.926,27.003,-1.21,2.52,-1.21,2.52,INF,-1,1,7,0
6840,1,1,-12.109,26.599,-1.13,2.48,-1.13,2.48,INF,-1,1,7,0
6860,1,1,-11.274,28.640,-1.05,2.67,-1.05,2.67,INF,-1,1,7,0
6880,1,1,-10.001,28.095,-0.93,2.62,-0.93,2.62,INF,-1,1,7,0
6900,1,1,-8.971,27.876,-0.84,2.60,-0.84,2.60,INF,-1,1,7,0
6920,1,1,-10.616,27.305,-0.99,2.55,-0.99,2.55,INF,-1,1,7,0
6940,1,1,-10.146,25.132,-0.95,2.35,-0.95,2.35,INF,-1,1,7,0
6960,1,1,-11.208,27.575,-1.05,2.58,-1.05,2.58,INF,-1,1,7,0
6980,1,1,-9.697,26.761,-0.91,2.50,-0.91,2.50,INF,-1,1,7,0
7000,1,1,-9.941,25.820,-0.93,2.41,-0.93,2.41,INF,-1,1,7,0
7020,1,1,-9.176,28.316,-0.86,2.64,-0.86,2.64,INF,-1,1,7,0
7040,1,1,-9.210,25.990,-0.86,2.43,-0.86,2.43,INF,-1,1,7,0
7060,1,1,0.642,13.551,0.06,1.27,0.06,1.27,INF,-1,1,7,0
7080,1,1,26.514,-11.208,2.48,-1.05,2.48,-1.05,INF,-1,1,7,0
7100,1,1,24.365,-11.493,2.28,-1.07,2.28,-1.07,INF,-1,0,7,0
7120,1,1,26.771,-8.919,2.50,-0.83,2.50,-0.83,INF,-1,0,7,0
7140,1,1,23.396,-12.257,2.19,-1.14,2.19,-1.15,INF,-1,0,7,0
7160,1,1,25.034,-11.610,2.34,-1.08,2.34,-1.08,INF,-1,0,7,0
7180,1,1,25.533,-11.958,2.39,-1.12,2.38,-1.12,INF,-1,0,7,0
7200,1,1,24.903,-12.742,2.33,-1.19,2.33,-1.19,INF,-1,0,7,0
7220,1,1,25.076,-10.566,2.34,-0.99,2.34,-0.99,INF,-1,0,7,0
7240,1,1,25.855,-10.327,2.42,-0.96,2.41,-0.97,INF,-1,0,7,0
7260,1,1,25.371,-8.047,2.37,-0.75,2.37,-0.75,INF,-1,0,7,0
7280,1,1,25.634,-10.274,2.39,-0.96,2.39,-0.96,INF,-1,0,7,0
7300,1,1,25.178,-10.053,2.35,-0.94,2.35,-0.94,INF,-1,0,7,0
7320,1,1,25.575,-9.080,2.39,-0.85,2.39,-0.85,INF,-1,0,7,0
7340,1,1,27.153,-10.139,2.54,-0.95,2.54,-0.95,INF,-1,0,7,0
7360,1,1,24.889,-8.813,2.32,-0.82,2.32,-0.82,INF,-1,1,7,0
7380,1,1,27.583,-10.777,2.58,-1.01,2.58,-1.01,INF,-1,1,7,0
7400,1,1,26.908,-9.096,2.51,-0.85,2.51,-0.85,INF,-1,1,7,0
7420,1,1,30.190,-10.995,2.82,-1.03,2.82,-1.03,INF,-1,1,7,0
7440,1,1,38.224,-6.038,3.57,-0.56,3.57,-0.56,INF,-1,1,7,0
7460,1,1,36.178,-9.255,3.38,-0.86,3.38,-0.87,INF,-1,1,7,0
7480,1,1,36.548,-8.567,3.41,-0.80,3.41,-0.80,INF,-1,0,7,0
7500,1,1,36.810,-9.892,3.44,-0.92,3.44,-0.92,INF,-1,0,7,0
7520,1,1,35.788,-9.804,3.34,-0.91,3.34,-0.92,INF,-1,0,7,0
7540,1,1,34.906,-9.023,3.26,-0.84,3.26,-0.84,INF,-1,0,7,0
7560,1,1,36.404,-9.077,3.40,-0.85,3.40,-0.85,INF,-1,0,7,0
7580,1,1,36.198,-10.096,3.38,-0.94,3.38,-0.94,INF,-1,0,7,0
7600,1,1,36.620,-8.044,3.42,-0.75,3.42,-0.75,INF,-1,0,7,0
7620,1,1,35.700,-10.941,3.33,-1.02,3.33,-1.02,INF,-1,0,7,0
7640,1,1,33.023,-8.962,3.08,-0.84,3.08,-0.84,INF,-1,0,7,0
7660,1,1,34.213,-9.213,3.19,-0.86,3.19,-0.86,INF,-1,0,7,0
7680,1,1,34.026,-9.385,3.18,-0.88,3.18,-0.88,INF,-1,0,7,0
7700,1,1,36.634,-8.947,3.42,-0.83,3.42,-0.84,INF,-1,0,7,0
7720,1,1,34.381,-9.425,3.21,-0.88,3.21,-0.88,INF,-1,1,7,0
7740,1,1,34.560,-9.676,3.23,-0.90,3.23,-0.90,INF,-1,1,7,0
7760,1,1,38.613,-8.376,3.60,-0.78,3.60,-0.78,INF,-1,1,7,0
7780,1,1,41.280,-5.681,3.85,-0.53,3.85,-0.53,INF,-1,1,7,0
7800,1,1,40.124,-5.803,3.74,-0.54,3.74,-0.54,INF,-1,1,7,0
7820,1,1,41.503,-4.549,3.87,-0.42,3.87,-0.43,INF,-1,1,7,0
7840,1,1,39.629,-5.711,3.70,-0.53,3.70,-0.53,INF,-1,1,7,0
7860,1,1,39.821,-4.941,3.72,-0.46,3.72,-0.46,INF,-1,1,7,0
7880,1,1,40.418,-5.033,3.77,-0.47,3.77,-0.47,INF,-1,1,7,0
7900,1,1,39.395,-5.480,3.68,-0.51,3.68,-0.51,INF,-1,1,7,0
7920,1,1,40.716,-6.715,3.80,-0.63,3.80,-0.63,INF,-1,1,7,0
7940,1,1,35.701,-7.979,3.33,-0.74,3.33,-0.75,INF,-1,1,7,0
7960,1,1,-9.075,-27.059,-0.85,-2.53,-0.85,-2.53,INF,-1,1,7,0
7980,1,1,-2.806,-22.762,-0.26,-2.13,-0.26,-2.13,INF,-1,1,7,0
8000,1,1,-3.717,-22.583,-0.35,-2.11,-0.35,-2.11,INF,-1,0,7,0
8020,1,1,-1.822,-20.941,-0.17,-1.96,-0.17,-1.96,INF,-1,0,7,0
8040,1,1,-2.867,-21.050,-0.27,-1.97,-0.27,-1.97,INF,-1,0,7,0
8060,1,1,-2.758,-21.777,-0.26,-2.03,-0.26,-2.03,INF,-1,0,7,0
8080,1,1,-3.095,-22.790,-0.29,-2.13,-0.29,-2.13,INF,-1,0,7,0
8100,1,1,-2.380,-23.066,-0.22,-2.15,-0.22,-2.15,INF,-1,0,7,0
8120,1,1,-1.491,-22.408,-0.14,-2.09,-0.14,-2.09,INF,-1,0,7,0
8140,1,1,-1.750,-22.998,-0.16,-2.15,-0.16,-2.15,INF,-1,0,7,0
8160,1,1,-2.154,-22.595,-0.20,-2.11,-0.20,-2.11,INF,-1,0,7,0
8180,1,1,-2.167,-23.138,-0.20,-2.16,-0.20,-2.16,INF,-1,0,7,0
8200,1,1,-1.640,-22.224,-0.15,-2.08,-0.15,-2.08,INF,-1,0,7,0
8220,1,1,-1.876,-22.558,-0.18,-2.11,-0.18,-2.11,INF,-1,0,7,0
8240,1,1,-3.627,-22.951,-0.34,-2.14,-0.34,-2.14,INF,-1,1,7,0
8260,1,1,-2.255,-22.704,-0.21,-2.12,-0.21,-2.12,INF,-1,1,7,0
8280,1,1,-3.044,-22.807,-0.28,-2.13,-0.28,-2.13,INF,-1,1,7,0
8300,1,1,-1.120,-23.217,-0.10,-2.17,-0.10,-2.17,INF,-1,1,7,0
8320,1,1,6.123,-30.568,0.57,-2.85,0.57,-2.85,INF,-1,1,7,0
8340,1,1,4.571,-32.336,0.43,-3.02,0.43,-3.02,INF,-1,1,7,0
8360,1,1,6.861,-33.208,0.64,-3.10,0.64,-3.10,INF,-1,0,7,0
8380,1,1,5.295,-34.755,0.49,-3.24,0.49,-3.24,INF,-1,0,7,0
8400,1,1,4.768,-32.749,0.45,-3.06,0.45,-3.06,INF,-1,0,7,0
8420,1,1,6.781,-30.101,0.63,-2.81,0.63,-2.81,INF,-1,0,7,0
8440,1,1,6.564,-30.209,0.61,-2.82,0.61,-2.82,INF,-1,0,7,0
8460,1,1,7.640,-30.774,0.71,-2.87,0.71,-2.87,INF,-1,0,7,0
8480,1,1,7.439,-31.744,0.70,-2.96,0.69,-2.96,INF,-1,0,7,0
8500,1,1,7.091,-31.458,0.66,-2.94,0.66,-2.94,INF,-1,0,7,0
8520,1,1,6.343,-32.001,0.59,-2.99,0.59,-2.99,INF,-1,0,7,0
8540,1,1,6.141,-32.037,0.57,-2.99,0.57,-2.99,INF,-1,0,7,0
8560,1,1,6.754,-31.204,0.63,-2.91,0.63,-2.91,INF,-1,0,7,0
8580,1,1,7.706,-33.110,0.72,-3.09,0.72,-3.09,INF,-1,0,7,0
8600,1,1,7.710,-32.455,0.72,-3.03,0.72,-3.03,INF,-1,1,7,0
8620,1,1,12.563,-32.836,1.17,-3.07,1.17,-3.07,INF,-1,1,7,0
8640,1,1,15.979,-30.076,1.49,-2.81,1.49,-2.81,INF,-1,1,7,0
8660,1,1,18.215,-31.910,1.70,-2.98,1.70,-2.98,INF,-1,1,7,0
8680,1,1,18.027,-29.940,1.68,-2.80,1.68,-2.80,INF,-1,1,7,0
8700,1,1,17.309,-28.692,1.62,-2.68,1.62,-2.68,INF,-1,0,7,0
8720,1,1,18.091,-29.752,1.69,-2.78,1.69,-2.78,INF,-1,0,7,0
8740,1,1,17.686,-29.779,1.65,-2.78,1.65,-2.78,INF,-1,0,7,0
8760,1,1,17.239,-28.430,1.61,-2.65,1.61,-2.66,INF,-1,0,7,0
8780,1,1,19.166,-29.120,1.79,-2.72,1.79,-2.72,INF,-1,0,7,0
8800,1,1,17.508,-28.789,1.64,-2.69,1.63,-2.69,INF,-1,0,7,0
8820,1,1,22.210,-23.258,2.07,-2.17,2.07,-2.17,INF,-1,0,7,0
8840,1,1,23.318,-23.120,2.18,-2.16,2.18,-2.16,INF,-1,0,7,0
8860,1,1,22.254,-21.391,2.08,-2.00,2.08,-2.00,INF,-1,0,7,0
8880,1,1,23.596,-22.493,2.20,-2.10,2.20,-2.10,INF,-1,0,7,0
8900,1,1,22.118,-22.956,2.07,-2.14,2.06,-2.14,INF,-1,0,7,0
8920,1,1,22.840,-21.774,2.13,-2.03,2.13,-2.03,INF,-1,0,7,0
8940,1,1,24.674,-20.285,2.31,-1.89,2.30,-1.90,INF,-1,1,7,0
8960,1,1,22.181,-21.726,2.07,-2.03,2.07,-2.03,INF,-1,1,7,0
8980,1,1,22.172,-23.607,2.07,-2.20,2.07,-2.21,INF,-1,1,7,0
9000,1,1,22.351,-21.766,2.09,-2.03,2.09,-2.03,INF,-1,1,7,0
9020,1,1,22.244,-22.632,2.08,-2.11,2.08,-2.11,INF,-1,1,7,0
9040,1,1,21.512,-18.660,2.01,-1.74,2.01,-1.74,INF,-1,1,7,0
9060,1,1,20.189,-20.350,1.89,-1.90,1.89,-1.90,INF,-1,1,7,0
9080,1,1,22.151,-20.790,2.07,-1.94,2.07,-1.94,INF,-1,1,7,0
9100,1,1,20.503,-20.593,1.92,-1.92,1.91,-1.92,INF,-1,1,7,0
9120,1,1,20.509,-21.632,1.92,-2.02,1.92,-2.02,INF,-1,1,7,0
9140,1,1,19.273,-20.559,1.80,-1.92,1.80,-1.92,INF,-1,1,7,0
9160,1,1,21.055,-19.905,1.97,-1.86,1.97,-1.86,INF,-1,1,7,0
9180,1,1,19.426,-23.399,1.82,-2.18,1.81,-2.19,INF,-1,1,7,0
9200,1,1,21.418,-19.781,2.00,-1.85,2.00,-1.85,INF,-1,1,7,0
9220,1,1,18.464,-22.229,1.73,-2.08,1.72,-2.08,INF,-1,1,7,0
9240,1,1,19.580,-21.423,1.83,-2.00,1.83,-2.00,INF,-1,1,7,0
9260,1,1,20.212,-22.603,1.89,-2.11,1.89,-2.11,INF,-1,1,7,0
9280,1,1,20.038,-21.027,1.87,-1.96,1.87,-1.96,INF,-1,1,7,0
9300,1,1,20.891,-20.954,1.95,-1.96,1.95,-1.96,INF,-1,1,7,0
9320,1,1,20.848,-21.403,1.95,-2.00,1.95,-2.00,INF,-1,1,7,0
9340,1,1,19.226,-21.956,1.80,-2.05,1.80,-2.05,INF,-1,1,7,0
9360,1,1,-23.460,1.884,-2.19,0.18,-2.19,0.18,INF,-1,1,7,0
9380,1,1,-19.111,10.439,-1.79,0.98,-1.79,0.98,INF,-1,1,7,0
9400,1,1,-22.166,11.913,-2.07,1.11,-2.07,1.11,INF,-1,0,7,0
9420,1,1,-22.083,11.239,-2.06,1.05,-2.06,1.05,INF,-1,0,7,0
9440,1,1,-23.116,10.291,-2.16,0.96,-2.16,0.96,INF,-1,0,7,0
9460,1,1,-23.005,10.251,-2.15,0.96,-2.15,0.96,INF,-1,0,7,0
9480,1,1,-22.635,11.730,-2.11,1.10,-2.11,1.10,INF,-1,0,7,0
9500,1,1,-22.136,10.706,-2.07,1.00,-2.07,1.00,INF,-1,0,7,0
9520,1,1,-22.264,9.894,-2.08,0.92,-2.08,0.92,INF,-1,0,7,0
9540,1,1,-23.009,9.184,-2.15,0.86,-2.15,0.86,INF,-1,0,7,0
9560,1,1,-23.198,9.832,-2.17,0.92,-2.17,0.92,INF,-1,0,7,0
9580,1,1,-22.234,9.362,-2.08,0.87,-2.08,0.87,INF,-1,0,7,0
9600,1,1,-22.405,10.398,-2.09,0.97,-2.09,0.97,INF,-1,0,7,0
9620,1,1,-23.202,10.665,-2.17,1.00,-2.17,1.00,INF,-1,0,7,0
9640,1,1,-23.730,9.307,-2.22,0.87,-2.22,0.87,INF,-1,1,7,0
9660,1,1,-22.057,10.308,-2.06,0.96,-2.06,0.96,INF,-1,1,7,0
9680,1,1,-23.298,9.623,-2.18,0.90,-2.18,0.90,INF,-1,1,7,0
9700,1,1,-23.422,7.986,-2.19,0.75,-2.19,0.75,INF,-1,1,7,0
9720,1,1,-22.406,9.417,-2.09,0.88,-2.09,0.88,INF,-1,1,7,0
9740,1,1,-22.926,8.714,-2.14,0.81,-2.14,0.81,INF,-1,1,7,0
9760,1,1,-23.094,8.680,-2.16,0.81,-2.16,0.81,INF,-1,1,7,0
9780,1,1,-24.258,8.194,-2.27,0.77,-2.27,0.77,INF,-1,1,7,0
9800,1,1,-23.743,8.229,-2.22,0.77,-2.22,0.77,INF,-1,1,7,0
9820,1,1,-25.079,7.320,-2.34,0.68,-2.34,0.68,INF,-1,1,7,0
9840,1,1,-23.148,10.412,-2.16,0.97,-2.16,0.97,INF,-1,1,7,0
9860,1,1,-14.800,17.456,-1.38,1.63,-1.38,1.63,INF,-1,1,7,0
9880,1,1,-8.559,27.103,-0.80,2.53,-0.80,2.53,INF,-1,1,7,0
9900,1,1,-9.119,26.222,-0.85,2.45,-0.85,2.45,INF,-1,0,7,0
9920,1,1,-9.796,25.277,-0.92,2.36,-0.91,2.36,INF,-1,0,7,0
9940,1,1,-7.758,26.632,-0.73,2.49,-0.72,2.49,INF,-1,0,7,0
9960,1,1,-10.216,26.595,-0.95,2.48,-0.95,2.48,INF,-1,0,7,0
9980,1,1,-10.095,26.509,-0.94,2.48,-0.94,2.48,INF,-1,0,7,0
10000,1,1,-9.219,27.043,-0.86,2.53,-0.86,2.53,INF,-1,0,7,0
10020,1,1,-8.834,26.852,-0.83,2.51,-0.82,2.51,INF,-1,0,7,0
10040,1,1,-11.227,25.651,-1.05,2.40,-1.05,2.40,INF,-1,0,7,0
10060,1,1,-10.865,25.786,-1.02,2.41,-1.01,2.41,INF,-1,0,7,0
10080,1,1,-10.540,26.325,-0.99,2.46,-0.98,2.46,INF,-1,0,7,0
10100,1,1,-11.402,25.758,-1.07,2.41,-1.06,2.41,INF,-1,0,7,0
10120,1,1,-10.905,24.531,-1.02,2.29,-1.02,2.29,INF,-1,0,7,0
10140,1,1,-9.724,24.844,-0.91,2.32,-0.91,2.32,INF,-1,1,7,0
10160,1,1,-10.192,25.225,-0.95,2.36,-0.95,2.36,INF,-1,1,7,0
10180,1,1,-10.031,25.595,-0.94,2.39,-0.94,2.39,INF,-1,1,7,0
10200,1,1,-10.346,24.855,-0.97,2.32,-0.97,2.32,INF,-1,1,7,0
10220,1,1,-9.262,28.568,-0.87,2.67,-0.86,2.67,INF,-1,1,7,0
10240,1,1,-10.120,25.422,-0.95,2.37,-0.95,2.37,INF,-1,1,7,0
10260,1,1,-10.261,25.587,-0.96,2.39,-0.96,2.39,INF,-1,1,7,0
10280,1,1,-11.467,23.564,-1.07,2.20,-1.07,2.20,INF,-1,1,7,0
10300,1,1,-10.243,24.604,-0.96,2.30,-0.96,2.30,INF,-1,1,7,0
10320,1,1,-9.919,23.845,-0.93,2.23,-0.93,2.23,INF,-1,1,7,0
10340,1,1,-9.462,25.406,-0.88,2.37,-0.88,2.37,INF,-1,1,7,0
10360,1,1,-8.978,25.032,-0.84,2.34,-0.84,2.34,INF,-1,1,7,0
10380,1,1,-9.239,25.980,-0.86,2.43,-0.86,2.43,INF,-1,1,7,0
10400,1,1,-9.444,24.836,-0.88,2.32,-0.88,2.32,INF,-1,1,7,0
10420,1,1,-9.380,24.628,-0.88,2.30,-0.88,2.30,INF,-1,1,7,0
10440,1,1,-9.328,23.682,-0.87,2.21,-0.87,2.21,INF,-1,1,7,0
10460,1,1,-8.054,25.333,-0.75,2.37,-0.75,2.37,INF,-1,1,7,0
10480,1,1,-30.547,10.271,-2.85,0.96,-2.85,0.96,INF,-1,1,7,0
10500,1,1,-26.619,10.014,-2.49,0.93,-2.49,0.94,INF,-1,1,7,0
10520,1,1,-27.493,9.173,-2.57,0.86,-2.57,0.86,INF,-1,0,7,0
10540,1,1,-26.814,9.328,-2.50,0.87,-2.50,0.87,INF,-1,0,7,0
10560,1,1,-25.797,9.164,-2.41,0.86,-2.41,0.86,INF,-1,0,7,0
10580,1,1,-26.349,9.037,-2.46,0.84,-2.46,0.84,INF,-1,0,7,0
10600,1,1,-27.373,8.790,-2.56,0.82,-2.56,0.82,INF,-1,0,7,0
10620,1,1,-27.605,10.178,-2.58,0.95,-2.58,0.95,INF,-1,0,7,0
10640,1,1,-25.644,11.105,-2.40,1.04,-2.40,1.04,INF,-1,0,7,0
10660,1,1,-26.730,9.889,-2.50,0.92,-2.50,0.92,INF,-1,0,7,0
10680,1,1,-26.350,10.696,-2.46,1.00,-2.46,1.00,INF,-1,0,7,0
10700,1,1,-27.334,10.303,-2.55,0.96,-2.55,0.96,INF,-1,0,7,0
10720,1,1,-26.506,9.108,-2.48,0.85,-2.48,0.85,INF,-1,0,7,0
10740,1,1,-25.665,10.586,-2.40,0.99,-2.40,0.99,INF,-1,0,7,0
10760,1,1,-28.630,7.604,-2.67,0.71,-2.67,0.71,INF,-1,1,7,0
10780,1,1,-25.140,10.977,-2.35,1.03,-2.35,1.03,INF,-1,1,7,0
10800,1,1,-32.612,7.251,-3.05,0.68,-3.05,0.68,INF,-1,1,7,0
10820,1,1,-32.658,4.279,-3.05,0.40,-3.05,0.40,INF,-1,1,7,0
10840,1,1,-31.793,6.219,-2.97,0.58,-2.97,0.58,INF,-1,1,7,0
10860,1,1,-32.978,4.057,-3.08,0.38,-3.08,0.38,INF,-1,1,7,0
10880,1,1,-32.240,7.067,-3.01,0.66,-3.01,0.66,INF,-1,1,7,0
10900,1,1,-31.684,4.681,-2.96,0.44,-2.96,0.44,INF,-1,1,7,0
10920,1,1,-31.116,6.570,-2.91,0.61,-2.91,0.61,INF,-1,1,7,0
10940,1,1,-32.566,6.705,-3.04,0.63,-3.04,0.63,INF,-1,1,7,0
10960,1,1,-33.479,6.140,-3.13,0.57,-3.13,0.57,INF,-1,1,7,0
10980,1,1,-31.860,5.647,-2.98,0.53,-2.98,0.53,INF,-1,1,7,0
11000,1,1,-32.130,6.770,-3.00,0.63,-3.00,0.63,INF,-1,1,7,0
11020,1,1,-30.811,8.304,-2.88,0.78,-2.88,0.78,INF,-1,1,7,0
11040,1,1,-32.097,6.007,-3.00,0.56,-3.00,0.56,INF,-1,1,7,0
11060,1,1,-32.163,6.501,-3.00,0.61,-3.00,0.61,INF,-1,1,7,0
11080,1,1,-30.333,6.558,-2.83,0.61,-2.83,0.61,INF,-1,1,7,0
11100,1,1,-31.799,7.094,-2.97,0.66,-2.97,0.66,INF,-1,1,7,0
11120,1,1,-30.303,7.402,-2.83,0.69,-2.83,0.69,INF,-1,1,7,0
11140,1,1,-31.697,4.921,-2.96,0.46,-2.96,0.46,INF,-1,1,7,0
11160,1,1,-30.124,8.370,-2.81,0.78,-2.81,0.78,INF,-1,1,7,0
11180,1,1,-30.497,5.760,-2.85,0.54,-2.85,0.54,INF,-1,1,7,0
11200,1,1,-29.553,6.258,-2.76,0.58,-2.76,0.58,INF,-1,1,7,0
11220,1,1,-30.983,5.287,-2.89,0.49,-2.89,0.49,INF,-1,1,7,0
11240,1,1,-30.832,5.469,-2.88,0.51,-2.88,0.51,INF,-1,1,7,0
11260,1,1,-31.248,6.803,-2.92,0.64,-2.92,0.64,INF,-1,1,7,0
11280,1,1,-29.823,6.312,-2.79,0.59,-2.79,0.59,INF,-1,1,7,0
11300,1,1,-29.463,6.679,-2.75,0.62,-2.75,0.62,INF,-1,1,7,0
11320,1,1,-30.063,7.006,-2.81,0.65,-2.81,0.65,INF,-1,1,7,0
11340,1,1,-27.970,6.312,-2.61,0.59,-2.61,0.59,INF,-1,1,7,0
11360,1,1,-28.758,6.830,-2.69,0.64,-2.69,0.64,INF,-1,1,7,0
11380,1,1,-29.038,6.735,-2.71,0.63,-2.71,0.63,INF,-1,1,7,0
11400,1,1,-29.161,6.995,-2.72,0.65,-2.72,0.65,INF,-1,1,7,0
11420,1,1,-28.504,8.304,-2.66,0.78,-2.66,0.78,INF,-1,1,7,0
11440,1,1,-29.186,7.618,-2.73,0.71,-2.73,0.71,INF,-1,1,7,0
11460,1,1,-29.980,6.978,-2.80,0.65,-2.80,0.65,INF,-1,1,7,0
11480,1,1,-28.239,7.397,-2.64,0.69,-2.64,0.69,INF,-1,1,7,0
11500,1,1,-28.632,8.790,-2.67,0.82,-2.67,0.82,INF,-1,1,7,0
11520,1,1,-28.096,7.737,-2.62,0.72,-2.62,0.72,INF,-1,1,7,0
11540,1,1,-28.884,6.362,-2.70,0.59,-2.70,0.59,INF,-1,1,7,0
11560,1,1,-27.938,9.817,-2.61,0.92,-2.61,0.92,INF,-1,1,7,0
11580,1,1,-27.262,8.438,-2.55,0.79,-2.55,0.79,INF,-1,1,7,0
11600,1,1,-28.453,7.365,-2.66,0.69,-2.66,0.69,INF,-1,1,7,0
11620,1,1,-26.784,8.347,-2.50,0.78,-2.50,0.78,INF,-1,1,7,0
11640,1,1,-26.973,7.558,-2.52,0.71,-2.52,0.71,INF,-1,1,7,0
11660,1,1,-27.132,8.669,-2.53,0.81,-2.53,0.81,INF,-1,1,7,0
11680,1,1,-26.384,8.539,-2.46,0.80,-2.46,0.80,INF,-1,1,7,0
11700,1,1,-27.420,8.057,-2.56,0.75,-2.56,0.75,INF,-1,1,7,0
11720,1,1,-27.467,8.363,-2.57,0.78,-2.57,0.78,INF,-1,1,7,0
11740,1,1,-27.941,8.692,-2.61,0.81,-2.61,0.81,INF,-1,1,7,0
11760,1,1,-26.744,9.200,-2.50,0.86,-2.50,0.86,INF,-1,1,7,0
11780,1,1,-28.150,10.100,-2.63,0.94,-2.63,0.94,INF,-1,1,7,0
11800,1,1,-26.941,10.014,-2.52,0.93,-2.52,0.94,INF,-1,1,7,0
11820,1,1,-26.312,11.597,-2.46,1.08,-2.46,1.08,INF,-1,1,7,0
11840,1,1,-28.072,9.278,-2.62,0.87,-2.62,0.87,INF,-1,1,7,0
11860,1,1,-26.989,9.849,-2.52,0.92,-2.52,0.92,INF,-1,1,7,0
11880,1,1,-26.932,8.703,-2.52,0.81,-2.52,0.81,INF,-1,1,7,0
11900,1,1,-26.146,9.416,-2.44,0.88,-2.44,0.88,INF,-1,1,7,0
11920,1,1,-26.387,10.330,-2.46,0.96,-2.46,0.97,INF,-1,1,7,0
11940,1,1,-27.006,11.411,-2.52,1.07,-2.52,1.07,INF,-1,1,7,0
11960,1,1,-24.334,11.764,-2.27,1.10,-2.27,1.10,INF,-1,1,7,0
11980,1,1,-23.813,11.181,-2.22,1.04,-2.22,1.04,INF,-1,1,7,0
12000,1,1,-24.224,9.155,-2.26,0.85,-2.26,0.86,INF,-1,1,7,0
12020,1,1,-25.280,10.938,-2.36,1.02,-2.36,1.02,INF,-1,1,7,0
12040,1,1,-24.548,11.264,-2.29,1.05,-2.29,1.05,INF,-1,1,7,0
12060,1,1,-24.230,10.095,-2.26,0.94,-2.26,0.94,INF,-1,1,7,0
12080,1,1,-24.099,11.122,-2.25,1.04,-2.25,1.04,INF,-1,1,7,0
12100,1,1,-24.472,10.354,-2.29,0.97,-2.29,0.97,INF,-1,1,7,0
12120,1,1,-23.727,9.687,-2.22,0.90,-2.22,0.91,INF,-1,1,7,0
12140,1,1,-25.338,10.340,-2.37,0.97,-2.37,0.97,INF,-1,1,7,0
12160,1,1,-23.579,10.555,-2.20,0.99,-2.20,0.99,INF,-1,1,7,0
12180,1,1,-23.347,10.764,-2.18,1.01,-2.18,1.01,INF,-1,1,7,0
12200,1,1,-23.948,11.460,-2.24,1.07,-2.24,1.07,INF,-1,1,7,0
12220,1,1,-22.996,10.910,-2.15,1.02,-2.15,1.02,INF,-1,1,7,0
12240,1,1,-22.752,11.320,-2.13,1.06,-2.13,1.06,INF,-1,1,7,0
12260,1,1,-22.795,9.905,-2.13,0.93,-2.13,0.93,INF,-1,1,7,0
12280,1,1,-22.466,10.892,-2.10,1.02,-2.10,1.02,INF,-1,1,7,0
12300,1,1,-22.187,12.109,-2.07,1.13,-2.07,1.13,INF,-1,1,7,0
12320,1,1,-22.787,11.297,-2.13,1.06,-2.13,1.06,INF,-1,1,7,0
12340,1,1,-22.124,11.274,-2.07,1.05,-2.07,1.05,INF,-1,1,7,0
12360,1,1,-23.866,10.002,-2.23,0.93,-2.23,0.93,INF,-1,1,7,0
12380,1,1,-21.832,10.917,-2.04,1.02,-2.04,1.02,INF,-1,1,7,0
12400,1,1,-21.562,9.886,-2.01,0.92,-2.01,0.92,INF,-1,1,7,0
12420,1,1,-22.003,9.190,-2.06,0.86,-2.06,0.86,INF,-1,1,7,0
12440,1,1,-21.622,9.849,-2.02,0.92,-2.02,0.92,INF,-1,1,7,0
12460,1,1,-20.479,10.289,-1.91,0.96,-1.91,0.96,INF,-1,1,7,0
12480,1,1,-22.473,10.544,-2.10,0.98,-2.10,0.99,INF,-1,1,7,0
12500,1,1,-22.448,11.142,-2.10,1.04,-2.10,1.04,INF,-1,1,7,0
12520,1,1,-22.053,11.021,-2.06,1.03,-2.06,1.03,INF,-1,1,7,0
12540,1,1,-22.007,9.615,-2.06,0.90,-2.06,0.90,INF,-1,1,7,0
12560,1,1,-21.708,9.850,-2.03,0.92,-2.03,0.92,INF,-1,1,7,0
12580,1,1,-21.988,9.087,-2.05,0.85,-2.05,0.85,INF,-1,1,7,0
12600,1,1,-22.190,10.337,-2.07,0.97,-2.07,0.97,INF,-1,1,7,0
12620,1,1,-22.575,10.753,-2.11,1.00,-2.11,1.00,INF,-1,1,7,0
12640,1,1,-21.899,9.377,-2.05,0.88,-2.05,0.88,INF,-1,1,7,0
12660,1,1,-22.943,8.027,-2.14,0.75,-2.14,0.75,INF,-1,1,7,0
12680,1,1,-24.460,7.765,-2.29,0.73,-2.28,0.73,INF,-1,1,7,0
12700,1,1,-23.321,8.406,-2.18,0.79,-2.18,0.79,INF,-1,1,7,0
12720,1,1,-22.805,7.201,-2.13,0.67,-2.13,0.67,INF,-1,1,7,0
12740,1,1,-21.700,10.010,-2.03,0.93,-2.03,0.94,INF,-1,1,7,0
12760,1,1,-23.148,7.771,-2.16,0.73,-2.16,0.73,INF,-1,1,7,0
12780,1,1,-23.926,6.768,-2.24,0.63,-2.24,0.63,INF,-1,1,7,0
12800,1,1,-22.946,9.056,-2.14,0.85,-2.14,0.85,INF,-1,1,7,0
12820,1,1,-24.283,8.625,-2.27,0.81,-2.27,0.81,INF,-1,1,7,0
12840,1,1,-21.492,10.427,-2.01,0.97,-2.01,0.97,INF,-1,1,7,0
12860,1,1,-22.862,6.445,-2.14,0.60,-2.14,0.60,INF,-1,1,7,0
12880,1,1,-23.792,8.907,-2.22,0.83,-2.22,0.83,INF,-1,1,7,0
12900,1,1,-23.739,8.259,-2.22,0.77,-2.22,0.77,INF,-1,1,7,0
12920,1,1,-22.919,8.539,-2.14,0.80,-2.14,0.80,INF,-1,1,7,0
12940,1,1,-24.521,8.472,-2.29,0.79,-2.29,0.79,INF,-1,1,7,0
12960,1,1,-22.983,8.884,-2.15,0.83,-2.15,0.83,INF,-1,1,7,0
12980,1,1,-23.420,5.705,-2.19,0.53,-2.19,0.53,INF,-1,1,7,0
13000,1,1,-22.741,8.699,-2.12,0.81,-2.12,0.81,INF,-1,1,7,0
13020,1,1,-22.052,9.771,-2.06,0.91,-2.06,0.91,INF,-1,1,7,0
13040,1,1,-24.656,7.046,-2.30,0.66,-2.30,0.66,INF,-1,1,7,0
13060,1,1,-23.314,7.446,-2.18,0.70,-2.18,0.70,INF,-1,1,7,0
13080,1,1,-19.490,14.117,-1.82,1.32,-1.82,1.32,INF,-1,1,7,0
13100,1,1,-18.581,14.875,-1.74,1.39,-1.74,1.39,INF,-1,1,7,0
13120,1,1,-19.088,12.222,-1.78,1.14,-1.78,1.14,INF,-1,1,7,0
13140,1,1,-19.477,10.972,-1.82,1.02,-1.82,1.03,INF,-1,1,7,0
13160,1,1,-18.532,13.169,-1.73,1.23,-1.73,1.23,INF,-1,1,7,0
13180,1,1,-18.386,12.765,-1.72,1.19,-1.72,1.19,INF,-1,1,7,0
13200,1,1,-18.084,12.861,-1.69,1.20,-1.69,1.20,INF,-1,1,7,0
13220,1,1,-19.295,13.161,-1.80,1.23,-1.80,1.23,INF,-1,1,7,0
13240,1,1,-19.299,14.454,-1.80,1.35,-1.80,1.35,INF,-1,1,7,0
13260,1,1,-18.000,11.789,-1.68,1.10,-1.68,1.10,INF,-1,1,7,0
13280,1,1,-19.497,13.344,-1.82,1.25,-1.82,1.25,INF,-1,1,7,0
13300,0,1,0.000,0.000,0.00,0.00,0.00,0.00,0.00,-1,1,7,0
13320,0,1,0.000,0.000,0.00,0.00,0.00,0.00,0.00,-1,1,7,0
13340,0,1,0.000,0.000,0.00,0.00,0.00,0.00,0.00,-1,1,7,0
13360,0,1,0.000,0.000,0.00,0.00,0.00,0.00,0.00,-1,1,7,0
13380,0,1,0.000,0.000,0.00,0.00,0.00,0.00,0.00,-1,0,7,0
13400,0,1,0.000,0.000,0.00,0.00,0.00,0.00,0.00,-1,0,7,0
13420,1,1,-39.640,-49.693,-3.70,-4.62,-3.69,-4.63,INF,-1,0,7,0
13440,1,1,-17.363,13.455,-1.62,1.26,-1.62,1.26,INF,-1,0,7,0
13460,1,1,-14.897,14.107,-1.39,1.32,-1.39,1.32,INF,-1,0,7,0
13480,1,1,-14.676,14.450,-1.37,1.35,-1.37,1.35,INF,-1,0,7,0
13500,1,1,-15.072,13.735,-1.41,1.28,-1.41,1.28,INF,-1,0,7,0
13520,1,1,-17.979,12.906,-1.68,1.21,-1.68,1.21,INF,-1,0,7,0
13540,1,1,-16.352,15.277,-1.53,1.43,-1.53,1.43,INF,-1,0,7,0
13560,1,1,-17.316,11.097,-1.62,1.04,-1.62,1.04,INF,-1,0,7,0
13580,1,1,-19.314,10.123,-1.80,0.95,-1.80,0.95,INF,-1,0,7,0
13600,1,1,-16.986,11.400,-1.59,1.07,-1.59,1.07,INF,-1,0,7,0
13620,1,1,-17.644,12.686,-1.65,1.19,-1.65,1.19,INF,-1,0,7,0
13640,1,1,-16.572,12.464,-1.55,1.16,-1.55,1.16,INF,-1,0,7,0
13660,1,1,-17.276,12.978,-1.61,1.21,-1.61,1.21,INF,-1,0,7,0
13680,1,1,-17.339,12.438,-1.62,1.16,-1.62,1.16,INF,-1,0,7,0
13700,1,1,-19.220,12.145,-1.80,1.13,-1.80,1.14,INF,-1,0,7,0
13720,1,1,-17.659,10.553,-1.65,0.99,-1.65,0.99,INF,-1,1,7,0
13740,1,1,-18.831,11.736,-1.76,1.10,-1.76,1.10,INF,-1,1,7,0
13760,1,1,-18.460,11.623,-1.72,1.09,-1.72,1.09,INF,-1,1,7,0
13780,1,1,-19.652,9.990,-1.84,0.93,-1.84,0.93,INF,-1,1,7,0
13800,1,1,-20.086,10.386,-1.88,0.97,-1.88,0.97,INF,-1,1,7,0
13820,1,1,21.285,2.603,1.99,0.24,1.99,0.24,INF,-1,1,7,0
13840,1,1,32.769,3.247,3.06,0.30,3.06,0.30,INF,-1,1,7,0
13860,1,1,31.034,3.590,2.90,0.34,2.90,0.34,INF,-1,0,7,0
13880,1,1,31.710,3.927,2.96,0.37,2.96,0.37,INF,-1,0,7,0
13900,1,1,31.440,4.063,2.94,0.38,2.94,0.38,INF,-1,0,7,0
13920,1,1,32.822,5.096,3.06,0.48,3.06,0.48,INF,-1,0,7,0
13940,1,1,32.510,3.448,3.04,0.32,3.04,0.32,INF,-1,0,7,0
13960,1,1,35.210,5.379,3.29,0.50,3.29,0.50,INF,-1,0,7,0
13980,1,1,32.642,3.576,3.05,0.33,3.05,0.33,INF,-1,0,7,0
14000,1,1,34.449,4.435,3.22,0.41,3.22,0.41,INF,-1,0,7,0
14020,1,1,33.818,3.877,3.16,0.36,3.16,0.36,INF,-1,0,7,0
14040,1,1,33.031,2.969,3.08,0.28,3.08,0.28,INF,-1,0,7,0
14060,1,1,32.530,2.597,3.04,0.24,3.04,0.24,INF,-1,0,7,0
14080,1,1,31.865,3.407,2.98,0.32,2.98,0.32,INF,-1,0,7,0
14100,1,1,32.625,4.202,3.05,0.39,3.05,0.39,INF,-1,0,7,0
14120,1,1,32.053,3.897,2.99,0.36,2.99,0.36,INF,-1,1,7,0
14140,1,1,32.443,6.027,3.03,0.56,3.03,0.56,INF,-1,1,7,0
14160,1,1,31.994,5.522,2.99,0.52,2.99,0.52,INF,-1,1,7,0
14180,1,1,32.307,4.051,3.02,0.38,3.02,0.38,INF,-1,1,7,0
14200,1,1,18.947,-1.496,1.77,-0.14,1.77,-0.14,INF,-1,1,7,0
14220,1,1,-28.450,9.647,-2.66,0.90,-2.66,0.90,INF,-1,1,7,0
14240,1,1,-24.654,9.707,-2.30,0.91,-2.30,0.91,INF,-1,0,7,0
14260,1,1,-25.189,8.457,-2.35,0.79,-2.35,0.79,INF,-1,0,7,0
14280,1,1,-23.307,11.096,-2.18,1.04,-2.18,1.04,INF,-1,0,7,0
14300,1,1,-25.695,9.202,-2.40,0.86,-2.40,0.86,INF,-1,0,7,0
14320,1,1,-25.424,8.861,-2.37,0.83,-2.37,0.83,INF,-1,0,7,0
14340,1,1,-25.151,7.680,-2.35,0.72,-2.35,0.72,INF,-1,0,7,0
14360,1,1,-24.185,8.772,-2.26,0.82,-2.26,0.82,INF,-1,0,7,0
14380,1,1,-26.014,7.769,-2.43,0.73,-2.43,0.73,INF,-1,0,7,0
14400,1,1,-27.662,6.779,-2.58,0.63,-2.58,0.63,INF,-1,0,7,0
14420,1,1,-25.229,8.368,-2.36,0.78,-2.36,0.78,INF,-1,0,7,0
14440,1,1,-26.939,7.336,-2.52,0.69,-2.52,0.69,INF,-1,0,7,0
14460,1,1,-26.849,6.858,-2.51,0.64,-2.51,0.64,INF,-1,0,7,0
14480,1,1,-25.620,6.903,-2.39,0.64,-2.39,0.65,INF,-1,0,7,0
14500,1,1,-27.657,7.633,-2.58,0.71,-2.58,0.71,INF,-1,1,7,0
14520,1,1,-25.294,7.865,-2.36,0.73,-2.36,0.74,INF,-1,1,7,0
14540,1,1,-26.395,8.962,-2.47,0.84,-2.47,0.84,INF,-1,1,7,0
14560,1,1,-27.936,7.397,-2.61,0.69,-2.61,0.69,INF,-1,1,7,0
14580,1,1,-26.539,6.681,-2.48,0.62,-2.48,0.62,INF,-1,1,7,0
14600,1,1,-27.377,6.591,-2.56,0.62,-2.56,0.62,INF,-1,1,7,0
14620,1,1,-26.058,7.257,-2.43,0.68,-2.43,0.68,INF,-1,1,7,0
14640,1,1,-26.006,7.365,-2.43,0.69,-2.43,0.69,INF,-1,1,7,0
14660,1,1,-31.389,3.850,-2.93,0.36,-2.93,0.36,INF,-1,1,7,0
14680,1,1,-30.713,3.773,-2.87,0.35,-2.87,0.35,INF,-1,1,7,0
14700,1,1,-29.223,3.187,-2.73,0.30,-2.73,0.30,INF,-1,1,7,0
14720,1,1,-28.764,4.768,-2.69,0.45,-2.69,0.45,INF,-1,1,7,0
14740,1,1,-28.794,3.579,-2.69,0.33,-2.69,0.33,INF,-1,1,7,0
14760,1,1,-30.127,3.606,-2.81,0.34,-2.81,0.34,INF,-1,1,7,0
14780,1,1,-30.293,3.005,-2.83,0.28,-2.83,0.28,INF,-1,1,7,0
14800,1,1,-29.992,4.419,-2.80,0.41,-2.80,0.41,INF,-1,1,7,0
14820,1,1,-29.992,6.123,-2.80,0.57,-2.80,0.57,INF,-1,1,7,0
14840,1,1,-30.050,3.989,-2.81,0.37,-2.81,0.37,INF,-1,1,7,0
14860,1,1,-29.746,3.339,-2.78,0.31,-2.78,0.31,INF,-1,1,7,0
14880,1,1,-29.679,4.334,-2.77,0.40,-2.77,0.41,INF,-1,1,7,0
14900,1,1,-29.908,3.818,-2.79,0.36,-2.79,0.36,INF,-1,1,7,0
14920,1,1,-30.745,5.055,-2.87,0.47,-2.87,0.47,INF,-1,1,7,0
14940,1,1,-30.205,5.043,-2.82,0.47,-2.82,0.47,INF,-1,1,7,0
14960,1,1,-30.020,4.084,-2.80,0.38,-2.80,0.38,INF,-1,1,7,0
14980,1,1,-30.644,3.936,-2.86,0.37,-2.86,0.37,INF,-1,1,7,0
15000,1,1,-29.718,6.148,-2.78,0.57,-2.78,0.57,INF,-1,1,7,0
