"EyeTracker Toolbox version","3.250"
CalibrationParameters_A11,1.14291
CalibrationParameters_A12,0.08364
CalibrationParameters_A13,-0.01983
CalibrationParameters_A21,0.05113
CalibrationParameters_A22,-1.21275
CalibrationParameters_A23,0.03845
CalibrationParameters_A31,-0.00028
CalibrationParameters_A32,0.00132
CalibrationParameters_E11,-0.18006
CalibrationParameters_E12,0.00014
CalibrationParameters_E21,0.00013
CalibrationParameters_E22,0.19976
CalibrationParameters_X,-4.07887
CalibrationParameters_Y,43.18365
CalibrationParameters_Rpc,70.27156
CalibrationParameters_MeanX,145.64564
CalibrationParameters_MeanY,132.62566
CalibrationParameters_ViewDist,613.00000
TimeStamp,Tracked,Calibrated,ScreenPositionXmm,ScreenPositionYmm,FicksLongitude,FicksLatitude,HelmholtzAzimuth,HelmholtzElevation,PupilDiameter,Region,Fixation,DigitalIO,Dropped
0,1,1,-20.541,-17.055,-1.92,-1.59,-1.92,-1.59,INF,-1,0,7,0
20,1,1,-21.023,-16.421,-1.96,-1.53,-1.96,-1.53,INF,-1,0,7,0
40,1,1,-21.107,-16.968,-1.97,-1.58,-1.97,-1.59,INF,-1,0,7,0
60,1,1,-20.338,-16.817,-1.90,-1.57,-1.90,-1.57,INF,-1,0,7,0
80,1,1,-21.515,-16.747,-2.01,-1.56,-2.01,-1.56,INF,-1,0,7,0
100,1,1,-21.100,-17.668,-1.97,-1.65,-1.97,-1.65,INF,-1,0,7,0
120,1,1,-20.442,-16.996,-1.91,-1.59,-1.91,-1.59,INF,-1,0,7,0
140,1,1,-22.766,-19.289,-2.13,-1.80,-2.13,-1.80,INF,-1,0,7,0
160,1,1,-22.792,-18.350,-2.13,-1.71,-2.13,-1.71,INF,-1,0,7,0
180,1,1,-23.138,-19.025,-2.16,-1.78,-2.16,-1.78,INF,-1,0,7,0
200,1,1,-20.529,-17.241,-1.92,-1.61,-1.92,-1.61,INF,-1,0,7,0
220,1,1,-21.651,-19.590,-2.02,-1.83,-2.02,-1.83,INF,-1,0,7,0
240,1,1,2.899,-13.049,0.27,-1.22,0.27,-1.22,INF,-1,0,7,0
260,1,1,3.054,-13.489,0.29,-1.26,0.29,-1.26,INF,-1,0,7,0
280,1,1,3.053,-12.967,0.29,-1.21,0.29,-1.21,INF,-1,0,7,0
300,1,1,4.168,-13.472,0.39,-1.26,0.39,-1.26,INF,-1,0,7,0
320,1,1,4.114,-14.262,0.38,-1.33,0.38,-1.33,INF,-1,0,7,0
340,1,1,3.715,-14.867,0.35,-1.39,0.35,-1.39,INF,-1,0,7,0
360,1,1,2.063,-15.353,0.19,-1.43,0.19,-1.43,INF,-1,0,7,0
380,1,1,3.584,-12.922,0.33,-1.21,0.33,-1.21,INF,-1,0,7,0
400,1,1,4.288,-11.584,0.40,-1.08,0.40,-1.08,INF,-1,0,7,0
420,1,1,10.231,-1.178,0.96,-0.11,0.96,-0.11,INF,-1,1,7,0
440,1,1,11.692,3.546,1.09,0.33,1.09,0.33,INF,-1,1,7,0
460,1,1,11.174,3.731,1.04,0.35,1.04,0.35,INF,-1,0,7,0
480,1,1,10.499,2.415,0.98,0.23,0.98,0.23,INF,-1,0,7,0
500,1,1,12.285,2.383,1.15,0.22,1.15,0.22,INF,-1,0,7,0
520,1,1,11.787,2.600,1.10,0.24,1.10,0.24,INF,-1,0,7,0
540,1,1,11.777,3.105,1.10,0.29,1.10,0.29,INF,-1,0,7,0
560,1,1,12.284,3.527,1.15,0.33,1.15,0.33,INF,-1,0,7,0
580,1,1,10.441,2.045,0.98,0.19,0.98,0.19,INF,-1,0,7,0
600,1,1,10.078,4.014,0.94,0.38,0.94,0.38,INF,-1,0,7,0
620,1,1,10.206,2.556,0.95,0.24,0.95,0.24,INF,-1,0,7,0
640,1,1,9.735,2.135,0.91,0.20,0.91,0.20,INF,-1,0,7,0
660,1,1,10.434,3.356,0.98,0.31,0.98,0.31,INF,-1,0,7,0
680,1,1,9.324,1.379,0.87,0.13,0.87,0.13,INF,-1,0,7,0
700,1,1,8.204,3.677,0.77,0.34,0.77,0.34,INF,-1,1,7,0
720,1,1,7.197,4.246,0.67,0.40,0.67,0.40,INF,-1,1,7,0
740,1,1,9.183,3.306,0.86,0.31,0.86,0.31,INF,-1,1,7,0
760,1,1,4.166,19.179,0.39,1.79,0.39,1.79,INF,-1,1,7,0
780,1,1,4.893,18.617,0.46,1.74,0.46,1.74,INF,-1,1,7,0
800,1,1,3.917,16.433,0.37,1.54,0.37,1.54,INF,-1,0,7,0
820,1,1,4.979,17.222,0.47,1.61,0.47,1.61,INF,-1,0,7,0
840,1,1,3.321,17.924,0.31,1.67,0.31,1.67,INF,-1,0,7,0
860,1,1,4.849,19.576,0.45,1.83,0.45,1.83,INF,-1,0,7,0
880,1,1,4.324,18.957,0.40,1.77,0.40,1.77,INF,-1,0,7,0
900,1,1,4.237,18.257,0.40,1.71,0.40,1.71,INF,-1,0,7,0
920,1,1,4.303,19.289,0.40,1.80,0.40,1.80,INF,-1,0,7,0
940,1,1,2.559,18.208,0.24,1.70,0.24,1.70,INF,-1,0,7,0
960,1,1,3.234,18.705,0.30,1.75,0.30,1.75,INF,-1,0,7,0
980,1,1,3.857,18.059,0.36,1.69,0.36,1.69,INF,-1,0,7,0
1000,1,1,3.636,18.221,0.34,1.70,0.34,1.70,INF,-1,0,7,0
1020,1,1,-12.158,9.293,-1.14,0.87,-1.14,0.87,INF,-1,0,7,0
1040,1,1,-21.369,3.564,-2.00,0.33,-2.00,0.33,INF,-1,1,7,0
1060,1,1,-18.305,3.813,-1.71,0.36,-1.71,0.36,INF,-1,0,7,0
1080,1,1,-20.806,3.908,-1.94,0.37,-1.94,0.37,INF,-1,0,7,0
1100,1,1,-19.146,4.277,-1.79,0.40,-1.79,0.40,INF,-1,0,7,0
1120,1,1,-20.891,5.658,-1.95,0.53,-1.95,0.53,INF,-1,0,7,0
1140,1,1,-20.494,6.870,-1.91,0.64,-1.91,0.64,INF,-1,0,7,0
1160,1,1,-20.701,3.759,-1.93,0.35,-1.93,0.35,INF,-1,0,7,0
1180,1,1,-21.744,1.702,-2.03,0.16,-2.03,0.16,INF,-1,0,7,0
1200,1,1,-21.450,1.900,-2.00,0.18,-2.00,0.18,INF,-1,0,7,0
1220,1,1,-22.285,5.065,-2.08,0.47,-2.08,0.47,INF,-1,0,7,0
1240,1,1,-20.150,2.771,-1.88,0.26,-1.88,0.26,INF,-1,0,7,0
1260,1,1,-20.488,2.032,-1.91,0.19,-1.91,0.19,INF,-1,0,7,0
1280,1,1,-20.138,2.178,-1.88,0.20,-1.88,0.20,INF,-1,0,7,0
1300,1,1,-19.138,4.963,-1.79,0.46,-1.79,0.46,INF,-1,1,7,0
1320,1,1,-21.216,2.463,-1.98,0.23,-1.98,0.23,INF,-1,1,7,0
1340,1,1,-20.360,4.406,-1.90,0.41,-1.90,0.41,INF,-1,1,7,0
1360,1,1,-22.622,2.010,-2.11,0.19,-2.11,0.19,INF,-1,1,7,0
1380,1,1,-20.835,3.479,-1.95,0.32,-1.95,0.33,INF,-1,1,7,0
1400,1,1,-20.212,3.950,-1.89,0.37,-1.89,0.37,INF,-1,1,7,0
1420,1,1,-22.773,1.655,-2.13,0.15,-2.13,0.15,INF,-1,1,7,0
1440,1,1,-21.223,1.318,-1.98,0.12,-1.98,0.12,INF,-1,1,7,0
1460,1,1,-21.662,3.434,-2.02,0.32,-2.02,0.32,INF,-1,1,7,0
1480,1,1,-20.041,2.486,-1.87,0.23,-1.87,0.23,INF,-1,1,7,0
1500,1,1,-21.274,2.637,-1.99,0.25,-1.99,0.25,INF,-1,1,7,0
1520,1,1,-20.755,3.517,-1.94,0.33,-1.94,0.33,INF,-1,1,7,0
1540,1,1,-20.444,3.507,-1.91,0.33,-1.91,0.33,INF,-1,1,7,0
1560,1,1,-23.054,3.354,-2.15,0.31,-2.15,0.31,INF,-1,1,7,0
1580,1,1,-23.064,2.409,-2.15,0.23,-2.15,0.23,INF,-1,1,7,0
1600,1,1,-43.416,-4.242,-4.05,-0.40,-4.05,-0.40,INF,-1,1,7,0
1620,1,1,-66.441,-20.468,-6.19,-1.90,-6.18,-1.91,INF,-1,1,7,0
1640,1,1,-65.396,-19.007,-6.09,-1.77,-6.09,-1.78,INF,-1,0,7,0
1660,1,1,-64.762,-20.509,-6.03,-1.91,-6.03,-1.92,INF,-1,0,7,0
1680,1,1,-63.723,-19.763,-5.93,-1.84,-5.93,-1.85,INF,-1,0,7,0
1700,1,1,-63.238,-19.678,-5.89,-1.83,-5.89,-1.84,INF,-1,0,7,0
1720,1,1,-65.153,-22.296,-6.07,-2.07,-6.06,-2.08,INF,-1,0,7,0
1740,1,1,-65.853,-22.305,-6.13,-2.07,-6.13,-2.08,INF,-1,0,7,0
1760,1,1,-66.090,-21.080,-6.15,-1.96,-6.15,-1.97,INF,-1,0,7,0
1780,1,1,-63.882,-20.359,-5.95,-1.89,-5.95,-1.90,INF,-1,0,7,0
1800,1,1,-67.800,-22.189,-6.31,-2.06,-6.31,-2.07,INF,-1,0,7,0
1820,1,1,-63.778,-23.146,-5.94,-2.15,-5.94,-2.16,INF,-1,0,7,0
1840,1,1,-64.114,-20.403,-5.97,-1.90,-5.97,-1.91,INF,-1,0,7,0
1860,1,1,-63.709,-22.534,-5.93,-2.09,-5.93,-2.11,INF,-1,0,7,0
1880,1,1,-55.487,-22.833,-5.17,-2.12,-5.17,-2.13,INF,-1,0,7,0
1900,1,1,-57.408,-21.103,-5.35,-1.96,-5.35,-1.97,INF,-1,1,7,0
1920,1,1,-54.908,-24.513,-5.12,-2.28,-5.11,-2.29,INF,-1,1,7,0
1940,1,1,-53.843,-23.008,-5.02,-2.14,-5.02,-2.15,INF,-1,1,7,0
1960,1,1,-55.995,-22.224,-5.22,-2.07,-5.22,-2.08,INF,-1,1,7,0
1980,1,1,-56.365,-22.924,-5.25,-2.13,-5.25,-2.14,INF,-1,1,7,0
2000,1,1,-56.425,-21.205,-5.26,-1.97,-5.26,-1.98,INF,-1,1,7,0
2020,1,1,-57.392,-21.632,-5.35,-2.01,-5.35,-2.02,INF,-1,1,7,0
2040,1,1,-56.596,-21.487,-5.27,-2.00,-5.27,-2.01,INF,-1,1,7,0
2060,1,1,-57.213,-23.295,-5.33,-2.17,-5.33,-2.18,INF,-1,1,7,0
2080,1,1,-57.869,-21.046,-5.39,-1.96,-5.39,-1.97,INF,-1,1,7,0
2100,1,1,-53.796,-16.856,-5.02,-1.57,-5.01,-1.58,INF,-1,1,7,0
2120,1,1,-53.470,-19.228,-4.99,-1.79,-4.98,-1.80,INF,-1,1,7,0
2140,1,1,-55.349,-20.275,-5.16,-1.89,-5.16,-1.89,INF,-1,1,7,0
2160,1,1,-54.569,-17.738,-5.09,-1.65,-5.08,-1.66,INF,-1,1,7,0
2180,1,1,-56.815,-19.804,-5.30,-1.84,-5.29,-1.85,INF,-1,1,7,0
2200,1,1,-52.456,-19.246,-4.89,-1.79,-4.89,-1.80,INF,-1,1,7,0
2220,1,1,-56.875,-19.925,-5.30,-1.85,-5.30,-1.86,INF,-1,1,7,0
2240,1,1,-54.134,-18.009,-5.05,-1.68,-5.04,-1.68,INF,-1,1,7,0
2260,1,1,-55.868,-18.223,-5.21,-1.70,-5.21,-1.70,INF,-1,1,7,0
2280,1,1,-56.006,-19.232,-5.22,-1.79,-5.22,-1.80,INF,-1,1,7,0
2300,1,1,-53.960,-16.625,-5.03,-1.55,-5.03,-1.55,INF,-1,1,7,0
2320,1,1,-55.673,-17.414,-5.19,-1.62,-5.19,-1.63,INF,-1,1,7,0
2340,1,1,-51.948,-15.777,-4.84,-1.47,-4.84,-1.47,INF,-1,1,7,0
2360,1,1,-54.126,-17.827,-5.05,-1.66,-5.04,-1.67,INF,-1,1,7,0
2380,1,1,-55.037,-16.018,-5.13,-1.49,-5.13,-1.50,INF,-1,0,7,0
2400,1,1,-55.564,-16.594,-5.18,-1.54,-5.18,-1.55,INF,-1,0,7,0
2420,1,1,-57.623,-20.251,-5.37,-1.88,-5.37,-1.89,INF,-1,0,7,0
2440,1,1,-56.156,-16.677,-5.23,-1.55,-5.23,-1.56,INF,-1,0,7,0
2460,1,1,-55.886,-19.122,-5.21,-1.78,-5.21,-1.79,INF,-1,0,7,0
2480,1,1,-56.666,-17.741,-5.28,-1.65,-5.28,-1.66,INF,-1,0,7,0
2500,1,1,-56.843,-18.351,-5.30,-1.71,-5.30,-1.71,INF,-1,0,7,0
2520,1,1,-55.577,-15.507,-5.18,-1.44,-5.18,-1.45,INF,-1,0,7,0
2540,1,1,-52.903,-16.392,-4.93,-1.53,-4.93,-1.53,INF,-1,0,7,0
2560,1,1,-56.702,-17.970,-5.28,-1.67,-5.28,-1.68,INF,-1,0,7,0
2580,1,1,-55.389,-18.593,-5.16,-1.73,-5.16,-1.74,INF,-1,0,7,0
2600,1,1,-57.192,-18.746,-5.33,-1.74,-5.33,-1.75,INF,-1,0,7,0
2620,1,1,-56.825,-19.067,-5.30,-1.77,-5.29,-1.78,INF,-1,1,7,0
2640,1,1,-57.010,-18.106,-5.31,-1.68,-5.31,-1.69,INF,-1,1,7,0
2660,1,1,-57.432,-18.764,-5.35,-1.75,-5.35,-1.75,INF,-1,1,7,0
2680,1,1,-55.324,-17.772,-5.16,-1.65,-5.15,-1.66,INF,-1,1,7,0
2700,1,1,-56.682,-19.656,-5.28,-1.83,-5.28,-1.84,INF,-1,1,7,0
2720,1,1,-57.234,-19.986,-5.33,-1.86,-5.33,-1.87,INF,-1,1,7,0
2740,1,1,-55.535,-14.941,-5.18,-1.39,-5.18,-1.40,INF,-1,1,7,0
2760,1,1,-54.922,-18.281,-5.12,-1.70,-5.12,-1.71,INF,-1,1,7,0
2780,1,1,-57.167,-17.727,-5.33,-1.65,-5.33,-1.66,INF,-1,1,7,0
2800,1,1,-56.906,-17.928,-5.30,-1.67,-5.30,-1.68,INF,-1,1,7,0
2820,1,1,-55.555,-17.249,-5.18,-1.61,-5.18,-1.61,INF,-1,1,7,0
2840,1,1,-52.868,-16.500,-4.93,-1.54,-4.93,-1.54,INF,-1,1,7,0
2860,1,1,-57.106,-18.952,-5.32,-1.76,-5.32,-1.77,INF,-1,1,7,0
2880,1,1,-54.878,-17.359,-5.12,-1.62,-5.11,-1.62,INF,-1,1,7,0
2900,1,1,-53.593,-15.538,-5.00,-1.45,-4.99,-1.45,INF,-1,1,7,0
2920,1,1,-53.947,-16.738,-5.03,-1.56,-5.03,-1.56,INF,-1,1,7,0
2940,1,1,-53.977,-15.841,-5.03,-1.47,-5.03,-1.48,INF,-1,1,7,0
2960,1,1,-57.189,-18.049,-5.33,-1.68,-5.33,-1.69,INF,-1,1,7,0
2980,1,1,-56.560,-16.192,-5.27,-1.51,-5.27,-1.51,INF,-1,1,7,0
3000,1,1,-56.417,-16.225,-5.26,-1.51,-5.26,-1.52,INF,-1,1,7,0
3020,1,1,-55.361,-17.000,-5.16,-1.58,-5.16,-1.59,INF,-1,1,7,0
3040,1,1,-54.282,-16.229,-5.06,-1.51,-5.06,-1.52,INF,-1,1,7,0
3060,1,1,-55.625,-16.619,-5.18,-1.55,-5.18,-1.55,INF,-1,1,7,0
3080,1,1,-54.131,-15.368,-5.05,-1.43,-5.04,-1.44,INF,-1,1,7,0
3100,1,1,-53.150,-16.376,-4.96,-1.52,-4.95,-1.53,INF,-1,1,7,0
3120,1,1,-53.559,-15.984,-4.99,-1.49,-4.99,-1.49,INF,-1,1,7,0
3140,1,1,-54.797,-16.870,-5.11,-1.57,-5.11,-1.58,INF,-1,1,7,0
3160,1,1,-54.333,-16.675,-5.07,-1.55,-5.06,-1.56,INF,-1,1,7,0
3180,1,1,-55.097,-17.355,-5.14,-1.62,-5.13,-1.62,INF,-1,1,7,0
3200,1,1,-53.962,-17.120,-5.03,-1.59,-5.03,-1.60,INF,-1,1,7,0
3220,1,1,-55.455,-17.963,-5.17,-1.67,-5.17,-1.68,INF,-1,1,7,0
3240,1,1,-49.003,-19.817,-4.57,-1.85,-4.57,-1.85,INF,-1,1,7,0
3260,1,1,-22.311,-30.749,-2.08,-2.87,-2.08,-2.87,INF,-1,1,7,0
3280,1,1,-22.301,-33.073,-2.08,-3.09,-2.08,-3.09,INF,-1,1,7,0
3300,1,1,-23.075,-32.021,-2.16,-2.99,-2.15,-2.99,INF,-1,0,7,0
3320,1,1,-23.111,-32.994,-2.16,-3.08,-2.16,-3.08,INF,-1,0,7,0
3340,1,1,-23.993,-34.020,-2.24,-3.17,-2.24,-3.18,INF,-1,0,7,0
3360,1,1,-22.975,-34.312,-2.15,-3.20,-2.14,-3.20,INF,-1,0,7,0
3380,1,1,-24.564,-34.253,-2.29,-3.20,-2.29,-3.20,INF,-1,0,7,0
3400,1,1,-22.916,-32.692,-2.14,-3.05,-2.14,-3.05,INF,-1,0,7,0
3420,1,1,-23.871,-33.676,-2.23,-3.14,-2.23,-3.14,INF,-1,0,7,0
3440,1,1,-22.315,-33.219,-2.08,-3.10,-2.08,-3.10,INF,-1,0,7,0
3460,1,1,-23.522,-33.901,-2.20,-3.16,-2.19,-3.17,INF,-1,0,7,0
3480,1,1,-24.709,-34.767,-2.31,-3.24,-2.30,-3.25,INF,-1,0,7,0
3500,1,1,-24.913,-34.853,-2.33,-3.25,-2.32,-3.25,INF,-1,0,7,0
3520,1,1,-25.514,-36.722,-2.38,-3.43,-2.38,-3.43,INF,-1,0,7,0
3540,1,1,-23.429,-35.459,-2.19,-3.31,-2.19,-3.31,INF,-1,1,7,0
3560,1,1,-16.781,-39.087,-1.57,-3.65,-1.56,-3.65,INF,-1,1,7,0
3580,1,1,25.635,-16.939,2.39,-1.58,2.39,-1.58,INF,-1,1,7,0
3600,1,1,25.658,-14.712,2.40,-1.37,2.40,-1.37,INF,-1,1,7,0
3620,1,1,25.055,-16.910,2.34,-1.58,2.34,-1.58,INF,-1,0,7,0
3640,1,1,25.947,-16.562,2.42,-1.55,2.42,-1.55,INF,-1,0,7,0
3660,1,1,24.523,-16.470,2.29,-1.54,2.29,-1.54,INF,-1,0,7,0
3680,1,1,26.491,-16.233,2.47,-1.52,2.47,-1.52,INF,-1,0,7,0
3700,1,1,25.542,-15.879,2.39,-1.48,2.39,-1.48,INF,-1,0,7,0
3720,1,1,25.524,-16.464,2.38,-1.54,2.38,-1.54,INF,-1,0,7,0
3740,1,1,25.969,-15.769,2.43,-1.47,2.43,-1.47,INF,-1,0,7,0
3760,1,1,24.912,-15.849,2.33,-1.48,2.33,-1.48,INF,-1,0,7,0
3780,1,1,25.032,-18.758,2.34,-1.75,2.34,-1.75,INF,-1,0,7,0
3800,1,1,25.802,-15.690,2.41,-1.46,2.41,-1.47,INF,-1,0,7,0
3820,1,1,24.810,-18.677,2.32,-1.74,2.32,-1.75,INF,-1,0,7,0
3840,1,1,23.061,-17.324,2.15,-1.62,2.15,-1.62,INF,-1,0,7,0
3860,1,1,36.683,-17.820,3.42,-1.66,3.42,-1.67,INF,-1,1,7,0
3880,1,1,40.901,-16.642,3.82,-1.55,3.82,-1.56,INF,-1,1,7,0
3900,1,1,42.523,-18.315,3.97,-1.71,3.97,-1.71,INF,-1,0,7,0
3920,1,1,42.892,-16.450,4.00,-1.53,4.00,-1.54,INF,-1,0,7,0
3940,1,1,43.022,-15.957,4.01,-1.49,4.01,-1.49,INF,-1,0,7,0
3960,1,1,41.210,-17.994,3.85,-1.68,3.84,-1.68,INF,-1,0,7,0
3980,1,1,41.945,-17.048,3.91,-1.59,3.91,-1.59,INF,-1,0,7,0
4000,1,1,42.344,-18.542,3.95,-1.73,3.95,-1.73,INF,-1,0,7,0
4020,1,1,41.253,-18.239,3.85,-1.70,3.85,-1.70,INF,-1,0,7,0
4040,1,1,42.934,-16.114,4.01,-1.50,4.00,-1.51,INF,-1,0,7,0
4060,1,1,42.576,-18.292,3.97,-1.71,3.97,-1.71,INF,-1,0,7,0
4080,1,1,42.062,-16.130,3.93,-1.50,3.92,-1.51,INF,-1,0,7,0
4100,1,1,42.860,-17.554,4.00,-1.64,4.00,-1.64,INF,-1,0,7,0
4120,1,1,41.435,-17.575,3.87,-1.64,3.87,-1.64,INF,-1,0,7,0
4140,1,1,41.683,-17.922,3.89,-1.67,3.89,-1.67,INF,-1,1,7,0
4160,1,1,19.579,-7.746,1.83,-0.72,1.83,-0.72,INF,-1,1,7,0
4180,1,1,18.772,-6.995,1.75,-0.65,1.75,-0.65,INF,-1,1,7,0
4200,1,1,18.323,-8.726,1.71,-0.82,1.71,-0.82,INF,-1,0,7,0
4220,1,1,17.749,-9.127,1.66,-0.85,1.66,-0.85,INF,-1,0,7,0
4240,1,1,19.134,-7.865,1.79,-0.73,1.79,-0.74,INF,-1,0,7,0
4260,1,1,18.876,-7.058,1.76,-0.66,1.76,-0.66,INF,-1,0,7,0
4280,1,1,17.293,-7.518,1.62,-0.70,1.62,-0.70,INF,-1,0,7,0
4300,1,1,16.669,-8.110,1.56,-0.76,1.56,-0.76,INF,-1,0,7,0
4320,1,1,19.605,-6.202,1.83,-0.58,1.83,-0.58,INF,-1,0,7,0
4340,1,1,16.906,-7.830,1.58,-0.73,1.58,-0.73,INF,-1,0,7,0
4360,1,1,18.717,-6.727,1.75,-0.63,1.75,-0.63,INF,-1,0,7,0
4380,1,1,18.493,-6.944,1.73,-0.65,1.73,-0.65,INF,-1,0,7,0
4400,1,1,18.792,-7.236,1.76,-0.68,1.76,-0.68,INF,-1,0,7,0
4420,1,1,17.165,-7.186,1.60,-0.67,1.60,-0.67,INF,-1,0,7,0
4440,1,1,17.525,-6.837,1.64,-0.64,1.64,-0.64,INF,-1,1,7,0
4460,1,1,17.788,-7.513,1.66,-0.70,1.66,-0.70,INF,-1,1,7,0
4480,1,1,17.676,-7.246,1.65,-0.68,1.65,-0.68,INF,-1,1,7,0
4500,1,1,11.755,28.564,1.10,2.67,1.10,2.67,INF,-1,1,7,0
4520,1,1,12.536,26.022,1.17,2.43,1.17,2.43,INF,-1,1,7,0
4540,1,1,12.733,25.671,1.19,2.40,1.19,2.40,INF,-1,0,7,0
4560,1,1,11.320,25.114,1.06,2.35,1.06,2.35,INF,-1,0,7,0
4580,1,1,12.030,24.708,1.12,2.31,1.12,2.31,INF,-1,0,7,0
4600,1,1,12.946,26.623,1.21,2.49,1.21,2.49,INF,-1,0,7,0
4620,1,1,11.611,25.101,1.09,2.34,1.08,2.34,INF,-1,0,7,0
4640,1,1,13.289,26.994,1.24,2.52,1.24,2.52,INF,-1,0,7,0
4660,1,1,12.656,26.930,1.18,2.51,1.18,2.52,INF,-1,0,7,0
4680,1,1,11.163,28.079,1.04,2.62,1.04,2.62,INF,-1,0,7,0
4700,1,1,22.032,37.484,2.06,3.50,2.05,3.50,INF,-1,0,7,0
4720,1,1,21.832,36.698,2.04,3.42,2.04,3.43,INF,-1,0,7,0
4740,1,1,22.873,37.847,2.14,3.53,2.13,3.53,INF,-1,0,7,0
4760,1,1,23.354,38.481,2.18,3.59,2.18,3.59,INF,-1,0,7,0
4780,1,1,22.922,37.868,2.14,3.53,2.14,3.53,INF,-1,0,7,0
4800,1,1,22.534,36.570,2.11,3.41,2.10,3.41,INF,-1,1,7,0
4820,1,1,21.485,36.226,2.01,3.38,2.00,3.38,INF,-1,1,7,0
4840,1,1,22.477,37.339,2.10,3.48,2.10,3.49,INF,-1,1,7,0
4860,1,1,17.924,34.821,1.67,3.25,1.67,3.25,INF,-1,1,7,0
4880,1,1,-4.989,34.131,-0.47,3.19,-0.47,3.19,INF,-1,1,7,0
4900,1,1,-0.848,35.121,-0.08,3.28,-0.08,3.28,INF,-1,1,7,0
4920,1,1,-1.106,37.042,-0.10,3.46,-0.10,3.46,INF,-1,0,7,0
4940,1,1,-2.726,35.049,-0.25,3.27,-0.25,3.27,INF,-1,0,7,0
4960,1,1,-2.439,37.753,-0.23,3.52,-0.23,3.52,INF,-1,0,7,0
4980,1,1,-1.780,35.307,-0.17,3.30,-0.17,3.30,INF,-1,0,7,0
5000,1,1,-2.208,37.220,-0.21,3.47,-0.21,3.47,INF,-1,0,7,0
5020,1,1,-2.779,35.582,-0.26,3.32,-0.26,3.32,INF,-1,0,7,0
5040,1,1,-3.378,36.904,-0.32,3.45,-0.32,3.45,INF,-1,0,7,0
5060,1,1,-2.492,36.897,-0.23,3.44,-0.23,3.44,INF,-1,0,7,0
5080,1,1,-3.126,35.749,-0.29,3.34,-0.29,3.34,INF,-1,0,7,0
5100,1,1,-1.542,34.171,-0.14,3.19,-0.14,3.19,INF,-1,0,7,0
5120,1,1,-2.321,34.495,-0.22,3.22,-0.22,3.22,INF,-1,0,7,0
5140,1,1,-2.890,35.025,-0.27,3.27,-0.27,3.27,INF,-1,0,7,0
5160,1,1,-3.564,33.456,-0.33,3.12,-0.33,3.12,INF,-1,1,7,0
5180,1,1,-3.350,34.120,-0.31,3.19,-0.31,3.19,INF,-1,1,7,0
5200,1,1,-1.560,36.279,-0.15,3.39,-0.15,3.39,INF,-1,1,7,0
5220,1,1,-3.167,33.921,-0.30,3.17,-0.30,3.17,INF,-1,1,7,0
5240,1,1,-5.269,34.054,-0.49,3.18,-0.49,3.18,INF,-1,1,7,0
5260,1,1,-5.121,32.933,-0.48,3.08,-0.48,3.08,INF,-1,1,7,0
5280,1,1,-1.111,32.694,-0.10,3.05,-0.10,3.05,INF,-1,1,7,0
5300,1,1,-1.449,35.355,-0.14,3.30,-0.14,3.30,INF,-1,1,7,0
5320,1,1,-3.356,34.765,-0.31,3.25,-0.31,3.25,INF,-1,1,7,0
5340,1,1,-3.916,33.278,-0.37,3.11,-0.37,3.11,INF,-1,1,7,0
5360,1,1,-3.221,33.539,-0.30,3.13,-0.30,3.13,INF,-1,1,7,0
5380,1,1,-3.526,33.152,-0.33,3.10,-0.33,3.10,INF,-1,1,7,0
5400,1,1,-3.398,32.775,-0.32,3.06,-0.32,3.06,INF,-1,1,7,0
5420,1,1,-3.593,33.872,-0.34,3.16,-0.34,3.16,INF,-1,1,7,0
5440,1,1,-4.512,32.867,-0.42,3.07,-0.42,3.07,INF,-1,1,7,0
5460,1,1,-4.034,33.050,-0.38,3.09,-0.38,3.09,INF,-1,1,7,0
5480,1,1,-1.556,33.440,-0.15,3.12,-0.15,3.12,INF,-1,1,7,0
5500,1,1,-2.333,34.000,-0.22,3.17,-0.22,3.17,INF,-1,1,7,0
5520,1,1,-1.148,32.844,-0.11,3.07,-0.11,3.07,INF,-1,1,7,0
5540,1,1,-3.247,32.716,-0.30,3.05,-0.30,3.06,INF,-1,1,7,0
5560,1,1,-5.274,33.417,-0.49,3.12,-0.49,3.12,INF,-1,1,7,0
5580,1,1,49.902,21.429,4.65,2.00,4.65,2.00,INF,-1,1,7,0
5600,1,1,56.292,18.717,5.25,1.74,5.24,1.75,INF,-1,1,7,0
5620,1,1,57.942,22.099,5.40,2.06,5.40,2.06,INF,-1,0,7,0
5640,1,1,58.598,21.019,5.46,1.95,5.46,1.96,INF,-1,0,7,0
5660,1,1,55.622,21.225,5.18,1.97,5.18,1.98,INF,-1,0,7,0
5680,1,1,57.376,20.252,5.35,1.88,5.34,1.89,INF,-1,0,7,0
5700,1,1,58.268,18.607,5.43,1.73,5.43,1.74,INF,-1,0,7,0
5720,1,1,57.080,19.929,5.32,1.85,5.32,1.86,INF,-1,0,7,0
5740,1,1,56.480,18.670,5.26,1.74,5.26,1.74,INF,-1,0,7,0
5760,1,1,57.920,19.447,5.40,1.81,5.39,1.82,INF,-1,0,7,0
5780,1,1,56.764,18.469,5.29,1.72,5.29,1.73,INF,-1,0,7,0
5800,1,1,56.044,18.536,5.22,1.72,5.22,1.73,INF,-1,0,7,0
5820,1,1,58.120,19.655,5.42,1.83,5.41,1.84,INF,-1,0,7,0
5840,1,1,57.506,20.045,5.36,1.86,5.36,1.87,INF,-1,0,7,0
5860,1,1,56.405,22.322,5.26,2.08,5.25,2.09,INF,-1,1,7,0
5880,1,1,58.227,22.058,5.43,2.05,5.42,2.06,INF,-1,1,7,0
5900,1,1,57.531,21.286,5.36,1.98,5.36,1.99,INF,-1,1,7,0
5920,1,1,57.441,21.761,5.35,2.02,5.35,2.03,INF,-1,1,7,0
5940,1,1,56.136,21.775,5.23,2.03,5.23,2.03,INF,-1,1,7,0
5960,1,1,54.901,20.108,5.12,1.87,5.12,1.88,INF,-1,1,7,0
5980,1,1,51.113,8.963,4.77,0.83,4.77,0.84,INF,-1,1,7,0
6000,1,1,52.287,11.479,4.88,1.07,4.87,1.07,INF,-1,1,7,0
6020,1,1,52.804,8.358,4.92,0.78,4.92,0.78,INF,-1,1,7,0
6040,1,1,54.262,10.554,5.06,0.98,5.06,0.99,INF,-1,1,7,0
6060,1,1,53.207,10.552,4.96,0.98,4.96,0.99,INF,-1,1,7,0
6080,1,1,52.501,10.664,4.90,0.99,4.89,1.00,INF,-1,1,7,0
6100,1,1,53.288,12.763,4.97,1.19,4.97,1.19,INF,-1,1,7,0
6120,1,1,54.292,11.610,5.06,1.08,5.06,1.08,INF,-1,1,7,0
6140,1,1,53.535,11.843,4.99,1.10,4.99,1.11,INF,-1,1,7,0
6160,1,1,51.963,12.234,4.85,1.14,4.84,1.14,INF,-1,1,7,0
6180,1,1,53.037,10.758,4.94,1.00,4.94,1.01,INF,-1,1,7,0
6200,1,1,51.684,10.761,4.82,1.00,4.82,1.01,INF,-1,1,7,0
6220,1,1,52.924,12.460,4.93,1.16,4.93,1.16,INF,-1,1,7,0
6240,1,1,52.526,11.278,4.90,1.05,4.90,1.05,INF,-1,1,7,0
6260,1,1,51.671,9.478,4.82,0.88,4.82,0.89,INF,-1,1,7,0
6280,1,1,48.145,-3.326,4.49,-0.31,4.49,-0.31,INF,-1,1,7,0
6300,1,1,49.881,-3.876,4.65,-0.36,4.65,-0.36,INF,-1,0,7,0
6320,1,1,49.688,-3.354,4.63,-0.31,4.63,-0.31,INF,-1,0,7,0
6340,1,1,49.782,-3.107,4.64,-0.29,4.64,-0.29,INF,-1,0,7,0
6360,1,1,48.316,-4.875,4.51,-0.45,4.51,-0.46,INF,-1,0,7,0
6380,1,1,47.177,-6.491,4.40,-0.60,4.40,-0.61,INF,-1,0,7,0
6400,1,1,49.112,-3.120,4.58,-0.29,4.58,-0.29,INF,-1,0,7,0
6420,1,1,49.123,-3.540,4.58,-0.33,4.58,-0.33,INF,-1,0,7,0
6440,1,1,49.523,-3.588,4.62,-0.33,4.62,-0.34,INF,-1,0,7,0
6460,1,1,49.616,-4.288,4.63,-0.40,4.63,-0.40,INF,-1,0,7,0
6480,1,1,48.449,-4.575,4.52,-0.43,4.52,-0.43,INF,-1,0,7,0
6500,1,1,48.444,-3.749,4.52,-0.35,4.52,-0.35,INF,-1,0,7,0
6520,1,1,49.366,-3.784,4.60,-0.35,4.60,-0.35,INF,-1,0,7,0
6540,1,1,49.881,-4.843,4.65,-0.45,4.65,-0.45,INF,-1,0,7,0
6560,1,1,45.553,-9.017,4.25,-0.84,4.25,-0.84,INF,-1,1,7,0
6580,1,1,36.602,-17.171,3.42,-1.60,3.42,-1.60,INF,-1,1,7,0
6600,1,1,38.837,-16.198,3.63,-1.51,3.62,-1.51,INF,-1,1,7,0
6620,1,1,38.614,-16.631,3.60,-1.55,3.60,-1.55,INF,-1,0,7,0
6640,1,1,37.554,-15.027,3.51,-1.40,3.50,-1.40,INF,-1,0,7,0
6660,1,1,35.897,-16.858,3.35,-1.57,3.35,-1.58,INF,-1,0,7,0
6680,1,1,37.922,-16.235,3.54,-1.51,3.54,-1.52,INF,-1,0,7,0
6700,1,1,37.812,-16.830,3.53,-1.57,3.53,-1.57,INF,-1,0,7,0
6720,1,1,40.162,-15.987,3.75,-1.49,3.75,-1.49,INF,-1,0,7,0
6740,1,1,36.811,-17.255,3.44,-1.61,3.44,-1.61,INF,-1,0,7,0
6760,1,1,39.013,-15.809,3.64,-1.47,3.64,-1.48,INF,-1,0,7,0
6780,1,1,39.385,-15.931,3.68,-1.49,3.67,-1.49,INF,-1,0,7,0
6800,1,1,39.054,-16.610,3.65,-1.55,3.64,-1.55,INF,-1,0,7,0
6820,1,1,37.609,-14.808,3.51,-1.38,3.51,-1.38,INF,-1,0,7,0
6840,1,1,37.385,-16.116,3.49,-1.50,3.49,-1.51,INF,-1,0,7,0
6860,1,1,37.152,-15.583,3.47,-1.45,3.47,-1.46,INF,-1,1,7,0
6880,1,1,10.409,-32.109,0.97,-3.00,0.97,-3.00,INF,-1,1,7,0
6900,1,1,15.196,-25.717,1.42,-2.40,1.42,-2.40,INF,-1,1,7,0
6920,1,1,17.077,-25.630,1.60,-2.39,1.59,-2.39,INF,-1,0,7,0
6940,1,1,17.502,-26.301,1.64,-2.46,1.63,-2.46,INF,-1,0,7,0
6960,1,1,15.700,-25.834,1.47,-2.41,1.47,-2.41,INF,-1,0,7,0
6980,1,1,14.878,-25.203,1.39,-2.35,1.39,-2.35,INF,-1,0,7,0
7000,1,1,16.364,-26.514,1.53,-2.48,1.53,-2.48,INF,-1,0,7,0
7020,1,1,16.592,-23.409,1.55,-2.19,1.55,-2.19,INF,-1,0,7,0
7040,1,1,17.670,-25.322,1.65,-2.36,1.65,-2.37,INF,-1,0,7,0
7060,1,1,14.853,-26.096,1.39,-2.44,1.39,-2.44,INF,-1,0,7,0
7080,1,1,-20.333,-38.433,-1.90,-3.59,-1.90,-3.59,INF,-1,0,7,0
7100,1,1,-12.677,-32.820,-1.18,-3.06,-1.18,-3.06,INF,-1,0,7,0
7120,1,1,-13.126,-34.501,-1.23,-3.22,-1.22,-3.22,INF,-1,0,7,0
7140,1,1,-13.683,-35.532,-1.28,-3.32,-1.28,-3.32,INF,-1,0,7,0
7160,1,1,-14.827,-36.629,-1.39,-3.42,-1.38,-3.42,INF,-1,0,7,0
7180,1,1,-16.249,-36.651,-1.52,-3.42,-1.52,-3.42,INF,-1,0,7,0
7200,1,1,-17.077,-36.142,-1.60,-3.37,-1.59,-3.37,INF,-1,0,7,0
7220,1,1,-17.007,-37.857,-1.59,-3.53,-1.59,-3.53,INF,-1,0,7,0
7240,1,1,-14.560,-34.895,-1.36,-3.26,-1.36,-3.26,INF,-1,0,7,0
7260,1,1,-15.965,-35.862,-1.49,-3.35,-1.49,-3.35,INF,-1,0,7,0
7280,1,1,-16.215,-37.321,-1.52,-3.48,-1.51,-3.48,INF,-1,0,7,0
7300,1,1,-1.628,-36.727,-0.15,-3.43,-0.15,-3.43,INF,-1,0,7,0
7320,1,1,18.044,-36.447,1.69,-3.40,1.68,-3.40,INF,-1,0,7,0
7340,1,1,17.653,-35.102,1.65,-3.28,1.65,-3.28,INF,-1,1,7,0
7360,1,1,17.081,-35.707,1.60,-3.33,1.59,-3.33,INF,-1,0,7,0
7380,1,1,16.750,-37.890,1.57,-3.54,1.56,-3.54,INF,-1,0,7,0
7400,1,1,17.500,-36.131,1.64,-3.37,1.63,-3.37,INF,-1,0,7,0
7420,1,1,15.651,-38.294,1.46,-3.57,1.46,-3.57,INF,-1,0,7,0
7440,1,1,19.739,-35.308,1.84,-3.29,1.84,-3.30,INF,-1,0,7,0
7460,1,1,17.437,-37.202,1.63,-3.47,1.63,-3.47,INF,-1,0,7,0
7480,1,1,17.232,-37.634,1.61,-3.51,1.61,-3.51,INF,-1,0,7,0
7500,1,1,18.465,-36.610,1.73,-3.42,1.72,-3.42,INF,-1,0,7,0
7520,1,1,16.782,-37.423,1.57,-3.49,1.57,-3.49,INF,-1,0,7,0
7540,1,1,17.495,-37.678,1.63,-3.52,1.63,-3.52,INF,-1,0,7,0
7560,1,1,15.410,-38.890,1.44,-3.63,1.44,-3.63,INF,-1,0,7,0
7580,1,1,14.875,-38.863,1.39,-3.63,1.39,-3.63,INF,-1,0,7,0
7600,1,1,16.658,-38.507,1.56,-3.59,1.55,-3.59,INF,-1,1,7,0
7620,1,1,15.573,-39.312,1.46,-3.67,1.45,-3.67,INF,-1,1,7,0
7640,1,1,18.139,-39.513,1.69,-3.69,1.69,-3.69,INF,-1,1,7,0
7660,1,1,14.862,-37.911,1.39,-3.54,1.39,-3.54,INF,-1,1,7,0
7680,1,1,16.660,-37.338,1.56,-3.48,1.55,-3.49,INF,-1,1,7,0
7700,1,1,14.615,-39.503,1.37,-3.69,1.36,-3.69,INF,-1,1,7,0
7720,1,1,21.218,-36.624,1.98,-3.42,1.98,-3.42,INF,-1,1,7,0
7740,1,1,19.686,-37.560,1.84,-3.50,1.84,-3.51,INF,-1,1,7,0
7760,1,1,21.240,-38.591,1.98,-3.60,1.98,-3.60,INF,-1,1,7,0
7780,1,1,21.836,-37.199,2.04,-3.47,2.04,-3.47,INF,-1,1,7,0
7800,1,1,19.947,-36.286,1.86,-3.39,1.86,-3.39,INF,-1,1,7,0
7820,1,1,21.529,-36.668,2.01,-3.42,2.01,-3.42,INF,-1,1,7,0
7840,1,1,22.521,-37.232,2.10,-3.47,2.10,-3.48,INF,-1,1,7,0
7860,1,1,20.004,-40.183,1.87,-3.75,1.87,-3.75,INF,-1,1,7,0
7880,1,1,20.039,-39.376,1.87,-3.67,1.87,-3.68,INF,-1,1,7,0
7900,1,1,21.221,-38.511,1.98,-3.59,1.98,-3.59,INF,-1,1,7,0
7920,1,1,20.012,-38.617,1.87,-3.60,1.87,-3.60,INF,-1,1,7,0
7940,1,1,6.704,-42.803,0.63,-3.99,0.63,-3.99,INF,-1,1,7,0
7960,1,1,6.278,-45.356,0.59,-4.23,0.59,-4.23,INF,-1,1,7,0
7980,1,1,6.201,-44.785,0.58,-4.18,0.58,-4.18,INF,-1,0,7,0
8000,1,1,8.150,-44.197,0.76,-4.12,0.76,-4.12,INF,-1,0,7,0
8020,1,1,6.142,-42.924,0.57,-4.01,0.57,-4.01,INF,-1,0,7,0
8040,1,1,6.616,-44.442,0.62,-4.15,0.62,-4.15,INF,-1,0,7,0
8060,1,1,6.337,-45.606,0.59,-4.25,0.59,-4.25,INF,-1,0,7,0
8080,1,1,6.762,-41.877,0.63,-3.91,0.63,-3.91,INF,-1,0,7,0
8100,1,1,9.997,-42.420,0.93,-3.96,0.93,-3.96,INF,-1,0,7,0
8120,1,1,7.348,-45.159,0.69,-4.21,0.68,-4.21,INF,-1,0,7,0
8140,1,1,7.131,-44.182,0.67,-4.12,0.66,-4.12,INF,-1,0,7,0
8160,1,1,8.030,-43.475,0.75,-4.06,0.75,-4.06,INF,-1,0,7,0
8180,1,1,7.493,-42.796,0.70,-3.99,0.70,-3.99,INF,-1,0,7,0
8200,1,1,7.587,-43.144,0.71,-4.03,0.71,-4.03,INF,-1,0,7,0
8220,1,1,7.245,-44.563,0.68,-4.16,0.68,-4.16,INF,-1,1,7,0
8240,1,1,8.303,-46.273,0.78,-4.32,0.77,-4.32,INF,-1,1,7,0
8260,1,1,8.078,-43.690,0.75,-4.08,0.75,-4.08,INF,-1,1,7,0
8280,1,1,6.630,-44.651,0.62,-4.17,0.62,-4.17,INF,-1,1,7,0
8300,1,1,7.252,-44.250,0.68,-4.13,0.68,-4.13,INF,-1,1,7,0
8320,1,1,6.918,-43.528,0.65,-4.06,0.64,-4.06,INF,-1,1,7,0
8340,1,1,6.498,-44.284,0.61,-4.13,0.61,-4.13,INF,-1,1,7,0
8360,1,1,10.096,-42.639,0.94,-3.98,0.94,-3.98,INF,-1,1,7,0
8380,1,1,6.202,-46.386,0.58,-4.33,0.58,-4.33,INF,-1,1,7,0
8400,1,1,7.205,-45.433,0.67,-4.24,0.67,-4.24,INF,-1,1,7,0
8420,1,1,10.089,-44.046,0.94,-4.11,0.94,-4.11,INF,-1,1,7,0
8440,1,1,9.776,-43.897,0.91,-4.10,0.91,-4.10,INF,-1,1,7,0
8460,1,1,9.544,-44.922,0.89,-4.19,0.89,-4.19,INF,-1,1,7,0
8480,1,1,9.224,-44.415,0.86,-4.14,0.86,-4.14,INF,-1,1,7,0
8500,1,1,8.579,-46.235,0.80,-4.31,0.80,-4.31,INF,-1,1,7,0
8520,1,1,10.586,-43.534,0.99,-4.06,0.99,-4.06,INF,-1,1,7,0
8540,1,1,9.129,-44.289,0.85,-4.13,0.85,-4.13,INF,-1,1,7,0
8560,1,1,52.874,-35.435,4.93,-3.30,4.92,-3.31,INF,-1,1,7,0
8580,1,1,61.756,-32.716,5.75,-3.04,5.74,-3.06,INF,-1,1,7,0
8600,1,1,61.740,-31.771,5.75,-2.95,5.74,-2.97,INF,-1,0,7,0
8620,1,1,57.866,-30.881,5.39,-2.87,5.39,-2.88,INF,-1,0,7,0
8640,1,1,61.182,-33.533,5.70,-3.12,5.69,-3.13,INF,-1,0,7,0
8660,1,1,61.348,-33.398,5.72,-3.10,5.71,-3.12,INF,-1,0,7,0
8680,1,1,57.836,-32.964,5.39,-3.06,5.38,-3.08,INF,-1,0,7,0
8700,1,1,59.252,-32.078,5.52,-2.98,5.51,-3.00,INF,-1,0,7,0
8720,1,1,61.574,-33.575,5.74,-3.12,5.73,-3.14,INF,-1,0,7,0
8740,1,1,58.617,-32.191,5.46,-2.99,5.45,-3.01,INF,-1,0,7,0
8760,1,1,58.945,-34.881,5.49,-3.24,5.48,-3.26,INF,-1,0,7,0
8780,1,1,60.281,-32.950,5.62,-3.06,5.61,-3.08,INF,-1,0,7,0
8800,1,1,59.639,-32.434,5.56,-3.01,5.55,-3.03,INF,-1,0,7,0
8820,1,1,59.654,-32.839,5.56,-3.05,5.55,-3.07,INF,-1,0,7,0
8840,1,1,57.427,-24.368,5.35,-2.27,5.35,-2.28,INF,-1,1,7,0
8860,1,1,57.594,-25.390,5.37,-2.36,5.36,-2.37,INF,-1,1,7,0
8880,1,1,57.921,-26.197,5.40,-2.44,5.39,-2.45,INF,-1,1,7,0
8900,1,1,57.173,-26.794,5.33,-2.49,5.32,-2.50,INF,-1,1,7,0
8920,1,1,57.311,-25.517,5.34,-2.37,5.34,-2.38,INF,-1,1,7,0
8940,1,1,55.984,-25.794,5.22,-2.40,5.21,-2.41,INF,-1,1,7,0
8960,1,1,56.013,-23.830,5.22,-2.22,5.22,-2.23,INF,-1,1,7,0
8980,1,1,56.501,-25.909,5.27,-2.41,5.26,-2.42,INF,-1,1,7,0
9000,1,1,57.703,-25.637,5.38,-2.38,5.37,-2.39,INF,-1,1,7,0
9020,1,1,55.970,-25.561,5.22,-2.38,5.21,-2.39,INF,-1,1,7,0
9040,1,1,55.821,-25.232,5.20,-2.35,5.20,-2.36,INF,-1,1,7,0
9060,1,1,57.847,-24.048,5.39,-2.24,5.39,-2.25,INF,-1,1,7,0
9080,1,1,58.537,-24.961,5.45,-2.32,5.45,-2.33,INF,-1,1,7,0
9100,1,1,54.227,-24.206,5.06,-2.25,5.05,-2.26,INF,-1,1,7,0
9120,1,1,56.005,-24.695,5.22,-2.30,5.22,-2.31,INF,-1,1,7,0
9140,1,1,56.050,-22.158,5.22,-2.06,5.22,-2.07,INF,-1,1,7,0
9160,1,1,56.764,-23.646,5.29,-2.20,5.29,-2.21,INF,-1,1,7,0
9180,1,1,55.660,-25.595,5.19,-2.38,5.18,-2.39,INF,-1,1,7,0
9200,1,1,57.564,-23.216,5.36,-2.16,5.36,-2.17,INF,-1,1,7,0
9220,1,1,55.567,-24.591,5.18,-2.29,5.18,-2.30,INF,-1,1,7,0
9240,1,1,55.652,-22.580,5.19,-2.10,5.18,-2.11,INF,-1,1,7,0
9260,1,1,57.251,-22.282,5.34,-2.07,5.33,-2.08,INF,-1,1,7,0
9280,1,1,53.692,-22.949,5.01,-2.14,5.00,-2.14,INF,-1,0,7,0
9300,1,1,53.347,-24.773,4.97,-2.31,4.97,-2.31,INF,-1,0,7,0
9320,1,1,53.301,-23.456,4.97,-2.18,4.97,-2.19,INF,-1,0,7,0
9340,1,1,57.077,-21.702,5.32,-2.02,5.32,-2.03,INF,-1,0,7,0
9360,1,1,-4.384,-31.831,-0.41,-2.97,-0.41,-2.97,INF,-1,0,7,0
9380,1,1,-37.632,-20.188,-3.51,-1.88,-3.51,-1.89,INF,-1,0,7,0
9400,1,1,-38.733,-19.577,-3.62,-1.83,-3.61,-1.83,INF,-1,0,7,0
9420,1,1,-40.683,-21.565,-3.80,-2.01,-3.79,-2.01,INF,-1,0,7,0
9440,1,1,-39.863,-19.787,-3.72,-1.84,-3.72,-1.85,INF,-1,0,7,0
9460,1,1,-40.833,-19.887,-3.81,-1.85,-3.81,-1.86,INF,-1,0,7,0
9480,1,1,-40.476,-20.184,-3.78,-1.88,-3.78,-1.89,INF,-1,0,7,0
9500,1,1,-38.656,-17.871,-3.61,-1.67,-3.61,-1.67,INF,-1,0,7,0
9520,1,1,-39.808,-20.230,-3.72,-1.89,-3.71,-1.89,INF,-1,0,7,0
9540,1,1,-41.254,-19.490,-3.85,-1.82,-3.85,-1.82,INF,-1,0,7,0
9560,1,1,-41.175,-18.509,-3.84,-1.73,-3.84,-1.73,INF,-1,0,7,0
9580,1,1,-52.285,-18.120,-4.88,-1.69,-4.87,-1.69,INF,-1,0,7,0
9600,1,1,-50.309,-18.247,-4.69,-1.70,-4.69,-1.70,INF,-1,0,7,0
9620,1,1,-51.362,-16.941,-4.79,-1.58,-4.79,-1.58,INF,-1,0,7,0
9640,1,1,-53.077,-18.802,-4.95,-1.75,-4.95,-1.76,INF,-1,0,7,0
9660,1,1,-49.510,-14.913,-4.62,-1.39,-4.62,-1.39,INF,-1,1,7,0
9680,1,1,-49.976,-16.612,-4.66,-1.55,-4.66,-1.55,INF,-1,1,7,0
9700,1,1,-51.272,-16.865,-4.78,-1.57,-4.78,-1.58,INF,-1,1,7,0
9720,1,1,-50.899,-14.767,-4.75,-1.38,-4.75,-1.38,INF,-1,1,7,0
9740,1,1,-51.916,-17.981,-4.84,-1.67,-4.84,-1.68,INF,-1,1,7,0
9760,1,1,-53.363,-16.159,-4.98,-1.50,-4.97,-1.51,INF,-1,1,7,0
9780,1,1,-51.663,-15.768,-4.82,-1.47,-4.82,-1.47,INF,-1,1,7,0
9800,1,1,-50.742,-13.409,-4.73,-1.25,-4.73,-1.25,INF,-1,1,7,0
9820,0,1,0.000,0.000,0.00,0.00,0.00,0.00,0.00,-1,1,7,0
9840,1,1,-52.034,-17.181,-4.85,-1.60,-4.85,-1.61,INF,-1,1,7,0
9860,1,1,-51.314,-16.762,-4.79,-1.56,-4.78,-1.57,INF,-1,1,7,0
9880,1,1,-53.578,-18.930,-5.00,-1.76,-4.99,-1.77,INF,-1,1,7,0
9900,1,1,-52.035,-16.789,-4.85,-1.56,-4.85,-1.57,INF,-1,1,7,0
9920,1,1,-54.475,-16.667,-5.08,-1.55,-5.08,-1.56,INF,-1,1,7,0
9940,1,1,-52.377,-16.026,-4.88,-1.49,-4.88,-1.50,INF,-1,1,7,0
9960,1,1,-53.736,-16.194,-5.01,-1.51,-5.01,-1.51,INF,-1,1,7,0
9980,1,1,-53.184,-14.478,-4.96,-1.35,-4.96,-1.35,INF,-1,1,7,0
10000,1,1,-53.641,-16.809,-5.00,-1.56,-5.00,-1.57,INF,-1,0,7,0
10020,1,1,-53.920,-16.192,-5.03,-1.51,-5.03,-1.51,INF,-1,0,7,0
10040,1,1,-50.892,-14.183,-4.75,-1.32,-4.74,-1.33,INF,-1,0,7,0
10060,1,1,-52.285,-12.805,-4.88,-1.19,-4.87,-1.20,INF,-1,0,7,0
10080,1,1,-53.059,-14.358,-4.95,-1.34,-4.95,-1.34,INF,-1,0,7,0
10100,1,1,-51.923,-13.872,-4.84,-1.29,-4.84,-1.30,INF,-1,0,7,0
10120,1,1,-50.629,-13.467,-4.72,-1.25,-4.72,-1.26,INF,-1,0,7,0
10140,1,1,-51.379,-14.253,-4.79,-1.33,-4.79,-1.33,INF,-1,0,7,0
10160,1,1,-50.718,-12.057,-4.73,-1.12,-4.73,-1.13,INF,-1,0,7,0
10180,1,1,-52.569,-15.451,-4.90,-1.44,-4.90,-1.44,INF,-1,0,7,0
10200,1,1,-52.723,-14.758,-4.92,-1.37,-4.91,-1.38,INF,-1,0,7,0
10220,1,1,-52.830,-15.353,-4.93,-1.43,-4.92,-1.43,INF,-1,0,7,0
10240,1,1,-53.244,-14.460,-4.96,-1.35,-4.96,-1.35,INF,-1,1,7,0
10260,1,1,-54.090,-13.105,-5.04,-1.22,-5.04,-1.22,INF,-1,1,7,0
10280,1,1,-55.112,-12.318,-5.14,-1.15,-5.14,-1.15,INF,-1,1,7,0
10300,1,1,-59.838,-3.704,-5.58,-0.34,-5.58,-0.35,INF,-1,1,7,0
10320,1,1,-61.371,-5.748,-5.72,-0.53,-5.72,-0.54,INF,-1,1,7,0
10340,1,1,-60.365,-6.417,-5.62,-0.60,-5.62,-0.60,INF,-1,0,7,0
10360,1,1,-59.580,-5.732,-5.55,-0.53,-5.55,-0.54,INF,-1,0,7,0
10380,1,1,-59.636,-4.898,-5.56,-0.46,-5.56,-0.46,INF,-1,0,7,0
10400,1,1,-60.413,-7.637,-5.63,-0.71,-5.63,-0.71,INF,-1,0,7,0
10420,1,1,-62.234,-7.924,-5.80,-0.74,-5.80,-0.74,INF,-1,0,7,0
10440,1,1,-61.510,-5.818,-5.73,-0.54,-5.73,-0.54,INF,-1,0,7,0
10460,1,1,-61.014,-5.636,-5.68,-0.52,-5.68,-0.53,INF,-1,0,7,0
10480,1,1,-62.118,-6.380,-5.79,-0.59,-5.79,-0.60,INF,-1,0,7,0
10500,1,1,-60.895,-6.532,-5.67,-0.61,-5.67,-0.61,INF,-1,0,7,0
10520,1,1,-61.475,-6.537,-5.73,-0.61,-5.73,-0.61,INF,-1,0,7,0
10540,1,1,-62.255,-7.493,-5.80,-0.70,-5.80,-0.70,INF,-1,0,7,0
10560,1,1,-61.226,-6.785,-5.70,-0.63,-5.70,-0.63,INF,-1,0,7,0
10580,1,1,-63.166,-7.965,-5.88,-0.74,-5.88,-0.74,INF,-1,1,7,0
10600,1,1,-62.070,-8.166,-5.78,-0.76,-5.78,-0.76,INF,-1,1,7,0
10620,1,1,-61.621,-5.835,-5.74,-0.54,-5.74,-0.55,INF,-1,1,7,0
10640,1,1,-61.085,-7.517,-5.69,-0.70,-5.69,-0.70,INF,-1,1,7,0
10660,1,1,-59.554,-6.653,-5.55,-0.62,-5.55,-0.62,INF,-1,1,7,0
10680,1,1,-60.915,-6.986,-5.67,-0.65,-5.67,-0.65,INF,-1,1,7,0
10700,1,1,-62.510,-7.734,-5.82,-0.72,-5.82,-0.72,INF,-1,1,7,0
10720,1,1,-63.169,-8.712,-5.88,-0.81,-5.88,-0.81,INF,-1,1,7,0
10740,1,1,-63.277,-8.804,-5.89,-0.82,-5.89,-0.82,INF,-1,1,7,0
10760,1,1,-61.935,-8.056,-5.77,-0.75,-5.77,-0.75,INF,-1,1,7,0
10780,0,1,0.000,0.000,0.00,0.00,0.00,0.00,0.00,-1,1,7,0
10800,1,1,-63.749,-8.103,-5.94,-0.75,-5.94,-0.76,INF,-1,1,7,0
10820,1,1,-60.802,-8.973,-5.66,-0.83,-5.66,-0.84,INF,-1,1,7,0
10840,1,1,-62.853,-10.009,-5.85,-0.93,-5.85,-0.94,INF,-1,1,7,0
10860,1,1,-63.367,-10.429,-5.90,-0.97,-5.90,-0.97,INF,-1,1,7,0
10880,1,1,-61.107,-8.623,-5.69,-0.80,-5.69,-0.81,INF,-1,1,7,0
10900,1,1,-61.573,-7.991,-5.74,-0.74,-5.74,-0.75,INF,-1,1,7,0
10920,1,1,-59.317,-8.201,-5.53,-0.76,-5.53,-0.77,INF,-1,1,7,0
10940,1,1,-47.749,9.246,-4.45,0.86,-4.45,0.86,INF,-1,1,7,0
10960,1,1,-46.144,10.970,-4.30,1.02,-4.30,1.03,INF,-1,1,7,0
10980,1,1,-46.981,9.072,-4.38,0.85,-4.38,0.85,INF,-1,0,7,0
11000,1,1,-48.630,10.295,-4.54,0.96,-4.54,0.96,INF,-1,0,7,0
11020,1,1,-46.231,8.040,-4.31,0.75,-4.31,0.75,INF,-1,0,7,0
11040,1,1,-47.048,10.776,-4.39,1.00,-4.39,1.01,INF,-1,0,7,0
11060,1,1,-44.443,9.983,-4.15,0.93,-4.15,0.93,INF,-1,0,7,0
11080,1,1,-43.863,10.779,-4.09,1.00,-4.09,1.01,INF,-1,0,7,0
11100,1,1,-46.168,10.340,-4.31,0.96,-4.31,0.97,INF,-1,0,7,0
11120,1,1,-45.994,8.875,-4.29,0.83,-4.29,0.83,INF,-1,0,7,0
11140,1,1,-45.490,8.475,-4.24,0.79,-4.24,0.79,INF,-1,0,7,0
11160,1,1,-34.113,10.739,-3.19,1.00,-3.18,1.00,INF,-1,0,7,0
11180,1,1,-21.380,13.238,-2.00,1.24,-2.00,1.24,INF,-1,0,7,0
11200,1,1,-20.122,13.834,-1.88,1.29,-1.88,1.29,INF,-1,0,7,0
11220,1,1,-20.131,14.958,-1.88,1.40,-1.88,1.40,INF,-1,0,7,0
11240,1,1,-19.588,13.465,-1.83,1.26,-1.83,1.26,INF,-1,0,7,0
11260,1,1,-21.500,13.902,-2.01,1.30,-2.01,1.30,INF,-1,0,7,0
11280,1,1,-20.975,13.171,-1.96,1.23,-1.96,1.23,INF,-1,0,7,0
11300,1,1,-21.031,13.112,-1.96,1.22,-1.96,1.23,INF,-1,0,7,0
11320,1,1,-21.577,12.411,-2.02,1.16,-2.02,1.16,INF,-1,0,7,0
11340,1,1,-21.006,13.658,-1.96,1.28,-1.96,1.28,INF,-1,1,7,0
11360,1,1,-21.485,13.565,-2.01,1.27,-2.01,1.27,INF,-1,1,7,0
11380,1,1,-21.948,13.793,-2.05,1.29,-2.05,1.29,INF,-1,1,7,0
11400,1,1,-21.679,10.743,-2.03,1.00,-2.03,1.00,INF,-1,1,7,0
11420,1,1,-20.688,12.827,-1.93,1.20,-1.93,1.20,INF,-1,1,7,0
11440,1,1,-21.044,12.547,-1.97,1.17,-1.97,1.17,INF,-1,1,7,0
11460,1,1,-18.968,10.506,-1.77,0.98,-1.77,0.98,INF,-1,1,7,0
11480,1,1,-1.343,13.403,-0.13,1.25,-0.13,1.25,INF,-1,1,7,0
11500,1,1,-3.792,13.380,-0.35,1.25,-0.35,1.25,INF,-1,0,7,0
11520,1,1,-2.469,12.582,-0.23,1.18,-0.23,1.18,INF,-1,0,7,0
11540,1,1,-3.318,12.410,-0.31,1.16,-0.31,1.16,INF,-1,0,7,0
11560,1,1,-2.282,13.003,-0.21,1.22,-0.21,1.22,INF,-1,0,7,0
11580,1,1,-1.682,13.375,-0.16,1.25,-0.16,1.25,INF,-1,0,7,0
11600,1,1,-1.041,14.181,-0.10,1.33,-0.10,1.33,INF,-1,0,7,0
11620,1,1,-4.016,12.064,-0.38,1.13,-0.38,1.13,INF,-1,0,7,0
11640,1,1,-1.806,13.725,-0.17,1.28,-0.17,1.28,INF,-1,0,7,0
11660,1,1,-2.563,13.828,-0.24,1.29,-0.24,1.29,INF,-1,0,7,0
11680,1,1,-3.452,12.573,-0.32,1.17,-0.32,1.17,INF,-1,0,7,0
11700,1,1,-3.918,13.065,-0.37,1.22,-0.37,1.22,INF,-1,0,7,0
11720,1,1,-4.339,13.898,-0.41,1.30,-0.41,1.30,INF,-1,0,7,0
11740,1,1,-3.411,12.291,-0.32,1.15,-0.32,1.15,INF,-1,0,7,0
11760,1,1,-3.575,13.532,-0.33,1.26,-0.33,1.26,INF,-1,1,7,0
11780,1,1,-2.372,12.541,-0.22,1.17,-0.22,1.17,INF,-1,1,7,0
11800,1,1,-3.071,13.241,-0.29,1.24,-0.29,1.24,INF,-1,1,7,0
11820,1,1,-2.027,13.988,-0.19,1.31,-0.19,1.31,INF,-1,1,7,0
11840,1,1,10.889,5.979,1.02,0.56,1.02,0.56,INF,-1,1,7,0
11860,1,1,44.971,7.876,4.20,0.73,4.20,0.74,INF,-1,1,7,0
11880,1,1,43.730,7.164,4.08,0.67,4.08,0.67,INF,-1,0,7,0
11900,1,1,45.128,7.248,4.21,0.68,4.21,0.68,INF,-1,0,7,0
11920,1,1,44.297,5.314,4.13,0.50,4.13,0.50,INF,-1,0,7,0
11940,1,1,44.982,6.893,4.20,0.64,4.20,0.64,INF,-1,0,7,0
11960,1,1,43.711,6.662,4.08,0.62,4.08,0.62,INF,-1,0,7,0
11980,1,1,45.974,5.906,4.29,0.55,4.29,0.55,INF,-1,0,7,0
12000,1,1,44.169,6.922,4.12,0.65,4.12,0.65,INF,-1,0,7,0
12020,1,1,44.156,5.983,4.12,0.56,4.12,0.56,INF,-1,0,7,0
12040,1,1,43.317,5.495,4.04,0.51,4.04,0.51,INF,-1,0,7,0
12060,1,1,42.832,6.722,4.00,0.63,4.00,0.63,INF,-1,0,7,0
12080,1,1,44.036,8.126,4.11,0.76,4.11,0.76,INF,-1,0,7,0
12100,1,1,44.413,7.203,4.14,0.67,4.14,0.67,INF,-1,0,7,0
12120,1,1,43.456,6.962,4.05,0.65,4.05,0.65,INF,-1,0,7,0
12140,1,1,42.895,7.056,4.00,0.66,4.00,0.66,INF,-1,1,7,0
12160,1,1,43.765,7.507,4.08,0.70,4.08,0.70,INF,-1,1,7,0
12180,1,1,45.191,4.302,4.22,0.40,4.22,0.40,INF,-1,1,7,0
12200,1,1,62.369,4.306,5.81,0.40,5.81,0.40,INF,-1,1,7,0
12220,1,1,60.697,5.833,5.65,0.54,5.65,0.55,INF,-1,1,7,0
12240,1,1,60.960,5.328,5.68,0.50,5.68,0.50,INF,-1,0,7,0
12260,1,1,61.897,4.868,5.77,0.45,5.77,0.45,INF,-1,0,7,0
12280,1,1,61.850,5.873,5.76,0.55,5.76,0.55,INF,-1,0,7,0
12300,1,1,62.593,6.016,5.83,0.56,5.83,0.56,INF,-1,0,7,0
12320,1,1,60.230,4.582,5.61,0.43,5.61,0.43,INF,-1,0,7,0
12340,1,1,60.239,7.089,5.61,0.66,5.61,0.66,INF,-1,0,7,0
12360,1,1,61.767,5.661,5.75,0.53,5.75,0.53,INF,-1,0,7,0
12380,1,1,61.233,7.061,5.70,0.66,5.70,0.66,INF,-1,0,7,0
12400,1,1,61.163,6.339,5.70,0.59,5.70,0.59,INF,-1,0,7,0
12420,1,1,60.824,5.601,5.67,0.52,5.67,0.52,INF,-1,0,7,0
12440,1,1,60.143,6.643,5.60,0.62,5.60,0.62,INF,-1,0,7,0
12460,1,1,61.072,6.686,5.69,0.62,5.69,0.62,INF,-1,0,7,0
12480,1,1,60.868,5.396,5.67,0.50,5.67,0.50,INF,-1,1,7,0
12500,1,1,61.438,7.183,5.72,0.67,5.72,0.67,INF,-1,1,7,0
12520,1,1,60.847,7.318,5.67,0.68,5.67,0.68,INF,-1,1,7,0
12540,1,1,60.163,5.806,5.61,0.54,5.61,0.54,INF,-1,1,7,0
12560,1,1,61.970,7.151,5.77,0.66,5.77,0.67,INF,-1,1,7,0
12580,1,1,60.426,5.466,5.63,0.51,5.63,0.51,INF,-1,1,7,0
12600,1,1,60.216,6.952,5.61,0.65,5.61,0.65,INF,-1,1,7,0
12620,1,1,61.298,6.662,5.71,0.62,5.71,0.62,INF,-1,1,7,0
12640,1,1,60.257,5.973,5.61,0.56,5.61,0.56,INF,-1,1,7,0
12660,1,1,59.666,7.904,5.56,0.74,5.56,0.74,INF,-1,1,7,0
12680,1,1,60.418,7.217,5.63,0.67,5.63,0.67,INF,-1,1,7,0
12700,1,1,54.391,2.135,5.07,0.20,5.07,0.20,INF,-1,1,7,0
12720,1,1,-31.413,10.122,-2.93,0.94,-2.93,0.95,INF,-1,1,7,0
12740,1,1,-24.893,13.534,-2.33,1.26,-2.32,1.26,INF,-1,1,7,0
12760,1,1,-25.747,16.161,-2.41,1.51,-2.40,1.51,INF,-1,0,7,0
12780,1,1,-26.858,14.598,-2.51,1.36,-2.51,1.36,INF,-1,0,7,0
12800,1,1,-26.667,16.297,-2.49,1.52,-2.49,1.52,INF,-1,0,7,0
12820,1,1,-25.575,14.249,-2.39,1.33,-2.39,1.33,INF,-1,0,7,0
12840,1,1,-27.080,17.850,-2.53,1.67,-2.53,1.67,INF,-1,0,7,0
12860,1,1,-26.589,17.341,-2.48,1.62,-2.48,1.62,INF,-1,0,7,0
12880,1,1,-27.201,17.104,-2.54,1.60,-2.54,1.60,INF,-1,0,7,0
12900,1,1,-26.066,15.884,-2.43,1.48,-2.43,1.48,INF,-1,0,7,0
12920,1,1,-26.579,15.439,-2.48,1.44,-2.48,1.44,INF,-1,0,7,0
12940,1,1,-26.830,16.978,-2.51,1.59,-2.51,1.59,INF,-1,0,7,0
12960,1,1,-20.723,13.407,-1.94,1.25,-1.94,1.25,INF,-1,0,7,0
12980,1,1,-0.737,18.692,-0.07,1.75,-0.07,1.75,INF,-1,0,7,0
13000,1,1,-0.447,19.242,-0.04,1.80,-0.04,1.80,INF,-1,0,7,0
13020,1,1,1.190,17.963,0.11,1.68,0.11,1.68,INF,-1,0,7,0
13040,1,1,-1.243,17.869,-0.12,1.67,-0.12,1.67,INF,-1,0,7,0
13060,1,1,0.445,20.735,0.04,1.94,0.04,1.94,INF,-1,0,7,0
13080,1,1,1.246,16.953,0.12,1.58,0.12,1.58,INF,-1,0,7,0
13100,1,1,0.577,18.260,0.05,1.71,0.05,1.71,INF,-1,0,7,0
13120,1,1,0.274,17.783,0.03,1.66,0.03,1.66,INF,-1,0,7,0
13140,1,1,-0.638,17.364,-0.06,1.62,-0.06,1.62,INF,-1,0,7,0
13160,1,1,-2.138,16.607,-0.20,1.55,-0.20,1.55,INF,-1,1,7,0
13180,1,1,-0.570,18.618,-0.05,1.74,-0.05,1.74,INF,-1,1,7,0
13200,1,1,-1.677,16.530,-0.16,1.54,-0.16,1.54,INF,-1,1,7,0
13220,1,1,-0.128,15.741,-0.01,1.47,-0.01,1.47,INF,-1,1,7,0
13240,1,1,-0.138,16.212,-0.01,1.51,-0.01,1.51,INF,-1,1,7,0
13260,1,1,-0.183,14.466,-0.02,1.35,-0.02,1.35,INF,-1,1,7,0
13280,1,1,-33.118,18.863,-3.09,1.76,-3.09,1.76,INF,-1,1,7,0
13300,1,1,-31.062,17.227,-2.90,1.61,-2.90,1.61,INF,-1,1,7,0
13320,1,1,-28.962,18.004,-2.71,1.68,-2.70,1.68,INF,-1,0,7,0
13340,1,1,-33.559,14.471,-3.13,1.35,-3.13,1.35,INF,-1,0,7,0
13360,1,1,-30.729,16.909,-2.87,1.58,-2.87,1.58,INF,-1,0,7,0
13380,1,1,-30.812,16.185,-2.88,1.51,-2.88,1.51,INF,-1,0,7,0
13400,1,1,-32.007,15.683,-2.99,1.46,-2.99,1.47,INF,-1,0,7,0
13420,1,1,-30.532,17.981,-2.85,1.68,-2.85,1.68,INF,-1,0,7,0
13440,1,1,-31.732,17.933,-2.96,1.67,-2.96,1.68,INF,-1,0,7,0
13460,1,1,-31.954,15.475,-2.98,1.44,-2.98,1.45,INF,-1,0,7,0
13480,1,1,-31.401,15.873,-2.93,1.48,-2.93,1.48,INF,-1,0,7,0
13500,1,1,-32.202,17.556,-3.01,1.64,-3.01,1.64,INF,-1,0,7,0
13520,1,1,-32.276,15.348,-3.01,1.43,-3.01,1.43,INF,-1,0,7,0
13540,1,1,-31.443,18.197,-2.94,1.70,-2.94,1.70,INF,-1,0,7,0
13560,1,1,-35.100,14.834,-3.28,1.38,-3.28,1.39,INF,-1,1,7,0
13580,1,1,-53.185,-17.232,-4.96,-1.60,-4.96,-1.61,INF,-1,1,7,0
13600,1,1,-50.153,-16.018,-4.68,-1.49,-4.68,-1.50,INF,-1,1,7,0
13620,1,1,-48.624,-16.650,-4.54,-1.55,-4.53,-1.56,INF,-1,0,7,0
13640,1,1,-49.054,-16.199,-4.58,-1.51,-4.57,-1.51,INF,-1,0,7,0
13660,1,1,-50.704,-20.021,-4.73,-1.86,-4.73,-1.87,INF,-1,0,7,0
13680,1,1,-49.133,-17.180,-4.58,-1.60,-4.58,-1.61,INF,-1,0,7,0
13700,1,1,-49.186,-18.472,-4.59,-1.72,-4.59,-1.73,INF,-1,0,7,0
13720,1,1,-50.532,-17.699,-4.71,-1.65,-4.71,-1.65,INF,-1,0,7,0
13740,1,1,-48.912,-16.904,-4.56,-1.57,-4.56,-1.58,INF,-1,0,7,0
13760,1,1,-50.946,-18.178,-4.75,-1.69,-4.75,-1.70,INF,-1,0,7,0
13780,1,1,-49.705,-18.162,-4.64,-1.69,-4.63,-1.70,INF,-1,0,7,0
13800,1,1,-49.675,-18.370,-4.63,-1.71,-4.63,-1.72,INF,-1,0,7,0
13820,1,1,-51.901,-17.917,-4.84,-1.67,-4.84,-1.67,INF,-1,0,7,0
13840,1,1,-51.992,-17.641,-4.85,-1.64,-4.85,-1.65,INF,-1,0,7,0
13860,1,1,-48.694,-14.873,-4.54,-1.39,-4.54,-1.39,INF,-1,1,7,0
13880,1,1,-51.376,-18.046,-4.79,-1.68,-4.79,-1.69,INF,-1,1,7,0
13900,1,1,-50.794,-18.221,-4.74,-1.70,-4.73,-1.70,INF,-1,1,7,0
13920,1,1,-49.926,-16.034,-4.66,-1.49,-4.65,-1.50,INF,-1,1,7,0
13940,1,1,-51.482,-18.249,-4.80,-1.70,-4.80,-1.71,INF,-1,1,7,0
13960,1,1,-51.449,-17.393,-4.80,-1.62,-4.80,-1.63,INF,-1,1,7,0
13980,1,1,-52.746,-17.253,-4.92,-1.61,-4.92,-1.61,INF,-1,1,7,0
14000,1,1,-50.103,-15.691,-4.67,-1.46,-4.67,-1.47,INF,-1,1,7,0
14020,1,1,-51.462,-17.350,-4.80,-1.62,-4.80,-1.62,INF,-1,1,7,0
14040,1,1,-51.754,-17.326,-4.83,-1.61,-4.82,-1.62,INF,-1,1,7,0
14060,1,1,-51.424,-16.718,-4.80,-1.56,-4.79,-1.56,INF,-1,1,7,0
14080,1,1,-51.076,-16.297,-4.76,-1.52,-4.76,-1.52,INF,-1,1,7,0
14100,1,1,-51.786,-16.496,-4.83,-1.54,-4.83,-1.54,INF,-1,1,7,0
14120,1,1,-52.301,-15.788,-4.88,-1.47,-4.88,-1.48,INF,-1,1,7,0
14140,1,1,-51.107,-18.713,-4.77,-1.74,-4.76,-1.75,INF,-1,1,7,0
14160,1,1,-49.692,-16.602,-4.63,-1.55,-4.63,-1.55,INF,-1,1,7,0
14180,1,1,-49.870,-17.228,-4.65,-1.60,-4.65,-1.61,INF,-1,1,7,0
14200,1,1,-49.832,-15.997,-4.65,-1.49,-4.65,-1.49,INF,-1,1,7,0
14220,1,1,-49.616,-16.429,-4.63,-1.53,-4.63,-1.54,INF,-1,1,7,0
14240,1,1,-49.663,-16.782,-4.63,-1.56,-4.63,-1.57,INF,-1,1,7,0
14260,1,1,-50.582,-15.801,-4.72,-1.47,-4.72,-1.48,INF,-1,1,7,0
14280,1,1,-51.217,-17.006,-4.78,-1.58,-4.77,-1.59,INF,-1,1,7,0
14300,1,1,-49.020,-16.157,-4.57,-1.50,-4.57,-1.51,INF,-1,1,7,0
14320,1,1,-48.725,-15.941,-4.54,-1.48,-4.54,-1.49,INF,-1,1,7,0
14340,1,1,-50.437,-16.515,-4.70,-1.54,-4.70,-1.54,INF,-1,1,7,0
14360,1,1,-49.327,-18.236,-4.60,-1.70,-4.60,-1.70,INF,-1,1,7,0
14380,1,1,-50.082,-17.659,-4.67,-1.64,-4.67,-1.65,INF,-1,1,7,0
14400,1,1,-49.101,-16.220,-4.58,-1.51,-4.58,-1.52,INF,-1,1,7,0
14420,1,1,-50.431,-17.362,-4.70,-1.62,-4.70,-1.62,INF,-1,1,7,0
14440,1,1,-48.168,-17.273,-4.49,-1.61,-4.49,-1.61,INF,-1,1,7,0
14460,1,1,-49.508,-16.980,-4.62,-1.58,-4.62,-1.59,INF,-1,1,7,0
14480,1,1,-48.972,-15.685,-4.57,-1.46,-4.57,-1.47,INF,-1,1,7,0
14500,1,1,-47.308,-16.713,-4.41,-1.56,-4.41,-1.56,INF,-1,1,7,0
14520,1,1,-49.599,-15.835,-4.63,-1.47,-4.62,-1.48,INF,-1,1,7,0
14540,1,1,-50.028,-17.967,-4.67,-1.67,-4.66,-1.68,INF,-1,1,7,0
14560,1,1,-50.068,-18.742,-4.67,-1.75,-4.67,-1.75,INF,-1,1,7,0
14580,1,1,-49.074,-19.305,-4.58,-1.80,-4.57,-1.80,INF,-1,1,7,0
14600,1,1,-51.390,-19.815,-4.79,-1.84,-4.79,-1.85,INF,-1,1,7,0
14620,1,1,-51.458,-19.505,-4.80,-1.82,-4.80,-1.82,INF,-1,1,7,0
14640,1,1,-48.015,-18.403,-4.48,-1.71,-4.48,-1.72,INF,-1,1,7,0
14660,1,1,-48.600,-17.253,-4.53,-1.61,-4.53,-1.61,INF,-1,1,7,0
14680,1,1,-49.510,-17.996,-4.62,-1.68,-4.62,-1.68,INF,-1,1,7,0
14700,1,1,-49.855,-18.074,-4.65,-1.68,-4.65,-1.69,INF,-1,1,7,0
14720,1,1,-49.588,-18.245,-4.62,-1.70,-4.62,-1.70,INF,-1,1,7,0
14740,1,1,-50.979,-18.957,-4.75,-1.77,-4.75,-1.77,INF,-1,1,7,0
14760,1,1,-51.605,-20.530,-4.81,-1.91,-4.81,-1.92,INF,-1,1,7,0
14780,1,1,-52.194,-19.123,-4.87,-1.78,-4.86,-1.79,INF,-1,1,7,0
14800,1,1,-50.982,-20.206,-4.75,-1.88,-4.75,-1.89,INF,-1,1,7,0
14820,1,1,-48.935,-17.796,-4.56,-1.66,-4.56,-1.66,INF,-1,1,7,0
14840,1,1,-51.295,-19.369,-4.78,-1.80,-4.78,-1.81,INF,-1,1,7,0
14860,1,1,-51.147,-19.450,-4.77,-1.81,-4.77,-1.82,INF,-1,1,7,0
14880,1,1,-51.455,-19.680,-4.80,-1.83,-4.80,-1.84,INF,-1,1,7,0
14900,1,1,-51.855,-20.129,-4.84,-1.87,-4.83,-1.88,INF,-1,1,7,0
14920,1,1,-49.522,-18.627,-4.62,-1.73,-4.62,-1.74,INF,-1,1,7,0
14940,1,1,-50.632,-20.605,-4.72,-1.92,-4.72,-1.93,INF,-1,1,7,0
14960,1,1,-51.540,-21.217,-4.81,-1.98,-4.80,-1.98,INF,-1,1,7,0
14980,1,1,-50.843,-20.634,-4.74,-1.92,-4.74,-1.93,INF,-1,1,7,0
15000,1,1,-51.239,-20.520,-4.78,-1.91,-4.78,-1.92,INF,-1,1,7,0
