"EyeTracker Toolbox version","3.250"
CalibrationParameters_A11,1.23888
CalibrationParameters_A12,0.04366
CalibrationParameters_A13,0.02270
CalibrationParameters_A21,0.05312
CalibrationParameters_A22,-1.24243
CalibrationParameters_A23,0.03261
CalibrationParameters_A31,0.00017
CalibrationParameters_A32,0.00553
CalibrationParameters_E11,-0.17974
CalibrationParameters_E12,-0.00001
CalibrationParameters_E21,0.00007
CalibrationParameters_E22,0.20022
CalibrationParameters_X,-15.00354
CalibrationParameters_Y,60.72883
CalibrationParameters_Rpc,95.88081
CalibrationParameters_MeanX,181.84862
CalibrationParameters_MeanY,107.73654
CalibrationParameters_ViewDist,613.00000
TimeStamp,Tracked,Calibrated,ScreenPositionXmm,ScreenPositionYmm,FicksLongitude,FicksLatitude,HelmholtzAzimuth,HelmholtzElevation,PupilDiameter,Region,Fixation,DigitalIO,Dropped
0,1,1,-70.813,139.543,-6.59,12.74,-6.43,12.82,INF,-1,0,7,0
20,1,1,-4.714,30.984,-0.44,2.89,-0.44,2.89,INF,-1,0,7,0
40,1,1,-6.591,31.932,-0.62,2.98,-0.62,2.98,INF,-1,0,7,0
60,1,1,-6.772,31.555,-0.63,2.95,-0.63,2.95,INF,-1,0,7,0
80,1,1,-6.653,30.953,-0.62,2.89,-0.62,2.89,INF,-1,0,7,0
100,1,1,-7.380,30.333,-0.69,2.83,-0.69,2.83,INF,-1,0,7,0
120,1,1,-6.788,31.435,-0.63,2.94,-0.63,2.94,INF,-1,0,7,0
140,1,1,-6.915,30.683,-0.65,2.87,-0.65,2.87,INF,-1,0,7,0
160,1,1,-6.820,31.562,-0.64,2.95,-0.64,2.95,INF,-1,0,7,0
180,1,1,-6.111,31.659,-0.57,2.96,-0.57,2.96,INF,-1,0,7,0
200,1,1,-5.916,31.772,-0.55,2.97,-0.55,2.97,INF,-1,0,7,0
220,1,1,-8.474,29.799,-0.79,2.78,-0.79,2.78,INF,-1,0,7,0
240,1,1,-17.038,6.304,-1.59,0.59,-1.59,0.59,INF,-1,0,7,0
260,1,1,-15.953,5.370,-1.49,0.50,-1.49,0.50,INF,-1,0,7,0
280,1,1,-16.901,6.249,-1.58,0.58,-1.58,0.58,INF,-1,0,7,0
300,1,1,-16.733,7.291,-1.56,0.68,-1.56,0.68,INF,-1,0,7,0
320,1,1,-15.556,6.491,-1.45,0.61,-1.45,0.61,INF,-1,0,7,0
340,1,1,-16.725,4.901,-1.56,0.46,-1.56,0.46,INF,-1,0,7,0
360,1,1,-15.314,5.800,-1.43,0.54,-1.43,0.54,INF,-1,0,7,0
380,1,1,-16.979,5.623,-1.59,0.53,-1.59,0.53,INF,-1,0,7,0
400,1,1,-16.799,5.480,-1.57,0.51,-1.57,0.51,INF,-1,0,7,0
420,1,1,-16.757,5.949,-1.57,0.56,-1.57,0.56,INF,-1,1,7,0
440,1,1,-17.992,7.615,-1.68,0.71,-1.68,0.71,INF,-1,1,7,0
460,1,1,-17.630,5.798,-1.65,0.54,-1.65,0.54,INF,-1,1,7,0
480,1,1,-16.448,7.032,-1.54,0.66,-1.54,0.66,INF,-1,1,7,0
500,1,1,-17.219,7.362,-1.61,0.69,-1.61,0.69,INF,-1,1,7,0
520,1,1,-17.383,6.673,-1.62,0.62,-1.62,0.62,INF,-1,1,7,0
540,1,1,-18.097,5.000,-1.69,0.47,-1.69,0.47,INF,-1,1,7,0
560,1,1,-17.792,6.822,-1.66,0.64,-1.66,0.64,INF,-1,1,7,0
580,1,1,17.381,25.688,1.62,2.40,1.62,2.40,INF,-1,1,7,0
600,1,1,25.652,23.473,2.40,2.19,2.39,2.19,INF,-1,1,7,0
620,1,1,25.261,23.548,2.36,2.20,2.36,2.20,INF,-1,0,7,0
640,1,1,25.968,24.103,2.43,2.25,2.42,2.25,INF,-1,0,7,0
660,1,1,25.073,25.600,2.34,2.39,2.34,2.39,INF,-1,0,7,0
680,1,1,24.712,23.628,2.31,2.21,2.31,2.21,INF,-1,0,7,0
700,1,1,24.581,24.185,2.30,2.26,2.29,2.26,INF,-1,0,7,0
720,1,1,23.921,24.474,2.23,2.28,2.23,2.29,INF,-1,0,7,0
740,1,1,23.544,26.234,2.20,2.45,2.20,2.45,INF,-1,0,7,0
760,1,1,24.157,25.542,2.26,2.38,2.25,2.39,INF,-1,0,7,0
780,1,1,24.933,25.180,2.33,2.35,2.33,2.35,INF,-1,0,7,0
800,1,1,24.636,24.413,2.30,2.28,2.30,2.28,INF,-1,0,7,0
820,1,1,24.953,24.261,2.33,2.26,2.33,2.27,INF,-1,0,7,0
840,1,1,25.246,25.879,2.36,2.42,2.36,2.42,INF,-1,0,7,0
860,1,1,23.512,25.246,2.20,2.36,2.19,2.36,INF,-1,1,7,0
880,1,1,23.091,26.098,2.16,2.44,2.16,2.44,INF,-1,1,7,0
900,1,1,24.236,24.665,2.26,2.30,2.26,2.30,INF,-1,1,7,0
920,1,1,23.250,24.402,2.17,2.28,2.17,2.28,INF,-1,1,7,0
940,1,1,20.738,24.124,1.94,2.25,1.94,2.25,INF,-1,1,7,0
960,1,1,20.641,22.911,1.93,2.14,1.93,2.14,INF,-1,1,7,0
980,1,1,19.780,23.850,1.85,2.23,1.85,2.23,INF,-1,1,7,0
1000,1,1,20.917,22.902,1.95,2.14,1.95,2.14,INF,-1,1,7,0
1020,1,1,20.630,23.824,1.93,2.22,1.93,2.23,INF,-1,1,7,0
1040,1,1,21.215,23.017,1.98,2.15,1.98,2.15,INF,-1,1,7,0
1060,1,1,21.148,22.240,1.98,2.08,1.97,2.08,INF,-1,1,7,0
1080,1,1,21.226,22.110,1.98,2.06,1.98,2.07,INF,-1,1,7,0
1100,1,1,20.674,22.037,1.93,2.06,1.93,2.06,INF,-1,1,7,0
1120,1,1,21.030,23.020,1.96,2.15,1.96,2.15,INF,-1,1,7,0
1140,1,1,21.248,24.051,1.99,2.25,1.98,2.25,INF,-1,1,7,0
1160,1,1,21.863,22.521,2.04,2.10,2.04,2.10,INF,-1,1,7,0
1180,1,1,21.805,22.496,2.04,2.10,2.04,2.10,INF,-1,1,7,0
1200,1,1,19.921,21.327,1.86,1.99,1.86,1.99,INF,-1,1,7,0
1220,1,1,20.648,23.183,1.93,2.16,1.93,2.17,INF,-1,1,7,0
1240,1,1,20.593,24.052,1.92,2.25,1.92,2.25,INF,-1,1,7,0
1260,1,1,20.805,22.985,1.94,2.15,1.94,2.15,INF,-1,1,7,0
1280,1,1,21.481,23.043,2.01,2.15,2.01,2.15,INF,-1,1,7,0
1300,1,1,19.807,23.941,1.85,2.24,1.85,2.24,INF,-1,1,7,0
1320,1,1,20.296,22.954,1.90,2.14,1.90,2.14,INF,-1,1,7,0
1340,1,1,20.054,23.332,1.87,2.18,1.87,2.18,INF,-1,1,7,0
1360,1,1,20.809,22.300,1.94,2.08,1.94,2.08,INF,-1,1,7,0
1380,1,1,19.365,23.271,1.81,2.17,1.81,2.17,INF,-1,1,7,0
1400,1,1,20.256,23.901,1.89,2.23,1.89,2.23,INF,-1,1,7,0
1420,1,1,20.501,23.086,1.92,2.16,1.91,2.16,INF,-1,1,7,0
1440,1,1,20.030,23.001,1.87,2.15,1.87,2.15,INF,-1,1,7,0
1460,1,1,19.781,23.857,1.85,2.23,1.85,2.23,INF,-1,1,7,0
1480,1,1,21.166,22.776,1.98,2.13,1.98,2.13,INF,-1,1,7,0
1500,1,1,19.819,24.078,1.85,2.25,1.85,2.25,INF,-1,1,7,0
1520,1,1,20.821,22.476,1.95,2.10,1.94,2.10,INF,-1,1,7,0
1540,1,1,18.859,23.118,1.76,2.16,1.76,2.16,INF,-1,1,7,0
1560,1,1,20.025,21.235,1.87,1.98,1.87,1.98,INF,-1,1,7,0
1580,1,1,19.390,23.364,1.81,2.18,1.81,2.18,INF,-1,1,7,0
1600,1,1,20.624,22.535,1.93,2.10,1.93,2.11,INF,-1,1,7,0
1620,1,1,20.555,21.787,1.92,2.03,1.92,2.04,INF,-1,1,7,0
1640,1,1,20.381,22.882,1.90,2.14,1.90,2.14,INF,-1,1,7,0
1660,1,1,20.973,23.396,1.96,2.18,1.96,2.19,INF,-1,1,7,0
1680,1,1,20.846,23.572,1.95,2.20,1.95,2.20,INF,-1,1,7,0
1700,1,1,21.390,22.812,2.00,2.13,2.00,2.13,INF,-1,1,7,0
1720,1,1,19.862,22.890,1.86,2.14,1.85,2.14,INF,-1,1,7,0
1740,1,1,21.305,22.109,1.99,2.06,1.99,2.07,INF,-1,1,7,0
1760,1,1,19.773,23.486,1.85,2.19,1.85,2.19,INF,-1,1,7,0
1780,1,1,19.910,23.605,1.86,2.20,1.86,2.21,INF,-1,1,7,0
1800,1,1,19.763,23.801,1.85,2.22,1.85,2.22,INF,-1,1,7,0
1820,1,1,20.867,22.409,1.95,2.09,1.95,2.09,INF,-1,1,7,0
1840,1,1,19.712,23.551,1.84,2.20,1.84,2.20,INF,-1,1,7,0
1860,1,1,24.026,25.157,2.24,2.35,2.24,2.35,INF,-1,1,7,0
1880,1,1,26.561,25.180,2.48,2.35,2.48,2.35,INF,-1,1,7,0
1900,1,1,25.327,23.854,2.37,2.23,2.36,2.23,INF,-1,1,7,0
1920,1,1,26.613,23.222,2.49,2.17,2.48,2.17,INF,-1,1,7,0
1940,1,1,25.672,24.643,2.40,2.30,2.40,2.30,INF,-1,1,7,0
1960,1,1,26.003,25.083,2.43,2.34,2.43,2.34,INF,-1,1,7,0
1980,1,1,26.852,24.714,2.51,2.31,2.51,2.31,INF,-1,1,7,0
2000,1,1,24.741,24.120,2.31,2.25,2.31,2.25,INF,-1,1,7,0
2020,1,1,25.491,25.091,2.38,2.34,2.38,2.34,INF,-1,1,7,0
2040,1,1,25.298,24.140,2.36,2.25,2.36,2.26,INF,-1,1,7,0
2060,1,1,25.979,23.059,2.43,2.15,2.43,2.15,INF,-1,1,7,0
2080,1,1,21.462,17.267,2.01,1.61,2.00,1.61,INF,-1,1,7,0
2100,1,1,20.336,15.929,1.90,1.49,1.90,1.49,INF,-1,1,7,0
2120,1,1,20.176,15.852,1.89,1.48,1.88,1.48,INF,-1,1,7,0
2140,1,1,20.323,15.960,1.90,1.49,1.90,1.49,INF,-1,1,7,0
2160,1,1,20.240,16.792,1.89,1.57,1.89,1.57,INF,-1,1,7,0
2180,1,1,20.939,16.489,1.96,1.54,1.96,1.54,INF,-1,1,7,0
2200,1,1,21.392,16.222,2.00,1.51,2.00,1.52,INF,-1,1,7,0
2220,1,1,21.430,15.765,2.00,1.47,2.00,1.47,INF,-1,1,7,0
2240,1,1,21.153,16.356,1.98,1.53,1.98,1.53,INF,-1,1,7,0
2260,1,1,21.975,15.945,2.05,1.49,2.05,1.49,INF,-1,1,7,0
2280,1,1,20.526,16.256,1.92,1.52,1.92,1.52,INF,-1,1,7,0
2300,1,1,18.385,18.936,1.72,1.77,1.72,1.77,INF,-1,1,7,0
2320,1,1,-33.504,0.864,-3.13,0.08,-3.13,0.08,INF,-1,1,7,0
2340,1,1,-31.672,1.574,-2.96,0.15,-2.96,0.15,INF,-1,1,7,0
2360,1,1,-32.267,1.735,-3.01,0.16,-3.01,0.16,INF,-1,0,7,0
2380,1,1,-33.147,2.717,-3.10,0.25,-3.10,0.25,INF,-1,0,7,0
2400,1,1,-32.424,2.118,-3.03,0.20,-3.03,0.20,INF,-1,0,7,0
2420,1,1,-33.089,2.504,-3.09,0.23,-3.09,0.23,INF,-1,0,7,0
2440,1,1,-32.799,1.598,-3.06,0.15,-3.06,0.15,INF,-1,0,7,0
2460,1,1,-32.580,1.677,-3.04,0.16,-3.04,0.16,INF,-1,0,7,0
2480,1,1,-32.257,3.530,-3.01,0.33,-3.01,0.33,INF,-1,0,7,0
2500,1,1,-34.183,1.779,-3.19,0.17,-3.19,0.17,INF,-1,0,7,0
2520,1,1,-33.852,3.477,-3.16,0.32,-3.16,0.32,INF,-1,0,7,0
2540,1,1,-33.605,3.855,-3.14,0.36,-3.14,0.36,INF,-1,0,7,0
2560,1,1,-32.846,1.426,-3.07,0.13,-3.07,0.13,INF,-1,0,7,0
2580,1,1,-31.736,1.384,-2.96,0.13,-2.96,0.13,INF,-1,0,7,0
2600,1,1,-31.887,2.502,-2.98,0.23,-2.98,0.23,INF,-1,1,7,0
2620,1,1,-34.182,3.091,-3.19,0.29,-3.19,0.29,INF,-1,1,7,0
2640,1,1,-32.253,1.713,-3.01,0.16,-3.01,0.16,INF,-1,1,7,0
2660,1,1,-32.719,2.097,-3.06,0.20,-3.06,0.20,INF,-1,1,7,0
2680,1,1,-33.177,1.895,-3.10,0.18,-3.10,0.18,INF,-1,1,7,0
2700,1,1,-31.786,1.667,-2.97,0.16,-2.97,0.16,INF,-1,1,7,0
2720,1,1,-32.029,1.100,-2.99,0.10,-2.99,0.10,INF,-1,1,7,0
2740,1,1,-32.161,3.358,-3.00,0.31,-3.00,0.31,INF,-1,1,7,0
2760,1,1,-32.751,1.449,-3.06,0.14,-3.06,0.14,INF,-1,1,7,0
2780,1,1,-47.213,-18.230,-4.40,-1.70,-4.40,-1.70,INF,-1,1,7,0
2800,1,1,-45.507,-19.440,-4.25,-1.81,-4.24,-1.82,INF,-1,1,7,0
2820,1,1,-46.140,-20.727,-4.30,-1.93,-4.30,-1.94,INF,-1,0,7,0
2840,1,1,-47.316,-19.068,-4.41,-1.78,-4.41,-1.78,INF,-1,0,7,0
2860,1,1,-46.159,-20.176,-4.31,-1.88,-4.30,-1.89,INF,-1,0,7,0
2880,1,1,-44.647,-20.563,-4.17,-1.92,-4.16,-1.92,INF,-1,0,7,0
2900,1,1,-46.186,-20.293,-4.31,-1.89,-4.31,-1.90,INF,-1,0,7,0
2920,1,1,-44.766,-20.788,-4.18,-1.94,-4.17,-1.94,INF,-1,0,7,0
2940,1,1,-45.688,-19.657,-4.26,-1.83,-4.26,-1.84,INF,-1,0,7,0
2960,1,1,-44.121,-21.602,-4.12,-2.01,-4.11,-2.02,INF,-1,0,7,0
2980,1,1,-48.288,-23.945,-4.50,-2.23,-4.50,-2.24,INF,-1,0,7,0
3000,1,1,-49.139,-21.524,-4.58,-2.00,-4.58,-2.01,INF,-1,0,7,0
3020,1,1,-50.917,-22.607,-4.75,-2.10,-4.75,-2.11,INF,-1,0,7,0
3040,1,1,-49.588,-22.860,-4.62,-2.13,-4.62,-2.14,INF,-1,0,7,0
3060,1,1,-49.826,-22.654,-4.65,-2.11,-4.64,-2.12,INF,-1,1,7,0
3080,1,1,-48.719,-22.250,-4.54,-2.07,-4.54,-2.08,INF,-1,1,7,0
3100,1,1,-49.005,-21.407,-4.57,-1.99,-4.57,-2.00,INF,-1,1,7,0
3120,1,1,-47.683,-22.387,-4.45,-2.09,-4.44,-2.09,INF,-1,1,7,0
3140,1,1,-48.285,-22.657,-4.50,-2.11,-4.50,-2.12,INF,-1,1,7,0
3160,1,1,-48.482,-21.867,-4.52,-2.04,-4.52,-2.04,INF,-1,1,7,0
3180,1,1,-49.133,-23.404,-4.58,-2.18,-4.58,-2.19,INF,-1,1,7,0
3200,1,1,-49.762,-22.255,-4.64,-2.07,-4.64,-2.08,INF,-1,1,7,0
3220,1,1,-49.221,-23.224,-4.59,-2.16,-4.59,-2.17,INF,-1,1,7,0
3240,1,1,-48.239,-23.150,-4.50,-2.16,-4.50,-2.16,INF,-1,1,7,0
3260,1,1,-47.826,-23.103,-4.46,-2.15,-4.46,-2.16,INF,-1,1,7,0
3280,1,1,-46.889,-23.729,-4.37,-2.21,-4.37,-2.22,INF,-1,1,7,0
3300,1,1,-45.887,-23.396,-4.28,-2.18,-4.28,-2.19,INF,-1,1,7,0
3320,1,1,-42.358,-25.889,-3.95,-2.41,-3.95,-2.42,INF,-1,1,7,0
3340,1,1,-21.483,-35.457,-2.01,-3.31,-2.00,-3.31,INF,-1,1,7,0
3360,1,1,-20.738,-36.625,-1.94,-3.42,-1.93,-3.42,INF,-1,1,7,0
3380,1,1,-21.063,-35.152,-1.97,-3.28,-1.96,-3.28,INF,-1,0,7,0
3400,1,1,-20.438,-35.461,-1.91,-3.31,-1.91,-3.31,INF,-1,0,7,0
3420,1,1,-20.137,-35.561,-1.88,-3.32,-1.88,-3.32,INF,-1,0,7,0
3440,1,1,-20.496,-35.800,-1.92,-3.34,-1.91,-3.34,INF,-1,0,7,0
3460,1,1,-20.054,-35.030,-1.87,-3.27,-1.87,-3.27,INF,-1,0,7,0
3480,1,1,-20.554,-35.700,-1.92,-3.33,-1.92,-3.33,INF,-1,0,7,0
3500,1,1,-21.922,-34.231,-2.05,-3.19,-2.04,-3.20,INF,-1,0,7,0
3520,1,1,-22.059,-34.818,-2.06,-3.25,-2.06,-3.25,INF,-1,0,7,0
3540,1,1,-21.661,-33.367,-2.02,-3.11,-2.02,-3.12,INF,-1,0,7,0
3560,1,1,-20.415,-35.222,-1.91,-3.29,-1.90,-3.29,INF,-1,0,7,0
3580,1,1,-21.975,-33.527,-2.05,-3.13,-2.05,-3.13,INF,-1,0,7,0
3600,1,1,-20.052,-36.237,-1.87,-3.38,-1.87,-3.38,INF,-1,0,7,0
3620,1,1,-20.740,-35.318,-1.94,-3.30,-1.93,-3.30,INF,-1,1,7,0
3640,1,1,-20.228,-35.888,-1.89,-3.35,-1.89,-3.35,INF,-1,1,7,0
3660,1,1,-20.722,-35.954,-1.94,-3.35,-1.93,-3.36,INF,-1,1,7,0
3680,1,1,-19.918,-36.250,-1.86,-3.38,-1.86,-3.38,INF,-1,1,7,0
3700,1,1,-19.718,-34.473,-1.84,-3.22,-1.84,-3.22,INF,-1,1,7,0
3720,1,1,-17.784,-35.140,-1.66,-3.28,-1.66,-3.28,INF,-1,1,7,0
3740,1,1,-18.158,-37.684,-1.70,-3.52,-1.69,-3.52,INF,-1,1,7,0
3760,1,1,-16.592,-36.116,-1.55,-3.37,-1.55,-3.37,INF,-1,1,7,0
3780,1,1,-16.785,-36.359,-1.57,-3.39,-1.57,-3.39,INF,-1,1,7,0
3800,1,1,-17.516,-36.097,-1.64,-3.37,-1.63,-3.37,INF,-1,1,7,0
3820,1,1,-17.711,-36.546,-1.65,-3.41,-1.65,-3.41,INF,-1,1,7,0
3840,1,1,-16.314,-36.946,-1.52,-3.45,-1.52,-3.45,INF,-1,1,7,0
3860,1,1,-16.567,-36.392,-1.55,-3.40,-1.55,-3.40,INF,-1,1,7,0
3880,1,1,-17.367,-36.322,-1.62,-3.39,-1.62,-3.39,INF,-1,1,7,0
3900,1,1,-18.774,-36.257,-1.75,-3.38,-1.75,-3.38,INF,-1,1,7,0
3920,1,1,-17.507,-35.443,-1.64,-3.31,-1.63,-3.31,INF,-1,1,7,0
3940,1,1,-18.745,-35.649,-1.75,-3.33,-1.75,-3.33,INF,-1,1,7,0
3960,1,1,-17.851,-35.346,-1.67,-3.30,-1.67,-3.30,INF,-1,1,7,0
3980,1,1,-17.280,-36.277,-1.61,-3.39,-1.61,-3.39,INF,-1,1,7,0
4000,1,1,-18.644,-35.774,-1.74,-3.34,-1.74,-3.34,INF,-1,1,7,0
4020,1,1,-18.038,-36.571,-1.69,-3.41,-1.68,-3.41,INF,-1,1,7,0
4040,1,1,-17.879,-36.573,-1.67,-3.41,-1.67,-3.41,INF,-1,1,7,0
4060,1,1,-17.847,-35.014,-1.67,-3.27,-1.66,-3.27,INF,-1,1,7,0
4080,1,1,-17.441,-35.775,-1.63,-3.34,-1.63,-3.34,INF,-1,1,7,0
4100,1,1,-19.018,-35.958,-1.78,-3.36,-1.77,-3.36,INF,-1,1,7,0
4120,1,1,-18.533,-36.325,-1.73,-3.39,-1.73,-3.39,INF,-1,1,7,0
4140,1,1,-17.974,-38.284,-1.68,-3.57,-1.68,-3.57,INF,-1,1,7,0
4160,1,1,-17.788,-36.440,-1.66,-3.40,-1.66,-3.40,INF,-1,1,7,0
4180,1,1,-24.268,-36.799,-2.27,-3.43,-2.26,-3.44,INF,-1,1,7,0
4200,1,1,-51.521,-23.189,-4.80,-2.16,-4.80,-2.17,INF,-1,1,7,0
4220,1,1,-50.668,-24.001,-4.73,-2.23,-4.72,-2.24,INF,-1,1,7,0
4240,1,1,-50.412,-22.803,-4.70,-2.12,-4.70,-2.13,INF,-1,0,7,0
4260,1,1,-49.976,-23.280,-4.66,-2.17,-4.66,-2.17,INF,-1,0,7,0
4280,1,1,-48.840,-24.045,-4.56,-2.24,-4.55,-2.25,INF,-1,0,7,0
4300,1,1,-49.233,-25.218,-4.59,-2.35,-4.59,-2.36,INF,-1,0,7,0
4320,1,1,-49.172,-22.446,-4.59,-2.09,-4.58,-2.10,INF,-1,0,7,0
4340,1,1,-48.584,-23.996,-4.53,-2.23,-4.53,-2.24,INF,-1,0,7,0
4360,1,1,-48.244,-23.561,-4.50,-2.19,-4.50,-2.20,INF,-1,0,7,0
4380,1,1,-48.679,-24.449,-4.54,-2.28,-4.54,-2.28,INF,-1,0,7,0
4400,1,1,-48.413,-24.195,-4.52,-2.25,-4.51,-2.26,INF,-1,0,7,0
4420,1,1,-49.289,-24.082,-4.60,-2.24,-4.59,-2.25,INF,-1,0,7,0
4440,1,1,-49.291,-23.208,-4.60,-2.16,-4.59,-2.17,INF,-1,0,7,0
4460,1,1,-48.456,-24.841,-4.52,-2.31,-4.52,-2.32,INF,-1,0,7,0
4480,1,1,-50.260,-23.465,-4.69,-2.18,-4.68,-2.19,INF,-1,1,7,0
4500,1,1,-47.466,-24.459,-4.43,-2.28,-4.42,-2.28,INF,-1,1,7,0
4520,1,1,-47.649,-23.950,-4.44,-2.23,-4.44,-2.24,INF,-1,1,7,0
4540,1,1,-47.555,-23.932,-4.44,-2.23,-4.43,-2.24,INF,-1,1,7,0
4560,1,1,-48.076,-25.147,-4.48,-2.34,-4.48,-2.35,INF,-1,1,7,0
4580,1,1,-47.694,-24.087,-4.45,-2.24,-4.45,-2.25,INF,-1,1,7,0
4600,1,1,-47.486,-23.622,-4.43,-2.20,-4.43,-2.21,INF,-1,1,7,0
4620,1,1,-46.926,-22.838,-4.38,-2.13,-4.37,-2.13,INF,-1,1,7,0
4640,1,1,-16.563,-22.853,-1.55,-2.13,-1.55,-2.14,INF,-1,1,7,0
4660,1,1,20.373,-21.837,1.90,-2.04,1.90,-2.04,INF,-1,1,7,0
4680,1,1,20.334,-23.183,1.90,-2.16,1.90,-2.17,INF,-1,0,7,0
4700,1,1,20.447,-22.733,1.91,-2.12,1.91,-2.12,INF,-1,0,7,0
4720,1,1,19.300,-21.258,1.80,-1.99,1.80,-1.99,INF,-1,0,7,0
4740,1,1,19.295,-20.882,1.80,-1.95,1.80,-1.95,INF,-1,0,7,0
4760,1,1,19.516,-20.949,1.82,-1.96,1.82,-1.96,INF,-1,0,7,0
4780,1,1,19.281,-22.153,1.80,-2.07,1.80,-2.07,INF,-1,0,7,0
4800,1,1,19.637,-22.512,1.83,-2.10,1.83,-2.10,INF,-1,0,7,0
4820,1,1,18.223,-21.141,1.70,-1.97,1.70,-1.98,INF,-1,0,7,0
4840,1,1,19.612,-22.231,1.83,-2.08,1.83,-2.08,INF,-1,0,7,0
4860,1,1,20.178,-21.543,1.89,-2.01,1.88,-2.01,INF,-1,0,7,0
4880,1,1,20.474,-22.410,1.91,-2.09,1.91,-2.09,INF,-1,0,7,0
4900,1,1,18.587,-21.499,1.74,-2.01,1.74,-2.01,INF,-1,0,7,0
4920,1,1,19.639,-21.989,1.83,-2.05,1.83,-2.05,INF,-1,0,7,0
4940,1,1,18.163,-22.316,1.70,-2.08,1.70,-2.08,INF,-1,1,7,0
4960,1,1,20.210,-21.888,1.89,-2.04,1.89,-2.04,INF,-1,1,7,0
4980,1,1,18.357,-21.382,1.72,-2.00,1.71,-2.00,INF,-1,1,7,0
5000,1,1,18.797,-22.066,1.76,-2.06,1.76,-2.06,INF,-1,1,7,0
5020,1,1,20.616,-22.346,1.93,-2.09,1.92,-2.09,INF,-1,1,7,0
5040,1,1,17.907,-21.317,1.67,-1.99,1.67,-1.99,INF,-1,1,7,0
5060,1,1,19.457,-22.792,1.82,-2.13,1.82,-2.13,INF,-1,1,7,0
5080,1,1,19.460,-22.131,1.82,-2.07,1.82,-2.07,INF,-1,1,7,0
5100,1,1,30.655,-18.579,2.86,-1.73,2.86,-1.74,INF,-1,1,7,0
5120,1,1,36.373,-14.757,3.40,-1.38,3.39,-1.38,INF,-1,1,7,0
5140,1,1,36.450,-16.225,3.40,-1.51,3.40,-1.52,INF,-1,0,7,0
5160,1,1,35.210,-13.750,3.29,-1.28,3.29,-1.28,INF,-1,0,7,0
5180,1,1,34.716,-13.862,3.24,-1.29,3.24,-1.30,INF,-1,0,7,0
5200,1,1,34.556,-14.367,3.23,-1.34,3.23,-1.34,INF,-1,0,7,0
5220,1,1,34.615,-14.397,3.23,-1.34,3.23,-1.35,INF,-1,0,7,0
5240,1,1,35.786,-14.618,3.34,-1.36,3.34,-1.37,INF,-1,0,7,0
5260,1,1,35.501,-14.161,3.31,-1.32,3.31,-1.32,INF,-1,0,7,0
5280,1,1,36.282,-13.133,3.39,-1.23,3.39,-1.23,INF,-1,0,7,0
5300,1,1,35.561,-9.962,3.32,-0.93,3.32,-0.93,INF,-1,0,7,0
5320,0,1,0.000,0.000,0.00,0.00,0.00,0.00,0.00,-1,0,7,0
5340,0,1,0.000,0.000,0.00,0.00,0.00,0.00,0.00,-1,0,7,0
5360,0,1,0.000,0.000,0.00,0.00,0.00,0.00,0.00,-1,0,7,0
5380,0,1,0.000,0.000,0.00,0.00,0.00,0.00,0.00,-1,1,7,0
5400,0,1,0.000,0.000,0.00,0.00,0.00,0.00,0.00,-1,0,7,0
5420,0,1,0.000,0.000,0.00,0.00,0.00,0.00,0.00,-1,0,7,0
5440,0,1,0.000,0.000,0.00,0.00,0.00,0.00,0.00,-1,0,7,0
5460,0,1,0.000,0.000,0.00,0.00,0.00,0.00,0.00,-1,0,7,0
5480,0,1,0.000,0.000,0.00,0.00,0.00,0.00,0.00,-1,0,7,0
5500,0,1,0.000,0.000,0.00,0.00,0.00,0.00,0.00,-1,0,7,0
5520,0,1,0.000,0.000,0.00,0.00,0.00,0.00,0.00,-1,0,7,0
5540,0,1,0.000,0.000,0.00,0.00,0.00,0.00,0.00,-1,0,7,0
5560,0,1,0.000,0.000,0.00,0.00,0.00,0.00,0.00,-1,0,7,0
5580,0,1,0.000,0.000,0.00,0.00,0.00,0.00,0.00,-1,0,7,0
5600,0,1,0.000,0.000,0.00,0.00,0.00,0.00,0.00,-1,0,7,0
5620,0,1,0.000,0.000,0.00,0.00,0.00,0.00,0.00,-1,0,7,0
5640,0,1,0.000,0.000,0.00,0.00,0.00,0.00,0.00,-1,0,7,0
5660,0,1,0.000,0.000,0.00,0.00,0.00,0.00,0.00,-1,0,7,0
5680,0,1,0.000,0.000,0.00,0.00,0.00,0.00,0.00,-1,0,7,0
5700,0,1,0.000,0.000,0.00,0.00,0.00,0.00,0.00,-1,0,7,0
5720,0,1,0.000,0.000,0.00,0.00,0.00,0.00,0.00,-1,0,7,0
5740,0,1,0.000,0.000,0.00,0.00,0.00,0.00,0.00,-1,0,7,0
5760,0,1,0.000,0.000,0.00,0.00,0.00,0.00,0.00,-1,0,7,0
5780,0,1,0.000,0.000,0.00,0.00,0.00,0.00,0.00,-1,0,7,0
5800,0,1,0.000,0.000,0.00,0.00,0.00,0.00,0.00,-1,0,7,0
5820,1,1,55.364,3.148,5.16,0.29,5.16,0.29,INF,-1,0,7,0
5840,1,1,56.207,3.276,5.24,0.30,5.24,0.31,INF,-1,0,7,0
5860,1,1,55.933,4.680,5.21,0.44,5.21,0.44,INF,-1,0,7,0
5880,1,1,53.797,4.766,5.02,0.44,5.02,0.45,INF,-1,0,7,0
5900,1,1,55.216,5.371,5.15,0.50,5.15,0.50,INF,-1,0,7,0
5920,1,1,54.523,5.072,5.08,0.47,5.08,0.47,INF,-1,0,7,0
5940,1,1,54.262,5.786,5.06,0.54,5.06,0.54,INF,-1,0,7,0
5960,1,1,54.467,4.958,5.08,0.46,5.08,0.46,INF,-1,0,7,0
5980,1,1,54.173,7.658,5.05,0.71,5.05,0.72,INF,-1,0,7,0
6000,1,1,54.002,5.419,5.03,0.50,5.03,0.51,INF,-1,0,7,0
6020,1,1,54.302,6.522,5.06,0.61,5.06,0.61,INF,-1,0,7,0
6040,1,1,54.283,5.291,5.06,0.49,5.06,0.49,INF,-1,0,7,0
6060,1,1,53.572,7.887,4.99,0.73,4.99,0.74,INF,-1,0,7,0
6080,1,1,54.558,6.072,5.09,0.57,5.09,0.57,INF,-1,0,7,0
6100,1,1,54.382,5.708,5.07,0.53,5.07,0.53,INF,-1,1,7,0
6120,1,1,54.339,6.190,5.07,0.58,5.07,0.58,INF,-1,1,7,0
6140,1,1,53.856,6.091,5.02,0.57,5.02,0.57,INF,-1,1,7,0
6160,1,1,54.567,3.996,5.09,0.37,5.09,0.37,INF,-1,1,7,0
6180,1,1,55.540,6.191,5.18,0.58,5.18,0.58,INF,-1,1,7,0
6200,1,1,55.159,4.220,5.14,0.39,5.14,0.39,INF,-1,1,7,0
6220,1,1,31.541,6.118,2.95,0.57,2.95,0.57,INF,-1,1,7,0
6240,1,1,16.820,4.118,1.57,0.38,1.57,0.38,INF,-1,1,7,0
6260,1,1,15.539,4.070,1.45,0.38,1.45,0.38,INF,-1,0,7,0
6280,1,1,16.161,4.756,1.51,0.44,1.51,0.44,INF,-1,0,7,0
6300,1,1,16.782,4.245,1.57,0.40,1.57,0.40,INF,-1,0,7,0
6320,1,1,15.181,5.138,1.42,0.48,1.42,0.48,INF,-1,0,7,0
6340,1,1,15.054,4.514,1.41,0.42,1.41,0.42,INF,-1,0,7,0
6360,1,1,14.555,4.948,1.36,0.46,1.36,0.46,INF,-1,0,7,0
6380,1,1,14.619,4.825,1.37,0.45,1.37,0.45,INF,-1,0,7,0
6400,1,1,14.014,5.102,1.31,0.48,1.31,0.48,INF,-1,0,7,0
6420,1,1,13.640,4.537,1.27,0.42,1.27,0.42,INF,-1,0,7,0
6440,1,1,12.888,5.706,1.20,0.53,1.20,0.53,INF,-1,0,7,0
6460,1,1,15.522,4.218,1.45,0.39,1.45,0.39,INF,-1,0,7,0
6480,1,1,14.930,4.831,1.40,0.45,1.40,0.45,INF,-1,0,7,0
6500,1,1,23.157,-9.230,2.16,-0.86,2.16,-0.86,INF,-1,0,7,0
6520,1,1,34.781,-23.052,3.25,-2.15,3.25,-2.15,INF,-1,1,7,0
6540,1,1,36.008,-23.424,3.36,-2.18,3.36,-2.19,INF,-1,0,7,0
6560,1,1,36.150,-24.684,3.37,-2.30,3.37,-2.31,INF,-1,0,7,0
6580,1,1,35.407,-24.325,3.31,-2.27,3.30,-2.27,INF,-1,0,7,0
6600,1,1,36.359,-26.046,3.39,-2.43,3.39,-2.43,INF,-1,0,7,0
6620,1,1,35.823,-25.495,3.34,-2.38,3.34,-2.38,INF,-1,0,7,0
6640,1,1,37.436,-26.245,3.49,-2.45,3.49,-2.45,INF,-1,0,7,0
6660,1,1,35.936,-25.116,3.35,-2.34,3.35,-2.35,INF,-1,0,7,0
6680,1,1,35.486,-24.680,3.31,-2.30,3.31,-2.31,INF,-1,0,7,0
6700,1,1,36.179,-25.282,3.38,-2.36,3.37,-2.36,INF,-1,0,7,0
6720,1,1,35.268,-25.688,3.29,-2.40,3.29,-2.40,INF,-1,0,7,0
6740,1,1,36.350,-25.388,3.39,-2.37,3.39,-2.37,INF,-1,0,7,0
6760,1,1,36.880,-25.658,3.44,-2.39,3.44,-2.40,INF,-1,0,7,0
6780,1,1,35.474,-24.506,3.31,-2.29,3.31,-2.29,INF,-1,0,7,0
6800,1,1,36.931,-24.596,3.45,-2.29,3.44,-2.30,INF,-1,1,7,0
6820,1,1,36.859,-24.437,3.44,-2.28,3.44,-2.28,INF,-1,1,7,0
6840,1,1,55.587,-36.799,5.18,-3.42,5.17,-3.44,INF,-1,1,7,0
6860,1,1,55.799,-35.225,5.20,-3.28,5.19,-3.29,INF,-1,1,7,0
6880,1,1,56.295,-35.038,5.25,-3.26,5.24,-3.27,INF,-1,0,7,0
6900,1,1,57.632,-36.474,5.37,-3.39,5.36,-3.41,INF,-1,0,7,0
6920,1,1,55.635,-36.025,5.19,-3.35,5.18,-3.36,INF,-1,0,7,0
6940,1,1,56.727,-35.014,5.29,-3.26,5.28,-3.27,INF,-1,0,7,0
6960,1,1,57.017,-35.845,5.31,-3.33,5.30,-3.35,INF,-1,0,7,0
6980,1,1,55.155,-34.950,5.14,-3.25,5.13,-3.26,INF,-1,0,7,0
7000,1,1,55.817,-35.326,5.20,-3.28,5.19,-3.30,INF,-1,0,7,0
7020,1,1,54.898,-35.346,5.12,-3.29,5.11,-3.30,INF,-1,0,7,0
7040,1,1,55.215,-35.798,5.15,-3.33,5.14,-3.34,INF,-1,0,7,0
7060,1,1,54.249,-38.530,5.06,-3.58,5.05,-3.60,INF,-1,0,7,0
7080,1,1,53.383,-37.285,4.98,-3.47,4.97,-3.48,INF,-1,0,7,0
7100,1,1,52.452,-38.382,4.89,-3.57,4.88,-3.58,INF,-1,0,7,0
7120,1,1,53.672,-38.749,5.00,-3.60,4.99,-3.62,INF,-1,1,7,0
7140,1,1,53.025,-38.725,4.94,-3.60,4.93,-3.61,INF,-1,1,7,0
7160,1,1,54.238,-38.347,5.06,-3.57,5.05,-3.58,INF,-1,1,7,0
7180,1,1,53.451,-38.287,4.98,-3.56,4.97,-3.57,INF,-1,1,7,0
7200,1,1,52.902,-38.334,4.93,-3.57,4.92,-3.58,INF,-1,1,7,0
7220,1,1,53.107,-36.298,4.95,-3.38,4.94,-3.39,INF,-1,1,7,0
7240,1,1,53.242,-38.206,4.96,-3.55,4.95,-3.57,INF,-1,1,7,0
7260,1,1,54.420,-38.789,5.07,-3.61,5.06,-3.62,INF,-1,1,7,0
7280,1,1,51.740,-36.698,4.82,-3.41,4.82,-3.43,INF,-1,1,7,0
7300,1,1,37.186,-17.619,3.47,-1.64,3.47,-1.65,INF,-1,1,7,0
7320,1,1,37.405,-15.786,3.49,-1.47,3.49,-1.48,INF,-1,1,7,0
7340,1,1,36.661,-15.475,3.42,-1.44,3.42,-1.45,INF,-1,0,7,0
7360,1,1,37.212,-17.151,3.47,-1.60,3.47,-1.60,INF,-1,0,7,0
7380,1,1,37.540,-16.207,3.50,-1.51,3.50,-1.51,INF,-1,0,7,0
7400,1,1,37.222,-14.602,3.47,-1.36,3.47,-1.36,INF,-1,0,7,0
7420,1,1,36.191,-13.479,3.38,-1.26,3.38,-1.26,INF,-1,0,7,0
7440,1,1,35.387,-16.522,3.30,-1.54,3.30,-1.54,INF,-1,0,7,0
7460,1,1,36.240,-14.581,3.38,-1.36,3.38,-1.36,INF,-1,0,7,0
7480,1,1,36.112,-14.985,3.37,-1.40,3.37,-1.40,INF,-1,0,7,0
7500,1,1,37.900,-15.654,3.54,-1.46,3.54,-1.46,INF,-1,0,7,0
7520,1,1,48.284,-35.075,4.50,-3.26,4.50,-3.27,INF,-1,0,7,0
7540,1,1,49.229,-37.935,4.59,-3.53,4.58,-3.54,INF,-1,0,7,0
7560,1,1,49.849,-40.030,4.65,-3.72,4.64,-3.74,INF,-1,0,7,0
7580,1,1,48.215,-38.109,4.50,-3.55,4.49,-3.56,INF,-1,0,7,0
7600,1,1,48.479,-39.381,4.52,-3.66,4.51,-3.68,INF,-1,0,7,0
7620,1,1,48.879,-37.001,4.56,-3.44,4.55,-3.45,INF,-1,0,7,0
7640,1,1,49.404,-38.485,4.61,-3.58,4.60,-3.59,INF,-1,0,7,0
7660,1,1,48.734,-37.187,4.55,-3.46,4.54,-3.47,INF,-1,0,7,0
7680,1,1,48.120,-35.181,4.49,-3.27,4.48,-3.28,INF,-1,0,7,0
7700,1,1,49.934,-38.790,4.66,-3.61,4.65,-3.62,INF,-1,1,7,0
7720,1,1,50.400,-38.119,4.70,-3.55,4.69,-3.56,INF,-1,1,7,0
7740,1,1,48.801,-38.264,4.55,-3.56,4.54,-3.57,INF,-1,1,7,0
7760,1,1,46.991,-41.464,4.38,-3.86,4.37,-3.87,INF,-1,1,7,0
7780,1,1,45.104,-40.451,4.21,-3.77,4.20,-3.78,INF,-1,1,7,0
7800,1,1,45.874,-40.746,4.28,-3.79,4.27,-3.80,INF,-1,0,7,0
7820,1,1,45.626,-41.639,4.26,-3.88,4.25,-3.89,INF,-1,0,7,0
7840,1,1,48.517,-39.377,4.53,-3.66,4.52,-3.68,INF,-1,0,7,0
7860,1,1,48.054,-41.883,4.48,-3.90,4.47,-3.91,INF,-1,0,7,0
7880,1,1,46.838,-42.083,4.37,-3.92,4.36,-3.93,INF,-1,0,7,0
7900,1,1,46.762,-41.010,4.36,-3.82,4.35,-3.83,INF,-1,0,7,0
7920,1,1,47.891,-41.790,4.47,-3.89,4.46,-3.90,INF,-1,0,7,0
7940,1,1,47.884,-39.655,4.47,-3.69,4.46,-3.70,INF,-1,0,7,0
7960,1,1,44.631,-41.330,4.16,-3.85,4.15,-3.86,INF,-1,0,7,0
7980,1,1,45.209,-40.871,4.22,-3.80,4.21,-3.81,INF,-1,0,7,0
8000,1,1,47.040,-41.727,4.39,-3.88,4.38,-3.89,INF,-1,0,7,0
8020,1,1,47.430,-42.675,4.42,-3.97,4.41,-3.98,INF,-1,0,7,0
8040,1,1,35.412,-41.025,3.31,-3.82,3.30,-3.83,INF,-1,1,7,0
8060,1,1,15.157,-33.451,1.42,-3.12,1.41,-3.12,INF,-1,1,7,0
8080,0,1,0.000,0.000,0.00,0.00,0.00,0.00,0.00,-1,1,7,0
8100,0,1,0.000,0.000,0.00,0.00,0.00,0.00,0.00,-1,1,7,0
8120,0,1,0.000,0.000,0.00,0.00,0.00,0.00,0.00,-1,0,7,0
8140,0,1,0.000,0.000,0.00,0.00,0.00,0.00,0.00,-1,0,7,0
8160,0,1,0.000,0.000,0.00,0.00,0.00,0.00,0.00,-1,0,7,0
8180,0,1,0.000,0.000,0.00,0.00,0.00,0.00,0.00,-1,0,7,0
8200,0,1,0.000,0.000,0.00,0.00,0.00,0.00,0.00,-1,0,7,0
8220,0,1,0.000,0.000,0.00,0.00,0.00,0.00,0.00,-1,0,7,0
8240,0,1,0.000,0.000,0.00,0.00,0.00,0.00,0.00,-1,0,7,0
8260,0,1,0.000,0.000,0.00,0.00,0.00,0.00,0.00,-1,0,7,0
8280,0,1,0.000,0.000,0.00,0.00,0.00,0.00,0.00,-1,0,7,0
8300,0,1,0.000,0.000,0.00,0.00,0.00,0.00,0.00,-1,0,7,0
8320,0,1,0.000,0.000,0.00,0.00,0.00,0.00,0.00,-1,0,7,0
8340,0,1,0.000,0.000,0.00,0.00,0.00,0.00,0.00,-1,0,7,0
8360,0,1,0.000,0.000,0.00,0.00,0.00,0.00,0.00,-1,0,7,0
8380,0,1,0.000,0.000,0.00,0.00,0.00,0.00,0.00,-1,0,7,0
8400,0,1,0.000,0.000,0.00,0.00,0.00,0.00,0.00,-1,0,7,0
8420,0,1,0.000,0.000,0.00,0.00,0.00,0.00,0.00,-1,0,7,0
8440,0,1,0.000,0.000,0.00,0.00,0.00,0.00,0.00,-1,0,7,0
8460,0,1,0.000,0.000,0.00,0.00,0.00,0.00,0.00,-1,0,7,0
8480,0,1,0.000,0.000,0.00,0.00,0.00,0.00,0.00,-1,0,7,0
8500,0,1,0.000,0.000,0.00,0.00,0.00,0.00,0.00,-1,0,7,0
8520,0,1,0.000,0.000,0.00,0.00,0.00,0.00,0.00,-1,0,7,0
8540,0,1,0.000,0.000,0.00,0.00,0.00,0.00,0.00,-1,0,7,0
8560,0,1,0.000,0.000,0.00,0.00,0.00,0.00,0.00,-1,0,7,0
8580,0,1,0.000,0.000,0.00,0.00,0.00,0.00,0.00,-1,0,7,0
8600,0,1,0.000,0.000,0.00,0.00,0.00,0.00,0.00,-1,0,7,0
8620,0,1,0.000,0.000,0.00,0.00,0.00,0.00,0.00,-1,0,7,0
8640,0,1,0.000,0.000,0.00,0.00,0.00,0.00,0.00,-1,0,7,0
8660,1,1,31.840,-28.070,2.97,-2.62,2.97,-2.62,INF,-1,0,7,0
8680,1,1,32.341,-19.424,3.02,-1.81,3.02,-1.81,INF,-1,0,7,0
8700,1,1,31.348,-21.005,2.93,-1.96,2.93,-1.96,INF,-1,0,7,0
8720,1,1,31.824,-19.982,2.97,-1.86,2.97,-1.87,INF,-1,0,7,0
8740,1,1,33.355,-20.035,3.11,-1.87,3.11,-1.87,INF,-1,0,7,0
8760,1,1,32.213,-22.931,3.01,-2.14,3.01,-2.14,INF,-1,0,7,0
8780,1,1,31.894,-20.474,2.98,-1.91,2.98,-1.91,INF,-1,0,7,0
8800,1,1,31.587,-20.778,2.95,-1.94,2.95,-1.94,INF,-1,0,7,0
8820,1,1,31.991,-25.269,2.99,-2.36,2.98,-2.36,INF,-1,0,7,0
8840,1,1,31.295,-20.966,2.92,-1.96,2.92,-1.96,INF,-1,0,7,0
8860,1,1,33.288,-20.884,3.11,-1.95,3.11,-1.95,INF,-1,0,7,0
8880,1,1,31.723,-20.994,2.96,-1.96,2.96,-1.96,INF,-1,0,7,0
8900,1,1,33.299,-20.228,3.11,-1.89,3.11,-1.89,INF,-1,0,7,0
8920,1,1,33.461,-19.879,3.12,-1.85,3.12,-1.86,INF,-1,0,7,0
8940,1,1,34.238,-23.973,3.20,-2.24,3.19,-2.24,INF,-1,1,7,0
8960,1,1,31.728,-20.971,2.96,-1.96,2.96,-1.96,INF,-1,1,7,0
8980,1,1,31.746,-22.483,2.96,-2.10,2.96,-2.10,INF,-1,1,7,0
9000,1,1,30.908,-21.079,2.89,-1.97,2.88,-1.97,INF,-1,1,7,0
9020,1,1,30.297,-20.394,2.83,-1.90,2.83,-1.91,INF,-1,1,7,0
9040,1,1,30.884,-21.168,2.88,-1.98,2.88,-1.98,INF,-1,1,7,0
9060,1,1,31.103,-20.179,2.90,-1.88,2.90,-1.89,INF,-1,1,7,0
9080,1,1,30.790,-21.851,2.88,-2.04,2.87,-2.04,INF,-1,1,7,0
9100,1,1,31.254,-23.065,2.92,-2.15,2.92,-2.15,INF,-1,1,7,0
9120,1,1,31.897,-21.448,2.98,-2.00,2.98,-2.00,INF,-1,1,7,0
9140,1,1,32.898,-24.123,3.07,-2.25,3.07,-2.25,INF,-1,1,7,0
9160,1,1,31.697,-21.203,2.96,-1.98,2.96,-1.98,INF,-1,1,7,0
9180,1,1,31.294,-20.685,2.92,-1.93,2.92,-1.93,INF,-1,1,7,0
9200,1,1,43.137,-32.076,4.03,-2.99,4.02,-3.00,INF,-1,1,7,0
9220,1,1,54.216,-38.864,5.05,-3.61,5.04,-3.63,INF,-1,1,7,0
9240,1,1,53.742,-37.563,5.01,-3.49,5.00,-3.51,INF,-1,0,7,0
9260,1,1,55.449,-38.919,5.17,-3.62,5.16,-3.63,INF,-1,0,7,0
9280,1,1,54.459,-37.959,5.08,-3.53,5.07,-3.54,INF,-1,0,7,0
9300,1,1,53.208,-37.815,4.96,-3.52,4.95,-3.53,INF,-1,0,7,0
9320,1,1,53.812,-38.763,5.02,-3.60,5.01,-3.62,INF,-1,0,7,0
9340,1,1,54.402,-37.951,5.07,-3.53,5.06,-3.54,INF,-1,0,7,0
9360,1,1,54.800,-38.592,5.11,-3.59,5.10,-3.60,INF,-1,0,7,0
9380,1,1,54.360,-38.047,5.07,-3.54,5.06,-3.55,INF,-1,0,7,0
9400,1,1,53.870,-38.714,5.02,-3.60,5.01,-3.61,INF,-1,0,7,0
9420,1,1,55.251,-37.715,5.15,-3.51,5.14,-3.52,INF,-1,0,7,0
9440,1,1,55.773,-40.052,5.20,-3.72,5.19,-3.74,INF,-1,0,7,0
9460,1,1,53.156,-36.767,4.96,-3.42,4.95,-3.43,INF,-1,0,7,0
9480,1,1,54.129,-38.712,5.05,-3.60,5.04,-3.61,INF,-1,0,7,0
9500,1,1,54.606,-38.597,5.09,-3.59,5.08,-3.60,INF,-1,1,7,0
9520,1,1,54.351,-39.268,5.07,-3.65,5.06,-3.67,INF,-1,1,7,0
9540,1,1,53.266,-38.005,4.97,-3.53,4.96,-3.55,INF,-1,1,7,0
9560,1,1,53.803,-38.524,5.02,-3.58,5.01,-3.60,INF,-1,1,7,0
9580,1,1,53.498,-38.661,4.99,-3.60,4.98,-3.61,INF,-1,1,7,0
9600,1,1,53.020,-38.866,4.94,-3.61,4.93,-3.63,INF,-1,1,7,0
9620,1,1,54.968,-39.955,5.12,-3.71,5.11,-3.73,INF,-1,1,7,0
9640,1,1,52.567,-38.402,4.90,-3.57,4.89,-3.58,INF,-1,1,7,0
9660,1,1,47.563,-38.063,4.44,-3.54,4.43,-3.55,INF,-1,1,7,0
9680,1,1,46.030,-40.423,4.29,-3.76,4.28,-3.77,INF,-1,1,7,0
9700,1,1,45.026,-39.736,4.20,-3.70,4.19,-3.71,INF,-1,1,7,0
9720,1,1,45.025,-39.887,4.20,-3.71,4.19,-3.72,INF,-1,1,7,0
9740,1,1,44.001,-38.856,4.11,-3.62,4.10,-3.63,INF,-1,1,7,0
9760,1,1,46.221,-43.190,4.31,-4.02,4.30,-4.03,INF,-1,1,7,0
9780,1,1,46.601,-40.859,4.35,-3.80,4.34,-3.81,INF,-1,1,7,0
9800,1,1,46.458,-41.928,4.33,-3.90,4.32,-3.91,INF,-1,1,7,0
9820,1,1,45.164,-42.521,4.21,-3.96,4.20,-3.97,INF,-1,1,7,0
9840,1,1,45.142,-40.447,4.21,-3.76,4.20,-3.77,INF,-1,1,7,0
9860,1,1,46.653,-42.046,4.35,-3.91,4.34,-3.92,INF,-1,1,7,0
9880,1,1,45.086,-39.439,4.21,-3.67,4.20,-3.68,INF,-1,1,7,0
9900,1,1,45.295,-39.763,4.23,-3.70,4.22,-3.71,INF,-1,1,7,0
9920,1,1,45.083,-38.372,4.21,-3.57,4.20,-3.58,INF,-1,1,7,0
9940,1,1,46.969,-39.663,4.38,-3.69,4.37,-3.70,INF,-1,1,7,0
9960,1,1,45.611,-41.720,4.26,-3.88,4.25,-3.89,INF,-1,1,7,0
9980,1,1,45.756,-42.690,4.27,-3.97,4.26,-3.98,INF,-1,1,7,0
10000,1,1,47.045,-42.289,4.39,-3.93,4.38,-3.95,INF,-1,1,7,0
10020,1,1,44.953,-39.065,4.19,-3.64,4.19,-3.65,INF,-1,1,7,0
10040,1,1,47.385,-43.046,4.42,-4.00,4.41,-4.02,INF,-1,1,7,0
10060,1,1,45.684,-42.823,4.26,-3.99,4.25,-4.00,INF,-1,1,7,0
10080,1,1,45.751,-41.504,4.27,-3.86,4.26,-3.87,INF,-1,1,7,0
10100,1,1,46.123,-43.724,4.30,-4.07,4.29,-4.08,INF,-1,1,7,0
10120,1,1,46.858,-42.137,4.37,-3.92,4.36,-3.93,INF,-1,1,7,0
10140,1,1,46.419,-42.617,4.33,-3.97,4.32,-3.98,INF,-1,1,7,0
10160,1,1,45.995,-40.094,4.29,-3.73,4.28,-3.74,INF,-1,1,7,0
10180,1,1,46.877,-42.408,4.37,-3.95,4.36,-3.96,INF,-1,1,7,0
10200,1,1,42.905,-41.587,4.00,-3.87,3.99,-3.88,INF,-1,1,7,0
10220,1,1,43.212,-41.908,4.03,-3.90,4.02,-3.91,INF,-1,1,7,0
10240,1,1,46.665,-42.763,4.35,-3.98,4.34,-3.99,INF,-1,1,7,0
10260,1,1,45.473,-41.799,4.24,-3.89,4.23,-3.90,INF,-1,1,7,0
10280,1,1,46.490,-42.120,4.34,-3.92,4.33,-3.93,INF,-1,1,7,0
10300,1,1,44.773,-41.737,4.18,-3.88,4.17,-3.90,INF,-1,1,7,0
10320,1,1,45.442,-39.909,4.24,-3.71,4.23,-3.72,INF,-1,1,7,0
10340,1,1,46.245,-42.534,4.31,-3.96,4.30,-3.97,INF,-1,1,7,0
10360,1,1,47.021,-43.053,4.39,-4.01,4.38,-4.02,INF,-1,1,7,0
10380,1,1,44.195,-41.949,4.12,-3.90,4.11,-3.91,INF,-1,1,7,0
10400,1,1,51.610,-40.924,4.81,-3.81,4.80,-3.82,INF,-1,1,7,0
10420,1,1,54.388,-37.393,5.07,-3.48,5.06,-3.49,INF,-1,1,7,0
10440,1,1,53.931,-36.505,5.03,-3.39,5.02,-3.41,INF,-1,1,7,0
10460,1,1,53.099,-39.869,4.95,-3.71,4.94,-3.72,INF,-1,1,7,0
10480,1,1,54.069,-38.736,5.04,-3.60,5.03,-3.62,INF,-1,1,7,0
10500,1,1,55.497,-41.693,5.17,-3.88,5.16,-3.89,INF,-1,1,7,0
10520,1,1,53.737,-38.190,5.01,-3.55,5.00,-3.56,INF,-1,1,7,0
10540,1,1,53.899,-38.629,5.02,-3.59,5.02,-3.61,INF,-1,1,7,0
10560,1,1,53.241,-37.326,4.96,-3.47,4.95,-3.48,INF,-1,1,7,0
10580,1,1,54.919,-39.238,5.12,-3.65,5.11,-3.66,INF,-1,1,7,0
10600,1,1,53.878,-38.421,5.02,-3.57,5.01,-3.59,INF,-1,1,7,0
10620,1,1,55.230,-38.005,5.15,-3.53,5.14,-3.55,INF,-1,1,7,0
10640,1,1,54.149,-40.754,5.05,-3.79,5.04,-3.80,INF,-1,1,7,0
10660,1,1,55.968,-40.237,5.22,-3.74,5.21,-3.76,INF,-1,1,7,0
10680,1,1,55.145,-39.309,5.14,-3.65,5.13,-3.67,INF,-1,1,7,0
10700,1,1,54.466,-38.105,5.08,-3.54,5.07,-3.56,INF,-1,1,7,0
10720,1,1,53.484,-37.109,4.99,-3.45,4.98,-3.46,INF,-1,1,7,0
10740,1,1,55.232,-38.388,5.15,-3.57,5.14,-3.58,INF,-1,1,7,0
10760,1,1,54.042,-35.778,5.04,-3.33,5.03,-3.34,INF,-1,1,7,0
10780,1,1,55.520,-38.711,5.18,-3.60,5.16,-3.61,INF,-1,1,7,0
10800,1,1,57.104,-39.337,5.32,-3.66,5.31,-3.67,INF,-1,1,7,0
10820,1,1,55.614,-40.769,5.18,-3.79,5.17,-3.80,INF,-1,1,7,0
10840,1,1,54.183,-38.577,5.05,-3.59,5.04,-3.60,INF,-1,1,7,0
10860,1,1,54.181,-39.144,5.05,-3.64,5.04,-3.65,INF,-1,1,7,0
10880,1,1,55.182,-39.746,5.14,-3.69,5.13,-3.71,INF,-1,1,7,0
10900,1,1,54.200,-40.566,5.05,-3.77,5.04,-3.79,INF,-1,1,7,0
10920,1,1,55.853,-39.567,5.21,-3.68,5.20,-3.69,INF,-1,1,7,0
10940,1,1,55.202,-40.114,5.15,-3.73,5.13,-3.74,INF,-1,1,7,0
10960,1,1,53.560,-38.145,4.99,-3.55,4.98,-3.56,INF,-1,1,7,0
10980,1,1,53.911,-39.371,5.03,-3.66,5.02,-3.67,INF,-1,1,7,0
11000,1,1,56.473,-40.031,5.26,-3.72,5.25,-3.74,INF,-1,1,7,0
11020,1,1,53.809,-41.734,5.02,-3.88,5.01,-3.89,INF,-1,1,7,0
11040,1,1,54.231,-37.596,5.06,-3.50,5.05,-3.51,INF,-1,1,7,0
11060,1,1,54.486,-38.575,5.08,-3.59,5.07,-3.60,INF,-1,1,7,0
11080,1,1,53.021,-40.256,4.94,-3.74,4.93,-3.76,INF,-1,1,7,0
11100,1,1,54.731,-38.828,5.10,-3.61,5.09,-3.62,INF,-1,1,7,0
11120,1,1,53.703,-40.978,5.01,-3.81,5.00,-3.82,INF,-1,1,7,0
11140,1,1,53.681,-36.778,5.00,-3.42,5.00,-3.43,INF,-1,1,7,0
11160,1,1,53.303,-37.828,4.97,-3.52,4.96,-3.53,INF,-1,1,7,0
11180,1,1,53.517,-37.263,4.99,-3.47,4.98,-3.48,INF,-1,1,7,0
11200,1,1,53.820,-37.090,5.02,-3.45,5.01,-3.46,INF,-1,1,7,0
11220,1,1,52.746,-37.248,4.92,-3.46,4.91,-3.48,INF,-1,1,7,0
11240,1,1,53.611,-38.883,5.00,-3.62,4.99,-3.63,INF,-1,1,7,0
11260,1,1,51.107,-36.478,4.77,-3.39,4.76,-3.41,INF,-1,1,7,0
11280,1,1,54.792,-40.877,5.11,-3.80,5.10,-3.82,INF,-1,1,7,0
11300,1,1,55.096,-38.706,5.14,-3.60,5.13,-3.61,INF,-1,1,7,0
11320,1,1,54.848,-37.620,5.11,-3.50,5.10,-3.51,INF,-1,1,7,0
11340,1,1,53.346,-39.362,4.97,-3.66,4.96,-3.67,INF,-1,1,7,0
11360,1,1,53.669,-40.024,5.00,-3.72,4.99,-3.74,INF,-1,1,7,0
11380,1,1,55.781,-39.806,5.20,-3.70,5.19,-3.72,INF,-1,1,7,0
11400,1,1,55.742,-40.081,5.20,-3.73,5.18,-3.74,INF,-1,1,7,0
11420,1,1,54.957,-36.040,5.12,-3.35,5.11,-3.36,INF,-1,1,7,0
11440,1,1,51.661,-39.475,4.82,-3.67,4.81,-3.68,INF,-1,1,7,0
11460,1,1,54.299,-33.890,5.06,-3.15,5.05,-3.16,INF,-1,1,7,0
11480,1,1,55.197,-39.489,5.15,-3.67,5.13,-3.69,INF,-1,1,7,0
11500,1,1,55.705,-39.892,5.19,-3.71,5.18,-3.72,INF,-1,1,7,0
11520,1,1,53.265,-36.996,4.97,-3.44,4.96,-3.45,INF,-1,1,7,0
11540,1,1,19.753,-8.741,1.85,-0.82,1.85,-0.82,INF,-1,1,7,0
11560,1,1,9.885,-2.469,0.92,-0.23,0.92,-0.23,INF,-1,1,7,0
11580,1,1,8.829,-3.208,0.83,-0.30,0.83,-0.30,INF,-1,0,7,0
11600,1,1,8.691,-1.143,0.81,-0.11,0.81,-0.11,INF,-1,0,7,0
11620,1,1,8.601,-2.627,0.80,-0.25,0.80,-0.25,INF,-1,0,7,0
11640,1,1,9.161,-1.333,0.86,-0.12,0.86,-0.12,INF,-1,0,7,0
11660,1,1,10.148,-2.837,0.95,-0.27,0.95,-0.27,INF,-1,0,7,0
11680,1,1,9.816,-1.596,0.92,-0.15,0.92,-0.15,INF,-1,0,7,0
11700,1,1,8.533,-2.296,0.80,-0.21,0.80,-0.21,INF,-1,0,7,0
11720,1,1,10.008,-1.966,0.94,-0.18,0.94,-0.18,INF,-1,0,7,0
11740,1,1,9.810,-1.373,0.92,-0.13,0.92,-0.13,INF,-1,0,7,0
11760,1,1,8.833,-2.317,0.83,-0.22,0.83,-0.22,INF,-1,0,7,0
11780,1,1,11.277,-5.228,1.05,-0.49,1.05,-0.49,INF,-1,0,7,0
11800,1,1,12.785,-6.061,1.19,-0.57,1.19,-0.57,INF,-1,0,7,0
11820,1,1,10.028,-5.789,0.94,-0.54,0.94,-0.54,INF,-1,0,7,0
11840,1,1,10.230,-6.705,0.96,-0.63,0.96,-0.63,INF,-1,1,7,0
11860,1,1,11.672,-6.538,1.09,-0.61,1.09,-0.61,INF,-1,1,7,0
11880,1,1,11.147,-6.434,1.04,-0.60,1.04,-0.60,INF,-1,1,7,0
11900,1,1,13.095,-6.319,1.22,-0.59,1.22,-0.59,INF,-1,1,7,0
11920,1,1,12.296,-6.077,1.15,-0.57,1.15,-0.57,INF,-1,1,7,0
11940,1,1,12.545,-7.969,1.17,-0.74,1.17,-0.74,INF,-1,1,7,0
11960,1,1,12.564,-7.414,1.17,-0.69,1.17,-0.69,INF,-1,1,7,0
11980,1,1,11.520,-6.989,1.08,-0.65,1.08,-0.65,INF,-1,1,7,0
12000,1,1,10.708,-6.660,1.00,-0.62,1.00,-0.62,INF,-1,1,7,0
12020,1,1,12.319,-5.841,1.15,-0.55,1.15,-0.55,INF,-1,1,7,0
12040,1,1,13.173,-7.123,1.23,-0.67,1.23,-0.67,INF,-1,1,7,0
12060,1,1,11.852,-7.061,1.11,-0.66,1.11,-0.66,INF,-1,1,7,0
12080,1,1,11.769,-8.873,1.10,-0.83,1.10,-0.83,INF,-1,1,7,0
12100,1,1,9.756,-8.713,0.91,-0.81,0.91,-0.81,INF,-1,1,7,0
12120,1,1,11.882,-8.714,1.11,-0.81,1.11,-0.81,INF,-1,1,7,0
12140,1,1,10.135,-10.040,0.95,-0.94,0.95,-0.94,INF,-1,1,7,0
12160,1,1,10.695,-7.702,1.00,-0.72,1.00,-0.72,INF,-1,1,7,0
12180,1,1,11.407,-9.143,1.07,-0.85,1.07,-0.85,INF,-1,1,7,0
12200,1,1,10.272,-10.146,0.96,-0.95,0.96,-0.95,INF,-1,1,7,0
12220,1,1,10.012,-7.453,0.94,-0.70,0.94,-0.70,INF,-1,1,7,0
12240,1,1,9.133,-9.977,0.85,-0.93,0.85,-0.93,INF,-1,1,7,0
12260,1,1,10.093,-8.582,0.94,-0.80,0.94,-0.80,INF,-1,1,7,0
12280,1,1,10.570,-9.252,0.99,-0.86,0.99,-0.86,INF,-1,1,7,0
12300,1,1,8.619,-8.927,0.81,-0.83,0.81,-0.83,INF,-1,1,7,0
12320,1,1,9.530,-9.143,0.89,-0.85,0.89,-0.85,INF,-1,1,7,0
12340,1,1,7.379,-8.181,0.69,-0.76,0.69,-0.76,INF,-1,1,7,0
12360,1,1,10.020,-8.299,0.94,-0.78,0.94,-0.78,INF,-1,1,7,0
12380,1,1,7.885,-9.370,0.74,-0.88,0.74,-0.88,INF,-1,1,7,0
12400,1,1,8.725,-9.317,0.82,-0.87,0.82,-0.87,INF,-1,1,7,0
12420,1,1,10.878,-5.511,1.02,-0.52,1.02,-0.52,INF,-1,1,7,0
12440,1,1,11.103,-1.177,1.04,-0.11,1.04,-0.11,INF,-1,1,7,0
12460,1,1,10.781,-0.535,1.01,-0.05,1.01,-0.05,INF,-1,1,7,0
12480,1,1,9.643,-1.244,0.90,-0.12,0.90,-0.12,INF,-1,1,7,0
12500,1,1,12.202,-3.393,1.14,-0.32,1.14,-0.32,INF,-1,1,7,0
12520,1,1,11.668,-1.992,1.09,-0.19,1.09,-0.19,INF,-1,1,7,0
12540,1,1,10.938,-2.549,1.02,-0.24,1.02,-0.24,INF,-1,1,7,0
12560,1,1,11.382,-2.692,1.06,-0.25,1.06,-0.25,INF,-1,1,7,0
12580,1,1,9.920,-1.726,0.93,-0.16,0.93,-0.16,INF,-1,1,7,0
12600,1,1,11.229,-2.489,1.05,-0.23,1.05,-0.23,INF,-1,1,7,0
12620,1,1,11.601,-1.890,1.08,-0.18,1.08,-0.18,INF,-1,1,7,0
12640,1,1,10.622,-1.243,0.99,-0.12,0.99,-0.12,INF,-1,1,7,0
12660,1,1,10.490,-2.201,0.98,-0.21,0.98,-0.21,INF,-1,1,7,0
12680,1,1,11.643,-1.017,1.09,-0.09,1.09,-0.10,INF,-1,1,7,0
12700,1,1,10.283,-1.613,0.96,-0.15,0.96,-0.15,INF,-1,1,7,0
12720,1,1,10.270,-2.730,0.96,-0.26,0.96,-0.26,INF,-1,1,7,0
12740,1,1,9.202,-2.573,0.86,-0.24,0.86,-0.24,INF,-1,1,7,0
12760,1,1,8.683,-2.375,0.81,-0.22,0.81,-0.22,INF,-1,1,7,0
12780,1,1,11.038,-3.750,1.03,-0.35,1.03,-0.35,INF,-1,1,7,0
12800,1,1,9.547,-3.228,0.89,-0.30,0.89,-0.30,INF,-1,1,7,0
12820,1,1,9.776,-1.852,0.91,-0.17,0.91,-0.17,INF,-1,1,7,0
12840,1,1,10.514,-3.598,0.98,-0.34,0.98,-0.34,INF,-1,1,7,0
12860,1,1,10.876,-3.547,1.02,-0.33,1.02,-0.33,INF,-1,1,7,0
12880,1,1,10.412,-2.362,0.97,-0.22,0.97,-0.22,INF,-1,1,7,0
12900,1,1,11.164,-3.902,1.04,-0.36,1.04,-0.36,INF,-1,1,7,0
12920,1,1,9.869,-3.693,0.92,-0.35,0.92,-0.35,INF,-1,1,7,0
12940,1,1,9.584,-1.698,0.90,-0.16,0.90,-0.16,INF,-1,1,7,0
12960,1,1,10.429,-3.613,0.97,-0.34,0.97,-0.34,INF,-1,1,7,0
12980,1,1,11.024,-3.160,1.03,-0.30,1.03,-0.30,INF,-1,1,7,0
13000,1,1,52.074,11.780,4.86,1.10,4.85,1.10,INF,-1,1,7,0
13020,1,1,65.407,12.337,6.09,1.15,6.09,1.15,INF,-1,1,7,0
13040,1,1,64.362,11.399,5.99,1.06,5.99,1.07,INF,-1,0,7,0
13060,1,1,63.864,11.006,5.95,1.02,5.95,1.03,INF,-1,0,7,0
13080,1,1,65.874,10.322,6.13,0.96,6.13,0.96,INF,-1,0,7,0
13100,1,1,64.027,10.319,5.96,0.96,5.96,0.96,INF,-1,0,7,0
13120,1,1,66.131,10.279,6.16,0.96,6.16,0.96,INF,-1,0,7,0
13140,1,1,63.470,13.116,5.91,1.22,5.91,1.23,INF,-1,0,7,0
13160,1,1,65.527,10.882,6.10,1.01,6.10,1.02,INF,-1,0,7,0
13180,1,1,64.533,12.717,6.01,1.18,6.01,1.19,INF,-1,0,7,0
13200,1,1,61.965,13.094,5.77,1.22,5.77,1.22,INF,-1,0,7,0
13220,1,1,61.510,12.401,5.73,1.15,5.73,1.16,INF,-1,0,7,0
13240,1,1,60.059,12.691,5.60,1.18,5.59,1.19,INF,-1,0,7,0
13260,1,1,62.387,11.529,5.81,1.07,5.81,1.08,INF,-1,0,7,0
13280,1,1,60.856,12.555,5.67,1.17,5.67,1.17,INF,-1,0,7,0
13300,1,1,60.038,13.265,5.59,1.23,5.59,1.24,INF,-1,1,7,0
13320,1,1,61.652,12.112,5.74,1.13,5.74,1.13,INF,-1,1,7,0
13340,1,1,60.974,12.332,5.68,1.15,5.68,1.15,INF,-1,1,7,0
13360,1,1,61.078,12.995,5.69,1.21,5.69,1.21,INF,-1,1,7,0
13380,0,1,0.000,0.000,0.00,0.00,0.00,0.00,0.00,-1,1,7,0
13400,0,1,0.000,0.000,0.00,0.00,0.00,0.00,0.00,-1,1,7,0
13420,0,1,0.000,0.000,0.00,0.00,0.00,0.00,0.00,-1,1,7,0
13440,0,1,0.000,0.000,0.00,0.00,0.00,0.00,0.00,-1,1,7,0
13460,0,1,0.000,0.000,0.00,0.00,0.00,0.00,0.00,-1,0,7,0
13480,0,1,0.000,0.000,0.00,0.00,0.00,0.00,0.00,-1,0,7,0
13500,0,1,0.000,0.000,0.00,0.00,0.00,0.00,0.00,-1,0,7,0
13520,0,1,0.000,0.000,0.00,0.00,0.00,0.00,0.00,-1,0,7,0
13540,0,1,0.000,0.000,0.00,0.00,0.00,0.00,0.00,-1,0,7,0
13560,0,1,0.000,0.000,0.00,0.00,0.00,0.00,0.00,-1,0,7,0
13580,0,1,0.000,0.000,0.00,0.00,0.00,0.00,0.00,-1,0,7,0
13600,0,1,0.000,0.000,0.00,0.00,0.00,0.00,0.00,-1,0,7,0
13620,1,1,-23.845,-105.910,-2.23,-9.80,-2.20,-9.80,INF,-1,0,7,0
13640,0,1,0.000,0.000,0.00,0.00,0.00,0.00,0.00,-1,0,7,0
13660,0,1,0.000,0.000,0.00,0.00,0.00,0.00,0.00,-1,0,7,0
13680,0,1,0.000,0.000,0.00,0.00,0.00,0.00,0.00,-1,0,7,0
13700,0,1,0.000,0.000,0.00,0.00,0.00,0.00,0.00,-1,0,7,0
13720,0,1,0.000,0.000,0.00,0.00,0.00,0.00,0.00,-1,0,7,0
13740,0,1,0.000,0.000,0.00,0.00,0.00,0.00,0.00,-1,0,7,0
13760,1,1,55.508,9.776,5.17,0.91,5.17,0.91,INF,-1,0,7,0
13780,1,1,53.918,10.709,5.03,1.00,5.03,1.00,INF,-1,0,7,0
13800,1,1,55.622,15.963,5.18,1.49,5.18,1.49,INF,-1,0,7,0
13820,1,1,55.309,15.661,5.16,1.46,5.15,1.46,INF,-1,0,7,0
13840,1,1,57.351,14.143,5.34,1.32,5.34,1.32,INF,-1,0,7,0
13860,1,1,56.099,12.033,5.23,1.12,5.23,1.12,INF,-1,0,7,0
13880,1,1,39.862,13.360,3.72,1.25,3.72,1.25,INF,-1,0,7,0
13900,1,1,26.064,24.016,2.43,2.24,2.43,2.24,INF,-1,0,7,0
13920,1,1,26.960,22.919,2.52,2.14,2.52,2.14,INF,-1,0,7,0
13940,1,1,25.214,25.480,2.36,2.38,2.35,2.38,INF,-1,0,7,0
13960,1,1,25.869,23.696,2.42,2.21,2.41,2.21,INF,-1,0,7,0
13980,1,1,25.270,22.787,2.36,2.13,2.36,2.13,INF,-1,0,7,0
14000,1,1,25.052,24.435,2.34,2.28,2.34,2.28,INF,-1,0,7,0
14020,1,1,24.428,24.605,2.28,2.30,2.28,2.30,INF,-1,0,7,0
14040,1,1,27.068,21.635,2.53,2.02,2.53,2.02,INF,-1,0,7,0
14060,1,1,25.094,22.619,2.34,2.11,2.34,2.11,INF,-1,0,7,0
14080,1,1,26.301,22.522,2.46,2.10,2.46,2.10,INF,-1,1,7,0
14100,1,1,25.750,21.955,2.41,2.05,2.40,2.05,INF,-1,1,7,0
14120,1,1,27.854,21.012,2.60,1.96,2.60,1.96,INF,-1,1,7,0
14140,1,1,26.153,21.641,2.44,2.02,2.44,2.02,INF,-1,1,7,0
14160,1,1,24.779,22.568,2.31,2.11,2.31,2.11,INF,-1,1,7,0
14180,1,1,25.146,22.264,2.35,2.08,2.35,2.08,INF,-1,1,7,0
14200,1,1,25.892,21.633,2.42,2.02,2.42,2.02,INF,-1,1,7,0
14220,1,1,24.101,21.541,2.25,2.01,2.25,2.01,INF,-1,1,7,0
14240,1,1,27.125,21.798,2.53,2.03,2.53,2.04,INF,-1,1,7,0
14260,1,1,25.983,21.764,2.43,2.03,2.43,2.03,INF,-1,1,7,0
14280,1,1,26.879,21.796,2.51,2.03,2.51,2.04,INF,-1,1,7,0
14300,1,1,26.573,22.559,2.48,2.11,2.48,2.11,INF,-1,1,7,0
14320,1,1,25.396,20.697,2.37,1.93,2.37,1.93,INF,-1,1,7,0
14340,1,1,26.599,21.253,2.48,1.98,2.48,1.99,INF,-1,1,7,0
14360,1,1,23.863,22.011,2.23,2.05,2.23,2.06,INF,-1,1,7,0
14380,1,1,24.910,22.343,2.33,2.09,2.33,2.09,INF,-1,1,7,0
14400,1,1,26.879,21.873,2.51,2.04,2.51,2.04,INF,-1,1,7,0
14420,1,1,26.348,22.262,2.46,2.08,2.46,2.08,INF,-1,1,7,0
14440,1,1,24.856,21.738,2.32,2.03,2.32,2.03,INF,-1,1,7,0
14460,1,1,25.213,21.175,2.36,1.98,2.35,1.98,INF,-1,1,7,0
14480,1,1,25.090,21.616,2.34,2.02,2.34,2.02,INF,-1,1,7,0
14500,1,1,23.772,22.788,2.22,2.13,2.22,2.13,INF,-1,1,7,0
14520,1,1,23.062,21.691,2.15,2.03,2.15,2.03,INF,-1,1,7,0
14540,1,1,23.278,23.277,2.17,2.17,2.17,2.17,INF,-1,0,7,0
14560,1,1,25.188,21.510,2.35,2.01,2.35,2.01,INF,-1,0,7,0
14580,1,1,24.581,22.851,2.30,2.13,2.29,2.13,INF,-1,0,7,0
14600,1,1,24.362,22.494,2.28,2.10,2.27,2.10,INF,-1,0,7,0
14620,1,1,25.111,20.937,2.35,1.95,2.34,1.96,INF,-1,0,7,0
14640,1,1,24.312,22.468,2.27,2.10,2.27,2.10,INF,-1,0,7,0
14660,1,1,23.563,20.869,2.20,1.95,2.20,1.95,INF,-1,0,7,0
14680,1,1,25.044,21.933,2.34,2.05,2.34,2.05,INF,-1,0,7,0
14700,1,1,24.123,20.557,2.25,1.92,2.25,1.92,INF,-1,0,7,0
14720,1,1,22.482,22.896,2.10,2.14,2.10,2.14,INF,-1,0,7,0
14740,1,1,23.768,21.666,2.22,2.02,2.22,2.02,INF,-1,0,7,0
14760,1,1,24.357,21.676,2.28,2.02,2.27,2.03,INF,-1,0,7,0
14780,1,1,23.714,21.787,2.22,2.03,2.21,2.04,INF,-1,1,7,0
14800,1,1,22.955,21.504,2.14,2.01,2.14,2.01,INF,-1,1,7,0
14820,1,1,24.551,22.507,2.29,2.10,2.29,2.10,INF,-1,1,7,0
14840,1,1,17.950,17.203,1.68,1.61,1.68,1.61,INF,-1,1,7,0
14860,1,1,15.386,13.002,1.44,1.21,1.44,1.22,INF,-1,1,7,0
14880,1,1,14.137,14.412,1.32,1.35,1.32,1.35,INF,-1,1,7,0
14900,1,1,14.606,13.027,1.36,1.22,1.36,1.22,INF,-1,0,7,0
14920,1,1,15.379,12.088,1.44,1.13,1.44,1.13,INF,-1,0,7,0
14940,1,1,15.524,14.805,1.45,1.38,1.45,1.38,INF,-1,0,7,0
14960,1,1,15.359,13.291,1.44,1.24,1.43,1.24,INF,-1,0,7,0
14980,1,1,16.629,14.043,1.55,1.31,1.55,1.31,INF,-1,0,7,0
15000,1,1,16.097,11.971,1.50,1.12,1.50,1.12,INF,-1,0,7,0
