"EyeTracker Toolbox version","3.250"
CalibrationParameters_A11,1.05677
CalibrationParameters_A12,0.03649
CalibrationParameters_A13,-0.00766
CalibrationParameters_A21,0.06263
CalibrationParameters_A22,-1.08955
CalibrationParameters_A23,-0.01253
CalibrationParameters_A31,-0.00001
CalibrationParameters_A32,-0.00181
CalibrationParameters_E11,-0.17998
CalibrationParameters_E12,0.00013
CalibrationParameters_E21,-0.00029
CalibrationParameters_E22,0.19992
CalibrationParameters_X,9.06419
CalibrationParameters_Y,-36.39719
CalibrationParameters_Rpc,93.72183
CalibrationParameters_MeanX,107.31665
CalibrationParameters_MeanY,111.40383
CalibrationParameters_ViewDist,613.00000
TimeStamp,Tracked,Calibrated,ScreenPositionXmm,ScreenPositionYmm,FicksLongitude,FicksLatitude,HelmholtzAzimuth,HelmholtzElevation,PupilDiameter,Region,Fixation,DigitalIO,Dropped
0,0,1,0.000,0.000,0.00,0.00,0.00,0.00,0.00,-1,0,7,0
20,1,1,-157.861,107.946,-14.44,9.68,-14.23,9.99,INF,-1,0,7,0
40,0,1,0.000,0.000,0.00,0.00,0.00,0.00,0.00,-1,0,7,0
60,1,1,4.881,1.051,0.46,0.10,0.46,0.10,INF,-1,0,7,0
80,1,1,9.583,0.979,0.90,0.09,0.90,0.09,INF,-1,0,7,0
100,1,1,8.581,-1.307,0.80,-0.12,0.80,-0.12,INF,-1,0,7,0
120,1,1,6.434,-1.764,0.60,-0.16,0.60,-0.16,INF,-1,0,7,0
140,1,1,7.667,-3.105,0.72,-0.29,0.72,-0.29,INF,-1,0,7,0
160,1,1,6.240,-1.146,0.58,-0.11,0.58,-0.11,INF,-1,0,7,0
180,1,1,6.278,-2.777,0.59,-0.26,0.59,-0.26,INF,-1,0,7,0
200,1,1,6.366,-4.596,0.59,-0.43,0.59,-0.43,INF,-1,0,7,0
220,1,1,4.322,-1.578,0.40,-0.15,0.40,-0.15,INF,-1,0,7,0
240,1,1,6.255,-1.546,0.58,-0.14,0.58,-0.14,INF,-1,0,7,0
260,1,1,6.399,-3.608,0.60,-0.34,0.60,-0.34,INF,-1,0,7,0
280,1,1,6.762,-1.960,0.63,-0.18,0.63,-0.18,INF,-1,0,7,0
300,1,1,-1.622,0.574,-0.15,0.05,-0.15,0.05,INF,-1,0,7,0
320,1,1,-3.488,1.003,-0.33,0.09,-0.33,0.09,INF,-1,0,7,0
340,1,1,-2.100,0.281,-0.20,0.03,-0.20,0.03,INF,-1,1,7,0
360,1,1,-3.067,1.160,-0.29,0.11,-0.29,0.11,INF,-1,1,7,0
380,1,1,-5.839,0.224,-0.55,0.02,-0.55,0.02,INF,-1,1,7,0
400,1,1,-2.358,0.150,-0.22,0.01,-0.22,0.01,INF,-1,1,7,0
420,1,1,-3.040,2.991,-0.28,0.28,-0.28,0.28,INF,-1,1,7,0
440,1,1,-2.182,1.636,-0.20,0.15,-0.20,0.15,INF,-1,1,7,0
460,1,1,-3.890,-0.582,-0.36,-0.05,-0.36,-0.05,INF,-1,1,7,0
480,1,1,-3.646,1.223,-0.34,0.11,-0.34,0.11,INF,-1,1,7,0
500,1,1,0.924,2.273,0.09,0.21,0.09,0.21,INF,-1,1,7,0
520,1,1,-4.757,1.545,-0.44,0.14,-0.44,0.14,INF,-1,1,7,0
540,1,1,-1.486,0.808,-0.14,0.08,-0.14,0.08,INF,-1,1,7,0
560,1,1,-3.908,2.350,-0.37,0.22,-0.37,0.22,INF,-1,1,7,0
580,1,1,-6.312,6.206,-0.59,0.58,-0.59,0.58,INF,-1,1,7,0
600,1,1,-7.407,12.382,-0.69,1.16,-0.69,1.16,INF,-1,1,7,0
620,1,1,-6.353,11.154,-0.59,1.04,-0.59,1.04,INF,-1,0,7,0
640,1,1,-6.000,11.130,-0.56,1.04,-0.56,1.04,INF,-1,0,7,0
660,1,1,-8.823,11.215,-0.82,1.05,-0.82,1.05,INF,-1,0,7,0
680,1,1,-11.123,11.553,-1.04,1.08,-1.04,1.08,INF,-1,0,7,0
700,1,1,-2.742,12.521,-0.26,1.17,-0.26,1.17,INF,-1,0,7,0
720,1,1,-9.747,12.496,-0.91,1.17,-0.91,1.17,INF,-1,0,7,0
740,1,1,-10.387,12.467,-0.97,1.16,-0.97,1.17,INF,-1,0,7,0
760,1,1,-10.138,11.648,-0.95,1.09,-0.95,1.09,INF,-1,0,7,0
780,1,1,-1.151,11.693,-0.11,1.09,-0.11,1.09,INF,-1,0,7,0
800,1,1,-8.305,10.763,-0.78,1.01,-0.78,1.01,INF,-1,0,7,0
820,1,1,-8.572,12.759,-0.80,1.19,-0.80,1.19,INF,-1,0,7,0
840,1,1,-5.414,10.722,-0.51,1.00,-0.51,1.00,INF,-1,0,7,0
860,1,1,-9.182,11.712,-0.86,1.09,-0.86,1.09,INF,-1,1,7,0
880,1,1,-8.948,11.215,-0.84,1.05,-0.84,1.05,INF,-1,1,7,0
900,1,1,-6.492,11.249,-0.61,1.05,-0.61,1.05,INF,-1,1,7,0
920,1,1,-11.949,9.941,-1.12,0.93,-1.12,0.93,INF,-1,1,7,0
940,1,1,-19.718,13.167,-1.84,1.23,-1.84,1.23,INF,-1,1,7,0
960,1,1,-17.440,12.857,-1.63,1.20,-1.63,1.20,INF,-1,1,7,0
980,1,1,-16.556,12.122,-1.55,1.13,-1.55,1.13,INF,-1,1,7,0
1000,1,1,-12.986,13.087,-1.21,1.22,-1.21,1.22,INF,-1,1,7,0
1020,1,1,-14.391,11.998,-1.34,1.12,-1.34,1.12,INF,-1,1,7,0
1040,1,1,-16.806,11.377,-1.57,1.06,-1.57,1.06,INF,-1,1,7,0
1060,1,1,-18.585,13.190,-1.74,1.23,-1.74,1.23,INF,-1,1,7,0
1080,1,1,-14.591,11.478,-1.36,1.07,-1.36,1.07,INF,-1,1,7,0
1100,1,1,-16.146,12.315,-1.51,1.15,-1.51,1.15,INF,-1,1,7,0
1120,1,1,-13.987,9.153,-1.31,0.86,-1.31,0.86,INF,-1,1,7,0
1140,1,1,-18.271,13.332,-1.71,1.25,-1.71,1.25,INF,-1,1,7,0
1160,1,1,-12.540,12.481,-1.17,1.17,-1.17,1.17,INF,-1,1,7,0
1180,1,1,9.793,11.077,0.92,1.04,0.92,1.04,INF,-1,1,7,0
1200,1,1,11.137,9.787,1.04,0.91,1.04,0.91,INF,-1,1,7,0
1220,1,1,7.280,9.610,0.68,0.90,0.68,0.90,INF,-1,0,7,0
1240,1,1,10.839,9.991,1.01,0.93,1.01,0.93,INF,-1,0,7,0
1260,1,1,9.921,9.335,0.93,0.87,0.93,0.87,INF,-1,0,7,0
1280,1,1,13.042,6.990,1.22,0.65,1.22,0.65,INF,-1,0,7,0
1300,1,1,12.025,10.755,1.12,1.00,1.12,1.01,INF,-1,0,7,0
1320,1,1,10.344,9.526,0.97,0.89,0.97,0.89,INF,-1,0,7,0
1340,1,1,9.938,9.618,0.93,0.90,0.93,0.90,INF,-1,0,7,0
1360,1,1,13.827,7.590,1.29,0.71,1.29,0.71,INF,-1,0,7,0
1380,1,1,13.422,7.169,1.25,0.67,1.25,0.67,INF,-1,0,7,0
1400,1,1,13.137,8.709,1.23,0.81,1.23,0.81,INF,-1,0,7,0
1420,1,1,13.886,9.724,1.30,0.91,1.30,0.91,INF,-1,0,7,0
1440,1,1,8.770,11.297,0.82,1.06,0.82,1.06,INF,-1,0,7,0
1460,1,1,11.542,7.421,1.08,0.69,1.08,0.69,INF,-1,1,7,0
1480,1,1,11.988,7.705,1.12,0.72,1.12,0.72,INF,-1,1,7,0
1500,1,1,13.566,7.792,1.27,0.73,1.27,0.73,INF,-1,1,7,0
1520,1,1,13.538,8.087,1.27,0.76,1.27,0.76,INF,-1,1,7,0
1540,1,1,10.192,7.418,0.95,0.69,0.95,0.69,INF,-1,1,7,0
1560,1,1,20.439,5.604,1.91,0.52,1.91,0.52,INF,-1,1,7,0
1580,1,1,26.072,2.270,2.44,0.21,2.44,0.21,INF,-1,1,7,0
1600,1,1,27.387,2.762,2.56,0.26,2.56,0.26,INF,-1,1,7,0
1620,1,1,25.244,0.294,2.36,0.03,2.36,0.03,INF,-1,0,7,0
1640,1,1,26.023,1.010,2.43,0.09,2.43,0.09,INF,-1,0,7,0
1660,1,1,27.293,0.306,2.55,0.03,2.55,0.03,INF,-1,0,7,0
1680,1,1,25.561,2.185,2.39,0.20,2.39,0.20,INF,-1,0,7,0
1700,1,1,25.912,0.282,2.42,0.03,2.42,0.03,INF,-1,0,7,0
1720,1,1,27.805,-0.050,2.60,0.00,2.60,0.00,INF,-1,0,7,0
1740,1,1,34.075,-0.753,3.18,-0.07,3.18,-0.07,INF,-1,0,7,0
1760,1,1,40.238,-1.442,3.76,-0.13,3.76,-0.13,INF,-1,0,7,0
1780,1,1,37.949,-2.663,3.54,-0.25,3.54,-0.25,INF,-1,0,7,0
1800,1,1,35.731,-0.463,3.34,-0.04,3.34,-0.04,INF,-1,0,7,0
1820,1,1,37.834,-1.612,3.53,-0.15,3.53,-0.15,INF,-1,0,7,0
1840,1,1,35.665,-2.271,3.33,-0.21,3.33,-0.21,INF,-1,0,7,0
1860,1,1,35.672,-4.362,3.33,-0.41,3.33,-0.41,INF,-1,1,7,0
1880,1,1,37.522,-3.312,3.50,-0.31,3.50,-0.31,INF,-1,1,7,0
1900,1,1,38.701,-2.102,3.61,-0.20,3.61,-0.20,INF,-1,1,7,0
1920,1,1,36.363,-3.140,3.39,-0.29,3.39,-0.29,INF,-1,1,7,0
1940,1,1,35.682,-2.581,3.33,-0.24,3.33,-0.24,INF,-1,1,7,0
1960,1,1,38.623,-2.722,3.61,-0.25,3.61,-0.25,INF,-1,1,7,0
1980,1,1,37.252,-1.844,3.48,-0.17,3.48,-0.17,INF,-1,1,7,0
2000,1,1,36.556,-4.607,3.41,-0.43,3.41,-0.43,INF,-1,1,7,0
2020,1,1,37.705,-2.614,3.52,-0.24,3.52,-0.24,INF,-1,1,7,0
2040,1,1,41.223,-3.431,3.85,-0.32,3.85,-0.32,INF,-1,1,7,0
2060,1,1,38.673,-3.815,3.61,-0.36,3.61,-0.36,INF,-1,1,7,0
2080,1,1,37.582,-1.680,3.51,-0.16,3.51,-0.16,INF,-1,1,7,0
2100,1,1,41.960,-0.926,3.92,-0.09,3.92,-0.09,INF,-1,1,7,0
2120,1,1,40.848,-2.270,3.81,-0.21,3.81,-0.21,INF,-1,1,7,0
2140,1,1,39.682,-3.175,3.70,-0.30,3.70,-0.30,INF,-1,1,7,0
2160,1,1,37.496,-2.450,3.50,-0.23,3.50,-0.23,INF,-1,1,7,0
2180,1,1,37.959,-2.983,3.54,-0.28,3.54,-0.28,INF,-1,1,7,0
2200,1,1,38.597,-2.282,3.60,-0.21,3.60,-0.21,INF,-1,1,7,0
2220,1,1,20.285,8.307,1.90,0.78,1.90,0.78,INF,-1,1,7,0
2240,1,1,15.580,19.035,1.46,1.78,1.46,1.78,INF,-1,1,7,0
2260,1,1,15.600,16.322,1.46,1.52,1.46,1.53,INF,-1,0,7,0
2280,1,1,16.247,17.070,1.52,1.59,1.52,1.60,INF,-1,0,7,0
2300,1,1,13.765,18.316,1.29,1.71,1.29,1.71,INF,-1,0,7,0
2320,1,1,14.982,16.536,1.40,1.54,1.40,1.55,INF,-1,0,7,0
2340,1,1,13.429,18.490,1.25,1.73,1.25,1.73,INF,-1,0,7,0
2360,1,1,15.431,16.310,1.44,1.52,1.44,1.52,INF,-1,0,7,0
2380,1,1,15.135,19.427,1.41,1.81,1.41,1.82,INF,-1,0,7,0
2400,1,1,16.900,18.164,1.58,1.70,1.58,1.70,INF,-1,0,7,0
2420,1,1,13.893,19.029,1.30,1.78,1.30,1.78,INF,-1,0,7,0
2440,1,1,11.377,19.200,1.06,1.79,1.06,1.79,INF,-1,0,7,0
2460,1,1,-10.252,16.738,-0.96,1.56,-0.96,1.56,INF,-1,0,7,0
2480,1,1,-14.938,15.335,-1.40,1.43,-1.40,1.43,INF,-1,0,7,0
2500,1,1,-16.351,17.047,-1.53,1.59,-1.53,1.59,INF,-1,0,7,0
2520,1,1,-12.432,15.288,-1.16,1.43,-1.16,1.43,INF,-1,0,7,0
2540,1,1,-16.631,13.653,-1.55,1.28,-1.55,1.28,INF,-1,0,7,0
2560,1,1,-14.962,14.380,-1.40,1.34,-1.40,1.34,INF,-1,0,7,0
2580,1,1,-15.121,14.293,-1.41,1.34,-1.41,1.34,INF,-1,0,7,0
2600,1,1,-10.864,16.109,-1.02,1.51,-1.01,1.51,INF,-1,0,7,0
2620,1,1,-32.748,6.441,-3.06,0.60,-3.06,0.60,INF,-1,0,7,0
2640,1,1,-41.288,1.071,-3.85,0.10,-3.85,0.10,INF,-1,1,7,0
2660,1,1,-37.135,0.248,-3.47,0.02,-3.47,0.02,INF,-1,0,7,0
2680,1,1,-38.646,-1.955,-3.61,-0.18,-3.61,-0.18,INF,-1,0,7,0
2700,1,1,-40.077,-0.783,-3.74,-0.07,-3.74,-0.07,INF,-1,0,7,0
2720,1,1,-37.006,-0.704,-3.45,-0.07,-3.45,-0.07,INF,-1,0,7,0
2740,1,1,-38.141,-0.622,-3.56,-0.06,-3.56,-0.06,INF,-1,0,7,0
2760,1,1,-39.173,-0.796,-3.66,-0.07,-3.66,-0.07,INF,-1,0,7,0
2780,1,1,-37.774,-0.432,-3.53,-0.04,-3.53,-0.04,INF,-1,0,7,0
2800,1,1,-39.613,-2.091,-3.70,-0.20,-3.70,-0.20,INF,-1,0,7,0
2820,1,1,-39.787,-1.060,-3.71,-0.10,-3.71,-0.10,INF,-1,0,7,0
2840,1,1,-38.522,-2.202,-3.60,-0.21,-3.60,-0.21,INF,-1,0,7,0
2860,1,1,-39.602,-2.239,-3.70,-0.21,-3.70,-0.21,INF,-1,0,7,0
2880,1,1,-40.870,-2.017,-3.81,-0.19,-3.81,-0.19,INF,-1,0,7,0
2900,1,1,-41.753,-0.875,-3.90,-0.08,-3.90,-0.08,INF,-1,1,7,0
2920,1,1,-16.311,-6.081,-1.52,-0.57,-1.52,-0.57,INF,-1,1,7,0
2940,1,1,-15.002,-6.152,-1.40,-0.57,-1.40,-0.57,INF,-1,1,7,0
2960,1,1,-15.173,-6.232,-1.42,-0.58,-1.42,-0.58,INF,-1,0,7,0
2980,1,1,-16.346,-6.322,-1.53,-0.59,-1.53,-0.59,INF,-1,0,7,0
3000,1,1,-16.279,-6.302,-1.52,-0.59,-1.52,-0.59,INF,-1,0,7,0
3020,1,1,-15.217,-7.235,-1.42,-0.68,-1.42,-0.68,INF,-1,0,7,0
3040,1,1,-12.657,-6.955,-1.18,-0.65,-1.18,-0.65,INF,-1,0,7,0
3060,1,1,-15.054,-7.606,-1.41,-0.71,-1.41,-0.71,INF,-1,0,7,0
3080,1,1,-15.877,-6.958,-1.48,-0.65,-1.48,-0.65,INF,-1,0,7,0
3100,1,1,-13.497,-7.289,-1.26,-0.68,-1.26,-0.68,INF,-1,0,7,0
3120,1,1,-12.406,-5.818,-1.16,-0.54,-1.16,-0.54,INF,-1,0,7,0
3140,1,1,-9.373,-7.721,-0.88,-0.72,-0.88,-0.72,INF,-1,0,7,0
3160,1,1,5.771,-11.450,0.54,-1.07,0.54,-1.07,INF,-1,0,7,0
3180,1,1,8.314,-10.986,0.78,-1.03,0.78,-1.03,INF,-1,0,7,0
3200,1,1,7.723,-9.643,0.72,-0.90,0.72,-0.90,INF,-1,0,7,0
3220,1,1,5.059,-9.770,0.47,-0.91,0.47,-0.91,INF,-1,0,7,0
3240,1,1,6.192,-10.396,0.58,-0.97,0.58,-0.97,INF,-1,0,7,0
3260,1,1,10.718,-9.450,1.00,-0.88,1.00,-0.88,INF,-1,0,7,0
3280,1,1,5.121,-11.276,0.48,-1.05,0.48,-1.05,INF,-1,0,7,0
3300,1,1,6.186,-9.814,0.58,-0.92,0.58,-0.92,INF,-1,1,7,0
3320,1,1,4.945,-9.866,0.46,-0.92,0.46,-0.92,INF,-1,1,7,0
3340,1,1,6.277,-9.054,0.59,-0.85,0.59,-0.85,INF,-1,1,7,0
3360,1,1,6.429,-11.085,0.60,-1.04,0.60,-1.04,INF,-1,1,7,0
3380,1,1,5.938,-10.177,0.55,-0.95,0.55,-0.95,INF,-1,1,7,0
3400,1,1,4.811,-9.761,0.45,-0.91,0.45,-0.91,INF,-1,1,7,0
3420,1,1,5.075,-10.524,0.47,-0.98,0.47,-0.98,INF,-1,1,7,0
3440,1,1,4.997,-10.444,0.47,-0.98,0.47,-0.98,INF,-1,1,7,0
3460,1,1,3.335,-10.495,0.31,-0.98,0.31,-0.98,INF,-1,1,7,0
3480,1,1,13.233,-16.191,1.24,-1.51,1.24,-1.51,INF,-1,1,7,0
3500,1,1,9.935,-14.061,0.93,-1.31,0.93,-1.31,INF,-1,1,7,0
3520,1,1,14.956,-14.042,1.40,-1.31,1.40,-1.31,INF,-1,0,7,0
3540,1,1,14.005,-15.876,1.31,-1.48,1.31,-1.48,INF,-1,0,7,0
3560,1,1,14.033,-17.172,1.31,-1.60,1.31,-1.60,INF,-1,0,7,0
3580,1,1,15.786,-14.398,1.48,-1.35,1.47,-1.35,INF,-1,0,7,0
3600,1,1,13.283,-13.993,1.24,-1.31,1.24,-1.31,INF,-1,0,7,0
3620,1,1,14.251,-15.224,1.33,-1.42,1.33,-1.42,INF,-1,0,7,0
3640,1,1,11.553,-14.789,1.08,-1.38,1.08,-1.38,INF,-1,0,7,0
3660,1,1,13.234,-15.203,1.24,-1.42,1.24,-1.42,INF,-1,0,7,0
3680,1,1,12.120,-13.903,1.13,-1.30,1.13,-1.30,INF,-1,0,7,0
3700,1,1,14.411,-14.180,1.35,-1.32,1.35,-1.33,INF,-1,0,7,0
3720,1,1,-0.018,-15.682,0.00,-1.47,0.00,-1.47,INF,-1,0,7,0
3740,1,1,-1.367,-14.510,-0.13,-1.36,-0.13,-1.36,INF,-1,0,7,0
3760,1,1,-2.949,-13.770,-0.28,-1.29,-0.28,-1.29,INF,-1,0,7,0
3780,1,1,0.638,-14.862,0.06,-1.39,0.06,-1.39,INF,-1,1,7,0
3800,1,1,-1.471,-13.685,-0.14,-1.28,-0.14,-1.28,INF,-1,1,7,0
3820,1,1,-1.224,-13.490,-0.11,-1.26,-0.11,-1.26,INF,-1,1,7,0
3840,1,1,-4.018,-14.999,-0.38,-1.40,-0.38,-1.40,INF,-1,0,7,0
3860,1,1,-5.048,-14.020,-0.47,-1.31,-0.47,-1.31,INF,-1,0,7,0
3880,1,1,-3.630,-15.543,-0.34,-1.45,-0.34,-1.45,INF,-1,0,7,0
3900,1,1,-3.008,-14.834,-0.28,-1.39,-0.28,-1.39,INF,-1,0,7,0
3920,1,1,-0.319,-16.007,-0.03,-1.50,-0.03,-1.50,INF,-1,0,7,0
3940,1,1,-0.087,-16.616,-0.01,-1.55,-0.01,-1.55,INF,-1,0,7,0
3960,1,1,1.827,-15.067,0.17,-1.41,0.17,-1.41,INF,-1,0,7,0
3980,1,1,-5.592,-12.357,-0.52,-1.15,-0.52,-1.15,INF,-1,0,7,0
4000,1,1,-5.631,-15.819,-0.53,-1.48,-0.53,-1.48,INF,-1,0,7,0
4020,1,1,-2.856,-14.588,-0.27,-1.36,-0.27,-1.36,INF,-1,0,7,0
4040,1,1,-18.366,-6.542,-1.72,-0.61,-1.72,-0.61,INF,-1,0,7,0
4060,1,1,-22.972,4.867,-2.15,0.45,-2.15,0.45,INF,-1,0,7,0
4080,1,1,-22.847,11.229,-2.13,1.05,-2.13,1.05,INF,-1,0,7,0
4100,1,1,-25.142,10.623,-2.35,0.99,-2.35,0.99,INF,-1,0,7,0
4120,1,1,-25.527,10.815,-2.38,1.01,-2.38,1.01,INF,-1,0,7,0
4140,1,1,-24.553,12.125,-2.29,1.13,-2.29,1.13,INF,-1,0,7,0
4160,1,1,-23.458,11.690,-2.19,1.09,-2.19,1.09,INF,-1,0,7,0
4180,1,1,-23.473,12.020,-2.19,1.12,-2.19,1.12,INF,-1,0,7,0
4200,1,1,-22.740,11.593,-2.12,1.08,-2.12,1.08,INF,-1,0,7,0
4220,1,1,-25.793,12.729,-2.41,1.19,-2.41,1.19,INF,-1,0,7,0
4240,1,1,-22.002,9.049,-2.06,0.85,-2.06,0.85,INF,-1,0,7,0
4260,1,1,-21.298,10.610,-1.99,0.99,-1.99,0.99,INF,-1,1,7,0
4280,1,1,-23.158,9.773,-2.16,0.91,-2.16,0.91,INF,-1,1,7,0
4300,1,1,-27.465,12.012,-2.57,1.12,-2.56,1.12,INF,-1,1,7,0
4320,1,1,-23.409,11.991,-2.19,1.12,-2.19,1.12,INF,-1,1,7,0
4340,1,1,-23.523,10.393,-2.20,0.97,-2.20,0.97,INF,-1,1,7,0
4360,1,1,-24.917,10.309,-2.33,0.96,-2.33,0.96,INF,-1,1,7,0
4380,1,1,-24.080,11.502,-2.25,1.07,-2.25,1.07,INF,-1,1,7,0
4400,1,1,-23.562,10.144,-2.20,0.95,-2.20,0.95,INF,-1,1,7,0
4420,1,1,-11.975,8.725,-1.12,0.82,-1.12,0.82,INF,-1,1,7,0
4440,1,1,4.453,1.802,0.42,0.17,0.42,0.17,INF,-1,1,7,0
4460,1,1,-0.678,3.002,-0.06,0.28,-0.06,0.28,INF,-1,1,7,0
4480,1,1,5.968,4.150,0.56,0.39,0.56,0.39,INF,-1,0,7,0
4500,1,1,2.613,3.140,0.24,0.29,0.24,0.29,INF,-1,0,7,0
4520,1,1,4.557,1.418,0.43,0.13,0.43,0.13,INF,-1,0,7,0
4540,1,1,1.721,4.116,0.16,0.38,0.16,0.38,INF,-1,0,7,0
4560,1,1,2.923,1.150,0.27,0.11,0.27,0.11,INF,-1,0,7,0
4580,1,1,1.691,1.161,0.16,0.11,0.16,0.11,INF,-1,0,7,0
4600,1,1,2.838,0.907,0.27,0.08,0.27,0.08,INF,-1,0,7,0
4620,1,1,1.061,1.673,0.10,0.16,0.10,0.16,INF,-1,0,7,0
4640,1,1,1.227,1.034,0.11,0.10,0.11,0.10,INF,-1,0,7,0
4660,1,1,3.808,-1.004,0.36,-0.09,0.36,-0.09,INF,-1,0,7,0
4680,1,1,0.071,1.321,0.01,0.12,0.01,0.12,INF,-1,0,7,0
4700,1,1,1.871,1.350,0.17,0.13,0.17,0.13,INF,-1,0,7,0
4720,1,1,-0.126,4.117,-0.01,0.38,-0.01,0.38,INF,-1,1,7,0
4740,1,1,1.341,0.479,0.13,0.04,0.13,0.04,INF,-1,1,7,0
4760,1,1,1.337,-0.066,0.12,-0.01,0.12,-0.01,INF,-1,1,7,0
4780,1,1,0.908,-1.294,0.08,-0.12,0.08,-0.12,INF,-1,1,7,0
4800,1,1,-0.206,0.532,-0.02,0.05,-0.02,0.05,INF,-1,1,7,0
4820,1,1,2.329,-0.704,0.22,-0.07,0.22,-0.07,INF,-1,1,7,0
4840,1,1,-0.332,1.136,-0.03,0.11,-0.03,0.11,INF,-1,1,7,0
4860,1,1,1.379,-0.043,0.13,0.00,0.13,0.00,INF,-1,1,7,0
4880,1,1,-0.576,0.530,-0.05,0.05,-0.05,0.05,INF,-1,1,7,0
4900,1,1,0.020,0.139,0.00,0.01,0.00,0.01,INF,-1,1,7,0
4920,1,1,3.300,0.735,0.31,0.07,0.31,0.07,INF,-1,1,7,0
4940,1,1,1.760,2.150,0.16,0.20,0.16,0.20,INF,-1,1,7,0
4960,1,1,-0.195,-1.431,-0.02,-0.13,-0.02,-0.13,INF,-1,1,7,0
4980,1,1,2.019,-0.298,0.19,-0.03,0.19,-0.03,INF,-1,1,7,0
5000,1,1,1.614,0.098,0.15,0.01,0.15,0.01,INF,-1,1,7,0
5020,1,1,2.895,-2.211,0.27,-0.21,0.27,-0.21,INF,-1,1,7,0
5040,1,1,3.260,0.064,0.30,0.01,0.30,0.01,INF,-1,1,7,0
5060,1,1,0.846,-0.539,0.08,-0.05,0.08,-0.05,INF,-1,1,7,0
5080,1,1,-0.484,-0.991,-0.05,-0.09,-0.05,-0.09,INF,-1,1,7,0
5100,1,1,0.512,-0.928,0.05,-0.09,0.05,-0.09,INF,-1,1,7,0
5120,1,1,-0.099,-0.237,-0.01,-0.02,-0.01,-0.02,INF,-1,1,7,0
5140,1,1,-1.867,0.103,-0.17,0.01,-0.17,0.01,INF,-1,1,7,0
5160,1,1,-0.614,-0.231,-0.06,-0.02,-0.06,-0.02,INF,-1,1,7,0
5180,1,1,-0.826,-2.587,-0.08,-0.24,-0.08,-0.24,INF,-1,1,7,0
5200,1,1,-8.020,-5.002,-0.75,-0.47,-0.75,-0.47,INF,-1,1,7,0
5220,1,1,-10.798,-10.371,-1.01,-0.97,-1.01,-0.97,INF,-1,1,7,0
5240,1,1,-3.844,-7.885,-0.36,-0.74,-0.36,-0.74,INF,-1,0,7,0
5260,1,1,-8.849,-6.799,-0.83,-0.64,-0.83,-0.64,INF,-1,0,7,0
5280,1,1,-5.905,-5.951,-0.55,-0.56,-0.55,-0.56,INF,-1,0,7,0
5300,1,1,-9.964,-5.987,-0.93,-0.56,-0.93,-0.56,INF,-1,0,7,0
5320,1,1,-9.611,-4.865,-0.90,-0.45,-0.90,-0.45,INF,-1,0,7,0
5340,1,1,-7.267,-8.136,-0.68,-0.76,-0.68,-0.76,INF,-1,0,7,0
5360,1,1,-6.554,-6.526,-0.61,-0.61,-0.61,-0.61,INF,-1,0,7,0
5380,1,1,-8.023,-7.174,-0.75,-0.67,-0.75,-0.67,INF,-1,0,7,0
5400,1,1,-8.173,-7.675,-0.76,-0.72,-0.76,-0.72,INF,-1,0,7,0
5420,1,1,-3.127,-8.347,-0.29,-0.78,-0.29,-0.78,INF,-1,0,7,0
5440,1,1,-5.843,-7.282,-0.55,-0.68,-0.55,-0.68,INF,-1,0,7,0
5460,1,1,-5.458,-6.943,-0.51,-0.65,-0.51,-0.65,INF,-1,0,7,0
5480,1,1,-1.777,-7.008,-0.17,-0.65,-0.17,-0.66,INF,-1,1,7,0
5500,1,1,7.651,-8.798,0.72,-0.82,0.71,-0.82,INF,-1,1,7,0
5520,1,1,12.720,-11.283,1.19,-1.05,1.19,-1.05,INF,-1,1,7,0
5540,1,1,7.011,-10.892,0.66,-1.02,0.66,-1.02,INF,-1,0,7,0
5560,1,1,14.571,-11.724,1.36,-1.10,1.36,-1.10,INF,-1,0,7,0
5580,1,1,10.032,-10.289,0.94,-0.96,0.94,-0.96,INF,-1,0,7,0
5600,1,1,11.079,-9.817,1.04,-0.92,1.04,-0.92,INF,-1,0,7,0
5620,1,1,8.161,-9.933,0.76,-0.93,0.76,-0.93,INF,-1,0,7,0
5640,1,1,7.945,-10.898,0.74,-1.02,0.74,-1.02,INF,-1,0,7,0
5660,1,1,6.799,-9.435,0.64,-0.88,0.64,-0.88,INF,-1,0,7,0
5680,1,1,9.106,-10.491,0.85,-0.98,0.85,-0.98,INF,-1,0,7,0
5700,1,1,8.308,-10.454,0.78,-0.98,0.78,-0.98,INF,-1,0,7,0
5720,1,1,6.473,-8.804,0.60,-0.82,0.60,-0.82,INF,-1,0,7,0
5740,1,1,7.079,-9.113,0.66,-0.85,0.66,-0.85,INF,-1,0,7,0
5760,1,1,7.006,-8.895,0.65,-0.83,0.65,-0.83,INF,-1,0,7,0
5780,1,1,8.009,-10.682,0.75,-1.00,0.75,-1.00,INF,-1,1,7,0
5800,1,1,7.233,-9.779,0.68,-0.91,0.68,-0.91,INF,-1,1,7,0
5820,1,1,8.412,-10.721,0.79,-1.00,0.79,-1.00,INF,-1,1,7,0
5840,1,1,8.375,-13.318,0.78,-1.24,0.78,-1.24,INF,-1,1,7,0
5860,1,1,9.188,-10.496,0.86,-0.98,0.86,-0.98,INF,-1,1,7,0
5880,1,1,9.370,-8.468,0.88,-0.79,0.88,-0.79,INF,-1,1,7,0
5900,1,1,-6.245,2.394,-0.58,0.22,-0.58,0.22,INF,-1,1,7,0
5920,1,1,-12.923,11.977,-1.21,1.12,-1.21,1.12,INF,-1,1,7,0
5940,1,1,-12.881,9.442,-1.20,0.88,-1.20,0.88,INF,-1,0,7,0
5960,1,1,-14.113,10.577,-1.32,0.99,-1.32,0.99,INF,-1,0,7,0
5980,1,1,-14.556,9.856,-1.36,0.92,-1.36,0.92,INF,-1,0,7,0
6000,1,1,-13.355,10.894,-1.25,1.02,-1.25,1.02,INF,-1,0,7,0
6020,1,1,-15.752,10.587,-1.47,0.99,-1.47,0.99,INF,-1,0,7,0
6040,1,1,-16.030,10.530,-1.50,0.98,-1.50,0.98,INF,-1,0,7,0
6060,1,1,-14.230,11.960,-1.33,1.12,-1.33,1.12,INF,-1,0,7,0
6080,1,1,-15.941,11.234,-1.49,1.05,-1.49,1.05,INF,-1,0,7,0
6100,1,1,-18.081,12.669,-1.69,1.18,-1.69,1.18,INF,-1,0,7,0
6120,1,1,-18.233,12.801,-1.70,1.20,-1.70,1.20,INF,-1,0,7,0
6140,1,1,-16.233,10.163,-1.52,0.95,-1.52,0.95,INF,-1,0,7,0
6160,1,1,-14.670,11.694,-1.37,1.09,-1.37,1.09,INF,-1,0,7,0
6180,1,1,-11.890,9.482,-1.11,0.89,-1.11,0.89,INF,-1,0,7,0
6200,1,1,-12.871,9.519,-1.20,0.89,-1.20,0.89,INF,-1,1,7,0
6220,1,1,-14.305,10.456,-1.34,0.98,-1.34,0.98,INF,-1,1,7,0
6240,1,1,-8.783,10.558,-0.82,0.99,-0.82,0.99,INF,-1,1,7,0
6260,1,1,-10.475,8.458,-0.98,0.79,-0.98,0.79,INF,-1,1,7,0
6280,1,1,-11.832,8.936,-1.11,0.83,-1.11,0.84,INF,-1,1,7,0
6300,1,1,-9.972,7.919,-0.93,0.74,-0.93,0.74,INF,-1,1,7,0
6320,1,1,-12.807,10.924,-1.20,1.02,-1.20,1.02,INF,-1,1,7,0
6340,1,1,-11.774,10.769,-1.10,1.01,-1.10,1.01,INF,-1,1,7,0
6360,1,1,-12.458,9.138,-1.16,0.85,-1.16,0.85,INF,-1,1,7,0
6380,1,1,-9.984,9.196,-0.93,0.86,-0.93,0.86,INF,-1,1,7,0
6400,1,1,-14.229,10.406,-1.33,0.97,-1.33,0.97,INF,-1,1,7,0
6420,1,1,-15.236,9.831,-1.42,0.92,-1.42,0.92,INF,-1,1,7,0
6440,1,1,-13.216,9.697,-1.24,0.91,-1.23,0.91,INF,-1,1,7,0
6460,1,1,-14.804,9.335,-1.38,0.87,-1.38,0.87,INF,-1,1,7,0
6480,1,1,-13.869,8.381,-1.30,0.78,-1.30,0.78,INF,-1,1,7,0
6500,1,1,-12.691,7.510,-1.19,0.70,-1.19,0.70,INF,-1,1,7,0
6520,1,1,7.894,7.038,0.74,0.66,0.74,0.66,INF,-1,1,7,0
6540,1,1,19.582,-0.325,1.83,-0.03,1.83,-0.03,INF,-1,1,7,0
6560,1,1,17.770,0.554,1.66,0.05,1.66,0.05,INF,-1,0,7,0
6580,1,1,17.698,0.463,1.65,0.04,1.65,0.04,INF,-1,0,7,0
6600,1,1,16.658,0.179,1.56,0.02,1.56,0.02,INF,-1,0,7,0
6620,1,1,15.790,3.029,1.48,0.28,1.48,0.28,INF,-1,0,7,0
6640,1,1,17.706,0.449,1.65,0.04,1.65,0.04,INF,-1,0,7,0
6660,1,1,17.382,-1.420,1.62,-0.13,1.62,-0.13,INF,-1,0,7,0
6680,1,1,16.143,2.098,1.51,0.20,1.51,0.20,INF,-1,0,7,0
6700,1,1,15.818,1.385,1.48,0.13,1.48,0.13,INF,-1,0,7,0
6720,1,1,18.136,1.222,1.69,0.11,1.69,0.11,INF,-1,0,7,0
6740,1,1,18.288,-1.980,1.71,-0.18,1.71,-0.19,INF,-1,0,7,0
6760,1,1,18.029,-1.192,1.68,-0.11,1.68,-0.11,INF,-1,0,7,0
6780,1,1,17.264,-0.117,1.61,-0.01,1.61,-0.01,INF,-1,0,7,0
6800,1,1,17.420,-3.165,1.63,-0.30,1.63,-0.30,INF,-1,0,7,0
6820,1,1,17.016,-0.470,1.59,-0.04,1.59,-0.04,INF,-1,1,7,0
6840,1,1,14.980,0.106,1.40,0.01,1.40,0.01,INF,-1,1,7,0
6860,1,1,20.361,-0.773,1.90,-0.07,1.90,-0.07,INF,-1,1,7,0
6880,1,1,17.853,-2.087,1.67,-0.19,1.67,-0.20,INF,-1,1,7,0
6900,1,1,17.331,-0.918,1.62,-0.09,1.62,-0.09,INF,-1,1,7,0
6920,1,1,17.570,-1.168,1.64,-0.11,1.64,-0.11,INF,-1,1,7,0
6940,1,1,17.470,-1.017,1.63,-0.09,1.63,-0.10,INF,-1,1,7,0
6960,1,1,17.219,-0.974,1.61,-0.09,1.61,-0.09,INF,-1,1,7,0
6980,1,1,18.433,-1.073,1.72,-0.10,1.72,-0.10,INF,-1,1,7,0
7000,1,1,18.720,-2.494,1.75,-0.23,1.75,-0.23,INF,-1,1,7,0
7020,1,1,16.035,-1.718,1.50,-0.16,1.50,-0.16,INF,-1,1,7,0
7040,1,1,17.073,-2.312,1.60,-0.22,1.60,-0.22,INF,-1,1,7,0
7060,1,1,12.282,-0.564,1.15,-0.05,1.15,-0.05,INF,-1,1,7,0
7080,1,1,0.764,0.965,0.07,0.09,0.07,0.09,INF,-1,1,7,0
7100,1,1,2.175,1.813,0.20,0.17,0.20,0.17,INF,-1,1,7,0
7120,1,1,1.832,0.600,0.17,0.06,0.17,0.06,INF,-1,0,7,0
7140,1,1,3.030,0.633,0.28,0.06,0.28,0.06,INF,-1,0,7,0
7160,1,1,1.215,0.142,0.11,0.01,0.11,0.01,INF,-1,0,7,0
7180,1,1,2.999,1.265,0.28,0.12,0.28,0.12,INF,-1,0,7,0
7200,1,1,0.920,0.648,0.09,0.06,0.09,0.06,INF,-1,0,7,0
7220,1,1,0.500,-0.360,0.05,-0.03,0.05,-0.03,INF,-1,0,7,0
7240,1,1,0.845,0.833,0.08,0.08,0.08,0.08,INF,-1,0,7,0
7260,1,1,1.859,-0.558,0.17,-0.05,0.17,-0.05,INF,-1,0,7,0
7280,1,1,-1.505,1.120,-0.14,0.10,-0.14,0.10,INF,-1,0,7,0
7300,1,1,-0.124,0.310,-0.01,0.03,-0.01,0.03,INF,-1,0,7,0
7320,1,1,-0.118,-1.374,-0.01,-0.13,-0.01,-0.13,INF,-1,0,7,0
7340,1,1,10.275,-1.153,0.96,-0.11,0.96,-0.11,INF,-1,0,7,0
7360,1,1,34.245,10.068,3.20,0.94,3.20,0.94,INF,-1,1,7,0
7380,1,1,32.162,12.233,3.00,1.14,3.00,1.14,INF,-1,1,7,0
7400,1,1,32.227,11.360,3.01,1.06,3.01,1.06,INF,-1,0,7,0
7420,1,1,32.867,12.213,3.07,1.14,3.07,1.14,INF,-1,0,7,0
7440,1,1,33.308,10.506,3.11,0.98,3.11,0.98,INF,-1,0,7,0
7460,1,1,34.492,13.156,3.22,1.23,3.22,1.23,INF,-1,0,7,0
7480,1,1,32.964,11.696,3.08,1.09,3.08,1.09,INF,-1,0,7,0
7500,1,1,33.692,11.295,3.15,1.05,3.15,1.06,INF,-1,0,7,0
7520,1,1,31.710,13.993,2.96,1.31,2.96,1.31,INF,-1,0,7,0
7540,1,1,34.383,12.292,3.21,1.15,3.21,1.15,INF,-1,0,7,0
7560,1,1,31.715,11.722,2.96,1.09,2.96,1.10,INF,-1,0,7,0
7580,1,1,33.877,11.962,3.16,1.12,3.16,1.12,INF,-1,0,7,0
7600,1,1,35.797,13.087,3.34,1.22,3.34,1.22,INF,-1,0,7,0
7620,1,1,33.026,13.726,3.08,1.28,3.08,1.28,INF,-1,0,7,0
7640,1,1,33.002,12.855,3.08,1.20,3.08,1.20,INF,-1,1,7,0
7660,1,1,32.025,13.052,2.99,1.22,2.99,1.22,INF,-1,1,7,0
7680,1,1,31.513,12.695,2.94,1.18,2.94,1.19,INF,-1,1,7,0
7700,1,1,30.821,14.857,2.88,1.39,2.88,1.39,INF,-1,1,7,0
7720,1,1,33.114,12.404,3.09,1.16,3.09,1.16,INF,-1,1,7,0
7740,1,1,32.855,12.023,3.07,1.12,3.07,1.12,INF,-1,1,7,0
7760,1,1,33.863,12.282,3.16,1.15,3.16,1.15,INF,-1,1,7,0
7780,1,1,33.500,12.734,3.13,1.19,3.13,1.19,INF,-1,1,7,0
7800,1,1,33.015,12.354,3.08,1.15,3.08,1.15,INF,-1,1,7,0
7820,1,1,32.212,16.759,3.01,1.56,3.01,1.57,INF,-1,1,7,0
7840,1,1,36.031,24.912,3.36,2.32,3.36,2.33,INF,-1,1,7,0
7860,1,1,38.830,23.720,3.62,2.21,3.62,2.22,INF,-1,1,7,0
7880,1,1,34.034,25.728,3.18,2.40,3.18,2.40,INF,-1,0,7,0
7900,1,1,35.162,25.791,3.28,2.41,3.28,2.41,INF,-1,0,7,0
7920,1,1,36.041,24.632,3.36,2.30,3.36,2.30,INF,-1,0,7,0
7940,1,1,37.720,24.049,3.52,2.24,3.52,2.25,INF,-1,0,7,0
7960,1,1,36.810,26.673,3.44,2.49,3.43,2.49,INF,-1,0,7,0
7980,1,1,37.648,24.825,3.51,2.31,3.51,2.32,INF,-1,0,7,0
8000,1,1,38.384,25.426,3.58,2.37,3.58,2.38,INF,-1,0,7,0
8020,1,1,38.363,24.018,3.58,2.24,3.58,2.24,INF,-1,0,7,0
8040,1,1,38.084,24.945,3.56,2.33,3.55,2.33,INF,-1,0,7,0
8060,1,1,37.433,25.854,3.49,2.41,3.49,2.42,INF,-1,0,7,0
8080,1,1,36.296,25.843,3.39,2.41,3.39,2.41,INF,-1,0,7,0
8100,1,1,37.767,23.819,3.53,2.22,3.52,2.23,INF,-1,0,7,0
8120,1,1,37.882,25.421,3.54,2.37,3.53,2.37,INF,-1,1,7,0
8140,1,1,36.692,23.533,3.43,2.19,3.42,2.20,INF,-1,1,7,0
8160,1,1,37.571,23.082,3.51,2.15,3.50,2.16,INF,-1,1,7,0
8180,1,1,37.748,23.368,3.52,2.18,3.52,2.18,INF,-1,1,7,0
8200,1,1,38.396,22.926,3.58,2.14,3.58,2.14,INF,-1,1,7,0
8220,1,1,37.870,23.098,3.54,2.15,3.53,2.16,INF,-1,1,7,0
8240,1,1,40.481,24.043,3.78,2.24,3.78,2.25,INF,-1,1,7,0
8260,1,1,38.675,23.435,3.61,2.18,3.61,2.19,INF,-1,1,7,0
8280,1,1,38.720,23.115,3.61,2.16,3.61,2.16,INF,-1,1,7,0
8300,1,1,36.087,24.283,3.37,2.26,3.37,2.27,INF,-1,1,7,0
8320,1,1,37.078,23.183,3.46,2.16,3.46,2.17,INF,-1,1,7,0
8340,1,1,37.297,25.491,3.48,2.38,3.48,2.38,INF,-1,1,7,0
8360,1,1,38.496,23.120,3.59,2.16,3.59,2.16,INF,-1,1,7,0
8380,1,1,40.061,21.296,3.74,1.99,3.74,1.99,INF,-1,1,7,0
8400,1,1,12.462,17.550,1.16,1.64,1.16,1.64,INF,-1,1,7,0
8420,1,1,-3.610,8.136,-0.34,0.76,-0.34,0.76,INF,-1,1,7,0
8440,1,1,-3.939,6.692,-0.37,0.63,-0.37,0.63,INF,-1,0,7,0
8460,1,1,-1.191,7.203,-0.11,0.67,-0.11,0.67,INF,-1,0,7,0
8480,1,1,-1.325,6.086,-0.12,0.57,-0.12,0.57,INF,-1,0,7,0
8500,1,1,-2.497,7.442,-0.23,0.70,-0.23,0.70,INF,-1,0,7,0
8520,1,1,-4.351,7.442,-0.41,0.70,-0.41,0.70,INF,-1,0,7,0
8540,1,1,-1.607,6.220,-0.15,0.58,-0.15,0.58,INF,-1,0,7,0
8560,1,1,-5.019,7.799,-0.47,0.73,-0.47,0.73,INF,-1,0,7,0
8580,1,1,-5.727,6.665,-0.54,0.62,-0.54,0.62,INF,-1,0,7,0
8600,1,1,-4.511,5.673,-0.42,0.53,-0.42,0.53,INF,-1,0,7,0
8620,1,1,-2.843,7.874,-0.27,0.74,-0.27,0.74,INF,-1,0,7,0
8640,1,1,-1.569,6.466,-0.15,0.60,-0.15,0.60,INF,-1,0,7,0
8660,1,1,-4.185,6.923,-0.39,0.65,-0.39,0.65,INF,-1,0,7,0
8680,1,1,-3.633,7.865,-0.34,0.74,-0.34,0.74,INF,-1,0,7,0
8700,1,1,-1.514,6.119,-0.14,0.57,-0.14,0.57,INF,-1,1,7,0
8720,1,1,-5.480,8.202,-0.51,0.77,-0.51,0.77,INF,-1,1,7,0
8740,1,1,0.712,5.286,0.07,0.49,0.07,0.49,INF,-1,1,7,0
8760,1,1,-4.429,7.513,-0.41,0.70,-0.41,0.70,INF,-1,1,7,0
8780,1,1,-1.413,6.259,-0.13,0.58,-0.13,0.58,INF,-1,1,7,0
8800,1,1,-2.810,4.713,-0.26,0.44,-0.26,0.44,INF,-1,1,7,0
8820,1,1,-6.079,6.876,-0.57,0.64,-0.57,0.64,INF,-1,1,7,0
8840,1,1,-3.981,7.583,-0.37,0.71,-0.37,0.71,INF,-1,1,7,0
8860,1,1,-4.751,5.050,-0.44,0.47,-0.44,0.47,INF,-1,1,7,0
8880,1,1,-6.978,7.710,-0.65,0.72,-0.65,0.72,INF,-1,1,7,0
8900,1,1,-4.237,7.516,-0.40,0.70,-0.40,0.70,INF,-1,1,7,0
8920,1,1,-5.754,7.181,-0.54,0.67,-0.54,0.67,INF,-1,1,7,0
8940,1,1,-3.697,5.117,-0.35,0.48,-0.35,0.48,INF,-1,1,7,0
8960,1,1,-4.477,6.441,-0.42,0.60,-0.42,0.60,INF,-1,1,7,0
8980,1,1,-3.840,7.134,-0.36,0.67,-0.36,0.67,INF,-1,1,7,0
9000,1,1,-6.488,8.038,-0.61,0.75,-0.61,0.75,INF,-1,1,7,0
9020,1,1,-4.519,4.310,-0.42,0.40,-0.42,0.40,INF,-1,1,7,0
9040,1,1,-4.523,6.124,-0.42,0.57,-0.42,0.57,INF,-1,1,7,0
9060,1,1,-3.708,5.631,-0.35,0.53,-0.35,0.53,INF,-1,1,7,0
9080,1,1,-6.901,12.335,-0.64,1.15,-0.64,1.15,INF,-1,1,7,0
9100,1,1,-4.398,15.526,-0.41,1.45,-0.41,1.45,INF,-1,1,7,0
9120,1,1,-5.672,13.551,-0.53,1.27,-0.53,1.27,INF,-1,1,7,0
9140,1,1,-7.844,13.943,-0.73,1.30,-0.73,1.30,INF,-1,1,7,0
9160,1,1,-4.791,12.881,-0.45,1.20,-0.45,1.20,INF,-1,1,7,0
9180,1,1,-8.290,13.344,-0.77,1.25,-0.77,1.25,INF,-1,1,7,0
9200,1,1,-7.810,14.141,-0.73,1.32,-0.73,1.32,INF,-1,1,7,0
9220,1,1,-7.615,13.123,-0.71,1.23,-0.71,1.23,INF,-1,1,7,0
9240,1,1,-8.669,14.973,-0.81,1.40,-0.81,1.40,INF,-1,1,7,0
9260,1,1,-6.188,13.543,-0.58,1.27,-0.58,1.27,INF,-1,1,7,0
9280,1,1,-5.993,12.481,-0.56,1.17,-0.56,1.17,INF,-1,1,7,0
9300,1,1,-1.722,12.989,-0.16,1.21,-0.16,1.21,INF,-1,1,7,0
9320,1,1,2.893,11.311,0.27,1.06,0.27,1.06,INF,-1,1,7,0
9340,1,1,24.879,5.760,2.32,0.54,2.32,0.54,INF,-1,1,7,0
9360,1,1,27.784,-3.369,2.60,-0.31,2.60,-0.31,INF,-1,1,7,0
9380,1,1,26.927,-0.728,2.52,-0.07,2.52,-0.07,INF,-1,0,7,0
9400,1,1,28.278,-4.740,2.64,-0.44,2.64,-0.44,INF,-1,0,7,0
9420,1,1,25.559,-1.339,2.39,-0.13,2.39,-0.13,INF,-1,0,7,0
9440,1,1,25.691,-2.270,2.40,-0.21,2.40,-0.21,INF,-1,0,7,0
9460,1,1,28.665,-2.366,2.68,-0.22,2.68,-0.22,INF,-1,0,7,0
9480,1,1,27.115,-3.509,2.53,-0.33,2.53,-0.33,INF,-1,0,7,0
9500,1,1,26.575,-5.063,2.48,-0.47,2.48,-0.47,INF,-1,0,7,0
9520,1,1,28.118,-4.781,2.63,-0.45,2.63,-0.45,INF,-1,0,7,0
9540,1,1,25.108,-2.236,2.35,-0.21,2.35,-0.21,INF,-1,0,7,0
9560,1,1,25.295,-2.476,2.36,-0.23,2.36,-0.23,INF,-1,0,7,0
9580,1,1,26.050,-4.823,2.43,-0.45,2.43,-0.45,INF,-1,0,7,0
9600,1,1,25.704,-3.782,2.40,-0.35,2.40,-0.35,INF,-1,0,7,0
9620,1,1,18.586,-4.169,1.74,-0.39,1.74,-0.39,INF,-1,1,7,0
9640,1,1,2.713,-7.578,0.25,-0.71,0.25,-0.71,INF,-1,1,7,0
9660,1,1,2.977,-7.331,0.28,-0.69,0.28,-0.69,INF,-1,1,7,0
9680,1,1,0.169,-6.439,0.02,-0.60,0.02,-0.60,INF,-1,0,7,0
9700,1,1,0.182,-6.069,0.02,-0.57,0.02,-0.57,INF,-1,0,7,0
9720,1,1,-0.414,-6.184,-0.04,-0.58,-0.04,-0.58,INF,-1,0,7,0
9740,1,1,-1.884,-7.124,-0.18,-0.67,-0.18,-0.67,INF,-1,0,7,0
9760,1,1,-2.832,-5.858,-0.26,-0.55,-0.26,-0.55,INF,-1,0,7,0
9780,1,1,-0.381,-6.847,-0.04,-0.64,-0.04,-0.64,INF,-1,0,7,0
9800,1,1,-0.643,-8.820,-0.06,-0.82,-0.06,-0.82,INF,-1,0,7,0
9820,1,1,1.735,-12.108,0.16,-1.13,0.16,-1.13,INF,-1,0,7,0
9840,1,1,-1.069,-7.751,-0.10,-0.72,-0.10,-0.72,INF,-1,0,7,0
9860,1,1,-0.185,-7.063,-0.02,-0.66,-0.02,-0.66,INF,-1,0,7,0
9880,1,1,-0.951,-8.084,-0.09,-0.76,-0.09,-0.76,INF,-1,0,7,0
9900,1,1,0.454,-8.650,0.04,-0.81,0.04,-0.81,INF,-1,0,7,0
9920,1,1,2.573,-13.361,0.24,-1.25,0.24,-1.25,INF,-1,1,7,0
9940,1,1,0.274,-10.979,0.03,-1.03,0.03,-1.03,INF,-1,1,7,0
9960,1,1,-1.085,-8.833,-0.10,-0.83,-0.10,-0.83,INF,-1,1,7,0
9980,1,1,-1.298,-9.229,-0.12,-0.86,-0.12,-0.86,INF,-1,1,7,0
10000,1,1,0.372,-8.306,0.03,-0.78,0.03,-0.78,INF,-1,1,7,0
10020,1,1,-0.939,-7.932,-0.09,-0.74,-0.09,-0.74,INF,-1,1,7,0
10040,1,1,0.834,-12.416,0.08,-1.16,0.08,-1.16,INF,-1,1,7,0
10060,1,1,-0.764,-8.456,-0.07,-0.79,-0.07,-0.79,INF,-1,1,7,0
10080,1,1,0.726,-10.753,0.07,-1.00,0.07,-1.00,INF,-1,1,7,0
10100,1,1,0.503,-8.877,0.05,-0.83,0.05,-0.83,INF,-1,1,7,0
10120,1,1,2.418,-11.772,0.23,-1.10,0.23,-1.10,INF,-1,1,7,0
10140,1,1,0.497,-9.705,0.05,-0.91,0.05,-0.91,INF,-1,1,7,0
10160,1,1,-0.682,-10.063,-0.06,-0.94,-0.06,-0.94,INF,-1,1,7,0
10180,1,1,0.824,-9.917,0.08,-0.93,0.08,-0.93,INF,-1,1,7,0
10200,1,1,1.800,-8.969,0.17,-0.84,0.17,-0.84,INF,-1,1,7,0
10220,1,1,-1.762,-10.042,-0.16,-0.94,-0.16,-0.94,INF,-1,1,7,0
10240,1,1,1.980,-13.723,0.19,-1.28,0.18,-1.28,INF,-1,1,7,0
10260,1,1,-3.002,-11.827,-0.28,-1.11,-0.28,-1.11,INF,-1,1,7,0
10280,1,1,0.665,-12.201,0.06,-1.14,0.06,-1.14,INF,-1,1,7,0
10300,1,1,-1.755,-9.639,-0.16,-0.90,-0.16,-0.90,INF,-1,1,7,0
10320,1,1,-1.863,-2.852,-0.17,-0.27,-0.17,-0.27,INF,-1,1,7,0
10340,1,1,-3.531,-6.379,-0.33,-0.60,-0.33,-0.60,INF,-1,1,7,0
10360,1,1,-2.036,-7.267,-0.19,-0.68,-0.19,-0.68,INF,-1,1,7,0
10380,1,1,-2.395,-6.400,-0.22,-0.60,-0.22,-0.60,INF,-1,1,7,0
10400,1,1,-1.268,-5.121,-0.12,-0.48,-0.12,-0.48,INF,-1,1,7,0
10420,1,1,-1.410,-8.145,-0.13,-0.76,-0.13,-0.76,INF,-1,1,7,0
10440,1,1,-4.363,-5.970,-0.41,-0.56,-0.41,-0.56,INF,-1,1,7,0
10460,1,1,0.037,-5.965,0.00,-0.56,0.00,-0.56,INF,-1,1,7,0
10480,1,1,-1.359,-5.052,-0.13,-0.47,-0.13,-0.47,INF,-1,1,7,0
10500,1,1,-2.811,-7.511,-0.26,-0.70,-0.26,-0.70,INF,-1,1,7,0
10520,1,1,-4.225,-5.929,-0.39,-0.55,-0.39,-0.55,INF,-1,1,7,0
10540,1,1,-1.873,-5.440,-0.18,-0.51,-0.18,-0.51,INF,-1,1,7,0
10560,1,1,-10.969,6.074,-1.03,0.57,-1.03,0.57,INF,-1,1,7,0
10580,1,1,-12.548,12.624,-1.17,1.18,-1.17,1.18,INF,-1,1,7,0
10600,1,1,-16.454,11.404,-1.54,1.07,-1.54,1.07,INF,-1,0,7,0
10620,1,1,-17.016,12.340,-1.59,1.15,-1.59,1.15,INF,-1,0,7,0
10640,1,1,-16.314,11.866,-1.52,1.11,-1.52,1.11,INF,-1,0,7,0
10660,1,1,-14.300,9.873,-1.34,0.92,-1.34,0.92,INF,-1,0,7,0
10680,1,1,-14.036,12.596,-1.31,1.18,-1.31,1.18,INF,-1,0,7,0
10700,1,1,-14.799,12.965,-1.38,1.21,-1.38,1.21,INF,-1,0,7,0
10720,1,1,-17.473,13.303,-1.63,1.24,-1.63,1.24,INF,-1,0,7,0
10740,1,1,-14.833,10.273,-1.39,0.96,-1.39,0.96,INF,-1,0,7,0
10760,1,1,-15.844,12.541,-1.48,1.17,-1.48,1.17,INF,-1,0,7,0
10780,1,1,-15.204,12.029,-1.42,1.12,-1.42,1.12,INF,-1,0,7,0
10800,1,1,-17.275,13.223,-1.61,1.24,-1.61,1.24,INF,-1,0,7,0
10820,1,1,-16.758,11.938,-1.57,1.12,-1.57,1.12,INF,-1,0,7,0
10840,1,1,-16.826,13.832,-1.57,1.29,-1.57,1.29,INF,-1,1,7,0
10860,1,1,-16.280,9.558,-1.52,0.89,-1.52,0.89,INF,-1,1,7,0
10880,1,1,-18.060,13.688,-1.69,1.28,-1.69,1.28,INF,-1,1,7,0
10900,1,1,-15.207,11.003,-1.42,1.03,-1.42,1.03,INF,-1,1,7,0
10920,1,1,-17.447,10.240,-1.63,0.96,-1.63,0.96,INF,-1,1,7,0
10940,1,1,-15.956,11.376,-1.49,1.06,-1.49,1.06,INF,-1,1,7,0
10960,1,1,-14.290,11.918,-1.34,1.11,-1.34,1.11,INF,-1,1,7,0
10980,1,1,-1.316,4.307,-0.12,0.40,-0.12,0.40,INF,-1,1,7,0
11000,1,1,0.423,4.156,0.04,0.39,0.04,0.39,INF,-1,1,7,0
11020,1,1,-0.858,4.668,-0.08,0.44,-0.08,0.44,INF,-1,0,7,0
11040,1,1,0.851,5.475,0.08,0.51,0.08,0.51,INF,-1,0,7,0
11060,1,1,1.796,4.711,0.17,0.44,0.17,0.44,INF,-1,0,7,0
11080,1,1,1.385,6.507,0.13,0.61,0.13,0.61,INF,-1,0,7,0
11100,1,1,1.500,4.650,0.14,0.43,0.14,0.43,INF,-1,0,7,0
11120,1,1,2.121,5.470,0.20,0.51,0.20,0.51,INF,-1,0,7,0
11140,1,1,-1.112,4.853,-0.10,0.45,-0.10,0.45,INF,-1,0,7,0
11160,1,1,-0.613,4.589,-0.06,0.43,-0.06,0.43,INF,-1,0,7,0
11180,1,1,1.300,4.504,0.12,0.42,0.12,0.42,INF,-1,0,7,0
11200,1,1,-1.148,3.651,-0.11,0.34,-0.11,0.34,INF,-1,0,7,0
11220,1,1,-0.276,2.811,-0.03,0.26,-0.03,0.26,INF,-1,0,7,0
11240,1,1,7.386,0.620,0.69,0.06,0.69,0.06,INF,-1,0,7,0
11260,1,1,24.577,-3.124,2.30,-0.29,2.30,-0.29,INF,-1,1,7,0
11280,1,1,25.763,-5.937,2.41,-0.55,2.41,-0.55,INF,-1,1,7,0
11300,1,1,24.948,-4.660,2.33,-0.44,2.33,-0.44,INF,-1,0,7,0
11320,1,1,24.027,-4.739,2.24,-0.44,2.24,-0.44,INF,-1,0,7,0
11340,1,1,28.732,-6.177,2.68,-0.58,2.68,-0.58,INF,-1,0,7,0
11360,1,1,24.230,-5.661,2.26,-0.53,2.26,-0.53,INF,-1,0,7,0
11380,1,1,24.539,-5.146,2.29,-0.48,2.29,-0.48,INF,-1,0,7,0
11400,1,1,24.601,-6.590,2.30,-0.62,2.30,-0.62,INF,-1,0,7,0
11420,1,1,24.854,-6.530,2.32,-0.61,2.32,-0.61,INF,-1,0,7,0
11440,1,1,24.877,-5.945,2.32,-0.56,2.32,-0.56,INF,-1,0,7,0
11460,1,1,25.322,-5.388,2.37,-0.50,2.37,-0.50,INF,-1,0,7,0
11480,1,1,26.394,-4.881,2.47,-0.46,2.47,-0.46,INF,-1,0,7,0
11500,1,1,27.793,-5.761,2.60,-0.54,2.60,-0.54,INF,-1,0,7,0
11520,1,1,26.638,-6.475,2.49,-0.60,2.49,-0.61,INF,-1,0,7,0
11540,1,1,27.592,-6.317,2.58,-0.59,2.58,-0.59,INF,-1,1,7,0
11560,1,1,26.492,-7.833,2.47,-0.73,2.47,-0.73,INF,-1,1,7,0
11580,1,1,26.450,-6.194,2.47,-0.58,2.47,-0.58,INF,-1,1,7,0
11600,1,1,31.361,-8.638,2.93,-0.81,2.93,-0.81,INF,-1,1,7,0
11620,1,1,39.399,-9.624,3.68,-0.90,3.68,-0.90,INF,-1,1,7,0
11640,1,1,34.068,-9.416,3.18,-0.88,3.18,-0.88,INF,-1,1,7,0
11660,1,1,35.111,-10.364,3.28,-0.97,3.28,-0.97,INF,-1,1,7,0
11680,1,1,33.819,-10.413,3.16,-0.97,3.16,-0.97,INF,-1,1,7,0
11700,1,1,33.721,-9.663,3.15,-0.90,3.15,-0.90,INF,-1,1,7,0
11720,1,1,34.207,-9.031,3.19,-0.84,3.19,-0.84,INF,-1,1,7,0
11740,1,1,33.062,-9.604,3.09,-0.90,3.09,-0.90,INF,-1,1,7,0
11760,1,1,33.455,-9.325,3.12,-0.87,3.12,-0.87,INF,-1,1,7,0
11780,1,1,27.514,-6.180,2.57,-0.58,2.57,-0.58,INF,-1,1,7,0
11800,1,1,7.272,3.636,0.68,0.34,0.68,0.34,INF,-1,1,7,0
11820,1,1,-3.267,8.676,-0.31,0.81,-0.31,0.81,INF,-1,1,7,0
11840,1,1,-0.786,5.201,-0.07,0.49,-0.07,0.49,INF,-1,0,7,0
11860,1,1,1.684,9.023,0.16,0.84,0.16,0.84,INF,-1,0,7,0
11880,1,1,-0.919,7.559,-0.09,0.71,-0.09,0.71,INF,-1,0,7,0
11900,1,1,-4.919,7.701,-0.46,0.72,-0.46,0.72,INF,-1,0,7,0
11920,1,1,-2.519,7.768,-0.24,0.73,-0.24,0.73,INF,-1,0,7,0
11940,1,1,-1.285,7.992,-0.12,0.75,-0.12,0.75,INF,-1,0,7,0
11960,1,1,-1.021,7.148,-0.10,0.67,-0.10,0.67,INF,-1,0,7,0
11980,1,1,-3.548,8.301,-0.33,0.78,-0.33,0.78,INF,-1,0,7,0
12000,1,1,-5.177,7.775,-0.48,0.73,-0.48,0.73,INF,-1,0,7,0
12020,1,1,-17.467,0.055,-1.63,0.01,-1.63,0.01,INF,-1,0,7,0
12040,1,1,-25.073,-5.099,-2.34,-0.48,-2.34,-0.48,INF,-1,0,7,0
12060,1,1,-26.263,-6.040,-2.45,-0.56,-2.45,-0.56,INF,-1,0,7,0
12080,1,1,-26.032,-7.933,-2.43,-0.74,-2.43,-0.74,INF,-1,0,7,0
12100,1,1,-25.467,-6.800,-2.38,-0.63,-2.38,-0.64,INF,-1,0,7,0
12120,1,1,-26.103,-6.075,-2.44,-0.57,-2.44,-0.57,INF,-1,0,7,0
12140,1,1,-27.623,-8.018,-2.58,-0.75,-2.58,-0.75,INF,-1,0,7,0
12160,1,1,-28.787,-6.129,-2.69,-0.57,-2.69,-0.57,INF,-1,0,7,0
12180,1,1,-26.883,-5.866,-2.51,-0.55,-2.51,-0.55,INF,-1,0,7,0
12200,1,1,-27.753,-7.059,-2.59,-0.66,-2.59,-0.66,INF,-1,1,7,0
12220,1,1,-26.959,-6.922,-2.52,-0.65,-2.52,-0.65,INF,-1,1,7,0
12240,1,1,-24.392,-3.658,-2.28,-0.34,-2.28,-0.34,INF,-1,1,7,0
12260,1,1,-27.706,-7.374,-2.59,-0.69,-2.59,-0.69,INF,-1,1,7,0
12280,1,1,-26.495,-6.194,-2.47,-0.58,-2.47,-0.58,INF,-1,1,7,0
12300,1,1,-26.434,-8.292,-2.47,-0.77,-2.47,-0.78,INF,-1,1,7,0
12320,1,1,-26.094,-7.840,-2.44,-0.73,-2.44,-0.73,INF,-1,1,7,0
12340,1,1,-25.589,-8.569,-2.39,-0.80,-2.39,-0.80,INF,-1,0,7,0
12360,1,1,-24.844,-5.178,-2.32,-0.48,-2.32,-0.48,INF,-1,0,7,0
12380,1,1,-25.369,-6.871,-2.37,-0.64,-2.37,-0.64,INF,-1,0,7,0
12400,1,1,-28.307,-6.508,-2.64,-0.61,-2.64,-0.61,INF,-1,0,7,0
12420,1,1,-29.435,-5.867,-2.75,-0.55,-2.75,-0.55,INF,-1,0,7,0
12440,1,1,-28.617,-7.566,-2.67,-0.71,-2.67,-0.71,INF,-1,0,7,0
12460,1,1,-27.079,-7.935,-2.53,-0.74,-2.53,-0.74,INF,-1,0,7,0
12480,1,1,-28.123,-5.230,-2.63,-0.49,-2.63,-0.49,INF,-1,0,7,0
12500,1,1,-15.371,-3.857,-1.44,-0.36,-1.44,-0.36,INF,-1,0,7,0
12520,1,1,26.019,9.917,2.43,0.93,2.43,0.93,INF,-1,0,7,0
12540,1,1,31.903,7.288,2.98,0.68,2.98,0.68,INF,-1,0,7,0
12560,1,1,29.622,6.387,2.77,0.60,2.77,0.60,INF,-1,0,7,0
12580,1,1,29.542,6.896,2.76,0.64,2.76,0.64,INF,-1,0,7,0
12600,1,1,31.800,7.083,2.97,0.66,2.97,0.66,INF,-1,0,7,0
12620,1,1,30.259,8.004,2.83,0.75,2.83,0.75,INF,-1,0,7,0
12640,1,1,30.552,7.760,2.85,0.72,2.85,0.73,INF,-1,0,7,0
12660,1,1,30.695,7.837,2.87,0.73,2.87,0.73,INF,-1,0,7,0
12680,1,1,29.520,7.665,2.76,0.72,2.76,0.72,INF,-1,0,7,0
12700,1,1,29.520,7.312,2.76,0.68,2.76,0.68,INF,-1,0,7,0
12720,1,1,30.237,8.146,2.82,0.76,2.82,0.76,INF,-1,0,7,0
12740,1,1,29.339,8.716,2.74,0.81,2.74,0.81,INF,-1,0,7,0
12760,1,1,29.147,7.686,2.72,0.72,2.72,0.72,INF,-1,0,7,0
12780,1,1,30.888,6.845,2.88,0.64,2.88,0.64,INF,-1,1,7,0
12800,1,1,29.742,7.096,2.78,0.66,2.78,0.66,INF,-1,1,7,0
12820,1,1,27.000,8.304,2.52,0.78,2.52,0.78,INF,-1,1,7,0
12840,1,1,33.221,6.488,3.10,0.61,3.10,0.61,INF,-1,1,7,0
12860,1,1,31.880,6.380,2.98,0.60,2.98,0.60,INF,-1,1,7,0
12880,1,1,29.863,7.526,2.79,0.70,2.79,0.70,INF,-1,1,7,0
12900,1,1,29.369,8.526,2.74,0.80,2.74,0.80,INF,-1,1,7,0
12920,1,1,29.528,8.707,2.76,0.81,2.76,0.81,INF,-1,1,7,0
12940,1,1,8.511,-3.177,0.80,-0.30,0.80,-0.30,INF,-1,1,7,0
12960,1,1,7.901,-7.386,0.74,-0.69,0.74,-0.69,INF,-1,1,7,0
12980,1,1,6.362,-6.026,0.59,-0.56,0.59,-0.56,INF,-1,0,7,0
13000,1,1,5.606,-6.051,0.52,-0.57,0.52,-0.57,INF,-1,0,7,0
13020,1,1,5.233,-4.501,0.49,-0.42,0.49,-0.42,INF,-1,0,7,0
13040,1,1,3.612,-5.508,0.34,-0.51,0.34,-0.51,INF,-1,0,7,0
13060,1,1,5.441,-3.742,0.51,-0.35,0.51,-0.35,INF,-1,0,7,0
13080,1,1,8.321,-4.620,0.78,-0.43,0.78,-0.43,INF,-1,0,7,0
13100,1,1,7.629,-8.075,0.71,-0.75,0.71,-0.75,INF,-1,0,7,0
13120,1,1,8.741,-5.578,0.82,-0.52,0.82,-0.52,INF,-1,0,7,0
13140,1,1,7.331,-6.182,0.69,-0.58,0.69,-0.58,INF,-1,0,7,0
13160,1,1,5.444,-6.082,0.51,-0.57,0.51,-0.57,INF,-1,0,7,0
13180,1,1,4.793,-3.098,0.45,-0.29,0.45,-0.29,INF,-1,0,7,0
13200,1,1,6.650,-5.242,0.62,-0.49,0.62,-0.49,INF,-1,0,7,0
13220,1,1,5.963,-5.025,0.56,-0.47,0.56,-0.47,INF,-1,1,7,0
13240,1,1,7.078,-6.627,0.66,-0.62,0.66,-0.62,INF,-1,1,7,0
13260,1,1,7.609,-5.446,0.71,-0.51,0.71,-0.51,INF,-1,1,7,0
13280,1,1,5.288,-5.853,0.49,-0.55,0.49,-0.55,INF,-1,1,7,0
13300,1,1,5.910,-6.244,0.55,-0.58,0.55,-0.58,INF,-1,1,7,0
13320,1,1,7.500,-9.059,0.70,-0.85,0.70,-0.85,INF,-1,1,7,0
13340,1,1,4.323,-7.306,0.40,-0.68,0.40,-0.68,INF,-1,1,7,0
13360,1,1,6.896,-8.084,0.64,-0.76,0.64,-0.76,INF,-1,1,7,0
13380,1,1,8.967,-8.504,0.84,-0.79,0.84,-0.79,INF,-1,1,7,0
13400,1,1,8.944,-7.293,0.84,-0.68,0.84,-0.68,INF,-1,1,7,0
13420,1,1,9.128,-8.614,0.85,-0.80,0.85,-0.81,INF,-1,1,7,0
13440,1,1,10.181,-8.845,0.95,-0.83,0.95,-0.83,INF,-1,1,7,0
13460,1,1,22.453,-11.760,2.10,-1.10,2.10,-1.10,INF,-1,1,7,0
13480,1,1,19.591,-13.885,1.83,-1.30,1.83,-1.30,INF,-1,1,7,0
13500,1,1,18.842,-13.473,1.76,-1.26,1.76,-1.26,INF,-1,0,7,0
13520,1,1,20.468,-12.707,1.91,-1.19,1.91,-1.19,INF,-1,0,7,0
13540,1,1,20.411,-11.586,1.91,-1.08,1.91,-1.08,INF,-1,0,7,0
13560,1,1,19.070,-11.921,1.78,-1.11,1.78,-1.11,INF,-1,0,7,0
13580,1,1,21.521,-12.261,2.01,-1.15,2.01,-1.15,INF,-1,0,7,0
13600,1,1,20.735,-11.768,1.94,-1.10,1.94,-1.10,INF,-1,0,7,0
13620,1,1,21.498,-10.635,2.01,-0.99,2.01,-0.99,INF,-1,0,7,0
13640,1,1,18.314,-8.876,1.71,-0.83,1.71,-0.83,INF,-1,0,7,0
13660,1,1,18.854,-10.307,1.76,-0.96,1.76,-0.96,INF,-1,0,7,0
13680,1,1,17.898,-10.696,1.67,-1.00,1.67,-1.00,INF,-1,0,7,0
13700,1,1,20.583,-10.983,1.92,-1.03,1.92,-1.03,INF,-1,0,7,0
13720,1,1,22.137,-10.675,2.07,-1.00,2.07,-1.00,INF,-1,0,7,0
13740,1,1,18.330,-13.043,1.71,-1.22,1.71,-1.22,INF,-1,1,7,0
13760,1,1,22.818,-11.073,2.13,-1.03,2.13,-1.03,INF,-1,1,7,0
13780,1,1,18.962,-12.580,1.77,-1.18,1.77,-1.18,INF,-1,1,7,0
13800,1,1,20.494,-13.198,1.91,-1.23,1.91,-1.23,INF,-1,1,7,0
13820,1,1,6.399,-10.697,0.60,-1.00,0.60,-1.00,INF,-1,1,7,0
13840,1,1,2.948,-10.178,0.28,-0.95,0.28,-0.95,INF,-1,1,7,0
13860,1,1,4.853,-10.986,0.45,-1.03,0.45,-1.03,INF,-1,0,7,0
13880,1,1,4.662,-10.556,0.44,-0.99,0.44,-0.99,INF,-1,0,7,0
13900,1,1,8.440,-13.243,0.79,-1.24,0.79,-1.24,INF,-1,0,7,0
13920,1,1,2.392,-10.749,0.22,-1.00,0.22,-1.00,INF,-1,0,7,0
13940,1,1,3.600,-10.826,0.34,-1.01,0.34,-1.01,INF,-1,0,7,0
13960,1,1,3.195,-9.923,0.30,-0.93,0.30,-0.93,INF,-1,0,7,0
13980,1,1,3.974,-12.157,0.37,-1.14,0.37,-1.14,INF,-1,0,7,0
14000,1,1,2.005,-10.953,0.19,-1.02,0.19,-1.02,INF,-1,0,7,0
14020,1,1,3.523,-11.528,0.33,-1.08,0.33,-1.08,INF,-1,0,7,0
14040,1,1,1.584,-10.442,0.15,-0.98,0.15,-0.98,INF,-1,0,7,0
14060,1,1,2.913,-8.820,0.27,-0.82,0.27,-0.82,INF,-1,0,7,0
14080,1,1,2.686,-10.255,0.25,-0.96,0.25,-0.96,INF,-1,0,7,0
14100,1,1,4.298,-11.168,0.40,-1.04,0.40,-1.04,INF,-1,1,7,0
14120,1,1,1.889,-11.255,0.18,-1.05,0.18,-1.05,INF,-1,1,7,0
14140,1,1,4.225,-12.499,0.39,-1.17,0.39,-1.17,INF,-1,1,7,0
14160,1,1,4.270,-10.763,0.40,-1.01,0.40,-1.01,INF,-1,1,7,0
14180,1,1,6.609,-9.415,0.62,-0.88,0.62,-0.88,INF,-1,1,7,0
14200,1,1,8.103,-11.505,0.76,-1.08,0.76,-1.08,INF,-1,1,7,0
14220,1,1,5.818,-11.154,0.54,-1.04,0.54,-1.04,INF,-1,1,7,0
14240,1,1,1.162,-10.070,0.11,-0.94,0.11,-0.94,INF,-1,1,7,0
14260,1,1,2.375,-11.477,0.22,-1.07,0.22,-1.07,INF,-1,1,7,0
14280,1,1,1.396,-10.361,0.13,-0.97,0.13,-0.97,INF,-1,1,7,0
14300,1,1,-14.159,-5.868,-1.32,-0.55,-1.32,-0.55,INF,-1,1,7,0
14320,1,1,-9.741,-6.137,-0.91,-0.57,-0.91,-0.57,INF,-1,1,7,0
14340,1,1,-12.175,-6.265,-1.14,-0.59,-1.14,-0.59,INF,-1,0,7,0
14360,1,1,-9.407,-7.306,-0.88,-0.68,-0.88,-0.68,INF,-1,0,7,0
14380,1,1,-8.854,-4.507,-0.83,-0.42,-0.83,-0.42,INF,-1,0,7,0
14400,1,1,-11.481,-7.430,-1.07,-0.69,-1.07,-0.69,INF,-1,0,7,0
14420,1,1,-14.649,-6.345,-1.37,-0.59,-1.37,-0.59,INF,-1,0,7,0
14440,1,1,-10.820,-6.292,-1.01,-0.59,-1.01,-0.59,INF,-1,0,7,0
14460,1,1,-9.115,-7.311,-0.85,-0.68,-0.85,-0.68,INF,-1,0,7,0
14480,1,1,-9.332,-7.717,-0.87,-0.72,-0.87,-0.72,INF,-1,0,7,0
14500,1,1,-9.689,-9.377,-0.91,-0.88,-0.91,-0.88,INF,-1,0,7,0
14520,1,1,-10.765,-7.980,-1.01,-0.75,-1.01,-0.75,INF,-1,0,7,0
14540,1,1,-6.516,-7.092,-0.61,-0.66,-0.61,-0.66,INF,-1,0,7,0
14560,1,1,11.920,-0.078,1.11,-0.01,1.11,-0.01,INF,-1,0,7,0
14580,1,1,19.690,7.139,1.84,0.67,1.84,0.67,INF,-1,1,7,0
14600,1,1,18.709,6.691,1.75,0.63,1.75,0.63,INF,-1,0,7,0
14620,1,1,20.769,4.981,1.94,0.47,1.94,0.47,INF,-1,0,7,0
14640,1,1,22.002,5.678,2.06,0.53,2.06,0.53,INF,-1,0,7,0
14660,1,1,20.364,4.682,1.90,0.44,1.90,0.44,INF,-1,0,7,0
14680,1,1,22.703,4.586,2.12,0.43,2.12,0.43,INF,-1,0,7,0
14700,1,1,18.396,5.324,1.72,0.50,1.72,0.50,INF,-1,0,7,0
14720,1,1,20.573,7.805,1.92,0.73,1.92,0.73,INF,-1,0,7,0
14740,1,1,22.871,5.299,2.14,0.49,2.14,0.50,INF,-1,0,7,0
14760,1,1,22.133,6.226,2.07,0.58,2.07,0.58,INF,-1,0,7,0
14780,1,1,20.992,7.931,1.96,0.74,1.96,0.74,INF,-1,0,7,0
14800,1,1,21.497,6.643,2.01,0.62,2.01,0.62,INF,-1,0,7,0
14820,1,1,21.364,5.591,2.00,0.52,2.00,0.52,INF,-1,0,7,0
14840,1,1,17.234,6.510,1.61,0.61,1.61,0.61,INF,-1,1,7,0
14860,1,1,19.710,5.926,1.84,0.55,1.84,0.55,INF,-1,1,7,0
14880,1,1,19.036,4.846,1.78,0.45,1.78,0.45,INF,-1,1,7,0
14900,1,1,20.003,6.131,1.87,0.57,1.87,0.57,INF,-1,1,7,0
14920,1,1,21.315,5.152,1.99,0.48,1.99,0.48,INF,-1,1,7,0
14940,1,1,19.888,6.830,1.86,0.64,1.86,0.64,INF,-1,1,7,0
14960,1,1,21.115,6.344,1.97,0.59,1.97,0.59,INF,-1,1,7,0
14980,1,1,3.813,2.000,0.36,0.19,0.36,0.19,INF,-1,1,7,0
15000,1,1,-22.987,-9.027,-2.15,-0.84,-2.15,-0.84,INF,-1,1,7,0
