"EyeTracker Toolbox version","3.250"
CalibrationParameters_A11,1.07331
CalibrationParameters_A12,0.06961
CalibrationParameters_A13,0.01558
CalibrationParameters_A21,0.06701
CalibrationParameters_A22,-1.08219
CalibrationParameters_A23,-0.01733
CalibrationParameters_A31,0.00021
CalibrationParameters_A32,-0.00264
CalibrationParameters_E11,-0.17982
CalibrationParameters_E12,-0.00027
CalibrationParameters_E21,-0.00027
CalibrationParameters_E22,0.19996
CalibrationParameters_X,3.51720
CalibrationParameters_Y,-38.46573
CalibrationParameters_Rpc,91.90290
CalibrationParameters_MeanX,133.64511
CalibrationParameters_MeanY,121.64726
CalibrationParameters_ViewDist,613.00000
TimeStamp,Tracked,Calibrated,ScreenPositionXmm,ScreenPositionYmm,FicksLongitude,FicksLatitude,HelmholtzAzimuth,HelmholtzElevation,PupilDiameter,Region,Fixation,DigitalIO,Dropped
0,1,1,-160.251,33.293,-14.65,3.01,-14.63,3.11,INF,-1,0,7,0
20,0,1,0.000,0.000,0.00,0.00,0.00,0.00,0.00,-1,0,7,0
40,0,1,0.000,0.000,0.00,0.00,0.00,0.00,0.00,-1,0,7,0
60,1,1,-10.870,2.983,-1.02,0.28,-1.02,0.28,INF,-1,0,7,0
80,1,1,-11.875,4.251,-1.11,0.40,-1.11,0.40,INF,-1,0,7,0
100,1,1,-8.202,2.488,-0.77,0.23,-0.77,0.23,INF,-1,0,7,0
120,1,1,-4.899,-0.787,-0.46,-0.07,-0.46,-0.07,INF,-1,0,7,0
140,1,1,-9.471,1.445,-0.89,0.14,-0.89,0.14,INF,-1,0,7,0
160,1,1,-10.448,1.295,-0.98,0.12,-0.98,0.12,INF,-1,0,7,0
180,1,1,-5.335,-0.042,-0.50,0.00,-0.50,0.00,INF,-1,0,7,0
200,1,1,-12.369,3.940,-1.16,0.37,-1.16,0.37,INF,-1,0,7,0
220,1,1,-7.429,-0.101,-0.69,-0.01,-0.69,-0.01,INF,-1,0,7,0
240,1,1,-14.116,2.534,-1.32,0.24,-1.32,0.24,INF,-1,0,7,0
260,1,1,-13.089,-0.352,-1.22,-0.03,-1.22,-0.03,INF,-1,0,7,0
280,1,1,-10.522,-1.135,-0.98,-0.11,-0.98,-0.11,INF,-1,0,7,0
300,1,1,-9.772,0.885,-0.91,0.08,-0.91,0.08,INF,-1,0,7,0
320,1,1,-12.398,0.360,-1.16,0.03,-1.16,0.03,INF,-1,0,7,0
340,1,1,-11.955,-1.365,-1.12,-0.13,-1.12,-0.13,INF,-1,1,7,0
360,1,1,-5.696,-2.508,-0.53,-0.23,-0.53,-0.23,INF,-1,1,7,0
380,1,1,-8.870,-0.341,-0.83,-0.03,-0.83,-0.03,INF,-1,1,7,0
400,1,1,-9.724,-2.219,-0.91,-0.21,-0.91,-0.21,INF,-1,1,7,0
420,1,1,-5.549,-4.999,-0.52,-0.47,-0.52,-0.47,INF,-1,1,7,0
440,1,1,-2.241,-8.941,-0.21,-0.84,-0.21,-0.84,INF,-1,1,7,0
460,1,1,-2.963,-7.024,-0.28,-0.66,-0.28,-0.66,INF,-1,1,7,0
480,1,1,-2.436,-6.261,-0.23,-0.59,-0.23,-0.59,INF,-1,0,7,0
500,1,1,-3.248,-7.036,-0.30,-0.66,-0.30,-0.66,INF,-1,0,7,0
520,1,1,1.546,-6.617,0.14,-0.62,0.14,-0.62,INF,-1,0,7,0
540,1,1,1.693,-9.002,0.16,-0.84,0.16,-0.84,INF,-1,0,7,0
560,1,1,-2.329,-8.779,-0.22,-0.82,-0.22,-0.82,INF,-1,0,7,0
580,1,1,1.211,-7.208,0.11,-0.67,0.11,-0.67,INF,-1,0,7,0
600,1,1,-4.763,-7.975,-0.45,-0.75,-0.45,-0.75,INF,-1,0,7,0
620,1,1,-0.009,-7.919,0.00,-0.74,0.00,-0.74,INF,-1,0,7,0
640,1,1,0.465,-8.662,0.04,-0.81,0.04,-0.81,INF,-1,0,7,0
660,1,1,2.506,-10.220,0.23,-0.96,0.23,-0.96,INF,-1,0,7,0
680,1,1,1.667,-12.164,0.16,-1.14,0.16,-1.14,INF,-1,0,7,0
700,1,1,-0.225,-5.767,-0.02,-0.54,-0.02,-0.54,INF,-1,0,7,0
720,1,1,-1.793,-7.337,-0.17,-0.69,-0.17,-0.69,INF,-1,1,7,0
740,1,1,-0.432,-8.368,-0.04,-0.78,-0.04,-0.78,INF,-1,1,7,0
760,1,1,0.422,-10.927,0.04,-1.02,0.04,-1.02,INF,-1,1,7,0
780,1,1,2.095,-11.196,0.20,-1.05,0.20,-1.05,INF,-1,1,7,0
800,1,1,-0.084,-9.215,-0.01,-0.86,-0.01,-0.86,INF,-1,1,7,0
820,1,1,-7.073,-8.511,-0.66,-0.80,-0.66,-0.80,INF,-1,1,7,0
840,1,1,-5.202,-7.201,-0.49,-0.67,-0.49,-0.67,INF,-1,1,7,0
860,1,1,-0.681,-10.592,-0.06,-0.99,-0.06,-0.99,INF,-1,1,7,0
880,1,1,-2.344,-9.760,-0.22,-0.91,-0.22,-0.91,INF,-1,1,7,0
900,1,1,-1.321,-10.460,-0.12,-0.98,-0.12,-0.98,INF,-1,1,7,0
920,1,1,-3.175,-11.481,-0.30,-1.07,-0.30,-1.07,INF,-1,1,7,0
940,1,1,-5.836,-10.266,-0.55,-0.96,-0.55,-0.96,INF,-1,1,7,0
960,1,1,-2.995,-11.474,-0.28,-1.07,-0.28,-1.07,INF,-1,1,7,0
980,1,1,-6.294,-11.145,-0.59,-1.04,-0.59,-1.04,INF,-1,1,7,0
1000,1,1,-3.588,-10.584,-0.34,-0.99,-0.34,-0.99,INF,-1,1,7,0
1020,1,1,-4.702,-11.230,-0.44,-1.05,-0.44,-1.05,INF,-1,1,7,0
1040,1,1,-2.592,-11.828,-0.24,-1.11,-0.24,-1.11,INF,-1,1,7,0
1060,1,1,-4.636,-10.532,-0.43,-0.98,-0.43,-0.98,INF,-1,1,7,0
1080,1,1,-3.463,-9.349,-0.32,-0.87,-0.32,-0.87,INF,-1,1,7,0
1100,1,1,-2.886,-10.021,-0.27,-0.94,-0.27,-0.94,INF,-1,1,7,0
1120,1,1,-5.295,-8.819,-0.49,-0.82,-0.49,-0.82,INF,-1,1,7,0
1140,1,1,-5.933,-11.265,-0.55,-1.05,-0.55,-1.05,INF,-1,1,7,0
1160,1,1,-3.605,-11.560,-0.34,-1.08,-0.34,-1.08,INF,-1,1,7,0
1180,1,1,-3.891,-11.424,-0.36,-1.07,-0.36,-1.07,INF,-1,1,7,0
1200,1,1,-3.772,-9.723,-0.35,-0.91,-0.35,-0.91,INF,-1,1,7,0
1220,1,1,-7.828,-8.915,-0.73,-0.83,-0.73,-0.83,INF,-1,1,7,0
1240,1,1,-3.896,-12.801,-0.36,-1.20,-0.36,-1.20,INF,-1,1,7,0
1260,1,1,-9.433,-14.097,-0.88,-1.32,-0.88,-1.32,INF,-1,1,7,0
1280,1,1,-12.186,-14.195,-1.14,-1.33,-1.14,-1.33,INF,-1,1,7,0
1300,1,1,-9.732,-13.332,-0.91,-1.25,-0.91,-1.25,INF,-1,0,7,0
1320,1,1,-7.718,-13.664,-0.72,-1.28,-0.72,-1.28,INF,-1,0,7,0
1340,1,1,-11.896,-12.029,-1.11,-1.12,-1.11,-1.12,INF,-1,0,7,0
1360,1,1,-13.684,-11.654,-1.28,-1.09,-1.28,-1.09,INF,-1,0,7,0
1380,1,1,-11.326,-13.072,-1.06,-1.22,-1.06,-1.22,INF,-1,0,7,0
1400,1,1,-10.516,-13.086,-0.98,-1.22,-0.98,-1.22,INF,-1,0,7,0
1420,1,1,-11.051,-13.450,-1.03,-1.26,-1.03,-1.26,INF,-1,0,7,0
1440,1,1,-12.789,-13.933,-1.20,-1.30,-1.19,-1.30,INF,-1,0,7,0
1460,1,1,-11.090,-12.379,-1.04,-1.16,-1.04,-1.16,INF,-1,0,7,0
1480,1,1,-12.085,-13.585,-1.13,-1.27,-1.13,-1.27,INF,-1,0,7,0
1500,1,1,-11.672,-15.163,-1.09,-1.42,-1.09,-1.42,INF,-1,0,7,0
1520,1,1,-12.363,-12.201,-1.16,-1.14,-1.16,-1.14,INF,-1,0,7,0
1540,1,1,-13.038,-13.652,-1.22,-1.28,-1.22,-1.28,INF,-1,1,7,0
1560,1,1,-12.802,-14.023,-1.20,-1.31,-1.20,-1.31,INF,-1,1,7,0
1580,1,1,4.669,-11.365,0.44,-1.06,0.44,-1.06,INF,-1,1,7,0
1600,1,1,20.463,2.483,1.91,0.23,1.91,0.23,INF,-1,1,7,0
1620,1,1,25.213,1.155,2.36,0.11,2.36,0.11,INF,-1,0,7,0
1640,1,1,21.977,2.628,2.05,0.25,2.05,0.25,INF,-1,0,7,0
1660,1,1,19.592,0.966,1.83,0.09,1.83,0.09,INF,-1,0,7,0
1680,1,1,20.992,0.109,1.96,0.01,1.96,0.01,INF,-1,0,7,0
1700,1,1,23.663,1.336,2.21,0.12,2.21,0.12,INF,-1,0,7,0
1720,1,1,20.006,-0.247,1.87,-0.02,1.87,-0.02,INF,-1,0,7,0
1740,1,1,21.922,0.253,2.05,0.02,2.05,0.02,INF,-1,0,7,0
1760,1,1,22.101,0.096,2.06,0.01,2.06,0.01,INF,-1,0,7,0
1780,1,1,18.552,2.264,1.73,0.21,1.73,0.21,INF,-1,0,7,0
1800,1,1,9.367,7.068,0.88,0.66,0.88,0.66,INF,-1,0,7,0
1820,1,1,9.506,7.292,0.89,0.68,0.89,0.68,INF,-1,0,7,0
1840,1,1,9.171,5.685,0.86,0.53,0.86,0.53,INF,-1,0,7,0
1860,1,1,10.901,5.590,1.02,0.52,1.02,0.52,INF,-1,0,7,0
1880,1,1,9.144,5.798,0.85,0.54,0.85,0.54,INF,-1,1,7,0
1900,1,1,9.592,6.097,0.90,0.57,0.90,0.57,INF,-1,1,7,0
1920,1,1,11.497,2.085,1.07,0.19,1.07,0.19,INF,-1,1,7,0
1940,1,1,12.406,4.521,1.16,0.42,1.16,0.42,INF,-1,1,7,0
1960,1,1,11.563,6.388,1.08,0.60,1.08,0.60,INF,-1,1,7,0
1980,1,1,8.552,6.307,0.80,0.59,0.80,0.59,INF,-1,1,7,0
2000,1,1,8.465,7.456,0.79,0.70,0.79,0.70,INF,-1,1,7,0
2020,1,1,12.836,7.271,1.20,0.68,1.20,0.68,INF,-1,1,7,0
2040,1,1,8.674,6.051,0.81,0.57,0.81,0.57,INF,-1,1,7,0
2060,1,1,6.478,5.921,0.61,0.55,0.61,0.55,INF,-1,1,7,0
2080,1,1,8.187,6.165,0.77,0.58,0.77,0.58,INF,-1,1,7,0
2100,1,1,8.412,6.319,0.79,0.59,0.79,0.59,INF,-1,1,7,0
2120,1,1,8.608,5.980,0.80,0.56,0.80,0.56,INF,-1,1,7,0
2140,1,1,8.282,6.609,0.77,0.62,0.77,0.62,INF,-1,1,7,0
2160,1,1,10.346,6.743,0.97,0.63,0.97,0.63,INF,-1,1,7,0
2180,1,1,15.697,4.555,1.47,0.43,1.47,0.43,INF,-1,1,7,0
2200,1,1,14.140,6.465,1.32,0.60,1.32,0.60,INF,-1,1,7,0
2220,1,1,22.251,10.013,2.08,0.94,2.08,0.94,INF,-1,1,7,0
2240,1,1,17.663,12.596,1.65,1.18,1.65,1.18,INF,-1,1,7,0
2260,1,1,19.777,11.202,1.85,1.05,1.85,1.05,INF,-1,1,7,0
2280,1,1,19.146,11.973,1.79,1.12,1.79,1.12,INF,-1,1,7,0
2300,1,1,19.902,12.866,1.86,1.20,1.86,1.20,INF,-1,1,7,0
2320,1,1,22.311,13.587,2.08,1.27,2.08,1.27,INF,-1,1,7,0
2340,1,1,17.452,13.439,1.63,1.26,1.63,1.26,INF,-1,0,7,0
2360,1,1,16.494,11.770,1.54,1.10,1.54,1.10,INF,-1,0,7,0
2380,1,1,28.808,12.109,2.69,1.13,2.69,1.13,INF,-1,0,7,0
2400,1,1,44.646,15.907,4.17,1.48,4.16,1.49,INF,-1,0,7,0
2420,1,1,43.516,14.449,4.06,1.35,4.06,1.35,INF,-1,0,7,0
2440,1,1,46.736,13.497,4.36,1.26,4.36,1.26,INF,-1,0,7,0
2460,1,1,47.804,12.713,4.46,1.18,4.46,1.19,INF,-1,0,7,0
2480,1,1,47.140,10.731,4.40,1.00,4.40,1.00,INF,-1,0,7,0
2500,1,1,45.378,12.078,4.23,1.13,4.23,1.13,INF,-1,0,7,0
2520,1,1,45.059,14.217,4.20,1.33,4.20,1.33,INF,-1,0,7,0
2540,1,1,43.039,13.492,4.02,1.26,4.02,1.26,INF,-1,0,7,0
2560,1,1,45.125,13.634,4.21,1.27,4.21,1.27,INF,-1,0,7,0
2580,1,1,45.626,15.313,4.26,1.43,4.26,1.43,INF,-1,0,7,0
2600,1,1,46.836,13.120,4.37,1.22,4.37,1.23,INF,-1,0,7,0
2620,1,1,45.409,14.745,4.24,1.37,4.24,1.38,INF,-1,0,7,0
2640,1,1,43.439,11.249,4.05,1.05,4.05,1.05,INF,-1,0,7,0
2660,1,1,42.255,14.038,3.94,1.31,3.94,1.31,INF,-1,1,7,0
2680,1,1,45.069,12.611,4.20,1.18,4.20,1.18,INF,-1,1,7,0
2700,1,1,44.901,12.632,4.19,1.18,4.19,1.18,INF,-1,1,7,0
2720,1,1,44.416,13.065,4.14,1.22,4.14,1.22,INF,-1,1,7,0
2740,1,1,47.837,13.381,4.46,1.25,4.46,1.25,INF,-1,1,7,0
2760,1,1,45.068,13.163,4.20,1.23,4.20,1.23,INF,-1,1,7,0
2780,1,1,45.678,13.338,4.26,1.24,4.26,1.25,INF,-1,1,7,0
2800,1,1,43.375,13.592,4.05,1.27,4.05,1.27,INF,-1,1,7,0
2820,1,1,42.856,12.005,4.00,1.12,4.00,1.12,INF,-1,1,7,0
2840,1,1,42.319,14.193,3.95,1.32,3.95,1.33,INF,-1,1,7,0
2860,1,1,46.254,13.153,4.32,1.23,4.31,1.23,INF,-1,1,7,0
2880,1,1,46.806,11.449,4.37,1.07,4.37,1.07,INF,-1,1,7,0
2900,1,1,43.631,11.710,4.07,1.09,4.07,1.09,INF,-1,1,7,0
2920,1,1,43.895,14.316,4.10,1.33,4.09,1.34,INF,-1,1,7,0
2940,1,1,44.324,13.823,4.14,1.29,4.13,1.29,INF,-1,1,7,0
2960,1,1,47.337,14.376,4.42,1.34,4.41,1.34,INF,-1,1,7,0
2980,1,1,44.818,11.446,4.18,1.07,4.18,1.07,INF,-1,1,7,0
3000,1,1,44.163,11.378,4.12,1.06,4.12,1.06,INF,-1,1,7,0
3020,1,1,43.533,12.818,4.06,1.19,4.06,1.20,INF,-1,1,7,0
3040,1,1,44.912,13.571,4.19,1.26,4.19,1.27,INF,-1,1,7,0
3060,1,1,44.357,10.759,4.14,1.00,4.14,1.01,INF,-1,1,7,0
3080,1,1,44.001,11.859,4.11,1.11,4.10,1.11,INF,-1,1,7,0
3100,1,1,45.110,13.771,4.21,1.28,4.21,1.29,INF,-1,1,7,0
3120,1,1,44.756,12.787,4.18,1.19,4.17,1.19,INF,-1,1,7,0
3140,1,1,46.870,8.218,4.37,0.77,4.37,0.77,INF,-1,1,7,0
3160,1,1,44.852,12.330,4.18,1.15,4.18,1.15,INF,-1,1,7,0
3180,1,1,43.498,13.852,4.06,1.29,4.06,1.29,INF,-1,1,7,0
3200,1,1,46.489,12.018,4.34,1.12,4.34,1.12,INF,-1,1,7,0
3220,1,1,44.486,13.128,4.15,1.22,4.15,1.23,INF,-1,1,7,0
3240,1,1,12.073,-1.785,1.13,-0.17,1.13,-0.17,INF,-1,1,7,0
3260,1,1,-13.192,-14.689,-1.23,-1.37,-1.23,-1.37,INF,-1,1,7,0
3280,1,1,-9.591,-16.970,-0.90,-1.59,-0.90,-1.59,INF,-1,0,7,0
3300,1,1,-9.691,-16.044,-0.91,-1.50,-0.91,-1.50,INF,-1,0,7,0
3320,1,1,-6.807,-16.305,-0.64,-1.52,-0.64,-1.52,INF,-1,0,7,0
3340,1,1,-9.026,-14.827,-0.84,-1.39,-0.84,-1.39,INF,-1,0,7,0
3360,1,1,-7.660,-16.426,-0.72,-1.53,-0.72,-1.53,INF,-1,0,7,0
3380,1,1,-15.893,-14.286,-1.49,-1.33,-1.48,-1.34,INF,-1,0,7,0
3400,1,1,-12.710,-15.235,-1.19,-1.42,-1.19,-1.42,INF,-1,0,7,0
3420,1,1,-11.392,-15.040,-1.06,-1.41,-1.06,-1.41,INF,-1,0,7,0
3440,1,1,-7.841,-15.372,-0.73,-1.44,-0.73,-1.44,INF,-1,0,7,0
3460,1,1,-15.016,-15.897,-1.40,-1.49,-1.40,-1.49,INF,-1,0,7,0
3480,1,1,-12.622,-15.538,-1.18,-1.45,-1.18,-1.45,INF,-1,0,7,0
3500,1,1,-13.844,-15.071,-1.29,-1.41,-1.29,-1.41,INF,-1,0,7,0
3520,1,1,-14.845,-14.002,-1.39,-1.31,-1.39,-1.31,INF,-1,0,7,0
3540,1,1,-12.161,-14.658,-1.14,-1.37,-1.14,-1.37,INF,-1,1,7,0
3560,1,1,-16.581,-15.784,-1.55,-1.47,-1.55,-1.47,INF,-1,1,7,0
3580,1,1,-14.948,-15.923,-1.40,-1.49,-1.40,-1.49,INF,-1,1,7,0
3600,1,1,-13.006,-15.741,-1.22,-1.47,-1.22,-1.47,INF,-1,1,7,0
3620,1,1,-11.623,-16.216,-1.09,-1.52,-1.09,-1.52,INF,-1,1,7,0
3640,1,1,-14.376,-16.699,-1.34,-1.56,-1.34,-1.56,INF,-1,1,7,0
3660,1,1,-12.725,-16.531,-1.19,-1.54,-1.19,-1.54,INF,-1,1,7,0
3680,1,1,-11.001,-17.494,-1.03,-1.63,-1.03,-1.63,INF,-1,1,7,0
3700,1,1,-11.802,-8.575,-1.10,-0.80,-1.10,-0.80,INF,-1,1,7,0
3720,1,1,-9.819,-9.665,-0.92,-0.90,-0.92,-0.90,INF,-1,1,7,0
3740,1,1,-10.786,-9.361,-1.01,-0.87,-1.01,-0.87,INF,-1,1,7,0
3760,1,1,-11.252,-9.891,-1.05,-0.92,-1.05,-0.92,INF,-1,1,7,0
3780,1,1,-4.141,-9.913,-0.39,-0.93,-0.39,-0.93,INF,-1,1,7,0
3800,1,1,-7.996,-8.882,-0.75,-0.83,-0.75,-0.83,INF,-1,1,7,0
3820,1,1,-9.545,-5.572,-0.89,-0.52,-0.89,-0.52,INF,-1,1,7,0
3840,1,1,-7.631,-10.002,-0.71,-0.93,-0.71,-0.93,INF,-1,1,7,0
3860,1,1,-8.264,-8.813,-0.77,-0.82,-0.77,-0.82,INF,-1,1,7,0
3880,1,1,-10.850,-8.292,-1.01,-0.77,-1.01,-0.78,INF,-1,1,7,0
3900,1,1,-11.121,-9.427,-1.04,-0.88,-1.04,-0.88,INF,-1,1,7,0
3920,1,1,-11.450,-10.619,-1.07,-0.99,-1.07,-0.99,INF,-1,1,7,0
3940,1,1,-12.845,-8.647,-1.20,-0.81,-1.20,-0.81,INF,-1,1,7,0
3960,1,1,-11.698,-8.603,-1.09,-0.80,-1.09,-0.80,INF,-1,1,7,0
3980,1,1,-11.352,-9.680,-1.06,-0.90,-1.06,-0.90,INF,-1,1,7,0
4000,1,1,-11.315,-9.509,-1.06,-0.89,-1.06,-0.89,INF,-1,1,7,0
4020,1,1,-12.807,-11.184,-1.20,-1.04,-1.20,-1.05,INF,-1,1,7,0
4040,1,1,-11.454,-10.143,-1.07,-0.95,-1.07,-0.95,INF,-1,1,7,0
4060,1,1,-13.604,-9.808,-1.27,-0.92,-1.27,-0.92,INF,-1,1,7,0
4080,1,1,-13.706,-7.895,-1.28,-0.74,-1.28,-0.74,INF,-1,1,7,0
4100,1,1,-11.344,-10.555,-1.06,-0.99,-1.06,-0.99,INF,-1,1,7,0
4120,1,1,-12.532,-9.668,-1.17,-0.90,-1.17,-0.90,INF,-1,1,7,0
4140,1,1,-13.772,-7.976,-1.29,-0.75,-1.29,-0.75,INF,-1,1,7,0
4160,1,1,-12.913,-1.894,-1.21,-0.18,-1.21,-0.18,INF,-1,1,7,0
4180,1,1,-14.811,-1.345,-1.38,-0.13,-1.38,-0.13,INF,-1,1,7,0
4200,1,1,-14.083,-2.848,-1.32,-0.27,-1.32,-0.27,INF,-1,0,7,0
4220,1,1,-12.622,-3.899,-1.18,-0.36,-1.18,-0.36,INF,-1,0,7,0
4240,1,1,-12.849,-1.029,-1.20,-0.10,-1.20,-0.10,INF,-1,0,7,0
4260,1,1,-10.475,-3.896,-0.98,-0.36,-0.98,-0.36,INF,-1,0,7,0
4280,1,1,-11.087,-1.901,-1.04,-0.18,-1.04,-0.18,INF,-1,0,7,0
4300,1,1,-12.868,-3.574,-1.20,-0.33,-1.20,-0.33,INF,-1,0,7,0
4320,1,1,-10.148,-4.307,-0.95,-0.40,-0.95,-0.40,INF,-1,0,7,0
4340,1,1,-12.364,-1.330,-1.16,-0.12,-1.16,-0.12,INF,-1,0,7,0
4360,1,1,-12.920,-3.113,-1.21,-0.29,-1.21,-0.29,INF,-1,0,7,0
4380,1,1,-11.127,-2.589,-1.04,-0.24,-1.04,-0.24,INF,-1,0,7,0
4400,1,1,-6.502,-3.736,-0.61,-0.35,-0.61,-0.35,INF,-1,0,7,0
4420,1,1,-9.834,-3.305,-0.92,-0.31,-0.92,-0.31,INF,-1,0,7,0
4440,1,1,-8.487,-3.138,-0.79,-0.29,-0.79,-0.29,INF,-1,1,7,0
4460,1,1,-7.869,-2.045,-0.74,-0.19,-0.74,-0.19,INF,-1,1,7,0
4480,1,1,-13.451,-2.551,-1.26,-0.24,-1.26,-0.24,INF,-1,1,7,0
4500,1,1,-9.571,-3.493,-0.89,-0.33,-0.89,-0.33,INF,-1,1,7,0
4520,1,1,-11.311,-4.789,-1.06,-0.45,-1.06,-0.45,INF,-1,1,7,0
4540,1,1,-9.286,-8.278,-0.87,-0.77,-0.87,-0.77,INF,-1,1,7,0
4560,1,1,-12.516,-4.383,-1.17,-0.41,-1.17,-0.41,INF,-1,1,7,0
4580,1,1,-12.392,-3.736,-1.16,-0.35,-1.16,-0.35,INF,-1,1,7,0
4600,1,1,-10.557,-5.302,-0.99,-0.50,-0.99,-0.50,INF,-1,1,7,0
4620,1,1,-11.747,-5.877,-1.10,-0.55,-1.10,-0.55,INF,-1,1,7,0
4640,1,1,-12.083,-3.878,-1.13,-0.36,-1.13,-0.36,INF,-1,1,7,0
4660,1,1,-12.021,-6.617,-1.12,-0.62,-1.12,-0.62,INF,-1,1,7,0
4680,1,1,-8.196,-6.635,-0.77,-0.62,-0.77,-0.62,INF,-1,1,7,0
4700,1,1,-10.537,-4.785,-0.98,-0.45,-0.98,-0.45,INF,-1,1,7,0
4720,1,1,-13.012,-5.248,-1.22,-0.49,-1.22,-0.49,INF,-1,1,7,0
4740,1,1,-12.747,-6.210,-1.19,-0.58,-1.19,-0.58,INF,-1,1,7,0
4760,1,1,-10.570,-4.889,-0.99,-0.46,-0.99,-0.46,INF,-1,1,7,0
4780,1,1,-9.629,-3.555,-0.90,-0.33,-0.90,-0.33,INF,-1,1,7,0
4800,1,1,-13.918,-5.676,-1.30,-0.53,-1.30,-0.53,INF,-1,1,7,0
4820,1,1,-13.133,-2.985,-1.23,-0.28,-1.23,-0.28,INF,-1,1,7,0
4840,1,1,-13.726,-4.060,-1.28,-0.38,-1.28,-0.38,INF,-1,1,7,0
4860,1,1,-10.542,-6.189,-0.99,-0.58,-0.99,-0.58,INF,-1,1,7,0
4880,1,1,-14.012,-4.533,-1.31,-0.42,-1.31,-0.42,INF,-1,1,7,0
4900,1,1,-10.423,-4.632,-0.97,-0.43,-0.97,-0.43,INF,-1,1,7,0
4920,1,1,-11.335,-4.264,-1.06,-0.40,-1.06,-0.40,INF,-1,1,7,0
4940,1,1,-11.579,-6.008,-1.08,-0.56,-1.08,-0.56,INF,-1,1,7,0
4960,1,1,-5.875,-8.203,-0.55,-0.77,-0.55,-0.77,INF,-1,1,7,0
4980,1,1,-9.830,-5.127,-0.92,-0.48,-0.92,-0.48,INF,-1,1,7,0
5000,1,1,-10.723,-5.782,-1.00,-0.54,-1.00,-0.54,INF,-1,1,7,0
5020,1,1,-11.630,-4.661,-1.09,-0.44,-1.09,-0.44,INF,-1,1,7,0
5040,1,1,-1.345,-15.681,-0.13,-1.47,-0.13,-1.47,INF,-1,1,7,0
5060,1,1,0.733,-17.020,0.07,-1.59,0.07,-1.59,INF,-1,1,7,0
5080,1,1,-3.906,-15.415,-0.37,-1.44,-0.36,-1.44,INF,-1,0,7,0
5100,1,1,-5.057,-15.043,-0.47,-1.41,-0.47,-1.41,INF,-1,0,7,0
5120,1,1,-0.790,-16.858,-0.07,-1.58,-0.07,-1.58,INF,-1,0,7,0
5140,1,1,-1.036,-15.639,-0.10,-1.46,-0.10,-1.46,INF,-1,0,7,0
5160,1,1,3.817,-16.369,0.36,-1.53,0.36,-1.53,INF,-1,0,7,0
5180,1,1,1.822,-17.411,0.17,-1.63,0.17,-1.63,INF,-1,0,7,0
5200,1,1,-1.815,-14.287,-0.17,-1.34,-0.17,-1.34,INF,-1,0,7,0
5220,1,1,2.809,-13.836,0.26,-1.29,0.26,-1.29,INF,-1,0,7,0
5240,1,1,-6.590,-13.024,-0.62,-1.22,-0.62,-1.22,INF,-1,0,7,0
5260,1,1,-6.741,-14.677,-0.63,-1.37,-0.63,-1.37,INF,-1,0,7,0
5280,1,1,-4.789,-14.667,-0.45,-1.37,-0.45,-1.37,INF,-1,0,7,0
5300,1,1,-5.904,-16.058,-0.55,-1.50,-0.55,-1.50,INF,-1,0,7,0
5320,1,1,-1.493,-12.559,-0.14,-1.17,-0.14,-1.17,INF,-1,1,7,0
5340,1,1,19.693,2.825,1.84,0.26,1.84,0.26,INF,-1,1,7,0
5360,1,1,27.057,4.426,2.53,0.41,2.53,0.41,INF,-1,1,7,0
5380,1,1,25.413,6.250,2.37,0.58,2.37,0.58,INF,-1,0,7,0
5400,1,1,27.955,6.513,2.61,0.61,2.61,0.61,INF,-1,0,7,0
5420,1,1,26.599,8.263,2.48,0.77,2.48,0.77,INF,-1,0,7,0
5440,1,1,25.454,6.116,2.38,0.57,2.38,0.57,INF,-1,0,7,0
5460,1,1,26.795,4.862,2.50,0.45,2.50,0.45,INF,-1,0,7,0
5480,1,1,26.592,6.934,2.48,0.65,2.48,0.65,INF,-1,0,7,0
5500,1,1,27.130,7.010,2.53,0.65,2.53,0.66,INF,-1,0,7,0
5520,1,1,26.037,6.799,2.43,0.63,2.43,0.64,INF,-1,0,7,0
5540,1,1,24.697,7.689,2.31,0.72,2.31,0.72,INF,-1,0,7,0
5560,1,1,23.995,7.792,2.24,0.73,2.24,0.73,INF,-1,0,7,0
5580,1,1,28.277,6.025,2.64,0.56,2.64,0.56,INF,-1,0,7,0
5600,1,1,23.982,7.412,2.24,0.69,2.24,0.69,INF,-1,0,7,0
5620,1,1,26.082,6.275,2.44,0.59,2.44,0.59,INF,-1,1,7,0
5640,1,1,26.560,7.316,2.48,0.68,2.48,0.68,INF,-1,1,7,0
5660,1,1,24.217,6.874,2.26,0.64,2.26,0.64,INF,-1,1,7,0
5680,1,1,27.239,6.220,2.54,0.58,2.54,0.58,INF,-1,1,7,0
5700,1,1,29.283,5.098,2.73,0.48,2.73,0.48,INF,-1,1,7,0
5720,1,1,27.237,7.033,2.54,0.66,2.54,0.66,INF,-1,1,7,0
5740,1,1,29.687,5.701,2.77,0.53,2.77,0.53,INF,-1,1,7,0
5760,1,1,26.600,5.685,2.48,0.53,2.48,0.53,INF,-1,1,7,0
5780,1,1,25.780,4.392,2.41,0.41,2.41,0.41,INF,-1,1,7,0
5800,1,1,25.938,5.644,2.42,0.53,2.42,0.53,INF,-1,1,7,0
5820,1,1,29.712,4.633,2.77,0.43,2.77,0.43,INF,-1,1,7,0
5840,1,1,28.634,6.586,2.67,0.61,2.67,0.62,INF,-1,1,7,0
5860,1,1,27.172,6.196,2.54,0.58,2.54,0.58,INF,-1,1,7,0
5880,1,1,26.117,4.806,2.44,0.45,2.44,0.45,INF,-1,1,7,0
5900,1,1,3.669,5.637,0.34,0.53,0.34,0.53,INF,-1,1,7,0
5920,1,1,3.885,5.285,0.36,0.49,0.36,0.49,INF,-1,1,7,0
5940,1,1,6.584,6.013,0.62,0.56,0.62,0.56,INF,-1,0,7,0
5960,1,1,4.593,5.076,0.43,0.47,0.43,0.47,INF,-1,0,7,0
5980,1,1,5.474,3.788,0.51,0.35,0.51,0.35,INF,-1,0,7,0
6000,1,1,7.333,3.429,0.69,0.32,0.69,0.32,INF,-1,0,7,0
6020,1,1,4.729,4.766,0.44,0.45,0.44,0.45,INF,-1,0,7,0
6040,1,1,4.770,4.274,0.45,0.40,0.45,0.40,INF,-1,0,7,0
6060,1,1,2.179,2.351,0.20,0.22,0.20,0.22,INF,-1,0,7,0
6080,1,1,2.211,2.746,0.21,0.26,0.21,0.26,INF,-1,0,7,0
6100,1,1,6.581,2.537,0.62,0.24,0.62,0.24,INF,-1,0,7,0
6120,1,1,2.295,1.529,0.21,0.14,0.21,0.14,INF,-1,0,7,0
6140,1,1,3.825,2.535,0.36,0.24,0.36,0.24,INF,-1,0,7,0
6160,1,1,2.787,5.027,0.26,0.47,0.26,0.47,INF,-1,0,7,0
6180,1,1,4.526,1.210,0.42,0.11,0.42,0.11,INF,-1,1,7,0
6200,1,1,3.733,1.733,0.35,0.16,0.35,0.16,INF,-1,1,7,0
6220,1,1,3.338,2.958,0.31,0.28,0.31,0.28,INF,-1,1,7,0
6240,1,1,1.856,2.281,0.17,0.21,0.17,0.21,INF,-1,1,7,0
6260,1,1,1.063,-7.900,0.10,-0.74,0.10,-0.74,INF,-1,1,7,0
6280,1,1,0.737,-18.551,0.07,-1.73,0.07,-1.73,INF,-1,1,7,0
6300,1,1,-1.855,-18.101,-0.17,-1.69,-0.17,-1.69,INF,-1,0,7,0
6320,1,1,-2.743,-18.372,-0.26,-1.72,-0.26,-1.72,INF,-1,0,7,0
6340,1,1,-0.252,-17.651,-0.02,-1.65,-0.02,-1.65,INF,-1,0,7,0
6360,1,1,-3.989,-17.564,-0.37,-1.64,-0.37,-1.64,INF,-1,0,7,0
6380,1,1,-4.028,-18.754,-0.38,-1.75,-0.38,-1.75,INF,-1,0,7,0
6400,1,1,-2.659,-18.608,-0.25,-1.74,-0.25,-1.74,INF,-1,0,7,0
6420,1,1,0.975,-18.252,0.09,-1.71,0.09,-1.71,INF,-1,0,7,0
6440,1,1,-1.972,-18.512,-0.18,-1.73,-0.18,-1.73,INF,-1,0,7,0
6460,1,1,-3.271,-18.720,-0.31,-1.75,-0.31,-1.75,INF,-1,0,7,0
6480,1,1,-5.010,-18.770,-0.47,-1.75,-0.47,-1.75,INF,-1,0,7,0
6500,1,1,-3.549,-16.693,-0.33,-1.56,-0.33,-1.56,INF,-1,0,7,0
6520,1,1,-4.195,-16.544,-0.39,-1.55,-0.39,-1.55,INF,-1,0,7,0
6540,1,1,-3.030,-17.661,-0.28,-1.65,-0.28,-1.65,INF,-1,0,7,0
6560,1,1,-4.368,-19.025,-0.41,-1.78,-0.41,-1.78,INF,-1,1,7,0
6580,1,1,-1.773,-17.025,-0.17,-1.59,-0.17,-1.59,INF,-1,1,7,0
6600,1,1,-2.770,-18.789,-0.26,-1.76,-0.26,-1.76,INF,-1,1,7,0
6620,1,1,-1.877,-19.182,-0.18,-1.79,-0.18,-1.79,INF,-1,1,7,0
6640,1,1,-4.279,-18.072,-0.40,-1.69,-0.40,-1.69,INF,-1,1,7,0
6660,1,1,-3.544,-18.892,-0.33,-1.77,-0.33,-1.77,INF,-1,1,7,0
6680,1,1,-3.788,-20.044,-0.35,-1.87,-0.35,-1.87,INF,-1,1,7,0
6700,1,1,-2.618,-17.226,-0.24,-1.61,-0.24,-1.61,INF,-1,1,7,0
6720,1,1,-5.361,-16.925,-0.50,-1.58,-0.50,-1.58,INF,-1,1,7,0
6740,1,1,-4.041,-19.325,-0.38,-1.81,-0.38,-1.81,INF,-1,1,7,0
6760,1,1,-2.931,-19.902,-0.27,-1.86,-0.27,-1.86,INF,-1,1,7,0
6780,1,1,-7.664,-18.141,-0.72,-1.70,-0.72,-1.70,INF,-1,1,7,0
6800,1,1,-5.463,-19.395,-0.51,-1.81,-0.51,-1.81,INF,-1,1,7,0
6820,1,1,-6.741,-18.525,-0.63,-1.73,-0.63,-1.73,INF,-1,1,7,0
6840,1,1,-8.081,-19.565,-0.76,-1.83,-0.75,-1.83,INF,-1,1,7,0
6860,1,1,-3.456,-20.056,-0.32,-1.87,-0.32,-1.87,INF,-1,1,7,0
6880,1,1,-7.417,-18.661,-0.69,-1.74,-0.69,-1.74,INF,-1,1,7,0
6900,1,1,-5.766,-20.810,-0.54,-1.94,-0.54,-1.94,INF,-1,1,7,0
6920,1,1,-2.880,-22.709,-0.27,-2.12,-0.27,-2.12,INF,-1,1,7,0
6940,1,1,-7.759,-18.651,-0.73,-1.74,-0.72,-1.74,INF,-1,1,7,0
6960,1,1,-4.198,-20.937,-0.39,-1.96,-0.39,-1.96,INF,-1,1,7,0
6980,1,1,-3.660,-19.110,-0.34,-1.79,-0.34,-1.79,INF,-1,1,7,0
7000,1,1,-0.765,-21.716,-0.07,-2.03,-0.07,-2.03,INF,-1,1,7,0
7020,1,1,-4.930,-20.859,-0.46,-1.95,-0.46,-1.95,INF,-1,1,7,0
7040,1,1,-1.396,-21.994,-0.13,-2.05,-0.13,-2.05,INF,-1,1,7,0
7060,1,1,7.937,-5.202,0.74,-0.49,0.74,-0.49,INF,-1,1,7,0
7080,1,1,15.240,3.158,1.42,0.30,1.42,0.30,INF,-1,1,7,0
7100,1,1,11.765,2.941,1.10,0.27,1.10,0.27,INF,-1,0,7,0
7120,1,1,11.647,5.329,1.09,0.50,1.09,0.50,INF,-1,0,7,0
7140,1,1,16.598,4.465,1.55,0.42,1.55,0.42,INF,-1,0,7,0
7160,1,1,13.345,3.439,1.25,0.32,1.25,0.32,INF,-1,0,7,0
7180,1,1,12.721,3.106,1.19,0.29,1.19,0.29,INF,-1,0,7,0
7200,1,1,11.693,6.769,1.09,0.63,1.09,0.63,INF,-1,0,7,0
7220,1,1,11.194,5.883,1.05,0.55,1.05,0.55,INF,-1,0,7,0
7240,1,1,15.529,5.180,1.45,0.48,1.45,0.48,INF,-1,0,7,0
7260,1,1,11.775,5.106,1.10,0.48,1.10,0.48,INF,-1,0,7,0
7280,1,1,16.450,4.648,1.54,0.43,1.54,0.43,INF,-1,0,7,0
7300,1,1,11.309,5.307,1.06,0.50,1.06,0.50,INF,-1,0,7,0
7320,1,1,10.981,3.552,1.03,0.33,1.03,0.33,INF,-1,0,7,0
7340,1,1,20.384,3.103,1.90,0.29,1.90,0.29,INF,-1,0,7,0
7360,1,1,12.695,4.196,1.19,0.39,1.19,0.39,INF,-1,1,7,0
7380,1,1,11.846,4.259,1.11,0.40,1.11,0.40,INF,-1,1,7,0
7400,1,1,11.336,3.876,1.06,0.36,1.06,0.36,INF,-1,1,7,0
7420,1,1,-8.511,2.195,-0.80,0.21,-0.80,0.21,INF,-1,1,7,0
7440,1,1,-6.018,1.044,-0.56,0.10,-0.56,0.10,INF,-1,1,7,0
7460,1,1,-10.476,1.149,-0.98,0.11,-0.98,0.11,INF,-1,0,7,0
7480,1,1,-10.614,0.740,-0.99,0.07,-0.99,0.07,INF,-1,0,7,0
7500,1,1,-12.200,-1.711,-1.14,-0.16,-1.14,-0.16,INF,-1,0,7,0
7520,1,1,-12.792,-0.179,-1.20,-0.02,-1.20,-0.02,INF,-1,0,7,0
7540,1,1,-15.338,2.164,-1.43,0.20,-1.43,0.20,INF,-1,0,7,0
7560,1,1,-11.274,1.192,-1.05,0.11,-1.05,0.11,INF,-1,0,7,0
7580,1,1,-10.162,1.889,-0.95,0.18,-0.95,0.18,INF,-1,0,7,0
7600,1,1,-7.900,0.267,-0.74,0.02,-0.74,0.02,INF,-1,0,7,0
7620,1,1,-12.616,-0.150,-1.18,-0.01,-1.18,-0.01,INF,-1,0,7,0
7640,1,1,-12.240,0.003,-1.14,0.00,-1.14,0.00,INF,-1,0,7,0
7660,1,1,-13.410,0.265,-1.25,0.02,-1.25,0.02,INF,-1,0,7,0
7680,1,1,-12.963,0.581,-1.21,0.05,-1.21,0.05,INF,-1,0,7,0
7700,1,1,-10.493,2.082,-0.98,0.19,-0.98,0.19,INF,-1,1,7,0
7720,1,1,-10.784,1.062,-1.01,0.10,-1.01,0.10,INF,-1,1,7,0
7740,1,1,-8.719,-0.133,-0.81,-0.01,-0.81,-0.01,INF,-1,1,7,0
7760,1,1,-9.200,-0.274,-0.86,-0.03,-0.86,-0.03,INF,-1,1,7,0
7780,1,1,-11.316,1.562,-1.06,0.15,-1.06,0.15,INF,-1,1,7,0
7800,1,1,-12.020,1.299,-1.12,0.12,-1.12,0.12,INF,-1,1,7,0
7820,1,1,-9.284,-0.622,-0.87,-0.06,-0.87,-0.06,INF,-1,1,7,0
7840,1,1,-10.865,0.715,-1.02,0.07,-1.02,0.07,INF,-1,1,7,0
7860,1,1,-13.612,1.650,-1.27,0.15,-1.27,0.15,INF,-1,1,7,0
7880,1,1,-12.080,1.270,-1.13,0.12,-1.13,0.12,INF,-1,1,7,0
7900,1,1,-12.659,0.137,-1.18,0.01,-1.18,0.01,INF,-1,1,7,0
7920,1,1,-11.403,1.142,-1.07,0.11,-1.07,0.11,INF,-1,1,7,0
7940,1,1,-8.900,-0.427,-0.83,-0.04,-0.83,-0.04,INF,-1,1,7,0
7960,1,1,-10.302,0.848,-0.96,0.08,-0.96,0.08,INF,-1,1,7,0
7980,1,1,-8.580,-0.208,-0.80,-0.02,-0.80,-0.02,INF,-1,1,7,0
8000,1,1,-9.637,-2.272,-0.90,-0.21,-0.90,-0.21,INF,-1,1,7,0
8020,1,1,-11.560,-0.926,-1.08,-0.09,-1.08,-0.09,INF,-1,1,7,0
8040,1,1,-9.792,0.215,-0.92,0.02,-0.92,0.02,INF,-1,1,7,0
8060,1,1,-9.229,1.811,-0.86,0.17,-0.86,0.17,INF,-1,1,7,0
8080,1,1,-9.832,-0.258,-0.92,-0.02,-0.92,-0.02,INF,-1,1,7,0
8100,1,1,-8.803,1.222,-0.82,0.11,-0.82,0.11,INF,-1,1,7,0
8120,1,1,-10.013,-1.849,-0.94,-0.17,-0.94,-0.17,INF,-1,1,7,0
8140,1,1,-9.684,-2.192,-0.91,-0.20,-0.91,-0.20,INF,-1,1,7,0
8160,1,1,-9.289,-2.263,-0.87,-0.21,-0.87,-0.21,INF,-1,1,7,0
8180,1,1,-10.240,-1.615,-0.96,-0.15,-0.96,-0.15,INF,-1,1,7,0
8200,1,1,-10.686,-2.455,-1.00,-0.23,-1.00,-0.23,INF,-1,1,7,0
8220,1,1,-7.880,-0.946,-0.74,-0.09,-0.74,-0.09,INF,-1,1,7,0
8240,1,1,-8.055,-1.657,-0.75,-0.15,-0.75,-0.15,INF,-1,1,7,0
8260,1,1,-9.813,-2.742,-0.92,-0.26,-0.92,-0.26,INF,-1,1,7,0
8280,1,1,-9.512,-0.664,-0.89,-0.06,-0.89,-0.06,INF,-1,1,7,0
8300,1,1,-9.225,-3.641,-0.86,-0.34,-0.86,-0.34,INF,-1,1,7,0
8320,1,1,-7.150,-1.980,-0.67,-0.19,-0.67,-0.19,INF,-1,1,7,0
8340,1,1,-7.975,-3.436,-0.75,-0.32,-0.75,-0.32,INF,-1,1,7,0
8360,1,1,-10.289,-1.244,-0.96,-0.12,-0.96,-0.12,INF,-1,1,7,0
8380,1,1,-8.165,-3.875,-0.76,-0.36,-0.76,-0.36,INF,-1,1,7,0
8400,1,1,-9.175,-3.004,-0.86,-0.28,-0.86,-0.28,INF,-1,1,7,0
8420,1,1,-8.262,-13.184,-0.77,-1.23,-0.77,-1.23,INF,-1,1,7,0
8440,1,1,-6.705,-2.712,-0.63,-0.25,-0.63,-0.25,INF,-1,1,7,0
8460,1,1,-6.140,-4.082,-0.57,-0.38,-0.57,-0.38,INF,-1,1,7,0
8480,1,1,-8.773,-5.220,-0.82,-0.49,-0.82,-0.49,INF,-1,1,7,0
8500,1,1,-11.293,-4.732,-1.06,-0.44,-1.06,-0.44,INF,-1,1,7,0
8520,1,1,-9.508,-5.252,-0.89,-0.49,-0.89,-0.49,INF,-1,1,7,0
8540,1,1,-9.069,-7.792,-0.85,-0.73,-0.85,-0.73,INF,-1,1,7,0
8560,1,1,-8.019,-6.424,-0.75,-0.60,-0.75,-0.60,INF,-1,1,7,0
8580,1,1,-10.429,-5.385,-0.97,-0.50,-0.97,-0.50,INF,-1,1,7,0
8600,1,1,-7.269,-5.262,-0.68,-0.49,-0.68,-0.49,INF,-1,1,7,0
8620,1,1,-9.777,-3.817,-0.91,-0.36,-0.91,-0.36,INF,-1,1,7,0
8640,1,1,-12.984,-2.773,-1.21,-0.26,-1.21,-0.26,INF,-1,1,7,0
8660,1,1,-9.333,-5.112,-0.87,-0.48,-0.87,-0.48,INF,-1,1,7,0
8680,1,1,-8.915,-5.478,-0.83,-0.51,-0.83,-0.51,INF,-1,1,7,0
8700,1,1,-9.084,-3.549,-0.85,-0.33,-0.85,-0.33,INF,-1,1,7,0
8720,1,1,-9.675,-6.748,-0.90,-0.63,-0.90,-0.63,INF,-1,1,7,0
8740,1,1,-9.875,-4.304,-0.92,-0.40,-0.92,-0.40,INF,-1,1,7,0
8760,1,1,-10.002,-5.749,-0.93,-0.54,-0.93,-0.54,INF,-1,1,7,0
8780,1,1,-6.938,-7.304,-0.65,-0.68,-0.65,-0.68,INF,-1,1,7,0
8800,1,1,-8.955,-5.811,-0.84,-0.54,-0.84,-0.54,INF,-1,1,7,0
8820,1,1,-9.014,-5.527,-0.84,-0.52,-0.84,-0.52,INF,-1,1,7,0
8840,1,1,-4.197,-6.434,-0.39,-0.60,-0.39,-0.60,INF,-1,1,7,0
8860,1,1,-4.457,-8.434,-0.42,-0.79,-0.42,-0.79,INF,-1,1,7,0
8880,1,1,-6.208,-5.060,-0.58,-0.47,-0.58,-0.47,INF,-1,1,7,0
8900,1,1,-10.320,-5.879,-0.96,-0.55,-0.96,-0.55,INF,-1,1,7,0
8920,1,1,-8.401,-7.273,-0.79,-0.68,-0.79,-0.68,INF,-1,1,7,0
8940,1,1,-7.232,-6.488,-0.68,-0.61,-0.68,-0.61,INF,-1,1,7,0
8960,1,1,-9.846,-6.368,-0.92,-0.60,-0.92,-0.60,INF,-1,1,7,0
8980,1,1,-8.271,-4.732,-0.77,-0.44,-0.77,-0.44,INF,-1,1,7,0
9000,1,1,-8.770,-5.706,-0.82,-0.53,-0.82,-0.53,INF,-1,1,7,0
9020,1,1,-7.700,-6.393,-0.72,-0.60,-0.72,-0.60,INF,-1,1,7,0
9040,1,1,-12.035,-7.730,-1.12,-0.72,-1.12,-0.72,INF,-1,1,7,0
9060,1,1,-4.847,-7.940,-0.45,-0.74,-0.45,-0.74,INF,-1,1,7,0
9080,1,1,-10.629,-6.793,-0.99,-0.63,-0.99,-0.63,INF,-1,1,7,0
9100,1,1,-7.077,-7.600,-0.66,-0.71,-0.66,-0.71,INF,-1,1,7,0
9120,1,1,-8.823,-8.428,-0.82,-0.79,-0.82,-0.79,INF,-1,1,7,0
9140,1,1,-9.454,-6.770,-0.88,-0.63,-0.88,-0.63,INF,-1,1,7,0
9160,1,1,-9.442,-7.517,-0.88,-0.70,-0.88,-0.70,INF,-1,1,7,0
9180,1,1,-9.468,-6.113,-0.88,-0.57,-0.88,-0.57,INF,-1,1,7,0
9200,1,1,-7.544,-7.130,-0.71,-0.67,-0.71,-0.67,INF,-1,1,7,0
9220,1,1,-9.451,-4.914,-0.88,-0.46,-0.88,-0.46,INF,-1,1,7,0
9240,1,1,-9.193,-6.096,-0.86,-0.57,-0.86,-0.57,INF,-1,1,7,0
9260,1,1,-11.624,-4.805,-1.09,-0.45,-1.09,-0.45,INF,-1,1,7,0
9280,1,1,-8.848,-5.499,-0.83,-0.51,-0.83,-0.51,INF,-1,1,7,0
9300,1,1,-11.337,-6.099,-1.06,-0.57,-1.06,-0.57,INF,-1,1,7,0
9320,1,1,-5.090,-8.244,-0.48,-0.77,-0.48,-0.77,INF,-1,1,7,0
9340,1,1,-15.112,-8.268,-1.41,-0.77,-1.41,-0.77,INF,-1,1,7,0
9360,1,1,-16.150,-10.907,-1.51,-1.02,-1.51,-1.02,INF,-1,1,7,0
9380,1,1,-18.231,-7.934,-1.70,-0.74,-1.70,-0.74,INF,-1,1,7,0
9400,1,1,-17.989,-7.853,-1.68,-0.73,-1.68,-0.73,INF,-1,0,7,0
9420,1,1,-18.150,-10.833,-1.70,-1.01,-1.70,-1.01,INF,-1,0,7,0
9440,1,1,-21.949,-7.806,-2.05,-0.73,-2.05,-0.73,INF,-1,0,7,0
9460,1,1,-17.500,-9.694,-1.64,-0.91,-1.64,-0.91,INF,-1,0,7,0
9480,1,1,-21.258,-9.191,-1.99,-0.86,-1.99,-0.86,INF,-1,0,7,0
9500,1,1,-13.820,-10.906,-1.29,-1.02,-1.29,-1.02,INF,-1,0,7,0
9520,1,1,-17.934,-9.132,-1.68,-0.85,-1.68,-0.85,INF,-1,0,7,0
9540,1,1,-16.125,-10.838,-1.51,-1.01,-1.51,-1.01,INF,-1,0,7,0
9560,1,1,-16.867,-9.292,-1.58,-0.87,-1.58,-0.87,INF,-1,0,7,0
9580,1,1,-19.331,-10.136,-1.81,-0.95,-1.81,-0.95,INF,-1,0,7,0
9600,1,1,-19.115,-8.978,-1.79,-0.84,-1.79,-0.84,INF,-1,0,7,0
9620,1,1,-18.273,-8.816,-1.71,-0.82,-1.71,-0.82,INF,-1,0,7,0
9640,1,1,-17.276,-9.642,-1.61,-0.90,-1.61,-0.90,INF,-1,1,7,0
9660,1,1,-18.801,-9.566,-1.76,-0.89,-1.76,-0.89,INF,-1,1,7,0
9680,1,1,-18.534,-9.305,-1.73,-0.87,-1.73,-0.87,INF,-1,1,7,0
9700,1,1,-16.179,-8.351,-1.51,-0.78,-1.51,-0.78,INF,-1,1,7,0
9720,1,1,-19.657,-9.186,-1.84,-0.86,-1.84,-0.86,INF,-1,1,7,0
9740,1,1,-17.496,-10.064,-1.63,-0.94,-1.63,-0.94,INF,-1,1,7,0
9760,1,1,-18.247,-10.732,-1.70,-1.00,-1.70,-1.00,INF,-1,1,7,0
9780,1,1,-19.794,-7.327,-1.85,-0.68,-1.85,-0.68,INF,-1,1,7,0
9800,1,1,-15.538,-12.234,-1.45,-1.14,-1.45,-1.14,INF,-1,1,7,0
9820,1,1,-15.930,-8.819,-1.49,-0.82,-1.49,-0.82,INF,-1,1,7,0
9840,1,1,-19.180,-9.339,-1.79,-0.87,-1.79,-0.87,INF,-1,1,7,0
9860,1,1,-20.042,-10.095,-1.87,-0.94,-1.87,-0.94,INF,-1,1,7,0
9880,1,1,-13.574,-12.193,-1.27,-1.14,-1.27,-1.14,INF,-1,1,7,0
9900,1,1,10.272,-3.530,0.96,-0.33,0.96,-0.33,INF,-1,1,7,0
9920,1,1,24.124,6.081,2.25,0.57,2.25,0.57,INF,-1,1,7,0
9940,1,1,20.356,3.618,1.90,0.34,1.90,0.34,INF,-1,0,7,0
9960,1,1,22.814,4.229,2.13,0.40,2.13,0.40,INF,-1,0,7,0
9980,1,1,21.963,3.964,2.05,0.37,2.05,0.37,INF,-1,0,7,0
10000,1,1,22.401,4.352,2.09,0.41,2.09,0.41,INF,-1,0,7,0
10020,1,1,23.612,3.925,2.21,0.37,2.21,0.37,INF,-1,0,7,0
10040,1,1,21.276,4.766,1.99,0.45,1.99,0.45,INF,-1,0,7,0
10060,1,1,21.527,6.542,2.01,0.61,2.01,0.61,INF,-1,0,7,0
10080,1,1,19.909,4.220,1.86,0.39,1.86,0.39,INF,-1,0,7,0
10100,1,1,19.879,5.114,1.86,0.48,1.86,0.48,INF,-1,0,7,0
10120,1,1,20.827,5.377,1.95,0.50,1.95,0.50,INF,-1,0,7,0
10140,1,1,21.506,5.656,2.01,0.53,2.01,0.53,INF,-1,0,7,0
10160,1,1,20.638,3.458,1.93,0.32,1.93,0.32,INF,-1,0,7,0
10180,1,1,20.654,6.211,1.93,0.58,1.93,0.58,INF,-1,0,7,0
10200,1,1,22.501,4.176,2.10,0.39,2.10,0.39,INF,-1,1,7,0
10220,1,1,20.314,5.516,1.90,0.52,1.90,0.52,INF,-1,1,7,0
10240,1,1,21.489,4.199,2.01,0.39,2.01,0.39,INF,-1,1,7,0
10260,1,1,21.511,2.918,2.01,0.27,2.01,0.27,INF,-1,1,7,0
10280,1,1,18.439,6.212,1.72,0.58,1.72,0.58,INF,-1,1,7,0
10300,1,1,18.585,2.293,1.74,0.21,1.74,0.21,INF,-1,1,7,0
10320,1,1,19.987,3.947,1.87,0.37,1.87,0.37,INF,-1,1,7,0
10340,1,1,17.920,3.315,1.67,0.31,1.67,0.31,INF,-1,1,7,0
10360,1,1,18.430,4.008,1.72,0.37,1.72,0.37,INF,-1,1,7,0
10380,1,1,20.952,3.807,1.96,0.36,1.96,0.36,INF,-1,1,7,0
10400,1,1,10.363,4.151,0.97,0.39,0.97,0.39,INF,-1,1,7,0
10420,1,1,-5.276,-3.216,-0.49,-0.30,-0.49,-0.30,INF,-1,1,7,0
10440,1,1,-8.881,0.492,-0.83,0.05,-0.83,0.05,INF,-1,0,7,0
10460,1,1,-7.423,-1.790,-0.69,-0.17,-0.69,-0.17,INF,-1,0,7,0
10480,1,1,-6.234,-1.104,-0.58,-0.10,-0.58,-0.10,INF,-1,0,7,0
10500,1,1,-6.120,-2.487,-0.57,-0.23,-0.57,-0.23,INF,-1,0,7,0
10520,1,1,-9.128,-1.001,-0.85,-0.09,-0.85,-0.09,INF,-1,0,7,0
10540,1,1,-8.780,-2.506,-0.82,-0.23,-0.82,-0.23,INF,-1,0,7,0
10560,1,1,-10.052,-1.601,-0.94,-0.15,-0.94,-0.15,INF,-1,0,7,0
10580,1,1,-10.287,-2.271,-0.96,-0.21,-0.96,-0.21,INF,-1,0,7,0
10600,1,1,-11.490,0.463,-1.07,0.04,-1.07,0.04,INF,-1,0,7,0
10620,1,1,-8.681,-3.649,-0.81,-0.34,-0.81,-0.34,INF,-1,0,7,0
10640,1,1,-8.256,-3.566,-0.77,-0.33,-0.77,-0.33,INF,-1,0,7,0
10660,1,1,-9.971,-1.406,-0.93,-0.13,-0.93,-0.13,INF,-1,0,7,0
10680,1,1,-4.304,-1.795,-0.40,-0.17,-0.40,-0.17,INF,-1,0,7,0
10700,1,1,-6.005,-2.572,-0.56,-0.24,-0.56,-0.24,INF,-1,1,7,0
10720,1,1,-5.587,-5.301,-0.52,-0.50,-0.52,-0.50,INF,-1,1,7,0
10740,1,1,-7.358,-1.882,-0.69,-0.18,-0.69,-0.18,INF,-1,1,7,0
10760,1,1,-6.495,-4.332,-0.61,-0.40,-0.61,-0.40,INF,-1,1,7,0
10780,1,1,-5.984,-4.154,-0.56,-0.39,-0.56,-0.39,INF,-1,1,7,0
10800,1,1,-8.321,-2.761,-0.78,-0.26,-0.78,-0.26,INF,-1,1,7,0
10820,1,1,-6.229,-4.064,-0.58,-0.38,-0.58,-0.38,INF,-1,1,7,0
10840,1,1,-6.333,-4.351,-0.59,-0.41,-0.59,-0.41,INF,-1,1,7,0
10860,1,1,-8.358,-2.814,-0.78,-0.26,-0.78,-0.26,INF,-1,1,7,0
10880,1,1,-7.253,-4.500,-0.68,-0.42,-0.68,-0.42,INF,-1,1,7,0
10900,1,1,-8.045,-4.165,-0.75,-0.39,-0.75,-0.39,INF,-1,1,7,0
10920,1,1,-9.321,-3.000,-0.87,-0.28,-0.87,-0.28,INF,-1,1,7,0
10940,1,1,-6.518,-3.627,-0.61,-0.34,-0.61,-0.34,INF,-1,1,7,0
10960,1,1,-7.919,-2.386,-0.74,-0.22,-0.74,-0.22,INF,-1,1,7,0
10980,1,1,-3.737,-2.876,-0.35,-0.27,-0.35,-0.27,INF,-1,1,7,0
11000,1,1,21.112,5.329,1.97,0.50,1.97,0.50,INF,-1,1,7,0
11020,1,1,36.706,9.939,3.43,0.93,3.43,0.93,INF,-1,1,7,0
11040,1,1,34.392,9.654,3.21,0.90,3.21,0.90,INF,-1,0,7,0
11060,1,1,33.426,10.976,3.12,1.02,3.12,1.03,INF,-1,0,7,0
11080,1,1,33.992,9.193,3.17,0.86,3.17,0.86,INF,-1,0,7,0
11100,1,1,36.593,10.691,3.42,1.00,3.42,1.00,INF,-1,0,7,0
11120,1,1,34.874,7.248,3.26,0.68,3.26,0.68,INF,-1,0,7,0
11140,1,1,37.890,7.504,3.54,0.70,3.54,0.70,INF,-1,0,7,0
11160,1,1,33.412,10.317,3.12,0.96,3.12,0.96,INF,-1,0,7,0
11180,1,1,33.716,9.084,3.15,0.85,3.15,0.85,INF,-1,0,7,0
11200,1,1,34.865,7.675,3.26,0.72,3.26,0.72,INF,-1,0,7,0
11220,1,1,38.522,7.126,3.60,0.66,3.60,0.67,INF,-1,0,7,0
11240,1,1,33.886,11.271,3.16,1.05,3.16,1.05,INF,-1,0,7,0
11260,1,1,33.632,8.070,3.14,0.75,3.14,0.75,INF,-1,0,7,0
11280,1,1,35.777,8.448,3.34,0.79,3.34,0.79,INF,-1,0,7,0
11300,1,1,33.448,9.878,3.12,0.92,3.12,0.92,INF,-1,1,7,0
11320,1,1,36.012,9.285,3.36,0.87,3.36,0.87,INF,-1,1,7,0
11340,1,1,35.252,9.452,3.29,0.88,3.29,0.88,INF,-1,1,7,0
11360,1,1,36.815,7.207,3.44,0.67,3.44,0.67,INF,-1,1,7,0
11380,1,1,34.479,9.896,3.22,0.92,3.22,0.92,INF,-1,1,7,0
11400,1,1,35.642,8.375,3.33,0.78,3.33,0.78,INF,-1,1,7,0
11420,1,1,37.778,7.483,3.53,0.70,3.53,0.70,INF,-1,1,7,0
11440,1,1,33.622,10.492,3.14,0.98,3.14,0.98,INF,-1,1,7,0
11460,1,1,35.582,10.392,3.32,0.97,3.32,0.97,INF,-1,1,7,0
11480,0,1,0.000,0.000,0.00,0.00,0.00,0.00,0.00,-1,1,7,0
11500,1,1,34.860,8.466,3.25,0.79,3.25,0.79,INF,-1,1,7,0
11520,1,1,26.663,9.179,2.49,0.86,2.49,0.86,INF,-1,1,7,0
11540,1,1,16.461,9.763,1.54,0.91,1.54,0.91,INF,-1,1,7,0
11560,1,1,15.180,9.717,1.42,0.91,1.42,0.91,INF,-1,1,7,0
11580,1,1,15.079,8.558,1.41,0.80,1.41,0.80,INF,-1,0,7,0
11600,1,1,17.705,8.507,1.65,0.79,1.65,0.80,INF,-1,0,7,0
11620,1,1,16.028,8.137,1.50,0.76,1.50,0.76,INF,-1,0,7,0
11640,1,1,13.021,10.694,1.22,1.00,1.22,1.00,INF,-1,0,7,0
11660,1,1,15.662,11.067,1.46,1.03,1.46,1.03,INF,-1,0,7,0
11680,1,1,15.644,10.087,1.46,0.94,1.46,0.94,INF,-1,0,7,0
11700,1,1,16.297,8.361,1.52,0.78,1.52,0.78,INF,-1,0,7,0
11720,1,1,15.515,10.312,1.45,0.96,1.45,0.96,INF,-1,0,7,0
11740,1,1,12.611,11.333,1.18,1.06,1.18,1.06,INF,-1,0,7,0
11760,1,1,16.312,7.977,1.52,0.75,1.52,0.75,INF,-1,0,7,0
11780,1,1,8.520,7.672,0.80,0.72,0.80,0.72,INF,-1,0,7,0
11800,1,1,-12.419,-5.790,-1.16,-0.54,-1.16,-0.54,INF,-1,0,7,0
11820,1,1,-17.723,-7.234,-1.66,-0.68,-1.66,-0.68,INF,-1,1,7,0
11840,1,1,-18.627,-7.737,-1.74,-0.72,-1.74,-0.72,INF,-1,0,7,0
11860,1,1,-19.049,-7.102,-1.78,-0.66,-1.78,-0.66,INF,-1,0,7,0
11880,1,1,-18.521,-9.795,-1.73,-0.91,-1.73,-0.92,INF,-1,0,7,0
11900,1,1,-20.396,-8.954,-1.91,-0.84,-1.91,-0.84,INF,-1,0,7,0
11920,1,1,-17.206,-9.069,-1.61,-0.85,-1.61,-0.85,INF,-1,0,7,0
11940,1,1,-18.482,-9.409,-1.73,-0.88,-1.73,-0.88,INF,-1,0,7,0
11960,1,1,-20.214,-8.160,-1.89,-0.76,-1.89,-0.76,INF,-1,0,7,0
11980,1,1,-18.822,-6.573,-1.76,-0.61,-1.76,-0.61,INF,-1,0,7,0
12000,1,1,-16.658,-7.709,-1.56,-0.72,-1.56,-0.72,INF,-1,0,7,0
12020,1,1,-18.323,-7.151,-1.71,-0.67,-1.71,-0.67,INF,-1,0,7,0
12040,1,1,-18.346,-13.052,-1.71,-1.22,-1.71,-1.22,INF,-1,0,7,0
12060,1,1,-17.721,-10.890,-1.66,-1.02,-1.66,-1.02,INF,-1,0,7,0
12080,1,1,-19.912,-10.063,-1.86,-0.94,-1.86,-0.94,INF,-1,1,7,0
12100,1,1,-19.082,-9.422,-1.78,-0.88,-1.78,-0.88,INF,-1,1,7,0
12120,1,1,-15.704,-8.470,-1.47,-0.79,-1.47,-0.79,INF,-1,1,7,0
12140,1,1,-18.423,-8.340,-1.72,-0.78,-1.72,-0.78,INF,-1,1,7,0
12160,1,1,-15.895,-8.574,-1.49,-0.80,-1.49,-0.80,INF,-1,1,7,0
12180,1,1,-9.251,-9.827,-0.86,-0.92,-0.86,-0.92,INF,-1,1,7,0
12200,1,1,-8.311,-8.599,-0.78,-0.80,-0.78,-0.80,INF,-1,1,7,0
12220,1,1,-8.626,-10.377,-0.81,-0.97,-0.81,-0.97,INF,-1,1,7,0
12240,1,1,-9.748,-11.044,-0.91,-1.03,-0.91,-1.03,INF,-1,1,7,0
12260,1,1,-9.049,-8.742,-0.85,-0.82,-0.85,-0.82,INF,-1,1,7,0
12280,1,1,-9.781,-10.134,-0.91,-0.95,-0.91,-0.95,INF,-1,1,7,0
12300,1,1,-11.018,-8.020,-1.03,-0.75,-1.03,-0.75,INF,-1,1,7,0
12320,1,1,-9.518,-9.956,-0.89,-0.93,-0.89,-0.93,INF,-1,1,7,0
12340,1,1,-7.911,-10.835,-0.74,-1.01,-0.74,-1.01,INF,-1,1,7,0
12360,1,1,-7.702,-11.724,-0.72,-1.10,-0.72,-1.10,INF,-1,1,7,0
12380,1,1,-9.840,-9.402,-0.92,-0.88,-0.92,-0.88,INF,-1,1,7,0
12400,1,1,-5.834,-8.998,-0.55,-0.84,-0.55,-0.84,INF,-1,1,7,0
12420,1,1,-7.360,-9.920,-0.69,-0.93,-0.69,-0.93,INF,-1,1,7,0
12440,1,1,-10.216,-8.865,-0.95,-0.83,-0.95,-0.83,INF,-1,1,7,0
12460,1,1,-3.049,-11.363,-0.28,-1.06,-0.28,-1.06,INF,-1,1,7,0
12480,1,1,-4.932,-11.444,-0.46,-1.07,-0.46,-1.07,INF,-1,1,7,0
12500,1,1,-11.822,-8.727,-1.10,-0.82,-1.10,-0.82,INF,-1,1,7,0
12520,1,1,-6.345,-11.046,-0.59,-1.03,-0.59,-1.03,INF,-1,1,7,0
12540,1,1,-3.765,-13.069,-0.35,-1.22,-0.35,-1.22,INF,-1,1,7,0
12560,1,1,-6.649,-11.965,-0.62,-1.12,-0.62,-1.12,INF,-1,0,7,0
12580,1,1,-5.589,-12.949,-0.52,-1.21,-0.52,-1.21,INF,-1,0,7,0
12600,1,1,-5.433,-11.207,-0.51,-1.05,-0.51,-1.05,INF,-1,0,7,0
12620,1,1,-6.703,-12.502,-0.63,-1.17,-0.63,-1.17,INF,-1,0,7,0
12640,1,1,0.046,-12.242,0.00,-1.14,0.00,-1.14,INF,-1,0,7,0
12660,1,1,30.379,7.651,2.84,0.71,2.84,0.72,INF,-1,0,7,0
12680,1,1,43.250,14.952,4.04,1.39,4.03,1.40,INF,-1,0,7,0
12700,1,1,42.284,13.003,3.95,1.21,3.95,1.22,INF,-1,0,7,0
12720,1,1,41.511,13.958,3.87,1.30,3.87,1.30,INF,-1,0,7,0
12740,1,1,39.496,13.483,3.69,1.26,3.69,1.26,INF,-1,0,7,0
12760,1,1,40.970,13.417,3.82,1.25,3.82,1.25,INF,-1,0,7,0
12780,1,1,41.602,14.333,3.88,1.34,3.88,1.34,INF,-1,0,7,0
12800,1,1,39.374,12.391,3.68,1.16,3.67,1.16,INF,-1,0,7,0
12820,1,1,38.890,13.955,3.63,1.30,3.63,1.30,INF,-1,0,7,0
12840,1,1,42.227,13.170,3.94,1.23,3.94,1.23,INF,-1,0,7,0
12860,1,1,45.112,11.250,4.21,1.05,4.21,1.05,INF,-1,0,7,0
12880,1,1,41.123,12.015,3.84,1.12,3.84,1.12,INF,-1,0,7,0
12900,1,1,39.249,14.472,3.66,1.35,3.66,1.35,INF,-1,0,7,0
12920,1,1,41.408,11.755,3.86,1.10,3.86,1.10,INF,-1,0,7,0
12940,1,1,40.337,13.269,3.76,1.24,3.76,1.24,INF,-1,1,7,0
12960,1,1,41.988,11.639,3.92,1.09,3.92,1.09,INF,-1,1,7,0
12980,1,1,40.189,10.728,3.75,1.00,3.75,1.00,INF,-1,1,7,0
13000,1,1,43.746,11.127,4.08,1.04,4.08,1.04,INF,-1,1,7,0
13020,1,1,41.280,11.723,3.85,1.09,3.85,1.10,INF,-1,1,7,0
13040,1,1,40.888,9.186,3.82,0.86,3.82,0.86,INF,-1,1,7,0
13060,1,1,41.691,11.368,3.89,1.06,3.89,1.06,INF,-1,1,7,0
13080,1,1,39.884,11.670,3.72,1.09,3.72,1.09,INF,-1,1,7,0
13100,0,1,0.000,0.000,0.00,0.00,0.00,0.00,0.00,-1,1,7,0
13120,1,1,-7.343,-3.992,-0.69,-0.37,-0.69,-0.37,INF,-1,1,7,0
13140,1,1,-16.437,-15.357,-1.54,-1.43,-1.54,-1.44,INF,-1,1,7,0
13160,1,1,-12.833,-14.568,-1.20,-1.36,-1.20,-1.36,INF,-1,1,7,0
13180,1,1,-14.651,-14.172,-1.37,-1.32,-1.37,-1.32,INF,-1,0,7,0
13200,1,1,-14.899,-14.142,-1.39,-1.32,-1.39,-1.32,INF,-1,0,7,0
13220,1,1,-15.149,-15.723,-1.42,-1.47,-1.42,-1.47,INF,-1,0,7,0
13240,1,1,-12.894,-14.831,-1.20,-1.39,-1.20,-1.39,INF,-1,0,7,0
13260,1,1,-16.441,-13.956,-1.54,-1.30,-1.54,-1.30,INF,-1,0,7,0
13280,1,1,-14.668,-13.360,-1.37,-1.25,-1.37,-1.25,INF,-1,0,7,0
13300,1,1,-15.300,-12.002,-1.43,-1.12,-1.43,-1.12,INF,-1,0,7,0
13320,1,1,-9.778,-14.023,-0.91,-1.31,-0.91,-1.31,INF,-1,0,7,0
13340,1,1,-14.492,-13.440,-1.35,-1.26,-1.35,-1.26,INF,-1,0,7,0
13360,1,1,-12.124,-14.182,-1.13,-1.33,-1.13,-1.33,INF,-1,0,7,0
13380,1,1,-12.233,-13.363,-1.14,-1.25,-1.14,-1.25,INF,-1,0,7,0
13400,1,1,-14.743,-15.261,-1.38,-1.43,-1.38,-1.43,INF,-1,0,7,0
13420,1,1,-14.517,-13.863,-1.36,-1.30,-1.36,-1.30,INF,-1,1,7,0
13440,1,1,-14.195,-15.673,-1.33,-1.46,-1.33,-1.46,INF,-1,1,7,0
13460,1,1,-14.526,-15.840,-1.36,-1.48,-1.36,-1.48,INF,-1,1,7,0
13480,1,1,-10.236,-16.820,-0.96,-1.57,-0.96,-1.57,INF,-1,1,7,0
13500,1,1,-16.046,-14.851,-1.50,-1.39,-1.50,-1.39,INF,-1,1,7,0
13520,1,1,-14.775,-17.352,-1.38,-1.62,-1.38,-1.62,INF,-1,1,7,0
13540,1,1,-14.802,-15.856,-1.38,-1.48,-1.38,-1.48,INF,-1,1,7,0
13560,1,1,-12.598,-16.097,-1.18,-1.50,-1.18,-1.50,INF,-1,1,7,0
13580,1,1,-11.710,-16.362,-1.09,-1.53,-1.09,-1.53,INF,-1,1,7,0
13600,1,1,-7.329,-16.555,-0.69,-1.55,-0.68,-1.55,INF,-1,1,7,0
13620,1,1,-12.645,-16.355,-1.18,-1.53,-1.18,-1.53,INF,-1,1,7,0
13640,1,1,-14.315,-18.278,-1.34,-1.71,-1.34,-1.71,INF,-1,1,7,0
13660,1,1,-14.117,-15.360,-1.32,-1.44,-1.32,-1.44,INF,-1,1,7,0
13680,1,1,-12.759,-15.336,-1.19,-1.43,-1.19,-1.43,INF,-1,1,7,0
13700,1,1,-1.535,-9.669,-0.14,-0.90,-0.14,-0.90,INF,-1,1,7,0
13720,1,1,-0.189,-10.609,-0.02,-0.99,-0.02,-0.99,INF,-1,1,7,0
13740,1,1,-2.018,-8.481,-0.19,-0.79,-0.19,-0.79,INF,-1,0,7,0
13760,1,1,-2.198,-7.220,-0.21,-0.67,-0.21,-0.67,INF,-1,0,7,0
13780,1,1,-2.615,-8.337,-0.24,-0.78,-0.24,-0.78,INF,-1,0,7,0
13800,1,1,-3.110,-6.547,-0.29,-0.61,-0.29,-0.61,INF,-1,0,7,0
13820,1,1,-4.370,-8.608,-0.41,-0.80,-0.41,-0.80,INF,-1,0,7,0
13840,1,1,-2.576,-6.835,-0.24,-0.64,-0.24,-0.64,INF,-1,0,7,0
13860,1,1,0.028,-14.196,0.00,-1.33,0.00,-1.33,INF,-1,0,7,0
13880,1,1,-2.575,-8.773,-0.24,-0.82,-0.24,-0.82,INF,-1,0,7,0
13900,1,1,-0.831,-9.544,-0.08,-0.89,-0.08,-0.89,INF,-1,0,7,0
13920,1,1,-2.789,-9.738,-0.26,-0.91,-0.26,-0.91,INF,-1,0,7,0
13940,1,1,-4.251,-9.047,-0.40,-0.85,-0.40,-0.85,INF,-1,0,7,0
13960,1,1,-1.754,-11.030,-0.16,-1.03,-0.16,-1.03,INF,-1,0,7,0
13980,1,1,-4.382,-6.809,-0.41,-0.64,-0.41,-0.64,INF,-1,1,7,0
14000,1,1,-3.114,-8.582,-0.29,-0.80,-0.29,-0.80,INF,-1,1,7,0
14020,1,1,-3.380,-10.645,-0.32,-0.99,-0.32,-0.99,INF,-1,1,7,0
14040,1,1,-1.997,-9.217,-0.19,-0.86,-0.19,-0.86,INF,-1,1,7,0
14060,1,1,0.907,-8.401,0.08,-0.79,0.08,-0.79,INF,-1,1,7,0
14080,1,1,-2.794,-12.602,-0.26,-1.18,-0.26,-1.18,INF,-1,1,7,0
14100,1,1,-4.702,-10.284,-0.44,-0.96,-0.44,-0.96,INF,-1,1,7,0
14120,1,1,-1.242,-9.585,-0.12,-0.90,-0.12,-0.90,INF,-1,1,7,0
14140,1,1,-0.625,-8.579,-0.06,-0.80,-0.06,-0.80,INF,-1,1,7,0
14160,1,1,2.135,-9.091,0.20,-0.85,0.20,-0.85,INF,-1,1,7,0
14180,1,1,-1.484,-9.697,-0.14,-0.91,-0.14,-0.91,INF,-1,1,7,0
14200,1,1,1.975,-9.096,0.18,-0.85,0.18,-0.85,INF,-1,1,7,0
14220,1,1,-0.355,-10.247,-0.03,-0.96,-0.03,-0.96,INF,-1,1,7,0
14240,1,1,-4.086,-11.368,-0.38,-1.06,-0.38,-1.06,INF,-1,1,7,0
14260,1,1,-4.448,-12.767,-0.42,-1.19,-0.42,-1.19,INF,-1,1,7,0
14280,1,1,-5.976,-10.423,-0.56,-0.97,-0.56,-0.97,INF,-1,1,7,0
14300,1,1,-3.779,-11.647,-0.35,-1.09,-0.35,-1.09,INF,-1,1,7,0
14320,1,1,-3.438,-10.853,-0.32,-1.01,-0.32,-1.01,INF,-1,1,7,0
14340,1,1,-3.231,-12.557,-0.30,-1.17,-0.30,-1.17,INF,-1,1,7,0
14360,1,1,4.030,-9.850,0.38,-0.92,0.38,-0.92,INF,-1,1,7,0
14380,1,1,21.026,5.511,1.96,0.51,1.96,0.52,INF,-1,1,7,0
14400,1,1,19.712,10.897,1.84,1.02,1.84,1.02,INF,-1,1,7,0
14420,1,1,24.332,5.635,2.27,0.53,2.27,0.53,INF,-1,0,7,0
14440,1,1,17.529,6.113,1.64,0.57,1.64,0.57,INF,-1,0,7,0
14460,1,1,18.571,4.610,1.74,0.43,1.74,0.43,INF,-1,0,7,0
14480,1,1,21.508,8.050,2.01,0.75,2.01,0.75,INF,-1,0,7,0
14500,1,1,20.398,5.572,1.91,0.52,1.91,0.52,INF,-1,0,7,0
14520,1,1,24.610,6.439,2.30,0.60,2.30,0.60,INF,-1,0,7,0
14540,1,1,17.964,6.451,1.68,0.60,1.68,0.60,INF,-1,0,7,0
14560,1,1,18.019,6.990,1.68,0.65,1.68,0.65,INF,-1,0,7,0
14580,1,1,19.666,7.752,1.84,0.72,1.84,0.72,INF,-1,0,7,0
14600,1,1,19.781,5.123,1.85,0.48,1.85,0.48,INF,-1,0,7,0
14620,1,1,19.480,6.022,1.82,0.56,1.82,0.56,INF,-1,0,7,0
14640,1,1,20.385,6.283,1.90,0.59,1.90,0.59,INF,-1,0,7,0
14660,1,1,20.542,5.772,1.92,0.54,1.92,0.54,INF,-1,1,7,0
14680,1,1,21.146,7.701,1.98,0.72,1.98,0.72,INF,-1,1,7,0
14700,1,1,18.191,8.288,1.70,0.77,1.70,0.77,INF,-1,1,7,0
14720,1,1,21.233,6.353,1.98,0.59,1.98,0.59,INF,-1,1,7,0
14740,1,1,19.953,6.064,1.86,0.57,1.86,0.57,INF,-1,1,7,0
14760,1,1,21.525,5.658,2.01,0.53,2.01,0.53,INF,-1,1,7,0
14780,1,1,23.170,4.719,2.16,0.44,2.16,0.44,INF,-1,1,7,0
14800,1,1,20.855,5.952,1.95,0.56,1.95,0.56,INF,-1,1,7,0
14820,1,1,22.178,5.152,2.07,0.48,2.07,0.48,INF,-1,1,7,0
14840,1,1,20.772,3.801,1.94,0.36,1.94,0.36,INF,-1,1,7,0
14860,1,1,17.582,6.348,1.64,0.59,1.64,0.59,INF,-1,1,7,0
14880,1,1,14.189,5.077,1.33,0.47,1.33,0.47,INF,-1,1,7,0
14900,1,1,11.807,9.122,1.10,0.85,1.10,0.85,INF,-1,1,7,0
14920,1,1,11.740,9.778,1.10,0.91,1.10,0.91,INF,-1,1,7,0
14940,1,1,13.925,8.910,1.30,0.83,1.30,0.83,INF,-1,1,7,0
14960,1,1,13.786,6.242,1.29,0.58,1.29,0.58,INF,-1,1,7,0
14980,1,1,14.128,6.242,1.32,0.58,1.32,0.58,INF,-1,1,7,0
