"EyeTracker Toolbox version","3.250"
CalibrationParameters_A11,1.05849
CalibrationParameters_A12,0.05823
CalibrationParameters_A13,0.03933
CalibrationParameters_A21,0.05939
CalibrationParameters_A22,-1.07423
CalibrationParameters_A23,0.01582
CalibrationParameters_A31,0.00038
CalibrationParameters_A32,-0.00146
CalibrationParameters_E11,-0.18013
CalibrationParameters_E12,0.00002
CalibrationParameters_E21,0.00022
CalibrationParameters_E22,0.20003
CalibrationParameters_X,10.11921
CalibrationParameters_Y,-34.98284
CalibrationParameters_Rpc,94.29678
CalibrationParameters_MeanX,110.30362
CalibrationParameters_MeanY,118.14572
CalibrationParameters_ViewDist,613.00000
TimeStamp,Tracked,Calibrated,ScreenPositionXmm,ScreenPositionYmm,FicksLongitude,FicksLatitude,HelmholtzAzimuth,HelmholtzElevation,PupilDiameter,Region,Fixation,DigitalIO,Dropped
0,0,1,0.000,0.000,0.00,0.00,0.00,0.00,0.00,-1,0,7,0
20,0,1,0.000,0.000,0.00,0.00,0.00,0.00,0.00,-1,0,7,0
40,1,1,5.951,9.420,0.56,0.88,0.56,0.88,INF,-1,0,7,0
60,1,1,8.788,8.320,0.82,0.78,0.82,0.78,INF,-1,0,7,0
80,1,1,6.394,8.214,0.60,0.77,0.60,0.77,INF,-1,0,7,0
100,1,1,5.833,8.989,0.55,0.84,0.55,0.84,INF,-1,0,7,0
120,1,1,5.151,7.113,0.48,0.66,0.48,0.66,INF,-1,0,7,0
140,1,1,4.137,7.355,0.39,0.69,0.39,0.69,INF,-1,0,7,0
160,1,1,5.525,8.433,0.52,0.79,0.52,0.79,INF,-1,0,7,0
180,1,1,6.126,7.473,0.57,0.70,0.57,0.70,INF,-1,0,7,0
200,1,1,3.003,7.778,0.28,0.73,0.28,0.73,INF,-1,0,7,0
220,1,1,4.905,7.341,0.46,0.69,0.46,0.69,INF,-1,0,7,0
240,1,1,6.319,6.028,0.59,0.56,0.59,0.56,INF,-1,0,7,0
260,1,1,6.299,7.171,0.59,0.67,0.59,0.67,INF,-1,0,7,0
280,1,1,1.778,6.197,0.17,0.58,0.17,0.58,INF,-1,0,7,0
300,1,1,-7.294,4.150,-0.68,0.39,-0.68,0.39,INF,-1,0,7,0
320,1,1,-10.991,2.251,-1.03,0.21,-1.03,0.21,INF,-1,1,7,0
340,1,1,-6.445,1.707,-0.60,0.16,-0.60,0.16,INF,-1,0,7,0
360,1,1,-5.400,1.832,-0.50,0.17,-0.50,0.17,INF,-1,0,7,0
380,1,1,-5.028,0.460,-0.47,0.04,-0.47,0.04,INF,-1,0,7,0
400,1,1,-10.710,0.252,-1.00,0.02,-1.00,0.02,INF,-1,0,7,0
420,1,1,-9.835,1.372,-0.92,0.13,-0.92,0.13,INF,-1,0,7,0
440,1,1,-11.884,0.888,-1.11,0.08,-1.11,0.08,INF,-1,0,7,0
460,1,1,-9.603,0.853,-0.90,0.08,-0.90,0.08,INF,-1,0,7,0
480,1,1,-12.708,-1.251,-1.19,-0.12,-1.19,-0.12,INF,-1,0,7,0
500,1,1,-9.562,-1.357,-0.89,-0.13,-0.89,-0.13,INF,-1,0,7,0
520,1,1,-8.851,-3.000,-0.83,-0.28,-0.83,-0.28,INF,-1,0,7,0
540,1,1,-10.050,0.260,-0.94,0.02,-0.94,0.02,INF,-1,0,7,0
560,1,1,-8.121,-1.673,-0.76,-0.16,-0.76,-0.16,INF,-1,0,7,0
580,1,1,-10.552,-2.792,-0.99,-0.26,-0.99,-0.26,INF,-1,1,7,0
600,1,1,-8.965,-1.693,-0.84,-0.16,-0.84,-0.16,INF,-1,1,7,0
620,1,1,-8.905,-2.865,-0.83,-0.27,-0.83,-0.27,INF,-1,1,7,0
640,1,1,-10.907,-1.699,-1.02,-0.16,-1.02,-0.16,INF,-1,1,7,0
660,1,1,-20.352,-11.612,-1.90,-1.08,-1.90,-1.09,INF,-1,1,7,0
680,1,1,-30.233,-17.205,-2.82,-1.61,-2.82,-1.61,INF,-1,1,7,0
700,1,1,-28.512,-17.954,-2.66,-1.68,-2.66,-1.68,INF,-1,0,7,0
720,1,1,-29.289,-18.522,-2.74,-1.73,-2.73,-1.73,INF,-1,0,7,0
740,1,1,-29.761,-18.883,-2.78,-1.76,-2.78,-1.76,INF,-1,0,7,0
760,1,1,-29.812,-18.350,-2.78,-1.71,-2.78,-1.71,INF,-1,0,7,0
780,1,1,-27.017,-17.283,-2.52,-1.61,-2.52,-1.61,INF,-1,0,7,0
800,1,1,-29.285,-18.746,-2.74,-1.75,-2.73,-1.75,INF,-1,0,7,0
820,1,1,-27.766,-18.152,-2.59,-1.69,-2.59,-1.70,INF,-1,0,7,0
840,1,1,-23.699,-19.787,-2.21,-1.85,-2.21,-1.85,INF,-1,0,7,0
860,1,1,9.220,-18.358,0.86,-1.72,0.86,-1.72,INF,-1,0,7,0
880,1,1,32.986,-19.911,3.08,-1.86,3.08,-1.86,INF,-1,0,7,0
900,1,1,26.755,-19.904,2.50,-1.86,2.50,-1.86,INF,-1,0,7,0
920,1,1,28.104,-18.600,2.63,-1.74,2.62,-1.74,INF,-1,0,7,0
940,1,1,28.725,-18.320,2.68,-1.71,2.68,-1.71,INF,-1,0,7,0
960,1,1,29.407,-20.782,2.75,-1.94,2.74,-1.94,INF,-1,0,7,0
980,1,1,28.556,-19.443,2.67,-1.81,2.67,-1.82,INF,-1,0,7,0
1000,1,1,28.091,-20.507,2.62,-1.91,2.62,-1.92,INF,-1,0,7,0
1020,1,1,31.058,-21.426,2.90,-2.00,2.90,-2.00,INF,-1,0,7,0
1040,1,1,28.513,-18.602,2.66,-1.74,2.66,-1.74,INF,-1,0,7,0
1060,1,1,33.286,-21.175,3.11,-1.98,3.11,-1.98,INF,-1,0,7,0
1080,1,1,28.915,-20.728,2.70,-1.93,2.70,-1.94,INF,-1,0,7,0
1100,1,1,31.223,-20.351,2.92,-1.90,2.91,-1.90,INF,-1,0,7,0
1120,1,1,30.237,-19.076,2.82,-1.78,2.82,-1.78,INF,-1,0,7,0
1140,1,1,31.077,-20.742,2.90,-1.94,2.90,-1.94,INF,-1,1,7,0
1160,1,1,29.615,-20.093,2.77,-1.88,2.76,-1.88,INF,-1,1,7,0
1180,1,1,30.763,-20.582,2.87,-1.92,2.87,-1.92,INF,-1,1,7,0
1200,1,1,28.453,-21.877,2.66,-2.04,2.66,-2.04,INF,-1,1,7,0
1220,1,1,31.857,-21.602,2.97,-2.02,2.97,-2.02,INF,-1,1,7,0
1240,1,1,27.691,-16.687,2.59,-1.56,2.59,-1.56,INF,-1,1,7,0
1260,1,1,16.309,2.745,1.52,0.26,1.52,0.26,INF,-1,1,7,0
1280,1,1,13.944,6.396,1.30,0.60,1.30,0.60,INF,-1,1,7,0
1300,1,1,15.179,3.882,1.42,0.36,1.42,0.36,INF,-1,0,7,0
1320,1,1,15.675,3.136,1.46,0.29,1.46,0.29,INF,-1,0,7,0
1340,1,1,13.039,6.732,1.22,0.63,1.22,0.63,INF,-1,0,7,0
1360,1,1,12.561,7.826,1.17,0.73,1.17,0.73,INF,-1,0,7,0
1380,1,1,15.489,3.455,1.45,0.32,1.45,0.32,INF,-1,0,7,0
1400,1,1,15.222,3.161,1.42,0.30,1.42,0.30,INF,-1,0,7,0
1420,1,1,16.467,3.769,1.54,0.35,1.54,0.35,INF,-1,0,7,0
1440,1,1,13.764,4.516,1.29,0.42,1.29,0.42,INF,-1,0,7,0
1460,1,1,11.214,5.420,1.05,0.51,1.05,0.51,INF,-1,0,7,0
1480,1,1,14.080,6.397,1.32,0.60,1.32,0.60,INF,-1,0,7,0
1500,1,1,12.566,4.429,1.17,0.41,1.17,0.41,INF,-1,0,7,0
1520,1,1,13.781,7.317,1.29,0.68,1.29,0.68,INF,-1,0,7,0
1540,1,1,15.882,4.528,1.48,0.42,1.48,0.42,INF,-1,1,7,0
1560,1,1,13.625,3.992,1.27,0.37,1.27,0.37,INF,-1,1,7,0
1580,1,1,12.610,4.513,1.18,0.42,1.18,0.42,INF,-1,1,7,0
1600,1,1,13.700,6.176,1.28,0.58,1.28,0.58,INF,-1,1,7,0
1620,1,1,14.178,2.188,1.32,0.20,1.32,0.20,INF,-1,1,7,0
1640,1,1,13.357,4.580,1.25,0.43,1.25,0.43,INF,-1,1,7,0
1660,1,1,13.196,3.354,1.23,0.31,1.23,0.31,INF,-1,1,7,0
1680,1,1,12.413,2.951,1.16,0.28,1.16,0.28,INF,-1,1,7,0
1700,1,1,12.264,2.904,1.15,0.27,1.15,0.27,INF,-1,1,7,0
1720,1,1,13.806,3.677,1.29,0.34,1.29,0.34,INF,-1,1,7,0
1740,1,1,13.646,1.444,1.28,0.13,1.28,0.13,INF,-1,1,7,0
1760,1,1,12.735,2.790,1.19,0.26,1.19,0.26,INF,-1,1,7,0
1780,1,1,13.282,2.336,1.24,0.22,1.24,0.22,INF,-1,1,7,0
1800,1,1,12.804,4.717,1.20,0.44,1.20,0.44,INF,-1,1,7,0
1820,1,1,13.741,3.762,1.28,0.35,1.28,0.35,INF,-1,1,7,0
1840,1,1,15.532,5.304,1.45,0.50,1.45,0.50,INF,-1,1,7,0
1860,1,1,13.377,2.602,1.25,0.24,1.25,0.24,INF,-1,1,7,0
1880,1,1,23.977,-6.649,2.24,-0.62,2.24,-0.62,INF,-1,1,7,0
1900,1,1,31.186,-17.368,2.91,-1.62,2.91,-1.62,INF,-1,1,7,0
1920,1,1,33.280,-18.893,3.11,-1.76,3.11,-1.77,INF,-1,0,7,0
1940,1,1,29.983,-14.544,2.80,-1.36,2.80,-1.36,INF,-1,0,7,0
1960,1,1,30.030,-14.892,2.80,-1.39,2.80,-1.39,INF,-1,0,7,0
1980,1,1,28.791,-16.418,2.69,-1.53,2.69,-1.53,INF,-1,0,7,0
2000,1,1,31.337,-17.705,2.93,-1.65,2.93,-1.65,INF,-1,0,7,0
2020,1,1,31.406,-16.395,2.93,-1.53,2.93,-1.53,INF,-1,0,7,0
2040,1,1,29.408,-14.747,2.75,-1.38,2.75,-1.38,INF,-1,0,7,0
2060,1,1,31.402,-16.836,2.93,-1.57,2.93,-1.57,INF,-1,0,7,0
2080,1,1,32.198,-16.825,3.01,-1.57,3.01,-1.57,INF,-1,0,7,0
2100,1,1,29.519,-17.642,2.76,-1.65,2.76,-1.65,INF,-1,0,7,0
2120,1,1,33.137,-16.221,3.09,-1.51,3.09,-1.52,INF,-1,0,7,0
2140,1,1,28.526,-17.087,2.66,-1.59,2.66,-1.60,INF,-1,0,7,0
2160,1,1,31.049,-17.470,2.90,-1.63,2.90,-1.63,INF,-1,0,7,0
2180,1,1,30.389,-16.581,2.84,-1.55,2.84,-1.55,INF,-1,1,7,0
2200,1,1,29.536,-16.650,2.76,-1.55,2.76,-1.56,INF,-1,1,7,0
2220,1,1,26.082,-17.565,2.44,-1.64,2.44,-1.64,INF,-1,1,7,0
2240,1,1,29.444,-16.733,2.75,-1.56,2.75,-1.56,INF,-1,1,7,0
2260,1,1,34.542,-16.389,3.23,-1.53,3.22,-1.53,INF,-1,1,7,0
2280,1,1,30.588,-15.690,2.86,-1.46,2.86,-1.47,INF,-1,1,7,0
2300,1,1,30.652,-18.798,2.86,-1.75,2.86,-1.76,INF,-1,1,7,0
2320,1,1,27.084,-15.969,2.53,-1.49,2.53,-1.49,INF,-1,1,7,0
2340,1,1,30.373,-15.868,2.84,-1.48,2.84,-1.48,INF,-1,1,7,0
2360,1,1,30.015,-15.954,2.80,-1.49,2.80,-1.49,INF,-1,1,7,0
2380,1,1,30.314,-15.594,2.83,-1.46,2.83,-1.46,INF,-1,1,7,0
2400,1,1,26.804,-9.535,2.50,-0.89,2.50,-0.89,INF,-1,1,7,0
2420,1,1,33.430,16.610,3.12,1.55,3.12,1.55,INF,-1,1,7,0
2440,1,1,32.922,16.451,3.07,1.54,3.07,1.54,INF,-1,1,7,0
2460,1,1,31.217,15.671,2.92,1.46,2.91,1.46,INF,-1,0,7,0
2480,1,1,33.318,14.911,3.11,1.39,3.11,1.39,INF,-1,0,7,0
2500,1,1,31.771,15.853,2.97,1.48,2.97,1.48,INF,-1,0,7,0
2520,1,1,32.325,17.234,3.02,1.61,3.02,1.61,INF,-1,0,7,0
2540,1,1,32.339,16.575,3.02,1.55,3.02,1.55,INF,-1,0,7,0
2560,1,1,30.038,16.549,2.81,1.54,2.80,1.55,INF,-1,0,7,0
2580,1,1,32.603,16.455,3.04,1.54,3.04,1.54,INF,-1,0,7,0
2600,1,1,33.241,15.340,3.10,1.43,3.10,1.43,INF,-1,0,7,0
2620,1,1,29.266,17.424,2.73,1.63,2.73,1.63,INF,-1,0,7,0
2640,1,1,31.179,17.213,2.91,1.61,2.91,1.61,INF,-1,0,7,0
2660,1,1,31.666,17.556,2.96,1.64,2.96,1.64,INF,-1,0,7,0
2680,1,1,31.457,16.301,2.94,1.52,2.94,1.52,INF,-1,0,7,0
2700,1,1,31.436,16.300,2.94,1.52,2.93,1.52,INF,-1,1,7,0
2720,1,1,31.989,16.244,2.99,1.52,2.99,1.52,INF,-1,1,7,0
2740,1,1,23.512,14.529,2.20,1.36,2.20,1.36,INF,-1,1,7,0
2760,1,1,-26.813,-7.265,-2.50,-0.68,-2.50,-0.68,INF,-1,1,7,0
2780,1,1,-30.046,-14.650,-2.81,-1.37,-2.81,-1.37,INF,-1,1,7,0
2800,1,1,-34.835,-10.769,-3.25,-1.00,-3.25,-1.01,INF,-1,0,7,0
2820,1,1,-31.166,-10.998,-2.91,-1.03,-2.91,-1.03,INF,-1,0,7,0
2840,1,1,-30.805,-13.212,-2.88,-1.23,-2.88,-1.23,INF,-1,0,7,0
2860,1,1,-31.798,-12.252,-2.97,-1.14,-2.97,-1.15,INF,-1,0,7,0
2880,1,1,-31.903,-13.115,-2.98,-1.22,-2.98,-1.23,INF,-1,0,7,0
2900,1,1,-29.065,-12.034,-2.71,-1.12,-2.71,-1.12,INF,-1,0,7,0
2920,1,1,-32.063,-13.865,-2.99,-1.29,-2.99,-1.30,INF,-1,0,7,0
2940,1,1,-28.388,-14.575,-2.65,-1.36,-2.65,-1.36,INF,-1,0,7,0
2960,1,1,-34.083,-12.785,-3.18,-1.19,-3.18,-1.19,INF,-1,0,7,0
2980,1,1,-34.756,-13.048,-3.25,-1.22,-3.24,-1.22,INF,-1,0,7,0
3000,1,1,-30.769,-12.449,-2.87,-1.16,-2.87,-1.16,INF,-1,0,7,0
3020,1,1,-32.557,-15.198,-3.04,-1.42,-3.04,-1.42,INF,-1,0,7,0
3040,1,1,-34.579,-12.678,-3.23,-1.18,-3.23,-1.18,INF,-1,1,7,0
3060,1,1,-34.252,-13.414,-3.20,-1.25,-3.20,-1.25,INF,-1,1,7,0
3080,1,1,-34.277,-14.073,-3.20,-1.31,-3.20,-1.32,INF,-1,1,7,0
3100,1,1,-33.884,-13.080,-3.16,-1.22,-3.16,-1.22,INF,-1,1,7,0
3120,1,1,-28.889,-16.058,-2.70,-1.50,-2.70,-1.50,INF,-1,1,7,0
3140,1,1,11.668,-1.977,1.09,-0.18,1.09,-0.18,INF,-1,1,7,0
3160,1,1,32.201,0.917,3.01,0.09,3.01,0.09,INF,-1,1,7,0
3180,1,1,27.888,-0.446,2.60,-0.04,2.60,-0.04,INF,-1,0,7,0
3200,1,1,29.591,-0.101,2.76,-0.01,2.76,-0.01,INF,-1,0,7,0
3220,1,1,31.714,-2.699,2.96,-0.25,2.96,-0.25,INF,-1,0,7,0
3240,1,1,30.121,-2.137,2.81,-0.20,2.81,-0.20,INF,-1,0,7,0
3260,1,1,28.969,-1.582,2.71,-0.15,2.71,-0.15,INF,-1,0,7,0
3280,1,1,30.463,-2.252,2.84,-0.21,2.84,-0.21,INF,-1,0,7,0
3300,1,1,32.973,-5.649,3.08,-0.53,3.08,-0.53,INF,-1,0,7,0
3320,1,1,29.739,-2.875,2.78,-0.27,2.78,-0.27,INF,-1,0,7,0
3340,1,1,28.980,-0.979,2.71,-0.09,2.71,-0.09,INF,-1,0,7,0
3360,1,1,30.830,-1.564,2.88,-0.15,2.88,-0.15,INF,-1,0,7,0
3380,1,1,29.905,-1.155,2.79,-0.11,2.79,-0.11,INF,-1,0,7,0
3400,1,1,32.960,-1.678,3.08,-0.16,3.08,-0.16,INF,-1,0,7,0
3420,1,1,27.514,-0.141,2.57,-0.01,2.57,-0.01,INF,-1,0,7,0
3440,1,1,31.660,-2.102,2.96,-0.20,2.96,-0.20,INF,-1,1,7,0
3460,1,1,31.189,-1.973,2.91,-0.18,2.91,-0.18,INF,-1,1,7,0
3480,1,1,32.044,-4.627,2.99,-0.43,2.99,-0.43,INF,-1,1,7,0
3500,1,1,29.137,-1.907,2.72,-0.18,2.72,-0.18,INF,-1,1,7,0
3520,1,1,28.634,-1.896,2.67,-0.18,2.67,-0.18,INF,-1,1,7,0
3540,1,1,31.017,-4.132,2.90,-0.39,2.90,-0.39,INF,-1,1,7,0
3560,1,1,29.891,-1.766,2.79,-0.16,2.79,-0.17,INF,-1,1,7,0
3580,1,1,30.905,-3.437,2.89,-0.32,2.89,-0.32,INF,-1,1,7,0
3600,1,1,30.238,-3.210,2.82,-0.30,2.82,-0.30,INF,-1,1,7,0
3620,1,1,33.589,-2.335,3.14,-0.22,3.14,-0.22,INF,-1,1,7,0
3640,1,1,30.993,-3.243,2.89,-0.30,2.89,-0.30,INF,-1,1,7,0
3660,1,1,30.678,-1.810,2.86,-0.17,2.86,-0.17,INF,-1,1,7,0
3680,1,1,31.064,-2.899,2.90,-0.27,2.90,-0.27,INF,-1,1,7,0
3700,1,1,33.401,-3.282,3.12,-0.31,3.12,-0.31,INF,-1,1,7,0
3720,1,1,31.043,-2.499,2.90,-0.23,2.90,-0.23,INF,-1,1,7,0
3740,1,1,27.008,-1.457,2.52,-0.14,2.52,-0.14,INF,-1,1,7,0
3760,1,1,29.789,-3.775,2.78,-0.35,2.78,-0.35,INF,-1,1,7,0
3780,1,1,29.782,-3.455,2.78,-0.32,2.78,-0.32,INF,-1,1,7,0
3800,1,1,28.171,-3.078,2.63,-0.29,2.63,-0.29,INF,-1,1,7,0
3820,1,1,29.345,-7.446,2.74,-0.70,2.74,-0.70,INF,-1,1,7,0
3840,1,1,28.497,-3.046,2.66,-0.28,2.66,-0.28,INF,-1,1,7,0
3860,1,1,28.950,-2.274,2.70,-0.21,2.70,-0.21,INF,-1,1,7,0
3880,1,1,27.232,-1.199,2.54,-0.11,2.54,-0.11,INF,-1,1,7,0
3900,1,1,29.522,-4.504,2.76,-0.42,2.76,-0.42,INF,-1,1,7,0
3920,1,1,20.987,-2.365,1.96,-0.22,1.96,-0.22,INF,-1,1,7,0
3940,1,1,-5.729,-0.552,-0.54,-0.05,-0.54,-0.05,INF,-1,1,7,0
3960,1,1,-10.946,-5.526,-1.02,-0.52,-1.02,-0.52,INF,-1,1,7,0
3980,1,1,-12.979,-3.745,-1.21,-0.35,-1.21,-0.35,INF,-1,0,7,0
4000,1,1,-13.186,-3.757,-1.23,-0.35,-1.23,-0.35,INF,-1,0,7,0
4020,1,1,-14.428,-5.515,-1.35,-0.52,-1.35,-0.52,INF,-1,0,7,0
4040,1,1,-11.367,-3.843,-1.06,-0.36,-1.06,-0.36,INF,-1,0,7,0
4060,1,1,-11.429,-7.376,-1.07,-0.69,-1.07,-0.69,INF,-1,0,7,0
4080,1,1,-13.396,-10.409,-1.25,-0.97,-1.25,-0.97,INF,-1,0,7,0
4100,1,1,-14.910,-6.412,-1.39,-0.60,-1.39,-0.60,INF,-1,0,7,0
4120,1,1,-11.769,-8.262,-1.10,-0.77,-1.10,-0.77,INF,-1,0,7,0
4140,1,1,-14.665,-5.532,-1.37,-0.52,-1.37,-0.52,INF,-1,0,7,0
4160,1,1,-11.783,-6.505,-1.10,-0.61,-1.10,-0.61,INF,-1,0,7,0
4180,1,1,-14.246,-7.403,-1.33,-0.69,-1.33,-0.69,INF,-1,0,7,0
4200,1,1,-12.176,-6.615,-1.14,-0.62,-1.14,-0.62,INF,-1,0,7,0
4220,1,1,-13.075,-6.708,-1.22,-0.63,-1.22,-0.63,INF,-1,1,7,0
4240,1,1,-12.269,-4.999,-1.15,-0.47,-1.15,-0.47,INF,-1,1,7,0
4260,1,1,-12.900,-5.132,-1.21,-0.48,-1.21,-0.48,INF,-1,1,7,0
4280,1,1,-0.277,-4.723,-0.03,-0.44,-0.03,-0.44,INF,-1,1,7,0
4300,1,1,42.576,3.743,3.97,0.35,3.97,0.35,INF,-1,1,7,0
4320,1,1,42.453,5.727,3.96,0.53,3.96,0.54,INF,-1,0,7,0
4340,1,1,43.049,4.467,4.02,0.42,4.02,0.42,INF,-1,0,7,0
4360,1,1,42.785,6.391,3.99,0.60,3.99,0.60,INF,-1,0,7,0
4380,1,1,45.625,5.994,4.26,0.56,4.26,0.56,INF,-1,0,7,0
4400,1,1,44.771,2.853,4.18,0.27,4.18,0.27,INF,-1,0,7,0
4420,1,1,44.136,4.777,4.12,0.45,4.12,0.45,INF,-1,0,7,0
4440,1,1,42.574,3.365,3.97,0.31,3.97,0.31,INF,-1,0,7,0
4460,1,1,44.254,3.828,4.13,0.36,4.13,0.36,INF,-1,0,7,0
4480,1,1,42.415,4.174,3.96,0.39,3.96,0.39,INF,-1,0,7,0
4500,1,1,41.622,4.503,3.88,0.42,3.88,0.42,INF,-1,0,7,0
4520,1,1,43.308,4.793,4.04,0.45,4.04,0.45,INF,-1,0,7,0
4540,1,1,43.827,3.616,4.09,0.34,4.09,0.34,INF,-1,0,7,0
4560,1,1,43.578,3.608,4.07,0.34,4.07,0.34,INF,-1,0,7,0
4580,1,1,42.178,4.619,3.94,0.43,3.94,0.43,INF,-1,1,7,0
4600,1,1,46.102,4.149,4.30,0.39,4.30,0.39,INF,-1,1,7,0
4620,1,1,44.224,0.706,4.13,0.07,4.13,0.07,INF,-1,1,7,0
4640,1,1,44.362,2.231,4.14,0.21,4.14,0.21,INF,-1,1,7,0
4660,1,1,47.329,3.821,4.42,0.36,4.41,0.36,INF,-1,1,7,0
4680,1,1,41.466,2.977,3.87,0.28,3.87,0.28,INF,-1,1,7,0
4700,1,1,45.724,0.872,4.27,0.08,4.27,0.08,INF,-1,1,7,0
4720,1,1,46.170,1.445,4.31,0.13,4.31,0.14,INF,-1,1,7,0
4740,1,1,39.728,3.044,3.71,0.28,3.71,0.28,INF,-1,1,7,0
4760,1,1,42.337,1.161,3.95,0.11,3.95,0.11,INF,-1,1,7,0
4780,1,1,44.205,2.345,4.12,0.22,4.12,0.22,INF,-1,1,7,0
4800,1,1,31.708,-2.820,2.96,-0.26,2.96,-0.26,INF,-1,1,7,0
4820,1,1,5.014,-11.236,0.47,-1.05,0.47,-1.05,INF,-1,1,7,0
4840,1,1,7.638,-11.074,0.71,-1.03,0.71,-1.03,INF,-1,0,7,0
4860,1,1,9.044,-13.744,0.85,-1.28,0.85,-1.28,INF,-1,0,7,0
4880,1,1,7.826,-10.148,0.73,-0.95,0.73,-0.95,INF,-1,0,7,0
4900,1,1,6.561,-7.618,0.61,-0.71,0.61,-0.71,INF,-1,0,7,0
4920,1,1,7.193,-9.487,0.67,-0.89,0.67,-0.89,INF,-1,0,7,0
4940,1,1,7.148,-10.261,0.67,-0.96,0.67,-0.96,INF,-1,0,7,0
4960,1,1,7.930,-12.548,0.74,-1.17,0.74,-1.17,INF,-1,0,7,0
4980,1,1,6.872,-11.707,0.64,-1.09,0.64,-1.09,INF,-1,0,7,0
5000,1,1,8.877,-11.907,0.83,-1.11,0.83,-1.11,INF,-1,0,7,0
5020,1,1,9.290,-11.693,0.87,-1.09,0.87,-1.09,INF,-1,0,7,0
5040,1,1,8.401,-10.759,0.79,-1.01,0.79,-1.01,INF,-1,0,7,0
5060,1,1,8.224,-11.569,0.77,-1.08,0.77,-1.08,INF,-1,0,7,0
5080,1,1,10.397,-11.462,0.97,-1.07,0.97,-1.07,INF,-1,0,7,0
5100,1,1,25.116,-9.967,2.35,-0.93,2.35,-0.93,INF,-1,1,7,0
5120,1,1,28.530,-11.198,2.66,-1.05,2.66,-1.05,INF,-1,1,7,0
5140,1,1,27.823,-12.657,2.60,-1.18,2.60,-1.18,INF,-1,0,7,0
5160,1,1,27.147,-11.652,2.54,-1.09,2.54,-1.09,INF,-1,0,7,0
5180,1,1,25.770,-10.781,2.41,-1.01,2.41,-1.01,INF,-1,0,7,0
5200,1,1,26.154,-11.941,2.44,-1.11,2.44,-1.12,INF,-1,0,7,0
5220,1,1,28.561,-11.574,2.67,-1.08,2.67,-1.08,INF,-1,0,7,0
5240,1,1,25.957,-11.290,2.42,-1.05,2.42,-1.06,INF,-1,0,7,0
5260,1,1,27.571,-11.381,2.58,-1.06,2.57,-1.06,INF,-1,0,7,0
5280,1,1,26.954,-13.139,2.52,-1.23,2.52,-1.23,INF,-1,0,7,0
5300,1,1,29.839,-14.094,2.79,-1.32,2.79,-1.32,INF,-1,0,7,0
5320,1,1,30.709,-13.443,2.87,-1.25,2.87,-1.26,INF,-1,0,7,0
5340,1,1,26.662,-9.935,2.49,-0.93,2.49,-0.93,INF,-1,0,7,0
5360,1,1,-3.320,-12.475,-0.31,-1.17,-0.31,-1.17,INF,-1,0,7,0
5380,1,1,-21.215,-18.444,-1.98,-1.72,-1.98,-1.72,INF,-1,1,7,0
5400,1,1,-14.043,-20.723,-1.31,-1.94,-1.31,-1.94,INF,-1,0,7,0
5420,1,1,-19.186,-17.495,-1.79,-1.63,-1.79,-1.63,INF,-1,0,7,0
5440,1,1,-21.358,-19.643,-2.00,-1.83,-1.99,-1.84,INF,-1,0,7,0
5460,1,1,-19.447,-18.223,-1.82,-1.70,-1.82,-1.70,INF,-1,0,7,0
5480,1,1,-19.067,-18.251,-1.78,-1.70,-1.78,-1.71,INF,-1,0,7,0
5500,1,1,-11.820,-19.501,-1.10,-1.82,-1.10,-1.82,INF,-1,0,7,0
5520,1,1,-17.190,-19.559,-1.61,-1.83,-1.61,-1.83,INF,-1,0,7,0
5540,1,1,-15.232,-19.507,-1.42,-1.82,-1.42,-1.82,INF,-1,0,7,0
5560,1,1,-20.945,-17.651,-1.96,-1.65,-1.96,-1.65,INF,-1,0,7,0
5580,1,1,-19.863,-18.286,-1.86,-1.71,-1.86,-1.71,INF,-1,0,7,0
5600,1,1,-20.173,-18.251,-1.88,-1.70,-1.88,-1.71,INF,-1,0,7,0
5620,1,1,-21.051,-15.856,-1.97,-1.48,-1.97,-1.48,INF,-1,0,7,0
5640,1,1,-19.628,-18.645,-1.83,-1.74,-1.83,-1.74,INF,-1,0,7,0
5660,1,1,-19.670,-18.549,-1.84,-1.73,-1.84,-1.73,INF,-1,1,7,0
5680,1,1,-15.711,-18.473,-1.47,-1.73,-1.47,-1.73,INF,-1,1,7,0
5700,1,1,2.712,-5.331,0.25,-0.50,0.25,-0.50,INF,-1,1,7,0
5720,1,1,9.606,-0.120,0.90,-0.01,0.90,-0.01,INF,-1,1,7,0
5740,1,1,8.770,-3.783,0.82,-0.35,0.82,-0.35,INF,-1,0,7,0
5760,1,1,7.999,-2.088,0.75,-0.20,0.75,-0.20,INF,-1,0,7,0
5780,1,1,6.919,-2.276,0.65,-0.21,0.65,-0.21,INF,-1,0,7,0
5800,1,1,10.484,-2.634,0.98,-0.25,0.98,-0.25,INF,-1,0,7,0
5820,1,1,7.814,-0.828,0.73,-0.08,0.73,-0.08,INF,-1,0,7,0
5840,1,1,11.003,-0.726,1.03,-0.07,1.03,-0.07,INF,-1,0,7,0
5860,1,1,9.417,-1.959,0.88,-0.18,0.88,-0.18,INF,-1,0,7,0
5880,1,1,10.934,-1.540,1.02,-0.14,1.02,-0.14,INF,-1,0,7,0
5900,1,1,9.893,1.182,0.92,0.11,0.92,0.11,INF,-1,0,7,0
5920,1,1,10.623,-1.879,0.99,-0.18,0.99,-0.18,INF,-1,0,7,0
5940,1,1,10.865,-1.246,1.02,-0.12,1.02,-0.12,INF,-1,0,7,0
5960,1,1,8.785,-4.062,0.82,-0.38,0.82,-0.38,INF,-1,0,7,0
5980,1,1,7.402,-2.562,0.69,-0.24,0.69,-0.24,INF,-1,1,7,0
6000,1,1,10.306,-0.783,0.96,-0.07,0.96,-0.07,INF,-1,1,7,0
6020,1,1,8.515,-1.580,0.80,-0.15,0.80,-0.15,INF,-1,1,7,0
6040,1,1,5.944,-2.054,0.56,-0.19,0.56,-0.19,INF,-1,1,7,0
6060,1,1,19.401,-2.788,1.81,-0.26,1.81,-0.26,INF,-1,1,7,0
6080,1,1,29.664,-0.248,2.77,-0.02,2.77,-0.02,INF,-1,1,7,0
6100,1,1,25.370,-0.904,2.37,-0.08,2.37,-0.08,INF,-1,0,7,0
6120,1,1,27.867,-2.967,2.60,-0.28,2.60,-0.28,INF,-1,0,7,0
6140,1,1,27.941,-3.710,2.61,-0.35,2.61,-0.35,INF,-1,0,7,0
6160,1,1,27.228,-1.795,2.54,-0.17,2.54,-0.17,INF,-1,0,7,0
6180,1,1,27.730,-4.276,2.59,-0.40,2.59,-0.40,INF,-1,0,7,0
6200,1,1,27.476,-1.350,2.57,-0.13,2.57,-0.13,INF,-1,0,7,0
6220,1,1,27.942,-3.669,2.61,-0.34,2.61,-0.34,INF,-1,0,7,0
6240,1,1,27.958,-2.120,2.61,-0.20,2.61,-0.20,INF,-1,0,7,0
6260,1,1,27.838,-3.617,2.60,-0.34,2.60,-0.34,INF,-1,0,7,0
6280,1,1,25.773,-3.678,2.41,-0.34,2.41,-0.34,INF,-1,0,7,0
6300,1,1,25.742,-4.089,2.40,-0.38,2.40,-0.38,INF,-1,0,7,0
6320,1,1,26.894,-2.098,2.51,-0.20,2.51,-0.20,INF,-1,0,7,0
6340,1,1,26.284,-2.180,2.46,-0.20,2.46,-0.20,INF,-1,1,7,0
6360,1,1,26.977,-2.421,2.52,-0.23,2.52,-0.23,INF,-1,1,7,0
6380,1,1,28.875,-3.184,2.70,-0.30,2.70,-0.30,INF,-1,1,7,0
6400,1,1,25.784,-2.518,2.41,-0.24,2.41,-0.24,INF,-1,1,7,0
6420,1,1,26.865,-6.719,2.51,-0.63,2.51,-0.63,INF,-1,1,7,0
6440,1,1,27.601,-3.562,2.58,-0.33,2.58,-0.33,INF,-1,1,7,0
6460,1,1,24.904,-2.083,2.33,-0.19,2.33,-0.19,INF,-1,1,7,0
6480,1,1,30.954,-7.929,2.89,-0.74,2.89,-0.74,INF,-1,1,7,0
6500,1,1,25.702,-4.252,2.40,-0.40,2.40,-0.40,INF,-1,1,7,0
6520,1,1,28.059,-4.739,2.62,-0.44,2.62,-0.44,INF,-1,1,7,0
6540,1,1,28.570,-4.141,2.67,-0.39,2.67,-0.39,INF,-1,1,7,0
6560,1,1,26.827,-2.817,2.51,-0.26,2.51,-0.26,INF,-1,1,7,0
6580,1,1,28.445,-7.049,2.66,-0.66,2.66,-0.66,INF,-1,1,7,0
6600,1,1,26.026,-5.775,2.43,-0.54,2.43,-0.54,INF,-1,1,7,0
6620,1,1,26.125,-4.189,2.44,-0.39,2.44,-0.39,INF,-1,1,7,0
6640,1,1,23.774,-7.321,2.22,-0.68,2.22,-0.68,INF,-1,1,7,0
6660,1,1,-6.524,-11.934,-0.61,-1.12,-0.61,-1.12,INF,-1,1,7,0
6680,1,1,-6.292,-14.191,-0.59,-1.33,-0.59,-1.33,INF,-1,1,7,0
6700,1,1,-6.834,-12.868,-0.64,-1.20,-0.64,-1.20,INF,-1,0,7,0
6720,1,1,-6.508,-11.603,-0.61,-1.08,-0.61,-1.08,INF,-1,0,7,0
6740,1,1,-7.818,-11.308,-0.73,-1.06,-0.73,-1.06,INF,-1,0,7,0
6760,1,1,-9.453,-9.935,-0.88,-0.93,-0.88,-0.93,INF,-1,0,7,0
6780,1,1,-2.005,-13.056,-0.19,-1.22,-0.19,-1.22,INF,-1,0,7,0
6800,1,1,-4.646,-12.005,-0.43,-1.12,-0.43,-1.12,INF,-1,0,7,0
6820,1,1,-6.602,-11.904,-0.62,-1.11,-0.62,-1.11,INF,-1,0,7,0
6840,1,1,-7.449,-12.180,-0.70,-1.14,-0.70,-1.14,INF,-1,0,7,0
6860,1,1,-6.846,-12.316,-0.64,-1.15,-0.64,-1.15,INF,-1,0,7,0
6880,1,1,-8.143,-13.083,-0.76,-1.22,-0.76,-1.22,INF,-1,0,7,0
6900,1,1,-7.031,-11.413,-0.66,-1.07,-0.66,-1.07,INF,-1,0,7,0
6920,1,1,-5.766,-13.913,-0.54,-1.30,-0.54,-1.30,INF,-1,0,7,0
6940,1,1,-5.509,-13.883,-0.51,-1.30,-0.51,-1.30,INF,-1,1,7,0
6960,1,1,-5.766,-13.531,-0.54,-1.26,-0.54,-1.26,INF,-1,1,7,0
6980,1,1,28.034,-8.973,2.62,-0.84,2.62,-0.84,INF,-1,1,7,0
7000,1,1,30.189,-8.113,2.82,-0.76,2.82,-0.76,INF,-1,1,7,0
7020,1,1,27.707,-9.588,2.59,-0.90,2.59,-0.90,INF,-1,0,7,0
7040,1,1,25.520,-8.468,2.38,-0.79,2.38,-0.79,INF,-1,0,7,0
7060,1,1,27.241,-10.818,2.54,-1.01,2.54,-1.01,INF,-1,0,7,0
7080,1,1,25.974,-9.330,2.43,-0.87,2.43,-0.87,INF,-1,0,7,0
7100,1,1,29.221,-12.505,2.73,-1.17,2.73,-1.17,INF,-1,0,7,0
7120,1,1,25.700,-7.699,2.40,-0.72,2.40,-0.72,INF,-1,0,7,0
7140,1,1,28.428,-9.918,2.66,-0.93,2.65,-0.93,INF,-1,0,7,0
7160,1,1,29.375,-9.133,2.74,-0.85,2.74,-0.85,INF,-1,0,7,0
7180,1,1,28.792,-10.628,2.69,-0.99,2.69,-0.99,INF,-1,0,7,0
7200,1,1,30.646,-11.462,2.86,-1.07,2.86,-1.07,INF,-1,0,7,0
7220,1,1,29.965,-12.539,2.80,-1.17,2.80,-1.17,INF,-1,0,7,0
7240,1,1,29.197,-11.020,2.73,-1.03,2.73,-1.03,INF,-1,0,7,0
7260,1,1,32.385,-9.078,3.02,-0.85,3.02,-0.85,INF,-1,1,7,0
7280,1,1,30.443,-13.223,2.84,-1.23,2.84,-1.24,INF,-1,1,7,0
7300,1,1,29.789,-9.653,2.78,-0.90,2.78,-0.90,INF,-1,1,7,0
7320,1,1,29.463,-9.624,2.75,-0.90,2.75,-0.90,INF,-1,1,7,0
7340,1,1,27.301,-9.811,2.55,-0.92,2.55,-0.92,INF,-1,1,7,0
7360,1,1,30.164,-9.958,2.82,-0.93,2.82,-0.93,INF,-1,1,7,0
7380,1,1,27.230,-10.112,2.54,-0.94,2.54,-0.95,INF,-1,1,7,0
7400,1,1,27.925,-10.331,2.61,-0.96,2.61,-0.97,INF,-1,1,7,0
7420,1,1,28.321,-12.734,2.65,-1.19,2.64,-1.19,INF,-1,1,7,0
7440,1,1,28.670,-11.818,2.68,-1.10,2.68,-1.10,INF,-1,1,7,0
7460,1,1,29.125,-12.411,2.72,-1.16,2.72,-1.16,INF,-1,1,7,0
7480,1,1,31.690,-11.742,2.96,-1.10,2.96,-1.10,INF,-1,1,7,0
7500,1,1,28.901,-11.409,2.70,-1.07,2.70,-1.07,INF,-1,1,7,0
7520,1,1,30.308,-15.023,2.83,-1.40,2.83,-1.40,INF,-1,1,7,0
7540,1,1,19.243,-4.386,1.80,-0.41,1.80,-0.41,INF,-1,1,7,0
7560,1,1,-0.472,5.685,-0.04,0.53,-0.04,0.53,INF,-1,1,7,0
7580,1,1,0.581,3.678,0.05,0.34,0.05,0.34,INF,-1,0,7,0
7600,1,1,-0.470,5.158,-0.04,0.48,-0.04,0.48,INF,-1,0,7,0
7620,1,1,-1.353,3.832,-0.13,0.36,-0.13,0.36,INF,-1,0,7,0
7640,1,1,2.601,5.349,0.24,0.50,0.24,0.50,INF,-1,0,7,0
7660,1,1,1.253,4.075,0.12,0.38,0.12,0.38,INF,-1,0,7,0
7680,1,1,-0.095,3.276,-0.01,0.31,-0.01,0.31,INF,-1,0,7,0
7700,1,1,-0.949,6.061,-0.09,0.57,-0.09,0.57,INF,-1,0,7,0
7720,1,1,0.134,3.638,0.01,0.34,0.01,0.34,INF,-1,0,7,0
7740,1,1,0.021,3.797,0.00,0.35,0.00,0.35,INF,-1,0,7,0
7760,1,1,0.981,3.864,0.09,0.36,0.09,0.36,INF,-1,0,7,0
7780,1,1,-0.359,5.492,-0.03,0.51,-0.03,0.51,INF,-1,0,7,0
7800,1,1,-1.675,3.203,-0.16,0.30,-0.16,0.30,INF,-1,0,7,0
7820,1,1,1.456,3.893,0.14,0.36,0.14,0.36,INF,-1,0,7,0
7840,1,1,-0.035,4.045,0.00,0.38,0.00,0.38,INF,-1,1,7,0
7860,1,1,2.221,1.377,0.21,0.13,0.21,0.13,INF,-1,1,7,0
7880,1,1,11.112,1.234,1.04,0.12,1.04,0.12,INF,-1,1,7,0
7900,1,1,28.725,1.166,2.68,0.11,2.68,0.11,INF,-1,1,7,0
7920,1,1,25.099,-1.343,2.34,-0.13,2.34,-0.13,INF,-1,0,7,0
7940,1,1,26.813,-0.643,2.50,-0.06,2.50,-0.06,INF,-1,0,7,0
7960,1,1,28.214,-1.731,2.64,-0.16,2.64,-0.16,INF,-1,0,7,0
7980,1,1,26.425,-0.530,2.47,-0.05,2.47,-0.05,INF,-1,0,7,0
8000,1,1,28.486,-1.305,2.66,-0.12,2.66,-0.12,INF,-1,0,7,0
8020,1,1,26.792,0.212,2.50,0.02,2.50,0.02,INF,-1,0,7,0
8040,1,1,27.612,0.120,2.58,0.01,2.58,0.01,INF,-1,0,7,0
8060,1,1,26.765,-0.140,2.50,-0.01,2.50,-0.01,INF,-1,0,7,0
8080,1,1,26.839,-0.869,2.51,-0.08,2.51,-0.08,INF,-1,0,7,0
8100,1,1,25.497,0.065,2.38,0.01,2.38,0.01,INF,-1,0,7,0
8120,1,1,25.971,-2.040,2.43,-0.19,2.43,-0.19,INF,-1,0,7,0
8140,1,1,25.805,-2.857,2.41,-0.27,2.41,-0.27,INF,-1,0,7,0
8160,1,1,26.727,-3.217,2.50,-0.30,2.50,-0.30,INF,-1,0,7,0
8180,1,1,28.697,-7.746,2.68,-0.72,2.68,-0.72,INF,-1,1,7,0
8200,1,1,38.816,-17.519,3.62,-1.63,3.62,-1.64,INF,-1,1,7,0
8220,1,1,35.889,-16.075,3.35,-1.50,3.35,-1.50,INF,-1,1,7,0
8240,1,1,38.310,-15.833,3.58,-1.48,3.57,-1.48,INF,-1,0,7,0
8260,1,1,36.758,-14.820,3.43,-1.38,3.43,-1.38,INF,-1,0,7,0
8280,1,1,38.231,-15.975,3.57,-1.49,3.57,-1.49,INF,-1,0,7,0
8300,1,1,37.183,-13.475,3.47,-1.26,3.47,-1.26,INF,-1,0,7,0
8320,1,1,35.268,-15.124,3.29,-1.41,3.29,-1.41,INF,-1,0,7,0
8340,1,1,37.125,-13.276,3.47,-1.24,3.46,-1.24,INF,-1,0,7,0
8360,1,1,36.903,-13.989,3.45,-1.30,3.44,-1.31,INF,-1,0,7,0
8380,1,1,37.720,-15.727,3.52,-1.47,3.52,-1.47,INF,-1,0,7,0
8400,1,1,36.364,-15.681,3.39,-1.46,3.39,-1.47,INF,-1,0,7,0
8420,1,1,35.618,-15.186,3.33,-1.42,3.32,-1.42,INF,-1,0,7,0
8440,1,1,36.465,-14.200,3.40,-1.32,3.40,-1.33,INF,-1,0,7,0
8460,1,1,35.169,-14.557,3.28,-1.36,3.28,-1.36,INF,-1,0,7,0
8480,1,1,40.151,-16.006,3.75,-1.49,3.75,-1.50,INF,-1,1,7,0
8500,1,1,36.493,-15.750,3.41,-1.47,3.41,-1.47,INF,-1,1,7,0
8520,1,1,41.574,-17.214,3.88,-1.60,3.88,-1.61,INF,-1,1,7,0
8540,1,1,37.775,-17.461,3.53,-1.63,3.52,-1.63,INF,-1,1,7,0
8560,1,1,36.216,-13.870,3.38,-1.29,3.38,-1.30,INF,-1,1,7,0
8580,1,1,35.294,-15.243,3.30,-1.42,3.29,-1.42,INF,-1,1,7,0
8600,1,1,34.993,-13.524,3.27,-1.26,3.27,-1.26,INF,-1,1,7,0
8620,1,1,35.580,-14.598,3.32,-1.36,3.32,-1.36,INF,-1,1,7,0
8640,1,1,34.114,-15.425,3.19,-1.44,3.18,-1.44,INF,-1,1,7,0
8660,1,1,15.421,-6.191,1.44,-0.58,1.44,-0.58,INF,-1,1,7,0
8680,1,1,6.779,-4.022,0.63,-0.38,0.63,-0.38,INF,-1,1,7,0
8700,1,1,9.860,-7.283,0.92,-0.68,0.92,-0.68,INF,-1,0,7,0
8720,1,1,12.251,-0.293,1.14,-0.03,1.14,-0.03,INF,-1,0,7,0
8740,1,1,7.585,4.587,0.71,0.43,0.71,0.43,INF,-1,0,7,0
8760,1,1,7.230,7.114,0.68,0.66,0.68,0.66,INF,-1,0,7,0
8780,1,1,7.148,2.704,0.67,0.25,0.67,0.25,INF,-1,0,7,0
8800,1,1,9.436,3.910,0.88,0.37,0.88,0.37,INF,-1,0,7,0
8820,1,1,8.026,4.690,0.75,0.44,0.75,0.44,INF,-1,0,7,0
8840,1,1,9.380,1.672,0.88,0.16,0.88,0.16,INF,-1,0,7,0
8860,1,1,7.783,3.008,0.73,0.28,0.73,0.28,INF,-1,0,7,0
8880,1,1,9.607,2.870,0.90,0.27,0.90,0.27,INF,-1,0,7,0
8900,1,1,6.882,1.130,0.64,0.11,0.64,0.11,INF,-1,0,7,0
8920,1,1,8.104,3.681,0.76,0.34,0.76,0.34,INF,-1,0,7,0
8940,1,1,9.622,1.977,0.90,0.18,0.90,0.18,INF,-1,1,7,0
8960,1,1,8.256,1.671,0.77,0.16,0.77,0.16,INF,-1,1,7,0
8980,1,1,8.396,1.311,0.78,0.12,0.78,0.12,INF,-1,1,7,0
9000,1,1,9.287,1.869,0.87,0.17,0.87,0.17,INF,-1,1,7,0
9020,1,1,7.546,1.199,0.71,0.11,0.71,0.11,INF,-1,1,7,0
9040,1,1,8.415,1.663,0.79,0.16,0.79,0.16,INF,-1,1,7,0
9060,1,1,9.072,2.609,0.85,0.24,0.85,0.24,INF,-1,1,7,0
9080,1,1,8.887,-1.711,0.83,-0.16,0.83,-0.16,INF,-1,1,7,0
9100,1,1,7.700,1.965,0.72,0.18,0.72,0.18,INF,-1,1,7,0
9120,1,1,9.914,0.711,0.93,0.07,0.93,0.07,INF,-1,1,7,0
9140,1,1,8.661,1.647,0.81,0.15,0.81,0.15,INF,-1,1,7,0
9160,1,1,6.701,-1.545,0.63,-0.14,0.63,-0.14,INF,-1,1,7,0
9180,1,1,5.839,-0.211,0.55,-0.02,0.55,-0.02,INF,-1,1,7,0
9200,1,1,8.618,2.179,0.81,0.20,0.81,0.20,INF,-1,1,7,0
9220,1,1,7.653,0.241,0.72,0.02,0.72,0.02,INF,-1,1,7,0
9240,1,1,10.879,1.081,1.02,0.10,1.02,0.10,INF,-1,1,7,0
9260,1,1,10.348,-1.439,0.97,-0.13,0.97,-0.13,INF,-1,1,7,0
9280,1,1,5.362,-4.310,0.50,-0.40,0.50,-0.40,INF,-1,1,7,0
9300,1,1,0.018,-6.949,0.00,-0.65,0.00,-0.65,INF,-1,1,7,0
9320,1,1,0.867,-5.990,0.08,-0.56,0.08,-0.56,INF,-1,1,7,0
9340,1,1,1.510,-5.164,0.14,-0.48,0.14,-0.48,INF,-1,1,7,0
9360,1,1,0.335,-5.950,0.03,-0.56,0.03,-0.56,INF,-1,1,7,0
9380,1,1,2.377,-6.289,0.22,-0.59,0.22,-0.59,INF,-1,1,7,0
9400,1,1,1.281,-8.677,0.12,-0.81,0.12,-0.81,INF,-1,0,7,0
9420,1,1,1.813,-5.987,0.17,-0.56,0.17,-0.56,INF,-1,0,7,0
9440,1,1,2.154,-7.782,0.20,-0.73,0.20,-0.73,INF,-1,0,7,0
9460,1,1,11.383,-8.711,1.06,-0.81,1.06,-0.81,INF,-1,0,7,0
9480,1,1,33.917,-12.004,3.17,-1.12,3.17,-1.12,INF,-1,0,7,0
9500,1,1,28.039,-10.345,2.62,-0.97,2.62,-0.97,INF,-1,0,7,0
9520,1,1,28.903,-11.477,2.70,-1.07,2.70,-1.07,INF,-1,0,7,0
9540,1,1,33.297,-13.000,3.11,-1.21,3.11,-1.21,INF,-1,0,7,0
9560,1,1,32.502,-13.944,3.04,-1.30,3.03,-1.30,INF,-1,0,7,0
9580,1,1,28.561,-11.091,2.67,-1.04,2.67,-1.04,INF,-1,0,7,0
9600,1,1,30.208,-12.043,2.82,-1.12,2.82,-1.13,INF,-1,0,7,0
9620,1,1,28.913,-11.234,2.70,-1.05,2.70,-1.05,INF,-1,0,7,0
9640,1,1,29.661,-11.892,2.77,-1.11,2.77,-1.11,INF,-1,0,7,0
9660,1,1,30.881,-13.152,2.88,-1.23,2.88,-1.23,INF,-1,0,7,0
9680,1,1,30.995,-13.640,2.89,-1.27,2.89,-1.27,INF,-1,0,7,0
9700,1,1,30.624,-14.259,2.86,-1.33,2.86,-1.33,INF,-1,0,7,0
9720,1,1,31.544,-12.724,2.95,-1.19,2.95,-1.19,INF,-1,0,7,0
9740,1,1,33.049,-13.155,3.09,-1.23,3.09,-1.23,INF,-1,1,7,0
9760,1,1,33.464,-15.778,3.12,-1.47,3.12,-1.47,INF,-1,1,7,0
9780,1,1,30.367,-12.349,2.84,-1.15,2.84,-1.15,INF,-1,1,7,0
9800,1,1,31.701,-13.214,2.96,-1.23,2.96,-1.23,INF,-1,1,7,0
9820,1,1,32.655,-13.077,3.05,-1.22,3.05,-1.22,INF,-1,1,7,0
9840,1,1,29.836,-12.639,2.79,-1.18,2.79,-1.18,INF,-1,1,7,0
9860,1,1,33.445,-11.451,3.12,-1.07,3.12,-1.07,INF,-1,1,7,0
9880,1,1,30.672,-12.463,2.86,-1.16,2.86,-1.16,INF,-1,1,7,0
9900,1,1,28.151,-11.006,2.63,-1.03,2.63,-1.03,INF,-1,1,7,0
9920,1,1,32.591,-11.590,3.04,-1.08,3.04,-1.08,INF,-1,1,7,0
9940,1,1,32.992,-13.265,3.08,-1.24,3.08,-1.24,INF,-1,1,7,0
9960,1,1,32.485,-15.283,3.03,-1.43,3.03,-1.43,INF,-1,1,7,0
9980,1,1,31.332,-13.565,2.93,-1.27,2.93,-1.27,INF,-1,1,7,0
10000,1,1,31.976,-13.502,2.99,-1.26,2.99,-1.26,INF,-1,1,7,0
10020,1,1,30.911,-12.790,2.89,-1.19,2.89,-1.20,INF,-1,1,7,0
10040,1,1,18.211,3.318,1.70,0.31,1.70,0.31,INF,-1,1,7,0
10060,1,1,9.418,11.388,0.88,1.06,0.88,1.06,INF,-1,1,7,0
10080,1,1,14.006,7.543,1.31,0.70,1.31,0.71,INF,-1,0,7,0
10100,1,1,12.721,9.063,1.19,0.85,1.19,0.85,INF,-1,0,7,0
10120,1,1,11.192,8.903,1.05,0.83,1.05,0.83,INF,-1,0,7,0
10140,1,1,11.283,9.656,1.05,0.90,1.05,0.90,INF,-1,0,7,0
10160,1,1,13.412,8.642,1.25,0.81,1.25,0.81,INF,-1,0,7,0
10180,1,1,12.755,6.787,1.19,0.63,1.19,0.63,INF,-1,0,7,0
10200,1,1,13.383,7.998,1.25,0.75,1.25,0.75,INF,-1,0,7,0
10220,1,1,11.342,9.647,1.06,0.90,1.06,0.90,INF,-1,0,7,0
10240,1,1,13.826,6.190,1.29,0.58,1.29,0.58,INF,-1,0,7,0
10260,1,1,11.362,7.538,1.06,0.70,1.06,0.70,INF,-1,0,7,0
10280,1,1,10.388,8.303,0.97,0.78,0.97,0.78,INF,-1,0,7,0
10300,1,1,11.536,8.052,1.08,0.75,1.08,0.75,INF,-1,0,7,0
10320,1,1,11.922,6.651,1.11,0.62,1.11,0.62,INF,-1,1,7,0
10340,1,1,11.658,9.234,1.09,0.86,1.09,0.86,INF,-1,1,7,0
10360,1,1,11.923,7.875,1.11,0.74,1.11,0.74,INF,-1,1,7,0
10380,1,1,10.653,8.444,1.00,0.79,1.00,0.79,INF,-1,1,7,0
10400,1,1,10.587,7.281,0.99,0.68,0.99,0.68,INF,-1,1,7,0
10420,1,1,12.613,6.470,1.18,0.60,1.18,0.60,INF,-1,1,7,0
10440,1,1,11.281,7.644,1.05,0.71,1.05,0.71,INF,-1,1,7,0
10460,1,1,12.823,9.217,1.20,0.86,1.20,0.86,INF,-1,1,7,0
10480,1,1,12.111,7.543,1.13,0.70,1.13,0.70,INF,-1,1,7,0
10500,1,1,11.575,6.405,1.08,0.60,1.08,0.60,INF,-1,1,7,0
10520,1,1,10.366,6.944,0.97,0.65,0.97,0.65,INF,-1,1,7,0
10540,1,1,11.754,5.848,1.10,0.55,1.10,0.55,INF,-1,1,7,0
10560,1,1,8.666,6.190,0.81,0.58,0.81,0.58,INF,-1,1,7,0
10580,1,1,11.358,5.975,1.06,0.56,1.06,0.56,INF,-1,1,7,0
10600,1,1,23.250,-1.167,2.17,-0.11,2.17,-0.11,INF,-1,1,7,0
10620,0,1,0.000,0.000,0.00,0.00,0.00,0.00,0.00,-1,1,7,0
10640,1,1,38.969,-5.697,3.64,-0.53,3.64,-0.53,INF,-1,1,7,0
10660,1,1,42.433,-5.957,3.96,-0.56,3.96,-0.56,INF,-1,1,7,0
10680,1,1,43.289,-6.350,4.04,-0.59,4.04,-0.59,INF,-1,0,7,0
10700,1,1,43.878,-11.346,4.09,-1.06,4.09,-1.06,INF,-1,0,7,0
10720,1,1,43.537,-8.280,4.06,-0.77,4.06,-0.77,INF,-1,0,7,0
10740,1,1,42.817,-9.173,4.00,-0.86,4.00,-0.86,INF,-1,0,7,0
10760,1,1,41.661,-7.800,3.89,-0.73,3.89,-0.73,INF,-1,0,7,0
10780,1,1,44.477,-8.103,4.15,-0.76,4.15,-0.76,INF,-1,0,7,0
10800,1,1,42.600,-8.948,3.98,-0.83,3.97,-0.84,INF,-1,0,7,0
10820,1,1,42.207,-8.968,3.94,-0.84,3.94,-0.84,INF,-1,0,7,0
10840,1,1,42.508,-8.066,3.97,-0.75,3.97,-0.75,INF,-1,0,7,0
10860,1,1,44.854,-9.099,4.18,-0.85,4.18,-0.85,INF,-1,0,7,0
10880,1,1,42.614,-8.705,3.98,-0.81,3.98,-0.81,INF,-1,0,7,0
10900,1,1,45.204,-7.692,4.22,-0.72,4.22,-0.72,INF,-1,0,7,0
10920,1,1,43.155,-5.748,4.03,-0.54,4.03,-0.54,INF,-1,1,7,0
10940,1,1,33.828,-9.546,3.16,-0.89,3.16,-0.89,INF,-1,1,7,0
10960,1,1,30.804,-7.860,2.88,-0.73,2.88,-0.73,INF,-1,1,7,0
10980,1,1,31.104,-9.557,2.90,-0.89,2.90,-0.89,INF,-1,1,7,0
11000,1,1,30.043,-9.045,2.81,-0.84,2.81,-0.85,INF,-1,0,7,0
11020,1,1,28.056,-10.113,2.62,-0.94,2.62,-0.95,INF,-1,0,7,0
11040,1,1,29.611,-9.080,2.77,-0.85,2.77,-0.85,INF,-1,0,7,0
11060,1,1,30.559,-7.972,2.85,-0.74,2.85,-0.75,INF,-1,0,7,0
11080,1,1,29.945,-9.444,2.80,-0.88,2.80,-0.88,INF,-1,0,7,0
11100,1,1,29.319,-7.631,2.74,-0.71,2.74,-0.71,INF,-1,0,7,0
11120,1,1,28.285,-9.449,2.64,-0.88,2.64,-0.88,INF,-1,0,7,0
11140,1,1,30.721,-11.426,2.87,-1.07,2.87,-1.07,INF,-1,0,7,0
11160,1,1,29.442,-10.245,2.75,-0.96,2.75,-0.96,INF,-1,0,7,0
11180,1,1,31.798,-9.506,2.97,-0.89,2.97,-0.89,INF,-1,0,7,0
11200,1,1,30.268,-11.886,2.83,-1.11,2.83,-1.11,INF,-1,0,7,0
11220,1,1,28.038,-7.857,2.62,-0.73,2.62,-0.73,INF,-1,0,7,0
11240,1,1,29.831,-10.466,2.79,-0.98,2.79,-0.98,INF,-1,1,7,0
11260,1,1,19.679,-9.922,1.84,-0.93,1.84,-0.93,INF,-1,1,7,0
11280,1,1,-5.446,-1.311,-0.51,-0.12,-0.51,-0.12,INF,-1,1,7,0
11300,1,1,-6.460,-3.319,-0.60,-0.31,-0.60,-0.31,INF,-1,0,7,0
11320,1,1,-2.137,-5.592,-0.20,-0.52,-0.20,-0.52,INF,-1,0,7,0
11340,1,1,-5.118,-4.437,-0.48,-0.41,-0.48,-0.41,INF,-1,0,7,0
11360,1,1,-6.608,-4.950,-0.62,-0.46,-0.62,-0.46,INF,-1,0,7,0
11380,1,1,-7.213,-3.908,-0.67,-0.37,-0.67,-0.37,INF,-1,0,7,0
11400,1,1,-7.119,-3.033,-0.67,-0.28,-0.67,-0.28,INF,-1,0,7,0
11420,1,1,-8.122,-5.718,-0.76,-0.53,-0.76,-0.53,INF,-1,0,7,0
11440,1,1,-4.923,-4.183,-0.46,-0.39,-0.46,-0.39,INF,-1,0,7,0
11460,1,1,-5.784,-3.043,-0.54,-0.28,-0.54,-0.28,INF,-1,0,7,0
11480,1,1,-4.747,-3.014,-0.44,-0.28,-0.44,-0.28,INF,-1,0,7,0
11500,1,1,-6.923,-3.315,-0.65,-0.31,-0.65,-0.31,INF,-1,0,7,0
11520,1,1,11.807,-4.829,1.10,-0.45,1.10,-0.45,INF,-1,0,7,0
11540,1,1,36.598,-3.214,3.42,-0.30,3.42,-0.30,INF,-1,0,7,0
11560,1,1,33.465,-2.659,3.12,-0.25,3.12,-0.25,INF,-1,0,7,0
11580,1,1,33.592,-2.483,3.14,-0.23,3.14,-0.23,INF,-1,0,7,0
11600,1,1,36.230,-3.575,3.38,-0.33,3.38,-0.33,INF,-1,0,7,0
11620,1,1,36.193,-2.296,3.38,-0.21,3.38,-0.21,INF,-1,0,7,0
11640,1,1,34.369,-2.238,3.21,-0.21,3.21,-0.21,INF,-1,0,7,0
11660,1,1,35.546,-2.207,3.32,-0.21,3.32,-0.21,INF,-1,0,7,0
11680,1,1,33.940,-0.072,3.17,-0.01,3.17,-0.01,INF,-1,0,7,0
11700,1,1,35.192,-3.808,3.29,-0.36,3.29,-0.36,INF,-1,0,7,0
11720,0,1,0.000,0.000,0.00,0.00,0.00,0.00,0.00,-1,0,7,0
11740,1,1,33.701,-2.756,3.15,-0.26,3.15,-0.26,INF,-1,0,7,0
11760,1,1,36.748,-3.190,3.43,-0.30,3.43,-0.30,INF,-1,1,7,0
11780,1,1,33.285,-1.166,3.11,-0.11,3.11,-0.11,INF,-1,1,7,0
11800,1,1,33.755,-3.238,3.15,-0.30,3.15,-0.30,INF,-1,1,7,0
11820,1,1,34.661,-4.117,3.24,-0.38,3.24,-0.38,INF,-1,1,7,0
11840,1,1,36.019,-8.776,3.36,-0.82,3.36,-0.82,INF,-1,1,7,0
11860,1,1,37.339,-8.041,3.49,-0.75,3.49,-0.75,INF,-1,1,7,0
11880,1,1,36.245,-4.605,3.38,-0.43,3.38,-0.43,INF,-1,0,7,0
11900,1,1,37.469,-6.278,3.50,-0.59,3.50,-0.59,INF,-1,0,7,0
11920,1,1,34.693,-6.007,3.24,-0.56,3.24,-0.56,INF,-1,0,7,0
11940,0,1,0.000,0.000,0.00,0.00,0.00,0.00,0.00,-1,0,7,0
11960,0,1,0.000,0.000,0.00,0.00,0.00,0.00,0.00,-1,0,7,0
11980,1,1,34.936,-4.716,3.26,-0.44,3.26,-0.44,INF,-1,0,7,0
12000,1,1,28.911,-11.241,2.70,-1.05,2.70,-1.05,INF,-1,0,7,0
12020,1,1,-12.434,-14.239,-1.16,-1.33,-1.16,-1.33,INF,-1,0,7,0
12040,1,1,-17.438,-19.250,-1.63,-1.80,-1.63,-1.80,INF,-1,0,7,0
12060,1,1,-10.643,-17.624,-0.99,-1.65,-0.99,-1.65,INF,-1,0,7,0
12080,1,1,-15.279,-18.038,-1.43,-1.68,-1.43,-1.69,INF,-1,0,7,0
12100,1,1,-18.132,-17.283,-1.69,-1.61,-1.69,-1.61,INF,-1,0,7,0
12120,1,1,-14.455,-16.829,-1.35,-1.57,-1.35,-1.57,INF,-1,0,7,0
12140,1,1,-14.584,-17.825,-1.36,-1.67,-1.36,-1.67,INF,-1,0,7,0
12160,1,1,-14.919,-19.564,-1.39,-1.83,-1.39,-1.83,INF,-1,0,7,0
12180,1,1,-15.026,-17.879,-1.40,-1.67,-1.40,-1.67,INF,-1,0,7,0
12200,1,1,-18.136,-18.755,-1.69,-1.75,-1.69,-1.75,INF,-1,0,7,0
12220,1,1,-12.672,-18.222,-1.18,-1.70,-1.18,-1.70,INF,-1,0,7,0
12240,1,1,-12.946,-18.749,-1.21,-1.75,-1.21,-1.75,INF,-1,0,7,0
12260,1,1,-16.017,-19.423,-1.50,-1.81,-1.50,-1.81,INF,-1,0,7,0
12280,1,1,-11.689,-19.415,-1.09,-1.81,-1.09,-1.81,INF,-1,0,7,0
12300,1,1,20.567,-13.679,1.92,-1.28,1.92,-1.28,INF,-1,1,7,0
12320,1,1,31.652,-11.345,2.96,-1.06,2.96,-1.06,INF,-1,1,7,0
12340,1,1,27.204,-12.917,2.54,-1.21,2.54,-1.21,INF,-1,0,7,0
12360,1,1,25.041,-12.603,2.34,-1.18,2.34,-1.18,INF,-1,0,7,0
12380,1,1,28.685,-11.733,2.68,-1.10,2.68,-1.10,INF,-1,0,7,0
12400,0,1,0.000,0.000,0.00,0.00,0.00,0.00,0.00,-1,0,7,0
12420,1,1,-321.427,72.001,-27.67,5.94,-27.51,6.70,INF,-1,0,7,0
12440,1,1,26.737,-9.514,2.50,-0.89,2.50,-0.89,INF,-1,0,7,0
12460,1,1,29.476,-13.201,2.75,-1.23,2.75,-1.23,INF,-1,0,7,0
12480,1,1,26.915,-10.326,2.51,-0.96,2.51,-0.97,INF,-1,0,7,0
12500,1,1,24.841,-9.081,2.32,-0.85,2.32,-0.85,INF,-1,0,7,0
12520,1,1,27.112,-12.583,2.53,-1.17,2.53,-1.18,INF,-1,0,7,0
12540,1,1,30.339,-13.052,2.83,-1.22,2.83,-1.22,INF,-1,0,7,0
12560,1,1,26.908,-11.277,2.51,-1.05,2.51,-1.05,INF,-1,0,7,0
12580,1,1,26.647,-13.636,2.49,-1.27,2.49,-1.27,INF,-1,1,7,0
12600,1,1,28.434,-12.196,2.66,-1.14,2.66,-1.14,INF,-1,1,7,0
12620,1,1,32.082,-13.511,3.00,-1.26,3.00,-1.26,INF,-1,1,7,0
12640,1,1,26.550,-10.125,2.48,-0.95,2.48,-0.95,INF,-1,1,7,0
12660,1,1,29.347,-11.578,2.74,-1.08,2.74,-1.08,INF,-1,1,7,0
12680,1,1,27.654,-13.766,2.58,-1.29,2.58,-1.29,INF,-1,1,7,0
12700,1,1,33.493,-12.054,3.13,-1.12,3.13,-1.13,INF,-1,1,7,0
12720,1,1,27.807,-11.036,2.60,-1.03,2.60,-1.03,INF,-1,1,7,0
12740,1,1,19.913,-9.008,1.86,-0.84,1.86,-0.84,INF,-1,1,7,0
12760,1,1,-1.656,2.259,-0.15,0.21,-0.15,0.21,INF,-1,1,7,0
12780,1,1,-3.267,1.528,-0.31,0.14,-0.31,0.14,INF,-1,1,7,0
12800,1,1,1.384,1.214,0.13,0.11,0.13,0.11,INF,-1,0,7,0
12820,1,1,-2.648,2.129,-0.25,0.20,-0.25,0.20,INF,-1,0,7,0
12840,1,1,-3.401,4.291,-0.32,0.40,-0.32,0.40,INF,-1,0,7,0
12860,1,1,-1.827,3.532,-0.17,0.33,-0.17,0.33,INF,-1,0,7,0
12880,1,1,-2.741,1.876,-0.26,0.18,-0.26,0.18,INF,-1,0,7,0
12900,1,1,-2.332,5.113,-0.22,0.48,-0.22,0.48,INF,-1,0,7,0
12920,1,1,-3.799,4.037,-0.36,0.38,-0.36,0.38,INF,-1,0,7,0
12940,1,1,-2.445,2.544,-0.23,0.24,-0.23,0.24,INF,-1,0,7,0
12960,1,1,-3.096,-0.372,-0.29,-0.03,-0.29,-0.03,INF,-1,0,7,0
12980,1,1,-3.530,3.032,-0.33,0.28,-0.33,0.28,INF,-1,0,7,0
13000,1,1,-1.659,1.992,-0.16,0.19,-0.16,0.19,INF,-1,0,7,0
13020,1,1,-1.068,1.084,-0.10,0.10,-0.10,0.10,INF,-1,0,7,0
13040,1,1,-1.870,1.245,-0.17,0.12,-0.17,0.12,INF,-1,1,7,0
13060,1,1,-3.391,2.781,-0.32,0.26,-0.32,0.26,INF,-1,1,7,0
13080,1,1,-1.946,1.779,-0.18,0.17,-0.18,0.17,INF,-1,1,7,0
13100,1,1,-3.254,3.373,-0.30,0.32,-0.30,0.32,INF,-1,1,7,0
13120,1,1,-4.355,0.534,-0.41,0.05,-0.41,0.05,INF,-1,1,7,0
13140,1,1,19.546,-0.134,1.83,-0.01,1.83,-0.01,INF,-1,1,7,0
13160,1,1,38.683,3.826,3.61,0.36,3.61,0.36,INF,-1,1,7,0
13180,1,1,38.460,1.518,3.59,0.14,3.59,0.14,INF,-1,0,7,0
13200,1,1,35.508,2.218,3.32,0.21,3.32,0.21,INF,-1,0,7,0
13220,1,1,34.553,2.174,3.23,0.20,3.23,0.20,INF,-1,0,7,0
13240,1,1,38.178,1.244,3.56,0.12,3.56,0.12,INF,-1,0,7,0
13260,1,1,36.075,0.573,3.37,0.05,3.37,0.05,INF,-1,0,7,0
13280,1,1,36.313,2.600,3.39,0.24,3.39,0.24,INF,-1,0,7,0
13300,1,1,39.642,2.207,3.70,0.21,3.70,0.21,INF,-1,0,7,0
13320,1,1,37.479,2.888,3.50,0.27,3.50,0.27,INF,-1,0,7,0
13340,1,1,35.007,2.072,3.27,0.19,3.27,0.19,INF,-1,0,7,0
13360,0,1,0.000,0.000,0.00,0.00,0.00,0.00,0.00,-1,0,7,0
13380,1,1,204.404,-99.767,18.44,-8.78,18.22,-9.24,INF,-1,0,7,0
13400,1,1,35.922,2.810,3.35,0.26,3.35,0.26,INF,-1,0,7,0
13420,1,1,36.498,2.256,3.41,0.21,3.41,0.21,INF,-1,0,7,0
13440,0,1,0.000,0.000,0.00,0.00,0.00,0.00,0.00,-1,1,7,0
13460,0,1,0.000,0.000,0.00,0.00,0.00,0.00,0.00,-1,1,7,0
13480,1,1,38.933,0.055,3.63,0.01,3.63,0.01,INF,-1,1,7,0
13500,1,1,38.028,1.641,3.55,0.15,3.55,0.15,INF,-1,1,7,0
13520,1,1,35.518,1.848,3.32,0.17,3.32,0.17,INF,-1,1,7,0
13540,1,1,38.799,-1.245,3.62,-0.12,3.62,-0.12,INF,-1,1,7,0
13560,1,1,34.245,-3.989,3.20,-0.37,3.20,-0.37,INF,-1,1,7,0
13580,0,1,0.000,0.000,0.00,0.00,0.00,0.00,0.00,-1,1,7,0
13600,0,1,0.000,0.000,0.00,0.00,0.00,0.00,0.00,-1,1,7,0
13620,0,1,0.000,0.000,0.00,0.00,0.00,0.00,0.00,-1,1,7,0
13640,0,1,0.000,0.000,0.00,0.00,0.00,0.00,0.00,-1,1,7,0
13660,0,1,0.000,0.000,0.00,0.00,0.00,0.00,0.00,-1,0,7,0
13680,0,1,0.000,0.000,0.00,0.00,0.00,0.00,0.00,-1,0,7,0
13700,0,1,0.000,0.000,0.00,0.00,0.00,0.00,0.00,-1,0,7,0
13720,0,1,0.000,0.000,0.00,0.00,0.00,0.00,0.00,-1,0,7,0
13740,0,1,0.000,0.000,0.00,0.00,0.00,0.00,0.00,-1,0,7,0
13760,0,1,0.000,0.000,0.00,0.00,0.00,0.00,0.00,-1,0,7,0
13780,0,1,0.000,0.000,0.00,0.00,0.00,0.00,0.00,-1,0,7,0
13800,0,1,0.000,0.000,0.00,0.00,0.00,0.00,0.00,-1,0,7,0
13820,0,1,0.000,0.000,0.00,0.00,0.00,0.00,0.00,-1,0,7,0
13840,0,1,0.000,0.000,0.00,0.00,0.00,0.00,0.00,-1,0,7,0
13860,0,1,0.000,0.000,0.00,0.00,0.00,0.00,0.00,-1,0,7,0
13880,0,1,0.000,0.000,0.00,0.00,0.00,0.00,0.00,-1,0,7,0
13900,0,1,0.000,0.000,0.00,0.00,0.00,0.00,0.00,-1,0,7,0
13920,0,1,0.000,0.000,0.00,0.00,0.00,0.00,0.00,-1,0,7,0
13940,0,1,0.000,0.000,0.00,0.00,0.00,0.00,INF,-1,0,7,0
13960,0,1,0.000,0.000,0.00,0.00,0.00,0.00,INF,-1,0,7,0
13980,0,1,0.000,0.000,0.00,0.00,0.00,0.00,0.00,-1,0,7,0
14000,0,1,0.000,0.000,0.00,0.00,0.00,0.00,0.00,-1,0,7,0
14020,0,1,0.000,0.000,0.00,0.00,0.00,0.00,0.00,-1,0,7,0
14040,0,1,0.000,0.000,0.00,0.00,0.00,0.00,0.00,-1,0,7,0
14060,0,1,0.000,0.000,0.00,0.00,0.00,0.00,0.00,-1,0,7,0
14080,0,1,0.000,0.000,0.00,0.00,0.00,0.00,0.00,-1,0,7,0
14100,0,1,0.000,0.000,0.00,0.00,0.00,0.00,0.00,-1,0,7,0
14120,0,1,0.000,0.000,0.00,0.00,0.00,0.00,0.00,-1,0,7,0
14140,0,1,0.000,0.000,0.00,0.00,0.00,0.00,0.00,-1,0,7,0
14160,0,1,0.000,0.000,0.00,0.00,0.00,0.00,0.00,-1,0,7,0
14180,0,1,0.000,0.000,0.00,0.00,0.00,0.00,0.00,-1,0,7,0
14200,0,1,0.000,0.000,0.00,0.00,0.00,0.00,0.00,-1,0,7,0
14220,0,1,0.000,0.000,0.00,0.00,0.00,0.00,0.00,-1,0,7,0
14240,0,1,0.000,0.000,0.00,0.00,0.00,0.00,0.00,-1,0,7,0
14260,0,1,0.000,0.000,0.00,0.00,0.00,0.00,0.00,-1,0,7,0
14280,0,1,0.000,0.000,0.00,0.00,0.00,0.00,0.00,-1,0,7,0
14300,1,1,27.017,-10.327,2.52,-0.96,2.52,-0.97,INF,-1,0,7,0
14320,1,1,8.410,8.064,0.79,0.75,0.79,0.75,INF,-1,0,7,0
14340,1,1,9.715,8.553,0.91,0.80,0.91,0.80,INF,-1,0,7,0
14360,1,1,13.069,7.218,1.22,0.67,1.22,0.67,INF,-1,0,7,0
14380,1,1,10.392,9.542,0.97,0.89,0.97,0.89,INF,-1,0,7,0
14400,1,1,8.794,8.925,0.82,0.83,0.82,0.83,INF,-1,0,7,0
14420,1,1,9.920,7.954,0.93,0.74,0.93,0.74,INF,-1,0,7,0
14440,1,1,11.574,8.536,1.08,0.80,1.08,0.80,INF,-1,0,7,0
14460,1,1,11.578,5.904,1.08,0.55,1.08,0.55,INF,-1,0,7,0
14480,1,1,8.550,7.739,0.80,0.72,0.80,0.72,INF,-1,0,7,0
14500,1,1,9.992,7.195,0.93,0.67,0.93,0.67,INF,-1,0,7,0
14520,1,1,12.931,6.533,1.21,0.61,1.21,0.61,INF,-1,0,7,0
14540,1,1,11.287,6.667,1.05,0.62,1.05,0.62,INF,-1,0,7,0
14560,1,1,11.620,5.304,1.09,0.50,1.09,0.50,INF,-1,0,7,0
14580,1,1,11.291,6.549,1.06,0.61,1.06,0.61,INF,-1,0,7,0
14600,1,1,22.193,3.789,2.07,0.35,2.07,0.35,INF,-1,1,7,0
14620,1,1,40.704,3.912,3.80,0.36,3.80,0.37,INF,-1,1,7,0
14640,1,1,37.286,5.049,3.48,0.47,3.48,0.47,INF,-1,0,7,0
14660,1,1,38.072,3.982,3.55,0.37,3.55,0.37,INF,-1,0,7,0
14680,1,1,36.070,5.867,3.37,0.55,3.37,0.55,INF,-1,0,7,0
14700,1,1,38.371,4.907,3.58,0.46,3.58,0.46,INF,-1,0,7,0
14720,1,1,37.957,6.187,3.54,0.58,3.54,0.58,INF,-1,0,7,0
14740,1,1,37.102,7.024,3.46,0.66,3.46,0.66,INF,-1,0,7,0
14760,1,1,39.281,3.391,3.67,0.32,3.67,0.32,INF,-1,0,7,0
14780,1,1,37.069,4.642,3.46,0.43,3.46,0.43,INF,-1,0,7,0
14800,1,1,37.703,6.768,3.52,0.63,3.52,0.63,INF,-1,0,7,0
14820,1,1,39.646,5.887,3.70,0.55,3.70,0.55,INF,-1,0,7,0
14840,1,1,37.276,3.771,3.48,0.35,3.48,0.35,INF,-1,0,7,0
14860,1,1,37.952,4.791,3.54,0.45,3.54,0.45,INF,-1,0,7,0
14880,1,1,37.633,4.871,3.51,0.45,3.51,0.46,INF,-1,0,7,0
14900,1,1,38.038,2.565,3.55,0.24,3.55,0.24,INF,-1,1,7,0
14920,1,1,37.792,5.584,3.53,0.52,3.53,0.52,INF,-1,1,7,0
14940,1,1,36.505,5.184,3.41,0.48,3.41,0.48,INF,-1,1,7,0
14960,1,1,36.983,4.935,3.45,0.46,3.45,0.46,INF,-1,1,7,0
14980,1,1,37.784,5.274,3.53,0.49,3.53,0.49,INF,-1,1,7,0
