"EyeTracker Toolbox version","3.250"
CalibrationParameters_A11,1.05849
CalibrationParameters_A12,0.05823
CalibrationParameters_A13,0.03933
CalibrationParameters_A21,0.05939
CalibrationParameters_A22,-1.07423
CalibrationParameters_A23,0.01582
CalibrationParameters_A31,0.00038
CalibrationParameters_A32,-0.00146
CalibrationParameters_E11,-0.18013
CalibrationParameters_E12,0.00002
CalibrationParameters_E21,0.00022
CalibrationParameters_E22,0.20003
CalibrationParameters_X,10.11921
CalibrationParameters_Y,-34.98284
CalibrationParameters_Rpc,94.29678
CalibrationParameters_MeanX,110.30362
CalibrationParameters_MeanY,118.14572
CalibrationParameters_ViewDist,613.00000
TimeStamp,Tracked,Calibrated,ScreenPositionXmm,ScreenPositionYmm,FicksLongitude,FicksLatitude,HelmholtzAzimuth,HelmholtzElevation,PupilDiameter,Region,Fixation,DigitalIO,Dropped
0,1,1,-11.298,-5.688,-1.06,-0.53,-1.06,-0.53,INF,-1,0,7,0
20,1,1,-11.315,-7.485,-1.06,-0.70,-1.06,-0.70,INF,-1,0,7,0
40,1,1,-10.227,-7.181,-0.96,-0.67,-0.96,-0.67,INF,-1,0,7,0
60,1,1,-7.271,-6.025,-0.68,-0.56,-0.68,-0.56,INF,-1,0,7,0
80,1,1,-8.727,-7.043,-0.82,-0.66,-0.82,-0.66,INF,-1,0,7,0
100,1,1,-9.265,-7.220,-0.87,-0.67,-0.87,-0.67,INF,-1,0,7,0
120,1,1,-8.003,-7.259,-0.75,-0.68,-0.75,-0.68,INF,-1,0,7,0
140,1,1,-8.588,-7.377,-0.80,-0.69,-0.80,-0.69,INF,-1,0,7,0
160,1,1,-7.676,-5.292,-0.72,-0.49,-0.72,-0.49,INF,-1,0,7,0
180,1,1,-7.012,-7.245,-0.66,-0.68,-0.66,-0.68,INF,-1,0,7,0
200,1,1,-7.871,-8.417,-0.74,-0.79,-0.74,-0.79,INF,-1,0,7,0
220,1,1,-8.094,-7.241,-0.76,-0.68,-0.76,-0.68,INF,-1,0,7,0
240,1,1,-8.158,-6.934,-0.76,-0.65,-0.76,-0.65,INF,-1,0,7,0
260,1,1,-11.927,-6.043,-1.11,-0.56,-1.11,-0.56,INF,-1,0,7,0
280,1,1,-16.220,-2.101,-1.52,-0.20,-1.52,-0.20,INF,-1,1,7,0
300,1,1,-14.593,-2.035,-1.36,-0.19,-1.36,-0.19,INF,-1,1,7,0
320,1,1,-15.570,-2.580,-1.45,-0.24,-1.45,-0.24,INF,-1,1,7,0
340,1,1,-14.333,-3.057,-1.34,-0.29,-1.34,-0.29,INF,-1,1,7,0
360,1,1,-10.751,-2.637,-1.00,-0.25,-1.00,-0.25,INF,-1,1,7,0
380,1,1,-16.150,-1.631,-1.51,-0.15,-1.51,-0.15,INF,-1,1,7,0
400,1,1,-15.515,-3.446,-1.45,-0.32,-1.45,-0.32,INF,-1,1,7,0
420,1,1,-15.486,-1.690,-1.45,-0.16,-1.45,-0.16,INF,-1,1,7,0
440,1,1,-14.375,-0.896,-1.34,-0.08,-1.34,-0.08,INF,-1,1,7,0
460,1,1,-14.735,-3.465,-1.38,-0.32,-1.38,-0.32,INF,-1,1,7,0
480,1,1,-13.284,-3.852,-1.24,-0.36,-1.24,-0.36,INF,-1,1,7,0
500,1,1,-14.274,-1.125,-1.33,-0.11,-1.33,-0.11,INF,-1,1,7,0
520,1,1,-16.539,3.524,-1.55,0.33,-1.55,0.33,INF,-1,1,7,0
540,1,1,-17.562,0.050,-1.64,0.00,-1.64,0.00,INF,-1,1,7,0
560,1,1,-17.566,0.125,-1.64,0.01,-1.64,0.01,INF,-1,0,7,0
580,1,1,-20.772,1.297,-1.94,0.12,-1.94,0.12,INF,-1,0,7,0
600,1,1,-20.100,3.098,-1.88,0.29,-1.88,0.29,INF,-1,0,7,0
620,1,1,-18.632,0.523,-1.74,0.05,-1.74,0.05,INF,-1,0,7,0
640,1,1,-17.771,2.541,-1.66,0.24,-1.66,0.24,INF,-1,0,7,0
660,1,1,-18.401,0.172,-1.72,0.02,-1.72,0.02,INF,-1,0,7,0
680,1,1,-19.890,2.220,-1.86,0.21,-1.86,0.21,INF,-1,0,7,0
700,1,1,-16.948,-0.250,-1.58,-0.02,-1.58,-0.02,INF,-1,0,7,0
720,1,1,-20.239,1.656,-1.89,0.15,-1.89,0.15,INF,-1,0,7,0
740,1,1,-16.553,1.322,-1.55,0.12,-1.55,0.12,INF,-1,0,7,0
760,1,1,-19.238,1.118,-1.80,0.10,-1.80,0.10,INF,-1,0,7,0
780,1,1,-14.393,2.305,-1.35,0.22,-1.35,0.22,INF,-1,0,7,0
800,1,1,-15.027,0.499,-1.40,0.05,-1.40,0.05,INF,-1,1,7,0
820,1,1,-15.594,1.540,-1.46,0.14,-1.46,0.14,INF,-1,1,7,0
840,1,1,-18.603,0.406,-1.74,0.04,-1.74,0.04,INF,-1,1,7,0
860,1,1,-17.412,2.114,-1.63,0.20,-1.63,0.20,INF,-1,1,7,0
880,1,1,-14.655,-0.945,-1.37,-0.09,-1.37,-0.09,INF,-1,1,7,0
900,1,1,-16.580,-2.195,-1.55,-0.21,-1.55,-0.21,INF,-1,1,7,0
920,1,1,-21.046,2.125,-1.97,0.20,-1.97,0.20,INF,-1,1,7,0
940,1,1,-19.650,0.628,-1.84,0.06,-1.84,0.06,INF,-1,1,7,0
960,1,1,-19.911,0.048,-1.86,0.00,-1.86,0.00,INF,-1,1,7,0
980,1,1,-14.194,2.357,-1.33,0.22,-1.33,0.22,INF,-1,1,7,0
1000,1,1,11.154,9.970,1.04,0.93,1.04,0.93,INF,-1,1,7,0
1020,1,1,33.398,12.268,3.12,1.14,3.12,1.15,INF,-1,1,7,0
1040,1,1,26.425,11.447,2.47,1.07,2.47,1.07,INF,-1,0,7,0
1060,1,1,26.787,10.331,2.50,0.96,2.50,0.97,INF,-1,0,7,0
1080,1,1,27.615,10.377,2.58,0.97,2.58,0.97,INF,-1,0,7,0
1100,1,1,26.237,9.592,2.45,0.90,2.45,0.90,INF,-1,0,7,0
1120,1,1,26.405,12.727,2.47,1.19,2.47,1.19,INF,-1,0,7,0
1140,1,1,26.709,11.971,2.49,1.12,2.49,1.12,INF,-1,0,7,0
1160,1,1,26.792,9.472,2.50,0.88,2.50,0.89,INF,-1,0,7,0
1180,1,1,28.235,12.133,2.64,1.13,2.64,1.13,INF,-1,0,7,0
1200,1,1,26.705,10.190,2.49,0.95,2.49,0.95,INF,-1,0,7,0
1220,1,1,10.655,6.669,1.00,0.62,1.00,0.62,INF,-1,0,7,0
1240,1,1,-19.298,2.586,-1.80,0.24,-1.80,0.24,INF,-1,0,7,0
1260,1,1,-15.083,2.904,-1.41,0.27,-1.41,0.27,INF,-1,0,7,0
1280,1,1,-17.440,3.215,-1.63,0.30,-1.63,0.30,INF,-1,0,7,0
1300,1,1,-20.801,1.114,-1.94,0.10,-1.94,0.10,INF,-1,0,7,0
1320,1,1,-18.415,3.838,-1.72,0.36,-1.72,0.36,INF,-1,0,7,0
1340,1,1,-20.414,2.807,-1.91,0.26,-1.91,0.26,INF,-1,0,7,0
1360,1,1,-19.876,1.323,-1.86,0.12,-1.86,0.12,INF,-1,0,7,0
1380,1,1,-22.324,3.229,-2.09,0.30,-2.09,0.30,INF,-1,0,7,0
1400,1,1,-18.837,1.483,-1.76,0.14,-1.76,0.14,INF,-1,0,7,0
1420,1,1,-20.544,1.873,-1.92,0.17,-1.92,0.18,INF,-1,0,7,0
1440,1,1,-19.918,0.832,-1.86,0.08,-1.86,0.08,INF,-1,0,7,0
1460,1,1,-20.897,-0.092,-1.95,-0.01,-1.95,-0.01,INF,-1,0,7,0
1480,1,1,-19.942,0.472,-1.86,0.04,-1.86,0.04,INF,-1,0,7,0
1500,1,1,-18.528,3.104,-1.73,0.29,-1.73,0.29,INF,-1,1,7,0
1520,1,1,-22.021,2.809,-2.06,0.26,-2.06,0.26,INF,-1,1,7,0
1540,1,1,-19.709,4.349,-1.84,0.41,-1.84,0.41,INF,-1,1,7,0
1560,1,1,-17.887,1.393,-1.67,0.13,-1.67,0.13,INF,-1,1,7,0
1580,1,1,-17.934,2.286,-1.68,0.21,-1.68,0.21,INF,-1,1,7,0
1600,1,1,-16.960,1.893,-1.58,0.18,-1.58,0.18,INF,-1,1,7,0
1620,1,1,-17.254,1.880,-1.61,0.18,-1.61,0.18,INF,-1,1,7,0
1640,1,1,-20.650,3.261,-1.93,0.30,-1.93,0.30,INF,-1,1,7,0
1660,1,1,-21.204,3.526,-1.98,0.33,-1.98,0.33,INF,-1,1,7,0
1680,1,1,-20.071,1.930,-1.88,0.18,-1.88,0.18,INF,-1,1,7,0
1700,1,1,-19.395,1.087,-1.81,0.10,-1.81,0.10,INF,-1,1,7,0
1720,1,1,-13.244,2.145,-1.24,0.20,-1.24,0.20,INF,-1,1,7,0
1740,1,1,-13.901,0.927,-1.30,0.09,-1.30,0.09,INF,-1,1,7,0
1760,1,1,-16.671,1.777,-1.56,0.17,-1.56,0.17,INF,-1,1,7,0
1780,1,1,-15.699,-0.715,-1.47,-0.07,-1.47,-0.07,INF,-1,1,7,0
1800,1,1,-17.647,0.611,-1.65,0.06,-1.65,0.06,INF,-1,1,7,0
1820,1,1,-18.354,0.455,-1.71,0.04,-1.71,0.04,INF,-1,1,7,0
1840,1,1,-19.046,-0.023,-1.78,0.00,-1.78,0.00,INF,-1,1,7,0
1860,1,1,-19.315,-2.266,-1.80,-0.21,-1.80,-0.21,INF,-1,1,7,0
1880,1,1,-14.807,-1.068,-1.38,-0.10,-1.38,-0.10,INF,-1,1,7,0
1900,1,1,18.186,-6.602,1.70,-0.62,1.70,-0.62,INF,-1,1,7,0
1920,1,1,32.158,-10.865,3.00,-1.01,3.00,-1.02,INF,-1,1,7,0
1940,1,1,28.690,-10.571,2.68,-0.99,2.68,-0.99,INF,-1,0,7,0
1960,1,1,29.899,-10.148,2.79,-0.95,2.79,-0.95,INF,-1,0,7,0
1980,1,1,30.388,-10.874,2.84,-1.01,2.84,-1.02,INF,-1,0,7,0
2000,1,1,31.567,-10.849,2.95,-1.01,2.95,-1.01,INF,-1,0,7,0
2020,1,1,31.268,-11.227,2.92,-1.05,2.92,-1.05,INF,-1,0,7,0
2040,1,1,30.114,-11.442,2.81,-1.07,2.81,-1.07,INF,-1,0,7,0
2060,1,1,31.122,-11.438,2.91,-1.07,2.91,-1.07,INF,-1,0,7,0
2080,1,1,31.133,-14.011,2.91,-1.31,2.91,-1.31,INF,-1,0,7,0
2100,1,1,29.238,-12.953,2.73,-1.21,2.73,-1.21,INF,-1,0,7,0
2120,1,1,26.541,-13.602,2.48,-1.27,2.48,-1.27,INF,-1,0,7,0
2140,1,1,-8.204,-5.408,-0.77,-0.51,-0.77,-0.51,INF,-1,0,7,0
2160,1,1,-14.484,-5.595,-1.35,-0.52,-1.35,-0.52,INF,-1,0,7,0
2180,1,1,-9.558,-6.482,-0.89,-0.61,-0.89,-0.61,INF,-1,0,7,0
2200,1,1,-13.300,-6.615,-1.24,-0.62,-1.24,-0.62,INF,-1,0,7,0
2220,1,1,-10.279,-8.315,-0.96,-0.78,-0.96,-0.78,INF,-1,0,7,0
2240,1,1,-12.677,-7.659,-1.18,-0.72,-1.18,-0.72,INF,-1,0,7,0
2260,0,1,0.000,0.000,0.00,0.00,0.00,0.00,0.00,-1,0,7,0
2280,0,1,0.000,0.000,0.00,0.00,0.00,0.00,0.00,-1,0,7,0
2300,0,1,0.000,0.000,0.00,0.00,0.00,0.00,0.00,-1,0,7,0
2320,0,1,0.000,0.000,0.00,0.00,0.00,0.00,0.00,-1,0,7,0
2340,0,1,0.000,0.000,0.00,0.00,0.00,0.00,0.00,-1,0,7,0
2360,1,1,-14.946,3.780,-1.40,0.35,-1.40,0.35,INF,-1,0,7,0
2380,0,1,0.000,0.000,0.00,0.00,0.00,0.00,0.00,-1,0,7,0
2400,1,1,-16.545,-6.024,-1.55,-0.56,-1.55,-0.56,INF,-1,0,7,0
2420,1,1,-17.823,-0.817,-1.67,-0.08,-1.67,-0.08,INF,-1,0,7,0
2440,1,1,-17.880,2.063,-1.67,0.19,-1.67,0.19,INF,-1,0,7,0
2460,1,1,-17.777,2.273,-1.66,0.21,-1.66,0.21,INF,-1,0,7,0
2480,1,1,-17.506,0.978,-1.64,0.09,-1.64,0.09,INF,-1,0,7,0
2500,1,1,-15.870,-1.469,-1.48,-0.14,-1.48,-0.14,INF,-1,0,7,0
2520,1,1,-18.590,1.114,-1.74,0.10,-1.74,0.10,INF,-1,0,7,0
2540,1,1,-18.748,0.899,-1.75,0.08,-1.75,0.08,INF,-1,0,7,0
2560,1,1,-18.405,0.812,-1.72,0.08,-1.72,0.08,INF,-1,0,7,0
2580,1,1,-17.623,0.964,-1.65,0.09,-1.65,0.09,INF,-1,0,7,0
2600,1,1,-20.772,1.813,-1.94,0.17,-1.94,0.17,INF,-1,0,7,0
2620,1,1,-18.719,1.288,-1.75,0.12,-1.75,0.12,INF,-1,0,7,0
2640,1,1,-17.773,1.761,-1.66,0.16,-1.66,0.16,INF,-1,1,7,0
2660,1,1,-19.090,-0.098,-1.78,-0.01,-1.78,-0.01,INF,-1,1,7,0
2680,1,1,-20.922,0.914,-1.95,0.09,-1.95,0.09,INF,-1,1,7,0
2700,1,1,-19.264,0.962,-1.80,0.09,-1.80,0.09,INF,-1,1,7,0
2720,1,1,-20.996,0.515,-1.96,0.05,-1.96,0.05,INF,-1,1,7,0
2740,1,1,-20.036,-1.822,-1.87,-0.17,-1.87,-0.17,INF,-1,1,7,0
2760,1,1,-21.392,-1.174,-2.00,-0.11,-2.00,-0.11,INF,-1,1,7,0
2780,1,1,-23.492,3.653,-2.19,0.34,-2.19,0.34,INF,-1,1,7,0
2800,1,1,-22.756,4.420,-2.13,0.41,-2.13,0.41,INF,-1,1,7,0
2820,1,1,-22.834,4.097,-2.13,0.38,-2.13,0.38,INF,-1,1,7,0
2840,1,1,-22.401,5.698,-2.09,0.53,-2.09,0.53,INF,-1,1,7,0
2860,1,1,-24.157,3.445,-2.26,0.32,-2.26,0.32,INF,-1,1,7,0
2880,1,1,-20.239,6.331,-1.89,0.59,-1.89,0.59,INF,-1,1,7,0
2900,1,1,-24.706,5.180,-2.31,0.48,-2.31,0.48,INF,-1,1,7,0
2920,1,1,-21.076,4.603,-1.97,0.43,-1.97,0.43,INF,-1,1,7,0
2940,1,1,-20.143,6.034,-1.88,0.56,-1.88,0.56,INF,-1,1,7,0
2960,1,1,-18.212,5.253,-1.70,0.49,-1.70,0.49,INF,-1,1,7,0
2980,1,1,22.231,7.510,2.08,0.70,2.08,0.70,INF,-1,1,7,0
3000,1,1,32.177,10.816,3.00,1.01,3.00,1.01,INF,-1,1,7,0
3020,1,1,32.272,10.867,3.01,1.01,3.01,1.02,INF,-1,0,7,0
3040,1,1,30.748,9.754,2.87,0.91,2.87,0.91,INF,-1,0,7,0
3060,1,1,29.467,9.984,2.75,0.93,2.75,0.93,INF,-1,0,7,0
3080,1,1,31.635,11.054,2.95,1.03,2.95,1.03,INF,-1,0,7,0
3100,1,1,29.643,10.058,2.77,0.94,2.77,0.94,INF,-1,0,7,0
3120,1,1,31.968,10.238,2.99,0.96,2.98,0.96,INF,-1,0,7,0
3140,1,1,33.005,9.600,3.08,0.90,3.08,0.90,INF,-1,0,7,0
3160,1,1,32.429,9.856,3.03,0.92,3.03,0.92,INF,-1,0,7,0
3180,1,1,30.649,8.883,2.86,0.83,2.86,0.83,INF,-1,0,7,0
3200,1,1,30.235,10.842,2.82,1.01,2.82,1.01,INF,-1,0,7,0
3220,1,1,27.077,8.829,2.53,0.82,2.53,0.83,INF,-1,0,7,0
3240,1,1,-14.631,11.471,-1.37,1.07,-1.37,1.07,INF,-1,0,7,0
3260,1,1,-16.939,8.461,-1.58,0.79,-1.58,0.79,INF,-1,1,7,0
3280,1,1,-16.416,8.989,-1.53,0.84,-1.53,0.84,INF,-1,0,7,0
3300,1,1,-18.245,7.594,-1.70,0.71,-1.70,0.71,INF,-1,0,7,0
3320,1,1,-19.235,9.358,-1.80,0.87,-1.80,0.87,INF,-1,0,7,0
3340,1,1,-16.806,8.236,-1.57,0.77,-1.57,0.77,INF,-1,0,7,0
3360,1,1,-16.943,8.566,-1.58,0.80,-1.58,0.80,INF,-1,0,7,0
3380,1,1,-17.870,9.664,-1.67,0.90,-1.67,0.90,INF,-1,0,7,0
3400,1,1,-20.000,9.475,-1.87,0.89,-1.87,0.89,INF,-1,0,7,0
3420,1,1,-20.590,8.895,-1.92,0.83,-1.92,0.83,INF,-1,0,7,0
3440,1,1,-18.836,7.279,-1.76,0.68,-1.76,0.68,INF,-1,0,7,0
3460,1,1,-19.760,5.037,-1.85,0.47,-1.85,0.47,INF,-1,0,7,0
3480,1,1,-19.731,7.582,-1.84,0.71,-1.84,0.71,INF,-1,0,7,0
3500,1,1,-14.479,5.106,-1.35,0.48,-1.35,0.48,INF,-1,0,7,0
3520,1,1,-20.388,7.002,-1.90,0.65,-1.90,0.65,INF,-1,1,7,0
3540,1,1,-20.588,7.327,-1.92,0.68,-1.92,0.68,INF,-1,1,7,0
3560,1,1,-18.992,3.836,-1.77,0.36,-1.77,0.36,INF,-1,1,7,0
3580,1,1,-19.201,7.792,-1.79,0.73,-1.79,0.73,INF,-1,1,7,0
3600,1,1,-20.563,4.929,-1.92,0.46,-1.92,0.46,INF,-1,1,7,0
3620,1,1,-26.483,7.008,-2.47,0.65,-2.47,0.65,INF,-1,1,7,0
3640,1,1,-24.319,7.965,-2.27,0.74,-2.27,0.74,INF,-1,1,7,0
3660,1,1,-25.856,7.329,-2.42,0.68,-2.42,0.69,INF,-1,1,7,0
3680,1,1,-23.211,4.752,-2.17,0.44,-2.17,0.44,INF,-1,1,7,0
3700,1,1,-23.573,6.673,-2.20,0.62,-2.20,0.62,INF,-1,1,7,0
3720,1,1,-24.966,5.372,-2.33,0.50,-2.33,0.50,INF,-1,1,7,0
3740,1,1,-26.396,6.940,-2.47,0.65,-2.47,0.65,INF,-1,1,7,0
3760,1,1,-26.236,6.834,-2.45,0.64,-2.45,0.64,INF,-1,1,7,0
3780,1,1,-28.362,7.166,-2.65,0.67,-2.65,0.67,INF,-1,1,7,0
3800,1,1,-28.278,8.206,-2.64,0.77,-2.64,0.77,INF,-1,1,7,0
3820,1,1,-27.797,5.588,-2.60,0.52,-2.60,0.52,INF,-1,0,7,0
3840,1,1,-27.682,6.083,-2.59,0.57,-2.59,0.57,INF,-1,0,7,0
3860,1,1,-28.265,4.977,-2.64,0.46,-2.64,0.47,INF,-1,0,7,0
3880,1,1,-25.804,5.864,-2.41,0.55,-2.41,0.55,INF,-1,0,7,0
3900,1,1,-26.582,5.171,-2.48,0.48,-2.48,0.48,INF,-1,0,7,0
3920,1,1,-26.357,4.805,-2.46,0.45,-2.46,0.45,INF,-1,0,7,0
3940,1,1,-28.570,4.262,-2.67,0.40,-2.67,0.40,INF,-1,0,7,0
3960,1,1,-25.608,2.288,-2.39,0.21,-2.39,0.21,INF,-1,0,7,0
3980,1,1,-26.566,3.380,-2.48,0.32,-2.48,0.32,INF,-1,0,7,0
4000,1,1,-21.604,2.851,-2.02,0.27,-2.02,0.27,INF,-1,0,7,0
4020,1,1,-26.893,5.403,-2.51,0.50,-2.51,0.50,INF,-1,0,7,0
4040,1,1,-23.781,4.137,-2.22,0.39,-2.22,0.39,INF,-1,0,7,0
4060,1,1,-26.036,4.221,-2.43,0.39,-2.43,0.39,INF,-1,1,7,0
4080,1,1,-23.236,3.268,-2.17,0.31,-2.17,0.31,INF,-1,1,7,0
4100,1,1,-24.104,1.974,-2.25,0.18,-2.25,0.18,INF,-1,1,7,0
4120,1,1,-26.436,3.430,-2.47,0.32,-2.47,0.32,INF,-1,1,7,0
4140,1,1,-25.589,3.610,-2.39,0.34,-2.39,0.34,INF,-1,1,7,0
4160,1,1,-25.936,4.026,-2.42,0.38,-2.42,0.38,INF,-1,1,7,0
4180,1,1,-25.902,4.135,-2.42,0.39,-2.42,0.39,INF,-1,1,7,0
4200,1,1,-25.957,2.936,-2.42,0.27,-2.42,0.27,INF,-1,1,7,0
4220,1,1,-22.309,3.843,-2.08,0.36,-2.08,0.36,INF,-1,1,7,0
4240,1,1,-22.662,2.416,-2.12,0.23,-2.12,0.23,INF,-1,1,7,0
4260,1,1,-24.443,3.955,-2.28,0.37,-2.28,0.37,INF,-1,1,7,0
4280,1,1,-23.605,1.664,-2.21,0.16,-2.21,0.16,INF,-1,1,7,0
4300,1,1,-24.813,1.994,-2.32,0.19,-2.32,0.19,INF,-1,1,7,0
4320,1,1,-23.757,4.174,-2.22,0.39,-2.22,0.39,INF,-1,1,7,0
4340,1,1,-24.073,4.102,-2.25,0.38,-2.25,0.38,INF,-1,1,7,0
4360,1,1,-23.624,2.061,-2.21,0.19,-2.21,0.19,INF,-1,1,7,0
4380,1,1,-24.515,3.063,-2.29,0.29,-2.29,0.29,INF,-1,1,7,0
4400,1,1,-24.087,2.975,-2.25,0.28,-2.25,0.28,INF,-1,1,7,0
4420,1,1,-26.024,3.157,-2.43,0.29,-2.43,0.30,INF,-1,1,7,0
4440,1,1,-23.598,2.642,-2.20,0.25,-2.20,0.25,INF,-1,1,7,0
4460,1,1,-21.520,3.227,-2.01,0.30,-2.01,0.30,INF,-1,1,7,0
4480,1,1,-20.857,4.138,-1.95,0.39,-1.95,0.39,INF,-1,1,7,0
4500,1,1,-21.212,4.832,-1.98,0.45,-1.98,0.45,INF,-1,1,7,0
4520,1,1,-22.816,5.718,-2.13,0.53,-2.13,0.53,INF,-1,1,7,0
4540,1,1,-18.651,3.981,-1.74,0.37,-1.74,0.37,INF,-1,1,7,0
4560,1,1,-22.663,5.474,-2.12,0.51,-2.12,0.51,INF,-1,1,7,0
4580,1,1,-20.778,2.294,-1.94,0.21,-1.94,0.21,INF,-1,1,7,0
4600,1,1,-21.342,1.613,-1.99,0.15,-1.99,0.15,INF,-1,1,7,0
4620,1,1,-22.544,2.614,-2.11,0.24,-2.11,0.24,INF,-1,1,7,0
4640,1,1,-20.388,4.481,-1.90,0.42,-1.90,0.42,INF,-1,1,7,0
4660,1,1,-20.386,3.467,-1.90,0.32,-1.90,0.32,INF,-1,1,7,0
4680,1,1,-19.799,3.251,-1.85,0.30,-1.85,0.30,INF,-1,1,7,0
4700,1,1,17.023,0.017,1.59,0.00,1.59,0.00,INF,-1,1,7,0
4720,1,1,34.932,-5.888,3.26,-0.55,3.26,-0.55,INF,-1,1,7,0
4740,1,1,32.945,-5.944,3.08,-0.55,3.08,-0.56,INF,-1,0,7,0
4760,1,1,30.358,-4.284,2.84,-0.40,2.84,-0.40,INF,-1,0,7,0
4780,1,1,32.769,-5.417,3.06,-0.51,3.06,-0.51,INF,-1,0,7,0
4800,1,1,35.762,-6.620,3.34,-0.62,3.34,-0.62,INF,-1,0,7,0
4820,0,1,0.000,0.000,0.00,0.00,0.00,0.00,0.00,-1,0,7,0
4840,1,1,32.220,-5.525,3.01,-0.52,3.01,-0.52,INF,-1,0,7,0
4860,1,1,32.509,-5.538,3.04,-0.52,3.04,-0.52,INF,-1,0,7,0
4880,1,1,33.075,-7.087,3.09,-0.66,3.09,-0.66,INF,-1,0,7,0
4900,1,1,30.996,-6.175,2.89,-0.58,2.89,-0.58,INF,-1,0,7,0
4920,1,1,33.313,-5.015,3.11,-0.47,3.11,-0.47,INF,-1,0,7,0
4940,1,1,32.477,-4.416,3.03,-0.41,3.03,-0.41,INF,-1,0,7,0
4960,1,1,29.411,-3.444,2.75,-0.32,2.75,-0.32,INF,-1,0,7,0
4980,1,1,5.652,-4.661,0.53,-0.44,0.53,-0.44,INF,-1,0,7,0
5000,1,1,-17.168,-2.106,-1.60,-0.20,-1.60,-0.20,INF,-1,1,7,0
5020,1,1,-17.812,-4.913,-1.66,-0.46,-1.66,-0.46,INF,-1,0,7,0
5040,1,1,-16.101,-3.206,-1.50,-0.30,-1.50,-0.30,INF,-1,0,7,0
5060,1,1,-16.973,-4.538,-1.59,-0.42,-1.59,-0.42,INF,-1,0,7,0
5080,1,1,-18.188,-3.734,-1.70,-0.35,-1.70,-0.35,INF,-1,0,7,0
5100,1,1,-19.708,-3.143,-1.84,-0.29,-1.84,-0.29,INF,-1,0,7,0
5120,1,1,-17.830,-5.747,-1.67,-0.54,-1.67,-0.54,INF,-1,0,7,0
5140,1,1,-18.030,-4.097,-1.68,-0.38,-1.68,-0.38,INF,-1,0,7,0
5160,1,1,-18.413,-4.490,-1.72,-0.42,-1.72,-0.42,INF,-1,0,7,0
5180,1,1,-18.272,-3.933,-1.71,-0.37,-1.71,-0.37,INF,-1,0,7,0
5200,1,1,-17.514,-4.589,-1.64,-0.43,-1.64,-0.43,INF,-1,0,7,0
5220,1,1,-17.081,-4.311,-1.60,-0.40,-1.60,-0.40,INF,-1,0,7,0
5240,1,1,-17.161,-4.957,-1.60,-0.46,-1.60,-0.46,INF,-1,0,7,0
5260,1,1,-19.088,-2.391,-1.78,-0.22,-1.78,-0.22,INF,-1,0,7,0
5280,1,1,-21.239,1.578,-1.98,0.15,-1.98,0.15,INF,-1,1,7,0
5300,1,1,-21.397,-0.909,-2.00,-0.08,-2.00,-0.08,INF,-1,1,7,0
5320,1,1,-19.994,1.946,-1.87,0.18,-1.87,0.18,INF,-1,1,7,0
5340,1,1,-19.229,-1.328,-1.80,-0.12,-1.80,-0.12,INF,-1,1,7,0
5360,1,1,-19.941,0.872,-1.86,0.08,-1.86,0.08,INF,-1,1,7,0
5380,1,1,-19.502,0.652,-1.82,0.06,-1.82,0.06,INF,-1,1,7,0
5400,1,1,-17.661,-0.479,-1.65,-0.04,-1.65,-0.04,INF,-1,1,7,0
5420,1,1,-17.377,0.126,-1.62,0.01,-1.62,0.01,INF,-1,1,7,0
5440,1,1,-19.052,1.685,-1.78,0.16,-1.78,0.16,INF,-1,1,7,0
5460,1,1,-18.262,3.080,-1.71,0.29,-1.71,0.29,INF,-1,1,7,0
5480,1,1,-18.153,2.676,-1.70,0.25,-1.70,0.25,INF,-1,1,7,0
5500,1,1,-16.260,1.651,-1.52,0.15,-1.52,0.15,INF,-1,1,7,0
5520,1,1,-18.127,0.872,-1.69,0.08,-1.69,0.08,INF,-1,1,7,0
5540,1,1,-16.281,1.209,-1.52,0.11,-1.52,0.11,INF,-1,1,7,0
5560,1,1,-18.150,0.260,-1.70,0.02,-1.70,0.02,INF,-1,1,7,0
5580,1,1,-16.405,0.317,-1.53,0.03,-1.53,0.03,INF,-1,1,7,0
5600,1,1,-17.189,1.207,-1.61,0.11,-1.61,0.11,INF,-1,1,7,0
5620,1,1,-20.016,2.277,-1.87,0.21,-1.87,0.21,INF,-1,1,7,0
5640,1,1,-20.095,-0.081,-1.88,-0.01,-1.88,-0.01,INF,-1,1,7,0
5660,1,1,-17.974,-0.455,-1.68,-0.04,-1.68,-0.04,INF,-1,1,7,0
5680,1,1,-17.101,-0.492,-1.60,-0.05,-1.60,-0.05,INF,-1,1,7,0
5700,1,1,-17.607,1.580,-1.65,0.15,-1.65,0.15,INF,-1,1,7,0
5720,1,1,-17.725,1.404,-1.66,0.13,-1.66,0.13,INF,-1,1,7,0
5740,1,1,-19.391,0.688,-1.81,0.06,-1.81,0.06,INF,-1,1,7,0
5760,1,1,-16.978,0.652,-1.59,0.06,-1.59,0.06,INF,-1,1,7,0
5780,1,1,-18.778,1.529,-1.75,0.14,-1.75,0.14,INF,-1,1,7,0
5800,1,1,-17.781,0.848,-1.66,0.08,-1.66,0.08,INF,-1,1,7,0
5820,1,1,-20.152,0.831,-1.88,0.08,-1.88,0.08,INF,-1,1,7,0
5840,1,1,-18.433,1.028,-1.72,0.10,-1.72,0.10,INF,-1,1,7,0
5860,1,1,-22.265,1.507,-2.08,0.14,-2.08,0.14,INF,-1,1,7,0
5880,1,1,-23.557,3.556,-2.20,0.33,-2.20,0.33,INF,-1,1,7,0
5900,1,1,-22.460,3.454,-2.10,0.32,-2.10,0.32,INF,-1,1,7,0
5920,1,1,-22.945,3.960,-2.14,0.37,-2.14,0.37,INF,-1,1,7,0
5940,1,1,-21.038,3.106,-1.97,0.29,-1.97,0.29,INF,-1,1,7,0
5960,1,1,-24.145,2.592,-2.26,0.24,-2.26,0.24,INF,-1,1,7,0
5980,1,1,-23.915,3.321,-2.23,0.31,-2.23,0.31,INF,-1,1,7,0
6000,1,1,-25.764,2.119,-2.41,0.20,-2.41,0.20,INF,-1,1,7,0
6020,1,1,-25.956,3.072,-2.42,0.29,-2.42,0.29,INF,-1,1,7,0
6040,1,1,-22.840,1.472,-2.13,0.14,-2.13,0.14,INF,-1,1,7,0
6060,1,1,-25.834,1.635,-2.41,0.15,-2.41,0.15,INF,-1,1,7,0
6080,1,1,-26.569,2.959,-2.48,0.28,-2.48,0.28,INF,-1,1,7,0
6100,1,1,-24.220,3.807,-2.26,0.36,-2.26,0.36,INF,-1,1,7,0
6120,1,1,-24.453,2.898,-2.28,0.27,-2.28,0.27,INF,-1,1,7,0
6140,1,1,2.878,2.750,0.27,0.26,0.27,0.26,INF,-1,1,7,0
6160,1,1,17.604,4.439,1.64,0.41,1.64,0.41,INF,-1,1,7,0
6180,1,1,13.874,5.596,1.30,0.52,1.30,0.52,INF,-1,0,7,0
6200,1,1,15.270,4.356,1.43,0.41,1.43,0.41,INF,-1,0,7,0
6220,1,1,17.040,5.833,1.59,0.55,1.59,0.55,INF,-1,0,7,0
6240,1,1,14.789,6.403,1.38,0.60,1.38,0.60,INF,-1,0,7,0
6260,1,1,15.157,5.928,1.42,0.55,1.42,0.55,INF,-1,0,7,0
6280,1,1,14.284,6.711,1.33,0.63,1.33,0.63,INF,-1,0,7,0
6300,1,1,16.408,5.260,1.53,0.49,1.53,0.49,INF,-1,0,7,0
6320,1,1,15.944,6.294,1.49,0.59,1.49,0.59,INF,-1,0,7,0
6340,1,1,14.280,7.335,1.33,0.69,1.33,0.69,INF,-1,0,7,0
6360,1,1,14.763,8.256,1.38,0.77,1.38,0.77,INF,-1,0,7,0
6380,1,1,15.316,5.096,1.43,0.48,1.43,0.48,INF,-1,0,7,0
6400,1,1,15.034,5.213,1.40,0.49,1.40,0.49,INF,-1,0,7,0
6420,1,1,-1.940,4.632,-0.18,0.43,-0.18,0.43,INF,-1,0,7,0
6440,1,1,-18.573,2.294,-1.74,0.21,-1.74,0.21,INF,-1,1,7,0
6460,1,1,-14.865,1.359,-1.39,0.13,-1.39,0.13,INF,-1,0,7,0
6480,1,1,-12.043,0.140,-1.13,0.01,-1.13,0.01,INF,-1,0,7,0
6500,1,1,-16.168,2.858,-1.51,0.27,-1.51,0.27,INF,-1,0,7,0
6520,1,1,-16.685,1.146,-1.56,0.11,-1.56,0.11,INF,-1,0,7,0
6540,1,1,-13.586,2.803,-1.27,0.26,-1.27,0.26,INF,-1,0,7,0
6560,0,1,0.000,0.000,0.00,0.00,0.00,0.00,0.00,-1,0,7,0
6580,1,1,-18.135,0.545,-1.69,0.05,-1.69,0.05,INF,-1,0,7,0
6600,1,1,-16.793,1.346,-1.57,0.13,-1.57,0.13,INF,-1,0,7,0
6620,1,1,-17.824,1.697,-1.67,0.16,-1.67,0.16,INF,-1,0,7,0
6640,1,1,-14.986,1.296,-1.40,0.12,-1.40,0.12,INF,-1,0,7,0
6660,1,1,-17.962,1.866,-1.68,0.17,-1.68,0.17,INF,-1,0,7,0
6680,1,1,-17.678,2.177,-1.65,0.20,-1.65,0.20,INF,-1,0,7,0
6700,1,1,-17.244,0.904,-1.61,0.08,-1.61,0.08,INF,-1,0,7,0
6720,1,1,-16.747,1.959,-1.56,0.18,-1.56,0.18,INF,-1,1,7,0
6740,1,1,-18.685,2.566,-1.75,0.24,-1.75,0.24,INF,-1,1,7,0
6760,1,1,-15.731,0.601,-1.47,0.06,-1.47,0.06,INF,-1,1,7,0
6780,1,1,-20.826,5.067,-1.95,0.47,-1.95,0.47,INF,-1,1,7,0
6800,1,1,-24.840,3.774,-2.32,0.35,-2.32,0.35,INF,-1,1,7,0
6820,1,1,-22.622,3.603,-2.11,0.34,-2.11,0.34,INF,-1,1,7,0
6840,1,1,-23.940,4.075,-2.24,0.38,-2.24,0.38,INF,-1,1,7,0
6860,1,1,-22.267,5.566,-2.08,0.52,-2.08,0.52,INF,-1,1,7,0
6880,1,1,-21.492,4.090,-2.01,0.38,-2.01,0.38,INF,-1,1,7,0
6900,1,1,-18.063,4.319,-1.69,0.40,-1.69,0.40,INF,-1,1,7,0
6920,1,1,-20.415,4.702,-1.91,0.44,-1.91,0.44,INF,-1,1,7,0
6940,1,1,-26.440,4.590,-2.47,0.43,-2.47,0.43,INF,-1,1,7,0
6960,1,1,-23.466,5.213,-2.19,0.49,-2.19,0.49,INF,-1,1,7,0
6980,1,1,-23.253,4.486,-2.17,0.42,-2.17,0.42,INF,-1,1,7,0
7000,1,1,-22.956,2.840,-2.14,0.27,-2.14,0.27,INF,-1,1,7,0
7020,1,1,-24.730,3.005,-2.31,0.28,-2.31,0.28,INF,-1,1,7,0
7040,1,1,-25.008,4.797,-2.34,0.45,-2.34,0.45,INF,-1,1,7,0
7060,1,1,-23.747,4.334,-2.22,0.40,-2.22,0.41,INF,-1,1,7,0
7080,1,1,-23.453,3.979,-2.19,0.37,-2.19,0.37,INF,-1,1,7,0
7100,1,1,-24.362,4.713,-2.28,0.44,-2.28,0.44,INF,-1,1,7,0
7120,1,1,-24.778,5.103,-2.31,0.48,-2.31,0.48,INF,-1,1,7,0
7140,1,1,-23.077,4.819,-2.16,0.45,-2.16,0.45,INF,-1,1,7,0
7160,1,1,-23.577,4.471,-2.20,0.42,-2.20,0.42,INF,-1,1,7,0
7180,1,1,-26.758,3.600,-2.50,0.34,-2.50,0.34,INF,-1,1,7,0
7200,1,1,-24.684,5.362,-2.31,0.50,-2.31,0.50,INF,-1,1,7,0
7220,1,1,-20.714,3.967,-1.94,0.37,-1.94,0.37,INF,-1,1,7,0
7240,1,1,-23.358,5.050,-2.18,0.47,-2.18,0.47,INF,-1,1,7,0
7260,1,1,-24.030,5.090,-2.24,0.48,-2.24,0.48,INF,-1,1,7,0
7280,1,1,-24.372,5.499,-2.28,0.51,-2.28,0.51,INF,-1,1,7,0
7300,1,1,-26.038,5.204,-2.43,0.49,-2.43,0.49,INF,-1,1,7,0
7320,1,1,-23.923,3.837,-2.23,0.36,-2.23,0.36,INF,-1,1,7,0
7340,1,1,-25.990,6.105,-2.43,0.57,-2.43,0.57,INF,-1,1,7,0
7360,1,1,-22.060,5.352,-2.06,0.50,-2.06,0.50,INF,-1,1,7,0
7380,1,1,-21.398,4.117,-2.00,0.38,-2.00,0.38,INF,-1,1,7,0
7400,1,1,-8.634,1.355,-0.81,0.13,-0.81,0.13,INF,-1,1,7,0
7420,1,1,28.185,-8.933,2.63,-0.83,2.63,-0.83,INF,-1,1,7,0
7440,1,1,30.442,-11.816,2.84,-1.10,2.84,-1.10,INF,-1,1,7,0
7460,1,1,29.738,-12.921,2.78,-1.21,2.78,-1.21,INF,-1,0,7,0
7480,1,1,28.539,-9.909,2.67,-0.93,2.67,-0.93,INF,-1,0,7,0
7500,1,1,30.600,-10.943,2.86,-1.02,2.86,-1.02,INF,-1,0,7,0
7520,1,1,27.293,-10.342,2.55,-0.97,2.55,-0.97,INF,-1,0,7,0
7540,1,1,29.198,-11.081,2.73,-1.03,2.73,-1.04,INF,-1,0,7,0
7560,1,1,28.003,-10.647,2.62,-0.99,2.62,-1.00,INF,-1,0,7,0
7580,1,1,29.291,-10.551,2.74,-0.98,2.74,-0.99,INF,-1,0,7,0
7600,1,1,30.151,-10.667,2.82,-1.00,2.82,-1.00,INF,-1,0,7,0
7620,1,1,28.602,-10.197,2.67,-0.95,2.67,-0.95,INF,-1,0,7,0
7640,1,1,27.713,-12.277,2.59,-1.15,2.59,-1.15,INF,-1,0,7,0
7660,1,1,29.203,-10.297,2.73,-0.96,2.73,-0.96,INF,-1,0,7,0
7680,1,1,25.075,-8.860,2.34,-0.83,2.34,-0.83,INF,-1,0,7,0
7700,1,1,-7.674,-0.646,-0.72,-0.06,-0.72,-0.06,INF,-1,1,7,0
7720,1,1,-17.617,2.465,-1.65,0.23,-1.65,0.23,INF,-1,1,7,0
7740,1,1,-16.135,0.960,-1.51,0.09,-1.51,0.09,INF,-1,0,7,0
7760,1,1,-17.676,-0.076,-1.65,-0.01,-1.65,-0.01,INF,-1,0,7,0
7780,1,1,-17.758,0.738,-1.66,0.07,-1.66,0.07,INF,-1,0,7,0
7800,1,1,-14.033,-0.564,-1.31,-0.05,-1.31,-0.05,INF,-1,0,7,0
7820,1,1,-17.316,0.181,-1.62,0.02,-1.62,0.02,INF,-1,0,7,0
7840,1,1,-17.571,0.280,-1.64,0.03,-1.64,0.03,INF,-1,0,7,0
7860,1,1,-18.352,0.578,-1.71,0.05,-1.71,0.05,INF,-1,0,7,0
7880,1,1,-18.898,1.044,-1.77,0.10,-1.77,0.10,INF,-1,0,7,0
7900,1,1,-19.385,-0.574,-1.81,-0.05,-1.81,-0.05,INF,-1,0,7,0
7920,1,1,-17.780,1.130,-1.66,0.11,-1.66,0.11,INF,-1,0,7,0
7940,1,1,-18.162,-0.304,-1.70,-0.03,-1.70,-0.03,INF,-1,0,7,0
7960,1,1,-17.159,1.285,-1.60,0.12,-1.60,0.12,INF,-1,0,7,0
7980,1,1,-14.549,-0.406,-1.36,-0.04,-1.36,-0.04,INF,-1,1,7,0
8000,1,1,-17.201,-1.237,-1.61,-0.12,-1.61,-0.12,INF,-1,1,7,0
8020,1,1,-25.329,3.541,-2.37,0.33,-2.37,0.33,INF,-1,1,7,0
8040,1,1,-26.315,5.142,-2.46,0.48,-2.46,0.48,INF,-1,1,7,0
8060,1,1,-23.621,2.528,-2.21,0.24,-2.21,0.24,INF,-1,1,7,0
8080,1,1,-24.071,3.235,-2.25,0.30,-2.25,0.30,INF,-1,1,7,0
8100,1,1,-23.886,-1.678,-2.23,-0.16,-2.23,-0.16,INF,-1,1,7,0
8120,1,1,-25.785,2.609,-2.41,0.24,-2.41,0.24,INF,-1,1,7,0
8140,1,1,-25.785,3.226,-2.41,0.30,-2.41,0.30,INF,-1,1,7,0
8160,1,1,-23.639,4.577,-2.21,0.43,-2.21,0.43,INF,-1,1,7,0
8180,1,1,-21.899,2.614,-2.05,0.24,-2.05,0.24,INF,-1,1,7,0
8200,1,1,-26.965,2.561,-2.52,0.24,-2.52,0.24,INF,-1,1,7,0
8220,1,1,-25.801,2.381,-2.41,0.22,-2.41,0.22,INF,-1,1,7,0
8240,1,1,-26.029,2.962,-2.43,0.28,-2.43,0.28,INF,-1,1,7,0
8260,1,1,-23.609,3.717,-2.21,0.35,-2.21,0.35,INF,-1,1,7,0
8280,1,1,-24.752,0.402,-2.31,0.04,-2.31,0.04,INF,-1,1,7,0
8300,1,1,-23.566,1.663,-2.20,0.16,-2.20,0.16,INF,-1,1,7,0
8320,1,1,-25.366,1.026,-2.37,0.10,-2.37,0.10,INF,-1,1,7,0
8340,1,1,-25.549,1.698,-2.39,0.16,-2.39,0.16,INF,-1,1,7,0
8360,1,1,-28.017,0.376,-2.62,0.04,-2.62,0.04,INF,-1,1,7,0
8380,1,1,-22.185,2.799,-2.07,0.26,-2.07,0.26,INF,-1,1,7,0
8400,1,1,-24.762,2.294,-2.31,0.21,-2.31,0.21,INF,-1,1,7,0
8420,1,1,-26.510,2.343,-2.48,0.22,-2.48,0.22,INF,-1,1,7,0
8440,1,1,-23.106,-0.245,-2.16,-0.02,-2.16,-0.02,INF,-1,1,7,0
8460,1,1,-23.504,1.321,-2.20,0.12,-2.20,0.12,INF,-1,1,7,0
8480,1,1,-24.635,3.094,-2.30,0.29,-2.30,0.29,INF,-1,1,7,0
8500,1,1,-25.449,2.737,-2.38,0.26,-2.38,0.26,INF,-1,1,7,0
8520,1,1,-22.567,2.197,-2.11,0.21,-2.11,0.21,INF,-1,1,7,0
8540,1,1,-24.523,1.389,-2.29,0.13,-2.29,0.13,INF,-1,1,7,0
8560,1,1,-23.769,-0.419,-2.22,-0.04,-2.22,-0.04,INF,-1,1,7,0
8580,1,1,-21.939,0.619,-2.05,0.06,-2.05,0.06,INF,-1,1,7,0
8600,1,1,-24.940,0.866,-2.33,0.08,-2.33,0.08,INF,-1,1,7,0
8620,1,1,-23.222,0.806,-2.17,0.08,-2.17,0.08,INF,-1,1,7,0
8640,1,1,-23.658,-0.662,-2.21,-0.06,-2.21,-0.06,INF,-1,1,7,0
8660,1,1,-21.695,1.613,-2.03,0.15,-2.03,0.15,INF,-1,1,7,0
8680,1,1,-15.546,2.536,-1.45,0.24,-1.45,0.24,INF,-1,1,7,0
8700,1,1,-18.528,0.594,-1.73,0.06,-1.73,0.06,INF,-1,1,7,0
8720,1,1,-15.013,-0.637,-1.40,-0.06,-1.40,-0.06,INF,-1,1,7,0
8740,1,1,-16.438,-0.201,-1.54,-0.02,-1.54,-0.02,INF,-1,1,7,0
8760,1,1,-18.459,0.022,-1.72,0.00,-1.72,0.00,INF,-1,1,7,0
8780,1,1,-20.311,0.544,-1.90,0.05,-1.90,0.05,INF,-1,1,7,0
8800,1,1,-18.617,0.879,-1.74,0.08,-1.74,0.08,INF,-1,1,7,0
8820,1,1,-18.872,0.986,-1.76,0.09,-1.76,0.09,INF,-1,1,7,0
8840,1,1,-21.912,2.349,-2.05,0.22,-2.05,0.22,INF,-1,1,7,0
8860,1,1,-24.368,1.474,-2.28,0.14,-2.28,0.14,INF,-1,1,7,0
8880,1,1,-20.251,0.048,-1.89,0.00,-1.89,0.00,INF,-1,1,7,0
8900,1,1,-19.516,-0.459,-1.82,-0.04,-1.82,-0.04,INF,-1,1,7,0
8920,1,1,-20.762,0.195,-1.94,0.02,-1.94,0.02,INF,-1,1,7,0
8940,1,1,-21.408,0.694,-2.00,0.06,-2.00,0.06,INF,-1,1,7,0
8960,1,1,18.522,-10.270,1.73,-0.96,1.73,-0.96,INF,-1,1,7,0
8980,1,1,33.497,-11.026,3.13,-1.03,3.13,-1.03,INF,-1,1,7,0
9000,1,1,29.529,-11.982,2.76,-1.12,2.76,-1.12,INF,-1,0,7,0
9020,1,1,31.096,-10.467,2.90,-0.98,2.90,-0.98,INF,-1,0,7,0
9040,1,1,31.807,-12.752,2.97,-1.19,2.97,-1.19,INF,-1,0,7,0
9060,1,1,30.337,-10.796,2.83,-1.01,2.83,-1.01,INF,-1,0,7,0
9080,1,1,28.424,-11.602,2.65,-1.08,2.65,-1.08,INF,-1,0,7,0
9100,1,1,30.516,-10.522,2.85,-0.98,2.85,-0.98,INF,-1,0,7,0
9120,1,1,32.045,-12.424,2.99,-1.16,2.99,-1.16,INF,-1,0,7,0
9140,1,1,30.912,-11.920,2.89,-1.11,2.89,-1.11,INF,-1,0,7,0
9160,1,1,31.842,-13.420,2.97,-1.25,2.97,-1.25,INF,-1,0,7,0
9180,1,1,32.504,-10.060,3.04,-0.94,3.03,-0.94,INF,-1,0,7,0
9200,1,1,31.920,-10.289,2.98,-0.96,2.98,-0.96,INF,-1,0,7,0
9220,1,1,33.344,-9.276,3.11,-0.87,3.11,-0.87,INF,-1,0,7,0
9240,1,1,32.848,-10.312,3.07,-0.96,3.07,-0.96,INF,-1,0,7,0
9260,1,1,26.541,-9.360,2.48,-0.87,2.48,-0.87,INF,-1,1,7,0
9280,1,1,-8.930,-1.103,-0.83,-0.10,-0.83,-0.10,INF,-1,1,7,0
9300,1,1,-12.690,0.720,-1.19,0.07,-1.19,0.07,INF,-1,1,7,0
9320,1,1,-13.768,1.868,-1.29,0.17,-1.29,0.17,INF,-1,0,7,0
9340,1,1,-8.370,-2.262,-0.78,-0.21,-0.78,-0.21,INF,-1,0,7,0
9360,1,1,-15.852,2.712,-1.48,0.25,-1.48,0.25,INF,-1,0,7,0
9380,1,1,-15.956,2.321,-1.49,0.22,-1.49,0.22,INF,-1,0,7,0
9400,1,1,-13.367,1.830,-1.25,0.17,-1.25,0.17,INF,-1,0,7,0
9420,1,1,-17.551,3.133,-1.64,0.29,-1.64,0.29,INF,-1,0,7,0
9440,1,1,-16.915,2.267,-1.58,0.21,-1.58,0.21,INF,-1,0,7,0
9460,1,1,-16.689,3.641,-1.56,0.34,-1.56,0.34,INF,-1,0,7,0
9480,1,1,-14.908,0.949,-1.39,0.09,-1.39,0.09,INF,-1,0,7,0
9500,1,1,-13.291,0.120,-1.24,0.01,-1.24,0.01,INF,-1,0,7,0
9520,1,1,-15.836,1.876,-1.48,0.18,-1.48,0.18,INF,-1,0,7,0
9540,1,1,-12.848,0.361,-1.20,0.03,-1.20,0.03,INF,-1,0,7,0
9560,1,1,-14.219,-0.254,-1.33,-0.02,-1.33,-0.02,INF,-1,1,7,0
9580,1,1,-12.338,1.355,-1.15,0.13,-1.15,0.13,INF,-1,1,7,0
9600,1,1,-15.557,1.492,-1.45,0.14,-1.45,0.14,INF,-1,1,7,0
9620,1,1,-24.156,4.670,-2.26,0.44,-2.26,0.44,INF,-1,1,7,0
9640,1,1,-23.399,3.206,-2.19,0.30,-2.19,0.30,INF,-1,1,7,0
9660,1,1,-22.884,2.334,-2.14,0.22,-2.14,0.22,INF,-1,1,7,0
9680,1,1,-20.968,2.730,-1.96,0.25,-1.96,0.26,INF,-1,1,7,0
9700,1,1,-19.847,2.030,-1.85,0.19,-1.85,0.19,INF,-1,1,7,0
9720,1,1,-23.547,4.976,-2.20,0.46,-2.20,0.47,INF,-1,1,7,0
9740,1,1,-22.069,2.408,-2.06,0.22,-2.06,0.23,INF,-1,1,7,0
9760,1,1,-21.571,1.771,-2.02,0.17,-2.02,0.17,INF,-1,1,7,0
9780,1,1,-18.088,1.336,-1.69,0.12,-1.69,0.12,INF,-1,1,7,0
9800,1,1,-20.999,3.836,-1.96,0.36,-1.96,0.36,INF,-1,1,7,0
9820,1,1,-22.327,2.299,-2.09,0.21,-2.09,0.21,INF,-1,1,7,0
9840,1,1,-23.155,4.284,-2.16,0.40,-2.16,0.40,INF,-1,1,7,0
9860,1,1,-22.484,2.948,-2.10,0.28,-2.10,0.28,INF,-1,1,7,0
9880,1,1,-22.896,2.076,-2.14,0.19,-2.14,0.19,INF,-1,1,7,0
9900,1,1,-22.460,3.399,-2.10,0.32,-2.10,0.32,INF,-1,1,7,0
9920,1,1,-16.343,2.402,-1.53,0.22,-1.53,0.22,INF,-1,1,7,0
9940,1,1,-20.479,2.070,-1.91,0.19,-1.91,0.19,INF,-1,1,7,0
9960,1,1,-14.975,2.325,-1.40,0.22,-1.40,0.22,INF,-1,1,7,0
9980,1,1,-22.857,2.760,-2.14,0.26,-2.14,0.26,INF,-1,1,7,0
10000,1,1,-19.907,3.869,-1.86,0.36,-1.86,0.36,INF,-1,1,7,0
10020,1,1,-22.861,2.157,-2.14,0.20,-2.14,0.20,INF,-1,1,7,0
10040,1,1,-24.719,2.749,-2.31,0.26,-2.31,0.26,INF,-1,1,7,0
10060,1,1,-19.546,3.058,-1.83,0.29,-1.83,0.29,INF,-1,1,7,0
10080,1,1,-23.152,3.297,-2.16,0.31,-2.16,0.31,INF,-1,1,7,0
10100,1,1,-24.422,3.215,-2.28,0.30,-2.28,0.30,INF,-1,1,7,0
10120,1,1,-21.856,3.323,-2.04,0.31,-2.04,0.31,INF,-1,1,7,0
10140,1,1,-21.175,3.707,-1.98,0.35,-1.98,0.35,INF,-1,1,7,0
10160,1,1,2.451,3.078,0.23,0.29,0.23,0.29,INF,-1,1,7,0
10180,1,1,4.809,5.085,0.45,0.48,0.45,0.48,INF,-1,1,7,0
10200,1,1,1.935,3.711,0.18,0.35,0.18,0.35,INF,-1,0,7,0
10220,1,1,3.094,2.884,0.29,0.27,0.29,0.27,INF,-1,0,7,0
10240,1,1,8.005,3.446,0.75,0.32,0.75,0.32,INF,-1,0,7,0
10260,1,1,4.931,2.975,0.46,0.28,0.46,0.28,INF,-1,0,7,0
10280,1,1,3.892,3.944,0.36,0.37,0.36,0.37,INF,-1,0,7,0
10300,1,1,4.193,3.146,0.39,0.29,0.39,0.29,INF,-1,0,7,0
10320,1,1,7.065,2.313,0.66,0.22,0.66,0.22,INF,-1,0,7,0
10340,1,1,5.338,3.375,0.50,0.32,0.50,0.32,INF,-1,0,7,0
10360,1,1,4.526,3.054,0.42,0.29,0.42,0.29,INF,-1,0,7,0
10380,1,1,5.106,2.949,0.48,0.28,0.48,0.28,INF,-1,0,7,0
10400,1,1,6.706,3.144,0.63,0.29,0.63,0.29,INF,-1,0,7,0
10420,1,1,5.400,0.901,0.50,0.08,0.50,0.08,INF,-1,0,7,0
10440,1,1,8.868,-0.166,0.83,-0.02,0.83,-0.02,INF,-1,1,7,0
10460,0,1,0.000,0.000,0.00,0.00,0.00,0.00,0.00,-1,1,7,0
10480,1,1,5.515,3.785,0.52,0.35,0.52,0.35,INF,-1,1,7,0
10500,1,1,13.631,4.059,1.27,0.38,1.27,0.38,INF,-1,1,7,0
10520,1,1,26.320,2.884,2.46,0.27,2.46,0.27,INF,-1,1,7,0
10540,1,1,24.135,3.343,2.25,0.31,2.25,0.31,INF,-1,1,7,0
10560,1,1,25.243,1.774,2.36,0.17,2.36,0.17,INF,-1,0,7,0
10580,1,1,23.346,3.354,2.18,0.31,2.18,0.31,INF,-1,0,7,0
10600,1,1,22.229,4.393,2.08,0.41,2.08,0.41,INF,-1,0,7,0
10620,1,1,22.646,3.813,2.12,0.36,2.12,0.36,INF,-1,0,7,0
10640,1,1,24.009,2.740,2.24,0.26,2.24,0.26,INF,-1,0,7,0
10660,1,1,25.531,1.138,2.38,0.11,2.38,0.11,INF,-1,0,7,0
10680,1,1,24.265,1.860,2.27,0.17,2.27,0.17,INF,-1,0,7,0
10700,1,1,21.252,3.820,1.99,0.36,1.99,0.36,INF,-1,0,7,0
10720,1,1,21.547,2.798,2.01,0.26,2.01,0.26,INF,-1,0,7,0
10740,1,1,20.127,3.806,1.88,0.36,1.88,0.36,INF,-1,0,7,0
10760,1,1,-13.600,2.090,-1.27,0.20,-1.27,0.20,INF,-1,0,7,0
10780,1,1,-16.269,-0.394,-1.52,-0.04,-1.52,-0.04,INF,-1,0,7,0
10800,1,1,-13.968,0.150,-1.31,0.01,-1.31,0.01,INF,-1,0,7,0
10820,1,1,-14.055,0.422,-1.31,0.04,-1.31,0.04,INF,-1,0,7,0
10840,1,1,-14.434,3.001,-1.35,0.28,-1.35,0.28,INF,-1,0,7,0
10860,1,1,-17.929,1.819,-1.68,0.17,-1.68,0.17,INF,-1,0,7,0
10880,1,1,-16.753,2.026,-1.57,0.19,-1.57,0.19,INF,-1,0,7,0
10900,1,1,-18.548,2.477,-1.73,0.23,-1.73,0.23,INF,-1,0,7,0
10920,1,1,-16.834,0.446,-1.57,0.04,-1.57,0.04,INF,-1,0,7,0
10940,1,1,-18.193,1.223,-1.70,0.11,-1.70,0.11,INF,-1,0,7,0
10960,1,1,-17.915,0.363,-1.67,0.03,-1.67,0.03,INF,-1,0,7,0
10980,1,1,-19.852,2.283,-1.85,0.21,-1.85,0.21,INF,-1,1,7,0
11000,1,1,-15.563,-0.235,-1.45,-0.02,-1.45,-0.02,INF,-1,1,7,0
11020,1,1,-20.522,0.939,-1.92,0.09,-1.92,0.09,INF,-1,1,7,0
11040,1,1,-17.852,0.215,-1.67,0.02,-1.67,0.02,INF,-1,1,7,0
11060,0,1,0.000,0.000,0.00,0.00,0.00,0.00,0.00,-1,1,7,0
11080,1,1,-13.221,-0.404,-1.24,-0.04,-1.24,-0.04,INF,-1,1,7,0
11100,1,1,-19.592,0.371,-1.83,0.03,-1.83,0.03,INF,-1,1,7,0
11120,1,1,-15.344,-4.507,-1.43,-0.42,-1.43,-0.42,INF,-1,1,7,0
11140,1,1,-15.751,-2.184,-1.47,-0.20,-1.47,-0.20,INF,-1,1,7,0
11160,1,1,1.969,0.503,0.18,0.05,0.18,0.05,INF,-1,1,7,0
11180,1,1,23.710,-3.987,2.22,-0.37,2.21,-0.37,INF,-1,1,7,0
11200,1,1,18.827,-3.407,1.76,-0.32,1.76,-0.32,INF,-1,0,7,0
11220,1,1,18.986,-4.078,1.77,-0.38,1.77,-0.38,INF,-1,0,7,0
11240,1,1,18.310,-3.109,1.71,-0.29,1.71,-0.29,INF,-1,0,7,0
11260,1,1,20.564,-5.509,1.92,-0.51,1.92,-0.51,INF,-1,0,7,0
11280,1,1,18.802,-2.754,1.76,-0.26,1.76,-0.26,INF,-1,0,7,0
11300,1,1,19.575,-2.644,1.83,-0.25,1.83,-0.25,INF,-1,0,7,0
11320,1,1,21.623,-4.564,2.02,-0.43,2.02,-0.43,INF,-1,0,7,0
11340,1,1,22.985,-3.338,2.15,-0.31,2.15,-0.31,INF,-1,0,7,0
11360,1,1,22.711,-3.237,2.12,-0.30,2.12,-0.30,INF,-1,0,7,0
11380,1,1,23.424,-5.545,2.19,-0.52,2.19,-0.52,INF,-1,0,7,0
11400,1,1,20.938,-3.326,1.96,-0.31,1.96,-0.31,INF,-1,0,7,0
11420,1,1,23.763,-4.954,2.22,-0.46,2.22,-0.46,INF,-1,0,7,0
11440,1,1,21.414,-3.550,2.00,-0.33,2.00,-0.33,INF,-1,0,7,0
11460,1,1,22.778,-3.626,2.13,-0.34,2.13,-0.34,INF,-1,1,7,0
11480,1,1,17.733,-7.572,1.66,-0.71,1.66,-0.71,INF,-1,1,7,0
11500,1,1,-13.013,2.199,-1.22,0.21,-1.22,0.21,INF,-1,1,7,0
11520,1,1,-21.684,1.087,-2.03,0.10,-2.03,0.10,INF,-1,1,7,0
11540,1,1,-17.797,0.551,-1.66,0.05,-1.66,0.05,INF,-1,0,7,0
11560,1,1,-18.887,-0.027,-1.76,0.00,-1.76,0.00,INF,-1,0,7,0
11580,1,1,-20.780,0.163,-1.94,0.02,-1.94,0.02,INF,-1,0,7,0
11600,1,1,-17.807,-2.311,-1.66,-0.22,-1.66,-0.22,INF,-1,0,7,0
11620,1,1,-22.512,1.834,-2.10,0.17,-2.10,0.17,INF,-1,0,7,0
11640,1,1,-17.787,-0.173,-1.66,-0.02,-1.66,-0.02,INF,-1,0,7,0
11660,1,1,-20.874,0.018,-1.95,0.00,-1.95,0.00,INF,-1,0,7,0
11680,1,1,-21.407,1.243,-2.00,0.12,-2.00,0.12,INF,-1,0,7,0
11700,1,1,-16.612,-0.150,-1.55,-0.01,-1.55,-0.01,INF,-1,0,7,0
11720,1,1,-16.089,1.241,-1.50,0.12,-1.50,0.12,INF,-1,0,7,0
11740,1,1,-18.543,0.102,-1.73,0.01,-1.73,0.01,INF,-1,0,7,0
11760,1,1,-20.570,1.108,-1.92,0.10,-1.92,0.10,INF,-1,0,7,0
11780,1,1,-21.798,1.715,-2.04,0.16,-2.04,0.16,INF,-1,1,7,0
11800,1,1,-20.307,-0.410,-1.90,-0.04,-1.90,-0.04,INF,-1,1,7,0
11820,1,1,-17.812,1.349,-1.66,0.13,-1.66,0.13,INF,-1,1,7,0
11840,1,1,-16.193,-2.372,-1.51,-0.22,-1.51,-0.22,INF,-1,1,7,0
11860,1,1,-17.965,-1.647,-1.68,-0.15,-1.68,-0.15,INF,-1,1,7,0
11880,1,1,-19.420,-2.383,-1.81,-0.22,-1.81,-0.22,INF,-1,1,7,0
11900,1,1,-21.170,-2.291,-1.98,-0.21,-1.98,-0.21,INF,-1,1,7,0
11920,1,1,-17.506,-2.120,-1.64,-0.20,-1.64,-0.20,INF,-1,1,7,0
11940,1,1,-19.150,-2.322,-1.79,-0.22,-1.79,-0.22,INF,-1,1,7,0
11960,1,1,-7.804,-3.366,-0.73,-0.31,-0.73,-0.31,INF,-1,1,7,0
11980,1,1,19.773,-3.638,1.85,-0.34,1.85,-0.34,INF,-1,1,7,0
12000,1,1,26.276,-0.884,2.45,-0.08,2.45,-0.08,INF,-1,0,7,0
12020,1,1,23.244,-1.826,2.17,-0.17,2.17,-0.17,INF,-1,0,7,0
12040,1,1,26.400,-1.629,2.47,-0.15,2.47,-0.15,INF,-1,0,7,0
12060,1,1,28.001,-1.214,2.62,-0.11,2.62,-0.11,INF,-1,0,7,0
12080,1,1,26.675,-1.463,2.49,-0.14,2.49,-0.14,INF,-1,0,7,0
12100,1,1,25.256,-3.061,2.36,-0.29,2.36,-0.29,INF,-1,0,7,0
12120,1,1,27.157,-2.444,2.54,-0.23,2.54,-0.23,INF,-1,0,7,0
12140,1,1,24.887,-0.938,2.32,-0.09,2.32,-0.09,INF,-1,0,7,0
12160,0,1,0.000,0.000,0.00,0.00,0.00,0.00,0.00,-1,0,7,0
12180,1,1,24.442,-1.925,2.28,-0.18,2.28,-0.18,INF,-1,0,7,0
12200,1,1,24.740,-1.887,2.31,-0.18,2.31,-0.18,INF,-1,0,7,0
12220,1,1,25.933,-2.130,2.42,-0.20,2.42,-0.20,INF,-1,0,7,0
12240,1,1,25.013,-2.391,2.34,-0.22,2.34,-0.22,INF,-1,0,7,0
12260,1,1,24.640,-4.214,2.30,-0.39,2.30,-0.39,INF,-1,1,7,0
12280,1,1,3.414,-5.980,0.32,-0.56,0.32,-0.56,INF,-1,1,7,0
12300,1,1,-3.109,-5.104,-0.29,-0.48,-0.29,-0.48,INF,-1,1,7,0
12320,1,1,-1.886,-5.028,-0.18,-0.47,-0.18,-0.47,INF,-1,0,7,0
12340,1,1,-2.925,-4.810,-0.27,-0.45,-0.27,-0.45,INF,-1,0,7,0
12360,1,1,-1.937,-5.527,-0.18,-0.52,-0.18,-0.52,INF,-1,0,7,0
12380,1,1,-5.466,-6.688,-0.51,-0.63,-0.51,-0.63,INF,-1,0,7,0
12400,1,1,-5.249,-5.808,-0.49,-0.54,-0.49,-0.54,INF,-1,0,7,0
12420,1,1,-5.135,-5.522,-0.48,-0.52,-0.48,-0.52,INF,-1,0,7,0
12440,1,1,-2.601,-8.650,-0.24,-0.81,-0.24,-0.81,INF,-1,0,7,0
12460,1,1,-3.699,-6.421,-0.35,-0.60,-0.35,-0.60,INF,-1,0,7,0
12480,1,1,-2.757,-6.393,-0.26,-0.60,-0.26,-0.60,INF,-1,0,7,0
12500,1,1,-4.834,-5.151,-0.45,-0.48,-0.45,-0.48,INF,-1,0,7,0
12520,1,1,-5.821,-6.126,-0.54,-0.57,-0.54,-0.57,INF,-1,0,7,0
12540,1,1,-5.981,-6.470,-0.56,-0.60,-0.56,-0.60,INF,-1,0,7,0
12560,1,1,-15.942,-1.592,-1.49,-0.15,-1.49,-0.15,INF,-1,1,7,0
12580,1,1,-20.015,1.674,-1.87,0.16,-1.87,0.16,INF,-1,1,7,0
12600,1,1,-19.158,-0.073,-1.79,-0.01,-1.79,-0.01,INF,-1,0,7,0
12620,1,1,-16.829,-1.315,-1.57,-0.12,-1.57,-0.12,INF,-1,0,7,0
12640,1,1,-16.137,-0.724,-1.51,-0.07,-1.51,-0.07,INF,-1,0,7,0
12660,1,1,-16.921,-2.576,-1.58,-0.24,-1.58,-0.24,INF,-1,0,7,0
12680,1,1,-19.176,0.664,-1.79,0.06,-1.79,0.06,INF,-1,0,7,0
12700,1,1,-18.696,0.035,-1.75,0.00,-1.75,0.00,INF,-1,0,7,0
12720,1,1,-20.594,1.803,-1.92,0.17,-1.92,0.17,INF,-1,0,7,0
12740,1,1,-18.298,0.725,-1.71,0.07,-1.71,0.07,INF,-1,0,7,0
12760,1,1,-20.672,1.687,-1.93,0.16,-1.93,0.16,INF,-1,0,7,0
12780,1,1,-18.827,0.142,-1.76,0.01,-1.76,0.01,INF,-1,0,7,0
12800,1,1,-14.838,0.612,-1.39,0.06,-1.39,0.06,INF,-1,0,7,0
12820,1,1,-17.754,-0.083,-1.66,-0.01,-1.66,-0.01,INF,-1,0,7,0
12840,1,1,-19.976,0.018,-1.87,0.00,-1.87,0.00,INF,-1,1,7,0
12860,1,1,-14.541,-0.783,-1.36,-0.07,-1.36,-0.07,INF,-1,1,7,0
12880,1,1,28.037,-4.884,2.62,-0.46,2.62,-0.46,INF,-1,1,7,0
12900,1,1,30.077,-5.418,2.81,-0.51,2.81,-0.51,INF,-1,1,7,0
12920,1,1,29.594,-5.156,2.76,-0.48,2.76,-0.48,INF,-1,0,7,0
12940,1,1,30.705,-4.625,2.87,-0.43,2.87,-0.43,INF,-1,0,7,0
12960,1,1,29.034,-5.840,2.71,-0.55,2.71,-0.55,INF,-1,0,7,0
12980,1,1,29.898,-3.768,2.79,-0.35,2.79,-0.35,INF,-1,0,7,0
13000,1,1,30.660,-5.044,2.86,-0.47,2.86,-0.47,INF,-1,0,7,0
13020,1,1,30.593,-3.898,2.86,-0.36,2.86,-0.36,INF,-1,0,7,0
13040,1,1,31.120,-5.141,2.91,-0.48,2.91,-0.48,INF,-1,0,7,0
13060,1,1,28.179,-5.107,2.63,-0.48,2.63,-0.48,INF,-1,0,7,0
13080,1,1,30.678,-5.025,2.87,-0.47,2.86,-0.47,INF,-1,0,7,0
13100,1,1,31.826,-5.246,2.97,-0.49,2.97,-0.49,INF,-1,0,7,0
13120,1,1,31.142,-4.716,2.91,-0.44,2.91,-0.44,INF,-1,0,7,0
13140,1,1,27.696,-3.748,2.59,-0.35,2.59,-0.35,INF,-1,0,7,0
13160,1,1,29.637,-4.734,2.77,-0.44,2.77,-0.44,INF,-1,1,7,0
13180,1,1,33.003,-6.746,3.08,-0.63,3.08,-0.63,INF,-1,1,7,0
13200,1,1,30.435,-5.064,2.84,-0.47,2.84,-0.47,INF,-1,1,7,0
13220,1,1,28.855,-4.798,2.70,-0.45,2.69,-0.45,INF,-1,1,7,0
13240,1,1,28.210,-5.330,2.63,-0.50,2.63,-0.50,INF,-1,1,7,0
13260,1,1,19.615,-3.945,1.83,-0.37,1.83,-0.37,INF,-1,1,7,0
13280,1,1,-3.599,-5.303,-0.34,-0.50,-0.34,-0.50,INF,-1,1,7,0
13300,1,1,-1.697,-1.518,-0.16,-0.14,-0.16,-0.14,INF,-1,0,7,0
13320,1,1,-1.155,-3.397,-0.11,-0.32,-0.11,-0.32,INF,-1,0,7,0
13340,1,1,-5.589,-2.527,-0.52,-0.24,-0.52,-0.24,INF,-1,0,7,0
13360,1,1,-5.087,-2.557,-0.48,-0.24,-0.48,-0.24,INF,-1,0,7,0
13380,1,1,-6.161,-2.571,-0.58,-0.24,-0.58,-0.24,INF,-1,0,7,0
13400,1,1,-4.881,-3.281,-0.46,-0.31,-0.46,-0.31,INF,-1,0,7,0
13420,1,1,-3.608,-2.248,-0.34,-0.21,-0.34,-0.21,INF,-1,0,7,0
13440,1,1,-3.621,-3.419,-0.34,-0.32,-0.34,-0.32,INF,-1,0,7,0
13460,1,1,-1.602,-5.167,-0.15,-0.48,-0.15,-0.48,INF,-1,0,7,0
13480,1,1,-2.883,-4.420,-0.27,-0.41,-0.27,-0.41,INF,-1,0,7,0
13500,1,1,-2.346,-4.794,-0.22,-0.45,-0.22,-0.45,INF,-1,0,7,0
13520,1,1,-3.946,-8.197,-0.37,-0.77,-0.37,-0.77,INF,-1,0,7,0
13540,1,1,-4.538,-2.244,-0.42,-0.21,-0.42,-0.21,INF,-1,0,7,0
13560,1,1,-4.681,-3.402,-0.44,-0.32,-0.44,-0.32,INF,-1,1,7,0
13580,1,1,-3.626,-6.130,-0.34,-0.57,-0.34,-0.57,INF,-1,1,7,0
13600,1,1,-2.643,-4.542,-0.25,-0.42,-0.25,-0.42,INF,-1,1,7,0
13620,1,1,-3.530,-2.662,-0.33,-0.25,-0.33,-0.25,INF,-1,1,7,0
13640,1,1,-3.410,-3.422,-0.32,-0.32,-0.32,-0.32,INF,-1,1,7,0
13660,1,1,-11.220,-2.822,-1.05,-0.26,-1.05,-0.26,INF,-1,1,7,0
13680,1,1,-18.865,3.067,-1.76,0.29,-1.76,0.29,INF,-1,1,7,0
13700,1,1,-21.671,2.464,-2.02,0.23,-2.02,0.23,INF,-1,1,7,0
13720,1,1,-21.961,2.695,-2.05,0.25,-2.05,0.25,INF,-1,0,7,0
13740,1,1,-22.743,2.464,-2.12,0.23,-2.12,0.23,INF,-1,0,7,0
13760,1,1,-19.951,4.542,-1.86,0.42,-1.86,0.42,INF,-1,0,7,0
13780,1,1,-23.562,4.437,-2.20,0.41,-2.20,0.41,INF,-1,0,7,0
13800,1,1,-25.204,5.228,-2.35,0.49,-2.35,0.49,INF,-1,0,7,0
13820,1,1,-24.061,3.236,-2.25,0.30,-2.25,0.30,INF,-1,0,7,0
13840,1,1,-23.428,3.453,-2.19,0.32,-2.19,0.32,INF,-1,0,7,0
13860,1,1,-22.639,1.857,-2.12,0.17,-2.12,0.17,INF,-1,0,7,0
13880,1,1,-18.535,2.121,-1.73,0.20,-1.73,0.20,INF,-1,0,7,0
13900,1,1,-23.233,2.701,-2.17,0.25,-2.17,0.25,INF,-1,0,7,0
13920,1,1,-21.019,0.802,-1.96,0.07,-1.96,0.07,INF,-1,0,7,0
13940,1,1,-17.458,1.923,-1.63,0.18,-1.63,0.18,INF,-1,0,7,0
13960,1,1,-17.483,0.735,-1.63,0.07,-1.63,0.07,INF,-1,1,7,0
13980,1,1,-23.659,2.368,-2.21,0.22,-2.21,0.22,INF,-1,1,7,0
14000,1,1,-17.442,2.733,-1.63,0.26,-1.63,0.26,INF,-1,1,7,0
14020,1,1,-6.864,-0.313,-0.64,-0.03,-0.64,-0.03,INF,-1,1,7,0
14040,1,1,17.333,-7.542,1.62,-0.70,1.62,-0.70,INF,-1,1,7,0
14060,1,1,15.957,-8.195,1.49,-0.77,1.49,-0.77,INF,-1,0,7,0
14080,1,1,15.472,-6.401,1.45,-0.60,1.45,-0.60,INF,-1,0,7,0
14100,1,1,15.173,-9.152,1.42,-0.86,1.42,-0.86,INF,-1,0,7,0
14120,1,1,15.850,-8.112,1.48,-0.76,1.48,-0.76,INF,-1,0,7,0
14140,1,1,18.164,-8.737,1.70,-0.82,1.70,-0.82,INF,-1,0,7,0
14160,1,1,14.507,-8.855,1.36,-0.83,1.36,-0.83,INF,-1,0,7,0
14180,1,1,16.058,-10.000,1.50,-0.93,1.50,-0.93,INF,-1,0,7,0
14200,1,1,16.408,-12.754,1.53,-1.19,1.53,-1.19,INF,-1,0,7,0
14220,1,1,16.081,-8.525,1.50,-0.80,1.50,-0.80,INF,-1,0,7,0
14240,1,1,16.805,-8.386,1.57,-0.78,1.57,-0.78,INF,-1,0,7,0
14260,1,1,17.097,-7.798,1.60,-0.73,1.60,-0.73,INF,-1,0,7,0
14280,1,1,16.027,-8.932,1.50,-0.83,1.50,-0.83,INF,-1,0,7,0
14300,1,1,-8.452,-3.654,-0.79,-0.34,-0.79,-0.34,INF,-1,0,7,0
14320,1,1,-15.052,-2.313,-1.41,-0.22,-1.41,-0.22,INF,-1,1,7,0
14340,1,1,-13.372,-2.953,-1.25,-0.28,-1.25,-0.28,INF,-1,0,7,0
14360,1,1,-11.129,-3.067,-1.04,-0.29,-1.04,-0.29,INF,-1,0,7,0
14380,1,1,-12.977,-4.311,-1.21,-0.40,-1.21,-0.40,INF,-1,0,7,0
14400,1,1,-15.654,-2.104,-1.46,-0.20,-1.46,-0.20,INF,-1,0,7,0
14420,1,1,-14.532,-3.960,-1.36,-0.37,-1.36,-0.37,INF,-1,0,7,0
14440,1,1,-13.110,-2.306,-1.23,-0.22,-1.23,-0.22,INF,-1,0,7,0
14460,1,1,-14.432,-3.250,-1.35,-0.30,-1.35,-0.30,INF,-1,0,7,0
14480,1,1,-16.652,-2.297,-1.56,-0.21,-1.56,-0.21,INF,-1,0,7,0
14500,1,1,-14.928,-2.929,-1.40,-0.27,-1.40,-0.27,INF,-1,0,7,0
14520,1,1,-13.345,-2.301,-1.25,-0.21,-1.25,-0.22,INF,-1,0,7,0
14540,1,1,-18.290,-0.928,-1.71,-0.09,-1.71,-0.09,INF,-1,0,7,0
14560,1,1,-14.311,-2.482,-1.34,-0.23,-1.34,-0.23,INF,-1,0,7,0
14580,1,1,-14.674,-3.963,-1.37,-0.37,-1.37,-0.37,INF,-1,1,7,0
14600,1,1,-14.758,-4.806,-1.38,-0.45,-1.38,-0.45,INF,-1,1,7,0
14620,1,1,-14.434,-3.849,-1.35,-0.36,-1.35,-0.36,INF,-1,1,7,0
14640,1,1,-14.599,-1.029,-1.36,-0.10,-1.36,-0.10,INF,-1,1,7,0
14660,1,1,-18.485,3.866,-1.73,0.36,-1.73,0.36,INF,-1,1,7,0
14680,1,1,-16.051,2.336,-1.50,0.22,-1.50,0.22,INF,-1,1,7,0
14700,1,1,-17.340,2.519,-1.62,0.24,-1.62,0.24,INF,-1,1,7,0
14720,1,1,-15.082,4.421,-1.41,0.41,-1.41,0.41,INF,-1,1,7,0
14740,1,1,-12.486,-0.554,-1.17,-0.05,-1.17,-0.05,INF,-1,1,7,0
14760,1,1,-17.707,1.309,-1.65,0.12,-1.65,0.12,INF,-1,1,7,0
14780,1,1,-13.500,-1.511,-1.26,-0.14,-1.26,-0.14,INF,-1,1,7,0
14800,1,1,-17.781,2.895,-1.66,0.27,-1.66,0.27,INF,-1,1,7,0
14820,1,1,-16.671,2.417,-1.56,0.23,-1.56,0.23,INF,-1,1,7,0
14840,1,1,-17.241,2.108,-1.61,0.20,-1.61,0.20,INF,-1,1,7,0
14860,1,1,-17.767,1.331,-1.66,0.12,-1.66,0.12,INF,-1,1,7,0
14880,1,1,-17.759,0.123,-1.66,0.01,-1.66,0.01,INF,-1,1,7,0
14900,1,1,-7.283,-2.780,-0.68,-0.26,-0.68,-0.26,INF,-1,1,7,0
14920,1,1,26.956,-5.270,2.52,-0.49,2.52,-0.49,INF,-1,1,7,0
14940,1,1,31.158,-5.440,2.91,-0.51,2.91,-0.51,INF,-1,1,7,0
14960,1,1,28.988,-6.899,2.71,-0.64,2.71,-0.64,INF,-1,0,7,0
14980,1,1,27.532,-4.867,2.57,-0.45,2.57,-0.45,INF,-1,0,7,0
15000,1,1,27.824,-5.846,2.60,-0.55,2.60,-0.55,INF,-1,0,7,0
