"EyeTracker Toolbox version","3.250"
CalibrationParameters_A11,1.19481
CalibrationParameters_A12,0.05866
CalibrationParameters_A13,0.02278
CalibrationParameters_A21,0.08526
CalibrationParameters_A22,-1.24384
CalibrationParameters_A23,0.03124
CalibrationParameters_A31,0.00037
CalibrationParameters_A32,-0.01247
CalibrationParameters_E11,-0.18048
CalibrationParameters_E12,-0.00014
CalibrationParameters_E21,0.00000
CalibrationParameters_E22,0.19970
CalibrationParameters_X,-45.09089
CalibrationParameters_Y,-48.87256
CalibrationParameters_Rpc,88.95888
CalibrationParameters_MeanX,145.74427
CalibrationParameters_MeanY,136.58058
CalibrationParameters_ViewDist,613.00000
TimeStamp,Tracked,Calibrated,ScreenPositionXmm,ScreenPositionYmm,FicksLongitude,FicksLatitude,HelmholtzAzimuth,HelmholtzElevation,PupilDiameter,Region,Fixation,DigitalIO,Dropped
0,1,1,8.619,9.474,0.81,0.89,0.81,0.89,INF,-1,0,7,0
20,1,1,8.507,7.181,0.80,0.67,0.80,0.67,INF,-1,0,7,0
40,1,1,7.608,7.684,0.71,0.72,0.71,0.72,INF,-1,0,7,0
60,1,1,8.580,7.013,0.80,0.66,0.80,0.66,INF,-1,0,7,0
80,1,1,10.492,4.845,0.98,0.45,0.98,0.45,INF,-1,0,7,0
100,1,1,7.653,8.314,0.72,0.78,0.72,0.78,INF,-1,0,7,0
120,1,1,7.589,7.730,0.71,0.72,0.71,0.72,INF,-1,0,7,0
140,1,1,8.136,7.213,0.76,0.67,0.76,0.67,INF,-1,0,7,0
160,1,1,6.780,8.503,0.63,0.79,0.63,0.79,INF,-1,0,7,0
180,1,1,9.430,6.879,0.88,0.64,0.88,0.64,INF,-1,0,7,0
200,1,1,-6.020,0.651,-0.56,0.06,-0.56,0.06,INF,-1,0,7,0
220,1,1,-4.567,0.349,-0.43,0.03,-0.43,0.03,INF,-1,0,7,0
240,1,1,-5.798,1.478,-0.54,0.14,-0.54,0.14,INF,-1,0,7,0
260,1,1,-6.429,1.610,-0.60,0.15,-0.60,0.15,INF,-1,0,7,0
280,1,1,-7.021,2.088,-0.66,0.20,-0.66,0.20,INF,-1,0,7,0
300,1,1,-7.753,1.134,-0.72,0.11,-0.72,0.11,INF,-1,1,7,0
320,1,1,-7.416,1.549,-0.69,0.14,-0.69,0.14,INF,-1,1,7,0
340,1,1,-7.611,2.952,-0.71,0.28,-0.71,0.28,INF,-1,0,7,0
360,1,1,-8.665,2.561,-0.81,0.24,-0.81,0.24,INF,-1,0,7,0
380,1,1,-9.616,2.985,-0.90,0.28,-0.90,0.28,INF,-1,0,7,0
400,1,1,-9.609,2.597,-0.90,0.24,-0.90,0.24,INF,-1,0,7,0
420,1,1,-32.053,-2.454,-2.99,-0.23,-2.99,-0.23,INF,-1,0,7,0
440,1,1,-29.883,0.549,-2.79,0.05,-2.79,0.05,INF,-1,0,7,0
460,1,1,-31.925,-1.548,-2.98,-0.14,-2.98,-0.14,INF,-1,0,7,0
480,1,1,-30.937,-1.729,-2.89,-0.16,-2.89,-0.16,INF,-1,0,7,0
500,1,1,-31.007,-0.734,-2.90,-0.07,-2.90,-0.07,INF,-1,0,7,0
520,1,1,-29.739,-1.560,-2.78,-0.15,-2.78,-0.15,INF,-1,0,7,0
540,1,1,-30.270,-2.174,-2.83,-0.20,-2.83,-0.20,INF,-1,0,7,0
560,1,1,-29.813,-0.782,-2.78,-0.07,-2.78,-0.07,INF,-1,0,7,0
580,1,1,-31.272,-0.769,-2.92,-0.07,-2.92,-0.07,INF,-1,0,7,0
600,1,1,-32.170,-1.479,-3.00,-0.14,-3.00,-0.14,INF,-1,0,7,0
620,1,1,-30.618,0.285,-2.86,0.03,-2.86,0.03,INF,-1,0,7,0
640,1,1,-31.159,-2.285,-2.91,-0.21,-2.91,-0.21,INF,-1,0,7,0
660,1,1,-30.447,-1.710,-2.84,-0.16,-2.84,-0.16,INF,-1,0,7,0
680,1,1,-23.448,-5.166,-2.19,-0.48,-2.19,-0.48,INF,-1,0,7,0
700,1,1,-24.583,-6.722,-2.30,-0.63,-2.30,-0.63,INF,-1,1,7,0
720,1,1,-23.978,-6.310,-2.24,-0.59,-2.24,-0.59,INF,-1,1,7,0
740,1,1,-23.211,-7.246,-2.17,-0.68,-2.17,-0.68,INF,-1,1,7,0
760,1,1,-22.270,-5.758,-2.08,-0.54,-2.08,-0.54,INF,-1,1,7,0
780,1,1,-24.307,-5.960,-2.27,-0.56,-2.27,-0.56,INF,-1,1,7,0
800,1,1,-24.353,-7.160,-2.28,-0.67,-2.27,-0.67,INF,-1,1,7,0
820,1,1,-23.302,-5.567,-2.18,-0.52,-2.18,-0.52,INF,-1,1,7,0
840,1,1,-23.299,-5.179,-2.18,-0.48,-2.18,-0.48,INF,-1,1,7,0
860,1,1,-23.876,-6.041,-2.23,-0.56,-2.23,-0.56,INF,-1,1,7,0
880,1,1,-23.797,-6.730,-2.22,-0.63,-2.22,-0.63,INF,-1,1,7,0
900,1,1,-24.943,-4.279,-2.33,-0.40,-2.33,-0.40,INF,-1,1,7,0
920,1,1,-24.398,-4.213,-2.28,-0.39,-2.28,-0.39,INF,-1,1,7,0
940,1,1,-23.705,-5.467,-2.21,-0.51,-2.21,-0.51,INF,-1,1,7,0
960,1,1,-24.323,-5.332,-2.27,-0.50,-2.27,-0.50,INF,-1,1,7,0
980,1,1,-35.002,7.923,-3.27,0.74,-3.27,0.74,INF,-1,1,7,0
1000,1,1,-35.626,10.813,-3.33,1.01,-3.33,1.01,INF,-1,1,7,0
1020,1,1,-36.770,10.616,-3.43,0.99,-3.43,0.99,INF,-1,0,7,0
1040,1,1,-38.219,9.860,-3.57,0.92,-3.57,0.92,INF,-1,0,7,0
1060,1,1,-37.833,10.397,-3.53,0.97,-3.53,0.97,INF,-1,0,7,0
1080,1,1,-38.064,10.413,-3.55,0.97,-3.55,0.97,INF,-1,0,7,0
1100,1,1,-39.139,9.392,-3.65,0.88,-3.65,0.88,INF,-1,0,7,0
1120,1,1,-36.131,9.991,-3.37,0.93,-3.37,0.93,INF,-1,0,7,0
1140,1,1,-37.087,9.626,-3.46,0.90,-3.46,0.90,INF,-1,0,7,0
1160,1,1,-37.406,10.438,-3.49,0.97,-3.49,0.98,INF,-1,0,7,0
1180,1,1,-38.699,11.382,-3.61,1.06,-3.61,1.06,INF,-1,0,7,0
1200,1,1,-37.181,9.712,-3.47,0.91,-3.47,0.91,INF,-1,0,7,0
1220,1,1,-36.841,10.207,-3.44,0.95,-3.44,0.95,INF,-1,0,7,0
1240,1,1,-36.675,11.376,-3.42,1.06,-3.42,1.06,INF,-1,0,7,0
1260,1,1,-37.854,11.922,-3.53,1.11,-3.53,1.11,INF,-1,1,7,0
1280,1,1,-36.439,9.996,-3.40,0.93,-3.40,0.93,INF,-1,1,7,0
1300,1,1,-59.053,15.906,-5.50,1.48,-5.50,1.49,INF,-1,1,7,0
1320,1,1,-56.023,15.671,-5.22,1.46,-5.22,1.46,INF,-1,1,7,0
1340,1,1,-57.852,15.857,-5.39,1.48,-5.39,1.48,INF,-1,0,7,0
1360,1,1,-57.380,16.778,-5.35,1.56,-5.35,1.57,INF,-1,0,7,0
1380,1,1,-56.267,16.385,-5.24,1.52,-5.24,1.53,INF,-1,0,7,0
1400,1,1,-57.202,17.076,-5.33,1.59,-5.33,1.60,INF,-1,0,7,0
1420,1,1,-58.065,16.149,-5.41,1.50,-5.41,1.51,INF,-1,0,7,0
1440,1,1,-58.491,17.033,-5.45,1.58,-5.45,1.59,INF,-1,0,7,0
1460,1,1,-57.714,16.371,-5.38,1.52,-5.38,1.53,INF,-1,0,7,0
1480,1,1,-57.076,16.152,-5.32,1.50,-5.32,1.51,INF,-1,0,7,0
1500,1,1,-57.577,15.148,-5.37,1.41,-5.36,1.42,INF,-1,0,7,0
1520,1,1,-57.770,15.920,-5.38,1.48,-5.38,1.49,INF,-1,0,7,0
1540,1,1,-57.953,16.297,-5.40,1.52,-5.40,1.52,INF,-1,0,7,0
1560,1,1,-56.576,15.378,-5.27,1.43,-5.27,1.44,INF,-1,0,7,0
1580,1,1,-57.626,15.313,-5.37,1.42,-5.37,1.43,INF,-1,1,7,0
1600,1,1,-57.413,15.143,-5.35,1.41,-5.35,1.42,INF,-1,1,7,0
1620,1,1,-50.182,11.997,-4.68,1.12,-4.68,1.12,INF,-1,1,7,0
1640,1,1,-33.402,11.304,-3.12,1.05,-3.12,1.06,INF,-1,1,7,0
1660,1,1,-35.875,11.785,-3.35,1.10,-3.35,1.10,INF,-1,1,7,0
1680,1,1,-35.194,11.276,-3.29,1.05,-3.29,1.05,INF,-1,0,7,0
1700,1,1,-34.497,9.163,-3.22,0.86,-3.22,0.86,INF,-1,0,7,0
1720,1,1,-35.257,12.656,-3.29,1.18,-3.29,1.18,INF,-1,0,7,0
1740,1,1,-35.260,11.134,-3.29,1.04,-3.29,1.04,INF,-1,0,7,0
1760,1,1,-34.405,10.289,-3.21,0.96,-3.21,0.96,INF,-1,0,7,0
1780,1,1,-33.887,9.421,-3.16,0.88,-3.16,0.88,INF,-1,0,7,0
1800,1,1,-35.796,10.652,-3.34,0.99,-3.34,1.00,INF,-1,0,7,0
1820,1,1,-35.782,11.928,-3.34,1.11,-3.34,1.11,INF,-1,0,7,0
1840,1,1,-33.773,10.649,-3.15,0.99,-3.15,1.00,INF,-1,0,7,0
1860,1,1,-35.424,10.654,-3.31,0.99,-3.31,1.00,INF,-1,0,7,0
1880,1,1,-35.221,11.150,-3.29,1.04,-3.29,1.04,INF,-1,0,7,0
1900,1,1,-30.515,7.018,-2.85,0.66,-2.85,0.66,INF,-1,0,7,0
1920,1,1,-19.803,4.967,-1.85,0.46,-1.85,0.46,INF,-1,1,7,0
1940,1,1,-21.665,3.525,-2.02,0.33,-2.02,0.33,INF,-1,1,7,0
1960,1,1,-22.959,3.860,-2.14,0.36,-2.14,0.36,INF,-1,0,7,0
1980,1,1,-23.459,4.491,-2.19,0.42,-2.19,0.42,INF,-1,0,7,0
2000,1,1,-23.100,4.046,-2.16,0.38,-2.16,0.38,INF,-1,0,7,0
2020,1,1,-22.273,5.004,-2.08,0.47,-2.08,0.47,INF,-1,0,7,0
2040,1,1,-23.166,3.707,-2.16,0.35,-2.16,0.35,INF,-1,0,7,0
2060,1,1,-22.738,3.408,-2.12,0.32,-2.12,0.32,INF,-1,0,7,0
2080,1,1,-22.527,1.501,-2.10,0.14,-2.10,0.14,INF,-1,0,7,0
2100,1,1,-23.860,3.246,-2.23,0.30,-2.23,0.30,INF,-1,0,7,0
2120,1,1,-23.286,3.584,-2.18,0.33,-2.18,0.33,INF,-1,0,7,0
2140,1,1,-22.839,2.020,-2.13,0.19,-2.13,0.19,INF,-1,0,7,0
2160,1,1,-23.449,2.612,-2.19,0.24,-2.19,0.24,INF,-1,0,7,0
2180,1,1,-22.967,1.392,-2.15,0.13,-2.15,0.13,INF,-1,0,7,0
2200,1,1,-18.393,-3.117,-1.72,-0.29,-1.72,-0.29,INF,-1,1,7,0
2220,1,1,-8.442,-3.398,-0.79,-0.32,-0.79,-0.32,INF,-1,1,7,0
2240,1,1,-9.429,-4.574,-0.88,-0.43,-0.88,-0.43,INF,-1,1,7,0
2260,1,1,-9.160,-4.000,-0.86,-0.37,-0.86,-0.37,INF,-1,0,7,0
2280,1,1,-8.658,-4.063,-0.81,-0.38,-0.81,-0.38,INF,-1,0,7,0
2300,1,1,-9.250,-4.209,-0.86,-0.39,-0.86,-0.39,INF,-1,0,7,0
2320,1,1,-8.987,-5.298,-0.84,-0.50,-0.84,-0.50,INF,-1,0,7,0
2340,1,1,-10.774,-4.990,-1.01,-0.47,-1.01,-0.47,INF,-1,0,7,0
2360,1,1,-9.089,-5.533,-0.85,-0.52,-0.85,-0.52,INF,-1,0,7,0
2380,1,1,-8.657,-5.808,-0.81,-0.54,-0.81,-0.54,INF,-1,0,7,0
2400,1,1,-10.770,-6.218,-1.01,-0.58,-1.01,-0.58,INF,-1,0,7,0
2420,1,1,-8.418,-5.711,-0.79,-0.53,-0.79,-0.53,INF,-1,0,7,0
2440,1,1,-4.188,-7.133,-0.39,-0.67,-0.39,-0.67,INF,-1,0,7,0
2460,1,1,10.894,-6.197,1.02,-0.58,1.02,-0.58,INF,-1,0,7,0
2480,1,1,8.792,-6.206,0.82,-0.58,0.82,-0.58,INF,-1,0,7,0
2500,1,1,10.455,-6.101,0.98,-0.57,0.98,-0.57,INF,-1,0,7,0
2520,1,1,9.530,-5.458,0.89,-0.51,0.89,-0.51,INF,-1,0,7,0
2540,1,1,11.113,-5.934,1.04,-0.55,1.04,-0.55,INF,-1,0,7,0
2560,1,1,11.288,-7.973,1.05,-0.75,1.05,-0.75,INF,-1,0,7,0
2580,1,1,10.579,-6.492,0.99,-0.61,0.99,-0.61,INF,-1,0,7,0
2600,1,1,11.580,-5.207,1.08,-0.49,1.08,-0.49,INF,-1,1,7,0
2620,1,1,10.914,-7.121,1.02,-0.67,1.02,-0.67,INF,-1,1,7,0
2640,1,1,10.293,-6.206,0.96,-0.58,0.96,-0.58,INF,-1,1,7,0
2660,1,1,10.875,-6.540,1.02,-0.61,1.02,-0.61,INF,-1,1,7,0
2680,1,1,11.648,-7.120,1.09,-0.67,1.09,-0.67,INF,-1,1,7,0
2700,1,1,11.813,-6.262,1.10,-0.59,1.10,-0.59,INF,-1,1,7,0
2720,1,1,11.372,-7.103,1.06,-0.66,1.06,-0.66,INF,-1,1,7,0
2740,1,1,10.449,-6.671,0.98,-0.62,0.98,-0.62,INF,-1,1,7,0
2760,1,1,3.183,-6.433,0.30,-0.60,0.30,-0.60,INF,-1,1,7,0
2780,1,1,2.862,-2.729,0.27,-0.26,0.27,-0.26,INF,-1,1,7,0
2800,1,1,0.909,-3.789,0.08,-0.35,0.08,-0.35,INF,-1,1,7,0
2820,1,1,0.364,-4.461,0.03,-0.42,0.03,-0.42,INF,-1,1,7,0
2840,1,1,1.021,-4.813,0.10,-0.45,0.10,-0.45,INF,-1,1,7,0
2860,1,1,1.197,-3.297,0.11,-0.31,0.11,-0.31,INF,-1,1,7,0
2880,1,1,0.094,-4.550,0.01,-0.43,0.01,-0.43,INF,-1,1,7,0
2900,1,1,1.156,-4.705,0.11,-0.44,0.11,-0.44,INF,-1,1,7,0
2920,1,1,1.524,-4.479,0.14,-0.42,0.14,-0.42,INF,-1,1,7,0
2940,1,1,0.983,-4.597,0.09,-0.43,0.09,-0.43,INF,-1,1,7,0
2960,1,1,0.825,-4.345,0.08,-0.41,0.08,-0.41,INF,-1,1,7,0
2980,1,1,0.315,-3.706,0.03,-0.35,0.03,-0.35,INF,-1,1,7,0
3000,1,1,0.203,-3.454,0.02,-0.32,0.02,-0.32,INF,-1,1,7,0
3020,1,1,1.956,-2.858,0.18,-0.27,0.18,-0.27,INF,-1,1,7,0
3040,1,1,1.419,-3.748,0.13,-0.35,0.13,-0.35,INF,-1,1,7,0
3060,1,1,2.242,-5.608,0.21,-0.52,0.21,-0.52,INF,-1,1,7,0
3080,1,1,0.632,-5.917,0.06,-0.55,0.06,-0.55,INF,-1,1,7,0
3100,1,1,-31.182,0.586,-2.91,0.05,-2.91,0.05,INF,-1,1,7,0
3120,1,1,-28.420,1.361,-2.65,0.13,-2.65,0.13,INF,-1,1,7,0
3140,1,1,-30.315,1.052,-2.83,0.10,-2.83,0.10,INF,-1,0,7,0
3160,1,1,-29.342,0.325,-2.74,0.03,-2.74,0.03,INF,-1,0,7,0
3180,1,1,-31.158,2.422,-2.91,0.23,-2.91,0.23,INF,-1,0,7,0
3200,1,1,-31.346,1.784,-2.93,0.17,-2.93,0.17,INF,-1,0,7,0
3220,1,1,-30.938,0.488,-2.89,0.05,-2.89,0.05,INF,-1,0,7,0
3240,1,1,-30.922,2.266,-2.89,0.21,-2.89,0.21,INF,-1,0,7,0
3260,1,1,-29.312,0.934,-2.74,0.09,-2.74,0.09,INF,-1,0,7,0
3280,1,1,-29.788,1.396,-2.78,0.13,-2.78,0.13,INF,-1,0,7,0
3300,1,1,-30.092,1.140,-2.81,0.11,-2.81,0.11,INF,-1,0,7,0
3320,1,1,-35.360,0.740,-3.30,0.07,-3.30,0.07,INF,-1,0,7,0
3340,1,1,-60.940,12.440,-5.68,1.16,-5.68,1.16,INF,-1,0,7,0
3360,1,1,-57.106,11.652,-5.32,1.08,-5.32,1.09,INF,-1,0,7,0
3380,1,1,-60.997,11.963,-5.68,1.11,-5.68,1.12,INF,-1,0,7,0
3400,1,1,-59.110,10.813,-5.51,1.01,-5.51,1.01,INF,-1,0,7,0
3420,1,1,-59.924,12.451,-5.58,1.16,-5.58,1.16,INF,-1,0,7,0
3440,1,1,-62.020,13.132,-5.78,1.22,-5.78,1.23,INF,-1,0,7,0
3460,1,1,-59.286,10.085,-5.52,0.94,-5.52,0.94,INF,-1,0,7,0
3480,1,1,-60.170,12.383,-5.61,1.15,-5.60,1.16,INF,-1,0,7,0
3500,1,1,-59.599,12.788,-5.55,1.19,-5.55,1.20,INF,-1,0,7,0
3520,1,1,-59.970,11.952,-5.59,1.11,-5.59,1.12,INF,-1,0,7,0
3540,1,1,-60.615,11.552,-5.65,1.07,-5.65,1.08,INF,-1,1,7,0
3560,1,1,-69.665,19.636,-6.48,1.82,-6.48,1.83,INF,-1,1,7,0
3580,1,1,-69.113,21.993,-6.43,2.04,-6.43,2.05,INF,-1,1,7,0
3600,1,1,-69.954,21.788,-6.51,2.02,-6.51,2.04,INF,-1,0,7,0
3620,1,1,-70.088,21.101,-6.52,1.96,-6.52,1.97,INF,-1,0,7,0
3640,1,1,-70.204,19.561,-6.53,1.82,-6.53,1.83,INF,-1,0,7,0
3660,1,1,-70.972,19.542,-6.60,1.81,-6.60,1.83,INF,-1,0,7,0
3680,1,1,-71.199,20.746,-6.63,1.93,-6.62,1.94,INF,-1,0,7,0
3700,1,1,-71.699,23.656,-6.67,2.20,-6.67,2.21,INF,-1,0,7,0
3720,1,1,-69.742,19.313,-6.49,1.79,-6.49,1.80,INF,-1,0,7,0
3740,1,1,-71.425,20.936,-6.65,1.94,-6.64,1.96,INF,-1,0,7,0
3760,1,1,-70.414,19.906,-6.55,1.85,-6.55,1.86,INF,-1,0,7,0
3780,1,1,-69.578,21.726,-6.48,2.02,-6.47,2.03,INF,-1,0,7,0
3800,1,1,-70.542,20.019,-6.56,1.86,-6.56,1.87,INF,-1,0,7,0
3820,1,1,-70.900,21.773,-6.60,2.02,-6.59,2.03,INF,-1,0,7,0
3840,1,1,-69.391,20.276,-6.46,1.88,-6.45,1.89,INF,-1,1,7,0
3860,1,1,-70.497,21.844,-6.56,2.03,-6.56,2.04,INF,-1,1,7,0
3880,1,1,-73.304,28.198,-6.82,2.62,-6.81,2.63,INF,-1,1,7,0
3900,1,1,-71.348,27.716,-6.64,2.57,-6.63,2.59,INF,-1,1,7,0
3920,1,1,-72.657,29.625,-6.76,2.75,-6.75,2.77,INF,-1,1,7,0
3940,1,1,-72.375,28.941,-6.73,2.68,-6.73,2.70,INF,-1,1,7,0
3960,1,1,-73.406,28.251,-6.83,2.62,-6.82,2.64,INF,-1,1,7,0
3980,1,1,-72.576,28.330,-6.75,2.63,-6.74,2.65,INF,-1,1,7,0
4000,1,1,-72.588,26.833,-6.75,2.49,-6.75,2.51,INF,-1,1,7,0
4020,1,1,-72.790,28.344,-6.77,2.63,-6.76,2.65,INF,-1,1,7,0
4040,1,1,-72.378,28.829,-6.73,2.67,-6.73,2.69,INF,-1,1,7,0
4060,1,1,-71.294,25.498,-6.63,2.37,-6.63,2.38,INF,-1,1,7,0
4080,1,1,-12.328,11.297,-1.15,1.06,-1.15,1.06,INF,-1,1,7,0
4100,1,1,-9.216,5.763,-0.86,0.54,-0.86,0.54,INF,-1,1,7,0
4120,1,1,-9.882,5.668,-0.92,0.53,-0.92,0.53,INF,-1,0,7,0
4140,1,1,-9.428,4.142,-0.88,0.39,-0.88,0.39,INF,-1,0,7,0
4160,1,1,-8.027,3.642,-0.75,0.34,-0.75,0.34,INF,-1,0,7,0
4180,1,1,-9.530,3.527,-0.89,0.33,-0.89,0.33,INF,-1,0,7,0
4200,1,1,-8.569,4.114,-0.80,0.38,-0.80,0.38,INF,-1,0,7,0
4220,1,1,-7.907,2.661,-0.74,0.25,-0.74,0.25,INF,-1,0,7,0
4240,1,1,-9.711,4.381,-0.91,0.41,-0.91,0.41,INF,-1,0,7,0
4260,1,1,-8.018,4.295,-0.75,0.40,-0.75,0.40,INF,-1,0,7,0
4280,1,1,-7.548,3.887,-0.71,0.36,-0.71,0.36,INF,-1,0,7,0
4300,1,1,-7.758,2.467,-0.73,0.23,-0.73,0.23,INF,-1,0,7,0
4320,1,1,-7.894,2.961,-0.74,0.28,-0.74,0.28,INF,-1,0,7,0
4340,1,1,-7.058,4.152,-0.66,0.39,-0.66,0.39,INF,-1,0,7,0
4360,1,1,-7.639,2.802,-0.71,0.26,-0.71,0.26,INF,-1,1,7,0
4380,1,1,-8.640,4.279,-0.81,0.40,-0.81,0.40,INF,-1,1,7,0
4400,1,1,-10.039,3.359,-0.94,0.31,-0.94,0.31,INF,-1,1,7,0
4420,1,1,-7.496,4.257,-0.70,0.40,-0.70,0.40,INF,-1,1,7,0
4440,1,1,-7.718,1.838,-0.72,0.17,-0.72,0.17,INF,-1,1,7,0
4460,1,1,-9.693,3.245,-0.91,0.30,-0.91,0.30,INF,-1,1,7,0
4480,1,1,-8.952,4.186,-0.84,0.39,-0.84,0.39,INF,-1,1,7,0
4500,1,1,-8.196,3.836,-0.77,0.36,-0.77,0.36,INF,-1,1,7,0
4520,1,1,-7.886,2.088,-0.74,0.20,-0.74,0.20,INF,-1,1,7,0
4540,1,1,-8.719,3.860,-0.81,0.36,-0.81,0.36,INF,-1,1,7,0
4560,1,1,-2.869,-2.466,-0.27,-0.23,-0.27,-0.23,INF,-1,1,7,0
4580,1,1,0.139,-7.381,0.01,-0.69,0.01,-0.69,INF,-1,1,7,0
4600,1,1,-0.234,-7.955,-0.02,-0.74,-0.02,-0.74,INF,-1,1,7,0
4620,1,1,0.412,-4.405,0.04,-0.41,0.04,-0.41,INF,-1,0,7,0
4640,1,1,-0.354,-8.172,-0.03,-0.76,-0.03,-0.76,INF,-1,0,7,0
4660,1,1,0.409,-6.274,0.04,-0.59,0.04,-0.59,INF,-1,0,7,0
4680,1,1,-0.088,-6.579,-0.01,-0.61,-0.01,-0.61,INF,-1,0,7,0
4700,1,1,-0.691,-5.494,-0.06,-0.51,-0.06,-0.51,INF,-1,0,7,0
4720,1,1,0.926,-7.411,0.09,-0.69,0.09,-0.69,INF,-1,0,7,0
4740,1,1,2.021,-7.055,0.19,-0.66,0.19,-0.66,INF,-1,0,7,0
4760,1,1,0.829,-7.040,0.08,-0.66,0.08,-0.66,INF,-1,0,7,0
4780,1,1,1.363,-6.931,0.13,-0.65,0.13,-0.65,INF,-1,0,7,0
4800,1,1,9.266,-10.925,0.87,-1.02,0.87,-1.02,INF,-1,0,7,0
4820,1,1,7.138,-12.233,0.67,-1.14,0.67,-1.14,INF,-1,0,7,0
4840,1,1,7.445,-9.874,0.70,-0.92,0.70,-0.92,INF,-1,0,7,0
4860,1,1,8.757,-11.296,0.82,-1.06,0.82,-1.06,INF,-1,1,7,0
4880,1,1,8.849,-11.807,0.83,-1.10,0.83,-1.10,INF,-1,1,7,0
4900,1,1,6.978,-9.976,0.65,-0.93,0.65,-0.93,INF,-1,1,7,0
4920,1,1,7.034,-11.564,0.66,-1.08,0.66,-1.08,INF,-1,1,7,0
4940,1,1,7.803,-11.258,0.73,-1.05,0.73,-1.05,INF,-1,1,7,0
4960,1,1,8.577,-11.442,0.80,-1.07,0.80,-1.07,INF,-1,1,7,0
4980,1,1,8.788,-11.306,0.82,-1.06,0.82,-1.06,INF,-1,1,7,0
5000,1,1,10.236,-10.233,0.96,-0.96,0.96,-0.96,INF,-1,1,7,0
5020,1,1,8.054,-11.799,0.75,-1.10,0.75,-1.10,INF,-1,1,7,0
5040,1,1,8.996,-12.359,0.84,-1.15,0.84,-1.16,INF,-1,1,7,0
5060,1,1,7.795,-11.539,0.73,-1.08,0.73,-1.08,INF,-1,1,7,0
5080,1,1,8.940,-12.389,0.84,-1.16,0.84,-1.16,INF,-1,1,7,0
5100,1,1,8.362,-10.936,0.78,-1.02,0.78,-1.02,INF,-1,1,7,0
5120,1,1,7.735,-9.815,0.72,-0.92,0.72,-0.92,INF,-1,1,7,0
5140,1,1,8.507,-10.101,0.80,-0.94,0.79,-0.94,INF,-1,1,7,0
5160,1,1,7.465,-9.981,0.70,-0.93,0.70,-0.93,INF,-1,1,7,0
5180,1,1,8.508,-8.683,0.80,-0.81,0.80,-0.81,INF,-1,1,7,0
5200,1,1,10.041,-11.122,0.94,-1.04,0.94,-1.04,INF,-1,1,7,0
5220,1,1,10.282,-11.171,0.96,-1.04,0.96,-1.04,INF,-1,1,7,0
5240,1,1,9.189,-10.414,0.86,-0.97,0.86,-0.97,INF,-1,1,7,0
5260,1,1,8.963,-11.020,0.84,-1.03,0.84,-1.03,INF,-1,1,7,0
5280,1,1,10.556,-11.081,0.99,-1.04,0.99,-1.04,INF,-1,1,7,0
5300,1,1,8.307,-10.614,0.78,-0.99,0.78,-0.99,INF,-1,1,7,0
5320,1,1,11.389,-12.025,1.06,-1.12,1.06,-1.12,INF,-1,1,7,0
5340,1,1,31.442,-10.695,2.94,-1.00,2.94,-1.00,INF,-1,1,7,0
5360,1,1,29.289,-10.531,2.74,-0.98,2.74,-0.98,INF,-1,1,7,0
5380,1,1,27.883,-10.019,2.60,-0.94,2.60,-0.94,INF,-1,0,7,0
5400,1,1,29.096,-10.731,2.72,-1.00,2.72,-1.00,INF,-1,0,7,0
5420,1,1,29.045,-10.205,2.71,-0.95,2.71,-0.95,INF,-1,0,7,0
5440,1,1,28.898,-9.635,2.70,-0.90,2.70,-0.90,INF,-1,0,7,0
5460,1,1,28.840,-10.484,2.69,-0.98,2.69,-0.98,INF,-1,0,7,0
5480,1,1,28.608,-9.030,2.67,-0.84,2.67,-0.84,INF,-1,0,7,0
5500,1,1,27.835,-9.677,2.60,-0.90,2.60,-0.90,INF,-1,0,7,0
5520,1,1,27.965,-9.250,2.61,-0.86,2.61,-0.86,INF,-1,0,7,0
5540,1,1,30.280,-3.430,2.83,-0.32,2.83,-0.32,INF,-1,0,7,0
5560,1,1,30.513,-3.386,2.85,-0.32,2.85,-0.32,INF,-1,0,7,0
5580,1,1,30.724,-3.799,2.87,-0.35,2.87,-0.36,INF,-1,0,7,0
5600,1,1,28.180,-2.762,2.63,-0.26,2.63,-0.26,INF,-1,0,7,0
5620,1,1,30.273,-3.411,2.83,-0.32,2.83,-0.32,INF,-1,1,7,0
5640,1,1,27.592,-2.965,2.58,-0.28,2.58,-0.28,INF,-1,1,7,0
5660,1,1,27.668,-3.701,2.58,-0.35,2.58,-0.35,INF,-1,1,7,0
5680,1,1,28.573,-3.548,2.67,-0.33,2.67,-0.33,INF,-1,1,7,0
5700,1,1,29.690,-3.726,2.77,-0.35,2.77,-0.35,INF,-1,1,7,0
5720,1,1,28.067,-3.371,2.62,-0.31,2.62,-0.32,INF,-1,1,7,0
5740,1,1,27.978,-3.654,2.61,-0.34,2.61,-0.34,INF,-1,1,7,0
5760,1,1,28.585,-5.609,2.67,-0.52,2.67,-0.52,INF,-1,1,7,0
5780,1,1,29.895,-5.205,2.79,-0.49,2.79,-0.49,INF,-1,1,7,0
5800,1,1,32.662,-8.212,3.05,-0.77,3.05,-0.77,INF,-1,1,7,0
5820,1,1,34.609,-9.923,3.23,-0.93,3.23,-0.93,INF,-1,1,7,0
5840,1,1,34.688,-10.484,3.24,-0.98,3.24,-0.98,INF,-1,1,7,0
5860,1,1,35.202,-12.089,3.29,-1.13,3.29,-1.13,INF,-1,1,7,0
5880,1,1,35.272,-9.763,3.29,-0.91,3.29,-0.91,INF,-1,1,7,0
5900,1,1,32.343,-10.573,3.02,-0.99,3.02,-0.99,INF,-1,1,7,0
5920,1,1,32.226,-10.020,3.01,-0.94,3.01,-0.94,INF,-1,1,7,0
5940,1,1,32.367,-11.135,3.02,-1.04,3.02,-1.04,INF,-1,1,7,0
5960,1,1,33.044,-10.345,3.09,-0.97,3.09,-0.97,INF,-1,1,7,0
5980,1,1,32.574,-11.795,3.04,-1.10,3.04,-1.10,INF,-1,1,7,0
6000,1,1,32.687,-12.398,3.05,-1.16,3.05,-1.16,INF,-1,1,7,0
6020,1,1,30.693,-12.026,2.87,-1.12,2.87,-1.12,INF,-1,1,7,0
6040,1,1,30.546,-11.367,2.85,-1.06,2.85,-1.06,INF,-1,1,7,0
6060,1,1,31.463,-13.536,2.94,-1.26,2.94,-1.26,INF,-1,1,7,0
6080,1,1,30.453,-13.031,2.84,-1.22,2.84,-1.22,INF,-1,1,7,0
6100,1,1,30.347,-14.436,2.83,-1.35,2.83,-1.35,INF,-1,1,7,0
6120,1,1,32.178,-13.419,3.00,-1.25,3.00,-1.25,INF,-1,1,7,0
6140,1,1,32.262,-13.889,3.01,-1.30,3.01,-1.30,INF,-1,1,7,0
6160,1,1,30.220,-12.128,2.82,-1.13,2.82,-1.13,INF,-1,1,7,0
6180,1,1,31.111,-13.156,2.91,-1.23,2.90,-1.23,INF,-1,1,7,0
6200,1,1,34.056,-16.222,3.18,-1.51,3.18,-1.52,INF,-1,1,7,0
6220,1,1,36.669,-15.652,3.42,-1.46,3.42,-1.46,INF,-1,1,7,0
6240,1,1,35.342,-15.837,3.30,-1.48,3.30,-1.48,INF,-1,1,7,0
6260,1,1,35.280,-15.565,3.29,-1.45,3.29,-1.45,INF,-1,1,7,0
6280,1,1,36.723,-16.151,3.43,-1.51,3.43,-1.51,INF,-1,1,7,0
6300,1,1,36.082,-17.959,3.37,-1.68,3.37,-1.68,INF,-1,1,7,0
6320,1,1,37.401,-17.468,3.49,-1.63,3.49,-1.63,INF,-1,0,7,0
6340,1,1,36.158,-16.595,3.38,-1.55,3.37,-1.55,INF,-1,0,7,0
6360,1,1,35.138,-16.757,3.28,-1.56,3.28,-1.57,INF,-1,0,7,0
6380,1,1,35.735,-17.359,3.34,-1.62,3.33,-1.62,INF,-1,0,7,0
6400,1,1,35.440,-16.699,3.31,-1.56,3.31,-1.56,INF,-1,0,7,0
6420,1,1,35.652,-18.160,3.33,-1.69,3.33,-1.70,INF,-1,0,7,0
6440,1,1,34.964,-16.785,3.26,-1.57,3.26,-1.57,INF,-1,0,7,0
6460,1,1,35.842,-17.232,3.35,-1.61,3.34,-1.61,INF,-1,0,7,0
6480,1,1,36.675,-17.098,3.42,-1.59,3.42,-1.60,INF,-1,0,7,0
6500,1,1,36.560,-17.511,3.41,-1.63,3.41,-1.64,INF,-1,0,7,0
6520,1,1,35.545,-16.855,3.32,-1.57,3.32,-1.57,INF,-1,0,7,0
6540,1,1,36.166,-15.744,3.38,-1.47,3.38,-1.47,INF,-1,0,7,0
6560,1,1,35.248,-18.012,3.29,-1.68,3.29,-1.68,INF,-1,1,7,0
6580,1,1,37.531,-18.984,3.50,-1.77,3.50,-1.77,INF,-1,1,7,0
6600,1,1,36.696,-15.886,3.43,-1.48,3.42,-1.48,INF,-1,1,7,0
6620,1,1,36.276,-31.437,3.39,-2.93,3.38,-2.94,INF,-1,1,7,0
6640,0,1,0.000,0.000,0.00,0.00,0.00,0.00,0.00,-1,1,7,0
6660,0,1,0.000,0.000,0.00,0.00,0.00,0.00,0.00,-1,1,7,0
6680,0,1,0.000,0.000,0.00,0.00,0.00,0.00,0.00,-1,1,7,0
6700,0,1,0.000,0.000,0.00,0.00,0.00,0.00,0.00,-1,0,7,0
6720,0,1,0.000,0.000,0.00,0.00,0.00,0.00,0.00,-1,0,7,0
6740,0,1,0.000,0.000,0.00,0.00,0.00,0.00,0.00,-1,0,7,0
6760,1,1,31.092,-55.514,2.90,-5.17,2.89,-5.17,INF,-1,0,7,0
6780,1,1,33.598,-29.501,3.14,-2.75,3.13,-2.76,INF,-1,0,7,0
6800,1,1,35.379,-19.817,3.30,-1.85,3.30,-1.85,INF,-1,0,7,0
6820,1,1,35.497,-16.449,3.31,-1.53,3.31,-1.54,INF,-1,0,7,0
6840,1,1,34.163,-15.913,3.19,-1.48,3.19,-1.49,INF,-1,0,7,0
6860,1,1,35.146,-18.762,3.28,-1.75,3.28,-1.75,INF,-1,0,7,0
6880,1,1,34.695,-17.069,3.24,-1.59,3.24,-1.60,INF,-1,0,7,0
6900,1,1,34.965,-16.689,3.26,-1.56,3.26,-1.56,INF,-1,0,7,0
6920,1,1,35.872,-17.843,3.35,-1.66,3.35,-1.67,INF,-1,0,7,0
6940,1,1,34.992,-16.713,3.27,-1.56,3.27,-1.56,INF,-1,0,7,0
6960,1,1,35.023,-16.684,3.27,-1.56,3.27,-1.56,INF,-1,0,7,0
6980,1,1,36.868,-16.690,3.44,-1.56,3.44,-1.56,INF,-1,0,7,0
7000,1,1,36.549,-16.426,3.41,-1.53,3.41,-1.53,INF,-1,0,7,0
7020,1,1,35.286,-16.379,3.29,-1.53,3.29,-1.53,INF,-1,0,7,0
7040,1,1,37.784,-18.433,3.53,-1.72,3.53,-1.72,INF,-1,0,7,0
7060,1,1,36.475,-17.524,3.41,-1.63,3.40,-1.64,INF,-1,0,7,0
7080,1,1,51.802,-10.020,4.83,-0.93,4.83,-0.94,INF,-1,1,7,0
7100,1,1,51.071,-9.083,4.76,-0.85,4.76,-0.85,INF,-1,1,7,0
7120,1,1,50.724,-8.607,4.73,-0.80,4.73,-0.80,INF,-1,0,7,0
7140,1,1,52.164,-7.959,4.86,-0.74,4.86,-0.74,INF,-1,0,7,0
7160,1,1,52.697,-10.369,4.91,-0.97,4.91,-0.97,INF,-1,0,7,0
7180,1,1,52.054,-10.493,4.85,-0.98,4.85,-0.98,INF,-1,0,7,0
7200,1,1,53.968,-10.573,5.03,-0.98,5.03,-0.99,INF,-1,0,7,0
7220,1,1,52.950,-11.088,4.94,-1.03,4.94,-1.04,INF,-1,0,7,0
7240,1,1,51.130,-10.598,4.77,-0.99,4.77,-0.99,INF,-1,0,7,0
7260,1,1,52.823,-11.074,4.93,-1.03,4.92,-1.03,INF,-1,0,7,0
7280,1,1,51.287,-9.463,4.78,-0.88,4.78,-0.88,INF,-1,0,7,0
7300,1,1,51.033,4.964,4.76,0.46,4.76,0.46,INF,-1,0,7,0
7320,1,1,48.578,21.845,4.53,2.03,4.53,2.04,INF,-1,0,7,0
7340,1,1,48.135,17.612,4.49,1.64,4.49,1.65,INF,-1,0,7,0
7360,1,1,46.633,20.069,4.35,1.87,4.35,1.88,INF,-1,0,7,0
7380,1,1,46.963,19.927,4.38,1.86,4.38,1.86,INF,-1,0,7,0
7400,1,1,45.556,20.499,4.25,1.91,4.25,1.92,INF,-1,0,7,0
7420,1,1,47.310,21.748,4.41,2.03,4.41,2.03,INF,-1,0,7,0
7440,1,1,48.371,19.981,4.51,1.86,4.51,1.87,INF,-1,0,7,0
7460,1,1,54.307,32.970,5.06,3.07,5.06,3.08,INF,-1,0,7,0
7480,1,1,54.687,39.549,5.10,3.68,5.09,3.69,INF,-1,1,7,0
7500,1,1,53.260,36.787,4.97,3.42,4.96,3.43,INF,-1,0,7,0
7520,1,1,54.675,37.019,5.10,3.44,5.09,3.46,INF,-1,0,7,0
7540,1,1,55.557,36.817,5.18,3.42,5.17,3.44,INF,-1,0,7,0
7560,1,1,54.224,36.647,5.06,3.41,5.05,3.42,INF,-1,0,7,0
7580,1,1,54.508,36.688,5.08,3.41,5.07,3.43,INF,-1,0,7,0
7600,1,1,55.190,36.542,5.14,3.40,5.14,3.41,INF,-1,0,7,0
7620,1,1,54.293,34.952,5.06,3.25,5.05,3.26,INF,-1,0,7,0
7640,1,1,54.142,36.651,5.05,3.41,5.04,3.42,INF,-1,0,7,0
7660,1,1,54.748,35.080,5.10,3.26,5.10,3.28,INF,-1,0,7,0
7680,1,1,55.151,35.532,5.14,3.30,5.13,3.32,INF,-1,0,7,0
7700,1,1,54.359,35.725,5.07,3.32,5.06,3.34,INF,-1,0,7,0
7720,1,1,55.505,36.297,5.17,3.37,5.16,3.39,INF,-1,0,7,0
7740,1,1,52.899,35.857,4.93,3.34,4.92,3.35,INF,-1,1,7,0
7760,1,1,54.393,33.498,5.07,3.12,5.06,3.13,INF,-1,1,7,0
7780,1,1,53.585,35.583,5.00,3.31,4.99,3.32,INF,-1,1,7,0
7800,1,1,53.148,36.077,4.96,3.36,4.95,3.37,INF,-1,1,7,0
7820,1,1,26.503,14.847,2.48,1.39,2.47,1.39,INF,-1,1,7,0
7840,1,1,29.129,-8.551,2.72,-0.80,2.72,-0.80,INF,-1,1,7,0
7860,1,1,27.484,-4.681,2.57,-0.44,2.57,-0.44,INF,-1,0,7,0
7880,1,1,27.624,-6.723,2.58,-0.63,2.58,-0.63,INF,-1,0,7,0
7900,1,1,23.796,-6.090,2.22,-0.57,2.22,-0.57,INF,-1,0,7,0
7920,1,1,26.311,-4.342,2.46,-0.41,2.46,-0.41,INF,-1,0,7,0
7940,1,1,25.300,-4.810,2.36,-0.45,2.36,-0.45,INF,-1,0,7,0
7960,1,1,25.915,-5.198,2.42,-0.49,2.42,-0.49,INF,-1,0,7,0
7980,1,1,23.068,-4.100,2.16,-0.38,2.16,-0.38,INF,-1,0,7,0
8000,1,1,26.165,-6.002,2.44,-0.56,2.44,-0.56,INF,-1,0,7,0
8020,1,1,25.434,-6.825,2.38,-0.64,2.38,-0.64,INF,-1,0,7,0
8040,1,1,25.052,-6.707,2.34,-0.63,2.34,-0.63,INF,-1,0,7,0
8060,1,1,25.931,-6.333,2.42,-0.59,2.42,-0.59,INF,-1,0,7,0
8080,1,1,27.432,-7.109,2.56,-0.66,2.56,-0.66,INF,-1,0,7,0
8100,1,1,35.949,-17.236,3.36,-1.61,3.35,-1.61,INF,-1,0,7,0
8120,1,1,32.937,-15.724,3.08,-1.47,3.07,-1.47,INF,-1,1,7,0
8140,1,1,33.943,-15.013,3.17,-1.40,3.17,-1.40,INF,-1,0,7,0
8160,1,1,33.910,-15.670,3.17,-1.46,3.17,-1.46,INF,-1,0,7,0
8180,1,1,35.636,-16.169,3.33,-1.51,3.33,-1.51,INF,-1,0,7,0
8200,1,1,36.716,-16.738,3.43,-1.56,3.43,-1.56,INF,-1,0,7,0
8220,1,1,35.212,-15.868,3.29,-1.48,3.29,-1.48,INF,-1,0,7,0
8240,1,1,35.086,-15.222,3.28,-1.42,3.27,-1.42,INF,-1,0,7,0
8260,1,1,36.487,-16.050,3.41,-1.50,3.41,-1.50,INF,-1,0,7,0
8280,1,1,34.529,-16.353,3.22,-1.53,3.22,-1.53,INF,-1,0,7,0
8300,1,1,35.866,-15.119,3.35,-1.41,3.35,-1.41,INF,-1,0,7,0
8320,1,1,34.640,-15.462,3.23,-1.44,3.23,-1.44,INF,-1,0,7,0
8340,1,1,36.438,-16.026,3.40,-1.49,3.40,-1.50,INF,-1,0,7,0
8360,1,1,34.482,-16.260,3.22,-1.52,3.22,-1.52,INF,-1,0,7,0
8380,1,1,35.219,-15.141,3.29,-1.41,3.29,-1.41,INF,-1,1,7,0
8400,1,1,34.610,-16.453,3.23,-1.53,3.23,-1.54,INF,-1,1,7,0
8420,1,1,35.671,-16.391,3.33,-1.53,3.33,-1.53,INF,-1,1,7,0
8440,1,1,33.105,-16.404,3.09,-1.53,3.09,-1.53,INF,-1,1,7,0
8460,1,1,33.801,-15.071,3.16,-1.41,3.16,-1.41,INF,-1,1,7,0
8480,1,1,34.327,-15.621,3.21,-1.46,3.20,-1.46,INF,-1,1,7,0
8500,1,1,34.876,-16.290,3.26,-1.52,3.26,-1.52,INF,-1,1,7,0
8520,1,1,34.636,-17.302,3.23,-1.61,3.23,-1.62,INF,-1,1,7,0
8540,1,1,29.578,-17.943,2.76,-1.67,2.76,-1.68,INF,-1,1,7,0
8560,1,1,13.232,-20.542,1.24,-1.92,1.24,-1.92,INF,-1,1,7,0
8580,1,1,16.149,-21.304,1.51,-1.99,1.51,-1.99,INF,-1,1,7,0
8600,1,1,13.672,-21.170,1.28,-1.98,1.28,-1.98,INF,-1,0,7,0
8620,1,1,14.798,-21.221,1.38,-1.98,1.38,-1.98,INF,-1,0,7,0
8640,1,1,14.616,-20.849,1.37,-1.95,1.37,-1.95,INF,-1,0,7,0
8660,1,1,14.474,-22.503,1.35,-2.10,1.35,-2.10,INF,-1,0,7,0
8680,1,1,13.301,-20.539,1.24,-1.92,1.24,-1.92,INF,-1,0,7,0
8700,1,1,14.572,-20.980,1.36,-1.96,1.36,-1.96,INF,-1,0,7,0
8720,1,1,18.008,-21.927,1.68,-2.05,1.68,-2.05,INF,-1,0,7,0
8740,0,1,0.000,0.000,0.00,0.00,0.00,0.00,0.00,-1,0,7,0
8760,0,1,0.000,0.000,0.00,0.00,0.00,0.00,0.00,-1,0,7,0
8780,0,1,0.000,0.000,0.00,0.00,0.00,0.00,0.00,-1,0,7,0
8800,0,1,0.000,0.000,0.00,0.00,0.00,0.00,0.00,-1,0,7,0
8820,0,1,0.000,0.000,0.00,0.00,0.00,0.00,0.00,-1,0,7,0
8840,0,1,0.000,0.000,0.00,0.00,0.00,0.00,0.00,-1,0,7,0
8860,0,1,0.000,0.000,0.00,0.00,0.00,0.00,0.00,-1,0,7,0
8880,0,1,0.000,0.000,0.00,0.00,0.00,0.00,0.00,-1,0,7,0
8900,0,1,0.000,0.000,0.00,0.00,0.00,0.00,0.00,-1,0,7,0
8920,0,1,0.000,0.000,0.00,0.00,0.00,0.00,0.00,-1,0,7,0
8940,1,1,-26.793,-46.845,-2.50,-4.37,-2.50,-4.37,INF,-1,0,7,0
8960,1,1,-17.085,-21.603,-1.60,-2.02,-1.60,-2.02,INF,-1,0,7,0
8980,1,1,-16.157,-20.421,-1.51,-1.91,-1.51,-1.91,INF,-1,0,7,0
9000,1,1,-15.963,-17.294,-1.49,-1.62,-1.49,-1.62,INF,-1,0,7,0
9020,1,1,-14.943,-13.957,-1.40,-1.30,-1.40,-1.30,INF,-1,0,7,0
9040,1,1,-16.098,-14.169,-1.50,-1.32,-1.50,-1.32,INF,-1,0,7,0
9060,1,1,-15.459,-15.366,-1.44,-1.44,-1.44,-1.44,INF,-1,0,7,0
9080,1,1,-14.835,-13.880,-1.39,-1.30,-1.39,-1.30,INF,-1,0,7,0
9100,1,1,-15.797,-14.612,-1.48,-1.37,-1.48,-1.37,INF,-1,0,7,0
9120,1,1,-15.493,-15.970,-1.45,-1.49,-1.45,-1.49,INF,-1,0,7,0
9140,1,1,-14.436,-17.020,-1.35,-1.59,-1.35,-1.59,INF,-1,0,7,0
9160,1,1,-14.908,-15.995,-1.39,-1.49,-1.39,-1.49,INF,-1,0,7,0
9180,1,1,-15.441,-16.469,-1.44,-1.54,-1.44,-1.54,INF,-1,0,7,0
9200,1,1,-16.389,-15.290,-1.53,-1.43,-1.53,-1.43,INF,-1,0,7,0
9220,1,1,-13.961,-17.085,-1.30,-1.60,-1.30,-1.60,INF,-1,0,7,0
9240,1,1,-16.572,-16.086,-1.55,-1.50,-1.55,-1.50,INF,-1,1,7,0
9260,1,1,-16.717,-15.882,-1.56,-1.48,-1.56,-1.48,INF,-1,1,7,0
9280,1,1,-14.822,-15.466,-1.39,-1.44,-1.38,-1.45,INF,-1,1,7,0
9300,1,1,-19.804,-16.977,-1.85,-1.59,-1.85,-1.59,INF,-1,1,7,0
9320,1,1,-24.858,-14.868,-2.32,-1.39,-2.32,-1.39,INF,-1,1,7,0
9340,1,1,-25.158,-15.077,-2.35,-1.41,-2.35,-1.41,INF,-1,1,7,0
9360,1,1,-25.308,-13.982,-2.36,-1.31,-2.36,-1.31,INF,-1,1,7,0
9380,1,1,-23.567,-14.905,-2.20,-1.39,-2.20,-1.39,INF,-1,1,7,0
9400,1,1,-25.912,-13.657,-2.42,-1.28,-2.42,-1.28,INF,-1,1,7,0
9420,1,1,-25.134,-13.344,-2.35,-1.25,-2.35,-1.25,INF,-1,1,7,0
9440,1,1,-23.995,-14.944,-2.24,-1.40,-2.24,-1.40,INF,-1,1,7,0
9460,1,1,-23.798,-15.589,-2.22,-1.46,-2.22,-1.46,INF,-1,1,7,0
9480,1,1,-23.276,-13.326,-2.17,-1.24,-2.17,-1.25,INF,-1,1,7,0
9500,1,1,-25.232,-16.536,-2.36,-1.54,-2.36,-1.55,INF,-1,1,7,0
9520,0,1,0.000,0.000,0.00,0.00,0.00,0.00,0.00,-1,1,7,0
9540,0,1,0.000,0.000,0.00,0.00,0.00,0.00,0.00,-1,1,7,0
9560,0,1,0.000,0.000,0.00,0.00,0.00,0.00,0.00,-1,1,7,0
9580,0,1,0.000,0.000,0.00,0.00,0.00,0.00,0.00,-1,1,7,0
9600,0,1,0.000,0.000,0.00,0.00,0.00,0.00,0.00,-1,0,7,0
9620,0,1,0.000,0.000,0.00,0.00,0.00,0.00,0.00,-1,0,7,0
9640,0,1,0.000,0.000,0.00,0.00,0.00,0.00,0.00,-1,0,7,0
9660,0,1,0.000,0.000,0.00,0.00,0.00,0.00,0.00,-1,0,7,0
9680,0,1,0.000,0.000,0.00,0.00,0.00,0.00,0.00,-1,0,7,0
9700,0,1,0.000,0.000,0.00,0.00,0.00,0.00,0.00,-1,0,7,0
9720,0,1,0.000,0.000,0.00,0.00,0.00,0.00,0.00,-1,0,7,0
9740,0,1,0.000,0.000,0.00,0.00,0.00,0.00,0.00,-1,0,7,0
9760,0,1,0.000,0.000,0.00,0.00,0.00,0.00,0.00,-1,0,7,0
9780,1,1,-25.640,-20.297,-2.40,-1.89,-2.39,-1.90,INF,-1,0,7,0
9800,1,1,-24.004,-14.209,-2.24,-1.33,-2.24,-1.33,INF,-1,0,7,0
9820,1,1,-20.930,-9.446,-1.96,-0.88,-1.96,-0.88,INF,-1,0,7,0
9840,1,1,-22.122,-2.643,-2.07,-0.25,-2.07,-0.25,INF,-1,0,7,0
9860,1,1,-22.461,-7.559,-2.10,-0.71,-2.10,-0.71,INF,-1,0,7,0
9880,1,1,-20.880,-3.700,-1.95,-0.35,-1.95,-0.35,INF,-1,0,7,0
9900,1,1,-20.897,-7.091,-1.95,-0.66,-1.95,-0.66,INF,-1,0,7,0
9920,1,1,-22.262,-3.829,-2.08,-0.36,-2.08,-0.36,INF,-1,0,7,0
9940,1,1,-21.556,-5.145,-2.01,-0.48,-2.01,-0.48,INF,-1,0,7,0
9960,1,1,-23.356,-4.322,-2.18,-0.40,-2.18,-0.40,INF,-1,0,7,0
9980,1,1,-21.922,-4.866,-2.05,-0.45,-2.05,-0.45,INF,-1,0,7,0
10000,1,1,-22.233,-3.623,-2.08,-0.34,-2.08,-0.34,INF,-1,0,7,0
10020,1,1,-21.733,-5.802,-2.03,-0.54,-2.03,-0.54,INF,-1,0,7,0
10040,1,1,-21.897,-8.543,-2.05,-0.80,-2.05,-0.80,INF,-1,0,7,0
10060,1,1,-22.217,-11.220,-2.08,-1.05,-2.08,-1.05,INF,-1,0,7,0
10080,1,1,-23.063,-19.075,-2.15,-1.78,-2.15,-1.78,INF,-1,1,7,0
10100,1,1,-23.452,-15.660,-2.19,-1.46,-2.19,-1.46,INF,-1,1,7,0
10120,1,1,-24.004,-14.230,-2.24,-1.33,-2.24,-1.33,INF,-1,1,7,0
10140,1,1,-22.584,-15.333,-2.11,-1.43,-2.11,-1.43,INF,-1,1,7,0
10160,1,1,-23.563,-15.630,-2.20,-1.46,-2.20,-1.46,INF,-1,1,7,0
10180,1,1,-23.941,-16.144,-2.24,-1.51,-2.24,-1.51,INF,-1,1,7,0
10200,1,1,-23.949,-15.172,-2.24,-1.42,-2.24,-1.42,INF,-1,1,7,0
10220,1,1,-24.430,-15.761,-2.28,-1.47,-2.28,-1.47,INF,-1,1,7,0
10240,1,1,-22.462,-15.204,-2.10,-1.42,-2.10,-1.42,INF,-1,1,7,0
10260,1,1,-6.302,6.948,-0.59,0.65,-0.59,0.65,INF,-1,1,7,0
10280,1,1,-10.353,6.125,-0.97,0.57,-0.97,0.57,INF,-1,1,7,0
10300,1,1,-9.925,8.035,-0.93,0.75,-0.93,0.75,INF,-1,0,7,0
10320,1,1,-8.397,6.132,-0.78,0.57,-0.78,0.57,INF,-1,0,7,0
10340,1,1,-8.673,7.738,-0.81,0.72,-0.81,0.72,INF,-1,0,7,0
10360,1,1,-12.676,7.429,-1.18,0.69,-1.18,0.69,INF,-1,0,7,0
10380,1,1,-10.041,6.639,-0.94,0.62,-0.94,0.62,INF,-1,0,7,0
10400,1,1,-10.044,6.763,-0.94,0.63,-0.94,0.63,INF,-1,0,7,0
10420,1,1,-9.377,6.848,-0.88,0.64,-0.88,0.64,INF,-1,0,7,0
10440,1,1,-10.122,6.852,-0.95,0.64,-0.95,0.64,INF,-1,0,7,0
10460,1,1,-9.273,5.704,-0.87,0.53,-0.87,0.53,INF,-1,0,7,0
10480,1,1,-9.323,6.828,-0.87,0.64,-0.87,0.64,INF,-1,0,7,0
10500,1,1,-8.459,5.788,-0.79,0.54,-0.79,0.54,INF,-1,0,7,0
10520,1,1,-10.370,7.726,-0.97,0.72,-0.97,0.72,INF,-1,0,7,0
10540,1,1,-10.064,5.570,-0.94,0.52,-0.94,0.52,INF,-1,1,7,0
10560,1,1,-9.530,5.249,-0.89,0.49,-0.89,0.49,INF,-1,1,7,0
10580,1,1,-9.940,5.751,-0.93,0.54,-0.93,0.54,INF,-1,1,7,0
10600,1,1,-12.180,4.295,-1.14,0.40,-1.14,0.40,INF,-1,1,7,0
10620,1,1,-11.916,5.679,-1.11,0.53,-1.11,0.53,INF,-1,1,7,0
10640,1,1,-13.823,5.898,-1.29,0.55,-1.29,0.55,INF,-1,1,7,0
10660,1,1,-14.198,4.998,-1.33,0.47,-1.33,0.47,INF,-1,1,7,0
10680,1,1,-16.128,6.417,-1.51,0.60,-1.51,0.60,INF,-1,1,7,0
10700,1,1,-12.494,4.755,-1.17,0.44,-1.17,0.44,INF,-1,1,7,0
10720,1,1,-12.347,4.311,-1.15,0.40,-1.15,0.40,INF,-1,1,7,0
10740,1,1,-13.134,2.448,-1.23,0.23,-1.23,0.23,INF,-1,1,7,0
10760,0,1,0.000,0.000,0.00,0.00,0.00,0.00,0.00,-1,1,7,0
10780,0,1,0.000,0.000,0.00,0.00,0.00,0.00,0.00,-1,1,7,0
10800,0,1,0.000,0.000,0.00,0.00,0.00,0.00,0.00,-1,1,7,0
10820,0,1,0.000,0.000,0.00,0.00,0.00,0.00,0.00,-1,1,7,0
10840,0,1,0.000,0.000,0.00,0.00,0.00,0.00,0.00,-1,0,7,0
10860,0,1,0.000,0.000,0.00,0.00,0.00,0.00,0.00,-1,0,7,0
10880,0,1,0.000,0.000,0.00,0.00,0.00,0.00,0.00,-1,0,7,0
10900,0,1,0.000,0.000,0.00,0.00,0.00,0.00,0.00,-1,0,7,0
10920,0,1,0.000,0.000,0.00,0.00,0.00,0.00,0.00,-1,0,7,0
10940,0,1,0.000,0.000,0.00,0.00,0.00,0.00,0.00,-1,0,7,0
10960,0,1,0.000,0.000,0.00,0.00,0.00,0.00,0.00,-1,0,7,0
10980,0,1,0.000,0.000,0.00,0.00,0.00,0.00,0.00,-1,0,7,0
11000,1,1,-11.382,-6.611,-1.06,-0.62,-1.06,-0.62,INF,-1,0,7,0
11020,1,1,-8.753,-1.175,-0.82,-0.11,-0.82,-0.11,INF,-1,0,7,0
11040,1,1,-8.733,1.752,-0.82,0.16,-0.82,0.16,INF,-1,0,7,0
11060,1,1,-9.612,0.343,-0.90,0.03,-0.90,0.03,INF,-1,0,7,0
11080,1,1,-9.937,3.211,-0.93,0.30,-0.93,0.30,INF,-1,0,7,0
11100,1,1,-11.959,2.117,-1.12,0.20,-1.12,0.20,INF,-1,0,7,0
11120,1,1,-9.350,3.632,-0.87,0.34,-0.87,0.34,INF,-1,0,7,0
11140,1,1,-9.726,1.626,-0.91,0.15,-0.91,0.15,INF,-1,0,7,0
11160,1,1,-9.375,4.362,-0.88,0.41,-0.88,0.41,INF,-1,0,7,0
11180,1,1,-5.798,4.613,-0.54,0.43,-0.54,0.43,INF,-1,0,7,0
11200,1,1,-6.557,0.794,-0.61,0.07,-0.61,0.07,INF,-1,0,7,0
11220,1,1,-8.037,-15.363,-0.75,-1.44,-0.75,-1.44,INF,-1,0,7,0
11240,0,1,0.000,0.000,0.00,0.00,0.00,0.00,0.00,-1,0,7,0
11260,0,1,0.000,0.000,0.00,0.00,0.00,0.00,0.00,-1,0,7,0
11280,0,1,0.000,0.000,0.00,0.00,0.00,0.00,0.00,-1,1,7,0
11300,0,1,0.000,0.000,0.00,0.00,0.00,0.00,0.00,-1,0,7,0
11320,0,1,0.000,0.000,0.00,0.00,0.00,0.00,0.00,-1,0,7,0
11340,0,1,0.000,0.000,0.00,0.00,0.00,0.00,0.00,-1,0,7,0
11360,0,1,0.000,0.000,0.00,0.00,0.00,0.00,0.00,-1,0,7,0
11380,0,1,0.000,0.000,0.00,0.00,0.00,0.00,0.00,-1,0,7,0
11400,0,1,0.000,0.000,0.00,0.00,0.00,0.00,0.00,-1,0,7,0
11420,0,1,0.000,0.000,0.00,0.00,0.00,0.00,0.00,-1,0,7,0
11440,1,1,-4.848,-18.357,-0.45,-1.72,-0.45,-1.72,INF,-1,0,7,0
11460,1,1,-8.857,-0.481,-0.83,-0.04,-0.83,-0.04,INF,-1,0,7,0
11480,1,1,-6.946,3.729,-0.65,0.35,-0.65,0.35,INF,-1,0,7,0
11500,1,1,-6.220,3.363,-0.58,0.31,-0.58,0.31,INF,-1,0,7,0
11520,1,1,-6.709,5.325,-0.63,0.50,-0.63,0.50,INF,-1,0,7,0
11540,1,1,-5.379,8.547,-0.50,0.80,-0.50,0.80,INF,-1,0,7,0
11560,1,1,-5.643,7.050,-0.53,0.66,-0.53,0.66,INF,-1,0,7,0
11580,1,1,-9.602,6.954,-0.90,0.65,-0.90,0.65,INF,-1,0,7,0
11600,1,1,-11.219,7.568,-1.05,0.71,-1.05,0.71,INF,-1,0,7,0
11620,1,1,-10.570,6.641,-0.99,0.62,-0.99,0.62,INF,-1,0,7,0
11640,1,1,-12.524,6.876,-1.17,0.64,-1.17,0.64,INF,-1,0,7,0
11660,1,1,-13.141,5.566,-1.23,0.52,-1.23,0.52,INF,-1,0,7,0
11680,1,1,-11.578,3.499,-1.08,0.33,-1.08,0.33,INF,-1,0,7,0
11700,1,1,-10.190,5.202,-0.95,0.49,-0.95,0.49,INF,-1,0,7,0
11720,1,1,-11.616,5.297,-1.09,0.50,-1.09,0.50,INF,-1,0,7,0
11740,1,1,-38.479,15.198,-3.59,1.42,-3.59,1.42,INF,-1,1,7,0
11760,1,1,-38.914,17.996,-3.63,1.68,-3.63,1.68,INF,-1,1,7,0
11780,1,1,-40.402,18.721,-3.77,1.75,-3.77,1.75,INF,-1,0,7,0
11800,1,1,-39.917,18.970,-3.73,1.77,-3.72,1.77,INF,-1,0,7,0
11820,1,1,-41.026,19.808,-3.83,1.85,-3.83,1.85,INF,-1,0,7,0
11840,1,1,-42.639,19.768,-3.98,1.84,-3.98,1.85,INF,-1,0,7,0
11860,1,1,-41.839,19.821,-3.90,1.85,-3.90,1.85,INF,-1,0,7,0
11880,1,1,-41.851,20.066,-3.91,1.87,-3.90,1.87,INF,-1,0,7,0
11900,1,1,-42.135,19.386,-3.93,1.81,-3.93,1.81,INF,-1,0,7,0
11920,1,1,-42.812,19.115,-4.00,1.78,-3.99,1.79,INF,-1,0,7,0
11940,1,1,-43.040,18.715,-4.02,1.74,-4.01,1.75,INF,-1,0,7,0
11960,1,1,-43.085,18.454,-4.02,1.72,-4.02,1.72,INF,-1,0,7,0
11980,1,1,-43.954,20.730,-4.10,1.93,-4.10,1.94,INF,-1,0,7,0
12000,1,1,-44.424,18.621,-4.14,1.74,-4.14,1.74,INF,-1,0,7,0
12020,1,1,-42.879,19.391,-4.00,1.81,-4.00,1.81,INF,-1,1,7,0
12040,1,1,-43.418,18.563,-4.05,1.73,-4.05,1.73,INF,-1,1,7,0
12060,1,1,-42.261,16.175,-3.94,1.51,-3.94,1.51,INF,-1,1,7,0
12080,1,1,-8.914,12.875,-0.83,1.20,-0.83,1.20,INF,-1,1,7,0
12100,1,1,-13.215,10.600,-1.24,0.99,-1.23,0.99,INF,-1,1,7,0
12120,1,1,-13.161,11.632,-1.23,1.09,-1.23,1.09,INF,-1,0,7,0
12140,0,1,0.000,0.000,0.00,0.00,0.00,0.00,0.00,-1,0,7,0
12160,1,1,-13.778,10.776,-1.29,1.01,-1.29,1.01,INF,-1,0,7,0
12180,1,1,-11.129,9.541,-1.04,0.89,-1.04,0.89,INF,-1,0,7,0
12200,1,1,-13.199,10.238,-1.23,0.96,-1.23,0.96,INF,-1,0,7,0
12220,1,1,-11.444,8.436,-1.07,0.79,-1.07,0.79,INF,-1,0,7,0
12240,1,1,-11.477,10.494,-1.07,0.98,-1.07,0.98,INF,-1,0,7,0
12260,1,1,-12.408,10.639,-1.16,0.99,-1.16,0.99,INF,-1,0,7,0
12280,0,1,0.000,0.000,0.00,0.00,0.00,0.00,0.00,-1,0,7,0
12300,0,1,0.000,0.000,0.00,0.00,0.00,0.00,0.00,-1,0,7,0
12320,1,1,-7.698,5.127,-0.72,0.48,-0.72,0.48,INF,-1,0,7,0
12340,1,1,-9.529,5.935,-0.89,0.55,-0.89,0.55,INF,-1,0,7,0
12360,1,1,-9.299,6.631,-0.87,0.62,-0.87,0.62,INF,-1,1,7,0
12380,1,1,-10.296,6.269,-0.96,0.59,-0.96,0.59,INF,-1,1,7,0
12400,1,1,-10.814,6.496,-1.01,0.61,-1.01,0.61,INF,-1,1,7,0
12420,1,1,-9.591,6.673,-0.90,0.62,-0.90,0.62,INF,-1,1,7,0
12440,1,1,-11.114,5.071,-1.04,0.47,-1.04,0.47,INF,-1,1,7,0
12460,1,1,-10.069,4.621,-0.94,0.43,-0.94,0.43,INF,-1,1,7,0
12480,1,1,-9.206,5.039,-0.86,0.47,-0.86,0.47,INF,-1,1,7,0
12500,1,1,-10.228,4.761,-0.96,0.44,-0.96,0.45,INF,-1,1,7,0
12520,1,1,-9.126,4.411,-0.85,0.41,-0.85,0.41,INF,-1,1,7,0
12540,1,1,-9.693,5.451,-0.91,0.51,-0.91,0.51,INF,-1,1,7,0
12560,1,1,-11.228,5.842,-1.05,0.55,-1.05,0.55,INF,-1,1,7,0
12580,1,1,-10.401,6.192,-0.97,0.58,-0.97,0.58,INF,-1,1,7,0
12600,1,1,-11.566,6.210,-1.08,0.58,-1.08,0.58,INF,-1,1,7,0
12620,1,1,-11.391,5.703,-1.06,0.53,-1.06,0.53,INF,-1,1,7,0
12640,1,1,9.991,-2.402,0.93,-0.22,0.93,-0.22,INF,-1,1,7,0
12660,1,1,21.618,-9.819,2.02,-0.92,2.02,-0.92,INF,-1,1,7,0
12680,1,1,20.375,-7.973,1.90,-0.74,1.90,-0.75,INF,-1,0,7,0
12700,1,1,20.443,-8.935,1.91,-0.83,1.91,-0.84,INF,-1,0,7,0
12720,1,1,18.953,-8.421,1.77,-0.79,1.77,-0.79,INF,-1,0,7,0
12740,1,1,21.821,-10.571,2.04,-0.99,2.04,-0.99,INF,-1,0,7,0
12760,1,1,20.090,-8.880,1.88,-0.83,1.88,-0.83,INF,-1,0,7,0
12780,1,1,18.559,-8.340,1.73,-0.78,1.73,-0.78,INF,-1,0,7,0
12800,1,1,20.365,-8.318,1.90,-0.78,1.90,-0.78,INF,-1,0,7,0
12820,1,1,20.303,-10.216,1.90,-0.95,1.90,-0.95,INF,-1,0,7,0
12840,1,1,22.648,-10.052,2.12,-0.94,2.12,-0.94,INF,-1,0,7,0
12860,1,1,21.290,-8.748,1.99,-0.82,1.99,-0.82,INF,-1,0,7,0
12880,1,1,20.253,-8.059,1.89,-0.75,1.89,-0.75,INF,-1,0,7,0
12900,1,1,20.207,-9.554,1.89,-0.89,1.89,-0.89,INF,-1,0,7,0
12920,1,1,38.152,-12.819,3.56,-1.20,3.56,-1.20,INF,-1,0,7,0
12940,1,1,36.618,-11.753,3.42,-1.10,3.42,-1.10,INF,-1,1,7,0
12960,1,1,37.267,-12.154,3.48,-1.13,3.48,-1.14,INF,-1,0,7,0
12980,1,1,36.700,-10.152,3.43,-0.95,3.43,-0.95,INF,-1,0,7,0
13000,1,1,36.729,-10.309,3.43,-0.96,3.43,-0.96,INF,-1,0,7,0
13020,1,1,36.447,-9.793,3.40,-0.91,3.40,-0.92,INF,-1,0,7,0
13040,1,1,37.858,-9.899,3.53,-0.92,3.53,-0.93,INF,-1,0,7,0
13060,1,1,36.934,-10.365,3.45,-0.97,3.45,-0.97,INF,-1,0,7,0
13080,1,1,36.568,-10.057,3.41,-0.94,3.41,-0.94,INF,-1,0,7,0
13100,1,1,36.591,-11.825,3.42,-1.10,3.42,-1.11,INF,-1,0,7,0
13120,1,1,36.521,-10.673,3.41,-1.00,3.41,-1.00,INF,-1,0,7,0
13140,0,1,0.000,0.000,0.00,0.00,0.00,0.00,0.00,-1,0,7,0
13160,0,1,0.000,0.000,0.00,0.00,0.00,0.00,0.00,-1,0,7,0
13180,0,1,0.000,0.000,0.00,0.00,0.00,0.00,0.00,-1,0,7,0
13200,0,1,0.000,0.000,0.00,0.00,0.00,0.00,0.00,-1,1,7,0
13220,0,1,0.000,0.000,0.00,0.00,0.00,0.00,0.00,-1,0,7,0
13240,0,1,0.000,0.000,0.00,0.00,0.00,0.00,0.00,-1,0,7,0
13260,0,1,0.000,0.000,0.00,0.00,0.00,0.00,0.00,-1,0,7,0
13280,0,1,0.000,0.000,0.00,0.00,0.00,0.00,0.00,-1,0,7,0
13300,0,1,0.000,0.000,0.00,0.00,0.00,0.00,0.00,-1,0,7,0
13320,0,1,0.000,0.000,0.00,0.00,0.00,0.00,0.00,-1,0,7,0
13340,0,1,0.000,0.000,0.00,0.00,0.00,0.00,0.00,-1,0,7,0
13360,0,1,0.000,0.000,0.00,0.00,0.00,0.00,0.00,-1,0,7,0
13380,1,1,38.795,-16.166,3.62,-1.51,3.62,-1.51,INF,-1,0,7,0
13400,1,1,39.633,-20.667,3.70,-1.93,3.70,-1.93,INF,-1,0,7,0
13420,1,1,39.323,-16.385,3.67,-1.53,3.67,-1.53,INF,-1,0,7,0
13440,1,1,39.385,-13.979,3.68,-1.30,3.68,-1.31,INF,-1,0,7,0
13460,1,1,40.273,-15.280,3.76,-1.42,3.76,-1.43,INF,-1,0,7,0
13480,1,1,40.297,-13.872,3.76,-1.29,3.76,-1.30,INF,-1,0,7,0
13500,1,1,39.795,-16.675,3.71,-1.55,3.71,-1.56,INF,-1,0,7,0
13520,1,1,40.639,-14.839,3.79,-1.38,3.79,-1.39,INF,-1,0,7,0
13540,1,1,38.903,-15.288,3.63,-1.43,3.63,-1.43,INF,-1,0,7,0
13560,1,1,38.364,-16.052,3.58,-1.50,3.58,-1.50,INF,-1,0,7,0
13580,1,1,40.038,-15.251,3.74,-1.42,3.74,-1.43,INF,-1,0,7,0
13600,1,1,40.887,-17.042,3.82,-1.59,3.81,-1.59,INF,-1,0,7,0
13620,1,1,38.946,-16.408,3.64,-1.53,3.63,-1.53,INF,-1,0,7,0
13640,1,1,39.852,-15.206,3.72,-1.42,3.72,-1.42,INF,-1,0,7,0
13660,1,1,39.844,-15.910,3.72,-1.48,3.72,-1.49,INF,-1,1,7,0
13680,1,1,40.406,-15.570,3.77,-1.45,3.77,-1.45,INF,-1,1,7,0
13700,1,1,38.776,-16.660,3.62,-1.55,3.62,-1.56,INF,-1,1,7,0
13720,1,1,36.613,-14.298,3.42,-1.33,3.42,-1.34,INF,-1,1,7,0
13740,1,1,38.799,-14.501,3.62,-1.35,3.62,-1.36,INF,-1,1,7,0
13760,1,1,37.857,-14.906,3.53,-1.39,3.53,-1.39,INF,-1,1,7,0
13780,1,1,39.706,-14.775,3.71,-1.38,3.70,-1.38,INF,-1,1,7,0
13800,1,1,33.756,-16.172,3.15,-1.51,3.15,-1.51,INF,-1,1,7,0
13820,1,1,34.829,-15.644,3.25,-1.46,3.25,-1.46,INF,-1,1,7,0
13840,1,1,35.063,-15.090,3.27,-1.41,3.27,-1.41,INF,-1,1,7,0
13860,1,1,34.602,-16.175,3.23,-1.51,3.23,-1.51,INF,-1,1,7,0
13880,1,1,34.322,-16.891,3.20,-1.58,3.20,-1.58,INF,-1,1,7,0
13900,1,1,33.750,-16.266,3.15,-1.52,3.15,-1.52,INF,-1,1,7,0
13920,1,1,33.309,-17.243,3.11,-1.61,3.11,-1.61,INF,-1,1,7,0
13940,1,1,33.880,-18.169,3.16,-1.70,3.16,-1.70,INF,-1,1,7,0
13960,1,1,31.719,-18.883,2.96,-1.76,2.96,-1.76,INF,-1,1,7,0
13980,1,1,31.415,-17.880,2.93,-1.67,2.93,-1.67,INF,-1,1,7,0
14000,0,1,0.000,0.000,0.00,0.00,0.00,0.00,0.00,-1,1,7,0
14020,1,1,-20.470,-6.624,-1.91,-0.62,-1.91,-0.62,INF,-1,1,7,0
14040,1,1,-24.910,-4.557,-2.33,-0.43,-2.33,-0.43,INF,-1,1,7,0
14060,1,1,-24.038,-6.799,-2.25,-0.63,-2.25,-0.64,INF,-1,1,7,0
14080,1,1,-25.089,-5.978,-2.34,-0.56,-2.34,-0.56,INF,-1,0,7,0
14100,1,1,-25.852,-6.567,-2.41,-0.61,-2.41,-0.61,INF,-1,0,7,0
14120,1,1,-24.308,-6.224,-2.27,-0.58,-2.27,-0.58,INF,-1,0,7,0
14140,1,1,-26.286,-5.497,-2.46,-0.51,-2.46,-0.51,INF,-1,0,7,0
14160,1,1,-26.463,-4.485,-2.47,-0.42,-2.47,-0.42,INF,-1,0,7,0
14180,1,1,-25.800,-6.357,-2.41,-0.59,-2.41,-0.59,INF,-1,0,7,0
14200,1,1,-26.858,-5.446,-2.51,-0.51,-2.51,-0.51,INF,-1,0,7,0
14220,1,1,-26.198,-7.151,-2.45,-0.67,-2.45,-0.67,INF,-1,0,7,0
14240,1,1,-27.054,-6.019,-2.53,-0.56,-2.53,-0.56,INF,-1,0,7,0
14260,1,1,-25.820,-5.690,-2.41,-0.53,-2.41,-0.53,INF,-1,0,7,0
14280,1,1,-39.559,-8.190,-3.69,-0.76,-3.69,-0.77,INF,-1,0,7,0
14300,1,1,-48.464,-6.245,-4.52,-0.58,-4.52,-0.58,INF,-1,1,7,0
14320,1,1,-46.367,-6.608,-4.33,-0.62,-4.33,-0.62,INF,-1,0,7,0
14340,1,1,-47.303,-8.739,-4.41,-0.81,-4.41,-0.82,INF,-1,0,7,0
14360,1,1,-47.204,-7.907,-4.40,-0.74,-4.40,-0.74,INF,-1,0,7,0
14380,1,1,-48.422,-6.831,-4.52,-0.64,-4.52,-0.64,INF,-1,0,7,0
14400,1,1,-47.614,-8.901,-4.44,-0.83,-4.44,-0.83,INF,-1,0,7,0
14420,1,1,-49.169,-8.159,-4.59,-0.76,-4.59,-0.76,INF,-1,0,7,0
14440,1,1,-48.731,-8.257,-4.55,-0.77,-4.54,-0.77,INF,-1,0,7,0
14460,1,1,-49.035,-8.845,-4.57,-0.82,-4.57,-0.83,INF,-1,0,7,0
14480,1,1,-49.195,-9.808,-4.59,-0.91,-4.59,-0.92,INF,-1,0,7,0
14500,1,1,-51.051,-7.976,-4.76,-0.74,-4.76,-0.75,INF,-1,0,7,0
14520,1,1,-50.019,-8.352,-4.66,-0.78,-4.66,-0.78,INF,-1,0,7,0
14540,1,1,-58.215,-0.742,-5.42,-0.07,-5.42,-0.07,INF,-1,0,7,0
14560,1,1,-59.027,3.691,-5.50,0.34,-5.50,0.34,INF,-1,1,7,0
14580,1,1,-60.080,5.526,-5.60,0.51,-5.60,0.52,INF,-1,0,7,0
14600,1,1,-59.827,6.409,-5.57,0.60,-5.57,0.60,INF,-1,0,7,0
14620,1,1,-59.224,4.994,-5.52,0.46,-5.52,0.47,INF,-1,0,7,0
14640,1,1,-58.958,4.400,-5.49,0.41,-5.49,0.41,INF,-1,0,7,0
14660,1,1,-58.827,3.343,-5.48,0.31,-5.48,0.31,INF,-1,0,7,0
14680,1,1,-60.279,4.628,-5.62,0.43,-5.62,0.43,INF,-1,0,7,0
14700,1,1,-59.496,3.316,-5.54,0.31,-5.54,0.31,INF,-1,0,7,0
14720,1,1,-17.177,-12.729,-1.61,-1.19,-1.60,-1.19,INF,-1,0,7,0
14740,1,1,-24.395,-16.391,-2.28,-1.53,-2.28,-1.53,INF,-1,0,7,0
14760,1,1,-20.700,-15.339,-1.93,-1.43,-1.93,-1.43,INF,-1,0,7,0
14780,1,1,-22.653,-15.974,-2.12,-1.49,-2.12,-1.49,INF,-1,0,7,0
14800,1,1,-22.266,-14.210,-2.08,-1.33,-2.08,-1.33,INF,-1,0,7,0
14820,1,1,-21.523,-16.295,-2.01,-1.52,-2.01,-1.52,INF,-1,0,7,0
14840,1,1,-22.458,-14.643,-2.10,-1.37,-2.10,-1.37,INF,-1,0,7,0
14860,1,1,-20.709,-15.173,-1.93,-1.42,-1.93,-1.42,INF,-1,0,7,0
14880,1,1,-21.570,-15.853,-2.02,-1.48,-2.01,-1.48,INF,-1,0,7,0
14900,1,1,-21.843,-14.348,-2.04,-1.34,-2.04,-1.34,INF,-1,0,7,0
14920,1,1,-19.576,-16.057,-1.83,-1.50,-1.83,-1.50,INF,-1,0,7,0
14940,1,1,-21.368,-15.020,-2.00,-1.40,-2.00,-1.40,INF,-1,0,7,0
14960,1,1,-19.309,-15.678,-1.80,-1.46,-1.80,-1.47,INF,-1,0,7,0
14980,0,1,0.000,0.000,0.00,0.00,0.00,0.00,0.00,-1,0,7,0
15000,0,1,0.000,0.000,0.00,0.00,0.00,0.00,0.00,-1,1,7,0
