"EyeTracker Toolbox version","3.250"
CalibrationParameters_A11,1.21043
CalibrationParameters_A12,0.08086
CalibrationParameters_A13,-0.00034
CalibrationParameters_A21,0.08971
CalibrationParameters_A22,-1.19660
CalibrationParameters_A23,0.02399
CalibrationParameters_A31,0.00053
CalibrationParameters_A32,-0.01408
CalibrationParameters_E11,-0.18009
CalibrationParameters_E12,-0.00009
CalibrationParameters_E21,-0.00036
CalibrationParameters_E22,0.20011
CalibrationParameters_X,-36.13941
CalibrationParameters_Y,-48.89209
CalibrationParameters_Rpc,91.10151
CalibrationParameters_MeanX,130.05954
CalibrationParameters_MeanY,134.65320
CalibrationParameters_ViewDist,613.00000
TimeStamp,Tracked,Calibrated,ScreenPositionXmm,ScreenPositionYmm,FicksLongitude,FicksLatitude,HelmholtzAzimuth,HelmholtzElevation,PupilDiameter,Region,Fixation,DigitalIO,Dropped
0,1,1,11.752,6.223,1.10,0.58,1.10,0.58,INF,-1,0,7,0
20,1,1,12.628,4.171,1.18,0.39,1.18,0.39,INF,-1,0,7,0
40,1,1,11.731,5.821,1.10,0.54,1.10,0.54,INF,-1,0,7,0
60,1,1,12.706,7.655,1.19,0.72,1.19,0.72,INF,-1,0,7,0
80,1,1,13.569,5.546,1.27,0.52,1.27,0.52,INF,-1,0,7,0
100,1,1,10.197,5.988,0.95,0.56,0.95,0.56,INF,-1,0,7,0
120,1,1,12.291,5.332,1.15,0.50,1.15,0.50,INF,-1,0,7,0
140,1,1,13.666,4.875,1.28,0.46,1.28,0.46,INF,-1,0,7,0
160,1,1,12.552,5.552,1.17,0.52,1.17,0.52,INF,-1,0,7,0
180,1,1,12.140,4.694,1.13,0.44,1.13,0.44,INF,-1,0,7,0
200,1,1,13.452,5.254,1.26,0.49,1.26,0.49,INF,-1,0,7,0
220,1,1,13.424,5.532,1.25,0.52,1.25,0.52,INF,-1,0,7,0
240,1,1,12.394,6.021,1.16,0.56,1.16,0.56,INF,-1,0,7,0
260,1,1,13.214,6.876,1.23,0.64,1.23,0.64,INF,-1,0,7,0
280,1,1,13.022,5.527,1.22,0.52,1.22,0.52,INF,-1,1,7,0
300,1,1,5.047,1.606,0.47,0.15,0.47,0.15,INF,-1,1,7,0
320,1,1,7.466,-0.494,0.70,-0.05,0.70,-0.05,INF,-1,1,7,0
340,1,1,5.220,-0.152,0.49,-0.01,0.49,-0.01,INF,-1,1,7,0
360,1,1,5.484,1.227,0.51,0.11,0.51,0.11,INF,-1,1,7,0
380,1,1,5.157,2.149,0.48,0.20,0.48,0.20,INF,-1,1,7,0
400,1,1,5.137,0.245,0.48,0.02,0.48,0.02,INF,-1,1,7,0
420,1,1,7.048,-0.996,0.66,-0.09,0.66,-0.09,INF,-1,1,7,0
440,1,1,7.371,-0.560,0.69,-0.05,0.69,-0.05,INF,-1,1,7,0
460,1,1,5.782,0.011,0.54,0.00,0.54,0.00,INF,-1,1,7,0
480,1,1,8.625,1.401,0.81,0.13,0.81,0.13,INF,-1,1,7,0
500,1,1,32.208,10.412,3.01,0.97,3.01,0.97,INF,-1,1,7,0
520,1,1,28.889,9.615,2.70,0.90,2.70,0.90,INF,-1,1,7,0
540,1,1,29.283,9.584,2.73,0.89,2.73,0.90,INF,-1,0,7,0
560,1,1,29.398,9.021,2.75,0.84,2.75,0.84,INF,-1,0,7,0
580,1,1,27.942,7.156,2.61,0.67,2.61,0.67,INF,-1,0,7,0
600,1,1,-23.883,5.830,-2.23,0.54,-2.23,0.54,INF,-1,0,7,0
620,1,1,-23.036,2.228,-2.15,0.21,-2.15,0.21,INF,-1,0,7,0
640,1,1,-25.872,4.303,-2.42,0.40,-2.42,0.40,INF,-1,0,7,0
660,1,1,-25.377,3.944,-2.37,0.37,-2.37,0.37,INF,-1,0,7,0
680,1,1,-25.973,4.991,-2.43,0.47,-2.43,0.47,INF,-1,0,7,0
700,1,1,-27.784,3.548,-2.60,0.33,-2.60,0.33,INF,-1,0,7,0
720,1,1,-26.899,5.255,-2.51,0.49,-2.51,0.49,INF,-1,0,7,0
740,1,1,-26.781,4.192,-2.50,0.39,-2.50,0.39,INF,-1,0,7,0
760,1,1,-27.195,3.406,-2.54,0.32,-2.54,0.32,INF,-1,0,7,0
780,1,1,-28.692,3.355,-2.68,0.31,-2.68,0.31,INF,-1,0,7,0
800,1,1,-30.504,3.527,-2.85,0.33,-2.85,0.33,INF,-1,0,7,0
820,1,1,-35.872,4.633,-3.35,0.43,-3.35,0.43,INF,-1,0,7,0
840,1,1,-34.036,3.625,-3.18,0.34,-3.18,0.34,INF,-1,0,7,0
860,1,1,-34.159,2.736,-3.19,0.26,-3.19,0.26,INF,-1,0,7,0
880,1,1,-35.185,4.326,-3.29,0.40,-3.28,0.40,INF,-1,1,7,0
900,1,1,-35.191,3.574,-3.29,0.33,-3.29,0.33,INF,-1,1,7,0
920,1,1,-35.149,4.215,-3.28,0.39,-3.28,0.39,INF,-1,1,7,0
940,1,1,-36.329,3.248,-3.39,0.30,-3.39,0.30,INF,-1,1,7,0
960,1,1,-35.259,4.699,-3.29,0.44,-3.29,0.44,INF,-1,1,7,0
980,1,1,-35.383,3.515,-3.30,0.33,-3.30,0.33,INF,-1,1,7,0
1000,1,1,-34.633,3.032,-3.23,0.28,-3.23,0.28,INF,-1,1,7,0
1020,1,1,-34.101,4.129,-3.18,0.39,-3.18,0.39,INF,-1,1,7,0
1040,1,1,-36.401,4.472,-3.40,0.42,-3.40,0.42,INF,-1,1,7,0
1060,1,1,-36.279,4.183,-3.39,0.39,-3.39,0.39,INF,-1,1,7,0
1080,1,1,-42.273,0.309,-3.94,0.03,-3.94,0.03,INF,-1,1,7,0
1100,1,1,-42.880,-4.361,-4.00,-0.41,-4.00,-0.41,INF,-1,1,7,0
1120,1,1,-43.466,-3.677,-4.06,-0.34,-4.06,-0.34,INF,-1,0,7,0
1140,1,1,-44.018,-3.598,-4.11,-0.34,-4.11,-0.34,INF,-1,0,7,0
1160,1,1,-44.072,-2.460,-4.11,-0.23,-4.11,-0.23,INF,-1,0,7,0
1180,1,1,-43.875,-3.539,-4.09,-0.33,-4.09,-0.33,INF,-1,0,7,0
1200,1,1,-43.401,-4.244,-4.05,-0.40,-4.05,-0.40,INF,-1,0,7,0
1220,1,1,-43.545,-5.131,-4.06,-0.48,-4.06,-0.48,INF,-1,0,7,0
1240,1,1,-43.503,-4.925,-4.06,-0.46,-4.06,-0.46,INF,-1,0,7,0
1260,1,1,-43.851,-4.374,-4.09,-0.41,-4.09,-0.41,INF,-1,0,7,0
1280,1,1,-35.824,5.843,-3.34,0.55,-3.34,0.55,INF,-1,0,7,0
1300,1,1,-34.075,5.391,-3.18,0.50,-3.18,0.50,INF,-1,0,7,0
1320,1,1,-33.675,4.006,-3.14,0.37,-3.14,0.37,INF,-1,0,7,0
1340,1,1,-33.720,4.806,-3.15,0.45,-3.15,0.45,INF,-1,0,7,0
1360,1,1,-33.101,4.793,-3.09,0.45,-3.09,0.45,INF,-1,1,7,0
1380,1,1,-33.242,4.257,-3.10,0.40,-3.10,0.40,INF,-1,1,7,0
1400,1,1,-34.355,5.404,-3.21,0.50,-3.21,0.51,INF,-1,1,7,0
1420,1,1,-33.866,6.255,-3.16,0.58,-3.16,0.58,INF,-1,1,7,0
1440,1,1,-34.569,5.644,-3.23,0.53,-3.23,0.53,INF,-1,1,7,0
1460,1,1,-33.963,5.082,-3.17,0.47,-3.17,0.47,INF,-1,1,7,0
1480,1,1,-35.664,4.429,-3.33,0.41,-3.33,0.41,INF,-1,1,7,0
1500,1,1,-35.046,6.346,-3.27,0.59,-3.27,0.59,INF,-1,1,7,0
1520,1,1,-21.198,5.653,-1.98,0.53,-1.98,0.53,INF,-1,1,7,0
1540,1,1,-23.743,5.213,-2.22,0.49,-2.22,0.49,INF,-1,1,7,0
1560,1,1,-23.101,6.673,-2.16,0.62,-2.16,0.62,INF,-1,0,7,0
1580,1,1,-22.624,5.128,-2.11,0.48,-2.11,0.48,INF,-1,0,7,0
1600,1,1,-21.890,4.159,-2.05,0.39,-2.05,0.39,INF,-1,0,7,0
1620,1,1,-22.281,5.362,-2.08,0.50,-2.08,0.50,INF,-1,0,7,0
1640,1,1,-21.120,4.826,-1.97,0.45,-1.97,0.45,INF,-1,0,7,0
1660,1,1,-22.522,5.291,-2.10,0.49,-2.10,0.49,INF,-1,0,7,0
1680,1,1,-22.865,5.022,-2.14,0.47,-2.14,0.47,INF,-1,0,7,0
1700,1,1,-23.151,4.781,-2.16,0.45,-2.16,0.45,INF,-1,0,7,0
1720,1,1,-23.765,5.580,-2.22,0.52,-2.22,0.52,INF,-1,0,7,0
1740,1,1,-23.016,4.221,-2.15,0.39,-2.15,0.39,INF,-1,0,7,0
1760,1,1,-24.630,4.821,-2.30,0.45,-2.30,0.45,INF,-1,0,7,0
1780,1,1,-23.421,4.547,-2.19,0.42,-2.19,0.42,INF,-1,0,7,0
1800,1,1,-23.122,6.345,-2.16,0.59,-2.16,0.59,INF,-1,1,7,0
1820,1,1,-25.056,5.186,-2.34,0.48,-2.34,0.48,INF,-1,1,7,0
1840,1,1,-23.028,3.077,-2.15,0.29,-2.15,0.29,INF,-1,1,7,0
1860,1,1,-15.368,4.029,-1.44,0.38,-1.44,0.38,INF,-1,1,7,0
1880,1,1,-16.755,3.603,-1.57,0.34,-1.57,0.34,INF,-1,1,7,0
1900,1,1,-17.167,3.506,-1.60,0.33,-1.60,0.33,INF,-1,1,7,0
1920,1,1,-17.462,1.995,-1.63,0.19,-1.63,0.19,INF,-1,1,7,0
1940,1,1,-16.916,3.122,-1.58,0.29,-1.58,0.29,INF,-1,1,7,0
1960,1,1,-17.064,2.766,-1.59,0.26,-1.59,0.26,INF,-1,1,7,0
1980,1,1,-17.823,4.443,-1.67,0.42,-1.67,0.42,INF,-1,1,7,0
2000,1,1,-18.044,3.794,-1.69,0.35,-1.69,0.35,INF,-1,1,7,0
2020,1,1,-16.199,3.486,-1.51,0.33,-1.51,0.33,INF,-1,1,7,0
2040,1,1,-18.131,3.329,-1.69,0.31,-1.69,0.31,INF,-1,1,7,0
2060,1,1,-17.466,3.581,-1.63,0.33,-1.63,0.33,INF,-1,1,7,0
2080,1,1,-17.614,3.575,-1.65,0.33,-1.65,0.33,INF,-1,1,7,0
2100,1,1,-16.957,2.910,-1.58,0.27,-1.58,0.27,INF,-1,1,7,0
2120,1,1,-17.856,2.179,-1.67,0.20,-1.67,0.20,INF,-1,1,7,0
2140,1,1,-17.937,2.853,-1.68,0.27,-1.68,0.27,INF,-1,1,7,0
2160,1,1,-17.032,3.905,-1.59,0.36,-1.59,0.36,INF,-1,1,7,0
2180,1,1,-17.855,2.237,-1.67,0.21,-1.67,0.21,INF,-1,1,7,0
2200,1,1,-17.052,2.331,-1.59,0.22,-1.59,0.22,INF,-1,1,7,0
2220,1,1,-18.989,1.919,-1.77,0.18,-1.77,0.18,INF,-1,1,7,0
2240,1,1,-35.460,4.739,-3.31,0.44,-3.31,0.44,INF,-1,1,7,0
2260,1,1,-32.374,3.940,-3.02,0.37,-3.02,0.37,INF,-1,1,7,0
2280,1,1,-33.243,4.476,-3.10,0.42,-3.10,0.42,INF,-1,1,7,0
2300,1,1,-33.974,4.338,-3.17,0.40,-3.17,0.41,INF,-1,1,7,0
2320,1,1,-34.551,4.752,-3.23,0.44,-3.23,0.44,INF,-1,0,7,0
2340,1,1,-33.295,2.404,-3.11,0.22,-3.11,0.22,INF,-1,0,7,0
2360,1,1,-34.496,4.943,-3.22,0.46,-3.22,0.46,INF,-1,0,7,0
2380,1,1,-34.983,5.071,-3.27,0.47,-3.27,0.47,INF,-1,0,7,0
2400,1,1,-35.814,4.567,-3.34,0.43,-3.34,0.43,INF,-1,0,7,0
2420,1,1,-35.079,3.737,-3.28,0.35,-3.28,0.35,INF,-1,0,7,0
2440,1,1,-36.189,3.163,-3.38,0.30,-3.38,0.30,INF,-1,0,7,0
2460,1,1,-34.632,3.331,-3.23,0.31,-3.23,0.31,INF,-1,0,7,0
2480,1,1,-35.207,1.112,-3.29,0.10,-3.29,0.10,INF,-1,0,7,0
2500,1,1,-42.409,0.692,-3.96,0.06,-3.96,0.06,INF,-1,0,7,0
2520,1,1,-45.865,-7.723,-4.28,-0.72,-4.28,-0.72,INF,-1,0,7,0
2540,1,1,-45.076,-5.057,-4.21,-0.47,-4.21,-0.47,INF,-1,0,7,0
2560,1,1,-45.182,-6.859,-4.22,-0.64,-4.22,-0.64,INF,-1,0,7,0
2580,1,1,-48.216,-5.979,-4.50,-0.56,-4.50,-0.56,INF,-1,1,7,0
2600,1,1,-46.042,-7.620,-4.30,-0.71,-4.30,-0.71,INF,-1,0,7,0
2620,1,1,-45.030,-6.544,-4.20,-0.61,-4.20,-0.61,INF,-1,0,7,0
2640,1,1,-43.727,-6.613,-4.08,-0.62,-4.08,-0.62,INF,-1,0,7,0
2660,1,1,-46.849,-7.331,-4.37,-0.68,-4.37,-0.69,INF,-1,0,7,0
2680,1,1,-45.170,-7.814,-4.21,-0.73,-4.21,-0.73,INF,-1,0,7,0
2700,1,1,-46.400,-8.794,-4.33,-0.82,-4.33,-0.82,INF,-1,0,7,0
2720,1,1,-46.590,-7.939,-4.35,-0.74,-4.35,-0.74,INF,-1,0,7,0
2740,1,1,-47.146,-8.486,-4.40,-0.79,-4.40,-0.79,INF,-1,0,7,0
2760,1,1,-44.596,-8.908,-4.16,-0.83,-4.16,-0.83,INF,-1,0,7,0
2780,1,1,-44.369,-9.113,-4.14,-0.85,-4.14,-0.85,INF,-1,0,7,0
2800,1,1,-45.810,-8.249,-4.27,-0.77,-4.27,-0.77,INF,-1,0,7,0
2820,1,1,-46.114,-9.289,-4.30,-0.87,-4.30,-0.87,INF,-1,0,7,0
2840,1,1,-46.779,-7.600,-4.36,-0.71,-4.36,-0.71,INF,-1,1,7,0
2860,1,1,-46.434,-9.419,-4.33,-0.88,-4.33,-0.88,INF,-1,1,7,0
2880,1,1,-47.844,-9.459,-4.46,-0.88,-4.46,-0.88,INF,-1,1,7,0
2900,1,1,-46.287,-8.782,-4.32,-0.82,-4.32,-0.82,INF,-1,1,7,0
2920,1,1,-47.565,-8.398,-4.44,-0.78,-4.44,-0.78,INF,-1,1,7,0
2940,1,1,-37.287,-11.457,-3.48,-1.07,-3.48,-1.07,INF,-1,1,7,0
2960,1,1,-35.151,-12.626,-3.28,-1.18,-3.28,-1.18,INF,-1,1,7,0
2980,1,1,-34.585,-12.612,-3.23,-1.18,-3.23,-1.18,INF,-1,1,7,0
3000,1,1,-35.094,-12.048,-3.28,-1.12,-3.28,-1.13,INF,-1,0,7,0
3020,1,1,-33.899,-12.182,-3.17,-1.14,-3.16,-1.14,INF,-1,0,7,0
3040,1,1,-35.678,-12.616,-3.33,-1.18,-3.33,-1.18,INF,-1,0,7,0
3060,1,1,-34.868,-12.744,-3.26,-1.19,-3.25,-1.19,INF,-1,0,7,0
3080,1,1,-35.186,-14.430,-3.29,-1.35,-3.28,-1.35,INF,-1,0,7,0
3100,1,1,-27.619,-16.865,-2.58,-1.57,-2.58,-1.58,INF,-1,0,7,0
3120,1,1,-24.980,-16.543,-2.33,-1.54,-2.33,-1.55,INF,-1,0,7,0
3140,1,1,-23.562,-17.600,-2.20,-1.64,-2.20,-1.64,INF,-1,0,7,0
3160,1,1,-23.767,-16.845,-2.22,-1.57,-2.22,-1.57,INF,-1,0,7,0
3180,1,1,-24.391,-17.164,-2.28,-1.60,-2.28,-1.60,INF,-1,0,7,0
3200,1,1,-24.960,-16.445,-2.33,-1.54,-2.33,-1.54,INF,-1,0,7,0
3220,1,1,-25.419,-17.469,-2.37,-1.63,-2.37,-1.63,INF,-1,0,7,0
3240,1,1,-25.041,-15.497,-2.34,-1.45,-2.34,-1.45,INF,-1,1,7,0
3260,1,1,-23.758,-17.922,-2.22,-1.67,-2.22,-1.67,INF,-1,1,7,0
3280,1,1,-25.286,-17.508,-2.36,-1.63,-2.36,-1.64,INF,-1,1,7,0
3300,1,1,-25.395,-17.952,-2.37,-1.68,-2.37,-1.68,INF,-1,1,7,0
3320,1,1,-25.019,-18.304,-2.34,-1.71,-2.34,-1.71,INF,-1,1,7,0
3340,1,1,-15.885,-19.604,-1.48,-1.83,-1.48,-1.83,INF,-1,1,7,0
3360,1,1,-16.595,-21.513,-1.55,-2.01,-1.55,-2.01,INF,-1,1,7,0
3380,1,1,-16.398,-19.547,-1.53,-1.83,-1.53,-1.83,INF,-1,0,7,0
3400,1,1,-15.999,-20.727,-1.50,-1.94,-1.49,-1.94,INF,-1,0,7,0
3420,1,1,-18.347,-20.749,-1.71,-1.94,-1.71,-1.94,INF,-1,0,7,0
3440,1,1,-16.445,-20.455,-1.54,-1.91,-1.54,-1.91,INF,-1,0,7,0
3460,1,1,-15.855,-21.173,-1.48,-1.98,-1.48,-1.98,INF,-1,0,7,0
3480,1,1,-16.736,-21.597,-1.56,-2.02,-1.56,-2.02,INF,-1,0,7,0
3500,1,1,-15.698,-23.244,-1.47,-2.17,-1.47,-2.17,INF,-1,0,7,0
3520,1,1,-16.680,-21.565,-1.56,-2.01,-1.56,-2.01,INF,-1,0,7,0
3540,1,1,-15.514,-22.587,-1.45,-2.11,-1.45,-2.11,INF,-1,0,7,0
3560,1,1,-16.195,-21.045,-1.51,-1.97,-1.51,-1.97,INF,-1,0,7,0
3580,1,1,-23.683,-18.842,-2.21,-1.76,-2.21,-1.76,INF,-1,0,7,0
3600,1,1,-23.096,-18.462,-2.16,-1.72,-2.16,-1.73,INF,-1,0,7,0
3620,1,1,-22.250,-18.900,-2.08,-1.76,-2.08,-1.77,INF,-1,1,7,0
3640,1,1,-23.158,-17.715,-2.16,-1.65,-2.16,-1.66,INF,-1,1,7,0
3660,1,1,-23.785,-18.525,-2.22,-1.73,-2.22,-1.73,INF,-1,1,7,0
3680,1,1,-24.886,-19.575,-2.32,-1.83,-2.32,-1.83,INF,-1,1,7,0
3700,1,1,-21.688,-20.818,-2.03,-1.94,-2.03,-1.95,INF,-1,1,7,0
3720,1,1,-23.423,-19.116,-2.19,-1.78,-2.19,-1.79,INF,-1,1,7,0
3740,1,1,-23.584,-18.150,-2.20,-1.69,-2.20,-1.70,INF,-1,1,7,0
3760,1,1,-21.110,-19.352,-1.97,-1.81,-1.97,-1.81,INF,-1,1,7,0
3780,1,1,-8.968,-17.683,-0.84,-1.65,-0.84,-1.65,INF,-1,1,7,0
3800,0,1,0.000,0.000,0.00,0.00,0.00,0.00,0.00,-1,1,7,0
3820,0,1,0.000,0.000,0.00,0.00,0.00,0.00,0.00,-1,1,7,0
3840,1,1,-12.887,-15.997,-1.20,-1.49,-1.20,-1.49,INF,-1,1,7,0
3860,1,1,-12.401,-16.998,-1.16,-1.59,-1.16,-1.59,INF,-1,1,7,0
3880,1,1,-11.775,-17.084,-1.10,-1.60,-1.10,-1.60,INF,-1,1,7,0
3900,1,1,-10.584,-18.474,-0.99,-1.73,-0.99,-1.73,INF,-1,1,7,0
3920,1,1,-13.324,-16.676,-1.25,-1.56,-1.24,-1.56,INF,-1,1,7,0
3940,1,1,-12.122,-15.789,-1.13,-1.48,-1.13,-1.48,INF,-1,1,7,0
3960,1,1,-12.739,-16.794,-1.19,-1.57,-1.19,-1.57,INF,-1,1,7,0
3980,1,1,-12.710,-17.096,-1.19,-1.60,-1.19,-1.60,INF,-1,1,7,0
4000,1,1,-10.744,-17.676,-1.00,-1.65,-1.00,-1.65,INF,-1,1,7,0
4020,1,1,-12.893,-16.986,-1.20,-1.59,-1.20,-1.59,INF,-1,1,7,0
4040,1,1,-12.161,-18.306,-1.14,-1.71,-1.14,-1.71,INF,-1,1,7,0
4060,1,1,-12.530,-19.021,-1.17,-1.78,-1.17,-1.78,INF,-1,1,7,0
4080,1,1,-11.431,-17.341,-1.07,-1.62,-1.07,-1.62,INF,-1,1,7,0
4100,0,1,0.000,0.000,0.00,0.00,0.00,0.00,0.00,-1,1,7,0
4120,1,1,-11.377,-18.641,-1.06,-1.74,-1.06,-1.74,INF,-1,1,7,0
4140,1,1,-10.658,-18.902,-1.00,-1.77,-1.00,-1.77,INF,-1,1,7,0
4160,1,1,-11.668,-17.843,-1.09,-1.67,-1.09,-1.67,INF,-1,1,7,0
4180,1,1,-6.966,-17.279,-0.65,-1.61,-0.65,-1.61,INF,-1,1,7,0
4200,1,1,-8.299,-16.301,-0.78,-1.52,-0.78,-1.52,INF,-1,1,7,0
4220,1,1,-7.857,-16.018,-0.73,-1.50,-0.73,-1.50,INF,-1,0,7,0
4240,1,1,-8.835,-16.166,-0.83,-1.51,-0.83,-1.51,INF,-1,0,7,0
4260,1,1,-8.614,-16.173,-0.81,-1.51,-0.80,-1.51,INF,-1,0,7,0
4280,1,1,-8.930,-16.570,-0.83,-1.55,-0.83,-1.55,INF,-1,0,7,0
4300,1,1,-7.548,-17.365,-0.71,-1.62,-0.71,-1.62,INF,-1,0,7,0
4320,1,1,-6.718,-16.537,-0.63,-1.55,-0.63,-1.55,INF,-1,0,7,0
4340,1,1,-7.745,-16.533,-0.72,-1.54,-0.72,-1.54,INF,-1,0,7,0
4360,1,1,-7.664,-16.623,-0.72,-1.55,-0.72,-1.55,INF,-1,0,7,0
4380,1,1,-7.505,-16.224,-0.70,-1.52,-0.70,-1.52,INF,-1,0,7,0
4400,1,1,0.372,-8.402,0.03,-0.79,0.03,-0.79,INF,-1,0,7,0
4420,1,1,2.089,-2.981,0.20,-0.28,0.20,-0.28,INF,-1,0,7,0
4440,1,1,0.273,-2.551,0.03,-0.24,0.03,-0.24,INF,-1,0,7,0
4460,1,1,0.891,-2.138,0.08,-0.20,0.08,-0.20,INF,-1,0,7,0
4480,1,1,-0.653,-1.530,-0.06,-0.14,-0.06,-0.14,INF,-1,0,7,0
4500,1,1,0.543,-2.963,0.05,-0.28,0.05,-0.28,INF,-1,1,7,0
4520,1,1,0.836,-2.647,0.08,-0.25,0.08,-0.25,INF,-1,1,7,0
4540,1,1,0.480,-3.264,0.04,-0.31,0.04,-0.31,INF,-1,1,7,0
4560,1,1,0.501,-2.654,0.05,-0.25,0.05,-0.25,INF,-1,1,7,0
4580,1,1,2.004,-3.691,0.19,-0.34,0.19,-0.34,INF,-1,1,7,0
4600,1,1,1.726,-2.539,0.16,-0.24,0.16,-0.24,INF,-1,1,7,0
4620,1,1,-0.680,-3.076,-0.06,-0.29,-0.06,-0.29,INF,-1,1,7,0
4640,1,1,-0.509,-1.995,-0.05,-0.19,-0.05,-0.19,INF,-1,1,7,0
4660,1,1,-0.811,-2.895,-0.08,-0.27,-0.08,-0.27,INF,-1,1,7,0
4680,1,1,0.145,-2.167,0.01,-0.20,0.01,-0.20,INF,-1,1,7,0
4700,1,1,1.212,-2.236,0.11,-0.21,0.11,-0.21,INF,-1,1,7,0
4720,1,1,0.662,-1.395,0.06,-0.13,0.06,-0.13,INF,-1,0,7,0
4740,1,1,8.307,0.647,0.78,0.06,0.78,0.06,INF,-1,0,7,0
4760,1,1,11.965,4.561,1.12,0.43,1.12,0.43,INF,-1,0,7,0
4780,1,1,9.065,2.815,0.85,0.26,0.85,0.26,INF,-1,0,7,0
4800,1,1,10.617,3.194,0.99,0.30,0.99,0.30,INF,-1,0,7,0
4820,1,1,9.842,2.312,0.92,0.22,0.92,0.22,INF,-1,0,7,0
4840,1,1,9.731,3.166,0.91,0.30,0.91,0.30,INF,-1,0,7,0
4860,1,1,10.415,2.696,0.97,0.25,0.97,0.25,INF,-1,0,7,0
4880,1,1,9.644,5.205,0.90,0.49,0.90,0.49,INF,-1,0,7,0
4900,1,1,10.721,1.282,1.00,0.12,1.00,0.12,INF,-1,0,7,0
4920,1,1,9.048,3.305,0.85,0.31,0.85,0.31,INF,-1,0,7,0
4940,1,1,10.321,2.122,0.96,0.20,0.96,0.20,INF,-1,0,7,0
4960,1,1,8.770,2.633,0.82,0.25,0.82,0.25,INF,-1,1,7,0
4980,1,1,9.657,2.329,0.90,0.22,0.90,0.22,INF,-1,1,7,0
5000,1,1,8.196,2.680,0.77,0.25,0.77,0.25,INF,-1,1,7,0
5020,1,1,10.222,3.485,0.96,0.33,0.96,0.33,INF,-1,1,7,0
5040,1,1,23.333,6.063,2.18,0.57,2.18,0.57,INF,-1,1,7,0
5060,1,1,26.019,7.584,2.43,0.71,2.43,0.71,INF,-1,1,7,0
5080,1,1,27.068,6.289,2.53,0.59,2.53,0.59,INF,-1,0,7,0
5100,1,1,23.886,7.753,2.23,0.72,2.23,0.72,INF,-1,0,7,0
5120,1,1,24.020,8.926,2.24,0.83,2.24,0.83,INF,-1,0,7,0
5140,1,1,25.243,7.885,2.36,0.74,2.36,0.74,INF,-1,0,7,0
5160,1,1,26.638,5.721,2.49,0.53,2.49,0.53,INF,-1,0,7,0
5180,1,1,25.845,6.563,2.41,0.61,2.41,0.61,INF,-1,0,7,0
5200,1,1,25.205,5.995,2.35,0.56,2.35,0.56,INF,-1,0,7,0
5220,1,1,25.967,6.924,2.43,0.65,2.43,0.65,INF,-1,0,7,0
5240,1,1,23.300,8.207,2.18,0.77,2.18,0.77,INF,-1,0,7,0
5260,1,1,25.771,6.012,2.41,0.56,2.41,0.56,INF,-1,0,7,0
5280,1,1,24.562,6.413,2.29,0.60,2.29,0.60,INF,-1,0,7,0
5300,1,1,22.924,6.361,2.14,0.59,2.14,0.59,INF,-1,0,7,0
5320,1,1,24.762,6.252,2.31,0.58,2.31,0.58,INF,-1,1,7,0
5340,1,1,23.856,6.822,2.23,0.64,2.23,0.64,INF,-1,1,7,0
5360,1,1,24.246,5.233,2.27,0.49,2.26,0.49,INF,-1,1,7,0
5380,1,1,25.379,6.494,2.37,0.61,2.37,0.61,INF,-1,1,7,0
5400,1,1,24.520,5.146,2.29,0.48,2.29,0.48,INF,-1,1,7,0
5420,1,1,30.689,6.378,2.87,0.60,2.87,0.60,INF,-1,1,7,0
5440,1,1,44.721,14.147,4.17,1.32,4.17,1.32,INF,-1,1,7,0
5460,1,1,41.876,13.434,3.91,1.25,3.91,1.26,INF,-1,1,7,0
5480,1,1,43.795,14.556,4.09,1.36,4.09,1.36,INF,-1,0,7,0
5500,1,1,43.214,13.482,4.03,1.26,4.03,1.26,INF,-1,0,7,0
5520,1,1,41.217,12.897,3.85,1.20,3.85,1.21,INF,-1,0,7,0
5540,1,1,42.269,13.575,3.94,1.27,3.94,1.27,INF,-1,0,7,0
5560,1,1,43.729,13.326,4.08,1.24,4.08,1.25,INF,-1,0,7,0
5580,1,1,42.743,14.486,3.99,1.35,3.99,1.35,INF,-1,0,7,0
5600,1,1,42.582,13.209,3.97,1.23,3.97,1.23,INF,-1,0,7,0
5620,1,1,41.045,12.313,3.83,1.15,3.83,1.15,INF,-1,0,7,0
5640,1,1,41.193,12.996,3.84,1.21,3.84,1.21,INF,-1,0,7,0
5660,1,1,41.620,12.415,3.88,1.16,3.88,1.16,INF,-1,0,7,0
5680,1,1,43.682,12.395,4.08,1.16,4.08,1.16,INF,-1,0,7,0
5700,1,1,41.706,12.476,3.89,1.16,3.89,1.17,INF,-1,0,7,0
5720,1,1,42.981,11.934,4.01,1.11,4.01,1.12,INF,-1,1,7,0
5740,1,1,41.409,12.742,3.86,1.19,3.86,1.19,INF,-1,1,7,0
5760,1,1,41.612,12.612,3.88,1.18,3.88,1.18,INF,-1,1,7,0
5780,1,1,41.440,13.194,3.87,1.23,3.87,1.23,INF,-1,1,7,0
5800,1,1,42.497,15.128,3.97,1.41,3.96,1.41,INF,-1,1,7,0
5820,1,1,42.788,16.441,3.99,1.53,3.99,1.54,INF,-1,1,7,0
5840,1,1,41.038,14.840,3.83,1.38,3.83,1.39,INF,-1,1,7,0
5860,1,1,41.132,17.627,3.84,1.64,3.84,1.65,INF,-1,1,7,0
5880,1,1,41.085,16.445,3.83,1.53,3.83,1.54,INF,-1,1,7,0
5900,1,1,42.579,15.031,3.97,1.40,3.97,1.40,INF,-1,1,7,0
5920,1,1,43.606,15.278,4.07,1.42,4.07,1.43,INF,-1,1,7,0
5940,0,1,0.000,0.000,0.00,0.00,0.00,0.00,0.00,-1,1,7,0
5960,0,1,0.000,0.000,0.00,0.00,0.00,0.00,0.00,-1,1,7,0
5980,0,1,0.000,0.000,0.00,0.00,0.00,0.00,0.00,-1,1,7,0
6000,0,1,0.000,0.000,0.00,0.00,0.00,0.00,0.00,-1,1,7,0
6020,0,1,0.000,0.000,0.00,0.00,0.00,0.00,0.00,-1,0,7,0
6040,0,1,0.000,0.000,0.00,0.00,0.00,0.00,0.00,-1,0,7,0
6060,0,1,0.000,0.000,0.00,0.00,0.00,0.00,0.00,-1,0,7,0
6080,1,1,32.525,-29.113,3.04,-2.72,3.03,-2.72,INF,-1,0,7,0
6100,1,1,35.557,-15.467,3.32,-1.44,3.32,-1.45,INF,-1,0,7,0
6120,1,1,33.896,-10.788,3.16,-1.01,3.16,-1.01,INF,-1,0,7,0
6140,1,1,33.383,-11.111,3.12,-1.04,3.12,-1.04,INF,-1,0,7,0
6160,1,1,35.050,-8.756,3.27,-0.82,3.27,-0.82,INF,-1,0,7,0
6180,1,1,35.966,-8.419,3.36,-0.79,3.36,-0.79,INF,-1,0,7,0
6200,1,1,34.278,-7.802,3.20,-0.73,3.20,-0.73,INF,-1,0,7,0
6220,1,1,33.296,-8.686,3.11,-0.81,3.11,-0.81,INF,-1,0,7,0
6240,1,1,34.517,-9.742,3.22,-0.91,3.22,-0.91,INF,-1,0,7,0
6260,1,1,34.315,-8.533,3.20,-0.80,3.20,-0.80,INF,-1,0,7,0
6280,1,1,32.927,-8.289,3.07,-0.77,3.07,-0.77,INF,-1,0,7,0
6300,1,1,34.383,-9.997,3.21,-0.93,3.21,-0.93,INF,-1,0,7,0
6320,1,1,33.265,-4.537,3.11,-0.42,3.11,-0.42,INF,-1,0,7,0
6340,1,1,33.553,-0.494,3.13,-0.05,3.13,-0.05,INF,-1,0,7,0
6360,1,1,32.755,-2.284,3.06,-0.21,3.06,-0.21,INF,-1,0,7,0
6380,1,1,33.159,-1.838,3.10,-0.17,3.10,-0.17,INF,-1,1,7,0
6400,1,1,33.651,-1.823,3.14,-0.17,3.14,-0.17,INF,-1,1,7,0
6420,1,1,32.719,-1.601,3.06,-0.15,3.06,-0.15,INF,-1,1,7,0
6440,1,1,33.218,-1.604,3.10,-0.15,3.10,-0.15,INF,-1,1,7,0
6460,1,1,34.169,-3.154,3.19,-0.29,3.19,-0.29,INF,-1,1,7,0
6480,1,1,31.412,-1.585,2.93,-0.15,2.93,-0.15,INF,-1,1,7,0
6500,1,1,32.882,-2.597,3.07,-0.24,3.07,-0.24,INF,-1,1,7,0
6520,1,1,33.187,-3.090,3.10,-0.29,3.10,-0.29,INF,-1,1,7,0
6540,1,1,31.187,-0.538,2.91,-0.05,2.91,-0.05,INF,-1,1,7,0
6560,1,1,33.697,-1.077,3.15,-0.10,3.15,-0.10,INF,-1,1,7,0
6580,1,1,32.827,-3.721,3.07,-0.35,3.07,-0.35,INF,-1,1,7,0
6600,1,1,32.145,-1.289,3.00,-0.12,3.00,-0.12,INF,-1,1,7,0
6620,1,1,33.219,-1.210,3.10,-0.11,3.10,-0.11,INF,-1,1,7,0
6640,1,1,32.991,-2.288,3.08,-0.21,3.08,-0.21,INF,-1,1,7,0
6660,1,1,33.106,-2.624,3.09,-0.24,3.09,-0.25,INF,-1,1,7,0
6680,1,1,48.490,-2.969,4.52,-0.28,4.52,-0.28,INF,-1,1,7,0
6700,1,1,57.302,0.564,5.34,0.05,5.34,0.05,INF,-1,1,7,0
6720,1,1,56.237,0.621,5.24,0.06,5.24,0.06,INF,-1,0,7,0
6740,1,1,55.756,-0.471,5.20,-0.04,5.20,-0.04,INF,-1,0,7,0
6760,1,1,54.411,0.339,5.07,0.03,5.07,0.03,INF,-1,0,7,0
6780,1,1,58.302,-1.111,5.43,-0.10,5.43,-0.10,INF,-1,0,7,0
6800,1,1,55.748,-0.977,5.20,-0.09,5.20,-0.09,INF,-1,0,7,0
6820,1,1,56.046,-1.268,5.22,-0.12,5.22,-0.12,INF,-1,0,7,0
6840,1,1,55.777,-1.026,5.20,-0.10,5.20,-0.10,INF,-1,0,7,0
6860,1,1,56.986,-1.878,5.31,-0.17,5.31,-0.18,INF,-1,0,7,0
6880,1,1,55.233,-0.768,5.15,-0.07,5.15,-0.07,INF,-1,0,7,0
6900,1,1,55.404,-0.642,5.16,-0.06,5.16,-0.06,INF,-1,0,7,0
6920,1,1,56.022,-1.978,5.22,-0.18,5.22,-0.18,INF,-1,0,7,0
6940,1,1,54.361,-0.876,5.07,-0.08,5.07,-0.08,INF,-1,0,7,0
6960,1,1,55.814,-1.523,5.20,-0.14,5.20,-0.14,INF,-1,1,7,0
6980,1,1,55.502,-1.453,5.17,-0.14,5.17,-0.14,INF,-1,1,7,0
7000,1,1,54.872,-0.122,5.12,-0.01,5.12,-0.01,INF,-1,1,7,0
7020,1,1,54.049,0.092,5.04,0.01,5.04,0.01,INF,-1,1,7,0
7040,1,1,55.393,0.448,5.16,0.04,5.16,0.04,INF,-1,1,7,0
7060,1,1,54.084,1.015,5.04,0.09,5.04,0.09,INF,-1,1,7,0
7080,1,1,41.824,16.648,3.90,1.55,3.90,1.56,INF,-1,1,7,0
7100,1,1,42.933,17.242,4.01,1.61,4.00,1.61,INF,-1,1,7,0
7120,1,1,42.186,16.290,3.94,1.52,3.94,1.52,INF,-1,0,7,0
7140,1,1,40.689,17.241,3.80,1.61,3.80,1.61,INF,-1,0,7,0
7160,1,1,41.746,18.381,3.90,1.71,3.89,1.72,INF,-1,0,7,0
7180,1,1,41.882,18.261,3.91,1.70,3.91,1.71,INF,-1,0,7,0
7200,1,1,42.204,17.338,3.94,1.62,3.94,1.62,INF,-1,0,7,0
7220,1,1,41.572,17.827,3.88,1.66,3.88,1.67,INF,-1,0,7,0
7240,1,1,43.657,16.561,4.07,1.54,4.07,1.55,INF,-1,0,7,0
7260,1,1,38.235,18.334,3.57,1.71,3.57,1.71,INF,-1,0,7,0
7280,1,1,38.678,20.281,3.61,1.89,3.61,1.89,INF,-1,0,7,0
7300,1,1,41.263,18.070,3.85,1.68,3.85,1.69,INF,-1,0,7,0
7320,1,1,40.247,14.066,3.76,1.31,3.76,1.31,INF,-1,0,7,0
7340,1,1,40.040,-7.209,3.74,-0.67,3.74,-0.67,INF,-1,0,7,0
7360,0,1,0.000,0.000,0.00,0.00,0.00,0.00,0.00,-1,1,7,0
7380,0,1,0.000,0.000,0.00,0.00,0.00,0.00,0.00,-1,1,7,0
7400,0,1,0.000,0.000,0.00,0.00,0.00,0.00,0.00,-1,1,7,0
7420,0,1,0.000,0.000,0.00,0.00,0.00,0.00,0.00,-1,0,7,0
7440,0,1,0.000,0.000,0.00,0.00,0.00,0.00,0.00,-1,0,7,0
7460,0,1,0.000,0.000,0.00,0.00,0.00,0.00,0.00,-1,0,7,0
7480,0,1,0.000,0.000,0.00,0.00,0.00,0.00,0.00,-1,0,7,0
7500,0,1,0.000,0.000,0.00,0.00,0.00,0.00,0.00,-1,0,7,0
7520,1,1,42.895,-1.735,4.00,-0.16,4.00,-0.16,INF,-1,0,7,0
7540,1,1,43.208,7.730,4.03,0.72,4.03,0.72,INF,-1,0,7,0
7560,1,1,43.770,9.420,4.08,0.88,4.08,0.88,INF,-1,0,7,0
7580,1,1,44.978,11.225,4.20,1.05,4.20,1.05,INF,-1,0,7,0
7600,1,1,43.531,12.967,4.06,1.21,4.06,1.21,INF,-1,0,7,0
7620,1,1,44.098,14.859,4.11,1.38,4.11,1.39,INF,-1,0,7,0
7640,1,1,43.563,14.142,4.06,1.32,4.06,1.32,INF,-1,0,7,0
7660,1,1,44.035,14.953,4.11,1.39,4.11,1.40,INF,-1,0,7,0
7680,1,1,44.175,14.305,4.12,1.33,4.12,1.34,INF,-1,0,7,0
7700,1,1,44.176,16.058,4.12,1.50,4.12,1.50,INF,-1,0,7,0
7720,1,1,46.436,16.163,4.33,1.51,4.33,1.51,INF,-1,0,7,0
7740,1,1,44.370,15.360,4.14,1.43,4.14,1.44,INF,-1,0,7,0
7760,1,1,44.720,14.934,4.17,1.39,4.17,1.40,INF,-1,0,7,0
7780,1,1,44.208,13.583,4.12,1.27,4.12,1.27,INF,-1,0,7,0
7800,1,1,45.675,15.656,4.26,1.46,4.26,1.46,INF,-1,0,7,0
7820,1,1,46.452,14.984,4.33,1.40,4.33,1.40,INF,-1,1,7,0
7840,1,1,42.191,12.962,3.94,1.21,3.94,1.21,INF,-1,1,7,0
7860,1,1,44.766,14.920,4.18,1.39,4.18,1.39,INF,-1,1,7,0
7880,1,1,43.118,14.382,4.02,1.34,4.02,1.34,INF,-1,1,7,0
7900,1,1,44.463,12.249,4.15,1.14,4.15,1.14,INF,-1,1,7,0
7920,1,1,43.178,14.213,4.03,1.32,4.03,1.33,INF,-1,1,7,0
7940,1,1,42.827,12.805,4.00,1.19,4.00,1.20,INF,-1,1,7,0
7960,1,1,44.367,12.436,4.14,1.16,4.14,1.16,INF,-1,1,7,0
7980,1,1,43.880,13.036,4.09,1.22,4.09,1.22,INF,-1,1,7,0
8000,1,1,43.325,13.735,4.04,1.28,4.04,1.28,INF,-1,1,7,0
8020,1,1,44.987,11.885,4.20,1.11,4.20,1.11,INF,-1,1,7,0
8040,1,1,42.068,13.241,3.93,1.23,3.92,1.24,INF,-1,1,7,0
8060,1,1,44.349,12.003,4.14,1.12,4.14,1.12,INF,-1,1,7,0
8080,1,1,43.251,14.419,4.04,1.34,4.03,1.35,INF,-1,1,7,0
8100,1,1,41.869,13.284,3.91,1.24,3.91,1.24,INF,-1,1,7,0
8120,1,1,43.428,11.941,4.05,1.11,4.05,1.12,INF,-1,1,7,0
8140,1,1,45.717,11.375,4.27,1.06,4.26,1.06,INF,-1,1,7,0
8160,1,1,56.605,8.032,5.28,0.75,5.28,0.75,INF,-1,1,7,0
8180,1,1,54.839,7.429,5.11,0.69,5.11,0.69,INF,-1,1,7,0
8200,1,1,55.235,6.758,5.15,0.63,5.15,0.63,INF,-1,0,7,0
8220,1,1,54.245,6.640,5.06,0.62,5.06,0.62,INF,-1,0,7,0
8240,1,1,55.548,6.980,5.18,0.65,5.18,0.65,INF,-1,0,7,0
8260,1,1,55.211,7.013,5.15,0.65,5.15,0.66,INF,-1,0,7,0
8280,1,1,52.532,8.230,4.90,0.77,4.90,0.77,INF,-1,0,7,0
8300,1,1,54.143,7.767,5.05,0.72,5.05,0.73,INF,-1,0,7,0
8320,1,1,53.367,6.990,4.98,0.65,4.98,0.65,INF,-1,0,7,0
8340,1,1,55.131,6.210,5.14,0.58,5.14,0.58,INF,-1,0,7,0
8360,1,1,53.602,7.406,5.00,0.69,5.00,0.69,INF,-1,0,7,0
8380,1,1,53.719,6.692,5.01,0.62,5.01,0.63,INF,-1,0,7,0
8400,1,1,54.844,6.252,5.11,0.58,5.11,0.58,INF,-1,0,7,0
8420,1,1,58.293,1.454,5.43,0.14,5.43,0.14,INF,-1,0,7,0
8440,1,1,62.577,-3.850,5.83,-0.36,5.83,-0.36,INF,-1,1,7,0
8460,1,1,62.514,-0.879,5.82,-0.08,5.82,-0.08,INF,-1,1,7,0
8480,1,1,62.658,-2.131,5.84,-0.20,5.84,-0.20,INF,-1,1,7,0
8500,1,1,61.793,-2.339,5.76,-0.22,5.76,-0.22,INF,-1,1,7,0
8520,1,1,62.398,-1.421,5.81,-0.13,5.81,-0.13,INF,-1,0,7,0
8540,1,1,62.809,-1.708,5.85,-0.16,5.85,-0.16,INF,-1,0,7,0
8560,1,1,63.569,-3.041,5.92,-0.28,5.92,-0.28,INF,-1,0,7,0
8580,1,1,62.156,-1.590,5.79,-0.15,5.79,-0.15,INF,-1,0,7,0
8600,1,1,63.623,-1.573,5.93,-0.15,5.93,-0.15,INF,-1,0,7,0
8620,1,1,61.817,-2.163,5.76,-0.20,5.76,-0.20,INF,-1,0,7,0
8640,1,1,62.670,-2.053,5.84,-0.19,5.84,-0.19,INF,-1,0,7,0
8660,1,1,61.684,-1.070,5.75,-0.10,5.75,-0.10,INF,-1,0,7,0
8680,1,1,64.376,-3.498,6.00,-0.33,5.99,-0.33,INF,-1,0,7,0
8700,1,1,63.344,-1.538,5.90,-0.14,5.90,-0.14,INF,-1,0,7,0
8720,1,1,62.829,-1.517,5.85,-0.14,5.85,-0.14,INF,-1,0,7,0
8740,1,1,62.468,-2.104,5.82,-0.20,5.82,-0.20,INF,-1,0,7,0
8760,1,1,63.235,-1.101,5.89,-0.10,5.89,-0.10,INF,-1,1,7,0
8780,1,1,61.113,-1.345,5.69,-0.13,5.69,-0.13,INF,-1,1,7,0
8800,1,1,63.301,-1.377,5.90,-0.13,5.90,-0.13,INF,-1,1,7,0
8820,1,1,67.404,-3.414,6.27,-0.32,6.27,-0.32,INF,-1,1,7,0
8840,1,1,66.520,-3.268,6.19,-0.30,6.19,-0.31,INF,-1,1,7,0
8860,1,1,66.593,-2.906,6.20,-0.27,6.20,-0.27,INF,-1,1,7,0
8880,1,1,65.733,-4.153,6.12,-0.39,6.12,-0.39,INF,-1,1,7,0
8900,1,1,64.517,-3.321,6.01,-0.31,6.01,-0.31,INF,-1,1,7,0
8920,1,1,64.527,-4.239,6.01,-0.39,6.01,-0.40,INF,-1,1,7,0
8940,1,1,63.498,-3.700,5.91,-0.34,5.91,-0.35,INF,-1,1,7,0
8960,1,1,64.855,-2.782,6.04,-0.26,6.04,-0.26,INF,-1,1,7,0
8980,1,1,63.807,-3.478,5.94,-0.32,5.94,-0.33,INF,-1,1,7,0
9000,1,1,65.913,-3.968,6.14,-0.37,6.14,-0.37,INF,-1,1,7,0
9020,1,1,64.996,-3.544,6.05,-0.33,6.05,-0.33,INF,-1,1,7,0
9040,1,1,64.018,-2.618,5.96,-0.24,5.96,-0.24,INF,-1,1,7,0
9060,1,1,64.830,-4.185,6.04,-0.39,6.04,-0.39,INF,-1,1,7,0
9080,1,1,65.273,-2.499,6.08,-0.23,6.08,-0.23,INF,-1,1,7,0
9100,1,1,70.067,-2.292,6.52,-0.21,6.52,-0.21,INF,-1,1,7,0
9120,1,1,70.157,-1.576,6.53,-0.15,6.53,-0.15,INF,-1,1,7,0
9140,1,1,68.628,-2.262,6.39,-0.21,6.39,-0.21,INF,-1,1,7,0
9160,1,1,68.356,-3.729,6.36,-0.35,6.36,-0.35,INF,-1,1,7,0
9180,1,1,71.883,-4.540,6.69,-0.42,6.69,-0.42,INF,-1,1,7,0
9200,1,1,69.225,-2.833,6.44,-0.26,6.44,-0.26,INF,-1,1,7,0
9220,1,1,68.699,-2.913,6.39,-0.27,6.39,-0.27,INF,-1,1,7,0
9240,1,1,69.854,-3.123,6.50,-0.29,6.50,-0.29,INF,-1,1,7,0
9260,1,1,67.564,-1.884,6.29,-0.18,6.29,-0.18,INF,-1,1,7,0
9280,1,1,68.427,-3.439,6.37,-0.32,6.37,-0.32,INF,-1,1,7,0
9300,1,1,68.922,-3.245,6.42,-0.30,6.41,-0.30,INF,-1,1,7,0
9320,1,1,66.587,-3.528,6.20,-0.33,6.20,-0.33,INF,-1,1,7,0
9340,1,1,69.282,-3.714,6.45,-0.34,6.45,-0.35,INF,-1,1,7,0
9360,1,1,69.318,-3.972,6.45,-0.37,6.45,-0.37,INF,-1,1,7,0
9380,1,1,68.946,-3.092,6.42,-0.29,6.42,-0.29,INF,-1,1,7,0
9400,1,1,69.562,-3.534,6.47,-0.33,6.47,-0.33,INF,-1,1,7,0
9420,1,1,67.332,-3.648,6.27,-0.34,6.27,-0.34,INF,-1,1,7,0
9440,1,1,67.934,-2.013,6.32,-0.19,6.32,-0.19,INF,-1,1,7,0
9460,1,1,68.018,-4.261,6.33,-0.40,6.33,-0.40,INF,-1,1,7,0
9480,1,1,56.902,4.941,5.30,0.46,5.30,0.46,INF,-1,1,7,0
9500,1,1,46.426,16.577,4.33,1.54,4.33,1.55,INF,-1,1,7,0
9520,1,1,47.364,14.354,4.42,1.34,4.42,1.34,INF,-1,1,7,0
9540,1,1,48.147,14.852,4.49,1.38,4.49,1.39,INF,-1,0,7,0
9560,1,1,47.163,15.110,4.40,1.41,4.40,1.41,INF,-1,0,7,0
9580,1,1,45.958,15.284,4.29,1.42,4.29,1.43,INF,-1,0,7,0
9600,1,1,47.334,15.297,4.42,1.43,4.41,1.43,INF,-1,0,7,0
9620,1,1,47.283,14.670,4.41,1.37,4.41,1.37,INF,-1,0,7,0
9640,1,1,45.692,16.836,4.26,1.57,4.26,1.57,INF,-1,0,7,0
9660,1,1,47.107,15.364,4.39,1.43,4.39,1.44,INF,-1,0,7,0
9680,1,1,46.301,15.822,4.32,1.47,4.32,1.48,INF,-1,0,7,0
9700,1,1,44.831,15.956,4.18,1.49,4.18,1.49,INF,-1,0,7,0
9720,1,1,45.689,16.095,4.26,1.50,4.26,1.50,INF,-1,0,7,0
9740,1,1,46.113,16.230,4.30,1.51,4.30,1.52,INF,-1,0,7,0
9760,1,1,44.935,15.397,4.19,1.43,4.19,1.44,INF,-1,0,7,0
9780,1,1,43.585,14.957,4.07,1.39,4.07,1.40,INF,-1,1,7,0
9800,1,1,46.166,14.989,4.31,1.40,4.31,1.40,INF,-1,1,7,0
9820,1,1,43.033,19.438,4.02,1.81,4.01,1.82,INF,-1,1,7,0
9840,1,1,41.981,20.115,3.92,1.88,3.92,1.88,INF,-1,1,7,0
9860,1,1,41.169,20.537,3.84,1.91,3.84,1.92,INF,-1,1,7,0
9880,1,1,41.835,21.366,3.90,1.99,3.90,2.00,INF,-1,1,7,0
9900,1,1,42.603,18.618,3.98,1.74,3.97,1.74,INF,-1,1,7,0
9920,1,1,40.864,19.168,3.81,1.79,3.81,1.79,INF,-1,1,7,0
9940,1,1,42.789,19.849,3.99,1.85,3.99,1.85,INF,-1,1,7,0
9960,1,1,43.361,19.602,4.05,1.83,4.04,1.83,INF,-1,1,7,0
9980,1,1,42.035,18.922,3.92,1.76,3.92,1.77,INF,-1,1,7,0
10000,1,1,41.615,18.955,3.88,1.77,3.88,1.77,INF,-1,1,7,0
10020,1,1,40.696,20.547,3.80,1.92,3.80,1.92,INF,-1,1,7,0
10040,1,1,42.303,19.512,3.95,1.82,3.95,1.82,INF,-1,1,7,0
10060,1,1,42.261,19.464,3.94,1.81,3.94,1.82,INF,-1,1,7,0
10080,1,1,41.580,18.851,3.88,1.76,3.88,1.76,INF,-1,1,7,0
10100,1,1,40.017,18.641,3.73,1.74,3.73,1.74,INF,-1,1,7,0
10120,1,1,40.311,18.837,3.76,1.76,3.76,1.76,INF,-1,1,7,0
10140,1,1,41.374,19.999,3.86,1.86,3.86,1.87,INF,-1,1,7,0
10160,1,1,42.359,19.727,3.95,1.84,3.95,1.84,INF,-1,1,7,0
10180,1,1,41.855,17.872,3.91,1.67,3.90,1.67,INF,-1,1,7,0
10200,1,1,41.654,18.587,3.89,1.73,3.89,1.74,INF,-1,1,7,0
10220,1,1,40.540,18.686,3.78,1.74,3.78,1.75,INF,-1,1,7,0
10240,1,1,39.372,19.405,3.67,1.81,3.67,1.81,INF,-1,1,7,0
10260,1,1,40.567,18.345,3.79,1.71,3.78,1.71,INF,-1,1,7,0
10280,1,1,40.703,19.827,3.80,1.85,3.80,1.85,INF,-1,1,7,0
10300,1,1,40.753,18.968,3.80,1.77,3.80,1.77,INF,-1,1,7,0
10320,1,1,42.052,14.775,3.92,1.38,3.92,1.38,INF,-1,1,7,0
10340,0,1,0.000,0.000,0.00,0.00,0.00,0.00,0.00,-1,1,7,0
10360,0,1,0.000,0.000,0.00,0.00,0.00,0.00,0.00,-1,1,7,0
10380,0,1,0.000,0.000,0.00,0.00,0.00,0.00,0.00,-1,1,7,0
10400,0,1,0.000,0.000,0.00,0.00,0.00,0.00,0.00,-1,1,7,0
10420,0,1,0.000,0.000,0.00,0.00,0.00,0.00,0.00,-1,0,7,0
10440,0,1,0.000,0.000,0.00,0.00,0.00,0.00,0.00,-1,0,7,0
10460,0,1,0.000,0.000,0.00,0.00,0.00,0.00,0.00,-1,0,7,0
10480,0,1,0.000,0.000,0.00,0.00,0.00,0.00,0.00,-1,0,7,0
10500,0,1,0.000,0.000,0.00,0.00,0.00,0.00,0.00,-1,0,7,0
10520,1,1,42.004,3.598,3.92,0.34,3.92,0.34,INF,-1,0,7,0
10540,1,1,43.632,8.524,4.07,0.79,4.07,0.80,INF,-1,0,7,0
10560,1,1,43.314,11.514,4.04,1.07,4.04,1.08,INF,-1,0,7,0
10580,1,1,41.240,13.555,3.85,1.26,3.85,1.27,INF,-1,0,7,0
10600,1,1,42.100,12.405,3.93,1.16,3.93,1.16,INF,-1,0,7,0
10620,1,1,41.330,13.194,3.86,1.23,3.86,1.23,INF,-1,0,7,0
10640,1,1,42.848,12.202,4.00,1.14,4.00,1.14,INF,-1,0,7,0
10660,1,1,39.292,13.261,3.67,1.24,3.67,1.24,INF,-1,0,7,0
10680,1,1,42.566,10.466,3.97,0.98,3.97,0.98,INF,-1,0,7,0
10700,1,1,40.884,11.969,3.82,1.12,3.81,1.12,INF,-1,0,7,0
10720,1,1,41.497,13.368,3.87,1.25,3.87,1.25,INF,-1,0,7,0
10740,1,1,41.900,14.282,3.91,1.33,3.91,1.33,INF,-1,0,7,0
10760,1,1,42.064,13.749,3.93,1.28,3.92,1.28,INF,-1,0,7,0
10780,1,1,42.539,14.532,3.97,1.35,3.97,1.36,INF,-1,0,7,0
10800,1,1,40.254,15.499,3.76,1.45,3.76,1.45,INF,-1,1,7,0
10820,1,1,42.616,13.418,3.98,1.25,3.98,1.25,INF,-1,1,7,0
10840,1,1,42.644,13.072,3.98,1.22,3.98,1.22,INF,-1,1,7,0
10860,1,1,41.707,13.615,3.89,1.27,3.89,1.27,INF,-1,1,7,0
10880,1,1,41.973,15.521,3.92,1.45,3.92,1.45,INF,-1,1,7,0
10900,1,1,42.722,14.577,3.99,1.36,3.99,1.36,INF,-1,1,7,0
10920,1,1,42.077,13.836,3.93,1.29,3.93,1.29,INF,-1,1,7,0
10940,1,1,41.035,13.232,3.83,1.23,3.83,1.24,INF,-1,1,7,0
10960,1,1,42.610,13.423,3.98,1.25,3.98,1.25,INF,-1,1,7,0
10980,1,1,43.044,12.644,4.02,1.18,4.02,1.18,INF,-1,1,7,0
11000,1,1,42.801,12.998,3.99,1.21,3.99,1.21,INF,-1,1,7,0
11020,1,1,49.483,1.333,4.62,0.12,4.62,0.12,INF,-1,1,7,0
11040,1,1,47.668,2.427,4.45,0.23,4.45,0.23,INF,-1,1,7,0
11060,1,1,47.485,3.159,4.43,0.29,4.43,0.30,INF,-1,0,7,0
11080,1,1,47.279,1.912,4.41,0.18,4.41,0.18,INF,-1,0,7,0
11100,1,1,48.992,0.764,4.57,0.07,4.57,0.07,INF,-1,0,7,0
11120,1,1,47.513,0.233,4.43,0.02,4.43,0.02,INF,-1,0,7,0
11140,1,1,48.180,0.924,4.49,0.09,4.49,0.09,INF,-1,0,7,0
11160,1,1,46.880,2.623,4.37,0.24,4.37,0.25,INF,-1,0,7,0
11180,1,1,47.279,2.804,4.41,0.26,4.41,0.26,INF,-1,0,7,0
11200,1,1,46.294,0.379,4.32,0.04,4.32,0.04,INF,-1,0,7,0
11220,1,1,47.742,0.564,4.45,0.05,4.45,0.05,INF,-1,0,7,0
11240,1,1,46.394,0.871,4.33,0.08,4.33,0.08,INF,-1,0,7,0
11260,1,1,47.547,1.586,4.44,0.15,4.44,0.15,INF,-1,0,7,0
11280,1,1,47.888,0.369,4.47,0.03,4.47,0.03,INF,-1,0,7,0
11300,1,1,49.115,-0.505,4.58,-0.05,4.58,-0.05,INF,-1,1,7,0
11320,1,1,50.978,1.672,4.75,0.16,4.75,0.16,INF,-1,1,7,0
11340,1,1,52.446,2.639,4.89,0.25,4.89,0.25,INF,-1,1,7,0
11360,1,1,54.048,4.926,5.04,0.46,5.04,0.46,INF,-1,1,7,0
11380,1,1,53.306,3.502,4.97,0.33,4.97,0.33,INF,-1,1,7,0
11400,1,1,52.423,2.816,4.89,0.26,4.89,0.26,INF,-1,1,7,0
11420,1,1,53.005,4.157,4.94,0.39,4.94,0.39,INF,-1,1,7,0
11440,1,1,51.701,3.987,4.82,0.37,4.82,0.37,INF,-1,1,7,0
11460,1,1,53.449,1.698,4.98,0.16,4.98,0.16,INF,-1,1,7,0
11480,1,1,50.096,5.829,4.67,0.54,4.67,0.54,INF,-1,1,7,0
11500,1,1,45.292,15.460,4.23,1.44,4.22,1.44,INF,-1,1,7,0
11520,1,1,44.984,13.225,4.20,1.23,4.20,1.24,INF,-1,1,7,0
11540,1,1,44.757,14.894,4.18,1.39,4.17,1.39,INF,-1,0,7,0
11560,1,1,44.001,13.089,4.11,1.22,4.10,1.22,INF,-1,0,7,0
11580,1,1,43.599,15.569,4.07,1.45,4.07,1.45,INF,-1,0,7,0
11600,1,1,43.547,14.875,4.06,1.39,4.06,1.39,INF,-1,0,7,0
11620,1,1,44.289,14.143,4.13,1.32,4.13,1.32,INF,-1,0,7,0
11640,1,1,44.424,14.843,4.15,1.38,4.14,1.39,INF,-1,0,7,0
11660,1,1,43.922,13.338,4.10,1.24,4.10,1.25,INF,-1,0,7,0
11680,1,1,45.753,12.843,4.27,1.20,4.27,1.20,INF,-1,0,7,0
11700,1,1,43.540,13.322,4.06,1.24,4.06,1.24,INF,-1,0,7,0
11720,1,1,42.434,13.485,3.96,1.26,3.96,1.26,INF,-1,0,7,0
11740,1,1,44.019,13.704,4.11,1.28,4.11,1.28,INF,-1,0,7,0
11760,1,1,29.639,11.080,2.77,1.03,2.77,1.04,INF,-1,0,7,0
11780,1,1,8.852,7.461,0.83,0.70,0.83,0.70,INF,-1,1,7,0
11800,1,1,11.054,9.567,1.03,0.89,1.03,0.89,INF,-1,0,7,0
11820,1,1,12.926,8.507,1.21,0.79,1.21,0.80,INF,-1,0,7,0
11840,1,1,11.558,6.179,1.08,0.58,1.08,0.58,INF,-1,0,7,0
11860,1,1,9.396,7.598,0.88,0.71,0.88,0.71,INF,-1,0,7,0
11880,1,1,10.972,6.013,1.03,0.56,1.03,0.56,INF,-1,0,7,0
11900,1,1,9.272,6.911,0.87,0.65,0.87,0.65,INF,-1,0,7,0
11920,1,1,9.363,5.092,0.88,0.48,0.88,0.48,INF,-1,0,7,0
11940,1,1,10.119,4.250,0.95,0.40,0.95,0.40,INF,-1,0,7,0
11960,1,1,9.440,6.504,0.88,0.61,0.88,0.61,INF,-1,0,7,0
11980,1,1,8.814,4.694,0.82,0.44,0.82,0.44,INF,-1,0,7,0
12000,1,1,8.528,5.601,0.80,0.52,0.80,0.52,INF,-1,0,7,0
12020,1,1,13.017,2.401,1.22,0.22,1.22,0.22,INF,-1,0,7,0
12040,1,1,15.978,-4.044,1.49,-0.38,1.49,-0.38,INF,-1,0,7,0
12060,1,1,14.732,-5.258,1.38,-0.49,1.38,-0.49,INF,-1,1,7,0
12080,1,1,14.879,-4.624,1.39,-0.43,1.39,-0.43,INF,-1,0,7,0
12100,1,1,17.106,-3.960,1.60,-0.37,1.60,-0.37,INF,-1,0,7,0
12120,1,1,15.815,-4.932,1.48,-0.46,1.48,-0.46,INF,-1,0,7,0
12140,1,1,15.698,-4.103,1.47,-0.38,1.47,-0.38,INF,-1,0,7,0
12160,1,1,15.845,-5.138,1.48,-0.48,1.48,-0.48,INF,-1,0,7,0
12180,1,1,18.133,-6.187,1.69,-0.58,1.69,-0.58,INF,-1,0,7,0
12200,1,1,13.709,-5.194,1.28,-0.49,1.28,-0.49,INF,-1,0,7,0
12220,1,1,14.193,-3.877,1.33,-0.36,1.33,-0.36,INF,-1,0,7,0
12240,1,1,15.002,-2.788,1.40,-0.26,1.40,-0.26,INF,-1,0,7,0
12260,1,1,18.037,-4.560,1.69,-0.43,1.69,-0.43,INF,-1,0,7,0
12280,1,1,16.388,-3.339,1.53,-0.31,1.53,-0.31,INF,-1,0,7,0
12300,1,1,16.657,-3.391,1.56,-0.32,1.56,-0.32,INF,-1,0,7,0
12320,1,1,12.799,-1.526,1.20,-0.14,1.20,-0.14,INF,-1,1,7,0
12340,1,1,15.852,-3.219,1.48,-0.30,1.48,-0.30,INF,-1,1,7,0
12360,1,1,18.058,-1.114,1.69,-0.10,1.69,-0.10,INF,-1,1,7,0
12380,1,1,15.022,-2.314,1.40,-0.22,1.40,-0.22,INF,-1,1,7,0
12400,1,1,18.040,-2.997,1.69,-0.28,1.69,-0.28,INF,-1,1,7,0
12420,1,1,17.224,-3.514,1.61,-0.33,1.61,-0.33,INF,-1,1,7,0
12440,1,1,16.947,-2.904,1.58,-0.27,1.58,-0.27,INF,-1,1,7,0
12460,1,1,16.462,-1.930,1.54,-0.18,1.54,-0.18,INF,-1,1,7,0
12480,1,1,15.859,-1.147,1.48,-0.11,1.48,-0.11,INF,-1,1,7,0
12500,1,1,16.884,-2.995,1.58,-0.28,1.58,-0.28,INF,-1,1,7,0
12520,1,1,16.254,-3.309,1.52,-0.31,1.52,-0.31,INF,-1,1,7,0
12540,1,1,17.160,-2.860,1.60,-0.27,1.60,-0.27,INF,-1,1,7,0
12560,1,1,14.792,-1.827,1.38,-0.17,1.38,-0.17,INF,-1,1,7,0
12580,1,1,15.758,-1.854,1.47,-0.17,1.47,-0.17,INF,-1,1,7,0
12600,1,1,15.868,-0.308,1.48,-0.03,1.48,-0.03,INF,-1,1,7,0
12620,1,1,16.265,-2.481,1.52,-0.23,1.52,-0.23,INF,-1,1,7,0
12640,1,1,16.936,-2.204,1.58,-0.21,1.58,-0.21,INF,-1,1,7,0
12660,1,1,16.722,-3.281,1.56,-0.31,1.56,-0.31,INF,-1,1,7,0
12680,1,1,18.187,-3.433,1.70,-0.32,1.70,-0.32,INF,-1,1,7,0
12700,1,1,33.711,-1.539,3.15,-0.14,3.15,-0.14,INF,-1,1,7,0
12720,1,1,31.817,-1.093,2.97,-0.10,2.97,-0.10,INF,-1,1,7,0
12740,1,1,30.740,-2.422,2.87,-0.23,2.87,-0.23,INF,-1,0,7,0
12760,1,1,30.019,-2.849,2.80,-0.27,2.80,-0.27,INF,-1,0,7,0
12780,1,1,32.931,-1.340,3.08,-0.13,3.07,-0.13,INF,-1,0,7,0
12800,1,1,30.673,-1.626,2.86,-0.15,2.86,-0.15,INF,-1,0,7,0
12820,1,1,30.769,-1.365,2.87,-0.13,2.87,-0.13,INF,-1,0,7,0
12840,1,1,29.501,-1.117,2.76,-0.10,2.76,-0.10,INF,-1,0,7,0
12860,1,1,31.859,-2.052,2.98,-0.19,2.98,-0.19,INF,-1,0,7,0
12880,1,1,13.765,-0.188,1.29,-0.02,1.29,-0.02,INF,-1,0,7,0
12900,1,1,-6.337,-2.052,-0.59,-0.19,-0.59,-0.19,INF,-1,0,7,0
12920,1,1,-7.933,-1.644,-0.74,-0.15,-0.74,-0.15,INF,-1,0,7,0
12940,1,1,-6.658,-1.012,-0.62,-0.09,-0.62,-0.09,INF,-1,0,7,0
12960,1,1,-7.393,-1.107,-0.69,-0.10,-0.69,-0.10,INF,-1,0,7,0
12980,1,1,-9.313,-0.363,-0.87,-0.03,-0.87,-0.03,INF,-1,0,7,0
13000,1,1,-8.088,0.841,-0.76,0.08,-0.76,0.08,INF,-1,0,7,0
13020,1,1,-8.557,-0.075,-0.80,-0.01,-0.80,-0.01,INF,-1,0,7,0
13040,1,1,-9.666,-0.128,-0.90,-0.01,-0.90,-0.01,INF,-1,0,7,0
13060,1,1,-6.208,-0.190,-0.58,-0.02,-0.58,-0.02,INF,-1,0,7,0
13080,1,1,-8.503,-0.832,-0.79,-0.08,-0.79,-0.08,INF,-1,0,7,0
13100,1,1,-9.738,-2.150,-0.91,-0.20,-0.91,-0.20,INF,-1,0,7,0
13120,1,1,-8.435,-1.246,-0.79,-0.12,-0.79,-0.12,INF,-1,0,7,0
13140,1,1,-13.880,1.065,-1.30,0.10,-1.30,0.10,INF,-1,0,7,0
13160,1,1,-15.281,-2.946,-1.43,-0.28,-1.43,-0.28,INF,-1,1,7,0
13180,1,1,-12.132,-2.127,-1.13,-0.20,-1.13,-0.20,INF,-1,1,7,0
13200,1,1,-14.345,-0.155,-1.34,-0.01,-1.34,-0.01,INF,-1,1,7,0
13220,0,1,0.000,0.000,0.00,0.00,0.00,0.00,0.00,-1,1,7,0
13240,1,1,-13.983,5.540,-1.31,0.52,-1.31,0.52,INF,-1,1,7,0
13260,1,1,-14.385,-1.621,-1.34,-0.15,-1.34,-0.15,INF,-1,1,7,0
13280,1,1,-15.552,-1.675,-1.45,-0.16,-1.45,-0.16,INF,-1,1,7,0
13300,1,1,-14.026,-0.670,-1.31,-0.06,-1.31,-0.06,INF,-1,1,7,0
13320,1,1,-24.642,1.362,-2.30,0.13,-2.30,0.13,INF,-1,1,7,0
13340,1,1,-30.345,8.422,-2.83,0.79,-2.83,0.79,INF,-1,1,7,0
13360,1,1,-32.088,7.393,-3.00,0.69,-3.00,0.69,INF,-1,0,7,0
13380,1,1,-32.382,6.456,-3.02,0.60,-3.02,0.60,INF,-1,0,7,0
13400,1,1,-32.181,6.944,-3.01,0.65,-3.00,0.65,INF,-1,0,7,0
13420,1,1,-32.984,7.945,-3.08,0.74,-3.08,0.74,INF,-1,0,7,0
13440,1,1,-31.769,6.317,-2.97,0.59,-2.97,0.59,INF,-1,0,7,0
13460,1,1,-31.625,6.561,-2.95,0.61,-2.95,0.61,INF,-1,0,7,0
13480,1,1,-32.738,6.596,-3.06,0.62,-3.06,0.62,INF,-1,0,7,0
13500,1,1,-32.500,8.210,-3.03,0.77,-3.03,0.77,INF,-1,0,7,0
13520,1,1,-33.479,6.932,-3.13,0.65,-3.13,0.65,INF,-1,0,7,0
13540,1,1,-33.553,8.077,-3.13,0.75,-3.13,0.75,INF,-1,0,7,0
13560,1,1,-33.125,8.139,-3.09,0.76,-3.09,0.76,INF,-1,0,7,0
13580,1,1,-32.968,5.895,-3.08,0.55,-3.08,0.55,INF,-1,0,7,0
13600,1,1,-34.261,8.826,-3.20,0.82,-3.20,0.82,INF,-1,1,7,0
13620,1,1,-32.639,7.017,-3.05,0.65,-3.05,0.66,INF,-1,1,7,0
13640,1,1,-33.157,6.127,-3.10,0.57,-3.10,0.57,INF,-1,1,7,0
13660,1,1,-33.119,6.079,-3.09,0.57,-3.09,0.57,INF,-1,1,7,0
13680,1,1,-25.903,4.337,-2.42,0.41,-2.42,0.41,INF,-1,1,7,0
13700,1,1,-24.591,7.142,-2.30,0.67,-2.30,0.67,INF,-1,1,7,0
13720,1,1,-25.187,7.169,-2.35,0.67,-2.35,0.67,INF,-1,1,7,0
13740,1,1,-23.868,7.585,-2.23,0.71,-2.23,0.71,INF,-1,1,7,0
13760,1,1,-25.196,6.343,-2.35,0.59,-2.35,0.59,INF,-1,1,7,0
13780,1,1,-23.416,5.503,-2.19,0.51,-2.19,0.51,INF,-1,1,7,0
13800,1,1,-24.792,6.405,-2.32,0.60,-2.32,0.60,INF,-1,1,7,0
13820,1,1,-24.414,6.730,-2.28,0.63,-2.28,0.63,INF,-1,1,7,0
13840,1,1,-25.028,6.545,-2.34,0.61,-2.34,0.61,INF,-1,1,7,0
13860,1,1,-23.426,4.026,-2.19,0.38,-2.19,0.38,INF,-1,1,7,0
13880,1,1,-25.512,6.116,-2.38,0.57,-2.38,0.57,INF,-1,1,7,0
13900,1,1,-21.252,5.764,-1.99,0.54,-1.99,0.54,INF,-1,1,7,0
13920,1,1,-21.736,-0.699,-2.03,-0.07,-2.03,-0.07,INF,-1,1,7,0
13940,0,1,0.000,0.000,0.00,0.00,0.00,0.00,0.00,-1,1,7,0
13960,0,1,0.000,0.000,0.00,0.00,0.00,0.00,0.00,-1,1,7,0
13980,0,1,0.000,0.000,0.00,0.00,0.00,0.00,0.00,-1,0,7,0
14000,0,1,0.000,0.000,0.00,0.00,0.00,0.00,0.00,-1,0,7,0
14020,0,1,0.000,0.000,0.00,0.00,0.00,0.00,0.00,-1,0,7,0
14040,0,1,0.000,0.000,0.00,0.00,0.00,0.00,0.00,-1,0,7,0
14060,0,1,0.000,0.000,0.00,0.00,0.00,0.00,0.00,-1,0,7,0
14080,0,1,0.000,0.000,0.00,0.00,0.00,0.00,0.00,-1,0,7,0
14100,1,1,-31.160,-15.918,-2.91,-1.49,-2.91,-1.49,INF,-1,0,7,0
14120,1,1,-28.051,-2.874,-2.62,-0.27,-2.62,-0.27,INF,-1,0,7,0
14140,1,1,-26.938,0.132,-2.52,0.01,-2.52,0.01,INF,-1,0,7,0
14160,1,1,-27.364,4.871,-2.56,0.45,-2.56,0.46,INF,-1,0,7,0
14180,1,1,-27.795,3.446,-2.60,0.32,-2.60,0.32,INF,-1,0,7,0
14200,1,1,-28.373,4.417,-2.65,0.41,-2.65,0.41,INF,-1,0,7,0
14220,1,1,-29.263,4.359,-2.73,0.41,-2.73,0.41,INF,-1,0,7,0
14240,1,1,-29.168,3.896,-2.72,0.36,-2.72,0.36,INF,-1,0,7,0
14260,1,1,-28.860,3.291,-2.70,0.31,-2.70,0.31,INF,-1,0,7,0
14280,1,1,-28.557,2.673,-2.67,0.25,-2.67,0.25,INF,-1,0,7,0
14300,1,1,-28.934,3.447,-2.70,0.32,-2.70,0.32,INF,-1,0,7,0
14320,1,1,-27.944,2.055,-2.61,0.19,-2.61,0.19,INF,-1,0,7,0
14340,1,1,-28.982,1.341,-2.71,0.13,-2.71,0.13,INF,-1,0,7,0
14360,1,1,-25.312,5.264,-2.36,0.49,-2.36,0.49,INF,-1,0,7,0
14380,1,1,-26.067,2.269,-2.43,0.21,-2.43,0.21,INF,-1,0,7,0
14400,1,1,-26.237,2.458,-2.45,0.23,-2.45,0.23,INF,-1,1,7,0
14420,1,1,-25.949,2.213,-2.42,0.21,-2.42,0.21,INF,-1,1,7,0
14440,1,1,-26.971,3.499,-2.52,0.33,-2.52,0.33,INF,-1,1,7,0
14460,1,1,-27.519,2.748,-2.57,0.26,-2.57,0.26,INF,-1,1,7,0
14480,1,1,-27.285,2.497,-2.55,0.23,-2.55,0.23,INF,-1,1,7,0
14500,1,1,-26.748,2.717,-2.50,0.25,-2.50,0.25,INF,-1,1,7,0
14520,1,1,-26.335,3.044,-2.46,0.28,-2.46,0.28,INF,-1,1,7,0
14540,1,1,-35.733,4.789,-3.34,0.45,-3.34,0.45,INF,-1,1,7,0
14560,1,1,-34.398,3.846,-3.21,0.36,-3.21,0.36,INF,-1,1,7,0
14580,1,1,-35.115,5.595,-3.28,0.52,-3.28,0.52,INF,-1,1,7,0
14600,1,1,-33.103,4.809,-3.09,0.45,-3.09,0.45,INF,-1,1,7,0
14620,1,1,-33.340,3.883,-3.11,0.36,-3.11,0.36,INF,-1,1,7,0
14640,1,1,-35.514,4.656,-3.32,0.43,-3.32,0.44,INF,-1,1,7,0
14660,1,1,-36.611,3.475,-3.42,0.32,-3.42,0.32,INF,-1,1,7,0
14680,1,1,-36.287,5.384,-3.39,0.50,-3.39,0.50,INF,-1,1,7,0
14700,1,1,-35.294,3.703,-3.30,0.35,-3.30,0.35,INF,-1,1,7,0
14720,1,1,-34.129,3.278,-3.19,0.31,-3.19,0.31,INF,-1,1,7,0
14740,1,1,-35.471,5.715,-3.31,0.53,-3.31,0.53,INF,-1,1,7,0
14760,1,1,-35.478,4.697,-3.31,0.44,-3.31,0.44,INF,-1,1,7,0
14780,1,1,-33.803,4.805,-3.16,0.45,-3.16,0.45,INF,-1,1,7,0
14800,1,1,-50.092,-7.082,-4.67,-0.66,-4.67,-0.66,INF,-1,1,7,0
14820,1,1,-44.782,-12.136,-4.18,-1.13,-4.18,-1.13,INF,-1,1,7,0
14840,1,1,-44.056,-11.008,-4.11,-1.03,-4.11,-1.03,INF,-1,0,7,0
14860,1,1,-46.981,-10.085,-4.38,-0.94,-4.38,-0.94,INF,-1,0,7,0
14880,1,1,-45.767,-10.445,-4.27,-0.97,-4.27,-0.98,INF,-1,0,7,0
14900,1,1,-44.230,-11.562,-4.13,-1.08,-4.13,-1.08,INF,-1,0,7,0
14920,1,1,-45.083,-11.318,-4.21,-1.05,-4.21,-1.06,INF,-1,0,7,0
14940,1,1,-46.220,-12.724,-4.31,-1.19,-4.31,-1.19,INF,-1,0,7,0
14960,1,1,-44.579,-10.608,-4.16,-0.99,-4.16,-0.99,INF,-1,0,7,0
14980,1,1,-41.968,-11.090,-3.92,-1.03,-3.92,-1.04,INF,-1,0,7,0
15000,1,1,-42.054,-14.316,-3.92,-1.33,-3.92,-1.34,INF,-1,0,7,0
15020,1,1,-44.910,-11.472,-4.19,-1.07,-4.19,-1.07,INF,-1,0,7,0
