"EyeTracker Toolbox version","3.250"
CalibrationParameters_A11,1.19481
CalibrationParameters_A12,0.05866
CalibrationParameters_A13,0.02278
CalibrationParameters_A21,0.08526
CalibrationParameters_A22,-1.24384
CalibrationParameters_A23,0.03124
CalibrationParameters_A31,0.00037
CalibrationParameters_A32,-0.01247
CalibrationParameters_E11,-0.18048
CalibrationParameters_E12,-0.00014
CalibrationParameters_E21,0.00000
CalibrationParameters_E22,0.19970
CalibrationParameters_X,-45.09089
CalibrationParameters_Y,-48.87256
CalibrationParameters_Rpc,88.95888
CalibrationParameters_MeanX,145.74427
CalibrationParameters_MeanY,136.58058
CalibrationParameters_ViewDist,613.00000
TimeStamp,Tracked,Calibrated,ScreenPositionXmm,ScreenPositionYmm,FicksLongitude,FicksLatitude,HelmholtzAzimuth,HelmholtzElevation,PupilDiameter,Region,Fixation,DigitalIO,Dropped
0,1,1,-3.632,19.185,-0.34,1.79,-0.34,1.79,INF,-1,0,7,0
20,1,1,-5.022,19.478,-0.47,1.82,-0.47,1.82,INF,-1,0,7,0
40,1,1,-4.542,19.830,-0.42,1.85,-0.42,1.85,INF,-1,0,7,0
60,1,1,-6.027,19.870,-0.56,1.86,-0.56,1.86,INF,-1,0,7,0
80,1,1,-6.290,17.638,-0.59,1.65,-0.59,1.65,INF,-1,0,7,0
100,1,1,-5.630,18.072,-0.53,1.69,-0.53,1.69,INF,-1,0,7,0
120,1,1,-5.917,19.067,-0.55,1.78,-0.55,1.78,INF,-1,0,7,0
140,1,1,-6.846,20.156,-0.64,1.88,-0.64,1.88,INF,-1,0,7,0
160,1,1,-6.400,18.329,-0.60,1.71,-0.60,1.71,INF,-1,0,7,0
180,1,1,-6.300,17.117,-0.59,1.60,-0.59,1.60,INF,-1,0,7,0
200,1,1,-3.940,18.963,-0.37,1.77,-0.37,1.77,INF,-1,0,7,0
220,1,1,10.172,29.757,0.95,2.78,0.95,2.78,INF,-1,0,7,0
240,1,1,6.903,29.694,0.65,2.77,0.64,2.77,INF,-1,0,7,0
260,1,1,6.064,28.831,0.57,2.69,0.57,2.69,INF,-1,0,7,0
280,1,1,7.187,28.448,0.67,2.66,0.67,2.66,INF,-1,0,7,0
300,1,1,6.320,29.093,0.59,2.72,0.59,2.72,INF,-1,1,7,0
320,1,1,5.871,30.239,0.55,2.82,0.55,2.82,INF,-1,0,7,0
340,1,1,5.253,28.674,0.49,2.68,0.49,2.68,INF,-1,0,7,0
360,1,1,7.015,28.896,0.66,2.70,0.65,2.70,INF,-1,0,7,0
380,1,1,6.081,27.905,0.57,2.61,0.57,2.61,INF,-1,0,7,0
400,1,1,6.272,28.861,0.59,2.70,0.59,2.70,INF,-1,0,7,0
420,1,1,7.089,27.697,0.66,2.59,0.66,2.59,INF,-1,0,7,0
440,1,1,6.036,28.276,0.56,2.64,0.56,2.64,INF,-1,0,7,0
460,1,1,4.197,29.419,0.39,2.75,0.39,2.75,INF,-1,0,7,0
480,1,1,4.571,29.869,0.43,2.79,0.43,2.79,INF,-1,0,7,0
500,1,1,4.490,27.270,0.42,2.55,0.42,2.55,INF,-1,0,7,0
520,1,1,5.136,28.722,0.48,2.68,0.48,2.68,INF,-1,0,7,0
540,1,1,6.605,9.372,0.62,0.88,0.62,0.88,INF,-1,0,7,0
560,1,1,6.894,11.206,0.64,1.05,0.64,1.05,INF,-1,1,7,0
580,1,1,6.333,11.901,0.59,1.11,0.59,1.11,INF,-1,0,7,0
600,1,1,4.359,10.942,0.41,1.02,0.41,1.02,INF,-1,0,7,0
620,1,1,6.885,11.502,0.64,1.07,0.64,1.07,INF,-1,0,7,0
640,1,1,4.245,11.076,0.40,1.04,0.40,1.04,INF,-1,0,7,0
660,1,1,4.546,12.118,0.42,1.13,0.42,1.13,INF,-1,0,7,0
680,1,1,4.080,10.021,0.38,0.94,0.38,0.94,INF,-1,0,7,0
700,1,1,5.754,12.087,0.54,1.13,0.54,1.13,INF,-1,0,7,0
720,1,1,4.324,12.268,0.40,1.15,0.40,1.15,INF,-1,0,7,0
740,1,1,5.225,10.260,0.49,0.96,0.49,0.96,INF,-1,0,7,0
760,1,1,5.782,10.790,0.54,1.01,0.54,1.01,INF,-1,0,7,0
780,1,1,6.878,9.992,0.64,0.93,0.64,0.93,INF,-1,0,7,0
800,1,1,6.044,9.800,0.56,0.92,0.56,0.92,INF,-1,0,7,0
820,1,1,5.143,9.581,0.48,0.90,0.48,0.90,INF,-1,1,7,0
840,1,1,4.491,9.288,0.42,0.87,0.42,0.87,INF,-1,1,7,0
860,1,1,5.926,9.665,0.55,0.90,0.55,0.90,INF,-1,1,7,0
880,1,1,4.687,9.947,0.44,0.93,0.44,0.93,INF,-1,1,7,0
900,1,1,5.203,9.711,0.49,0.91,0.49,0.91,INF,-1,1,7,0
920,1,1,-10.310,-10.050,-0.96,-0.94,-0.96,-0.94,INF,-1,1,7,0
940,1,1,-8.031,-8.863,-0.75,-0.83,-0.75,-0.83,INF,-1,1,7,0
960,1,1,-8.818,-7.961,-0.82,-0.74,-0.82,-0.74,INF,-1,0,7,0
980,1,1,-8.751,-7.689,-0.82,-0.72,-0.82,-0.72,INF,-1,0,7,0
1000,1,1,-9.799,-8.795,-0.92,-0.82,-0.92,-0.82,INF,-1,0,7,0
1020,1,1,-8.402,-8.380,-0.79,-0.78,-0.79,-0.78,INF,-1,0,7,0
1040,1,1,-8.451,-9.634,-0.79,-0.90,-0.79,-0.90,INF,-1,0,7,0
1060,1,1,-8.862,-8.168,-0.83,-0.76,-0.83,-0.76,INF,-1,0,7,0
1080,1,1,-6.567,-8.905,-0.61,-0.83,-0.61,-0.83,INF,-1,0,7,0
1100,1,1,-7.642,-8.611,-0.71,-0.80,-0.71,-0.80,INF,-1,0,7,0
1120,1,1,-5.620,-9.868,-0.53,-0.92,-0.53,-0.92,INF,-1,0,7,0
1140,1,1,-7.809,-7.615,-0.73,-0.71,-0.73,-0.71,INF,-1,0,7,0
1160,1,1,-7.817,-8.619,-0.73,-0.81,-0.73,-0.81,INF,-1,0,7,0
1180,1,1,-33.353,-8.154,-3.11,-0.76,-3.11,-0.76,INF,-1,0,7,0
1200,1,1,-30.390,-6.642,-2.84,-0.62,-2.84,-0.62,INF,-1,1,7,0
1220,1,1,-33.249,-6.115,-3.10,-0.57,-3.10,-0.57,INF,-1,0,7,0
1240,1,1,-31.173,-6.108,-2.91,-0.57,-2.91,-0.57,INF,-1,0,7,0
1260,1,1,-32.224,-5.248,-3.01,-0.49,-3.01,-0.49,INF,-1,0,7,0
1280,1,1,-33.153,-5.393,-3.10,-0.50,-3.10,-0.50,INF,-1,0,7,0
1300,1,1,-33.737,-4.211,-3.15,-0.39,-3.15,-0.39,INF,-1,0,7,0
1320,1,1,-32.012,-6.207,-2.99,-0.58,-2.99,-0.58,INF,-1,0,7,0
1340,1,1,-32.218,-5.171,-3.01,-0.48,-3.01,-0.48,INF,-1,0,7,0
1360,1,1,-34.107,-5.937,-3.18,-0.55,-3.18,-0.55,INF,-1,0,7,0
1380,1,1,-33.526,-3.907,-3.13,-0.36,-3.13,-0.37,INF,-1,0,7,0
1400,1,1,-31.896,-5.457,-2.98,-0.51,-2.98,-0.51,INF,-1,0,7,0
1420,1,1,-32.634,-5.343,-3.05,-0.50,-3.05,-0.50,INF,-1,0,7,0
1440,1,1,-31.832,-5.896,-2.97,-0.55,-2.97,-0.55,INF,-1,0,7,0
1460,1,1,-31.914,-4.939,-2.98,-0.46,-2.98,-0.46,INF,-1,1,7,0
1480,1,1,-32.814,-5.310,-3.06,-0.50,-3.06,-0.50,INF,-1,1,7,0
1500,1,1,-32.644,-5.369,-3.05,-0.50,-3.05,-0.50,INF,-1,1,7,0
1520,1,1,-32.743,-4.992,-3.06,-0.47,-3.06,-0.47,INF,-1,1,7,0
1540,1,1,-33.202,-5.186,-3.10,-0.48,-3.10,-0.48,INF,-1,1,7,0
1560,1,1,-32.447,-3.621,-3.03,-0.34,-3.03,-0.34,INF,-1,1,7,0
1580,1,1,-38.140,-3.022,-3.56,-0.28,-3.56,-0.28,INF,-1,1,7,0
1600,1,1,-38.624,-0.388,-3.61,-0.04,-3.61,-0.04,INF,-1,1,7,0
1620,1,1,-38.570,0.035,-3.60,0.00,-3.60,0.00,INF,-1,1,7,0
1640,1,1,-39.253,-0.190,-3.66,-0.02,-3.66,-0.02,INF,-1,1,7,0
1660,1,1,-39.619,0.259,-3.70,0.02,-3.70,0.02,INF,-1,1,7,0
1680,1,1,-38.840,-1.253,-3.63,-0.12,-3.63,-0.12,INF,-1,1,7,0
1700,1,1,-38.622,-1.056,-3.61,-0.10,-3.61,-0.10,INF,-1,1,7,0
1720,1,1,-39.802,-0.402,-3.72,-0.04,-3.72,-0.04,INF,-1,1,7,0
1740,1,1,-40.406,-2.917,-3.77,-0.27,-3.77,-0.27,INF,-1,1,7,0
1760,1,1,8.822,31.195,0.82,2.91,0.82,2.91,INF,-1,1,7,0
1780,1,1,8.982,27.874,0.84,2.60,0.84,2.60,INF,-1,1,7,0
1800,1,1,7.965,28.103,0.74,2.62,0.74,2.62,INF,-1,0,7,0
1820,1,1,8.628,27.499,0.81,2.57,0.81,2.57,INF,-1,0,7,0
1840,1,1,9.450,28.634,0.88,2.67,0.88,2.67,INF,-1,0,7,0
1860,1,1,9.152,29.247,0.86,2.73,0.85,2.73,INF,-1,0,7,0
1880,1,1,9.459,28.614,0.88,2.67,0.88,2.67,INF,-1,0,7,0
1900,1,1,8.324,29.375,0.78,2.74,0.78,2.74,INF,-1,0,7,0
1920,1,1,8.643,28.504,0.81,2.66,0.81,2.66,INF,-1,0,7,0
1940,1,1,9.637,29.349,0.90,2.74,0.90,2.74,INF,-1,0,7,0
1960,1,1,10.466,29.118,0.98,2.72,0.98,2.72,INF,-1,0,7,0
1980,1,1,10.058,28.638,0.94,2.67,0.94,2.67,INF,-1,0,7,0
2000,1,1,9.056,29.622,0.85,2.77,0.85,2.77,INF,-1,0,7,0
2020,1,1,10.979,30.006,1.03,2.80,1.02,2.80,INF,-1,0,7,0
2040,1,1,9.676,29.743,0.90,2.78,0.90,2.78,INF,-1,1,7,0
2060,1,1,9.310,28.571,0.87,2.67,0.87,2.67,INF,-1,1,7,0
2080,1,1,9.524,29.732,0.89,2.78,0.89,2.78,INF,-1,1,7,0
2100,1,1,8.097,29.020,0.76,2.71,0.76,2.71,INF,-1,1,7,0
2120,1,1,9.291,29.304,0.87,2.74,0.87,2.74,INF,-1,1,7,0
2140,1,1,9.028,30.586,0.84,2.86,0.84,2.86,INF,-1,1,7,0
2160,1,1,3.351,14.019,0.31,1.31,0.31,1.31,INF,-1,1,7,0
2180,1,1,6.253,7.105,0.58,0.66,0.58,0.66,INF,-1,1,7,0
2200,1,1,4.820,9.180,0.45,0.86,0.45,0.86,INF,-1,0,7,0
2220,1,1,4.765,8.355,0.45,0.78,0.45,0.78,INF,-1,0,7,0
2240,1,1,3.761,8.991,0.35,0.84,0.35,0.84,INF,-1,0,7,0
2260,1,1,5.617,6.665,0.52,0.62,0.52,0.62,INF,-1,0,7,0
2280,1,1,5.340,7.784,0.50,0.73,0.50,0.73,INF,-1,0,7,0
2300,1,1,6.518,6.952,0.61,0.65,0.61,0.65,INF,-1,0,7,0
2320,1,1,5.954,6.289,0.56,0.59,0.56,0.59,INF,-1,0,7,0
2340,1,1,5.424,7.652,0.51,0.72,0.51,0.72,INF,-1,0,7,0
2360,1,1,5.196,6.745,0.49,0.63,0.49,0.63,INF,-1,0,7,0
2380,1,1,6.818,6.936,0.64,0.65,0.64,0.65,INF,-1,0,7,0
2400,1,1,6.218,6.974,0.58,0.65,0.58,0.65,INF,-1,0,7,0
2420,1,1,5.615,6.491,0.52,0.61,0.52,0.61,INF,-1,0,7,0
2440,1,1,5.973,6.069,0.56,0.57,0.56,0.57,INF,-1,1,7,0
2460,1,1,8.431,9.727,0.79,0.91,0.79,0.91,INF,-1,1,7,0
2480,1,1,8.185,10.121,0.76,0.95,0.76,0.95,INF,-1,1,7,0
2500,1,1,8.166,9.429,0.76,0.88,0.76,0.88,INF,-1,1,7,0
2520,1,1,8.063,7.811,0.75,0.73,0.75,0.73,INF,-1,1,7,0
2540,1,1,9.117,8.362,0.85,0.78,0.85,0.78,INF,-1,1,7,0
2560,1,1,10.264,7.815,0.96,0.73,0.96,0.73,INF,-1,1,7,0
2580,1,1,9.632,8.533,0.90,0.80,0.90,0.80,INF,-1,1,7,0
2600,1,1,9.879,7.974,0.92,0.75,0.92,0.75,INF,-1,1,7,0
2620,0,1,0.000,0.000,0.00,0.00,0.00,0.00,0.00,-1,1,7,0
2640,1,1,10.329,6.186,0.97,0.58,0.97,0.58,INF,-1,1,7,0
2660,1,1,8.111,7.814,0.76,0.73,0.76,0.73,INF,-1,1,7,0
2680,1,1,8.132,7.673,0.76,0.72,0.76,0.72,INF,-1,1,7,0
2700,1,1,7.815,7.272,0.73,0.68,0.73,0.68,INF,-1,1,7,0
2720,1,1,7.953,8.759,0.74,0.82,0.74,0.82,INF,-1,1,7,0
2740,1,1,8.160,7.082,0.76,0.66,0.76,0.66,INF,-1,1,7,0
2760,1,1,7.529,7.731,0.70,0.72,0.70,0.72,INF,-1,1,7,0
2780,1,1,8.768,7.838,0.82,0.73,0.82,0.73,INF,-1,1,7,0
2800,1,1,8.434,6.930,0.79,0.65,0.79,0.65,INF,-1,1,7,0
2820,1,1,8.815,7.120,0.82,0.67,0.82,0.67,INF,-1,1,7,0
2840,1,1,8.098,7.668,0.76,0.72,0.76,0.72,INF,-1,1,7,0
2860,1,1,6.724,5.921,0.63,0.55,0.63,0.55,INF,-1,1,7,0
2880,1,1,7.706,7.247,0.72,0.68,0.72,0.68,INF,-1,1,7,0
2900,1,1,7.824,7.356,0.73,0.69,0.73,0.69,INF,-1,1,7,0
2920,1,1,8.376,7.751,0.78,0.72,0.78,0.72,INF,-1,1,7,0
2940,1,1,8.039,5.877,0.75,0.55,0.75,0.55,INF,-1,1,7,0
2960,1,1,6.963,6.820,0.65,0.64,0.65,0.64,INF,-1,1,7,0
2980,1,1,7.818,6.506,0.73,0.61,0.73,0.61,INF,-1,1,7,0
3000,1,1,8.559,7.416,0.80,0.69,0.80,0.69,INF,-1,1,7,0
3020,1,1,8.497,6.370,0.79,0.60,0.79,0.60,INF,-1,1,7,0
3040,1,1,8.563,8.492,0.80,0.79,0.80,0.79,INF,-1,1,7,0
3060,1,1,10.019,9.240,0.94,0.86,0.94,0.86,INF,-1,1,7,0
3080,1,1,11.879,10.238,1.11,0.96,1.11,0.96,INF,-1,1,7,0
3100,1,1,11.016,8.604,1.03,0.80,1.03,0.80,INF,-1,1,7,0
3120,1,1,10.954,8.976,1.02,0.84,1.02,0.84,INF,-1,1,7,0
3140,1,1,9.356,10.935,0.87,1.02,0.87,1.02,INF,-1,1,7,0
3160,1,1,10.148,8.918,0.95,0.83,0.95,0.83,INF,-1,1,7,0
3180,1,1,11.327,9.349,1.06,0.87,1.06,0.87,INF,-1,1,7,0
3200,1,1,9.844,9.490,0.92,0.89,0.92,0.89,INF,-1,1,7,0
3220,1,1,9.244,10.336,0.86,0.97,0.86,0.97,INF,-1,1,7,0
3240,1,1,8.947,9.046,0.84,0.85,0.84,0.85,INF,-1,1,7,0
3260,1,1,9.151,9.466,0.86,0.88,0.86,0.88,INF,-1,1,7,0
3280,1,1,8.940,10.670,0.84,1.00,0.84,1.00,INF,-1,1,7,0
3300,1,1,16.750,17.287,1.57,1.61,1.56,1.62,INF,-1,1,7,0
3320,1,1,12.800,24.386,1.20,2.28,1.20,2.28,INF,-1,1,7,0
3340,1,1,15.106,23.269,1.41,2.17,1.41,2.17,INF,-1,0,7,0
3360,1,1,14.002,23.914,1.31,2.23,1.31,2.23,INF,-1,0,7,0
3380,1,1,13.030,24.655,1.22,2.30,1.22,2.30,INF,-1,0,7,0
3400,1,1,13.821,23.491,1.29,2.19,1.29,2.19,INF,-1,0,7,0
3420,1,1,14.377,24.273,1.34,2.27,1.34,2.27,INF,-1,0,7,0
3440,1,1,13.194,23.504,1.23,2.20,1.23,2.20,INF,-1,0,7,0
3460,1,1,13.675,23.766,1.28,2.22,1.28,2.22,INF,-1,0,7,0
3480,1,1,13.544,22.061,1.27,2.06,1.26,2.06,INF,-1,0,7,0
3500,1,1,13.092,24.395,1.22,2.28,1.22,2.28,INF,-1,0,7,0
3520,1,1,13.887,23.145,1.30,2.16,1.30,2.16,INF,-1,0,7,0
3540,1,1,14.011,22.221,1.31,2.08,1.31,2.08,INF,-1,0,7,0
3560,1,1,12.170,24.263,1.14,2.27,1.14,2.27,INF,-1,0,7,0
3580,1,1,7.201,26.338,0.67,2.46,0.67,2.46,INF,-1,1,7,0
3600,1,1,7.566,26.660,0.71,2.49,0.71,2.49,INF,-1,1,7,0
3620,1,1,8.889,26.291,0.83,2.46,0.83,2.46,INF,-1,1,7,0
3640,1,1,7.612,26.074,0.71,2.44,0.71,2.44,INF,-1,1,7,0
3660,1,1,8.485,25.559,0.79,2.39,0.79,2.39,INF,-1,1,7,0
3680,1,1,7.178,25.067,0.67,2.34,0.67,2.34,INF,-1,1,7,0
3700,1,1,7.737,25.334,0.72,2.37,0.72,2.37,INF,-1,1,7,0
3720,1,1,8.425,25.124,0.79,2.35,0.79,2.35,INF,-1,1,7,0
3740,1,1,9.251,26.103,0.86,2.44,0.86,2.44,INF,-1,1,7,0
3760,1,1,6.343,26.149,0.59,2.44,0.59,2.44,INF,-1,1,7,0
3780,1,1,7.695,25.347,0.72,2.37,0.72,2.37,INF,-1,1,7,0
3800,1,1,6.828,26.374,0.64,2.46,0.64,2.46,INF,-1,1,7,0
3820,1,1,8.075,25.567,0.75,2.39,0.75,2.39,INF,-1,1,7,0
3840,1,1,6.739,25.429,0.63,2.38,0.63,2.38,INF,-1,1,7,0
3860,1,1,8.366,26.416,0.78,2.47,0.78,2.47,INF,-1,1,7,0
3880,1,1,5.473,26.391,0.51,2.47,0.51,2.47,INF,-1,1,7,0
3900,1,1,-39.530,19.733,-3.69,1.84,-3.69,1.84,INF,-1,1,7,0
3920,1,1,-39.226,16.690,-3.66,1.56,-3.66,1.56,INF,-1,1,7,0
3940,1,1,-42.243,18.985,-3.94,1.77,-3.94,1.77,INF,-1,0,7,0
3960,1,1,-42.936,18.837,-4.01,1.76,-4.00,1.76,INF,-1,0,7,0
3980,1,1,-42.977,17.966,-4.01,1.67,-4.01,1.68,INF,-1,0,7,0
4000,1,1,-41.792,18.774,-3.90,1.75,-3.90,1.75,INF,-1,0,7,0
4020,1,1,-43.034,17.878,-4.02,1.67,-4.01,1.67,INF,-1,0,7,0
4040,1,1,-43.830,17.383,-4.09,1.62,-4.09,1.62,INF,-1,0,7,0
4060,1,1,-44.507,15.966,-4.15,1.49,-4.15,1.49,INF,-1,0,7,0
4080,1,1,-43.781,16.416,-4.09,1.53,-4.08,1.53,INF,-1,0,7,0
4100,1,1,-44.727,18.308,-4.17,1.71,-4.17,1.71,INF,-1,0,7,0
4120,1,1,-44.645,17.393,-4.17,1.62,-4.16,1.63,INF,-1,0,7,0
4140,1,1,-42.471,15.334,-3.96,1.43,-3.96,1.43,INF,-1,0,7,0
4160,1,1,-43.833,15.936,-4.09,1.49,-4.09,1.49,INF,-1,0,7,0
4180,1,1,-43.803,17.562,-4.09,1.64,-4.09,1.64,INF,-1,1,7,0
4200,1,1,-43.202,15.216,-4.03,1.42,-4.03,1.42,INF,-1,1,7,0
4220,1,1,-42.018,14.525,-3.92,1.35,-3.92,1.36,INF,-1,1,7,0
4240,1,1,-42.961,15.224,-4.01,1.42,-4.01,1.42,INF,-1,1,7,0
4260,1,1,-44.227,16.670,-4.13,1.55,-4.13,1.56,INF,-1,1,7,0
4280,1,1,-44.410,16.740,-4.14,1.56,-4.14,1.56,INF,-1,1,7,0
4300,1,1,-42.125,15.432,-3.93,1.44,-3.93,1.44,INF,-1,1,7,0
4320,1,1,-16.870,6.107,-1.58,0.57,-1.58,0.57,INF,-1,1,7,0
4340,1,1,-22.425,7.854,-2.10,0.73,-2.09,0.73,INF,-1,1,7,0
4360,1,1,-20.636,8.162,-1.93,0.76,-1.93,0.76,INF,-1,0,7,0
4380,1,1,-20.405,6.868,-1.91,0.64,-1.91,0.64,INF,-1,0,7,0
4400,1,1,-20.514,7.132,-1.92,0.67,-1.92,0.67,INF,-1,0,7,0
4420,1,1,-20.201,6.597,-1.89,0.62,-1.89,0.62,INF,-1,0,7,0
4440,1,1,-19.974,7.751,-1.87,0.72,-1.87,0.72,INF,-1,0,7,0
4460,1,1,8.244,27.405,0.77,2.56,0.77,2.56,INF,-1,0,7,0
4480,1,1,4.604,25.502,0.43,2.38,0.43,2.38,INF,-1,0,7,0
4500,1,1,5.384,25.005,0.50,2.34,0.50,2.34,INF,-1,0,7,0
4520,1,1,5.676,25.362,0.53,2.37,0.53,2.37,INF,-1,0,7,0
4540,1,1,6.556,25.580,0.61,2.39,0.61,2.39,INF,-1,0,7,0
4560,1,1,6.733,26.005,0.63,2.43,0.63,2.43,INF,-1,0,7,0
4580,1,1,7.585,25.026,0.71,2.34,0.71,2.34,INF,-1,0,7,0
4600,1,1,6.557,23.935,0.61,2.24,0.61,2.24,INF,-1,0,7,0
4620,1,1,7.209,25.181,0.67,2.35,0.67,2.35,INF,-1,0,7,0
4640,1,1,6.531,25.355,0.61,2.37,0.61,2.37,INF,-1,0,7,0
4660,1,1,7.453,26.259,0.70,2.45,0.70,2.45,INF,-1,0,7,0
4680,1,1,8.375,24.491,0.78,2.29,0.78,2.29,INF,-1,0,7,0
4700,1,1,7.802,24.577,0.73,2.30,0.73,2.30,INF,-1,0,7,0
4720,1,1,7.178,24.149,0.67,2.26,0.67,2.26,INF,-1,0,7,0
4740,1,1,7.846,25.959,0.73,2.42,0.73,2.42,INF,-1,1,7,0
4760,1,1,10.093,26.630,0.94,2.49,0.94,2.49,INF,-1,1,7,0
4780,1,1,17.025,21.834,1.59,2.04,1.59,2.04,INF,-1,1,7,0
4800,1,1,13.651,22.967,1.28,2.15,1.27,2.15,INF,-1,1,7,0
4820,1,1,14.468,24.093,1.35,2.25,1.35,2.25,INF,-1,1,7,0
4840,1,1,14.188,23.343,1.33,2.18,1.32,2.18,INF,-1,1,7,0
4860,1,1,14.212,25.917,1.33,2.42,1.33,2.42,INF,-1,1,7,0
4880,1,1,13.843,23.495,1.29,2.19,1.29,2.19,INF,-1,1,7,0
4900,1,1,14.519,24.489,1.36,2.29,1.36,2.29,INF,-1,1,7,0
4920,1,1,14.756,23.666,1.38,2.21,1.38,2.21,INF,-1,1,7,0
4940,1,1,14.708,24.496,1.37,2.29,1.37,2.29,INF,-1,1,7,0
4960,1,1,14.078,24.813,1.32,2.32,1.31,2.32,INF,-1,1,7,0
4980,1,1,2.902,-0.256,0.27,-0.02,0.27,-0.02,INF,-1,1,7,0
5000,1,1,7.737,1.786,0.72,0.17,0.72,0.17,INF,-1,1,7,0
5020,1,1,7.033,2.271,0.66,0.21,0.66,0.21,INF,-1,0,7,0
5040,1,1,6.671,2.025,0.62,0.19,0.62,0.19,INF,-1,0,7,0
5060,1,1,4.670,1.383,0.44,0.13,0.44,0.13,INF,-1,0,7,0
5080,1,1,4.542,1.412,0.42,0.13,0.42,0.13,INF,-1,0,7,0
5100,1,1,6.854,-0.327,0.64,-0.03,0.64,-0.03,INF,-1,0,7,0
5120,1,1,6.417,-0.879,0.60,-0.08,0.60,-0.08,INF,-1,0,7,0
5140,1,1,6.375,-0.883,0.60,-0.08,0.60,-0.08,INF,-1,0,7,0
5160,1,1,6.363,0.041,0.59,0.00,0.59,0.00,INF,-1,0,7,0
5180,1,1,5.955,-0.181,0.56,-0.02,0.56,-0.02,INF,-1,0,7,0
5200,1,1,4.954,0.743,0.46,0.07,0.46,0.07,INF,-1,0,7,0
5220,1,1,6.443,-0.294,0.60,-0.03,0.60,-0.03,INF,-1,0,7,0
5240,1,1,5.160,0.698,0.48,0.07,0.48,0.07,INF,-1,0,7,0
5260,1,1,4.471,0.186,0.42,0.02,0.42,0.02,INF,-1,1,7,0
5280,1,1,-6.766,-3.778,-0.63,-0.35,-0.63,-0.35,INF,-1,1,7,0
5300,1,1,-8.390,-26.817,-0.78,-2.50,-0.78,-2.50,INF,-1,1,7,0
5320,0,1,0.000,0.000,0.00,0.00,0.00,0.00,0.00,-1,1,7,0
5340,0,1,0.000,0.000,0.00,0.00,0.00,0.00,0.00,-1,1,7,0
5360,0,1,0.000,0.000,0.00,0.00,0.00,0.00,0.00,-1,0,7,0
5380,0,1,0.000,0.000,0.00,0.00,0.00,0.00,0.00,-1,0,7,0
5400,1,1,-9.711,-45.872,-0.91,-4.28,-0.91,-4.28,INF,-1,0,7,0
5420,1,1,-10.356,-25.479,-0.97,-2.38,-0.97,-2.38,INF,-1,0,7,0
5440,1,1,-7.916,-19.513,-0.74,-1.82,-0.74,-1.82,INF,-1,0,7,0
5460,1,1,-7.793,-16.625,-0.73,-1.55,-0.73,-1.55,INF,-1,0,7,0
5480,1,1,-7.215,-15.843,-0.67,-1.48,-0.67,-1.48,INF,-1,0,7,0
5500,1,1,-7.455,-16.959,-0.70,-1.58,-0.70,-1.58,INF,-1,0,7,0
5520,1,1,-7.817,-18.136,-0.73,-1.69,-0.73,-1.69,INF,-1,0,7,0
5540,1,1,-8.472,-17.439,-0.79,-1.63,-0.79,-1.63,INF,-1,0,7,0
5560,1,1,-8.626,-17.772,-0.81,-1.66,-0.81,-1.66,INF,-1,0,7,0
5580,1,1,-8.354,-17.055,-0.78,-1.59,-0.78,-1.59,INF,-1,0,7,0
5600,1,1,-10.012,-18.333,-0.94,-1.71,-0.94,-1.71,INF,-1,0,7,0
5620,1,1,-33.462,-9.785,-3.12,-0.91,-3.12,-0.91,INF,-1,0,7,0
5640,1,1,-32.003,-9.024,-2.99,-0.84,-2.99,-0.84,INF,-1,0,7,0
5660,1,1,-31.501,-8.983,-2.94,-0.84,-2.94,-0.84,INF,-1,0,7,0
5680,1,1,-32.746,-9.868,-3.06,-0.92,-3.06,-0.92,INF,-1,0,7,0
5700,1,1,-32.671,-9.589,-3.05,-0.89,-3.05,-0.90,INF,-1,0,7,0
5720,1,1,-33.666,-9.551,-3.14,-0.89,-3.14,-0.89,INF,-1,0,7,0
5740,1,1,-30.575,-10.441,-2.86,-0.97,-2.86,-0.98,INF,-1,0,7,0
5760,1,1,-31.970,-10.375,-2.99,-0.97,-2.99,-0.97,INF,-1,0,7,0
5780,1,1,-34.471,-10.342,-3.22,-0.97,-3.22,-0.97,INF,-1,0,7,0
5800,1,1,-32.504,-10.335,-3.04,-0.96,-3.03,-0.97,INF,-1,1,7,0
5820,1,1,-33.913,-8.881,-3.17,-0.83,-3.17,-0.83,INF,-1,1,7,0
5840,1,1,-34.305,-7.788,-3.20,-0.73,-3.20,-0.73,INF,-1,1,7,0
5860,1,1,-33.917,-10.524,-3.17,-0.98,-3.17,-0.98,INF,-1,1,7,0
5880,1,1,-34.149,-9.199,-3.19,-0.86,-3.19,-0.86,INF,-1,1,7,0
5900,1,1,-33.759,-10.728,-3.15,-1.00,-3.15,-1.00,INF,-1,1,7,0
5920,1,1,-49.698,-13.481,-4.64,-1.26,-4.63,-1.26,INF,-1,1,7,0
5940,1,1,-48.462,-17.843,-4.52,-1.66,-4.52,-1.67,INF,-1,1,7,0
5960,1,1,-49.192,-16.826,-4.59,-1.57,-4.59,-1.57,INF,-1,0,7,0
5980,1,1,-50.892,-16.453,-4.75,-1.53,-4.74,-1.54,INF,-1,0,7,0
6000,1,1,-50.252,-19.339,-4.69,-1.80,-4.68,-1.81,INF,-1,0,7,0
6020,1,1,-48.324,-19.913,-4.51,-1.85,-4.51,-1.86,INF,-1,0,7,0
6040,1,1,-49.710,-17.459,-4.64,-1.63,-4.63,-1.63,INF,-1,0,7,0
6060,1,1,-48.516,-19.237,-4.53,-1.79,-4.52,-1.80,INF,-1,0,7,0
6080,1,1,-48.164,-17.724,-4.49,-1.65,-4.49,-1.66,INF,-1,0,7,0
6100,1,1,-57.991,-4.174,-5.40,-0.39,-5.40,-0.39,INF,-1,0,7,0
6120,1,1,-58.982,5.829,-5.50,0.54,-5.50,0.54,INF,-1,0,7,0
6140,1,1,-59.145,4.979,-5.51,0.46,-5.51,0.47,INF,-1,0,7,0
6160,1,1,-60.167,7.343,-5.61,0.68,-5.61,0.69,INF,-1,0,7,0
6180,1,1,-60.567,6.418,-5.64,0.60,-5.64,0.60,INF,-1,0,7,0
6200,1,1,-60.522,7.285,-5.64,0.68,-5.64,0.68,INF,-1,0,7,0
6220,1,1,-60.831,5.948,-5.67,0.55,-5.67,0.56,INF,-1,0,7,0
6240,1,1,-60.066,3.975,-5.60,0.37,-5.60,0.37,INF,-1,0,7,0
6260,1,1,-60.930,5.789,-5.68,0.54,-5.68,0.54,INF,-1,0,7,0
6280,1,1,-60.734,5.851,-5.66,0.54,-5.66,0.55,INF,-1,0,7,0
6300,1,1,-59.889,5.261,-5.58,0.49,-5.58,0.49,INF,-1,0,7,0
6320,1,1,-59.711,3.958,-5.56,0.37,-5.56,0.37,INF,-1,1,7,0
6340,1,1,-59.975,5.808,-5.59,0.54,-5.59,0.54,INF,-1,1,7,0
6360,1,1,-59.946,5.514,-5.59,0.51,-5.59,0.52,INF,-1,1,7,0
6380,1,1,-61.540,4.745,-5.73,0.44,-5.73,0.44,INF,-1,1,7,0
6400,1,1,-60.178,3.875,-5.61,0.36,-5.61,0.36,INF,-1,1,7,0
6420,1,1,-61.938,5.125,-5.77,0.48,-5.77,0.48,INF,-1,1,7,0
6440,1,1,-60.494,5.426,-5.64,0.50,-5.64,0.51,INF,-1,1,7,0
6460,1,1,-62.017,4.941,-5.78,0.46,-5.78,0.46,INF,-1,1,7,0
6480,1,1,-61.369,6.374,-5.72,0.59,-5.72,0.60,INF,-1,1,7,0
6500,1,1,-57.733,19.704,-5.38,1.83,-5.38,1.84,INF,-1,1,7,0
6520,1,1,-59.185,18.561,-5.51,1.73,-5.51,1.73,INF,-1,1,7,0
6540,1,1,-59.911,20.495,-5.58,1.91,-5.58,1.91,INF,-1,0,7,0
6560,1,1,-59.714,20.578,-5.56,1.91,-5.56,1.92,INF,-1,0,7,0
6580,1,1,-58.584,20.612,-5.46,1.92,-5.46,1.93,INF,-1,0,7,0
6600,1,1,-59.423,20.880,-5.54,1.94,-5.53,1.95,INF,-1,0,7,0
6620,1,1,-59.669,18.760,-5.56,1.74,-5.56,1.75,INF,-1,0,7,0
6640,1,1,-60.073,20.390,-5.60,1.90,-5.59,1.91,INF,-1,0,7,0
6660,1,1,-60.656,20.268,-5.65,1.88,-5.65,1.89,INF,-1,0,7,0
6680,1,1,-59.006,19.406,-5.50,1.80,-5.50,1.81,INF,-1,0,7,0
6700,1,1,-60.109,19.911,-5.60,1.85,-5.60,1.86,INF,-1,0,7,0
6720,1,1,-58.054,18.928,-5.41,1.76,-5.41,1.77,INF,-1,0,7,0
6740,1,1,-59.507,20.809,-5.54,1.94,-5.54,1.94,INF,-1,0,7,0
6760,1,1,-58.020,18.078,-5.41,1.68,-5.40,1.69,INF,-1,0,7,0
6780,1,1,-59.136,18.202,-5.51,1.69,-5.51,1.70,INF,-1,1,7,0
6800,1,1,-53.682,9.602,-5.00,0.89,-5.00,0.90,INF,-1,1,7,0
6820,1,1,-53.913,8.839,-5.03,0.82,-5.03,0.83,INF,-1,1,7,0
6840,1,1,-56.041,9.928,-5.22,0.92,-5.22,0.93,INF,-1,0,7,0
6860,1,1,-55.572,8.863,-5.18,0.82,-5.18,0.83,INF,-1,0,7,0
6880,1,1,-56.105,10.520,-5.23,0.98,-5.23,0.98,INF,-1,0,7,0
6900,1,1,-54.231,11.130,-5.06,1.04,-5.05,1.04,INF,-1,0,7,0
6920,1,1,-55.978,9.852,-5.22,0.92,-5.22,0.92,INF,-1,0,7,0
6940,1,1,-54.729,9.975,-5.10,0.93,-5.10,0.93,INF,-1,0,7,0
6960,1,1,-55.628,9.156,-5.19,0.85,-5.18,0.86,INF,-1,0,7,0
6980,1,1,-56.037,9.367,-5.22,0.87,-5.22,0.88,INF,-1,0,7,0
7000,1,1,-56.719,8.699,-5.29,0.81,-5.29,0.81,INF,-1,0,7,0
7020,1,1,-50.588,5.763,-4.72,0.54,-4.72,0.54,INF,-1,0,7,0
7040,1,1,-35.633,-5.499,-3.33,-0.51,-3.33,-0.51,INF,-1,0,7,0
7060,1,1,-38.145,-4.350,-3.56,-0.41,-3.56,-0.41,INF,-1,0,7,0
7080,1,1,-39.013,-3.780,-3.64,-0.35,-3.64,-0.35,INF,-1,0,7,0
7100,1,1,-38.416,-3.236,-3.59,-0.30,-3.59,-0.30,INF,-1,0,7,0
7120,1,1,-38.598,-3.872,-3.60,-0.36,-3.60,-0.36,INF,-1,0,7,0
7140,1,1,-37.833,-3.746,-3.53,-0.35,-3.53,-0.35,INF,-1,0,7,0
7160,1,1,-38.608,-5.627,-3.60,-0.52,-3.60,-0.53,INF,-1,0,7,0
7180,1,1,-38.784,-3.802,-3.62,-0.35,-3.62,-0.36,INF,-1,1,7,0
7200,1,1,-40.088,-4.388,-3.74,-0.41,-3.74,-0.41,INF,-1,1,7,0
7220,1,1,-38.708,-5.606,-3.61,-0.52,-3.61,-0.52,INF,-1,1,7,0
7240,1,1,-39.486,-4.364,-3.69,-0.41,-3.69,-0.41,INF,-1,1,7,0
7260,1,1,-38.134,-7.275,-3.56,-0.68,-3.56,-0.68,INF,-1,1,7,0
7280,1,1,-76.917,-27.269,-7.15,-2.53,-7.14,-2.55,INF,-1,1,7,0
7300,1,1,-72.088,-36.655,-6.71,-3.40,-6.70,-3.42,INF,-1,0,7,0
7320,1,1,-72.625,-36.187,-6.76,-3.35,-6.74,-3.38,INF,-1,0,7,0
7340,1,1,-71.076,-35.932,-6.61,-3.33,-6.60,-3.35,INF,-1,0,7,0
7360,1,1,-73.038,-35.772,-6.79,-3.32,-6.78,-3.34,INF,-1,0,7,0
7380,1,1,-72.727,-35.615,-6.77,-3.30,-6.75,-3.33,INF,-1,0,7,0
7400,1,1,-73.923,-35.130,-6.88,-3.26,-6.87,-3.28,INF,-1,0,7,0
7420,1,1,-70.940,-33.348,-6.60,-3.09,-6.59,-3.11,INF,-1,0,7,0
7440,1,1,-72.156,-35.911,-6.71,-3.33,-6.70,-3.35,INF,-1,0,7,0
7460,1,1,-74.029,-35.346,-6.89,-3.28,-6.87,-3.30,INF,-1,0,7,0
7480,1,1,-74.064,-34.865,-6.89,-3.23,-6.88,-3.26,INF,-1,0,7,0
7500,1,1,-72.788,-36.340,-6.77,-3.37,-6.76,-3.39,INF,-1,0,7,0
7520,1,1,-70.916,-36.793,-6.60,-3.41,-6.59,-3.43,INF,-1,0,7,0
7540,1,1,-72.787,-36.479,-6.77,-3.38,-6.76,-3.41,INF,-1,0,7,0
7560,1,1,-73.006,-35.443,-6.79,-3.29,-6.78,-3.31,INF,-1,1,7,0
7580,1,1,-72.143,-35.240,-6.71,-3.27,-6.70,-3.29,INF,-1,1,7,0
7600,1,1,-43.371,-30.196,-4.05,-2.81,-4.04,-2.82,INF,-1,1,7,0
7620,1,1,-47.143,-33.562,-4.40,-3.12,-4.39,-3.13,INF,-1,1,7,0
7640,1,1,-46.290,-33.076,-4.32,-3.08,-4.31,-3.09,INF,-1,0,7,0
7660,1,1,-47.022,-33.335,-4.39,-3.10,-4.38,-3.11,INF,-1,0,7,0
7680,1,1,-46.066,-32.026,-4.30,-2.98,-4.29,-2.99,INF,-1,0,7,0
7700,1,1,-46.541,-33.556,-4.34,-3.12,-4.34,-3.13,INF,-1,0,7,0
7720,1,1,-44.587,-33.902,-4.16,-3.16,-4.15,-3.17,INF,-1,0,7,0
7740,1,1,-46.225,-33.303,-4.31,-3.10,-4.31,-3.11,INF,-1,0,7,0
7760,1,1,-47.393,-32.836,-4.42,-3.06,-4.41,-3.07,INF,-1,0,7,0
7780,1,1,-46.682,-32.918,-4.35,-3.06,-4.35,-3.07,INF,-1,0,7,0
7800,1,1,-51.309,-30.429,-4.78,-2.83,-4.78,-2.84,INF,-1,0,7,0
7820,1,1,-52.059,-30.309,-4.85,-2.82,-4.85,-2.83,INF,-1,0,7,0
7840,1,1,-51.727,-30.615,-4.82,-2.85,-4.82,-2.86,INF,-1,0,7,0
7860,1,1,-50.645,-31.336,-4.72,-2.92,-4.72,-2.93,INF,-1,0,7,0
7880,1,1,-51.002,-31.623,-4.76,-2.94,-4.75,-2.95,INF,-1,1,7,0
7900,1,1,-53.175,-30.279,-4.96,-2.82,-4.95,-2.83,INF,-1,1,7,0
7920,1,1,-52.447,-30.021,-4.89,-2.79,-4.88,-2.80,INF,-1,1,7,0
7940,1,1,-51.099,-29.793,-4.77,-2.77,-4.76,-2.78,INF,-1,1,7,0
7960,1,1,-49.778,-30.902,-4.64,-2.88,-4.64,-2.89,INF,-1,1,7,0
7980,1,1,-50.784,-31.676,-4.74,-2.95,-4.73,-2.96,INF,-1,1,7,0
8000,1,1,-52.266,-30.791,-4.87,-2.87,-4.87,-2.88,INF,-1,1,7,0
8020,1,1,-49.976,-32.497,-4.66,-3.02,-4.65,-3.03,INF,-1,1,7,0
8040,1,1,-50.070,-32.035,-4.67,-2.98,-4.66,-2.99,INF,-1,1,7,0
8060,1,1,-51.304,-30.862,-4.78,-2.87,-4.78,-2.88,INF,-1,1,7,0
8080,1,1,-50.701,-31.478,-4.73,-2.93,-4.72,-2.94,INF,-1,1,7,0
8100,1,1,-50.625,-32.020,-4.72,-2.98,-4.71,-2.99,INF,-1,1,7,0
8120,1,1,-54.912,-32.598,-5.12,-3.03,-5.11,-3.04,INF,-1,1,7,0
8140,1,1,-53.386,-32.385,-4.98,-3.01,-4.97,-3.02,INF,-1,1,7,0
8160,1,1,-54.498,-30.147,-5.08,-2.80,-5.07,-2.82,INF,-1,1,7,0
8180,1,1,-54.313,-30.902,-5.06,-2.87,-5.06,-2.89,INF,-1,1,7,0
8200,1,1,-54.681,-31.455,-5.10,-2.93,-5.09,-2.94,INF,-1,1,7,0
8220,1,1,-54.833,-30.640,-5.11,-2.85,-5.11,-2.86,INF,-1,1,7,0
8240,1,1,-54.954,-31.819,-5.12,-2.96,-5.12,-2.97,INF,-1,1,7,0
8260,1,1,-53.184,-31.426,-4.96,-2.92,-4.95,-2.93,INF,-1,1,7,0
8280,1,1,-46.050,-9.345,-4.30,-0.87,-4.30,-0.87,INF,-1,1,7,0
8300,1,1,-39.392,14.606,-3.68,1.36,-3.68,1.36,INF,-1,1,7,0
8320,1,1,-40.907,12.784,-3.82,1.19,-3.82,1.19,INF,-1,0,7,0
8340,1,1,-40.192,12.555,-3.75,1.17,-3.75,1.17,INF,-1,0,7,0
8360,1,1,-39.376,12.405,-3.68,1.16,-3.67,1.16,INF,-1,0,7,0
8380,1,1,-41.344,13.077,-3.86,1.22,-3.86,1.22,INF,-1,0,7,0
8400,1,1,-40.242,13.554,-3.76,1.26,-3.76,1.27,INF,-1,0,7,0
8420,1,1,-39.952,13.948,-3.73,1.30,-3.73,1.30,INF,-1,0,7,0
8440,1,1,-40.832,11.471,-3.81,1.07,-3.81,1.07,INF,-1,0,7,0
8460,1,1,-39.617,13.188,-3.70,1.23,-3.70,1.23,INF,-1,0,7,0
8480,1,1,-39.297,12.066,-3.67,1.13,-3.67,1.13,INF,-1,0,7,0
8500,1,1,-40.662,14.895,-3.79,1.39,-3.79,1.39,INF,-1,0,7,0
8520,1,1,-41.138,12.952,-3.84,1.21,-3.84,1.21,INF,-1,0,7,0
8540,1,1,-41.002,13.666,-3.83,1.27,-3.83,1.28,INF,-1,0,7,0
8560,1,1,-40.520,12.257,-3.78,1.14,-3.78,1.15,INF,-1,0,7,0
8580,1,1,-41.840,12.423,-3.90,1.16,-3.90,1.16,INF,-1,1,7,0
8600,1,1,-56.929,26.503,-5.31,2.47,-5.30,2.48,INF,-1,1,7,0
8620,1,1,-59.674,29.403,-5.56,2.73,-5.55,2.75,INF,-1,1,7,0
8640,1,1,-60.300,29.712,-5.62,2.76,-5.61,2.77,INF,-1,0,7,0
8660,1,1,-59.744,28.915,-5.57,2.69,-5.56,2.70,INF,-1,0,7,0
8680,1,1,-61.359,29.052,-5.72,2.70,-5.71,2.71,INF,-1,0,7,0
8700,1,1,-61.955,29.635,-5.77,2.75,-5.76,2.77,INF,-1,0,7,0
8720,1,1,-59.139,30.106,-5.51,2.80,-5.50,2.81,INF,-1,0,7,0
8740,1,1,-61.922,28.580,-5.77,2.66,-5.76,2.67,INF,-1,0,7,0
8760,1,1,-60.875,29.385,-5.67,2.73,-5.66,2.74,INF,-1,0,7,0
8780,1,1,-59.861,27.977,-5.58,2.60,-5.57,2.61,INF,-1,0,7,0
8800,1,1,-58.468,29.251,-5.45,2.72,-5.44,2.73,INF,-1,0,7,0
8820,1,1,-61.480,29.100,-5.73,2.70,-5.72,2.72,INF,-1,0,7,0
8840,1,1,-61.937,30.832,-5.77,2.86,-5.76,2.88,INF,-1,0,7,0
8860,1,1,-61.445,30.063,-5.72,2.79,-5.72,2.81,INF,-1,0,7,0
8880,1,1,-61.363,29.377,-5.72,2.73,-5.71,2.74,INF,-1,1,7,0
8900,1,1,-61.973,31.053,-5.77,2.89,-5.77,2.90,INF,-1,1,7,0
8920,1,1,-61.675,30.112,-5.75,2.80,-5.74,2.81,INF,-1,1,7,0
8940,1,1,-61.631,28.489,-5.74,2.65,-5.74,2.66,INF,-1,1,7,0
8960,1,1,-62.299,29.608,-5.80,2.75,-5.80,2.77,INF,-1,1,7,0
8980,1,1,-62.154,28.237,-5.79,2.62,-5.78,2.64,INF,-1,1,7,0
9000,1,1,-63.677,29.371,-5.93,2.73,-5.92,2.74,INF,-1,1,7,0
9020,1,1,-64.348,28.857,-5.99,2.68,-5.99,2.70,INF,-1,1,7,0
9040,1,1,-61.144,29.874,-5.70,2.78,-5.69,2.79,INF,-1,1,7,0
9060,1,1,-30.896,28.224,-2.89,2.63,-2.88,2.64,INF,-1,1,7,0
9080,0,1,0.000,0.000,0.00,0.00,0.00,0.00,0.00,-1,1,7,0
9100,0,1,0.000,0.000,0.00,0.00,0.00,0.00,0.00,-1,1,7,0
9120,0,1,0.000,0.000,0.00,0.00,0.00,0.00,0.00,-1,1,7,0
9140,0,1,0.000,0.000,0.00,0.00,0.00,0.00,0.00,-1,0,7,0
9160,0,1,0.000,0.000,0.00,0.00,0.00,0.00,0.00,-1,0,7,0
9180,0,1,0.000,0.000,0.00,0.00,0.00,0.00,0.00,-1,0,7,0
9200,0,1,0.000,0.000,0.00,0.00,0.00,0.00,0.00,-1,0,7,0
9220,0,1,0.000,0.000,0.00,0.00,0.00,0.00,0.00,-1,0,7,0
9240,1,1,16.045,15.245,1.50,1.42,1.50,1.42,INF,-1,0,7,0
9260,1,1,17.941,21.353,1.68,1.99,1.68,1.99,INF,-1,0,7,0
9280,1,1,16.698,24.910,1.56,2.33,1.56,2.33,INF,-1,0,7,0
9300,1,1,16.906,22.462,1.58,2.10,1.58,2.10,INF,-1,0,7,0
9320,1,1,14.357,24.913,1.34,2.33,1.34,2.33,INF,-1,0,7,0
9340,1,1,14.008,22.920,1.31,2.14,1.31,2.14,INF,-1,0,7,0
9360,1,1,15.101,25.038,1.41,2.34,1.41,2.34,INF,-1,0,7,0
9380,1,1,14.232,26.041,1.33,2.43,1.33,2.43,INF,-1,0,7,0
9400,1,1,15.583,25.870,1.46,2.42,1.45,2.42,INF,-1,0,7,0
9420,1,1,14.827,26.980,1.39,2.52,1.38,2.52,INF,-1,0,7,0
9440,1,1,16.551,26.282,1.55,2.45,1.55,2.45,INF,-1,0,7,0
9460,1,1,15.888,26.292,1.48,2.46,1.48,2.46,INF,-1,0,7,0
9480,1,1,13.052,26.497,1.22,2.47,1.22,2.48,INF,-1,0,7,0
9500,1,1,14.499,24.541,1.35,2.29,1.35,2.29,INF,-1,0,7,0
9520,1,1,8.274,27.391,0.77,2.56,0.77,2.56,INF,-1,1,7,0
9540,1,1,10.088,26.583,0.94,2.48,0.94,2.48,INF,-1,1,7,0
9560,1,1,10.383,25.926,0.97,2.42,0.97,2.42,INF,-1,1,7,0
9580,1,1,9.193,26.515,0.86,2.48,0.86,2.48,INF,-1,1,7,0
9600,1,1,6.609,26.813,0.62,2.50,0.62,2.50,INF,-1,1,7,0
9620,1,1,9.105,27.244,0.85,2.54,0.85,2.54,INF,-1,1,7,0
9640,1,1,7.656,26.953,0.72,2.52,0.71,2.52,INF,-1,1,7,0
9660,1,1,6.711,26.547,0.63,2.48,0.63,2.48,INF,-1,1,7,0
9680,1,1,7.656,25.740,0.72,2.40,0.71,2.40,INF,-1,1,7,0
9700,1,1,8.528,25.743,0.80,2.40,0.80,2.40,INF,-1,1,7,0
9720,1,1,9.422,17.914,0.88,1.67,0.88,1.67,INF,-1,1,7,0
9740,1,1,8.412,8.458,0.79,0.79,0.79,0.79,INF,-1,1,7,0
9760,1,1,8.138,8.605,0.76,0.80,0.76,0.80,INF,-1,1,7,0
9780,1,1,6.295,9.688,0.59,0.91,0.59,0.91,INF,-1,0,7,0
9800,1,1,7.842,8.148,0.73,0.76,0.73,0.76,INF,-1,0,7,0
9820,1,1,6.897,8.987,0.64,0.84,0.64,0.84,INF,-1,0,7,0
9840,1,1,7.354,8.405,0.69,0.79,0.69,0.79,INF,-1,0,7,0
9860,1,1,7.595,7.328,0.71,0.68,0.71,0.68,INF,-1,0,7,0
9880,1,1,7.410,6.496,0.69,0.61,0.69,0.61,INF,-1,0,7,0
9900,1,1,7.148,6.881,0.67,0.64,0.67,0.64,INF,-1,0,7,0
9920,1,1,6.798,7.849,0.64,0.73,0.64,0.73,INF,-1,0,7,0
9940,1,1,6.870,6.771,0.64,0.63,0.64,0.63,INF,-1,0,7,0
9960,1,1,6.578,7.429,0.61,0.69,0.61,0.69,INF,-1,0,7,0
9980,1,1,5.108,8.323,0.48,0.78,0.48,0.78,INF,-1,0,7,0
10000,1,1,7.382,7.686,0.69,0.72,0.69,0.72,INF,-1,0,7,0
10020,1,1,6.179,7.713,0.58,0.72,0.58,0.72,INF,-1,1,7,0
10040,1,1,5.398,8.403,0.50,0.79,0.50,0.79,INF,-1,1,7,0
10060,1,1,6.761,7.062,0.63,0.66,0.63,0.66,INF,-1,1,7,0
10080,1,1,6.787,6.335,0.63,0.59,0.63,0.59,INF,-1,1,7,0
10100,1,1,6.036,7.230,0.56,0.68,0.56,0.68,INF,-1,1,7,0
10120,1,1,8.536,11.158,0.80,1.04,0.80,1.04,INF,-1,1,7,0
10140,1,1,8.568,7.380,0.80,0.69,0.80,0.69,INF,-1,1,7,0
10160,1,1,11.236,7.173,1.05,0.67,1.05,0.67,INF,-1,1,7,0
10180,1,1,9.812,8.438,0.92,0.79,0.92,0.79,INF,-1,1,7,0
10200,1,1,10.771,9.287,1.01,0.87,1.01,0.87,INF,-1,1,7,0
10220,1,1,10.054,8.700,0.94,0.81,0.94,0.81,INF,-1,1,7,0
10240,1,1,9.236,9.960,0.86,0.93,0.86,0.93,INF,-1,1,7,0
10260,1,1,9.961,8.255,0.93,0.77,0.93,0.77,INF,-1,1,7,0
10280,1,1,9.006,8.479,0.84,0.79,0.84,0.79,INF,-1,1,7,0
10300,1,1,8.728,9.479,0.82,0.89,0.82,0.89,INF,-1,1,7,0
10320,1,1,9.619,10.321,0.90,0.96,0.90,0.96,INF,-1,1,7,0
10340,1,1,10.442,9.652,0.98,0.90,0.98,0.90,INF,-1,1,7,0
10360,1,1,10.218,9.130,0.95,0.85,0.95,0.85,INF,-1,1,7,0
10380,1,1,12.689,18.484,1.19,1.73,1.19,1.73,INF,-1,1,7,0
10400,1,1,11.842,22.600,1.11,2.11,1.11,2.11,INF,-1,1,7,0
10420,1,1,11.517,24.690,1.08,2.31,1.08,2.31,INF,-1,0,7,0
10440,1,1,10.622,22.401,0.99,2.09,0.99,2.09,INF,-1,0,7,0
10460,1,1,12.365,24.322,1.16,2.27,1.15,2.27,INF,-1,0,7,0
10480,1,1,12.509,22.198,1.17,2.07,1.17,2.07,INF,-1,0,7,0
10500,1,1,11.333,23.988,1.06,2.24,1.06,2.24,INF,-1,0,7,0
10520,1,1,11.408,22.879,1.07,2.14,1.07,2.14,INF,-1,0,7,0
10540,1,1,12.798,22.915,1.20,2.14,1.20,2.14,INF,-1,0,7,0
10560,1,1,11.878,23.669,1.11,2.21,1.11,2.21,INF,-1,0,7,0
10580,1,1,12.644,23.209,1.18,2.17,1.18,2.17,INF,-1,0,7,0
10600,1,1,13.211,23.449,1.23,2.19,1.23,2.19,INF,-1,0,7,0
10620,1,1,13.260,23.555,1.24,2.20,1.24,2.20,INF,-1,0,7,0
10640,1,1,13.781,22.746,1.29,2.12,1.29,2.13,INF,-1,0,7,0
10660,1,1,12.177,24.386,1.14,2.28,1.14,2.28,INF,-1,1,7,0
10680,1,1,22.559,21.757,2.11,2.03,2.11,2.03,INF,-1,1,7,0
10700,1,1,28.917,18.203,2.70,1.70,2.70,1.70,INF,-1,1,7,0
10720,1,1,27.377,19.486,2.56,1.82,2.56,1.82,INF,-1,0,7,0
10740,1,1,27.057,21.341,2.53,1.99,2.53,1.99,INF,-1,0,7,0
10760,1,1,27.778,20.990,2.59,1.96,2.59,1.96,INF,-1,0,7,0
10780,1,1,27.723,19.687,2.59,1.84,2.59,1.84,INF,-1,0,7,0
10800,1,1,26.068,18.893,2.44,1.76,2.43,1.77,INF,-1,0,7,0
10820,1,1,26.495,20.378,2.47,1.90,2.47,1.90,INF,-1,0,7,0
10840,1,1,25.923,18.587,2.42,1.74,2.42,1.74,INF,-1,0,7,0
10860,1,1,27.484,19.389,2.57,1.81,2.57,1.81,INF,-1,0,7,0
10880,1,1,28.771,17.525,2.69,1.64,2.69,1.64,INF,-1,0,7,0
10900,1,1,28.345,20.266,2.65,1.89,2.65,1.89,INF,-1,0,7,0
10920,1,1,26.656,19.013,2.49,1.77,2.49,1.78,INF,-1,0,7,0
10940,1,1,27.870,19.199,2.60,1.79,2.60,1.79,INF,-1,0,7,0
10960,1,1,26.887,20.081,2.51,1.87,2.51,1.88,INF,-1,1,7,0
10980,1,1,26.583,19.035,2.48,1.78,2.48,1.78,INF,-1,1,7,0
11000,1,1,25.477,19.122,2.38,1.79,2.38,1.79,INF,-1,1,7,0
11020,1,1,27.013,19.559,2.52,1.83,2.52,1.83,INF,-1,1,7,0
11040,1,1,27.521,13.682,2.57,1.28,2.57,1.28,INF,-1,1,7,0
11060,1,1,27.961,-20.851,2.61,-1.95,2.61,-1.95,INF,-1,1,7,0
11080,1,1,28.140,-15.523,2.63,-1.45,2.63,-1.45,INF,-1,1,7,0
11100,1,1,28.182,-17.102,2.63,-1.60,2.63,-1.60,INF,-1,0,7,0
11120,1,1,28.721,-18.471,2.68,-1.72,2.68,-1.73,INF,-1,0,7,0
11140,1,1,29.718,-18.769,2.78,-1.75,2.77,-1.75,INF,-1,0,7,0
11160,1,1,26.397,-17.612,2.47,-1.64,2.46,-1.65,INF,-1,0,7,0
11180,1,1,29.366,-19.941,2.74,-1.86,2.74,-1.86,INF,-1,0,7,0
11200,1,1,29.593,-23.108,2.76,-2.16,2.76,-2.16,INF,-1,0,7,0
11220,1,1,45.589,-41.648,4.25,-3.88,4.24,-3.89,INF,-1,0,7,0
11240,1,1,45.314,-39.454,4.23,-3.67,4.22,-3.68,INF,-1,0,7,0
11260,1,1,43.923,-39.625,4.10,-3.69,4.09,-3.70,INF,-1,0,7,0
11280,1,1,43.393,-39.799,4.05,-3.71,4.04,-3.71,INF,-1,0,7,0
11300,1,1,42.643,-39.594,3.98,-3.69,3.97,-3.70,INF,-1,0,7,0
11320,1,1,39.164,-39.721,3.66,-3.70,3.65,-3.71,INF,-1,0,7,0
11340,1,1,44.178,-41.948,4.12,-3.90,4.11,-3.91,INF,-1,0,7,0
11360,1,1,43.814,-41.504,4.09,-3.86,4.08,-3.87,INF,-1,0,7,0
11380,1,1,40.130,-38.495,3.75,-3.59,3.74,-3.59,INF,-1,0,7,0
11400,1,1,43.103,-39.581,4.02,-3.69,4.01,-3.69,INF,-1,0,7,0
11420,1,1,41.861,-40.500,3.91,-3.77,3.90,-3.78,INF,-1,0,7,0
11440,1,1,45.395,-41.622,4.24,-3.87,4.23,-3.88,INF,-1,0,7,0
11460,1,1,44.141,-40.534,4.12,-3.77,4.11,-3.78,INF,-1,0,7,0
11480,1,1,42.032,-39.544,3.92,-3.68,3.91,-3.69,INF,-1,1,7,0
11500,1,1,41.714,-40.567,3.89,-3.78,3.88,-3.79,INF,-1,1,7,0
11520,1,1,42.007,-38.811,3.92,-3.61,3.91,-3.62,INF,-1,1,7,0
11540,1,1,23.929,-22.605,2.24,-2.11,2.23,-2.11,INF,-1,1,7,0
11560,0,1,0.000,0.000,0.00,0.00,0.00,0.00,0.00,-1,1,7,0
11580,0,1,0.000,0.000,0.00,0.00,0.00,0.00,0.00,-1,1,7,0
11600,0,1,0.000,0.000,0.00,0.00,0.00,0.00,0.00,-1,1,7,0
11620,0,1,0.000,0.000,0.00,0.00,0.00,0.00,0.00,-1,0,7,0
11640,0,1,0.000,0.000,0.00,0.00,0.00,0.00,0.00,-1,0,7,0
11660,0,1,0.000,0.000,0.00,0.00,0.00,0.00,0.00,-1,0,7,0
11680,0,1,0.000,0.000,0.00,0.00,0.00,0.00,0.00,-1,0,7,0
11700,0,1,0.000,0.000,0.00,0.00,0.00,0.00,0.00,-1,0,7,0
11720,1,1,0.435,15.661,0.04,1.46,0.04,1.46,INF,-1,0,7,0
11740,1,1,-2.478,21.470,-0.23,2.01,-0.23,2.01,INF,-1,0,7,0
11760,1,1,0.687,25.676,0.06,2.40,0.06,2.40,INF,-1,0,7,0
11780,1,1,0.042,23.999,0.00,2.24,0.00,2.24,INF,-1,0,7,0
11800,1,1,-0.239,25.669,-0.02,2.40,-0.02,2.40,INF,-1,0,7,0
11820,1,1,-1.838,24.289,-0.17,2.27,-0.17,2.27,INF,-1,0,7,0
11840,1,1,-1.916,25.560,-0.18,2.39,-0.18,2.39,INF,-1,0,7,0
11860,1,1,-1.760,25.750,-0.16,2.41,-0.16,2.41,INF,-1,0,7,0
11880,1,1,-1.483,25.844,-0.14,2.41,-0.14,2.41,INF,-1,0,7,0
11900,1,1,-1.153,26.093,-0.11,2.44,-0.11,2.44,INF,-1,0,7,0
11920,1,1,-2.069,26.352,-0.19,2.46,-0.19,2.46,INF,-1,0,7,0
11940,1,1,-1.628,25.616,-0.15,2.39,-0.15,2.39,INF,-1,0,7,0
11960,1,1,-0.735,25.358,-0.07,2.37,-0.07,2.37,INF,-1,0,7,0
11980,1,1,-2.278,26.688,-0.21,2.49,-0.21,2.49,INF,-1,0,7,0
12000,1,1,-2.575,25.659,-0.24,2.40,-0.24,2.40,INF,-1,1,7,0
12020,1,1,6.473,16.850,0.60,1.57,0.60,1.57,INF,-1,1,7,0
12040,1,1,4.472,16.464,0.42,1.54,0.42,1.54,INF,-1,1,7,0
12060,1,1,4.667,16.618,0.44,1.55,0.44,1.55,INF,-1,0,7,0
12080,1,1,4.731,16.904,0.44,1.58,0.44,1.58,INF,-1,0,7,0
12100,1,1,5.249,17.280,0.49,1.61,0.49,1.61,INF,-1,0,7,0
12120,1,1,6.215,15.611,0.58,1.46,0.58,1.46,INF,-1,0,7,0
12140,1,1,6.178,16.853,0.58,1.57,0.58,1.57,INF,-1,0,7,0
12160,1,1,4.742,18.540,0.44,1.73,0.44,1.73,INF,-1,0,7,0
12180,1,1,4.018,16.732,0.38,1.56,0.38,1.56,INF,-1,0,7,0
12200,1,1,4.344,17.124,0.41,1.60,0.41,1.60,INF,-1,0,7,0
12220,1,1,4.296,19.140,0.40,1.79,0.40,1.79,INF,-1,0,7,0
12240,1,1,-42.513,2.458,-3.97,0.23,-3.97,0.23,INF,-1,0,7,0
12260,1,1,-30.971,-0.438,-2.89,-0.04,-2.89,-0.04,INF,-1,0,7,0
12280,1,1,-31.503,0.027,-2.94,0.00,-2.94,0.00,INF,-1,0,7,0
12300,1,1,-33.615,0.295,-3.14,0.03,-3.14,0.03,INF,-1,0,7,0
12320,1,1,-33.047,-0.758,-3.09,-0.07,-3.09,-0.07,INF,-1,0,7,0
12340,1,1,-32.778,-0.268,-3.06,-0.03,-3.06,-0.03,INF,-1,0,7,0
12360,1,1,-31.264,-1.190,-2.92,-0.11,-2.92,-0.11,INF,-1,0,7,0
12380,1,1,-31.958,-0.371,-2.98,-0.03,-2.98,-0.03,INF,-1,0,7,0
12400,1,1,-31.261,-0.432,-2.92,-0.04,-2.92,-0.04,INF,-1,0,7,0
12420,1,1,-30.889,-1.732,-2.88,-0.16,-2.88,-0.16,INF,-1,0,7,0
12440,1,1,-30.536,-0.740,-2.85,-0.07,-2.85,-0.07,INF,-1,0,7,0
12460,1,1,-32.347,-1.849,-3.02,-0.17,-3.02,-0.17,INF,-1,0,7,0
12480,1,1,-30.345,-1.898,-2.83,-0.18,-2.83,-0.18,INF,-1,0,7,0
12500,1,1,-34.016,-1.866,-3.18,-0.17,-3.18,-0.17,INF,-1,0,7,0
12520,1,1,-31.784,-1.754,-2.97,-0.16,-2.97,-0.16,INF,-1,0,7,0
12540,1,1,-36.550,-4.436,-3.41,-0.41,-3.41,-0.41,INF,-1,1,7,0
12560,1,1,-34.859,-3.292,-3.25,-0.31,-3.25,-0.31,INF,-1,1,7,0
12580,1,1,-34.667,-4.152,-3.24,-0.39,-3.24,-0.39,INF,-1,1,7,0
12600,1,1,-34.664,-4.069,-3.24,-0.38,-3.24,-0.38,INF,-1,1,7,0
12620,1,1,-34.933,-3.537,-3.26,-0.33,-3.26,-0.33,INF,-1,1,7,0
12640,1,1,-33.947,-3.957,-3.17,-0.37,-3.17,-0.37,INF,-1,1,7,0
12660,1,1,-34.748,-4.492,-3.24,-0.42,-3.24,-0.42,INF,-1,1,7,0
12680,1,1,-35.164,-4.140,-3.28,-0.39,-3.28,-0.39,INF,-1,1,7,0
12700,1,1,-35.298,-3.191,-3.30,-0.30,-3.30,-0.30,INF,-1,1,7,0
12720,1,1,-35.040,-4.626,-3.27,-0.43,-3.27,-0.43,INF,-1,1,7,0
12740,1,1,-35.888,-4.122,-3.35,-0.38,-3.35,-0.39,INF,-1,1,7,0
12760,1,1,-34.597,-4.529,-3.23,-0.42,-3.23,-0.42,INF,-1,1,7,0
12780,1,1,-35.423,-3.228,-3.31,-0.30,-3.31,-0.30,INF,-1,1,7,0
12800,1,1,-34.564,-4.068,-3.23,-0.38,-3.23,-0.38,INF,-1,1,7,0
12820,1,1,-35.894,-3.356,-3.35,-0.31,-3.35,-0.31,INF,-1,1,7,0
12840,1,1,-35.065,-4.690,-3.27,-0.44,-3.27,-0.44,INF,-1,1,7,0
12860,1,1,-35.800,-4.523,-3.34,-0.42,-3.34,-0.42,INF,-1,1,7,0
12880,1,1,-34.521,-4.642,-3.22,-0.43,-3.22,-0.43,INF,-1,1,7,0
12900,1,1,-34.087,-5.586,-3.18,-0.52,-3.18,-0.52,INF,-1,1,7,0
12920,1,1,-36.472,-4.332,-3.40,-0.40,-3.40,-0.40,INF,-1,1,7,0
12940,1,1,-37.367,-4.016,-3.49,-0.37,-3.49,-0.38,INF,-1,1,7,0
12960,1,1,-35.692,-3.585,-3.33,-0.33,-3.33,-0.34,INF,-1,1,7,0
12980,1,1,-35.615,-4.743,-3.33,-0.44,-3.33,-0.44,INF,-1,1,7,0
13000,1,1,-35.471,-5.566,-3.31,-0.52,-3.31,-0.52,INF,-1,1,7,0
13020,1,1,-35.841,-4.666,-3.35,-0.44,-3.35,-0.44,INF,-1,1,7,0
13040,1,1,-37.452,-3.915,-3.50,-0.37,-3.50,-0.37,INF,-1,1,7,0
13060,1,1,-37.184,-4.098,-3.47,-0.38,-3.47,-0.38,INF,-1,1,7,0
13080,1,1,-35.256,-4.396,-3.29,-0.41,-3.29,-0.41,INF,-1,1,7,0
13100,1,1,-34.953,-4.089,-3.26,-0.38,-3.26,-0.38,INF,-1,1,7,0
13120,1,1,-35.461,-6.055,-3.31,-0.57,-3.31,-0.57,INF,-1,1,7,0
13140,1,1,-33.875,-6.534,-3.16,-0.61,-3.16,-0.61,INF,-1,1,7,0
13160,1,1,30.362,10.599,2.84,0.99,2.84,0.99,INF,-1,1,7,0
13180,1,1,20.561,9.752,1.92,0.91,1.92,0.91,INF,-1,1,7,0
13200,1,1,18.171,14.163,1.70,1.32,1.70,1.32,INF,-1,0,7,0
13220,1,1,16.051,13.474,1.50,1.26,1.50,1.26,INF,-1,0,7,0
13240,1,1,16.010,13.528,1.50,1.26,1.50,1.26,INF,-1,0,7,0
13260,1,1,17.235,13.712,1.61,1.28,1.61,1.28,INF,-1,0,7,0
13280,1,1,14.885,14.880,1.39,1.39,1.39,1.39,INF,-1,0,7,0
13300,1,1,16.037,13.955,1.50,1.30,1.50,1.30,INF,-1,0,7,0
13320,1,1,14.954,14.055,1.40,1.31,1.40,1.31,INF,-1,0,7,0
13340,1,1,14.309,15.459,1.34,1.44,1.34,1.44,INF,-1,0,7,0
13360,1,1,9.210,27.911,0.86,2.61,0.86,2.61,INF,-1,0,7,0
13380,1,1,9.518,23.877,0.89,2.23,0.89,2.23,INF,-1,0,7,0
13400,1,1,10.222,24.344,0.96,2.27,0.95,2.27,INF,-1,0,7,0
13420,1,1,8.670,24.947,0.81,2.33,0.81,2.33,INF,-1,0,7,0
13440,1,1,8.535,25.101,0.80,2.34,0.80,2.34,INF,-1,0,7,0
13460,1,1,10.580,23.820,0.99,2.22,0.99,2.23,INF,-1,1,7,0
13480,1,1,9.409,24.703,0.88,2.31,0.88,2.31,INF,-1,1,7,0
13500,1,1,9.992,23.963,0.93,2.24,0.93,2.24,INF,-1,1,7,0
13520,1,1,8.041,24.642,0.75,2.30,0.75,2.30,INF,-1,1,7,0
13540,1,1,8.128,24.368,0.76,2.28,0.76,2.28,INF,-1,1,7,0
13560,1,1,8.818,24.987,0.82,2.33,0.82,2.33,INF,-1,1,7,0
13580,1,1,9.933,23.927,0.93,2.24,0.93,2.24,INF,-1,1,7,0
13600,1,1,9.764,23.759,0.91,2.22,0.91,2.22,INF,-1,1,7,0
13620,1,1,8.159,24.655,0.76,2.30,0.76,2.30,INF,-1,1,7,0
13640,1,1,9.183,26.972,0.86,2.52,0.86,2.52,INF,-1,1,7,0
13660,1,1,12.196,24.513,1.14,2.29,1.14,2.29,INF,-1,1,7,0
13680,1,1,18.330,25.004,1.71,2.33,1.71,2.34,INF,-1,1,7,0
13700,1,1,16.462,24.632,1.54,2.30,1.54,2.30,INF,-1,1,7,0
13720,1,1,14.509,26.614,1.36,2.49,1.35,2.49,INF,-1,1,7,0
13740,1,1,17.446,20.921,1.63,1.95,1.63,1.95,INF,-1,1,7,0
13760,1,1,15.698,24.721,1.47,2.31,1.47,2.31,INF,-1,1,7,0
13780,1,1,15.258,23.244,1.43,2.17,1.42,2.17,INF,-1,1,7,0
13800,1,1,16.394,23.532,1.53,2.20,1.53,2.20,INF,-1,1,7,0
13820,1,1,16.492,22.114,1.54,2.07,1.54,2.07,INF,-1,1,7,0
13840,1,1,18.203,22.255,1.70,2.08,1.70,2.08,INF,-1,1,7,0
13860,1,1,14.994,24.518,1.40,2.29,1.40,2.29,INF,-1,1,7,0
13880,1,1,17.639,21.765,1.65,2.03,1.65,2.03,INF,-1,1,7,0
13900,1,1,17.440,21.850,1.63,2.04,1.63,2.04,INF,-1,1,7,0
13920,1,1,17.881,21.699,1.67,2.03,1.67,2.03,INF,-1,1,7,0
13940,1,1,17.869,22.336,1.67,2.09,1.67,2.09,INF,-1,1,7,0
13960,1,1,9.479,9.221,0.89,0.86,0.89,0.86,INF,-1,1,7,0
13980,1,1,9.271,8.815,0.87,0.82,0.87,0.82,INF,-1,1,7,0
14000,1,1,9.765,9.338,0.91,0.87,0.91,0.87,INF,-1,1,7,0
14020,1,1,10.033,10.839,0.94,1.01,0.94,1.01,INF,-1,1,7,0
14040,1,1,9.718,10.580,0.91,0.99,0.91,0.99,INF,-1,1,7,0
14060,1,1,10.081,8.716,0.94,0.81,0.94,0.81,INF,-1,1,7,0
14080,1,1,10.342,9.555,0.97,0.89,0.97,0.89,INF,-1,1,7,0
14100,1,1,11.442,8.779,1.07,0.82,1.07,0.82,INF,-1,1,7,0
14120,1,1,9.062,9.586,0.85,0.90,0.85,0.90,INF,-1,1,7,0
14140,1,1,10.796,9.209,1.01,0.86,1.01,0.86,INF,-1,1,7,0
14160,1,1,8.367,9.234,0.78,0.86,0.78,0.86,INF,-1,1,7,0
14180,1,1,10.422,9.399,0.97,0.88,0.97,0.88,INF,-1,1,7,0
14200,1,1,11.087,8.423,1.04,0.79,1.04,0.79,INF,-1,1,7,0
14220,1,1,10.693,7.659,1.00,0.72,1.00,0.72,INF,-1,1,7,0
14240,1,1,10.098,7.657,0.94,0.72,0.94,0.72,INF,-1,0,7,0
14260,1,1,9.392,9.058,0.88,0.85,0.88,0.85,INF,-1,0,7,0
14280,1,1,10.287,8.918,0.96,0.83,0.96,0.83,INF,-1,0,7,0
14300,1,1,9.728,8.910,0.91,0.83,0.91,0.83,INF,-1,0,7,0
14320,1,1,8.888,9.827,0.83,0.92,0.83,0.92,INF,-1,0,7,0
14340,1,1,10.421,8.464,0.97,0.79,0.97,0.79,INF,-1,0,7,0
14360,1,1,13.671,9.212,1.28,0.86,1.28,0.86,INF,-1,0,7,0
14380,1,1,11.672,9.270,1.09,0.87,1.09,0.87,INF,-1,0,7,0
14400,1,1,12.437,9.658,1.16,0.90,1.16,0.90,INF,-1,0,7,0
14420,1,1,13.090,9.868,1.22,0.92,1.22,0.92,INF,-1,0,7,0
14440,1,1,10.966,10.556,1.02,0.99,1.02,0.99,INF,-1,0,7,0
14460,1,1,12.330,10.086,1.15,0.94,1.15,0.94,INF,-1,0,7,0
14480,1,1,12.958,9.812,1.21,0.92,1.21,0.92,INF,-1,1,7,0
14500,1,1,10.839,10.193,1.01,0.95,1.01,0.95,INF,-1,1,7,0
14520,1,1,11.672,9.894,1.09,0.92,1.09,0.92,INF,-1,1,7,0
14540,1,1,11.422,9.219,1.07,0.86,1.07,0.86,INF,-1,1,7,0
14560,1,1,12.464,10.160,1.16,0.95,1.16,0.95,INF,-1,1,7,0
14580,1,1,11.869,9.601,1.11,0.90,1.11,0.90,INF,-1,1,7,0
14600,1,1,11.478,9.647,1.07,0.90,1.07,0.90,INF,-1,1,7,0
14620,1,1,12.213,10.020,1.14,0.94,1.14,0.94,INF,-1,1,7,0
14640,1,1,12.281,8.510,1.15,0.80,1.15,0.80,INF,-1,1,7,0
14660,1,1,13.195,9.969,1.23,0.93,1.23,0.93,INF,-1,1,7,0
14680,1,1,12.255,10.712,1.15,1.00,1.15,1.00,INF,-1,1,7,0
14700,1,1,10.776,10.669,1.01,1.00,1.01,1.00,INF,-1,1,7,0
14720,1,1,11.715,8.359,1.09,0.78,1.09,0.78,INF,-1,1,7,0
14740,1,1,-6.110,-9.893,-0.57,-0.92,-0.57,-0.92,INF,-1,1,7,0
14760,1,1,-1.589,-15.828,-0.15,-1.48,-0.15,-1.48,INF,-1,1,7,0
14780,1,1,-3.320,-14.304,-0.31,-1.34,-0.31,-1.34,INF,-1,0,7,0
14800,1,1,-3.780,-13.625,-0.35,-1.27,-0.35,-1.27,INF,-1,0,7,0
14820,1,1,-2.685,-14.646,-0.25,-1.37,-0.25,-1.37,INF,-1,0,7,0
14840,1,1,-4.240,-13.251,-0.40,-1.24,-0.40,-1.24,INF,-1,0,7,0
14860,1,1,-2.593,-14.603,-0.24,-1.36,-0.24,-1.36,INF,-1,0,7,0
14880,1,1,-3.318,-12.683,-0.31,-1.19,-0.31,-1.19,INF,-1,0,7,0
14900,1,1,-3.635,-14.470,-0.34,-1.35,-0.34,-1.35,INF,-1,0,7,0
14920,1,1,-4.011,-15.727,-0.37,-1.47,-0.37,-1.47,INF,-1,0,7,0
14940,1,1,-2.602,-14.324,-0.24,-1.34,-0.24,-1.34,INF,-1,0,7,0
14960,1,1,-3.573,-15.041,-0.33,-1.41,-0.33,-1.41,INF,-1,0,7,0
14980,1,1,-1.991,-16.174,-0.19,-1.51,-0.19,-1.51,INF,-1,0,7,0
15000,1,1,-1.858,-15.230,-0.17,-1.42,-0.17,-1.42,INF,-1,0,7,0
