"EyeTracker Toolbox version","3.250"
CalibrationParameters_A11,0.97354
CalibrationParameters_A12,-0.08172
CalibrationParameters_A13,-0.14600
CalibrationParameters_A21,0.13743
CalibrationParameters_A22,-1.24546
CalibrationParameters_A23,0.08071
CalibrationParameters_A31,-0.00190
CalibrationParameters_A32,-0.00058
CalibrationParameters_E11,-0.18009
CalibrationParameters_E12,0.00007
CalibrationParameters_E21,0.00001
CalibrationParameters_E22,0.20017
CalibrationParameters_X,19.57209
CalibrationParameters_Y,14.42752
CalibrationParameters_Rpc,102.71769
CalibrationParameters_MeanX,194.14831
CalibrationParameters_MeanY,132.91594
CalibrationParameters_ViewDist,613.00000
TimeStamp,Tracked,Calibrated,ScreenPositionXmm,ScreenPositionYmm,FicksLongitude,FicksLatitude,HelmholtzAzimuth,HelmholtzElevation,PupilDiameter,Region,Fixation,DigitalIO,Dropped
0,1,1,-1.505,20.387,-0.14,1.90,-0.14,1.90,INF,-1,0,7,0
20,1,1,-0.564,19.665,-0.05,1.84,-0.05,1.84,INF,-1,0,7,0
40,1,1,-6.842,21.196,-0.64,1.98,-0.64,1.98,INF,-1,0,7,0
60,1,1,-29.741,22.088,-2.78,2.06,-2.78,2.06,INF,-1,0,7,0
80,1,1,-26.846,22.383,-2.51,2.09,-2.51,2.09,INF,-1,0,7,0
100,1,1,-26.755,22.334,-2.50,2.08,-2.50,2.09,INF,-1,0,7,0
120,1,1,-27.869,22.360,-2.60,2.09,-2.60,2.09,INF,-1,0,7,0
140,1,1,-29.035,22.527,-2.71,2.10,-2.71,2.10,INF,-1,0,7,0
160,1,1,-28.221,20.699,-2.64,1.93,-2.63,1.93,INF,-1,0,7,0
180,1,1,-28.003,20.473,-2.62,1.91,-2.61,1.91,INF,-1,0,7,0
200,1,1,-26.746,20.392,-2.50,1.90,-2.50,1.91,INF,-1,0,7,0
220,1,1,-26.924,19.094,-2.51,1.78,-2.51,1.78,INF,-1,0,7,0
240,1,1,-27.878,19.733,-2.60,1.84,-2.60,1.84,INF,-1,0,7,0
260,1,1,-46.743,6.089,-4.36,0.57,-4.36,0.57,INF,-1,0,7,0
280,1,1,-46.033,4.934,-4.29,0.46,-4.29,0.46,INF,-1,0,7,0
300,1,1,-40.773,4.855,-3.81,0.45,-3.81,0.45,INF,-1,0,7,0
320,1,1,-39.201,3.465,-3.66,0.32,-3.66,0.32,INF,-1,0,7,0
340,1,1,-38.575,3.937,-3.60,0.37,-3.60,0.37,INF,-1,0,7,0
360,1,1,-37.653,4.064,-3.51,0.38,-3.51,0.38,INF,-1,0,7,0
380,1,1,-34.486,4.765,-3.22,0.44,-3.22,0.45,INF,-1,0,7,0
400,1,1,-33.583,4.269,-3.14,0.40,-3.14,0.40,INF,-1,1,7,0
420,1,1,-32.318,5.389,-3.02,0.50,-3.02,0.50,INF,-1,1,7,0
440,1,1,-29.904,12.246,-2.79,1.14,-2.79,1.14,INF,-1,1,7,0
460,1,1,-30.232,21.859,-2.82,2.04,-2.82,2.04,INF,-1,1,7,0
480,1,1,-28.450,21.285,-2.66,1.99,-2.66,1.99,INF,-1,1,7,0
500,1,1,-26.078,22.271,-2.44,2.08,-2.43,2.08,INF,-1,0,7,0
520,1,1,-25.820,21.935,-2.41,2.05,-2.41,2.05,INF,-1,0,7,0
540,1,1,-25.392,22.679,-2.37,2.12,-2.37,2.12,INF,-1,0,7,0
560,1,1,-25.047,23.374,-2.34,2.18,-2.34,2.18,INF,-1,0,7,0
580,1,1,-22.046,22.291,-2.06,2.08,-2.06,2.08,INF,-1,0,7,0
600,1,1,-21.611,24.164,-2.02,2.26,-2.02,2.26,INF,-1,0,7,0
620,1,1,-21.745,22.270,-2.03,2.08,-2.03,2.08,INF,-1,0,7,0
640,1,1,-20.312,22.762,-1.90,2.13,-1.90,2.13,INF,-1,0,7,0
660,1,1,-19.612,22.374,-1.83,2.09,-1.83,2.09,INF,-1,0,7,0
680,1,1,-19.273,23.157,-1.80,2.16,-1.80,2.16,INF,-1,0,7,0
700,1,1,-18.437,21.714,-1.72,2.03,-1.72,2.03,INF,-1,0,7,0
720,1,1,-16.562,22.136,-1.55,2.07,-1.55,2.07,INF,-1,0,7,0
740,1,1,-16.800,23.011,-1.57,2.15,-1.57,2.15,INF,-1,1,7,0
760,1,1,-19.085,22.527,-1.78,2.10,-1.78,2.10,INF,-1,1,7,0
780,1,1,-22.175,29.435,-2.07,2.75,-2.07,2.75,INF,-1,1,7,0
800,1,1,-21.480,29.143,-2.01,2.72,-2.00,2.72,INF,-1,1,7,0
820,1,1,-21.032,29.511,-1.97,2.75,-1.96,2.76,INF,-1,1,7,0
840,1,1,-19.502,28.270,-1.82,2.64,-1.82,2.64,INF,-1,1,7,0
860,1,1,-18.926,28.318,-1.77,2.64,-1.77,2.64,INF,-1,1,7,0
880,1,1,-20.404,28.182,-1.91,2.63,-1.90,2.63,INF,-1,1,7,0
900,1,1,-18.242,26.016,-1.70,2.43,-1.70,2.43,INF,-1,1,7,0
920,1,1,24.557,11.627,2.29,1.09,2.29,1.09,INF,-1,1,7,0
940,0,1,0.000,0.000,0.00,0.00,0.00,0.00,0.00,-1,1,7,0
960,1,1,24.437,8.269,2.28,0.77,2.28,0.77,INF,-1,1,7,0
980,1,1,20.618,12.886,1.93,1.20,1.93,1.20,INF,-1,1,7,0
1000,1,1,22.352,11.845,2.09,1.11,2.09,1.11,INF,-1,0,7,0
1020,1,1,24.529,7.179,2.29,0.67,2.29,0.67,INF,-1,0,7,0
1040,1,1,24.184,6.401,2.26,0.60,2.26,0.60,INF,-1,0,7,0
1060,0,1,0.000,0.000,0.00,0.00,0.00,0.00,0.00,-1,0,7,0
1080,1,1,25.397,5.367,2.37,0.50,2.37,0.50,INF,-1,0,7,0
1100,0,1,0.000,0.000,0.00,0.00,0.00,0.00,0.00,-1,0,7,0
1120,1,1,25.435,5.128,2.38,0.48,2.38,0.48,INF,-1,0,7,0
1140,1,1,25.704,6.666,2.40,0.62,2.40,0.62,INF,-1,0,7,0
1160,1,1,22.747,8.290,2.13,0.77,2.12,0.77,INF,-1,0,7,0
1180,0,1,0.000,0.000,0.00,0.00,0.00,0.00,0.00,-1,0,7,0
1200,1,1,24.134,5.186,2.25,0.48,2.25,0.48,INF,-1,1,7,0
1220,0,1,0.000,0.000,0.00,0.00,0.00,0.00,0.00,-1,1,7,0
1240,1,1,24.060,7.061,2.25,0.66,2.25,0.66,INF,-1,1,7,0
1260,1,1,22.664,6.700,2.12,0.63,2.12,0.63,INF,-1,1,7,0
1280,1,1,21.907,5.942,2.05,0.55,2.05,0.56,INF,-1,1,7,0
1300,1,1,20.479,8.448,1.91,0.79,1.91,0.79,INF,-1,1,7,0
1320,1,1,23.108,7.486,2.16,0.70,2.16,0.70,INF,-1,1,7,0
1340,1,1,23.523,7.381,2.20,0.69,2.20,0.69,INF,-1,1,7,0
1360,0,1,0.000,0.000,0.00,0.00,0.00,0.00,0.00,-1,1,7,0
1380,1,1,23.861,5.607,2.23,0.52,2.23,0.52,INF,-1,1,7,0
1400,0,1,0.000,0.000,0.00,0.00,0.00,0.00,0.00,-1,1,7,0
1420,1,1,24.541,4.330,2.29,0.40,2.29,0.40,INF,-1,1,7,0
1440,1,1,22.050,3.734,2.06,0.35,2.06,0.35,INF,-1,1,7,0
1460,1,1,21.128,2.785,1.97,0.26,1.97,0.26,INF,-1,1,7,0
1480,1,1,23.270,4.051,2.17,0.38,2.17,0.38,INF,-1,1,7,0
1500,1,1,32.229,3.427,3.01,0.32,3.01,0.32,INF,-1,1,7,0
1520,1,1,24.187,4.746,2.26,0.44,2.26,0.44,INF,-1,1,7,0
1540,1,1,31.503,-2.923,2.94,-0.27,2.94,-0.27,INF,-1,1,7,0
1560,1,1,22.849,7.636,2.13,0.71,2.13,0.71,INF,-1,1,7,0
1580,1,1,22.687,8.714,2.12,0.81,2.12,0.81,INF,-1,1,7,0
1600,1,1,22.232,10.945,2.08,1.02,2.08,1.02,INF,-1,1,7,0
1620,1,1,24.676,15.639,2.31,1.46,2.30,1.46,INF,-1,1,7,0
1640,0,1,0.000,0.000,0.00,0.00,0.00,0.00,0.00,-1,1,7,0
1660,1,1,25.211,5.711,2.36,0.53,2.35,0.53,INF,-1,1,7,0
1680,0,1,0.000,0.000,0.00,0.00,0.00,0.00,0.00,-1,1,7,0
1700,1,1,26.136,5.199,2.44,0.49,2.44,0.49,INF,-1,1,7,0
1720,1,1,24.275,4.763,2.27,0.44,2.27,0.45,INF,-1,1,7,0
1740,1,1,24.797,5.132,2.32,0.48,2.32,0.48,INF,-1,1,7,0
1760,1,1,24.030,6.455,2.24,0.60,2.24,0.60,INF,-1,1,7,0
1780,1,1,24.591,7.879,2.30,0.74,2.30,0.74,INF,-1,1,7,0
1800,1,1,23.721,5.563,2.22,0.52,2.22,0.52,INF,-1,1,7,0
1820,1,1,26.872,-2.309,2.51,-0.22,2.51,-0.22,INF,-1,1,7,0
1840,0,1,0.000,0.000,0.00,0.00,0.00,0.00,0.00,-1,1,7,0
1860,1,1,30.807,-4.830,2.88,-0.45,2.88,-0.45,INF,-1,1,7,0
1880,1,1,29.691,-4.960,2.77,-0.46,2.77,-0.46,INF,-1,1,7,0
1900,1,1,29.021,-6.419,2.71,-0.60,2.71,-0.60,INF,-1,0,7,0
1920,0,1,0.000,0.000,0.00,0.00,0.00,0.00,0.00,-1,0,7,0
1940,1,1,29.586,-5.099,2.76,-0.48,2.76,-0.48,INF,-1,0,7,0
1960,1,1,29.447,-7.180,2.75,-0.67,2.75,-0.67,INF,-1,0,7,0
1980,1,1,28.988,-6.864,2.71,-0.64,2.71,-0.64,INF,-1,0,7,0
2000,1,1,28.088,-6.752,2.62,-0.63,2.62,-0.63,INF,-1,0,7,0
2020,1,1,26.936,-8.704,2.52,-0.81,2.52,-0.81,INF,-1,0,7,0
2040,1,1,28.181,-8.400,2.63,-0.78,2.63,-0.79,INF,-1,0,7,0
2060,1,1,26.284,-7.595,2.46,-0.71,2.45,-0.71,INF,-1,0,7,0
2080,1,1,27.571,-7.106,2.58,-0.66,2.58,-0.66,INF,-1,0,7,0
2100,1,1,26.599,-7.770,2.48,-0.73,2.48,-0.73,INF,-1,1,7,0
2120,0,1,0.000,0.000,0.00,0.00,0.00,0.00,0.00,-1,1,7,0
2140,1,1,33.153,-28.940,3.10,-2.70,3.09,-2.70,INF,-1,1,7,0
2160,1,1,28.209,-10.592,2.63,-0.99,2.63,-0.99,INF,-1,1,7,0
2180,1,1,27.677,-8.619,2.59,-0.80,2.58,-0.81,INF,-1,1,7,0
2200,1,1,29.067,-9.087,2.71,-0.85,2.71,-0.85,INF,-1,1,7,0
2220,0,1,0.000,0.000,0.00,0.00,0.00,0.00,0.00,-1,1,7,0
2240,1,1,27.200,-3.743,2.54,-0.35,2.54,-0.35,INF,-1,1,7,0
2260,1,1,25.881,22.358,2.42,2.09,2.42,2.09,INF,-1,1,7,0
2280,1,1,26.356,20.612,2.46,1.92,2.46,1.93,INF,-1,1,7,0
2300,1,1,28.017,21.915,2.62,2.05,2.62,2.05,INF,-1,0,7,0
2320,1,1,29.381,20.513,2.74,1.91,2.74,1.92,INF,-1,0,7,0
2340,1,1,27.070,23.633,2.53,2.21,2.53,2.21,INF,-1,0,7,0
2360,1,1,28.223,21.255,2.64,1.98,2.63,1.99,INF,-1,0,7,0
2380,1,1,29.235,21.877,2.73,2.04,2.73,2.04,INF,-1,0,7,0
2400,1,1,27.249,19.760,2.55,1.84,2.54,1.85,INF,-1,0,7,0
2420,1,1,27.376,21.457,2.56,2.00,2.56,2.00,INF,-1,0,7,0
2440,1,1,27.575,23.800,2.58,2.22,2.57,2.22,INF,-1,0,7,0
2460,1,1,30.292,22.867,2.83,2.13,2.83,2.14,INF,-1,0,7,0
2480,1,1,22.936,16.760,2.14,1.57,2.14,1.57,INF,-1,0,7,0
2500,1,1,24.902,16.516,2.33,1.54,2.33,1.54,INF,-1,0,7,0
2520,1,1,24.770,16.748,2.31,1.56,2.31,1.56,INF,-1,0,7,0
2540,1,1,24.501,19.117,2.29,1.78,2.29,1.79,INF,-1,1,7,0
2560,1,1,24.200,17.836,2.26,1.67,2.26,1.67,INF,-1,1,7,0
2580,1,1,24.375,16.676,2.28,1.56,2.28,1.56,INF,-1,1,7,0
2600,1,1,23.170,15.256,2.16,1.42,2.16,1.43,INF,-1,1,7,0
2620,1,1,21.181,13.202,1.98,1.23,1.98,1.23,INF,-1,1,7,0
2640,1,1,-13.229,28.779,-1.24,2.69,-1.23,2.69,INF,-1,1,7,0
2660,1,1,-7.366,30.549,-0.69,2.85,-0.69,2.85,INF,-1,1,7,0
2680,1,1,-8.731,32.342,-0.82,3.02,-0.81,3.02,INF,-1,0,7,0
2700,1,1,-8.432,29.912,-0.79,2.79,-0.79,2.79,INF,-1,0,7,0
2720,1,1,-7.625,27.219,-0.71,2.54,-0.71,2.54,INF,-1,0,7,0
2740,1,1,-8.984,30.352,-0.84,2.83,-0.84,2.83,INF,-1,0,7,0
2760,1,1,-8.648,32.270,-0.81,3.01,-0.81,3.01,INF,-1,0,7,0
2780,1,1,-8.370,30.853,-0.78,2.88,-0.78,2.88,INF,-1,0,7,0
2800,1,1,-8.361,30.450,-0.78,2.84,-0.78,2.84,INF,-1,0,7,0
2820,1,1,-9.499,31.710,-0.89,2.96,-0.89,2.96,INF,-1,0,7,0
2840,1,1,-10.848,30.079,-1.01,2.81,-1.01,2.81,INF,-1,0,7,0
2860,1,1,-16.952,35.617,-1.58,3.32,-1.58,3.33,INF,-1,0,7,0
2880,1,1,-15.497,35.525,-1.45,3.32,-1.45,3.32,INF,-1,0,7,0
2900,1,1,-13.596,33.134,-1.27,3.09,-1.27,3.09,INF,-1,0,7,0
2920,1,1,-13.012,33.781,-1.22,3.15,-1.21,3.15,INF,-1,1,7,0
2940,1,1,-14.841,34.878,-1.39,3.26,-1.38,3.26,INF,-1,1,7,0
2960,1,1,-13.862,33.863,-1.30,3.16,-1.29,3.16,INF,-1,1,7,0
2980,1,1,-14.695,35.686,-1.37,3.33,-1.37,3.33,INF,-1,1,7,0
3000,1,1,-14.953,34.726,-1.40,3.24,-1.40,3.24,INF,-1,1,7,0
3020,1,1,-13.226,34.155,-1.24,3.19,-1.23,3.19,INF,-1,1,7,0
3040,1,1,-13.561,33.992,-1.27,3.17,-1.27,3.17,INF,-1,1,7,0
3060,1,1,-13.128,33.522,-1.23,3.13,-1.23,3.13,INF,-1,1,7,0
3080,1,1,-14.398,33.388,-1.35,3.12,-1.34,3.12,INF,-1,1,7,0
3100,1,1,-14.736,34.472,-1.38,3.22,-1.37,3.22,INF,-1,1,7,0
3120,1,1,-15.908,34.685,-1.49,3.24,-1.48,3.24,INF,-1,1,7,0
3140,1,1,-15.925,33.979,-1.49,3.17,-1.49,3.17,INF,-1,1,7,0
3160,1,1,-10.095,25.427,-0.94,2.37,-0.94,2.38,INF,-1,1,7,0
3180,0,1,0.000,0.000,0.00,0.00,0.00,0.00,0.00,-1,1,7,0
3200,0,1,0.000,0.000,0.00,0.00,0.00,0.00,0.00,-1,1,7,0
3220,0,1,0.000,0.000,0.00,0.00,0.00,0.00,0.00,-1,1,7,0
3240,0,1,0.000,0.000,0.00,0.00,0.00,0.00,0.00,-1,1,7,0
3260,0,1,0.000,0.000,0.00,0.00,0.00,0.00,0.00,-1,0,7,0
3280,0,1,0.000,0.000,0.00,0.00,0.00,0.00,0.00,-1,0,7,0
3300,0,1,0.000,0.000,0.00,0.00,0.00,0.00,0.00,-1,0,7,0
3320,0,1,0.000,0.000,0.00,0.00,0.00,0.00,0.00,-1,0,7,0
3340,0,1,0.000,0.000,0.00,0.00,0.00,0.00,0.00,-1,0,7,0
3360,0,1,0.000,0.000,0.00,0.00,0.00,0.00,0.00,-1,0,7,0
3380,0,1,0.000,0.000,0.00,0.00,0.00,0.00,0.00,-1,0,7,0
3400,0,1,0.000,0.000,0.00,0.00,0.00,0.00,0.00,-1,0,7,0
3420,0,1,0.000,0.000,0.00,0.00,0.00,0.00,0.00,-1,0,7,0
3440,1,1,-15.351,20.898,-1.43,1.95,-1.43,1.95,INF,-1,0,7,0
3460,1,1,-15.183,17.218,-1.42,1.61,-1.42,1.61,INF,-1,0,7,0
3480,1,1,-13.495,23.887,-1.26,2.23,-1.26,2.23,INF,-1,0,7,0
3500,1,1,-13.690,20.829,-1.28,1.95,-1.28,1.95,INF,-1,0,7,0
3520,1,1,-13.621,24.233,-1.27,2.26,-1.27,2.26,INF,-1,0,7,0
3540,1,1,-14.008,27.160,-1.31,2.54,-1.31,2.54,INF,-1,0,7,0
3560,1,1,-11.735,26.306,-1.10,2.46,-1.10,2.46,INF,-1,0,7,0
3580,1,1,-12.160,25.633,-1.14,2.39,-1.14,2.39,INF,-1,0,7,0
3600,1,1,-13.345,26.736,-1.25,2.50,-1.25,2.50,INF,-1,0,7,0
3620,1,1,-11.955,23.700,-1.12,2.21,-1.12,2.21,INF,-1,0,7,0
3640,1,1,-13.340,26.827,-1.25,2.51,-1.25,2.51,INF,-1,0,7,0
3660,1,1,-11.513,25.011,-1.08,2.34,-1.08,2.34,INF,-1,0,7,0
3680,1,1,-10.958,25.206,-1.02,2.35,-1.02,2.35,INF,-1,0,7,0
3700,1,1,-11.046,25.155,-1.03,2.35,-1.03,2.35,INF,-1,0,7,0
3720,1,1,-11.671,27.836,-1.09,2.60,-1.09,2.60,INF,-1,1,7,0
3740,1,1,-11.285,27.205,-1.05,2.54,-1.05,2.54,INF,-1,1,7,0
3760,1,1,-11.488,26.778,-1.07,2.50,-1.07,2.50,INF,-1,1,7,0
3780,1,1,-9.646,23.002,-0.90,2.15,-0.90,2.15,INF,-1,1,7,0
3800,1,1,-11.686,23.849,-1.09,2.23,-1.09,2.23,INF,-1,1,7,0
3820,0,1,0.000,0.000,0.00,0.00,0.00,0.00,0.00,-1,1,7,0
3840,1,1,-10.917,23.450,-1.02,2.19,-1.02,2.19,INF,-1,1,7,0
3860,1,1,-12.651,32.952,-1.18,3.08,-1.18,3.08,INF,-1,1,7,0
3880,1,1,-10.765,24.670,-1.01,2.30,-1.01,2.30,INF,-1,1,7,0
3900,1,1,-11.509,23.096,-1.08,2.16,-1.07,2.16,INF,-1,1,7,0
3920,1,1,-13.336,27.131,-1.25,2.53,-1.25,2.53,INF,-1,1,7,0
3940,1,1,-11.815,26.649,-1.10,2.49,-1.10,2.49,INF,-1,1,7,0
3960,1,1,-10.836,25.129,-1.01,2.35,-1.01,2.35,INF,-1,1,7,0
3980,1,1,-11.805,28.162,-1.10,2.63,-1.10,2.63,INF,-1,1,7,0
4000,1,1,-16.658,27.783,-1.56,2.59,-1.55,2.60,INF,-1,1,7,0
4020,1,1,-16.733,29.770,-1.56,2.78,-1.56,2.78,INF,-1,1,7,0
4040,1,1,-15.595,30.227,-1.46,2.82,-1.46,2.82,INF,-1,1,7,0
4060,1,1,-15.990,30.630,-1.49,2.86,-1.49,2.86,INF,-1,1,7,0
4080,1,1,-17.283,30.791,-1.62,2.87,-1.61,2.88,INF,-1,1,7,0
4100,1,1,-17.153,30.161,-1.60,2.82,-1.60,2.82,INF,-1,1,7,0
4120,1,1,-16.131,31.978,-1.51,2.99,-1.51,2.99,INF,-1,1,7,0
4140,1,1,30.619,13.790,2.86,1.29,2.86,1.29,INF,-1,1,7,0
4160,1,1,40.562,16.424,3.79,1.53,3.78,1.53,INF,-1,1,7,0
4180,1,1,38.246,13.957,3.57,1.30,3.57,1.30,INF,-1,0,7,0
4200,1,1,37.872,19.067,3.54,1.78,3.53,1.78,INF,-1,0,7,0
4220,1,1,39.272,15.244,3.67,1.42,3.66,1.42,INF,-1,0,7,0
4240,1,1,39.089,16.431,3.65,1.53,3.65,1.54,INF,-1,0,7,0
4260,1,1,39.314,13.733,3.67,1.28,3.67,1.28,INF,-1,0,7,0
4280,1,1,40.967,15.642,3.82,1.46,3.82,1.46,INF,-1,0,7,0
4300,1,1,38.142,13.358,3.56,1.25,3.56,1.25,INF,-1,0,7,0
4320,1,1,39.695,10.290,3.70,0.96,3.70,0.96,INF,-1,0,7,0
4340,1,1,39.639,9.797,3.70,0.91,3.70,0.92,INF,-1,0,7,0
4360,1,1,37.714,11.988,3.52,1.12,3.52,1.12,INF,-1,0,7,0
4380,1,1,39.527,11.438,3.69,1.07,3.69,1.07,INF,-1,0,7,0
4400,1,1,48.906,7.649,4.56,0.71,4.56,0.71,INF,-1,0,7,0
4420,1,1,48.764,6.614,4.55,0.62,4.55,0.62,INF,-1,1,7,0
4440,1,1,50.121,4.399,4.67,0.41,4.67,0.41,INF,-1,0,7,0
4460,1,1,46.030,7.303,4.29,0.68,4.29,0.68,INF,-1,0,7,0
4480,1,1,49.047,6.476,4.57,0.60,4.57,0.61,INF,-1,0,7,0
4500,1,1,49.019,6.997,4.57,0.65,4.57,0.65,INF,-1,0,7,0
4520,1,1,47.993,5.575,4.48,0.52,4.48,0.52,INF,-1,0,7,0
4540,1,1,50.091,6.703,4.67,0.62,4.67,0.63,INF,-1,0,7,0
4560,1,1,49.363,2.124,4.60,0.20,4.60,0.20,INF,-1,0,7,0
4580,1,1,49.143,1.497,4.58,0.14,4.58,0.14,INF,-1,0,7,0
4600,1,1,47.518,4.513,4.43,0.42,4.43,0.42,INF,-1,0,7,0
4620,1,1,50.139,1.224,4.68,0.11,4.68,0.11,INF,-1,0,7,0
4640,1,1,49.053,5.840,4.58,0.54,4.57,0.55,INF,-1,0,7,0
4660,1,1,49.727,3.940,4.64,0.37,4.64,0.37,INF,-1,0,7,0
4680,1,1,50.769,9.097,4.73,0.85,4.73,0.85,INF,-1,1,7,0
4700,1,1,52.741,2.603,4.92,0.24,4.92,0.24,INF,-1,1,7,0
4720,1,1,52.531,5.224,4.90,0.49,4.90,0.49,INF,-1,1,7,0
4740,1,1,52.092,7.767,4.86,0.72,4.86,0.73,INF,-1,1,7,0
4760,1,1,52.883,12.817,4.93,1.19,4.93,1.20,INF,-1,1,7,0
4780,1,1,51.935,11.128,4.84,1.04,4.84,1.04,INF,-1,1,7,0
4800,1,1,51.041,8.781,4.76,0.82,4.76,0.82,INF,-1,1,7,0
4820,1,1,52.562,8.616,4.90,0.80,4.90,0.81,INF,-1,1,7,0
4840,1,1,51.432,9.677,4.80,0.90,4.80,0.90,INF,-1,1,7,0
4860,1,1,54.037,8.374,5.04,0.78,5.04,0.78,INF,-1,1,7,0
4880,1,1,52.824,9.038,4.93,0.84,4.92,0.84,INF,-1,1,7,0
4900,1,1,53.376,6.598,4.98,0.61,4.98,0.62,INF,-1,1,7,0
4920,1,1,53.611,8.030,5.00,0.75,5.00,0.75,INF,-1,1,7,0
4940,1,1,50.963,8.021,4.75,0.75,4.75,0.75,INF,-1,1,7,0
4960,1,1,53.152,9.167,4.96,0.85,4.96,0.86,INF,-1,1,7,0
4980,1,1,52.974,6.114,4.94,0.57,4.94,0.57,INF,-1,1,7,0
5000,1,1,51.717,5.520,4.82,0.51,4.82,0.52,INF,-1,1,7,0
5020,1,1,53.568,7.115,4.99,0.66,4.99,0.67,INF,-1,1,7,0
5040,1,1,53.046,9.265,4.95,0.86,4.95,0.87,INF,-1,1,7,0
5060,1,1,55.004,7.436,5.13,0.69,5.13,0.69,INF,-1,1,7,0
5080,1,1,55.021,5.452,5.13,0.51,5.13,0.51,INF,-1,1,7,0
5100,1,1,50.544,-2.253,4.71,-0.21,4.71,-0.21,INF,-1,1,7,0
5120,1,1,33.879,-0.811,3.16,-0.08,3.16,-0.08,INF,-1,1,7,0
5140,1,1,30.464,11.466,2.85,1.07,2.84,1.07,INF,-1,1,7,0
5160,1,1,36.628,20.643,3.42,1.93,3.42,1.93,INF,-1,0,7,0
5180,1,1,30.350,12.708,2.83,1.19,2.83,1.19,INF,-1,0,7,0
5200,1,1,32.578,11.678,3.04,1.09,3.04,1.09,INF,-1,0,7,0
5220,1,1,34.969,11.611,3.26,1.08,3.26,1.09,INF,-1,0,7,0
5240,1,1,32.390,17.663,3.02,1.65,3.02,1.65,INF,-1,0,7,0
5260,1,1,33.936,13.922,3.17,1.30,3.17,1.30,INF,-1,0,7,0
5280,1,1,27.804,16.261,2.60,1.52,2.60,1.52,INF,-1,0,7,0
5300,1,1,27.563,17.785,2.57,1.66,2.57,1.66,INF,-1,0,7,0
5320,1,1,26.756,19.038,2.50,1.78,2.50,1.78,INF,-1,0,7,0
5340,1,1,26.870,19.116,2.51,1.78,2.51,1.79,INF,-1,0,7,0
5360,1,1,25.775,17.238,2.41,1.61,2.41,1.61,INF,-1,0,7,0
5380,1,1,26.830,19.180,2.51,1.79,2.50,1.79,INF,-1,0,7,0
5400,1,1,27.047,18.998,2.53,1.77,2.53,1.78,INF,-1,0,7,0
5420,0,1,0.000,0.000,0.00,0.00,0.00,0.00,0.00,-1,1,7,0
5440,1,1,26.595,15.298,2.48,1.43,2.48,1.43,INF,-1,1,7,0
5460,1,1,26.989,18.251,2.52,1.70,2.52,1.71,INF,-1,1,7,0
5480,1,1,26.363,16.369,2.46,1.53,2.46,1.53,INF,-1,1,7,0
5500,1,1,36.986,32.661,3.45,3.04,3.45,3.05,INF,-1,1,7,0
5520,1,1,25.838,18.744,2.41,1.75,2.41,1.75,INF,-1,1,7,0
5540,0,1,0.000,0.000,0.00,0.00,0.00,0.00,0.00,-1,1,7,0
5560,1,1,27.692,14.986,2.59,1.40,2.59,1.40,INF,-1,1,7,0
5580,1,1,28.302,21.732,2.64,2.03,2.64,2.03,INF,-1,1,7,0
5600,1,1,26.116,20.160,2.44,1.88,2.44,1.88,INF,-1,1,7,0
5620,1,1,27.947,19.227,2.61,1.79,2.61,1.80,INF,-1,1,7,0
5640,1,1,29.102,22.428,2.72,2.09,2.72,2.10,INF,-1,1,7,0
5660,1,1,28.888,20.022,2.70,1.87,2.70,1.87,INF,-1,1,7,0
5680,1,1,27.132,19.801,2.53,1.85,2.53,1.85,INF,-1,1,7,0
5700,1,1,29.383,20.531,2.74,1.92,2.74,1.92,INF,-1,1,7,0
5720,1,1,27.901,19.040,2.61,1.78,2.60,1.78,INF,-1,1,7,0
5740,1,1,27.915,20.203,2.61,1.89,2.61,1.89,INF,-1,1,7,0
5760,1,1,28.136,21.091,2.63,1.97,2.63,1.97,INF,-1,1,7,0
5780,1,1,28.142,21.030,2.63,1.96,2.63,1.96,INF,-1,1,7,0
5800,1,1,29.074,24.573,2.72,2.29,2.71,2.30,INF,-1,1,7,0
5820,1,1,29.319,21.851,2.74,2.04,2.74,2.04,INF,-1,1,7,0
5840,0,1,0.000,0.000,0.00,0.00,0.00,0.00,0.00,-1,1,7,0
5860,1,1,30.220,21.834,2.82,2.04,2.82,2.04,INF,-1,1,7,0
5880,1,1,29.057,24.328,2.71,2.27,2.71,2.27,INF,-1,1,7,0
5900,1,1,30.777,20.474,2.87,1.91,2.87,1.91,INF,-1,1,7,0
5920,1,1,29.686,18.688,2.77,1.74,2.77,1.75,INF,-1,1,7,0
5940,1,1,28.422,19.223,2.65,1.79,2.65,1.80,INF,-1,1,7,0
5960,1,1,28.034,19.984,2.62,1.87,2.62,1.87,INF,-1,1,7,0
5980,1,1,30.452,5.273,2.84,0.49,2.84,0.49,INF,-1,1,7,0
6000,0,1,0.000,0.000,0.00,0.00,0.00,0.00,0.00,-1,1,7,0
6020,0,1,0.000,0.000,0.00,0.00,0.00,0.00,0.00,-1,1,7,0
6040,0,1,0.000,0.000,0.00,0.00,0.00,0.00,0.00,-1,1,7,0
6060,0,1,0.000,0.000,0.00,0.00,0.00,0.00,0.00,-1,0,7,0
6080,0,1,0.000,0.000,0.00,0.00,0.00,0.00,0.00,-1,0,7,0
6100,0,1,0.000,0.000,0.00,0.00,0.00,0.00,0.00,-1,0,7,0
6120,0,1,0.000,0.000,0.00,0.00,0.00,0.00,0.00,-1,0,7,0
6140,0,1,0.000,0.000,0.00,0.00,0.00,0.00,0.00,-1,0,7,0
6160,0,1,0.000,0.000,0.00,0.00,0.00,0.00,0.00,-1,0,7,0
6180,1,1,31.948,9.893,2.98,0.92,2.98,0.92,INF,-1,0,7,0
6200,0,1,0.000,0.000,0.00,0.00,0.00,0.00,0.00,-1,0,7,0
6220,1,1,20.910,-0.973,1.95,-0.09,1.95,-0.09,INF,-1,0,7,0
6240,1,1,22.767,6.561,2.13,0.61,2.13,0.61,INF,-1,0,7,0
6260,1,1,27.048,8.643,2.53,0.81,2.53,0.81,INF,-1,0,7,0
6280,1,1,24.382,11.978,2.28,1.12,2.28,1.12,INF,-1,0,7,0
6300,1,1,19.809,16.582,1.85,1.55,1.85,1.55,INF,-1,0,7,0
6320,1,1,14.558,16.680,1.36,1.56,1.36,1.56,INF,-1,0,7,0
6340,1,1,21.159,20.542,1.98,1.92,1.98,1.92,INF,-1,0,7,0
6360,1,1,22.531,18.716,2.10,1.75,2.10,1.75,INF,-1,0,7,0
6380,1,1,23.066,20.869,2.15,1.95,2.15,1.95,INF,-1,0,7,0
6400,1,1,21.458,21.681,2.00,2.02,2.00,2.03,INF,-1,0,7,0
6420,1,1,23.863,17.574,2.23,1.64,2.23,1.64,INF,-1,0,7,0
6440,1,1,22.198,18.694,2.07,1.75,2.07,1.75,INF,-1,0,7,0
6460,1,1,21.732,18.573,2.03,1.73,2.03,1.74,INF,-1,0,7,0
6480,1,1,21.158,17.707,1.98,1.65,1.98,1.65,INF,-1,0,7,0
6500,1,1,22.053,16.810,2.06,1.57,2.06,1.57,INF,-1,0,7,0
6520,1,1,21.003,16.959,1.96,1.58,1.96,1.58,INF,-1,1,7,0
6540,1,1,22.908,18.167,2.14,1.70,2.14,1.70,INF,-1,1,7,0
6560,1,1,20.800,17.621,1.94,1.65,1.94,1.65,INF,-1,1,7,0
6580,1,1,23.624,17.663,2.21,1.65,2.21,1.65,INF,-1,1,7,0
6600,1,1,23.456,16.470,2.19,1.54,2.19,1.54,INF,-1,1,7,0
6620,1,1,24.083,16.152,2.25,1.51,2.25,1.51,INF,-1,1,7,0
6640,1,1,22.488,19.089,2.10,1.78,2.10,1.78,INF,-1,1,7,0
6660,1,1,21.234,19.335,1.98,1.81,1.98,1.81,INF,-1,1,7,0
6680,1,1,-9.768,18.219,-0.91,1.70,-0.91,1.70,INF,-1,1,7,0
6700,1,1,-5.770,21.046,-0.54,1.97,-0.54,1.97,INF,-1,1,7,0
6720,1,1,-5.838,17.032,-0.55,1.59,-0.55,1.59,INF,-1,0,7,0
6740,1,1,-5.267,16.159,-0.49,1.51,-0.49,1.51,INF,-1,0,7,0
6760,1,1,-4.430,17.093,-0.41,1.60,-0.41,1.60,INF,-1,0,7,0
6780,1,1,-6.839,18.499,-0.64,1.73,-0.64,1.73,INF,-1,0,7,0
6800,1,1,-5.148,15.971,-0.48,1.49,-0.48,1.49,INF,-1,0,7,0
6820,1,1,-5.511,16.469,-0.52,1.54,-0.51,1.54,INF,-1,0,7,0
6840,1,1,-5.300,18.059,-0.50,1.69,-0.50,1.69,INF,-1,0,7,0
6860,1,1,-5.793,17.706,-0.54,1.65,-0.54,1.65,INF,-1,0,7,0
6880,1,1,-4.940,17.280,-0.46,1.61,-0.46,1.61,INF,-1,0,7,0
6900,1,1,-5.405,17.022,-0.51,1.59,-0.50,1.59,INF,-1,0,7,0
6920,1,1,-5.440,14.150,-0.51,1.32,-0.51,1.32,INF,-1,0,7,0
6940,1,1,-4.552,12.542,-0.43,1.17,-0.43,1.17,INF,-1,0,7,0
6960,1,1,-4.576,13.437,-0.43,1.26,-0.43,1.26,INF,-1,1,7,0
6980,1,1,-4.942,15.389,-0.46,1.44,-0.46,1.44,INF,-1,1,7,0
7000,1,1,-7.237,19.621,-0.68,1.83,-0.68,1.83,INF,-1,1,7,0
7020,1,1,-6.682,34.395,-0.62,3.21,-0.62,3.21,INF,-1,1,7,0
7040,1,1,-6.734,36.287,-0.63,3.39,-0.63,3.39,INF,-1,1,7,0
7060,1,1,-5.859,35.250,-0.55,3.29,-0.55,3.29,INF,-1,0,7,0
7080,1,1,-5.104,35.435,-0.48,3.31,-0.48,3.31,INF,-1,0,7,0
7100,1,1,-7.513,34.879,-0.70,3.26,-0.70,3.26,INF,-1,0,7,0
7120,1,1,-6.252,35.229,-0.58,3.29,-0.58,3.29,INF,-1,0,7,0
7140,1,1,-6.249,35.089,-0.58,3.28,-0.58,3.28,INF,-1,0,7,0
7160,1,1,-6.277,33.966,-0.59,3.17,-0.59,3.17,INF,-1,0,7,0
7180,1,1,-7.195,36.352,-0.67,3.39,-0.67,3.39,INF,-1,0,7,0
7200,1,1,-7.775,35.399,-0.73,3.30,-0.73,3.30,INF,-1,0,7,0
7220,1,1,-4.442,32.771,-0.42,3.06,-0.41,3.06,INF,-1,0,7,0
7240,1,1,-5.309,31.766,-0.50,2.97,-0.50,2.97,INF,-1,0,7,0
7260,1,1,-5.119,33.385,-0.48,3.12,-0.48,3.12,INF,-1,0,7,0
7280,1,1,-5.066,33.565,-0.47,3.13,-0.47,3.13,INF,-1,0,7,0
7300,1,1,-13.513,36.401,-1.26,3.40,-1.26,3.40,INF,-1,1,7,0
7320,1,1,-10.547,35.037,-0.99,3.27,-0.98,3.27,INF,-1,1,7,0
7340,1,1,-10.528,36.255,-0.98,3.38,-0.98,3.38,INF,-1,1,7,0
7360,1,1,-10.859,37.148,-1.01,3.47,-1.01,3.47,INF,-1,1,7,0
7380,1,1,-9.942,35.019,-0.93,3.27,-0.93,3.27,INF,-1,1,7,0
7400,1,1,-9.652,34.184,-0.90,3.19,-0.90,3.19,INF,-1,1,7,0
7420,1,1,-10.116,34.828,-0.95,3.25,-0.94,3.25,INF,-1,1,7,0
7440,1,1,-11.163,36.721,-1.04,3.43,-1.04,3.43,INF,-1,1,7,0
7460,1,1,-10.176,34.056,-0.95,3.18,-0.95,3.18,INF,-1,1,7,0
7480,1,1,-9.186,33.827,-0.86,3.16,-0.86,3.16,INF,-1,1,7,0
7500,1,1,-11.669,35.030,-1.09,3.27,-1.09,3.27,INF,-1,1,7,0
7520,1,1,-9.874,34.392,-0.92,3.21,-0.92,3.21,INF,-1,1,7,0
7540,1,1,-11.926,36.080,-1.11,3.37,-1.11,3.37,INF,-1,1,7,0
7560,1,1,-10.142,32.447,-0.95,3.03,-0.95,3.03,INF,-1,1,7,0
7580,1,1,-9.504,33.192,-0.89,3.10,-0.89,3.10,INF,-1,1,7,0
7600,1,1,-10.959,32.924,-1.02,3.07,-1.02,3.07,INF,-1,1,7,0
7620,1,1,-8.993,31.524,-0.84,2.94,-0.84,2.94,INF,-1,1,7,0
7640,1,1,-9.659,34.140,-0.90,3.19,-0.90,3.19,INF,-1,1,7,0
7660,1,1,-8.276,34.552,-0.77,3.23,-0.77,3.23,INF,-1,1,7,0
7680,1,1,-9.922,32.945,-0.93,3.08,-0.93,3.08,INF,-1,1,7,0
7700,1,1,-8.573,29.092,-0.80,2.72,-0.80,2.72,INF,-1,1,7,0
7720,1,1,-10.404,31.518,-0.97,2.94,-0.97,2.94,INF,-1,1,7,0
7740,1,1,-10.989,33.793,-1.03,3.15,-1.03,3.16,INF,-1,1,7,0
7760,1,1,-11.018,31.281,-1.03,2.92,-1.03,2.92,INF,-1,1,7,0
7780,1,1,-9.653,31.835,-0.90,2.97,-0.90,2.97,INF,-1,1,7,0
7800,1,1,-10.792,31.607,-1.01,2.95,-1.01,2.95,INF,-1,1,7,0
7820,1,1,-11.442,29.266,-1.07,2.73,-1.07,2.73,INF,-1,1,7,0
7840,1,1,-9.421,27.000,-0.88,2.52,-0.88,2.52,INF,-1,1,7,0
7860,1,1,-8.398,23.414,-0.78,2.19,-0.78,2.19,INF,-1,1,7,0
7880,1,1,-7.333,-2.509,-0.69,-0.23,-0.69,-0.23,INF,-1,1,7,0
7900,1,1,-4.814,-1.680,-0.45,-0.16,-0.45,-0.16,INF,-1,0,7,0
7920,1,1,-8.682,0.928,-0.81,0.09,-0.81,0.09,INF,-1,0,7,0
7940,1,1,-6.568,-2.062,-0.61,-0.19,-0.61,-0.19,INF,-1,0,7,0
7960,1,1,-6.763,-4.926,-0.63,-0.46,-0.63,-0.46,INF,-1,0,7,0
7980,1,1,-6.893,-3.351,-0.64,-0.31,-0.64,-0.31,INF,-1,0,7,0
8000,1,1,-6.240,-3.564,-0.58,-0.33,-0.58,-0.33,INF,-1,0,7,0
8020,1,1,-6.486,-5.154,-0.61,-0.48,-0.61,-0.48,INF,-1,0,7,0
8040,1,1,-6.048,-3.362,-0.57,-0.31,-0.57,-0.31,INF,-1,0,7,0
8060,1,1,-4.621,-7.367,-0.43,-0.69,-0.43,-0.69,INF,-1,0,7,0
8080,1,1,-6.549,-4.776,-0.61,-0.45,-0.61,-0.45,INF,-1,0,7,0
8100,1,1,-6.339,-3.560,-0.59,-0.33,-0.59,-0.33,INF,-1,0,7,0
8120,1,1,-4.941,-8.238,-0.46,-0.77,-0.46,-0.77,INF,-1,0,7,0
8140,1,1,-5.592,-3.982,-0.52,-0.37,-0.52,-0.37,INF,-1,0,7,0
8160,1,1,-4.749,-5.168,-0.44,-0.48,-0.44,-0.48,INF,-1,1,7,0
8180,1,1,-5.286,-3.225,-0.49,-0.30,-0.49,-0.30,INF,-1,1,7,0
8200,1,1,-7.127,-5.188,-0.67,-0.48,-0.67,-0.48,INF,-1,1,7,0
8220,1,1,-4.102,-4.972,-0.38,-0.46,-0.38,-0.46,INF,-1,1,7,0
8240,1,1,-5.224,-1.944,-0.49,-0.18,-0.49,-0.18,INF,-1,1,7,0
8260,1,1,-3.766,-2.655,-0.35,-0.25,-0.35,-0.25,INF,-1,1,7,0
8280,1,1,-2.546,-4.522,-0.24,-0.42,-0.24,-0.42,INF,-1,1,7,0
8300,1,1,-5.634,0.205,-0.53,0.02,-0.53,0.02,INF,-1,1,7,0
8320,1,1,-4.848,-3.597,-0.45,-0.34,-0.45,-0.34,INF,-1,1,7,0
8340,1,1,-5.357,1.575,-0.50,0.15,-0.50,0.15,INF,-1,1,7,0
8360,1,1,-5.469,-0.447,-0.51,-0.04,-0.51,-0.04,INF,-1,1,7,0
8380,1,1,-2.917,-3.652,-0.27,-0.34,-0.27,-0.34,INF,-1,1,7,0
8400,1,1,-3.800,1.330,-0.36,0.12,-0.36,0.12,INF,-1,1,7,0
8420,1,1,-4.097,-2.258,-0.38,-0.21,-0.38,-0.21,INF,-1,1,7,0
8440,1,1,-4.058,-1.548,-0.38,-0.14,-0.38,-0.14,INF,-1,1,7,0
8460,1,1,-4.834,-1.010,-0.45,-0.09,-0.45,-0.09,INF,-1,1,7,0
8480,1,1,-9.820,24.710,-0.92,2.31,-0.92,2.31,INF,-1,1,7,0
8500,1,1,-11.620,29.078,-1.09,2.72,-1.08,2.72,INF,-1,1,7,0
8520,1,1,-9.589,27.077,-0.90,2.53,-0.90,2.53,INF,-1,0,7,0
8540,1,1,-7.988,27.694,-0.75,2.59,-0.75,2.59,INF,-1,0,7,0
8560,1,1,-8.307,29.009,-0.78,2.71,-0.78,2.71,INF,-1,0,7,0
8580,1,1,-8.295,26.541,-0.78,2.48,-0.77,2.48,INF,-1,0,7,0
8600,1,1,-9.499,31.586,-0.89,2.95,-0.89,2.95,INF,-1,0,7,0
8620,1,1,-10.533,29.824,-0.98,2.78,-0.98,2.79,INF,-1,0,7,0
8640,1,1,-9.840,30.221,-0.92,2.82,-0.92,2.82,INF,-1,0,7,0
8660,1,1,-10.367,29.645,-0.97,2.77,-0.97,2.77,INF,-1,0,7,0
8680,1,1,-10.099,32.713,-0.94,3.05,-0.94,3.05,INF,-1,0,7,0
8700,1,1,-13.055,40.539,-1.22,3.78,-1.22,3.78,INF,-1,0,7,0
8720,1,1,-12.977,34.936,-1.21,3.26,-1.21,3.26,INF,-1,0,7,0
8740,1,1,-9.687,28.198,-0.91,2.63,-0.90,2.63,INF,-1,0,7,0
8760,1,1,-12.296,30.763,-1.15,2.87,-1.15,2.87,INF,-1,1,7,0
8780,1,1,-6.436,24.293,-0.60,2.27,-0.60,2.27,INF,-1,1,7,0
8800,0,1,0.000,0.000,0.00,0.00,0.00,0.00,0.00,-1,1,7,0
8820,0,1,0.000,0.000,0.00,0.00,0.00,0.00,0.00,-1,1,7,0
8840,0,1,0.000,0.000,0.00,0.00,0.00,0.00,0.00,-1,1,7,0
8860,0,1,0.000,0.000,0.00,0.00,0.00,0.00,0.00,-1,1,7,0
8880,0,1,0.000,0.000,0.00,0.00,0.00,0.00,0.00,-1,0,7,0
8900,0,1,0.000,0.000,0.00,0.00,0.00,0.00,0.00,-1,0,7,0
8920,0,1,0.000,0.000,0.00,0.00,0.00,0.00,0.00,-1,0,7,0
8940,0,1,0.000,0.000,0.00,0.00,0.00,0.00,0.00,-1,0,7,0
8960,0,1,0.000,0.000,0.00,0.00,0.00,0.00,0.00,-1,0,7,0
8980,0,1,0.000,0.000,0.00,0.00,0.00,0.00,0.00,-1,0,7,0
9000,0,1,0.000,0.000,0.00,0.00,0.00,0.00,0.00,-1,0,7,0
9020,0,1,0.000,0.000,0.00,0.00,0.00,0.00,0.00,-1,0,7,0
9040,0,1,0.000,0.000,0.00,0.00,0.00,0.00,INF,-1,0,7,0
9060,0,1,0.000,0.000,0.00,0.00,0.00,0.00,INF,-1,0,7,0
9080,0,1,0.000,0.000,0.00,0.00,0.00,0.00,0.00,-1,0,7,0
9100,1,1,1.883,-4.138,0.18,-0.39,0.18,-0.39,INF,-1,0,7,0
9120,0,1,0.000,0.000,0.00,0.00,0.00,0.00,0.00,-1,0,7,0
9140,0,1,0.000,0.000,0.00,0.00,0.00,0.00,0.00,-1,0,7,0
9160,1,1,-14.231,20.852,-1.33,1.95,-1.33,1.95,INF,-1,0,7,0
9180,1,1,-14.137,10.323,-1.32,0.96,-1.32,0.96,INF,-1,0,7,0
9200,0,1,0.000,0.000,0.00,0.00,0.00,0.00,0.00,-1,0,7,0
9220,1,1,-15.232,11.383,-1.42,1.06,-1.42,1.06,INF,-1,0,7,0
9240,1,1,-20.498,20.522,-1.92,1.92,-1.91,1.92,INF,-1,0,7,0
9260,1,1,-18.502,21.145,-1.73,1.97,-1.73,1.98,INF,-1,0,7,0
9280,1,1,-18.660,18.879,-1.74,1.76,-1.74,1.76,INF,-1,0,7,0
9300,1,1,-22.442,18.762,-2.10,1.75,-2.10,1.75,INF,-1,0,7,0
9320,1,1,-21.793,18.007,-2.04,1.68,-2.04,1.68,INF,-1,0,7,0
9340,1,1,-21.725,23.159,-2.03,2.16,-2.03,2.16,INF,-1,0,7,0
9360,1,1,-22.854,14.273,-2.14,1.33,-2.13,1.33,INF,-1,0,7,0
9380,1,1,-21.163,17.880,-1.98,1.67,-1.98,1.67,INF,-1,0,7,0
9400,1,1,-21.219,19.737,-1.98,1.84,-1.98,1.84,INF,-1,0,7,0
9420,1,1,-18.273,18.331,-1.71,1.71,-1.71,1.71,INF,-1,0,7,0
9440,1,1,-20.896,17.023,-1.95,1.59,-1.95,1.59,INF,-1,1,7,0
9460,0,1,0.000,0.000,0.00,0.00,0.00,0.00,0.00,-1,1,7,0
9480,0,1,0.000,0.000,0.00,0.00,0.00,0.00,0.00,-1,1,7,0
9500,1,1,-19.693,18.130,-1.84,1.69,-1.84,1.69,INF,-1,1,7,0
9520,1,1,-18.897,25.507,-1.77,2.38,-1.76,2.38,INF,-1,1,7,0
9540,1,1,-18.384,15.205,-1.72,1.42,-1.72,1.42,INF,-1,1,7,0
9560,1,1,-19.485,16.011,-1.82,1.50,-1.82,1.50,INF,-1,1,7,0
9580,1,1,-19.597,21.690,-1.83,2.03,-1.83,2.03,INF,-1,1,7,0
9600,0,1,0.000,0.000,0.00,0.00,0.00,0.00,0.00,-1,1,7,0
9620,1,1,-16.146,15.459,-1.51,1.44,-1.51,1.44,INF,-1,1,7,0
9640,0,1,0.000,0.000,0.00,0.00,0.00,0.00,0.00,-1,1,7,0
9660,0,1,0.000,0.000,0.00,0.00,0.00,0.00,0.00,-1,1,7,0
9680,1,1,-14.474,17.228,-1.35,1.61,-1.35,1.61,INF,-1,1,7,0
9700,1,1,-15.883,17.860,-1.48,1.67,-1.48,1.67,INF,-1,1,7,0
9720,1,1,-15.358,19.643,-1.44,1.83,-1.43,1.84,INF,-1,1,7,0
9740,1,1,-17.734,22.586,-1.66,2.11,-1.66,2.11,INF,-1,1,7,0
9760,1,1,-15.255,19.770,-1.43,1.85,-1.42,1.85,INF,-1,1,7,0
9780,1,1,-13.062,18.538,-1.22,1.73,-1.22,1.73,INF,-1,1,7,0
9800,0,1,0.000,0.000,0.00,0.00,0.00,0.00,0.00,-1,1,7,0
9820,0,1,0.000,0.000,0.00,0.00,0.00,0.00,0.00,-1,1,7,0
9840,0,1,0.000,0.000,0.00,0.00,0.00,0.00,0.00,-1,1,7,0
9860,0,1,0.000,0.000,0.00,0.00,0.00,0.00,0.00,-1,1,7,0
9880,0,1,0.000,0.000,0.00,0.00,0.00,0.00,0.00,-1,0,7,0
9900,0,1,0.000,0.000,0.00,0.00,0.00,0.00,0.00,-1,0,7,0
9920,0,1,0.000,0.000,0.00,0.00,0.00,0.00,0.00,-1,0,7,0
9940,0,1,0.000,0.000,0.00,0.00,0.00,0.00,0.00,-1,0,7,0
9960,0,1,0.000,0.000,0.00,0.00,0.00,0.00,0.00,-1,0,7,0
9980,0,1,0.000,0.000,0.00,0.00,0.00,0.00,0.00,-1,0,7,0
10000,0,1,0.000,0.000,0.00,0.00,0.00,0.00,0.00,-1,0,7,0
10020,0,1,0.000,0.000,0.00,0.00,0.00,0.00,0.00,-1,0,7,0
10040,0,1,0.000,0.000,0.00,0.00,0.00,0.00,0.00,-1,0,7,0
10060,0,1,0.000,0.000,0.00,0.00,0.00,0.00,0.00,-1,0,7,0
10080,0,1,0.000,0.000,0.00,0.00,0.00,0.00,0.00,-1,0,7,0
10100,0,1,0.000,0.000,0.00,0.00,0.00,0.00,0.00,-1,0,7,0
10120,1,1,-15.435,3.005,-1.44,0.28,-1.44,0.28,INF,-1,0,7,0
10140,1,1,-16.042,9.340,-1.50,0.87,-1.50,0.87,INF,-1,0,7,0
10160,1,1,-16.244,-0.277,-1.52,-0.03,-1.52,-0.03,INF,-1,0,7,0
10180,1,1,-21.969,15.222,-2.05,1.42,-2.05,1.42,INF,-1,0,7,0
10200,1,1,-15.829,8.735,-1.48,0.82,-1.48,0.82,INF,-1,0,7,0
10220,1,1,-15.574,16.073,-1.46,1.50,-1.45,1.50,INF,-1,0,7,0
10240,1,1,-15.882,11.456,-1.48,1.07,-1.48,1.07,INF,-1,0,7,0
10260,1,1,-14.753,16.497,-1.38,1.54,-1.38,1.54,INF,-1,0,7,0
10280,1,1,-15.416,19.375,-1.44,1.81,-1.44,1.81,INF,-1,0,7,0
10300,1,1,-15.314,21.301,-1.43,1.99,-1.43,1.99,INF,-1,0,7,0
10320,1,1,-15.996,20.309,-1.49,1.90,-1.49,1.90,INF,-1,0,7,0
10340,1,1,-15.702,21.008,-1.47,1.96,-1.47,1.96,INF,-1,0,7,0
10360,1,1,-15.097,22.859,-1.41,2.13,-1.41,2.14,INF,-1,0,7,0
10380,1,1,-16.244,24.073,-1.52,2.25,-1.52,2.25,INF,-1,0,7,0
10400,1,1,-15.655,25.507,-1.46,2.38,-1.46,2.38,INF,-1,0,7,0
10420,1,1,-15.412,22.481,-1.44,2.10,-1.44,2.10,INF,-1,1,7,0
10440,1,1,-14.974,22.673,-1.40,2.12,-1.40,2.12,INF,-1,1,7,0
10460,1,1,-14.397,22.126,-1.35,2.07,-1.34,2.07,INF,-1,1,7,0
10480,1,1,-13.969,21.727,-1.31,2.03,-1.30,2.03,INF,-1,1,7,0
10500,1,1,-13.949,21.927,-1.30,2.05,-1.30,2.05,INF,-1,1,7,0
10520,1,1,-14.511,20.838,-1.36,1.95,-1.36,1.95,INF,-1,1,7,0
10540,1,1,-12.325,19.626,-1.15,1.83,-1.15,1.83,INF,-1,1,7,0
10560,1,1,-12.624,19.966,-1.18,1.87,-1.18,1.87,INF,-1,1,7,0
10580,1,1,-13.295,21.472,-1.24,2.01,-1.24,2.01,INF,-1,1,7,0
10600,1,1,-13.445,22.496,-1.26,2.10,-1.26,2.10,INF,-1,1,7,0
10620,1,1,-15.633,21.994,-1.46,2.05,-1.46,2.05,INF,-1,1,7,0
10640,1,1,-14.111,24.624,-1.32,2.30,-1.32,2.30,INF,-1,1,7,0
10660,1,1,-16.862,23.957,-1.58,2.24,-1.57,2.24,INF,-1,1,7,0
10680,1,1,-14.271,24.904,-1.33,2.33,-1.33,2.33,INF,-1,1,7,0
10700,1,1,-13.353,23.324,-1.25,2.18,-1.25,2.18,INF,-1,1,7,0
10720,1,1,-13.581,22.645,-1.27,2.12,-1.27,2.12,INF,-1,1,7,0
10740,1,1,-13.542,23.293,-1.27,2.18,-1.26,2.18,INF,-1,1,7,0
10760,1,1,-12.629,22.463,-1.18,2.10,-1.18,2.10,INF,-1,1,7,0
10780,1,1,-11.613,22.272,-1.09,2.08,-1.08,2.08,INF,-1,1,7,0
10800,1,1,-12.170,19.605,-1.14,1.83,-1.14,1.83,INF,-1,1,7,0
10820,1,1,-14.545,22.051,-1.36,2.06,-1.36,2.06,INF,-1,1,7,0
10840,1,1,-12.041,19.754,-1.13,1.85,-1.12,1.85,INF,-1,1,7,0
10860,1,1,-11.937,21.160,-1.12,1.98,-1.11,1.98,INF,-1,1,7,0
10880,1,1,-12.620,21.523,-1.18,2.01,-1.18,2.01,INF,-1,1,7,0
10900,0,1,0.000,0.000,0.00,0.00,0.00,0.00,0.00,-1,1,7,0
10920,1,1,-11.491,20.892,-1.07,1.95,-1.07,1.95,INF,-1,1,7,0
10940,1,1,-10.332,20.056,-0.97,1.87,-0.97,1.87,INF,-1,1,7,0
10960,1,1,-14.679,23.843,-1.37,2.23,-1.37,2.23,INF,-1,1,7,0
10980,1,1,-13.195,18.569,-1.23,1.73,-1.23,1.74,INF,-1,1,7,0
11000,1,1,-11.414,18.470,-1.07,1.73,-1.07,1.73,INF,-1,1,7,0
11020,1,1,-6.946,14.855,-0.65,1.39,-0.65,1.39,INF,-1,1,7,0
11040,0,1,0.000,0.000,0.00,0.00,0.00,0.00,0.00,-1,1,7,0
11060,0,1,0.000,0.000,0.00,0.00,0.00,0.00,0.00,-1,1,7,0
11080,0,1,0.000,0.000,0.00,0.00,0.00,0.00,0.00,-1,1,7,0
11100,0,1,0.000,0.000,0.00,0.00,0.00,0.00,INF,-1,1,7,0
11120,0,1,0.000,0.000,0.00,0.00,0.00,0.00,0.00,-1,0,7,0
11140,0,1,0.000,0.000,0.00,0.00,0.00,0.00,0.00,-1,0,7,0
11160,0,1,0.000,0.000,0.00,0.00,0.00,0.00,0.00,-1,0,7,0
11180,0,1,0.000,0.000,0.00,0.00,0.00,0.00,INF,-1,0,7,0
11200,0,1,0.000,0.000,0.00,0.00,0.00,0.00,0.00,-1,0,7,0
11220,0,1,0.000,0.000,0.00,0.00,0.00,0.00,0.00,-1,0,7,0
11240,0,1,0.000,0.000,0.00,0.00,0.00,0.00,0.00,-1,0,7,0
11260,0,1,0.000,0.000,0.00,0.00,0.00,0.00,0.00,-1,0,7,0
11280,0,1,0.000,0.000,0.00,0.00,0.00,0.00,0.00,-1,0,7,0
11300,0,1,0.000,0.000,0.00,0.00,0.00,0.00,0.00,-1,0,7,0
11320,0,1,0.000,0.000,0.00,0.00,0.00,0.00,0.00,-1,0,7,0
11340,0,1,0.000,0.000,0.00,0.00,0.00,0.00,0.00,-1,0,7,0
11360,0,1,0.000,0.000,0.00,0.00,0.00,0.00,0.00,-1,0,7,0
11380,0,1,0.000,0.000,0.00,0.00,0.00,0.00,0.00,-1,0,7,0
11400,0,1,0.000,0.000,0.00,0.00,0.00,0.00,0.00,-1,0,7,0
11420,0,1,0.000,0.000,0.00,0.00,0.00,0.00,0.00,-1,0,7,0
11440,1,1,-5.449,-19.840,-0.51,-1.85,-0.51,-1.85,INF,-1,0,7,0
11460,0,1,0.000,0.000,0.00,0.00,0.00,0.00,0.00,-1,0,7,0
11480,0,1,0.000,0.000,0.00,0.00,0.00,0.00,0.00,-1,0,7,0
11500,0,1,0.000,0.000,0.00,0.00,0.00,0.00,0.00,-1,0,7,0
11520,0,1,0.000,0.000,0.00,0.00,0.00,0.00,0.00,-1,0,7,0
11540,0,1,0.000,0.000,0.00,0.00,0.00,0.00,0.00,-1,0,7,0
11560,0,1,0.000,0.000,0.00,0.00,0.00,0.00,0.00,-1,0,7,0
11580,0,1,0.000,0.000,0.00,0.00,0.00,0.00,0.00,-1,0,7,0
11600,0,1,0.000,0.000,0.00,0.00,0.00,0.00,0.00,-1,0,7,0
11620,0,1,0.000,0.000,0.00,0.00,0.00,0.00,0.00,-1,0,7,0
11640,0,1,0.000,0.000,0.00,0.00,0.00,0.00,0.00,-1,0,7,0
11660,0,1,0.000,0.000,0.00,0.00,0.00,0.00,0.00,-1,0,7,0
11680,0,1,0.000,0.000,0.00,0.00,0.00,0.00,0.00,-1,0,7,0
11700,0,1,0.000,0.000,0.00,0.00,0.00,0.00,0.00,-1,0,7,0
11720,0,1,0.000,0.000,0.00,0.00,0.00,0.00,0.00,-1,0,7,0
11740,0,1,0.000,0.000,0.00,0.00,0.00,0.00,0.00,-1,0,7,0
11760,0,1,0.000,0.000,0.00,0.00,0.00,0.00,0.00,-1,0,7,0
11780,0,1,0.000,0.000,0.00,0.00,0.00,0.00,0.00,-1,0,7,0
11800,0,1,0.000,0.000,0.00,0.00,0.00,0.00,0.00,-1,0,7,0
11820,0,1,0.000,0.000,0.00,0.00,0.00,0.00,0.00,-1,0,7,0
11840,0,1,0.000,0.000,0.00,0.00,0.00,0.00,0.00,-1,0,7,0
11860,0,1,0.000,0.000,0.00,0.00,0.00,0.00,0.00,-1,0,7,0
11880,0,1,0.000,0.000,0.00,0.00,0.00,0.00,0.00,-1,0,7,0
11900,0,1,0.000,0.000,0.00,0.00,0.00,0.00,0.00,-1,0,7,0
11920,0,1,0.000,0.000,0.00,0.00,0.00,0.00,0.00,-1,0,7,0
11940,0,1,0.000,0.000,0.00,0.00,0.00,0.00,0.00,-1,0,7,0
11960,0,1,0.000,0.000,0.00,0.00,0.00,0.00,0.00,-1,0,7,0
11980,0,1,0.000,0.000,0.00,0.00,0.00,0.00,0.00,-1,0,7,0
12000,0,1,0.000,0.000,0.00,0.00,0.00,0.00,0.00,-1,0,7,0
12020,1,1,-14.827,-77.135,-1.39,-7.17,-1.37,-7.17,INF,-1,0,7,0
12040,0,1,0.000,0.000,0.00,0.00,0.00,0.00,0.00,-1,0,7,0
12060,0,1,0.000,0.000,0.00,0.00,0.00,0.00,0.00,-1,0,7,0
12080,0,1,0.000,0.000,0.00,0.00,0.00,0.00,0.00,-1,0,7,0
12100,1,1,-28.330,1.595,-2.65,0.15,-2.65,0.15,INF,-1,0,7,0
12120,1,1,-25.894,5.482,-2.42,0.51,-2.42,0.51,INF,-1,0,7,0
12140,0,1,0.000,0.000,0.00,0.00,0.00,0.00,0.00,-1,0,7,0
12160,1,1,-24.501,3.026,-2.29,0.28,-2.29,0.28,INF,-1,0,7,0
12180,1,1,-25.022,3.533,-2.34,0.33,-2.34,0.33,INF,-1,0,7,0
12200,0,1,0.000,0.000,0.00,0.00,0.00,0.00,0.00,-1,0,7,0
12220,1,1,-24.694,4.880,-2.31,0.46,-2.31,0.46,INF,-1,0,7,0
12240,1,1,-26.542,2.568,-2.48,0.24,-2.48,0.24,INF,-1,0,7,0
12260,1,1,-25.886,6.989,-2.42,0.65,-2.42,0.65,INF,-1,0,7,0
12280,1,1,-25.931,9.175,-2.42,0.86,-2.42,0.86,INF,-1,0,7,0
12300,1,1,-24.973,8.909,-2.33,0.83,-2.33,0.83,INF,-1,0,7,0
12320,1,1,-26.711,8.337,-2.50,0.78,-2.49,0.78,INF,-1,0,7,0
12340,1,1,-25.719,8.362,-2.40,0.78,-2.40,0.78,INF,-1,0,7,0
12360,1,1,-25.423,9.945,-2.37,0.93,-2.37,0.93,INF,-1,0,7,0
12380,1,1,-24.630,9.790,-2.30,0.91,-2.30,0.91,INF,-1,1,7,0
12400,1,1,-25.360,8.419,-2.37,0.79,-2.37,0.79,INF,-1,1,7,0
12420,1,1,-26.220,9.602,-2.45,0.90,-2.45,0.90,INF,-1,1,7,0
12440,1,1,-23.650,8.372,-2.21,0.78,-2.21,0.78,INF,-1,1,7,0
12460,1,1,-23.874,6.916,-2.23,0.65,-2.23,0.65,INF,-1,1,7,0
12480,1,1,-22.771,4.350,-2.13,0.41,-2.13,0.41,INF,-1,1,7,0
12500,1,1,-23.459,3.742,-2.19,0.35,-2.19,0.35,INF,-1,1,7,0
12520,1,1,-24.745,8.890,-2.31,0.83,-2.31,0.83,INF,-1,1,7,0
12540,1,1,-23.623,10.298,-2.21,0.96,-2.21,0.96,INF,-1,1,7,0
12560,1,1,-23.535,6.048,-2.20,0.56,-2.20,0.57,INF,-1,1,7,0
12580,1,1,-22.538,6.241,-2.11,0.58,-2.11,0.58,INF,-1,1,7,0
12600,1,1,-23.431,6.803,-2.19,0.64,-2.19,0.64,INF,-1,1,7,0
12620,1,1,-24.496,8.430,-2.29,0.79,-2.29,0.79,INF,-1,1,7,0
12640,1,1,-22.418,4.139,-2.09,0.39,-2.09,0.39,INF,-1,1,7,0
12660,0,1,0.000,0.000,0.00,0.00,0.00,0.00,0.00,-1,1,7,0
12680,0,1,0.000,0.000,0.00,0.00,0.00,0.00,0.00,-1,1,7,0
12700,0,1,0.000,0.000,0.00,0.00,0.00,0.00,0.00,-1,1,7,0
12720,0,1,0.000,0.000,0.00,0.00,0.00,0.00,0.00,-1,1,7,0
12740,0,1,0.000,0.000,0.00,0.00,0.00,0.00,0.00,-1,0,7,0
12760,0,1,0.000,0.000,0.00,0.00,0.00,0.00,0.00,-1,0,7,0
12780,0,1,0.000,0.000,0.00,0.00,0.00,0.00,0.00,-1,0,7,0
12800,0,1,0.000,0.000,0.00,0.00,0.00,0.00,0.00,-1,0,7,0
12820,0,1,0.000,0.000,0.00,0.00,0.00,0.00,0.00,-1,0,7,0
12840,0,1,0.000,0.000,0.00,0.00,0.00,0.00,0.00,-1,0,7,0
12860,1,1,-17.643,4.268,-1.65,0.40,-1.65,0.40,INF,-1,0,7,0
12880,0,1,0.000,0.000,0.00,0.00,0.00,0.00,0.00,-1,0,7,0
12900,1,1,-21.415,16.220,-2.00,1.51,-2.00,1.52,INF,-1,0,7,0
12920,1,1,-24.252,15.801,-2.27,1.48,-2.26,1.48,INF,-1,0,7,0
12940,0,1,0.000,0.000,0.00,0.00,0.00,0.00,0.00,-1,0,7,0
12960,1,1,-25.075,11.705,-2.34,1.09,-2.34,1.09,INF,-1,0,7,0
12980,1,1,-27.994,10.831,-2.61,1.01,-2.61,1.01,INF,-1,0,7,0
13000,0,1,0.000,0.000,0.00,0.00,0.00,0.00,0.00,-1,0,7,0
13020,1,1,-29.288,12.798,-2.74,1.19,-2.73,1.20,INF,-1,0,7,0
13040,1,1,-27.628,17.059,-2.58,1.59,-2.58,1.59,INF,-1,0,7,0
13060,0,1,0.000,0.000,0.00,0.00,0.00,0.00,0.00,-1,0,7,0
13080,0,1,0.000,0.000,0.00,0.00,0.00,0.00,0.00,-1,0,7,0
13100,1,1,-23.315,18.042,-2.18,1.68,-2.18,1.69,INF,-1,0,7,0
13120,1,1,-25.170,19.026,-2.35,1.78,-2.35,1.78,INF,-1,0,7,0
13140,1,1,-18.907,15.373,-1.77,1.44,-1.77,1.44,INF,-1,0,7,0
13160,1,1,-19.519,17.757,-1.82,1.66,-1.82,1.66,INF,-1,0,7,0
13180,1,1,-16.805,10.195,-1.57,0.95,-1.57,0.95,INF,-1,1,7,0
13200,0,1,0.000,0.000,0.00,0.00,0.00,0.00,0.00,-1,1,7,0
13220,0,1,0.000,0.000,0.00,0.00,0.00,0.00,0.00,-1,1,7,0
13240,1,1,13.144,49.528,1.23,4.62,1.22,4.62,INF,-1,1,7,0
13260,0,1,0.000,0.000,0.00,0.00,0.00,0.00,0.00,-1,1,7,0
13280,0,1,0.000,0.000,0.00,0.00,0.00,0.00,0.00,-1,0,7,0
13300,0,1,0.000,0.000,0.00,0.00,0.00,0.00,0.00,-1,0,7,0
13320,1,1,3.866,-3.083,0.36,-0.29,0.36,-0.29,INF,-1,0,7,0
13340,1,1,-32.518,16.045,-3.04,1.50,-3.04,1.50,INF,-1,0,7,0
13360,0,1,0.000,0.000,0.00,0.00,0.00,0.00,0.00,-1,0,7,0
13380,1,1,-28.565,13.401,-2.67,1.25,-2.67,1.25,INF,-1,0,7,0
13400,1,1,-29.301,15.971,-2.74,1.49,-2.74,1.49,INF,-1,0,7,0
13420,1,1,-32.192,22.131,-3.01,2.06,-3.00,2.07,INF,-1,0,7,0
13440,1,1,-28.253,14.435,-2.64,1.35,-2.64,1.35,INF,-1,0,7,0
13460,1,1,-29.304,16.338,-2.74,1.52,-2.74,1.53,INF,-1,0,7,0
13480,1,1,-28.535,14.962,-2.67,1.40,-2.66,1.40,INF,-1,0,7,0
13500,1,1,-24.740,13.905,-2.31,1.30,-2.31,1.30,INF,-1,0,7,0
13520,0,1,0.000,0.000,0.00,0.00,0.00,0.00,0.00,-1,0,7,0
13540,0,1,0.000,0.000,0.00,0.00,0.00,0.00,0.00,-1,0,7,0
13560,0,1,0.000,0.000,0.00,0.00,0.00,0.00,0.00,-1,0,7,0
13580,0,1,0.000,0.000,0.00,0.00,0.00,0.00,INF,-1,0,7,0
13600,0,1,0.000,0.000,0.00,0.00,0.00,0.00,0.00,-1,0,7,0
13620,0,1,0.000,0.000,0.00,0.00,0.00,0.00,INF,-1,0,7,0
13640,0,1,0.000,0.000,0.00,0.00,0.00,0.00,0.00,-1,0,7,0
13660,0,1,0.000,0.000,0.00,0.00,0.00,0.00,0.00,-1,0,7,0
13680,0,1,0.000,0.000,0.00,0.00,0.00,0.00,0.00,-1,0,7,0
13700,0,1,0.000,0.000,0.00,0.00,0.00,0.00,0.00,-1,0,7,0
13720,0,1,0.000,0.000,0.00,0.00,0.00,0.00,0.00,-1,0,7,0
13740,0,1,0.000,0.000,0.00,0.00,0.00,0.00,INF,-1,0,7,0
13760,0,1,0.000,0.000,0.00,0.00,0.00,0.00,0.00,-1,0,7,0
13780,0,1,0.000,0.000,0.00,0.00,0.00,0.00,0.00,-1,0,7,0
13800,0,1,0.000,0.000,0.00,0.00,0.00,0.00,0.00,-1,0,7,0
13820,0,1,0.000,0.000,0.00,0.00,0.00,0.00,0.00,-1,0,7,0
13840,0,1,0.000,0.000,0.00,0.00,0.00,0.00,0.00,-1,0,7,0
13860,0,1,0.000,0.000,0.00,0.00,0.00,0.00,0.00,-1,0,7,0
13880,0,1,0.000,0.000,0.00,0.00,0.00,0.00,0.00,-1,0,7,0
13900,0,1,0.000,0.000,0.00,0.00,0.00,0.00,0.00,-1,0,7,0
13920,0,1,0.000,0.000,0.00,0.00,0.00,0.00,0.00,-1,0,7,0
13940,0,1,0.000,0.000,0.00,0.00,0.00,0.00,0.00,-1,0,7,0
13960,0,1,0.000,0.000,0.00,0.00,0.00,0.00,0.00,-1,0,7,0
13980,1,1,13.198,-21.806,1.23,-2.04,1.23,-2.04,INF,-1,0,7,0
14000,1,1,14.497,-0.033,1.35,0.00,1.35,0.00,INF,-1,0,7,0
14020,1,1,14.174,-1.368,1.32,-0.13,1.32,-0.13,INF,-1,0,7,0
14040,1,1,12.483,-4.284,1.17,-0.40,1.17,-0.40,INF,-1,0,7,0
14060,1,1,11.287,-4.940,1.05,-0.46,1.05,-0.46,INF,-1,0,7,0
14080,1,1,16.705,-3.016,1.56,-0.28,1.56,-0.28,INF,-1,0,7,0
14100,1,1,14.047,-18.724,1.31,-1.75,1.31,-1.75,INF,-1,0,7,0
14120,1,1,16.953,-8.366,1.58,-0.78,1.58,-0.78,INF,-1,0,7,0
14140,1,1,15.718,-11.874,1.47,-1.11,1.47,-1.11,INF,-1,0,7,0
14160,1,1,18.630,-7.594,1.74,-0.71,1.74,-0.71,INF,-1,0,7,0
14180,1,1,18.060,-7.945,1.69,-0.74,1.69,-0.74,INF,-1,0,7,0
14200,1,1,18.293,-6.629,1.71,-0.62,1.71,-0.62,INF,-1,0,7,0
14220,1,1,21.472,-5.492,2.01,-0.51,2.01,-0.51,INF,-1,0,7,0
14240,1,1,18.798,-2.221,1.76,-0.21,1.76,-0.21,INF,-1,0,7,0
14260,1,1,14.136,-8.819,1.32,-0.82,1.32,-0.82,INF,-1,0,7,0
14280,1,1,15.332,-4.214,1.43,-0.39,1.43,-0.39,INF,-1,1,7,0
14300,1,1,14.868,-3.743,1.39,-0.35,1.39,-0.35,INF,-1,1,7,0
14320,1,1,43.153,10.307,4.03,0.96,4.03,0.96,INF,-1,1,7,0
14340,1,1,47.208,7.217,4.40,0.67,4.40,0.67,INF,-1,1,7,0
14360,0,1,0.000,0.000,0.00,0.00,0.00,0.00,0.00,-1,1,7,0
14380,1,1,41.896,3.432,3.91,0.32,3.91,0.32,INF,-1,1,7,0
14400,0,1,0.000,0.000,0.00,0.00,0.00,0.00,0.00,-1,0,7,0
14420,1,1,45.953,-3.493,4.29,-0.33,4.29,-0.33,INF,-1,0,7,0
14440,1,1,43.422,4.034,4.05,0.38,4.05,0.38,INF,-1,0,7,0
14460,1,1,43.611,3.108,4.07,0.29,4.07,0.29,INF,-1,0,7,0
14480,1,1,41.289,-2.505,3.85,-0.23,3.85,-0.23,INF,-1,0,7,0
14500,1,1,46.155,-1.977,4.31,-0.18,4.31,-0.18,INF,-1,0,7,0
14520,1,1,45.478,-1.413,4.24,-0.13,4.24,-0.13,INF,-1,0,7,0
14540,1,1,44.377,-4.593,4.14,-0.43,4.14,-0.43,INF,-1,0,7,0
14560,1,1,42.726,0.952,3.99,0.09,3.99,0.09,INF,-1,0,7,0
14580,1,1,41.976,-3.108,3.92,-0.29,3.92,-0.29,INF,-1,0,7,0
14600,0,1,0.000,0.000,0.00,0.00,0.00,0.00,0.00,-1,1,7,0
14620,0,1,0.000,0.000,0.00,0.00,0.00,0.00,0.00,-1,1,7,0
14640,0,1,0.000,0.000,0.00,0.00,0.00,0.00,0.00,-1,1,7,0
14660,0,1,0.000,0.000,0.00,0.00,0.00,0.00,0.00,-1,1,7,0
14680,0,1,0.000,0.000,0.00,0.00,0.00,0.00,0.00,-1,0,7,0
14700,0,1,0.000,0.000,0.00,0.00,0.00,0.00,0.00,-1,0,7,0
14720,0,1,0.000,0.000,0.00,0.00,0.00,0.00,0.00,-1,0,7,0
14740,0,1,0.000,0.000,0.00,0.00,0.00,0.00,0.00,-1,0,7,0
14760,0,1,0.000,0.000,0.00,0.00,0.00,0.00,0.00,-1,0,7,0
14780,0,1,0.000,0.000,0.00,0.00,0.00,0.00,0.00,-1,0,7,0
14800,0,1,0.000,0.000,0.00,0.00,0.00,0.00,0.00,-1,0,7,0
14820,0,1,0.000,0.000,0.00,0.00,0.00,0.00,0.00,-1,0,7,0
14840,0,1,0.000,0.000,0.00,0.00,0.00,0.00,0.00,-1,0,7,0
14860,0,1,0.000,0.000,0.00,0.00,0.00,0.00,0.00,-1,0,7,0
14880,0,1,0.000,0.000,0.00,0.00,0.00,0.00,0.00,-1,0,7,0
14900,0,1,0.000,0.000,0.00,0.00,0.00,0.00,0.00,-1,0,7,0
14920,0,1,0.000,0.000,0.00,0.00,0.00,0.00,0.00,-1,0,7,0
14940,0,1,0.000,0.000,0.00,0.00,0.00,0.00,0.00,-1,0,7,0
14960,1,1,33.006,-14.699,3.08,-1.37,3.08,-1.37,INF,-1,0,7,0
14980,0,1,0.000,0.000,0.00,0.00,0.00,0.00,0.00,-1,0,7,0
15000,1,1,27.225,-8.579,2.54,-0.80,2.54,-0.80,INF,-1,0,7,0
