"EyeTracker Toolbox version","3.250"
CalibrationParameters_A11,1.01674
CalibrationParameters_A12,0.06051
CalibrationParameters_A13,0.04046
CalibrationParameters_A21,0.01687
CalibrationParameters_A22,-1.03787
CalibrationParameters_A23,-0.07394
CalibrationParameters_A31,0.00045
CalibrationParameters_A32,0.00069
CalibrationParameters_E11,-0.17991
CalibrationParameters_E12,-0.00003
CalibrationParameters_E21,0.00010
CalibrationParameters_E22,0.19982
CalibrationParameters_X,-12.53497
CalibrationParameters_Y,-13.16674
CalibrationParameters_Rpc,89.17355
CalibrationParameters_MeanX,192.93327
CalibrationParameters_MeanY,122.53583
CalibrationParameters_ViewDist,613.00000
TimeStamp,Tracked,Calibrated,ScreenPositionXmm,ScreenPositionYmm,FicksLongitude,FicksLatitude,HelmholtzAzimuth,HelmholtzElevation,PupilDiameter,Region,Fixation,DigitalIO,Dropped
0,1,1,-9.352,1.829,-0.87,0.17,-0.87,0.17,INF,-1,0,7,0
20,1,1,-10.419,1.531,-0.97,0.14,-0.97,0.14,INF,-1,0,7,0
40,1,1,-9.940,-0.851,-0.93,-0.08,-0.93,-0.08,INF,-1,0,7,0
60,1,1,-8.168,-0.355,-0.76,-0.03,-0.76,-0.03,INF,-1,0,7,0
80,1,1,-8.708,-0.500,-0.81,-0.05,-0.81,-0.05,INF,-1,0,7,0
100,1,1,-8.808,-0.624,-0.82,-0.06,-0.82,-0.06,INF,-1,0,7,0
120,1,1,-7.791,-1.344,-0.73,-0.13,-0.73,-0.13,INF,-1,0,7,0
140,1,1,-10.060,-1.373,-0.94,-0.13,-0.94,-0.13,INF,-1,0,7,0
160,1,1,-8.721,-0.275,-0.82,-0.03,-0.82,-0.03,INF,-1,0,7,0
180,1,1,-8.107,-2.356,-0.76,-0.22,-0.76,-0.22,INF,-1,0,7,0
200,1,1,-7.602,-2.727,-0.71,-0.25,-0.71,-0.25,INF,-1,0,7,0
220,1,1,-7.310,0.463,-0.68,0.04,-0.68,0.04,INF,-1,0,7,0
240,1,1,-8.073,-1.160,-0.75,-0.11,-0.75,-0.11,INF,-1,0,7,0
260,1,1,-6.467,-2.823,-0.60,-0.26,-0.60,-0.26,INF,-1,0,7,0
280,1,1,-7.446,-0.498,-0.70,-0.05,-0.70,-0.05,INF,-1,1,7,0
300,1,1,-7.164,-2.483,-0.67,-0.23,-0.67,-0.23,INF,-1,1,7,0
320,1,1,-6.635,-0.081,-0.62,-0.01,-0.62,-0.01,INF,-1,1,7,0
340,1,1,-6.186,-2.753,-0.58,-0.26,-0.58,-0.26,INF,-1,1,7,0
360,1,1,-7.124,-1.875,-0.67,-0.18,-0.67,-0.18,INF,-1,1,7,0
380,1,1,-6.428,-0.385,-0.60,-0.04,-0.60,-0.04,INF,-1,1,7,0
400,1,1,-5.031,-3.162,-0.47,-0.30,-0.47,-0.30,INF,-1,1,7,0
420,1,1,-2.165,-5.557,-0.20,-0.52,-0.20,-0.52,INF,-1,1,7,0
440,1,1,-0.693,-6.640,-0.06,-0.62,-0.06,-0.62,INF,-1,1,7,0
460,1,1,0.210,-4.443,0.02,-0.42,0.02,-0.42,INF,-1,1,7,0
480,1,1,-1.394,-3.340,-0.13,-0.31,-0.13,-0.31,INF,-1,1,7,0
500,1,1,1.028,-4.955,0.10,-0.46,0.10,-0.46,INF,-1,1,7,0
520,1,1,0.808,-5.351,0.08,-0.50,0.08,-0.50,INF,-1,1,7,0
540,1,1,1.177,-2.071,0.11,-0.19,0.11,-0.19,INF,-1,1,7,0
560,1,1,0.390,-6.538,0.04,-0.61,0.04,-0.61,INF,-1,1,7,0
580,1,1,0.569,-2.663,0.05,-0.25,0.05,-0.25,INF,-1,1,7,0
600,1,1,2.020,-8.024,0.19,-0.75,0.19,-0.75,INF,-1,1,7,0
620,1,1,1.332,-8.055,0.12,-0.75,0.12,-0.75,INF,-1,1,7,0
640,1,1,0.817,-6.766,0.08,-0.63,0.08,-0.63,INF,-1,0,7,0
660,1,1,3.315,-6.895,0.31,-0.64,0.31,-0.64,INF,-1,0,7,0
680,1,1,3.207,-8.676,0.30,-0.81,0.30,-0.81,INF,-1,0,7,0
700,1,1,2.445,-8.470,0.23,-0.79,0.23,-0.79,INF,-1,0,7,0
720,1,1,1.917,-8.679,0.18,-0.81,0.18,-0.81,INF,-1,0,7,0
740,1,1,2.078,-9.696,0.19,-0.91,0.19,-0.91,INF,-1,0,7,0
760,1,1,1.538,-10.941,0.14,-1.02,0.14,-1.02,INF,-1,0,7,0
780,1,1,0.656,-7.602,0.06,-0.71,0.06,-0.71,INF,-1,0,7,0
800,1,1,1.498,-8.665,0.14,-0.81,0.14,-0.81,INF,-1,0,7,0
820,1,1,0.808,-9.169,0.08,-0.86,0.08,-0.86,INF,-1,0,7,0
840,1,1,1.635,-6.745,0.15,-0.63,0.15,-0.63,INF,-1,0,7,0
860,1,1,-0.339,-6.782,-0.03,-0.63,-0.03,-0.63,INF,-1,0,7,0
880,1,1,-0.647,-10.146,-0.06,-0.95,-0.06,-0.95,INF,-1,1,7,0
900,1,1,-2.004,-8.958,-0.19,-0.84,-0.19,-0.84,INF,-1,1,7,0
920,1,1,-1.119,-10.210,-0.10,-0.95,-0.10,-0.95,INF,-1,1,7,0
940,1,1,-0.977,-10.019,-0.09,-0.94,-0.09,-0.94,INF,-1,1,7,0
960,1,1,0.010,-7.921,0.00,-0.74,0.00,-0.74,INF,-1,1,7,0
980,1,1,-1.249,-8.645,-0.12,-0.81,-0.12,-0.81,INF,-1,1,7,0
1000,1,1,-2.837,-7.979,-0.27,-0.75,-0.27,-0.75,INF,-1,1,7,0
1020,1,1,-16.681,-14.327,-1.56,-1.34,-1.56,-1.34,INF,-1,1,7,0
1040,0,1,0.000,0.000,0.00,0.00,0.00,0.00,0.00,-1,1,7,0
1060,0,1,0.000,0.000,0.00,0.00,0.00,0.00,0.00,-1,1,7,0
1080,0,1,0.000,0.000,0.00,0.00,0.00,0.00,0.00,-1,1,7,0
1100,0,1,0.000,0.000,0.00,0.00,0.00,0.00,0.00,-1,0,7,0
1120,0,1,0.000,0.000,0.00,0.00,0.00,0.00,0.00,-1,0,7,0
1140,0,1,0.000,0.000,0.00,0.00,0.00,0.00,0.00,-1,0,7,0
1160,0,1,0.000,0.000,0.00,0.00,0.00,0.00,0.00,-1,0,7,0
1180,0,1,0.000,0.000,0.00,0.00,0.00,0.00,0.00,-1,0,7,0
1200,0,1,0.000,0.000,0.00,0.00,0.00,0.00,0.00,-1,0,7,0
1220,0,1,0.000,0.000,0.00,0.00,0.00,0.00,0.00,-1,0,7,0
1240,0,1,0.000,0.000,0.00,0.00,0.00,0.00,0.00,-1,0,7,0
1260,0,1,0.000,0.000,0.00,0.00,0.00,0.00,0.00,-1,0,7,0
1280,0,1,0.000,0.000,0.00,0.00,0.00,0.00,0.00,-1,0,7,0
1300,0,1,0.000,0.000,0.00,0.00,0.00,0.00,0.00,-1,0,7,0
1320,0,1,0.000,0.000,0.00,0.00,0.00,0.00,0.00,-1,0,7,0
1340,0,1,0.000,0.000,0.00,0.00,0.00,0.00,0.00,-1,0,7,0
1360,0,1,0.000,0.000,0.00,0.00,0.00,0.00,0.00,-1,0,7,0
1380,0,1,0.000,0.000,0.00,0.00,0.00,0.00,0.00,-1,0,7,0
1400,0,1,0.000,0.000,0.00,0.00,0.00,0.00,0.00,-1,0,7,0
1420,0,1,0.000,0.000,0.00,0.00,0.00,0.00,0.00,-1,0,7,0
1440,0,1,0.000,0.000,0.00,0.00,0.00,0.00,0.00,-1,0,7,0
1460,0,1,0.000,0.000,0.00,0.00,0.00,0.00,0.00,-1,0,7,0
1480,0,1,0.000,0.000,0.00,0.00,0.00,0.00,0.00,-1,0,7,0
1500,0,1,0.000,0.000,0.00,0.00,0.00,0.00,0.00,-1,0,7,0
1520,0,1,0.000,0.000,0.00,0.00,0.00,0.00,0.00,-1,0,7,0
1540,0,1,0.000,0.000,0.00,0.00,0.00,0.00,0.00,-1,0,7,0
1560,0,1,0.000,0.000,0.00,0.00,0.00,0.00,0.00,-1,0,7,0
1580,0,1,0.000,0.000,0.00,0.00,0.00,0.00,0.00,-1,0,7,0
1600,0,1,0.000,0.000,0.00,0.00,0.00,0.00,0.00,-1,0,7,0
1620,0,1,0.000,0.000,0.00,0.00,0.00,0.00,0.00,-1,0,7,0
1640,0,1,0.000,0.000,0.00,0.00,0.00,0.00,0.00,-1,0,7,0
1660,0,1,0.000,0.000,0.00,0.00,0.00,0.00,0.00,-1,0,7,0
1680,0,1,0.000,0.000,0.00,0.00,0.00,0.00,0.00,-1,0,7,0
1700,0,1,0.000,0.000,0.00,0.00,0.00,0.00,0.00,-1,0,7,0
1720,0,1,0.000,0.000,0.00,0.00,0.00,0.00,0.00,-1,0,7,0
1740,0,1,0.000,0.000,0.00,0.00,0.00,0.00,0.00,-1,0,7,0
1760,0,1,0.000,0.000,0.00,0.00,0.00,0.00,0.00,-1,0,7,0
1780,0,1,0.000,0.000,0.00,0.00,0.00,0.00,0.00,-1,0,7,0
1800,0,1,0.000,0.000,0.00,0.00,0.00,0.00,0.00,-1,0,7,0
1820,0,1,0.000,0.000,0.00,0.00,0.00,0.00,0.00,-1,0,7,0
1840,0,1,0.000,0.000,0.00,0.00,0.00,0.00,0.00,-1,0,7,0
1860,0,1,0.000,0.000,0.00,0.00,0.00,0.00,0.00,-1,0,7,0
1880,0,1,0.000,0.000,0.00,0.00,0.00,0.00,0.00,-1,0,7,0
1900,0,1,0.000,0.000,0.00,0.00,0.00,0.00,0.00,-1,0,7,0
1920,0,1,0.000,0.000,0.00,0.00,0.00,0.00,0.00,-1,0,7,0
1940,0,1,0.000,0.000,0.00,0.00,0.00,0.00,0.00,-1,0,7,0
1960,0,1,0.000,0.000,0.00,0.00,0.00,0.00,0.00,-1,0,7,0
1980,0,1,0.000,0.000,0.00,0.00,0.00,0.00,0.00,-1,0,7,0
2000,0,1,0.000,0.000,0.00,0.00,0.00,0.00,0.00,-1,0,7,0
2020,0,1,0.000,0.000,0.00,0.00,0.00,0.00,0.00,-1,0,7,0
2040,0,1,0.000,0.000,0.00,0.00,0.00,0.00,0.00,-1,0,7,0
2060,0,1,0.000,0.000,0.00,0.00,0.00,0.00,0.00,-1,0,7,0
2080,0,1,0.000,0.000,0.00,0.00,0.00,0.00,0.00,-1,0,7,0
2100,0,1,0.000,0.000,0.00,0.00,0.00,0.00,0.00,-1,0,7,0
2120,0,1,0.000,0.000,0.00,0.00,0.00,0.00,0.00,-1,0,7,0
2140,0,1,0.000,0.000,0.00,0.00,0.00,0.00,0.00,-1,0,7,0
2160,0,1,0.000,0.000,0.00,0.00,0.00,0.00,0.00,-1,0,7,0
2180,0,1,0.000,0.000,0.00,0.00,0.00,0.00,0.00,-1,0,7,0
2200,0,1,0.000,0.000,0.00,0.00,0.00,0.00,0.00,-1,0,7,0
2220,0,1,0.000,0.000,0.00,0.00,0.00,0.00,0.00,-1,0,7,0
2240,0,1,0.000,0.000,0.00,0.00,0.00,0.00,0.00,-1,0,7,0
2260,0,1,0.000,0.000,0.00,0.00,0.00,0.00,0.00,-1,0,7,0
2280,0,1,0.000,0.000,0.00,0.00,0.00,0.00,0.00,-1,0,7,0
2300,0,1,0.000,0.000,0.00,0.00,0.00,0.00,0.00,-1,0,7,0
2320,0,1,0.000,0.000,0.00,0.00,0.00,0.00,0.00,-1,0,7,0
2340,0,1,0.000,0.000,0.00,0.00,0.00,0.00,0.00,-1,0,7,0
2360,0,1,0.000,0.000,0.00,0.00,0.00,0.00,0.00,-1,0,7,0
2380,0,1,0.000,0.000,0.00,0.00,0.00,0.00,0.00,-1,0,7,0
2400,0,1,0.000,0.000,0.00,0.00,0.00,0.00,0.00,-1,0,7,0
2420,0,1,0.000,0.000,0.00,0.00,0.00,0.00,0.00,-1,0,7,0
2440,0,1,0.000,0.000,0.00,0.00,0.00,0.00,0.00,-1,0,7,0
2460,0,1,0.000,0.000,0.00,0.00,0.00,0.00,0.00,-1,0,7,0
2480,0,1,0.000,0.000,0.00,0.00,0.00,0.00,0.00,-1,0,7,0
2500,0,1,0.000,0.000,0.00,0.00,0.00,0.00,0.00,-1,0,7,0
2520,0,1,0.000,0.000,0.00,0.00,0.00,0.00,0.00,-1,0,7,0
2540,0,1,0.000,0.000,0.00,0.00,0.00,0.00,0.00,-1,0,7,0
2560,0,1,0.000,0.000,0.00,0.00,0.00,0.00,0.00,-1,0,7,0
2580,0,1,0.000,0.000,0.00,0.00,0.00,0.00,0.00,-1,0,7,0
2600,0,1,0.000,0.000,0.00,0.00,0.00,0.00,0.00,-1,0,7,0
2620,0,1,0.000,0.000,0.00,0.00,0.00,0.00,0.00,-1,0,7,0
2640,0,1,0.000,0.000,0.00,0.00,0.00,0.00,0.00,-1,0,7,0
2660,0,1,0.000,0.000,0.00,0.00,0.00,0.00,0.00,-1,0,7,0
2680,0,1,0.000,0.000,0.00,0.00,0.00,0.00,0.00,-1,0,7,0
2700,0,1,0.000,0.000,0.00,0.00,0.00,0.00,0.00,-1,0,7,0
2720,0,1,0.000,0.000,0.00,0.00,0.00,0.00,0.00,-1,0,7,0
2740,0,1,0.000,0.000,0.00,0.00,0.00,0.00,0.00,-1,0,7,0
2760,0,1,0.000,0.000,0.00,0.00,0.00,0.00,0.00,-1,0,7,0
2780,0,1,0.000,0.000,0.00,0.00,0.00,0.00,0.00,-1,0,7,0
2800,0,1,0.000,0.000,0.00,0.00,0.00,0.00,0.00,-1,0,7,0
2820,0,1,0.000,0.000,0.00,0.00,0.00,0.00,0.00,-1,0,7,0
2840,0,1,0.000,0.000,0.00,0.00,0.00,0.00,0.00,-1,0,7,0
2860,0,1,0.000,0.000,0.00,0.00,0.00,0.00,0.00,-1,0,7,0
2880,0,1,0.000,0.000,0.00,0.00,0.00,0.00,0.00,-1,0,7,0
2900,0,1,0.000,0.000,0.00,0.00,0.00,0.00,0.00,-1,0,7,0
2920,0,1,0.000,0.000,0.00,0.00,0.00,0.00,0.00,-1,0,7,0
2940,0,1,0.000,0.000,0.00,0.00,0.00,0.00,0.00,-1,0,7,0
2960,0,1,0.000,0.000,0.00,0.00,0.00,0.00,0.00,-1,0,7,0
2980,0,1,0.000,0.000,0.00,0.00,0.00,0.00,0.00,-1,0,7,0
3000,0,1,0.000,0.000,0.00,0.00,0.00,0.00,0.00,-1,0,7,0
3020,0,1,0.000,0.000,0.00,0.00,0.00,0.00,0.00,-1,0,7,0
3040,0,1,0.000,0.000,0.00,0.00,0.00,0.00,0.00,-1,0,7,0
3060,0,1,0.000,0.000,0.00,0.00,0.00,0.00,0.00,-1,0,7,0
3080,0,1,0.000,0.000,0.00,0.00,0.00,0.00,0.00,-1,0,7,0
3100,0,1,0.000,0.000,0.00,0.00,0.00,0.00,0.00,-1,0,7,0
3120,0,1,0.000,0.000,0.00,0.00,0.00,0.00,0.00,-1,0,7,0
3140,0,1,0.000,0.000,0.00,0.00,0.00,0.00,0.00,-1,0,7,0
3160,0,1,0.000,0.000,0.00,0.00,0.00,0.00,0.00,-1,0,7,0
3180,0,1,0.000,0.000,0.00,0.00,0.00,0.00,0.00,-1,0,7,0
3200,0,1,0.000,0.000,0.00,0.00,0.00,0.00,0.00,-1,0,7,0
3220,0,1,0.000,0.000,0.00,0.00,0.00,0.00,0.00,-1,0,7,0
3240,0,1,0.000,0.000,0.00,0.00,0.00,0.00,0.00,-1,0,7,0
3260,0,1,0.000,0.000,0.00,0.00,0.00,0.00,0.00,-1,0,7,0
3280,0,1,0.000,0.000,0.00,0.00,0.00,0.00,0.00,-1,0,7,0
3300,0,1,0.000,0.000,0.00,0.00,0.00,0.00,0.00,-1,0,7,0
3320,0,1,0.000,0.000,0.00,0.00,0.00,0.00,0.00,-1,0,7,0
3340,0,1,0.000,0.000,0.00,0.00,0.00,0.00,0.00,-1,0,7,0
3360,0,1,0.000,0.000,0.00,0.00,0.00,0.00,0.00,-1,0,7,0
3380,0,1,0.000,0.000,0.00,0.00,0.00,0.00,0.00,-1,0,7,0
3400,0,1,0.000,0.000,0.00,0.00,0.00,0.00,0.00,-1,0,7,0
3420,0,1,0.000,0.000,0.00,0.00,0.00,0.00,0.00,-1,0,7,0
3440,0,1,0.000,0.000,0.00,0.00,0.00,0.00,0.00,-1,0,7,0
3460,0,1,0.000,0.000,0.00,0.00,0.00,0.00,0.00,-1,0,7,0
3480,0,1,0.000,0.000,0.00,0.00,0.00,0.00,0.00,-1,0,7,0
3500,0,1,0.000,0.000,0.00,0.00,0.00,0.00,0.00,-1,0,7,0
3520,0,1,0.000,0.000,0.00,0.00,0.00,0.00,0.00,-1,0,7,0
3540,0,1,0.000,0.000,0.00,0.00,0.00,0.00,0.00,-1,0,7,0
3560,0,1,0.000,0.000,0.00,0.00,0.00,0.00,0.00,-1,0,7,0
3580,0,1,0.000,0.000,0.00,0.00,0.00,0.00,0.00,-1,0,7,0
3600,0,1,0.000,0.000,0.00,0.00,0.00,0.00,0.00,-1,0,7,0
3620,0,1,0.000,0.000,0.00,0.00,0.00,0.00,0.00,-1,0,7,0
3640,0,1,0.000,0.000,0.00,0.00,0.00,0.00,0.00,-1,0,7,0
3660,0,1,0.000,0.000,0.00,0.00,0.00,0.00,0.00,-1,0,7,0
3680,0,1,0.000,0.000,0.00,0.00,0.00,0.00,0.00,-1,0,7,0
3700,0,1,0.000,0.000,0.00,0.00,0.00,0.00,INF,-1,0,7,0
3720,0,1,0.000,0.000,0.00,0.00,0.00,0.00,0.00,-1,0,7,0
3740,0,1,0.000,0.000,0.00,0.00,0.00,0.00,0.00,-1,0,7,0
3760,0,1,0.000,0.000,0.00,0.00,0.00,0.00,0.00,-1,0,7,0
3780,0,1,0.000,0.000,0.00,0.00,0.00,0.00,0.00,-1,0,7,0
3800,0,1,0.000,0.000,0.00,0.00,0.00,0.00,0.00,-1,0,7,0
3820,0,1,0.000,0.000,0.00,0.00,0.00,0.00,0.00,-1,0,7,0
3840,0,1,0.000,0.000,0.00,0.00,0.00,0.00,0.00,-1,0,7,0
3860,0,1,0.000,0.000,0.00,0.00,0.00,0.00,0.00,-1,0,7,0
3880,0,1,0.000,0.000,0.00,0.00,0.00,0.00,0.00,-1,0,7,0
3900,0,1,0.000,0.000,0.00,0.00,0.00,0.00,0.00,-1,0,7,0
3920,0,1,0.000,0.000,0.00,0.00,0.00,0.00,0.00,-1,0,7,0
3940,0,1,0.000,0.000,0.00,0.00,0.00,0.00,0.00,-1,0,7,0
3960,0,1,0.000,0.000,0.00,0.00,0.00,0.00,0.00,-1,0,7,0
3980,0,1,0.000,0.000,0.00,0.00,0.00,0.00,0.00,-1,0,7,0
4000,0,1,0.000,0.000,0.00,0.00,0.00,0.00,0.00,-1,0,7,0
4020,0,1,0.000,0.000,0.00,0.00,0.00,0.00,0.00,-1,0,7,0
4040,0,1,0.000,0.000,0.00,0.00,0.00,0.00,0.00,-1,0,7,0
4060,0,1,0.000,0.000,0.00,0.00,0.00,0.00,0.00,-1,0,7,0
4080,0,1,0.000,0.000,0.00,0.00,0.00,0.00,0.00,-1,0,7,0
4100,0,1,0.000,0.000,0.00,0.00,0.00,0.00,0.00,-1,0,7,0
4120,0,1,0.000,0.000,0.00,0.00,0.00,0.00,0.00,-1,0,7,0
4140,0,1,0.000,0.000,0.00,0.00,0.00,0.00,0.00,-1,0,7,0
4160,0,1,0.000,0.000,0.00,0.00,0.00,0.00,0.00,-1,0,7,0
4180,0,1,0.000,0.000,0.00,0.00,0.00,0.00,0.00,-1,0,7,0
4200,0,1,0.000,0.000,0.00,0.00,0.00,0.00,0.00,-1,0,7,0
4220,0,1,0.000,0.000,0.00,0.00,0.00,0.00,0.00,-1,0,7,0
4240,0,1,0.000,0.000,0.00,0.00,0.00,0.00,0.00,-1,0,7,0
4260,0,1,0.000,0.000,0.00,0.00,0.00,0.00,0.00,-1,0,7,0
4280,0,1,0.000,0.000,0.00,0.00,0.00,0.00,0.00,-1,0,7,0
4300,0,1,0.000,0.000,0.00,0.00,0.00,0.00,0.00,-1,0,7,0
4320,0,1,0.000,0.000,0.00,0.00,0.00,0.00,0.00,-1,0,7,0
4340,0,1,0.000,0.000,0.00,0.00,0.00,0.00,0.00,-1,0,7,0
4360,0,1,0.000,0.000,0.00,0.00,0.00,0.00,0.00,-1,0,7,0
4380,1,1,84.182,-61.783,7.82,-5.70,7.78,-5.76,INF,-1,0,7,0
4400,0,1,0.000,0.000,0.00,0.00,0.00,0.00,0.00,-1,0,7,0
4420,0,1,0.000,0.000,0.00,0.00,0.00,0.00,0.00,-1,0,7,0
4440,0,1,0.000,0.000,0.00,0.00,0.00,0.00,0.00,-1,0,7,0
4460,0,1,0.000,0.000,0.00,0.00,0.00,0.00,0.00,-1,0,7,0
4480,0,1,0.000,0.000,0.00,0.00,0.00,0.00,0.00,-1,0,7,0
4500,0,1,0.000,0.000,0.00,0.00,0.00,0.00,0.00,-1,0,7,0
4520,0,1,0.000,0.000,0.00,0.00,0.00,0.00,0.00,-1,0,7,0
4540,0,1,0.000,0.000,0.00,0.00,0.00,0.00,0.00,-1,0,7,0
4560,0,1,0.000,0.000,0.00,0.00,0.00,0.00,0.00,-1,0,7,0
4580,0,1,0.000,0.000,0.00,0.00,0.00,0.00,0.00,-1,0,7,0
4600,0,1,0.000,0.000,0.00,0.00,0.00,0.00,0.00,-1,0,7,0
4620,0,1,0.000,0.000,0.00,0.00,0.00,0.00,0.00,-1,0,7,0
4640,0,1,0.000,0.000,0.00,0.00,0.00,0.00,0.00,-1,0,7,0
4660,0,1,0.000,0.000,0.00,0.00,0.00,0.00,0.00,-1,0,7,0
4680,0,1,0.000,0.000,0.00,0.00,0.00,0.00,0.00,-1,0,7,0
4700,0,1,0.000,0.000,0.00,0.00,0.00,0.00,0.00,-1,0,7,0
4720,0,1,0.000,0.000,0.00,0.00,0.00,0.00,0.00,-1,0,7,0
4740,0,1,0.000,0.000,0.00,0.00,0.00,0.00,0.00,-1,0,7,0
4760,0,1,0.000,0.000,0.00,0.00,0.00,0.00,0.00,-1,0,7,0
4780,0,1,0.000,0.000,0.00,0.00,0.00,0.00,0.00,-1,0,7,0
4800,0,1,0.000,0.000,0.00,0.00,0.00,0.00,0.00,-1,0,7,0
4820,0,1,0.000,0.000,0.00,0.00,0.00,0.00,0.00,-1,0,7,0
4840,0,1,0.000,0.000,0.00,0.00,0.00,0.00,0.00,-1,0,7,0
4860,0,1,0.000,0.000,0.00,0.00,0.00,0.00,0.00,-1,0,7,0
4880,0,1,0.000,0.000,0.00,0.00,0.00,0.00,0.00,-1,0,7,0
4900,0,1,0.000,0.000,0.00,0.00,0.00,0.00,0.00,-1,0,7,0
4920,0,1,0.000,0.000,0.00,0.00,0.00,0.00,0.00,-1,0,7,0
4940,0,1,0.000,0.000,0.00,0.00,0.00,0.00,0.00,-1,0,7,0
4960,0,1,0.000,0.000,0.00,0.00,0.00,0.00,0.00,-1,0,7,0
4980,0,1,0.000,0.000,0.00,0.00,0.00,0.00,0.00,-1,0,7,0
5000,0,1,0.000,0.000,0.00,0.00,0.00,0.00,0.00,-1,0,7,0
5020,0,1,0.000,0.000,0.00,0.00,0.00,0.00,0.00,-1,0,7,0
5040,0,1,0.000,0.000,0.00,0.00,0.00,0.00,0.00,-1,0,7,0
5060,0,1,0.000,0.000,0.00,0.00,0.00,0.00,0.00,-1,0,7,0
5080,0,1,0.000,0.000,0.00,0.00,0.00,0.00,0.00,-1,0,7,0
5100,0,1,0.000,0.000,0.00,0.00,0.00,0.00,0.00,-1,0,7,0
5120,0,1,0.000,0.000,0.00,0.00,0.00,0.00,0.00,-1,0,7,0
5140,0,1,0.000,0.000,0.00,0.00,0.00,0.00,0.00,-1,0,7,0
5160,0,1,0.000,0.000,0.00,0.00,0.00,0.00,0.00,-1,0,7,0
5180,0,1,0.000,0.000,0.00,0.00,0.00,0.00,0.00,-1,0,7,0
5200,0,1,0.000,0.000,0.00,0.00,0.00,0.00,0.00,-1,0,7,0
5220,0,1,0.000,0.000,0.00,0.00,0.00,0.00,0.00,-1,0,7,0
5240,0,1,0.000,0.000,0.00,0.00,0.00,0.00,0.00,-1,0,7,0
5260,0,1,0.000,0.000,0.00,0.00,0.00,0.00,0.00,-1,0,7,0
5280,0,1,0.000,0.000,0.00,0.00,0.00,0.00,0.00,-1,0,7,0
5300,0,1,0.000,0.000,0.00,0.00,0.00,0.00,0.00,-1,0,7,0
5320,0,1,0.000,0.000,0.00,0.00,0.00,0.00,0.00,-1,0,7,0
5340,0,1,0.000,0.000,0.00,0.00,0.00,0.00,0.00,-1,0,7,0
5360,0,1,0.000,0.000,0.00,0.00,0.00,0.00,0.00,-1,0,7,0
5380,0,1,0.000,0.000,0.00,0.00,0.00,0.00,0.00,-1,0,7,0
5400,0,1,0.000,0.000,0.00,0.00,0.00,0.00,0.00,-1,0,7,0
5420,0,1,0.000,0.000,0.00,0.00,0.00,0.00,0.00,-1,0,7,0
5440,0,1,0.000,0.000,0.00,0.00,0.00,0.00,0.00,-1,0,7,0
5460,0,1,0.000,0.000,0.00,0.00,0.00,0.00,0.00,-1,0,7,0
5480,0,1,0.000,0.000,0.00,0.00,0.00,0.00,0.00,-1,0,7,0
5500,0,1,0.000,0.000,0.00,0.00,0.00,0.00,0.00,-1,0,7,0
5520,0,1,0.000,0.000,0.00,0.00,0.00,0.00,0.00,-1,0,7,0
5540,0,1,0.000,0.000,0.00,0.00,0.00,0.00,0.00,-1,0,7,0
5560,0,1,0.000,0.000,0.00,0.00,0.00,0.00,0.00,-1,0,7,0
5580,1,1,-6.164,-18.935,-0.58,-1.77,-0.58,-1.77,INF,-1,0,7,0
5600,1,1,-6.733,-18.518,-0.63,-1.73,-0.63,-1.73,INF,-1,0,7,0
5620,1,1,-7.424,-17.250,-0.69,-1.61,-0.69,-1.61,INF,-1,0,7,0
5640,1,1,-7.676,-16.342,-0.72,-1.53,-0.72,-1.53,INF,-1,0,7,0
5660,1,1,-7.851,-17.551,-0.73,-1.64,-0.73,-1.64,INF,-1,0,7,0
5680,1,1,-45.107,-16.737,-4.21,-1.56,-4.21,-1.56,INF,-1,0,7,0
5700,1,1,-45.041,-24.507,-4.20,-2.28,-4.20,-2.29,INF,-1,0,7,0
5720,1,1,-43.259,-22.358,-4.04,-2.08,-4.03,-2.09,INF,-1,0,7,0
5740,1,1,-43.748,-25.079,-4.08,-2.34,-4.08,-2.34,INF,-1,0,7,0
5760,1,1,-46.193,-25.479,-4.31,-2.37,-4.31,-2.38,INF,-1,0,7,0
5780,1,1,-45.394,-25.147,-4.24,-2.34,-4.23,-2.35,INF,-1,0,7,0
5800,1,1,-45.040,-27.507,-4.20,-2.56,-4.20,-2.57,INF,-1,0,7,0
5820,1,1,-42.912,-26.936,-4.00,-2.51,-4.00,-2.52,INF,-1,0,7,0
5840,1,1,-47.560,-37.124,-4.44,-3.46,-4.43,-3.47,INF,-1,0,7,0
5860,0,1,0.000,0.000,0.00,0.00,0.00,0.00,0.00,-1,0,7,0
5880,0,1,0.000,0.000,0.00,0.00,0.00,0.00,0.00,-1,0,7,0
5900,0,1,0.000,0.000,0.00,0.00,0.00,0.00,INF,-1,0,7,0
5920,0,1,0.000,0.000,0.00,0.00,0.00,0.00,0.00,-1,0,7,0
5940,0,1,0.000,0.000,0.00,0.00,0.00,0.00,0.00,-1,0,7,0
5960,0,1,0.000,0.000,0.00,0.00,0.00,0.00,INF,-1,0,7,0
5980,0,1,0.000,0.000,0.00,0.00,0.00,0.00,0.00,-1,0,7,0
6000,0,1,0.000,0.000,0.00,0.00,0.00,0.00,0.00,-1,0,7,0
6020,0,1,0.000,0.000,0.00,0.00,0.00,0.00,0.00,-1,0,7,0
6040,0,1,0.000,0.000,0.00,0.00,0.00,0.00,0.00,-1,0,7,0
6060,1,1,-88.161,-35.655,-8.18,-3.30,-8.17,-3.33,INF,-1,0,7,0
6080,1,1,-78.209,-21.386,-7.27,-1.98,-7.27,-2.00,INF,-1,0,7,0
6100,1,1,-76.208,-15.603,-7.09,-1.45,-7.08,-1.46,INF,-1,0,7,0
6120,1,1,-76.882,-12.893,-7.15,-1.20,-7.15,-1.20,INF,-1,0,7,0
6140,1,1,-76.071,-15.131,-7.07,-1.40,-7.07,-1.41,INF,-1,0,7,0
6160,1,1,-75.318,-14.051,-7.00,-1.30,-7.00,-1.31,INF,-1,0,7,0
6180,1,1,-75.089,-13.967,-6.98,-1.30,-6.98,-1.31,INF,-1,0,7,0
6200,1,1,-76.072,-15.131,-7.07,-1.40,-7.07,-1.41,INF,-1,0,7,0
6220,1,1,-75.421,-16.083,-7.01,-1.49,-7.01,-1.50,INF,-1,0,7,0
6240,1,1,-73.601,-17.029,-6.85,-1.58,-6.84,-1.59,INF,-1,0,7,0
6260,1,1,-70.520,-17.018,-6.56,-1.58,-6.56,-1.59,INF,-1,0,7,0
6280,1,1,-44.478,-37.058,-4.15,-3.45,-4.14,-3.46,INF,-1,0,7,0
6300,1,1,-45.298,-36.934,-4.23,-3.44,-4.22,-3.45,INF,-1,0,7,0
6320,1,1,-44.714,-36.303,-4.17,-3.38,-4.16,-3.39,INF,-1,0,7,0
6340,1,1,-44.150,-36.237,-4.12,-3.37,-4.11,-3.38,INF,-1,0,7,0
6360,1,1,-45.611,-35.453,-4.26,-3.30,-4.25,-3.31,INF,-1,0,7,0
6380,1,1,-45.238,-37.423,-4.22,-3.48,-4.21,-3.49,INF,-1,0,7,0
6400,1,1,-45.637,-35.388,-4.26,-3.29,-4.25,-3.30,INF,-1,0,7,0
6420,1,1,-47.223,-35.584,-4.41,-3.31,-4.40,-3.32,INF,-1,0,7,0
6440,1,1,-45.441,-38.110,-4.24,-3.55,-4.23,-3.56,INF,-1,0,7,0
6460,1,1,-44.974,-36.308,-4.20,-3.38,-4.19,-3.39,INF,-1,0,7,0
6480,1,1,-44.303,-36.239,-4.13,-3.37,-4.13,-3.38,INF,-1,0,7,0
6500,1,1,-46.081,-37.687,-4.30,-3.51,-4.29,-3.52,INF,-1,0,7,0
6520,1,1,-46.136,-36.616,-4.30,-3.41,-4.30,-3.42,INF,-1,1,7,0
6540,1,1,-44.653,-36.723,-4.17,-3.42,-4.16,-3.43,INF,-1,1,7,0
6560,1,1,2.327,-36.272,0.22,-3.39,0.22,-3.39,INF,-1,1,7,0
6580,1,1,1.337,-36.947,0.12,-3.45,0.12,-3.45,INF,-1,1,7,0
6600,1,1,-0.483,-36.981,-0.05,-3.45,-0.05,-3.45,INF,-1,0,7,0
6620,1,1,1.505,-38.028,0.14,-3.55,0.14,-3.55,INF,-1,0,7,0
6640,1,1,1.801,-36.978,0.17,-3.45,0.17,-3.45,INF,-1,0,7,0
6660,1,1,1.594,-37.885,0.15,-3.54,0.15,-3.54,INF,-1,0,7,0
6680,1,1,3.297,-39.523,0.31,-3.69,0.31,-3.69,INF,-1,0,7,0
6700,1,1,3.479,-39.334,0.33,-3.67,0.32,-3.67,INF,-1,0,7,0
6720,1,1,3.093,-38.598,0.29,-3.60,0.29,-3.60,INF,-1,0,7,0
6740,1,1,3.261,-38.730,0.30,-3.62,0.30,-3.62,INF,-1,0,7,0
6760,1,1,3.608,-38.494,0.34,-3.59,0.34,-3.59,INF,-1,0,7,0
6780,1,1,4.489,-41.076,0.42,-3.83,0.42,-3.83,INF,-1,0,7,0
6800,1,1,28.848,-53.737,2.69,-5.00,2.68,-5.01,INF,-1,0,7,0
6820,1,1,44.995,-39.306,4.20,-3.66,4.19,-3.67,INF,-1,0,7,0
6840,1,1,38.793,-38.448,3.62,-3.58,3.61,-3.59,INF,-1,0,7,0
6860,1,1,41.294,-39.113,3.85,-3.64,3.85,-3.65,INF,-1,0,7,0
6880,1,1,40.543,-37.826,3.78,-3.52,3.78,-3.53,INF,-1,0,7,0
6900,1,1,41.443,-39.661,3.87,-3.69,3.86,-3.70,INF,-1,0,7,0
6920,1,1,41.115,-38.414,3.84,-3.58,3.83,-3.59,INF,-1,0,7,0
6940,1,1,40.833,-36.814,3.81,-3.43,3.80,-3.44,INF,-1,0,7,0
6960,1,1,41.622,-40.220,3.88,-3.75,3.88,-3.75,INF,-1,0,7,0
6980,1,1,42.657,-39.972,3.98,-3.72,3.97,-3.73,INF,-1,0,7,0
7000,1,1,42.624,-42.468,3.98,-3.95,3.97,-3.96,INF,-1,0,7,0
7020,1,1,41.368,-40.243,3.86,-3.75,3.85,-3.76,INF,-1,1,7,0
7040,0,1,0.000,0.000,0.00,0.00,0.00,0.00,0.00,-1,1,7,0
7060,1,1,40.880,-43.244,3.82,-4.03,3.81,-4.04,INF,-1,1,7,0
7080,1,1,40.864,-43.728,3.81,-4.07,3.80,-4.08,INF,-1,1,7,0
7100,1,1,35.422,-81.557,3.31,-7.57,3.28,-7.58,INF,-1,1,7,0
7120,0,1,0.000,0.000,0.00,0.00,0.00,0.00,0.00,-1,1,7,0
7140,0,1,0.000,0.000,0.00,0.00,0.00,0.00,0.00,-1,1,7,0
7160,0,1,0.000,0.000,0.00,0.00,0.00,0.00,0.00,-1,1,7,0
7180,0,1,0.000,0.000,0.00,0.00,0.00,0.00,0.00,-1,0,7,0
7200,0,1,0.000,0.000,0.00,0.00,0.00,0.00,0.00,-1,0,7,0
7220,0,1,0.000,0.000,0.00,0.00,0.00,0.00,INF,-1,0,7,0
7240,0,1,0.000,0.000,0.00,0.00,0.00,0.00,INF,-1,0,7,0
7260,0,1,0.000,0.000,0.00,0.00,0.00,0.00,INF,-1,0,7,0
7280,0,1,0.000,0.000,0.00,0.00,0.00,0.00,0.00,-1,0,7,0
7300,0,1,0.000,0.000,0.00,0.00,0.00,0.00,INF,-1,0,7,0
7320,0,1,0.000,0.000,0.00,0.00,0.00,0.00,0.00,-1,0,7,0
7340,0,1,0.000,0.000,0.00,0.00,0.00,0.00,0.00,-1,0,7,0
7360,0,1,0.000,0.000,0.00,0.00,0.00,0.00,0.00,-1,0,7,0
7380,0,1,0.000,0.000,0.00,0.00,0.00,0.00,0.00,-1,0,7,0
7400,0,1,0.000,0.000,0.00,0.00,0.00,0.00,0.00,-1,0,7,0
7420,0,1,0.000,0.000,0.00,0.00,0.00,0.00,0.00,-1,0,7,0
7440,0,1,0.000,0.000,0.00,0.00,0.00,0.00,0.00,-1,0,7,0
7460,0,1,0.000,0.000,0.00,0.00,0.00,0.00,0.00,-1,0,7,0
7480,0,1,0.000,0.000,0.00,0.00,0.00,0.00,0.00,-1,0,7,0
7500,0,1,0.000,0.000,0.00,0.00,0.00,0.00,0.00,-1,0,7,0
7520,0,1,0.000,0.000,0.00,0.00,0.00,0.00,0.00,-1,0,7,0
7540,0,1,0.000,0.000,0.00,0.00,0.00,0.00,0.00,-1,0,7,0
7560,0,1,0.000,0.000,0.00,0.00,0.00,0.00,0.00,-1,0,7,0
7580,0,1,0.000,0.000,0.00,0.00,0.00,0.00,0.00,-1,0,7,0
7600,0,1,0.000,0.000,0.00,0.00,0.00,0.00,0.00,-1,0,7,0
7620,0,1,0.000,0.000,0.00,0.00,0.00,0.00,0.00,-1,0,7,0
7640,0,1,0.000,0.000,0.00,0.00,0.00,0.00,0.00,-1,0,7,0
7660,0,1,0.000,0.000,0.00,0.00,0.00,0.00,0.00,-1,0,7,0
7680,0,1,0.000,0.000,0.00,0.00,0.00,0.00,0.00,-1,0,7,0
7700,0,1,0.000,0.000,0.00,0.00,0.00,0.00,0.00,-1,0,7,0
7720,0,1,0.000,0.000,0.00,0.00,0.00,0.00,0.00,-1,0,7,0
7740,0,1,0.000,0.000,0.00,0.00,0.00,0.00,0.00,-1,0,7,0
7760,1,1,-31.403,-35.182,-2.93,-3.28,-2.93,-3.28,INF,-1,0,7,0
7780,0,1,0.000,0.000,0.00,0.00,0.00,0.00,0.00,-1,0,7,0
7800,0,1,0.000,0.000,0.00,0.00,0.00,0.00,0.00,-1,0,7,0
7820,0,1,0.000,0.000,0.00,0.00,0.00,0.00,0.00,-1,0,7,0
7840,0,1,0.000,0.000,0.00,0.00,0.00,0.00,0.00,-1,0,7,0
7860,1,1,-29.212,-24.091,-2.73,-2.25,-2.73,-2.25,INF,-1,0,7,0
7880,1,1,-26.197,-34.191,-2.45,-3.19,-2.44,-3.19,INF,-1,0,7,0
7900,1,1,-27.127,-32.514,-2.53,-3.03,-2.53,-3.04,INF,-1,0,7,0
7920,1,1,-25.611,-33.323,-2.39,-3.11,-2.39,-3.11,INF,-1,0,7,0
7940,1,1,-25.699,-33.153,-2.40,-3.09,-2.40,-3.10,INF,-1,0,7,0
7960,1,1,-28.628,-36.073,-2.67,-3.36,-2.67,-3.37,INF,-1,0,7,0
7980,1,1,-27.282,-34.997,-2.55,-3.26,-2.54,-3.27,INF,-1,0,7,0
8000,1,1,-62.588,-27.880,-5.83,-2.59,-5.82,-2.60,INF,-1,0,7,0
8020,1,1,-63.605,-26.184,-5.92,-2.43,-5.92,-2.45,INF,-1,0,7,0
8040,1,1,-67.239,-37.604,-6.26,-3.49,-6.25,-3.51,INF,-1,0,7,0
8060,1,1,-61.946,-34.648,-5.77,-3.22,-5.76,-3.24,INF,-1,0,7,0
8080,1,1,-61.198,-34.295,-5.70,-3.19,-5.69,-3.20,INF,-1,0,7,0
8100,1,1,-61.239,-33.288,-5.70,-3.09,-5.70,-3.11,INF,-1,0,7,0
8120,1,1,-62.675,-33.366,-5.84,-3.10,-5.83,-3.12,INF,-1,0,7,0
8140,1,1,-62.821,-32.118,-5.85,-2.98,-5.84,-3.00,INF,-1,0,7,0
8160,1,1,-63.031,-30.482,-5.87,-2.83,-5.86,-2.85,INF,-1,0,7,0
8180,1,1,-61.615,-36.228,-5.74,-3.37,-5.73,-3.38,INF,-1,0,7,0
8200,1,1,-62.495,-32.745,-5.82,-3.04,-5.81,-3.06,INF,-1,0,7,0
8220,1,1,-62.767,-33.389,-5.85,-3.10,-5.84,-3.12,INF,-1,0,7,0
8240,1,1,-63.137,-33.880,-5.88,-3.15,-5.87,-3.16,INF,-1,0,7,0
8260,1,1,-64.024,-35.655,-5.96,-3.31,-5.95,-3.33,INF,-1,0,7,0
8280,1,1,-61.282,-33.734,-5.71,-3.13,-5.70,-3.15,INF,-1,1,7,0
8300,1,1,-26.563,-21.754,-2.48,-2.03,-2.48,-2.03,INF,-1,1,7,0
8320,1,1,-30.832,-25.269,-2.88,-2.36,-2.88,-2.36,INF,-1,1,7,0
8340,1,1,-29.209,-30.327,-2.73,-2.83,-2.72,-2.83,INF,-1,0,7,0
8360,1,1,-28.237,-25.852,-2.64,-2.41,-2.64,-2.41,INF,-1,0,7,0
8380,1,1,-28.045,-25.709,-2.62,-2.40,-2.62,-2.40,INF,-1,0,7,0
8400,1,1,-26.571,-26.769,-2.48,-2.50,-2.48,-2.50,INF,-1,0,7,0
8420,1,1,-27.381,-24.315,-2.56,-2.27,-2.56,-2.27,INF,-1,0,7,0
8440,1,1,-25.914,-26.044,-2.42,-2.43,-2.42,-2.43,INF,-1,0,7,0
8460,1,1,-26.802,-27.035,-2.50,-2.52,-2.50,-2.53,INF,-1,0,7,0
8480,1,1,-26.426,-24.953,-2.47,-2.33,-2.47,-2.33,INF,-1,0,7,0
8500,1,1,-26.701,-25.453,-2.49,-2.38,-2.49,-2.38,INF,-1,0,7,0
8520,1,1,-26.301,-27.756,-2.46,-2.59,-2.45,-2.59,INF,-1,0,7,0
8540,1,1,-24.383,-28.701,-2.28,-2.68,-2.28,-2.68,INF,-1,0,7,0
8560,1,1,-23.379,-25.809,-2.18,-2.41,-2.18,-2.41,INF,-1,0,7,0
8580,1,1,-22.994,-28.108,-2.15,-2.62,-2.15,-2.63,INF,-1,1,7,0
8600,1,1,-22.545,-27.470,-2.11,-2.56,-2.10,-2.57,INF,-1,1,7,0
8620,1,1,-24.376,-28.369,-2.28,-2.65,-2.27,-2.65,INF,-1,1,7,0
8640,1,1,-23.776,-26.367,-2.22,-2.46,-2.22,-2.46,INF,-1,1,7,0
8660,1,1,-21.782,-26.251,-2.04,-2.45,-2.03,-2.45,INF,-1,1,7,0
8680,1,1,-23.631,-31.054,-2.21,-2.90,-2.20,-2.90,INF,-1,1,7,0
8700,1,1,-22.300,-28.882,-2.08,-2.70,-2.08,-2.70,INF,-1,1,7,0
8720,1,1,-23.790,-29.235,-2.22,-2.73,-2.22,-2.73,INF,-1,1,7,0
8740,1,1,-22.937,-27.000,-2.14,-2.52,-2.14,-2.52,INF,-1,1,7,0
8760,1,1,-20.764,-34.763,-1.94,-3.24,-1.94,-3.25,INF,-1,1,7,0
8780,0,1,0.000,0.000,0.00,0.00,0.00,0.00,0.00,-1,1,7,0
8800,0,1,0.000,0.000,0.00,0.00,0.00,0.00,0.00,-1,1,7,0
8820,0,1,0.000,0.000,0.00,0.00,0.00,0.00,0.00,-1,1,7,0
8840,0,1,0.000,0.000,0.00,0.00,0.00,0.00,0.00,-1,0,7,0
8860,0,1,0.000,0.000,0.00,0.00,0.00,0.00,0.00,-1,0,7,0
8880,0,1,0.000,0.000,0.00,0.00,0.00,0.00,0.00,-1,0,7,0
8900,0,1,0.000,0.000,0.00,0.00,0.00,0.00,0.00,-1,0,7,0
8920,0,1,0.000,0.000,0.00,0.00,0.00,0.00,0.00,-1,0,7,0
8940,0,1,0.000,0.000,0.00,0.00,0.00,0.00,0.00,-1,0,7,0
8960,0,1,0.000,0.000,0.00,0.00,0.00,0.00,INF,-1,0,7,0
8980,0,1,0.000,0.000,0.00,0.00,0.00,0.00,INF,-1,0,7,0
9000,0,1,0.000,0.000,0.00,0.00,0.00,0.00,0.00,-1,0,7,0
9020,0,1,0.000,0.000,0.00,0.00,0.00,0.00,0.00,-1,0,7,0
9040,0,1,0.000,0.000,0.00,0.00,0.00,0.00,0.00,-1,0,7,0
9060,1,1,-59.622,-51.352,-5.56,-4.77,-5.54,-4.79,INF,-1,0,7,0
9080,0,1,0.000,0.000,0.00,0.00,0.00,0.00,0.00,-1,0,7,0
9100,0,1,0.000,0.000,0.00,0.00,0.00,0.00,0.00,-1,0,7,0
9120,0,1,0.000,0.000,0.00,0.00,0.00,0.00,0.00,-1,0,7,0
9140,0,1,0.000,0.000,0.00,0.00,0.00,0.00,0.00,-1,0,7,0
9160,0,1,0.000,0.000,0.00,0.00,0.00,0.00,0.00,-1,0,7,0
9180,0,1,0.000,0.000,0.00,0.00,0.00,0.00,0.00,-1,0,7,0
9200,0,1,0.000,0.000,0.00,0.00,0.00,0.00,0.00,-1,0,7,0
9220,0,1,0.000,0.000,0.00,0.00,0.00,0.00,0.00,-1,0,7,0
9240,0,1,0.000,0.000,0.00,0.00,0.00,0.00,0.00,-1,0,7,0
9260,0,1,0.000,0.000,0.00,0.00,0.00,0.00,0.00,-1,0,7,0
9280,0,1,0.000,0.000,0.00,0.00,0.00,0.00,0.00,-1,0,7,0
9300,0,1,0.000,0.000,0.00,0.00,0.00,0.00,0.00,-1,0,7,0
9320,0,1,0.000,0.000,0.00,0.00,0.00,0.00,0.00,-1,0,7,0
9340,0,1,0.000,0.000,0.00,0.00,0.00,0.00,0.00,-1,0,7,0
9360,0,1,0.000,0.000,0.00,0.00,0.00,0.00,0.00,-1,0,7,0
9380,1,1,-34.807,-45.206,-3.25,-4.21,-3.24,-4.22,INF,-1,0,7,0
9400,1,1,-32.631,-36.751,-3.05,-3.43,-3.04,-3.43,INF,-1,0,7,0
9420,1,1,-34.233,-47.035,-3.20,-4.38,-3.19,-4.39,INF,-1,0,7,0
9440,0,1,0.000,0.000,0.00,0.00,0.00,0.00,0.00,-1,0,7,0
9460,0,1,0.000,0.000,0.00,0.00,0.00,0.00,0.00,-1,0,7,0
9480,0,1,0.000,0.000,0.00,0.00,0.00,0.00,0.00,-1,0,7,0
9500,0,1,0.000,0.000,0.00,0.00,0.00,0.00,0.00,-1,0,7,0
9520,0,1,0.000,0.000,0.00,0.00,0.00,0.00,0.00,-1,0,7,0
9540,0,1,0.000,0.000,0.00,0.00,0.00,0.00,0.00,-1,0,7,0
9560,0,1,0.000,0.000,0.00,0.00,0.00,0.00,0.00,-1,0,7,0
9580,0,1,0.000,0.000,0.00,0.00,0.00,0.00,0.00,-1,0,7,0
9600,0,1,0.000,0.000,0.00,0.00,0.00,0.00,0.00,-1,0,7,0
9620,0,1,0.000,0.000,0.00,0.00,0.00,0.00,0.00,-1,0,7,0
9640,0,1,0.000,0.000,0.00,0.00,0.00,0.00,0.00,-1,0,7,0
9660,0,1,0.000,0.000,0.00,0.00,0.00,0.00,0.00,-1,0,7,0
9680,0,1,0.000,0.000,0.00,0.00,0.00,0.00,0.00,-1,0,7,0
9700,0,1,0.000,0.000,0.00,0.00,0.00,0.00,INF,-1,0,7,0
9720,0,1,0.000,0.000,0.00,0.00,0.00,0.00,INF,-1,0,7,0
9740,0,1,0.000,0.000,0.00,0.00,0.00,0.00,0.00,-1,0,7,0
9760,0,1,0.000,0.000,0.00,0.00,0.00,0.00,0.00,-1,0,7,0
9780,0,1,0.000,0.000,0.00,0.00,0.00,0.00,0.00,-1,0,7,0
9800,0,1,0.000,0.000,0.00,0.00,0.00,0.00,0.00,-1,0,7,0
9820,0,1,0.000,0.000,0.00,0.00,0.00,0.00,0.00,-1,0,7,0
9840,0,1,0.000,0.000,0.00,0.00,0.00,0.00,0.00,-1,0,7,0
9860,0,1,0.000,0.000,0.00,0.00,0.00,0.00,0.00,-1,0,7,0
9880,0,1,0.000,0.000,0.00,0.00,0.00,0.00,0.00,-1,0,7,0
9900,0,1,0.000,0.000,0.00,0.00,0.00,0.00,0.00,-1,0,7,0
9920,0,1,0.000,0.000,0.00,0.00,0.00,0.00,0.00,-1,0,7,0
9940,0,1,0.000,0.000,0.00,0.00,0.00,0.00,0.00,-1,0,7,0
9960,0,1,0.000,0.000,0.00,0.00,0.00,0.00,0.00,-1,0,7,0
9980,0,1,0.000,0.000,0.00,0.00,0.00,0.00,0.00,-1,0,7,0
10000,0,1,0.000,0.000,0.00,0.00,0.00,0.00,0.00,-1,0,7,0
10020,0,1,0.000,0.000,0.00,0.00,0.00,0.00,0.00,-1,0,7,0
10040,0,1,0.000,0.000,0.00,0.00,0.00,0.00,0.00,-1,0,7,0
10060,0,1,0.000,0.000,0.00,0.00,0.00,0.00,0.00,-1,0,7,0
10080,0,1,0.000,0.000,0.00,0.00,0.00,0.00,0.00,-1,0,7,0
10100,0,1,0.000,0.000,0.00,0.00,0.00,0.00,0.00,-1,0,7,0
10120,0,1,0.000,0.000,0.00,0.00,0.00,0.00,0.00,-1,0,7,0
10140,0,1,0.000,0.000,0.00,0.00,0.00,0.00,0.00,-1,0,7,0
10160,0,1,0.000,0.000,0.00,0.00,0.00,0.00,0.00,-1,0,7,0
10180,0,1,0.000,0.000,0.00,0.00,0.00,0.00,0.00,-1,0,7,0
10200,0,1,0.000,0.000,0.00,0.00,0.00,0.00,0.00,-1,0,7,0
10220,0,1,0.000,0.000,0.00,0.00,0.00,0.00,0.00,-1,0,7,0
10240,1,1,-87.060,-39.146,-8.08,-3.62,-8.07,-3.65,INF,-1,0,7,0
10260,1,1,-82.421,-38.107,-7.66,-3.53,-7.64,-3.56,INF,-1,0,7,0
10280,1,1,-80.489,-32.768,-7.48,-3.03,-7.47,-3.06,INF,-1,0,7,0
10300,1,1,-81.252,-39.006,-7.55,-3.61,-7.54,-3.64,INF,-1,0,7,0
10320,1,1,-80.192,-35.408,-7.45,-3.28,-7.44,-3.31,INF,-1,0,7,0
10340,1,1,-77.887,-34.409,-7.24,-3.19,-7.23,-3.21,INF,-1,0,7,0
10360,1,1,-68.403,-48.472,-6.37,-4.49,-6.35,-4.52,INF,-1,0,7,0
10380,0,1,0.000,0.000,0.00,0.00,0.00,0.00,0.00,-1,0,7,0
10400,1,1,-32.202,-29.235,-3.01,-2.73,-3.00,-2.73,INF,-1,0,7,0
10420,1,1,-28.240,-22.380,-2.64,-2.09,-2.64,-2.09,INF,-1,0,7,0
10440,1,1,-26.942,-19.178,-2.52,-1.79,-2.52,-1.79,INF,-1,0,7,0
10460,1,1,-25.952,-19.002,-2.42,-1.77,-2.42,-1.78,INF,-1,0,7,0
10480,1,1,-25.635,-20.603,-2.39,-1.92,-2.39,-1.93,INF,-1,0,7,0
10500,1,1,-27.377,-20.504,-2.56,-1.91,-2.56,-1.92,INF,-1,0,7,0
10520,1,1,-26.382,-17.547,-2.46,-1.64,-2.46,-1.64,INF,-1,0,7,0
10540,1,1,-25.859,-18.554,-2.42,-1.73,-2.41,-1.73,INF,-1,0,7,0
10560,1,1,-24.765,-21.036,-2.31,-1.96,-2.31,-1.97,INF,-1,0,7,0
10580,1,1,-24.607,-19.823,-2.30,-1.85,-2.30,-1.85,INF,-1,0,7,0
10600,1,1,-25.070,-20.381,-2.34,-1.90,-2.34,-1.90,INF,-1,0,7,0
10620,1,1,-24.654,-21.033,-2.30,-1.96,-2.30,-1.97,INF,-1,0,7,0
10640,1,1,-25.229,-18.479,-2.36,-1.73,-2.36,-1.73,INF,-1,0,7,0
10660,1,1,-25.636,-20.655,-2.39,-1.93,-2.39,-1.93,INF,-1,0,7,0
10680,1,1,-25.665,-20.966,-2.40,-1.96,-2.40,-1.96,INF,-1,0,7,0
10700,1,1,-20.721,-15.217,-1.94,-1.42,-1.94,-1.42,INF,-1,1,7,0
10720,1,1,18.095,-21.245,1.69,-1.98,1.69,-1.98,INF,-1,1,7,0
10740,1,1,14.057,-24.495,1.31,-2.29,1.31,-2.29,INF,-1,1,7,0
10760,1,1,15.899,-24.518,1.49,-2.29,1.48,-2.29,INF,-1,0,7,0
10780,1,1,17.423,-23.531,1.63,-2.20,1.63,-2.20,INF,-1,0,7,0
10800,1,1,15.761,-23.534,1.47,-2.20,1.47,-2.20,INF,-1,0,7,0
10820,1,1,15.998,-22.643,1.49,-2.11,1.49,-2.12,INF,-1,0,7,0
10840,1,1,15.783,-22.966,1.47,-2.14,1.47,-2.15,INF,-1,0,7,0
10860,1,1,16.492,-22.280,1.54,-2.08,1.54,-2.08,INF,-1,0,7,0
10880,1,1,16.180,-22.527,1.51,-2.10,1.51,-2.10,INF,-1,0,7,0
10900,1,1,14.795,-25.458,1.38,-2.38,1.38,-2.38,INF,-1,0,7,0
10920,1,1,17.192,-24.674,1.61,-2.30,1.61,-2.30,INF,-1,0,7,0
10940,1,1,7.311,-31.232,0.68,-2.92,0.68,-2.92,INF,-1,0,7,0
10960,1,1,-32.856,-22.786,-3.07,-2.13,-3.07,-2.13,INF,-1,0,7,0
10980,1,1,-28.985,-20.152,-2.71,-1.88,-2.71,-1.88,INF,-1,0,7,0
11000,1,1,-31.493,-22.516,-2.94,-2.10,-2.94,-2.10,INF,-1,0,7,0
11020,1,1,-30.141,-21.470,-2.81,-2.00,-2.81,-2.01,INF,-1,0,7,0
11040,1,1,-28.809,-21.130,-2.69,-1.97,-2.69,-1.97,INF,-1,0,7,0
11060,1,1,-27.875,-21.511,-2.60,-2.01,-2.60,-2.01,INF,-1,0,7,0
11080,1,1,-26.918,-23.171,-2.51,-2.16,-2.51,-2.16,INF,-1,0,7,0
11100,1,1,-24.991,-23.132,-2.33,-2.16,-2.33,-2.16,INF,-1,0,7,0
11120,1,1,-27.493,-63.421,-2.57,-5.90,-2.55,-5.91,INF,-1,0,7,0
11140,0,1,0.000,0.000,0.00,0.00,0.00,0.00,0.00,-1,0,7,0
11160,0,1,0.000,0.000,0.00,0.00,0.00,0.00,INF,-1,0,7,0
11180,0,1,0.000,0.000,0.00,0.00,0.00,0.00,INF,-1,0,7,0
11200,0,1,0.000,0.000,0.00,0.00,0.00,0.00,INF,-1,0,7,0
11220,0,1,0.000,0.000,0.00,0.00,0.00,0.00,0.00,-1,0,7,0
11240,0,1,0.000,0.000,0.00,0.00,0.00,0.00,0.00,-1,0,7,0
11260,0,1,0.000,0.000,0.00,0.00,0.00,0.00,INF,-1,0,7,0
11280,0,1,0.000,0.000,0.00,0.00,0.00,0.00,0.00,-1,0,7,0
11300,0,1,0.000,0.000,0.00,0.00,0.00,0.00,INF,-1,0,7,0
11320,0,1,0.000,0.000,0.00,0.00,0.00,0.00,0.00,-1,0,7,0
11340,0,1,0.000,0.000,0.00,0.00,0.00,0.00,0.00,-1,0,7,0
11360,0,1,0.000,0.000,0.00,0.00,0.00,0.00,0.00,-1,0,7,0
11380,0,1,0.000,0.000,0.00,0.00,0.00,0.00,0.00,-1,0,7,0
11400,0,1,0.000,0.000,0.00,0.00,0.00,0.00,0.00,-1,0,7,0
11420,0,1,0.000,0.000,0.00,0.00,0.00,0.00,0.00,-1,0,7,0
11440,1,1,-24.627,-24.276,-2.30,-2.27,-2.30,-2.27,INF,-1,0,7,0
11460,1,1,-20.220,-22.180,-1.89,-2.07,-1.89,-2.07,INF,-1,0,7,0
11480,1,1,-21.682,-23.511,-2.03,-2.20,-2.02,-2.20,INF,-1,0,7,0
11500,1,1,-21.224,-24.153,-1.98,-2.26,-1.98,-2.26,INF,-1,0,7,0
11520,1,1,-19.618,-22.886,-1.83,-2.14,-1.83,-2.14,INF,-1,0,7,0
11540,1,1,-20.900,-24.945,-1.95,-2.33,-1.95,-2.33,INF,-1,0,7,0
11560,1,1,-20.500,-24.738,-1.92,-2.31,-1.91,-2.31,INF,-1,0,7,0
11580,1,1,-19.899,-24.403,-1.86,-2.28,-1.86,-2.28,INF,-1,0,7,0
11600,1,1,-18.037,-23.658,-1.69,-2.21,-1.68,-2.21,INF,-1,0,7,0
11620,1,1,-18.489,-25.931,-1.73,-2.42,-1.73,-2.42,INF,-1,0,7,0
11640,1,1,-19.185,-27.038,-1.79,-2.52,-1.79,-2.53,INF,-1,0,7,0
11660,1,1,-16.579,-22.999,-1.55,-2.15,-1.55,-2.15,INF,-1,0,7,0
11680,1,1,-17.478,-25.356,-1.63,-2.37,-1.63,-2.37,INF,-1,0,7,0
11700,1,1,-16.630,-24.358,-1.55,-2.27,-1.55,-2.28,INF,-1,0,7,0
11720,1,1,-16.077,-21.173,-1.50,-1.98,-1.50,-1.98,INF,-1,1,7,0
11740,1,1,-16.171,-21.970,-1.51,-2.05,-1.51,-2.05,INF,-1,1,7,0
11760,1,1,-15.580,-21.328,-1.46,-1.99,-1.46,-1.99,INF,-1,1,7,0
11780,1,1,-15.443,-21.551,-1.44,-2.01,-1.44,-2.01,INF,-1,1,7,0
11800,1,1,-14.737,-21.195,-1.38,-1.98,-1.38,-1.98,INF,-1,1,7,0
11820,1,1,-13.883,-22.390,-1.30,-2.09,-1.30,-2.09,INF,-1,1,7,0
11840,1,1,-13.323,-21.294,-1.25,-1.99,-1.24,-1.99,INF,-1,1,7,0
11860,1,1,-14.436,-26.793,-1.35,-2.50,-1.35,-2.50,INF,-1,1,7,0
11880,1,1,-15.446,-23.511,-1.44,-2.20,-1.44,-2.20,INF,-1,1,7,0
11900,1,1,-5.210,-21.820,-0.49,-2.04,-0.49,-2.04,INF,-1,1,7,0
11920,1,1,-2.422,-23.835,-0.23,-2.23,-0.23,-2.23,INF,-1,1,7,0
11940,1,1,-2.074,-21.241,-0.19,-1.98,-0.19,-1.98,INF,-1,0,7,0
11960,1,1,-2.725,-26.485,-0.25,-2.47,-0.25,-2.47,INF,-1,0,7,0
11980,1,1,-1.746,-27.115,-0.16,-2.53,-0.16,-2.53,INF,-1,0,7,0
12000,1,1,-2.675,-24.923,-0.25,-2.33,-0.25,-2.33,INF,-1,0,7,0
12020,1,1,-2.350,-25.778,-0.22,-2.41,-0.22,-2.41,INF,-1,0,7,0
12040,1,1,1.221,-26.062,0.11,-2.43,0.11,-2.43,INF,-1,0,7,0
12060,1,1,0.070,-25.181,0.01,-2.35,0.01,-2.35,INF,-1,0,7,0
12080,1,1,1.473,-25.059,0.14,-2.34,0.14,-2.34,INF,-1,0,7,0
12100,1,1,1.115,-26.773,0.10,-2.50,0.10,-2.50,INF,-1,0,7,0
12120,1,1,-0.912,-24.830,-0.09,-2.32,-0.09,-2.32,INF,-1,0,7,0
12140,1,1,-1.017,-26.330,-0.10,-2.46,-0.09,-2.46,INF,-1,0,7,0
12160,1,1,-0.965,-26.676,-0.09,-2.49,-0.09,-2.49,INF,-1,0,7,0
12180,1,1,-1.332,-29.054,-0.12,-2.71,-0.12,-2.71,INF,-1,1,7,0
12200,1,1,-1.675,-24.733,-0.16,-2.31,-0.16,-2.31,INF,-1,1,7,0
12220,1,1,-33.343,-19.924,-3.11,-1.86,-3.11,-1.86,INF,-1,1,7,0
12240,1,1,-38.501,-21.899,-3.59,-2.04,-3.59,-2.05,INF,-1,1,7,0
12260,1,1,-34.093,-22.872,-3.18,-2.13,-3.18,-2.14,INF,-1,0,7,0
12280,1,1,-35.666,-18.699,-3.33,-1.74,-3.33,-1.75,INF,-1,0,7,0
12300,1,1,-34.271,-20.652,-3.20,-1.93,-3.20,-1.93,INF,-1,0,7,0
12320,1,1,-34.132,-18.829,-3.19,-1.76,-3.19,-1.76,INF,-1,0,7,0
12340,1,1,-33.696,-17.806,-3.15,-1.66,-3.14,-1.66,INF,-1,0,7,0
12360,1,1,-34.414,-17.071,-3.21,-1.59,-3.21,-1.60,INF,-1,0,7,0
12380,1,1,-33.598,-15.681,-3.14,-1.46,-3.14,-1.47,INF,-1,0,7,0
12400,1,1,-34.046,-18.422,-3.18,-1.72,-3.18,-1.72,INF,-1,0,7,0
12420,1,1,-33.720,-17.521,-3.15,-1.63,-3.15,-1.64,INF,-1,0,7,0
12440,1,1,-33.551,-17.421,-3.13,-1.63,-3.13,-1.63,INF,-1,0,7,0
12460,1,1,-33.954,-21.934,-3.17,-2.05,-3.17,-2.05,INF,-1,0,7,0
12480,1,1,-33.645,-19.283,-3.14,-1.80,-3.14,-1.80,INF,-1,0,7,0
12500,1,1,-34.339,-19.323,-3.21,-1.80,-3.20,-1.81,INF,-1,1,7,0
12520,1,1,-33.382,-18.972,-3.12,-1.77,-3.12,-1.77,INF,-1,1,7,0
12540,1,1,-32.952,-18.143,-3.08,-1.69,-3.08,-1.70,INF,-1,1,7,0
12560,1,1,-34.445,-19.327,-3.22,-1.80,-3.21,-1.81,INF,-1,1,7,0
12580,1,1,-33.133,-22.621,-3.09,-2.11,-3.09,-2.11,INF,-1,1,7,0
12600,1,1,-8.478,-18.533,-0.79,-1.73,-0.79,-1.73,INF,-1,1,7,0
12620,1,1,-11.087,-18.578,-1.04,-1.74,-1.04,-1.74,INF,-1,1,7,0
12640,1,1,-11.387,-16.809,-1.06,-1.57,-1.06,-1.57,INF,-1,0,7,0
12660,1,1,-11.064,-17.688,-1.03,-1.65,-1.03,-1.65,INF,-1,0,7,0
12680,1,1,-11.245,-19.255,-1.05,-1.80,-1.05,-1.80,INF,-1,0,7,0
12700,1,1,-9.677,-17.789,-0.90,-1.66,-0.90,-1.66,INF,-1,0,7,0
12720,1,1,-9.360,-21.878,-0.87,-2.04,-0.87,-2.04,INF,-1,0,7,0
12740,1,1,-7.896,-20.712,-0.74,-1.93,-0.74,-1.94,INF,-1,0,7,0
12760,1,1,-10.137,-22.452,-0.95,-2.10,-0.95,-2.10,INF,-1,0,7,0
12780,1,1,-8.342,-21.394,-0.78,-2.00,-0.78,-2.00,INF,-1,0,7,0
12800,1,1,-9.921,-21.689,-0.93,-2.03,-0.93,-2.03,INF,-1,0,7,0
12820,1,1,-7.335,-19.871,-0.69,-1.86,-0.69,-1.86,INF,-1,0,7,0
12840,1,1,30.921,-22.373,2.89,-2.09,2.89,-2.09,INF,-1,0,7,0
12860,1,1,37.312,-33.408,3.48,-3.11,3.48,-3.12,INF,-1,0,7,0
12880,1,1,33.835,-29.385,3.16,-2.74,3.16,-2.74,INF,-1,0,7,0
12900,1,1,34.879,-32.191,3.26,-3.00,3.25,-3.01,INF,-1,0,7,0
12920,1,1,37.362,-31.721,3.49,-2.96,3.48,-2.96,INF,-1,0,7,0
12940,1,1,36.320,-30.790,3.39,-2.87,3.39,-2.88,INF,-1,0,7,0
12960,1,1,36.440,-28.695,3.40,-2.68,3.40,-2.68,INF,-1,0,7,0
12980,1,1,36.020,-30.293,3.36,-2.82,3.36,-2.83,INF,-1,0,7,0
13000,1,1,37.271,-29.470,3.48,-2.75,3.48,-2.75,INF,-1,0,7,0
13020,1,1,37.609,-32.373,3.51,-3.02,3.51,-3.02,INF,-1,0,7,0
13040,1,1,35.925,-29.370,3.35,-2.74,3.35,-2.74,INF,-1,0,7,0
13060,1,1,36.917,-32.609,3.45,-3.04,3.44,-3.05,INF,-1,1,7,0
13080,1,1,36.846,-33.248,3.44,-3.10,3.43,-3.10,INF,-1,1,7,0
13100,1,1,36.269,-32.214,3.39,-3.00,3.38,-3.01,INF,-1,0,7,0
13120,1,1,36.663,-32.175,3.42,-3.00,3.42,-3.00,INF,-1,0,7,0
13140,1,1,36.235,-33.514,3.38,-3.12,3.38,-3.13,INF,-1,0,7,0
13160,1,1,35.462,-31.730,3.31,-2.96,3.31,-2.96,INF,-1,0,7,0
13180,1,1,35.948,-33.340,3.36,-3.11,3.35,-3.11,INF,-1,0,7,0
13200,1,1,35.886,-34.408,3.35,-3.21,3.35,-3.21,INF,-1,0,7,0
13220,0,1,0.000,0.000,0.00,0.00,0.00,0.00,0.00,-1,0,7,0
13240,0,1,0.000,0.000,0.00,0.00,0.00,0.00,0.00,-1,0,7,0
13260,0,1,0.000,0.000,0.00,0.00,0.00,0.00,0.00,-1,0,7,0
13280,0,1,0.000,0.000,0.00,0.00,0.00,0.00,0.00,-1,0,7,0
13300,0,1,0.000,0.000,0.00,0.00,0.00,0.00,0.00,-1,0,7,0
13320,0,1,0.000,0.000,0.00,0.00,0.00,0.00,0.00,-1,0,7,0
13340,0,1,0.000,0.000,0.00,0.00,0.00,0.00,0.00,-1,0,7,0
13360,0,1,0.000,0.000,0.00,0.00,0.00,0.00,0.00,-1,0,7,0
13380,0,1,0.000,0.000,0.00,0.00,0.00,0.00,0.00,-1,0,7,0
13400,0,1,0.000,0.000,0.00,0.00,0.00,0.00,0.00,-1,0,7,0
13420,0,1,0.000,0.000,0.00,0.00,0.00,0.00,INF,-1,0,7,0
13440,0,1,0.000,0.000,0.00,0.00,0.00,0.00,0.00,-1,0,7,0
13460,0,1,0.000,0.000,0.00,0.00,0.00,0.00,0.00,-1,0,7,0
13480,0,1,0.000,0.000,0.00,0.00,0.00,0.00,0.00,-1,0,7,0
13500,0,1,0.000,0.000,0.00,0.00,0.00,0.00,0.00,-1,0,7,0
13520,0,1,0.000,0.000,0.00,0.00,0.00,0.00,0.00,-1,0,7,0
13540,0,1,0.000,0.000,0.00,0.00,0.00,0.00,0.00,-1,0,7,0
13560,0,1,0.000,0.000,0.00,0.00,0.00,0.00,0.00,-1,0,7,0
13580,0,1,0.000,0.000,0.00,0.00,0.00,0.00,0.00,-1,0,7,0
13600,0,1,0.000,0.000,0.00,0.00,0.00,0.00,0.00,-1,0,7,0
13620,0,1,0.000,0.000,0.00,0.00,0.00,0.00,0.00,-1,0,7,0
13640,0,1,0.000,0.000,0.00,0.00,0.00,0.00,0.00,-1,0,7,0
13660,0,1,0.000,0.000,0.00,0.00,0.00,0.00,0.00,-1,0,7,0
13680,0,1,0.000,0.000,0.00,0.00,0.00,0.00,0.00,-1,0,7,0
13700,0,1,0.000,0.000,0.00,0.00,0.00,0.00,0.00,-1,0,7,0
13720,0,1,0.000,0.000,0.00,0.00,0.00,0.00,0.00,-1,0,7,0
13740,0,1,0.000,0.000,0.00,0.00,0.00,0.00,0.00,-1,0,7,0
13760,0,1,0.000,0.000,0.00,0.00,0.00,0.00,0.00,-1,0,7,0
13780,0,1,0.000,0.000,0.00,0.00,0.00,0.00,0.00,-1,0,7,0
13800,0,1,0.000,0.000,0.00,0.00,0.00,0.00,0.00,-1,0,7,0
13820,0,1,0.000,0.000,0.00,0.00,0.00,0.00,0.00,-1,0,7,0
13840,0,1,0.000,0.000,0.00,0.00,0.00,0.00,0.00,-1,0,7,0
13860,0,1,0.000,0.000,0.00,0.00,0.00,0.00,0.00,-1,0,7,0
13880,0,1,0.000,0.000,0.00,0.00,0.00,0.00,0.00,-1,0,7,0
13900,0,1,0.000,0.000,0.00,0.00,0.00,0.00,0.00,-1,0,7,0
13920,0,1,0.000,0.000,0.00,0.00,0.00,0.00,0.00,-1,0,7,0
13940,0,1,0.000,0.000,0.00,0.00,0.00,0.00,0.00,-1,0,7,0
13960,0,1,0.000,0.000,0.00,0.00,0.00,0.00,0.00,-1,0,7,0
13980,0,1,0.000,0.000,0.00,0.00,0.00,0.00,0.00,-1,0,7,0
14000,0,1,0.000,0.000,0.00,0.00,0.00,0.00,0.00,-1,0,7,0
14020,0,1,0.000,0.000,0.00,0.00,0.00,0.00,0.00,-1,0,7,0
14040,0,1,0.000,0.000,0.00,0.00,0.00,0.00,0.00,-1,0,7,0
14060,0,1,0.000,0.000,0.00,0.00,0.00,0.00,0.00,-1,0,7,0
14080,0,1,0.000,0.000,0.00,0.00,0.00,0.00,0.00,-1,0,7,0
14100,0,1,0.000,0.000,0.00,0.00,0.00,0.00,0.00,-1,0,7,0
14120,0,1,0.000,0.000,0.00,0.00,0.00,0.00,0.00,-1,0,7,0
14140,0,1,0.000,0.000,0.00,0.00,0.00,0.00,0.00,-1,0,7,0
14160,0,1,0.000,0.000,0.00,0.00,0.00,0.00,0.00,-1,0,7,0
14180,0,1,0.000,0.000,0.00,0.00,0.00,0.00,0.00,-1,0,7,0
14200,0,1,0.000,0.000,0.00,0.00,0.00,0.00,0.00,-1,0,7,0
14220,0,1,0.000,0.000,0.00,0.00,0.00,0.00,0.00,-1,0,7,0
14240,1,1,-28.049,-22.339,-2.62,-2.08,-2.62,-2.09,INF,-1,0,7,0
14260,1,1,-27.294,-24.963,-2.55,-2.33,-2.55,-2.33,INF,-1,0,7,0
14280,1,1,-29.316,-25.160,-2.74,-2.35,-2.74,-2.35,INF,-1,0,7,0
14300,1,1,-30.321,-27.732,-2.83,-2.59,-2.83,-2.59,INF,-1,0,7,0
14320,1,1,-29.310,-21.608,-2.74,-2.02,-2.74,-2.02,INF,-1,0,7,0
14340,1,1,-29.464,-23.063,-2.75,-2.15,-2.75,-2.15,INF,-1,0,7,0
14360,1,1,-65.981,-25.596,-6.14,-2.38,-6.14,-2.39,INF,-1,0,7,0
14380,1,1,-64.164,-10.727,-5.98,-1.00,-5.97,-1.00,INF,-1,0,7,0
14400,1,1,-62.573,-16.908,-5.83,-1.57,-5.83,-1.58,INF,-1,0,7,0
14420,1,1,-59.936,-14.488,-5.58,-1.35,-5.58,-1.35,INF,-1,0,7,0
14440,1,1,-61.157,-15.685,-5.70,-1.46,-5.70,-1.47,INF,-1,0,7,0
14460,1,1,-58.968,-14.666,-5.49,-1.36,-5.49,-1.37,INF,-1,0,7,0
14480,1,1,-60.817,-14.888,-5.67,-1.38,-5.66,-1.39,INF,-1,0,7,0
14500,1,1,-60.714,-15.494,-5.66,-1.44,-5.65,-1.45,INF,-1,0,7,0
14520,1,1,-59.063,-12.790,-5.50,-1.19,-5.50,-1.20,INF,-1,0,7,0
14540,1,1,-58.612,-15.118,-5.46,-1.41,-5.46,-1.41,INF,-1,0,7,0
14560,1,1,-60.151,-16.334,-5.60,-1.52,-5.60,-1.53,INF,-1,0,7,0
14580,1,1,-58.726,-12.582,-5.47,-1.17,-5.47,-1.18,INF,-1,0,7,0
14600,1,1,-58.276,-14.554,-5.43,-1.35,-5.43,-1.36,INF,-1,0,7,0
14620,1,1,-58.356,-12.889,-5.44,-1.20,-5.44,-1.20,INF,-1,0,7,0
14640,1,1,-57.955,-16.603,-5.40,-1.54,-5.40,-1.55,INF,-1,0,7,0
14660,1,1,-58.340,-13.251,-5.44,-1.23,-5.44,-1.24,INF,-1,1,7,0
14680,1,1,-57.677,-14.396,-5.38,-1.34,-5.37,-1.35,INF,-1,1,7,0
14700,1,1,-58.038,-14.421,-5.41,-1.34,-5.41,-1.35,INF,-1,1,7,0
14720,1,1,-59.340,-16.968,-5.53,-1.58,-5.53,-1.59,INF,-1,1,7,0
14740,1,1,-57.521,-15.427,-5.36,-1.44,-5.36,-1.44,INF,-1,1,7,0
14760,1,1,-58.718,-16.763,-5.47,-1.56,-5.47,-1.57,INF,-1,1,7,0
14780,1,1,-58.775,-14.734,-5.48,-1.37,-5.48,-1.38,INF,-1,1,7,0
14800,1,1,-28.633,-13.446,-2.67,-1.26,-2.67,-1.26,INF,-1,1,7,0
14820,1,1,-29.473,-16.205,-2.75,-1.51,-2.75,-1.51,INF,-1,1,7,0
14840,1,1,-29.777,-17.875,-2.78,-1.67,-2.78,-1.67,INF,-1,0,7,0
14860,1,1,-29.615,-15.207,-2.77,-1.42,-2.77,-1.42,INF,-1,0,7,0
14880,1,1,-26.897,-11.574,-2.51,-1.08,-2.51,-1.08,INF,-1,0,7,0
14900,1,1,-29.328,-14.258,-2.74,-1.33,-2.74,-1.33,INF,-1,0,7,0
14920,1,1,-29.802,-18.628,-2.78,-1.74,-2.78,-1.74,INF,-1,0,7,0
14940,1,1,-28.353,-16.375,-2.65,-1.53,-2.65,-1.53,INF,-1,0,7,0
14960,1,1,-30.420,-17.066,-2.84,-1.59,-2.84,-1.59,INF,-1,0,7,0
14980,1,1,-28.983,-16.023,-2.71,-1.50,-2.71,-1.50,INF,-1,0,7,0
