"EyeTracker Toolbox version","3.250"
CalibrationParameters_A11,1.01018
CalibrationParameters_A12,0.07146
CalibrationParameters_A13,0.06043
CalibrationParameters_A21,0.02046
CalibrationParameters_A22,-1.03733
CalibrationParameters_A23,0.00369
CalibrationParameters_A31,0.00081
CalibrationParameters_A32,-0.00004
CalibrationParameters_E11,-0.18003
CalibrationParameters_E12,-0.00018
CalibrationParameters_E21,0.00021
CalibrationParameters_E22,0.20000
CalibrationParameters_X,-7.48456
CalibrationParameters_Y,-13.08027
CalibrationParameters_Rpc,84.62932
CalibrationParameters_MeanX,212.29615
CalibrationParameters_MeanY,154.19171
CalibrationParameters_ViewDist,613.00000
TimeStamp,Tracked,Calibrated,ScreenPositionXmm,ScreenPositionYmm,FicksLongitude,FicksLatitude,HelmholtzAzimuth,HelmholtzElevation,PupilDiameter,Region,Fixation,DigitalIO,Dropped
0,1,1,0.041,-13.720,0.00,-1.28,0.00,-1.28,INF,-1,0,7,0
20,1,1,0.970,-14.667,0.09,-1.37,0.09,-1.37,INF,-1,0,7,0
40,1,1,-0.690,-14.399,-0.06,-1.35,-0.06,-1.35,INF,-1,0,7,0
60,1,1,-0.834,-13.062,-0.08,-1.22,-0.08,-1.22,INF,-1,0,7,0
80,1,1,-0.690,-13.910,-0.06,-1.30,-0.06,-1.30,INF,-1,0,7,0
100,1,1,-0.351,-14.450,-0.03,-1.35,-0.03,-1.35,INF,-1,0,7,0
120,1,1,-0.316,-14.613,-0.03,-1.37,-0.03,-1.37,INF,-1,0,7,0
140,1,1,-1.110,-15.103,-0.10,-1.41,-0.10,-1.41,INF,-1,0,7,0
160,1,1,-1.067,-15.507,-0.10,-1.45,-0.10,-1.45,INF,-1,0,7,0
180,1,1,-0.364,-15.106,-0.03,-1.41,-0.03,-1.41,INF,-1,0,7,0
200,1,1,1.081,-14.086,0.10,-1.32,0.10,-1.32,INF,-1,0,7,0
220,1,1,-3.069,-15.129,-0.29,-1.41,-0.29,-1.41,INF,-1,0,7,0
240,1,1,-0.989,-14.434,-0.09,-1.35,-0.09,-1.35,INF,-1,0,7,0
260,1,1,0.893,-14.759,0.08,-1.38,0.08,-1.38,INF,-1,0,7,0
280,1,1,0.083,-13.232,0.01,-1.24,0.01,-1.24,INF,-1,1,7,0
300,1,1,0.337,-15.577,0.03,-1.46,0.03,-1.46,INF,-1,1,7,0
320,1,1,-0.427,-14.217,-0.04,-1.33,-0.04,-1.33,INF,-1,1,7,0
340,1,1,0.265,-13.603,0.02,-1.27,0.02,-1.27,INF,-1,1,7,0
360,1,1,1.303,-13.982,0.12,-1.31,0.12,-1.31,INF,-1,1,7,0
380,1,1,-0.512,-15.224,-0.05,-1.42,-0.05,-1.42,INF,-1,1,7,0
400,1,1,-15.860,-17.242,-1.48,-1.61,-1.48,-1.61,INF,-1,1,7,0
420,1,1,-14.079,-16.298,-1.32,-1.52,-1.32,-1.52,INF,-1,1,7,0
440,1,1,-13.490,-14.306,-1.26,-1.34,-1.26,-1.34,INF,-1,0,7,0
460,1,1,-14.032,-17.133,-1.31,-1.60,-1.31,-1.60,INF,-1,0,7,0
480,1,1,-13.553,-13.664,-1.27,-1.28,-1.27,-1.28,INF,-1,0,7,0
500,1,1,-13.846,-12.720,-1.29,-1.19,-1.29,-1.19,INF,-1,0,7,0
520,1,1,-14.287,-15.113,-1.34,-1.41,-1.33,-1.41,INF,-1,0,7,0
540,1,1,-13.144,-15.299,-1.23,-1.43,-1.23,-1.43,INF,-1,0,7,0
560,1,1,-13.224,-16.504,-1.24,-1.54,-1.24,-1.54,INF,-1,0,7,0
580,1,1,-13.739,-14.879,-1.28,-1.39,-1.28,-1.39,INF,-1,0,7,0
600,1,1,-5.678,-10.311,-0.53,-0.96,-0.53,-0.96,INF,-1,0,7,0
620,1,1,-2.942,-10.857,-0.27,-1.01,-0.27,-1.01,INF,-1,0,7,0
640,1,1,-1.975,-12.566,-0.18,-1.17,-0.18,-1.17,INF,-1,0,7,0
660,0,1,0.000,0.000,0.00,0.00,0.00,0.00,0.00,-1,0,7,0
680,1,1,-1.099,-10.211,-0.10,-0.95,-0.10,-0.95,INF,-1,1,7,0
700,1,1,-1.993,-14.309,-0.19,-1.34,-0.19,-1.34,INF,-1,0,7,0
720,1,1,1.228,-1.496,0.11,-0.14,0.11,-0.14,INF,-1,0,7,0
740,0,1,0.000,0.000,0.00,0.00,0.00,0.00,0.00,-1,0,7,0
760,1,1,-2.602,-13.959,-0.24,-1.30,-0.24,-1.30,INF,-1,0,7,0
780,1,1,-4.864,-13.710,-0.45,-1.28,-0.45,-1.28,INF,-1,0,7,0
800,0,1,0.000,0.000,0.00,0.00,0.00,0.00,0.00,-1,0,7,0
820,1,1,-3.877,-13.503,-0.36,-1.26,-0.36,-1.26,INF,-1,0,7,0
840,0,1,0.000,0.000,0.00,0.00,0.00,0.00,0.00,-1,0,7,0
860,1,1,-0.761,-13.747,-0.07,-1.28,-0.07,-1.28,INF,-1,0,7,0
880,1,1,0.548,-8.433,0.05,-0.79,0.05,-0.79,INF,-1,0,7,0
900,0,1,0.000,0.000,0.00,0.00,0.00,0.00,0.00,-1,1,7,0
920,1,1,-2.281,-11.921,-0.21,-1.11,-0.21,-1.11,INF,-1,1,7,0
940,1,1,-4.064,-10.969,-0.38,-1.03,-0.38,-1.03,INF,-1,1,7,0
960,1,1,-2.648,-14.714,-0.25,-1.37,-0.25,-1.37,INF,-1,1,7,0
980,1,1,-0.885,-13.491,-0.08,-1.26,-0.08,-1.26,INF,-1,1,7,0
1000,1,1,-3.507,-13.860,-0.33,-1.30,-0.33,-1.30,INF,-1,1,7,0
1020,1,1,-4.985,-13.250,-0.47,-1.24,-0.47,-1.24,INF,-1,1,7,0
1040,1,1,-1.821,-13.055,-0.17,-1.22,-0.17,-1.22,INF,-1,1,7,0
1060,1,1,-3.282,-12.537,-0.31,-1.17,-0.31,-1.17,INF,-1,1,7,0
1080,1,1,-5.291,-12.995,-0.49,-1.21,-0.49,-1.21,INF,-1,1,7,0
1100,1,1,-5.698,-13.805,-0.53,-1.29,-0.53,-1.29,INF,-1,1,7,0
1120,1,1,-8.667,-12.421,-0.81,-1.16,-0.81,-1.16,INF,-1,1,7,0
1140,1,1,-7.454,-12.599,-0.70,-1.18,-0.70,-1.18,INF,-1,1,7,0
1160,1,1,-9.062,-13.385,-0.85,-1.25,-0.85,-1.25,INF,-1,1,7,0
1180,1,1,-6.538,-13.190,-0.61,-1.23,-0.61,-1.23,INF,-1,1,7,0
1200,1,1,-4.631,-12.204,-0.43,-1.14,-0.43,-1.14,INF,-1,1,7,0
1220,1,1,-9.011,-13.623,-0.84,-1.27,-0.84,-1.27,INF,-1,1,7,0
1240,1,1,-6.566,-13.275,-0.61,-1.24,-0.61,-1.24,INF,-1,1,7,0
1260,1,1,-5.530,-11.811,-0.52,-1.10,-0.52,-1.10,INF,-1,1,7,0
1280,1,1,-5.852,-15.038,-0.55,-1.41,-0.55,-1.41,INF,-1,1,7,0
1300,1,1,-7.302,-14.891,-0.68,-1.39,-0.68,-1.39,INF,-1,1,7,0
1320,1,1,-6.767,-14.671,-0.63,-1.37,-0.63,-1.37,INF,-1,1,7,0
1340,1,1,-5.765,-13.763,-0.54,-1.29,-0.54,-1.29,INF,-1,1,7,0
1360,0,1,0.000,0.000,0.00,0.00,0.00,0.00,0.00,-1,1,7,0
1380,1,1,-1.148,-14.146,-0.11,-1.32,-0.11,-1.32,INF,-1,1,7,0
1400,1,1,-6.381,-11.564,-0.60,-1.08,-0.60,-1.08,INF,-1,1,7,0
1420,0,1,0.000,0.000,0.00,0.00,0.00,0.00,0.00,-1,1,7,0
1440,1,1,-6.779,-11.465,-0.63,-1.07,-0.63,-1.07,INF,-1,1,7,0
1460,1,1,-6.819,-12.280,-0.64,-1.15,-0.64,-1.15,INF,-1,1,7,0
1480,0,1,0.000,0.000,0.00,0.00,0.00,0.00,0.00,-1,1,7,0
1500,1,1,-6.268,-12.071,-0.59,-1.13,-0.59,-1.13,INF,-1,1,7,0
1520,0,1,0.000,0.000,0.00,0.00,0.00,0.00,0.00,-1,1,7,0
1540,1,1,-3.939,-12.314,-0.37,-1.15,-0.37,-1.15,INF,-1,1,7,0
1560,1,1,-6.665,-13.322,-0.62,-1.24,-0.62,-1.24,INF,-1,1,7,0
1580,1,1,-6.331,-11.543,-0.59,-1.08,-0.59,-1.08,INF,-1,1,7,0
1600,1,1,-6.833,-12.501,-0.64,-1.17,-0.64,-1.17,INF,-1,1,7,0
1620,1,1,-4.963,-13.083,-0.46,-1.22,-0.46,-1.22,INF,-1,1,7,0
1640,1,1,-4.927,-15.127,-0.46,-1.41,-0.46,-1.41,INF,-1,1,7,0
1660,1,1,-4.260,-14.687,-0.40,-1.37,-0.40,-1.37,INF,-1,1,7,0
1680,1,1,-5.817,-15.704,-0.54,-1.47,-0.54,-1.47,INF,-1,1,7,0
1700,1,1,-6.111,-14.591,-0.57,-1.36,-0.57,-1.36,INF,-1,1,7,0
1720,1,1,-5.939,-13.442,-0.56,-1.26,-0.55,-1.26,INF,-1,1,7,0
1740,1,1,-4.305,-15.060,-0.40,-1.41,-0.40,-1.41,INF,-1,1,7,0
1760,1,1,-6.131,-13.647,-0.57,-1.28,-0.57,-1.28,INF,-1,1,7,0
1780,1,1,-2.778,-14.579,-0.26,-1.36,-0.26,-1.36,INF,-1,1,7,0
1800,1,1,-4.730,-14.062,-0.44,-1.31,-0.44,-1.31,INF,-1,1,7,0
1820,1,1,-6.376,-14.767,-0.60,-1.38,-0.60,-1.38,INF,-1,1,7,0
1840,1,1,-4.842,-14.277,-0.45,-1.33,-0.45,-1.33,INF,-1,1,7,0
1860,1,1,-5.590,-17.318,-0.52,-1.62,-0.52,-1.62,INF,-1,1,7,0
1880,1,1,-5.155,-13.323,-0.48,-1.25,-0.48,-1.25,INF,-1,1,7,0
1900,1,1,-7.600,-15.315,-0.71,-1.43,-0.71,-1.43,INF,-1,1,7,0
1920,1,1,-5.591,-15.610,-0.52,-1.46,-0.52,-1.46,INF,-1,1,7,0
1940,1,1,-5.949,-14.752,-0.56,-1.38,-0.56,-1.38,INF,-1,1,7,0
1960,0,1,0.000,0.000,0.00,0.00,0.00,0.00,0.00,-1,1,7,0
1980,1,1,-4.838,-15.250,-0.45,-1.43,-0.45,-1.43,INF,-1,1,7,0
2000,1,1,-6.964,-17.025,-0.65,-1.59,-0.65,-1.59,INF,-1,1,7,0
2020,1,1,-6.580,-16.792,-0.62,-1.57,-0.61,-1.57,INF,-1,1,7,0
2040,1,1,-7.436,-15.223,-0.70,-1.42,-0.69,-1.42,INF,-1,1,7,0
2060,0,1,0.000,0.000,0.00,0.00,0.00,0.00,0.00,-1,1,7,0
2080,1,1,-4.177,-16.399,-0.39,-1.53,-0.39,-1.53,INF,-1,1,7,0
2100,0,1,0.000,0.000,0.00,0.00,0.00,0.00,0.00,-1,1,7,0
2120,0,1,0.000,0.000,0.00,0.00,0.00,0.00,0.00,-1,1,7,0
2140,0,1,0.000,0.000,0.00,0.00,0.00,0.00,0.00,-1,1,7,0
2160,0,1,0.000,0.000,0.00,0.00,0.00,0.00,0.00,-1,1,7,0
2180,0,1,0.000,0.000,0.00,0.00,0.00,0.00,0.00,-1,0,7,0
2200,0,1,0.000,0.000,0.00,0.00,0.00,0.00,0.00,-1,0,7,0
2220,0,1,0.000,0.000,0.00,0.00,0.00,0.00,0.00,-1,0,7,0
2240,0,1,0.000,0.000,0.00,0.00,0.00,0.00,0.00,-1,0,7,0
2260,0,1,0.000,0.000,0.00,0.00,0.00,0.00,0.00,-1,0,7,0
2280,0,1,0.000,0.000,0.00,0.00,0.00,0.00,0.00,-1,0,7,0
2300,1,1,5.630,-44.512,0.53,-4.15,0.52,-4.15,INF,-1,0,7,0
2320,1,1,1.397,-33.381,0.13,-3.12,0.13,-3.12,INF,-1,0,7,0
2340,1,1,-1.471,-34.213,-0.14,-3.19,-0.14,-3.19,INF,-1,0,7,0
2360,1,1,-5.474,-30.150,-0.51,-2.82,-0.51,-2.82,INF,-1,0,7,0
2380,1,1,-10.829,-21.928,-1.01,-2.05,-1.01,-2.05,INF,-1,0,7,0
2400,1,1,-8.859,-38.426,-0.83,-3.59,-0.83,-3.59,INF,-1,0,7,0
2420,1,1,-9.538,-39.013,-0.89,-3.64,-0.89,-3.64,INF,-1,0,7,0
2440,1,1,-8.970,-38.013,-0.84,-3.55,-0.84,-3.55,INF,-1,0,7,0
2460,1,1,-8.011,-27.886,-0.75,-2.60,-0.75,-2.60,INF,-1,0,7,0
2480,1,1,-9.484,-29.249,-0.89,-2.73,-0.89,-2.73,INF,-1,0,7,0
2500,1,1,-7.355,-31.943,-0.69,-2.98,-0.69,-2.98,INF,-1,0,7,0
2520,1,1,-7.449,-27.511,-0.70,-2.57,-0.70,-2.57,INF,-1,0,7,0
2540,1,1,-7.297,-28.780,-0.68,-2.69,-0.68,-2.69,INF,-1,0,7,0
2560,1,1,-8.177,-25.146,-0.76,-2.35,-0.76,-2.35,INF,-1,0,7,0
2580,1,1,-12.100,-25.011,-1.13,-2.34,-1.13,-2.34,INF,-1,0,7,0
2600,1,1,-9.778,-24.191,-0.91,-2.26,-0.91,-2.26,INF,-1,1,7,0
2620,1,1,-9.687,-23.345,-0.91,-2.18,-0.90,-2.18,INF,-1,1,7,0
2640,1,1,-7.464,-22.715,-0.70,-2.12,-0.70,-2.12,INF,-1,1,7,0
2660,1,1,-10.852,-21.543,-1.01,-2.01,-1.01,-2.01,INF,-1,1,7,0
2680,0,1,0.000,0.000,0.00,0.00,0.00,0.00,0.00,-1,1,7,0
2700,1,1,-11.489,-20.345,-1.07,-1.90,-1.07,-1.90,INF,-1,1,7,0
2720,1,1,-11.817,-16.360,-1.10,-1.53,-1.10,-1.53,INF,-1,1,7,0
2740,1,1,-11.298,-17.453,-1.06,-1.63,-1.06,-1.63,INF,-1,1,7,0
2760,1,1,-13.072,-15.524,-1.22,-1.45,-1.22,-1.45,INF,-1,0,7,0
2780,1,1,-14.116,-20.495,-1.32,-1.91,-1.32,-1.91,INF,-1,0,7,0
2800,1,1,-9.694,-20.569,-0.91,-1.92,-0.91,-1.92,INF,-1,0,7,0
2820,1,1,-7.668,-19.869,-0.72,-1.86,-0.72,-1.86,INF,-1,0,7,0
2840,1,1,-9.890,-19.306,-0.92,-1.80,-0.92,-1.80,INF,-1,0,7,0
2860,1,1,-8.121,-21.236,-0.76,-1.98,-0.76,-1.98,INF,-1,0,7,0
2880,1,1,-10.002,-18.957,-0.93,-1.77,-0.93,-1.77,INF,-1,0,7,0
2900,1,1,-7.647,-19.481,-0.71,-1.82,-0.71,-1.82,INF,-1,0,7,0
2920,1,1,-8.301,-19.117,-0.78,-1.79,-0.78,-1.79,INF,-1,0,7,0
2940,1,1,-7.846,-18.887,-0.73,-1.76,-0.73,-1.76,INF,-1,0,7,0
2960,1,1,-9.555,-17.746,-0.89,-1.66,-0.89,-1.66,INF,-1,0,7,0
2980,1,1,-7.224,-20.233,-0.68,-1.89,-0.67,-1.89,INF,-1,1,7,0
3000,1,1,-6.170,-18.897,-0.58,-1.77,-0.58,-1.77,INF,-1,1,7,0
3020,1,1,-5.939,-18.453,-0.56,-1.72,-0.55,-1.72,INF,-1,1,7,0
3040,1,1,-4.643,-18.349,-0.43,-1.71,-0.43,-1.71,INF,-1,1,7,0
3060,1,1,-6.736,-18.664,-0.63,-1.74,-0.63,-1.74,INF,-1,1,7,0
3080,1,1,-4.859,-19.000,-0.45,-1.78,-0.45,-1.78,INF,-1,1,7,0
3100,1,1,-6.873,-17.457,-0.64,-1.63,-0.64,-1.63,INF,-1,1,7,0
3120,1,1,-5.465,-17.663,-0.51,-1.65,-0.51,-1.65,INF,-1,1,7,0
3140,1,1,-6.858,-18.375,-0.64,-1.72,-0.64,-1.72,INF,-1,1,7,0
3160,1,1,-7.199,-17.114,-0.67,-1.60,-0.67,-1.60,INF,-1,1,7,0
3180,1,1,-4.202,-20.235,-0.39,-1.89,-0.39,-1.89,INF,-1,1,7,0
3200,1,1,-3.410,-20.796,-0.32,-1.94,-0.32,-1.94,INF,-1,1,7,0
3220,1,1,-5.729,-18.487,-0.54,-1.73,-0.54,-1.73,INF,-1,1,7,0
3240,1,1,-6.348,-16.792,-0.59,-1.57,-0.59,-1.57,INF,-1,1,7,0
3260,1,1,-4.422,-19.927,-0.41,-1.86,-0.41,-1.86,INF,-1,1,7,0
3280,1,1,-4.863,-21.860,-0.45,-2.04,-0.45,-2.04,INF,-1,1,7,0
3300,1,1,-3.710,-19.492,-0.35,-1.82,-0.35,-1.82,INF,-1,1,7,0
3320,1,1,-4.773,-22.749,-0.45,-2.13,-0.45,-2.13,INF,-1,1,7,0
3340,1,1,-3.870,-21.241,-0.36,-1.98,-0.36,-1.98,INF,-1,1,7,0
3360,1,1,-3.517,-19.575,-0.33,-1.83,-0.33,-1.83,INF,-1,1,7,0
3380,1,1,-4.191,-20.191,-0.39,-1.89,-0.39,-1.89,INF,-1,1,7,0
3400,1,1,-2.736,-22.655,-0.26,-2.12,-0.26,-2.12,INF,-1,1,7,0
3420,1,1,-3.071,-18.552,-0.29,-1.73,-0.29,-1.73,INF,-1,1,7,0
3440,1,1,-3.886,-21.432,-0.36,-2.00,-0.36,-2.00,INF,-1,1,7,0
3460,1,1,-4.591,-20.362,-0.43,-1.90,-0.43,-1.90,INF,-1,1,7,0
3480,1,1,-3.562,-21.863,-0.33,-2.04,-0.33,-2.04,INF,-1,1,7,0
3500,1,1,-3.786,-17.834,-0.35,-1.67,-0.35,-1.67,INF,-1,1,7,0
3520,1,1,-4.203,-19.007,-0.39,-1.78,-0.39,-1.78,INF,-1,1,7,0
3540,1,1,-4.219,-19.510,-0.39,-1.82,-0.39,-1.82,INF,-1,1,7,0
3560,1,1,-7.000,-18.769,-0.65,-1.75,-0.65,-1.75,INF,-1,1,7,0
3580,1,1,-7.456,-20.111,-0.70,-1.88,-0.70,-1.88,INF,-1,1,7,0
3600,1,1,-7.536,-19.455,-0.70,-1.82,-0.70,-1.82,INF,-1,1,7,0
3620,1,1,-8.191,-17.233,-0.77,-1.61,-0.77,-1.61,INF,-1,1,7,0
3640,1,1,-6.027,-19.616,-0.56,-1.83,-0.56,-1.83,INF,-1,1,7,0
3660,1,1,-5.397,-20.790,-0.50,-1.94,-0.50,-1.94,INF,-1,1,7,0
3680,1,1,-7.522,-17.979,-0.70,-1.68,-0.70,-1.68,INF,-1,1,7,0
3700,1,1,-4.329,-21.238,-0.40,-1.98,-0.40,-1.98,INF,-1,1,7,0
3720,1,1,-4.655,-20.214,-0.44,-1.89,-0.43,-1.89,INF,-1,1,7,0
3740,1,1,-4.240,-21.161,-0.40,-1.98,-0.40,-1.98,INF,-1,1,7,0
3760,1,1,-6.782,-19.121,-0.63,-1.79,-0.63,-1.79,INF,-1,1,7,0
3780,1,1,-5.639,-17.119,-0.53,-1.60,-0.53,-1.60,INF,-1,1,7,0
3800,1,1,-6.584,-18.618,-0.62,-1.74,-0.62,-1.74,INF,-1,1,7,0
3820,1,1,-5.300,-20.128,-0.50,-1.88,-0.50,-1.88,INF,-1,1,7,0
3840,1,1,-4.769,-19.046,-0.45,-1.78,-0.45,-1.78,INF,-1,1,7,0
3860,1,1,-5.341,-20.371,-0.50,-1.90,-0.50,-1.90,INF,-1,1,7,0
3880,0,1,0.000,0.000,0.00,0.00,0.00,0.00,0.00,-1,1,7,0
3900,1,1,-5.791,-20.885,-0.54,-1.95,-0.54,-1.95,INF,-1,1,7,0
3920,1,1,-6.724,-20.843,-0.63,-1.95,-0.63,-1.95,INF,-1,1,7,0
3940,1,1,-7.429,-21.016,-0.69,-1.96,-0.69,-1.96,INF,-1,1,7,0
3960,1,1,-7.067,-19.771,-0.66,-1.85,-0.66,-1.85,INF,-1,1,7,0
3980,1,1,-8.961,-20.378,-0.84,-1.90,-0.84,-1.90,INF,-1,1,7,0
4000,1,1,-6.668,-21.266,-0.62,-1.99,-0.62,-1.99,INF,-1,1,7,0
4020,1,1,-4.182,-23.147,-0.39,-2.16,-0.39,-2.16,INF,-1,1,7,0
4040,1,1,-5.806,-19.668,-0.54,-1.84,-0.54,-1.84,INF,-1,1,7,0
4060,1,1,-8.275,-21.174,-0.77,-1.98,-0.77,-1.98,INF,-1,1,7,0
4080,1,1,-6.673,-20.757,-0.62,-1.94,-0.62,-1.94,INF,-1,1,7,0
4100,1,1,-9.297,-19.080,-0.87,-1.78,-0.87,-1.78,INF,-1,1,7,0
4120,1,1,-8.527,-19.069,-0.80,-1.78,-0.80,-1.78,INF,-1,1,7,0
4140,1,1,-7.366,-20.723,-0.69,-1.94,-0.69,-1.94,INF,-1,1,7,0
4160,1,1,-4.945,-21.180,-0.46,-1.98,-0.46,-1.98,INF,-1,1,7,0
4180,1,1,-7.456,-20.978,-0.70,-1.96,-0.70,-1.96,INF,-1,1,7,0
4200,1,1,-9.663,-20.959,-0.90,-1.96,-0.90,-1.96,INF,-1,1,7,0
4220,1,1,-5.689,-20.047,-0.53,-1.87,-0.53,-1.87,INF,-1,1,7,0
4240,1,1,-6.192,-20.090,-0.58,-1.88,-0.58,-1.88,INF,-1,1,7,0
4260,1,1,-5.811,-20.148,-0.54,-1.88,-0.54,-1.88,INF,-1,1,7,0
4280,1,1,-4.488,-19.638,-0.42,-1.83,-0.42,-1.83,INF,-1,1,7,0
4300,1,1,-6.311,-19.496,-0.59,-1.82,-0.59,-1.82,INF,-1,1,7,0
4320,1,1,-5.154,-19.991,-0.48,-1.87,-0.48,-1.87,INF,-1,1,7,0
4340,1,1,-4.955,-21.336,-0.46,-1.99,-0.46,-1.99,INF,-1,1,7,0
4360,1,1,-6.235,-22.892,-0.58,-2.14,-0.58,-2.14,INF,-1,1,7,0
4380,0,1,0.000,0.000,0.00,0.00,0.00,0.00,0.00,-1,1,7,0
4400,1,1,-7.096,-22.241,-0.66,-2.08,-0.66,-2.08,INF,-1,1,7,0
4420,1,1,-6.361,-21.370,-0.59,-2.00,-0.59,-2.00,INF,-1,1,7,0
4440,1,1,-10.422,-21.071,-0.97,-1.97,-0.97,-1.97,INF,-1,1,7,0
4460,1,1,-11.409,-23.456,-1.07,-2.19,-1.07,-2.19,INF,-1,1,7,0
4480,1,1,-10.716,-22.479,-1.00,-2.10,-1.00,-2.10,INF,-1,1,7,0
4500,1,1,-9.917,-23.532,-0.93,-2.20,-0.93,-2.20,INF,-1,1,7,0
4520,1,1,-9.598,-26.248,-0.90,-2.45,-0.90,-2.45,INF,-1,1,7,0
4540,1,1,-11.947,-22.107,-1.12,-2.06,-1.12,-2.07,INF,-1,1,7,0
4560,1,1,-11.234,-23.435,-1.05,-2.19,-1.05,-2.19,INF,-1,1,7,0
4580,1,1,-9.381,-25.331,-0.88,-2.37,-0.88,-2.37,INF,-1,1,7,0
4600,1,1,-10.626,-22.502,-0.99,-2.10,-0.99,-2.10,INF,-1,1,7,0
4620,1,1,-10.466,-23.736,-0.98,-2.22,-0.98,-2.22,INF,-1,1,7,0
4640,1,1,-9.063,-23.421,-0.85,-2.19,-0.85,-2.19,INF,-1,1,7,0
4660,1,1,-9.579,-25.633,-0.90,-2.39,-0.89,-2.39,INF,-1,1,7,0
4680,1,1,-9.131,-24.237,-0.85,-2.26,-0.85,-2.26,INF,-1,1,7,0
4700,1,1,-8.780,-25.148,-0.82,-2.35,-0.82,-2.35,INF,-1,1,7,0
4720,1,1,-9.451,-24.990,-0.88,-2.33,-0.88,-2.33,INF,-1,1,7,0
4740,1,1,-7.240,-27.372,-0.68,-2.56,-0.68,-2.56,INF,-1,1,7,0
4760,1,1,-10.769,-24.776,-1.01,-2.31,-1.01,-2.31,INF,-1,1,7,0
4780,1,1,-11.367,-25.773,-1.06,-2.41,-1.06,-2.41,INF,-1,1,7,0
4800,1,1,-10.308,-23.191,-0.96,-2.17,-0.96,-2.17,INF,-1,1,7,0
4820,1,1,-8.544,-24.586,-0.80,-2.30,-0.80,-2.30,INF,-1,1,7,0
4840,1,1,-8.530,-27.363,-0.80,-2.56,-0.80,-2.56,INF,-1,1,7,0
4860,1,1,-8.032,-26.398,-0.75,-2.47,-0.75,-2.47,INF,-1,1,7,0
4880,1,1,-6.978,-27.030,-0.65,-2.52,-0.65,-2.52,INF,-1,1,7,0
4900,1,1,-6.489,-27.068,-0.61,-2.53,-0.61,-2.53,INF,-1,1,7,0
4920,1,1,-10.306,-27.515,-0.96,-2.57,-0.96,-2.57,INF,-1,1,7,0
4940,1,1,-9.269,-25.384,-0.87,-2.37,-0.87,-2.37,INF,-1,1,7,0
4960,1,1,-15.465,-28.854,-1.45,-2.69,-1.44,-2.69,INF,-1,1,7,0
4980,1,1,-16.327,-26.413,-1.53,-2.47,-1.52,-2.47,INF,-1,1,7,0
5000,1,1,-14.257,-28.885,-1.33,-2.70,-1.33,-2.70,INF,-1,1,7,0
5020,1,1,-12.371,-28.052,-1.16,-2.62,-1.15,-2.62,INF,-1,1,7,0
5040,1,1,-14.429,-27.593,-1.35,-2.58,-1.35,-2.58,INF,-1,1,7,0
5060,1,1,-16.106,-28.059,-1.51,-2.62,-1.50,-2.62,INF,-1,1,7,0
5080,1,1,-16.124,-28.495,-1.51,-2.66,-1.51,-2.66,INF,-1,1,7,0
5100,1,1,-16.044,-29.671,-1.50,-2.77,-1.50,-2.77,INF,-1,0,7,0
5120,1,1,-14.477,-26.340,-1.35,-2.46,-1.35,-2.46,INF,-1,0,7,0
5140,1,1,-15.662,-26.271,-1.46,-2.45,-1.46,-2.45,INF,-1,0,7,0
5160,1,1,-15.932,-27.954,-1.49,-2.61,-1.49,-2.61,INF,-1,0,7,0
5180,1,1,-13.151,-31.275,-1.23,-2.92,-1.23,-2.92,INF,-1,0,7,0
5200,1,1,-15.453,-29.410,-1.44,-2.75,-1.44,-2.75,INF,-1,0,7,0
5220,1,1,-13.791,-31.450,-1.29,-2.94,-1.29,-2.94,INF,-1,0,7,0
5240,1,1,-15.509,-28.651,-1.45,-2.68,-1.45,-2.68,INF,-1,0,7,0
5260,1,1,-14.320,-28.858,-1.34,-2.69,-1.34,-2.70,INF,-1,0,7,0
5280,1,1,-17.267,-26.570,-1.61,-2.48,-1.61,-2.48,INF,-1,0,7,0
5300,1,1,-16.663,-29.032,-1.56,-2.71,-1.56,-2.71,INF,-1,0,7,0
5320,1,1,-13.562,-29.438,-1.27,-2.75,-1.27,-2.75,INF,-1,0,7,0
5340,1,1,-17.249,-30.081,-1.61,-2.81,-1.61,-2.81,INF,-1,1,7,0
5360,1,1,-18.848,-27.996,-1.76,-2.61,-1.76,-2.61,INF,-1,1,7,0
5380,1,1,-18.060,-26.409,-1.69,-2.47,-1.69,-2.47,INF,-1,1,7,0
5400,1,1,-18.067,-27.495,-1.69,-2.57,-1.69,-2.57,INF,-1,1,7,0
5420,1,1,-16.850,-28.570,-1.57,-2.67,-1.57,-2.67,INF,-1,1,7,0
5440,1,1,-16.567,-29.447,-1.55,-2.75,-1.55,-2.75,INF,-1,1,7,0
5460,1,1,-17.823,-29.724,-1.67,-2.77,-1.66,-2.78,INF,-1,1,7,0
5480,1,1,-16.377,-28.910,-1.53,-2.70,-1.53,-2.70,INF,-1,1,7,0
5500,1,1,-16.246,-30.066,-1.52,-2.81,-1.52,-2.81,INF,-1,1,7,0
5520,1,1,-14.369,-29.961,-1.34,-2.80,-1.34,-2.80,INF,-1,1,7,0
5540,1,1,-17.013,-27.898,-1.59,-2.60,-1.59,-2.61,INF,-1,1,7,0
5560,1,1,-17.216,-28.210,-1.61,-2.63,-1.61,-2.63,INF,-1,1,7,0
5580,1,1,-17.071,-29.174,-1.60,-2.72,-1.59,-2.72,INF,-1,1,7,0
5600,1,1,-17.661,-29.682,-1.65,-2.77,-1.65,-2.77,INF,-1,1,7,0
5620,1,1,-15.521,-29.908,-1.45,-2.79,-1.45,-2.79,INF,-1,1,7,0
5640,1,1,-16.780,-28.869,-1.57,-2.70,-1.57,-2.70,INF,-1,1,7,0
5660,1,1,-14.877,-30.973,-1.39,-2.89,-1.39,-2.89,INF,-1,1,7,0
5680,1,1,-17.054,-28.240,-1.59,-2.64,-1.59,-2.64,INF,-1,1,7,0
5700,1,1,-18.357,-26.618,-1.72,-2.49,-1.71,-2.49,INF,-1,1,7,0
5720,1,1,-16.281,-30.945,-1.52,-2.89,-1.52,-2.89,INF,-1,1,7,0
5740,1,1,-15.068,-31.353,-1.41,-2.93,-1.41,-2.93,INF,-1,1,7,0
5760,1,1,-15.129,-28.799,-1.41,-2.69,-1.41,-2.69,INF,-1,1,7,0
5780,1,1,-19.715,-30.571,-1.84,-2.85,-1.84,-2.86,INF,-1,1,7,0
5800,1,1,-16.858,-29.529,-1.58,-2.76,-1.57,-2.76,INF,-1,1,7,0
5820,1,1,-17.025,-28.239,-1.59,-2.64,-1.59,-2.64,INF,-1,1,7,0
5840,1,1,-14.453,-28.408,-1.35,-2.65,-1.35,-2.65,INF,-1,1,7,0
5860,1,1,-13.060,-27.201,-1.22,-2.54,-1.22,-2.54,INF,-1,1,7,0
5880,1,1,-13.982,-28.119,-1.31,-2.63,-1.31,-2.63,INF,-1,1,7,0
5900,1,1,-12.726,-29.826,-1.19,-2.78,-1.19,-2.79,INF,-1,1,7,0
5920,1,1,-12.532,-28.110,-1.17,-2.62,-1.17,-2.63,INF,-1,1,7,0
5940,1,1,-15.103,-26.844,-1.41,-2.51,-1.41,-2.51,INF,-1,1,7,0
5960,1,1,-14.374,-28.280,-1.34,-2.64,-1.34,-2.64,INF,-1,1,7,0
5980,1,1,-11.286,-29.913,-1.05,-2.79,-1.05,-2.79,INF,-1,1,7,0
6000,1,1,-10.842,-29.490,-1.01,-2.75,-1.01,-2.75,INF,-1,1,7,0
6020,1,1,-11.977,-31.573,-1.12,-2.95,-1.12,-2.95,INF,-1,1,7,0
6040,1,1,-13.234,-28.999,-1.24,-2.71,-1.24,-2.71,INF,-1,1,7,0
6060,1,1,-12.397,-30.108,-1.16,-2.81,-1.16,-2.81,INF,-1,1,7,0
6080,1,1,-9.240,-30.720,-0.86,-2.87,-0.86,-2.87,INF,-1,1,7,0
6100,1,1,-10.589,-28.141,-0.99,-2.63,-0.99,-2.63,INF,-1,1,7,0
6120,1,1,-8.252,-33.030,-0.77,-3.08,-0.77,-3.08,INF,-1,1,7,0
6140,1,1,-10.893,-31.489,-1.02,-2.94,-1.02,-2.94,INF,-1,1,7,0
6160,1,1,-11.385,-30.645,-1.06,-2.86,-1.06,-2.86,INF,-1,1,7,0
6180,1,1,-11.656,-32.972,-1.09,-3.08,-1.09,-3.08,INF,-1,1,7,0
6200,1,1,-9.920,-38.092,-0.93,-3.56,-0.93,-3.56,INF,-1,1,7,0
6220,0,1,0.000,0.000,0.00,0.00,0.00,0.00,0.00,-1,1,7,0
6240,0,1,0.000,0.000,0.00,0.00,0.00,0.00,0.00,-1,1,7,0
6260,0,1,0.000,0.000,0.00,0.00,0.00,0.00,0.00,-1,1,7,0
6280,0,1,0.000,0.000,0.00,0.00,0.00,0.00,0.00,-1,0,7,0
6300,0,1,0.000,0.000,0.00,0.00,0.00,0.00,0.00,-1,0,7,0
6320,0,1,0.000,0.000,0.00,0.00,0.00,0.00,0.00,-1,0,7,0
6340,0,1,0.000,0.000,0.00,0.00,0.00,0.00,0.00,-1,0,7,0
6360,0,1,0.000,0.000,0.00,0.00,0.00,0.00,0.00,-1,0,7,0
6380,0,1,0.000,0.000,0.00,0.00,0.00,0.00,0.00,-1,0,7,0
6400,0,1,0.000,0.000,0.00,0.00,0.00,0.00,0.00,-1,0,7,0
6420,1,1,-18.515,-44.114,-1.73,-4.11,-1.73,-4.12,INF,-1,0,7,0
6440,1,1,-12.174,-43.963,-1.14,-4.10,-1.13,-4.10,INF,-1,0,7,0
6460,1,1,-13.630,-34.978,-1.27,-3.26,-1.27,-3.27,INF,-1,0,7,0
6480,1,1,-10.629,-35.931,-0.99,-3.35,-0.99,-3.35,INF,-1,0,7,0
6500,1,1,-15.202,-32.320,-1.42,-3.02,-1.42,-3.02,INF,-1,0,7,0
6520,1,1,-15.659,-33.641,-1.46,-3.14,-1.46,-3.14,INF,-1,0,7,0
6540,1,1,-16.386,-33.696,-1.53,-3.15,-1.53,-3.15,INF,-1,0,7,0
6560,1,1,-17.034,-36.003,-1.59,-3.36,-1.59,-3.36,INF,-1,0,7,0
6580,1,1,-17.268,-38.159,-1.61,-3.56,-1.61,-3.56,INF,-1,0,7,0
6600,1,1,14.027,-16.918,1.31,-1.58,1.31,-1.58,INF,-1,0,7,0
6620,1,1,9.818,-5.440,0.92,-0.51,0.92,-0.51,INF,-1,0,7,0
6640,1,1,8.236,-4.206,0.77,-0.39,0.77,-0.39,INF,-1,0,7,0
6660,1,1,8.474,-2.571,0.79,-0.24,0.79,-0.24,INF,-1,0,7,0
6680,1,1,10.090,-2.934,0.94,-0.27,0.94,-0.27,INF,-1,0,7,0
6700,0,1,0.000,0.000,0.00,0.00,0.00,0.00,0.00,-1,0,7,0
6720,1,1,10.064,-8.472,0.94,-0.79,0.94,-0.79,INF,-1,0,7,0
6740,1,1,8.258,-5.841,0.77,-0.55,0.77,-0.55,INF,-1,0,7,0
6760,0,1,0.000,0.000,0.00,0.00,0.00,0.00,0.00,-1,0,7,0
6780,1,1,9.999,-4.807,0.93,-0.45,0.93,-0.45,INF,-1,0,7,0
6800,1,1,7.335,-5.655,0.69,-0.53,0.69,-0.53,INF,-1,0,7,0
6820,1,1,10.672,-1.790,1.00,-0.17,1.00,-0.17,INF,-1,0,7,0
6840,1,1,9.817,-3.735,0.92,-0.35,0.92,-0.35,INF,-1,0,7,0
6860,1,1,8.670,-7.135,0.81,-0.67,0.81,-0.67,INF,-1,0,7,0
6880,1,1,9.759,-3.578,0.91,-0.33,0.91,-0.33,INF,-1,0,7,0
6900,1,1,8.481,-3.540,0.79,-0.33,0.79,-0.33,INF,-1,1,7,0
6920,1,1,7.910,-5.614,0.74,-0.52,0.74,-0.52,INF,-1,1,7,0
6940,1,1,9.978,-4.433,0.93,-0.41,0.93,-0.41,INF,-1,1,7,0
6960,1,1,7.901,-4.903,0.74,-0.46,0.74,-0.46,INF,-1,1,7,0
6980,1,1,12.001,-4.918,1.12,-0.46,1.12,-0.46,INF,-1,1,7,0
7000,1,1,18.004,-2.794,1.68,-0.26,1.68,-0.26,INF,-1,1,7,0
7020,1,1,15.854,0.300,1.48,0.03,1.48,0.03,INF,-1,1,7,0
7040,1,1,16.484,0.187,1.54,0.02,1.54,0.02,INF,-1,1,7,0
7060,0,1,0.000,0.000,0.00,0.00,0.00,0.00,0.00,-1,1,7,0
7080,1,1,16.535,-2.308,1.55,-0.22,1.55,-0.22,INF,-1,1,7,0
7100,1,1,15.272,-1.312,1.43,-0.12,1.43,-0.12,INF,-1,1,7,0
7120,1,1,14.898,-0.423,1.39,-0.04,1.39,-0.04,INF,-1,1,7,0
7140,0,1,0.000,0.000,0.00,0.00,0.00,0.00,0.00,-1,1,7,0
7160,1,1,16.012,-5.321,1.50,-0.50,1.50,-0.50,INF,-1,1,7,0
7180,1,1,15.626,-1.944,1.46,-0.18,1.46,-0.18,INF,-1,1,7,0
7200,1,1,16.465,-5.241,1.54,-0.49,1.54,-0.49,INF,-1,1,7,0
7220,1,1,15.802,-5.851,1.48,-0.55,1.48,-0.55,INF,-1,1,7,0
7240,1,1,-0.926,-13.407,-0.09,-1.25,-0.09,-1.25,INF,-1,1,7,0
7260,1,1,0.953,-11.877,0.09,-1.11,0.09,-1.11,INF,-1,1,7,0
7280,1,1,1.170,-10.758,0.11,-1.01,0.11,-1.01,INF,-1,0,7,0
7300,1,1,2.662,-10.358,0.25,-0.97,0.25,-0.97,INF,-1,0,7,0
7320,1,1,3.500,-9.035,0.33,-0.84,0.33,-0.84,INF,-1,0,7,0
7340,0,1,0.000,0.000,0.00,0.00,0.00,0.00,0.00,-1,0,7,0
7360,1,1,7.263,-16.284,0.68,-1.52,0.68,-1.52,INF,-1,0,7,0
7380,1,1,-0.547,-9.933,-0.05,-0.93,-0.05,-0.93,INF,-1,0,7,0
7400,1,1,-1.378,-8.538,-0.13,-0.80,-0.13,-0.80,INF,-1,0,7,0
7420,0,1,0.000,0.000,0.00,0.00,0.00,0.00,0.00,-1,0,7,0
7440,1,1,-1.901,-11.948,-0.18,-1.12,-0.18,-1.12,INF,-1,0,7,0
7460,1,1,0.149,-10.164,0.01,-0.95,0.01,-0.95,INF,-1,0,7,0
7480,0,1,0.000,0.000,0.00,0.00,0.00,0.00,0.00,-1,0,7,0
7500,1,1,-0.445,-11.011,-0.04,-1.03,-0.04,-1.03,INF,-1,0,7,0
7520,1,1,4.306,-11.377,0.40,-1.06,0.40,-1.06,INF,-1,1,7,0
7540,1,1,3.786,-10.010,0.35,-0.94,0.35,-0.94,INF,-1,1,7,0
7560,1,1,2.216,-8.004,0.21,-0.75,0.21,-0.75,INF,-1,1,7,0
7580,1,1,2.025,-9.318,0.19,-0.87,0.19,-0.87,INF,-1,1,7,0
7600,1,1,-1.140,-8.952,-0.11,-0.84,-0.11,-0.84,INF,-1,1,7,0
7620,1,1,2.024,-10.333,0.19,-0.97,0.19,-0.97,INF,-1,1,7,0
7640,1,1,1.191,-11.639,0.11,-1.09,0.11,-1.09,INF,-1,1,7,0
7660,0,1,0.000,0.000,0.00,0.00,0.00,0.00,0.00,-1,1,7,0
7680,0,1,0.000,0.000,0.00,0.00,0.00,0.00,0.00,-1,1,7,0
7700,0,1,0.000,0.000,0.00,0.00,0.00,0.00,0.00,-1,1,7,0
7720,0,1,0.000,0.000,0.00,0.00,0.00,0.00,0.00,-1,1,7,0
7740,0,1,0.000,0.000,0.00,0.00,0.00,0.00,0.00,-1,0,7,0
7760,0,1,0.000,0.000,0.00,0.00,0.00,0.00,0.00,-1,0,7,0
7780,0,1,0.000,0.000,0.00,0.00,0.00,0.00,0.00,-1,0,7,0
7800,0,1,0.000,0.000,0.00,0.00,0.00,0.00,0.00,-1,0,7,0
7820,0,1,0.000,0.000,0.00,0.00,0.00,0.00,0.00,-1,0,7,0
7840,0,1,0.000,0.000,0.00,0.00,0.00,0.00,0.00,-1,0,7,0
7860,0,1,0.000,0.000,0.00,0.00,0.00,0.00,0.00,-1,0,7,0
7880,1,1,-10.548,-44.077,-0.99,-4.11,-0.98,-4.11,INF,-1,0,7,0
7900,1,1,-7.964,-24.774,-0.74,-2.31,-0.74,-2.31,INF,-1,0,7,0
7920,1,1,-8.127,-32.045,-0.76,-2.99,-0.76,-2.99,INF,-1,0,7,0
7940,1,1,-10.718,-32.714,-1.00,-3.05,-1.00,-3.05,INF,-1,0,7,0
7960,1,1,-6.772,-39.871,-0.63,-3.72,-0.63,-3.72,INF,-1,0,7,0
7980,1,1,-10.768,-26.621,-1.01,-2.49,-1.01,-2.49,INF,-1,0,7,0
8000,1,1,-11.287,-23.629,-1.05,-2.21,-1.05,-2.21,INF,-1,0,7,0
8020,1,1,-10.502,-30.027,-0.98,-2.80,-0.98,-2.80,INF,-1,0,7,0
8040,1,1,-9.787,-33.957,-0.91,-3.17,-0.91,-3.17,INF,-1,0,7,0
8060,1,1,-9.113,-31.280,-0.85,-2.92,-0.85,-2.92,INF,-1,0,7,0
8080,1,1,-9.010,-32.274,-0.84,-3.01,-0.84,-3.01,INF,-1,0,7,0
8100,1,1,-13.745,-32.278,-1.28,-3.01,-1.28,-3.01,INF,-1,0,7,0
8120,1,1,-13.165,-29.415,-1.23,-2.75,-1.23,-2.75,INF,-1,0,7,0
8140,1,1,-12.235,-34.079,-1.14,-3.18,-1.14,-3.18,INF,-1,0,7,0
8160,1,1,-10.595,-29.108,-0.99,-2.72,-0.99,-2.72,INF,-1,0,7,0
8180,1,1,-9.781,-33.148,-0.91,-3.09,-0.91,-3.10,INF,-1,1,7,0
8200,1,1,-9.634,-33.827,-0.90,-3.16,-0.90,-3.16,INF,-1,1,7,0
8220,1,1,-12.858,-23.667,-1.20,-2.21,-1.20,-2.21,INF,-1,1,7,0
8240,1,1,-8.615,-30.176,-0.81,-2.82,-0.80,-2.82,INF,-1,1,7,0
8260,1,1,-10.862,-22.840,-1.02,-2.13,-1.01,-2.13,INF,-1,1,7,0
8280,1,1,-10.314,-24.237,-0.96,-2.26,-0.96,-2.26,INF,-1,1,7,0
8300,1,1,-12.829,-22.321,-1.20,-2.08,-1.20,-2.09,INF,-1,1,7,0
8320,1,1,-11.106,-25.723,-1.04,-2.40,-1.04,-2.40,INF,-1,1,7,0
8340,1,1,-11.744,-24.321,-1.10,-2.27,-1.10,-2.27,INF,-1,1,7,0
8360,1,1,-10.572,-24.743,-0.99,-2.31,-0.99,-2.31,INF,-1,1,7,0
8380,1,1,-12.686,-27.630,-1.19,-2.58,-1.18,-2.58,INF,-1,1,7,0
8400,1,1,-11.111,-25.566,-1.04,-2.39,-1.04,-2.39,INF,-1,1,7,0
8420,1,1,-12.914,-25.375,-1.21,-2.37,-1.21,-2.37,INF,-1,1,7,0
8440,1,1,-9.022,-24.796,-0.84,-2.32,-0.84,-2.32,INF,-1,1,7,0
8460,1,1,-8.854,-26.989,-0.83,-2.52,-0.83,-2.52,INF,-1,1,7,0
8480,1,1,-8.258,-25.666,-0.77,-2.40,-0.77,-2.40,INF,-1,1,7,0
8500,1,1,-10.284,-26.915,-0.96,-2.51,-0.96,-2.51,INF,-1,1,7,0
8520,1,1,-10.042,-27.329,-0.94,-2.55,-0.94,-2.55,INF,-1,1,7,0
8540,1,1,-16.270,-23.713,-1.52,-2.21,-1.52,-2.22,INF,-1,1,7,0
8560,1,1,-16.921,-23.326,-1.58,-2.18,-1.58,-2.18,INF,-1,1,7,0
8580,1,1,-15.431,-23.610,-1.44,-2.21,-1.44,-2.21,INF,-1,1,7,0
8600,1,1,-12.589,-21.674,-1.18,-2.02,-1.18,-2.02,INF,-1,1,7,0
8620,1,1,-17.851,-20.773,-1.67,-1.94,-1.67,-1.94,INF,-1,1,7,0
8640,0,1,0.000,0.000,0.00,0.00,0.00,0.00,0.00,-1,1,7,0
8660,1,1,-13.008,-23.458,-1.22,-2.19,-1.21,-2.19,INF,-1,1,7,0
8680,1,1,-14.976,-21.379,-1.40,-2.00,-1.40,-2.00,INF,-1,1,7,0
8700,1,1,-17.544,-27.172,-1.64,-2.54,-1.64,-2.54,INF,-1,1,7,0
8720,1,1,-14.226,-26.987,-1.33,-2.52,-1.33,-2.52,INF,-1,1,7,0
8740,1,1,-12.655,-24.744,-1.18,-2.31,-1.18,-2.31,INF,-1,1,7,0
8760,1,1,-15.108,-23.627,-1.41,-2.21,-1.41,-2.21,INF,-1,1,7,0
8780,1,1,-12.795,-25.856,-1.20,-2.41,-1.19,-2.42,INF,-1,1,7,0
8800,1,1,-12.618,-26.883,-1.18,-2.51,-1.18,-2.51,INF,-1,1,7,0
8820,1,1,-13.770,-26.100,-1.29,-2.44,-1.29,-2.44,INF,-1,1,7,0
8840,1,1,-14.164,-26.102,-1.32,-2.44,-1.32,-2.44,INF,-1,1,7,0
8860,1,1,-10.866,-25.572,-1.02,-2.39,-1.01,-2.39,INF,-1,1,7,0
8880,1,1,-12.814,-26.186,-1.20,-2.45,-1.20,-2.45,INF,-1,1,7,0
8900,1,1,-13.457,-30.051,-1.26,-2.81,-1.26,-2.81,INF,-1,1,7,0
8920,1,1,-12.029,-26.180,-1.12,-2.45,-1.12,-2.45,INF,-1,1,7,0
8940,1,1,-10.546,-24.657,-0.99,-2.30,-0.98,-2.30,INF,-1,1,7,0
8960,1,1,-12.622,-26.789,-1.18,-2.50,-1.18,-2.50,INF,-1,1,7,0
8980,0,1,0.000,0.000,0.00,0.00,0.00,0.00,0.00,-1,1,7,0
9000,1,1,-8.729,-21.207,-0.82,-1.98,-0.82,-1.98,INF,-1,1,7,0
9020,1,1,-8.514,-22.511,-0.80,-2.10,-0.80,-2.10,INF,-1,1,7,0
9040,1,1,-6.148,-23.150,-0.57,-2.16,-0.57,-2.16,INF,-1,1,7,0
9060,1,1,-8.230,-17.211,-0.77,-1.61,-0.77,-1.61,INF,-1,1,7,0
9080,1,1,-8.409,-20.449,-0.79,-1.91,-0.79,-1.91,INF,-1,1,7,0
9100,1,1,-6.598,-19.955,-0.62,-1.86,-0.62,-1.86,INF,-1,0,7,0
9120,1,1,-6.945,-21.524,-0.65,-2.01,-0.65,-2.01,INF,-1,0,7,0
9140,0,1,0.000,0.000,0.00,0.00,0.00,0.00,0.00,-1,0,7,0
9160,1,1,-5.091,-23.033,-0.48,-2.15,-0.48,-2.15,INF,-1,0,7,0
9180,1,1,-6.559,-19.875,-0.61,-1.86,-0.61,-1.86,INF,-1,0,7,0
9200,1,1,-8.407,-19.149,-0.79,-1.79,-0.79,-1.79,INF,-1,0,7,0
9220,1,1,-6.924,-21.668,-0.65,-2.02,-0.65,-2.02,INF,-1,0,7,0
9240,1,1,-5.884,-21.156,-0.55,-1.98,-0.55,-1.98,INF,-1,0,7,0
9260,1,1,-7.176,-19.543,-0.67,-1.83,-0.67,-1.83,INF,-1,0,7,0
9280,1,1,-4.987,-18.017,-0.47,-1.68,-0.47,-1.68,INF,-1,0,7,0
9300,1,1,-4.076,-22.915,-0.38,-2.14,-0.38,-2.14,INF,-1,0,7,0
9320,1,1,-5.931,-19.436,-0.55,-1.82,-0.55,-1.82,INF,-1,0,7,0
9340,1,1,-7.875,-17.349,-0.74,-1.62,-0.74,-1.62,INF,-1,1,7,0
9360,1,1,-6.328,-18.521,-0.59,-1.73,-0.59,-1.73,INF,-1,1,7,0
9380,1,1,-6.440,-21.318,-0.60,-1.99,-0.60,-1.99,INF,-1,1,7,0
9400,1,1,-6.385,-19.331,-0.60,-1.81,-0.60,-1.81,INF,-1,1,7,0
9420,1,1,-5.879,-16.661,-0.55,-1.56,-0.55,-1.56,INF,-1,1,7,0
9440,1,1,-7.265,-17.850,-0.68,-1.67,-0.68,-1.67,INF,-1,1,7,0
9460,0,1,0.000,0.000,0.00,0.00,0.00,0.00,0.00,-1,1,7,0
9480,1,1,-6.362,-20.200,-0.59,-1.89,-0.59,-1.89,INF,-1,1,7,0
9500,1,1,-3.400,-21.937,-0.32,-2.05,-0.32,-2.05,INF,-1,1,7,0
9520,1,1,-2.391,-24.447,-0.22,-2.28,-0.22,-2.28,INF,-1,1,7,0
9540,1,1,-8.242,-22.210,-0.77,-2.07,-0.77,-2.08,INF,-1,1,7,0
9560,1,1,-1.115,-25.156,-0.10,-2.35,-0.10,-2.35,INF,-1,1,7,0
9580,0,1,0.000,0.000,0.00,0.00,0.00,0.00,0.00,-1,1,7,0
9600,0,1,0.000,0.000,0.00,0.00,0.00,0.00,0.00,-1,1,7,0
9620,0,1,0.000,0.000,0.00,0.00,0.00,0.00,0.00,-1,1,7,0
9640,0,1,0.000,0.000,0.00,0.00,0.00,0.00,0.00,-1,1,7,0
9660,0,1,0.000,0.000,0.00,0.00,0.00,0.00,0.00,-1,0,7,0
9680,0,1,0.000,0.000,0.00,0.00,0.00,0.00,0.00,-1,0,7,0
9700,0,1,0.000,0.000,0.00,0.00,0.00,0.00,0.00,-1,0,7,0
9720,0,1,0.000,0.000,0.00,0.00,0.00,0.00,0.00,-1,0,7,0
9740,0,1,0.000,0.000,0.00,0.00,0.00,0.00,0.00,-1,0,7,0
9760,0,1,0.000,0.000,0.00,0.00,0.00,0.00,0.00,-1,0,7,0
9780,0,1,0.000,0.000,0.00,0.00,0.00,0.00,0.00,-1,0,7,0
9800,0,1,0.000,0.000,0.00,0.00,0.00,0.00,0.00,-1,0,7,0
9820,1,1,-4.499,-28.975,-0.42,-2.71,-0.42,-2.71,INF,-1,0,7,0
9840,1,1,-9.597,-34.126,-0.90,-3.19,-0.90,-3.19,INF,-1,0,7,0
9860,1,1,-15.967,-31.012,-1.49,-2.90,-1.49,-2.90,INF,-1,0,7,0
9880,1,1,-10.379,-29.339,-0.97,-2.74,-0.97,-2.74,INF,-1,0,7,0
9900,1,1,-12.487,-27.922,-1.17,-2.61,-1.17,-2.61,INF,-1,0,7,0
9920,1,1,-11.107,-30.626,-1.04,-2.86,-1.04,-2.86,INF,-1,0,7,0
9940,1,1,-12.777,-30.487,-1.19,-2.85,-1.19,-2.85,INF,-1,0,7,0
9960,1,1,-10.954,-39.678,-1.02,-3.70,-1.02,-3.70,INF,-1,0,7,0
9980,1,1,-12.418,-36.587,-1.16,-3.42,-1.16,-3.42,INF,-1,0,7,0
10000,1,1,-7.948,-37.407,-0.74,-3.49,-0.74,-3.49,INF,-1,0,7,0
10020,1,1,-8.860,-37.923,-0.83,-3.54,-0.83,-3.54,INF,-1,0,7,0
10040,1,1,-8.288,-32.250,-0.77,-3.01,-0.77,-3.01,INF,-1,0,7,0
10060,1,1,-9.738,-40.354,-0.91,-3.77,-0.91,-3.77,INF,-1,0,7,0
10080,1,1,-8.443,-34.400,-0.79,-3.21,-0.79,-3.21,INF,-1,0,7,0
10100,1,1,-7.552,-35.844,-0.71,-3.35,-0.70,-3.35,INF,-1,1,7,0
10120,1,1,-8.993,-27.797,-0.84,-2.60,-0.84,-2.60,INF,-1,1,7,0
10140,1,1,-14.847,-28.938,-1.39,-2.70,-1.39,-2.70,INF,-1,1,7,0
10160,1,1,-13.034,-21.278,-1.22,-1.99,-1.22,-1.99,INF,-1,1,7,0
10180,1,1,-11.608,-22.702,-1.08,-2.12,-1.08,-2.12,INF,-1,1,7,0
10200,1,1,-12.629,-21.695,-1.18,-2.03,-1.18,-2.03,INF,-1,0,7,0
10220,1,1,-13.373,-23.528,-1.25,-2.20,-1.25,-2.20,INF,-1,0,7,0
10240,1,1,-13.425,-24.096,-1.25,-2.25,-1.25,-2.25,INF,-1,0,7,0
10260,1,1,-11.574,-27.861,-1.08,-2.60,-1.08,-2.60,INF,-1,0,7,0
10280,1,1,-10.685,-26.111,-1.00,-2.44,-1.00,-2.44,INF,-1,0,7,0
10300,1,1,-13.572,-36.725,-1.27,-3.43,-1.27,-3.43,INF,-1,0,7,0
10320,1,1,-12.611,-26.512,-1.18,-2.48,-1.18,-2.48,INF,-1,0,7,0
10340,1,1,-9.713,-23.340,-0.91,-2.18,-0.91,-2.18,INF,-1,0,7,0
10360,1,1,-12.688,-22.965,-1.19,-2.15,-1.18,-2.15,INF,-1,0,7,0
10380,1,1,-10.116,-23.091,-0.95,-2.16,-0.94,-2.16,INF,-1,0,7,0
10400,1,1,-9.041,-25.837,-0.84,-2.41,-0.84,-2.41,INF,-1,0,7,0
10420,1,1,-7.347,-25.374,-0.69,-2.37,-0.69,-2.37,INF,-1,0,7,0
10440,1,1,-11.140,-21.591,-1.04,-2.02,-1.04,-2.02,INF,-1,1,7,0
10460,1,1,-12.094,-21.764,-1.13,-2.03,-1.13,-2.03,INF,-1,1,7,0
10480,1,1,-10.246,-21.446,-0.96,-2.00,-0.96,-2.00,INF,-1,1,7,0
10500,1,1,-9.427,-22.365,-0.88,-2.09,-0.88,-2.09,INF,-1,1,7,0
10520,1,1,-8.284,-25.995,-0.77,-2.43,-0.77,-2.43,INF,-1,1,7,0
10540,1,1,-10.138,-21.235,-0.95,-1.98,-0.95,-1.98,INF,-1,1,7,0
10560,1,1,-5.638,-20.221,-0.53,-1.89,-0.53,-1.89,INF,-1,1,7,0
10580,1,1,-5.517,-19.317,-0.52,-1.80,-0.52,-1.80,INF,-1,1,7,0
10600,1,1,-4.159,-22.150,-0.39,-2.07,-0.39,-2.07,INF,-1,1,7,0
10620,1,1,-6.000,-21.786,-0.56,-2.04,-0.56,-2.04,INF,-1,1,7,0
10640,1,1,-2.906,-22.131,-0.27,-2.07,-0.27,-2.07,INF,-1,1,7,0
10660,1,1,-2.617,-24.689,-0.24,-2.31,-0.24,-2.31,INF,-1,1,7,0
10680,1,1,-4.650,-23.504,-0.43,-2.20,-0.43,-2.20,INF,-1,1,7,0
10700,1,1,-2.435,-23.753,-0.23,-2.22,-0.23,-2.22,INF,-1,1,7,0
10720,1,1,-1.841,-22.849,-0.17,-2.13,-0.17,-2.13,INF,-1,1,7,0
10740,1,1,-2.828,-23.964,-0.26,-2.24,-0.26,-2.24,INF,-1,1,7,0
10760,1,1,-2.307,-22.619,-0.22,-2.11,-0.22,-2.11,INF,-1,1,7,0
10780,1,1,-1.803,-22.650,-0.17,-2.12,-0.17,-2.12,INF,-1,1,7,0
10800,1,1,-2.889,-22.808,-0.27,-2.13,-0.27,-2.13,INF,-1,1,7,0
10820,1,1,0.266,-22.358,0.02,-2.09,0.02,-2.09,INF,-1,1,7,0
10840,1,1,-1.082,-23.662,-0.10,-2.21,-0.10,-2.21,INF,-1,1,7,0
10860,1,1,-5.095,-23.970,-0.48,-2.24,-0.48,-2.24,INF,-1,1,7,0
10880,1,1,-4.191,-23.346,-0.39,-2.18,-0.39,-2.18,INF,-1,1,7,0
10900,1,1,-0.432,-24.203,-0.04,-2.26,-0.04,-2.26,INF,-1,1,7,0
10920,1,1,-2.362,-22.441,-0.22,-2.10,-0.22,-2.10,INF,-1,1,7,0
10940,1,1,-11.182,-27.199,-1.05,-2.54,-1.04,-2.54,INF,-1,1,7,0
10960,1,1,-8.146,-22.397,-0.76,-2.09,-0.76,-2.09,INF,-1,1,7,0
10980,1,1,-8.184,-22.770,-0.76,-2.13,-0.76,-2.13,INF,-1,1,7,0
11000,1,1,-6.879,-22.771,-0.64,-2.13,-0.64,-2.13,INF,-1,1,7,0
11020,1,1,-8.361,-20.977,-0.78,-1.96,-0.78,-1.96,INF,-1,1,7,0
11040,1,1,-10.514,-19.668,-0.98,-1.84,-0.98,-1.84,INF,-1,1,7,0
11060,1,1,-7.174,-25.881,-0.67,-2.42,-0.67,-2.42,INF,-1,1,7,0
11080,1,1,-4.954,-24.150,-0.46,-2.26,-0.46,-2.26,INF,-1,1,7,0
11100,1,1,-7.355,-25.041,-0.69,-2.34,-0.69,-2.34,INF,-1,1,7,0
11120,1,1,-4.698,-23.613,-0.44,-2.21,-0.44,-2.21,INF,-1,1,7,0
11140,1,1,-6.013,-26.431,-0.56,-2.47,-0.56,-2.47,INF,-1,1,7,0
11160,1,1,-6.990,-24.650,-0.65,-2.30,-0.65,-2.30,INF,-1,1,7,0
11180,1,1,-7.746,-24.385,-0.72,-2.28,-0.72,-2.28,INF,-1,1,7,0
11200,1,1,-7.180,-22.309,-0.67,-2.08,-0.67,-2.08,INF,-1,1,7,0
11220,1,1,-4.524,-21.885,-0.42,-2.04,-0.42,-2.04,INF,-1,1,7,0
11240,1,1,-7.209,-25.011,-0.67,-2.34,-0.67,-2.34,INF,-1,1,7,0
11260,1,1,-8.290,-29.594,-0.77,-2.76,-0.77,-2.76,INF,-1,1,7,0
11280,1,1,-6.924,-30.882,-0.65,-2.88,-0.65,-2.88,INF,-1,1,7,0
11300,1,1,0.880,-37.042,0.08,-3.46,0.08,-3.46,INF,-1,1,7,0
11320,0,1,0.000,0.000,0.00,0.00,0.00,0.00,0.00,-1,1,7,0
11340,0,1,0.000,0.000,0.00,0.00,0.00,0.00,0.00,-1,1,7,0
11360,0,1,0.000,0.000,0.00,0.00,0.00,0.00,0.00,-1,1,7,0
11380,0,1,0.000,0.000,0.00,0.00,0.00,0.00,0.00,-1,0,7,0
11400,0,1,0.000,0.000,0.00,0.00,0.00,0.00,0.00,-1,0,7,0
11420,0,1,0.000,0.000,0.00,0.00,0.00,0.00,0.00,-1,0,7,0
11440,0,1,0.000,0.000,0.00,0.00,0.00,0.00,0.00,-1,0,7,0
11460,0,1,0.000,0.000,0.00,0.00,0.00,0.00,0.00,-1,0,7,0
11480,0,1,0.000,0.000,0.00,0.00,0.00,0.00,0.00,-1,0,7,0
11500,0,1,0.000,0.000,0.00,0.00,0.00,0.00,0.00,-1,0,7,0
11520,0,1,0.000,0.000,0.00,0.00,0.00,0.00,0.00,-1,0,7,0
11540,0,1,0.000,0.000,0.00,0.00,0.00,0.00,0.00,-1,0,7,0
11560,0,1,0.000,0.000,0.00,0.00,0.00,0.00,0.00,-1,0,7,0
11580,0,1,0.000,0.000,0.00,0.00,0.00,0.00,0.00,-1,0,7,0
11600,0,1,0.000,0.000,0.00,0.00,0.00,0.00,0.00,-1,0,7,0
11620,1,1,-15.298,-28.852,-1.43,-2.69,-1.43,-2.69,INF,-1,0,7,0
11640,1,1,-14.460,-33.735,-1.35,-3.15,-1.35,-3.15,INF,-1,0,7,0
11660,1,1,-11.465,-24.690,-1.07,-2.31,-1.07,-2.31,INF,-1,0,7,0
11680,1,1,-18.273,-33.884,-1.71,-3.16,-1.70,-3.16,INF,-1,0,7,0
11700,1,1,-20.229,-29.056,-1.89,-2.71,-1.89,-2.71,INF,-1,0,7,0
11720,1,1,-22.513,-26.619,-2.10,-2.48,-2.10,-2.49,INF,-1,0,7,0
11740,1,1,-25.624,-29.162,-2.39,-2.72,-2.39,-2.72,INF,-1,0,7,0
11760,1,1,-26.310,-29.483,-2.46,-2.75,-2.45,-2.75,INF,-1,0,7,0
11780,1,1,-20.686,-33.206,-1.93,-3.10,-1.93,-3.10,INF,-1,0,7,0
11800,1,1,-18.510,-28.476,-1.73,-2.66,-1.73,-2.66,INF,-1,0,7,0
11820,1,1,-22.663,-29.157,-2.12,-2.72,-2.11,-2.72,INF,-1,0,7,0
11840,1,1,-22.717,-30.383,-2.12,-2.84,-2.12,-2.84,INF,-1,0,7,0
11860,1,1,-25.256,-30.612,-2.36,-2.86,-2.36,-2.86,INF,-1,0,7,0
11880,1,1,-25.002,-26.996,-2.34,-2.52,-2.33,-2.52,INF,-1,0,7,0
11900,1,1,-25.554,-24.749,-2.39,-2.31,-2.39,-2.31,INF,-1,1,7,0
11920,1,1,-21.336,-28.312,-1.99,-2.64,-1.99,-2.64,INF,-1,1,7,0
11940,1,1,-20.957,-23.643,-1.96,-2.21,-1.96,-2.21,INF,-1,1,7,0
11960,1,1,-21.326,-24.941,-1.99,-2.33,-1.99,-2.33,INF,-1,1,7,0
11980,1,1,-25.592,-24.307,-2.39,-2.27,-2.39,-2.27,INF,-1,1,7,0
12000,1,1,-26.677,-30.726,-2.49,-2.87,-2.49,-2.87,INF,-1,1,7,0
12020,1,1,-20.897,-26.993,-1.95,-2.52,-1.95,-2.52,INF,-1,1,7,0
12040,1,1,-25.090,-26.784,-2.34,-2.50,-2.34,-2.50,INF,-1,1,7,0
12060,1,1,-25.138,-28.640,-2.35,-2.67,-2.35,-2.67,INF,-1,1,7,0
12080,1,1,-23.402,-27.359,-2.19,-2.55,-2.18,-2.56,INF,-1,1,7,0
12100,1,1,-22.828,-26.111,-2.13,-2.44,-2.13,-2.44,INF,-1,1,7,0
12120,1,1,-24.065,-27.865,-2.25,-2.60,-2.25,-2.60,INF,-1,1,7,0
12140,1,1,-34.350,-21.572,-3.21,-2.01,-3.21,-2.02,INF,-1,1,7,0
12160,1,1,-34.092,-26.480,-3.18,-2.47,-3.18,-2.47,INF,-1,1,7,0
12180,1,1,-35.262,-25.308,-3.29,-2.36,-3.29,-2.36,INF,-1,0,7,0
12200,1,1,-32.531,-23.774,-3.04,-2.22,-3.04,-2.22,INF,-1,0,7,0
12220,1,1,-33.889,-24.506,-3.16,-2.29,-3.16,-2.29,INF,-1,0,7,0
12240,1,1,-34.758,-29.122,-3.25,-2.72,-3.24,-2.72,INF,-1,0,7,0
12260,1,1,-32.495,-26.411,-3.03,-2.46,-3.03,-2.47,INF,-1,0,7,0
12280,1,1,-34.871,-22.798,-3.26,-2.13,-3.25,-2.13,INF,-1,0,7,0
12300,1,1,-33.702,-28.421,-3.15,-2.65,-3.14,-2.65,INF,-1,0,7,0
12320,1,1,-33.350,-23.895,-3.11,-2.23,-3.11,-2.23,INF,-1,0,7,0
12340,1,1,-34.179,-24.185,-3.19,-2.26,-3.19,-2.26,INF,-1,0,7,0
12360,1,1,-33.271,-27.588,-3.11,-2.57,-3.10,-2.58,INF,-1,0,7,0
12380,1,1,-36.930,-28.605,-3.45,-2.67,-3.44,-2.67,INF,-1,0,7,0
12400,1,1,-36.716,-29.202,-3.43,-2.72,-3.42,-2.73,INF,-1,0,7,0
12420,1,1,-30.342,-21.589,-2.83,-2.01,-2.83,-2.02,INF,-1,1,7,0
12440,1,1,-34.636,-30.023,-3.23,-2.80,-3.23,-2.80,INF,-1,1,7,0
12460,1,1,-36.746,-29.348,-3.43,-2.74,-3.43,-2.74,INF,-1,1,7,0
12480,1,1,-35.806,-29.132,-3.34,-2.72,-3.34,-2.72,INF,-1,1,7,0
12500,1,1,-34.650,-28.208,-3.24,-2.63,-3.23,-2.63,INF,-1,1,7,0
12520,1,1,-39.236,-32.554,-3.66,-3.03,-3.66,-3.04,INF,-1,1,7,0
12540,1,1,-42.417,-30.432,-3.96,-2.84,-3.95,-2.84,INF,-1,1,7,0
12560,1,1,-41.133,-33.074,-3.84,-3.08,-3.83,-3.09,INF,-1,1,7,0
12580,1,1,-41.500,-29.422,-3.87,-2.74,-3.87,-2.75,INF,-1,1,7,0
12600,1,1,-40.129,-33.931,-3.75,-3.16,-3.74,-3.17,INF,-1,1,7,0
12620,1,1,-41.883,-31.914,-3.91,-2.97,-3.90,-2.98,INF,-1,1,7,0
12640,1,1,-40.937,-34.550,-3.82,-3.22,-3.81,-3.23,INF,-1,0,7,0
12660,1,1,-41.766,-31.010,-3.90,-2.89,-3.89,-2.90,INF,-1,0,7,0
12680,1,1,-40.532,-31.627,-3.78,-2.95,-3.78,-2.95,INF,-1,0,7,0
12700,1,1,-40.045,-34.085,-3.74,-3.18,-3.73,-3.18,INF,-1,0,7,0
12720,1,1,-40.968,-34.200,-3.82,-3.19,-3.82,-3.19,INF,-1,0,7,0
12740,1,1,-39.224,-32.845,-3.66,-3.06,-3.66,-3.07,INF,-1,0,7,0
12760,1,1,-39.297,-33.270,-3.67,-3.10,-3.66,-3.11,INF,-1,0,7,0
12780,1,1,-40.480,-32.112,-3.78,-2.99,-3.77,-3.00,INF,-1,0,7,0
12800,0,1,0.000,0.000,0.00,0.00,0.00,0.00,0.00,-1,0,7,0
12820,1,1,-40.471,-34.718,-3.78,-3.23,-3.77,-3.24,INF,-1,0,7,0
12840,1,1,-39.938,-34.230,-3.73,-3.19,-3.72,-3.20,INF,-1,0,7,0
12860,1,1,-41.259,-35.159,-3.85,-3.28,-3.84,-3.28,INF,-1,0,7,0
12880,1,1,-37.533,-31.684,-3.50,-2.95,-3.50,-2.96,INF,-1,1,7,0
12900,1,1,-39.121,-29.499,-3.65,-2.75,-3.65,-2.76,INF,-1,1,7,0
12920,1,1,-37.646,-31.230,-3.51,-2.91,-3.51,-2.92,INF,-1,1,7,0
12940,1,1,-37.430,-31.768,-3.49,-2.96,-3.49,-2.97,INF,-1,1,7,0
12960,1,1,-36.121,-33.386,-3.37,-3.11,-3.37,-3.12,INF,-1,1,7,0
12980,1,1,-37.071,-31.614,-3.46,-2.95,-3.46,-2.95,INF,-1,1,7,0
13000,1,1,-39.372,-34.068,-3.68,-3.17,-3.67,-3.18,INF,-1,1,7,0
13020,1,1,-36.794,-35.342,-3.43,-3.29,-3.43,-3.30,INF,-1,1,7,0
13040,1,1,-35.153,-32.454,-3.28,-3.03,-3.28,-3.03,INF,-1,1,7,0
13060,1,1,-37.261,-36.208,-3.48,-3.37,-3.47,-3.38,INF,-1,1,7,0
13080,1,1,-34.251,-33.978,-3.20,-3.17,-3.19,-3.17,INF,-1,1,7,0
13100,0,1,0.000,0.000,0.00,0.00,0.00,0.00,0.00,-1,1,7,0
13120,0,1,0.000,0.000,0.00,0.00,0.00,0.00,0.00,-1,1,7,0
13140,0,1,0.000,0.000,0.00,0.00,0.00,0.00,0.00,-1,1,7,0
13160,0,1,0.000,0.000,0.00,0.00,0.00,0.00,0.00,-1,1,7,0
13180,0,1,0.000,0.000,0.00,0.00,0.00,0.00,0.00,-1,0,7,0
13200,0,1,0.000,0.000,0.00,0.00,0.00,0.00,0.00,-1,0,7,0
13220,0,1,0.000,0.000,0.00,0.00,0.00,0.00,0.00,-1,0,7,0
13240,0,1,0.000,0.000,0.00,0.00,0.00,0.00,0.00,-1,0,7,0
13260,0,1,0.000,0.000,0.00,0.00,0.00,0.00,INF,-1,0,7,0
13280,0,1,0.000,0.000,0.00,0.00,0.00,0.00,0.00,-1,0,7,0
13300,0,1,0.000,0.000,0.00,0.00,0.00,0.00,0.00,-1,0,7,0
13320,0,1,0.000,0.000,0.00,0.00,0.00,0.00,0.00,-1,0,7,0
13340,1,1,-9.387,-57.542,-0.88,-5.36,-0.87,-5.36,INF,-1,0,7,0
13360,1,1,-34.480,-30.930,-3.22,-2.88,-3.22,-2.89,INF,-1,0,7,0
13380,0,1,0.000,0.000,0.00,0.00,0.00,0.00,0.00,-1,0,7,0
13400,1,1,-33.523,-41.395,-3.13,-3.86,-3.12,-3.86,INF,-1,0,7,0
13420,1,1,-30.761,-30.281,-2.87,-2.82,-2.87,-2.83,INF,-1,0,7,0
13440,1,1,-32.181,-26.946,-3.01,-2.51,-3.00,-2.52,INF,-1,0,7,0
13460,1,1,-32.826,-29.415,-3.07,-2.74,-3.06,-2.75,INF,-1,0,7,0
13480,1,1,-29.080,-30.863,-2.72,-2.88,-2.71,-2.88,INF,-1,0,7,0
13500,1,1,-33.033,-31.044,-3.08,-2.89,-3.08,-2.90,INF,-1,0,7,0
13520,1,1,-29.939,-27.312,-2.80,-2.55,-2.79,-2.55,INF,-1,0,7,0
13540,1,1,-34.355,-32.823,-3.21,-3.06,-3.20,-3.06,INF,-1,0,7,0
13560,1,1,-31.435,-27.331,-2.94,-2.55,-2.93,-2.55,INF,-1,0,7,0
13580,1,1,-31.230,-30.375,-2.92,-2.83,-2.91,-2.84,INF,-1,0,7,0
13600,1,1,-29.628,-29.037,-2.77,-2.71,-2.76,-2.71,INF,-1,0,7,0
13620,1,1,-28.678,-32.253,-2.68,-3.01,-2.67,-3.01,INF,-1,0,7,0
13640,1,1,-28.436,-32.577,-2.66,-3.04,-2.65,-3.04,INF,-1,1,7,0
13660,1,1,-29.391,-31.026,-2.74,-2.89,-2.74,-2.90,INF,-1,1,7,0
13680,1,1,-28.726,-31.273,-2.68,-2.92,-2.68,-2.92,INF,-1,1,7,0
13700,1,1,-26.587,-31.174,-2.48,-2.91,-2.48,-2.91,INF,-1,1,7,0
13720,1,1,-27.419,-31.301,-2.56,-2.92,-2.56,-2.92,INF,-1,1,7,0
13740,1,1,-29.230,-32.269,-2.73,-3.01,-2.73,-3.01,INF,-1,1,7,0
13760,1,1,-25.132,-31.290,-2.35,-2.92,-2.34,-2.92,INF,-1,1,7,0
13780,1,1,-29.943,-33.047,-2.80,-3.08,-2.79,-3.09,INF,-1,1,7,0
13800,1,1,-30.575,-28.000,-2.86,-2.61,-2.85,-2.62,INF,-1,1,7,0
13820,1,1,-28.993,-28.490,-2.71,-2.66,-2.70,-2.66,INF,-1,1,7,0
13840,1,1,-28.912,-26.795,-2.70,-2.50,-2.70,-2.50,INF,-1,1,7,0
13860,1,1,-30.685,-26.602,-2.87,-2.48,-2.86,-2.48,INF,-1,1,7,0
13880,1,1,-29.066,-22.782,-2.71,-2.13,-2.71,-2.13,INF,-1,1,7,0
13900,1,1,-27.727,-22.026,-2.59,-2.06,-2.59,-2.06,INF,-1,1,7,0
13920,1,1,-29.660,-27.513,-2.77,-2.57,-2.77,-2.57,INF,-1,1,7,0
13940,1,1,-30.650,-25.446,-2.86,-2.37,-2.86,-2.38,INF,-1,1,7,0
13960,1,1,-30.639,-28.913,-2.86,-2.70,-2.86,-2.70,INF,-1,1,7,0
13980,1,1,-32.796,-26.712,-3.06,-2.49,-3.06,-2.50,INF,-1,1,7,0
14000,1,1,-29.726,-27.139,-2.78,-2.53,-2.77,-2.53,INF,-1,1,7,0
14020,1,1,-28.159,-29.100,-2.63,-2.72,-2.63,-2.72,INF,-1,1,7,0
14040,1,1,-26.555,-26.603,-2.48,-2.48,-2.48,-2.49,INF,-1,1,7,0
14060,1,1,-27.909,-27.548,-2.61,-2.57,-2.60,-2.57,INF,-1,1,7,0
14080,1,1,-28.152,-26.606,-2.63,-2.48,-2.63,-2.49,INF,-1,1,7,0
14100,1,1,-28.163,-27.181,-2.63,-2.54,-2.63,-2.54,INF,-1,1,7,0
14120,1,1,-28.328,-28.568,-2.65,-2.67,-2.64,-2.67,INF,-1,1,7,0
14140,1,1,-28.520,-27.538,-2.66,-2.57,-2.66,-2.57,INF,-1,1,7,0
14160,1,1,-26.242,-29.752,-2.45,-2.78,-2.45,-2.78,INF,-1,1,7,0
14180,1,1,-27.619,-28.805,-2.58,-2.69,-2.58,-2.69,INF,-1,1,7,0
14200,1,1,-29.401,-30.125,-2.75,-2.81,-2.74,-2.81,INF,-1,1,7,0
14220,1,1,-27.930,-31.155,-2.61,-2.91,-2.61,-2.91,INF,-1,1,7,0
14240,1,1,-29.398,-32.167,-2.75,-3.00,-2.74,-3.00,INF,-1,1,7,0
14260,1,1,-29.974,-30.619,-2.80,-2.86,-2.80,-2.86,INF,-1,1,7,0
14280,1,1,-38.907,-29.281,-3.63,-2.73,-3.63,-2.73,INF,-1,1,7,0
14300,1,1,-35.299,-30.549,-3.30,-2.85,-3.29,-2.85,INF,-1,1,7,0
14320,1,1,-35.704,-29.608,-3.33,-2.76,-3.33,-2.77,INF,-1,1,7,0
14340,1,1,-34.157,-28.615,-3.19,-2.67,-3.19,-2.67,INF,-1,1,7,0
14360,1,1,-33.904,-28.583,-3.17,-2.67,-3.16,-2.67,INF,-1,1,7,0
14380,1,1,-33.958,-30.920,-3.17,-2.88,-3.17,-2.89,INF,-1,1,7,0
14400,1,1,-36.036,-28.311,-3.36,-2.64,-3.36,-2.64,INF,-1,1,7,0
14420,1,1,-32.964,-31.781,-3.08,-2.96,-3.07,-2.97,INF,-1,1,7,0
14440,1,1,-32.395,-30.003,-3.03,-2.80,-3.02,-2.80,INF,-1,1,7,0
14460,1,1,-35.530,-28.222,-3.32,-2.63,-3.31,-2.64,INF,-1,1,7,0
14480,0,1,0.000,0.000,0.00,0.00,0.00,0.00,0.00,-1,1,7,0
14500,1,1,-33.652,-35.379,-3.14,-3.30,-3.14,-3.30,INF,-1,1,7,0
14520,1,1,-33.284,-33.144,-3.11,-3.09,-3.10,-3.09,INF,-1,1,7,0
14540,1,1,-35.436,-29.896,-3.31,-2.79,-3.30,-2.79,INF,-1,1,7,0
14560,1,1,-34.079,-32.845,-3.18,-3.06,-3.18,-3.07,INF,-1,1,7,0
14580,1,1,-33.739,-28.740,-3.15,-2.68,-3.15,-2.68,INF,-1,1,7,0
14600,1,1,-33.761,-33.535,-3.15,-3.13,-3.15,-3.13,INF,-1,1,7,0
14620,1,1,-32.113,-29.659,-3.00,-2.77,-3.00,-2.77,INF,-1,1,7,0
14640,1,1,-33.871,-32.585,-3.16,-3.04,-3.16,-3.04,INF,-1,1,7,0
14660,1,1,-33.623,-28.759,-3.14,-2.68,-3.14,-2.69,INF,-1,1,7,0
14680,1,1,-36.266,-32.315,-3.39,-3.01,-3.38,-3.02,INF,-1,1,7,0
14700,1,1,-38.057,-35.205,-3.55,-3.28,-3.55,-3.29,INF,-1,1,7,0
14720,1,1,-37.488,-31.664,-3.50,-2.95,-3.49,-2.96,INF,-1,1,7,0
14740,1,1,-38.216,-30.832,-3.57,-2.87,-3.56,-2.88,INF,-1,1,7,0
14760,1,1,-38.526,-37.436,-3.60,-3.49,-3.59,-3.49,INF,-1,1,7,0
14780,1,1,-36.723,-33.549,-3.43,-3.13,-3.42,-3.13,INF,-1,1,7,0
14800,1,1,-34.939,-28.711,-3.26,-2.68,-3.26,-2.68,INF,-1,1,7,0
14820,1,1,-37.161,-34.208,-3.47,-3.19,-3.46,-3.19,INF,-1,1,7,0
14840,1,1,-36.077,-31.813,-3.37,-2.97,-3.36,-2.97,INF,-1,1,7,0
14860,1,1,-37.902,-35.839,-3.54,-3.34,-3.53,-3.35,INF,-1,1,7,0
14880,1,1,-38.105,-35.977,-3.56,-3.35,-3.55,-3.36,INF,-1,1,7,0
14900,1,1,-36.075,-33.509,-3.37,-3.12,-3.36,-3.13,INF,-1,1,7,0
14920,1,1,-35.980,-34.893,-3.36,-3.25,-3.35,-3.26,INF,-1,1,7,0
14940,1,1,-38.198,-29.816,-3.57,-2.78,-3.56,-2.78,INF,-1,1,7,0
14960,1,1,-34.305,-30.266,-3.20,-2.82,-3.20,-2.83,INF,-1,1,7,0
14980,1,1,-36.516,-32.804,-3.41,-3.06,-3.40,-3.06,INF,-1,1,7,0
15000,1,1,-35.013,-34.824,-3.27,-3.25,-3.26,-3.25,INF,-1,1,7,0
