"EyeTracker Toolbox version","3.250"
CalibrationParameters_A11,0.97354
CalibrationParameters_A12,-0.08172
CalibrationParameters_A13,-0.14600
CalibrationParameters_A21,0.13743
CalibrationParameters_A22,-1.24546
CalibrationParameters_A23,0.08071
CalibrationParameters_A31,-0.00190
CalibrationParameters_A32,-0.00058
CalibrationParameters_E11,-0.18009
CalibrationParameters_E12,0.00007
CalibrationParameters_E21,0.00001
CalibrationParameters_E22,0.20017
CalibrationParameters_X,19.57209
CalibrationParameters_Y,14.42752
CalibrationParameters_Rpc,102.71769
CalibrationParameters_MeanX,194.14831
CalibrationParameters_MeanY,132.91594
CalibrationParameters_ViewDist,613.00000
TimeStamp,Tracked,Calibrated,ScreenPositionXmm,ScreenPositionYmm,FicksLongitude,FicksLatitude,HelmholtzAzimuth,HelmholtzElevation,PupilDiameter,Region,Fixation,DigitalIO,Dropped
0,0,1,0.000,0.000,0.00,0.00,0.00,0.00,0.00,-1,0,7,0
20,0,1,0.000,0.000,0.00,0.00,0.00,0.00,0.00,-1,0,7,0
40,0,1,0.000,0.000,0.00,0.00,0.00,0.00,0.00,-1,0,7,0
60,0,1,0.000,0.000,0.00,0.00,0.00,0.00,0.00,-1,0,7,0
80,1,1,-35.326,-32.616,-3.30,-3.04,-3.29,-3.05,INF,-1,0,7,0
100,0,1,0.000,0.000,0.00,0.00,0.00,0.00,0.00,-1,0,7,0
120,0,1,0.000,0.000,0.00,0.00,0.00,0.00,0.00,-1,0,7,0
140,0,1,0.000,0.000,0.00,0.00,0.00,0.00,0.00,-1,0,7,0
160,0,1,0.000,0.000,0.00,0.00,0.00,0.00,0.00,-1,0,7,0
180,0,1,0.000,0.000,0.00,0.00,0.00,0.00,0.00,-1,0,7,0
200,0,1,0.000,0.000,0.00,0.00,0.00,0.00,0.00,-1,0,7,0
220,0,1,0.000,0.000,0.00,0.00,0.00,0.00,0.00,-1,0,7,0
240,1,1,-33.525,-35.074,-3.13,-3.27,-3.13,-3.27,INF,-1,0,7,0
260,0,1,0.000,0.000,0.00,0.00,0.00,0.00,0.00,-1,0,7,0
280,1,1,-32.763,-33.627,-3.06,-3.14,-3.05,-3.14,INF,-1,0,7,0
300,0,1,0.000,0.000,0.00,0.00,0.00,0.00,0.00,-1,0,7,0
320,0,1,0.000,0.000,0.00,0.00,0.00,0.00,0.00,-1,0,7,0
340,0,1,0.000,0.000,0.00,0.00,0.00,0.00,0.00,-1,0,7,0
360,0,1,0.000,0.000,0.00,0.00,0.00,0.00,0.00,-1,0,7,0
380,0,1,0.000,0.000,0.00,0.00,0.00,0.00,0.00,-1,0,7,0
400,0,1,0.000,0.000,0.00,0.00,0.00,0.00,0.00,-1,0,7,0
420,1,1,-45.355,-22.435,-4.23,-2.09,-4.23,-2.10,INF,-1,0,7,0
440,1,1,-43.767,-22.801,-4.08,-2.12,-4.08,-2.13,INF,-1,0,7,0
460,0,1,0.000,0.000,0.00,0.00,0.00,0.00,0.00,-1,0,7,0
480,1,1,-76.593,-79.862,-7.12,-7.37,-7.06,-7.42,INF,-1,0,7,0
500,0,1,0.000,0.000,0.00,0.00,0.00,0.00,0.00,-1,0,7,0
520,1,1,-45.655,-36.262,-4.26,-3.38,-4.25,-3.39,INF,-1,0,7,0
540,1,1,-40.922,-25.687,-3.82,-2.39,-3.82,-2.40,INF,-1,0,7,0
560,0,1,0.000,0.000,0.00,0.00,0.00,0.00,0.00,-1,0,7,0
580,1,1,-63.750,-63.516,-5.94,-5.88,-5.91,-5.92,INF,-1,0,7,0
600,0,1,0.000,0.000,0.00,0.00,0.00,0.00,0.00,-1,0,7,0
620,0,1,0.000,0.000,0.00,0.00,0.00,0.00,0.00,-1,0,7,0
640,0,1,0.000,0.000,0.00,0.00,0.00,0.00,0.00,-1,0,7,0
660,1,1,-36.062,-25.309,-3.37,-2.36,-3.36,-2.36,INF,-1,0,7,0
680,1,1,-33.090,-22.682,-3.09,-2.12,-3.09,-2.12,INF,-1,0,7,0
700,1,1,-37.522,-16.739,-3.50,-1.56,-3.50,-1.56,INF,-1,0,7,0
720,1,1,-36.584,-21.672,-3.42,-2.02,-3.41,-2.02,INF,-1,0,7,0
740,1,1,-35.050,-19.878,-3.27,-1.85,-3.27,-1.86,INF,-1,0,7,0
760,1,1,-35.848,-14.307,-3.35,-1.33,-3.35,-1.34,INF,-1,0,7,0
780,1,1,-33.104,-18.412,-3.09,-1.72,-3.09,-1.72,INF,-1,0,7,0
800,1,1,-33.519,-11.675,-3.13,-1.09,-3.13,-1.09,INF,-1,0,7,0
820,1,1,-33.883,-16.325,-3.16,-1.52,-3.16,-1.53,INF,-1,0,7,0
840,1,1,-29.488,-19.350,-2.75,-1.81,-2.75,-1.81,INF,-1,0,7,0
860,1,1,-31.834,-13.430,-2.97,-1.25,-2.97,-1.26,INF,-1,0,7,0
880,1,1,-29.598,-15.764,-2.76,-1.47,-2.76,-1.47,INF,-1,0,7,0
900,1,1,-27.906,-12.464,-2.61,-1.16,-2.61,-1.16,INF,-1,0,7,0
920,1,1,-28.453,-8.834,-2.66,-0.82,-2.66,-0.83,INF,-1,0,7,0
940,1,1,-27.169,-13.071,-2.54,-1.22,-2.54,-1.22,INF,-1,1,7,0
960,1,1,-25.626,-14.376,-2.39,-1.34,-2.39,-1.34,INF,-1,1,7,0
980,1,1,-25.501,-11.947,-2.38,-1.12,-2.38,-1.12,INF,-1,1,7,0
1000,1,1,-26.998,-18.227,-2.52,-1.70,-2.52,-1.70,INF,-1,1,7,0
1020,1,1,-24.867,-15.818,-2.32,-1.48,-2.32,-1.48,INF,-1,1,7,0
1040,1,1,-21.691,-11.953,-2.03,-1.12,-2.03,-1.12,INF,-1,1,7,0
1060,1,1,-21.178,-12.174,-1.98,-1.14,-1.98,-1.14,INF,-1,1,7,0
1080,1,1,-20.889,-16.179,-1.95,-1.51,-1.95,-1.51,INF,-1,0,7,0
1100,1,1,-15.852,-12.379,-1.48,-1.16,-1.48,-1.16,INF,-1,0,7,0
1120,1,1,-14.527,-15.422,-1.36,-1.44,-1.36,-1.44,INF,-1,0,7,0
1140,1,1,-14.353,-23.752,-1.34,-2.22,-1.34,-2.22,INF,-1,0,7,0
1160,1,1,-12.423,-16.800,-1.16,-1.57,-1.16,-1.57,INF,-1,0,7,0
1180,1,1,-14.154,-16.100,-1.32,-1.50,-1.32,-1.50,INF,-1,0,7,0
1200,1,1,-18.022,-10.714,-1.68,-1.00,-1.68,-1.00,INF,-1,0,7,0
1220,1,1,-15.422,-9.864,-1.44,-0.92,-1.44,-0.92,INF,-1,0,7,0
1240,1,1,-14.983,-9.708,-1.40,-0.91,-1.40,-0.91,INF,-1,0,7,0
1260,1,1,-14.507,-8.414,-1.36,-0.79,-1.36,-0.79,INF,-1,0,7,0
1280,1,1,-13.564,-10.149,-1.27,-0.95,-1.27,-0.95,INF,-1,0,7,0
1300,1,1,-14.741,-15.808,-1.38,-1.48,-1.38,-1.48,INF,-1,0,7,0
1320,1,1,-14.593,-10.097,-1.36,-0.94,-1.36,-0.94,INF,-1,1,7,0
1340,1,1,-15.157,-9.336,-1.42,-0.87,-1.42,-0.87,INF,-1,1,7,0
1360,1,1,-13.503,-13.676,-1.26,-1.28,-1.26,-1.28,INF,-1,1,7,0
1380,1,1,-12.638,-15.138,-1.18,-1.41,-1.18,-1.41,INF,-1,1,7,0
1400,1,1,-13.120,-18.460,-1.23,-1.72,-1.23,-1.72,INF,-1,1,7,0
1420,1,1,-11.542,-20.862,-1.08,-1.95,-1.08,-1.95,INF,-1,1,7,0
1440,1,1,-16.765,-15.087,-1.57,-1.41,-1.57,-1.41,INF,-1,1,7,0
1460,1,1,-16.558,-13.485,-1.55,-1.26,-1.55,-1.26,INF,-1,1,7,0
1480,1,1,-19.271,-9.015,-1.80,-0.84,-1.80,-0.84,INF,-1,1,7,0
1500,1,1,-12.851,-12.232,-1.20,-1.14,-1.20,-1.14,INF,-1,1,7,0
1520,1,1,-15.203,-12.105,-1.42,-1.13,-1.42,-1.13,INF,-1,1,7,0
1540,1,1,-15.981,-13.351,-1.49,-1.25,-1.49,-1.25,INF,-1,1,7,0
1560,1,1,-15.495,-12.261,-1.45,-1.15,-1.45,-1.15,INF,-1,1,7,0
1580,1,1,-14.748,-12.506,-1.38,-1.17,-1.38,-1.17,INF,-1,1,7,0
1600,1,1,-12.163,-9.479,-1.14,-0.89,-1.14,-0.89,INF,-1,1,7,0
1620,1,1,-10.039,-13.903,-0.94,-1.30,-0.94,-1.30,INF,-1,1,7,0
1640,1,1,-10.111,-17.869,-0.94,-1.67,-0.94,-1.67,INF,-1,1,7,0
1660,1,1,-9.949,-15.485,-0.93,-1.45,-0.93,-1.45,INF,-1,1,7,0
1680,1,1,23.048,-12.242,2.15,-1.14,2.15,-1.14,INF,-1,1,7,0
1700,1,1,20.626,-7.628,1.93,-0.71,1.93,-0.71,INF,-1,1,7,0
1720,1,1,18.725,-8.970,1.75,-0.84,1.75,-0.84,INF,-1,0,7,0
1740,1,1,20.599,-8.792,1.92,-0.82,1.92,-0.82,INF,-1,0,7,0
1760,1,1,17.248,-12.489,1.61,-1.17,1.61,-1.17,INF,-1,0,7,0
1780,1,1,21.126,0.133,1.97,0.01,1.97,0.01,INF,-1,0,7,0
1800,1,1,24.115,-2.669,2.25,-0.25,2.25,-0.25,INF,-1,0,7,0
1820,1,1,23.108,-5.439,2.16,-0.51,2.16,-0.51,INF,-1,0,7,0
1840,1,1,22.408,-9.437,2.09,-0.88,2.09,-0.88,INF,-1,0,7,0
1860,1,1,20.094,-3.651,1.88,-0.34,1.88,-0.34,INF,-1,0,7,0
1880,1,1,20.556,-1.305,1.92,-0.12,1.92,-0.12,INF,-1,0,7,0
1900,1,1,20.846,-19.128,1.95,-1.79,1.95,-1.79,INF,-1,0,7,0
1920,1,1,20.886,-4.462,1.95,-0.42,1.95,-0.42,INF,-1,0,7,0
1940,1,1,19.512,-4.855,1.82,-0.45,1.82,-0.45,INF,-1,0,7,0
1960,1,1,20.701,-6.264,1.93,-0.59,1.93,-0.59,INF,-1,1,7,0
1980,1,1,19.730,-8.496,1.84,-0.79,1.84,-0.79,INF,-1,1,7,0
2000,1,1,19.640,-10.742,1.84,-1.00,1.83,-1.00,INF,-1,1,7,0
2020,1,1,19.299,-6.742,1.80,-0.63,1.80,-0.63,INF,-1,1,7,0
2040,1,1,17.829,-7.053,1.67,-0.66,1.67,-0.66,INF,-1,1,7,0
2060,1,1,20.159,-4.702,1.88,-0.44,1.88,-0.44,INF,-1,1,7,0
2080,1,1,20.981,-8.884,1.96,-0.83,1.96,-0.83,INF,-1,1,7,0
2100,1,1,18.332,-7.694,1.71,-0.72,1.71,-0.72,INF,-1,1,7,0
2120,1,1,19.746,-5.413,1.84,-0.51,1.84,-0.51,INF,-1,1,7,0
2140,1,1,18.081,-7.420,1.69,-0.69,1.69,-0.69,INF,-1,1,7,0
2160,1,1,17.218,-5.350,1.61,-0.50,1.61,-0.50,INF,-1,1,7,0
2180,1,1,18.159,-6.881,1.70,-0.64,1.70,-0.64,INF,-1,1,7,0
2200,1,1,18.871,-9.197,1.76,-0.86,1.76,-0.86,INF,-1,1,7,0
2220,1,1,18.234,-11.876,1.70,-1.11,1.70,-1.11,INF,-1,1,7,0
2240,0,1,0.000,0.000,0.00,0.00,0.00,0.00,0.00,-1,1,7,0
2260,1,1,22.970,-22.764,2.15,-2.13,2.14,-2.13,INF,-1,1,7,0
2280,1,1,21.942,-6.691,2.05,-0.62,2.05,-0.63,INF,-1,1,7,0
2300,1,1,19.919,-15.341,1.86,-1.43,1.86,-1.43,INF,-1,1,7,0
2320,0,1,0.000,0.000,0.00,0.00,0.00,0.00,0.00,-1,1,7,0
2340,0,1,0.000,0.000,0.00,0.00,0.00,0.00,0.00,-1,1,7,0
2360,1,1,21.808,-20.607,2.04,-1.92,2.04,-1.93,INF,-1,1,7,0
2380,1,1,24.990,-14.108,2.33,-1.32,2.33,-1.32,INF,-1,1,7,0
2400,0,1,0.000,0.000,0.00,0.00,0.00,0.00,0.00,-1,1,7,0
2420,0,1,0.000,0.000,0.00,0.00,0.00,0.00,0.00,-1,1,7,0
2440,0,1,0.000,0.000,0.00,0.00,0.00,0.00,0.00,-1,1,7,0
2460,1,1,22.940,-10.046,2.14,-0.94,2.14,-0.94,INF,-1,1,7,0
2480,1,1,26.212,2.803,2.45,0.26,2.45,0.26,INF,-1,1,7,0
2500,1,1,27.055,0.775,2.53,0.07,2.53,0.07,INF,-1,1,7,0
2520,1,1,25.615,-2.554,2.39,-0.24,2.39,-0.24,INF,-1,1,7,0
2540,1,1,28.218,-8.122,2.64,-0.76,2.64,-0.76,INF,-1,1,7,0
2560,1,1,27.898,-20.317,2.61,-1.90,2.60,-1.90,INF,-1,1,7,0
2580,0,1,0.000,0.000,0.00,0.00,0.00,0.00,0.00,-1,1,7,0
2600,0,1,0.000,0.000,0.00,0.00,0.00,0.00,0.00,-1,1,7,0
2620,0,1,0.000,0.000,0.00,0.00,0.00,0.00,0.00,-1,1,7,0
2640,0,1,0.000,0.000,0.00,0.00,0.00,0.00,0.00,-1,0,7,0
2660,1,1,26.953,-18.413,2.52,-1.72,2.52,-1.72,INF,-1,0,7,0
2680,1,1,27.235,-2.390,2.54,-0.22,2.54,-0.22,INF,-1,0,7,0
2700,1,1,-21.310,13.417,-1.99,1.25,-1.99,1.25,INF,-1,0,7,0
2720,1,1,-19.747,21.892,-1.85,2.04,-1.84,2.05,INF,-1,0,7,0
2740,1,1,-18.993,24.608,-1.77,2.30,-1.77,2.30,INF,-1,0,7,0
2760,1,1,-20.285,17.288,-1.90,1.61,-1.89,1.62,INF,-1,0,7,0
2780,1,1,-20.482,22.970,-1.91,2.14,-1.91,2.15,INF,-1,0,7,0
2800,1,1,-21.200,20.338,-1.98,1.90,-1.98,1.90,INF,-1,0,7,0
2820,1,1,-19.292,25.286,-1.80,2.36,-1.80,2.36,INF,-1,0,7,0
2840,1,1,-19.988,21.324,-1.87,1.99,-1.87,1.99,INF,-1,0,7,0
2860,1,1,-18.956,20.299,-1.77,1.90,-1.77,1.90,INF,-1,0,7,0
2880,1,1,-19.536,20.819,-1.83,1.94,-1.82,1.95,INF,-1,0,7,0
2900,1,1,-18.207,22.124,-1.70,2.07,-1.70,2.07,INF,-1,0,7,0
2920,1,1,-19.393,20.416,-1.81,1.91,-1.81,1.91,INF,-1,0,7,0
2940,1,1,-19.180,16.050,-1.79,1.50,-1.79,1.50,INF,-1,0,7,0
2960,1,1,-18.053,20.469,-1.69,1.91,-1.69,1.91,INF,-1,0,7,0
2980,1,1,-19.987,19.155,-1.87,1.79,-1.87,1.79,INF,-1,1,7,0
3000,1,1,-18.132,21.761,-1.69,2.03,-1.69,2.03,INF,-1,1,7,0
3020,1,1,-17.349,20.539,-1.62,1.92,-1.62,1.92,INF,-1,1,7,0
3040,1,1,-19.498,22.186,-1.82,2.07,-1.82,2.07,INF,-1,1,7,0
3060,1,1,-18.482,21.562,-1.73,2.01,-1.73,2.01,INF,-1,1,7,0
3080,0,1,0.000,0.000,0.00,0.00,0.00,0.00,0.00,-1,1,7,0
3100,0,1,0.000,0.000,0.00,0.00,0.00,0.00,0.00,-1,1,7,0
3120,1,1,-35.664,3.164,-3.33,0.30,-3.33,0.30,INF,-1,1,7,0
3140,1,1,-29.293,18.670,-2.74,1.74,-2.73,1.74,INF,-1,1,7,0
3160,1,1,-29.600,18.989,-2.76,1.77,-2.76,1.77,INF,-1,1,7,0
3180,1,1,-26.990,18.118,-2.52,1.69,-2.52,1.69,INF,-1,1,7,0
3200,1,1,-27.716,16.927,-2.59,1.58,-2.59,1.58,INF,-1,1,7,0
3220,1,1,-27.627,19.373,-2.58,1.81,-2.58,1.81,INF,-1,1,7,0
3240,1,1,-27.844,13.862,-2.60,1.29,-2.60,1.30,INF,-1,1,7,0
3260,1,1,-26.709,15.233,-2.49,1.42,-2.49,1.42,INF,-1,1,7,0
3280,1,1,-26.444,-0.406,-2.47,-0.04,-2.47,-0.04,INF,-1,1,7,0
3300,1,1,-21.824,-11.521,-2.04,-1.08,-2.04,-1.08,INF,-1,1,7,0
3320,1,1,-23.156,-5.697,-2.16,-0.53,-2.16,-0.53,INF,-1,0,7,0
3340,1,1,-22.238,-8.920,-2.08,-0.83,-2.08,-0.83,INF,-1,0,7,0
3360,1,1,-22.262,-10.208,-2.08,-0.95,-2.08,-0.95,INF,-1,0,7,0
3380,1,1,-21.985,-9.450,-2.05,-0.88,-2.05,-0.88,INF,-1,0,7,0
3400,0,1,0.000,0.000,0.00,0.00,0.00,0.00,0.00,-1,0,7,0
3420,0,1,0.000,0.000,0.00,0.00,0.00,0.00,0.00,-1,0,7,0
3440,0,1,0.000,0.000,0.00,0.00,0.00,0.00,0.00,-1,0,7,0
3460,0,1,0.000,0.000,0.00,0.00,0.00,0.00,0.00,-1,0,7,0
3480,0,1,0.000,0.000,0.00,0.00,0.00,0.00,0.00,-1,0,7,0
3500,0,1,0.000,0.000,0.00,0.00,0.00,0.00,0.00,-1,0,7,0
3520,0,1,0.000,0.000,0.00,0.00,0.00,0.00,0.00,-1,0,7,0
3540,0,1,0.000,0.000,0.00,0.00,0.00,0.00,0.00,-1,0,7,0
3560,0,1,0.000,0.000,0.00,0.00,0.00,0.00,0.00,-1,0,7,0
3580,0,1,0.000,0.000,0.00,0.00,0.00,0.00,0.00,-1,0,7,0
3600,0,1,0.000,0.000,0.00,0.00,0.00,0.00,INF,-1,0,7,0
3620,0,1,0.000,0.000,0.00,0.00,0.00,0.00,0.00,-1,0,7,0
3640,0,1,0.000,0.000,0.00,0.00,0.00,0.00,0.00,-1,0,7,0
3660,0,1,0.000,0.000,0.00,0.00,0.00,0.00,0.00,-1,0,7,0
3680,0,1,0.000,0.000,0.00,0.00,0.00,0.00,0.00,-1,0,7,0
3700,0,1,0.000,0.000,0.00,0.00,0.00,0.00,0.00,-1,0,7,0
3720,0,1,0.000,0.000,0.00,0.00,0.00,0.00,0.00,-1,0,7,0
3740,0,1,0.000,0.000,0.00,0.00,0.00,0.00,0.00,-1,0,7,0
3760,0,1,0.000,0.000,0.00,0.00,0.00,0.00,0.00,-1,0,7,0
3780,1,1,-35.019,-61.035,-3.27,-5.68,-3.25,-5.69,INF,-1,0,7,0
3800,1,1,23.032,-28.750,2.15,-2.68,2.15,-2.69,INF,-1,0,7,0
3820,1,1,21.491,-27.270,2.01,-2.55,2.01,-2.55,INF,-1,0,7,0
3840,1,1,21.992,-24.315,2.05,-2.27,2.05,-2.27,INF,-1,0,7,0
3860,1,1,23.310,-30.725,2.18,-2.87,2.17,-2.87,INF,-1,0,7,0
3880,1,1,23.592,-26.110,2.20,-2.44,2.20,-2.44,INF,-1,0,7,0
3900,1,1,23.850,-27.230,2.23,-2.54,2.23,-2.54,INF,-1,0,7,0
3920,1,1,21.639,-27.434,2.02,-2.56,2.02,-2.56,INF,-1,0,7,0
3940,1,1,20.542,-28.381,1.92,-2.65,1.92,-2.65,INF,-1,0,7,0
3960,1,1,24.194,-28.795,2.26,-2.69,2.26,-2.69,INF,-1,0,7,0
3980,1,1,23.737,-27.448,2.22,-2.56,2.22,-2.56,INF,-1,0,7,0
4000,1,1,24.693,-29.435,2.31,-2.75,2.30,-2.75,INF,-1,0,7,0
4020,1,1,23.558,-33.061,2.20,-3.08,2.20,-3.09,INF,-1,0,7,0
4040,1,1,25.605,-27.243,2.39,-2.54,2.39,-2.54,INF,-1,0,7,0
4060,1,1,23.670,-30.171,2.21,-2.82,2.21,-2.82,INF,-1,0,7,0
4080,1,1,24.048,-25.195,2.25,-2.35,2.24,-2.35,INF,-1,1,7,0
4100,1,1,26.941,-27.303,2.52,-2.55,2.51,-2.55,INF,-1,1,7,0
4120,1,1,38.843,-36.710,3.63,-3.42,3.62,-3.43,INF,-1,1,7,0
4140,1,1,57.935,-26.075,5.40,-2.42,5.39,-2.44,INF,-1,1,7,0
4160,1,1,50.239,-16.960,4.69,-1.58,4.68,-1.58,INF,-1,0,7,0
4180,1,1,52.335,-27.845,4.88,-2.59,4.87,-2.60,INF,-1,0,7,0
4200,1,1,50.787,-16.330,4.74,-1.52,4.73,-1.53,INF,-1,0,7,0
4220,0,1,0.000,0.000,0.00,0.00,0.00,0.00,0.00,-1,0,7,0
4240,0,1,0.000,0.000,0.00,0.00,0.00,0.00,0.00,-1,0,7,0
4260,0,1,0.000,0.000,0.00,0.00,0.00,0.00,0.00,-1,0,7,0
4280,1,1,52.369,-27.223,4.88,-2.53,4.88,-2.54,INF,-1,0,7,0
4300,0,1,0.000,0.000,0.00,0.00,0.00,0.00,0.00,-1,0,7,0
4320,0,1,0.000,0.000,0.00,0.00,0.00,0.00,0.00,-1,0,7,0
4340,1,1,49.708,-27.935,4.64,-2.60,4.63,-2.61,INF,-1,0,7,0
4360,0,1,0.000,0.000,0.00,0.00,0.00,0.00,0.00,-1,0,7,0
4380,1,1,51.782,-36.739,4.83,-3.42,4.82,-3.43,INF,-1,0,7,0
4400,0,1,0.000,0.000,0.00,0.00,0.00,0.00,0.00,-1,0,7,0
4420,1,1,52.330,-35.531,4.88,-3.31,4.87,-3.32,INF,-1,1,7,0
4440,1,1,49.644,-28.430,4.63,-2.65,4.63,-2.66,INF,-1,1,7,0
4460,1,1,50.678,-24.975,4.73,-2.33,4.72,-2.33,INF,-1,1,7,0
4480,1,1,51.343,-26.090,4.79,-2.43,4.78,-2.44,INF,-1,1,7,0
4500,0,1,0.000,0.000,0.00,0.00,0.00,0.00,0.00,-1,1,7,0
4520,1,1,52.760,-27.083,4.92,-2.52,4.91,-2.53,INF,-1,1,7,0
4540,1,1,49.121,-22.504,4.58,-2.10,4.58,-2.10,INF,-1,1,7,0
4560,1,1,31.654,-37.462,2.96,-3.49,2.95,-3.50,INF,-1,1,7,0
4580,0,1,0.000,0.000,0.00,0.00,0.00,0.00,0.00,-1,1,7,0
4600,1,1,-21.400,-108.158,-2.00,-10.00,-1.97,-10.01,INF,-1,1,7,0
4620,0,1,0.000,0.000,0.00,0.00,0.00,0.00,0.00,-1,1,7,0
4640,0,1,0.000,0.000,0.00,0.00,0.00,0.00,0.00,-1,0,7,0
4660,0,1,0.000,0.000,0.00,0.00,0.00,0.00,0.00,-1,0,7,0
4680,0,1,0.000,0.000,0.00,0.00,0.00,0.00,0.00,-1,0,7,0
4700,0,1,0.000,0.000,0.00,0.00,0.00,0.00,0.00,-1,0,7,0
4720,0,1,0.000,0.000,0.00,0.00,0.00,0.00,0.00,-1,0,7,0
4740,0,1,0.000,0.000,0.00,0.00,0.00,0.00,0.00,-1,0,7,0
4760,0,1,0.000,0.000,0.00,0.00,0.00,0.00,0.00,-1,0,7,0
4780,0,1,0.000,0.000,0.00,0.00,0.00,0.00,0.00,-1,0,7,0
4800,0,1,0.000,0.000,0.00,0.00,0.00,0.00,0.00,-1,0,7,0
4820,1,1,-4.993,-32.169,-0.47,-3.00,-0.47,-3.00,INF,-1,0,7,0
4840,1,1,-5.543,-23.356,-0.52,-2.18,-0.52,-2.18,INF,-1,0,7,0
4860,1,1,-14.925,-10.334,-1.39,-0.97,-1.39,-0.97,INF,-1,0,7,0
4880,1,1,-14.342,-10.138,-1.34,-0.95,-1.34,-0.95,INF,-1,0,7,0
4900,1,1,-10.654,-16.667,-1.00,-1.56,-1.00,-1.56,INF,-1,0,7,0
4920,1,1,-11.323,-8.881,-1.06,-0.83,-1.06,-0.83,INF,-1,0,7,0
4940,1,1,-8.941,-15.910,-0.84,-1.49,-0.84,-1.49,INF,-1,0,7,0
4960,1,1,-9.834,-12.623,-0.92,-1.18,-0.92,-1.18,INF,-1,0,7,0
4980,1,1,-10.157,-9.626,-0.95,-0.90,-0.95,-0.90,INF,-1,0,7,0
5000,1,1,-10.273,-7.626,-0.96,-0.71,-0.96,-0.71,INF,-1,0,7,0
5020,1,1,-6.772,-19.840,-0.63,-1.85,-0.63,-1.85,INF,-1,0,7,0
5040,1,1,-7.985,-11.258,-0.75,-1.05,-0.75,-1.05,INF,-1,0,7,0
5060,1,1,-6.984,-14.393,-0.65,-1.34,-0.65,-1.35,INF,-1,0,7,0
5080,1,1,-6.414,-16.890,-0.60,-1.58,-0.60,-1.58,INF,-1,0,7,0
5100,1,1,-6.923,-11.871,-0.65,-1.11,-0.65,-1.11,INF,-1,0,7,0
5120,1,1,-6.124,-12.764,-0.57,-1.19,-0.57,-1.19,INF,-1,1,7,0
5140,1,1,-5.666,-8.101,-0.53,-0.76,-0.53,-0.76,INF,-1,1,7,0
5160,1,1,-5.944,-9.635,-0.56,-0.90,-0.56,-0.90,INF,-1,1,7,0
5180,1,1,-4.954,-8.817,-0.46,-0.82,-0.46,-0.82,INF,-1,1,7,0
5200,1,1,-3.001,-13.344,-0.28,-1.25,-0.28,-1.25,INF,-1,1,7,0
5220,1,1,-4.458,-12.715,-0.42,-1.19,-0.42,-1.19,INF,-1,1,7,0
5240,1,1,-4.058,-9.934,-0.38,-0.93,-0.38,-0.93,INF,-1,1,7,0
5260,1,1,-3.250,-11.344,-0.30,-1.06,-0.30,-1.06,INF,-1,1,7,0
5280,1,1,-3.641,-13.467,-0.34,-1.26,-0.34,-1.26,INF,-1,1,7,0
5300,1,1,-3.551,-7.884,-0.33,-0.74,-0.33,-0.74,INF,-1,1,7,0
5320,1,1,-2.968,-9.780,-0.28,-0.91,-0.28,-0.91,INF,-1,1,7,0
5340,1,1,-1.941,-9.182,-0.18,-0.86,-0.18,-0.86,INF,-1,1,7,0
5360,1,1,-2.619,-8.512,-0.24,-0.80,-0.24,-0.80,INF,-1,1,7,0
5380,1,1,-1.334,-8.965,-0.12,-0.84,-0.12,-0.84,INF,-1,1,7,0
5400,1,1,-1.795,-11.602,-0.17,-1.08,-0.17,-1.08,INF,-1,1,7,0
5420,1,1,-2.039,-11.579,-0.19,-1.08,-0.19,-1.08,INF,-1,1,7,0
5440,1,1,-1.288,-8.676,-0.12,-0.81,-0.12,-0.81,INF,-1,1,7,0
5460,1,1,-0.381,-10.981,-0.04,-1.03,-0.04,-1.03,INF,-1,1,7,0
5480,1,1,0.321,-13.392,0.03,-1.25,0.03,-1.25,INF,-1,1,7,0
5500,1,1,-1.457,-13.153,-0.14,-1.23,-0.14,-1.23,INF,-1,1,7,0
5520,1,1,-1.116,-8.747,-0.10,-0.82,-0.10,-0.82,INF,-1,1,7,0
5540,1,1,-1.922,-21.120,-0.18,-1.97,-0.18,-1.97,INF,-1,1,7,0
5560,1,1,-0.430,-12.968,-0.04,-1.21,-0.04,-1.21,INF,-1,1,7,0
5580,1,1,0.091,-12.110,0.01,-1.13,0.01,-1.13,INF,-1,1,7,0
5600,1,1,0.555,-16.168,0.05,-1.51,0.05,-1.51,INF,-1,1,7,0
5620,1,1,1.554,-15.286,0.15,-1.43,0.15,-1.43,INF,-1,1,7,0
5640,1,1,2.164,-15.843,0.20,-1.48,0.20,-1.48,INF,-1,0,7,0
5660,1,1,-0.257,-19.671,-0.02,-1.84,-0.02,-1.84,INF,-1,0,7,0
5680,0,1,0.000,0.000,0.00,0.00,0.00,0.00,0.00,-1,0,7,0
5700,0,1,0.000,0.000,0.00,0.00,0.00,0.00,0.00,-1,0,7,0
5720,0,1,0.000,0.000,0.00,0.00,0.00,0.00,0.00,-1,0,7,0
5740,0,1,0.000,0.000,0.00,0.00,0.00,0.00,0.00,-1,0,7,0
5760,0,1,0.000,0.000,0.00,0.00,0.00,0.00,0.00,-1,0,7,0
5780,0,1,0.000,0.000,0.00,0.00,0.00,0.00,0.00,-1,0,7,0
5800,0,1,0.000,0.000,0.00,0.00,0.00,0.00,0.00,-1,0,7,0
5820,0,1,0.000,0.000,0.00,0.00,0.00,0.00,0.00,-1,0,7,0
5840,0,1,0.000,0.000,0.00,0.00,0.00,0.00,0.00,-1,0,7,0
5860,0,1,0.000,0.000,0.00,0.00,0.00,0.00,0.00,-1,0,7,0
5880,0,1,0.000,0.000,0.00,0.00,0.00,0.00,0.00,-1,0,7,0
5900,0,1,0.000,0.000,0.00,0.00,0.00,0.00,0.00,-1,0,7,0
5920,0,1,0.000,0.000,0.00,0.00,0.00,0.00,0.00,-1,0,7,0
5940,1,1,-4.449,-14.388,-0.42,-1.34,-0.42,-1.34,INF,-1,0,7,0
5960,1,1,-5.519,-9.957,-0.52,-0.93,-0.52,-0.93,INF,-1,0,7,0
5980,1,1,-3.417,-3.160,-0.32,-0.30,-0.32,-0.30,INF,-1,0,7,0
6000,1,1,-4.856,-7.689,-0.45,-0.72,-0.45,-0.72,INF,-1,0,7,0
6020,1,1,-6.096,-13.332,-0.57,-1.25,-0.57,-1.25,INF,-1,0,7,0
6040,1,1,0.087,-15.636,0.01,-1.46,0.01,-1.46,INF,-1,0,7,0
6060,0,1,0.000,0.000,0.00,0.00,0.00,0.00,0.00,-1,0,7,0
6080,1,1,-1.017,-16.544,-0.10,-1.55,-0.10,-1.55,INF,-1,0,7,0
6100,1,1,-6.217,-13.114,-0.58,-1.23,-0.58,-1.23,INF,-1,0,7,0
6120,1,1,-3.457,-21.065,-0.32,-1.97,-0.32,-1.97,INF,-1,0,7,0
6140,1,1,-4.969,-20.209,-0.46,-1.89,-0.46,-1.89,INF,-1,0,7,0
6160,1,1,-5.741,-23.123,-0.54,-2.16,-0.54,-2.16,INF,-1,0,7,0
6180,1,1,-5.668,-16.297,-0.53,-1.52,-0.53,-1.52,INF,-1,0,7,0
6200,0,1,0.000,0.000,0.00,0.00,0.00,0.00,0.00,-1,0,7,0
6220,1,1,27.730,-92.648,2.59,-8.59,2.56,-8.59,INF,-1,1,7,0
6240,0,1,0.000,0.000,0.00,0.00,0.00,0.00,0.00,-1,1,7,0
6260,0,1,0.000,0.000,0.00,0.00,0.00,0.00,0.00,-1,1,7,0
6280,1,1,-47.995,-90.431,-4.48,-8.37,-4.43,-8.39,INF,-1,0,7,0
6300,0,1,0.000,0.000,0.00,0.00,0.00,0.00,0.00,-1,0,7,0
6320,0,1,0.000,0.000,0.00,0.00,0.00,0.00,0.00,-1,0,7,0
6340,0,1,0.000,0.000,0.00,0.00,0.00,0.00,0.00,-1,0,7,0
6360,1,1,-9.270,-14.366,-0.87,-1.34,-0.87,-1.34,INF,-1,0,7,0
6380,1,1,-7.965,-3.537,-0.74,-0.33,-0.74,-0.33,INF,-1,0,7,0
6400,1,1,-8.535,-12.646,-0.80,-1.18,-0.80,-1.18,INF,-1,0,7,0
6420,1,1,-7.333,-6.400,-0.69,-0.60,-0.69,-0.60,INF,-1,0,7,0
6440,1,1,-6.927,-3.732,-0.65,-0.35,-0.65,-0.35,INF,-1,0,7,0
6460,1,1,-6.240,1.076,-0.58,0.10,-0.58,0.10,INF,-1,0,7,0
6480,1,1,-4.127,-4.486,-0.39,-0.42,-0.39,-0.42,INF,-1,0,7,0
6500,1,1,-3.303,-7.821,-0.31,-0.73,-0.31,-0.73,INF,-1,0,7,0
6520,1,1,-3.969,-5.272,-0.37,-0.49,-0.37,-0.49,INF,-1,0,7,0
6540,1,1,-5.732,-3.349,-0.54,-0.31,-0.54,-0.31,INF,-1,0,7,0
6560,1,1,-5.023,-4.345,-0.47,-0.41,-0.47,-0.41,INF,-1,0,7,0
6580,1,1,-4.310,-4.157,-0.40,-0.39,-0.40,-0.39,INF,-1,0,7,0
6600,1,1,-4.406,-5.949,-0.41,-0.56,-0.41,-0.56,INF,-1,0,7,0
6620,1,1,-4.486,-7.368,-0.42,-0.69,-0.42,-0.69,INF,-1,0,7,0
6640,1,1,-5.984,-9.686,-0.56,-0.91,-0.56,-0.91,INF,-1,1,7,0
6660,1,1,-8.039,-1.298,-0.75,-0.12,-0.75,-0.12,INF,-1,1,7,0
6680,1,1,-6.502,-3.432,-0.61,-0.32,-0.61,-0.32,INF,-1,1,7,0
6700,1,1,-6.220,-3.136,-0.58,-0.29,-0.58,-0.29,INF,-1,1,7,0
6720,1,1,-6.742,-3.830,-0.63,-0.36,-0.63,-0.36,INF,-1,1,7,0
6740,1,1,-9.085,-5.803,-0.85,-0.54,-0.85,-0.54,INF,-1,1,7,0
6760,1,1,-6.421,-3.368,-0.60,-0.31,-0.60,-0.31,INF,-1,1,7,0
6780,1,1,-7.553,-4.558,-0.71,-0.43,-0.71,-0.43,INF,-1,1,7,0
6800,1,1,-6.210,-6.383,-0.58,-0.60,-0.58,-0.60,INF,-1,1,7,0
6820,1,1,-7.551,-2.295,-0.71,-0.21,-0.71,-0.21,INF,-1,1,7,0
6840,1,1,-7.930,-3.890,-0.74,-0.36,-0.74,-0.36,INF,-1,1,7,0
6860,1,1,-8.282,-6.704,-0.77,-0.63,-0.77,-0.63,INF,-1,1,7,0
6880,1,1,-9.259,-3.260,-0.87,-0.30,-0.87,-0.30,INF,-1,1,7,0
6900,1,1,-8.682,-2.118,-0.81,-0.20,-0.81,-0.20,INF,-1,1,7,0
6920,1,1,-7.684,-3.637,-0.72,-0.34,-0.72,-0.34,INF,-1,1,7,0
6940,1,1,-7.344,-2.847,-0.69,-0.27,-0.69,-0.27,INF,-1,1,7,0
6960,1,1,-6.876,-8.967,-0.64,-0.84,-0.64,-0.84,INF,-1,1,7,0
6980,1,1,-5.128,-10.739,-0.48,-1.00,-0.48,-1.00,INF,-1,1,7,0
7000,1,1,-10.663,-8.518,-1.00,-0.80,-1.00,-0.80,INF,-1,1,7,0
7020,1,1,-13.562,-10.763,-1.27,-1.01,-1.27,-1.01,INF,-1,1,7,0
7040,1,1,-12.572,-6.536,-1.17,-0.61,-1.17,-0.61,INF,-1,1,7,0
7060,1,1,-13.259,-5.285,-1.24,-0.49,-1.24,-0.49,INF,-1,1,7,0
7080,1,1,-12.660,-8.479,-1.18,-0.79,-1.18,-0.79,INF,-1,1,7,0
7100,1,1,-12.763,-3.302,-1.19,-0.31,-1.19,-0.31,INF,-1,1,7,0
7120,1,1,-12.609,-6.141,-1.18,-0.57,-1.18,-0.57,INF,-1,1,7,0
7140,1,1,-11.569,-9.348,-1.08,-0.87,-1.08,-0.87,INF,-1,1,7,0
7160,1,1,-12.233,-6.537,-1.14,-0.61,-1.14,-0.61,INF,-1,1,7,0
7180,1,1,-12.884,-8.468,-1.20,-0.79,-1.20,-0.79,INF,-1,1,7,0
7200,1,1,-11.956,-4.968,-1.12,-0.46,-1.12,-0.46,INF,-1,1,7,0
7220,1,1,-12.037,-10.674,-1.12,-1.00,-1.12,-1.00,INF,-1,1,7,0
7240,1,1,-13.746,-10.286,-1.28,-0.96,-1.28,-0.96,INF,-1,1,7,0
7260,1,1,-11.554,-5.985,-1.08,-0.56,-1.08,-0.56,INF,-1,1,7,0
7280,1,1,-11.919,-3.689,-1.11,-0.34,-1.11,-0.34,INF,-1,1,7,0
7300,1,1,-12.578,-9.448,-1.18,-0.88,-1.18,-0.88,INF,-1,1,7,0
7320,1,1,-12.793,-8.638,-1.20,-0.81,-1.20,-0.81,INF,-1,1,7,0
7340,1,1,-15.885,-9.711,-1.48,-0.91,-1.48,-0.91,INF,-1,1,7,0
7360,1,1,-20.425,-13.391,-1.91,-1.25,-1.91,-1.25,INF,-1,1,7,0
7380,1,1,-18.813,-10.945,-1.76,-1.02,-1.76,-1.02,INF,-1,0,7,0
7400,1,1,-17.942,-10.110,-1.68,-0.94,-1.68,-0.94,INF,-1,0,7,0
7420,1,1,-17.887,-11.767,-1.67,-1.10,-1.67,-1.10,INF,-1,0,7,0
7440,1,1,-16.708,-10.263,-1.56,-0.96,-1.56,-0.96,INF,-1,0,7,0
7460,1,1,-17.289,-13.960,-1.62,-1.30,-1.62,-1.30,INF,-1,0,7,0
7480,1,1,-16.525,-10.163,-1.54,-0.95,-1.54,-0.95,INF,-1,0,7,0
7500,1,1,-17.564,-8.744,-1.64,-0.82,-1.64,-0.82,INF,-1,0,7,0
7520,1,1,-15.457,-8.388,-1.44,-0.78,-1.44,-0.78,INF,-1,0,7,0
7540,1,1,-16.576,-12.192,-1.55,-1.14,-1.55,-1.14,INF,-1,0,7,0
7560,1,1,-16.846,-5.629,-1.57,-0.53,-1.57,-0.53,INF,-1,0,7,0
7580,1,1,-17.566,-11.934,-1.64,-1.11,-1.64,-1.12,INF,-1,0,7,0
7600,1,1,-18.189,-12.776,-1.70,-1.19,-1.70,-1.19,INF,-1,0,7,0
7620,1,1,-17.664,-11.784,-1.65,-1.10,-1.65,-1.10,INF,-1,1,7,0
7640,0,1,0.000,0.000,0.00,0.00,0.00,0.00,0.00,-1,1,7,0
7660,0,1,0.000,0.000,0.00,0.00,0.00,0.00,0.00,-1,1,7,0
7680,0,1,0.000,0.000,0.00,0.00,0.00,0.00,0.00,-1,1,7,0
7700,0,1,0.000,0.000,0.00,0.00,0.00,0.00,0.00,-1,1,7,0
7720,0,1,0.000,0.000,0.00,0.00,0.00,0.00,0.00,-1,0,7,0
7740,0,1,0.000,0.000,0.00,0.00,0.00,0.00,0.00,-1,0,7,0
7760,0,1,0.000,0.000,0.00,0.00,0.00,0.00,0.00,-1,0,7,0
7780,0,1,0.000,0.000,0.00,0.00,0.00,0.00,0.00,-1,0,7,0
7800,0,1,0.000,0.000,0.00,0.00,0.00,0.00,0.00,-1,0,7,0
7820,0,1,0.000,0.000,0.00,0.00,0.00,0.00,0.00,-1,0,7,0
7840,0,1,0.000,0.000,0.00,0.00,0.00,0.00,0.00,-1,0,7,0
7860,0,1,0.000,0.000,0.00,0.00,0.00,0.00,0.00,-1,0,7,0
7880,0,1,0.000,0.000,0.00,0.00,0.00,0.00,0.00,-1,0,7,0
7900,0,1,0.000,0.000,0.00,0.00,0.00,0.00,0.00,-1,0,7,0
7920,0,1,0.000,0.000,0.00,0.00,0.00,0.00,0.00,-1,0,7,0
7940,0,1,0.000,0.000,0.00,0.00,0.00,0.00,0.00,-1,0,7,0
7960,0,1,0.000,0.000,0.00,0.00,0.00,0.00,0.00,-1,0,7,0
7980,0,1,0.000,0.000,0.00,0.00,0.00,0.00,0.00,-1,0,7,0
8000,1,1,-56.623,-63.827,-5.28,-5.92,-5.25,-5.94,INF,-1,0,7,0
8020,0,1,0.000,0.000,0.00,0.00,0.00,0.00,0.00,-1,0,7,0
8040,1,1,-71.628,-34.675,-6.66,-3.22,-6.65,-3.24,INF,-1,0,7,0
8060,0,1,0.000,0.000,0.00,0.00,0.00,0.00,0.00,-1,0,7,0
8080,0,1,0.000,0.000,0.00,0.00,0.00,0.00,0.00,-1,0,7,0
8100,0,1,0.000,0.000,0.00,0.00,0.00,0.00,0.00,-1,0,7,0
8120,0,1,0.000,0.000,0.00,0.00,0.00,0.00,0.00,-1,0,7,0
8140,1,1,-79.548,-82.713,-7.39,-7.62,-7.33,-7.68,INF,-1,0,7,0
8160,0,1,0.000,0.000,0.00,0.00,0.00,0.00,0.00,-1,0,7,0
8180,0,1,0.000,0.000,0.00,0.00,0.00,0.00,0.00,-1,0,7,0
8200,0,1,0.000,0.000,0.00,0.00,0.00,0.00,0.00,-1,0,7,0
8220,0,1,0.000,0.000,0.00,0.00,0.00,0.00,0.00,-1,0,7,0
8240,0,1,0.000,0.000,0.00,0.00,0.00,0.00,0.00,-1,0,7,0
8260,0,1,0.000,0.000,0.00,0.00,0.00,0.00,0.00,-1,0,7,0
8280,1,1,-73.738,-46.602,-6.86,-4.32,-6.84,-4.35,INF,-1,0,7,0
8300,0,1,0.000,0.000,0.00,0.00,0.00,0.00,0.00,-1,0,7,0
8320,0,1,0.000,0.000,0.00,0.00,0.00,0.00,0.00,-1,0,7,0
8340,1,1,-49.085,-49.228,-4.58,-4.58,-4.56,-4.59,INF,-1,0,7,0
8360,1,1,-28.092,-18.041,-2.62,-1.68,-2.62,-1.69,INF,-1,0,7,0
8380,1,1,-31.001,-15.764,-2.90,-1.47,-2.89,-1.47,INF,-1,0,7,0
8400,1,1,-30.410,-20.258,-2.84,-1.89,-2.84,-1.89,INF,-1,0,7,0
8420,1,1,-28.234,-17.958,-2.64,-1.68,-2.64,-1.68,INF,-1,0,7,0
8440,1,1,-27.129,-19.239,-2.53,-1.80,-2.53,-1.80,INF,-1,0,7,0
8460,1,1,-30.611,-18.642,-2.86,-1.74,-2.86,-1.74,INF,-1,0,7,0
8480,1,1,-26.984,-19.824,-2.52,-1.85,-2.52,-1.85,INF,-1,0,7,0
8500,1,1,-29.422,-19.516,-2.75,-1.82,-2.75,-1.82,INF,-1,0,7,0
8520,1,1,-28.497,-20.385,-2.66,-1.90,-2.66,-1.90,INF,-1,0,7,0
8540,1,1,-29.900,-22.755,-2.79,-2.12,-2.79,-2.13,INF,-1,0,7,0
8560,1,1,-29.632,-20.199,-2.77,-1.89,-2.77,-1.89,INF,-1,0,7,0
8580,1,1,-29.888,-17.688,-2.79,-1.65,-2.79,-1.65,INF,-1,0,7,0
8600,1,1,-33.305,-23.089,-3.11,-2.15,-3.11,-2.16,INF,-1,0,7,0
8620,1,1,-41.843,-23.486,-3.90,-2.19,-3.90,-2.19,INF,-1,0,7,0
8640,1,1,-38.550,-20.821,-3.60,-1.94,-3.60,-1.95,INF,-1,1,7,0
8660,1,1,-40.508,-21.545,-3.78,-2.01,-3.78,-2.01,INF,-1,1,7,0
8680,1,1,-40.425,-21.570,-3.77,-2.01,-3.77,-2.02,INF,-1,1,7,0
8700,1,1,-41.346,-21.371,-3.86,-1.99,-3.86,-2.00,INF,-1,1,7,0
8720,1,1,-41.409,-23.382,-3.86,-2.18,-3.86,-2.18,INF,-1,1,7,0
8740,1,1,-41.312,-26.715,-3.86,-2.49,-3.85,-2.50,INF,-1,0,7,0
8760,1,1,-40.465,-22.125,-3.78,-2.06,-3.77,-2.07,INF,-1,0,7,0
8780,1,1,-40.495,-21.638,-3.78,-2.02,-3.78,-2.02,INF,-1,0,7,0
8800,1,1,-42.244,-20.918,-3.94,-1.95,-3.94,-1.95,INF,-1,0,7,0
8820,1,1,-41.226,-26.219,-3.85,-2.44,-3.84,-2.45,INF,-1,0,7,0
8840,1,1,-42.178,-22.142,-3.94,-2.06,-3.93,-2.07,INF,-1,0,7,0
8860,1,1,-41.517,-23.887,-3.87,-2.23,-3.87,-2.23,INF,-1,0,7,0
8880,1,1,-41.010,-25.963,-3.83,-2.42,-3.82,-2.43,INF,-1,0,7,0
8900,1,1,-39.117,-26.276,-3.65,-2.45,-3.65,-2.45,INF,-1,0,7,0
8920,1,1,-43.247,-25.266,-4.04,-2.35,-4.03,-2.36,INF,-1,0,7,0
8940,1,1,-48.653,-24.841,-4.54,-2.31,-4.53,-2.32,INF,-1,0,7,0
8960,1,1,-48.185,-26.879,-4.49,-2.50,-4.49,-2.51,INF,-1,0,7,0
8980,1,1,-45.996,-28.181,-4.29,-2.62,-4.29,-2.63,INF,-1,1,7,0
9000,1,1,-46.112,-27.778,-4.30,-2.59,-4.30,-2.59,INF,-1,1,7,0
9020,1,1,-48.123,-27.332,-4.49,-2.55,-4.48,-2.55,INF,-1,1,7,0
9040,1,1,-45.766,-27.683,-4.27,-2.58,-4.27,-2.59,INF,-1,1,7,0
9060,1,1,-46.280,-29.003,-4.32,-2.70,-4.31,-2.71,INF,-1,1,7,0
9080,1,1,-45.684,-29.967,-4.26,-2.79,-4.26,-2.80,INF,-1,1,7,0
9100,1,1,-45.393,-31.475,-4.24,-2.93,-4.23,-2.94,INF,-1,1,7,0
9120,1,1,-46.971,-36.387,-4.38,-3.39,-4.37,-3.40,INF,-1,1,7,0
9140,1,1,-46.700,-35.681,-4.36,-3.32,-4.35,-3.33,INF,-1,1,7,0
9160,1,1,-45.367,-31.825,-4.23,-2.96,-4.23,-2.97,INF,-1,1,7,0
9180,1,1,-44.861,-33.771,-4.19,-3.14,-4.18,-3.15,INF,-1,1,7,0
9200,1,1,-45.697,-35.546,-4.26,-3.31,-4.26,-3.32,INF,-1,1,7,0
9220,1,1,-45.964,-33.950,-4.29,-3.16,-4.28,-3.17,INF,-1,1,7,0
9240,1,1,-55.566,-37.528,-5.18,-3.49,-5.17,-3.50,INF,-1,0,7,0
9260,1,1,-52.348,-36.148,-4.88,-3.36,-4.87,-3.37,INF,-1,0,7,0
9280,1,1,-52.709,-32.696,-4.91,-3.04,-4.91,-3.05,INF,-1,0,7,0
9300,1,1,-53.089,-35.780,-4.95,-3.33,-4.94,-3.34,INF,-1,0,7,0
9320,1,1,-53.979,-42.590,-5.03,-3.96,-5.02,-3.97,INF,-1,0,7,0
9340,1,1,-52.975,-35.753,-4.94,-3.33,-4.93,-3.34,INF,-1,0,7,0
9360,1,1,-52.708,-35.284,-4.91,-3.28,-4.91,-3.29,INF,-1,0,7,0
9380,1,1,-52.224,-38.648,-4.87,-3.59,-4.86,-3.61,INF,-1,0,7,0
9400,1,1,-52.481,-37.560,-4.89,-3.49,-4.88,-3.51,INF,-1,0,7,0
9420,1,1,-51.944,-36.317,-4.84,-3.38,-4.84,-3.39,INF,-1,0,7,0
9440,1,1,-52.225,-35.796,-4.87,-3.33,-4.86,-3.34,INF,-1,0,7,0
9460,1,1,-50.949,-35.541,-4.75,-3.31,-4.74,-3.32,INF,-1,0,7,0
9480,1,1,-54.810,-39.412,-5.11,-3.66,-5.10,-3.68,INF,-1,1,7,0
9500,1,1,-51.038,-40.005,-4.76,-3.72,-4.75,-3.73,INF,-1,1,7,0
9520,1,1,-51.325,-38.109,-4.79,-3.55,-4.78,-3.56,INF,-1,1,7,0
9540,1,1,-49.526,-42.940,-4.62,-3.99,-4.61,-4.01,INF,-1,1,7,0
9560,1,1,-50.900,-39.218,-4.75,-3.65,-4.74,-3.66,INF,-1,1,7,0
9580,1,1,-52.139,-36.295,-4.86,-3.38,-4.85,-3.39,INF,-1,1,7,0
9600,1,1,-51.949,-38.420,-4.84,-3.57,-4.83,-3.59,INF,-1,1,7,0
9620,1,1,-52.200,-40.680,-4.87,-3.78,-4.86,-3.80,INF,-1,1,7,0
9640,1,1,-52.540,-38.474,-4.90,-3.58,-4.89,-3.59,INF,-1,1,7,0
9660,1,1,-51.543,-44.225,-4.81,-4.11,-4.79,-4.13,INF,-1,1,7,0
9680,1,1,-49.283,-46.045,-4.60,-4.28,-4.58,-4.30,INF,-1,1,7,0
9700,1,1,-50.954,-43.574,-4.75,-4.05,-4.74,-4.07,INF,-1,1,7,0
9720,1,1,-51.573,-44.238,-4.81,-4.11,-4.80,-4.13,INF,-1,1,7,0
9740,1,1,-49.898,-39.559,-4.65,-3.68,-4.64,-3.69,INF,-1,1,7,0
9760,1,1,-50.942,-43.150,-4.75,-4.01,-4.74,-4.03,INF,-1,1,7,0
9780,1,1,-52.091,-43.266,-4.86,-4.02,-4.85,-4.04,INF,-1,1,7,0
9800,1,1,-54.321,-47.173,-5.06,-4.38,-5.05,-4.40,INF,-1,1,7,0
9820,1,1,-53.660,-47.384,-5.00,-4.40,-4.99,-4.42,INF,-1,1,7,0
9840,1,1,-50.295,-47.789,-4.69,-4.44,-4.68,-4.46,INF,-1,0,7,0
9860,1,1,-52.758,-40.443,-4.92,-3.76,-4.91,-3.77,INF,-1,0,7,0
9880,1,1,-53.903,-50.288,-5.03,-4.67,-5.01,-4.69,INF,-1,0,7,0
9900,0,1,0.000,0.000,0.00,0.00,0.00,0.00,0.00,-1,0,7,0
9920,1,1,-43.033,-55.890,-4.02,-5.20,-4.00,-5.21,INF,-1,0,7,0
9940,1,1,-47.168,-44.072,-4.40,-4.10,-4.39,-4.11,INF,-1,0,7,0
9960,1,1,-50.131,-46.190,-4.68,-4.29,-4.66,-4.31,INF,-1,0,7,0
9980,1,1,-50.088,-39.399,-4.67,-3.67,-4.66,-3.68,INF,-1,0,7,0
10000,1,1,-50.706,-45.561,-4.73,-4.24,-4.72,-4.25,INF,-1,0,7,0
10020,1,1,-51.006,-44.990,-4.76,-4.18,-4.74,-4.20,INF,-1,0,7,0
10040,0,1,0.000,0.000,0.00,0.00,0.00,0.00,0.00,-1,0,7,0
10060,0,1,0.000,0.000,0.00,0.00,0.00,0.00,0.00,-1,0,7,0
10080,1,1,-92.992,-81.320,-8.63,-7.47,-8.55,-7.56,INF,-1,1,7,0
10100,0,1,0.000,0.000,0.00,0.00,0.00,0.00,0.00,-1,1,7,0
10120,1,1,-91.846,-96.358,-8.52,-8.84,-8.42,-8.93,INF,-1,0,7,0
10140,0,1,0.000,0.000,0.00,0.00,0.00,0.00,0.00,-1,0,7,0
10160,0,1,0.000,0.000,0.00,0.00,0.00,0.00,0.00,-1,0,7,0
10180,0,1,0.000,0.000,0.00,0.00,0.00,0.00,0.00,-1,0,7,0
10200,0,1,0.000,0.000,0.00,0.00,0.00,0.00,0.00,-1,0,7,0
10220,1,1,-57.094,-44.689,-5.32,-4.15,-5.31,-4.17,INF,-1,0,7,0
10240,1,1,-52.148,-41.438,-4.86,-3.85,-4.85,-3.87,INF,-1,0,7,0
10260,1,1,-52.045,-50.445,-4.85,-4.69,-4.84,-4.70,INF,-1,0,7,0
10280,1,1,-53.901,-41.117,-5.03,-3.82,-5.01,-3.84,INF,-1,0,7,0
10300,1,1,-47.444,-46.614,-4.43,-4.34,-4.41,-4.35,INF,-1,0,7,0
10320,1,1,-51.171,-41.572,-4.77,-3.87,-4.76,-3.88,INF,-1,0,7,0
10340,1,1,-51.383,-45.301,-4.79,-4.21,-4.78,-4.23,INF,-1,0,7,0
10360,1,1,-49.001,-41.693,-4.57,-3.88,-4.56,-3.89,INF,-1,0,7,0
10380,1,1,-50.486,-39.933,-4.71,-3.71,-4.70,-3.73,INF,-1,0,7,0
10400,1,1,-46.049,-42.549,-4.30,-3.96,-4.29,-3.97,INF,-1,0,7,0
10420,1,1,-48.427,-43.889,-4.52,-4.08,-4.51,-4.10,INF,-1,0,7,0
10440,1,1,-48.196,-41.134,-4.50,-3.83,-4.49,-3.84,INF,-1,0,7,0
10460,1,1,-49.296,-46.277,-4.60,-4.30,-4.58,-4.32,INF,-1,0,7,0
10480,1,1,-49.732,-41.032,-4.64,-3.82,-4.63,-3.83,INF,-1,0,7,0
10500,1,1,-50.022,-43.930,-4.67,-4.09,-4.65,-4.10,INF,-1,1,7,0
10520,1,1,-50.500,-46.079,-4.71,-4.28,-4.70,-4.30,INF,-1,1,7,0
10540,1,1,-48.077,-49.211,-4.48,-4.58,-4.47,-4.59,INF,-1,1,7,0
10560,1,1,-48.685,-44.074,-4.54,-4.10,-4.53,-4.11,INF,-1,1,7,0
10580,0,1,0.000,0.000,0.00,0.00,0.00,0.00,0.00,-1,1,7,0
10600,0,1,0.000,0.000,0.00,0.00,0.00,0.00,0.00,-1,1,7,0
10620,0,1,0.000,0.000,0.00,0.00,0.00,0.00,INF,-1,1,7,0
10640,0,1,0.000,0.000,0.00,0.00,0.00,0.00,0.00,-1,1,7,0
10660,0,1,0.000,0.000,0.00,0.00,0.00,0.00,0.00,-1,0,7,0
10680,0,1,0.000,0.000,0.00,0.00,0.00,0.00,0.00,-1,0,7,0
10700,0,1,0.000,0.000,0.00,0.00,0.00,0.00,0.00,-1,0,7,0
10720,0,1,0.000,0.000,0.00,0.00,0.00,0.00,0.00,-1,0,7,0
10740,0,1,0.000,0.000,0.00,0.00,0.00,0.00,0.00,-1,0,7,0
10760,0,1,0.000,0.000,0.00,0.00,0.00,0.00,0.00,-1,0,7,0
10780,0,1,0.000,0.000,0.00,0.00,0.00,0.00,INF,-1,0,7,0
10800,0,1,0.000,0.000,0.00,0.00,0.00,0.00,0.00,-1,0,7,0
10820,0,1,0.000,0.000,0.00,0.00,0.00,0.00,0.00,-1,0,7,0
10840,0,1,0.000,0.000,0.00,0.00,0.00,0.00,0.00,-1,0,7,0
10860,0,1,0.000,0.000,0.00,0.00,0.00,0.00,0.00,-1,0,7,0
10880,0,1,0.000,0.000,0.00,0.00,0.00,0.00,0.00,-1,0,7,0
10900,0,1,0.000,0.000,0.00,0.00,0.00,0.00,0.00,-1,0,7,0
10920,0,1,0.000,0.000,0.00,0.00,0.00,0.00,0.00,-1,0,7,0
10940,0,1,0.000,0.000,0.00,0.00,0.00,0.00,0.00,-1,0,7,0
10960,0,1,0.000,0.000,0.00,0.00,0.00,0.00,0.00,-1,0,7,0
10980,0,1,0.000,0.000,0.00,0.00,0.00,0.00,0.00,-1,0,7,0
11000,0,1,0.000,0.000,0.00,0.00,0.00,0.00,INF,-1,0,7,0
11020,0,1,0.000,0.000,0.00,0.00,0.00,0.00,0.00,-1,0,7,0
11040,0,1,0.000,0.000,0.00,0.00,0.00,0.00,0.00,-1,0,7,0
11060,0,1,0.000,0.000,0.00,0.00,0.00,0.00,0.00,-1,0,7,0
11080,0,1,0.000,0.000,0.00,0.00,0.00,0.00,0.00,-1,0,7,0
11100,0,1,0.000,0.000,0.00,0.00,0.00,0.00,0.00,-1,0,7,0
11120,0,1,0.000,0.000,0.00,0.00,0.00,0.00,0.00,-1,0,7,0
11140,0,1,0.000,0.000,0.00,0.00,0.00,0.00,0.00,-1,0,7,0
11160,0,1,0.000,0.000,0.00,0.00,0.00,0.00,0.00,-1,0,7,0
11180,0,1,0.000,0.000,0.00,0.00,0.00,0.00,0.00,-1,0,7,0
11200,0,1,0.000,0.000,0.00,0.00,0.00,0.00,0.00,-1,0,7,0
11220,0,1,0.000,0.000,0.00,0.00,0.00,0.00,0.00,-1,0,7,0
11240,0,1,0.000,0.000,0.00,0.00,0.00,0.00,0.00,-1,0,7,0
11260,0,1,0.000,0.000,0.00,0.00,0.00,0.00,0.00,-1,0,7,0
11280,0,1,0.000,0.000,0.00,0.00,0.00,0.00,INF,-1,0,7,0
11300,0,1,0.000,0.000,0.00,0.00,0.00,0.00,0.00,-1,0,7,0
11320,0,1,0.000,0.000,0.00,0.00,0.00,0.00,INF,-1,0,7,0
11340,0,1,0.000,0.000,0.00,0.00,0.00,0.00,0.00,-1,0,7,0
11360,0,1,0.000,0.000,0.00,0.00,0.00,0.00,INF,-1,0,7,0
11380,0,1,0.000,0.000,0.00,0.00,0.00,0.00,0.00,-1,0,7,0
11400,0,1,0.000,0.000,0.00,0.00,0.00,0.00,0.00,-1,0,7,0
11420,0,1,0.000,0.000,0.00,0.00,0.00,0.00,0.00,-1,0,7,0
11440,0,1,0.000,0.000,0.00,0.00,0.00,0.00,0.00,-1,0,7,0
11460,0,1,0.000,0.000,0.00,0.00,0.00,0.00,INF,-1,0,7,0
11480,0,1,0.000,0.000,0.00,0.00,0.00,0.00,INF,-1,0,7,0
11500,0,1,0.000,0.000,0.00,0.00,0.00,0.00,INF,-1,0,7,0
11520,1,1,-49.722,-44.179,-4.64,-4.11,-4.63,-4.12,INF,-1,0,7,0
11540,1,1,-56.514,-41.424,-5.27,-3.85,-5.26,-3.87,INF,-1,0,7,0
11560,1,1,-53.682,-45.263,-5.00,-4.21,-4.99,-4.22,INF,-1,0,7,0
11580,1,1,-56.210,-41.686,-5.24,-3.87,-5.23,-3.89,INF,-1,0,7,0
11600,1,1,-51.238,-39.473,-4.78,-3.67,-4.77,-3.68,INF,-1,0,7,0
11620,1,1,-51.684,-45.740,-4.82,-4.25,-4.81,-4.27,INF,-1,0,7,0
11640,1,1,-53.814,-51.344,-5.02,-4.77,-5.00,-4.79,INF,-1,0,7,0
11660,1,1,-51.420,-54.383,-4.79,-5.05,-4.78,-5.07,INF,-1,0,7,0
11680,1,1,-50.657,-47.031,-4.72,-4.37,-4.71,-4.39,INF,-1,0,7,0
11700,0,1,0.000,0.000,0.00,0.00,0.00,0.00,0.00,-1,0,7,0
11720,1,1,-54.338,-42.241,-5.07,-3.93,-5.05,-3.94,INF,-1,0,7,0
11740,1,1,-54.631,-41.455,-5.09,-3.85,-5.08,-3.87,INF,-1,0,7,0
11760,1,1,-51.818,-46.701,-4.83,-4.34,-4.82,-4.36,INF,-1,0,7,0
11780,1,1,-53.303,-49.951,-4.97,-4.64,-4.95,-4.66,INF,-1,0,7,0
11800,0,1,0.000,0.000,0.00,0.00,0.00,0.00,INF,-1,1,7,0
11820,1,1,-54.549,-49.443,-5.09,-4.59,-5.07,-4.61,INF,-1,1,7,0
11840,1,1,-51.343,-41.826,-4.79,-3.89,-4.78,-3.90,INF,-1,1,7,0
11860,1,1,-56.888,-47.422,-5.30,-4.40,-5.29,-4.42,INF,-1,1,7,0
11880,1,1,-55.403,-40.239,-5.16,-3.74,-5.15,-3.76,INF,-1,1,7,0
11900,1,1,-55.306,-45.023,-5.16,-4.18,-5.14,-4.20,INF,-1,1,7,0
11920,1,1,-53.388,-42.518,-4.98,-3.95,-4.97,-3.97,INF,-1,1,7,0
11940,1,1,-54.852,-41.010,-5.11,-3.81,-5.10,-3.83,INF,-1,1,7,0
11960,1,1,-53.532,-47.346,-4.99,-4.40,-4.98,-4.42,INF,-1,1,7,0
11980,1,1,-50.982,-40.745,-4.75,-3.79,-4.74,-3.80,INF,-1,1,7,0
12000,1,1,-52.598,-46.034,-4.90,-4.28,-4.89,-4.29,INF,-1,1,7,0
12020,1,1,-50.464,-45.906,-4.71,-4.27,-4.69,-4.28,INF,-1,1,7,0
12040,0,1,0.000,0.000,0.00,0.00,0.00,0.00,0.00,-1,1,7,0
12060,0,1,0.000,0.000,0.00,0.00,0.00,0.00,0.00,-1,1,7,0
12080,0,1,0.000,0.000,0.00,0.00,0.00,0.00,0.00,-1,1,7,0
12100,0,1,0.000,0.000,0.00,0.00,0.00,0.00,0.00,-1,1,7,0
12120,0,1,0.000,0.000,0.00,0.00,0.00,0.00,0.00,-1,0,7,0
12140,0,1,0.000,0.000,0.00,0.00,0.00,0.00,0.00,-1,0,7,0
12160,0,1,0.000,0.000,0.00,0.00,0.00,0.00,0.00,-1,0,7,0
12180,0,1,0.000,0.000,0.00,0.00,0.00,0.00,0.00,-1,0,7,0
12200,0,1,0.000,0.000,0.00,0.00,0.00,0.00,INF,-1,0,7,0
12220,0,1,0.000,0.000,0.00,0.00,0.00,0.00,0.00,-1,0,7,0
12240,0,1,0.000,0.000,0.00,0.00,0.00,0.00,0.00,-1,0,7,0
12260,0,1,0.000,0.000,0.00,0.00,0.00,0.00,0.00,-1,0,7,0
12280,0,1,0.000,0.000,0.00,0.00,0.00,0.00,INF,-1,0,7,0
12300,0,1,0.000,0.000,0.00,0.00,0.00,0.00,0.00,-1,0,7,0
12320,0,1,0.000,0.000,0.00,0.00,0.00,0.00,INF,-1,0,7,0
12340,0,1,0.000,0.000,0.00,0.00,0.00,0.00,0.00,-1,0,7,0
12360,0,1,0.000,0.000,0.00,0.00,0.00,0.00,0.00,-1,0,7,0
12380,0,1,0.000,0.000,0.00,0.00,0.00,0.00,INF,-1,0,7,0
12400,0,1,0.000,0.000,0.00,0.00,0.00,0.00,0.00,-1,0,7,0
12420,0,1,0.000,0.000,0.00,0.00,0.00,0.00,0.00,-1,0,7,0
12440,0,1,0.000,0.000,0.00,0.00,0.00,0.00,0.00,-1,0,7,0
12460,0,1,0.000,0.000,0.00,0.00,0.00,0.00,0.00,-1,0,7,0
12480,0,1,0.000,0.000,0.00,0.00,0.00,0.00,0.00,-1,0,7,0
12500,0,1,0.000,0.000,0.00,0.00,0.00,0.00,0.00,-1,0,7,0
12520,0,1,0.000,0.000,0.00,0.00,0.00,0.00,0.00,-1,0,7,0
12540,0,1,0.000,0.000,0.00,0.00,0.00,0.00,0.00,-1,0,7,0
12560,0,1,0.000,0.000,0.00,0.00,0.00,0.00,0.00,-1,0,7,0
12580,0,1,0.000,0.000,0.00,0.00,0.00,0.00,0.00,-1,0,7,0
12600,0,1,0.000,0.000,0.00,0.00,0.00,0.00,0.00,-1,0,7,0
12620,0,1,0.000,0.000,0.00,0.00,0.00,0.00,INF,-1,0,7,0
12640,0,1,0.000,0.000,0.00,0.00,0.00,0.00,0.00,-1,0,7,0
12660,0,1,0.000,0.000,0.00,0.00,0.00,0.00,0.00,-1,0,7,0
12680,0,1,0.000,0.000,0.00,0.00,0.00,0.00,0.00,-1,0,7,0
12700,0,1,0.000,0.000,0.00,0.00,0.00,0.00,0.00,-1,0,7,0
12720,0,1,0.000,0.000,0.00,0.00,0.00,0.00,0.00,-1,0,7,0
12740,0,1,0.000,0.000,0.00,0.00,0.00,0.00,INF,-1,0,7,0
12760,0,1,0.000,0.000,0.00,0.00,0.00,0.00,0.00,-1,0,7,0
12780,0,1,0.000,0.000,0.00,0.00,0.00,0.00,0.00,-1,0,7,0
12800,0,1,0.000,0.000,0.00,0.00,0.00,0.00,0.00,-1,0,7,0
12820,0,1,0.000,0.000,0.00,0.00,0.00,0.00,0.00,-1,0,7,0
12840,0,1,0.000,0.000,0.00,0.00,0.00,0.00,0.00,-1,0,7,0
12860,0,1,0.000,0.000,0.00,0.00,0.00,0.00,0.00,-1,0,7,0
12880,0,1,0.000,0.000,0.00,0.00,0.00,0.00,INF,-1,0,7,0
12900,0,1,0.000,0.000,0.00,0.00,0.00,0.00,0.00,-1,0,7,0
12920,0,1,0.000,0.000,0.00,0.00,0.00,0.00,0.00,-1,0,7,0
12940,0,1,0.000,0.000,0.00,0.00,0.00,0.00,0.00,-1,0,7,0
12960,0,1,0.000,0.000,0.00,0.00,0.00,0.00,0.00,-1,0,7,0
12980,0,1,0.000,0.000,0.00,0.00,0.00,0.00,0.00,-1,0,7,0
13000,0,1,0.000,0.000,0.00,0.00,0.00,0.00,INF,-1,0,7,0
13020,0,1,0.000,0.000,0.00,0.00,0.00,0.00,0.00,-1,0,7,0
13040,0,1,0.000,0.000,0.00,0.00,0.00,0.00,INF,-1,0,7,0
13060,0,1,0.000,0.000,0.00,0.00,0.00,0.00,INF,-1,0,7,0
13080,0,1,0.000,0.000,0.00,0.00,0.00,0.00,INF,-1,0,7,0
13100,0,1,0.000,0.000,0.00,0.00,0.00,0.00,INF,-1,0,7,0
13120,0,1,0.000,0.000,0.00,0.00,0.00,0.00,INF,-1,0,7,0
13140,0,1,0.000,0.000,0.00,0.00,0.00,0.00,0.00,-1,0,7,0
13160,0,1,0.000,0.000,0.00,0.00,0.00,0.00,INF,-1,0,7,0
13180,0,1,0.000,0.000,0.00,0.00,0.00,0.00,0.00,-1,0,7,0
13200,0,1,0.000,0.000,0.00,0.00,0.00,0.00,INF,-1,0,7,0
13220,0,1,0.000,0.000,0.00,0.00,0.00,0.00,0.00,-1,0,7,0
13240,0,1,0.000,0.000,0.00,0.00,0.00,0.00,0.00,-1,0,7,0
13260,0,1,0.000,0.000,0.00,0.00,0.00,0.00,INF,-1,0,7,0
13280,0,1,0.000,0.000,0.00,0.00,0.00,0.00,INF,-1,0,7,0
13300,0,1,0.000,0.000,0.00,0.00,0.00,0.00,0.00,-1,0,7,0
13320,0,1,0.000,0.000,0.00,0.00,0.00,0.00,INF,-1,0,7,0
13340,0,1,0.000,0.000,0.00,0.00,0.00,0.00,INF,-1,0,7,0
13360,0,1,0.000,0.000,0.00,0.00,0.00,0.00,INF,-1,0,7,0
13380,0,1,0.000,0.000,0.00,0.00,0.00,0.00,0.00,-1,0,7,0
13400,0,1,0.000,0.000,0.00,0.00,0.00,0.00,INF,-1,0,7,0
13420,0,1,0.000,0.000,0.00,0.00,0.00,0.00,0.00,-1,0,7,0
13440,0,1,0.000,0.000,0.00,0.00,0.00,0.00,INF,-1,0,7,0
13460,0,1,0.000,0.000,0.00,0.00,0.00,0.00,INF,-1,0,7,0
13480,0,1,0.000,0.000,0.00,0.00,0.00,0.00,INF,-1,0,7,0
13500,0,1,0.000,0.000,0.00,0.00,0.00,0.00,INF,-1,0,7,0
13520,0,1,0.000,0.000,0.00,0.00,0.00,0.00,INF,-1,0,7,0
13540,0,1,0.000,0.000,0.00,0.00,0.00,0.00,INF,-1,0,7,0
13560,0,1,0.000,0.000,0.00,0.00,0.00,0.00,INF,-1,0,7,0
13580,0,1,0.000,0.000,0.00,0.00,0.00,0.00,INF,-1,0,7,0
13600,0,1,0.000,0.000,0.00,0.00,0.00,0.00,INF,-1,0,7,0
13620,0,1,0.000,0.000,0.00,0.00,0.00,0.00,INF,-1,0,7,0
13640,0,1,0.000,0.000,0.00,0.00,0.00,0.00,0.00,-1,0,7,0
13660,0,1,0.000,0.000,0.00,0.00,0.00,0.00,INF,-1,0,7,0
13680,0,1,0.000,0.000,0.00,0.00,0.00,0.00,INF,-1,0,7,0
13700,0,1,0.000,0.000,0.00,0.00,0.00,0.00,INF,-1,0,7,0
13720,0,1,0.000,0.000,0.00,0.00,0.00,0.00,0.00,-1,0,7,0
13740,0,1,0.000,0.000,0.00,0.00,0.00,0.00,0.00,-1,0,7,0
13760,0,1,0.000,0.000,0.00,0.00,0.00,0.00,0.00,-1,0,7,0
13780,0,1,0.000,0.000,0.00,0.00,0.00,0.00,0.00,-1,0,7,0
13800,0,1,0.000,0.000,0.00,0.00,0.00,0.00,0.00,-1,0,7,0
13820,0,1,0.000,0.000,0.00,0.00,0.00,0.00,0.00,-1,0,7,0
13840,0,1,0.000,0.000,0.00,0.00,0.00,0.00,0.00,-1,0,7,0
13860,0,1,0.000,0.000,0.00,0.00,0.00,0.00,0.00,-1,0,7,0
13880,0,1,0.000,0.000,0.00,0.00,0.00,0.00,INF,-1,0,7,0
13900,0,1,0.000,0.000,0.00,0.00,0.00,0.00,0.00,-1,0,7,0
13920,0,1,0.000,0.000,0.00,0.00,0.00,0.00,INF,-1,0,7,0
13940,0,1,0.000,0.000,0.00,0.00,0.00,0.00,0.00,-1,0,7,0
13960,0,1,0.000,0.000,0.00,0.00,0.00,0.00,0.00,-1,0,7,0
13980,0,1,0.000,0.000,0.00,0.00,0.00,0.00,0.00,-1,0,7,0
14000,0,1,0.000,0.000,0.00,0.00,0.00,0.00,0.00,-1,0,7,0
14020,0,1,0.000,0.000,0.00,0.00,0.00,0.00,INF,-1,0,7,0
14040,0,1,0.000,0.000,0.00,0.00,0.00,0.00,0.00,-1,0,7,0
14060,0,1,0.000,0.000,0.00,0.00,0.00,0.00,0.00,-1,0,7,0
14080,0,1,0.000,0.000,0.00,0.00,0.00,0.00,INF,-1,0,7,0
14100,0,1,0.000,0.000,0.00,0.00,0.00,0.00,0.00,-1,0,7,0
14120,0,1,0.000,0.000,0.00,0.00,0.00,0.00,0.00,-1,0,7,0
14140,0,1,0.000,0.000,0.00,0.00,0.00,0.00,INF,-1,0,7,0
14160,0,1,0.000,0.000,0.00,0.00,0.00,0.00,INF,-1,0,7,0
14180,0,1,0.000,0.000,0.00,0.00,0.00,0.00,0.00,-1,0,7,0
14200,0,1,0.000,0.000,0.00,0.00,0.00,0.00,0.00,-1,0,7,0
14220,0,1,0.000,0.000,0.00,0.00,0.00,0.00,0.00,-1,0,7,0
14240,0,1,0.000,0.000,0.00,0.00,0.00,0.00,0.00,-1,0,7,0
14260,0,1,0.000,0.000,0.00,0.00,0.00,0.00,0.00,-1,0,7,0
14280,0,1,0.000,0.000,0.00,0.00,0.00,0.00,INF,-1,0,7,0
14300,0,1,0.000,0.000,0.00,0.00,0.00,0.00,INF,-1,0,7,0
14320,0,1,0.000,0.000,0.00,0.00,0.00,0.00,0.00,-1,0,7,0
14340,0,1,0.000,0.000,0.00,0.00,0.00,0.00,0.00,-1,0,7,0
14360,0,1,0.000,0.000,0.00,0.00,0.00,0.00,0.00,-1,0,7,0
14380,0,1,0.000,0.000,0.00,0.00,0.00,0.00,INF,-1,0,7,0
14400,0,1,0.000,0.000,0.00,0.00,0.00,0.00,INF,-1,0,7,0
14420,0,1,0.000,0.000,0.00,0.00,0.00,0.00,0.00,-1,0,7,0
14440,0,1,0.000,0.000,0.00,0.00,0.00,0.00,0.00,-1,0,7,0
14460,0,1,0.000,0.000,0.00,0.00,0.00,0.00,0.00,-1,0,7,0
14480,0,1,0.000,0.000,0.00,0.00,0.00,0.00,0.00,-1,0,7,0
14500,0,1,0.000,0.000,0.00,0.00,0.00,0.00,0.00,-1,0,7,0
14520,0,1,0.000,0.000,0.00,0.00,0.00,0.00,0.00,-1,0,7,0
14540,0,1,0.000,0.000,0.00,0.00,0.00,0.00,0.00,-1,0,7,0
14560,0,1,0.000,0.000,0.00,0.00,0.00,0.00,0.00,-1,0,7,0
14580,0,1,0.000,0.000,0.00,0.00,0.00,0.00,INF,-1,0,7,0
14600,0,1,0.000,0.000,0.00,0.00,0.00,0.00,INF,-1,0,7,0
14620,0,1,0.000,0.000,0.00,0.00,0.00,0.00,0.00,-1,0,7,0
14640,0,1,0.000,0.000,0.00,0.00,0.00,0.00,0.00,-1,0,7,0
14660,0,1,0.000,0.000,0.00,0.00,0.00,0.00,0.00,-1,0,7,0
14680,0,1,0.000,0.000,0.00,0.00,0.00,0.00,0.00,-1,0,7,0
14700,0,1,0.000,0.000,0.00,0.00,0.00,0.00,0.00,-1,0,7,0
14720,0,1,0.000,0.000,0.00,0.00,0.00,0.00,0.00,-1,0,7,0
14740,0,1,0.000,0.000,0.00,0.00,0.00,0.00,INF,-1,0,7,0
14760,0,1,0.000,0.000,0.00,0.00,0.00,0.00,0.00,-1,0,7,0
14780,0,1,0.000,0.000,0.00,0.00,0.00,0.00,0.00,-1,0,7,0
14800,0,1,0.000,0.000,0.00,0.00,0.00,0.00,0.00,-1,0,7,0
14820,0,1,0.000,0.000,0.00,0.00,0.00,0.00,0.00,-1,0,7,0
14840,0,1,0.000,0.000,0.00,0.00,0.00,0.00,0.00,-1,0,7,0
14860,0,1,0.000,0.000,0.00,0.00,0.00,0.00,0.00,-1,0,7,0
14880,0,1,0.000,0.000,0.00,0.00,0.00,0.00,INF,-1,0,7,0
14900,0,1,0.000,0.000,0.00,0.00,0.00,0.00,0.00,-1,0,7,0
14920,0,1,0.000,0.000,0.00,0.00,0.00,0.00,0.00,-1,0,7,0
14940,0,1,0.000,0.000,0.00,0.00,0.00,0.00,0.00,-1,0,7,0
14960,0,1,0.000,0.000,0.00,0.00,0.00,0.00,INF,-1,0,7,0
14980,0,1,0.000,0.000,0.00,0.00,0.00,0.00,0.00,-1,0,7,0
