"EyeTracker Toolbox version","3.250"
CalibrationParameters_A11,1.26611
CalibrationParameters_A12,0.09687
CalibrationParameters_A13,-0.02220
CalibrationParameters_A21,0.03742
CalibrationParameters_A22,-1.27402
CalibrationParameters_A23,-0.00634
CalibrationParameters_A31,-0.00134
CalibrationParameters_A32,-0.00789
CalibrationParameters_E11,-0.17970
CalibrationParameters_E12,0.00006
CalibrationParameters_E21,0.00010
CalibrationParameters_E22,0.20028
CalibrationParameters_X,-54.54191
CalibrationParameters_Y,-45.47708
CalibrationParameters_Rpc,87.96040
CalibrationParameters_MeanX,144.36790
CalibrationParameters_MeanY,136.43607
CalibrationParameters_ViewDist,613.00000
TimeStamp,Tracked,Calibrated,ScreenPositionXmm,ScreenPositionYmm,FicksLongitude,FicksLatitude,HelmholtzAzimuth,HelmholtzElevation,PupilDiameter,Region,Fixation,DigitalIO,Dropped
0,1,1,-2.724,-11.283,-0.25,-1.05,-0.25,-1.05,INF,-1,0,7,0
20,1,1,-2.675,-12.098,-0.25,-1.13,-0.25,-1.13,INF,-1,0,7,0
40,1,1,-2.822,-12.119,-0.26,-1.13,-0.26,-1.13,INF,-1,0,7,0
60,1,1,-2.223,-11.472,-0.21,-1.07,-0.21,-1.07,INF,-1,0,7,0
80,1,1,-2.559,-12.107,-0.24,-1.13,-0.24,-1.13,INF,-1,0,7,0
100,1,1,-3.650,-12.869,-0.34,-1.20,-0.34,-1.20,INF,-1,0,7,0
120,1,1,-1.827,-11.725,-0.17,-1.10,-0.17,-1.10,INF,-1,0,7,0
140,1,1,-3.663,-12.679,-0.34,-1.18,-0.34,-1.18,INF,-1,0,7,0
160,1,1,-2.743,-11.304,-0.26,-1.06,-0.26,-1.06,INF,-1,0,7,0
180,1,1,-2.202,-12.086,-0.21,-1.13,-0.21,-1.13,INF,-1,0,7,0
200,1,1,-2.353,-12.003,-0.22,-1.12,-0.22,-1.12,INF,-1,0,7,0
220,1,1,-3.040,-12.602,-0.28,-1.18,-0.28,-1.18,INF,-1,0,7,0
240,1,1,-4.201,-9.380,-0.39,-0.88,-0.39,-0.88,INF,-1,0,7,0
260,1,1,-5.366,-8.458,-0.50,-0.79,-0.50,-0.79,INF,-1,0,7,0
280,1,1,-6.412,-9.097,-0.60,-0.85,-0.60,-0.85,INF,-1,1,7,0
300,1,1,-5.969,-8.073,-0.56,-0.75,-0.56,-0.75,INF,-1,1,7,0
320,1,1,-5.707,-9.245,-0.53,-0.86,-0.53,-0.86,INF,-1,1,7,0
340,1,1,-5.319,-9.437,-0.50,-0.88,-0.50,-0.88,INF,-1,1,7,0
360,1,1,-6.002,-8.283,-0.56,-0.77,-0.56,-0.77,INF,-1,1,7,0
380,1,1,-6.425,-8.530,-0.60,-0.80,-0.60,-0.80,INF,-1,1,7,0
400,1,1,-6.179,-7.446,-0.58,-0.70,-0.58,-0.70,INF,-1,1,7,0
420,1,1,-6.462,-7.047,-0.60,-0.66,-0.60,-0.66,INF,-1,1,7,0
440,1,1,-5.896,-6.403,-0.55,-0.60,-0.55,-0.60,INF,-1,1,7,0
460,1,1,-7.265,-6.132,-0.68,-0.57,-0.68,-0.57,INF,-1,1,7,0
480,1,1,-6.325,-6.384,-0.59,-0.60,-0.59,-0.60,INF,-1,1,7,0
500,1,1,-6.075,-6.122,-0.57,-0.57,-0.57,-0.57,INF,-1,1,7,0
520,1,1,-7.126,-5.392,-0.67,-0.50,-0.67,-0.50,INF,-1,1,7,0
540,1,1,-6.524,-6.214,-0.61,-0.58,-0.61,-0.58,INF,-1,1,7,0
560,1,1,-6.791,-5.187,-0.63,-0.48,-0.63,-0.48,INF,-1,1,7,0
580,1,1,-10.126,-6.274,-0.95,-0.59,-0.95,-0.59,INF,-1,1,7,0
600,1,1,-15.461,-5.504,-1.44,-0.51,-1.44,-0.51,INF,-1,1,7,0
620,1,1,-16.334,-6.077,-1.53,-0.57,-1.53,-0.57,INF,-1,1,7,0
640,1,1,-16.329,-5.769,-1.53,-0.54,-1.53,-0.54,INF,-1,0,7,0
660,1,1,-16.382,-5.730,-1.53,-0.54,-1.53,-0.54,INF,-1,0,7,0
680,1,1,-16.031,-5.545,-1.50,-0.52,-1.50,-0.52,INF,-1,0,7,0
700,1,1,-15.841,-5.370,-1.48,-0.50,-1.48,-0.50,INF,-1,0,7,0
720,1,1,-16.412,-5.064,-1.53,-0.47,-1.53,-0.47,INF,-1,0,7,0
740,1,1,-16.582,-5.272,-1.55,-0.49,-1.55,-0.49,INF,-1,0,7,0
760,1,1,-16.928,-5.114,-1.58,-0.48,-1.58,-0.48,INF,-1,0,7,0
780,1,1,-16.371,-5.778,-1.53,-0.54,-1.53,-0.54,INF,-1,0,7,0
800,1,1,-16.421,-5.504,-1.53,-0.51,-1.53,-0.51,INF,-1,0,7,0
820,1,1,-17.047,-5.557,-1.59,-0.52,-1.59,-0.52,INF,-1,0,7,0
840,1,1,-17.119,-5.946,-1.60,-0.56,-1.60,-0.56,INF,-1,0,7,0
860,1,1,-17.281,-6.030,-1.61,-0.56,-1.61,-0.56,INF,-1,0,7,0
880,1,1,-16.999,-5.797,-1.59,-0.54,-1.59,-0.54,INF,-1,1,7,0
900,1,1,-17.134,-5.681,-1.60,-0.53,-1.60,-0.53,INF,-1,1,7,0
920,1,1,-17.746,-5.836,-1.66,-0.55,-1.66,-0.55,INF,-1,1,7,0
940,1,1,-17.730,-6.261,-1.66,-0.58,-1.66,-0.59,INF,-1,1,7,0
960,1,1,-17.759,-6.682,-1.66,-0.62,-1.66,-0.62,INF,-1,1,7,0
980,1,1,-18.243,-5.298,-1.70,-0.49,-1.70,-0.50,INF,-1,1,7,0
1000,1,1,-17.171,-5.155,-1.60,-0.48,-1.60,-0.48,INF,-1,1,7,0
1020,1,1,-17.197,-5.469,-1.61,-0.51,-1.61,-0.51,INF,-1,1,7,0
1040,1,1,-18.025,-6.194,-1.68,-0.58,-1.68,-0.58,INF,-1,1,7,0
1060,1,1,-20.705,-5.668,-1.93,-0.53,-1.93,-0.53,INF,-1,1,7,0
1080,1,1,-21.062,-5.987,-1.97,-0.56,-1.97,-0.56,INF,-1,1,7,0
1100,1,1,-21.686,-5.824,-2.03,-0.54,-2.03,-0.54,INF,-1,1,7,0
1120,1,1,-21.729,-5.892,-2.03,-0.55,-2.03,-0.55,INF,-1,1,7,0
1140,1,1,-20.958,-5.514,-1.96,-0.52,-1.96,-0.52,INF,-1,1,7,0
1160,1,1,-21.257,-6.133,-1.99,-0.57,-1.99,-0.57,INF,-1,1,7,0
1180,1,1,-21.644,-6.197,-2.02,-0.58,-2.02,-0.58,INF,-1,1,7,0
1200,1,1,-22.167,-6.259,-2.07,-0.58,-2.07,-0.58,INF,-1,1,7,0
1220,1,1,-21.317,-5.573,-1.99,-0.52,-1.99,-0.52,INF,-1,1,7,0
1240,1,1,-21.142,-5.556,-1.98,-0.52,-1.98,-0.52,INF,-1,1,7,0
1260,1,1,-19.971,-7.647,-1.87,-0.71,-1.87,-0.71,INF,-1,1,7,0
1280,1,1,-21.499,19.061,-2.01,1.78,-2.01,1.78,INF,-1,1,7,0
1300,1,1,-21.981,18.712,-2.05,1.75,-2.05,1.75,INF,-1,1,7,0
1320,1,1,-23.277,19.563,-2.17,1.83,-2.17,1.83,INF,-1,0,7,0
1340,1,1,-22.522,19.765,-2.10,1.85,-2.10,1.85,INF,-1,0,7,0
1360,1,1,-23.286,18.005,-2.18,1.68,-2.17,1.68,INF,-1,0,7,0
1380,1,1,-23.128,18.244,-2.16,1.70,-2.16,1.70,INF,-1,0,7,0
1400,1,1,-23.489,18.019,-2.19,1.68,-2.19,1.68,INF,-1,0,7,0
1420,1,1,-23.848,18.283,-2.23,1.71,-2.23,1.71,INF,-1,0,7,0
1440,1,1,-24.048,17.294,-2.25,1.61,-2.25,1.62,INF,-1,0,7,0
1460,1,1,-25.199,18.267,-2.35,1.71,-2.35,1.71,INF,-1,0,7,0
1480,1,1,-24.660,18.244,-2.30,1.70,-2.30,1.70,INF,-1,0,7,0
1500,1,1,-24.792,17.344,-2.32,1.62,-2.32,1.62,INF,-1,0,7,0
1520,1,1,-26.815,21.700,-2.50,2.03,-2.50,2.03,INF,-1,0,7,0
1540,1,1,-28.082,24.570,-2.62,2.29,-2.62,2.30,INF,-1,0,7,0
1560,1,1,-28.132,25.348,-2.63,2.37,-2.63,2.37,INF,-1,1,7,0
1580,1,1,-28.439,24.818,-2.66,2.32,-2.65,2.32,INF,-1,1,7,0
1600,1,1,-28.444,24.604,-2.66,2.30,-2.65,2.30,INF,-1,1,7,0
1620,1,1,-28.788,25.118,-2.69,2.34,-2.69,2.35,INF,-1,1,7,0
1640,1,1,-27.918,25.292,-2.61,2.36,-2.61,2.36,INF,-1,1,7,0
1660,1,1,-28.376,25.100,-2.65,2.34,-2.65,2.34,INF,-1,1,7,0
1680,1,1,-27.893,25.807,-2.61,2.41,-2.60,2.41,INF,-1,1,7,0
1700,1,1,-28.328,25.018,-2.65,2.33,-2.64,2.34,INF,-1,1,7,0
1720,1,1,-28.000,26.082,-2.62,2.43,-2.61,2.44,INF,-1,1,7,0
1740,1,1,-28.525,25.200,-2.66,2.35,-2.66,2.35,INF,-1,1,7,0
1760,1,1,-28.718,24.562,-2.68,2.29,-2.68,2.29,INF,-1,1,7,0
1780,1,1,-28.808,25.853,-2.69,2.41,-2.69,2.42,INF,-1,1,7,0
1800,1,1,-29.111,25.565,-2.72,2.39,-2.72,2.39,INF,-1,1,7,0
1820,1,1,-29.199,26.211,-2.73,2.45,-2.72,2.45,INF,-1,1,7,0
1840,1,1,-29.442,25.412,-2.75,2.37,-2.75,2.37,INF,-1,1,7,0
1860,1,1,-30.457,25.026,-2.84,2.33,-2.84,2.34,INF,-1,1,7,0
1880,1,1,-29.665,26.016,-2.77,2.43,-2.77,2.43,INF,-1,1,7,0
1900,1,1,-29.772,25.212,-2.78,2.35,-2.78,2.36,INF,-1,1,7,0
1920,1,1,-36.732,29.287,-3.43,2.73,-3.43,2.74,INF,-1,1,7,0
1940,1,1,11.675,7.277,1.09,0.68,1.09,0.68,INF,-1,1,7,0
1960,1,1,10.455,5.613,0.98,0.52,0.98,0.52,INF,-1,0,7,0
1980,1,1,9.843,5.280,0.92,0.49,0.92,0.49,INF,-1,0,7,0
2000,1,1,8.921,5.799,0.83,0.54,0.83,0.54,INF,-1,0,7,0
2020,1,1,9.217,6.090,0.86,0.57,0.86,0.57,INF,-1,0,7,0
2040,1,1,9.218,5.030,0.86,0.47,0.86,0.47,INF,-1,0,7,0
2060,1,1,9.270,5.501,0.87,0.51,0.87,0.51,INF,-1,0,7,0
2080,1,1,8.550,5.842,0.80,0.55,0.80,0.55,INF,-1,0,7,0
2100,1,1,8.385,5.210,0.78,0.49,0.78,0.49,INF,-1,0,7,0
2120,1,1,8.647,6.359,0.81,0.59,0.81,0.59,INF,-1,0,7,0
2140,1,1,8.152,5.550,0.76,0.52,0.76,0.52,INF,-1,0,7,0
2160,1,1,8.093,5.469,0.76,0.51,0.76,0.51,INF,-1,0,7,0
2180,1,1,4.665,2.384,0.44,0.22,0.44,0.22,INF,-1,0,7,0
2200,1,1,3.351,0.567,0.31,0.05,0.31,0.05,INF,-1,0,7,0
2220,1,1,3.581,0.016,0.33,0.00,0.33,0.00,INF,-1,1,7,0
2240,1,1,3.772,1.175,0.35,0.11,0.35,0.11,INF,-1,1,7,0
2260,1,1,3.147,1.065,0.29,0.10,0.29,0.10,INF,-1,1,7,0
2280,1,1,3.016,0.361,0.28,0.03,0.28,0.03,INF,-1,1,7,0
2300,1,1,3.607,1.394,0.34,0.13,0.34,0.13,INF,-1,1,7,0
2320,1,1,3.822,0.392,0.36,0.04,0.36,0.04,INF,-1,1,7,0
2340,1,1,3.957,0.158,0.37,0.01,0.37,0.01,INF,-1,1,7,0
2360,1,1,3.776,0.651,0.35,0.06,0.35,0.06,INF,-1,1,7,0
2380,1,1,3.520,0.513,0.33,0.05,0.33,0.05,INF,-1,1,7,0
2400,1,1,3.628,0.954,0.34,0.09,0.34,0.09,INF,-1,1,7,0
2420,1,1,4.727,0.213,0.44,0.02,0.44,0.02,INF,-1,1,7,0
2440,1,1,4.437,0.174,0.41,0.02,0.41,0.02,INF,-1,1,7,0
2460,1,1,4.670,-0.239,0.44,-0.02,0.44,-0.02,INF,-1,1,7,0
2480,1,1,4.049,0.241,0.38,0.02,0.38,0.02,INF,-1,1,7,0
2500,1,1,4.373,0.160,0.41,0.01,0.41,0.01,INF,-1,1,7,0
2520,1,1,5.948,0.566,0.56,0.05,0.56,0.05,INF,-1,1,7,0
2540,1,1,7.128,1.891,0.67,0.18,0.67,0.18,INF,-1,1,7,0
2560,1,1,5.788,0.379,0.54,0.04,0.54,0.04,INF,-1,1,7,0
2580,1,1,6.543,0.123,0.61,0.01,0.61,0.01,INF,-1,1,7,0
2600,1,1,6.882,1.068,0.64,0.10,0.64,0.10,INF,-1,1,7,0
2620,1,1,7.225,1.013,0.68,0.09,0.68,0.09,INF,-1,1,7,0
2640,1,1,6.917,0.252,0.65,0.02,0.65,0.02,INF,-1,1,7,0
2660,1,1,6.714,0.082,0.63,0.01,0.63,0.01,INF,-1,1,7,0
2680,1,1,7.441,0.875,0.70,0.08,0.70,0.08,INF,-1,1,7,0
2700,1,1,6.364,-0.022,0.59,0.00,0.59,0.00,INF,-1,1,7,0
2720,1,1,7.110,0.189,0.66,0.02,0.66,0.02,INF,-1,1,7,0
2740,1,1,6.026,0.068,0.56,0.01,0.56,0.01,INF,-1,1,7,0
2760,1,1,6.420,0.289,0.60,0.03,0.60,0.03,INF,-1,1,7,0
2780,1,1,6.120,-0.045,0.57,0.00,0.57,0.00,INF,-1,1,7,0
2800,1,1,6.675,0.551,0.62,0.05,0.62,0.05,INF,-1,1,7,0
2820,1,1,5.993,-0.504,0.56,-0.05,0.56,-0.05,INF,-1,1,7,0
2840,1,1,6.128,0.392,0.57,0.04,0.57,0.04,INF,-1,1,7,0
2860,1,1,5.375,0.315,0.50,0.03,0.50,0.03,INF,-1,1,7,0
2880,1,1,32.564,-1.712,3.04,-0.16,3.04,-0.16,INF,-1,1,7,0
2900,1,1,31.117,-1.673,2.91,-0.16,2.91,-0.16,INF,-1,1,7,0
2920,1,1,32.222,-1.189,3.01,-0.11,3.01,-0.11,INF,-1,0,7,0
2940,1,1,31.218,-2.061,2.92,-0.19,2.92,-0.19,INF,-1,0,7,0
2960,1,1,30.332,-2.568,2.83,-0.24,2.83,-0.24,INF,-1,0,7,0
2980,1,1,30.406,-3.405,2.84,-0.32,2.84,-0.32,INF,-1,0,7,0
3000,1,1,31.345,-2.445,2.93,-0.23,2.93,-0.23,INF,-1,0,7,0
3020,1,1,31.938,-1.776,2.98,-0.17,2.98,-0.17,INF,-1,0,7,0
3040,1,1,31.520,-1.781,2.94,-0.17,2.94,-0.17,INF,-1,0,7,0
3060,1,1,31.463,-1.909,2.94,-0.18,2.94,-0.18,INF,-1,0,7,0
3080,1,1,31.824,-1.992,2.97,-0.19,2.97,-0.19,INF,-1,0,7,0
3100,1,1,31.644,-2.631,2.96,-0.25,2.96,-0.25,INF,-1,0,7,0
3120,1,1,31.937,-2.178,2.98,-0.20,2.98,-0.20,INF,-1,0,7,0
3140,1,1,31.728,-1.908,2.96,-0.18,2.96,-0.18,INF,-1,0,7,0
3160,1,1,31.620,-0.984,2.95,-0.09,2.95,-0.09,INF,-1,1,7,0
3180,1,1,31.920,-1.511,2.98,-0.14,2.98,-0.14,INF,-1,1,7,0
3200,1,1,30.963,-2.141,2.89,-0.20,2.89,-0.20,INF,-1,1,7,0
3220,1,1,30.759,-2.838,2.87,-0.26,2.87,-0.27,INF,-1,1,7,0
3240,1,1,33.896,-2.362,3.16,-0.22,3.16,-0.22,INF,-1,1,7,0
3260,1,1,34.989,-1.346,3.27,-0.13,3.27,-0.13,INF,-1,1,7,0
3280,1,1,34.518,-1.494,3.22,-0.14,3.22,-0.14,INF,-1,1,7,0
3300,1,1,35.151,-1.456,3.28,-0.14,3.28,-0.14,INF,-1,1,7,0
3320,1,1,35.200,-1.642,3.29,-0.15,3.29,-0.15,INF,-1,1,7,0
3340,1,1,35.614,-2.483,3.33,-0.23,3.32,-0.23,INF,-1,1,7,0
3360,1,1,35.093,-1.696,3.28,-0.16,3.28,-0.16,INF,-1,1,7,0
3380,1,1,35.246,-1.456,3.29,-0.14,3.29,-0.14,INF,-1,1,7,0
3400,1,1,35.340,-1.990,3.30,-0.19,3.30,-0.19,INF,-1,1,7,0
3420,1,1,34.884,-1.199,3.26,-0.11,3.26,-0.11,INF,-1,1,7,0
3440,1,1,35.380,-1.351,3.30,-0.13,3.30,-0.13,INF,-1,1,7,0
3460,1,1,34.830,-1.452,3.25,-0.14,3.25,-0.14,INF,-1,1,7,0
3480,1,1,34.241,-1.479,3.20,-0.14,3.20,-0.14,INF,-1,1,7,0
3500,1,1,34.576,-1.215,3.23,-0.11,3.23,-0.11,INF,-1,1,7,0
3520,1,1,35.408,-2.013,3.31,-0.19,3.31,-0.19,INF,-1,1,7,0
3540,1,1,34.808,-1.863,3.25,-0.17,3.25,-0.17,INF,-1,1,7,0
3560,1,1,32.931,-0.109,3.07,-0.01,3.07,-0.01,INF,-1,1,7,0
3580,1,1,33.770,-0.778,3.15,-0.07,3.15,-0.07,INF,-1,1,7,0
3600,1,1,33.199,-0.030,3.10,0.00,3.10,0.00,INF,-1,1,7,0
3620,1,1,32.613,-0.856,3.05,-0.08,3.05,-0.08,INF,-1,1,7,0
3640,1,1,31.739,-0.342,2.96,-0.03,2.96,-0.03,INF,-1,1,7,0
3660,1,1,32.609,-0.687,3.05,-0.06,3.05,-0.06,INF,-1,1,7,0
3680,1,1,33.256,-0.667,3.11,-0.06,3.11,-0.06,INF,-1,1,7,0
3700,1,1,32.802,-0.762,3.06,-0.07,3.06,-0.07,INF,-1,1,7,0
3720,1,1,32.823,-0.187,3.06,-0.02,3.06,-0.02,INF,-1,1,7,0
3740,1,1,32.281,0.317,3.01,0.03,3.01,0.03,INF,-1,1,7,0
3760,1,1,32.225,-0.848,3.01,-0.08,3.01,-0.08,INF,-1,1,7,0
3780,1,1,32.927,-1.159,3.07,-0.11,3.07,-0.11,INF,-1,1,7,0
3800,1,1,33.539,-0.693,3.13,-0.06,3.13,-0.06,INF,-1,1,7,0
3820,1,1,33.540,-0.601,3.13,-0.06,3.13,-0.06,INF,-1,1,7,0
3840,1,1,36.452,-0.098,3.40,-0.01,3.40,-0.01,INF,-1,1,7,0
3860,1,1,36.428,0.245,3.40,0.02,3.40,0.02,INF,-1,1,7,0
3880,1,1,36.586,-0.381,3.42,-0.04,3.42,-0.04,INF,-1,1,7,0
3900,1,1,36.871,0.611,3.44,0.06,3.44,0.06,INF,-1,1,7,0
3920,1,1,35.948,0.059,3.36,0.01,3.36,0.01,INF,-1,1,7,0
3940,1,1,36.534,-0.093,3.41,-0.01,3.41,-0.01,INF,-1,1,7,0
3960,1,1,36.908,0.429,3.45,0.04,3.45,0.04,INF,-1,1,7,0
3980,1,1,37.083,-0.646,3.46,-0.06,3.46,-0.06,INF,-1,1,7,0
4000,1,1,37.103,-0.064,3.46,-0.01,3.46,-0.01,INF,-1,1,7,0
4020,1,1,36.923,-1.808,3.45,-0.17,3.45,-0.17,INF,-1,1,7,0
4040,1,1,37.701,-0.229,3.52,-0.02,3.52,-0.02,INF,-1,1,7,0
4060,1,1,37.200,0.162,3.47,0.02,3.47,0.02,INF,-1,1,7,0
4080,1,1,37.129,-0.089,3.47,-0.01,3.47,-0.01,INF,-1,1,7,0
4100,1,1,38.349,-0.077,3.58,-0.01,3.58,-0.01,INF,-1,1,7,0
4120,1,1,36.754,0.195,3.43,0.02,3.43,0.02,INF,-1,1,7,0
4140,1,1,35.837,-1.980,3.35,-0.18,3.35,-0.19,INF,-1,1,7,0
4160,1,1,58.544,0.349,5.46,0.03,5.46,0.03,INF,-1,1,7,0
4180,1,1,59.215,0.629,5.52,0.06,5.52,0.06,INF,-1,1,7,0
4200,1,1,59.039,1.422,5.50,0.13,5.50,0.13,INF,-1,0,7,0
4220,1,1,59.095,1.146,5.51,0.11,5.51,0.11,INF,-1,0,7,0
4240,1,1,59.304,0.660,5.53,0.06,5.53,0.06,INF,-1,0,7,0
4260,1,1,59.316,1.003,5.53,0.09,5.53,0.09,INF,-1,0,7,0
4280,1,1,59.451,1.580,5.54,0.15,5.54,0.15,INF,-1,0,7,0
4300,1,1,59.455,0.853,5.54,0.08,5.54,0.08,INF,-1,0,7,0
4320,1,1,58.453,1.560,5.45,0.15,5.45,0.15,INF,-1,0,7,0
4340,1,1,59.944,0.253,5.59,0.02,5.59,0.02,INF,-1,0,7,0
4360,1,1,60.284,1.660,5.62,0.15,5.62,0.16,INF,-1,0,7,0
4380,1,1,58.331,1.277,5.44,0.12,5.44,0.12,INF,-1,0,7,0
4400,1,1,58.594,1.545,5.46,0.14,5.46,0.14,INF,-1,0,7,0
4420,1,1,59.764,1.311,5.57,0.12,5.57,0.12,INF,-1,0,7,0
4440,1,1,59.989,2.389,5.59,0.22,5.59,0.22,INF,-1,1,7,0
4460,1,1,58.302,0.507,5.43,0.05,5.43,0.05,INF,-1,1,7,0
4480,1,1,61.431,1.121,5.72,0.10,5.72,0.10,INF,-1,1,7,0
4500,1,1,-1.486,-0.007,-0.14,0.00,-0.14,0.00,INF,-1,1,7,0
4520,1,1,-50.746,2.326,-4.73,0.22,-4.73,0.22,INF,-1,1,7,0
4540,1,1,-50.665,1.053,-4.72,0.10,-4.72,0.10,INF,-1,0,7,0
4560,1,1,-49.639,1.473,-4.63,0.14,-4.63,0.14,INF,-1,0,7,0
4580,1,1,-49.021,2.684,-4.57,0.25,-4.57,0.25,INF,-1,0,7,0
4600,1,1,-48.904,2.078,-4.56,0.19,-4.56,0.19,INF,-1,0,7,0
4620,1,1,-48.514,3.046,-4.53,0.28,-4.52,0.28,INF,-1,0,7,0
4640,1,1,-47.884,3.011,-4.47,0.28,-4.47,0.28,INF,-1,0,7,0
4660,1,1,-47.707,1.627,-4.45,0.15,-4.45,0.15,INF,-1,0,7,0
4680,1,1,-47.637,1.980,-4.44,0.18,-4.44,0.19,INF,-1,0,7,0
4700,1,1,-48.798,1.617,-4.55,0.15,-4.55,0.15,INF,-1,0,7,0
4720,1,1,-48.987,1.066,-4.57,0.10,-4.57,0.10,INF,-1,0,7,0
4740,1,1,-48.122,1.661,-4.49,0.15,-4.49,0.16,INF,-1,0,7,0
4760,1,1,-48.481,1.353,-4.52,0.13,-4.52,0.13,INF,-1,0,7,0
4780,1,1,-49.884,1.166,-4.65,0.11,-4.65,0.11,INF,-1,0,7,0
4800,1,1,-49.965,-0.462,-4.66,-0.04,-4.66,-0.04,INF,-1,1,7,0
4820,1,1,-48.472,1.312,-4.52,0.12,-4.52,0.12,INF,-1,1,7,0
4840,1,1,-49.649,1.163,-4.63,0.11,-4.63,0.11,INF,-1,1,7,0
4860,1,1,-49.370,1.592,-4.60,0.15,-4.60,0.15,INF,-1,1,7,0
4880,1,1,-50.449,2.736,-4.70,0.25,-4.70,0.26,INF,-1,1,7,0
4900,1,1,-51.920,3.969,-4.84,0.37,-4.84,0.37,INF,-1,1,7,0
4920,1,1,-51.013,3.491,-4.76,0.33,-4.76,0.33,INF,-1,1,7,0
4940,1,1,-52.406,3.879,-4.89,0.36,-4.89,0.36,INF,-1,1,7,0
4960,1,1,-52.852,3.484,-4.93,0.32,-4.93,0.33,INF,-1,1,7,0
4980,1,1,-52.704,2.910,-4.91,0.27,-4.91,0.27,INF,-1,1,7,0
5000,1,1,-52.330,2.598,-4.88,0.24,-4.88,0.24,INF,-1,1,7,0
5020,1,1,-52.889,2.575,-4.93,0.24,-4.93,0.24,INF,-1,1,7,0
5040,1,1,-51.282,3.840,-4.78,0.36,-4.78,0.36,INF,-1,1,7,0
5060,1,1,-52.560,3.450,-4.90,0.32,-4.90,0.32,INF,-1,1,7,0
5080,1,1,-52.456,3.537,-4.89,0.33,-4.89,0.33,INF,-1,1,7,0
5100,1,1,-51.833,3.569,-4.83,0.33,-4.83,0.33,INF,-1,1,7,0
5120,1,1,-51.806,3.498,-4.83,0.33,-4.83,0.33,INF,-1,1,7,0
5140,1,1,-53.278,3.114,-4.97,0.29,-4.97,0.29,INF,-1,1,7,0
5160,1,1,-52.872,2.901,-4.93,0.27,-4.93,0.27,INF,-1,1,7,0
5180,1,1,-52.517,3.388,-4.90,0.32,-4.90,0.32,INF,-1,1,7,0
5200,1,1,-52.584,4.467,-4.90,0.42,-4.90,0.42,INF,-1,1,7,0
5220,1,1,-52.161,2.152,-4.86,0.20,-4.86,0.20,INF,-1,1,7,0
5240,1,1,-53.043,3.421,-4.95,0.32,-4.95,0.32,INF,-1,1,7,0
5260,1,1,-52.289,2.926,-4.88,0.27,-4.88,0.27,INF,-1,1,7,0
5280,1,1,-51.492,2.744,-4.80,0.26,-4.80,0.26,INF,-1,1,7,0
5300,1,1,-52.744,2.935,-4.92,0.27,-4.92,0.27,INF,-1,1,7,0
5320,1,1,-46.293,3.397,-4.32,0.32,-4.32,0.32,INF,-1,1,7,0
5340,1,1,-44.891,3.881,-4.19,0.36,-4.19,0.36,INF,-1,1,7,0
5360,1,1,-43.925,4.052,-4.10,0.38,-4.10,0.38,INF,-1,1,7,0
5380,1,1,-44.481,4.363,-4.15,0.41,-4.15,0.41,INF,-1,1,7,0
5400,1,1,-45.313,3.824,-4.23,0.36,-4.23,0.36,INF,-1,1,7,0
5420,1,1,-44.861,3.546,-4.19,0.33,-4.19,0.33,INF,-1,1,7,0
5440,1,1,-45.364,4.654,-4.23,0.43,-4.23,0.43,INF,-1,1,7,0
5460,1,1,-45.064,3.578,-4.20,0.33,-4.20,0.33,INF,-1,1,7,0
5480,1,1,-46.456,3.552,-4.33,0.33,-4.33,0.33,INF,-1,1,7,0
5500,1,1,-46.322,3.719,-4.32,0.35,-4.32,0.35,INF,-1,1,7,0
5520,1,1,-45.561,3.829,-4.25,0.36,-4.25,0.36,INF,-1,1,7,0
5540,1,1,-45.267,3.568,-4.22,0.33,-4.22,0.33,INF,-1,1,7,0
5560,1,1,-45.893,2.617,-4.28,0.24,-4.28,0.24,INF,-1,1,7,0
5580,1,1,-45.593,3.114,-4.25,0.29,-4.25,0.29,INF,-1,1,7,0
5600,1,1,-49.871,7.183,-4.65,0.67,-4.65,0.67,INF,-1,1,7,0
5620,1,1,-51.492,9.635,-4.80,0.90,-4.80,0.90,INF,-1,1,7,0
5640,1,1,-51.710,9.630,-4.82,0.90,-4.82,0.90,INF,-1,1,7,0
5660,1,1,-51.151,11.329,-4.77,1.06,-4.77,1.06,INF,-1,1,7,0
5680,1,1,-51.668,10.515,-4.82,0.98,-4.82,0.98,INF,-1,1,7,0
5700,1,1,-52.209,10.510,-4.87,0.98,-4.87,0.98,INF,-1,1,7,0
5720,1,1,-51.468,10.519,-4.80,0.98,-4.80,0.98,INF,-1,1,7,0
5740,1,1,-51.365,9.986,-4.79,0.93,-4.79,0.93,INF,-1,1,7,0
5760,1,1,-52.159,10.575,-4.86,0.98,-4.86,0.99,INF,-1,1,7,0
5780,1,1,-52.802,10.810,-4.92,1.01,-4.92,1.01,INF,-1,1,7,0
5800,1,1,-51.556,9.716,-4.81,0.90,-4.81,0.91,INF,-1,1,7,0
5820,1,1,-52.262,8.623,-4.87,0.80,-4.87,0.81,INF,-1,1,7,0
5840,1,1,-52.253,10.272,-4.87,0.96,-4.87,0.96,INF,-1,1,7,0
5860,1,1,-52.824,10.584,-4.93,0.99,-4.92,0.99,INF,-1,1,7,0
5880,1,1,-52.072,9.940,-4.86,0.93,-4.85,0.93,INF,-1,1,7,0
5900,1,1,-55.055,15.925,-5.13,1.48,-5.13,1.49,INF,-1,1,7,0
5920,1,1,-55.789,16.068,-5.20,1.50,-5.20,1.50,INF,-1,1,7,0
5940,1,1,-56.550,16.336,-5.27,1.52,-5.27,1.53,INF,-1,0,7,0
5960,1,1,-55.883,15.917,-5.21,1.48,-5.21,1.49,INF,-1,0,7,0
5980,1,1,-55.576,16.606,-5.18,1.55,-5.18,1.55,INF,-1,0,7,0
6000,1,1,-55.700,16.461,-5.19,1.53,-5.19,1.54,INF,-1,0,7,0
6020,1,1,-55.546,17.074,-5.18,1.59,-5.18,1.60,INF,-1,0,7,0
6040,1,1,-55.052,17.170,-5.13,1.60,-5.13,1.60,INF,-1,0,7,0
6060,1,1,-55.994,16.426,-5.22,1.53,-5.22,1.53,INF,-1,0,7,0
6080,1,1,-54.403,16.462,-5.07,1.53,-5.07,1.54,INF,-1,0,7,0
6100,1,1,-55.726,17.600,-5.19,1.64,-5.19,1.64,INF,-1,0,7,0
6120,1,1,-54.855,16.331,-5.11,1.52,-5.11,1.53,INF,-1,0,7,0
6140,1,1,-55.064,16.672,-5.13,1.55,-5.13,1.56,INF,-1,0,7,0
6160,1,1,-55.308,16.717,-5.16,1.56,-5.15,1.56,INF,-1,0,7,0
6180,1,1,-55.408,16.639,-5.16,1.55,-5.16,1.55,INF,-1,1,7,0
6200,1,1,-54.540,17.220,-5.08,1.60,-5.08,1.61,INF,-1,1,7,0
6220,1,1,-56.082,17.219,-5.23,1.60,-5.23,1.61,INF,-1,1,7,0
6240,1,1,-55.056,16.720,-5.13,1.56,-5.13,1.56,INF,-1,1,7,0
6260,1,1,-55.065,17.795,-5.13,1.66,-5.13,1.66,INF,-1,1,7,0
6280,1,1,-54.783,16.834,-5.11,1.57,-5.11,1.57,INF,-1,1,7,0
6300,1,1,-55.341,17.419,-5.16,1.62,-5.16,1.63,INF,-1,1,7,0
6320,1,1,-56.408,20.592,-5.26,1.92,-5.25,1.92,INF,-1,1,7,0
6340,1,1,-56.144,22.600,-5.23,2.10,-5.23,2.11,INF,-1,1,7,0
6360,1,1,-56.690,22.590,-5.28,2.10,-5.28,2.11,INF,-1,1,7,0
6380,1,1,-56.606,22.053,-5.28,2.05,-5.27,2.06,INF,-1,1,7,0
6400,1,1,-56.852,21.644,-5.30,2.01,-5.30,2.02,INF,-1,1,7,0
6420,1,1,-56.290,22.207,-5.25,2.07,-5.24,2.07,INF,-1,1,7,0
6440,1,1,-57.153,22.251,-5.33,2.07,-5.32,2.08,INF,-1,1,7,0
6460,1,1,-57.474,22.748,-5.36,2.12,-5.35,2.13,INF,-1,1,7,0
6480,1,1,-56.042,22.775,-5.22,2.12,-5.22,2.13,INF,-1,1,7,0
6500,1,1,-56.841,22.347,-5.30,2.08,-5.29,2.09,INF,-1,1,7,0
6520,1,1,-56.776,22.113,-5.29,2.06,-5.29,2.07,INF,-1,1,7,0
6540,1,1,-57.292,22.337,-5.34,2.08,-5.34,2.09,INF,-1,1,7,0
6560,1,1,-56.338,22.698,-5.25,2.11,-5.25,2.12,INF,-1,1,7,0
6580,1,1,-55.846,26.338,-5.21,2.45,-5.20,2.46,INF,-1,1,7,0
6600,1,1,-54.893,28.145,-5.12,2.62,-5.11,2.63,INF,-1,1,7,0
6620,1,1,-55.336,28.777,-5.16,2.68,-5.15,2.69,INF,-1,1,7,0
6640,1,1,-55.699,29.164,-5.19,2.71,-5.19,2.72,INF,-1,0,7,0
6660,1,1,-55.777,28.939,-5.20,2.69,-5.19,2.70,INF,-1,0,7,0
6680,1,1,-55.274,28.153,-5.15,2.62,-5.15,2.63,INF,-1,0,7,0
6700,1,1,-56.608,27.742,-5.28,2.58,-5.27,2.59,INF,-1,0,7,0
6720,1,1,-56.011,29.065,-5.22,2.70,-5.21,2.71,INF,-1,0,7,0
6740,1,1,-55.505,28.165,-5.17,2.62,-5.17,2.63,INF,-1,0,7,0
6760,1,1,-56.180,28.658,-5.24,2.67,-5.23,2.68,INF,-1,0,7,0
6780,1,1,-56.136,27.851,-5.23,2.59,-5.23,2.60,INF,-1,0,7,0
6800,1,1,-55.940,28.500,-5.21,2.65,-5.21,2.66,INF,-1,0,7,0
6820,1,1,-56.565,28.345,-5.27,2.64,-5.27,2.65,INF,-1,0,7,0
6840,1,1,-55.827,28.163,-5.20,2.62,-5.20,2.63,INF,-1,0,7,0
6860,1,1,-55.145,28.209,-5.14,2.62,-5.14,2.63,INF,-1,0,7,0
6880,1,1,-56.243,27.842,-5.24,2.59,-5.24,2.60,INF,-1,1,7,0
6900,1,1,-55.522,28.594,-5.18,2.66,-5.17,2.67,INF,-1,1,7,0
6920,1,1,-56.055,27.278,-5.22,2.54,-5.22,2.55,INF,-1,1,7,0
6940,1,1,-56.622,27.851,-5.28,2.59,-5.27,2.60,INF,-1,1,7,0
6960,1,1,-55.876,28.834,-5.21,2.68,-5.20,2.69,INF,-1,1,7,0
6980,1,1,-56.003,28.696,-5.22,2.67,-5.21,2.68,INF,-1,1,7,0
7000,1,1,-55.688,28.569,-5.19,2.66,-5.19,2.67,INF,-1,1,7,0
7020,1,1,-55.515,28.041,-5.17,2.61,-5.17,2.62,INF,-1,1,7,0
7040,1,1,-55.730,27.344,-5.19,2.54,-5.19,2.55,INF,-1,1,7,0
7060,1,1,-54.964,27.264,-5.12,2.54,-5.12,2.55,INF,-1,1,7,0
7080,1,1,-54.233,28.124,-5.06,2.62,-5.05,2.63,INF,-1,1,7,0
7100,1,1,-54.801,28.098,-5.11,2.61,-5.10,2.62,INF,-1,1,7,0
7120,1,1,-53.699,26.975,-5.01,2.51,-5.00,2.52,INF,-1,1,7,0
7140,1,1,-53.762,27.773,-5.01,2.58,-5.01,2.59,INF,-1,1,7,0
7160,1,1,-53.878,26.862,-5.02,2.50,-5.02,2.51,INF,-1,1,7,0
7180,1,1,-53.969,25.562,-5.03,2.38,-5.03,2.39,INF,-1,1,7,0
7200,1,1,-54.110,26.635,-5.04,2.48,-5.04,2.49,INF,-1,1,7,0
7220,1,1,-54.333,25.618,-5.07,2.38,-5.06,2.39,INF,-1,1,7,0
7240,1,1,-54.682,25.660,-5.10,2.39,-5.09,2.40,INF,-1,1,7,0
7260,1,1,-54.663,26.197,-5.10,2.44,-5.09,2.45,INF,-1,1,7,0
7280,1,1,-53.028,26.202,-4.94,2.44,-4.94,2.45,INF,-1,1,7,0
7300,1,1,-54.200,26.435,-5.05,2.46,-5.05,2.47,INF,-1,1,7,0
7320,1,1,-53.412,27.031,-4.98,2.52,-4.97,2.52,INF,-1,1,7,0
7340,1,1,-54.021,26.290,-5.04,2.45,-5.03,2.46,INF,-1,1,7,0
7360,1,1,-54.068,25.833,-5.04,2.40,-5.04,2.41,INF,-1,1,7,0
7380,1,1,-54.129,24.967,-5.05,2.32,-5.04,2.33,INF,-1,1,7,0
7400,1,1,-53.833,26.341,-5.02,2.45,-5.01,2.46,INF,-1,1,7,0
7420,1,1,-53.429,26.171,-4.98,2.44,-4.98,2.44,INF,-1,1,7,0
7440,1,1,-53.125,25.400,-4.95,2.36,-4.95,2.37,INF,-1,1,7,0
7460,1,1,-53.275,25.290,-4.97,2.35,-4.96,2.36,INF,-1,1,7,0
7480,1,1,-52.769,25.487,-4.92,2.37,-4.92,2.38,INF,-1,1,7,0
7500,1,1,-52.211,25.801,-4.87,2.40,-4.86,2.41,INF,-1,1,7,0
7520,1,1,-52.850,25.371,-4.93,2.36,-4.92,2.37,INF,-1,1,7,0
7540,1,1,-53.451,25.124,-4.98,2.34,-4.98,2.35,INF,-1,1,7,0
7560,1,1,-52.853,25.352,-4.93,2.36,-4.92,2.37,INF,-1,1,7,0
7580,1,1,-51.106,19.685,-4.77,1.83,-4.76,1.84,INF,-1,1,7,0
7600,1,1,-51.296,15.558,-4.78,1.45,-4.78,1.45,INF,-1,1,7,0
7620,1,1,-50.633,15.631,-4.72,1.46,-4.72,1.46,INF,-1,1,7,0
7640,1,1,-51.891,15.650,-4.84,1.46,-4.84,1.46,INF,-1,0,7,0
7660,1,1,-51.010,15.760,-4.76,1.47,-4.76,1.47,INF,-1,0,7,0
7680,1,1,-51.058,16.155,-4.76,1.50,-4.76,1.51,INF,-1,0,7,0
7700,1,1,-50.309,16.106,-4.69,1.50,-4.69,1.51,INF,-1,0,7,0
7720,1,1,-51.792,16.283,-4.83,1.52,-4.83,1.52,INF,-1,0,7,0
7740,1,1,-51.160,16.966,-4.77,1.58,-4.77,1.59,INF,-1,0,7,0
7760,1,1,-50.920,16.428,-4.75,1.53,-4.75,1.54,INF,-1,0,7,0
7780,1,1,-50.871,16.343,-4.74,1.52,-4.74,1.53,INF,-1,0,7,0
7800,1,1,-51.049,15.779,-4.76,1.47,-4.76,1.47,INF,-1,0,7,0
7820,1,1,-51.081,15.149,-4.76,1.41,-4.76,1.42,INF,-1,0,7,0
7840,1,1,-50.492,8.903,-4.71,0.83,-4.71,0.83,INF,-1,0,7,0
7860,1,1,-50.967,8.001,-4.75,0.75,-4.75,0.75,INF,-1,0,7,0
7880,1,1,-50.976,7.995,-4.75,0.74,-4.75,0.75,INF,-1,1,7,0
7900,1,1,-50.758,8.742,-4.73,0.81,-4.73,0.82,INF,-1,1,7,0
7920,1,1,-51.385,8.924,-4.79,0.83,-4.79,0.83,INF,-1,1,7,0
7940,1,1,-52.078,8.174,-4.86,0.76,-4.86,0.76,INF,-1,1,7,0
7960,1,1,-50.309,7.767,-4.69,0.72,-4.69,0.73,INF,-1,1,7,0
7980,1,1,-50.885,7.794,-4.75,0.73,-4.74,0.73,INF,-1,1,7,0
8000,1,1,-51.070,7.701,-4.76,0.72,-4.76,0.72,INF,-1,1,7,0
8020,1,1,-51.028,8.057,-4.76,0.75,-4.76,0.75,INF,-1,1,7,0
8040,1,1,-51.634,8.586,-4.81,0.80,-4.81,0.80,INF,-1,1,7,0
8060,1,1,-46.242,-11.795,-4.31,-1.10,-4.31,-1.10,INF,-1,1,7,0
8080,1,1,-45.148,-15.185,-4.21,-1.42,-4.21,-1.42,INF,-1,1,7,0
8100,1,1,-45.026,-16.478,-4.20,-1.54,-4.20,-1.54,INF,-1,0,7,0
8120,1,1,-45.171,-16.015,-4.21,-1.49,-4.21,-1.50,INF,-1,0,7,0
8140,1,1,-45.313,-15.649,-4.23,-1.46,-4.23,-1.46,INF,-1,0,7,0
8160,1,1,-45.926,-16.028,-4.28,-1.49,-4.28,-1.50,INF,-1,0,7,0
8180,1,1,-45.522,-16.110,-4.25,-1.50,-4.25,-1.51,INF,-1,0,7,0
8200,1,1,-45.480,-16.440,-4.24,-1.53,-4.24,-1.54,INF,-1,0,7,0
8220,1,1,-45.906,-16.573,-4.28,-1.54,-4.28,-1.55,INF,-1,0,7,0
8240,1,1,-45.542,-16.411,-4.25,-1.53,-4.25,-1.53,INF,-1,0,7,0
8260,1,1,-45.029,-16.663,-4.20,-1.55,-4.20,-1.56,INF,-1,0,7,0
8280,1,1,-45.174,-16.619,-4.21,-1.55,-4.21,-1.55,INF,-1,0,7,0
8300,1,1,-46.385,-17.205,-4.33,-1.60,-4.33,-1.61,INF,-1,0,7,0
8320,1,1,-45.700,-17.182,-4.26,-1.60,-4.26,-1.61,INF,-1,0,7,0
8340,1,1,-45.679,-17.236,-4.26,-1.61,-4.26,-1.61,INF,-1,1,7,0
8360,1,1,-46.186,-17.218,-4.31,-1.60,-4.31,-1.61,INF,-1,1,7,0
8380,1,1,-45.778,-17.082,-4.27,-1.59,-4.27,-1.60,INF,-1,1,7,0
8400,1,1,-45.536,-17.515,-4.25,-1.63,-4.25,-1.64,INF,-1,1,7,0
8420,1,1,-45.447,-17.079,-4.24,-1.59,-4.24,-1.60,INF,-1,1,7,0
8440,1,1,-46.944,-19.246,-4.38,-1.79,-4.38,-1.80,INF,-1,1,7,0
8460,1,1,-46.556,-19.611,-4.34,-1.83,-4.34,-1.83,INF,-1,1,7,0
8480,1,1,-46.011,-19.313,-4.29,-1.80,-4.29,-1.80,INF,-1,1,7,0
8500,1,1,-45.821,-19.354,-4.27,-1.80,-4.27,-1.81,INF,-1,1,7,0
8520,1,1,-45.976,-19.563,-4.29,-1.82,-4.29,-1.83,INF,-1,1,7,0
8540,1,1,-46.489,-18.734,-4.34,-1.75,-4.33,-1.75,INF,-1,1,7,0
8560,1,1,-46.710,-19.210,-4.36,-1.79,-4.36,-1.79,INF,-1,1,7,0
8580,1,1,-45.466,-19.651,-4.24,-1.83,-4.24,-1.84,INF,-1,1,7,0
8600,1,1,-46.166,-11.101,-4.31,-1.03,-4.31,-1.04,INF,-1,1,7,0
8620,1,1,-46.180,-10.270,-4.31,-0.96,-4.31,-0.96,INF,-1,1,7,0
8640,1,1,-47.228,-9.753,-4.41,-0.91,-4.41,-0.91,INF,-1,1,7,0
8660,1,1,-47.882,-9.593,-4.47,-0.89,-4.47,-0.90,INF,-1,1,7,0
8680,1,1,-47.313,-9.253,-4.41,-0.86,-4.41,-0.86,INF,-1,1,7,0
8700,1,1,-46.974,-9.649,-4.38,-0.90,-4.38,-0.90,INF,-1,1,7,0
8720,1,1,-46.709,-9.170,-4.36,-0.85,-4.36,-0.86,INF,-1,1,7,0
8740,1,1,-47.024,-9.277,-4.39,-0.86,-4.39,-0.87,INF,-1,1,7,0
8760,1,1,-48.049,-9.008,-4.48,-0.84,-4.48,-0.84,INF,-1,1,7,0
8780,1,1,-47.109,-8.926,-4.39,-0.83,-4.39,-0.83,INF,-1,1,7,0
8800,1,1,-47.158,-9.863,-4.40,-0.92,-4.40,-0.92,INF,-1,1,7,0
8820,1,1,-46.556,-9.424,-4.34,-0.88,-4.34,-0.88,INF,-1,1,7,0
8840,1,1,-46.604,-8.894,-4.35,-0.83,-4.35,-0.83,INF,-1,1,7,0
8860,1,1,-46.910,-9.094,-4.38,-0.85,-4.38,-0.85,INF,-1,1,7,0
8880,1,1,-46.837,-9.520,-4.37,-0.89,-4.37,-0.89,INF,-1,1,7,0
8900,1,1,-47.357,-8.917,-4.42,-0.83,-4.42,-0.83,INF,-1,1,7,0
8920,1,1,-47.868,-8.677,-4.47,-0.81,-4.46,-0.81,INF,-1,1,7,0
8940,1,1,-47.698,-9.605,-4.45,-0.90,-4.45,-0.90,INF,-1,1,7,0
8960,1,1,-48.304,-23.062,-4.51,-2.15,-4.50,-2.15,INF,-1,1,7,0
8980,1,1,-47.659,-26.050,-4.45,-2.43,-4.44,-2.43,INF,-1,1,7,0
9000,1,1,-46.954,-26.589,-4.38,-2.48,-4.38,-2.48,INF,-1,1,7,0
9020,1,1,-48.821,-26.846,-4.55,-2.50,-4.55,-2.51,INF,-1,0,7,0
9040,1,1,-47.297,-26.815,-4.41,-2.50,-4.41,-2.50,INF,-1,0,7,0
9060,1,1,-47.492,-26.312,-4.43,-2.45,-4.43,-2.46,INF,-1,0,7,0
9080,1,1,-48.276,-27.193,-4.50,-2.53,-4.50,-2.54,INF,-1,0,7,0
9100,1,1,-48.492,-25.585,-4.52,-2.38,-4.52,-2.39,INF,-1,0,7,0
9120,1,1,-48.260,-27.069,-4.50,-2.52,-4.50,-2.53,INF,-1,0,7,0
9140,1,1,-48.305,-26.295,-4.51,-2.45,-4.50,-2.46,INF,-1,0,7,0
9160,1,1,-47.661,-26.678,-4.45,-2.48,-4.44,-2.49,INF,-1,0,7,0
9180,1,1,-48.178,-26.438,-4.49,-2.46,-4.49,-2.47,INF,-1,0,7,0
9200,1,1,-47.868,-26.067,-4.47,-2.43,-4.46,-2.43,INF,-1,0,7,0
9220,1,1,-48.021,-26.434,-4.48,-2.46,-4.48,-2.47,INF,-1,0,7,0
9240,1,1,-48.283,-26.851,-4.50,-2.50,-4.50,-2.51,INF,-1,0,7,0
9260,1,1,-46.951,-30.429,-4.38,-2.83,-4.37,-2.84,INF,-1,1,7,0
9280,1,1,-44.864,-36.257,-4.19,-3.38,-4.18,-3.38,INF,-1,1,7,0
9300,1,1,-44.292,-36.863,-4.13,-3.43,-4.13,-3.44,INF,-1,1,7,0
9320,1,1,-43.972,-36.476,-4.10,-3.40,-4.10,-3.41,INF,-1,1,7,0
9340,1,1,-44.608,-37.307,-4.16,-3.47,-4.15,-3.48,INF,-1,0,7,0
9360,1,1,-44.457,-37.960,-4.15,-3.53,-4.14,-3.54,INF,-1,0,7,0
9380,1,1,-44.240,-37.727,-4.13,-3.51,-4.12,-3.52,INF,-1,0,7,0
9400,1,1,-43.329,-36.906,-4.04,-3.44,-4.04,-3.45,INF,-1,0,7,0
9420,1,1,-43.779,-36.847,-4.09,-3.43,-4.08,-3.44,INF,-1,0,7,0
9440,1,1,-44.071,-37.304,-4.11,-3.47,-4.10,-3.48,INF,-1,0,7,0
9460,1,1,-43.289,-37.401,-4.04,-3.48,-4.03,-3.49,INF,-1,0,7,0
9480,1,1,-43.713,-38.115,-4.08,-3.55,-4.07,-3.56,INF,-1,0,7,0
9500,1,1,-44.109,-38.787,-4.12,-3.61,-4.11,-3.62,INF,-1,0,7,0
9520,1,1,-44.662,-37.997,-4.17,-3.54,-4.16,-3.55,INF,-1,0,7,0
9540,1,1,-44.324,-38.090,-4.14,-3.55,-4.13,-3.56,INF,-1,0,7,0
9560,1,1,-44.355,-37.907,-4.14,-3.53,-4.13,-3.54,INF,-1,0,7,0
9580,1,1,-61.251,-30.090,-5.71,-2.80,-5.70,-2.81,INF,-1,1,7,0
9600,1,1,-72.045,-10.276,-6.70,-0.95,-6.70,-0.96,INF,-1,1,7,0
9620,1,1,-74.088,-8.709,-6.89,-0.81,-6.89,-0.81,INF,-1,0,7,0
9640,1,1,-73.476,-9.001,-6.84,-0.84,-6.83,-0.84,INF,-1,0,7,0
9660,1,1,-74.387,-9.476,-6.92,-0.88,-6.92,-0.89,INF,-1,0,7,0
9680,1,1,-73.990,-9.217,-6.88,-0.86,-6.88,-0.86,INF,-1,0,7,0
9700,1,1,-74.186,-9.716,-6.90,-0.90,-6.90,-0.91,INF,-1,0,7,0
9720,1,1,-73.773,-9.413,-6.86,-0.87,-6.86,-0.88,INF,-1,0,7,0
9740,1,1,-72.835,-9.320,-6.78,-0.86,-6.78,-0.87,INF,-1,0,7,0
9760,1,1,-73.476,-9.130,-6.84,-0.85,-6.83,-0.85,INF,-1,0,7,0
9780,1,1,-73.443,-9.980,-6.83,-0.93,-6.83,-0.93,INF,-1,0,7,0
9800,1,1,-73.072,-10.127,-6.80,-0.94,-6.80,-0.95,INF,-1,0,7,0
9820,1,1,-73.854,-10.013,-6.87,-0.93,-6.87,-0.94,INF,-1,0,7,0
9840,1,1,-73.100,-9.673,-6.80,-0.90,-6.80,-0.90,INF,-1,0,7,0
9860,1,1,-72.045,-9.929,-6.70,-0.92,-6.70,-0.93,INF,-1,0,7,0
9880,1,1,-73.376,-10.009,-6.83,-0.93,-6.82,-0.94,INF,-1,1,7,0
9900,1,1,-73.317,-9.123,-6.82,-0.85,-6.82,-0.85,INF,-1,1,7,0
9920,1,1,-75.281,-3.508,-7.00,-0.33,-7.00,-0.33,INF,-1,1,7,0
9940,1,1,-75.029,-2.609,-6.98,-0.24,-6.98,-0.24,INF,-1,1,7,0
9960,1,1,-75.001,-3.449,-6.98,-0.32,-6.98,-0.32,INF,-1,1,7,0
9980,1,1,-74.882,-3.680,-6.96,-0.34,-6.96,-0.34,INF,-1,1,7,0
10000,1,1,-75.641,-3.542,-7.03,-0.33,-7.03,-0.33,INF,-1,1,7,0
10020,1,1,-75.114,-3.865,-6.99,-0.36,-6.99,-0.36,INF,-1,1,7,0
10040,1,1,-75.257,-3.996,-7.00,-0.37,-7.00,-0.37,INF,-1,1,7,0
10060,1,1,-75.265,-4.645,-7.00,-0.43,-7.00,-0.43,INF,-1,1,7,0
10080,1,1,-75.820,-3.802,-7.05,-0.35,-7.05,-0.36,INF,-1,1,7,0
10100,1,1,-75.278,-4.444,-7.00,-0.41,-7.00,-0.42,INF,-1,1,7,0
10120,1,1,-75.190,-3.677,-6.99,-0.34,-6.99,-0.34,INF,-1,1,7,0
10140,1,1,-75.630,-3.798,-7.03,-0.35,-7.03,-0.36,INF,-1,1,7,0
10160,1,1,-75.115,-4.258,-6.99,-0.40,-6.99,-0.40,INF,-1,1,7,0
10180,1,1,-75.661,-3.864,-7.04,-0.36,-7.04,-0.36,INF,-1,1,7,0
10200,1,1,-74.939,-3.283,-6.97,-0.30,-6.97,-0.31,INF,-1,1,7,0
10220,1,1,-75.202,-3.989,-6.99,-0.37,-6.99,-0.37,INF,-1,1,7,0
10240,1,1,-74.899,-4.554,-6.97,-0.42,-6.97,-0.43,INF,-1,1,7,0
10260,1,1,-74.690,-4.388,-6.95,-0.41,-6.95,-0.41,INF,-1,1,7,0
10280,1,1,-74.445,-4.220,-6.92,-0.39,-6.92,-0.39,INF,-1,1,7,0
10300,1,1,-75.881,-4.198,-7.06,-0.39,-7.06,-0.39,INF,-1,1,7,0
10320,1,1,-74.693,-2.374,-6.95,-0.22,-6.95,-0.22,INF,-1,1,7,0
10340,1,1,-73.673,-1.911,-6.85,-0.18,-6.85,-0.18,INF,-1,1,7,0
10360,1,1,-73.760,-1.769,-6.86,-0.16,-6.86,-0.17,INF,-1,1,7,0
10380,1,1,-74.793,-2.388,-6.96,-0.22,-6.96,-0.22,INF,-1,1,7,0
10400,1,1,-73.930,-2.829,-6.88,-0.26,-6.88,-0.26,INF,-1,1,7,0
10420,1,1,-73.323,-2.763,-6.82,-0.26,-6.82,-0.26,INF,-1,1,7,0
10440,1,1,-73.806,-2.997,-6.87,-0.28,-6.87,-0.28,INF,-1,1,7,0
10460,1,1,-73.975,-2.804,-6.88,-0.26,-6.88,-0.26,INF,-1,1,7,0
10480,1,1,-73.785,-2.444,-6.86,-0.23,-6.86,-0.23,INF,-1,1,7,0
10500,1,1,-74.156,-2.431,-6.90,-0.23,-6.90,-0.23,INF,-1,1,7,0
10520,1,1,-73.819,-2.527,-6.87,-0.23,-6.87,-0.24,INF,-1,1,7,0
10540,1,1,-73.700,-3.189,-6.86,-0.30,-6.86,-0.30,INF,-1,1,7,0
10560,1,1,-73.577,-2.022,-6.84,-0.19,-6.84,-0.19,INF,-1,1,7,0
10580,1,1,-74.327,-2.807,-6.91,-0.26,-6.91,-0.26,INF,-1,1,7,0
10600,1,1,-73.244,-1.728,-6.81,-0.16,-6.81,-0.16,INF,-1,1,7,0
10620,1,1,-69.273,-18.514,-6.45,-1.72,-6.44,-1.73,INF,-1,1,7,0
10640,1,1,-68.905,-21.641,-6.41,-2.01,-6.41,-2.02,INF,-1,1,7,0
10660,1,1,-69.809,-21.211,-6.50,-1.97,-6.49,-1.98,INF,-1,1,7,0
10680,1,1,-69.594,-20.785,-6.48,-1.93,-6.47,-1.94,INF,-1,0,7,0
10700,1,1,-69.863,-20.723,-6.50,-1.92,-6.50,-1.94,INF,-1,0,7,0
10720,1,1,-69.938,-20.562,-6.51,-1.91,-6.51,-1.92,INF,-1,0,7,0
10740,1,1,-69.289,-21.019,-6.45,-1.95,-6.45,-1.96,INF,-1,0,7,0
10760,1,1,-69.914,-19.846,-6.51,-1.84,-6.50,-1.85,INF,-1,0,7,0
10780,1,1,-69.616,-20.690,-6.48,-1.92,-6.48,-1.93,INF,-1,0,7,0
10800,1,1,-69.775,-20.684,-6.49,-1.92,-6.49,-1.93,INF,-1,0,7,0
10820,1,1,-69.962,-19.723,-6.51,-1.83,-6.51,-1.84,INF,-1,0,7,0
10840,1,1,-70.487,-20.274,-6.56,-1.88,-6.56,-1.89,INF,-1,0,7,0
10860,1,1,-69.698,-19.572,-6.49,-1.82,-6.48,-1.83,INF,-1,0,7,0
10880,1,1,-69.878,-20.154,-6.50,-1.87,-6.50,-1.88,INF,-1,0,7,0
10900,1,1,-69.889,-19.740,-6.50,-1.83,-6.50,-1.84,INF,-1,0,7,0
10920,1,1,-69.352,-20.259,-6.45,-1.88,-6.45,-1.89,INF,-1,1,7,0
10940,1,1,-68.783,-20.404,-6.40,-1.89,-6.40,-1.91,INF,-1,1,7,0
10960,1,1,-68.709,-20.597,-6.40,-1.91,-6.39,-1.92,INF,-1,1,7,0
10980,1,1,-72.270,-24.750,-6.72,-2.30,-6.72,-2.31,INF,-1,1,7,0
11000,1,1,-71.779,-26.987,-6.68,-2.50,-6.67,-2.52,INF,-1,1,7,0
11020,1,1,-72.281,-27.129,-6.72,-2.52,-6.72,-2.53,INF,-1,1,7,0
11040,1,1,-72.076,-26.980,-6.71,-2.50,-6.70,-2.52,INF,-1,1,7,0
11060,1,1,-71.429,-27.366,-6.65,-2.54,-6.64,-2.56,INF,-1,1,7,0
11080,1,1,-71.893,-26.565,-6.69,-2.46,-6.68,-2.48,INF,-1,1,7,0
11100,1,1,-71.428,-26.330,-6.65,-2.44,-6.64,-2.46,INF,-1,1,7,0
11120,1,1,-71.521,-26.686,-6.65,-2.48,-6.65,-2.49,INF,-1,1,7,0
11140,1,1,-71.406,-27.042,-6.64,-2.51,-6.64,-2.53,INF,-1,1,7,0
11160,1,1,-71.380,-26.597,-6.64,-2.47,-6.64,-2.48,INF,-1,1,7,0
11180,1,1,-70.566,-26.363,-6.57,-2.45,-6.56,-2.46,INF,-1,1,7,0
11200,1,1,-70.355,-25.997,-6.55,-2.41,-6.54,-2.43,INF,-1,1,7,0
11220,1,1,-70.165,-26.052,-6.53,-2.42,-6.52,-2.43,INF,-1,1,7,0
11240,1,1,-68.308,-31.958,-6.36,-2.97,-6.35,-2.98,INF,-1,1,7,0
11260,1,1,-73.237,25.090,-6.81,2.33,-6.81,2.34,INF,-1,1,7,0
11280,1,1,-73.386,22.397,-6.83,2.08,-6.82,2.09,INF,-1,0,7,0
11300,1,1,-73.879,22.472,-6.87,2.08,-6.87,2.10,INF,-1,0,7,0
11320,1,1,-74.379,21.589,-6.92,2.00,-6.91,2.02,INF,-1,0,7,0
11340,1,1,-74.361,22.410,-6.92,2.08,-6.91,2.09,INF,-1,0,7,0
11360,1,1,-75.143,21.970,-6.99,2.04,-6.98,2.05,INF,-1,0,7,0
11380,1,1,-74.970,22.375,-6.97,2.07,-6.97,2.09,INF,-1,0,7,0
11400,1,1,-74.331,22.463,-6.91,2.08,-6.91,2.10,INF,-1,0,7,0
11420,1,1,-73.736,22.295,-6.86,2.07,-6.85,2.08,INF,-1,0,7,0
11440,1,1,-74.704,22.613,-6.95,2.10,-6.94,2.11,INF,-1,0,7,0
11460,1,1,-75.056,21.654,-6.98,2.01,-6.98,2.02,INF,-1,0,7,0
11480,1,1,-74.531,23.353,-6.93,2.17,-6.93,2.18,INF,-1,0,7,0
11500,1,1,-74.628,22.533,-6.94,2.09,-6.94,2.11,INF,-1,0,7,0
11520,1,1,-74.429,23.095,-6.92,2.14,-6.92,2.16,INF,-1,0,7,0
11540,1,1,-73.711,33.740,-6.86,3.13,-6.85,3.15,INF,-1,1,7,0
11560,1,1,-74.123,34.450,-6.89,3.19,-6.88,3.22,INF,-1,1,7,0
11580,1,1,-74.568,34.655,-6.94,3.21,-6.92,3.24,INF,-1,0,7,0
11600,1,1,-74.592,34.910,-6.94,3.24,-6.93,3.26,INF,-1,0,7,0
11620,1,1,-74.768,34.903,-6.95,3.23,-6.94,3.26,INF,-1,0,7,0
11640,1,1,-74.817,34.818,-6.96,3.23,-6.95,3.25,INF,-1,0,7,0
11660,1,1,-74.585,34.289,-6.94,3.18,-6.93,3.20,INF,-1,0,7,0
11680,1,1,-84.014,32.501,-7.80,3.01,-7.79,3.03,INF,-1,0,7,0
11700,1,1,-24.410,40.511,-2.28,3.78,-2.28,3.78,INF,-1,0,7,0
11720,1,1,-26.201,41.317,-2.45,3.85,-2.44,3.86,INF,-1,0,7,0
11740,1,1,-26.492,40.659,-2.47,3.79,-2.47,3.79,INF,-1,0,7,0
11760,1,1,-27.123,41.838,-2.53,3.90,-2.53,3.90,INF,-1,0,7,0
11780,1,1,-27.424,41.992,-2.56,3.91,-2.56,3.92,INF,-1,0,7,0
11800,1,1,-27.037,41.452,-2.53,3.86,-2.52,3.87,INF,-1,0,7,0
11820,1,1,-27.079,39.930,-2.53,3.72,-2.52,3.73,INF,-1,0,7,0
11840,1,1,-28.239,40.783,-2.64,3.80,-2.63,3.81,INF,-1,0,7,0
11860,1,1,-27.600,40.974,-2.58,3.82,-2.57,3.82,INF,-1,0,7,0
11880,1,1,-27.300,41.975,-2.55,3.91,-2.54,3.92,INF,-1,0,7,0
11900,1,1,-27.824,40.978,-2.60,3.82,-2.59,3.82,INF,-1,0,7,0
11920,1,1,-27.416,40.267,-2.56,3.75,-2.56,3.76,INF,-1,0,7,0
11940,1,1,-27.371,40.692,-2.56,3.79,-2.55,3.80,INF,-1,0,7,0
11960,1,1,-24.926,40.727,-2.33,3.80,-2.32,3.80,INF,-1,0,7,0
11980,1,1,-61.327,44.812,-5.71,4.16,-5.70,4.18,INF,-1,1,7,0
12000,1,1,-60.777,44.482,-5.66,4.13,-5.65,4.15,INF,-1,1,7,0
12020,1,1,-60.716,45.310,-5.66,4.21,-5.64,4.23,INF,-1,0,7,0
12040,1,1,-61.250,44.567,-5.71,4.14,-5.69,4.16,INF,-1,0,7,0
12060,1,1,-60.747,43.772,-5.66,4.06,-5.65,4.08,INF,-1,0,7,0
12080,1,1,-59.114,44.737,-5.51,4.15,-5.49,4.17,INF,-1,0,7,0
12100,1,1,-59.666,44.913,-5.56,4.17,-5.54,4.19,INF,-1,0,7,0
12120,1,1,-61.066,44.747,-5.69,4.15,-5.67,4.18,INF,-1,0,7,0
12140,1,1,-60.421,44.251,-5.63,4.11,-5.61,4.13,INF,-1,0,7,0
12160,1,1,-59.892,44.795,-5.58,4.16,-5.57,4.18,INF,-1,0,7,0
12180,1,1,-60.384,45.388,-5.63,4.21,-5.61,4.23,INF,-1,0,7,0
12200,1,1,-60.516,44.600,-5.64,4.14,-5.62,4.16,INF,-1,0,7,0
12220,1,1,-60.042,43.927,-5.59,4.08,-5.58,4.10,INF,-1,0,7,0
12240,1,1,-60.192,44.119,-5.61,4.10,-5.59,4.12,INF,-1,0,7,0
12260,1,1,-59.900,44.433,-5.58,4.13,-5.57,4.15,INF,-1,1,7,0
12280,1,1,-59.839,44.678,-5.58,4.15,-5.56,4.17,INF,-1,1,7,0
12300,1,1,-60.373,45.104,-5.62,4.19,-5.61,4.21,INF,-1,1,7,0
12320,1,1,-60.791,45.425,-5.66,4.22,-5.65,4.24,INF,-1,1,7,0
12340,1,1,-60.135,45.438,-5.60,4.22,-5.59,4.24,INF,-1,1,7,0
12360,1,1,-59.485,45.149,-5.54,4.19,-5.53,4.21,INF,-1,1,7,0
12380,1,1,-59.902,44.854,-5.58,4.17,-5.57,4.18,INF,-1,1,7,0
12400,1,1,-59.036,44.936,-5.50,4.17,-5.49,4.19,INF,-1,1,7,0
12420,1,1,-59.286,45.071,-5.52,4.19,-5.51,4.21,INF,-1,1,7,0
12440,1,1,-60.269,44.424,-5.62,4.13,-5.60,4.15,INF,-1,1,7,0
12460,1,1,-59.040,44.757,-5.50,4.16,-5.49,4.18,INF,-1,1,7,0
12480,1,1,-59.009,44.533,-5.50,4.14,-5.48,4.16,INF,-1,1,7,0
12500,1,1,-58.889,44.725,-5.49,4.15,-5.47,4.17,INF,-1,1,7,0
12520,1,1,-59.129,44.724,-5.51,4.15,-5.50,4.17,INF,-1,1,7,0
12540,1,1,-59.622,44.685,-5.56,4.15,-5.54,4.17,INF,-1,1,7,0
12560,1,1,-58.884,44.410,-5.49,4.12,-5.47,4.14,INF,-1,1,7,0
12580,1,1,-58.389,43.746,-5.44,4.06,-5.43,4.08,INF,-1,1,7,0
12600,1,1,-58.476,43.971,-5.45,4.08,-5.44,4.10,INF,-1,1,7,0
12620,1,1,-60.169,43.078,-5.61,4.00,-5.59,4.02,INF,-1,1,7,0
12640,1,1,-21.347,45.387,-1.99,4.23,-1.99,4.23,INF,-1,1,7,0
12660,1,1,-18.812,45.430,-1.76,4.24,-1.75,4.24,INF,-1,1,7,0
12680,1,1,-18.129,45.105,-1.69,4.21,-1.69,4.21,INF,-1,0,7,0
12700,1,1,-18.600,45.742,-1.74,4.27,-1.73,4.27,INF,-1,0,7,0
12720,1,1,-19.725,45.317,-1.84,4.23,-1.84,4.23,INF,-1,0,7,0
12740,1,1,-18.537,44.592,-1.73,4.16,-1.73,4.16,INF,-1,0,7,0
12760,1,1,-19.419,44.431,-1.81,4.14,-1.81,4.15,INF,-1,0,7,0
12780,1,1,-18.913,44.345,-1.77,4.14,-1.76,4.14,INF,-1,0,7,0
12800,1,1,-18.812,45.022,-1.76,4.20,-1.75,4.20,INF,-1,0,7,0
12820,1,1,-19.392,45.004,-1.81,4.20,-1.81,4.20,INF,-1,0,7,0
12840,1,1,-18.908,43.882,-1.77,4.09,-1.76,4.09,INF,-1,0,7,0
12860,1,1,-18.807,43.606,-1.76,4.07,-1.75,4.07,INF,-1,0,7,0
12880,1,1,-19.256,44.923,-1.80,4.19,-1.79,4.19,INF,-1,0,7,0
12900,1,1,-19.765,44.079,-1.85,4.11,-1.84,4.11,INF,-1,0,7,0
12920,1,1,-19.544,43.687,-1.83,4.07,-1.82,4.08,INF,-1,1,7,0
12940,1,1,-19.911,44.209,-1.86,4.12,-1.86,4.12,INF,-1,1,7,0
12960,1,1,-18.688,43.997,-1.75,4.10,-1.74,4.11,INF,-1,1,7,0
12980,1,1,-18.544,43.947,-1.73,4.10,-1.73,4.10,INF,-1,1,7,0
13000,1,1,-19.030,44.021,-1.78,4.11,-1.77,4.11,INF,-1,1,7,0
13020,1,1,-19.884,44.050,-1.86,4.11,-1.85,4.11,INF,-1,1,7,0
13040,1,1,-19.682,42.807,-1.84,3.99,-1.83,3.99,INF,-1,1,7,0
13060,1,1,8.176,42.275,0.76,3.94,0.76,3.95,INF,-1,1,7,0
13080,1,1,13.964,41.063,1.30,3.83,1.30,3.83,INF,-1,1,7,0
13100,1,1,15.147,41.968,1.42,3.92,1.41,3.92,INF,-1,0,7,0
13120,1,1,14.255,41.978,1.33,3.92,1.33,3.92,INF,-1,0,7,0
13140,1,1,13.272,42.806,1.24,3.99,1.24,3.99,INF,-1,0,7,0
13160,1,1,12.921,42.684,1.21,3.98,1.20,3.98,INF,-1,0,7,0
13180,1,1,13.715,42.944,1.28,4.01,1.28,4.01,INF,-1,0,7,0
13200,1,1,13.554,42.008,1.27,3.92,1.26,3.92,INF,-1,0,7,0
13220,1,1,13.772,41.733,1.29,3.89,1.28,3.89,INF,-1,0,7,0
13240,1,1,13.438,41.840,1.26,3.90,1.25,3.90,INF,-1,0,7,0
13260,1,1,14.018,41.778,1.31,3.90,1.31,3.90,INF,-1,0,7,0
13280,1,1,13.575,42.918,1.27,4.00,1.27,4.00,INF,-1,0,7,0
13300,1,1,12.947,41.125,1.21,3.84,1.21,3.84,INF,-1,0,7,0
13320,1,1,13.620,42.060,1.27,3.92,1.27,3.93,INF,-1,0,7,0
13340,1,1,13.229,41.327,1.24,3.86,1.23,3.86,INF,-1,1,7,0
13360,1,1,13.880,41.330,1.30,3.86,1.29,3.86,INF,-1,1,7,0
13380,1,1,14.156,41.613,1.32,3.88,1.32,3.88,INF,-1,1,7,0
13400,1,1,13.745,41.909,1.28,3.91,1.28,3.91,INF,-1,1,7,0
13420,1,1,13.531,41.381,1.26,3.86,1.26,3.86,INF,-1,1,7,0
13440,1,1,13.093,41.041,1.22,3.83,1.22,3.83,INF,-1,1,7,0
13460,1,1,13.969,40.360,1.31,3.77,1.30,3.77,INF,-1,1,7,0
13480,1,1,13.882,39.827,1.30,3.72,1.29,3.72,INF,-1,1,7,0
13500,1,1,14.493,40.155,1.35,3.75,1.35,3.75,INF,-1,1,7,0
13520,1,1,14.533,39.316,1.36,3.67,1.36,3.67,INF,-1,1,7,0
13540,1,1,13.798,40.381,1.29,3.77,1.29,3.77,INF,-1,1,7,0
13560,1,1,14.205,40.098,1.33,3.74,1.32,3.74,INF,-1,1,7,0
13580,1,1,15.414,40.094,1.44,3.74,1.44,3.74,INF,-1,1,7,0
13600,1,1,13.684,38.980,1.28,3.64,1.28,3.64,INF,-1,1,7,0
13620,1,1,11.370,39.492,1.06,3.69,1.06,3.69,INF,-1,1,7,0
13640,1,1,50.027,36.585,4.67,3.40,4.66,3.42,INF,-1,1,7,0
13660,1,1,49.783,36.172,4.64,3.37,4.63,3.38,INF,-1,1,7,0
13680,1,1,49.917,34.813,4.66,3.24,4.65,3.25,INF,-1,0,7,0
13700,1,1,49.795,35.609,4.64,3.31,4.64,3.32,INF,-1,0,7,0
13720,1,1,50.438,35.667,4.70,3.32,4.70,3.33,INF,-1,0,7,0
13740,1,1,48.408,35.803,4.52,3.33,4.51,3.34,INF,-1,0,7,0
13760,1,1,47.905,35.149,4.47,3.27,4.46,3.28,INF,-1,0,7,0
13780,1,1,48.171,34.190,4.49,3.18,4.49,3.19,INF,-1,0,7,0
13800,1,1,47.838,35.826,4.46,3.33,4.45,3.34,INF,-1,0,7,0
13820,1,1,47.446,34.789,4.43,3.24,4.42,3.25,INF,-1,0,7,0
13840,1,1,47.543,34.734,4.43,3.23,4.43,3.24,INF,-1,0,7,0
13860,1,1,48.839,34.564,4.56,3.22,4.55,3.23,INF,-1,0,7,0
13880,1,1,48.789,34.142,4.55,3.18,4.54,3.19,INF,-1,0,7,0
13900,1,1,48.232,35.369,4.50,3.29,4.49,3.30,INF,-1,0,7,0
13920,1,1,47.838,34.735,4.46,3.23,4.46,3.24,INF,-1,1,7,0
13940,1,1,47.379,34.944,4.42,3.25,4.41,3.26,INF,-1,1,7,0
13960,1,1,47.435,34.404,4.42,3.20,4.42,3.21,INF,-1,1,7,0
13980,1,1,48.460,33.750,4.52,3.14,4.51,3.15,INF,-1,1,7,0
14000,1,1,46.923,33.107,4.38,3.08,4.37,3.09,INF,-1,1,7,0
14020,1,1,47.381,33.566,4.42,3.12,4.41,3.13,INF,-1,1,7,0
14040,1,1,47.244,34.174,4.41,3.18,4.40,3.19,INF,-1,1,7,0
14060,1,1,61.044,22.430,5.69,2.09,5.68,2.10,INF,-1,1,7,0
14080,1,1,61.599,22.702,5.74,2.11,5.73,2.12,INF,-1,1,7,0
14100,1,1,61.591,22.413,5.74,2.08,5.73,2.09,INF,-1,0,7,0
14120,1,1,62.485,21.912,5.82,2.04,5.82,2.05,INF,-1,0,7,0
14140,1,1,61.820,22.303,5.76,2.07,5.75,2.08,INF,-1,0,7,0
14160,1,1,62.439,22.186,5.82,2.06,5.81,2.07,INF,-1,0,7,0
14180,1,1,61.054,21.406,5.69,1.99,5.68,2.00,INF,-1,0,7,0
14200,1,1,61.795,20.860,5.76,1.94,5.75,1.95,INF,-1,0,7,0
14220,1,1,61.650,21.787,5.74,2.03,5.74,2.04,INF,-1,0,7,0
14240,1,1,61.013,20.827,5.68,1.94,5.68,1.95,INF,-1,0,7,0
14260,1,1,62.338,21.081,5.81,1.96,5.80,1.97,INF,-1,0,7,0
14280,1,1,44.585,12.451,4.16,1.16,4.16,1.16,INF,-1,0,7,0
14300,1,1,45.672,13.614,4.26,1.27,4.26,1.27,INF,-1,0,7,0
14320,1,1,45.315,12.860,4.23,1.20,4.23,1.20,INF,-1,0,7,0
14340,1,1,45.179,11.903,4.22,1.11,4.21,1.11,INF,-1,0,7,0
14360,1,1,45.131,12.053,4.21,1.12,4.21,1.13,INF,-1,0,7,0
14380,1,1,45.574,12.202,4.25,1.14,4.25,1.14,INF,-1,0,7,0
14400,1,1,45.159,12.391,4.21,1.15,4.21,1.16,INF,-1,1,7,0
14420,1,1,44.923,12.590,4.19,1.17,4.19,1.18,INF,-1,1,7,0
14440,1,1,44.708,11.717,4.17,1.09,4.17,1.10,INF,-1,0,7,0
14460,1,1,33.991,6.459,3.17,0.60,3.17,0.60,INF,-1,0,7,0
14480,1,1,33.558,6.240,3.13,0.58,3.13,0.58,INF,-1,0,7,0
14500,1,1,33.376,5.993,3.12,0.56,3.12,0.56,INF,-1,0,7,0
14520,1,1,32.909,5.357,3.07,0.50,3.07,0.50,INF,-1,0,7,0
14540,1,1,34.245,5.456,3.20,0.51,3.20,0.51,INF,-1,0,7,0
14560,1,1,34.183,5.396,3.19,0.50,3.19,0.50,INF,-1,0,7,0
14580,1,1,33.749,5.263,3.15,0.49,3.15,0.49,INF,-1,0,7,0
14600,1,1,34.201,4.833,3.19,0.45,3.19,0.45,INF,-1,0,7,0
14620,1,1,32.738,5.047,3.06,0.47,3.06,0.47,INF,-1,0,7,0
14640,1,1,33.592,4.823,3.14,0.45,3.14,0.45,INF,-1,0,7,0
14660,1,1,33.293,1.968,3.11,0.18,3.11,0.18,INF,-1,0,7,0
14680,1,1,34.101,-11.111,3.18,-1.04,3.18,-1.04,INF,-1,0,7,0
14700,1,1,33.902,-12.164,3.17,-1.14,3.16,-1.14,INF,-1,0,7,0
14720,1,1,33.221,-12.739,3.10,-1.19,3.10,-1.19,INF,-1,0,7,0
14740,1,1,33.206,-12.263,3.10,-1.14,3.10,-1.15,INF,-1,0,7,0
14760,1,1,33.950,-11.593,3.17,-1.08,3.17,-1.08,INF,-1,0,7,0
14780,1,1,33.533,-11.652,3.13,-1.09,3.13,-1.09,INF,-1,0,7,0
14800,1,1,33.645,-11.628,3.14,-1.09,3.14,-1.09,INF,-1,1,7,0
14820,1,1,33.578,-11.227,3.14,-1.05,3.13,-1.05,INF,-1,1,7,0
14840,1,1,34.579,-11.865,3.23,-1.11,3.23,-1.11,INF,-1,1,7,0
14860,1,1,35.288,-12.192,3.29,-1.14,3.29,-1.14,INF,-1,1,7,0
14880,1,1,35.738,-11.789,3.34,-1.10,3.34,-1.10,INF,-1,1,7,0
14900,1,1,34.928,-11.861,3.26,-1.11,3.26,-1.11,INF,-1,1,7,0
14920,1,1,34.240,-11.591,3.20,-1.08,3.20,-1.08,INF,-1,1,7,0
14940,1,1,35.924,-11.548,3.35,-1.08,3.35,-1.08,INF,-1,1,7,0
14960,1,1,36.068,-10.733,3.37,-1.00,3.37,-1.00,INF,-1,1,7,0
14980,1,1,35.540,-10.700,3.32,-1.00,3.32,-1.00,INF,-1,1,7,0
15000,1,1,35.588,-11.082,3.32,-1.03,3.32,-1.04,INF,-1,1,7,0
