"EyeTracker Toolbox version","3.250"
CalibrationParameters_A11,1.19752
CalibrationParameters_A12,0.10727
CalibrationParameters_A13,0.00557
CalibrationParameters_A21,0.07899
CalibrationParameters_A22,-1.21780
CalibrationParameters_A23,0.03665
CalibrationParameters_A31,-0.00001
CalibrationParameters_A32,-0.00688
CalibrationParameters_E11,-0.18000
CalibrationParameters_E12,0.00007
CalibrationParameters_E21,-0.00022
CalibrationParameters_E22,0.19958
CalibrationParameters_X,-44.61511
CalibrationParameters_Y,-46.16944
CalibrationParameters_Rpc,83.38144
CalibrationParameters_MeanX,126.52948
CalibrationParameters_MeanY,139.29528
CalibrationParameters_ViewDist,613.00000
TimeStamp,Tracked,Calibrated,ScreenPositionXmm,ScreenPositionYmm,FicksLongitude,FicksLatitude,HelmholtzAzimuth,HelmholtzElevation,PupilDiameter,Region,Fixation,DigitalIO,Dropped
0,1,1,1.899,9.366,0.18,0.88,0.18,0.88,INF,-1,0,7,0
20,1,1,1.715,9.524,0.16,0.89,0.16,0.89,INF,-1,0,7,0
40,1,1,2.149,8.328,0.20,0.78,0.20,0.78,INF,-1,0,7,0
60,1,1,2.515,8.088,0.24,0.76,0.24,0.76,INF,-1,0,7,0
80,1,1,2.209,8.601,0.21,0.80,0.21,0.80,INF,-1,0,7,0
100,1,1,1.775,8.553,0.17,0.80,0.17,0.80,INF,-1,0,7,0
120,1,1,2.495,8.469,0.23,0.79,0.23,0.79,INF,-1,0,7,0
140,1,1,1.954,7.448,0.18,0.70,0.18,0.70,INF,-1,0,7,0
160,1,1,2.402,8.094,0.22,0.76,0.22,0.76,INF,-1,0,7,0
180,1,1,1.276,7.009,0.12,0.66,0.12,0.66,INF,-1,0,7,0
200,1,1,1.988,6.794,0.19,0.64,0.19,0.64,INF,-1,0,7,0
220,1,1,1.287,6.664,0.12,0.62,0.12,0.62,INF,-1,0,7,0
240,1,1,1.457,7.376,0.14,0.69,0.14,0.69,INF,-1,0,7,0
260,1,1,0.498,5.218,0.05,0.49,0.05,0.49,INF,-1,0,7,0
280,1,1,-2.054,-0.096,-0.19,-0.01,-0.19,-0.01,INF,-1,1,7,0
300,1,1,-1.823,0.713,-0.17,0.07,-0.17,0.07,INF,-1,1,7,0
320,1,1,-0.522,0.157,-0.05,0.01,-0.05,0.01,INF,-1,1,7,0
340,1,1,-1.118,0.514,-0.10,0.05,-0.10,0.05,INF,-1,1,7,0
360,1,1,-1.137,1.179,-0.11,0.11,-0.11,0.11,INF,-1,1,7,0
380,1,1,-1.178,2.529,-0.11,0.24,-0.11,0.24,INF,-1,1,7,0
400,1,1,-2.642,1.422,-0.25,0.13,-0.25,0.13,INF,-1,1,7,0
420,1,1,-2.338,2.254,-0.22,0.21,-0.22,0.21,INF,-1,1,7,0
440,1,1,-2.171,1.729,-0.20,0.16,-0.20,0.16,INF,-1,1,7,0
460,1,1,-1.970,0.508,-0.18,0.05,-0.18,0.05,INF,-1,1,7,0
480,1,1,23.517,3.222,2.20,0.30,2.20,0.30,INF,-1,1,7,0
500,1,1,21.664,4.191,2.02,0.39,2.02,0.39,INF,-1,1,7,0
520,1,1,21.174,4.450,1.98,0.42,1.98,0.42,INF,-1,0,7,0
540,1,1,21.903,4.899,2.05,0.46,2.05,0.46,INF,-1,0,7,0
560,1,1,20.565,4.541,1.92,0.42,1.92,0.42,INF,-1,0,7,0
580,1,1,21.074,6.292,1.97,0.59,1.97,0.59,INF,-1,0,7,0
600,1,1,21.557,6.299,2.01,0.59,2.01,0.59,INF,-1,0,7,0
620,1,1,21.704,4.767,2.03,0.45,2.03,0.45,INF,-1,0,7,0
640,1,1,40.043,-7.740,3.74,-0.72,3.74,-0.72,INF,-1,0,7,0
660,0,1,0.000,0.000,0.00,0.00,0.00,0.00,0.00,-1,0,7,0
680,0,1,0.000,0.000,0.00,0.00,0.00,0.00,0.00,-1,0,7,0
700,0,1,0.000,0.000,0.00,0.00,0.00,0.00,0.00,-1,0,7,0
720,0,1,0.000,0.000,0.00,0.00,0.00,0.00,0.00,-1,0,7,0
740,0,1,0.000,0.000,0.00,0.00,0.00,0.00,0.00,-1,0,7,0
760,0,1,0.000,0.000,0.00,0.00,0.00,0.00,0.00,-1,0,7,0
780,0,1,0.000,0.000,0.00,0.00,0.00,0.00,0.00,-1,0,7,0
800,0,1,0.000,0.000,0.00,0.00,0.00,0.00,0.00,-1,0,7,0
820,1,1,3.719,-166.624,0.35,-15.21,0.34,-15.21,INF,-1,0,7,0
840,0,1,0.000,0.000,0.00,0.00,0.00,0.00,0.00,-1,0,7,0
860,0,1,0.000,0.000,0.00,0.00,0.00,0.00,0.00,-1,0,7,0
880,1,1,36.883,7.309,3.44,0.68,3.44,0.68,INF,-1,0,7,0
900,1,1,39.620,14.621,3.70,1.36,3.70,1.37,INF,-1,0,7,0
920,1,1,40.803,16.458,3.81,1.53,3.81,1.54,INF,-1,0,7,0
940,1,1,40.111,17.197,3.74,1.60,3.74,1.61,INF,-1,0,7,0
960,1,1,40.980,15.308,3.82,1.43,3.82,1.43,INF,-1,0,7,0
980,1,1,40.943,15.660,3.82,1.46,3.82,1.46,INF,-1,0,7,0
1000,1,1,41.487,16.944,3.87,1.58,3.87,1.58,INF,-1,0,7,0
1020,1,1,40.658,16.834,3.79,1.57,3.79,1.57,INF,-1,0,7,0
1040,1,1,40.465,16.460,3.78,1.53,3.78,1.54,INF,-1,0,7,0
1060,1,1,40.704,17.297,3.80,1.61,3.80,1.62,INF,-1,0,7,0
1080,1,1,40.598,15.984,3.79,1.49,3.79,1.49,INF,-1,0,7,0
1100,1,1,40.798,17.547,3.81,1.64,3.81,1.64,INF,-1,0,7,0
1120,1,1,40.388,15.394,3.77,1.44,3.77,1.44,INF,-1,0,7,0
1140,1,1,41.510,16.891,3.87,1.57,3.87,1.58,INF,-1,0,7,0
1160,1,1,40.937,16.280,3.82,1.52,3.82,1.52,INF,-1,1,7,0
1180,1,1,43.677,15.419,4.08,1.44,4.07,1.44,INF,-1,1,7,0
1200,1,1,47.920,15.766,4.47,1.47,4.47,1.47,INF,-1,1,7,0
1220,1,1,46.790,14.844,4.36,1.38,4.36,1.39,INF,-1,1,7,0
1240,1,1,47.472,14.147,4.43,1.32,4.43,1.32,INF,-1,1,7,0
1260,1,1,45.401,14.804,4.24,1.38,4.23,1.38,INF,-1,1,7,0
1280,1,1,46.800,15.128,4.37,1.41,4.36,1.41,INF,-1,1,7,0
1300,1,1,45.917,14.951,4.28,1.39,4.28,1.40,INF,-1,1,7,0
1320,1,1,47.570,15.212,4.44,1.42,4.44,1.42,INF,-1,1,7,0
1340,1,1,47.578,14.773,4.44,1.38,4.44,1.38,INF,-1,1,7,0
1360,1,1,46.509,15.483,4.34,1.44,4.34,1.45,INF,-1,1,7,0
1380,1,1,46.396,14.927,4.33,1.39,4.33,1.39,INF,-1,1,7,0
1400,1,1,47.085,15.105,4.39,1.41,4.39,1.41,INF,-1,1,7,0
1420,1,1,45.729,15.206,4.27,1.42,4.26,1.42,INF,-1,1,7,0
1440,1,1,45.461,16.414,4.24,1.53,4.24,1.53,INF,-1,1,7,0
1460,1,1,46.037,17.801,4.29,1.66,4.29,1.66,INF,-1,1,7,0
1480,1,1,44.994,16.765,4.20,1.56,4.20,1.57,INF,-1,1,7,0
1500,1,1,45.048,17.201,4.20,1.60,4.20,1.61,INF,-1,1,7,0
1520,1,1,45.733,16.450,4.27,1.53,4.27,1.54,INF,-1,1,7,0
1540,1,1,44.960,17.140,4.19,1.60,4.19,1.60,INF,-1,1,7,0
1560,1,1,45.879,16.584,4.28,1.55,4.28,1.55,INF,-1,1,7,0
1580,1,1,47.181,15.750,4.40,1.47,4.40,1.47,INF,-1,1,7,0
1600,1,1,45.879,16.936,4.28,1.58,4.28,1.58,INF,-1,1,7,0
1620,1,1,46.607,17.794,4.35,1.66,4.35,1.66,INF,-1,1,7,0
1640,1,1,45.941,16.762,4.29,1.56,4.28,1.57,INF,-1,1,7,0
1660,1,1,42.330,16.788,3.95,1.57,3.95,1.57,INF,-1,1,7,0
1680,1,1,-31.070,3.601,-2.90,0.34,-2.90,0.34,INF,-1,1,7,0
1700,1,1,-28.586,2.538,-2.67,0.24,-2.67,0.24,INF,-1,1,7,0
1720,1,1,-28.956,2.576,-2.70,0.24,-2.70,0.24,INF,-1,0,7,0
1740,1,1,-29.111,3.720,-2.72,0.35,-2.72,0.35,INF,-1,0,7,0
1760,1,1,-30.651,3.185,-2.86,0.30,-2.86,0.30,INF,-1,0,7,0
1780,1,1,-29.529,2.661,-2.76,0.25,-2.76,0.25,INF,-1,0,7,0
1800,1,1,-29.640,1.538,-2.77,0.14,-2.77,0.14,INF,-1,0,7,0
1820,1,1,-28.998,2.457,-2.71,0.23,-2.71,0.23,INF,-1,0,7,0
1840,1,1,-29.151,1.721,-2.72,0.16,-2.72,0.16,INF,-1,0,7,0
1860,1,1,-29.902,2.355,-2.79,0.22,-2.79,0.22,INF,-1,0,7,0
1880,1,1,-35.920,-8.830,-3.35,-0.82,-3.35,-0.83,INF,-1,0,7,0
1900,1,1,-33.452,-7.641,-3.12,-0.71,-3.12,-0.71,INF,-1,0,7,0
1920,1,1,-34.362,-7.187,-3.21,-0.67,-3.21,-0.67,INF,-1,0,7,0
1940,1,1,-35.358,-7.394,-3.30,-0.69,-3.30,-0.69,INF,-1,0,7,0
1960,1,1,-34.488,-7.859,-3.22,-0.73,-3.22,-0.73,INF,-1,1,7,0
1980,1,1,-34.582,-7.311,-3.23,-0.68,-3.23,-0.68,INF,-1,1,7,0
2000,1,1,-33.990,-8.080,-3.17,-0.75,-3.17,-0.76,INF,-1,1,7,0
2020,1,1,-34.977,-7.590,-3.27,-0.71,-3.27,-0.71,INF,-1,1,7,0
2040,1,1,-34.263,-7.715,-3.20,-0.72,-3.20,-0.72,INF,-1,1,7,0
2060,1,1,-35.913,-8.269,-3.35,-0.77,-3.35,-0.77,INF,-1,1,7,0
2080,1,1,-34.570,-7.253,-3.23,-0.68,-3.23,-0.68,INF,-1,1,7,0
2100,1,1,-35.288,-7.771,-3.29,-0.73,-3.29,-0.73,INF,-1,1,7,0
2120,1,1,-33.794,-9.861,-3.16,-0.92,-3.16,-0.92,INF,-1,1,7,0
2140,1,1,-6.256,0.226,-0.58,0.02,-0.58,0.02,INF,-1,1,7,0
2160,1,1,-7.464,-0.305,-0.70,-0.03,-0.70,-0.03,INF,-1,1,7,0
2180,1,1,-7.991,-0.019,-0.75,0.00,-0.75,0.00,INF,-1,0,7,0
2200,1,1,-7.723,-0.182,-0.72,-0.02,-0.72,-0.02,INF,-1,0,7,0
2220,1,1,-6.628,0.236,-0.62,0.02,-0.62,0.02,INF,-1,0,7,0
2240,1,1,-7.431,0.040,-0.69,0.00,-0.69,0.00,INF,-1,0,7,0
2260,1,1,-8.080,-1.119,-0.76,-0.10,-0.76,-0.10,INF,-1,0,7,0
2280,1,1,-8.263,-0.598,-0.77,-0.06,-0.77,-0.06,INF,-1,0,7,0
2300,1,1,-8.073,-0.273,-0.75,-0.03,-0.75,-0.03,INF,-1,0,7,0
2320,1,1,-9.187,-1.704,-0.86,-0.16,-0.86,-0.16,INF,-1,0,7,0
2340,1,1,-0.331,3.501,-0.03,0.33,-0.03,0.33,INF,-1,0,7,0
2360,1,1,-0.042,3.429,0.00,0.32,0.00,0.32,INF,-1,0,7,0
2380,1,1,-0.238,3.713,-0.02,0.35,-0.02,0.35,INF,-1,0,7,0
2400,1,1,0.089,3.475,0.01,0.32,0.01,0.32,INF,-1,0,7,0
2420,1,1,0.078,3.017,0.01,0.28,0.01,0.28,INF,-1,1,7,0
2440,1,1,-0.294,3.667,-0.03,0.34,-0.03,0.34,INF,-1,1,7,0
2460,1,1,-0.778,3.869,-0.07,0.36,-0.07,0.36,INF,-1,1,7,0
2480,1,1,-1.541,2.774,-0.14,0.26,-0.14,0.26,INF,-1,1,7,0
2500,1,1,-0.993,3.349,-0.09,0.31,-0.09,0.31,INF,-1,1,7,0
2520,1,1,-1.586,3.430,-0.15,0.32,-0.15,0.32,INF,-1,1,7,0
2540,1,1,-1.782,2.468,-0.17,0.23,-0.17,0.23,INF,-1,1,7,0
2560,1,1,-1.154,2.890,-0.11,0.27,-0.11,0.27,INF,-1,1,7,0
2580,1,1,-0.632,3.926,-0.06,0.37,-0.06,0.37,INF,-1,1,7,0
2600,1,1,-0.395,3.335,-0.04,0.31,-0.04,0.31,INF,-1,1,7,0
2620,1,1,-0.545,3.589,-0.05,0.34,-0.05,0.34,INF,-1,1,7,0
2640,1,1,-1.250,3.822,-0.12,0.36,-0.12,0.36,INF,-1,1,7,0
2660,1,1,-0.864,3.712,-0.08,0.35,-0.08,0.35,INF,-1,1,7,0
2680,1,1,-0.188,4.663,-0.02,0.44,-0.02,0.44,INF,-1,1,7,0
2700,1,1,-1.046,4.599,-0.10,0.43,-0.10,0.43,INF,-1,1,7,0
2720,1,1,-1.249,3.995,-0.12,0.37,-0.12,0.37,INF,-1,1,7,0
2740,1,1,-0.318,4.934,-0.03,0.46,-0.03,0.46,INF,-1,1,7,0
2760,1,1,0.074,5.073,0.01,0.47,0.01,0.47,INF,-1,1,7,0
2780,1,1,-0.388,4.270,-0.04,0.40,-0.04,0.40,INF,-1,1,7,0
2800,1,1,-0.825,4.714,-0.08,0.44,-0.08,0.44,INF,-1,1,7,0
2820,1,1,-1.113,4.629,-0.10,0.43,-0.10,0.43,INF,-1,1,7,0
2840,1,1,-1.652,4.941,-0.15,0.46,-0.15,0.46,INF,-1,1,7,0
2860,1,1,-0.236,4.805,-0.02,0.45,-0.02,0.45,INF,-1,1,7,0
2880,1,1,-0.564,4.623,-0.05,0.43,-0.05,0.43,INF,-1,1,7,0
2900,1,1,-1.948,5.088,-0.18,0.48,-0.18,0.48,INF,-1,1,7,0
2920,1,1,-2.011,4.768,-0.19,0.45,-0.19,0.45,INF,-1,1,7,0
2940,1,1,-1.827,4.937,-0.17,0.46,-0.17,0.46,INF,-1,1,7,0
2960,1,1,34.563,16.315,3.23,1.52,3.23,1.52,INF,-1,1,7,0
2980,1,1,42.851,19.513,4.00,1.82,4.00,1.82,INF,-1,1,7,0
3000,1,1,41.201,19.240,3.85,1.79,3.84,1.80,INF,-1,0,7,0
3020,1,1,42.438,20.604,3.96,1.92,3.96,1.93,INF,-1,0,7,0
3040,1,1,41.741,20.308,3.90,1.89,3.89,1.90,INF,-1,0,7,0
3060,1,1,41.759,19.494,3.90,1.82,3.90,1.82,INF,-1,0,7,0
3080,1,1,41.995,19.252,3.92,1.79,3.92,1.80,INF,-1,0,7,0
3100,1,1,43.303,20.627,4.04,1.92,4.04,1.93,INF,-1,0,7,0
3120,1,1,42.334,19.465,3.95,1.81,3.95,1.82,INF,-1,0,7,0
3140,1,1,43.089,20.152,4.02,1.88,4.02,1.88,INF,-1,0,7,0
3160,1,1,43.416,20.336,4.05,1.90,4.05,1.90,INF,-1,0,7,0
3180,1,1,42.812,20.354,4.00,1.90,3.99,1.90,INF,-1,0,7,0
3200,1,1,42.040,20.183,3.92,1.88,3.92,1.89,INF,-1,0,7,0
3220,1,1,42.781,20.057,3.99,1.87,3.99,1.87,INF,-1,0,7,0
3240,1,1,42.251,19.813,3.94,1.85,3.94,1.85,INF,-1,1,7,0
3260,1,1,42.649,19.122,3.98,1.78,3.98,1.79,INF,-1,1,7,0
3280,1,1,42.117,18.343,3.93,1.71,3.93,1.71,INF,-1,1,7,0
3300,1,1,43.489,18.894,4.06,1.76,4.06,1.77,INF,-1,1,7,0
3320,1,1,43.133,18.436,4.02,1.72,4.02,1.72,INF,-1,1,7,0
3340,1,1,39.739,17.722,3.71,1.65,3.71,1.66,INF,-1,1,7,0
3360,1,1,38.581,16.820,3.60,1.57,3.60,1.57,INF,-1,1,7,0
3380,1,1,38.136,18.635,3.56,1.74,3.56,1.74,INF,-1,1,7,0
3400,1,1,38.213,17.981,3.57,1.68,3.57,1.68,INF,-1,1,7,0
3420,1,1,37.517,17.605,3.50,1.64,3.50,1.65,INF,-1,1,7,0
3440,1,1,39.513,16.930,3.69,1.58,3.69,1.58,INF,-1,1,7,0
3460,1,1,38.804,17.007,3.62,1.59,3.62,1.59,INF,-1,1,7,0
3480,1,1,36.961,17.357,3.45,1.62,3.45,1.62,INF,-1,1,7,0
3500,1,1,39.282,17.967,3.67,1.68,3.67,1.68,INF,-1,1,7,0
3520,1,1,37.204,16.511,3.47,1.54,3.47,1.54,INF,-1,1,7,0
3540,1,1,37.219,17.587,3.47,1.64,3.47,1.64,INF,-1,1,7,0
3560,1,1,38.089,17.310,3.56,1.61,3.55,1.62,INF,-1,1,7,0
3580,1,1,37.699,17.535,3.52,1.64,3.52,1.64,INF,-1,1,7,0
3600,1,1,45.261,18.139,4.22,1.69,4.22,1.69,INF,-1,1,7,0
3620,1,1,43.509,18.226,4.06,1.70,4.06,1.70,INF,-1,1,7,0
3640,1,1,43.970,18.361,4.10,1.71,4.10,1.72,INF,-1,1,7,0
3660,1,1,44.076,18.086,4.11,1.69,4.11,1.69,INF,-1,1,7,0
3680,1,1,44.885,18.806,4.19,1.75,4.19,1.76,INF,-1,1,7,0
3700,1,1,45.237,18.376,4.22,1.71,4.22,1.72,INF,-1,1,7,0
3720,1,1,44.461,18.047,4.15,1.68,4.15,1.69,INF,-1,1,7,0
3740,1,1,44.398,17.720,4.14,1.65,4.14,1.66,INF,-1,1,7,0
3760,1,1,44.851,18.080,4.18,1.68,4.18,1.69,INF,-1,1,7,0
3780,1,1,46.110,18.593,4.30,1.73,4.30,1.74,INF,-1,1,7,0
3800,1,1,45.205,17.955,4.22,1.67,4.22,1.68,INF,-1,1,7,0
3820,1,1,44.811,17.248,4.18,1.61,4.18,1.61,INF,-1,1,7,0
3840,1,1,44.413,17.801,4.14,1.66,4.14,1.66,INF,-1,1,7,0
3860,1,1,43.233,17.129,4.03,1.60,4.03,1.60,INF,-1,1,7,0
3880,1,1,45.248,18.805,4.22,1.75,4.22,1.76,INF,-1,1,7,0
3900,1,1,43.937,17.638,4.10,1.64,4.10,1.65,INF,-1,1,7,0
3920,1,1,43.685,18.148,4.08,1.69,4.07,1.70,INF,-1,1,7,0
3940,1,1,44.362,18.317,4.14,1.71,4.14,1.71,INF,-1,1,7,0
3960,1,1,39.599,16.996,3.70,1.58,3.69,1.59,INF,-1,1,7,0
3980,1,1,40.641,18.362,3.79,1.71,3.79,1.72,INF,-1,1,7,0
4000,1,1,40.881,17.405,3.82,1.62,3.81,1.63,INF,-1,1,7,0
4020,1,1,42.502,17.941,3.97,1.67,3.96,1.68,INF,-1,1,7,0
4040,1,1,40.550,17.103,3.78,1.59,3.78,1.60,INF,-1,1,7,0
4060,1,1,41.511,16.891,3.87,1.57,3.87,1.58,INF,-1,1,7,0
4080,1,1,41.893,17.429,3.91,1.62,3.91,1.63,INF,-1,1,7,0
4100,1,1,42.143,17.615,3.93,1.64,3.93,1.65,INF,-1,1,7,0
4120,1,1,42.956,18.367,4.01,1.71,4.01,1.72,INF,-1,1,7,0
4140,1,1,43.076,18.468,4.02,1.72,4.02,1.73,INF,-1,1,7,0
4160,1,1,40.728,16.502,3.80,1.54,3.80,1.54,INF,-1,1,7,0
4180,1,1,45.602,17.770,4.25,1.66,4.25,1.66,INF,-1,1,7,0
4200,1,1,-29.041,-1.873,-2.71,-0.17,-2.71,-0.18,INF,-1,1,7,0
4220,1,1,-19.771,1.680,-1.85,0.16,-1.85,0.16,INF,-1,1,7,0
4240,1,1,-20.245,1.148,-1.89,0.11,-1.89,0.11,INF,-1,0,7,0
4260,1,1,-19.937,2.684,-1.86,0.25,-1.86,0.25,INF,-1,0,7,0
4280,1,1,-20.232,1.609,-1.89,0.15,-1.89,0.15,INF,-1,0,7,0
4300,1,1,-19.943,0.804,-1.86,0.08,-1.86,0.08,INF,-1,0,7,0
4320,1,1,-19.994,0.803,-1.87,0.07,-1.87,0.08,INF,-1,0,7,0
4340,1,1,-19.938,0.173,-1.86,0.02,-1.86,0.02,INF,-1,0,7,0
4360,1,1,-26.766,-20.921,-2.50,-1.95,-2.50,-1.95,INF,-1,0,7,0
4380,0,1,0.000,0.000,0.00,0.00,0.00,0.00,0.00,-1,0,7,0
4400,0,1,0.000,0.000,0.00,0.00,0.00,0.00,0.00,-1,0,7,0
4420,0,1,0.000,0.000,0.00,0.00,0.00,0.00,0.00,-1,0,7,0
4440,0,1,0.000,0.000,0.00,0.00,0.00,0.00,0.00,-1,0,7,0
4460,0,1,0.000,0.000,0.00,0.00,0.00,0.00,0.00,-1,0,7,0
4480,0,1,0.000,0.000,0.00,0.00,0.00,0.00,0.00,-1,0,7,0
4500,1,1,-228.682,-142.359,-20.46,-12.28,-19.97,-13.07,INF,-1,0,7,0
4520,0,1,0.000,0.000,0.00,0.00,0.00,0.00,0.00,-1,0,7,0
4540,0,1,0.000,0.000,0.00,0.00,0.00,0.00,0.00,-1,0,7,0
4560,0,1,0.000,0.000,0.00,0.00,0.00,0.00,0.00,-1,0,7,0
4580,1,1,-33.260,-11.487,-3.11,-1.07,-3.11,-1.07,INF,-1,0,7,0
4600,1,1,-34.768,-12.809,-3.25,-1.20,-3.25,-1.20,INF,-1,0,7,0
4620,1,1,-35.150,-13.824,-3.28,-1.29,-3.28,-1.29,INF,-1,0,7,0
4640,1,1,-35.377,-13.874,-3.30,-1.29,-3.30,-1.30,INF,-1,0,7,0
4660,1,1,-35.524,-14.429,-3.32,-1.35,-3.32,-1.35,INF,-1,0,7,0
4680,1,1,-36.151,-13.570,-3.38,-1.27,-3.37,-1.27,INF,-1,0,7,0
4700,1,1,-36.301,-13.591,-3.39,-1.27,-3.39,-1.27,INF,-1,0,7,0
4720,1,1,-36.050,-14.087,-3.37,-1.31,-3.36,-1.32,INF,-1,0,7,0
4740,1,1,-35.981,-14.118,-3.36,-1.32,-3.36,-1.32,INF,-1,0,7,0
4760,1,1,-32.682,-15.272,-3.05,-1.43,-3.05,-1.43,INF,-1,0,7,0
4780,1,1,-28.527,-14.348,-2.66,-1.34,-2.66,-1.34,INF,-1,0,7,0
4800,1,1,-28.121,-14.976,-2.63,-1.40,-2.63,-1.40,INF,-1,0,7,0
4820,1,1,-27.792,-14.706,-2.60,-1.37,-2.60,-1.37,INF,-1,0,7,0
4840,1,1,-28.648,-16.727,-2.68,-1.56,-2.67,-1.56,INF,-1,0,7,0
4860,1,1,-28.111,-14.440,-2.63,-1.35,-2.62,-1.35,INF,-1,1,7,0
4880,1,1,-29.398,-15.802,-2.75,-1.47,-2.74,-1.48,INF,-1,1,7,0
4900,1,1,-28.939,-15.714,-2.70,-1.47,-2.70,-1.47,INF,-1,1,7,0
4920,1,1,-29.168,-16.944,-2.72,-1.58,-2.72,-1.58,INF,-1,1,7,0
4940,1,1,-28.704,-16.490,-2.68,-1.54,-2.68,-1.54,INF,-1,1,7,0
4960,1,1,-29.966,-16.011,-2.80,-1.49,-2.80,-1.50,INF,-1,1,7,0
4980,1,1,-30.660,-16.876,-2.86,-1.57,-2.86,-1.58,INF,-1,1,7,0
5000,1,1,-29.822,-15.976,-2.79,-1.49,-2.78,-1.49,INF,-1,1,7,0
5020,1,1,-29.861,-16.036,-2.79,-1.50,-2.79,-1.50,INF,-1,1,7,0
5040,1,1,-29.926,-15.844,-2.79,-1.48,-2.79,-1.48,INF,-1,1,7,0
5060,1,1,-29.329,-15.762,-2.74,-1.47,-2.74,-1.47,INF,-1,1,7,0
5080,1,1,-30.843,-16.285,-2.88,-1.52,-2.88,-1.52,INF,-1,1,7,0
5100,1,1,-30.097,-16.963,-2.81,-1.58,-2.81,-1.59,INF,-1,1,7,0
5120,1,1,-30.200,-17.148,-2.82,-1.60,-2.82,-1.60,INF,-1,1,7,0
5140,1,1,-29.495,-16.641,-2.75,-1.55,-2.75,-1.56,INF,-1,1,7,0
5160,1,1,-30.416,-16.968,-2.84,-1.58,-2.84,-1.59,INF,-1,1,7,0
5180,1,1,-30.594,-16.642,-2.86,-1.55,-2.86,-1.56,INF,-1,1,7,0
5200,1,1,-30.206,-16.038,-2.82,-1.50,-2.82,-1.50,INF,-1,1,7,0
5220,1,1,-29.343,-15.760,-2.74,-1.47,-2.74,-1.47,INF,-1,1,7,0
5240,1,1,-29.832,-16.269,-2.79,-1.52,-2.79,-1.52,INF,-1,1,7,0
5260,1,1,-30.018,-16.816,-2.80,-1.57,-2.80,-1.57,INF,-1,1,7,0
5280,1,1,-30.100,-16.342,-2.81,-1.53,-2.81,-1.53,INF,-1,1,7,0
5300,1,1,-30.264,-17.587,-2.83,-1.64,-2.83,-1.64,INF,-1,1,7,0
5320,1,1,-26.503,-15.293,-2.48,-1.43,-2.47,-1.43,INF,-1,1,7,0
5340,1,1,-26.500,-15.374,-2.48,-1.44,-2.47,-1.44,INF,-1,1,7,0
5360,1,1,-27.202,-15.796,-2.54,-1.47,-2.54,-1.48,INF,-1,1,7,0
5380,1,1,-27.174,-15.633,-2.54,-1.46,-2.54,-1.46,INF,-1,1,7,0
5400,1,1,-26.222,-15.529,-2.45,-1.45,-2.45,-1.45,INF,-1,1,7,0
5420,1,1,-27.719,-15.453,-2.59,-1.44,-2.59,-1.44,INF,-1,1,7,0
5440,1,1,-26.935,-14.822,-2.52,-1.38,-2.52,-1.39,INF,-1,1,7,0
5460,1,1,-27.293,-15.920,-2.55,-1.49,-2.55,-1.49,INF,-1,1,7,0
5480,1,1,-27.456,-15.438,-2.56,-1.44,-2.56,-1.44,INF,-1,1,7,0
5500,1,1,-26.063,-15.088,-2.43,-1.41,-2.43,-1.41,INF,-1,1,7,0
5520,1,1,-25.930,-14.756,-2.42,-1.38,-2.42,-1.38,INF,-1,1,7,0
5540,1,1,-26.367,-14.642,-2.46,-1.37,-2.46,-1.37,INF,-1,1,7,0
5560,1,1,-26.448,-14.963,-2.47,-1.40,-2.47,-1.40,INF,-1,1,7,0
5580,1,1,-27.195,-15.499,-2.54,-1.45,-2.54,-1.45,INF,-1,1,7,0
5600,1,1,-27.670,-15.150,-2.58,-1.41,-2.58,-1.42,INF,-1,1,7,0
5620,1,1,-26.735,-14.225,-2.50,-1.33,-2.50,-1.33,INF,-1,1,7,0
5640,1,1,-25.865,-13.716,-2.42,-1.28,-2.42,-1.28,INF,-1,1,7,0
5660,1,1,-31.233,-26.354,-2.92,-2.46,-2.91,-2.46,INF,-1,1,7,0
5680,1,1,-29.289,-29.404,-2.74,-2.74,-2.73,-2.75,INF,-1,1,7,0
5700,1,1,-28.917,-28.566,-2.70,-2.67,-2.70,-2.67,INF,-1,0,7,0
5720,1,1,-29.927,-28.340,-2.79,-2.64,-2.79,-2.65,INF,-1,0,7,0
5740,1,1,-29.259,-28.659,-2.73,-2.67,-2.73,-2.68,INF,-1,0,7,0
5760,1,1,-30.238,-28.574,-2.82,-2.67,-2.82,-2.67,INF,-1,0,7,0
5780,1,1,-31.288,-28.476,-2.92,-2.66,-2.92,-2.66,INF,-1,0,7,0
5800,1,1,-30.233,-28.786,-2.82,-2.69,-2.82,-2.69,INF,-1,0,7,0
5820,1,1,-29.923,-28.450,-2.79,-2.65,-2.79,-2.66,INF,-1,0,7,0
5840,1,1,-30.833,-28.779,-2.88,-2.68,-2.88,-2.69,INF,-1,0,7,0
5860,1,1,-30.268,-29.434,-2.83,-2.75,-2.82,-2.75,INF,-1,0,7,0
5880,1,1,-30.905,-28.615,-2.89,-2.67,-2.88,-2.67,INF,-1,0,7,0
5900,1,1,-30.153,-29.383,-2.82,-2.74,-2.81,-2.74,INF,-1,0,7,0
5920,1,1,-30.003,-29.581,-2.80,-2.76,-2.80,-2.76,INF,-1,0,7,0
5940,1,1,-29.359,-29.402,-2.74,-2.74,-2.74,-2.75,INF,-1,1,7,0
5960,1,1,-29.137,-28.931,-2.72,-2.70,-2.72,-2.70,INF,-1,1,7,0
5980,1,1,-29.794,-28.566,-2.78,-2.66,-2.78,-2.67,INF,-1,1,7,0
6000,1,1,-30.104,-29.335,-2.81,-2.74,-2.81,-2.74,INF,-1,1,7,0
6020,1,1,-31.473,-28.933,-2.94,-2.70,-2.94,-2.70,INF,-1,1,7,0
6040,1,1,-29.572,-29.052,-2.76,-2.71,-2.76,-2.71,INF,-1,1,7,0
6060,1,1,-29.276,-28.983,-2.73,-2.70,-2.73,-2.71,INF,-1,1,7,0
6080,1,1,-29.490,-29.644,-2.75,-2.77,-2.75,-2.77,INF,-1,1,7,0
6100,1,1,-30.382,-29.300,-2.84,-2.73,-2.83,-2.74,INF,-1,1,7,0
6120,1,1,-30.220,-29.999,-2.82,-2.80,-2.82,-2.80,INF,-1,1,7,0
6140,1,1,-30.668,-30.187,-2.86,-2.82,-2.86,-2.82,INF,-1,1,7,0
6160,1,1,-29.958,-30.751,-2.80,-2.87,-2.79,-2.87,INF,-1,1,7,0
6180,1,1,-30.706,-30.172,-2.87,-2.81,-2.86,-2.82,INF,-1,1,7,0
6200,1,1,-30.132,-31.277,-2.81,-2.92,-2.81,-2.92,INF,-1,1,7,0
6220,1,1,-30.105,-30.772,-2.81,-2.87,-2.81,-2.87,INF,-1,1,7,0
6240,1,1,-30.849,-30.405,-2.88,-2.84,-2.88,-2.84,INF,-1,1,7,0
6260,1,1,-31.387,-30.835,-2.93,-2.88,-2.93,-2.88,INF,-1,1,7,0
6280,1,1,-29.816,-30.660,-2.78,-2.86,-2.78,-2.86,INF,-1,1,7,0
6300,1,1,-30.268,-29.776,-2.83,-2.78,-2.82,-2.78,INF,-1,1,7,0
6320,1,1,-29.993,-29.380,-2.80,-2.74,-2.80,-2.74,INF,-1,1,7,0
6340,1,1,-31.428,-29.225,-2.93,-2.73,-2.93,-2.73,INF,-1,1,7,0
6360,1,1,-31.810,-30.361,-2.97,-2.83,-2.97,-2.84,INF,-1,1,7,0
6380,1,1,-30.507,-30.370,-2.85,-2.83,-2.85,-2.84,INF,-1,1,7,0
6400,1,1,-31.271,-29.122,-2.92,-2.72,-2.92,-2.72,INF,-1,1,7,0
6420,1,1,-31.317,-28.858,-2.92,-2.69,-2.92,-2.70,INF,-1,1,7,0
6440,1,1,-31.306,-29.091,-2.92,-2.71,-2.92,-2.72,INF,-1,1,7,0
6460,1,1,-30.169,-29.082,-2.82,-2.71,-2.81,-2.72,INF,-1,1,7,0
6480,1,1,-31.121,-28.959,-2.91,-2.70,-2.90,-2.70,INF,-1,1,7,0
6500,1,1,-31.152,-29.656,-2.91,-2.77,-2.91,-2.77,INF,-1,1,7,0
6520,1,1,-30.515,-29.402,-2.85,-2.74,-2.85,-2.75,INF,-1,1,7,0
6540,1,1,-31.483,-29.403,-2.94,-2.74,-2.94,-2.75,INF,-1,1,7,0
6560,1,1,-31.239,-29.878,-2.92,-2.79,-2.91,-2.79,INF,-1,1,7,0
6580,1,1,-31.574,-29.672,-2.95,-2.77,-2.95,-2.77,INF,-1,1,7,0
6600,1,1,-30.615,-29.413,-2.86,-2.74,-2.86,-2.75,INF,-1,1,7,0
6620,1,1,-30.142,-28.037,-2.81,-2.62,-2.81,-2.62,INF,-1,1,7,0
6640,1,1,-30.475,-28.727,-2.85,-2.68,-2.84,-2.68,INF,-1,1,7,0
6660,1,1,-30.408,-27.614,-2.84,-2.58,-2.84,-2.58,INF,-1,1,7,0
6680,1,1,-30.690,-29.247,-2.87,-2.73,-2.86,-2.73,INF,-1,1,7,0
6700,1,1,-29.747,-27.672,-2.78,-2.58,-2.78,-2.58,INF,-1,1,7,0
6720,1,1,-29.596,-28.583,-2.76,-2.67,-2.76,-2.67,INF,-1,1,7,0
6740,1,1,-29.788,-28.761,-2.78,-2.68,-2.78,-2.69,INF,-1,1,7,0
6760,1,1,-30.650,-29.113,-2.86,-2.72,-2.86,-2.72,INF,-1,1,7,0
6780,1,1,-29.774,-28.812,-2.78,-2.69,-2.78,-2.69,INF,-1,1,7,0
6800,1,1,-29.374,-29.527,-2.74,-2.75,-2.74,-2.76,INF,-1,1,7,0
6820,1,1,-29.584,-29.169,-2.76,-2.72,-2.76,-2.72,INF,-1,1,7,0
6840,1,1,-29.772,-29.333,-2.78,-2.74,-2.78,-2.74,INF,-1,1,7,0
6860,1,1,-29.445,-30.266,-2.75,-2.82,-2.75,-2.83,INF,-1,1,7,0
6880,1,1,-28.674,-29.371,-2.68,-2.74,-2.68,-2.74,INF,-1,1,7,0
6900,1,1,-28.767,-29.281,-2.69,-2.73,-2.68,-2.73,INF,-1,1,7,0
6920,1,1,-28.348,-29.437,-2.65,-2.75,-2.64,-2.75,INF,-1,1,7,0
6940,1,1,-27.405,-29.572,-2.56,-2.76,-2.56,-2.76,INF,-1,1,7,0
6960,1,1,-27.438,-30.142,-2.56,-2.81,-2.56,-2.82,INF,-1,1,7,0
6980,1,1,-27.996,-29.415,-2.61,-2.74,-2.61,-2.75,INF,-1,1,7,0
7000,1,1,-28.126,-28.382,-2.63,-2.65,-2.62,-2.65,INF,-1,1,7,0
7020,1,1,-27.566,-26.477,-2.57,-2.47,-2.57,-2.47,INF,-1,1,7,0
7040,1,1,-27.530,-27.687,-2.57,-2.58,-2.57,-2.59,INF,-1,1,7,0
7060,1,1,-27.494,-29.137,-2.57,-2.72,-2.57,-2.72,INF,-1,1,7,0
7080,1,1,-27.234,-28.478,-2.54,-2.66,-2.54,-2.66,INF,-1,1,7,0
7100,1,1,-27.748,-28.013,-2.59,-2.61,-2.59,-2.62,INF,-1,1,7,0
7120,1,1,-27.981,-28.068,-2.61,-2.62,-2.61,-2.62,INF,-1,1,7,0
7140,1,1,-28.250,-28.510,-2.64,-2.66,-2.64,-2.66,INF,-1,1,7,0
7160,1,1,-27.438,-28.212,-2.56,-2.63,-2.56,-2.64,INF,-1,1,7,0
7180,1,1,-27.878,-28.058,-2.60,-2.62,-2.60,-2.62,INF,-1,1,7,0
7200,1,1,-28.027,-28.935,-2.62,-2.70,-2.61,-2.70,INF,-1,1,7,0
7220,1,1,-28.384,-28.997,-2.65,-2.71,-2.65,-2.71,INF,-1,1,7,0
7240,1,1,-28.039,-27.697,-2.62,-2.58,-2.62,-2.59,INF,-1,1,7,0
7260,1,1,-27.814,-29.332,-2.60,-2.74,-2.60,-2.74,INF,-1,1,7,0
7280,1,1,-27.926,-28.551,-2.61,-2.66,-2.61,-2.67,INF,-1,1,7,0
7300,1,1,-27.727,-21.239,-2.59,-1.98,-2.59,-1.98,INF,-1,1,7,0
7320,1,1,-26.940,-17.813,-2.52,-1.66,-2.52,-1.66,INF,-1,1,7,0
7340,1,1,-27.772,-18.362,-2.59,-1.71,-2.59,-1.72,INF,-1,1,7,0
7360,1,1,-28.113,-18.064,-2.63,-1.69,-2.62,-1.69,INF,-1,0,7,0
7380,1,1,-27.620,-19.409,-2.58,-1.81,-2.58,-1.81,INF,-1,0,7,0
7400,1,1,-27.403,-18.726,-2.56,-1.75,-2.56,-1.75,INF,-1,0,7,0
7420,1,1,-27.205,-18.317,-2.54,-1.71,-2.54,-1.71,INF,-1,0,7,0
7440,1,1,-27.678,-19.353,-2.59,-1.81,-2.58,-1.81,INF,-1,0,7,0
7460,1,1,-28.408,-18.593,-2.65,-1.74,-2.65,-1.74,INF,-1,0,7,0
7480,1,1,-27.823,-19.183,-2.60,-1.79,-2.60,-1.79,INF,-1,0,7,0
7500,1,1,-27.705,-18.381,-2.59,-1.72,-2.59,-1.72,INF,-1,0,7,0
7520,1,1,-25.315,-17.206,-2.36,-1.61,-2.36,-1.61,INF,-1,0,7,0
7540,1,1,-22.815,-16.411,-2.13,-1.53,-2.13,-1.53,INF,-1,0,7,0
7560,1,1,-23.616,-17.054,-2.21,-1.59,-2.21,-1.59,INF,-1,0,7,0
7580,1,1,-23.060,-16.248,-2.15,-1.52,-2.15,-1.52,INF,-1,0,7,0
7600,1,1,-23.239,-16.810,-2.17,-1.57,-2.17,-1.57,INF,-1,1,7,0
7620,1,1,-23.293,-16.728,-2.18,-1.56,-2.18,-1.56,INF,-1,1,7,0
7640,1,1,-23.041,-15.897,-2.15,-1.48,-2.15,-1.49,INF,-1,1,7,0
7660,1,1,-23.239,-16.009,-2.17,-1.49,-2.17,-1.50,INF,-1,1,7,0
7680,1,1,-23.317,-14.751,-2.18,-1.38,-2.18,-1.38,INF,-1,1,7,0
7700,1,1,-23.623,-15.591,-2.21,-1.46,-2.21,-1.46,INF,-1,1,7,0
7720,1,1,-23.759,-15.303,-2.22,-1.43,-2.22,-1.43,INF,-1,1,7,0
7740,1,1,-24.181,-15.714,-2.26,-1.47,-2.26,-1.47,INF,-1,1,7,0
7760,1,1,-24.394,-15.382,-2.28,-1.44,-2.28,-1.44,INF,-1,1,7,0
7780,1,1,-25.309,-14.964,-2.36,-1.40,-2.36,-1.40,INF,-1,1,7,0
7800,1,1,-23.684,-15.847,-2.21,-1.48,-2.21,-1.48,INF,-1,1,7,0
7820,1,1,-8.289,-2.389,-0.77,-0.22,-0.77,-0.22,INF,-1,1,7,0
7840,1,1,-5.866,-1.248,-0.55,-0.12,-0.55,-0.12,INF,-1,1,7,0
7860,1,1,-7.148,-1.350,-0.67,-0.13,-0.67,-0.13,INF,-1,0,7,0
7880,1,1,-7.706,-1.531,-0.72,-0.14,-0.72,-0.14,INF,-1,0,7,0
7900,1,1,-6.673,-1.635,-0.62,-0.15,-0.62,-0.15,INF,-1,0,7,0
7920,1,1,-8.177,-2.238,-0.76,-0.21,-0.76,-0.21,INF,-1,0,7,0
7940,1,1,-7.413,-0.817,-0.69,-0.08,-0.69,-0.08,INF,-1,0,7,0
7960,1,1,-8.004,-0.929,-0.75,-0.09,-0.75,-0.09,INF,-1,0,7,0
7980,1,1,-7.314,-0.384,-0.68,-0.04,-0.68,-0.04,INF,-1,0,7,0
8000,1,1,-0.993,2.305,-0.09,0.22,-0.09,0.22,INF,-1,0,7,0
8020,1,1,0.843,3.777,0.08,0.35,0.08,0.35,INF,-1,0,7,0
8040,1,1,1.089,3.598,0.10,0.34,0.10,0.34,INF,-1,0,7,0
8060,1,1,0.936,3.694,0.09,0.35,0.09,0.35,INF,-1,0,7,0
8080,1,1,0.056,3.446,0.01,0.32,0.01,0.32,INF,-1,0,7,0
8100,1,1,1.625,3.443,0.15,0.32,0.15,0.32,INF,-1,1,7,0
8120,1,1,0.975,3.940,0.09,0.37,0.09,0.37,INF,-1,1,7,0
8140,1,1,-0.618,3.085,-0.06,0.29,-0.06,0.29,INF,-1,1,7,0
8160,1,1,-0.511,3.615,-0.05,0.34,-0.05,0.34,INF,-1,1,7,0
8180,1,1,-0.318,3.095,-0.03,0.29,-0.03,0.29,INF,-1,1,7,0
8200,1,1,0.746,3.924,0.07,0.37,0.07,0.37,INF,-1,1,7,0
8220,1,1,0.341,4.341,0.03,0.41,0.03,0.41,INF,-1,1,7,0
8240,1,1,0.602,4.657,0.06,0.44,0.06,0.44,INF,-1,1,7,0
8260,1,1,-1.410,3.485,-0.13,0.33,-0.13,0.33,INF,-1,1,7,0
8280,1,1,-0.227,4.262,-0.02,0.40,-0.02,0.40,INF,-1,1,7,0
8300,1,1,-0.234,3.150,-0.02,0.29,-0.02,0.29,INF,-1,1,7,0
8320,1,1,-0.897,4.179,-0.08,0.39,-0.08,0.39,INF,-1,1,7,0
8340,1,1,1.042,4.575,0.10,0.43,0.10,0.43,INF,-1,1,7,0
8360,1,1,0.408,3.842,0.04,0.36,0.04,0.36,INF,-1,1,7,0
8380,1,1,1.195,4.192,0.11,0.39,0.11,0.39,INF,-1,1,7,0
8400,1,1,1.464,4.367,0.14,0.41,0.14,0.41,INF,-1,1,7,0
8420,1,1,1.379,4.067,0.13,0.38,0.13,0.38,INF,-1,1,7,0
8440,1,1,1.584,4.772,0.15,0.45,0.15,0.45,INF,-1,1,7,0
8460,1,1,0.650,3.545,0.06,0.33,0.06,0.33,INF,-1,1,7,0
8480,1,1,0.458,4.267,0.04,0.40,0.04,0.40,INF,-1,1,7,0
8500,1,1,0.217,3.757,0.02,0.35,0.02,0.35,INF,-1,1,7,0
8520,1,1,0.269,4.791,0.03,0.45,0.03,0.45,INF,-1,1,7,0
8540,1,1,0.899,4.850,0.08,0.45,0.08,0.45,INF,-1,1,7,0
8560,1,1,1.355,5.067,0.13,0.47,0.13,0.47,INF,-1,1,7,0
8580,1,1,0.738,4.720,0.07,0.44,0.07,0.44,INF,-1,1,7,0
8600,1,1,1.452,4.756,0.14,0.44,0.14,0.44,INF,-1,1,7,0
8620,1,1,0.464,4.787,0.04,0.45,0.04,0.45,INF,-1,1,7,0
8640,1,1,1.596,4.362,0.15,0.41,0.15,0.41,INF,-1,1,7,0
8660,1,1,0.898,4.268,0.08,0.40,0.08,0.40,INF,-1,1,7,0
8680,1,1,1.210,5.170,0.11,0.48,0.11,0.48,INF,-1,1,7,0
8700,1,1,0.334,4.018,0.03,0.38,0.03,0.38,INF,-1,1,7,0
8720,1,1,1.580,5.209,0.15,0.49,0.15,0.49,INF,-1,1,7,0
8740,1,1,1.182,4.356,0.11,0.41,0.11,0.41,INF,-1,1,7,0
8760,1,1,1.285,5.733,0.12,0.54,0.12,0.54,INF,-1,1,7,0
8780,1,1,-2.747,3.711,-0.26,0.35,-0.26,0.35,INF,-1,1,7,0
8800,1,1,-4.453,2.774,-0.42,0.26,-0.42,0.26,INF,-1,1,7,0
8820,1,1,-4.639,2.036,-0.43,0.19,-0.43,0.19,INF,-1,1,7,0
8840,1,1,-5.358,1.155,-0.50,0.11,-0.50,0.11,INF,-1,1,7,0
8860,1,1,-5.751,1.907,-0.54,0.18,-0.54,0.18,INF,-1,1,7,0
8880,1,1,-5.613,1.892,-0.52,0.18,-0.52,0.18,INF,-1,1,7,0
8900,1,1,-5.999,2.018,-0.56,0.19,-0.56,0.19,INF,-1,1,7,0
8920,1,1,-5.169,2.562,-0.48,0.24,-0.48,0.24,INF,-1,1,7,0
8940,1,1,-5.200,2.037,-0.49,0.19,-0.49,0.19,INF,-1,1,7,0
8960,1,1,-5.311,2.154,-0.50,0.20,-0.50,0.20,INF,-1,1,7,0
8980,1,1,-5.400,1.989,-0.50,0.19,-0.50,0.19,INF,-1,1,7,0
9000,1,1,-6.112,1.730,-0.57,0.16,-0.57,0.16,INF,-1,1,7,0
9020,1,1,-5.194,1.887,-0.49,0.18,-0.49,0.18,INF,-1,1,7,0
9040,1,1,-4.398,0.444,-0.41,0.04,-0.41,0.04,INF,-1,1,7,0
9060,1,1,6.568,-23.204,0.61,-2.17,0.61,-2.17,INF,-1,1,7,0
9080,1,1,5.968,-23.411,0.56,-2.19,0.56,-2.19,INF,-1,1,7,0
9100,1,1,5.391,-23.468,0.50,-2.19,0.50,-2.19,INF,-1,0,7,0
9120,1,1,5.888,-23.122,0.55,-2.16,0.55,-2.16,INF,-1,0,7,0
9140,1,1,4.986,-23.231,0.47,-2.17,0.47,-2.17,INF,-1,0,7,0
9160,1,1,4.614,-23.678,0.43,-2.21,0.43,-2.21,INF,-1,0,7,0
9180,1,1,6.452,-23.445,0.60,-2.19,0.60,-2.19,INF,-1,0,7,0
9200,1,1,4.620,-23.831,0.43,-2.23,0.43,-2.23,INF,-1,0,7,0
9220,1,1,4.959,-23.565,0.46,-2.20,0.46,-2.20,INF,-1,0,7,0
9240,1,1,4.873,-24.351,0.46,-2.27,0.46,-2.27,INF,-1,0,7,0
9260,1,1,5.652,-24.342,0.53,-2.27,0.53,-2.27,INF,-1,0,7,0
9280,1,1,5.777,-24.212,0.54,-2.26,0.54,-2.26,INF,-1,0,7,0
9300,1,1,5.927,-24.852,0.55,-2.32,0.55,-2.32,INF,-1,0,7,0
9320,1,1,4.845,-24.927,0.45,-2.33,0.45,-2.33,INF,-1,0,7,0
9340,1,1,4.375,-24.665,0.41,-2.30,0.41,-2.30,INF,-1,1,7,0
9360,1,1,5.239,-23.113,0.49,-2.16,0.49,-2.16,INF,-1,1,7,0
9380,1,1,5.171,-23.967,0.48,-2.24,0.48,-2.24,INF,-1,1,7,0
9400,1,1,6.630,-24.615,0.62,-2.30,0.62,-2.30,INF,-1,1,7,0
9420,1,1,-1.058,-31.751,-0.10,-2.97,-0.10,-2.97,INF,-1,1,7,0
9440,1,1,-0.049,-32.337,0.00,-3.02,0.00,-3.02,INF,-1,1,7,0
9460,1,1,-0.827,-32.557,-0.08,-3.04,-0.08,-3.04,INF,-1,0,7,0
9480,1,1,-0.017,-33.251,0.00,-3.10,0.00,-3.10,INF,-1,0,7,0
9500,1,1,-0.325,-33.271,-0.03,-3.11,-0.03,-3.11,INF,-1,0,7,0
9520,1,1,0.285,-32.700,0.03,-3.05,0.03,-3.05,INF,-1,0,7,0
9540,1,1,-0.593,-33.336,-0.06,-3.11,-0.06,-3.11,INF,-1,0,7,0
9560,1,1,0.387,-32.262,0.04,-3.01,0.04,-3.01,INF,-1,0,7,0
9580,1,1,-0.361,-32.378,-0.03,-3.02,-0.03,-3.02,INF,-1,0,7,0
9600,1,1,0.265,-32.965,0.02,-3.08,0.02,-3.08,INF,-1,0,7,0
9620,1,1,-0.287,-32.787,-0.03,-3.06,-0.03,-3.06,INF,-1,0,7,0
9640,1,1,0.194,-33.798,0.02,-3.16,0.02,-3.16,INF,-1,0,7,0
9660,1,1,0.061,-32.392,0.01,-3.02,0.01,-3.02,INF,-1,0,7,0
9680,1,1,-0.151,-32.534,-0.01,-3.04,-0.01,-3.04,INF,-1,0,7,0
9700,1,1,-0.054,-32.778,-0.01,-3.06,-0.01,-3.06,INF,-1,1,7,0
9720,1,1,-0.535,-33.594,-0.05,-3.14,-0.05,-3.14,INF,-1,1,7,0
9740,1,1,0.422,-33.140,0.04,-3.09,0.04,-3.09,INF,-1,1,7,0
9760,1,1,-0.043,-33.685,0.00,-3.15,0.00,-3.15,INF,-1,1,7,0
9780,1,1,-8.434,-37.058,-0.79,-3.46,-0.79,-3.46,INF,-1,1,7,0
9800,1,1,56.267,-28.463,5.24,-2.65,5.24,-2.66,INF,-1,1,7,0
9820,1,1,54.774,-29.026,5.11,-2.70,5.10,-2.71,INF,-1,1,7,0
9840,1,1,54.434,-29.393,5.07,-2.73,5.07,-2.75,INF,-1,0,7,0
9860,1,1,54.483,-29.071,5.08,-2.70,5.07,-2.72,INF,-1,0,7,0
9880,1,1,54.965,-30.062,5.12,-2.80,5.12,-2.81,INF,-1,0,7,0
9900,1,1,55.250,-29.704,5.15,-2.76,5.14,-2.77,INF,-1,0,7,0
9920,1,1,54.980,-30.287,5.13,-2.82,5.12,-2.83,INF,-1,0,7,0
9940,1,1,54.523,-29.432,5.08,-2.74,5.08,-2.75,INF,-1,0,7,0
9960,1,1,54.182,-29.422,5.05,-2.74,5.05,-2.75,INF,-1,0,7,0
9980,1,1,53.709,-29.832,5.01,-2.78,5.00,-2.79,INF,-1,0,7,0
10000,1,1,54.687,-30.918,5.10,-2.88,5.09,-2.89,INF,-1,0,7,0
10020,1,1,54.009,-29.564,5.04,-2.75,5.03,-2.76,INF,-1,0,7,0
10040,1,1,54.966,-30.567,5.12,-2.84,5.12,-2.85,INF,-1,0,7,0
10060,1,1,51.785,-28.308,4.83,-2.63,4.82,-2.64,INF,-1,0,7,0
10080,1,1,51.940,-25.321,4.84,-2.36,4.84,-2.37,INF,-1,1,7,0
10100,1,1,51.300,-26.406,4.78,-2.46,4.78,-2.47,INF,-1,1,7,0
10120,1,1,50.236,-25.652,4.68,-2.39,4.68,-2.40,INF,-1,1,7,0
10140,1,1,51.339,-26.935,4.79,-2.51,4.78,-2.52,INF,-1,1,7,0
10160,1,1,50.282,-26.327,4.69,-2.45,4.68,-2.46,INF,-1,1,7,0
10180,1,1,50.663,-25.885,4.72,-2.41,4.72,-2.42,INF,-1,1,7,0
10200,1,1,51.248,-26.528,4.78,-2.47,4.77,-2.48,INF,-1,1,7,0
10220,1,1,50.997,-26.935,4.76,-2.51,4.75,-2.52,INF,-1,1,7,0
10240,1,1,50.695,-26.461,4.73,-2.46,4.72,-2.47,INF,-1,1,7,0
10260,1,1,54.136,-19.901,5.05,-1.85,5.04,-1.86,INF,-1,1,7,0
10280,1,1,50.215,9.386,4.68,0.87,4.68,0.88,INF,-1,1,7,0
10300,1,1,48.995,6.967,4.57,0.65,4.57,0.65,INF,-1,1,7,0
10320,1,1,48.259,7.291,4.50,0.68,4.50,0.68,INF,-1,0,7,0
10340,1,1,48.744,6.953,4.55,0.65,4.55,0.65,INF,-1,0,7,0
10360,1,1,48.612,7.361,4.53,0.69,4.53,0.69,INF,-1,0,7,0
10380,1,1,48.751,6.888,4.55,0.64,4.55,0.64,INF,-1,0,7,0
10400,1,1,47.758,6.858,4.45,0.64,4.45,0.64,INF,-1,0,7,0
10420,1,1,49.145,5.036,4.58,0.47,4.58,0.47,INF,-1,0,7,0
10440,1,1,48.520,6.013,4.53,0.56,4.53,0.56,INF,-1,0,7,0
10460,1,1,48.292,6.590,4.50,0.61,4.50,0.62,INF,-1,0,7,0
10480,1,1,43.082,19.744,4.02,1.84,4.02,1.84,INF,-1,0,7,0
10500,1,1,41.569,19.112,3.88,1.78,3.88,1.79,INF,-1,0,7,0
10520,1,1,41.174,17.619,3.84,1.64,3.84,1.65,INF,-1,0,7,0
10540,1,1,42.962,17.572,4.01,1.64,4.01,1.64,INF,-1,0,7,0
10560,1,1,42.558,17.449,3.97,1.63,3.97,1.63,INF,-1,1,7,0
10580,1,1,43.042,17.388,4.02,1.62,4.01,1.62,INF,-1,1,7,0
10600,1,1,41.999,17.394,3.92,1.62,3.92,1.63,INF,-1,1,7,0
10620,1,1,41.901,16.416,3.91,1.53,3.91,1.53,INF,-1,1,7,0
10640,1,1,42.363,17.326,3.95,1.62,3.95,1.62,INF,-1,1,7,0
10660,1,1,42.296,17.244,3.95,1.61,3.95,1.61,INF,-1,1,7,0
10680,1,1,42.266,16.805,3.94,1.57,3.94,1.57,INF,-1,1,7,0
10700,1,1,42.671,16.298,3.98,1.52,3.98,1.52,INF,-1,1,7,0
10720,1,1,43.165,16.322,4.03,1.52,4.03,1.53,INF,-1,1,7,0
10740,1,1,45.933,17.437,4.29,1.62,4.28,1.63,INF,-1,1,7,0
10760,1,1,45.720,19.087,4.27,1.78,4.26,1.78,INF,-1,1,7,0
10780,1,1,46.712,18.875,4.36,1.76,4.36,1.76,INF,-1,1,7,0
10800,1,1,46.301,18.423,4.32,1.72,4.32,1.72,INF,-1,1,7,0
10820,1,1,46.278,18.467,4.32,1.72,4.32,1.73,INF,-1,1,7,0
10840,1,1,46.410,18.201,4.33,1.70,4.33,1.70,INF,-1,1,7,0
10860,1,1,46.702,18.270,4.36,1.70,4.35,1.71,INF,-1,1,7,0
10880,1,1,46.900,17.856,4.38,1.66,4.37,1.67,INF,-1,1,7,0
10900,1,1,46.858,18.244,4.37,1.70,4.37,1.70,INF,-1,1,7,0
10920,1,1,47.228,17.973,4.41,1.67,4.40,1.68,INF,-1,1,7,0
10940,1,1,46.549,18.285,4.34,1.70,4.34,1.71,INF,-1,1,7,0
10960,1,1,46.556,18.205,4.34,1.70,4.34,1.70,INF,-1,1,7,0
10980,1,1,47.186,18.875,4.40,1.76,4.40,1.76,INF,-1,1,7,0
11000,1,1,47.254,17.439,4.41,1.62,4.41,1.63,INF,-1,1,7,0
11020,1,1,47.009,17.148,4.39,1.60,4.38,1.60,INF,-1,1,7,0
11040,1,1,47.141,17.824,4.40,1.66,4.40,1.67,INF,-1,1,7,0
11060,1,1,47.748,17.575,4.45,1.64,4.45,1.64,INF,-1,1,7,0
11080,1,1,48.683,16.929,4.54,1.58,4.54,1.58,INF,-1,1,7,0
11100,1,1,49.424,18.523,4.61,1.73,4.61,1.73,INF,-1,1,7,0
11120,1,1,46.881,18.466,4.37,1.72,4.37,1.73,INF,-1,1,7,0
11140,1,1,47.982,18.217,4.48,1.70,4.47,1.70,INF,-1,1,7,0
11160,1,1,48.527,17.895,4.53,1.67,4.52,1.67,INF,-1,1,7,0
11180,1,1,46.487,18.420,4.34,1.72,4.33,1.72,INF,-1,1,7,0
11200,1,1,56.487,12.995,5.26,1.21,5.26,1.21,INF,-1,1,7,0
11220,1,1,71.804,-14.671,6.68,-1.36,6.68,-1.37,INF,-1,1,7,0
11240,1,1,70.053,-14.442,6.52,-1.34,6.52,-1.35,INF,-1,0,7,0
11260,1,1,69.636,-13.991,6.48,-1.30,6.48,-1.31,INF,-1,0,7,0
11280,1,1,68.778,-14.233,6.40,-1.32,6.40,-1.33,INF,-1,0,7,0
11300,1,1,68.739,-13.314,6.40,-1.24,6.40,-1.24,INF,-1,0,7,0
11320,1,1,69.026,-14.092,6.42,-1.31,6.42,-1.32,INF,-1,0,7,0
11340,1,1,69.998,-15.011,6.51,-1.39,6.51,-1.40,INF,-1,0,7,0
11360,1,1,70.193,-13.700,6.53,-1.27,6.53,-1.28,INF,-1,0,7,0
11380,1,1,69.549,-14.992,6.47,-1.39,6.47,-1.40,INF,-1,0,7,0
11400,1,1,70.090,-14.495,6.52,-1.35,6.52,-1.35,INF,-1,0,7,0
11420,1,1,69.565,-14.510,6.47,-1.35,6.47,-1.36,INF,-1,0,7,0
11440,1,1,67.574,-13.574,6.29,-1.26,6.29,-1.27,INF,-1,0,7,0
11460,1,1,67.713,-11.040,6.30,-1.03,6.30,-1.03,INF,-1,0,7,0
11480,1,1,68.672,-12.196,6.39,-1.13,6.39,-1.14,INF,-1,0,7,0
11500,1,1,68.177,-12.178,6.35,-1.13,6.35,-1.14,INF,-1,1,7,0
11520,1,1,68.245,-12.748,6.35,-1.18,6.35,-1.19,INF,-1,1,7,0
11540,1,1,68.694,-12.163,6.39,-1.13,6.39,-1.14,INF,-1,1,7,0
11560,1,1,66.390,-12.594,6.18,-1.17,6.18,-1.18,INF,-1,1,7,0
11580,1,1,68.038,-12.255,6.33,-1.14,6.33,-1.15,INF,-1,1,7,0
11600,1,1,68.713,-12.961,6.40,-1.20,6.39,-1.21,INF,-1,1,7,0
11620,1,1,67.334,-13.610,6.27,-1.26,6.27,-1.27,INF,-1,1,7,0
11640,1,1,66.909,-12.790,6.23,-1.19,6.23,-1.20,INF,-1,1,7,0
11660,1,1,66.297,-12.590,6.17,-1.17,6.17,-1.18,INF,-1,1,7,0
11680,1,1,66.019,-13.237,6.15,-1.23,6.15,-1.24,INF,-1,1,7,0
11700,1,1,66.940,-12.846,6.23,-1.19,6.23,-1.20,INF,-1,1,7,0
11720,1,1,66.499,-12.946,6.19,-1.20,6.19,-1.21,INF,-1,1,7,0
11740,1,1,66.936,-13.438,6.23,-1.25,6.23,-1.26,INF,-1,1,7,0
11760,1,1,67.389,-13.179,6.27,-1.22,6.27,-1.23,INF,-1,1,7,0
11780,1,1,66.791,-14.809,6.22,-1.38,6.22,-1.38,INF,-1,1,7,0
11800,1,1,37.879,-38.011,3.54,-3.54,3.53,-3.55,INF,-1,1,7,0
11820,1,1,43.794,-34.299,4.09,-3.19,4.08,-3.20,INF,-1,1,7,0
11840,1,1,44.132,-35.007,4.12,-3.26,4.11,-3.27,INF,-1,0,7,0
11860,1,1,43.059,-34.982,4.02,-3.26,4.01,-3.27,INF,-1,0,7,0
11880,1,1,43.891,-34.938,4.10,-3.25,4.09,-3.26,INF,-1,0,7,0
11900,1,1,43.202,-35.195,4.03,-3.28,4.02,-3.29,INF,-1,0,7,0
11920,1,1,43.217,-36.183,4.03,-3.37,4.03,-3.38,INF,-1,0,7,0
11940,1,1,43.293,-35.243,4.04,-3.28,4.03,-3.29,INF,-1,0,7,0
11960,1,1,43.438,-36.283,4.05,-3.38,4.05,-3.39,INF,-1,0,7,0
11980,1,1,43.363,-36.577,4.05,-3.41,4.04,-3.41,INF,-1,0,7,0
12000,1,1,43.799,-36.260,4.09,-3.38,4.08,-3.39,INF,-1,0,7,0
12020,1,1,43.551,-35.228,4.06,-3.28,4.06,-3.29,INF,-1,0,7,0
12040,1,1,43.720,-36.778,4.08,-3.42,4.07,-3.43,INF,-1,0,7,0
12060,1,1,42.941,-37.300,4.01,-3.47,4.00,-3.48,INF,-1,0,7,0
12080,1,1,43.254,-36.572,4.04,-3.41,4.03,-3.41,INF,-1,1,7,0
12100,1,1,24.807,-36.765,2.32,-3.43,2.31,-3.43,INF,-1,1,7,0
12120,1,1,23.279,-35.155,2.17,-3.28,2.17,-3.28,INF,-1,1,7,0
12140,1,1,23.608,-36.031,2.21,-3.36,2.20,-3.36,INF,-1,0,7,0
12160,1,1,23.453,-35.724,2.19,-3.33,2.19,-3.34,INF,-1,0,7,0
12180,1,1,25.751,-41.827,2.41,-3.90,2.40,-3.90,INF,-1,0,7,0
12200,1,1,-17.637,15.494,-1.65,1.45,-1.65,1.45,INF,-1,0,7,0
12220,1,1,-25.967,26.311,-2.43,2.46,-2.42,2.46,INF,-1,0,7,0
12240,1,1,-28.190,27.478,-2.63,2.56,-2.63,2.57,INF,-1,0,7,0
12260,1,1,-26.686,26.913,-2.49,2.51,-2.49,2.51,INF,-1,0,7,0
12280,1,1,-27.521,27.641,-2.57,2.58,-2.57,2.58,INF,-1,0,7,0
12300,1,1,-27.284,26.429,-2.55,2.47,-2.55,2.47,INF,-1,0,7,0
12320,1,1,-27.996,27.443,-2.61,2.56,-2.61,2.56,INF,-1,0,7,0
12340,1,1,-26.637,27.963,-2.49,2.61,-2.49,2.61,INF,-1,0,7,0
12360,1,1,-26.784,27.124,-2.50,2.53,-2.50,2.53,INF,-1,0,7,0
12380,1,1,-27.961,26.962,-2.61,2.52,-2.61,2.52,INF,-1,0,7,0
12400,1,1,-27.657,26.735,-2.58,2.49,-2.58,2.50,INF,-1,0,7,0
12420,1,1,-27.653,27.177,-2.58,2.54,-2.58,2.54,INF,-1,0,7,0
12440,1,1,-27.941,26.498,-2.61,2.47,-2.61,2.48,INF,-1,0,7,0
12460,1,1,-19.532,33.101,-1.82,3.09,-1.82,3.09,INF,-1,0,7,0
12480,1,1,-15.554,37.982,-1.45,3.54,-1.45,3.55,INF,-1,1,7,0
12500,1,1,-15.689,37.336,-1.47,3.48,-1.46,3.49,INF,-1,1,7,0
12520,1,1,-15.735,37.775,-1.47,3.53,-1.47,3.53,INF,-1,0,7,0
12540,1,1,-16.180,36.954,-1.51,3.45,-1.51,3.45,INF,-1,0,7,0
12560,1,1,-16.716,36.994,-1.56,3.45,-1.56,3.45,INF,-1,0,7,0
12580,1,1,-15.895,35.833,-1.49,3.34,-1.48,3.35,INF,-1,0,7,0
12600,1,1,-16.794,37.011,-1.57,3.45,-1.57,3.46,INF,-1,0,7,0
12620,1,1,-16.139,37.803,-1.51,3.53,-1.51,3.53,INF,-1,0,7,0
12640,1,1,-16.110,37.703,-1.51,3.52,-1.50,3.52,INF,-1,0,7,0
12660,1,1,-15.978,37.309,-1.49,3.48,-1.49,3.48,INF,-1,0,7,0
12680,1,1,-16.434,37.369,-1.54,3.49,-1.53,3.49,INF,-1,0,7,0
12700,1,1,-15.601,37.937,-1.46,3.54,-1.46,3.54,INF,-1,0,7,0
12720,1,1,-15.436,37.636,-1.44,3.51,-1.44,3.51,INF,-1,0,7,0
12740,1,1,-17.367,35.316,-1.62,3.30,-1.62,3.30,INF,-1,0,7,0
12760,1,1,25.036,41.053,2.34,3.83,2.33,3.83,INF,-1,1,7,0
12780,1,1,23.179,40.131,2.17,3.74,2.16,3.75,INF,-1,1,7,0
12800,1,1,23.656,41.113,2.21,3.83,2.21,3.84,INF,-1,0,7,0
12820,1,1,24.050,39.969,2.25,3.73,2.24,3.73,INF,-1,0,7,0
12840,1,1,24.536,40.481,2.29,3.78,2.29,3.78,INF,-1,0,7,0
12860,1,1,23.734,40.301,2.22,3.76,2.21,3.76,INF,-1,0,7,0
12880,1,1,24.955,39.833,2.33,3.71,2.33,3.72,INF,-1,0,7,0
12900,1,1,24.970,41.039,2.33,3.83,2.33,3.83,INF,-1,0,7,0
12920,1,1,24.174,40.928,2.26,3.82,2.25,3.82,INF,-1,0,7,0
12940,1,1,25.029,40.674,2.34,3.79,2.33,3.80,INF,-1,0,7,0
12960,1,1,24.989,38.981,2.33,3.64,2.33,3.64,INF,-1,0,7,0
12980,1,1,24.127,39.401,2.25,3.67,2.25,3.68,INF,-1,0,7,0
13000,1,1,24.697,39.732,2.31,3.71,2.30,3.71,INF,-1,0,7,0
13020,1,1,25.398,39.448,2.37,3.68,2.37,3.68,INF,-1,0,7,0
13040,1,1,24.122,39.793,2.25,3.71,2.25,3.71,INF,-1,1,7,0
13060,1,1,25.761,39.944,2.41,3.72,2.40,3.73,INF,-1,1,7,0
13080,1,1,-19.401,36.777,-1.81,3.43,-1.81,3.43,INF,-1,1,7,0
13100,1,1,-58.546,33.830,-5.46,3.14,-5.45,3.16,INF,-1,1,7,0
13120,1,1,-50.824,34.640,-4.74,3.22,-4.73,3.23,INF,-1,0,7,0
13140,1,1,-51.463,35.213,-4.80,3.28,-4.79,3.29,INF,-1,0,7,0
13160,1,1,-50.090,36.193,-4.67,3.37,-4.66,3.38,INF,-1,0,7,0
13180,1,1,-50.356,34.375,-4.70,3.20,-4.69,3.21,INF,-1,0,7,0
13200,1,1,-51.380,34.568,-4.79,3.22,-4.78,3.23,INF,-1,0,7,0
13220,1,1,-51.301,35.363,-4.78,3.29,-4.78,3.30,INF,-1,0,7,0
13240,1,1,-51.316,35.694,-4.79,3.32,-4.78,3.33,INF,-1,0,7,0
13260,1,1,-50.729,35.862,-4.73,3.34,-4.72,3.35,INF,-1,0,7,0
13280,1,1,-51.694,35.846,-4.82,3.33,-4.81,3.35,INF,-1,0,7,0
13300,1,1,-51.500,35.425,-4.80,3.30,-4.79,3.31,INF,-1,0,7,0
13320,1,1,-50.175,35.021,-4.68,3.26,-4.67,3.27,INF,-1,0,7,0
13340,1,1,-50.194,34.922,-4.68,3.25,-4.67,3.26,INF,-1,0,7,0
13360,1,1,-28.773,26.784,-2.69,2.50,-2.68,2.50,INF,-1,0,7,0
13380,1,1,67.134,1.923,6.25,0.18,6.25,0.18,INF,-1,0,7,0
13400,1,1,56.724,7.025,5.29,0.65,5.29,0.66,INF,-1,1,7,0
13420,1,1,55.663,7.962,5.19,0.74,5.19,0.74,INF,-1,0,7,0
13440,1,1,53.744,7.526,5.01,0.70,5.01,0.70,INF,-1,0,7,0
13460,1,1,55.670,7.775,5.19,0.72,5.19,0.73,INF,-1,0,7,0
13480,1,1,55.115,6.850,5.14,0.64,5.14,0.64,INF,-1,0,7,0
13500,1,1,55.779,7.339,5.20,0.68,5.20,0.69,INF,-1,0,7,0
13520,1,1,54.635,5.279,5.09,0.49,5.09,0.49,INF,-1,0,7,0
13540,1,1,54.508,5.688,5.08,0.53,5.08,0.53,INF,-1,0,7,0
13560,1,1,40.072,14.461,3.74,1.35,3.74,1.35,INF,-1,0,7,0
13580,1,1,40.650,13.240,3.79,1.23,3.79,1.24,INF,-1,0,7,0
13600,1,1,41.508,13.761,3.87,1.28,3.87,1.29,INF,-1,0,7,0
13620,1,1,41.131,12.854,3.84,1.20,3.84,1.20,INF,-1,0,7,0
13640,1,1,42.169,12.777,3.94,1.19,3.93,1.19,INF,-1,0,7,0
13660,1,1,41.578,12.167,3.88,1.13,3.88,1.14,INF,-1,0,7,0
13680,1,1,41.960,12.961,3.92,1.21,3.91,1.21,INF,-1,1,7,0
13700,1,1,42.322,13.256,3.95,1.24,3.95,1.24,INF,-1,1,7,0
13720,1,1,42.717,12.793,3.99,1.19,3.99,1.20,INF,-1,1,7,0
13740,1,1,42.296,13.134,3.95,1.22,3.95,1.23,INF,-1,1,7,0
13760,1,1,43.345,14.108,4.04,1.32,4.04,1.32,INF,-1,1,7,0
13780,1,1,45.990,12.117,4.29,1.13,4.29,1.13,INF,-1,1,7,0
13800,1,1,48.028,12.859,4.48,1.20,4.48,1.20,INF,-1,1,7,0
13820,1,1,47.461,13.118,4.43,1.22,4.43,1.23,INF,-1,1,7,0
13840,1,1,48.755,14.112,4.55,1.31,4.55,1.32,INF,-1,1,7,0
13860,1,1,48.274,13.496,4.50,1.26,4.50,1.26,INF,-1,1,7,0
13880,1,1,47.853,11.922,4.46,1.11,4.46,1.11,INF,-1,1,7,0
13900,1,1,49.922,12.271,4.66,1.14,4.65,1.15,INF,-1,1,7,0
13920,1,1,48.061,12.713,4.48,1.18,4.48,1.19,INF,-1,1,7,0
13940,1,1,49.710,12.727,4.64,1.19,4.64,1.19,INF,-1,1,7,0
13960,1,1,49.807,12.242,4.65,1.14,4.64,1.14,INF,-1,1,7,0
13980,1,1,49.222,11.834,4.59,1.10,4.59,1.11,INF,-1,1,7,0
14000,1,1,49.873,11.863,4.65,1.11,4.65,1.11,INF,-1,1,7,0
14020,1,1,47.875,11.625,4.47,1.08,4.46,1.09,INF,-1,1,7,0
14040,1,1,50.068,12.164,4.67,1.13,4.67,1.14,INF,-1,1,7,0
14060,1,1,49.958,12.324,4.66,1.15,4.66,1.15,INF,-1,1,7,0
14080,1,1,49.591,10.774,4.63,1.00,4.62,1.01,INF,-1,1,7,0
14100,1,1,47.840,11.472,4.46,1.07,4.46,1.07,INF,-1,1,7,0
14120,1,1,47.573,10.331,4.44,0.96,4.44,0.97,INF,-1,1,7,0
14140,1,1,48.905,11.256,4.56,1.05,4.56,1.05,INF,-1,1,7,0
14160,1,1,49.458,10.574,4.61,0.99,4.61,0.99,INF,-1,1,7,0
14180,1,1,48.461,10.447,4.52,0.97,4.52,0.98,INF,-1,1,7,0
14200,1,1,48.114,12.519,4.49,1.17,4.49,1.17,INF,-1,1,7,0
14220,1,1,49.636,11.867,4.63,1.11,4.63,1.11,INF,-1,1,7,0
14240,1,1,49.271,10.169,4.60,0.95,4.59,0.95,INF,-1,1,7,0
14260,1,1,74.760,-5.485,6.95,-0.51,6.95,-0.51,INF,-1,1,7,0
14280,1,1,73.231,-6.460,6.81,-0.60,6.81,-0.60,INF,-1,1,7,0
14300,1,1,72.760,-5.438,6.77,-0.50,6.77,-0.51,INF,-1,0,7,0
14320,1,1,72.721,-4.961,6.77,-0.46,6.77,-0.46,INF,-1,0,7,0
14340,1,1,73.031,-5.190,6.79,-0.48,6.79,-0.49,INF,-1,0,7,0
14360,1,1,72.988,-5.005,6.79,-0.46,6.79,-0.47,INF,-1,0,7,0
14380,1,1,73.163,-4.949,6.81,-0.46,6.81,-0.46,INF,-1,0,7,0
14400,1,1,71.602,-4.304,6.66,-0.40,6.66,-0.40,INF,-1,0,7,0
14420,1,1,71.869,-5.015,6.69,-0.47,6.69,-0.47,INF,-1,0,7,0
14440,1,1,72.263,-4.070,6.72,-0.38,6.72,-0.38,INF,-1,0,7,0
14460,1,1,73.432,-3.692,6.83,-0.34,6.83,-0.35,INF,-1,0,7,0
14480,1,1,71.659,-5.417,6.67,-0.50,6.67,-0.51,INF,-1,0,7,0
14500,1,1,71.059,-5.088,6.61,-0.47,6.61,-0.48,INF,-1,0,7,0
14520,1,1,66.726,-8.860,6.21,-0.82,6.21,-0.83,INF,-1,0,7,0
14540,1,1,65.895,-8.308,6.14,-0.77,6.13,-0.78,INF,-1,1,7,0
14560,1,1,67.693,-7.615,6.30,-0.71,6.30,-0.71,INF,-1,1,7,0
14580,1,1,69.246,-8.387,6.44,-0.78,6.44,-0.78,INF,-1,1,7,0
14600,1,1,66.723,-8.656,6.21,-0.80,6.21,-0.81,INF,-1,1,7,0
14620,1,1,67.035,-8.349,6.24,-0.78,6.24,-0.78,INF,-1,1,7,0
14640,1,1,66.344,-8.787,6.18,-0.82,6.18,-0.82,INF,-1,1,7,0
14660,1,1,66.382,-8.434,6.18,-0.78,6.18,-0.79,INF,-1,1,7,0
14680,1,1,67.611,-8.141,6.29,-0.76,6.29,-0.76,INF,-1,1,7,0
14700,1,1,66.971,-8.444,6.23,-0.78,6.23,-0.79,INF,-1,1,7,0
14720,1,1,67.964,-7.324,6.33,-0.68,6.33,-0.68,INF,-1,1,7,0
14740,1,1,66.949,-8.116,6.23,-0.75,6.23,-0.76,INF,-1,1,7,0
14760,1,1,66.543,-8.733,6.20,-0.81,6.19,-0.82,INF,-1,1,7,0
14780,1,1,66.710,-9.520,6.21,-0.88,6.21,-0.89,INF,-1,1,7,0
14800,1,1,55.181,2.944,5.14,0.27,5.14,0.28,INF,-1,1,7,0
14820,1,1,42.938,17.395,4.01,1.62,4.01,1.63,INF,-1,1,7,0
14840,1,1,40.882,14.281,3.82,1.33,3.81,1.33,INF,-1,0,7,0
14860,1,1,41.018,16.272,3.83,1.52,3.83,1.52,INF,-1,0,7,0
14880,1,1,41.158,15.944,3.84,1.49,3.84,1.49,INF,-1,0,7,0
14900,1,1,41.314,15.120,3.86,1.41,3.85,1.41,INF,-1,0,7,0
14920,1,1,39.760,15.526,3.71,1.45,3.71,1.45,INF,-1,0,7,0
14940,1,1,39.492,15.738,3.69,1.47,3.68,1.47,INF,-1,0,7,0
14960,1,1,39.660,15.672,3.70,1.46,3.70,1.46,INF,-1,0,7,0
14980,1,1,40.033,15.488,3.74,1.44,3.74,1.45,INF,-1,0,7,0
15000,1,1,42.271,15.767,3.94,1.47,3.94,1.47,INF,-1,0,7,0
