"EyeTracker Toolbox version","3.250"
CalibrationParameters_A11,1.19752
CalibrationParameters_A12,0.10727
CalibrationParameters_A13,0.00557
CalibrationParameters_A21,0.07899
CalibrationParameters_A22,-1.21780
CalibrationParameters_A23,0.03665
CalibrationParameters_A31,-0.00001
CalibrationParameters_A32,-0.00688
CalibrationParameters_E11,-0.18000
CalibrationParameters_E12,0.00007
CalibrationParameters_E21,-0.00022
CalibrationParameters_E22,0.19958
CalibrationParameters_X,-44.61511
CalibrationParameters_Y,-46.16944
CalibrationParameters_Rpc,83.38144
CalibrationParameters_MeanX,126.52948
CalibrationParameters_MeanY,139.29528
CalibrationParameters_ViewDist,613.00000
TimeStamp,Tracked,Calibrated,ScreenPositionXmm,ScreenPositionYmm,FicksLongitude,FicksLatitude,HelmholtzAzimuth,HelmholtzElevation,PupilDiameter,Region,Fixation,DigitalIO,Dropped
0,1,1,-8.772,3.647,-0.82,0.34,-0.82,0.34,INF,-1,0,7,0
20,1,1,-8.618,2.664,-0.81,0.25,-0.81,0.25,INF,-1,0,7,0
40,1,1,-7.654,3.532,-0.72,0.33,-0.72,0.33,INF,-1,0,7,0
60,1,1,-7.966,3.753,-0.74,0.35,-0.74,0.35,INF,-1,0,7,0
80,1,1,-7.917,3.081,-0.74,0.29,-0.74,0.29,INF,-1,0,7,0
100,1,1,-7.475,3.090,-0.70,0.29,-0.70,0.29,INF,-1,0,7,0
120,1,1,-7.120,2.794,-0.67,0.26,-0.67,0.26,INF,-1,0,7,0
140,1,1,-6.944,1.183,-0.65,0.11,-0.65,0.11,INF,-1,0,7,0
160,1,1,-6.873,1.546,-0.64,0.14,-0.64,0.14,INF,-1,0,7,0
180,1,1,-6.856,1.976,-0.64,0.18,-0.64,0.18,INF,-1,0,7,0
200,1,1,-7.281,1.725,-0.68,0.16,-0.68,0.16,INF,-1,0,7,0
220,1,1,-7.823,1.437,-0.73,0.13,-0.73,0.13,INF,-1,0,7,0
240,1,1,-7.121,0.664,-0.67,0.06,-0.67,0.06,INF,-1,0,7,0
260,1,1,-6.528,1.068,-0.61,0.10,-0.61,0.10,INF,-1,0,7,0
280,1,1,-6.521,2.686,-0.61,0.25,-0.61,0.25,INF,-1,1,7,0
300,1,1,-6.715,1.858,-0.63,0.17,-0.63,0.17,INF,-1,1,7,0
320,1,1,15.926,0.403,1.49,0.04,1.49,0.04,INF,-1,1,7,0
340,1,1,24.214,3.761,2.26,0.35,2.26,0.35,INF,-1,1,7,0
360,1,1,21.415,3.520,2.00,0.33,2.00,0.33,INF,-1,0,7,0
380,1,1,21.504,2.514,2.01,0.23,2.01,0.23,INF,-1,0,7,0
400,1,1,21.205,2.737,1.98,0.26,1.98,0.26,INF,-1,0,7,0
420,1,1,21.351,3.091,1.99,0.29,1.99,0.29,INF,-1,0,7,0
440,1,1,20.512,1.570,1.92,0.15,1.92,0.15,INF,-1,0,7,0
460,1,1,20.681,3.179,1.93,0.30,1.93,0.30,INF,-1,0,7,0
480,1,1,20.672,4.206,1.93,0.39,1.93,0.39,INF,-1,0,7,0
500,1,1,19.846,3.583,1.85,0.33,1.85,0.33,INF,-1,0,7,0
520,1,1,-4.441,-11.127,-0.42,-1.04,-0.42,-1.04,INF,-1,0,7,0
540,1,1,-0.584,-8.379,-0.05,-0.78,-0.05,-0.78,INF,-1,0,7,0
560,1,1,-1.690,-7.648,-0.16,-0.71,-0.16,-0.71,INF,-1,0,7,0
580,1,1,-1.059,-8.698,-0.10,-0.81,-0.10,-0.81,INF,-1,0,7,0
600,1,1,-0.261,-7.458,-0.02,-0.70,-0.02,-0.70,INF,-1,0,7,0
620,1,1,-1.528,-7.342,-0.14,-0.69,-0.14,-0.69,INF,-1,0,7,0
640,1,1,-1.259,-8.629,-0.12,-0.81,-0.12,-0.81,INF,-1,0,7,0
660,1,1,-1.150,-7.185,-0.11,-0.67,-0.11,-0.67,INF,-1,0,7,0
680,1,1,-1.642,-7.014,-0.15,-0.66,-0.15,-0.66,INF,-1,1,7,0
700,1,1,-1.927,-7.448,-0.18,-0.70,-0.18,-0.70,INF,-1,1,7,0
720,1,1,-1.061,-7.571,-0.10,-0.71,-0.10,-0.71,INF,-1,1,7,0
740,1,1,-1.866,-7.401,-0.17,-0.69,-0.17,-0.69,INF,-1,1,7,0
760,1,1,-1.650,-6.122,-0.15,-0.57,-0.15,-0.57,INF,-1,1,7,0
780,1,1,-1.457,-7.093,-0.14,-0.66,-0.14,-0.66,INF,-1,1,7,0
800,1,1,2.596,-5.529,0.24,-0.52,0.24,-0.52,INF,-1,1,7,0
820,1,1,2.646,-5.775,0.25,-0.54,0.25,-0.54,INF,-1,1,7,0
840,1,1,2.236,-7.120,0.21,-0.67,0.21,-0.67,INF,-1,1,7,0
860,1,1,2.520,-6.035,0.24,-0.56,0.24,-0.56,INF,-1,1,7,0
880,1,1,2.021,-5.486,0.19,-0.51,0.19,-0.51,INF,-1,1,7,0
900,1,1,1.857,-6.337,0.17,-0.59,0.17,-0.59,INF,-1,1,7,0
920,1,1,2.482,-5.011,0.23,-0.47,0.23,-0.47,INF,-1,1,7,0
940,1,1,38.690,17.728,3.61,1.65,3.61,1.66,INF,-1,1,7,0
960,1,1,41.929,20.010,3.91,1.87,3.91,1.87,INF,-1,1,7,0
980,1,1,40.129,19.547,3.75,1.82,3.74,1.83,INF,-1,0,7,0
1000,1,1,39.871,20.245,3.72,1.89,3.72,1.89,INF,-1,0,7,0
1020,1,1,39.978,19.762,3.73,1.84,3.73,1.85,INF,-1,0,7,0
1040,1,1,40.479,20.603,3.78,1.92,3.78,1.92,INF,-1,0,7,0
1060,1,1,40.940,20.985,3.82,1.96,3.82,1.96,INF,-1,0,7,0
1080,1,1,40.324,20.761,3.76,1.94,3.76,1.94,INF,-1,0,7,0
1100,1,1,40.104,20.415,3.74,1.90,3.74,1.91,INF,-1,0,7,0
1120,1,1,39.087,21.232,3.65,1.98,3.65,1.98,INF,-1,0,7,0
1140,1,1,40.782,21.485,3.81,2.00,3.80,2.01,INF,-1,0,7,0
1160,1,1,40.421,21.607,3.77,2.01,3.77,2.02,INF,-1,0,7,0
1180,1,1,36.099,20.036,3.37,1.87,3.37,1.87,INF,-1,0,7,0
1200,1,1,37.723,20.261,3.52,1.89,3.52,1.89,INF,-1,0,7,0
1220,1,1,36.879,20.299,3.44,1.89,3.44,1.90,INF,-1,1,7,0
1240,1,1,36.747,21.692,3.43,2.02,3.43,2.03,INF,-1,1,7,0
1260,1,1,36.767,20.358,3.43,1.90,3.43,1.90,INF,-1,1,7,0
1280,1,1,37.104,21.125,3.46,1.97,3.46,1.97,INF,-1,1,7,0
1300,1,1,36.754,20.868,3.43,1.95,3.43,1.95,INF,-1,1,7,0
1320,1,1,37.007,20.968,3.45,1.96,3.45,1.96,INF,-1,1,7,0
1340,1,1,39.259,20.764,3.66,1.94,3.66,1.94,INF,-1,1,7,0
1360,1,1,38.626,20.716,3.61,1.93,3.60,1.94,INF,-1,1,7,0
1380,1,1,39.695,21.417,3.71,2.00,3.70,2.00,INF,-1,1,7,0
1400,1,1,39.038,20.580,3.64,1.92,3.64,1.92,INF,-1,1,7,0
1420,1,1,39.038,19.807,3.64,1.85,3.64,1.85,INF,-1,1,7,0
1440,1,1,39.299,19.390,3.67,1.81,3.67,1.81,INF,-1,1,7,0
1460,1,1,12.285,5.783,1.15,0.54,1.15,0.54,INF,-1,1,7,0
1480,1,1,-1.669,-8.258,-0.16,-0.77,-0.16,-0.77,INF,-1,1,7,0
1500,1,1,-0.279,-6.154,-0.03,-0.58,-0.03,-0.58,INF,-1,0,7,0
1520,1,1,-0.387,-6.288,-0.04,-0.59,-0.04,-0.59,INF,-1,0,7,0
1540,1,1,-0.521,-6.480,-0.05,-0.61,-0.05,-0.61,INF,-1,0,7,0
1560,1,1,-1.992,-6.858,-0.19,-0.64,-0.19,-0.64,INF,-1,0,7,0
1580,1,1,-1.221,-7.365,-0.11,-0.69,-0.11,-0.69,INF,-1,0,7,0
1600,1,1,-0.662,-7.205,-0.06,-0.67,-0.06,-0.67,INF,-1,0,7,0
1620,1,1,0.434,-7.302,0.04,-0.68,0.04,-0.68,INF,-1,0,7,0
1640,1,1,0.172,-6.975,0.02,-0.65,0.02,-0.65,INF,-1,0,7,0
1660,1,1,0.438,-7.444,0.04,-0.70,0.04,-0.70,INF,-1,0,7,0
1680,1,1,0.228,-7.965,0.02,-0.74,0.02,-0.74,INF,-1,0,7,0
1700,1,1,-0.205,-8.053,-0.02,-0.75,-0.02,-0.75,INF,-1,0,7,0
1720,1,1,0.798,-7.696,0.07,-0.72,0.07,-0.72,INF,-1,0,7,0
1740,1,1,7.694,-5.150,0.72,-0.48,0.72,-0.48,INF,-1,0,7,0
1760,1,1,7.120,-4.755,0.67,-0.44,0.67,-0.44,INF,-1,1,7,0
1780,1,1,6.068,-5.380,0.57,-0.50,0.57,-0.50,INF,-1,1,7,0
1800,1,1,6.945,-4.900,0.65,-0.46,0.65,-0.46,INF,-1,1,7,0
1820,1,1,7.337,-4.661,0.69,-0.44,0.69,-0.44,INF,-1,1,7,0
1840,1,1,7.198,-4.224,0.67,-0.39,0.67,-0.39,INF,-1,1,7,0
1860,1,1,6.294,-4.399,0.59,-0.41,0.59,-0.41,INF,-1,1,7,0
1880,1,1,6.966,-3.870,0.65,-0.36,0.65,-0.36,INF,-1,1,7,0
1900,1,1,6.763,-4.001,0.63,-0.37,0.63,-0.37,INF,-1,1,7,0
1920,1,1,7.548,-3.758,0.71,-0.35,0.71,-0.35,INF,-1,1,7,0
1940,1,1,7.567,-5.697,0.71,-0.53,0.71,-0.53,INF,-1,1,7,0
1960,1,1,7.162,-3.330,0.67,-0.31,0.67,-0.31,INF,-1,1,7,0
1980,1,1,7.840,-4.343,0.73,-0.41,0.73,-0.41,INF,-1,1,7,0
2000,1,1,7.216,-4.938,0.67,-0.46,0.67,-0.46,INF,-1,1,7,0
2020,1,1,7.064,-4.582,0.66,-0.43,0.66,-0.43,INF,-1,1,7,0
2040,1,1,7.999,-4.730,0.75,-0.44,0.75,-0.44,INF,-1,1,7,0
2060,1,1,8.238,-3.854,0.77,-0.36,0.77,-0.36,INF,-1,1,7,0
2080,1,1,7.530,-4.381,0.70,-0.41,0.70,-0.41,INF,-1,1,7,0
2100,1,1,6.981,-4.403,0.65,-0.41,0.65,-0.41,INF,-1,1,7,0
2120,1,1,7.266,-5.108,0.68,-0.48,0.68,-0.48,INF,-1,1,7,0
2140,1,1,7.855,-5.072,0.73,-0.47,0.73,-0.47,INF,-1,1,7,0
2160,1,1,6.276,-5.211,0.59,-0.49,0.59,-0.49,INF,-1,1,7,0
2180,1,1,6.628,-4.410,0.62,-0.41,0.62,-0.41,INF,-1,1,7,0
2200,1,1,6.691,-3.422,0.63,-0.32,0.63,-0.32,INF,-1,1,7,0
2220,1,1,6.122,-3.818,0.57,-0.36,0.57,-0.36,INF,-1,1,7,0
2240,1,1,6.742,-3.838,0.63,-0.36,0.63,-0.36,INF,-1,1,7,0
2260,1,1,6.164,-3.424,0.58,-0.32,0.58,-0.32,INF,-1,1,7,0
2280,1,1,7.196,-3.684,0.67,-0.34,0.67,-0.34,INF,-1,1,7,0
2300,1,1,6.429,-2.738,0.60,-0.26,0.60,-0.26,INF,-1,1,7,0
2320,1,1,7.514,-3.219,0.70,-0.30,0.70,-0.30,INF,-1,1,7,0
2340,1,1,7.450,-3.009,0.70,-0.28,0.70,-0.28,INF,-1,1,7,0
2360,1,1,6.606,-2.702,0.62,-0.25,0.62,-0.25,INF,-1,1,7,0
2380,1,1,7.981,-4.266,0.75,-0.40,0.75,-0.40,INF,-1,1,7,0
2400,1,1,7.287,-4.015,0.68,-0.38,0.68,-0.38,INF,-1,1,7,0
2420,1,1,6.124,-2.598,0.57,-0.24,0.57,-0.24,INF,-1,1,7,0
2440,1,1,5.762,-4.298,0.54,-0.40,0.54,-0.40,INF,-1,1,7,0
2460,1,1,6.774,-3.833,0.63,-0.36,0.63,-0.36,INF,-1,1,7,0
2480,1,1,7.447,-2.982,0.70,-0.28,0.70,-0.28,INF,-1,1,7,0
2500,1,1,7.063,-3.423,0.66,-0.32,0.66,-0.32,INF,-1,1,7,0
2520,1,1,7.409,-4.350,0.69,-0.41,0.69,-0.41,INF,-1,1,7,0
2540,1,1,6.576,-2.853,0.61,-0.27,0.61,-0.27,INF,-1,1,7,0
2560,1,1,6.822,-1.307,0.64,-0.12,0.64,-0.12,INF,-1,1,7,0
2580,1,1,8.162,-1.923,0.76,-0.18,0.76,-0.18,INF,-1,1,7,0
2600,1,1,7.492,-2.278,0.70,-0.21,0.70,-0.21,INF,-1,1,7,0
2620,1,1,8.095,-2.261,0.76,-0.21,0.76,-0.21,INF,-1,1,7,0
2640,1,1,7.629,-2.661,0.71,-0.25,0.71,-0.25,INF,-1,1,7,0
2660,1,1,6.804,-1.792,0.64,-0.17,0.64,-0.17,INF,-1,1,7,0
2680,1,1,7.592,-2.443,0.71,-0.23,0.71,-0.23,INF,-1,1,7,0
2700,1,1,6.947,-1.110,0.65,-0.10,0.65,-0.10,INF,-1,1,7,0
2720,1,1,6.536,-0.478,0.61,-0.04,0.61,-0.04,INF,-1,1,7,0
2740,1,1,6.385,-0.978,0.60,-0.09,0.60,-0.09,INF,-1,1,7,0
2760,1,1,6.675,-0.994,0.62,-0.09,0.62,-0.09,INF,-1,1,7,0
2780,1,1,6.823,-1.071,0.64,-0.10,0.64,-0.10,INF,-1,1,7,0
2800,1,1,7.460,-1.117,0.70,-0.10,0.70,-0.10,INF,-1,1,7,0
2820,1,1,7.780,-0.032,0.73,0.00,0.73,0.00,INF,-1,1,7,0
2840,1,1,7.327,-0.528,0.68,-0.05,0.68,-0.05,INF,-1,1,7,0
2860,1,1,8.005,-0.704,0.75,-0.07,0.75,-0.07,INF,-1,1,7,0
2880,1,1,7.758,0.032,0.73,0.00,0.73,0.00,INF,-1,1,7,0
2900,1,1,7.580,0.528,0.71,0.05,0.71,0.05,INF,-1,1,7,0
2920,1,1,7.397,0.432,0.69,0.04,0.69,0.04,INF,-1,1,7,0
2940,1,1,8.003,0.598,0.75,0.06,0.75,0.06,INF,-1,1,7,0
2960,1,1,8.947,-0.332,0.84,-0.03,0.84,-0.03,INF,-1,1,7,0
2980,1,1,9.109,-0.635,0.85,-0.06,0.85,-0.06,INF,-1,0,7,0
3000,1,1,9.199,0.854,0.86,0.08,0.86,0.08,INF,-1,0,7,0
3020,1,1,8.924,0.083,0.83,0.01,0.83,0.01,INF,-1,0,7,0
3040,1,1,8.938,-0.602,0.84,-0.06,0.84,-0.06,INF,-1,0,7,0
3060,1,1,9.279,-0.631,0.87,-0.06,0.87,-0.06,INF,-1,0,7,0
3080,1,1,9.070,-0.934,0.85,-0.09,0.85,-0.09,INF,-1,0,7,0
3100,1,1,9.688,-1.039,0.91,-0.10,0.91,-0.10,INF,-1,0,7,0
3120,1,1,9.014,-1.335,0.84,-0.12,0.84,-0.12,INF,-1,0,7,0
3140,1,1,9.621,-1.473,0.90,-0.14,0.90,-0.14,INF,-1,0,7,0
3160,1,1,9.443,-2.253,0.88,-0.21,0.88,-0.21,INF,-1,0,7,0
3180,1,1,10.311,-2.288,0.96,-0.21,0.96,-0.21,INF,-1,0,7,0
3200,1,1,10.011,-2.074,0.94,-0.19,0.94,-0.19,INF,-1,0,7,0
3220,1,1,9.309,-2.218,0.87,-0.21,0.87,-0.21,INF,-1,1,7,0
3240,1,1,9.486,-2.090,0.89,-0.20,0.89,-0.20,INF,-1,1,7,0
3260,1,1,9.767,-2.070,0.91,-0.19,0.91,-0.19,INF,-1,1,7,0
3280,1,1,8.026,-2.861,0.75,-0.27,0.75,-0.27,INF,-1,1,7,0
3300,1,1,8.853,-3.033,0.83,-0.28,0.83,-0.28,INF,-1,1,7,0
3320,1,1,12.288,-2.846,1.15,-0.27,1.15,-0.27,INF,-1,1,7,0
3340,1,1,10.600,-1.950,0.99,-0.18,0.99,-0.18,INF,-1,1,7,0
3360,1,1,11.370,-2.571,1.06,-0.24,1.06,-0.24,INF,-1,1,7,0
3380,1,1,11.176,-2.571,1.04,-0.24,1.04,-0.24,INF,-1,1,7,0
3400,1,1,11.088,-1.721,1.04,-0.16,1.04,-0.16,INF,-1,1,7,0
3420,1,1,10.463,-3.021,0.98,-0.28,0.98,-0.28,INF,-1,1,7,0
3440,1,1,10.094,-2.619,0.94,-0.24,0.94,-0.24,INF,-1,1,7,0
3460,1,1,10.134,-2.059,0.95,-0.19,0.95,-0.19,INF,-1,1,7,0
3480,1,1,10.642,-0.898,0.99,-0.08,0.99,-0.08,INF,-1,1,7,0
3500,1,1,9.655,-1.965,0.90,-0.18,0.90,-0.18,INF,-1,1,7,0
3520,1,1,10.760,-1.477,1.01,-0.14,1.01,-0.14,INF,-1,1,7,0
3540,1,1,-4.564,-9.812,-0.43,-0.92,-0.43,-0.92,INF,-1,1,7,0
3560,1,1,-1.233,-9.709,-0.12,-0.91,-0.12,-0.91,INF,-1,1,7,0
3580,1,1,-1.914,-8.764,-0.18,-0.82,-0.18,-0.82,INF,-1,0,7,0
3600,1,1,-1.803,-8.753,-0.17,-0.82,-0.17,-0.82,INF,-1,0,7,0
3620,1,1,-1.641,-8.340,-0.15,-0.78,-0.15,-0.78,INF,-1,0,7,0
3640,1,1,-3.011,-8.809,-0.28,-0.82,-0.28,-0.82,INF,-1,0,7,0
3660,1,1,-2.679,-9.337,-0.25,-0.87,-0.25,-0.87,INF,-1,0,7,0
3680,1,1,-3.563,-9.488,-0.33,-0.89,-0.33,-0.89,INF,-1,0,7,0
3700,1,1,-3.622,-8.501,-0.34,-0.79,-0.34,-0.79,INF,-1,0,7,0
3720,1,1,-3.431,-8.662,-0.32,-0.81,-0.32,-0.81,INF,-1,0,7,0
3740,1,1,-4.441,-8.561,-0.42,-0.80,-0.42,-0.80,INF,-1,0,7,0
3760,1,1,-1.659,-11.189,-0.16,-1.05,-0.16,-1.05,INF,-1,0,7,0
3780,1,1,-0.043,-9.804,0.00,-0.92,0.00,-0.92,INF,-1,0,7,0
3800,0,1,0.000,0.000,0.00,0.00,0.00,0.00,0.00,-1,0,7,0
3820,0,1,0.000,0.000,0.00,0.00,0.00,0.00,0.00,-1,1,7,0
3840,0,1,0.000,0.000,0.00,0.00,0.00,0.00,0.00,-1,1,7,0
3860,0,1,0.000,0.000,0.00,0.00,0.00,0.00,0.00,-1,1,7,0
3880,0,1,0.000,0.000,0.00,0.00,0.00,0.00,0.00,-1,0,7,0
3900,0,1,0.000,0.000,0.00,0.00,0.00,0.00,0.00,-1,0,7,0
3920,0,1,0.000,0.000,0.00,0.00,0.00,0.00,0.00,-1,0,7,0
3940,0,1,0.000,0.000,0.00,0.00,0.00,0.00,0.00,-1,0,7,0
3960,0,1,0.000,0.000,0.00,0.00,0.00,0.00,0.00,-1,0,7,0
3980,0,1,0.000,0.000,0.00,0.00,0.00,0.00,0.00,-1,0,7,0
4000,1,1,-0.699,-60.364,-0.07,-5.62,-0.06,-5.62,INF,-1,0,7,0
4020,0,1,0.000,0.000,0.00,0.00,0.00,0.00,0.00,-1,0,7,0
4040,1,1,-0.024,-19.411,0.00,-1.81,0.00,-1.81,INF,-1,0,7,0
4060,1,1,1.989,-15.915,0.19,-1.49,0.19,-1.49,INF,-1,0,7,0
4080,1,1,3.602,-16.987,0.34,-1.59,0.34,-1.59,INF,-1,0,7,0
4100,1,1,2.921,-16.305,0.27,-1.52,0.27,-1.52,INF,-1,0,7,0
4120,1,1,2.466,-18.723,0.23,-1.75,0.23,-1.75,INF,-1,0,7,0
4140,1,1,2.677,-17.119,0.25,-1.60,0.25,-1.60,INF,-1,0,7,0
4160,1,1,2.895,-18.058,0.27,-1.69,0.27,-1.69,INF,-1,0,7,0
4180,1,1,2.676,-18.900,0.25,-1.77,0.25,-1.77,INF,-1,0,7,0
4200,1,1,2.235,-19.314,0.21,-1.80,0.21,-1.80,INF,-1,0,7,0
4220,1,1,2.206,-19.198,0.21,-1.79,0.21,-1.79,INF,-1,0,7,0
4240,1,1,-3.922,-16.690,-0.37,-1.56,-0.37,-1.56,INF,-1,0,7,0
4260,1,1,-3.931,-15.762,-0.37,-1.47,-0.37,-1.47,INF,-1,0,7,0
4280,1,1,-4.088,-16.533,-0.38,-1.54,-0.38,-1.54,INF,-1,0,7,0
4300,1,1,-4.696,-17.417,-0.44,-1.63,-0.44,-1.63,INF,-1,0,7,0
4320,1,1,-4.092,-16.089,-0.38,-1.50,-0.38,-1.50,INF,-1,1,7,0
4340,1,1,-3.491,-15.460,-0.33,-1.44,-0.33,-1.44,INF,-1,1,7,0
4360,1,1,-4.859,-16.975,-0.45,-1.59,-0.45,-1.59,INF,-1,1,7,0
4380,1,1,-5.518,-15.021,-0.52,-1.40,-0.52,-1.40,INF,-1,1,7,0
4400,1,1,-5.626,-15.069,-0.53,-1.41,-0.53,-1.41,INF,-1,1,7,0
4420,1,1,-6.041,-16.349,-0.56,-1.53,-0.56,-1.53,INF,-1,1,7,0
4440,1,1,-5.800,-15.841,-0.54,-1.48,-0.54,-1.48,INF,-1,1,7,0
4460,1,1,-5.948,-12.834,-0.56,-1.20,-0.56,-1.20,INF,-1,1,7,0
4480,1,1,-4.696,-9.498,-0.44,-0.89,-0.44,-0.89,INF,-1,1,7,0
4500,1,1,-4.513,-9.649,-0.42,-0.90,-0.42,-0.90,INF,-1,1,7,0
4520,1,1,-3.777,-10.219,-0.35,-0.96,-0.35,-0.96,INF,-1,1,7,0
4540,1,1,-5.544,-10.139,-0.52,-0.95,-0.52,-0.95,INF,-1,1,7,0
4560,1,1,-5.140,-10.655,-0.48,-1.00,-0.48,-1.00,INF,-1,1,7,0
4580,1,1,-4.640,-10.661,-0.43,-1.00,-0.43,-1.00,INF,-1,1,7,0
4600,1,1,-5.527,-10.543,-0.52,-0.99,-0.52,-0.99,INF,-1,1,7,0
4620,1,1,-4.883,-9.023,-0.46,-0.84,-0.46,-0.84,INF,-1,1,7,0
4640,1,1,-4.314,-10.096,-0.40,-0.94,-0.40,-0.94,INF,-1,1,7,0
4660,1,1,-4.829,-9.453,-0.45,-0.88,-0.45,-0.88,INF,-1,1,7,0
4680,1,1,-4.621,-9.193,-0.43,-0.86,-0.43,-0.86,INF,-1,1,7,0
4700,1,1,-4.166,-8.653,-0.39,-0.81,-0.39,-0.81,INF,-1,1,7,0
4720,1,1,-4.567,-9.987,-0.43,-0.93,-0.43,-0.93,INF,-1,1,7,0
4740,1,1,-4.537,-9.184,-0.42,-0.86,-0.42,-0.86,INF,-1,1,7,0
4760,1,1,6.531,-0.085,0.61,-0.01,0.61,-0.01,INF,-1,1,7,0
4780,1,1,4.283,-0.083,0.40,-0.01,0.40,-0.01,INF,-1,1,7,0
4800,1,1,5.116,-0.740,0.48,-0.07,0.48,-0.07,INF,-1,0,7,0
4820,1,1,5.223,-1.058,0.49,-0.10,0.49,-0.10,INF,-1,0,7,0
4840,1,1,6.478,-1.508,0.61,-0.14,0.61,-0.14,INF,-1,0,7,0
4860,1,1,5.500,-0.399,0.51,-0.04,0.51,-0.04,INF,-1,0,7,0
4880,1,1,6.552,-0.670,0.61,-0.06,0.61,-0.06,INF,-1,0,7,0
4900,1,1,6.119,-0.726,0.57,-0.07,0.57,-0.07,INF,-1,0,7,0
4920,1,1,5.877,-1.504,0.55,-0.14,0.55,-0.14,INF,-1,0,7,0
4940,1,1,5.859,-0.401,0.55,-0.04,0.55,-0.04,INF,-1,0,7,0
4960,1,1,5.360,-0.326,0.50,-0.03,0.50,-0.03,INF,-1,0,7,0
4980,1,1,6.410,0.337,0.60,0.03,0.60,0.03,INF,-1,0,7,0
5000,1,1,6.453,-0.457,0.60,-0.04,0.60,-0.04,INF,-1,0,7,0
5020,1,1,6.272,-0.442,0.59,-0.04,0.59,-0.04,INF,-1,0,7,0
5040,1,1,5.676,-0.286,0.53,-0.03,0.53,-0.03,INF,-1,1,7,0
5060,1,1,6.614,1.072,0.62,0.10,0.62,0.10,INF,-1,1,7,0
5080,1,1,4.927,0.218,0.46,0.02,0.46,0.02,INF,-1,1,7,0
5100,1,1,5.789,-0.291,0.54,-0.03,0.54,-0.03,INF,-1,1,7,0
5120,1,1,5.666,0.179,0.53,0.02,0.53,0.02,INF,-1,1,7,0
5140,1,1,6.185,-0.255,0.58,-0.02,0.58,-0.02,INF,-1,1,7,0
5160,1,1,5.383,0.097,0.50,0.01,0.50,0.01,INF,-1,1,7,0
5180,1,1,5.532,0.242,0.52,0.02,0.52,0.02,INF,-1,1,7,0
5200,1,1,5.639,0.162,0.53,0.02,0.53,0.02,INF,-1,1,7,0
5220,1,1,5.810,0.060,0.54,0.01,0.54,0.01,INF,-1,1,7,0
5240,1,1,5.505,1.304,0.51,0.12,0.51,0.12,INF,-1,1,7,0
5260,1,1,6.221,1.563,0.58,0.15,0.58,0.15,INF,-1,1,7,0
5280,1,1,5.725,0.595,0.54,0.06,0.54,0.06,INF,-1,1,7,0
5300,1,1,5.424,-0.029,0.51,0.00,0.51,0.00,INF,-1,1,7,0
5320,1,1,5.572,1.024,0.52,0.10,0.52,0.10,INF,-1,1,7,0
5340,1,1,5.679,1.477,0.53,0.14,0.53,0.14,INF,-1,1,7,0
5360,1,1,5.901,0.537,0.55,0.05,0.55,0.05,INF,-1,1,7,0
5380,1,1,5.336,0.467,0.50,0.04,0.50,0.04,INF,-1,1,7,0
5400,1,1,4.749,-0.189,0.44,-0.02,0.44,-0.02,INF,-1,1,7,0
5420,1,1,4.101,0.257,0.38,0.02,0.38,0.02,INF,-1,1,7,0
5440,1,1,4.880,0.674,0.46,0.06,0.46,0.06,INF,-1,1,7,0
5460,1,1,4.812,1.102,0.45,0.10,0.45,0.10,INF,-1,1,7,0
5480,1,1,4.569,0.715,0.43,0.07,0.43,0.07,INF,-1,1,7,0
5500,1,1,4.777,0.227,0.45,0.02,0.45,0.02,INF,-1,1,7,0
5520,1,1,5.224,0.914,0.49,0.09,0.49,0.09,INF,-1,1,7,0
5540,1,1,5.480,-0.058,0.51,-0.01,0.51,-0.01,INF,-1,1,7,0
5560,1,1,4.672,1.081,0.44,0.10,0.44,0.10,INF,-1,1,7,0
5580,1,1,3.777,0.660,0.35,0.06,0.35,0.06,INF,-1,1,7,0
5600,1,1,4.173,0.213,0.39,0.02,0.39,0.02,INF,-1,1,7,0
5620,1,1,4.052,-0.867,0.38,-0.08,0.38,-0.08,INF,-1,1,7,0
5640,1,1,41.315,21.361,3.86,1.99,3.85,2.00,INF,-1,1,7,0
5660,1,1,41.685,22.324,3.89,2.08,3.89,2.09,INF,-1,1,7,0
5680,1,1,41.221,22.801,3.85,2.13,3.84,2.13,INF,-1,0,7,0
5700,1,1,41.149,23.551,3.84,2.20,3.84,2.20,INF,-1,0,7,0
5720,1,1,40.894,23.088,3.82,2.15,3.81,2.16,INF,-1,0,7,0
5740,1,1,40.382,22.808,3.77,2.13,3.77,2.13,INF,-1,0,7,0
5760,1,1,40.322,23.055,3.76,2.15,3.76,2.15,INF,-1,0,7,0
5780,1,1,41.072,21.758,3.83,2.03,3.83,2.03,INF,-1,0,7,0
5800,1,1,40.223,22.659,3.75,2.11,3.75,2.12,INF,-1,0,7,0
5820,1,1,42.638,21.941,3.98,2.04,3.98,2.05,INF,-1,0,7,0
5840,1,1,41.376,21.938,3.86,2.04,3.86,2.05,INF,-1,0,7,0
5860,1,1,41.023,22.789,3.83,2.12,3.83,2.13,INF,-1,0,7,0
5880,1,1,41.822,22.446,3.90,2.09,3.90,2.10,INF,-1,0,7,0
5900,1,1,40.830,21.071,3.81,1.96,3.81,1.97,INF,-1,0,7,0
5920,1,1,39.804,21.237,3.72,1.98,3.71,1.98,INF,-1,1,7,0
5940,1,1,39.161,20.525,3.66,1.91,3.65,1.92,INF,-1,1,7,0
5960,1,1,39.629,21.418,3.70,2.00,3.70,2.00,INF,-1,1,7,0
5980,1,1,38.942,21.083,3.63,1.97,3.63,1.97,INF,-1,1,7,0
6000,1,1,39.816,21.519,3.72,2.01,3.71,2.01,INF,-1,1,7,0
6020,1,1,-13.547,-7.587,-1.27,-0.71,-1.27,-0.71,INF,-1,1,7,0
6040,1,1,3.710,0.654,0.35,0.06,0.35,0.06,INF,-1,1,7,0
6060,1,1,2.161,0.987,0.20,0.09,0.20,0.09,INF,-1,0,7,0
6080,1,1,1.349,0.811,0.13,0.08,0.13,0.08,INF,-1,0,7,0
6100,1,1,0.748,1.273,0.07,0.12,0.07,0.12,INF,-1,0,7,0
6120,1,1,0.374,0.165,0.03,0.02,0.03,0.02,INF,-1,0,7,0
6140,1,1,1.374,-0.173,0.13,-0.02,0.13,-0.02,INF,-1,0,7,0
6160,1,1,-0.210,-0.157,-0.02,-0.01,-0.02,-0.01,INF,-1,0,7,0
6180,1,1,1.269,0.186,0.12,0.02,0.12,0.02,INF,-1,0,7,0
6200,1,1,0.568,-0.210,0.05,-0.02,0.05,-0.02,INF,-1,0,7,0
6220,1,1,0.664,-0.262,0.06,-0.02,0.06,-0.02,INF,-1,0,7,0
6240,1,1,1.222,1.177,0.11,0.11,0.11,0.11,INF,-1,0,7,0
6260,1,1,0.210,0.833,0.02,0.08,0.02,0.08,INF,-1,0,7,0
6280,1,1,1.522,-0.556,0.14,-0.05,0.14,-0.05,INF,-1,0,7,0
6300,1,1,0.964,-0.100,0.09,-0.01,0.09,-0.01,INF,-1,0,7,0
6320,1,1,1.063,-0.936,0.10,-0.09,0.10,-0.09,INF,-1,1,7,0
6340,1,1,1.363,0.154,0.13,0.01,0.13,0.01,INF,-1,1,7,0
6360,1,1,0.872,-0.571,0.08,-0.05,0.08,-0.05,INF,-1,1,7,0
6380,1,1,0.872,-0.286,0.08,-0.03,0.08,-0.03,INF,-1,1,7,0
6400,1,1,1.206,-0.337,0.11,-0.03,0.11,-0.03,INF,-1,1,7,0
6420,1,1,1.595,-1.312,0.15,-0.12,0.15,-0.12,INF,-1,1,7,0
6440,1,1,1.336,-0.288,0.12,-0.03,0.12,-0.03,INF,-1,1,7,0
6460,1,1,2.098,-0.206,0.20,-0.02,0.20,-0.02,INF,-1,1,7,0
6480,1,1,3.148,-0.986,0.29,-0.09,0.29,-0.09,INF,-1,1,7,0
6500,1,1,3.667,-0.827,0.34,-0.08,0.34,-0.08,INF,-1,1,7,0
6520,1,1,3.396,0.392,0.32,0.04,0.32,0.04,INF,-1,1,7,0
6540,1,1,1.686,-0.538,0.16,-0.05,0.16,-0.05,INF,-1,1,7,0
6560,1,1,1.970,0.369,0.18,0.03,0.18,0.03,INF,-1,1,7,0
6580,1,1,2.669,-0.493,0.25,-0.05,0.25,-0.05,INF,-1,1,7,0
6600,1,1,2.497,-0.241,0.23,-0.02,0.23,-0.02,INF,-1,1,7,0
6620,1,1,1.960,-0.509,0.18,-0.05,0.18,-0.05,INF,-1,1,7,0
6640,1,1,2.127,-0.146,0.20,-0.01,0.20,-0.01,INF,-1,1,7,0
6660,1,1,3.841,-1.321,0.36,-0.12,0.36,-0.12,INF,-1,1,7,0
6680,1,1,5.100,-2.538,0.48,-0.24,0.48,-0.24,INF,-1,1,7,0
6700,1,1,4.344,-2.341,0.41,-0.22,0.41,-0.22,INF,-1,1,7,0
6720,1,1,4.369,-1.760,0.41,-0.16,0.41,-0.16,INF,-1,1,7,0
6740,1,1,4.447,-1.258,0.42,-0.12,0.42,-0.12,INF,-1,1,7,0
6760,1,1,4.897,-2.727,0.46,-0.25,0.46,-0.25,INF,-1,1,7,0
6780,1,1,5.353,-1.869,0.50,-0.17,0.50,-0.17,INF,-1,1,7,0
6800,1,1,4.906,-2.759,0.46,-0.26,0.46,-0.26,INF,-1,1,7,0
6820,1,1,5.327,-2.508,0.50,-0.23,0.50,-0.23,INF,-1,1,7,0
6840,1,1,4.875,-1.956,0.46,-0.18,0.46,-0.18,INF,-1,1,7,0
6860,1,1,4.933,-2.829,0.46,-0.26,0.46,-0.26,INF,-1,1,7,0
6880,1,1,4.600,-2.105,0.43,-0.20,0.43,-0.20,INF,-1,1,7,0
6900,1,1,4.384,-2.728,0.41,-0.25,0.41,-0.25,INF,-1,1,7,0
6920,1,1,0.770,-6.287,0.07,-0.59,0.07,-0.59,INF,-1,1,7,0
6940,1,1,-4.416,-13.622,-0.41,-1.27,-0.41,-1.27,INF,-1,1,7,0
6960,1,1,-2.740,-13.639,-0.26,-1.27,-0.26,-1.27,INF,-1,1,7,0
6980,1,1,-2.893,-13.818,-0.27,-1.29,-0.27,-1.29,INF,-1,0,7,0
7000,1,1,-3.238,-13.806,-0.30,-1.29,-0.30,-1.29,INF,-1,0,7,0
7020,1,1,-3.518,-13.175,-0.33,-1.23,-0.33,-1.23,INF,-1,0,7,0
7040,1,1,-3.854,-14.352,-0.36,-1.34,-0.36,-1.34,INF,-1,0,7,0
7060,1,1,-3.339,-13.658,-0.31,-1.28,-0.31,-1.28,INF,-1,0,7,0
7080,1,1,-3.244,-13.855,-0.30,-1.29,-0.30,-1.29,INF,-1,0,7,0
7100,1,1,-3.026,-13.879,-0.28,-1.30,-0.28,-1.30,INF,-1,0,7,0
7120,1,1,-3.317,-13.123,-0.31,-1.23,-0.31,-1.23,INF,-1,0,7,0
7140,1,1,-3.449,-14.372,-0.32,-1.34,-0.32,-1.34,INF,-1,0,7,0
7160,1,1,-3.141,-13.668,-0.29,-1.28,-0.29,-1.28,INF,-1,0,7,0
7180,1,1,-3.410,-13.488,-0.32,-1.26,-0.32,-1.26,INF,-1,0,7,0
7200,1,1,-2.448,-13.482,-0.23,-1.26,-0.23,-1.26,INF,-1,0,7,0
7220,1,1,-3.373,-13.781,-0.32,-1.29,-0.32,-1.29,INF,-1,1,7,0
7240,1,1,-3.235,-14.113,-0.30,-1.32,-0.30,-1.32,INF,-1,1,7,0
7260,1,1,-3.531,-12.868,-0.33,-1.20,-0.33,-1.20,INF,-1,1,7,0
7280,1,1,-3.695,-12.962,-0.35,-1.21,-0.35,-1.21,INF,-1,1,7,0
7300,1,1,-3.793,-13.847,-0.35,-1.29,-0.35,-1.29,INF,-1,1,7,0
7320,1,1,-3.545,-14.558,-0.33,-1.36,-0.33,-1.36,INF,-1,1,7,0
7340,1,1,-3.317,-13.552,-0.31,-1.27,-0.31,-1.27,INF,-1,1,7,0
7360,1,1,-3.118,-13.672,-0.29,-1.28,-0.29,-1.28,INF,-1,1,7,0
7380,1,1,-4.137,-12.752,-0.39,-1.19,-0.39,-1.19,INF,-1,1,7,0
7400,1,1,-4.137,-13.289,-0.39,-1.24,-0.39,-1.24,INF,-1,1,7,0
7420,1,1,-3.637,-13.377,-0.34,-1.25,-0.34,-1.25,INF,-1,1,7,0
7440,1,1,-4.296,-12.975,-0.40,-1.21,-0.40,-1.21,INF,-1,1,7,0
7460,1,1,-3.922,-14.037,-0.37,-1.31,-0.37,-1.31,INF,-1,1,7,0
7480,1,1,-2.706,-13.844,-0.25,-1.29,-0.25,-1.29,INF,-1,1,7,0
7500,1,1,-2.715,-13.303,-0.25,-1.24,-0.25,-1.24,INF,-1,1,7,0
7520,1,1,-2.932,-14.396,-0.27,-1.35,-0.27,-1.35,INF,-1,1,7,0
7540,1,1,-3.382,-13.986,-0.32,-1.31,-0.32,-1.31,INF,-1,1,7,0
7560,1,1,-2.499,-13.757,-0.23,-1.29,-0.23,-1.29,INF,-1,1,7,0
7580,1,1,-1.640,-13.197,-0.15,-1.23,-0.15,-1.23,INF,-1,1,7,0
7600,1,1,3.791,-1.971,0.35,-0.18,0.35,-0.18,INF,-1,1,7,0
7620,1,1,2.224,-3.724,0.21,-0.35,0.21,-0.35,INF,-1,1,7,0
7640,1,1,2.704,-4.575,0.25,-0.43,0.25,-0.43,INF,-1,0,7,0
7660,1,1,3.443,-3.817,0.32,-0.36,0.32,-0.36,INF,-1,0,7,0
7680,1,1,2.770,-4.061,0.26,-0.38,0.26,-0.38,INF,-1,0,7,0
7700,1,1,3.367,-4.601,0.31,-0.43,0.31,-0.43,INF,-1,0,7,0
7720,1,1,3.056,-3.848,0.29,-0.36,0.29,-0.36,INF,-1,0,7,0
7740,1,1,2.816,-5.021,0.26,-0.47,0.26,-0.47,INF,-1,0,7,0
7760,1,1,3.274,-4.532,0.31,-0.42,0.31,-0.42,INF,-1,0,7,0
7780,1,1,3.300,-4.809,0.31,-0.45,0.31,-0.45,INF,-1,0,7,0
7800,1,1,2.906,-3.991,0.27,-0.37,0.27,-0.37,INF,-1,0,7,0
7820,1,1,1.841,-3.499,0.17,-0.33,0.17,-0.33,INF,-1,0,7,0
7840,1,1,3.923,-3.170,0.37,-0.30,0.37,-0.30,INF,-1,0,7,0
7860,1,1,3.390,-4.043,0.32,-0.38,0.32,-0.38,INF,-1,0,7,0
7880,1,1,1.979,-4.953,0.18,-0.46,0.18,-0.46,INF,-1,1,7,0
7900,1,1,3.138,-4.048,0.29,-0.38,0.29,-0.38,INF,-1,1,7,0
7920,1,1,2.919,-3.891,0.27,-0.36,0.27,-0.36,INF,-1,1,7,0
7940,1,1,6.304,-3.442,0.59,-0.32,0.59,-0.32,INF,-1,1,7,0
7960,1,1,6.428,-0.678,0.60,-0.06,0.60,-0.06,INF,-1,1,7,0
7980,1,1,6.151,-1.701,0.57,-0.16,0.57,-0.16,INF,-1,1,7,0
8000,1,1,6.430,-1.603,0.60,-0.15,0.60,-0.15,INF,-1,1,7,0
8020,1,1,5.865,-1.770,0.55,-0.17,0.55,-0.17,INF,-1,1,7,0
8040,1,1,6.918,-1.435,0.65,-0.13,0.65,-0.13,INF,-1,1,7,0
8060,1,1,5.934,-1.679,0.55,-0.16,0.55,-0.16,INF,-1,1,7,0
8080,1,1,6.601,-2.305,0.62,-0.22,0.62,-0.22,INF,-1,1,7,0
8100,1,1,6.391,-1.147,0.60,-0.11,0.60,-0.11,INF,-1,1,7,0
8120,1,1,6.826,-0.964,0.64,-0.09,0.64,-0.09,INF,-1,1,7,0
8140,1,1,6.636,-1.432,0.62,-0.13,0.62,-0.13,INF,-1,1,7,0
8160,1,1,5.742,-0.584,0.54,-0.05,0.54,-0.05,INF,-1,1,7,0
8180,1,1,4.923,0.100,0.46,0.01,0.46,0.01,INF,-1,1,7,0
8200,1,1,4.590,-2.131,0.43,-0.20,0.43,-0.20,INF,-1,1,7,0
8220,1,1,4.921,-1.449,0.46,-0.14,0.46,-0.14,INF,-1,1,7,0
8240,1,1,5.976,-2.396,0.56,-0.22,0.56,-0.22,INF,-1,1,7,0
8260,1,1,7.233,-3.148,0.68,-0.29,0.68,-0.29,INF,-1,1,7,0
8280,1,1,21.458,16.963,2.00,1.58,2.00,1.59,INF,-1,1,7,0
8300,1,1,20.625,17.572,1.93,1.64,1.93,1.64,INF,-1,1,7,0
8320,1,1,21.200,17.097,1.98,1.60,1.98,1.60,INF,-1,0,7,0
8340,1,1,21.535,17.101,2.01,1.60,2.01,1.60,INF,-1,0,7,0
8360,1,1,22.409,17.762,2.09,1.66,2.09,1.66,INF,-1,0,7,0
8380,1,1,20.708,17.004,1.93,1.59,1.93,1.59,INF,-1,0,7,0
8400,1,1,20.230,17.682,1.89,1.65,1.89,1.65,INF,-1,0,7,0
8420,1,1,20.394,17.587,1.91,1.64,1.90,1.64,INF,-1,0,7,0
8440,1,1,25.399,16.493,2.37,1.54,2.37,1.54,INF,-1,0,7,0
8460,1,1,41.331,21.327,3.86,1.99,3.85,1.99,INF,-1,0,7,0
8480,1,1,39.910,20.589,3.73,1.92,3.72,1.92,INF,-1,0,7,0
8500,1,1,40.063,21.004,3.74,1.96,3.74,1.96,INF,-1,0,7,0
8520,1,1,39.884,19.831,3.72,1.85,3.72,1.85,INF,-1,0,7,0
8540,1,1,40.117,19.216,3.74,1.79,3.74,1.80,INF,-1,0,7,0
8560,1,1,40.038,20.243,3.74,1.89,3.73,1.89,INF,-1,0,7,0
8580,1,1,40.145,21.140,3.75,1.97,3.74,1.98,INF,-1,1,7,0
8600,1,1,40.169,21.377,3.75,1.99,3.75,2.00,INF,-1,1,7,0
8620,1,1,39.825,20.542,3.72,1.92,3.72,1.92,INF,-1,1,7,0
8640,1,1,39.771,21.247,3.71,1.98,3.71,1.99,INF,-1,1,7,0
8660,1,1,40.083,19.975,3.74,1.86,3.74,1.87,INF,-1,1,7,0
8680,1,1,40.228,23.215,3.75,2.16,3.75,2.17,INF,-1,1,7,0
8700,1,1,41.479,23.182,3.87,2.16,3.87,2.17,INF,-1,1,7,0
8720,1,1,40.671,22.948,3.80,2.14,3.79,2.14,INF,-1,0,7,0
8740,1,1,40.717,23.285,3.80,2.17,3.80,2.18,INF,-1,0,7,0
8760,1,1,40.951,23.478,3.82,2.19,3.82,2.19,INF,-1,0,7,0
8780,1,1,40.677,23.709,3.80,2.21,3.79,2.21,INF,-1,0,7,0
8800,1,1,39.489,23.743,3.69,2.21,3.68,2.22,INF,-1,0,7,0
8820,1,1,39.055,23.686,3.65,2.21,3.64,2.21,INF,-1,0,7,0
8840,1,1,40.827,25.595,3.81,2.39,3.81,2.39,INF,-1,0,7,0
8860,1,1,40.494,23.332,3.78,2.17,3.78,2.18,INF,-1,0,7,0
8880,1,1,40.234,24.336,3.76,2.27,3.75,2.27,INF,-1,0,7,0
8900,1,1,41.410,24.104,3.86,2.25,3.86,2.25,INF,-1,0,7,0
8920,1,1,42.117,24.355,3.93,2.27,3.93,2.28,INF,-1,0,7,0
8940,1,1,40.254,25.085,3.76,2.34,3.75,2.34,INF,-1,0,7,0
8960,1,1,41.040,23.767,3.83,2.22,3.83,2.22,INF,-1,1,7,0
8980,1,1,40.573,23.756,3.79,2.21,3.78,2.22,INF,-1,1,7,0
9000,1,1,41.997,23.630,3.92,2.20,3.92,2.21,INF,-1,1,7,0
9020,1,1,-14.538,-19.259,-1.36,-1.80,-1.36,-1.80,INF,-1,1,7,0
9040,1,1,-2.453,-12.573,-0.23,-1.17,-0.23,-1.17,INF,-1,1,7,0
9060,1,1,-3.333,-11.676,-0.31,-1.09,-0.31,-1.09,INF,-1,0,7,0
9080,1,1,-2.371,-11.899,-0.22,-1.11,-0.22,-1.11,INF,-1,0,7,0
9100,1,1,-2.481,-12.212,-0.23,-1.14,-0.23,-1.14,INF,-1,0,7,0
9120,1,1,-3.152,-12.451,-0.29,-1.16,-0.29,-1.16,INF,-1,0,7,0
9140,1,1,-2.018,-12.874,-0.19,-1.20,-0.19,-1.20,INF,-1,0,7,0
9160,1,1,-3.441,-13.046,-0.32,-1.22,-0.32,-1.22,INF,-1,0,7,0
9180,1,1,-1.074,-13.074,-0.10,-1.22,-0.10,-1.22,INF,-1,0,7,0
9200,1,1,-2.273,-13.419,-0.21,-1.25,-0.21,-1.25,INF,-1,0,7,0
9220,1,1,-2.716,-13.158,-0.25,-1.23,-0.25,-1.23,INF,-1,0,7,0
9240,1,1,-1.707,-14.763,-0.16,-1.38,-0.16,-1.38,INF,-1,0,7,0
9260,1,1,-1.445,-14.218,-0.14,-1.33,-0.14,-1.33,INF,-1,0,7,0
9280,1,1,-1.678,-14.669,-0.16,-1.37,-0.16,-1.37,INF,-1,0,7,0
9300,1,1,-1.593,-14.757,-0.15,-1.38,-0.15,-1.38,INF,-1,0,7,0
9320,1,1,-1.894,-14.029,-0.18,-1.31,-0.18,-1.31,INF,-1,1,7,0
9340,1,1,-1.333,-14.579,-0.12,-1.36,-0.12,-1.36,INF,-1,1,7,0
9360,1,1,-1.543,-14.930,-0.14,-1.40,-0.14,-1.40,INF,-1,1,7,0
9380,1,1,-1.655,-15.808,-0.15,-1.48,-0.15,-1.48,INF,-1,1,7,0
9400,1,1,-0.961,-16.287,-0.09,-1.52,-0.09,-1.52,INF,-1,1,7,0
9420,1,1,-1.811,-15.533,-0.17,-1.45,-0.17,-1.45,INF,-1,1,7,0
9440,1,1,-1.420,-15.305,-0.13,-1.43,-0.13,-1.43,INF,-1,1,7,0
9460,1,1,-2.253,-16.061,-0.21,-1.50,-0.21,-1.50,INF,-1,1,7,0
9480,1,1,-4.813,-16.820,-0.45,-1.57,-0.45,-1.57,INF,-1,1,7,0
9500,1,1,-3.669,-16.788,-0.34,-1.57,-0.34,-1.57,INF,-1,1,7,0
9520,1,1,-4.265,-16.058,-0.40,-1.50,-0.40,-1.50,INF,-1,1,7,0
9540,1,1,-4.146,-15.466,-0.39,-1.45,-0.39,-1.45,INF,-1,1,7,0
9560,1,1,-4.339,-16.574,-0.41,-1.55,-0.41,-1.55,INF,-1,1,7,0
9580,1,1,-3.536,-15.956,-0.33,-1.49,-0.33,-1.49,INF,-1,1,7,0
9600,1,1,-4.884,-16.638,-0.46,-1.55,-0.46,-1.55,INF,-1,1,7,0
9620,1,1,-5.084,-16.474,-0.48,-1.54,-0.47,-1.54,INF,-1,1,7,0
9640,1,1,-4.477,-15.321,-0.42,-1.43,-0.42,-1.43,INF,-1,1,7,0
9660,1,1,-5.383,-15.230,-0.50,-1.42,-0.50,-1.42,INF,-1,1,7,0
9680,1,1,-0.278,-22.415,-0.03,-2.09,-0.03,-2.09,INF,-1,1,7,0
9700,1,1,-0.188,-23.461,-0.02,-2.19,-0.02,-2.19,INF,-1,1,7,0
9720,1,1,0.962,-23.393,0.09,-2.19,0.09,-2.19,INF,-1,1,7,0
9740,1,1,0.215,-22.756,0.02,-2.13,0.02,-2.13,INF,-1,1,7,0
9760,1,1,-0.170,-21.973,-0.02,-2.05,-0.02,-2.05,INF,-1,1,7,0
9780,1,1,-0.581,-21.754,-0.05,-2.03,-0.05,-2.03,INF,-1,1,7,0
9800,1,1,-1.123,-22.975,-0.10,-2.15,-0.10,-2.15,INF,-1,1,7,0
9820,1,1,-0.222,-23.044,-0.02,-2.15,-0.02,-2.15,INF,-1,1,7,0
9840,1,1,-0.622,-22.477,-0.06,-2.10,-0.06,-2.10,INF,-1,1,7,0
9860,1,1,-0.728,-22.465,-0.07,-2.10,-0.07,-2.10,INF,-1,1,7,0
9880,1,1,-0.307,-21.327,-0.03,-1.99,-0.03,-1.99,INF,-1,1,7,0
9900,1,1,-0.400,-21.928,-0.04,-2.05,-0.04,-2.05,INF,-1,1,7,0
9920,1,1,-0.834,-21.880,-0.08,-2.04,-0.08,-2.04,INF,-1,1,7,0
9940,1,1,-0.081,-21.844,-0.01,-2.04,-0.01,-2.04,INF,-1,1,7,0
9960,1,1,0.450,-21.391,0.04,-2.00,0.04,-2.00,INF,-1,1,7,0
9980,1,1,-0.705,-21.389,-0.07,-2.00,-0.07,-2.00,INF,-1,1,7,0
10000,1,1,-0.377,-22.122,-0.04,-2.07,-0.04,-2.07,INF,-1,1,7,0
10020,1,1,-0.897,-20.939,-0.08,-1.96,-0.08,-1.96,INF,-1,1,7,0
10040,1,1,-0.652,-20.410,-0.06,-1.91,-0.06,-1.91,INF,-1,1,7,0
10060,1,1,0.142,-21.513,0.01,-2.01,0.01,-2.01,INF,-1,1,7,0
10080,1,1,0.764,-21.500,0.07,-2.01,0.07,-2.01,INF,-1,1,7,0
10100,1,1,4.798,-3.446,0.45,-0.32,0.45,-0.32,INF,-1,1,7,0
10120,1,1,3.362,-3.947,0.31,-0.37,0.31,-0.37,INF,-1,1,7,0
10140,1,1,3.112,-4.134,0.29,-0.39,0.29,-0.39,INF,-1,0,7,0
10160,1,1,2.631,-4.961,0.25,-0.46,0.25,-0.46,INF,-1,0,7,0
10180,1,1,3.536,-5.357,0.33,-0.50,0.33,-0.50,INF,-1,0,7,0
10200,1,1,4.311,-5.110,0.40,-0.48,0.40,-0.48,INF,-1,0,7,0
10220,1,1,3.010,-5.672,0.28,-0.53,0.28,-0.53,INF,-1,0,7,0
10240,1,1,3.463,-4.848,0.32,-0.45,0.32,-0.45,INF,-1,0,7,0
10260,1,1,3.248,-5.845,0.30,-0.55,0.30,-0.55,INF,-1,0,7,0
10280,1,1,3.607,-5.317,0.34,-0.50,0.34,-0.50,INF,-1,0,7,0
10300,1,1,3.351,-5.616,0.31,-0.52,0.31,-0.52,INF,-1,0,7,0
10320,1,1,2.382,-4.956,0.22,-0.46,0.22,-0.46,INF,-1,0,7,0
10340,1,1,3.229,-5.005,0.30,-0.47,0.30,-0.47,INF,-1,0,7,0
10360,1,1,2.896,-4.894,0.27,-0.46,0.27,-0.46,INF,-1,0,7,0
10380,1,1,2.236,-5.319,0.21,-0.50,0.21,-0.50,INF,-1,1,7,0
10400,1,1,1.607,-5.486,0.15,-0.51,0.15,-0.51,INF,-1,1,7,0
10420,1,1,3.006,-4.486,0.28,-0.42,0.28,-0.42,INF,-1,1,7,0
10440,1,1,3.257,-4.713,0.30,-0.44,0.30,-0.44,INF,-1,1,7,0
10460,1,1,2.346,-2.976,0.22,-0.28,0.22,-0.28,INF,-1,1,7,0
10480,1,1,3.371,3.543,0.32,0.33,0.32,0.33,INF,-1,1,7,0
10500,1,1,2.948,3.618,0.28,0.34,0.28,0.34,INF,-1,1,7,0
10520,1,1,2.385,2.986,0.22,0.28,0.22,0.28,INF,-1,1,7,0
10540,1,1,3.046,2.553,0.28,0.24,0.28,0.24,INF,-1,1,7,0
10560,1,1,2.054,2.278,0.19,0.21,0.19,0.21,INF,-1,1,7,0
10580,1,1,2.220,3.487,0.21,0.33,0.21,0.33,INF,-1,1,7,0
10600,1,1,1.967,3.794,0.18,0.35,0.18,0.35,INF,-1,1,7,0
10620,1,1,2.139,3.280,0.20,0.31,0.20,0.31,INF,-1,1,7,0
10640,1,1,2.660,3.212,0.25,0.30,0.25,0.30,INF,-1,1,7,0
10660,1,1,2.204,3.150,0.21,0.29,0.21,0.29,INF,-1,1,7,0
10680,1,1,1.282,2.635,0.12,0.25,0.12,0.25,INF,-1,1,7,0
10700,1,1,2.016,2.327,0.19,0.22,0.19,0.22,INF,-1,1,7,0
10720,1,1,2.364,2.334,0.22,0.22,0.22,0.22,INF,-1,1,7,0
10740,1,1,1.632,2.425,0.15,0.23,0.15,0.23,INF,-1,1,7,0
10760,1,1,1.907,2.135,0.18,0.20,0.18,0.20,INF,-1,1,7,0
10780,1,1,2.762,2.926,0.26,0.27,0.26,0.27,INF,-1,1,7,0
10800,1,1,2.592,1.764,0.24,0.16,0.24,0.16,INF,-1,1,7,0
10820,1,1,2.493,1.664,0.23,0.16,0.23,0.16,INF,-1,1,7,0
10840,1,1,2.030,1.313,0.19,0.12,0.19,0.12,INF,-1,1,7,0
10860,1,1,2.232,2.007,0.21,0.19,0.21,0.19,INF,-1,1,7,0
10880,1,1,2.005,1.106,0.19,0.10,0.19,0.10,INF,-1,1,7,0
10900,1,1,2.102,1.399,0.20,0.13,0.20,0.13,INF,-1,1,7,0
10920,1,1,1.435,0.412,0.13,0.04,0.13,0.04,INF,-1,1,7,0
10940,1,1,1.890,0.931,0.18,0.09,0.18,0.09,INF,-1,1,7,0
10960,1,1,1.478,-0.117,0.14,-0.01,0.14,-0.01,INF,-1,1,7,0
10980,1,1,1.984,1.759,0.19,0.16,0.19,0.16,INF,-1,1,7,0
11000,1,1,1.788,0.969,0.17,0.09,0.17,0.09,INF,-1,1,7,0
11020,1,1,2.161,1.457,0.20,0.14,0.20,0.14,INF,-1,1,7,0
11040,1,1,1.800,0.717,0.17,0.07,0.17,0.07,INF,-1,1,7,0
11060,1,1,2.461,1.182,0.23,0.11,0.23,0.11,INF,-1,1,7,0
11080,1,1,1.998,0.745,0.19,0.07,0.19,0.07,INF,-1,1,7,0
11100,1,1,1.912,-1.431,0.18,-0.13,0.18,-0.13,INF,-1,1,7,0
11120,1,1,2.442,-0.684,0.23,-0.06,0.23,-0.06,INF,-1,1,7,0
11140,1,1,1.599,0.185,0.15,0.02,0.15,0.02,INF,-1,1,7,0
11160,1,1,1.783,-0.663,0.17,-0.06,0.17,-0.06,INF,-1,1,7,0
11180,1,1,1.263,0.101,0.12,0.01,0.12,0.01,INF,-1,1,7,0
11200,1,1,1.837,0.193,0.17,0.02,0.17,0.02,INF,-1,1,7,0
11220,1,1,1.557,0.954,0.15,0.09,0.15,0.09,INF,-1,1,7,0
11240,1,1,0.890,0.176,0.08,0.02,0.08,0.02,INF,-1,1,7,0
11260,1,1,1.554,-1.019,0.15,-0.10,0.15,-0.10,INF,-1,1,7,0
11280,1,1,1.618,-1.149,0.15,-0.11,0.15,-0.11,INF,-1,1,7,0
11300,1,1,1.007,0.343,0.09,0.03,0.09,0.03,INF,-1,1,7,0
11320,1,1,1.868,-0.619,0.17,-0.06,0.17,-0.06,INF,-1,1,7,0
11340,1,1,1.738,-0.734,0.16,-0.07,0.16,-0.07,INF,-1,1,7,0
11360,1,1,1.413,-0.180,0.13,-0.02,0.13,-0.02,INF,-1,1,7,0
11380,1,1,1.811,-0.396,0.17,-0.04,0.17,-0.04,INF,-1,1,7,0
11400,1,1,1.367,-0.102,0.13,-0.01,0.13,-0.01,INF,-1,1,7,0
11420,1,1,3.357,0.543,0.31,0.05,0.31,0.05,INF,-1,1,7,0
11440,1,1,3.204,0.324,0.30,0.03,0.30,0.03,INF,-1,1,7,0
11460,1,1,3.048,-0.103,0.28,-0.01,0.28,-0.01,INF,-1,1,7,0
11480,1,1,2.669,-0.693,0.25,-0.06,0.25,-0.06,INF,-1,1,7,0
11500,1,1,3.503,-0.139,0.33,-0.01,0.33,-0.01,INF,-1,1,7,0
11520,1,1,2.905,-1.053,0.27,-0.10,0.27,-0.10,INF,-1,1,7,0
11540,1,1,2.509,0.010,0.23,0.00,0.23,0.00,INF,-1,1,7,0
11560,1,1,3.091,-0.686,0.29,-0.06,0.29,-0.06,INF,-1,1,7,0
11580,1,1,2.138,-0.286,0.20,-0.03,0.20,-0.03,INF,-1,1,7,0
11600,1,1,2.065,0.534,0.19,0.05,0.19,0.05,INF,-1,1,7,0
11620,1,1,2.357,1.069,0.22,0.10,0.22,0.10,INF,-1,1,7,0
11640,1,1,2.500,1.470,0.23,0.14,0.23,0.14,INF,-1,1,7,0
11660,1,1,2.582,0.754,0.24,0.07,0.24,0.07,INF,-1,1,7,0
11680,1,1,2.670,0.472,0.25,0.04,0.25,0.04,INF,-1,1,7,0
11700,1,1,2.774,1.513,0.26,0.14,0.26,0.14,INF,-1,1,7,0
11720,1,1,2.297,0.176,0.21,0.02,0.21,0.02,INF,-1,1,7,0
11740,1,1,2.742,1.307,0.26,0.12,0.26,0.12,INF,-1,1,7,0
11760,1,1,2.993,-0.398,0.28,-0.04,0.28,-0.04,INF,-1,1,7,0
11780,1,1,2.791,-0.519,0.26,-0.05,0.26,-0.05,INF,-1,1,7,0
11800,1,1,3.372,0.344,0.32,0.03,0.32,0.03,INF,-1,1,7,0
11820,1,1,2.975,0.030,0.28,0.00,0.28,0.00,INF,-1,1,7,0
11840,1,1,3.302,0.653,0.31,0.06,0.31,0.06,INF,-1,1,7,0
11860,1,1,2.153,0.265,0.20,0.02,0.20,0.02,INF,-1,1,7,0
11880,1,1,2.555,0.454,0.24,0.04,0.24,0.04,INF,-1,1,7,0
11900,1,1,3.455,0.200,0.32,0.02,0.32,0.02,INF,-1,1,7,0
11920,1,1,2.822,-0.427,0.26,-0.04,0.26,-0.04,INF,-1,1,7,0
11940,1,1,3.484,0.632,0.33,0.06,0.33,0.06,INF,-1,1,7,0
11960,1,1,3.068,0.702,0.29,0.07,0.29,0.07,INF,-1,1,7,0
11980,1,1,1.852,0.779,0.17,0.07,0.17,0.07,INF,-1,1,7,0
12000,1,1,2.197,0.392,0.21,0.04,0.21,0.04,INF,-1,1,7,0
12020,1,1,2.412,1.049,0.23,0.10,0.23,0.10,INF,-1,1,7,0
12040,1,1,2.276,1.221,0.21,0.11,0.21,0.11,INF,-1,1,7,0
12060,1,1,5.489,-0.046,0.51,0.00,0.51,0.00,INF,-1,1,7,0
12080,1,1,6.421,-0.209,0.60,-0.02,0.60,-0.02,INF,-1,1,7,0
12100,1,1,6.755,-0.359,0.63,-0.03,0.63,-0.03,INF,-1,1,7,0
12120,1,1,5.814,-0.215,0.54,-0.02,0.54,-0.02,INF,-1,1,7,0
12140,1,1,6.706,0.058,0.63,0.01,0.63,0.01,INF,-1,1,7,0
12160,1,1,5.765,-0.618,0.54,-0.06,0.54,-0.06,INF,-1,1,7,0
12180,1,1,6.421,-0.588,0.60,-0.05,0.60,-0.05,INF,-1,1,7,0
12200,1,1,5.924,-0.495,0.55,-0.05,0.55,-0.05,INF,-1,1,7,0
12220,1,1,6.193,-0.599,0.58,-0.06,0.58,-0.06,INF,-1,1,7,0
12240,1,1,6.475,0.085,0.61,0.01,0.61,0.01,INF,-1,1,7,0
12260,1,1,-9.399,-9.022,-0.88,-0.84,-0.88,-0.84,INF,-1,1,7,0
12280,1,1,-5.839,-8.049,-0.55,-0.75,-0.55,-0.75,INF,-1,1,7,0
12300,1,1,-6.935,-8.043,-0.65,-0.75,-0.65,-0.75,INF,-1,1,7,0
12320,1,1,-6.677,-8.924,-0.62,-0.83,-0.62,-0.83,INF,-1,1,7,0
12340,1,1,-5.927,-7.751,-0.55,-0.72,-0.55,-0.72,INF,-1,1,7,0
12360,1,1,-6.089,-8.002,-0.57,-0.75,-0.57,-0.75,INF,-1,1,7,0
12380,1,1,-6.293,-8.052,-0.59,-0.75,-0.59,-0.75,INF,-1,1,7,0
12400,1,1,-6.686,-8.496,-0.62,-0.79,-0.62,-0.79,INF,-1,1,7,0
12420,1,1,-7.089,-8.805,-0.66,-0.82,-0.66,-0.82,INF,-1,0,7,0
12440,1,1,-8.141,-9.099,-0.76,-0.85,-0.76,-0.85,INF,-1,0,7,0
12460,1,1,-8.142,-9.272,-0.76,-0.87,-0.76,-0.87,INF,-1,0,7,0
12480,1,1,-7.805,-8.884,-0.73,-0.83,-0.73,-0.83,INF,-1,0,7,0
12500,1,1,-6.855,-10.345,-0.64,-0.97,-0.64,-0.97,INF,-1,0,7,0
12520,1,1,-7.858,-9.185,-0.73,-0.86,-0.73,-0.86,INF,-1,0,7,0
12540,1,1,-6.689,-9.285,-0.63,-0.87,-0.63,-0.87,INF,-1,0,7,0
12560,1,1,-7.437,-9.922,-0.70,-0.93,-0.69,-0.93,INF,-1,0,7,0
12580,1,1,-7.923,-9.300,-0.74,-0.87,-0.74,-0.87,INF,-1,0,7,0
12600,1,1,-4.989,-7.749,-0.47,-0.72,-0.47,-0.72,INF,-1,0,7,0
12620,1,1,-4.407,-6.042,-0.41,-0.56,-0.41,-0.56,INF,-1,0,7,0
12640,1,1,-3.784,-6.201,-0.35,-0.58,-0.35,-0.58,INF,-1,0,7,0
12660,1,1,-3.098,-5.893,-0.29,-0.55,-0.29,-0.55,INF,-1,1,7,0
12680,1,1,-3.401,-6.610,-0.32,-0.62,-0.32,-0.62,INF,-1,1,7,0
12700,1,1,-4.145,-5.874,-0.39,-0.55,-0.39,-0.55,INF,-1,1,7,0
12720,1,1,-4.076,-6.410,-0.38,-0.60,-0.38,-0.60,INF,-1,1,7,0
12740,1,1,-4.534,-6.073,-0.42,-0.57,-0.42,-0.57,INF,-1,1,7,0
12760,1,1,-2.250,-5.624,-0.21,-0.53,-0.21,-0.53,INF,-1,1,7,0
12780,1,1,2.929,-1.717,0.27,-0.16,0.27,-0.16,INF,-1,1,7,0
12800,1,1,3.107,-2.881,0.29,-0.27,0.29,-0.27,INF,-1,1,7,0
12820,1,1,2.651,-2.281,0.25,-0.21,0.25,-0.21,INF,-1,0,7,0
12840,1,1,2.520,-1.788,0.24,-0.17,0.24,-0.17,INF,-1,0,7,0
12860,1,1,3.180,-1.050,0.30,-0.10,0.30,-0.10,INF,-1,0,7,0
12880,1,1,2.616,-1.853,0.24,-0.17,0.24,-0.17,INF,-1,0,7,0
12900,1,1,2.378,-1.965,0.22,-0.18,0.22,-0.18,INF,-1,0,7,0
12920,1,1,2.232,-1.170,0.21,-0.11,0.21,-0.11,INF,-1,0,7,0
12940,1,1,2.363,-0.145,0.22,-0.01,0.22,-0.01,INF,-1,0,7,0
12960,1,1,2.340,-0.911,0.22,-0.09,0.22,-0.09,INF,-1,0,7,0
12980,1,1,2.224,-0.026,0.21,0.00,0.21,0.00,INF,-1,0,7,0
13000,1,1,3.762,-0.789,0.35,-0.07,0.35,-0.07,INF,-1,0,7,0
13020,1,1,3.409,-2.352,0.32,-0.22,0.32,-0.22,INF,-1,0,7,0
13040,1,1,2.803,-0.647,0.26,-0.06,0.26,-0.06,INF,-1,0,7,0
13060,1,1,3.132,-0.609,0.29,-0.06,0.29,-0.06,INF,-1,1,7,0
13080,1,1,2.075,-1.056,0.19,-0.10,0.19,-0.10,INF,-1,1,7,0
13100,1,1,33.530,13.326,3.13,1.24,3.13,1.25,INF,-1,1,7,0
13120,1,1,40.967,21.830,3.82,2.04,3.82,2.04,INF,-1,1,7,0
13140,1,1,38.883,21.369,3.63,1.99,3.63,2.00,INF,-1,0,7,0
13160,1,1,39.081,21.859,3.65,2.04,3.65,2.04,INF,-1,0,7,0
13180,1,1,38.192,21.383,3.57,1.99,3.56,2.00,INF,-1,0,7,0
13200,1,1,38.667,21.269,3.61,1.98,3.61,1.99,INF,-1,0,7,0
13220,1,1,38.983,21.413,3.64,2.00,3.64,2.00,INF,-1,0,7,0
13240,1,1,38.308,21.796,3.58,2.03,3.57,2.04,INF,-1,0,7,0
13260,1,1,38.612,22.487,3.60,2.10,3.60,2.10,INF,-1,0,7,0
13280,1,1,39.779,21.588,3.71,2.01,3.71,2.02,INF,-1,0,7,0
13300,1,1,39.835,21.323,3.72,1.99,3.72,1.99,INF,-1,0,7,0
13320,1,1,39.613,21.508,3.70,2.01,3.70,2.01,INF,-1,0,7,0
13340,1,1,40.597,25.872,3.79,2.41,3.79,2.42,INF,-1,0,7,0
13360,1,1,39.873,24.648,3.72,2.30,3.72,2.30,INF,-1,0,7,0
13380,1,1,39.059,24.963,3.65,2.33,3.64,2.33,INF,-1,0,7,0
13400,1,1,38.826,24.211,3.62,2.26,3.62,2.26,INF,-1,1,7,0
13420,1,1,40.510,25.349,3.78,2.36,3.78,2.37,INF,-1,1,7,0
13440,1,1,39.748,24.286,3.71,2.26,3.71,2.27,INF,-1,1,7,0
13460,1,1,40.786,25.463,3.81,2.37,3.80,2.38,INF,-1,1,7,0
13480,1,1,39.253,25.278,3.66,2.36,3.66,2.36,INF,-1,1,7,0
13500,1,1,39.689,25.729,3.70,2.40,3.70,2.40,INF,-1,1,7,0
13520,1,1,40.431,25.869,3.77,2.41,3.77,2.42,INF,-1,1,7,0
13540,1,1,40.286,25.938,3.76,2.42,3.76,2.42,INF,-1,1,7,0
13560,1,1,41.996,25.626,3.92,2.39,3.92,2.39,INF,-1,1,7,0
13580,1,1,40.732,25.241,3.80,2.35,3.80,2.36,INF,-1,1,7,0
13600,1,1,42.019,24.935,3.92,2.32,3.92,2.33,INF,-1,1,7,0
13620,1,1,41.130,25.465,3.84,2.37,3.84,2.38,INF,-1,1,7,0
13640,1,1,40.818,26.105,3.81,2.43,3.81,2.44,INF,-1,1,7,0
13660,1,1,41.767,26.562,3.90,2.48,3.89,2.48,INF,-1,1,7,0
13680,1,1,41.660,26.532,3.89,2.47,3.88,2.48,INF,-1,1,7,0
13700,1,1,41.811,26.874,3.90,2.50,3.90,2.51,INF,-1,1,7,0
13720,1,1,41.830,27.160,3.90,2.53,3.90,2.54,INF,-1,1,7,0
13740,1,1,41.055,26.100,3.83,2.43,3.83,2.44,INF,-1,1,7,0
13760,1,1,41.335,25.886,3.86,2.41,3.85,2.42,INF,-1,1,7,0
13780,1,1,42.284,25.988,3.95,2.42,3.94,2.43,INF,-1,1,7,0
13800,1,1,41.368,27.809,3.86,2.59,3.86,2.60,INF,-1,1,7,0
13820,1,1,40.963,26.515,3.82,2.47,3.82,2.48,INF,-1,1,7,0
13840,1,1,40.370,27.212,3.77,2.54,3.76,2.54,INF,-1,1,7,0
13860,1,1,39.502,27.862,3.69,2.60,3.68,2.60,INF,-1,1,7,0
13880,1,1,39.664,26.967,3.70,2.51,3.70,2.52,INF,-1,1,7,0
13900,1,1,39.765,27.332,3.71,2.55,3.71,2.55,INF,-1,1,7,0
13920,1,1,38.797,27.934,3.62,2.60,3.62,2.61,INF,-1,1,7,0
13940,1,1,40.651,27.400,3.79,2.55,3.79,2.56,INF,-1,1,7,0
13960,1,1,39.694,28.075,3.70,2.62,3.70,2.62,INF,-1,1,7,0
13980,1,1,40.623,27.854,3.79,2.60,3.79,2.60,INF,-1,1,7,0
14000,1,1,40.166,27.939,3.75,2.60,3.75,2.61,INF,-1,1,7,0
14020,1,1,41.053,27.964,3.83,2.61,3.83,2.61,INF,-1,1,7,0
14040,1,1,40.598,27.666,3.79,2.58,3.79,2.58,INF,-1,1,7,0
14060,1,1,41.055,28.038,3.83,2.61,3.83,2.62,INF,-1,1,7,0
14080,1,1,40.029,28.341,3.74,2.64,3.73,2.65,INF,-1,1,7,0
14100,1,1,40.351,27.632,3.77,2.58,3.76,2.58,INF,-1,1,7,0
14120,1,1,41.652,27.368,3.89,2.55,3.88,2.56,INF,-1,1,7,0
14140,1,1,-27.730,16.487,-2.59,1.54,-2.59,1.54,INF,-1,1,7,0
14160,1,1,-36.796,14.208,-3.44,1.33,-3.43,1.33,INF,-1,1,7,0
14180,1,1,-37.698,13.377,-3.52,1.25,-3.52,1.25,INF,-1,0,7,0
14200,1,1,-37.269,13.748,-3.48,1.28,-3.48,1.28,INF,-1,0,7,0
14220,1,1,-38.037,13.410,-3.55,1.25,-3.55,1.25,INF,-1,0,7,0
14240,1,1,-37.632,13.327,-3.51,1.24,-3.51,1.25,INF,-1,0,7,0
14260,1,1,-39.113,12.769,-3.65,1.19,-3.65,1.19,INF,-1,0,7,0
14280,1,1,-38.814,12.982,-3.62,1.21,-3.62,1.21,INF,-1,0,7,0
14300,1,1,-38.641,12.469,-3.61,1.16,-3.61,1.17,INF,-1,0,7,0
14320,1,1,-38.649,12.022,-3.61,1.12,-3.61,1.12,INF,-1,0,7,0
14340,1,1,-38.594,12.356,-3.60,1.15,-3.60,1.15,INF,-1,0,7,0
14360,1,1,-37.062,11.324,-3.46,1.06,-3.46,1.06,INF,-1,0,7,0
14380,1,1,-34.380,9.922,-3.21,0.93,-3.21,0.93,INF,-1,0,7,0
14400,1,1,-32.988,10.027,-3.08,0.94,-3.08,0.94,INF,-1,0,7,0
14420,1,1,-34.555,10.269,-3.23,0.96,-3.23,0.96,INF,-1,1,7,0
14440,1,1,-32.791,10.812,-3.06,1.01,-3.06,1.01,INF,-1,1,7,0
14460,1,1,-32.870,10.317,-3.07,0.96,-3.07,0.96,INF,-1,1,7,0
14480,1,1,-33.866,9.900,-3.16,0.92,-3.16,0.93,INF,-1,1,7,0
14500,1,1,-34.583,10.354,-3.23,0.97,-3.23,0.97,INF,-1,1,7,0
14520,1,1,-34.289,9.940,-3.20,0.93,-3.20,0.93,INF,-1,1,7,0
14540,1,1,-33.828,9.224,-3.16,0.86,-3.16,0.86,INF,-1,1,7,0
14560,1,1,-34.921,10.385,-3.26,0.97,-3.26,0.97,INF,-1,1,7,0
14580,1,1,-35.016,10.803,-3.27,1.01,-3.27,1.01,INF,-1,1,7,0
14600,1,1,-35.403,10.100,-3.31,0.94,-3.30,0.94,INF,-1,1,7,0
14620,1,1,-32.391,10.866,-3.02,1.01,-3.02,1.02,INF,-1,1,7,0
14640,1,1,-64.068,-4.121,-5.97,-0.38,-5.97,-0.39,INF,-1,1,7,0
14660,1,1,-61.986,-2.985,-5.77,-0.28,-5.77,-0.28,INF,-1,1,7,0
14680,1,1,-61.248,-1.455,-5.71,-0.14,-5.71,-0.14,INF,-1,0,7,0
14700,1,1,-61.997,-1.286,-5.78,-0.12,-5.78,-0.12,INF,-1,0,7,0
14720,1,1,-62.992,-1.977,-5.87,-0.18,-5.87,-0.18,INF,-1,0,7,0
14740,1,1,-63.384,-2.831,-5.90,-0.26,-5.90,-0.26,INF,-1,0,7,0
14760,1,1,-63.664,-2.701,-5.93,-0.25,-5.93,-0.25,INF,-1,0,7,0
14780,1,1,-63.142,-2.578,-5.88,-0.24,-5.88,-0.24,INF,-1,0,7,0
14800,1,1,-63.050,-2.343,-5.87,-0.22,-5.87,-0.22,INF,-1,0,7,0
14820,1,1,-63.269,-2.132,-5.89,-0.20,-5.89,-0.20,INF,-1,0,7,0
14840,1,1,-62.910,-1.944,-5.86,-0.18,-5.86,-0.18,INF,-1,0,7,0
14860,1,1,-63.729,-2.346,-5.94,-0.22,-5.94,-0.22,INF,-1,0,7,0
14880,1,1,-64.114,-3.085,-5.97,-0.29,-5.97,-0.29,INF,-1,0,7,0
14900,1,1,-62.866,-2.418,-5.86,-0.22,-5.86,-0.23,INF,-1,0,7,0
14920,1,1,-62.892,-1.495,-5.86,-0.14,-5.86,-0.14,INF,-1,1,7,0
14940,1,1,-63.569,-2.542,-5.92,-0.24,-5.92,-0.24,INF,-1,1,7,0
14960,1,1,-64.258,-2.608,-5.98,-0.24,-5.98,-0.24,INF,-1,1,7,0
14980,1,1,-64.363,-2.873,-5.99,-0.27,-5.99,-0.27,INF,-1,1,7,0
15000,1,1,-64.648,-3.923,-6.02,-0.36,-6.02,-0.37,INF,-1,1,7,0
