"EyeTracker Toolbox version","3.250"
CalibrationParameters_A11,1.30596
CalibrationParameters_A12,0.06994
CalibrationParameters_A13,-0.04095
CalibrationParameters_A21,0.06988
CalibrationParameters_A22,-1.29387
CalibrationParameters_A23,0.01634
CalibrationParameters_A31,-0.00158
CalibrationParameters_A32,-0.00901
CalibrationParameters_E11,-0.17979
CalibrationParameters_E12,0.00014
CalibrationParameters_E21,0.00035
CalibrationParameters_E22,0.20015
CalibrationParameters_X,-58.14741
CalibrationParameters_Y,-47.70878
CalibrationParameters_Rpc,86.31714
CalibrationParameters_MeanX,150.37327
CalibrationParameters_MeanY,127.93556
CalibrationParameters_ViewDist,613.00000
TimeStamp,Tracked,Calibrated,ScreenPositionXmm,ScreenPositionYmm,FicksLongitude,FicksLatitude,HelmholtzAzimuth,HelmholtzElevation,PupilDiameter,Region,Fixation,DigitalIO,Dropped
0,0,1,0.000,0.000,0.00,0.00,0.00,0.00,0.00,-1,0,7,0
20,0,1,0.000,0.000,0.00,0.00,0.00,0.00,0.00,-1,0,7,0
40,0,1,0.000,0.000,0.00,0.00,0.00,0.00,0.00,-1,0,7,0
60,0,1,0.000,0.000,0.00,0.00,0.00,0.00,0.00,-1,0,7,0
80,0,1,0.000,0.000,0.00,0.00,0.00,0.00,0.00,-1,0,7,0
100,0,1,0.000,0.000,0.00,0.00,0.00,0.00,0.00,-1,0,7,0
120,1,1,1.089,5.648,0.10,0.53,0.10,0.53,INF,-1,0,7,0
140,1,1,-2.471,4.545,-0.23,0.42,-0.23,0.42,INF,-1,0,7,0
160,1,1,1.277,6.216,0.12,0.58,0.12,0.58,INF,-1,0,7,0
180,0,1,0.000,0.000,0.00,0.00,0.00,0.00,0.00,-1,0,7,0
200,1,1,0.003,5.739,0.00,0.54,0.00,0.54,INF,-1,0,7,0
220,1,1,1.468,4.805,0.14,0.45,0.14,0.45,INF,-1,0,7,0
240,1,1,0.138,-0.928,0.01,-0.09,0.01,-0.09,INF,-1,0,7,0
260,1,1,2.089,-0.657,0.20,-0.06,0.20,-0.06,INF,-1,0,7,0
280,1,1,1.985,-1.047,0.19,-0.10,0.19,-0.10,INF,-1,0,7,0
300,1,1,2.888,-4.006,0.27,-0.37,0.27,-0.37,INF,-1,0,7,0
320,1,1,2.409,-2.135,0.23,-0.20,0.23,-0.20,INF,-1,0,7,0
340,1,1,-0.669,-1.777,-0.06,-0.17,-0.06,-0.17,INF,-1,0,7,0
360,1,1,2.593,-1.018,0.24,-0.10,0.24,-0.10,INF,-1,0,7,0
380,1,1,-1.173,-4.009,-0.11,-0.37,-0.11,-0.37,INF,-1,0,7,0
400,0,1,0.000,0.000,0.00,0.00,0.00,0.00,0.00,-1,1,7,0
420,1,1,1.202,-1.146,0.11,-0.11,0.11,-0.11,INF,-1,1,7,0
440,1,1,-0.387,-1.684,-0.04,-0.16,-0.04,-0.16,INF,-1,1,7,0
460,1,1,9.422,2.079,0.88,0.19,0.88,0.19,INF,-1,1,7,0
480,1,1,9.432,-1.463,0.88,-0.14,0.88,-0.14,INF,-1,1,7,0
500,1,1,10.597,-0.932,0.99,-0.09,0.99,-0.09,INF,-1,1,7,0
520,1,1,10.936,0.304,1.02,0.03,1.02,0.03,INF,-1,1,7,0
540,0,1,0.000,0.000,0.00,0.00,0.00,0.00,0.00,-1,1,7,0
560,1,1,11.230,-0.730,1.05,-0.07,1.05,-0.07,INF,-1,1,7,0
580,1,1,8.819,0.352,0.82,0.03,0.82,0.03,INF,-1,1,7,0
600,1,1,7.738,1.964,0.72,0.18,0.72,0.18,INF,-1,1,7,0
620,1,1,10.034,-0.440,0.94,-0.04,0.94,-0.04,INF,-1,1,7,0
640,1,1,9.233,0.989,0.86,0.09,0.86,0.09,INF,-1,1,7,0
660,1,1,7.473,1.982,0.70,0.19,0.70,0.19,INF,-1,1,7,0
680,1,1,7.334,0.702,0.69,0.07,0.69,0.07,INF,-1,1,7,0
700,1,1,5.665,3.464,0.53,0.32,0.53,0.32,INF,-1,1,7,0
720,1,1,7.822,1.458,0.73,0.14,0.73,0.14,INF,-1,1,7,0
740,0,1,0.000,0.000,0.00,0.00,0.00,0.00,0.00,-1,1,7,0
760,0,1,0.000,0.000,0.00,0.00,0.00,0.00,0.00,-1,1,7,0
780,1,1,-8.852,8.226,-0.83,0.77,-0.83,0.77,INF,-1,1,7,0
800,1,1,-5.630,9.099,-0.53,0.85,-0.53,0.85,INF,-1,1,7,0
820,1,1,-7.061,8.813,-0.66,0.82,-0.66,0.82,INF,-1,0,7,0
840,1,1,-9.726,9.085,-0.91,0.85,-0.91,0.85,INF,-1,0,7,0
860,1,1,-7.971,8.013,-0.74,0.75,-0.74,0.75,INF,-1,0,7,0
880,1,1,-8.322,5.854,-0.78,0.55,-0.78,0.55,INF,-1,0,7,0
900,1,1,-7.738,5.669,-0.72,0.53,-0.72,0.53,INF,-1,0,7,0
920,1,1,-14.844,11.829,-1.39,1.11,-1.39,1.11,INF,-1,0,7,0
940,1,1,-18.458,13.073,-1.72,1.22,-1.72,1.22,INF,-1,0,7,0
960,1,1,-19.022,14.784,-1.78,1.38,-1.78,1.38,INF,-1,0,7,0
980,1,1,-17.419,13.781,-1.63,1.29,-1.63,1.29,INF,-1,0,7,0
1000,1,1,-19.610,14.720,-1.83,1.37,-1.83,1.38,INF,-1,0,7,0
1020,1,1,-16.688,14.541,-1.56,1.36,-1.56,1.36,INF,-1,0,7,0
1040,1,1,-16.368,12.470,-1.53,1.16,-1.53,1.17,INF,-1,0,7,0
1060,1,1,-16.623,12.540,-1.55,1.17,-1.55,1.17,INF,-1,1,7,0
1080,1,1,-18.739,12.712,-1.75,1.19,-1.75,1.19,INF,-1,1,7,0
1100,1,1,-36.354,-3.803,-3.39,-0.35,-3.39,-0.36,INF,-1,1,7,0
1120,1,1,-57.708,-27.051,-5.38,-2.52,-5.37,-2.53,INF,-1,1,7,0
1140,1,1,-59.043,-29.985,-5.50,-2.79,-5.50,-2.80,INF,-1,0,7,0
1160,1,1,-57.790,-26.796,-5.39,-2.49,-5.38,-2.50,INF,-1,0,7,0
1180,1,1,-55.523,-27.385,-5.18,-2.55,-5.17,-2.56,INF,-1,0,7,0
1200,1,1,-59.427,-27.382,-5.54,-2.55,-5.53,-2.56,INF,-1,0,7,0
1220,1,1,-56.229,-27.234,-5.24,-2.53,-5.24,-2.54,INF,-1,0,7,0
1240,1,1,-56.004,-27.410,-5.22,-2.55,-5.21,-2.56,INF,-1,0,7,0
1260,1,1,-57.681,-29.018,-5.38,-2.70,-5.37,-2.71,INF,-1,0,7,0
1280,1,1,-55.335,-27.782,-5.16,-2.58,-5.15,-2.59,INF,-1,0,7,0
1300,1,1,-57.382,-27.241,-5.35,-2.53,-5.34,-2.54,INF,-1,0,7,0
1320,1,1,-56.791,-25.475,-5.29,-2.37,-5.29,-2.38,INF,-1,0,7,0
1340,1,1,-56.402,-26.920,-5.26,-2.50,-5.25,-2.51,INF,-1,0,7,0
1360,1,1,-57.602,-29.059,-5.37,-2.70,-5.36,-2.71,INF,-1,0,7,0
1380,1,1,-57.384,-26.916,-5.35,-2.50,-5.34,-2.51,INF,-1,0,7,0
1400,1,1,-37.937,-28.156,-3.54,-2.62,-3.54,-2.63,INF,-1,1,7,0
1420,1,1,45.300,-30.264,4.23,-2.82,4.22,-2.83,INF,-1,1,7,0
1440,1,1,51.757,-31.538,4.83,-2.93,4.82,-2.95,INF,-1,0,7,0
1460,1,1,49.751,-30.377,4.64,-2.83,4.63,-2.84,INF,-1,0,7,0
1480,1,1,44.564,-30.911,4.16,-2.88,4.15,-2.89,INF,-1,0,7,0
1500,1,1,48.695,-32.827,4.54,-3.06,4.54,-3.07,INF,-1,0,7,0
1520,1,1,46.359,-32.485,4.32,-3.02,4.32,-3.03,INF,-1,0,7,0
1540,1,1,47.335,-32.378,4.42,-3.01,4.41,-3.02,INF,-1,0,7,0
1560,1,1,46.489,-32.284,4.34,-3.01,4.33,-3.01,INF,-1,0,7,0
1580,1,1,45.738,-31.608,4.27,-2.94,4.26,-2.95,INF,-1,0,7,0
1600,1,1,54.430,-35.137,5.07,-3.27,5.07,-3.28,INF,-1,0,7,0
1620,1,1,50.518,-34.972,4.71,-3.25,4.70,-3.27,INF,-1,0,7,0
1640,1,1,53.709,-33.569,5.01,-3.12,5.00,-3.13,INF,-1,0,7,0
1660,1,1,51.289,-32.678,4.78,-3.04,4.78,-3.05,INF,-1,0,7,0
1680,1,1,49.862,-33.465,4.65,-3.11,4.64,-3.12,INF,-1,0,7,0
1700,1,1,53.788,-35.243,5.01,-3.28,5.01,-3.29,INF,-1,1,7,0
1720,1,1,56.750,-34.316,5.29,-3.19,5.28,-3.20,INF,-1,1,7,0
1740,1,1,50.670,-32.665,4.73,-3.04,4.72,-3.05,INF,-1,1,7,0
1760,1,1,52.790,-33.651,4.92,-3.13,4.91,-3.14,INF,-1,1,7,0
1780,1,1,53.491,-34.592,4.99,-3.22,4.98,-3.23,INF,-1,1,7,0
1800,1,1,50.359,-33.157,4.70,-3.09,4.69,-3.10,INF,-1,1,7,0
1820,1,1,52.892,-35.541,4.93,-3.31,4.92,-3.32,INF,-1,1,7,0
1840,1,1,52.242,-31.906,4.87,-2.97,4.86,-2.98,INF,-1,1,7,0
1860,1,1,54.238,-34.122,5.06,-3.17,5.05,-3.19,INF,-1,1,7,0
1880,1,1,52.091,-33.114,4.86,-3.08,4.85,-3.09,INF,-1,1,7,0
1900,1,1,53.945,-33.164,5.03,-3.08,5.02,-3.10,INF,-1,1,7,0
1920,1,1,56.384,-34.427,5.26,-3.20,5.25,-3.21,INF,-1,1,7,0
1940,1,1,52.289,-32.397,4.88,-3.01,4.87,-3.03,INF,-1,1,7,0
1960,1,1,54.009,-33.951,5.04,-3.16,5.03,-3.17,INF,-1,1,7,0
1980,1,1,53.493,-33.892,4.99,-3.15,4.98,-3.16,INF,-1,1,7,0
2000,1,1,53.782,-33.091,5.01,-3.08,5.01,-3.09,INF,-1,1,7,0
2020,1,1,51.836,-34.169,4.83,-3.18,4.83,-3.19,INF,-1,1,7,0
2040,1,1,53.344,-33.374,4.97,-3.10,4.97,-3.12,INF,-1,1,7,0
2060,1,1,49.201,-32.385,4.59,-3.01,4.58,-3.02,INF,-1,1,7,0
2080,1,1,51.070,-32.117,4.76,-2.99,4.76,-3.00,INF,-1,1,7,0
2100,1,1,55.270,-31.341,5.15,-2.91,5.15,-2.93,INF,-1,1,7,0
2120,1,1,52.595,-33.239,4.90,-3.09,4.90,-3.10,INF,-1,1,7,0
2140,1,1,51.376,-33.694,4.79,-3.14,4.78,-3.15,INF,-1,1,7,0
2160,1,1,52.974,-33.337,4.94,-3.10,4.93,-3.11,INF,-1,1,7,0
2180,1,1,54.000,-33.675,5.03,-3.13,5.03,-3.14,INF,-1,1,7,0
2200,1,1,52.434,-32.600,4.89,-3.03,4.88,-3.04,INF,-1,1,7,0
2220,1,1,52.461,-33.659,4.89,-3.13,4.88,-3.14,INF,-1,1,7,0
2240,1,1,53.736,-32.756,5.01,-3.05,5.00,-3.06,INF,-1,1,7,0
2260,1,1,50.634,-32.286,4.72,-3.00,4.72,-3.01,INF,-1,1,7,0
2280,1,1,51.688,-30.508,4.82,-2.84,4.81,-2.85,INF,-1,1,7,0
2300,1,1,55.403,-32.330,5.16,-3.01,5.16,-3.02,INF,-1,1,7,0
2320,1,1,50.261,-31.767,4.69,-2.96,4.68,-2.97,INF,-1,1,7,0
2340,1,1,55.525,-34.159,5.18,-3.18,5.17,-3.19,INF,-1,1,7,0
2360,1,1,51.216,-33.041,4.78,-3.07,4.77,-3.09,INF,-1,1,7,0
2380,1,1,49.399,-32.041,4.61,-2.98,4.60,-2.99,INF,-1,1,7,0
2400,1,1,50.254,-33.315,4.69,-3.10,4.68,-3.11,INF,-1,1,7,0
2420,1,1,53.317,-32.091,4.97,-2.99,4.96,-3.00,INF,-1,1,7,0
2440,1,1,49.400,-33.059,4.61,-3.08,4.60,-3.09,INF,-1,1,7,0
2460,1,1,53.292,-33.495,4.97,-3.12,4.96,-3.13,INF,-1,1,7,0
2480,1,1,51.835,-32.659,4.83,-3.04,4.83,-3.05,INF,-1,1,7,0
2500,1,1,51.294,-32.218,4.78,-3.00,4.78,-3.01,INF,-1,1,7,0
2520,1,1,52.091,-29.975,4.86,-2.79,4.85,-2.80,INF,-1,1,7,0
2540,1,1,50.383,-31.369,4.70,-2.92,4.69,-2.93,INF,-1,1,7,0
2560,1,1,53.478,-33.199,4.99,-3.09,4.98,-3.10,INF,-1,1,7,0
2580,1,1,52.738,-33.300,4.92,-3.10,4.91,-3.11,INF,-1,1,7,0
2600,1,1,54.584,-31.700,5.09,-2.95,5.08,-2.96,INF,-1,1,7,0
2620,1,1,49.958,-32.623,4.66,-3.04,4.65,-3.05,INF,-1,1,7,0
2640,1,1,49.882,-33.907,4.65,-3.16,4.65,-3.17,INF,-1,1,7,0
2660,1,1,53.356,-32.781,4.97,-3.05,4.97,-3.06,INF,-1,1,7,0
2680,1,1,52.334,-33.424,4.88,-3.11,4.87,-3.12,INF,-1,1,7,0
2700,1,1,51.308,-33.296,4.78,-3.10,4.78,-3.11,INF,-1,1,7,0
2720,1,1,53.286,-35.611,4.97,-3.31,4.96,-3.32,INF,-1,1,7,0
2740,1,1,52.412,-34.667,4.89,-3.23,4.88,-3.24,INF,-1,1,7,0
2760,1,1,51.992,-33.192,4.85,-3.09,4.84,-3.10,INF,-1,1,7,0
2780,1,1,51.127,-32.140,4.77,-2.99,4.76,-3.00,INF,-1,1,7,0
2800,1,1,54.263,-33.877,5.06,-3.15,5.05,-3.16,INF,-1,1,7,0
2820,1,1,53.410,-34.334,4.98,-3.19,4.97,-3.21,INF,-1,1,7,0
2840,1,1,54.676,-34.433,5.10,-3.20,5.09,-3.21,INF,-1,1,7,0
2860,1,1,54.145,-33.933,5.05,-3.16,5.04,-3.17,INF,-1,1,7,0
2880,1,1,59.394,-22.686,5.53,-2.11,5.53,-2.12,INF,-1,1,7,0
2900,1,1,61.004,-14.438,5.68,-1.34,5.68,-1.35,INF,-1,1,7,0
2920,1,1,62.154,-14.896,5.79,-1.38,5.79,-1.39,INF,-1,0,7,0
2940,1,1,62.965,-14.904,5.86,-1.39,5.86,-1.39,INF,-1,0,7,0
2960,1,1,65.767,-16.341,6.12,-1.52,6.12,-1.53,INF,-1,0,7,0
2980,1,1,61.410,-14.751,5.72,-1.37,5.72,-1.38,INF,-1,0,7,0
3000,1,1,64.879,-14.484,6.04,-1.35,6.04,-1.35,INF,-1,0,7,0
3020,1,1,59.693,-14.981,5.56,-1.39,5.56,-1.40,INF,-1,0,7,0
3040,1,1,62.728,-14.111,5.84,-1.31,5.84,-1.32,INF,-1,0,7,0
3060,1,1,61.374,-15.646,5.72,-1.45,5.72,-1.46,INF,-1,0,7,0
3080,1,1,62.306,-13.364,5.80,-1.24,5.80,-1.25,INF,-1,0,7,0
3100,1,1,60.941,-15.431,5.68,-1.43,5.68,-1.44,INF,-1,0,7,0
3120,1,1,60.846,-14.518,5.67,-1.35,5.67,-1.36,INF,-1,0,7,0
3140,1,1,62.872,-16.150,5.86,-1.50,5.85,-1.51,INF,-1,0,7,0
3160,1,1,60.199,-15.392,5.61,-1.43,5.61,-1.44,INF,-1,1,7,0
3180,1,1,62.827,-16.154,5.85,-1.50,5.85,-1.51,INF,-1,1,7,0
3200,1,1,62.157,-14.489,5.79,-1.35,5.79,-1.35,INF,-1,1,7,0
3220,1,1,61.271,-13.128,5.71,-1.22,5.71,-1.23,INF,-1,1,7,0
3240,1,1,64.002,-13.659,5.96,-1.27,5.96,-1.28,INF,-1,1,7,0
3260,1,1,62.729,-12.239,5.84,-1.14,5.84,-1.14,INF,-1,1,7,0
3280,1,1,61.407,-14.584,5.72,-1.36,5.72,-1.36,INF,-1,1,7,0
3300,1,1,63.857,-12.598,5.95,-1.17,5.95,-1.18,INF,-1,1,7,0
3320,1,1,62.441,-12.533,5.82,-1.17,5.81,-1.17,INF,-1,1,7,0
3340,1,1,63.144,-12.599,5.88,-1.17,5.88,-1.18,INF,-1,1,7,0
3360,1,1,60.976,-12.935,5.68,-1.20,5.68,-1.21,INF,-1,1,7,0
3380,1,1,58.268,-12.659,5.43,-1.18,5.43,-1.18,INF,-1,1,7,0
3400,1,1,61.595,-11.924,5.74,-1.11,5.74,-1.11,INF,-1,1,7,0
3420,1,1,61.811,-11.893,5.76,-1.11,5.76,-1.11,INF,-1,1,7,0
3440,1,1,62.926,-11.187,5.86,-1.04,5.86,-1.05,INF,-1,1,7,0
3460,1,1,62.510,-11.989,5.82,-1.11,5.82,-1.12,INF,-1,1,7,0
3480,1,1,27.853,-2.994,2.60,-0.28,2.60,-0.28,INF,-1,1,7,0
3500,1,1,-1.504,5.653,-0.14,0.53,-0.14,0.53,INF,-1,1,7,0
3520,1,1,-5.396,5.089,-0.50,0.48,-0.50,0.48,INF,-1,0,7,0
3540,1,1,-3.610,4.577,-0.34,0.43,-0.34,0.43,INF,-1,0,7,0
3560,1,1,-2.823,4.040,-0.26,0.38,-0.26,0.38,INF,-1,0,7,0
3580,1,1,-4.565,3.138,-0.43,0.29,-0.43,0.29,INF,-1,0,7,0
3600,1,1,-3.793,3.217,-0.35,0.30,-0.35,0.30,INF,-1,0,7,0
3620,1,1,-2.650,3.894,-0.25,0.36,-0.25,0.36,INF,-1,0,7,0
3640,1,1,-3.554,5.275,-0.33,0.49,-0.33,0.49,INF,-1,0,7,0
3660,1,1,-2.747,6.100,-0.26,0.57,-0.26,0.57,INF,-1,0,7,0
3680,1,1,-1.585,3.609,-0.15,0.34,-0.15,0.34,INF,-1,0,7,0
3700,1,1,-3.452,4.552,-0.32,0.43,-0.32,0.43,INF,-1,0,7,0
3720,1,1,-4.265,5.102,-0.40,0.48,-0.40,0.48,INF,-1,0,7,0
3740,1,1,-5.869,4.442,-0.55,0.42,-0.55,0.42,INF,-1,0,7,0
3760,1,1,-0.078,3.973,-0.01,0.37,-0.01,0.37,INF,-1,0,7,0
3780,1,1,3.720,-4.771,0.35,-0.45,0.35,-0.45,INF,-1,1,7,0
3800,1,1,10.795,-12.531,1.01,-1.17,1.01,-1.17,INF,-1,1,7,0
3820,1,1,8.650,-13.761,0.81,-1.29,0.81,-1.29,INF,-1,0,7,0
3840,1,1,9.618,-11.825,0.90,-1.10,0.90,-1.11,INF,-1,0,7,0
3860,1,1,7.858,-14.412,0.73,-1.35,0.73,-1.35,INF,-1,0,7,0
3880,1,1,9.582,-10.671,0.90,-1.00,0.90,-1.00,INF,-1,0,7,0
3900,1,1,8.119,-15.292,0.76,-1.43,0.76,-1.43,INF,-1,0,7,0
3920,1,1,9.211,-16.252,0.86,-1.52,0.86,-1.52,INF,-1,0,7,0
3940,1,1,9.523,-19.949,0.89,-1.86,0.89,-1.86,INF,-1,0,7,0
3960,1,1,6.863,-19.795,0.64,-1.85,0.64,-1.85,INF,-1,0,7,0
3980,1,1,10.059,-20.777,0.94,-1.94,0.94,-1.94,INF,-1,0,7,0
4000,1,1,9.496,-19.790,0.89,-1.85,0.89,-1.85,INF,-1,0,7,0
4020,1,1,10.384,-21.596,0.97,-2.02,0.97,-2.02,INF,-1,0,7,0
4040,0,1,0.000,0.000,0.00,0.00,0.00,0.00,0.00,-1,0,7,0
4060,1,1,12.277,-21.683,1.15,-2.03,1.15,-2.03,INF,-1,0,7,0
4080,1,1,9.786,-21.928,0.91,-2.05,0.91,-2.05,INF,-1,1,7,0
4100,1,1,11.916,-21.715,1.11,-2.03,1.11,-2.03,INF,-1,1,7,0
4120,1,1,7.825,-20.857,0.73,-1.95,0.73,-1.95,INF,-1,1,7,0
4140,1,1,11.739,-20.783,1.10,-1.94,1.10,-1.94,INF,-1,1,7,0
4160,1,1,9.676,-21.828,0.90,-2.04,0.90,-2.04,INF,-1,1,7,0
4180,0,1,0.000,0.000,0.00,0.00,0.00,0.00,0.00,-1,1,7,0
4200,1,1,9.614,-18.064,0.90,-1.69,0.90,-1.69,INF,-1,1,7,0
4220,1,1,9.133,-21.044,0.85,-1.97,0.85,-1.97,INF,-1,1,7,0
4240,1,1,11.326,-21.084,1.06,-1.97,1.06,-1.97,INF,-1,1,7,0
4260,1,1,14.524,-22.206,1.36,-2.07,1.36,-2.07,INF,-1,1,7,0
4280,1,1,14.776,-21.306,1.38,-1.99,1.38,-1.99,INF,-1,1,7,0
4300,1,1,14.859,-21.616,1.39,-2.02,1.39,-2.02,INF,-1,1,7,0
4320,1,1,13.619,-22.346,1.27,-2.09,1.27,-2.09,INF,-1,1,7,0
4340,1,1,12.184,-23.265,1.14,-2.17,1.14,-2.17,INF,-1,1,7,0
4360,1,1,11.980,-20.380,1.12,-1.90,1.12,-1.90,INF,-1,1,7,0
4380,1,1,11.567,-22.215,1.08,-2.08,1.08,-2.08,INF,-1,1,7,0
4400,1,1,12.398,-21.298,1.16,-1.99,1.16,-1.99,INF,-1,1,7,0
4420,1,1,11.102,-24.098,1.04,-2.25,1.04,-2.25,INF,-1,1,7,0
4440,1,1,13.140,-20.137,1.23,-1.88,1.23,-1.88,INF,-1,1,7,0
4460,1,1,13.250,-19.634,1.24,-1.83,1.24,-1.83,INF,-1,1,7,0
4480,1,1,9.945,-22.061,0.93,-2.06,0.93,-2.06,INF,-1,1,7,0
4500,1,1,11.566,-21.095,1.08,-1.97,1.08,-1.97,INF,-1,1,7,0
4520,1,1,10.849,-22.186,1.01,-2.07,1.01,-2.07,INF,-1,1,7,0
4540,1,1,12.291,-22.145,1.15,-2.07,1.15,-2.07,INF,-1,1,7,0
4560,1,1,13.822,-21.407,1.29,-2.00,1.29,-2.00,INF,-1,1,7,0
4580,1,1,10.585,-19.800,0.99,-1.85,0.99,-1.85,INF,-1,1,7,0
4600,1,1,8.197,-22.604,0.77,-2.11,0.77,-2.11,INF,-1,1,7,0
4620,1,1,7.020,-20.866,0.66,-1.95,0.66,-1.95,INF,-1,1,7,0
4640,1,1,9.397,-21.438,0.88,-2.00,0.88,-2.00,INF,-1,1,7,0
4660,1,1,7.723,-22.703,0.72,-2.12,0.72,-2.12,INF,-1,1,7,0
4680,1,1,6.023,-20.939,0.56,-1.96,0.56,-1.96,INF,-1,1,7,0
4700,1,1,5.344,-21.810,0.50,-2.04,0.50,-2.04,INF,-1,1,7,0
4720,1,1,4.236,-23.415,0.40,-2.19,0.40,-2.19,INF,-1,1,7,0
4740,1,1,6.892,-22.669,0.64,-2.12,0.64,-2.12,INF,-1,1,7,0
4760,1,1,6.869,-21.810,0.64,-2.04,0.64,-2.04,INF,-1,1,7,0
4780,1,1,6.361,-22.414,0.59,-2.09,0.59,-2.09,INF,-1,1,7,0
4800,1,1,5.295,-21.392,0.49,-2.00,0.49,-2.00,INF,-1,1,7,0
4820,1,1,1.573,-18.310,0.15,-1.71,0.15,-1.71,INF,-1,1,7,0
4840,1,1,-49.817,-24.036,-4.65,-2.24,-4.64,-2.25,INF,-1,1,7,0
4860,1,1,-54.735,-22.829,-5.10,-2.12,-5.10,-2.13,INF,-1,1,7,0
4880,1,1,-57.053,-21.820,-5.32,-2.03,-5.31,-2.04,INF,-1,0,7,0
4900,1,1,-57.007,-23.674,-5.31,-2.20,-5.31,-2.21,INF,-1,0,7,0
4920,1,1,-54.232,-21.434,-5.06,-1.99,-5.05,-2.00,INF,-1,0,7,0
4940,1,1,-55.325,-22.008,-5.16,-2.05,-5.15,-2.06,INF,-1,0,7,0
4960,1,1,-54.448,-22.387,-5.08,-2.08,-5.07,-2.09,INF,-1,0,7,0
4980,1,1,-55.539,-21.803,-5.18,-2.03,-5.17,-2.04,INF,-1,0,7,0
5000,1,1,-54.735,-24.007,-5.10,-2.23,-5.10,-2.24,INF,-1,0,7,0
5020,1,1,-56.441,-23.204,-5.26,-2.16,-5.26,-2.17,INF,-1,0,7,0
5040,1,1,-54.228,-22.456,-5.06,-2.09,-5.05,-2.10,INF,-1,0,7,0
5060,1,1,-56.666,-21.605,-5.28,-2.01,-5.28,-2.02,INF,-1,0,7,0
5080,1,1,-69.645,-22.964,-6.48,-2.13,-6.48,-2.15,INF,-1,0,7,0
5100,1,1,-70.082,-24.284,-6.52,-2.25,-6.52,-2.27,INF,-1,0,7,0
5120,1,1,-69.074,-22.878,-6.43,-2.12,-6.42,-2.14,INF,-1,0,7,0
5140,1,1,-69.034,-23.509,-6.43,-2.18,-6.42,-2.20,INF,-1,1,7,0
5160,1,1,-69.481,-22.027,-6.47,-2.04,-6.46,-2.06,INF,-1,1,7,0
5180,1,1,-70.008,-22.010,-6.52,-2.04,-6.51,-2.06,INF,-1,1,7,0
5200,1,1,-69.203,-22.491,-6.44,-2.09,-6.44,-2.10,INF,-1,1,7,0
5220,1,1,-67.320,-22.521,-6.27,-2.09,-6.26,-2.10,INF,-1,1,7,0
5240,1,1,-68.737,-21.274,-6.40,-1.98,-6.39,-1.99,INF,-1,1,7,0
5260,1,1,-67.061,-24.440,-6.24,-2.27,-6.24,-2.28,INF,-1,1,7,0
5280,1,1,-66.305,-22.887,-6.17,-2.13,-6.17,-2.14,INF,-1,1,7,0
5300,1,1,-68.803,-21.578,-6.40,-2.00,-6.40,-2.02,INF,-1,1,7,0
5320,1,1,-69.796,-23.303,-6.50,-2.16,-6.49,-2.18,INF,-1,1,7,0
5340,1,1,-67.715,-22.122,-6.30,-2.05,-6.30,-2.07,INF,-1,1,7,0
5360,1,1,-66.935,-22.536,-6.23,-2.09,-6.23,-2.11,INF,-1,1,7,0
5380,1,1,-66.081,-23.189,-6.15,-2.15,-6.15,-2.17,INF,-1,1,7,0
5400,1,1,-67.290,-23.945,-6.26,-2.22,-6.26,-2.24,INF,-1,1,7,0
5420,1,1,-67.407,-21.509,-6.28,-2.00,-6.27,-2.01,INF,-1,1,7,0
5440,1,1,-68.770,-23.344,-6.40,-2.17,-6.40,-2.18,INF,-1,1,7,0
5460,1,1,-69.832,-22.176,-6.50,-2.06,-6.49,-2.07,INF,-1,1,7,0
5480,1,1,-71.061,-22.960,-6.61,-2.13,-6.61,-2.14,INF,-1,1,7,0
5500,1,1,-65.759,-23.379,-6.12,-2.17,-6.12,-2.18,INF,-1,1,7,0
5520,1,1,-66.410,-23.364,-6.18,-2.17,-6.18,-2.18,INF,-1,1,7,0
5540,1,1,-67.372,-23.736,-6.27,-2.20,-6.27,-2.22,INF,-1,1,7,0
5560,1,1,-68.413,-23.704,-6.37,-2.20,-6.36,-2.21,INF,-1,1,7,0
5580,1,1,-66.620,-22.342,-6.20,-2.08,-6.20,-2.09,INF,-1,1,7,0
5600,1,1,-66.231,-24.810,-6.17,-2.30,-6.16,-2.32,INF,-1,1,7,0
5620,1,1,-64.939,-23.721,-6.05,-2.20,-6.04,-2.22,INF,-1,1,7,0
5640,1,1,-67.546,-22.790,-6.29,-2.12,-6.28,-2.13,INF,-1,1,7,0
5660,1,1,-66.873,-23.719,-6.23,-2.20,-6.22,-2.22,INF,-1,1,7,0
5680,1,1,-64.752,-22.311,-6.03,-2.07,-6.03,-2.08,INF,-1,1,7,0
5700,1,1,-68.399,-21.982,-6.37,-2.04,-6.36,-2.05,INF,-1,1,7,0
5720,1,1,-74.975,-19.617,-6.97,-1.82,-6.97,-1.83,INF,-1,1,7,0
5740,1,1,-75.784,-23.586,-7.05,-2.19,-7.04,-2.20,INF,-1,1,7,0
5760,1,1,-74.594,-21.850,-6.94,-2.03,-6.93,-2.04,INF,-1,0,7,0
5780,1,1,-77.712,-23.582,-7.22,-2.19,-7.22,-2.20,INF,-1,0,7,0
5800,1,1,-74.518,-22.699,-6.93,-2.11,-6.93,-2.12,INF,-1,0,7,0
5820,1,1,-75.090,-22.320,-6.98,-2.07,-6.98,-2.09,INF,-1,0,7,0
5840,1,1,-76.433,-23.005,-7.11,-2.13,-7.10,-2.15,INF,-1,0,7,0
5860,1,1,-74.605,-24.421,-6.94,-2.26,-6.93,-2.28,INF,-1,0,7,0
5880,1,1,-74.703,-23.154,-6.95,-2.15,-6.94,-2.16,INF,-1,0,7,0
5900,1,1,-72.869,-22.417,-6.78,-2.08,-6.77,-2.09,INF,-1,0,7,0
5920,1,1,-75.037,-22.494,-6.98,-2.09,-6.97,-2.10,INF,-1,0,7,0
5940,1,1,-74.619,-22.788,-6.94,-2.11,-6.94,-2.13,INF,-1,0,7,0
5960,1,1,-73.823,-24.393,-6.87,-2.26,-6.86,-2.28,INF,-1,0,7,0
5980,1,1,-74.516,-23.692,-6.93,-2.20,-6.93,-2.21,INF,-1,0,7,0
6000,1,1,-73.163,-20.898,-6.81,-1.94,-6.80,-1.95,INF,-1,1,7,0
6020,1,1,-75.003,-23.535,-6.98,-2.18,-6.97,-2.20,INF,-1,1,7,0
6040,1,1,-62.783,-24.913,-5.85,-2.32,-5.84,-2.33,INF,-1,1,7,0
6060,1,1,-49.933,-23.716,-4.66,-2.21,-4.65,-2.22,INF,-1,1,7,0
6080,1,1,-50.339,-20.512,-4.69,-1.91,-4.69,-1.92,INF,-1,0,7,0
6100,1,1,-51.002,-20.157,-4.76,-1.88,-4.75,-1.88,INF,-1,0,7,0
6120,1,1,-52.324,-21.620,-4.88,-2.01,-4.88,-2.02,INF,-1,0,7,0
6140,1,1,-51.705,-22.423,-4.82,-2.09,-4.82,-2.09,INF,-1,0,7,0
6160,1,1,-51.636,-23.678,-4.81,-2.20,-4.81,-2.21,INF,-1,0,7,0
6180,1,1,-51.652,-23.072,-4.82,-2.15,-4.81,-2.16,INF,-1,0,7,0
6200,1,1,-52.079,-23.720,-4.86,-2.21,-4.85,-2.22,INF,-1,0,7,0
6220,1,1,-51.970,-22.409,-4.85,-2.09,-4.84,-2.09,INF,-1,0,7,0
6240,1,1,-18.164,9.937,-1.70,0.93,-1.70,0.93,INF,-1,0,7,0
6260,1,1,-13.045,13.133,-1.22,1.23,-1.22,1.23,INF,-1,0,7,0
6280,1,1,-14.994,12.793,-1.40,1.20,-1.40,1.20,INF,-1,0,7,0
6300,1,1,-15.463,15.255,-1.44,1.43,-1.44,1.43,INF,-1,0,7,0
6320,1,1,-13.751,11.475,-1.29,1.07,-1.28,1.07,INF,-1,0,7,0
6340,1,1,-15.346,12.196,-1.43,1.14,-1.43,1.14,INF,-1,0,7,0
6360,1,1,-13.093,12.548,-1.22,1.17,-1.22,1.17,INF,-1,0,7,0
6380,1,1,-12.616,11.356,-1.18,1.06,-1.18,1.06,INF,-1,0,7,0
6400,1,1,-13.824,14.145,-1.29,1.32,-1.29,1.32,INF,-1,0,7,0
6420,1,1,-15.789,9.733,-1.48,0.91,-1.48,0.91,INF,-1,0,7,0
6440,1,1,-14.054,11.794,-1.31,1.10,-1.31,1.10,INF,-1,0,7,0
6460,1,1,-16.392,11.147,-1.53,1.04,-1.53,1.04,INF,-1,0,7,0
6480,1,1,-16.924,12.526,-1.58,1.17,-1.58,1.17,INF,-1,0,7,0
6500,1,1,-14.648,10.631,-1.37,0.99,-1.37,0.99,INF,-1,0,7,0
6520,1,1,-16.813,12.050,-1.57,1.13,-1.57,1.13,INF,-1,1,7,0
6540,1,1,-14.086,12.336,-1.32,1.15,-1.32,1.15,INF,-1,1,7,0
6560,1,1,-16.840,11.640,-1.57,1.09,-1.57,1.09,INF,-1,1,7,0
6580,1,1,-15.288,11.729,-1.43,1.10,-1.43,1.10,INF,-1,1,7,0
6600,1,1,-14.991,10.912,-1.40,1.02,-1.40,1.02,INF,-1,1,7,0
6620,1,1,-13.799,11.658,-1.29,1.09,-1.29,1.09,INF,-1,1,7,0
6640,1,1,-13.693,12.986,-1.28,1.21,-1.28,1.21,INF,-1,1,7,0
6660,1,1,-16.660,12.323,-1.56,1.15,-1.56,1.15,INF,-1,1,7,0
6680,1,1,-20.997,15.837,-1.96,1.48,-1.96,1.48,INF,-1,1,7,0
6700,1,1,-21.396,18.529,-2.00,1.73,-2.00,1.73,INF,-1,1,7,0
6720,1,1,-21.059,16.696,-1.97,1.56,-1.97,1.56,INF,-1,1,7,0
6740,1,1,-23.349,19.552,-2.18,1.83,-2.18,1.83,INF,-1,1,7,0
6760,1,1,-19.862,18.027,-1.86,1.68,-1.86,1.68,INF,-1,1,7,0
6780,1,1,-22.447,18.202,-2.10,1.70,-2.10,1.70,INF,-1,1,7,0
6800,1,1,-22.569,17.133,-2.11,1.60,-2.11,1.60,INF,-1,1,7,0
6820,1,1,-22.615,19.632,-2.11,1.83,-2.11,1.83,INF,-1,1,7,0
6840,1,1,-20.736,16.683,-1.94,1.56,-1.94,1.56,INF,-1,1,7,0
6860,1,1,-23.727,19.907,-2.22,1.86,-2.22,1.86,INF,-1,1,7,0
6880,1,1,-22.546,17.059,-2.11,1.59,-2.11,1.59,INF,-1,1,7,0
6900,1,1,-25.035,16.705,-2.34,1.56,-2.34,1.56,INF,-1,1,7,0
6920,1,1,-23.226,18.540,-2.17,1.73,-2.17,1.73,INF,-1,1,7,0
6940,1,1,-18.927,20.452,-1.77,1.91,-1.77,1.91,INF,-1,1,7,0
6960,1,1,-19.229,20.054,-1.80,1.87,-1.80,1.87,INF,-1,1,7,0
6980,1,1,-20.793,17.918,-1.94,1.67,-1.94,1.67,INF,-1,1,7,0
7000,1,1,-19.426,22.046,-1.82,2.06,-1.81,2.06,INF,-1,1,7,0
7020,1,1,-20.807,20.645,-1.94,1.93,-1.94,1.93,INF,-1,1,7,0
7040,1,1,-17.995,19.575,-1.68,1.83,-1.68,1.83,INF,-1,1,7,0
7060,1,1,-16.556,21.481,-1.55,2.01,-1.55,2.01,INF,-1,1,7,0
7080,1,1,-20.782,21.269,-1.94,1.99,-1.94,1.99,INF,-1,1,7,0
7100,1,1,-30.298,24.980,-2.83,2.33,-2.83,2.33,INF,-1,1,7,0
7120,1,1,-44.765,39.162,-4.18,3.65,-4.17,3.66,INF,-1,0,7,0
7140,1,1,-49.429,43.168,-4.61,4.02,-4.60,4.03,INF,-1,0,7,0
7160,1,1,-50.050,40.713,-4.67,3.79,-4.66,3.80,INF,-1,0,7,0
7180,1,1,-50.370,41.003,-4.70,3.81,-4.69,3.83,INF,-1,0,7,0
7200,1,1,-48.358,39.533,-4.51,3.68,-4.50,3.69,INF,-1,0,7,0
7220,1,1,-46.736,41.537,-4.36,3.87,-4.35,3.88,INF,-1,0,7,0
7240,1,1,-48.075,39.731,-4.48,3.70,-4.47,3.71,INF,-1,0,7,0
7260,1,1,-48.226,40.443,-4.50,3.76,-4.49,3.77,INF,-1,0,7,0
7280,1,1,-49.245,40.168,-4.59,3.74,-4.58,3.75,INF,-1,0,7,0
7300,1,1,-49.798,41.572,-4.64,3.87,-4.63,3.88,INF,-1,0,7,0
7320,1,1,-48.880,43.985,-4.56,4.09,-4.55,4.10,INF,-1,0,7,0
7340,1,1,-49.425,39.575,-4.61,3.68,-4.60,3.69,INF,-1,0,7,0
7360,1,1,-48.066,41.279,-4.48,3.84,-4.47,3.85,INF,-1,0,7,0
7380,1,1,-48.596,40.999,-4.53,3.81,-4.52,3.83,INF,-1,0,7,0
7400,1,1,-46.290,40.289,-4.32,3.75,-4.31,3.76,INF,-1,1,7,0
7420,1,1,-49.779,40.716,-4.64,3.79,-4.63,3.80,INF,-1,1,7,0
7440,1,1,-40.465,36.837,-3.78,3.43,-3.77,3.44,INF,-1,1,7,0
7460,1,1,29.021,39.447,2.71,3.68,2.70,3.68,INF,-1,1,7,0
7480,1,1,53.815,34.394,5.02,3.20,5.01,3.21,INF,-1,1,7,0
7500,1,1,50.041,33.723,4.67,3.14,4.66,3.15,INF,-1,0,7,0
7520,1,1,49.120,31.079,4.58,2.89,4.58,2.90,INF,-1,0,7,0
7540,1,1,50.845,31.497,4.74,2.93,4.74,2.94,INF,-1,0,7,0
7560,1,1,49.312,31.992,4.60,2.98,4.59,2.99,INF,-1,0,7,0
7580,1,1,50.017,31.967,4.66,2.98,4.66,2.99,INF,-1,0,7,0
7600,1,1,50.551,32.474,4.71,3.02,4.71,3.03,INF,-1,0,7,0
7620,1,1,50.654,34.011,4.72,3.16,4.72,3.18,INF,-1,0,7,0
7640,1,1,48.830,31.327,4.55,2.92,4.55,2.93,INF,-1,0,7,0
7660,1,1,62.528,40.615,5.82,3.77,5.81,3.79,INF,-1,0,7,0
7680,1,1,62.422,44.088,5.81,4.09,5.80,4.11,INF,-1,0,7,0
7700,1,1,60.123,45.757,5.60,4.25,5.59,4.27,INF,-1,0,7,0
7720,1,1,62.681,42.013,5.84,3.90,5.82,3.92,INF,-1,0,7,0
7740,1,1,63.209,43.886,5.89,4.07,5.87,4.09,INF,-1,0,7,0
7760,1,1,60.919,42.277,5.68,3.93,5.66,3.95,INF,-1,1,7,0
7780,1,1,64.142,46.413,5.97,4.31,5.96,4.33,INF,-1,1,7,0
7800,1,1,61.290,43.307,5.71,4.02,5.70,4.04,INF,-1,1,7,0
7820,1,1,58.013,43.213,5.41,4.01,5.39,4.03,INF,-1,1,7,0
7840,1,1,62.232,42.928,5.80,3.99,5.78,4.01,INF,-1,1,7,0
7860,1,1,63.077,45.386,5.88,4.21,5.86,4.23,INF,-1,1,7,0
7880,1,1,62.520,41.579,5.82,3.86,5.81,3.88,INF,-1,1,7,0
7900,1,1,60.290,42.807,5.62,3.98,5.60,3.99,INF,-1,1,7,0
7920,1,1,58.448,43.790,5.45,4.07,5.43,4.09,INF,-1,1,7,0
7940,1,1,40.686,29.534,3.80,2.75,3.79,2.76,INF,-1,1,7,0
7960,1,1,-1.388,2.542,-0.13,0.24,-0.13,0.24,INF,-1,1,7,0
7980,0,1,0.000,0.000,0.00,0.00,0.00,0.00,0.00,-1,1,7,0
8000,1,1,-2.757,-1.129,-0.26,-0.11,-0.26,-0.11,INF,-1,1,7,0
8020,1,1,-1.491,0.462,-0.14,0.04,-0.14,0.04,INF,-1,0,7,0
8040,1,1,-1.444,-0.546,-0.14,-0.05,-0.14,-0.05,INF,-1,0,7,0
8060,1,1,-0.874,0.477,-0.08,0.04,-0.08,0.04,INF,-1,0,7,0
8080,1,1,-1.857,2.797,-0.17,0.26,-0.17,0.26,INF,-1,0,7,0
8100,1,1,0.793,-2.018,0.07,-0.19,0.07,-0.19,INF,-1,0,7,0
8120,1,1,-1.848,0.310,-0.17,0.03,-0.17,0.03,INF,-1,0,7,0
8140,1,1,0.108,0.182,0.01,0.02,0.01,0.02,INF,-1,0,7,0
8160,1,1,-2.158,3.456,-0.20,0.32,-0.20,0.32,INF,-1,0,7,0
8180,1,1,-0.420,2.027,-0.04,0.19,-0.04,0.19,INF,-1,0,7,0
8200,0,1,0.000,0.000,0.00,0.00,0.00,0.00,0.00,-1,0,7,0
8220,1,1,5.342,0.785,0.50,0.07,0.50,0.07,INF,-1,0,7,0
8240,1,1,5.799,0.667,0.54,0.06,0.54,0.06,INF,-1,1,7,0
8260,1,1,9.741,3.734,0.91,0.35,0.91,0.35,INF,-1,1,7,0
8280,1,1,7.900,1.759,0.74,0.16,0.74,0.16,INF,-1,1,7,0
8300,1,1,7.912,0.943,0.74,0.09,0.74,0.09,INF,-1,1,7,0
8320,1,1,10.193,2.246,0.95,0.21,0.95,0.21,INF,-1,1,7,0
8340,1,1,4.541,1.267,0.42,0.12,0.42,0.12,INF,-1,1,7,0
8360,1,1,7.482,2.798,0.70,0.26,0.70,0.26,INF,-1,1,7,0
8380,1,1,5.474,0.432,0.51,0.04,0.51,0.04,INF,-1,1,7,0
8400,1,1,6.768,0.283,0.63,0.03,0.63,0.03,INF,-1,1,7,0
8420,1,1,7.374,2.747,0.69,0.26,0.69,0.26,INF,-1,1,7,0
8440,1,1,6.087,4.245,0.57,0.40,0.57,0.40,INF,-1,1,7,0
8460,1,1,5.813,4.230,0.54,0.40,0.54,0.40,INF,-1,1,7,0
8480,1,1,5.519,4.573,0.52,0.43,0.52,0.43,INF,-1,1,7,0
8500,1,1,6.589,5.865,0.62,0.55,0.62,0.55,INF,-1,1,7,0
8520,1,1,5.441,5.161,0.51,0.48,0.51,0.48,INF,-1,1,7,0
8540,1,1,5.113,3.896,0.48,0.36,0.48,0.36,INF,-1,1,7,0
8560,1,1,4.780,4.090,0.45,0.38,0.45,0.38,INF,-1,1,7,0
8580,1,1,6.959,4.491,0.65,0.42,0.65,0.42,INF,-1,1,7,0
8600,1,1,-0.428,-0.112,-0.04,-0.01,-0.04,-0.01,INF,-1,1,7,0
8620,1,1,-13.132,-14.401,-1.23,-1.35,-1.23,-1.35,INF,-1,1,7,0
8640,1,1,-14.292,-16.236,-1.34,-1.52,-1.34,-1.52,INF,-1,1,7,0
8660,1,1,-14.462,-16.283,-1.35,-1.52,-1.35,-1.52,INF,-1,0,7,0
8680,1,1,-15.935,-17.149,-1.49,-1.60,-1.49,-1.60,INF,-1,0,7,0
8700,1,1,-16.363,-16.956,-1.53,-1.58,-1.53,-1.58,INF,-1,0,7,0
8720,1,1,-14.810,-18.756,-1.38,-1.75,-1.38,-1.75,INF,-1,0,7,0
8740,1,1,-14.673,-16.679,-1.37,-1.56,-1.37,-1.56,INF,-1,0,7,0
8760,1,1,-16.320,-16.696,-1.53,-1.56,-1.52,-1.56,INF,-1,0,7,0
8780,1,1,-14.137,-17.765,-1.32,-1.66,-1.32,-1.66,INF,-1,0,7,0
8800,1,1,-14.385,-18.140,-1.34,-1.69,-1.34,-1.69,INF,-1,0,7,0
8820,1,1,-15.622,-17.807,-1.46,-1.66,-1.46,-1.66,INF,-1,0,7,0
8840,1,1,-12.950,-16.931,-1.21,-1.58,-1.21,-1.58,INF,-1,0,7,0
8860,1,1,-17.113,-19.134,-1.60,-1.79,-1.60,-1.79,INF,-1,0,7,0
8880,1,1,-13.635,-17.827,-1.27,-1.67,-1.27,-1.67,INF,-1,0,7,0
8900,1,1,-13.990,-16.108,-1.31,-1.50,-1.31,-1.51,INF,-1,1,7,0
8920,1,1,-14.765,-18.107,-1.38,-1.69,-1.38,-1.69,INF,-1,1,7,0
8940,1,1,-21.796,-31.861,-2.04,-2.97,-2.03,-2.98,INF,-1,1,7,0
8960,1,1,-23.524,-31.567,-2.20,-2.95,-2.19,-2.95,INF,-1,1,7,0
8980,1,1,-20.938,-32.307,-1.96,-3.02,-1.95,-3.02,INF,-1,0,7,0
9000,1,1,-20.521,-31.945,-1.92,-2.98,-1.91,-2.98,INF,-1,0,7,0
9020,1,1,-22.487,-33.809,-2.10,-3.15,-2.10,-3.16,INF,-1,0,7,0
9040,1,1,-19.209,-31.116,-1.79,-2.90,-1.79,-2.91,INF,-1,0,7,0
9060,1,1,-18.823,-34.594,-1.76,-3.23,-1.76,-3.23,INF,-1,0,7,0
9080,1,1,-20.675,-32.927,-1.93,-3.07,-1.93,-3.07,INF,-1,0,7,0
9100,1,1,-18.062,-32.810,-1.69,-3.06,-1.69,-3.06,INF,-1,0,7,0
9120,1,1,-20.455,-33.145,-1.91,-3.09,-1.91,-3.09,INF,-1,0,7,0
9140,1,1,-22.279,-32.552,-2.08,-3.04,-2.08,-3.04,INF,-1,0,7,0
9160,1,1,-21.660,-31.723,-2.02,-2.96,-2.02,-2.96,INF,-1,0,7,0
9180,1,1,-20.743,-32.838,-1.94,-3.06,-1.94,-3.07,INF,-1,0,7,0
9200,1,1,-20.447,-34.530,-1.91,-3.22,-1.91,-3.22,INF,-1,0,7,0
9220,1,1,5.344,-42.514,0.50,-3.97,0.50,-3.97,INF,-1,1,7,0
9240,1,1,4.645,-42.050,0.43,-3.92,0.43,-3.92,INF,-1,1,7,0
9260,1,1,2.998,-41.105,0.28,-3.84,0.28,-3.84,INF,-1,0,7,0
9280,1,1,4.931,-42.387,0.46,-3.96,0.46,-3.96,INF,-1,0,7,0
9300,1,1,6.049,-41.614,0.57,-3.88,0.56,-3.88,INF,-1,0,7,0
9320,1,1,6.476,-42.286,0.61,-3.95,0.60,-3.95,INF,-1,0,7,0
9340,1,1,4.674,-41.106,0.44,-3.84,0.44,-3.84,INF,-1,0,7,0
9360,1,1,4.501,-40.573,0.42,-3.79,0.42,-3.79,INF,-1,0,7,0
9380,1,1,4.196,-41.566,0.39,-3.88,0.39,-3.88,INF,-1,0,7,0
9400,1,1,6.519,-41.539,0.61,-3.88,0.61,-3.88,INF,-1,0,7,0
9420,1,1,4.429,-40.780,0.41,-3.81,0.41,-3.81,INF,-1,0,7,0
9440,1,1,5.262,-42.037,0.49,-3.92,0.49,-3.92,INF,-1,0,7,0
9460,1,1,4.800,-41.234,0.45,-3.85,0.45,-3.85,INF,-1,0,7,0
9480,1,1,48.205,-40.248,4.50,-3.74,4.49,-3.76,INF,-1,0,7,0
9500,1,1,64.168,-41.684,5.98,-3.87,5.96,-3.89,INF,-1,1,7,0
9520,1,1,63.898,-42.454,5.95,-3.94,5.94,-3.96,INF,-1,0,7,0
9540,1,1,63.141,-42.313,5.88,-3.93,5.87,-3.95,INF,-1,0,7,0
9560,1,1,58.292,-41.483,5.43,-3.85,5.42,-3.87,INF,-1,0,7,0
9580,1,1,61.863,-43.097,5.76,-4.00,5.75,-4.02,INF,-1,0,7,0
9600,1,1,61.867,-43.361,5.76,-4.03,5.75,-4.05,INF,-1,0,7,0
9620,1,1,60.582,-40.884,5.64,-3.80,5.63,-3.82,INF,-1,0,7,0
9640,1,1,61.842,-41.996,5.76,-3.90,5.75,-3.92,INF,-1,0,7,0
9660,1,1,62.065,-42.454,5.78,-3.94,5.77,-3.96,INF,-1,0,7,0
9680,1,1,62.338,-42.521,5.81,-3.95,5.79,-3.97,INF,-1,0,7,0
9700,1,1,60.796,-41.131,5.66,-3.82,5.65,-3.84,INF,-1,0,7,0
9720,1,1,63.571,-42.939,5.92,-3.99,5.91,-4.01,INF,-1,0,7,0
9740,1,1,60.869,-43.602,5.67,-4.05,5.66,-4.07,INF,-1,0,7,0
9760,1,1,61.289,-41.697,5.71,-3.87,5.70,-3.89,INF,-1,0,7,0
9780,1,1,61.742,-41.175,5.75,-3.82,5.74,-3.84,INF,-1,1,7,0
9800,1,1,56.457,-46.913,5.26,-4.36,5.25,-4.38,INF,-1,1,7,0
9820,1,1,-43.399,-37.237,-4.05,-3.47,-4.04,-3.48,INF,-1,1,7,0
9840,1,1,-75.526,-32.733,-7.02,-3.03,-7.01,-3.06,INF,-1,1,7,0
9860,1,1,-77.221,-32.323,-7.18,-2.99,-7.17,-3.02,INF,-1,0,7,0
9880,1,1,-75.158,-32.035,-6.99,-2.97,-6.98,-2.99,INF,-1,0,7,0
9900,1,1,-73.687,-33.601,-6.85,-3.12,-6.84,-3.14,INF,-1,0,7,0
9920,1,1,-73.371,-33.609,-6.83,-3.12,-6.82,-3.14,INF,-1,0,7,0
9940,1,1,-75.330,-33.033,-7.01,-3.06,-7.00,-3.08,INF,-1,0,7,0
9960,1,1,-75.455,-34.457,-7.02,-3.19,-7.01,-3.22,INF,-1,0,7,0
9980,1,1,-74.361,-33.762,-6.92,-3.13,-6.91,-3.15,INF,-1,0,7,0
10000,1,1,-72.683,-31.622,-6.76,-2.93,-6.75,-2.95,INF,-1,0,7,0
10020,1,1,-76.055,-32.227,-7.07,-2.99,-7.06,-3.01,INF,-1,0,7,0
10040,1,1,-73.333,-32.870,-6.82,-3.05,-6.81,-3.07,INF,-1,0,7,0
10060,1,1,-74.464,-33.002,-6.93,-3.06,-6.92,-3.08,INF,-1,0,7,0
10080,1,1,-65.032,-27.567,-6.06,-2.56,-6.05,-2.57,INF,-1,0,7,0
10100,1,1,-65.169,-27.399,-6.07,-2.54,-6.06,-2.56,INF,-1,0,7,0
10120,1,1,-64.682,-29.752,-6.02,-2.76,-6.02,-2.78,INF,-1,1,7,0
10140,1,1,-64.712,-27.456,-6.03,-2.55,-6.02,-2.56,INF,-1,1,7,0
10160,1,1,-64.950,-28.177,-6.05,-2.62,-6.04,-2.63,INF,-1,1,7,0
10180,1,1,-65.450,-26.144,-6.09,-2.43,-6.09,-2.44,INF,-1,1,7,0
10200,1,1,-67.188,-27.794,-6.25,-2.58,-6.25,-2.60,INF,-1,1,7,0
10220,1,1,-63.641,-25.739,-5.93,-2.39,-5.92,-2.40,INF,-1,1,7,0
10240,1,1,-63.727,-25.832,-5.94,-2.40,-5.93,-2.41,INF,-1,1,7,0
10260,1,1,-65.233,-26.967,-6.07,-2.50,-6.07,-2.52,INF,-1,1,7,0
10280,1,1,-63.478,-23.232,-5.91,-2.16,-5.91,-2.17,INF,-1,1,7,0
10300,1,1,-65.093,-24.247,-6.06,-2.25,-6.06,-2.27,INF,-1,1,7,0
10320,1,1,-66.626,-20.418,-6.20,-1.90,-6.20,-1.91,INF,-1,0,7,0
10340,1,1,-64.864,-24.388,-6.04,-2.27,-6.04,-2.28,INF,-1,0,7,0
10360,1,1,-65.870,-20.987,-6.13,-1.95,-6.13,-1.96,INF,-1,0,7,0
10380,1,1,-66.457,-22.757,-6.19,-2.11,-6.18,-2.13,INF,-1,0,7,0
10400,1,1,-64.882,-21.500,-6.04,-2.00,-6.04,-2.01,INF,-1,0,7,0
10420,1,1,-64.836,-22.221,-6.04,-2.06,-6.03,-2.08,INF,-1,0,7,0
10440,1,1,-64.934,-22.101,-6.05,-2.05,-6.04,-2.06,INF,-1,0,7,0
10460,1,1,-64.999,-22.369,-6.05,-2.08,-6.05,-2.09,INF,-1,0,7,0
10480,1,1,-64.379,-21.226,-6.00,-1.97,-5.99,-1.98,INF,-1,0,7,0
10500,1,1,-66.251,-19.935,-6.17,-1.85,-6.17,-1.86,INF,-1,0,7,0
10520,1,1,-65.136,-23.753,-6.07,-2.21,-6.06,-2.22,INF,-1,0,7,0
10540,1,1,-64.622,-24.889,-6.02,-2.31,-6.01,-2.33,INF,-1,0,7,0
10560,1,1,-64.170,-23.566,-5.98,-2.19,-5.97,-2.20,INF,-1,1,7,0
10580,1,1,-65.357,-21.754,-6.09,-2.02,-6.08,-2.03,INF,-1,1,7,0
10600,1,1,-65.156,-24.017,-6.07,-2.23,-6.06,-2.24,INF,-1,1,7,0
10620,1,1,-63.941,-23.792,-5.95,-2.21,-5.95,-2.22,INF,-1,1,7,0
10640,1,1,-63.383,-22.919,-5.90,-2.13,-5.90,-2.14,INF,-1,1,7,0
10660,1,1,-65.063,-23.882,-6.06,-2.22,-6.05,-2.23,INF,-1,1,7,0
10680,1,1,-65.649,-23.119,-6.11,-2.15,-6.11,-2.16,INF,-1,1,7,0
10700,1,1,-63.924,-21.608,-5.95,-2.01,-5.95,-2.02,INF,-1,1,7,0
10720,1,1,-63.226,-21.847,-5.89,-2.03,-5.89,-2.04,INF,-1,1,7,0
10740,1,1,-64.586,-23.999,-6.01,-2.23,-6.01,-2.24,INF,-1,1,7,0
10760,1,1,-62.987,-21.994,-5.87,-2.04,-5.86,-2.05,INF,-1,1,7,0
10780,1,1,-62.568,-23.997,-5.83,-2.23,-5.82,-2.24,INF,-1,1,7,0
10800,1,1,-60.872,-22.304,-5.67,-2.07,-5.67,-2.08,INF,-1,1,7,0
10820,1,1,-58.570,-23.671,-5.46,-2.20,-5.45,-2.21,INF,-1,1,7,0
10840,1,1,-59.190,-24.612,-5.52,-2.29,-5.51,-2.30,INF,-1,1,7,0
10860,1,1,-61.901,-23.151,-5.77,-2.15,-5.76,-2.16,INF,-1,1,7,0
10880,1,1,-60.952,-24.563,-5.68,-2.28,-5.67,-2.29,INF,-1,1,7,0
10900,1,1,-62.468,-23.959,-5.82,-2.23,-5.81,-2.24,INF,-1,1,7,0
10920,1,1,-61.853,-23.899,-5.76,-2.22,-5.76,-2.23,INF,-1,1,7,0
10940,1,1,-63.120,-25.262,-5.88,-2.35,-5.87,-2.36,INF,-1,1,7,0
10960,1,1,-60.185,-25.415,-5.61,-2.36,-5.60,-2.37,INF,-1,1,7,0
10980,1,1,-62.880,-23.726,-5.86,-2.20,-5.85,-2.22,INF,-1,1,7,0
11000,1,1,-59.987,-24.198,-5.59,-2.25,-5.58,-2.26,INF,-1,1,7,0
11020,1,1,-61.618,-22.155,-5.74,-2.06,-5.74,-2.07,INF,-1,1,7,0
11040,1,1,-61.109,-23.641,-5.69,-2.20,-5.69,-2.21,INF,-1,1,7,0
11060,1,1,-62.215,-23.241,-5.80,-2.16,-5.79,-2.17,INF,-1,1,7,0
11080,1,1,-60.656,-25.034,-5.65,-2.33,-5.65,-2.34,INF,-1,1,7,0
11100,1,1,-59.970,-25.000,-5.59,-2.32,-5.58,-2.34,INF,-1,1,7,0
11120,1,1,-61.369,-23.180,-5.72,-2.15,-5.71,-2.17,INF,-1,1,7,0
11140,1,1,-58.339,-23.292,-5.44,-2.17,-5.43,-2.18,INF,-1,1,7,0
11160,1,1,-59.516,-24.139,-5.55,-2.24,-5.54,-2.26,INF,-1,1,7,0
11180,1,1,-62.108,-24.021,-5.79,-2.23,-5.78,-2.24,INF,-1,1,7,0
11200,1,1,-61.411,-23.143,-5.72,-2.15,-5.72,-2.16,INF,-1,1,7,0
11220,1,1,-60.523,-25.467,-5.64,-2.37,-5.63,-2.38,INF,-1,1,7,0
11240,1,1,-56.975,-24.547,-5.31,-2.28,-5.31,-2.29,INF,-1,1,7,0
11260,1,1,-40.709,-22.649,-3.80,-2.11,-3.80,-2.12,INF,-1,1,7,0
11280,1,1,-38.663,-20.949,-3.61,-1.95,-3.61,-1.96,INF,-1,1,7,0
11300,1,1,-40.898,-24.545,-3.82,-2.29,-3.81,-2.29,INF,-1,0,7,0
11320,1,1,-40.477,-23.962,-3.78,-2.23,-3.77,-2.24,INF,-1,0,7,0
11340,1,1,-38.607,-23.500,-3.60,-2.19,-3.60,-2.20,INF,-1,0,7,0
11360,1,1,-40.733,-24.525,-3.80,-2.29,-3.80,-2.29,INF,-1,0,7,0
11380,1,1,-40.276,-24.020,-3.76,-2.24,-3.76,-2.24,INF,-1,0,7,0
11400,1,1,-36.212,-23.469,-3.38,-2.19,-3.38,-2.19,INF,-1,0,7,0
11420,1,1,-37.365,-25.040,-3.49,-2.33,-3.49,-2.34,INF,-1,0,7,0
11440,1,1,-29.634,-25.783,-2.77,-2.41,-2.77,-2.41,INF,-1,0,7,0
11460,1,1,-28.244,-24.398,-2.64,-2.28,-2.64,-2.28,INF,-1,0,7,0
11480,1,1,-29.350,-24.928,-2.74,-2.33,-2.74,-2.33,INF,-1,0,7,0
11500,1,1,-31.830,-24.951,-2.97,-2.33,-2.97,-2.33,INF,-1,0,7,0
11520,1,1,-27.391,-24.486,-2.56,-2.29,-2.56,-2.29,INF,-1,0,7,0
11540,1,1,-29.137,-23.944,-2.72,-2.23,-2.72,-2.24,INF,-1,1,7,0
11560,1,1,-28.920,-25.306,-2.70,-2.36,-2.70,-2.36,INF,-1,1,7,0
11580,1,1,-28.160,-24.364,-2.63,-2.27,-2.63,-2.28,INF,-1,1,7,0
11600,1,1,-29.743,-24.058,-2.78,-2.24,-2.78,-2.25,INF,-1,1,7,0
11620,1,1,-28.622,-24.363,-2.67,-2.27,-2.67,-2.28,INF,-1,1,7,0
11640,1,1,-31.171,-22.756,-2.91,-2.12,-2.91,-2.13,INF,-1,1,7,0
11660,1,1,-29.157,-24.527,-2.72,-2.29,-2.72,-2.29,INF,-1,1,7,0
11680,1,1,-28.710,-24.732,-2.68,-2.31,-2.68,-2.31,INF,-1,1,7,0
11700,1,1,-28.718,-21.930,-2.68,-2.05,-2.68,-2.05,INF,-1,1,7,0
11720,1,1,-26.871,-23.109,-2.51,-2.16,-2.51,-2.16,INF,-1,1,7,0
11740,1,1,-29.065,-22.119,-2.71,-2.06,-2.71,-2.07,INF,-1,1,7,0
11760,1,1,-29.396,-22.541,-2.75,-2.10,-2.74,-2.11,INF,-1,1,7,0
11780,1,1,-26.610,-23.072,-2.49,-2.15,-2.48,-2.16,INF,-1,1,7,0
11800,0,1,0.000,0.000,0.00,0.00,0.00,0.00,0.00,-1,1,7,0
11820,1,1,-30.700,-23.187,-2.87,-2.16,-2.87,-2.17,INF,-1,1,7,0
11840,1,1,-29.800,-25.527,-2.78,-2.38,-2.78,-2.38,INF,-1,1,7,0
11860,1,1,-30.413,-23.370,-2.84,-2.18,-2.84,-2.18,INF,-1,1,7,0
11880,1,1,-29.208,-22.902,-2.73,-2.14,-2.73,-2.14,INF,-1,1,7,0
11900,1,1,-29.145,-22.193,-2.72,-2.07,-2.72,-2.07,INF,-1,1,7,0
11920,1,1,-29.216,-23.649,-2.73,-2.21,-2.73,-2.21,INF,-1,1,7,0
11940,1,1,-28.943,-23.869,-2.70,-2.23,-2.70,-2.23,INF,-1,1,7,0
11960,1,1,-30.108,-23.078,-2.81,-2.15,-2.81,-2.16,INF,-1,1,7,0
11980,1,1,-28.110,-22.658,-2.63,-2.11,-2.62,-2.12,INF,-1,1,7,0
12000,1,1,-30.985,-21.350,-2.89,-1.99,-2.89,-1.99,INF,-1,1,7,0
12020,0,1,0.000,0.000,0.00,0.00,0.00,0.00,0.00,-1,1,7,0
12040,1,1,-18.093,-42.681,-1.69,-3.98,-1.69,-3.98,INF,-1,1,7,0
12060,1,1,-28.800,-22.976,-2.69,-2.14,-2.69,-2.15,INF,-1,1,7,0
12080,1,1,-31.350,-21.931,-2.93,-2.05,-2.93,-2.05,INF,-1,1,7,0
12100,1,1,-30.099,-23.553,-2.81,-2.20,-2.81,-2.20,INF,-1,1,7,0
12120,1,1,-32.510,-20.957,-3.04,-1.96,-3.03,-1.96,INF,-1,1,7,0
12140,1,1,-31.171,-22.620,-2.91,-2.11,-2.91,-2.11,INF,-1,1,7,0
12160,1,1,-27.646,-21.994,-2.58,-2.05,-2.58,-2.05,INF,-1,1,7,0
12180,1,1,-29.959,-23.034,-2.80,-2.15,-2.80,-2.15,INF,-1,1,7,0
12200,1,1,-30.657,-23.770,-2.86,-2.22,-2.86,-2.22,INF,-1,1,7,0
12220,0,1,0.000,0.000,0.00,0.00,0.00,0.00,0.00,-1,1,7,0
12240,1,1,3.875,-19.901,0.36,-1.86,0.36,-1.86,INF,-1,1,7,0
12260,1,1,5.192,-22.029,0.49,-2.06,0.48,-2.06,INF,-1,1,7,0
12280,1,1,4.844,-20.858,0.45,-1.95,0.45,-1.95,INF,-1,1,7,0
12300,1,1,3.984,-20.639,0.37,-1.93,0.37,-1.93,INF,-1,0,7,0
12320,1,1,4.210,-21.777,0.39,-2.03,0.39,-2.03,INF,-1,0,7,0
12340,1,1,2.734,-22.571,0.26,-2.11,0.26,-2.11,INF,-1,0,7,0
12360,1,1,2.415,-22.379,0.23,-2.09,0.23,-2.09,INF,-1,0,7,0
12380,1,1,3.681,-20.133,0.34,-1.88,0.34,-1.88,INF,-1,0,7,0
12400,1,1,3.301,-20.735,0.31,-1.94,0.31,-1.94,INF,-1,0,7,0
12420,1,1,2.979,-20.402,0.28,-1.91,0.28,-1.91,INF,-1,0,7,0
12440,1,1,2.405,-22.057,0.22,-2.06,0.22,-2.06,INF,-1,0,7,0
12460,1,1,3.221,-23.610,0.30,-2.21,0.30,-2.21,INF,-1,0,7,0
12480,1,1,2.600,-21.985,0.24,-2.05,0.24,-2.05,INF,-1,0,7,0
12500,1,1,4.367,-23.833,0.41,-2.23,0.41,-2.23,INF,-1,0,7,0
12520,1,1,3.556,-21.503,0.33,-2.01,0.33,-2.01,INF,-1,1,7,0
12540,1,1,9.524,-20.628,0.89,-1.93,0.89,-1.93,INF,-1,1,7,0
12560,1,1,10.120,-20.288,0.95,-1.90,0.95,-1.90,INF,-1,1,7,0
12580,1,1,10.638,-21.611,0.99,-2.02,0.99,-2.02,INF,-1,1,7,0
12600,1,1,11.036,-22.244,1.03,-2.08,1.03,-2.08,INF,-1,1,7,0
12620,1,1,10.410,-21.082,0.97,-1.97,0.97,-1.97,INF,-1,1,7,0
12640,1,1,8.526,-20.148,0.80,-1.88,0.80,-1.88,INF,-1,1,7,0
12660,1,1,8.703,-20.740,0.81,-1.94,0.81,-1.94,INF,-1,1,7,0
12680,1,1,8.773,-20.042,0.82,-1.87,0.82,-1.87,INF,-1,1,7,0
12700,1,1,10.303,-22.204,0.96,-2.07,0.96,-2.07,INF,-1,1,7,0
12720,1,1,9.883,-21.121,0.92,-1.97,0.92,-1.97,INF,-1,1,7,0
12740,1,1,9.374,-19.163,0.88,-1.79,0.88,-1.79,INF,-1,1,7,0
12760,1,1,11.193,-21.087,1.05,-1.97,1.05,-1.97,INF,-1,1,7,0
12780,1,1,13.249,-21.918,1.24,-2.05,1.24,-2.05,INF,-1,1,7,0
12800,1,1,8.150,-21.478,0.76,-2.01,0.76,-2.01,INF,-1,1,7,0
12820,1,1,11.822,-21.518,1.10,-2.01,1.10,-2.01,INF,-1,1,7,0
12840,1,1,13.046,-19.127,1.22,-1.79,1.22,-1.79,INF,-1,1,7,0
12860,1,1,9.634,-20.172,0.90,-1.88,0.90,-1.88,INF,-1,1,7,0
12880,1,1,10.361,-21.873,0.97,-2.04,0.97,-2.04,INF,-1,1,7,0
12900,1,1,13.697,-19.642,1.28,-1.83,1.28,-1.84,INF,-1,1,7,0
12920,1,1,12.278,-19.085,1.15,-1.78,1.15,-1.78,INF,-1,1,7,0
12940,1,1,10.806,-21.995,1.01,-2.05,1.01,-2.05,INF,-1,1,7,0
12960,1,1,12.935,-22.379,1.21,-2.09,1.21,-2.09,INF,-1,1,7,0
12980,1,1,10.271,-20.728,0.96,-1.94,0.96,-1.94,INF,-1,1,7,0
13000,1,1,11.091,-22.850,1.04,-2.13,1.04,-2.13,INF,-1,1,7,0
13020,1,1,9.521,-21.672,0.89,-2.02,0.89,-2.02,INF,-1,1,7,0
13040,1,1,14.300,-20.498,1.34,-1.91,1.34,-1.92,INF,-1,1,7,0
13060,1,1,11.271,-21.122,1.05,-1.97,1.05,-1.97,INF,-1,1,7,0
13080,1,1,14.127,-21.730,1.32,-2.03,1.32,-2.03,INF,-1,1,7,0
13100,1,1,9.238,-21.861,0.86,-2.04,0.86,-2.04,INF,-1,1,7,0
13120,1,1,9.309,-20.629,0.87,-1.93,0.87,-1.93,INF,-1,1,7,0
13140,1,1,10.575,-21.749,0.99,-2.03,0.99,-2.03,INF,-1,1,7,0
13160,1,1,12.028,-20.411,1.12,-1.91,1.12,-1.91,INF,-1,1,7,0
13180,1,1,9.500,-19.958,0.89,-1.86,0.89,-1.86,INF,-1,1,7,0
13200,1,1,11.182,-17.365,1.05,-1.62,1.04,-1.62,INF,-1,1,7,0
13220,1,1,11.269,-21.492,1.05,-2.01,1.05,-2.01,INF,-1,1,7,0
13240,1,1,11.600,-19.676,1.08,-1.84,1.08,-1.84,INF,-1,1,7,0
13260,1,1,8.799,-21.652,0.82,-2.02,0.82,-2.02,INF,-1,1,7,0
13280,1,1,11.234,-21.054,1.05,-1.97,1.05,-1.97,INF,-1,1,7,0
13300,1,1,8.874,-21.662,0.83,-2.02,0.83,-2.02,INF,-1,1,7,0
13320,1,1,9.948,-22.023,0.93,-2.06,0.93,-2.06,INF,-1,1,7,0
13340,1,1,10.212,-20.796,0.95,-1.94,0.95,-1.94,INF,-1,1,7,0
13360,1,1,10.502,-22.350,0.98,-2.09,0.98,-2.09,INF,-1,1,7,0
13380,1,1,9.552,-19.763,0.89,-1.85,0.89,-1.85,INF,-1,1,7,0
13400,1,1,9.875,-19.274,0.92,-1.80,0.92,-1.80,INF,-1,1,7,0
13420,1,1,9.868,-22.451,0.92,-2.10,0.92,-2.10,INF,-1,1,7,0
13440,1,1,9.393,-20.436,0.88,-1.91,0.88,-1.91,INF,-1,1,7,0
13460,1,1,10.706,-22.069,1.00,-2.06,1.00,-2.06,INF,-1,1,7,0
13480,1,1,11.119,-20.020,1.04,-1.87,1.04,-1.87,INF,-1,1,7,0
13500,1,1,11.498,-20.455,1.07,-1.91,1.07,-1.91,INF,-1,1,7,0
13520,1,1,11.676,-21.933,1.09,-2.05,1.09,-2.05,INF,-1,1,7,0
13540,1,1,12.820,-20.461,1.20,-1.91,1.20,-1.91,INF,-1,1,7,0
13560,1,1,11.651,-19.815,1.09,-1.85,1.09,-1.85,INF,-1,1,7,0
13580,1,1,13.077,-21.443,1.22,-2.00,1.22,-2.00,INF,-1,1,7,0
13600,1,1,11.320,-21.927,1.06,-2.05,1.06,-2.05,INF,-1,1,7,0
13620,1,1,10.567,-22.929,0.99,-2.14,0.99,-2.14,INF,-1,1,7,0
13640,1,1,9.760,-24.427,0.91,-2.28,0.91,-2.28,INF,-1,1,7,0
13660,1,1,10.548,-22.323,0.99,-2.09,0.99,-2.09,INF,-1,1,7,0
13680,1,1,9.230,-22.179,0.86,-2.07,0.86,-2.07,INF,-1,1,7,0
13700,1,1,10.870,-22.004,1.02,-2.06,1.02,-2.06,INF,-1,1,7,0
13720,1,1,11.398,-22.606,1.07,-2.11,1.06,-2.11,INF,-1,1,7,0
13740,1,1,11.380,-25.078,1.06,-2.34,1.06,-2.34,INF,-1,1,7,0
13760,1,1,8.384,-23.133,0.78,-2.16,0.78,-2.16,INF,-1,1,7,0
13780,1,1,15.355,-25.036,1.43,-2.34,1.43,-2.34,INF,-1,1,7,0
13800,1,1,25.046,-29.830,2.34,-2.78,2.34,-2.79,INF,-1,1,7,0
13820,1,1,23.354,-32.866,2.18,-3.07,2.18,-3.07,INF,-1,0,7,0
13840,1,1,22.421,-31.100,2.09,-2.90,2.09,-2.90,INF,-1,0,7,0
13860,1,1,21.420,-31.542,2.00,-2.94,2.00,-2.95,INF,-1,0,7,0
13880,1,1,21.071,-31.844,1.97,-2.97,1.97,-2.97,INF,-1,0,7,0
13900,1,1,23.179,-32.715,2.17,-3.05,2.16,-3.05,INF,-1,0,7,0
13920,1,1,21.842,-32.759,2.04,-3.06,2.04,-3.06,INF,-1,0,7,0
13940,1,1,20.902,-31.071,1.95,-2.90,1.95,-2.90,INF,-1,0,7,0
13960,1,1,22.905,-29.850,2.14,-2.79,2.14,-2.79,INF,-1,0,7,0
13980,1,1,22.064,-33.513,2.06,-3.13,2.06,-3.13,INF,-1,0,7,0
14000,1,1,25.185,-32.074,2.35,-2.99,2.35,-3.00,INF,-1,0,7,0
14020,1,1,23.303,-31.720,2.18,-2.96,2.17,-2.96,INF,-1,0,7,0
14040,1,1,21.743,-32.441,2.03,-3.03,2.03,-3.03,INF,-1,0,7,0
14060,1,1,22.453,-33.017,2.10,-3.08,2.09,-3.08,INF,-1,1,7,0
14080,1,1,22.592,-33.117,2.11,-3.09,2.11,-3.09,INF,-1,1,7,0
14100,1,1,20.039,-31.544,1.87,-2.94,1.87,-2.95,INF,-1,1,7,0
14120,1,1,21.507,-32.506,2.01,-3.03,2.01,-3.04,INF,-1,1,7,0
14140,1,1,20.559,-30.956,1.92,-2.89,1.92,-2.89,INF,-1,1,7,0
14160,1,1,24.615,-32.216,2.30,-3.01,2.30,-3.01,INF,-1,1,7,0
14180,1,1,21.960,-33.126,2.05,-3.09,2.05,-3.09,INF,-1,1,7,0
14200,1,1,22.371,-32.775,2.09,-3.06,2.09,-3.06,INF,-1,1,7,0
14220,1,1,23.604,-33.110,2.21,-3.09,2.20,-3.09,INF,-1,1,7,0
14240,1,1,22.915,-34.345,2.14,-3.20,2.14,-3.21,INF,-1,1,7,0
14260,1,1,21.454,-31.739,2.00,-2.96,2.00,-2.96,INF,-1,1,7,0
14280,1,1,53.007,-34.846,4.94,-3.24,4.93,-3.25,INF,-1,1,7,0
14300,1,1,58.064,-33.904,5.41,-3.15,5.40,-3.17,INF,-1,1,7,0
14320,1,1,56.411,-34.207,5.26,-3.18,5.25,-3.19,INF,-1,0,7,0
14340,1,1,55.510,-32.692,5.17,-3.04,5.17,-3.05,INF,-1,0,7,0
14360,1,1,54.229,-36.070,5.06,-3.35,5.05,-3.37,INF,-1,0,7,0
14380,1,1,55.561,-33.430,5.18,-3.11,5.17,-3.12,INF,-1,0,7,0
14400,1,1,54.086,-35.486,5.04,-3.30,5.03,-3.31,INF,-1,0,7,0
14420,1,1,53.080,-35.322,4.95,-3.29,4.94,-3.30,INF,-1,0,7,0
14440,1,1,59.346,-34.855,5.53,-3.24,5.52,-3.25,INF,-1,0,7,0
14460,1,1,54.152,-34.679,5.05,-3.23,5.04,-3.24,INF,-1,0,7,0
14480,1,1,56.362,-35.084,5.25,-3.26,5.24,-3.28,INF,-1,0,7,0
14500,1,1,49.132,-34.990,4.58,-3.26,4.58,-3.27,INF,-1,0,7,0
14520,1,1,51.282,-36.982,4.78,-3.44,4.77,-3.45,INF,-1,0,7,0
14540,1,1,52.724,-35.772,4.92,-3.33,4.91,-3.34,INF,-1,0,7,0
14560,1,1,47.745,-34.973,4.45,-3.26,4.45,-3.27,INF,-1,1,7,0
14580,1,1,49.775,-35.679,4.64,-3.32,4.63,-3.33,INF,-1,1,7,0
14600,1,1,50.919,-34.874,4.75,-3.24,4.74,-3.26,INF,-1,1,7,0
14620,1,1,49.400,-34.952,4.61,-3.25,4.60,-3.26,INF,-1,1,7,0
14640,1,1,50.880,-34.006,4.74,-3.16,4.74,-3.18,INF,-1,1,7,0
14660,1,1,51.872,-36.037,4.84,-3.35,4.83,-3.36,INF,-1,1,7,0
14680,1,1,50.422,-34.569,4.70,-3.22,4.69,-3.23,INF,-1,1,7,0
14700,1,1,49.147,-34.726,4.58,-3.23,4.58,-3.24,INF,-1,1,7,0
14720,1,1,52.662,-36.602,4.91,-3.40,4.90,-3.42,INF,-1,1,7,0
14740,1,1,50.160,-35.868,4.68,-3.34,4.67,-3.35,INF,-1,1,7,0
14760,1,1,48.098,-35.943,4.49,-3.35,4.48,-3.36,INF,-1,1,7,0
14780,1,1,52.356,-33.074,4.88,-3.08,4.87,-3.09,INF,-1,1,7,0
14800,1,1,52.646,-38.579,4.91,-3.59,4.90,-3.60,INF,-1,1,7,0
14820,1,1,51.695,-34.102,4.82,-3.17,4.81,-3.18,INF,-1,1,7,0
14840,1,1,54.038,-35.394,5.04,-3.29,5.03,-3.30,INF,-1,1,7,0
14860,1,1,48.545,-34.180,4.53,-3.18,4.52,-3.19,INF,-1,1,7,0
14880,1,1,49.901,-36.260,4.65,-3.37,4.65,-3.39,INF,-1,1,7,0
14900,1,1,52.551,-35.038,4.90,-3.26,4.89,-3.27,INF,-1,1,7,0
14920,1,1,53.886,-35.843,5.02,-3.33,5.02,-3.35,INF,-1,1,7,0
14940,1,1,50.083,-33.798,4.67,-3.15,4.66,-3.16,INF,-1,1,7,0
14960,1,1,52.768,-33.790,4.92,-3.14,4.91,-3.16,INF,-1,1,7,0
14980,1,1,50.325,-32.879,4.69,-3.06,4.69,-3.07,INF,-1,1,7,0
15000,1,1,53.192,-33.917,4.96,-3.16,4.95,-3.17,INF,-1,1,7,0
15020,1,1,51.248,-34.020,4.78,-3.17,4.77,-3.18,INF,-1,1,7,0
15040,1,1,54.126,-34.918,5.05,-3.25,5.04,-3.26,INF,-1,1,7,0
15060,1,1,52.108,-31.901,4.86,-2.97,4.85,-2.98,INF,-1,1,7,0
