"EyeTracker Toolbox version","3.250"
CalibrationParameters_A11,1.17696
CalibrationParameters_A12,0.10310
CalibrationParameters_A13,0.01243
CalibrationParameters_A21,0.05664
CalibrationParameters_A22,-1.25359
CalibrationParameters_A23,-0.01316
CalibrationParameters_A31,-0.00029
CalibrationParameters_A32,-0.00682
CalibrationParameters_E11,-0.17997
CalibrationParameters_E12,0.00012
CalibrationParameters_E21,-0.00006
CalibrationParameters_E22,0.19969
CalibrationParameters_X,-45.93291
CalibrationParameters_Y,-45.74223
CalibrationParameters_Rpc,82.62157
CalibrationParameters_MeanX,128.92893
CalibrationParameters_MeanY,139.28117
CalibrationParameters_ViewDist,613.00000
TimeStamp,Tracked,Calibrated,ScreenPositionXmm,ScreenPositionYmm,FicksLongitude,FicksLatitude,HelmholtzAzimuth,HelmholtzElevation,PupilDiameter,Region,Fixation,DigitalIO,Dropped
0,1,1,29.615,2.946,2.77,0.28,2.77,0.28,INF,-1,0,7,0
20,1,1,30.139,2.502,2.81,0.23,2.81,0.23,INF,-1,0,7,0
40,1,1,30.276,4.279,2.83,0.40,2.83,0.40,INF,-1,0,7,0
60,1,1,28.012,3.213,2.62,0.30,2.62,0.30,INF,-1,0,7,0
80,1,1,26.564,5.582,2.48,0.52,2.48,0.52,INF,-1,0,7,0
100,1,1,27.240,4.675,2.54,0.44,2.54,0.44,INF,-1,0,7,0
120,1,1,27.146,4.315,2.54,0.40,2.54,0.40,INF,-1,0,7,0
140,1,1,27.762,4.679,2.59,0.44,2.59,0.44,INF,-1,0,7,0
160,1,1,26.774,5.188,2.50,0.48,2.50,0.48,INF,-1,0,7,0
180,1,1,27.972,5.029,2.61,0.47,2.61,0.47,INF,-1,0,7,0
200,1,1,27.528,5.493,2.57,0.51,2.57,0.51,INF,-1,0,7,0
220,1,1,27.158,5.923,2.54,0.55,2.54,0.55,INF,-1,0,7,0
240,1,1,26.124,5.120,2.44,0.48,2.44,0.48,INF,-1,0,7,0
260,1,1,26.944,6.500,2.52,0.61,2.52,0.61,INF,-1,0,7,0
280,1,1,27.753,6.223,2.59,0.58,2.59,0.58,INF,-1,1,7,0
300,1,1,26.552,6.491,2.48,0.61,2.48,0.61,INF,-1,1,7,0
320,1,1,-8.095,13.296,-0.76,1.24,-0.76,1.24,INF,-1,1,7,0
340,1,1,-15.585,16.814,-1.46,1.57,-1.46,1.57,INF,-1,1,7,0
360,1,1,-15.169,16.796,-1.42,1.57,-1.42,1.57,INF,-1,0,7,0
380,1,1,-15.976,16.771,-1.49,1.57,-1.49,1.57,INF,-1,0,7,0
400,1,1,-16.282,17.233,-1.52,1.61,-1.52,1.61,INF,-1,0,7,0
420,1,1,-16.876,16.333,-1.58,1.53,-1.58,1.53,INF,-1,0,7,0
440,1,1,-16.667,15.187,-1.56,1.42,-1.56,1.42,INF,-1,0,7,0
460,1,1,-17.295,17.342,-1.62,1.62,-1.62,1.62,INF,-1,0,7,0
480,1,1,-17.998,17.889,-1.68,1.67,-1.68,1.67,INF,-1,0,7,0
500,1,1,-18.514,18.253,-1.73,1.70,-1.73,1.71,INF,-1,0,7,0
520,1,1,-30.747,27.135,-2.87,2.53,-2.87,2.53,INF,-1,0,7,0
540,1,1,-31.262,25.901,-2.92,2.42,-2.92,2.42,INF,-1,0,7,0
560,1,1,-31.054,26.029,-2.90,2.43,-2.90,2.43,INF,-1,0,7,0
580,0,1,0.000,0.000,0.00,0.00,0.00,0.00,0.00,-1,0,7,0
600,1,1,-32.914,26.927,-3.07,2.51,-3.07,2.52,INF,-1,0,7,0
620,1,1,-32.486,26.706,-3.03,2.49,-3.03,2.49,INF,-1,0,7,0
640,1,1,-34.303,27.347,-3.20,2.55,-3.20,2.55,INF,-1,0,7,0
660,1,1,-33.900,26.756,-3.17,2.50,-3.16,2.50,INF,-1,0,7,0
680,1,1,-34.429,28.306,-3.21,2.64,-3.21,2.64,INF,-1,0,7,0
700,1,1,-32.992,27.839,-3.08,2.60,-3.08,2.60,INF,-1,1,7,0
720,1,1,-30.758,30.853,-2.87,2.88,-2.87,2.88,INF,-1,1,7,0
740,1,1,-31.412,27.551,-2.93,2.57,-2.93,2.57,INF,-1,1,7,0
760,1,1,-31.393,29.007,-2.93,2.71,-2.93,2.71,INF,-1,1,7,0
780,1,1,-31.595,29.296,-2.95,2.73,-2.95,2.74,INF,-1,1,7,0
800,1,1,-31.046,30.413,-2.90,2.84,-2.90,2.84,INF,-1,1,7,0
820,1,1,-31.550,29.703,-2.95,2.77,-2.94,2.77,INF,-1,1,7,0
840,1,1,-33.297,30.351,-3.11,2.83,-3.11,2.83,INF,-1,1,7,0
860,1,1,-32.344,29.846,-3.02,2.78,-3.02,2.79,INF,-1,1,7,0
880,1,1,-32.905,30.516,-3.07,2.85,-3.07,2.85,INF,-1,1,7,0
900,1,1,-34.446,30.163,-3.22,2.81,-3.21,2.82,INF,-1,1,7,0
920,1,1,-33.028,30.469,-3.08,2.84,-3.08,2.85,INF,-1,1,7,0
940,1,1,-33.614,29.629,-3.14,2.76,-3.14,2.77,INF,-1,1,7,0
960,1,1,-35.302,30.878,-3.30,2.88,-3.29,2.88,INF,-1,1,7,0
980,1,1,-35.614,29.751,-3.33,2.77,-3.32,2.78,INF,-1,1,7,0
1000,1,1,-36.155,28.670,-3.38,2.67,-3.37,2.68,INF,-1,0,7,0
1020,1,1,-35.736,30.305,-3.34,2.83,-3.33,2.83,INF,-1,0,7,0
1040,1,1,-36.079,29.703,-3.37,2.77,-3.36,2.77,INF,-1,0,7,0
1060,1,1,-36.588,31.478,-3.42,2.93,-3.41,2.94,INF,-1,0,7,0
1080,1,1,-36.681,33.196,-3.42,3.09,-3.42,3.10,INF,-1,0,7,0
1100,1,1,-36.242,32.673,-3.38,3.05,-3.38,3.05,INF,-1,0,7,0
1120,1,1,-36.882,32.596,-3.44,3.04,-3.44,3.04,INF,-1,0,7,0
1140,1,1,-37.561,32.746,-3.51,3.05,-3.50,3.06,INF,-1,0,7,0
1160,1,1,-37.756,32.953,-3.52,3.07,-3.52,3.08,INF,-1,0,7,0
1180,1,1,-38.112,32.650,-3.56,3.04,-3.55,3.05,INF,-1,0,7,0
1200,1,1,-38.966,32.293,-3.64,3.01,-3.63,3.02,INF,-1,0,7,0
1220,1,1,-37.789,33.393,-3.53,3.11,-3.52,3.12,INF,-1,0,7,0
1240,1,1,-39.167,33.762,-3.66,3.15,-3.65,3.15,INF,-1,1,7,0
1260,1,1,-38.890,32.639,-3.63,3.04,-3.62,3.05,INF,-1,1,7,0
1280,1,1,-39.490,32.775,-3.69,3.05,-3.68,3.06,INF,-1,1,7,0
1300,1,1,-38.482,32.933,-3.59,3.07,-3.59,3.08,INF,-1,1,7,0
1320,1,1,-40.275,32.221,-3.76,3.00,-3.75,3.01,INF,-1,1,7,0
1340,1,1,-39.003,31.653,-3.64,2.95,-3.64,2.96,INF,-1,1,7,0
1360,1,1,-39.370,32.167,-3.67,3.00,-3.67,3.00,INF,-1,1,7,0
1380,1,1,-39.024,32.515,-3.64,3.03,-3.64,3.04,INF,-1,1,7,0
1400,1,1,-39.689,32.248,-3.70,3.01,-3.70,3.01,INF,-1,1,7,0
1420,1,1,-38.777,31.549,-3.62,2.94,-3.61,2.95,INF,-1,1,7,0
1440,1,1,-39.436,32.693,-3.68,3.05,-3.68,3.05,INF,-1,1,7,0
1460,1,1,-40.127,33.420,-3.75,3.11,-3.74,3.12,INF,-1,1,7,0
1480,1,1,-38.484,31.746,-3.59,2.96,-3.59,2.96,INF,-1,1,7,0
1500,1,1,-39.323,32.522,-3.67,3.03,-3.67,3.04,INF,-1,1,7,0
1520,1,1,-38.321,32.026,-3.58,2.98,-3.57,2.99,INF,-1,1,7,0
1540,1,1,-39.211,32.062,-3.66,2.99,-3.66,2.99,INF,-1,1,7,0
1560,1,1,-39.354,31.150,-3.67,2.90,-3.67,2.91,INF,-1,1,7,0
1580,1,1,-37.827,32.460,-3.53,3.03,-3.53,3.03,INF,-1,1,7,0
1600,1,1,-38.278,32.762,-3.57,3.05,-3.57,3.06,INF,-1,1,7,0
1620,1,1,-37.926,31.593,-3.54,2.94,-3.54,2.95,INF,-1,1,7,0
1640,1,1,-39.675,33.446,-3.70,3.12,-3.70,3.12,INF,-1,1,7,0
1660,1,1,-38.075,31.477,-3.55,2.93,-3.55,2.94,INF,-1,1,7,0
1680,1,1,-38.534,31.573,-3.60,2.94,-3.59,2.95,INF,-1,1,7,0
1700,1,1,-37.877,31.470,-3.54,2.93,-3.53,2.94,INF,-1,1,7,0
1720,0,1,0.000,0.000,0.00,0.00,0.00,0.00,0.00,-1,1,7,0
1740,0,1,0.000,0.000,0.00,0.00,0.00,0.00,0.00,-1,1,7,0
1760,0,1,0.000,0.000,0.00,0.00,0.00,0.00,0.00,-1,1,7,0
1780,0,1,0.000,0.000,0.00,0.00,0.00,0.00,0.00,-1,1,7,0
1800,0,1,0.000,0.000,0.00,0.00,0.00,0.00,0.00,-1,0,7,0
1820,0,1,0.000,0.000,0.00,0.00,0.00,0.00,0.00,-1,0,7,0
1840,0,1,0.000,0.000,0.00,0.00,0.00,0.00,0.00,-1,0,7,0
1860,0,1,0.000,0.000,0.00,0.00,0.00,0.00,0.00,-1,0,7,0
1880,0,1,0.000,0.000,0.00,0.00,0.00,0.00,0.00,-1,0,7,0
1900,0,1,0.000,0.000,0.00,0.00,0.00,0.00,0.00,-1,0,7,0
1920,0,1,0.000,0.000,0.00,0.00,0.00,0.00,0.00,-1,0,7,0
1940,1,1,-35.234,26.963,-3.29,2.51,-3.29,2.52,INF,-1,0,7,0
1960,1,1,-35.745,31.723,-3.34,2.96,-3.33,2.96,INF,-1,0,7,0
1980,1,1,-37.291,29.147,-3.48,2.72,-3.48,2.72,INF,-1,0,7,0
2000,1,1,-36.243,29.576,-3.38,2.76,-3.38,2.76,INF,-1,0,7,0
2020,1,1,-35.259,29.775,-3.29,2.78,-3.29,2.78,INF,-1,0,7,0
2040,1,1,-36.084,29.370,-3.37,2.74,-3.36,2.74,INF,-1,0,7,0
2060,1,1,-37.478,30.336,-3.50,2.83,-3.49,2.83,INF,-1,0,7,0
2080,1,1,-37.274,29.268,-3.48,2.73,-3.48,2.73,INF,-1,0,7,0
2100,1,1,-37.617,28.987,-3.51,2.70,-3.51,2.71,INF,-1,0,7,0
2120,1,1,-36.424,29.076,-3.40,2.71,-3.40,2.72,INF,-1,0,7,0
2140,1,1,-38.206,30.172,-3.57,2.81,-3.56,2.82,INF,-1,0,7,0
2160,1,1,-38.519,32.428,-3.60,3.02,-3.59,3.03,INF,-1,0,7,0
2180,1,1,-38.486,32.063,-3.59,2.99,-3.59,2.99,INF,-1,0,7,0
2200,1,1,-38.806,31.797,-3.62,2.96,-3.62,2.97,INF,-1,0,7,0
2220,1,1,-37.955,32.038,-3.54,2.99,-3.54,2.99,INF,-1,1,7,0
2240,1,1,-38.702,32.091,-3.61,2.99,-3.61,3.00,INF,-1,1,7,0
2260,1,1,-38.963,32.771,-3.64,3.05,-3.63,3.06,INF,-1,1,7,0
2280,1,1,-39.911,32.670,-3.73,3.04,-3.72,3.05,INF,-1,1,7,0
2300,1,1,-40.159,32.599,-3.75,3.04,-3.74,3.04,INF,-1,1,7,0
2320,1,1,-40.935,32.841,-3.82,3.06,-3.81,3.07,INF,-1,1,7,0
2340,1,1,-40.221,32.680,-3.75,3.05,-3.75,3.05,INF,-1,1,7,0
2360,1,1,-40.782,33.803,-3.81,3.15,-3.80,3.16,INF,-1,1,7,0
2380,1,1,-41.074,33.526,-3.83,3.12,-3.83,3.13,INF,-1,1,7,0
2400,1,1,-40.027,32.677,-3.74,3.04,-3.73,3.05,INF,-1,1,7,0
2420,1,1,-39.993,32.090,-3.73,2.99,-3.73,3.00,INF,-1,1,7,0
2440,1,1,-40.320,32.466,-3.76,3.03,-3.76,3.03,INF,-1,1,7,0
2460,1,1,-41.078,33.686,-3.83,3.14,-3.83,3.15,INF,-1,1,7,0
2480,1,1,-39.745,31.898,-3.71,2.97,-3.70,2.98,INF,-1,1,7,0
2500,1,1,-41.049,32.131,-3.83,2.99,-3.83,3.00,INF,-1,1,7,0
2520,1,1,-41.924,32.518,-3.91,3.03,-3.91,3.04,INF,-1,1,7,0
2540,1,1,-40.333,33.222,-3.76,3.10,-3.76,3.10,INF,-1,1,7,0
2560,1,1,-41.020,32.576,-3.83,3.04,-3.82,3.04,INF,-1,1,7,0
2580,1,1,-40.916,31.438,-3.82,2.93,-3.81,2.94,INF,-1,1,7,0
2600,1,1,-41.100,32.939,-3.84,3.07,-3.83,3.08,INF,-1,1,7,0
2620,1,1,-40.310,31.633,-3.76,2.95,-3.76,2.95,INF,-1,1,7,0
2640,1,1,-40.246,32.169,-3.76,3.00,-3.75,3.00,INF,-1,1,7,0
2660,1,1,-41.905,32.072,-3.91,2.99,-3.91,2.99,INF,-1,1,7,0
2680,1,1,-41.581,33.612,-3.88,3.13,-3.87,3.14,INF,-1,1,7,0
2700,1,1,-41.290,32.850,-3.85,3.06,-3.85,3.07,INF,-1,1,7,0
2720,1,1,-40.827,32.863,-3.81,3.06,-3.80,3.07,INF,-1,1,7,0
2740,1,1,-41.277,32.298,-3.85,3.01,-3.85,3.02,INF,-1,1,7,0
2760,1,1,-42.536,32.258,-3.97,3.01,-3.96,3.01,INF,-1,1,7,0
2780,1,1,-41.826,33.228,-3.90,3.10,-3.90,3.10,INF,-1,1,7,0
2800,1,1,-40.815,32.014,-3.81,2.98,-3.80,2.99,INF,-1,1,7,0
2820,1,1,-41.182,33.123,-3.84,3.09,-3.84,3.09,INF,-1,1,7,0
2840,1,1,-42.026,33.883,-3.92,3.16,-3.92,3.16,INF,-1,1,7,0
2860,1,1,-42.160,32.806,-3.93,3.06,-3.93,3.06,INF,-1,1,7,0
2880,1,1,-42.019,32.193,-3.92,3.00,-3.92,3.01,INF,-1,1,7,0
2900,1,1,-43.046,33.367,-4.02,3.11,-4.01,3.12,INF,-1,1,7,0
2920,1,1,-42.156,32.766,-3.93,3.05,-3.93,3.06,INF,-1,1,7,0
2940,1,1,-42.021,31.908,-3.92,2.97,-3.92,2.98,INF,-1,1,7,0
2960,1,1,-41.745,32.398,-3.90,3.02,-3.89,3.03,INF,-1,1,7,0
2980,1,1,-42.334,32.683,-3.95,3.04,-3.95,3.05,INF,-1,1,7,0
3000,1,1,-42.197,32.472,-3.94,3.03,-3.93,3.03,INF,-1,1,7,0
3020,1,1,-41.676,32.175,-3.89,3.00,-3.88,3.00,INF,-1,1,7,0
3040,1,1,-42.202,32.498,-3.94,3.03,-3.93,3.03,INF,-1,1,7,0
3060,1,1,-40.924,33.860,-3.82,3.15,-3.81,3.16,INF,-1,1,7,0
3080,1,1,-41.629,34.069,-3.89,3.17,-3.88,3.18,INF,-1,1,7,0
3100,1,1,-40.378,32.979,-3.77,3.07,-3.76,3.08,INF,-1,1,7,0
3120,1,1,-40.742,33.465,-3.80,3.12,-3.80,3.12,INF,-1,1,7,0
3140,1,1,-40.504,33.587,-3.78,3.13,-3.77,3.14,INF,-1,1,7,0
3160,1,1,-40.597,33.896,-3.79,3.16,-3.78,3.16,INF,-1,1,7,0
3180,1,1,-40.582,34.013,-3.79,3.17,-3.78,3.18,INF,-1,1,7,0
3200,1,1,-40.887,34.787,-3.82,3.24,-3.81,3.25,INF,-1,1,7,0
3220,1,1,-40.450,34.451,-3.78,3.21,-3.77,3.22,INF,-1,1,7,0
3240,1,1,-40.691,34.042,-3.80,3.17,-3.79,3.18,INF,-1,1,7,0
3260,1,1,-40.376,34.063,-3.77,3.17,-3.76,3.18,INF,-1,1,7,0
3280,1,1,-41.467,34.508,-3.87,3.21,-3.86,3.22,INF,-1,1,7,0
3300,1,1,-41.173,34.091,-3.84,3.18,-3.84,3.18,INF,-1,1,7,0
3320,1,1,-41.432,33.117,-3.87,3.09,-3.86,3.09,INF,-1,1,7,0
3340,1,1,-41.519,33.428,-3.87,3.11,-3.87,3.12,INF,-1,1,7,0
3360,1,1,-41.690,34.216,-3.89,3.19,-3.88,3.19,INF,-1,1,7,0
3380,1,1,-41.838,33.090,-3.90,3.08,-3.90,3.09,INF,-1,1,7,0
3400,1,1,-42.027,33.154,-3.92,3.09,-3.92,3.10,INF,-1,1,7,0
3420,1,1,-42.224,32.254,-3.94,3.00,-3.93,3.01,INF,-1,1,7,0
3440,1,1,-41.784,32.462,-3.90,3.02,-3.89,3.03,INF,-1,1,7,0
3460,1,1,-42.712,31.265,-3.99,2.91,-3.98,2.92,INF,-1,1,7,0
3480,1,1,-42.504,31.277,-3.97,2.91,-3.96,2.92,INF,-1,1,7,0
3500,1,1,-42.953,30.021,-4.01,2.80,-4.00,2.80,INF,-1,1,7,0
3520,1,1,-42.166,30.691,-3.94,2.86,-3.93,2.87,INF,-1,1,7,0
3540,1,1,-43.184,29.850,-4.03,2.78,-4.02,2.79,INF,-1,1,7,0
3560,1,1,-43.094,29.940,-4.02,2.79,-4.02,2.80,INF,-1,1,7,0
3580,1,1,-41.471,30.754,-3.87,2.87,-3.87,2.87,INF,-1,1,7,0
3600,1,1,-42.619,30.810,-3.98,2.87,-3.97,2.88,INF,-1,1,7,0
3620,1,1,-42.933,30.471,-4.01,2.84,-4.00,2.85,INF,-1,1,7,0
3640,1,1,-42.816,28.976,-4.00,2.70,-3.99,2.71,INF,-1,1,7,0
3660,1,1,-42.225,30.899,-3.94,2.88,-3.94,2.89,INF,-1,1,7,0
3680,1,1,-43.177,29.354,-4.03,2.73,-4.02,2.74,INF,-1,1,7,0
3700,1,1,-42.581,28.852,-3.97,2.69,-3.97,2.69,INF,-1,1,7,0
3720,1,1,-42.455,30.995,-3.96,2.89,-3.96,2.89,INF,-1,1,7,0
3740,1,1,-41.286,30.790,-3.85,2.87,-3.85,2.88,INF,-1,1,7,0
3760,1,1,-42.393,30.291,-3.96,2.82,-3.95,2.83,INF,-1,1,7,0
3780,1,1,-42.078,30.789,-3.93,2.87,-3.92,2.88,INF,-1,1,7,0
3800,1,1,-41.632,32.408,-3.89,3.02,-3.88,3.03,INF,-1,1,7,0
3820,1,1,-41.832,30.445,-3.90,2.84,-3.90,2.84,INF,-1,1,7,0
3840,1,1,-41.872,30.862,-3.91,2.88,-3.90,2.88,INF,-1,1,7,0
3860,1,1,-42.486,29.203,-3.96,2.72,-3.96,2.73,INF,-1,1,7,0
3880,1,1,-42.711,29.968,-3.99,2.79,-3.98,2.80,INF,-1,1,7,0
3900,1,1,-42.469,31.691,-3.96,2.95,-3.96,2.96,INF,-1,1,7,0
3920,1,1,-43.482,30.964,-4.06,2.88,-4.05,2.89,INF,-1,1,7,0
3940,1,1,-43.635,28.322,-4.07,2.64,-4.07,2.65,INF,-1,1,7,0
3960,1,1,-42.067,28.597,-3.93,2.66,-3.92,2.67,INF,-1,1,7,0
3980,1,1,-42.483,30.370,-3.96,2.83,-3.96,2.84,INF,-1,1,7,0
4000,1,1,-43.491,30.108,-4.06,2.80,-4.05,2.81,INF,-1,1,7,0
4020,1,1,-42.833,30.214,-4.00,2.81,-3.99,2.82,INF,-1,1,7,0
4040,1,1,-42.683,30.760,-3.98,2.87,-3.98,2.87,INF,-1,1,7,0
4060,1,1,-43.163,30.952,-4.03,2.88,-4.02,2.89,INF,-1,1,7,0
4080,1,1,-43.194,31.070,-4.03,2.89,-4.03,2.90,INF,-1,1,7,0
4100,1,1,-42.818,31.489,-4.00,2.93,-3.99,2.94,INF,-1,1,7,0
4120,1,1,-42.921,31.718,-4.01,2.95,-4.00,2.96,INF,-1,1,7,0
4140,1,1,-43.051,30.823,-4.02,2.87,-4.01,2.88,INF,-1,1,7,0
4160,1,1,-42.913,31.968,-4.00,2.98,-4.00,2.99,INF,-1,1,7,0
4180,1,1,-43.087,31.545,-4.02,2.94,-4.02,2.95,INF,-1,1,7,0
4200,1,1,-41.610,31.122,-3.88,2.90,-3.88,2.91,INF,-1,1,7,0
4220,1,1,-42.290,31.125,-3.95,2.90,-3.94,2.91,INF,-1,1,7,0
4240,1,1,-42.165,31.387,-3.93,2.92,-3.93,2.93,INF,-1,1,7,0
4260,1,1,-42.302,31.808,-3.95,2.96,-3.94,2.97,INF,-1,1,7,0
4280,1,1,-41.761,29.560,-3.90,2.75,-3.89,2.76,INF,-1,1,7,0
4300,1,1,-42.041,29.808,-3.92,2.78,-3.92,2.78,INF,-1,1,7,0
4320,1,1,-41.909,30.958,-3.91,2.88,-3.91,2.89,INF,-1,1,7,0
4340,1,1,-40.456,32.372,-3.78,3.02,-3.77,3.02,INF,-1,1,7,0
4360,1,1,-41.100,29.738,-3.84,2.77,-3.83,2.78,INF,-1,1,7,0
4380,1,1,-39.679,30.905,-3.70,2.88,-3.70,2.89,INF,-1,1,7,0
4400,1,1,-39.781,31.689,-3.71,2.95,-3.71,2.96,INF,-1,1,7,0
4420,1,1,-40.149,30.523,-3.75,2.84,-3.74,2.85,INF,-1,1,7,0
4440,1,1,-40.555,29.966,-3.79,2.79,-3.78,2.80,INF,-1,1,7,0
4460,1,1,-40.391,31.032,-3.77,2.89,-3.77,2.90,INF,-1,1,7,0
4480,1,1,-39.492,30.523,-3.69,2.84,-3.68,2.85,INF,-1,1,7,0
4500,1,1,-40.103,30.720,-3.74,2.86,-3.74,2.87,INF,-1,1,7,0
4520,1,1,-39.241,32.533,-3.66,3.03,-3.66,3.04,INF,-1,1,7,0
4540,1,1,-39.945,31.202,-3.73,2.91,-3.72,2.91,INF,-1,1,7,0
4560,1,1,-38.103,30.394,-3.56,2.83,-3.55,2.84,INF,-1,1,7,0
4580,1,1,-38.936,29.266,-3.63,2.73,-3.63,2.73,INF,-1,1,7,0
4600,1,1,-40.303,29.760,-3.76,2.77,-3.76,2.78,INF,-1,1,7,0
4620,1,1,-38.701,30.517,-3.61,2.84,-3.61,2.85,INF,-1,1,7,0
4640,1,1,-39.314,30.550,-3.67,2.85,-3.67,2.85,INF,-1,1,7,0
4660,1,1,-40.241,31.808,-3.76,2.96,-3.75,2.97,INF,-1,1,7,0
4680,1,1,-38.892,30.630,-3.63,2.85,-3.63,2.86,INF,-1,1,7,0
4700,0,1,0.000,0.000,0.00,0.00,0.00,0.00,0.00,-1,1,7,0
4720,1,1,-37.868,30.551,-3.53,2.85,-3.53,2.85,INF,-1,1,7,0
4740,1,1,-40.378,30.206,-3.77,2.81,-3.76,2.82,INF,-1,1,7,0
4760,1,1,-40.551,30.574,-3.78,2.85,-3.78,2.86,INF,-1,1,7,0
4780,1,1,-40.029,28.635,-3.74,2.67,-3.73,2.67,INF,-1,1,7,0
4800,1,1,-40.209,28.511,-3.75,2.66,-3.75,2.66,INF,-1,1,7,0
4820,1,1,-39.228,29.122,-3.66,2.71,-3.66,2.72,INF,-1,1,7,0
4840,1,1,-40.436,28.346,-3.77,2.64,-3.77,2.65,INF,-1,1,7,0
4860,1,1,-39.855,28.966,-3.72,2.70,-3.72,2.71,INF,-1,1,7,0
4880,1,1,-40.280,28.030,-3.76,2.61,-3.76,2.62,INF,-1,1,7,0
4900,1,1,-40.740,30.396,-3.80,2.83,-3.80,2.84,INF,-1,1,7,0
4920,1,1,-40.451,30.024,-3.78,2.80,-3.77,2.80,INF,-1,1,7,0
4940,1,1,-38.900,29.007,-3.63,2.70,-3.63,2.71,INF,-1,1,7,0
4960,1,1,-39.322,29.584,-3.67,2.76,-3.67,2.76,INF,-1,1,7,0
4980,1,1,-40.325,29.422,-3.76,2.74,-3.76,2.75,INF,-1,1,7,0
5000,1,1,-40.015,29.059,-3.73,2.71,-3.73,2.71,INF,-1,1,7,0
5020,1,1,-39.144,30.072,-3.65,2.80,-3.65,2.81,INF,-1,1,7,0
5040,1,1,-39.461,28.591,-3.68,2.66,-3.68,2.67,INF,-1,1,7,0
5060,1,1,-39.837,29.445,-3.72,2.74,-3.71,2.75,INF,-1,1,7,0
5080,1,1,-40.524,30.567,-3.78,2.85,-3.78,2.85,INF,-1,1,7,0
5100,1,1,-40.469,29.179,-3.78,2.72,-3.77,2.73,INF,-1,1,7,0
5120,1,1,-39.470,30.012,-3.68,2.80,-3.68,2.80,INF,-1,1,7,0
5140,1,1,-40.435,27.878,-3.77,2.60,-3.77,2.60,INF,-1,1,7,0
5160,1,1,-40.613,29.309,-3.79,2.73,-3.79,2.74,INF,-1,1,7,0
5180,1,1,-39.227,30.240,-3.66,2.82,-3.66,2.82,INF,-1,1,7,0
5200,1,1,-39.245,27.783,-3.66,2.59,-3.66,2.59,INF,-1,1,7,0
5220,1,1,-39.829,28.159,-3.72,2.62,-3.71,2.63,INF,-1,1,7,0
5240,1,1,-40.016,27.890,-3.73,2.60,-3.73,2.61,INF,-1,1,7,0
5260,1,1,-38.341,28.617,-3.58,2.67,-3.58,2.67,INF,-1,1,7,0
5280,1,1,-38.710,27.459,-3.61,2.56,-3.61,2.56,INF,-1,1,7,0
5300,1,1,-38.290,26.236,-3.57,2.45,-3.57,2.45,INF,-1,1,7,0
5320,1,1,-38.078,24.421,-3.55,2.28,-3.55,2.28,INF,-1,1,7,0
5340,1,1,-38.145,26.468,-3.56,2.47,-3.56,2.47,INF,-1,1,7,0
5360,1,1,-37.696,27.262,-3.52,2.54,-3.52,2.55,INF,-1,1,7,0
5380,1,1,-37.106,29.002,-3.46,2.70,-3.46,2.71,INF,-1,1,7,0
5400,1,1,-37.451,28.149,-3.50,2.62,-3.49,2.63,INF,-1,1,7,0
5420,1,1,-36.709,26.949,-3.43,2.51,-3.42,2.52,INF,-1,1,7,0
5440,1,1,-38.424,28.038,-3.59,2.61,-3.58,2.62,INF,-1,1,7,0
5460,1,1,-38.713,29.645,-3.61,2.76,-3.61,2.77,INF,-1,1,7,0
5480,1,1,-38.055,29.696,-3.55,2.77,-3.55,2.77,INF,-1,1,7,0
5500,1,1,-36.886,29.380,-3.44,2.74,-3.44,2.74,INF,-1,1,7,0
5520,1,1,-37.417,28.991,-3.49,2.70,-3.49,2.71,INF,-1,1,7,0
5540,1,1,-37.782,28.014,-3.53,2.61,-3.52,2.62,INF,-1,1,7,0
5560,1,1,-37.638,28.656,-3.51,2.67,-3.51,2.68,INF,-1,1,7,0
5580,1,1,-38.703,30.241,-3.61,2.82,-3.61,2.82,INF,-1,1,7,0
5600,1,1,-37.053,28.080,-3.46,2.62,-3.46,2.62,INF,-1,1,7,0
5620,1,1,-35.871,29.037,-3.35,2.71,-3.35,2.71,INF,-1,1,7,0
5640,1,1,-34.316,27.494,-3.20,2.56,-3.20,2.57,INF,-1,1,7,0
5660,1,1,-36.816,28.756,-3.44,2.68,-3.43,2.69,INF,-1,1,7,0
5680,1,1,-35.758,27.883,-3.34,2.60,-3.34,2.60,INF,-1,1,7,0
5700,1,1,-34.177,29.427,-3.19,2.74,-3.19,2.75,INF,-1,1,7,0
5720,1,1,-36.590,27.663,-3.42,2.58,-3.41,2.58,INF,-1,1,7,0
5740,1,1,-36.136,28.283,-3.37,2.64,-3.37,2.64,INF,-1,1,7,0
5760,1,1,-35.400,27.238,-3.31,2.54,-3.30,2.54,INF,-1,1,7,0
5780,1,1,-34.905,26.202,-3.26,2.44,-3.26,2.45,INF,-1,1,7,0
5800,1,1,-34.754,26.679,-3.24,2.49,-3.24,2.49,INF,-1,1,7,0
5820,1,1,-35.741,26.648,-3.34,2.48,-3.33,2.49,INF,-1,1,7,0
5840,1,1,-36.194,26.525,-3.38,2.47,-3.38,2.48,INF,-1,1,7,0
5860,1,1,-35.239,28.968,-3.29,2.70,-3.29,2.71,INF,-1,1,7,0
5880,1,1,-36.192,28.840,-3.38,2.69,-3.38,2.69,INF,-1,1,7,0
5900,1,1,-35.410,27.624,-3.31,2.58,-3.30,2.58,INF,-1,1,7,0
5920,0,1,0.000,0.000,0.00,0.00,0.00,0.00,0.00,-1,1,7,0
5940,1,1,-36.936,27.995,-3.45,2.61,-3.44,2.61,INF,-1,1,7,0
5960,1,1,-37.581,28.903,-3.51,2.69,-3.50,2.70,INF,-1,1,7,0
5980,1,1,-35.624,27.543,-3.33,2.57,-3.32,2.57,INF,-1,1,7,0
6000,1,1,-37.285,29.569,-3.48,2.76,-3.48,2.76,INF,-1,1,7,0
6020,1,1,-36.200,28.037,-3.38,2.61,-3.38,2.62,INF,-1,1,7,0
6040,1,1,-36.439,28.469,-3.40,2.65,-3.40,2.66,INF,-1,1,7,0
6060,1,1,-35.528,29.499,-3.32,2.75,-3.31,2.76,INF,-1,1,7,0
6080,1,1,-36.204,28.570,-3.38,2.66,-3.38,2.67,INF,-1,1,7,0
6100,1,1,-35.648,29.185,-3.33,2.72,-3.32,2.73,INF,-1,1,7,0
6120,1,1,-35.191,29.353,-3.29,2.74,-3.28,2.74,INF,-1,1,7,0
6140,1,1,-34.930,29.285,-3.26,2.73,-3.26,2.74,INF,-1,1,7,0
6160,1,1,-36.840,29.779,-3.44,2.78,-3.44,2.78,INF,-1,1,7,0
6180,1,1,-35.936,28.826,-3.36,2.69,-3.35,2.69,INF,-1,1,7,0
6200,1,1,-37.242,28.954,-3.48,2.70,-3.47,2.70,INF,-1,1,7,0
6220,1,1,-36.501,27.122,-3.41,2.53,-3.40,2.53,INF,-1,1,7,0
6240,1,1,-37.297,29.053,-3.48,2.71,-3.48,2.71,INF,-1,1,7,0
6260,1,1,-36.830,29.214,-3.44,2.72,-3.43,2.73,INF,-1,1,7,0
6280,1,1,-37.138,28.989,-3.47,2.70,-3.46,2.71,INF,-1,1,7,0
6300,1,1,-36.030,28.798,-3.36,2.69,-3.36,2.69,INF,-1,1,7,0
6320,1,1,-37.177,28.674,-3.47,2.67,-3.47,2.68,INF,-1,1,7,0
6340,1,1,-36.984,28.377,-3.45,2.65,-3.45,2.65,INF,-1,1,7,0
6360,1,1,-36.666,28.355,-3.42,2.64,-3.42,2.65,INF,-1,1,7,0
6380,1,1,-37.031,28.579,-3.46,2.66,-3.45,2.67,INF,-1,1,7,0
6400,1,1,-37.342,28.606,-3.49,2.67,-3.48,2.67,INF,-1,1,7,0
6420,1,1,-37.092,30.307,-3.46,2.83,-3.46,2.83,INF,-1,1,7,0
6440,1,1,-36.903,29.985,-3.45,2.80,-3.44,2.80,INF,-1,1,7,0
6460,1,1,-36.900,28.559,-3.44,2.66,-3.44,2.67,INF,-1,1,7,0
6480,1,1,-37.772,28.496,-3.53,2.66,-3.52,2.66,INF,-1,1,7,0
6500,1,1,-35.792,30.919,-3.34,2.88,-3.34,2.89,INF,-1,1,7,0
6520,1,1,-37.640,30.711,-3.51,2.86,-3.51,2.87,INF,-1,1,7,0
6540,1,1,-42.195,29.488,-3.94,2.75,-3.93,2.75,INF,-1,1,7,0
6560,1,1,-40.116,29.632,-3.74,2.76,-3.74,2.77,INF,-1,1,7,0
6580,1,1,-39.641,29.580,-3.70,2.76,-3.70,2.76,INF,-1,1,7,0
6600,1,1,-39.888,29.702,-3.72,2.77,-3.72,2.77,INF,-1,1,7,0
6620,1,1,-40.651,30.839,-3.79,2.87,-3.79,2.88,INF,-1,1,7,0
6640,1,1,-40.696,31.305,-3.80,2.92,-3.79,2.92,INF,-1,1,7,0
6660,1,1,-40.446,30.418,-3.77,2.83,-3.77,2.84,INF,-1,1,7,0
6680,1,1,-38.216,31.654,-3.57,2.95,-3.56,2.96,INF,-1,1,7,0
6700,1,1,-34.902,30.457,-3.26,2.84,-3.25,2.84,INF,-1,1,7,0
6720,1,1,-36.619,27.399,-3.42,2.55,-3.42,2.56,INF,-1,1,7,0
6740,0,1,0.000,0.000,0.00,0.00,0.00,0.00,0.00,-1,1,7,0
6760,0,1,0.000,0.000,0.00,0.00,0.00,0.00,0.00,-1,1,7,0
6780,0,1,0.000,0.000,0.00,0.00,0.00,0.00,0.00,-1,1,7,0
6800,0,1,0.000,0.000,0.00,0.00,0.00,0.00,0.00,-1,1,7,0
6820,0,1,0.000,0.000,0.00,0.00,0.00,0.00,0.00,-1,0,7,0
6840,0,1,0.000,0.000,0.00,0.00,0.00,0.00,0.00,-1,0,7,0
6860,0,1,0.000,0.000,0.00,0.00,0.00,0.00,0.00,-1,0,7,0
6880,0,1,0.000,0.000,0.00,0.00,0.00,0.00,0.00,-1,0,7,0
6900,0,1,0.000,0.000,0.00,0.00,0.00,0.00,0.00,-1,0,7,0
6920,1,1,-30.571,-5.919,-2.86,-0.55,-2.85,-0.55,INF,-1,0,7,0
6940,1,1,-29.545,-1.416,-2.76,-0.13,-2.76,-0.13,INF,-1,0,7,0
6960,1,1,-28.970,-0.142,-2.71,-0.01,-2.71,-0.01,INF,-1,0,7,0
6980,1,1,-28.991,0.007,-2.71,0.00,-2.71,0.00,INF,-1,0,7,0
7000,1,1,-30.013,-0.168,-2.80,-0.02,-2.80,-0.02,INF,-1,0,7,0
7020,1,1,-30.421,-1.262,-2.84,-0.12,-2.84,-0.12,INF,-1,0,7,0
7040,1,1,-30.602,-1.242,-2.86,-0.12,-2.86,-0.12,INF,-1,0,7,0
7060,1,1,-30.336,-0.267,-2.83,-0.02,-2.83,-0.02,INF,-1,0,7,0
7080,1,1,-32.306,-1.194,-3.02,-0.11,-3.02,-0.11,INF,-1,0,7,0
7100,1,1,-8.804,3.356,-0.82,0.31,-0.82,0.31,INF,-1,0,7,0
7120,1,1,-12.082,1.945,-1.13,0.18,-1.13,0.18,INF,-1,0,7,0
7140,1,1,-12.063,2.115,-1.13,0.20,-1.13,0.20,INF,-1,0,7,0
7160,1,1,-12.528,1.786,-1.17,0.17,-1.17,0.17,INF,-1,0,7,0
7180,1,1,-11.233,3.033,-1.05,0.28,-1.05,0.28,INF,-1,0,7,0
7200,1,1,-12.388,2.671,-1.16,0.25,-1.16,0.25,INF,-1,0,7,0
7220,1,1,-12.195,2.915,-1.14,0.27,-1.14,0.27,INF,-1,1,7,0
7240,1,1,-11.661,1.718,-1.09,0.16,-1.09,0.16,INF,-1,1,7,0
7260,1,1,-12.348,1.892,-1.15,0.18,-1.15,0.18,INF,-1,1,7,0
7280,1,1,-12.018,2.419,-1.12,0.23,-1.12,0.23,INF,-1,1,7,0
7300,1,1,-13.284,2.165,-1.24,0.20,-1.24,0.20,INF,-1,1,7,0
7320,1,1,-13.250,1.305,-1.24,0.12,-1.24,0.12,INF,-1,1,7,0
7340,1,1,-13.091,1.994,-1.22,0.19,-1.22,0.19,INF,-1,1,7,0
7360,1,1,-12.863,2.699,-1.20,0.25,-1.20,0.25,INF,-1,1,7,0
7380,1,1,-14.119,3.174,-1.32,0.30,-1.32,0.30,INF,-1,1,7,0
7400,1,1,-15.009,2.690,-1.40,0.25,-1.40,0.25,INF,-1,1,7,0
7420,1,1,-14.389,3.289,-1.34,0.31,-1.34,0.31,INF,-1,1,7,0
7440,1,1,-13.396,2.374,-1.25,0.22,-1.25,0.22,INF,-1,1,7,0
7460,1,1,-15.395,1.539,-1.44,0.14,-1.44,0.14,INF,-1,1,7,0
7480,1,1,-15.827,2.279,-1.48,0.21,-1.48,0.21,INF,-1,1,7,0
7500,1,1,-20.116,3.557,-1.88,0.33,-1.88,0.33,INF,-1,1,7,0
7520,1,1,-24.236,7.917,-2.26,0.74,-2.26,0.74,INF,-1,1,7,0
7540,1,1,-24.610,7.106,-2.30,0.66,-2.30,0.66,INF,-1,1,7,0
7560,1,1,-23.965,7.281,-2.24,0.68,-2.24,0.68,INF,-1,1,7,0
7580,1,1,-24.482,7.337,-2.29,0.69,-2.29,0.69,INF,-1,1,7,0
7600,1,1,-24.565,7.801,-2.29,0.73,-2.29,0.73,INF,-1,1,7,0
7620,1,1,-25.655,7.342,-2.40,0.69,-2.40,0.69,INF,-1,1,7,0
7640,1,1,-25.486,7.473,-2.38,0.70,-2.38,0.70,INF,-1,1,7,0
7660,1,1,-24.774,6.544,-2.31,0.61,-2.31,0.61,INF,-1,1,7,0
7680,1,1,-25.397,7.363,-2.37,0.69,-2.37,0.69,INF,-1,1,7,0
7700,1,1,-27.122,8.739,-2.53,0.82,-2.53,0.82,INF,-1,1,7,0
7720,1,1,-25.790,8.043,-2.41,0.75,-2.41,0.75,INF,-1,1,7,0
7740,1,1,-26.465,6.560,-2.47,0.61,-2.47,0.61,INF,-1,1,7,0
7760,1,1,-26.287,6.097,-2.46,0.57,-2.46,0.57,INF,-1,1,7,0
7780,1,1,-25.543,15.125,-2.39,1.41,-2.39,1.41,INF,-1,1,7,0
7800,1,1,-26.626,18.637,-2.49,1.74,-2.49,1.74,INF,-1,1,7,0
7820,1,1,-25.251,19.640,-2.36,1.83,-2.36,1.84,INF,-1,0,7,0
7840,1,1,-26.889,18.818,-2.51,1.76,-2.51,1.76,INF,-1,0,7,0
7860,1,1,-26.590,18.207,-2.48,1.70,-2.48,1.70,INF,-1,0,7,0
7880,1,1,-27.022,18.921,-2.52,1.77,-2.52,1.77,INF,-1,0,7,0
7900,1,1,-26.909,18.750,-2.51,1.75,-2.51,1.75,INF,-1,0,7,0
7920,1,1,-26.532,19.271,-2.48,1.80,-2.48,1.80,INF,-1,0,7,0
7940,1,1,-27.715,18.497,-2.59,1.73,-2.59,1.73,INF,-1,0,7,0
7960,1,1,-27.524,19.385,-2.57,1.81,-2.57,1.81,INF,-1,0,7,0
7980,1,1,-27.415,19.864,-2.56,1.85,-2.56,1.86,INF,-1,0,7,0
8000,1,1,-26.964,19.681,-2.52,1.84,-2.52,1.84,INF,-1,0,7,0
8020,1,1,-27.230,19.005,-2.54,1.77,-2.54,1.78,INF,-1,0,7,0
8040,1,1,-28.126,19.708,-2.63,1.84,-2.63,1.84,INF,-1,0,7,0
8060,1,1,-28.949,18.877,-2.70,1.76,-2.70,1.76,INF,-1,1,7,0
8080,1,1,-28.902,19.994,-2.70,1.87,-2.70,1.87,INF,-1,1,7,0
8100,1,1,-25.584,19.896,-2.39,1.86,-2.39,1.86,INF,-1,1,7,0
8120,1,1,-22.848,21.071,-2.13,1.97,-2.13,1.97,INF,-1,1,7,0
8140,1,1,-21.913,20.298,-2.05,1.90,-2.05,1.90,INF,-1,1,7,0
8160,1,1,-21.998,20.201,-2.06,1.89,-2.05,1.89,INF,-1,1,7,0
8180,1,1,-23.434,20.787,-2.19,1.94,-2.19,1.94,INF,-1,1,7,0
8200,1,1,-23.259,21.303,-2.17,1.99,-2.17,1.99,INF,-1,1,7,0
8220,1,1,-22.897,20.477,-2.14,1.91,-2.14,1.91,INF,-1,1,7,0
8240,1,1,-23.596,22.141,-2.20,2.07,-2.20,2.07,INF,-1,1,7,0
8260,1,1,-23.734,22.021,-2.22,2.06,-2.22,2.06,INF,-1,1,7,0
8280,1,1,-23.443,20.588,-2.19,1.92,-2.19,1.92,INF,-1,1,7,0
8300,1,1,-23.598,22.441,-2.20,2.10,-2.20,2.10,INF,-1,1,7,0
8320,1,1,-23.135,22.492,-2.16,2.10,-2.16,2.10,INF,-1,1,7,0
8340,1,1,-23.249,21.848,-2.17,2.04,-2.17,2.04,INF,-1,1,7,0
8360,1,1,-23.655,22.113,-2.21,2.06,-2.21,2.07,INF,-1,1,7,0
8380,1,1,-24.427,21.011,-2.28,1.96,-2.28,1.96,INF,-1,1,7,0
8400,1,1,-22.832,21.520,-2.13,2.01,-2.13,2.01,INF,-1,1,7,0
8420,1,1,-24.081,20.805,-2.25,1.94,-2.25,1.94,INF,-1,1,7,0
8440,1,1,-23.553,21.086,-2.20,1.97,-2.20,1.97,INF,-1,1,7,0
8460,1,1,-22.792,21.992,-2.13,2.05,-2.13,2.05,INF,-1,1,7,0
8480,1,1,-24.591,21.506,-2.30,2.01,-2.30,2.01,INF,-1,1,7,0
8500,1,1,-26.856,18.337,-2.51,1.71,-2.51,1.71,INF,-1,1,7,0
8520,1,1,-31.862,10.165,-2.98,0.95,-2.98,0.95,INF,-1,1,7,0
8540,1,1,-30.762,10.594,-2.87,0.99,-2.87,0.99,INF,-1,1,7,0
8560,1,1,-30.937,11.065,-2.89,1.03,-2.89,1.03,INF,-1,1,7,0
8580,1,1,-31.542,9.622,-2.95,0.90,-2.95,0.90,INF,-1,1,7,0
8600,1,1,-31.405,10.124,-2.93,0.94,-2.93,0.95,INF,-1,1,7,0
8620,1,1,-32.060,9.833,-2.99,0.92,-2.99,0.92,INF,-1,1,7,0
8640,1,1,-31.983,9.617,-2.99,0.90,-2.99,0.90,INF,-1,1,7,0
8660,1,1,-31.718,9.712,-2.96,0.91,-2.96,0.91,INF,-1,0,7,0
8680,1,1,-32.204,9.848,-3.01,0.92,-3.01,0.92,INF,-1,0,7,0
8700,1,1,-31.606,9.260,-2.95,0.86,-2.95,0.87,INF,-1,0,7,0
8720,1,1,-31.854,8.466,-2.97,0.79,-2.97,0.79,INF,-1,0,7,0
8740,1,1,-31.597,9.724,-2.95,0.91,-2.95,0.91,INF,-1,0,7,0
8760,1,1,-30.429,9.462,-2.84,0.88,-2.84,0.88,INF,-1,0,7,0
8780,1,1,-31.510,9.585,-2.94,0.89,-2.94,0.90,INF,-1,0,7,0
8800,1,1,-31.274,8.501,-2.92,0.79,-2.92,0.79,INF,-1,0,7,0
8820,1,1,-31.226,8.613,-2.92,0.80,-2.92,0.80,INF,-1,0,7,0
8840,1,1,-31.448,7.742,-2.94,0.72,-2.94,0.72,INF,-1,0,7,0
8860,1,1,-31.253,8.886,-2.92,0.83,-2.92,0.83,INF,-1,0,7,0
8880,1,1,-23.920,3.376,-2.23,0.32,-2.23,0.32,INF,-1,0,7,0
8900,1,1,-3.372,-0.479,-0.32,-0.04,-0.32,-0.04,INF,-1,1,7,0
8920,1,1,-4.629,-0.740,-0.43,-0.07,-0.43,-0.07,INF,-1,1,7,0
8940,1,1,-4.351,-1.139,-0.41,-0.11,-0.41,-0.11,INF,-1,0,7,0
8960,1,1,-4.670,-0.589,-0.44,-0.06,-0.44,-0.06,INF,-1,0,7,0
8980,1,1,-4.902,-1.344,-0.46,-0.13,-0.46,-0.13,INF,-1,0,7,0
9000,1,1,-4.500,-1.149,-0.42,-0.11,-0.42,-0.11,INF,-1,0,7,0
9020,1,1,-4.593,-2.398,-0.43,-0.22,-0.43,-0.22,INF,-1,0,7,0
9040,1,1,-5.058,-1.490,-0.47,-0.14,-0.47,-0.14,INF,-1,0,7,0
9060,1,1,-5.134,-0.395,-0.48,-0.04,-0.48,-0.04,INF,-1,0,7,0
9080,1,1,-4.374,-1.127,-0.41,-0.11,-0.41,-0.11,INF,-1,0,7,0
9100,1,1,-4.015,-1.939,-0.38,-0.18,-0.38,-0.18,INF,-1,0,7,0
9120,1,1,-4.326,-1.137,-0.40,-0.11,-0.40,-0.11,INF,-1,0,7,0
9140,1,1,-3.829,-0.546,-0.36,-0.05,-0.36,-0.05,INF,-1,0,7,0
9160,1,1,-4.807,-1.412,-0.45,-0.13,-0.45,-0.13,INF,-1,0,7,0
9180,1,1,-5.030,-2.762,-0.47,-0.26,-0.47,-0.26,INF,-1,1,7,0
9200,1,1,-4.149,-2.344,-0.39,-0.22,-0.39,-0.22,INF,-1,1,7,0
9220,1,1,-4.980,-2.149,-0.47,-0.20,-0.47,-0.20,INF,-1,1,7,0
9240,1,1,-5.184,-1.963,-0.48,-0.18,-0.48,-0.18,INF,-1,1,7,0
9260,1,1,-5.561,-2.959,-0.52,-0.28,-0.52,-0.28,INF,-1,1,7,0
9280,1,1,-5.859,-1.705,-0.55,-0.16,-0.55,-0.16,INF,-1,1,7,0
9300,1,1,-5.410,-1.952,-0.51,-0.18,-0.51,-0.18,INF,-1,1,7,0
9320,1,1,-4.381,-1.169,-0.41,-0.11,-0.41,-0.11,INF,-1,1,7,0
9340,1,1,-4.407,-1.108,-0.41,-0.10,-0.41,-0.10,INF,-1,1,7,0
9360,1,1,-4.137,-1.743,-0.39,-0.16,-0.39,-0.16,INF,-1,1,7,0
9380,1,1,-5.204,-1.293,-0.49,-0.12,-0.49,-0.12,INF,-1,1,7,0
9400,1,1,-3.775,-1.314,-0.35,-0.12,-0.35,-0.12,INF,-1,1,7,0
9420,1,1,-5.192,-1.531,-0.49,-0.14,-0.49,-0.14,INF,-1,1,7,0
9440,1,1,-5.333,-1.694,-0.50,-0.16,-0.50,-0.16,INF,-1,1,7,0
9460,1,1,-5.891,-0.835,-0.55,-0.08,-0.55,-0.08,INF,-1,1,7,0
9480,1,1,29.742,1.388,2.78,0.13,2.78,0.13,INF,-1,1,7,0
9500,1,1,25.844,0.934,2.41,0.09,2.41,0.09,INF,-1,1,7,0
9520,1,1,25.897,0.892,2.42,0.08,2.42,0.08,INF,-1,0,7,0
9540,1,1,26.243,1.517,2.45,0.14,2.45,0.14,INF,-1,0,7,0
9560,1,1,26.304,0.327,2.46,0.03,2.46,0.03,INF,-1,0,7,0
9580,1,1,26.829,1.938,2.51,0.18,2.51,0.18,INF,-1,0,7,0
9600,1,1,27.483,1.107,2.57,0.10,2.57,0.10,INF,-1,0,7,0
9620,1,1,27.996,0.559,2.61,0.05,2.61,0.05,INF,-1,0,7,0
9640,1,1,26.224,0.243,2.45,0.02,2.45,0.02,INF,-1,0,7,0
9660,1,1,27.041,0.257,2.53,0.02,2.53,0.02,INF,-1,0,7,0
9680,1,1,27.019,-0.499,2.52,-0.05,2.52,-0.05,INF,-1,0,7,0
9700,1,1,27.078,-0.408,2.53,-0.04,2.53,-0.04,INF,-1,0,7,0
9720,1,1,26.708,0.392,2.49,0.04,2.49,0.04,INF,-1,0,7,0
9740,1,1,27.507,-0.538,2.57,-0.05,2.57,-0.05,INF,-1,0,7,0
9760,1,1,26.966,-0.991,2.52,-0.09,2.52,-0.09,INF,-1,1,7,0
9780,1,1,27.795,-0.397,2.60,-0.04,2.60,-0.04,INF,-1,1,7,0
9800,1,1,28.172,0.001,2.63,0.00,2.63,0.00,INF,-1,1,7,0
9820,1,1,27.029,0.222,2.52,0.02,2.52,0.02,INF,-1,1,7,0
9840,1,1,28.105,0.185,2.63,0.02,2.63,0.02,INF,-1,1,7,0
9860,1,1,28.055,-0.662,2.62,-0.06,2.62,-0.06,INF,-1,1,7,0
9880,1,1,27.667,0.115,2.58,0.01,2.58,0.01,INF,-1,1,7,0
9900,1,1,26.860,-0.223,2.51,-0.02,2.51,-0.02,INF,-1,1,7,0
9920,1,1,40.570,-5.007,3.79,-0.47,3.79,-0.47,INF,-1,1,7,0
9940,1,1,41.908,-6.304,3.91,-0.59,3.91,-0.59,INF,-1,1,7,0
9960,1,1,42.148,-4.622,3.93,-0.43,3.93,-0.43,INF,-1,0,7,0
9980,1,1,41.006,-5.906,3.83,-0.55,3.83,-0.55,INF,-1,0,7,0
10000,1,1,42.136,-5.036,3.93,-0.47,3.93,-0.47,INF,-1,0,7,0
10020,1,1,40.748,-5.773,3.80,-0.54,3.80,-0.54,INF,-1,0,7,0
10040,1,1,41.460,-5.656,3.87,-0.53,3.87,-0.53,INF,-1,0,7,0
10060,1,1,42.279,-6.247,3.95,-0.58,3.95,-0.58,INF,-1,0,7,0
10080,1,1,42.164,-6.495,3.93,-0.61,3.93,-0.61,INF,-1,0,7,0
10100,1,1,42.602,-5.821,3.98,-0.54,3.98,-0.54,INF,-1,0,7,0
10120,1,1,40.912,-5.412,3.82,-0.50,3.82,-0.51,INF,-1,0,7,0
10140,1,1,41.478,-6.242,3.87,-0.58,3.87,-0.58,INF,-1,0,7,0
10160,1,1,41.822,-6.692,3.90,-0.62,3.90,-0.63,INF,-1,0,7,0
10180,1,1,40.857,-6.867,3.81,-0.64,3.81,-0.64,INF,-1,0,7,0
10200,1,1,41.347,-5.417,3.86,-0.51,3.86,-0.51,INF,-1,1,7,0
10220,1,1,41.565,-6.855,3.88,-0.64,3.88,-0.64,INF,-1,1,7,0
10240,1,1,42.455,-6.900,3.96,-0.64,3.96,-0.64,INF,-1,1,7,0
10260,1,1,42.124,-6.140,3.93,-0.57,3.93,-0.57,INF,-1,1,7,0
10280,1,1,43.276,-7.021,4.04,-0.65,4.04,-0.66,INF,-1,1,7,0
10300,1,1,42.987,-5.386,4.01,-0.50,4.01,-0.50,INF,-1,1,7,0
10320,1,1,42.459,-7.338,3.96,-0.68,3.96,-0.69,INF,-1,1,7,0
10340,1,1,43.346,-7.375,4.04,-0.69,4.04,-0.69,INF,-1,1,7,0
10360,1,1,42.235,-7.636,3.94,-0.71,3.94,-0.71,INF,-1,1,7,0
10380,1,1,42.619,-7.674,3.98,-0.72,3.98,-0.72,INF,-1,1,7,0
10400,1,1,44.417,-6.892,4.14,-0.64,4.14,-0.64,INF,-1,1,7,0
10420,1,1,39.574,-9.111,3.69,-0.85,3.69,-0.85,INF,-1,1,7,0
10440,1,1,37.633,-21.315,3.51,-1.99,3.51,-1.99,INF,-1,1,7,0
10460,1,1,36.969,-20.423,3.45,-1.90,3.45,-1.91,INF,-1,1,7,0
10480,1,1,38.496,-21.555,3.59,-2.01,3.59,-2.01,INF,-1,0,7,0
10500,1,1,37.938,-19.809,3.54,-1.85,3.54,-1.85,INF,-1,0,7,0
10520,1,1,37.358,-20.388,3.49,-1.90,3.49,-1.90,INF,-1,0,7,0
10540,1,1,37.563,-20.429,3.51,-1.91,3.50,-1.91,INF,-1,0,7,0
10560,1,1,37.352,-20.444,3.49,-1.91,3.48,-1.91,INF,-1,0,7,0
10580,1,1,37.915,-19.898,3.54,-1.86,3.54,-1.86,INF,-1,0,7,0
10600,1,1,37.045,-21.664,3.46,-2.02,3.46,-2.02,INF,-1,0,7,0
10620,1,1,36.566,-21.206,3.41,-1.98,3.41,-1.98,INF,-1,0,7,0
10640,1,1,38.256,-21.380,3.57,-1.99,3.57,-2.00,INF,-1,0,7,0
10660,1,1,38.279,-21.352,3.57,-1.99,3.57,-1.99,INF,-1,0,7,0
10680,1,1,37.861,-20.865,3.53,-1.95,3.53,-1.95,INF,-1,0,7,0
10700,1,1,38.229,-21.047,3.57,-1.96,3.57,-1.97,INF,-1,0,7,0
10720,1,1,38.395,-21.320,3.58,-1.99,3.58,-1.99,INF,-1,1,7,0
10740,1,1,39.097,-25.772,3.65,-2.40,3.65,-2.41,INF,-1,1,7,0
10760,1,1,40.716,-32.004,3.80,-2.98,3.79,-2.99,INF,-1,1,7,0
10780,1,1,42.392,-31.493,3.96,-2.93,3.95,-2.94,INF,-1,1,7,0
10800,1,1,42.132,-32.194,3.93,-3.00,3.93,-3.01,INF,-1,0,7,0
10820,1,1,41.992,-31.948,3.92,-2.98,3.91,-2.98,INF,-1,0,7,0
10840,1,1,41.155,-32.472,3.84,-3.03,3.84,-3.03,INF,-1,0,7,0
10860,1,1,40.761,-32.489,3.80,-3.03,3.80,-3.03,INF,-1,0,7,0
10880,1,1,41.486,-32.706,3.87,-3.05,3.87,-3.05,INF,-1,0,7,0
10900,1,1,41.904,-31.921,3.91,-2.97,3.91,-2.98,INF,-1,0,7,0
10920,1,1,41.976,-32.246,3.92,-3.00,3.91,-3.01,INF,-1,0,7,0
10940,1,1,42.252,-32.150,3.94,-3.00,3.94,-3.00,INF,-1,0,7,0
10960,1,1,43.200,-33.240,4.03,-3.10,4.03,-3.10,INF,-1,0,7,0
10980,1,1,43.694,-32.030,4.08,-2.98,4.07,-2.99,INF,-1,0,7,0
11000,1,1,44.161,-32.551,4.12,-3.03,4.11,-3.04,INF,-1,0,7,0
11020,1,1,42.669,-31.164,3.98,-2.90,3.98,-2.91,INF,-1,0,7,0
11040,1,1,41.770,-31.780,3.90,-2.96,3.89,-2.97,INF,-1,1,7,0
11060,1,1,42.940,-32.853,4.01,-3.06,4.00,-3.07,INF,-1,1,7,0
11080,1,1,42.556,-30.454,3.97,-2.84,3.97,-2.84,INF,-1,1,7,0
11100,1,1,42.686,-30.063,3.98,-2.80,3.98,-2.81,INF,-1,1,7,0
11120,1,1,42.568,-31.216,3.97,-2.91,3.97,-2.92,INF,-1,1,7,0
11140,1,1,41.239,-32.375,3.85,-3.02,3.84,-3.02,INF,-1,1,7,0
11160,1,1,41.896,-32.344,3.91,-3.01,3.90,-3.02,INF,-1,1,7,0
11180,1,1,41.870,-32.401,3.91,-3.02,3.90,-3.03,INF,-1,1,7,0
11200,1,1,41.452,-32.386,3.87,-3.02,3.86,-3.02,INF,-1,1,7,0
11220,1,1,42.928,-31.283,4.01,-2.91,4.00,-2.92,INF,-1,1,7,0
11240,1,1,43.500,-30.862,4.06,-2.87,4.05,-2.88,INF,-1,1,7,0
11260,1,1,41.776,-30.910,3.90,-2.88,3.89,-2.89,INF,-1,1,7,0
11280,1,1,42.083,-31.878,3.93,-2.97,3.92,-2.98,INF,-1,1,7,0
11300,1,1,42.242,-31.799,3.94,-2.96,3.94,-2.97,INF,-1,1,7,0
11320,1,1,42.392,-30.584,3.96,-2.85,3.95,-2.86,INF,-1,1,7,0
11340,1,1,42.524,-30.533,3.97,-2.84,3.96,-2.85,INF,-1,1,7,0
11360,1,1,41.556,-31.479,3.88,-2.93,3.87,-2.94,INF,-1,1,7,0
11380,1,1,42.132,-31.545,3.93,-2.94,3.93,-2.95,INF,-1,1,7,0
11400,1,1,41.976,-31.785,3.92,-2.96,3.91,-2.97,INF,-1,1,7,0
11420,1,1,42.432,-31.289,3.96,-2.92,3.95,-2.92,INF,-1,1,7,0
11440,1,1,43.128,-31.339,4.02,-2.92,4.02,-2.93,INF,-1,1,7,0
11460,1,1,42.891,-31.384,4.00,-2.92,4.00,-2.93,INF,-1,1,7,0
11480,1,1,46.132,-21.772,4.30,-2.03,4.30,-2.03,INF,-1,1,7,0
11500,1,1,44.229,-20.296,4.13,-1.89,4.12,-1.90,INF,-1,1,7,0
11520,1,1,44.934,-19.705,4.19,-1.84,4.19,-1.84,INF,-1,0,7,0
11540,1,1,45.190,-20.626,4.22,-1.92,4.21,-1.93,INF,-1,0,7,0
11560,1,1,45.422,-20.366,4.24,-1.90,4.24,-1.90,INF,-1,0,7,0
11580,1,1,45.435,-20.570,4.24,-1.92,4.24,-1.92,INF,-1,0,7,0
11600,1,1,44.576,-20.533,4.16,-1.91,4.16,-1.92,INF,-1,0,7,0
11620,1,1,44.709,-20.117,4.17,-1.87,4.17,-1.88,INF,-1,0,7,0
11640,1,1,44.685,-20.699,4.17,-1.93,4.17,-1.93,INF,-1,0,7,0
11660,1,1,45.517,-20.935,4.25,-1.95,4.24,-1.96,INF,-1,0,7,0
11680,1,1,32.302,-6.244,3.02,-0.58,3.02,-0.58,INF,-1,0,7,0
11700,1,1,32.455,-8.521,3.03,-0.80,3.03,-0.80,INF,-1,0,7,0
11720,1,1,31.980,-7.797,2.99,-0.73,2.99,-0.73,INF,-1,0,7,0
11740,1,1,32.867,-9.100,3.07,-0.85,3.07,-0.85,INF,-1,0,7,0
11760,1,1,32.855,-8.208,3.07,-0.77,3.07,-0.77,INF,-1,0,7,0
11780,1,1,32.454,-8.528,3.03,-0.80,3.03,-0.80,INF,-1,0,7,0
11800,1,1,32.294,-8.861,3.02,-0.83,3.02,-0.83,INF,-1,1,7,0
11820,1,1,33.049,-8.577,3.09,-0.80,3.09,-0.80,INF,-1,1,7,0
11840,1,1,31.924,-9.014,2.98,-0.84,2.98,-0.84,INF,-1,1,7,0
11860,1,1,32.520,-9.356,3.04,-0.87,3.04,-0.87,INF,-1,1,7,0
11880,1,1,31.954,-9.154,2.98,-0.85,2.98,-0.86,INF,-1,1,7,0
11900,1,1,33.391,-9.446,3.12,-0.88,3.12,-0.88,INF,-1,1,7,0
11920,1,1,31.370,-9.195,2.93,-0.86,2.93,-0.86,INF,-1,1,7,0
11940,1,1,33.028,-8.811,3.08,-0.82,3.08,-0.82,INF,-1,1,7,0
11960,1,1,33.283,-9.213,3.11,-0.86,3.11,-0.86,INF,-1,1,7,0
11980,1,1,-12.475,-19.217,-1.17,-1.80,-1.17,-1.80,INF,-1,1,7,0
12000,1,1,-5.638,-16.183,-0.53,-1.51,-0.53,-1.51,INF,-1,1,7,0
12020,1,1,-5.607,-16.179,-0.52,-1.51,-0.52,-1.51,INF,-1,0,7,0
12040,1,1,-6.370,-17.205,-0.60,-1.61,-0.60,-1.61,INF,-1,0,7,0
12060,1,1,-6.282,-17.992,-0.59,-1.68,-0.59,-1.68,INF,-1,0,7,0
12080,1,1,-6.663,-17.328,-0.62,-1.62,-0.62,-1.62,INF,-1,0,7,0
12100,1,1,-6.170,-17.406,-0.58,-1.63,-0.58,-1.63,INF,-1,0,7,0
12120,1,1,-6.693,-17.647,-0.63,-1.65,-0.63,-1.65,INF,-1,0,7,0
12140,1,1,-6.510,-17.443,-0.61,-1.63,-0.61,-1.63,INF,-1,0,7,0
12160,1,1,-5.431,-17.414,-0.51,-1.63,-0.51,-1.63,INF,-1,0,7,0
12180,1,1,-5.901,-17.711,-0.55,-1.65,-0.55,-1.65,INF,-1,0,7,0
12200,1,1,-13.647,-21.407,-1.28,-2.00,-1.27,-2.00,INF,-1,0,7,0
12220,1,1,-27.098,-30.941,-2.53,-2.89,-2.53,-2.89,INF,-1,0,7,0
12240,1,1,-27.387,-30.519,-2.56,-2.85,-2.55,-2.85,INF,-1,0,7,0
12260,1,1,-26.838,-30.744,-2.51,-2.87,-2.50,-2.87,INF,-1,0,7,0
12280,1,1,-27.079,-30.498,-2.53,-2.85,-2.53,-2.85,INF,-1,0,7,0
12300,1,1,-26.192,-31.168,-2.45,-2.91,-2.44,-2.91,INF,-1,0,7,0
12320,1,1,-27.022,-30.849,-2.52,-2.88,-2.52,-2.88,INF,-1,0,7,0
12340,1,1,-26.641,-31.812,-2.49,-2.97,-2.49,-2.97,INF,-1,0,7,0
12360,1,1,-27.292,-31.671,-2.55,-2.95,-2.55,-2.96,INF,-1,0,7,0
12380,1,1,-27.534,-31.627,-2.57,-2.95,-2.57,-2.95,INF,-1,1,7,0
12400,1,1,-27.725,-31.811,-2.59,-2.97,-2.59,-2.97,INF,-1,1,7,0
12420,1,1,-27.348,-31.931,-2.55,-2.98,-2.55,-2.98,INF,-1,0,7,0
12440,1,1,-27.718,-31.745,-2.59,-2.96,-2.59,-2.96,INF,-1,0,7,0
12460,1,1,-36.222,-32.268,-3.38,-3.01,-3.38,-3.01,INF,-1,0,7,0
12480,1,1,-51.482,-35.572,-4.80,-3.31,-4.79,-3.32,INF,-1,0,7,0
12500,1,1,-52.062,-35.384,-4.85,-3.29,-4.85,-3.30,INF,-1,0,7,0
12520,1,1,-51.973,-34.253,-4.85,-3.19,-4.84,-3.20,INF,-1,0,7,0
12540,1,1,-51.636,-35.864,-4.81,-3.34,-4.81,-3.35,INF,-1,0,7,0
12560,1,1,-52.875,-35.459,-4.93,-3.30,-4.92,-3.31,INF,-1,0,7,0
12580,1,1,-53.065,-35.915,-4.95,-3.34,-4.94,-3.35,INF,-1,0,7,0
12600,1,1,-52.538,-36.649,-4.90,-3.41,-4.89,-3.42,INF,-1,0,7,0
12620,1,1,-52.940,-35.933,-4.94,-3.34,-4.93,-3.35,INF,-1,0,7,0
12640,1,1,-51.875,-35.237,-4.84,-3.28,-4.83,-3.29,INF,-1,0,7,0
12660,1,1,-52.861,-35.415,-4.93,-3.29,-4.92,-3.31,INF,-1,0,7,0
12680,1,1,-52.916,-34.678,-4.93,-3.23,-4.93,-3.24,INF,-1,0,7,0
12700,1,1,-56.365,-34.807,-5.25,-3.24,-5.25,-3.25,INF,-1,0,7,0
12720,1,1,-60.608,-33.030,-5.65,-3.07,-5.64,-3.08,INF,-1,0,7,0
12740,1,1,-59.827,-33.087,-5.57,-3.08,-5.57,-3.09,INF,-1,1,7,0
12760,1,1,-60.215,-34.628,-5.61,-3.22,-5.60,-3.23,INF,-1,1,7,0
12780,1,1,-60.750,-32.613,-5.66,-3.03,-5.65,-3.05,INF,-1,1,7,0
12800,1,1,-59.386,-32.796,-5.53,-3.05,-5.53,-3.06,INF,-1,1,7,0
12820,1,1,-60.229,-33.161,-5.61,-3.08,-5.60,-3.10,INF,-1,1,7,0
12840,1,1,-60.308,-31.698,-5.62,-2.95,-5.61,-2.96,INF,-1,1,7,0
12860,1,1,-60.746,-31.606,-5.66,-2.94,-5.65,-2.95,INF,-1,1,7,0
12880,1,1,-60.011,-32.035,-5.59,-2.98,-5.58,-2.99,INF,-1,1,7,0
12900,1,1,-59.252,-33.040,-5.52,-3.07,-5.51,-3.09,INF,-1,1,7,0
12920,1,1,-65.046,-11.043,-6.06,-1.03,-6.06,-1.03,INF,-1,1,7,0
12940,1,1,-66.785,-11.582,-6.22,-1.08,-6.22,-1.08,INF,-1,1,7,0
12960,1,1,-65.755,-11.585,-6.12,-1.08,-6.12,-1.08,INF,-1,0,7,0
12980,1,1,-65.863,-11.799,-6.13,-1.10,-6.13,-1.10,INF,-1,0,7,0
13000,1,1,-66.559,-11.145,-6.20,-1.04,-6.20,-1.04,INF,-1,0,7,0
13020,1,1,-66.770,-10.796,-6.22,-1.00,-6.22,-1.01,INF,-1,0,7,0
13040,1,1,-66.471,-11.846,-6.19,-1.10,-6.19,-1.11,INF,-1,0,7,0
13060,1,1,-65.286,-11.668,-6.08,-1.08,-6.08,-1.09,INF,-1,0,7,0
13080,1,1,-66.205,-11.434,-6.16,-1.06,-6.16,-1.07,INF,-1,0,7,0
13100,1,1,-66.514,-10.976,-6.19,-1.02,-6.19,-1.03,INF,-1,0,7,0
13120,1,1,-67.585,-11.185,-6.29,-1.04,-6.29,-1.05,INF,-1,0,7,0
13140,1,1,-67.102,-11.480,-6.25,-1.07,-6.25,-1.07,INF,-1,0,7,0
13160,1,1,-66.704,-10.722,-6.21,-1.00,-6.21,-1.00,INF,-1,0,7,0
13180,1,1,-66.194,-10.846,-6.16,-1.01,-6.16,-1.01,INF,-1,0,7,0
13200,1,1,-70.212,-11.302,-6.53,-1.05,-6.53,-1.06,INF,-1,1,7,0
13220,1,1,-10.818,0.659,-1.01,0.06,-1.01,0.06,INF,-1,1,7,0
13240,1,1,61.907,15.364,5.77,1.43,5.76,1.44,INF,-1,1,7,0
13260,1,1,56.031,16.134,5.22,1.50,5.22,1.51,INF,-1,0,7,0
13280,1,1,56.784,15.304,5.29,1.42,5.29,1.43,INF,-1,0,7,0
13300,1,1,56.484,16.597,5.26,1.54,5.26,1.55,INF,-1,0,7,0
13320,1,1,55.222,15.362,5.15,1.43,5.15,1.44,INF,-1,0,7,0
13340,1,1,56.585,15.451,5.27,1.44,5.27,1.44,INF,-1,0,7,0
13360,1,1,56.502,15.428,5.27,1.44,5.26,1.44,INF,-1,0,7,0
13380,1,1,55.373,15.090,5.16,1.40,5.16,1.41,INF,-1,0,7,0
13400,1,1,55.978,14.827,5.22,1.38,5.22,1.39,INF,-1,0,7,0
13420,1,1,56.691,14.360,5.28,1.34,5.28,1.34,INF,-1,0,7,0
13440,1,1,55.586,14.177,5.18,1.32,5.18,1.32,INF,-1,0,7,0
13460,1,1,56.002,15.081,5.22,1.40,5.22,1.41,INF,-1,0,7,0
13480,1,1,56.370,15.406,5.25,1.43,5.25,1.44,INF,-1,0,7,0
13500,1,1,59.163,31.542,5.51,2.93,5.51,2.95,INF,-1,0,7,0
13520,1,1,54.398,35.084,5.07,3.26,5.06,3.28,INF,-1,1,7,0
13540,1,1,54.390,35.180,5.07,3.27,5.06,3.28,INF,-1,0,7,0
13560,1,1,54.341,35.292,5.07,3.28,5.06,3.29,INF,-1,0,7,0
13580,1,1,55.119,35.062,5.14,3.26,5.13,3.27,INF,-1,0,7,0
13600,1,1,54.636,33.436,5.09,3.11,5.09,3.12,INF,-1,0,7,0
13620,1,1,54.911,34.734,5.12,3.23,5.11,3.24,INF,-1,0,7,0
13640,1,1,55.390,34.842,5.16,3.24,5.15,3.25,INF,-1,0,7,0
13660,1,1,55.343,34.503,5.16,3.21,5.15,3.22,INF,-1,0,7,0
13680,1,1,55.772,34.867,5.20,3.24,5.19,3.26,INF,-1,0,7,0
13700,1,1,55.141,34.661,5.14,3.22,5.13,3.24,INF,-1,0,7,0
13720,1,1,54.016,33.784,5.04,3.14,5.03,3.15,INF,-1,0,7,0
13740,1,1,52.654,35.461,4.91,3.30,4.90,3.31,INF,-1,0,7,0
13760,1,1,55.125,34.779,5.14,3.23,5.13,3.25,INF,-1,0,7,0
13780,1,1,55.880,34.823,5.21,3.24,5.20,3.25,INF,-1,1,7,0
13800,1,1,54.388,34.521,5.07,3.21,5.06,3.22,INF,-1,1,7,0
13820,1,1,55.462,35.159,5.17,3.27,5.16,3.28,INF,-1,1,7,0
13840,1,1,54.920,34.398,5.12,3.20,5.11,3.21,INF,-1,1,7,0
13860,1,1,55.038,33.902,5.13,3.15,5.12,3.17,INF,-1,1,7,0
13880,1,1,54.776,34.796,5.11,3.24,5.10,3.25,INF,-1,1,7,0
13900,1,1,54.782,34.766,5.11,3.23,5.10,3.25,INF,-1,1,7,0
13920,1,1,55.469,35.001,5.17,3.25,5.16,3.27,INF,-1,1,7,0
13940,1,1,54.658,33.645,5.10,3.13,5.09,3.14,INF,-1,1,7,0
13960,1,1,54.508,32.578,5.08,3.03,5.07,3.04,INF,-1,1,7,0
13980,1,1,43.216,35.586,4.03,3.31,4.03,3.32,INF,-1,1,7,0
14000,1,1,45.605,34.664,4.25,3.23,4.25,3.24,INF,-1,1,7,0
14020,1,1,44.493,34.126,4.15,3.18,4.15,3.19,INF,-1,1,7,0
14040,1,1,45.462,34.293,4.24,3.19,4.23,3.20,INF,-1,1,7,0
14060,1,1,44.305,34.834,4.13,3.24,4.13,3.25,INF,-1,1,7,0
14080,1,1,45.722,33.998,4.27,3.17,4.26,3.17,INF,-1,1,7,0
14100,1,1,45.829,33.916,4.28,3.16,4.27,3.17,INF,-1,1,7,0
14120,1,1,45.292,35.245,4.23,3.28,4.22,3.29,INF,-1,1,7,0
14140,1,1,45.310,34.925,4.23,3.25,4.22,3.26,INF,-1,1,7,0
14160,1,1,44.585,34.389,4.16,3.20,4.15,3.21,INF,-1,1,7,0
14180,1,1,45.227,33.059,4.22,3.08,4.21,3.09,INF,-1,1,7,0
14200,1,1,44.757,33.520,4.18,3.12,4.17,3.13,INF,-1,1,7,0
14220,1,1,45.350,33.675,4.23,3.14,4.22,3.14,INF,-1,1,7,0
14240,1,1,47.338,33.751,4.42,3.14,4.41,3.15,INF,-1,1,7,0
14260,1,1,-6.241,31.748,-0.58,2.96,-0.58,2.96,INF,-1,1,7,0
14280,1,1,-4.554,32.324,-0.43,3.02,-0.43,3.02,INF,-1,1,7,0
14300,1,1,-4.160,33.295,-0.39,3.11,-0.39,3.11,INF,-1,0,7,0
14320,1,1,-5.454,32.497,-0.51,3.03,-0.51,3.03,INF,-1,0,7,0
14340,1,1,-4.904,32.778,-0.46,3.06,-0.46,3.06,INF,-1,0,7,0
14360,1,1,-5.893,31.898,-0.55,2.98,-0.55,2.98,INF,-1,0,7,0
14380,1,1,-5.420,32.677,-0.51,3.05,-0.51,3.05,INF,-1,0,7,0
14400,1,1,-5.215,32.569,-0.49,3.04,-0.49,3.04,INF,-1,0,7,0
14420,1,1,-6.096,32.727,-0.57,3.06,-0.57,3.06,INF,-1,0,7,0
14440,1,1,-5.360,33.264,-0.50,3.11,-0.50,3.11,INF,-1,0,7,0
14460,1,1,-6.043,32.372,-0.56,3.02,-0.56,3.02,INF,-1,0,7,0
14480,1,1,-6.820,33.038,-0.64,3.08,-0.64,3.08,INF,-1,0,7,0
14500,1,1,-7.444,33.643,-0.70,3.14,-0.69,3.14,INF,-1,0,7,0
14520,1,1,-6.542,32.744,-0.61,3.06,-0.61,3.06,INF,-1,0,7,0
14540,1,1,-6.239,33.009,-0.58,3.08,-0.58,3.08,INF,-1,1,7,0
14560,1,1,-8.324,35.733,-0.78,3.34,-0.78,3.34,INF,-1,1,7,0
14580,1,1,-7.719,39.435,-0.72,3.68,-0.72,3.68,INF,-1,1,7,0
14600,1,1,-8.634,38.913,-0.81,3.63,-0.81,3.63,INF,-1,1,7,0
14620,1,1,-8.507,39.911,-0.80,3.72,-0.79,3.73,INF,-1,1,7,0
14640,1,1,-7.985,38.260,-0.75,3.57,-0.74,3.57,INF,-1,1,7,0
14660,1,1,-6.922,39.825,-0.65,3.72,-0.65,3.72,INF,-1,1,7,0
14680,1,1,-8.136,39.156,-0.76,3.65,-0.76,3.65,INF,-1,1,7,0
14700,1,1,-7.729,38.650,-0.72,3.61,-0.72,3.61,INF,-1,1,7,0
14720,1,1,-7.611,38.514,-0.71,3.59,-0.71,3.60,INF,-1,1,7,0
14740,1,1,-8.487,38.304,-0.79,3.58,-0.79,3.58,INF,-1,1,7,0
14760,1,1,-8.810,39.008,-0.82,3.64,-0.82,3.64,INF,-1,1,7,0
14780,1,1,-8.899,39.100,-0.83,3.65,-0.83,3.65,INF,-1,1,7,0
14800,1,1,-10.663,39.458,-1.00,3.68,-0.99,3.68,INF,-1,1,7,0
14820,1,1,-9.616,39.402,-0.90,3.68,-0.90,3.68,INF,-1,1,7,0
14840,1,1,-10.252,39.367,-0.96,3.67,-0.96,3.67,INF,-1,1,7,0
14860,1,1,-30.509,38.260,-2.85,3.57,-2.84,3.57,INF,-1,1,7,0
14880,1,1,-52.206,34.204,-4.87,3.18,-4.86,3.19,INF,-1,1,7,0
14900,1,1,-53.084,35.316,-4.95,3.28,-4.94,3.30,INF,-1,0,7,0
14920,1,1,-53.844,34.365,-5.02,3.20,-5.01,3.21,INF,-1,0,7,0
14940,1,1,-53.905,34.595,-5.03,3.22,-5.02,3.23,INF,-1,0,7,0
14960,1,1,-53.970,35.436,-5.03,3.30,-5.02,3.31,INF,-1,0,7,0
14980,1,1,-53.219,34.208,-4.96,3.18,-4.95,3.19,INF,-1,0,7,0
