"EyeTracker Toolbox version","3.250"
CalibrationParameters_A11,1.18803
CalibrationParameters_A12,0.07905
CalibrationParameters_A13,0.00311
CalibrationParameters_A21,0.12052
CalibrationParameters_A22,-1.25174
CalibrationParameters_A23,0.01863
CalibrationParameters_A31,0.00014
CalibrationParameters_A32,-0.00560
CalibrationParameters_E11,-0.17970
CalibrationParameters_E12,0.00017
CalibrationParameters_E21,-0.00010
CalibrationParameters_E22,0.20006
CalibrationParameters_X,-42.71157
CalibrationParameters_Y,-46.27527
CalibrationParameters_Rpc,86.39937
CalibrationParameters_MeanX,120.98992
CalibrationParameters_MeanY,137.64791
CalibrationParameters_ViewDist,613.00000
TimeStamp,Tracked,Calibrated,ScreenPositionXmm,ScreenPositionYmm,FicksLongitude,FicksLatitude,HelmholtzAzimuth,HelmholtzElevation,PupilDiameter,Region,Fixation,DigitalIO,Dropped
0,1,1,-2.364,12.891,-0.22,1.20,-0.22,1.20,INF,-1,0,7,0
20,1,1,-3.651,13.283,-0.34,1.24,-0.34,1.24,INF,-1,0,7,0
40,1,1,-3.643,14.195,-0.34,1.33,-0.34,1.33,INF,-1,0,7,0
60,1,1,-2.945,12.594,-0.28,1.18,-0.28,1.18,INF,-1,0,7,0
80,1,1,-3.387,12.825,-0.32,1.20,-0.32,1.20,INF,-1,0,7,0
100,1,1,-3.642,13.789,-0.34,1.29,-0.34,1.29,INF,-1,0,7,0
120,1,1,-3.467,12.408,-0.32,1.16,-0.32,1.16,INF,-1,0,7,0
140,1,1,-3.928,13.183,-0.37,1.23,-0.37,1.23,INF,-1,0,7,0
160,1,1,-4.404,12.436,-0.41,1.16,-0.41,1.16,INF,-1,0,7,0
180,1,1,-2.990,11.938,-0.28,1.12,-0.28,1.12,INF,-1,0,7,0
200,1,1,-4.937,12.864,-0.46,1.20,-0.46,1.20,INF,-1,0,7,0
220,1,1,-5.249,12.828,-0.49,1.20,-0.49,1.20,INF,-1,0,7,0
240,1,1,-8.649,9.902,-0.81,0.93,-0.81,0.93,INF,-1,0,7,0
260,1,1,15.598,28.807,1.46,2.69,1.46,2.69,INF,-1,0,7,0
280,1,1,13.180,27.640,1.23,2.58,1.23,2.58,INF,-1,1,7,0
300,1,1,12.308,26.113,1.15,2.44,1.15,2.44,INF,-1,0,7,0
320,1,1,12.332,25.680,1.15,2.40,1.15,2.40,INF,-1,0,7,0
340,1,1,13.338,25.931,1.25,2.42,1.25,2.42,INF,-1,0,7,0
360,1,1,14.514,26.142,1.36,2.44,1.36,2.44,INF,-1,0,7,0
380,1,1,13.207,26.989,1.23,2.52,1.23,2.52,INF,-1,0,7,0
400,1,1,14.664,27.030,1.37,2.52,1.37,2.52,INF,-1,0,7,0
420,1,1,15.320,26.447,1.43,2.47,1.43,2.47,INF,-1,0,7,0
440,1,1,13.783,31.427,1.29,2.93,1.29,2.93,INF,-1,0,7,0
460,1,1,14.217,30.897,1.33,2.88,1.33,2.89,INF,-1,0,7,0
480,1,1,12.891,31.480,1.20,2.94,1.20,2.94,INF,-1,0,7,0
500,1,1,13.974,30.517,1.31,2.85,1.30,2.85,INF,-1,0,7,0
520,1,1,13.197,30.446,1.23,2.84,1.23,2.84,INF,-1,0,7,0
540,1,1,13.079,30.500,1.22,2.85,1.22,2.85,INF,-1,1,7,0
560,1,1,13.878,30.047,1.30,2.81,1.30,2.81,INF,-1,1,7,0
580,1,1,13.661,30.841,1.28,2.88,1.28,2.88,INF,-1,1,7,0
600,1,1,2.026,25.516,0.19,2.38,0.19,2.38,INF,-1,1,7,0
620,1,1,-8.623,23.483,-0.81,2.19,-0.81,2.19,INF,-1,1,7,0
640,1,1,-8.614,24.167,-0.81,2.26,-0.80,2.26,INF,-1,0,7,0
660,1,1,-8.242,22.935,-0.77,2.14,-0.77,2.14,INF,-1,0,7,0
680,1,1,-8.818,22.308,-0.82,2.08,-0.82,2.08,INF,-1,0,7,0
700,1,1,-9.716,23.414,-0.91,2.19,-0.91,2.19,INF,-1,0,7,0
720,1,1,-8.285,23.525,-0.77,2.20,-0.77,2.20,INF,-1,0,7,0
740,1,1,-8.386,22.978,-0.78,2.15,-0.78,2.15,INF,-1,0,7,0
760,1,1,-8.667,23.397,-0.81,2.19,-0.81,2.19,INF,-1,0,7,0
780,1,1,-8.380,22.409,-0.78,2.09,-0.78,2.09,INF,-1,0,7,0
800,1,1,-9.271,22.754,-0.87,2.13,-0.87,2.13,INF,-1,0,7,0
820,1,1,-8.431,22.744,-0.79,2.12,-0.79,2.12,INF,-1,0,7,0
840,1,1,-7.533,22.567,-0.70,2.11,-0.70,2.11,INF,-1,0,7,0
860,1,1,-7.868,23.166,-0.74,2.16,-0.73,2.16,INF,-1,0,7,0
880,1,1,-8.434,21.762,-0.79,2.03,-0.79,2.03,INF,-1,0,7,0
900,1,1,-7.429,21.714,-0.69,2.03,-0.69,2.03,INF,-1,1,7,0
920,1,1,-9.267,21.424,-0.87,2.00,-0.87,2.00,INF,-1,1,7,0
940,1,1,-8.864,21.953,-0.83,2.05,-0.83,2.05,INF,-1,1,7,0
960,1,1,-9.072,21.287,-0.85,1.99,-0.85,1.99,INF,-1,1,7,0
980,1,1,-9.527,20.790,-0.89,1.94,-0.89,1.94,INF,-1,1,7,0
1000,1,1,-8.907,21.810,-0.83,2.04,-0.83,2.04,INF,-1,1,7,0
1020,1,1,-9.225,21.689,-0.86,2.03,-0.86,2.03,INF,-1,1,7,0
1040,1,1,-8.617,21.426,-0.81,2.00,-0.80,2.00,INF,-1,1,7,0
1060,1,1,-9.103,20.729,-0.85,1.94,-0.85,1.94,INF,-1,1,7,0
1080,1,1,-9.767,22.116,-0.91,2.07,-0.91,2.07,INF,-1,1,7,0
1100,1,1,-8.589,20.498,-0.80,1.92,-0.80,1.92,INF,-1,1,7,0
1120,1,1,-8.573,21.563,-0.80,2.01,-0.80,2.01,INF,-1,1,7,0
1140,1,1,-8.810,20.268,-0.82,1.89,-0.82,1.89,INF,-1,1,7,0
1160,1,1,20.501,33.154,1.92,3.09,1.91,3.10,INF,-1,1,7,0
1180,1,1,15.707,31.979,1.47,2.99,1.47,2.99,INF,-1,1,7,0
1200,1,1,15.794,32.088,1.48,3.00,1.47,3.00,INF,-1,0,7,0
1220,1,1,15.375,32.545,1.44,3.04,1.43,3.04,INF,-1,0,7,0
1240,1,1,15.922,32.564,1.49,3.04,1.49,3.04,INF,-1,0,7,0
1260,1,1,14.936,32.141,1.40,3.00,1.39,3.00,INF,-1,0,7,0
1280,1,1,15.598,32.464,1.46,3.03,1.46,3.03,INF,-1,0,7,0
1300,1,1,15.073,31.480,1.41,2.94,1.41,2.94,INF,-1,0,7,0
1320,1,1,16.040,30.975,1.50,2.89,1.50,2.89,INF,-1,0,7,0
1340,1,1,15.327,30.875,1.43,2.88,1.43,2.88,INF,-1,0,7,0
1360,1,1,10.867,30.763,1.02,2.87,1.01,2.87,INF,-1,0,7,0
1380,1,1,10.043,30.187,0.94,2.82,0.94,2.82,INF,-1,0,7,0
1400,1,1,11.480,29.667,1.07,2.77,1.07,2.77,INF,-1,0,7,0
1420,1,1,10.761,29.137,1.01,2.72,1.00,2.72,INF,-1,0,7,0
1440,1,1,10.724,30.121,1.00,2.81,1.00,2.81,INF,-1,1,7,0
1460,1,1,9.656,29.009,0.90,2.71,0.90,2.71,INF,-1,1,7,0
1480,1,1,9.731,28.930,0.91,2.70,0.91,2.70,INF,-1,1,7,0
1500,1,1,9.905,28.361,0.93,2.65,0.92,2.65,INF,-1,1,7,0
1520,1,1,10.032,34.245,0.94,3.20,0.94,3.20,INF,-1,1,7,0
1540,1,1,32.007,-35.837,2.99,-3.34,2.98,-3.35,INF,-1,1,7,0
1560,1,1,28.620,-32.509,2.67,-3.03,2.67,-3.04,INF,-1,1,7,0
1580,1,1,28.849,-31.497,2.69,-2.94,2.69,-2.94,INF,-1,0,7,0
1600,1,1,29.780,-30.959,2.78,-2.89,2.78,-2.89,INF,-1,0,7,0
1620,1,1,29.209,-29.878,2.73,-2.79,2.72,-2.79,INF,-1,0,7,0
1640,1,1,28.567,-30.555,2.67,-2.85,2.66,-2.85,INF,-1,0,7,0
1660,1,1,28.163,-30.483,2.63,-2.84,2.63,-2.85,INF,-1,0,7,0
1680,1,1,28.303,-30.168,2.64,-2.81,2.64,-2.82,INF,-1,0,7,0
1700,1,1,28.746,-30.161,2.68,-2.81,2.68,-2.82,INF,-1,0,7,0
1720,1,1,28.674,-30.562,2.68,-2.85,2.67,-2.85,INF,-1,0,7,0
1740,1,1,28.598,-30.415,2.67,-2.84,2.67,-2.84,INF,-1,0,7,0
1760,1,1,28.954,-30.943,2.70,-2.89,2.70,-2.89,INF,-1,0,7,0
1780,1,1,29.095,-30.368,2.72,-2.83,2.71,-2.84,INF,-1,0,7,0
1800,1,1,28.855,-31.514,2.70,-2.94,2.69,-2.94,INF,-1,0,7,0
1820,1,1,33.539,-38.812,3.13,-3.62,3.13,-3.62,INF,-1,1,7,0
1840,1,1,32.711,-39.092,3.05,-3.64,3.05,-3.65,INF,-1,1,7,0
1860,1,1,33.005,-39.673,3.08,-3.70,3.08,-3.70,INF,-1,1,7,0
1880,1,1,33.483,-39.260,3.13,-3.66,3.12,-3.66,INF,-1,1,7,0
1900,1,1,33.508,-39.073,3.13,-3.64,3.12,-3.65,INF,-1,1,7,0
1920,1,1,32.690,-39.320,3.05,-3.66,3.05,-3.67,INF,-1,1,7,0
1940,1,1,33.252,-38.903,3.10,-3.63,3.10,-3.63,INF,-1,1,7,0
1960,1,1,32.787,-38.528,3.06,-3.59,3.06,-3.60,INF,-1,1,7,0
1980,1,1,32.236,-38.705,3.01,-3.61,3.00,-3.61,INF,-1,1,7,0
2000,1,1,31.441,-38.029,2.94,-3.55,2.93,-3.55,INF,-1,1,7,0
2020,1,1,31.547,-38.530,2.95,-3.59,2.94,-3.60,INF,-1,1,7,0
2040,1,1,30.786,-37.843,2.88,-3.53,2.87,-3.53,INF,-1,1,7,0
2060,1,1,30.924,-38.510,2.89,-3.59,2.88,-3.59,INF,-1,1,7,0
2080,1,1,30.795,-39.097,2.88,-3.64,2.87,-3.65,INF,-1,1,7,0
2100,1,1,31.565,-38.345,2.95,-3.57,2.94,-3.58,INF,-1,1,7,0
2120,1,1,31.490,-39.093,2.94,-3.64,2.93,-3.65,INF,-1,1,7,0
2140,1,1,29.945,-38.849,2.80,-3.62,2.79,-3.63,INF,-1,1,7,0
2160,1,1,29.844,-38.960,2.79,-3.63,2.78,-3.64,INF,-1,1,7,0
2180,1,1,30.522,-38.619,2.85,-3.60,2.84,-3.60,INF,-1,1,7,0
2200,1,1,30.803,-39.144,2.88,-3.65,2.87,-3.65,INF,-1,1,7,0
2220,1,1,29.140,-38.615,2.72,-3.60,2.72,-3.60,INF,-1,1,7,0
2240,1,1,30.270,-38.491,2.83,-3.59,2.82,-3.59,INF,-1,1,7,0
2260,1,1,29.533,-39.378,2.76,-3.67,2.75,-3.68,INF,-1,1,7,0
2280,1,1,30.330,-38.781,2.83,-3.62,2.83,-3.62,INF,-1,1,7,0
2300,1,1,30.498,-39.760,2.85,-3.71,2.84,-3.71,INF,-1,1,7,0
2320,1,1,30.475,-40.213,2.85,-3.75,2.84,-3.75,INF,-1,1,7,0
2340,1,1,30.111,-38.888,2.81,-3.63,2.81,-3.63,INF,-1,1,7,0
2360,1,1,31.253,-40.357,2.92,-3.76,2.91,-3.77,INF,-1,1,7,0
2380,1,1,30.696,-39.348,2.87,-3.67,2.86,-3.67,INF,-1,1,7,0
2400,1,1,29.307,-38.633,2.74,-3.60,2.73,-3.61,INF,-1,1,7,0
2420,1,1,29.902,-38.037,2.79,-3.55,2.79,-3.55,INF,-1,1,7,0
2440,1,1,30.667,-39.547,2.86,-3.69,2.86,-3.69,INF,-1,1,7,0
2460,1,1,30.377,-38.722,2.84,-3.61,2.83,-3.61,INF,-1,1,7,0
2480,1,1,30.707,-39.619,2.87,-3.69,2.86,-3.70,INF,-1,1,7,0
2500,1,1,31.443,-39.767,2.94,-3.71,2.93,-3.71,INF,-1,1,7,0
2520,1,1,31.019,-39.639,2.90,-3.70,2.89,-3.70,INF,-1,1,7,0
2540,1,1,30.887,-39.087,2.88,-3.64,2.88,-3.65,INF,-1,1,7,0
2560,1,1,31.151,-39.689,2.91,-3.70,2.90,-3.70,INF,-1,1,7,0
2580,1,1,31.038,-39.092,2.90,-3.64,2.89,-3.65,INF,-1,1,7,0
2600,1,1,30.464,-38.878,2.85,-3.62,2.84,-3.63,INF,-1,1,7,0
2620,1,1,30.919,-40.077,2.89,-3.74,2.88,-3.74,INF,-1,1,7,0
2640,1,1,30.921,-39.128,2.89,-3.65,2.88,-3.65,INF,-1,1,7,0
2660,1,1,31.526,-39.491,2.94,-3.68,2.94,-3.69,INF,-1,1,7,0
2680,1,1,31.036,-39.782,2.90,-3.71,2.89,-3.71,INF,-1,1,7,0
2700,1,1,31.905,-40.168,2.98,-3.74,2.97,-3.75,INF,-1,1,7,0
2720,1,1,31.229,-40.062,2.92,-3.73,2.91,-3.74,INF,-1,1,7,0
2740,1,1,31.774,-40.011,2.97,-3.73,2.96,-3.73,INF,-1,1,7,0
2760,1,1,31.815,-39.184,2.97,-3.65,2.96,-3.66,INF,-1,1,7,0
2780,1,1,32.160,-39.260,3.00,-3.66,3.00,-3.66,INF,-1,1,7,0
2800,1,1,31.563,-38.731,2.95,-3.61,2.94,-3.62,INF,-1,1,7,0
2820,1,1,32.645,-39.262,3.05,-3.66,3.04,-3.66,INF,-1,1,7,0
2840,1,1,31.533,-38.565,2.94,-3.60,2.94,-3.60,INF,-1,1,7,0
2860,1,1,31.499,-38.723,2.94,-3.61,2.94,-3.61,INF,-1,1,7,0
2880,1,1,31.208,-39.327,2.91,-3.67,2.91,-3.67,INF,-1,1,7,0
2900,1,1,30.715,-39.201,2.87,-3.65,2.86,-3.66,INF,-1,1,7,0
2920,1,1,31.089,-38.635,2.90,-3.60,2.90,-3.61,INF,-1,1,7,0
2940,1,1,31.630,-39.911,2.95,-3.72,2.95,-3.73,INF,-1,1,7,0
2960,1,1,31.194,-39.045,2.91,-3.64,2.91,-3.64,INF,-1,1,7,0
2980,1,1,31.943,-38.332,2.98,-3.57,2.98,-3.58,INF,-1,1,7,0
3000,1,1,31.432,-38.885,2.94,-3.62,2.93,-3.63,INF,-1,1,7,0
3020,1,1,31.788,-39.010,2.97,-3.64,2.96,-3.64,INF,-1,1,7,0
3040,1,1,32.114,-39.233,3.00,-3.66,2.99,-3.66,INF,-1,1,7,0
3060,1,1,30.676,-38.780,2.86,-3.62,2.86,-3.62,INF,-1,1,7,0
3080,1,1,31.596,-38.602,2.95,-3.60,2.94,-3.60,INF,-1,1,7,0
3100,1,1,30.733,-38.563,2.87,-3.60,2.86,-3.60,INF,-1,1,7,0
3120,1,1,30.065,-37.492,2.81,-3.50,2.80,-3.50,INF,-1,1,7,0
3140,1,1,30.590,-38.723,2.86,-3.61,2.85,-3.61,INF,-1,1,7,0
3160,1,1,29.946,-38.149,2.80,-3.56,2.79,-3.56,INF,-1,1,7,0
3180,1,1,30.009,-37.721,2.80,-3.52,2.80,-3.52,INF,-1,1,7,0
3200,1,1,29.718,-38.293,2.78,-3.57,2.77,-3.57,INF,-1,1,7,0
3220,1,1,30.258,-37.720,2.83,-3.52,2.82,-3.52,INF,-1,1,7,0
3240,1,1,30.237,-38.910,2.82,-3.63,2.82,-3.63,INF,-1,1,7,0
3260,1,1,21.704,-29.160,2.03,-2.72,2.03,-2.72,INF,-1,1,7,0
3280,1,1,22.530,-28.048,2.10,-2.62,2.10,-2.62,INF,-1,1,7,0
3300,1,1,21.088,-28.574,1.97,-2.67,1.97,-2.67,INF,-1,1,7,0
3320,1,1,21.979,-28.713,2.05,-2.68,2.05,-2.68,INF,-1,1,7,0
3340,1,1,20.602,-28.411,1.92,-2.65,1.92,-2.65,INF,-1,1,7,0
3360,1,1,20.967,-28.575,1.96,-2.67,1.96,-2.67,INF,-1,1,7,0
3380,1,1,21.929,-28.259,2.05,-2.64,2.05,-2.64,INF,-1,1,7,0
3400,1,1,21.685,-27.750,2.03,-2.59,2.02,-2.59,INF,-1,1,7,0
3420,1,1,21.519,-28.727,2.01,-2.68,2.01,-2.68,INF,-1,1,7,0
3440,1,1,20.951,-29.408,1.96,-2.74,1.96,-2.75,INF,-1,1,7,0
3460,1,1,20.690,-28.566,1.93,-2.67,1.93,-2.67,INF,-1,1,7,0
3480,1,1,22.312,-28.336,2.08,-2.64,2.08,-2.65,INF,-1,1,7,0
3500,1,1,21.031,-28.521,1.96,-2.66,1.96,-2.66,INF,-1,1,7,0
3520,1,1,21.279,-28.629,1.99,-2.67,1.99,-2.67,INF,-1,1,7,0
3540,1,1,20.594,-28.307,1.92,-2.64,1.92,-2.64,INF,-1,1,7,0
3560,1,1,19.871,-27.717,1.86,-2.59,1.85,-2.59,INF,-1,1,7,0
3580,1,1,21.263,-27.751,1.99,-2.59,1.98,-2.59,INF,-1,1,7,0
3600,1,1,20.670,-28.418,1.93,-2.65,1.93,-2.65,INF,-1,1,7,0
3620,1,1,21.505,-17.022,2.01,-1.59,2.01,-1.59,INF,-1,1,7,0
3640,1,1,18.267,24.930,1.71,2.33,1.71,2.33,INF,-1,1,7,0
3660,1,1,16.496,20.665,1.54,1.93,1.54,1.93,INF,-1,0,7,0
3680,1,1,14.254,20.081,1.33,1.88,1.33,1.88,INF,-1,0,7,0
3700,1,1,13.992,19.135,1.31,1.79,1.31,1.79,INF,-1,0,7,0
3720,1,1,13.442,19.226,1.26,1.80,1.26,1.80,INF,-1,0,7,0
3740,1,1,13.361,19.434,1.25,1.82,1.25,1.82,INF,-1,0,7,0
3760,1,1,13.920,18.234,1.30,1.70,1.30,1.70,INF,-1,0,7,0
3780,1,1,14.128,18.988,1.32,1.77,1.32,1.77,INF,-1,0,7,0
3800,1,1,13.633,21.274,1.27,1.99,1.27,1.99,INF,-1,0,7,0
3820,1,1,11.250,32.816,1.05,3.06,1.05,3.06,INF,-1,0,7,0
3840,1,1,9.891,31.715,0.92,2.96,0.92,2.96,INF,-1,0,7,0
3860,1,1,9.118,32.006,0.85,2.99,0.85,2.99,INF,-1,0,7,0
3880,1,1,10.388,31.109,0.97,2.90,0.97,2.91,INF,-1,0,7,0
3900,1,1,10.636,31.520,0.99,2.94,0.99,2.94,INF,-1,0,7,0
3920,1,1,9.455,31.702,0.88,2.96,0.88,2.96,INF,-1,1,7,0
3940,1,1,10.021,31.428,0.94,2.93,0.94,2.93,INF,-1,1,7,0
3960,1,1,11.368,31.488,1.06,2.94,1.06,2.94,INF,-1,1,7,0
3980,1,1,9.481,31.384,0.89,2.93,0.88,2.93,INF,-1,1,7,0
4000,1,1,9.911,32.789,0.93,3.06,0.92,3.06,INF,-1,1,7,0
4020,1,1,10.430,32.864,0.97,3.07,0.97,3.07,INF,-1,1,7,0
4040,1,1,10.981,32.274,1.03,3.01,1.02,3.01,INF,-1,1,7,0
4060,1,1,11.065,32.748,1.03,3.06,1.03,3.06,INF,-1,1,7,0
4080,1,1,10.888,32.763,1.02,3.06,1.02,3.06,INF,-1,1,7,0
4100,1,1,10.328,33.050,0.97,3.09,0.96,3.09,INF,-1,1,7,0
4120,1,1,8.011,33.892,0.75,3.16,0.75,3.16,INF,-1,1,7,0
4140,1,1,7.322,32.628,0.68,3.05,0.68,3.05,INF,-1,1,7,0
4160,1,1,7.763,33.465,0.73,3.12,0.72,3.12,INF,-1,1,7,0
4180,1,1,8.421,32.418,0.79,3.03,0.79,3.03,INF,-1,1,7,0
4200,1,1,7.693,33.167,0.72,3.10,0.72,3.10,INF,-1,1,7,0
4220,1,1,7.669,32.993,0.72,3.08,0.72,3.08,INF,-1,1,7,0
4240,1,1,8.713,32.686,0.81,3.05,0.81,3.05,INF,-1,1,7,0
4260,1,1,7.847,33.418,0.73,3.12,0.73,3.12,INF,-1,1,7,0
4280,1,1,7.447,33.010,0.70,3.08,0.70,3.08,INF,-1,1,7,0
4300,1,1,8.187,33.439,0.77,3.12,0.76,3.12,INF,-1,1,7,0
4320,1,1,8.749,33.485,0.82,3.13,0.82,3.13,INF,-1,1,7,0
4340,1,1,8.544,32.959,0.80,3.08,0.80,3.08,INF,-1,1,7,0
4360,1,1,8.147,33.362,0.76,3.11,0.76,3.12,INF,-1,1,7,0
4380,1,1,8.578,33.997,0.80,3.17,0.80,3.17,INF,-1,1,7,0
4400,1,1,7.966,32.558,0.74,3.04,0.74,3.04,INF,-1,1,7,0
4420,1,1,9.049,33.785,0.85,3.15,0.84,3.15,INF,-1,1,7,0
4440,1,1,9.383,33.155,0.88,3.10,0.88,3.10,INF,-1,1,7,0
4460,1,1,8.360,32.818,0.78,3.06,0.78,3.06,INF,-1,1,7,0
4480,1,1,8.617,32.949,0.81,3.08,0.80,3.08,INF,-1,1,7,0
4500,1,1,8.435,32.977,0.79,3.08,0.79,3.08,INF,-1,1,7,0
4520,1,1,7.921,31.891,0.74,2.98,0.74,2.98,INF,-1,1,7,0
4540,1,1,7.834,33.480,0.73,3.13,0.73,3.13,INF,-1,1,7,0
4560,1,1,7.483,33.814,0.70,3.16,0.70,3.16,INF,-1,1,7,0
4580,1,1,8.363,32.335,0.78,3.02,0.78,3.02,INF,-1,1,7,0
4600,1,1,7.634,32.104,0.71,3.00,0.71,3.00,INF,-1,1,7,0
4620,1,1,8.370,32.857,0.78,3.07,0.78,3.07,INF,-1,1,7,0
4640,1,1,7.925,32.884,0.74,3.07,0.74,3.07,INF,-1,1,7,0
4660,1,1,8.553,33.159,0.80,3.10,0.80,3.10,INF,-1,1,7,0
4680,1,1,9.038,32.580,0.84,3.04,0.84,3.04,INF,-1,1,7,0
4700,1,1,8.523,32.768,0.80,3.06,0.80,3.06,INF,-1,1,7,0
4720,1,1,8.358,32.800,0.78,3.06,0.78,3.06,INF,-1,1,7,0
4740,1,1,8.054,32.685,0.75,3.05,0.75,3.05,INF,-1,1,7,0
4760,1,1,8.645,31.684,0.81,2.96,0.81,2.96,INF,-1,1,7,0
4780,1,1,9.256,32.506,0.87,3.04,0.86,3.04,INF,-1,1,7,0
4800,1,1,8.667,32.088,0.81,3.00,0.81,3.00,INF,-1,1,7,0
4820,1,1,30.061,25.108,2.81,2.34,2.81,2.35,INF,-1,1,7,0
4840,1,1,31.730,23.145,2.96,2.16,2.96,2.16,INF,-1,1,7,0
4860,1,1,32.223,23.085,3.01,2.15,3.01,2.16,INF,-1,0,7,0
4880,1,1,30.909,23.900,2.89,2.23,2.88,2.23,INF,-1,0,7,0
4900,1,1,31.362,23.269,2.93,2.17,2.93,2.17,INF,-1,0,7,0
4920,1,1,32.143,23.394,3.00,2.18,3.00,2.19,INF,-1,0,7,0
4940,1,1,30.940,23.155,2.89,2.16,2.89,2.16,INF,-1,0,7,0
4960,1,1,32.596,22.553,3.04,2.10,3.04,2.11,INF,-1,0,7,0
4980,1,1,30.954,22.169,2.89,2.07,2.89,2.07,INF,-1,0,7,0
5000,1,1,32.315,22.444,3.02,2.09,3.02,2.10,INF,-1,0,7,0
5020,1,1,32.120,22.690,3.00,2.12,3.00,2.12,INF,-1,0,7,0
5040,1,1,32.248,22.156,3.01,2.07,3.01,2.07,INF,-1,0,7,0
5060,1,1,32.208,22.110,3.01,2.06,3.01,2.07,INF,-1,0,7,0
5080,1,1,32.448,22.287,3.03,2.08,3.03,2.08,INF,-1,0,7,0
5100,1,1,37.850,21.031,3.53,1.96,3.53,1.96,INF,-1,1,7,0
5120,1,1,38.680,22.178,3.61,2.07,3.61,2.07,INF,-1,1,7,0
5140,1,1,39.427,20.749,3.68,1.93,3.68,1.94,INF,-1,1,7,0
5160,1,1,38.426,20.661,3.59,1.93,3.58,1.93,INF,-1,1,7,0
5180,1,1,38.856,20.860,3.63,1.95,3.62,1.95,INF,-1,1,7,0
5200,1,1,38.557,20.812,3.60,1.94,3.60,1.94,INF,-1,1,7,0
5220,1,1,37.834,21.498,3.53,2.00,3.53,2.01,INF,-1,1,7,0
5240,1,1,38.210,20.413,3.57,1.90,3.56,1.91,INF,-1,1,7,0
5260,1,1,37.771,20.559,3.53,1.92,3.52,1.92,INF,-1,1,7,0
5280,1,1,37.571,21.751,3.51,2.03,3.51,2.03,INF,-1,1,7,0
5300,1,1,38.682,20.836,3.61,1.94,3.61,1.95,INF,-1,1,7,0
5320,1,1,38.483,20.848,3.59,1.94,3.59,1.95,INF,-1,1,7,0
5340,1,1,39.095,20.237,3.65,1.89,3.65,1.89,INF,-1,1,7,0
5360,1,1,38.490,20.221,3.59,1.89,3.59,1.89,INF,-1,1,7,0
5380,1,1,38.245,20.579,3.57,1.92,3.57,1.92,INF,-1,1,7,0
5400,1,1,38.091,21.144,3.56,1.97,3.55,1.98,INF,-1,1,7,0
5420,1,1,37.715,19.837,3.52,1.85,3.52,1.85,INF,-1,1,7,0
5440,1,1,37.187,19.941,3.47,1.86,3.47,1.86,INF,-1,1,7,0
5460,1,1,37.335,20.434,3.49,1.91,3.48,1.91,INF,-1,1,7,0
5480,1,1,38.143,20.235,3.56,1.89,3.56,1.89,INF,-1,1,7,0
5500,1,1,38.258,20.289,3.57,1.89,3.57,1.90,INF,-1,1,7,0
5520,1,1,38.970,19.723,3.64,1.84,3.64,1.84,INF,-1,1,7,0
5540,1,1,39.247,20.111,3.66,1.88,3.66,1.88,INF,-1,1,7,0
5560,1,1,39.130,19.846,3.65,1.85,3.65,1.85,INF,-1,1,7,0
5580,1,1,38.882,20.080,3.63,1.87,3.63,1.88,INF,-1,1,7,0
5600,1,1,38.030,19.282,3.55,1.80,3.55,1.80,INF,-1,1,7,0
5620,1,1,38.229,18.448,3.57,1.72,3.57,1.72,INF,-1,1,7,0
5640,1,1,35.669,19.882,3.33,1.85,3.33,1.86,INF,-1,1,7,0
5660,1,1,35.475,20.775,3.31,1.94,3.31,1.94,INF,-1,1,7,0
5680,1,1,35.179,20.780,3.28,1.94,3.28,1.94,INF,-1,1,7,0
5700,1,1,35.409,21.230,3.31,1.98,3.30,1.98,INF,-1,1,7,0
5720,1,1,35.036,20.198,3.27,1.88,3.27,1.89,INF,-1,1,7,0
5740,1,1,35.110,20.137,3.28,1.88,3.28,1.88,INF,-1,1,7,0
5760,1,1,35.200,19.335,3.29,1.80,3.28,1.81,INF,-1,1,7,0
5780,1,1,36.308,19.689,3.39,1.84,3.39,1.84,INF,-1,1,7,0
5800,1,1,34.587,19.140,3.23,1.79,3.23,1.79,INF,-1,1,7,0
5820,1,1,34.864,19.299,3.26,1.80,3.25,1.80,INF,-1,1,7,0
5840,1,1,35.130,18.815,3.28,1.76,3.28,1.76,INF,-1,1,7,0
5860,1,1,3.873,7.906,0.36,0.74,0.36,0.74,INF,-1,1,7,0
5880,0,1,0.000,0.000,0.00,0.00,0.00,0.00,0.00,-1,1,7,0
5900,0,1,0.000,0.000,0.00,0.00,0.00,0.00,0.00,-1,1,7,0
5920,0,1,0.000,0.000,0.00,0.00,0.00,0.00,0.00,-1,1,7,0
5940,0,1,0.000,0.000,0.00,0.00,0.00,0.00,0.00,-1,0,7,0
5960,0,1,0.000,0.000,0.00,0.00,0.00,0.00,0.00,-1,0,7,0
5980,0,1,0.000,0.000,0.00,0.00,0.00,0.00,0.00,-1,0,7,0
6000,0,1,0.000,0.000,0.00,0.00,0.00,0.00,0.00,-1,0,7,0
6020,0,1,0.000,0.000,0.00,0.00,0.00,0.00,0.00,-1,0,7,0
6040,0,1,0.000,0.000,0.00,0.00,0.00,0.00,0.00,-1,0,7,0
6060,0,1,0.000,0.000,0.00,0.00,0.00,0.00,0.00,-1,0,7,0
6080,0,1,0.000,0.000,0.00,0.00,0.00,0.00,0.00,-1,0,7,0
6100,0,1,0.000,0.000,0.00,0.00,0.00,0.00,0.00,-1,0,7,0
6120,0,1,0.000,0.000,0.00,0.00,0.00,0.00,0.00,-1,0,7,0
6140,0,1,0.000,0.000,0.00,0.00,0.00,0.00,0.00,-1,0,7,0
6160,1,1,13.737,29.314,1.28,2.74,1.28,2.74,INF,-1,0,7,0
6180,1,1,12.656,29.509,1.18,2.76,1.18,2.76,INF,-1,0,7,0
6200,1,1,12.712,28.883,1.19,2.70,1.19,2.70,INF,-1,0,7,0
6220,1,1,12.422,28.378,1.16,2.65,1.16,2.65,INF,-1,0,7,0
6240,1,1,-18.864,20.530,-1.76,1.92,-1.76,1.92,INF,-1,0,7,0
6260,1,1,-8.214,24.562,-0.77,2.29,-0.77,2.29,INF,-1,0,7,0
6280,1,1,-8.839,24.859,-0.83,2.32,-0.83,2.32,INF,-1,0,7,0
6300,1,1,-9.130,24.966,-0.85,2.33,-0.85,2.33,INF,-1,0,7,0
6320,1,1,-8.999,24.095,-0.84,2.25,-0.84,2.25,INF,-1,0,7,0
6340,1,1,-10.014,24.755,-0.94,2.31,-0.94,2.31,INF,-1,0,7,0
6360,1,1,-10.474,23.422,-0.98,2.19,-0.98,2.19,INF,-1,0,7,0
6380,1,1,-9.041,23.821,-0.85,2.23,-0.84,2.23,INF,-1,0,7,0
6400,1,1,-8.974,23.667,-0.84,2.21,-0.84,2.21,INF,-1,0,7,0
6420,1,1,-10.739,23.237,-1.00,2.17,-1.00,2.17,INF,-1,0,7,0
6440,1,1,-9.311,23.046,-0.87,2.15,-0.87,2.15,INF,-1,0,7,0
6460,1,1,-10.116,23.794,-0.95,2.22,-0.94,2.22,INF,-1,0,7,0
6480,1,1,-9.353,23.324,-0.87,2.18,-0.87,2.18,INF,-1,0,7,0
6500,1,1,-9.320,22.788,-0.87,2.13,-0.87,2.13,INF,-1,0,7,0
6520,1,1,-10.293,23.162,-0.96,2.16,-0.96,2.16,INF,-1,1,7,0
6540,1,1,-9.819,21.896,-0.92,2.05,-0.92,2.05,INF,-1,1,7,0
6560,1,1,-9.922,22.124,-0.93,2.07,-0.93,2.07,INF,-1,1,7,0
6580,1,1,-10.072,22.606,-0.94,2.11,-0.94,2.11,INF,-1,1,7,0
6600,1,1,-10.038,23.178,-0.94,2.17,-0.94,2.17,INF,-1,1,7,0
6620,1,1,-10.921,23.297,-1.02,2.18,-1.02,2.18,INF,-1,1,7,0
6640,1,1,-9.900,22.533,-0.93,2.10,-0.92,2.11,INF,-1,1,7,0
6660,1,1,-11.522,21.941,-1.08,2.05,-1.08,2.05,INF,-1,1,7,0
6680,1,1,-11.083,21.995,-1.04,2.05,-1.04,2.05,INF,-1,1,7,0
6700,1,1,-10.299,22.033,-0.96,2.06,-0.96,2.06,INF,-1,1,7,0
6720,1,1,-11.199,20.463,-1.05,1.91,-1.05,1.91,INF,-1,1,7,0
6740,1,1,-10.084,20.608,-0.94,1.93,-0.94,1.93,INF,-1,1,7,0
6760,1,1,-10.341,20.650,-0.97,1.93,-0.97,1.93,INF,-1,1,7,0
6780,1,1,-9.734,20.703,-0.91,1.93,-0.91,1.93,INF,-1,1,7,0
6800,1,1,-10.592,21.097,-0.99,1.97,-0.99,1.97,INF,-1,1,7,0
6820,1,1,-11.001,21.270,-1.03,1.99,-1.03,1.99,INF,-1,1,7,0
6840,1,1,-11.395,20.928,-1.06,1.96,-1.06,1.96,INF,-1,1,7,0
6860,1,1,-10.832,21.485,-1.01,2.01,-1.01,2.01,INF,-1,1,7,0
6880,1,1,-11.251,21.026,-1.05,1.96,-1.05,1.96,INF,-1,1,7,0
6900,1,1,-11.097,21.274,-1.04,1.99,-1.04,1.99,INF,-1,1,7,0
6920,1,1,-10.864,19.968,-1.02,1.87,-1.01,1.87,INF,-1,1,7,0
6940,1,1,-11.038,20.016,-1.03,1.87,-1.03,1.87,INF,-1,1,7,0
6960,1,1,-11.827,20.895,-1.11,1.95,-1.10,1.95,INF,-1,1,7,0
6980,1,1,-10.273,20.780,-0.96,1.94,-0.96,1.94,INF,-1,1,7,0
7000,1,1,-10.896,19.707,-1.02,1.84,-1.02,1.84,INF,-1,1,7,0
7020,1,1,-10.930,21.044,-1.02,1.97,-1.02,1.97,INF,-1,1,7,0
7040,1,1,-11.279,20.931,-1.05,1.96,-1.05,1.96,INF,-1,1,7,0
7060,1,1,-11.264,21.605,-1.05,2.02,-1.05,2.02,INF,-1,1,7,0
7080,1,1,-10.766,20.311,-1.01,1.90,-1.01,1.90,INF,-1,1,7,0
7100,1,1,-11.065,20.519,-1.03,1.92,-1.03,1.92,INF,-1,1,7,0
7120,1,1,-10.439,20.299,-0.98,1.90,-0.98,1.90,INF,-1,1,7,0
7140,1,1,-2.053,20.282,-0.19,1.89,-0.19,1.90,INF,-1,1,7,0
7160,1,1,-2.472,21.392,-0.23,2.00,-0.23,2.00,INF,-1,1,7,0
7180,1,1,-13.088,19.974,-1.22,1.87,-1.22,1.87,INF,-1,1,7,0
7200,1,1,-14.276,20.869,-1.33,1.95,-1.33,1.95,INF,-1,1,7,0
7220,1,1,-14.542,21.014,-1.36,1.96,-1.36,1.96,INF,-1,1,7,0
7240,1,1,-13.701,21.300,-1.28,1.99,-1.28,1.99,INF,-1,1,7,0
7260,1,1,-13.991,20.473,-1.31,1.91,-1.31,1.91,INF,-1,1,7,0
7280,1,1,-14.860,21.211,-1.39,1.98,-1.39,1.98,INF,-1,1,7,0
7300,1,1,-13.703,19.761,-1.28,1.85,-1.28,1.85,INF,-1,1,7,0
7320,1,1,-14.286,21.365,-1.34,2.00,-1.33,2.00,INF,-1,1,7,0
7340,1,1,-14.441,19.035,-1.35,1.78,-1.35,1.78,INF,-1,1,7,0
7360,1,1,-15.208,18.940,-1.42,1.77,-1.42,1.77,INF,-1,1,7,0
7380,1,1,-14.893,18.282,-1.39,1.71,-1.39,1.71,INF,-1,1,7,0
7400,1,1,-15.583,20.182,-1.46,1.89,-1.46,1.89,INF,-1,1,7,0
7420,1,1,-15.346,18.466,-1.43,1.72,-1.43,1.73,INF,-1,1,7,0
7440,1,1,-24.180,16.012,-2.26,1.50,-2.26,1.50,INF,-1,1,7,0
7460,1,1,-23.084,16.348,-2.16,1.53,-2.16,1.53,INF,-1,1,7,0
7480,1,1,-23.744,16.512,-2.22,1.54,-2.22,1.54,INF,-1,0,7,0
7500,1,1,-22.189,16.101,-2.07,1.50,-2.07,1.50,INF,-1,0,7,0
7520,1,1,-23.104,17.116,-2.16,1.60,-2.16,1.60,INF,-1,0,7,0
7540,1,1,-22.766,16.713,-2.13,1.56,-2.13,1.56,INF,-1,0,7,0
7560,1,1,-22.995,16.402,-2.15,1.53,-2.15,1.53,INF,-1,0,7,0
7580,1,1,-22.296,16.628,-2.08,1.55,-2.08,1.55,INF,-1,0,7,0
7600,1,1,-22.325,15.990,-2.09,1.49,-2.09,1.49,INF,-1,0,7,0
7620,1,1,-22.025,17.316,-2.06,1.62,-2.06,1.62,INF,-1,0,7,0
7640,1,1,-6.008,19.105,-0.56,1.79,-0.56,1.79,INF,-1,0,7,0
7660,1,1,-8.376,19.844,-0.78,1.85,-0.78,1.85,INF,-1,0,7,0
7680,1,1,-8.885,19.248,-0.83,1.80,-0.83,1.80,INF,-1,0,7,0
7700,1,1,-10.718,19.871,-1.00,1.86,-1.00,1.86,INF,-1,0,7,0
7720,1,1,-10.241,19.648,-0.96,1.84,-0.96,1.84,INF,-1,1,7,0
7740,1,1,-9.877,20.186,-0.92,1.89,-0.92,1.89,INF,-1,1,7,0
7760,1,1,-10.259,19.359,-0.96,1.81,-0.96,1.81,INF,-1,1,7,0
7780,1,1,-10.805,19.640,-1.01,1.83,-1.01,1.84,INF,-1,1,7,0
7800,1,1,-10.323,20.317,-0.96,1.90,-0.96,1.90,INF,-1,1,7,0
7820,1,1,-10.441,19.592,-0.98,1.83,-0.98,1.83,INF,-1,1,7,0
7840,1,1,-10.158,19.634,-0.95,1.83,-0.95,1.83,INF,-1,1,7,0
7860,1,1,-10.465,19.583,-0.98,1.83,-0.98,1.83,INF,-1,1,7,0
7880,1,1,-9.793,18.958,-0.92,1.77,-0.91,1.77,INF,-1,1,7,0
7900,1,1,-10.124,18.808,-0.95,1.76,-0.95,1.76,INF,-1,1,7,0
7920,1,1,-10.315,19.425,-0.96,1.81,-0.96,1.81,INF,-1,1,7,0
7940,1,1,-10.212,18.454,-0.95,1.72,-0.95,1.72,INF,-1,1,7,0
7960,1,1,-9.457,20.269,-0.88,1.89,-0.88,1.89,INF,-1,1,7,0
7980,1,1,-9.783,19.490,-0.91,1.82,-0.91,1.82,INF,-1,1,7,0
8000,1,1,-10.519,19.377,-0.98,1.81,-0.98,1.81,INF,-1,1,7,0
8020,1,1,-9.516,19.751,-0.89,1.85,-0.89,1.85,INF,-1,1,7,0
8040,1,1,-9.924,18.648,-0.93,1.74,-0.93,1.74,INF,-1,1,7,0
8060,1,1,-9.858,19.180,-0.92,1.79,-0.92,1.79,INF,-1,1,7,0
8080,1,1,-9.463,19.111,-0.88,1.79,-0.88,1.79,INF,-1,1,7,0
8100,1,1,-17.291,14.325,-1.62,1.34,-1.62,1.34,INF,-1,1,7,0
8120,1,1,-18.877,12.093,-1.76,1.13,-1.76,1.13,INF,-1,1,7,0
8140,1,1,-18.153,12.563,-1.70,1.17,-1.70,1.17,INF,-1,1,7,0
8160,1,1,-17.194,12.900,-1.61,1.21,-1.61,1.21,INF,-1,1,7,0
8180,1,1,-17.643,12.665,-1.65,1.18,-1.65,1.18,INF,-1,1,7,0
8200,1,1,-17.380,12.571,-1.62,1.17,-1.62,1.17,INF,-1,1,7,0
8220,1,1,-16.927,11.548,-1.58,1.08,-1.58,1.08,INF,-1,1,7,0
8240,1,1,-17.792,12.092,-1.66,1.13,-1.66,1.13,INF,-1,1,7,0
8260,1,1,-18.128,11.859,-1.69,1.11,-1.69,1.11,INF,-1,1,7,0
8280,1,1,-17.498,11.688,-1.64,1.09,-1.63,1.09,INF,-1,1,7,0
8300,1,1,-17.933,11.208,-1.68,1.05,-1.68,1.05,INF,-1,1,7,0
8320,1,1,-17.242,10.246,-1.61,0.96,-1.61,0.96,INF,-1,1,7,0
8340,1,1,-17.100,9.305,-1.60,0.87,-1.60,0.87,INF,-1,1,7,0
8360,1,1,-11.952,-15.509,-1.12,-1.45,-1.12,-1.45,INF,-1,1,7,0
8380,1,1,-13.994,-14.877,-1.31,-1.39,-1.31,-1.39,INF,-1,1,7,0
8400,1,1,-13.574,-13.770,-1.27,-1.29,-1.27,-1.29,INF,-1,0,7,0
8420,1,1,-14.448,-14.190,-1.35,-1.33,-1.35,-1.33,INF,-1,0,7,0
8440,1,1,-14.522,-12.372,-1.36,-1.16,-1.36,-1.16,INF,-1,0,7,0
8460,1,1,-15.303,-12.439,-1.43,-1.16,-1.43,-1.16,INF,-1,0,7,0
8480,1,1,-15.347,-13.106,-1.43,-1.22,-1.43,-1.22,INF,-1,0,7,0
8500,1,1,-14.451,-12.988,-1.35,-1.21,-1.35,-1.21,INF,-1,0,7,0
8520,1,1,-14.980,-12.935,-1.40,-1.21,-1.40,-1.21,INF,-1,0,7,0
8540,1,1,-15.307,-13.123,-1.43,-1.23,-1.43,-1.23,INF,-1,0,7,0
8560,1,1,-15.737,-13.901,-1.47,-1.30,-1.47,-1.30,INF,-1,0,7,0
8580,1,1,-16.185,-13.667,-1.51,-1.28,-1.51,-1.28,INF,-1,0,7,0
8600,1,1,-15.729,-12.948,-1.47,-1.21,-1.47,-1.21,INF,-1,0,7,0
8620,1,1,-15.542,-13.378,-1.45,-1.25,-1.45,-1.25,INF,-1,0,7,0
8640,1,1,-15.525,-13.319,-1.45,-1.24,-1.45,-1.24,INF,-1,1,7,0
8660,1,1,-15.999,-13.517,-1.50,-1.26,-1.49,-1.26,INF,-1,1,7,0
8680,1,1,-11.725,-24.205,-1.10,-2.26,-1.09,-2.26,INF,-1,1,7,0
8700,1,1,-12.862,-25.231,-1.20,-2.36,-1.20,-2.36,INF,-1,1,7,0
8720,1,1,-12.516,-24.545,-1.17,-2.29,-1.17,-2.29,INF,-1,0,7,0
8740,1,1,-12.646,-25.061,-1.18,-2.34,-1.18,-2.34,INF,-1,0,7,0
8760,1,1,-13.438,-24.635,-1.26,-2.30,-1.25,-2.30,INF,-1,0,7,0
8780,1,1,-12.987,-25.288,-1.21,-2.36,-1.21,-2.36,INF,-1,0,7,0
8800,1,1,-13.889,-24.738,-1.30,-2.31,-1.30,-2.31,INF,-1,0,7,0
8820,1,1,-12.462,-24.737,-1.16,-2.31,-1.16,-2.31,INF,-1,0,7,0
8840,1,1,-13.557,-24.206,-1.27,-2.26,-1.27,-2.26,INF,-1,0,7,0
8860,1,1,-12.611,-25.387,-1.18,-2.37,-1.18,-2.37,INF,-1,0,7,0
8880,1,1,-14.381,-25.022,-1.34,-2.34,-1.34,-2.34,INF,-1,0,7,0
8900,1,1,-13.950,-24.661,-1.30,-2.30,-1.30,-2.30,INF,-1,0,7,0
8920,1,1,-18.085,-19.839,-1.69,-1.85,-1.69,-1.85,INF,-1,0,7,0
8940,1,1,-17.204,-19.782,-1.61,-1.85,-1.61,-1.85,INF,-1,0,7,0
8960,1,1,-18.558,-20.919,-1.73,-1.95,-1.73,-1.95,INF,-1,1,7,0
8980,1,1,-17.972,-21.392,-1.68,-2.00,-1.68,-2.00,INF,-1,1,7,0
9000,1,1,-18.062,-20.784,-1.69,-1.94,-1.69,-1.94,INF,-1,1,7,0
9020,1,1,-18.054,-20.874,-1.69,-1.95,-1.69,-1.95,INF,-1,1,7,0
9040,1,1,-18.370,-21.865,-1.72,-2.04,-1.72,-2.04,INF,-1,1,7,0
9060,1,1,-17.479,-22.001,-1.63,-2.05,-1.63,-2.06,INF,-1,1,7,0
9080,1,1,-16.294,-22.974,-1.52,-2.15,-1.52,-2.15,INF,-1,1,7,0
9100,1,1,-52.496,-1.869,-4.89,-0.17,-4.89,-0.17,INF,-1,1,7,0
9120,1,1,-68.191,13.297,-6.35,1.24,-6.35,1.24,INF,-1,1,7,0
9140,1,1,-66.005,12.241,-6.15,1.14,-6.14,1.14,INF,-1,0,7,0
9160,1,1,-65.775,10.622,-6.12,0.99,-6.12,0.99,INF,-1,0,7,0
9180,1,1,-65.230,9.194,-6.07,0.85,-6.07,0.86,INF,-1,0,7,0
9200,1,1,-63.968,8.548,-5.96,0.79,-5.96,0.80,INF,-1,0,7,0
9220,1,1,-63.275,7.353,-5.89,0.68,-5.89,0.69,INF,-1,0,7,0
9240,1,1,-62.161,6.112,-5.79,0.57,-5.79,0.57,INF,-1,0,7,0
9260,1,1,-60.995,5.905,-5.68,0.55,-5.68,0.55,INF,-1,0,7,0
9280,1,1,-61.370,6.825,-5.72,0.63,-5.72,0.64,INF,-1,0,7,0
9300,1,1,-60.470,5.667,-5.63,0.53,-5.63,0.53,INF,-1,0,7,0
9320,1,1,-60.521,6.107,-5.64,0.57,-5.64,0.57,INF,-1,0,7,0
9340,1,1,-59.771,6.239,-5.57,0.58,-5.57,0.58,INF,-1,0,7,0
9360,1,1,-60.925,5.075,-5.68,0.47,-5.68,0.47,INF,-1,0,7,0
9380,1,1,-59.534,5.532,-5.55,0.51,-5.55,0.52,INF,-1,0,7,0
9400,1,1,-59.343,5.385,-5.53,0.50,-5.53,0.50,INF,-1,1,7,0
9420,1,1,-60.251,5.090,-5.61,0.47,-5.61,0.48,INF,-1,1,7,0
9440,1,1,-59.600,5.459,-5.55,0.51,-5.55,0.51,INF,-1,1,7,0
9460,1,1,-62.699,10.070,-5.84,0.94,-5.84,0.94,INF,-1,1,7,0
9480,1,1,-64.176,40.308,-5.98,3.74,-5.96,3.76,INF,-1,1,7,0
9500,1,1,-65.075,37.986,-6.06,3.53,-6.05,3.55,INF,-1,1,7,0
9520,1,1,-65.457,36.608,-6.10,3.40,-6.08,3.42,INF,-1,0,7,0
9540,1,1,-65.395,36.051,-6.09,3.35,-6.08,3.37,INF,-1,0,7,0
9560,1,1,-65.759,35.700,-6.12,3.31,-6.11,3.33,INF,-1,0,7,0
9580,1,1,-65.210,35.856,-6.07,3.33,-6.06,3.35,INF,-1,0,7,0
9600,1,1,-66.051,35.040,-6.15,3.25,-6.14,3.27,INF,-1,0,7,0
9620,1,1,-66.471,34.087,-6.19,3.16,-6.18,3.18,INF,-1,0,7,0
9640,1,1,-66.419,34.494,-6.18,3.20,-6.17,3.22,INF,-1,0,7,0
9660,1,1,-65.786,33.656,-6.13,3.12,-6.12,3.14,INF,-1,0,7,0
9680,1,1,-65.839,32.712,-6.13,3.04,-6.12,3.05,INF,-1,0,7,0
9700,1,1,-65.488,33.118,-6.10,3.07,-6.09,3.09,INF,-1,0,7,0
9720,1,1,-66.169,32.196,-6.16,2.99,-6.15,3.01,INF,-1,0,7,0
9740,1,1,-64.428,-17.004,-6.00,-1.58,-6.00,-1.59,INF,-1,0,7,0
9760,1,1,-62.840,-27.686,-5.85,-2.57,-5.85,-2.59,INF,-1,0,7,0
9780,1,1,-62.427,-25.934,-5.81,-2.41,-5.81,-2.42,INF,-1,0,7,0
9800,1,1,-62.522,-24.299,-5.82,-2.26,-5.82,-2.27,INF,-1,0,7,0
9820,1,1,-63.037,-23.217,-5.87,-2.16,-5.87,-2.17,INF,-1,0,7,0
9840,1,1,-62.282,-23.435,-5.80,-2.18,-5.80,-2.19,INF,-1,0,7,0
9860,1,1,-62.719,-21.129,-5.84,-1.96,-5.84,-1.97,INF,-1,0,7,0
9880,1,1,-63.778,-22.428,-5.94,-2.08,-5.94,-2.10,INF,-1,0,7,0
9900,1,1,-63.186,-23.620,-5.89,-2.20,-5.88,-2.21,INF,-1,0,7,0
9920,1,1,-56.558,-36.993,-5.27,-3.44,-5.26,-3.45,INF,-1,0,7,0
9940,1,1,-58.035,-37.090,-5.41,-3.45,-5.40,-3.46,INF,-1,0,7,0
9960,1,1,-58.317,-36.803,-5.43,-3.42,-5.42,-3.44,INF,-1,0,7,0
9980,1,1,-58.845,-37.700,-5.48,-3.50,-5.47,-3.52,INF,-1,0,7,0
10000,1,1,-57.782,-37.522,-5.38,-3.49,-5.37,-3.50,INF,-1,0,7,0
10020,1,1,-58.350,-38.287,-5.44,-3.56,-5.43,-3.57,INF,-1,1,7,0
10040,1,1,-57.398,-38.318,-5.35,-3.56,-5.34,-3.58,INF,-1,1,7,0
10060,1,1,-58.005,-38.488,-5.41,-3.58,-5.39,-3.59,INF,-1,1,7,0
10080,1,1,-58.035,-38.934,-5.41,-3.62,-5.40,-3.63,INF,-1,0,7,0
10100,1,1,-57.577,-38.985,-5.37,-3.62,-5.36,-3.64,INF,-1,0,7,0
10120,1,1,-58.702,-38.516,-5.47,-3.58,-5.46,-3.60,INF,-1,0,7,0
10140,1,1,-58.538,-38.549,-5.45,-3.58,-5.44,-3.60,INF,-1,0,7,0
10160,1,1,-56.645,-38.586,-5.28,-3.59,-5.27,-3.60,INF,-1,0,7,0
10180,1,1,-56.878,-39.383,-5.30,-3.66,-5.29,-3.68,INF,-1,0,7,0
10200,1,1,-58.500,-39.404,-5.45,-3.66,-5.44,-3.68,INF,-1,0,7,0
10220,1,1,-57.791,-38.513,-5.39,-3.58,-5.38,-3.60,INF,-1,0,7,0
10240,1,1,-57.681,-40.043,-5.38,-3.72,-5.36,-3.74,INF,-1,0,7,0
10260,1,1,-57.688,-39.992,-5.38,-3.72,-5.36,-3.73,INF,-1,0,7,0
10280,1,1,-55.770,-40.138,-5.20,-3.73,-5.19,-3.75,INF,-1,0,7,0
10300,1,1,-54.788,-41.168,-5.11,-3.83,-5.10,-3.84,INF,-1,0,7,0
10320,1,1,-54.641,-39.770,-5.09,-3.70,-5.08,-3.71,INF,-1,1,7,0
10340,1,1,-54.416,-39.817,-5.07,-3.70,-5.06,-3.72,INF,-1,1,7,0
10360,1,1,-54.134,-40.501,-5.05,-3.77,-5.04,-3.78,INF,-1,1,7,0
10380,1,1,-55.516,-41.418,-5.17,-3.85,-5.16,-3.87,INF,-1,1,7,0
10400,1,1,-55.180,-41.307,-5.14,-3.84,-5.13,-3.86,INF,-1,1,7,0
10420,1,1,-56.659,-40.890,-5.28,-3.80,-5.27,-3.82,INF,-1,1,7,0
10440,1,1,-56.048,-41.432,-5.22,-3.85,-5.21,-3.87,INF,-1,1,7,0
10460,1,1,-56.437,-41.467,-5.26,-3.85,-5.25,-3.87,INF,-1,1,7,0
10480,1,1,-55.155,-41.045,-5.14,-3.82,-5.13,-3.83,INF,-1,1,7,0
10500,1,1,-56.430,-42.432,-5.26,-3.94,-5.25,-3.96,INF,-1,1,7,0
10520,1,1,-56.400,-42.177,-5.26,-3.92,-5.24,-3.94,INF,-1,1,7,0
10540,1,1,-55.910,-42.024,-5.21,-3.91,-5.20,-3.92,INF,-1,1,7,0
10560,1,1,-56.293,-42.034,-5.25,-3.91,-5.23,-3.92,INF,-1,1,7,0
10580,1,1,-56.959,-41.673,-5.31,-3.87,-5.30,-3.89,INF,-1,1,7,0
10600,1,1,-55.597,-42.359,-5.18,-3.94,-5.17,-3.95,INF,-1,1,7,0
10620,1,1,-56.438,-41.642,-5.26,-3.87,-5.25,-3.89,INF,-1,1,7,0
10640,1,1,-56.524,-42.134,-5.27,-3.92,-5.26,-3.93,INF,-1,1,7,0
10660,1,1,-47.643,-40.451,-4.44,-3.76,-4.43,-3.78,INF,-1,1,7,0
10680,1,1,-47.016,-38.920,-4.39,-3.62,-4.38,-3.63,INF,-1,1,7,0
10700,1,1,-47.082,-39.727,-4.39,-3.70,-4.38,-3.71,INF,-1,1,7,0
10720,1,1,-47.361,-39.657,-4.42,-3.69,-4.41,-3.70,INF,-1,1,7,0
10740,1,1,-46.070,-39.663,-4.30,-3.69,-4.29,-3.70,INF,-1,1,7,0
10760,1,1,-46.240,-40.650,-4.31,-3.78,-4.30,-3.79,INF,-1,1,7,0
10780,1,1,-46.312,-39.809,-4.32,-3.71,-4.31,-3.72,INF,-1,0,7,0
10800,1,1,-46.060,-40.213,-4.30,-3.74,-4.29,-3.75,INF,-1,0,7,0
10820,1,1,-46.806,-40.148,-4.37,-3.74,-4.36,-3.75,INF,-1,0,7,0
10840,1,1,-47.050,-39.983,-4.39,-3.72,-4.38,-3.73,INF,-1,0,7,0
10860,1,1,-46.603,-39.243,-4.35,-3.65,-4.34,-3.66,INF,-1,0,7,0
10880,1,1,-47.229,-40.668,-4.41,-3.78,-4.40,-3.80,INF,-1,0,7,0
10900,1,1,-48.111,-40.145,-4.49,-3.74,-4.48,-3.75,INF,-1,0,7,0
10920,1,1,-47.559,-40.691,-4.44,-3.79,-4.43,-3.80,INF,-1,0,7,0
10940,1,1,-47.582,-40.278,-4.44,-3.75,-4.43,-3.76,INF,-1,0,7,0
10960,1,1,-47.767,-40.108,-4.46,-3.73,-4.45,-3.74,INF,-1,0,7,0
10980,1,1,-47.275,-40.707,-4.41,-3.79,-4.40,-3.80,INF,-1,0,7,0
11000,1,1,-48.025,-40.706,-4.48,-3.79,-4.47,-3.80,INF,-1,0,7,0
11020,1,1,-47.908,-40.857,-4.47,-3.80,-4.46,-3.81,INF,-1,1,7,0
11040,1,1,-47.089,-41.452,-4.39,-3.86,-4.38,-3.87,INF,-1,1,7,0
11060,1,1,-47.092,-41.311,-4.39,-3.84,-4.38,-3.86,INF,-1,1,7,0
11080,1,1,-47.344,-40.495,-4.42,-3.77,-4.41,-3.78,INF,-1,1,7,0
11100,1,1,-47.368,-40.331,-4.42,-3.75,-4.41,-3.76,INF,-1,1,7,0
11120,1,1,-47.814,-41.179,-4.46,-3.83,-4.45,-3.84,INF,-1,1,7,0
11140,1,1,-47.228,-41.518,-4.41,-3.86,-4.40,-3.87,INF,-1,1,7,0
11160,1,1,-46.923,-40.802,-4.38,-3.80,-4.37,-3.81,INF,-1,1,7,0
11180,1,1,-46.257,-40.766,-4.32,-3.79,-4.31,-3.80,INF,-1,1,7,0
11200,1,1,-46.054,-41.481,-4.30,-3.86,-4.29,-3.87,INF,-1,1,7,0
11220,1,1,-47.240,-41.009,-4.41,-3.82,-4.40,-3.83,INF,-1,1,7,0
11240,1,1,-47.638,-41.247,-4.44,-3.84,-4.43,-3.85,INF,-1,1,7,0
11260,1,1,-47.030,-41.946,-4.39,-3.90,-4.38,-3.91,INF,-1,1,7,0
11280,1,1,-46.958,-41.359,-4.38,-3.85,-4.37,-3.86,INF,-1,1,7,0
11300,1,1,-45.380,-42.179,-4.23,-3.93,-4.22,-3.94,INF,-1,1,7,0
11320,1,1,-46.599,-42.351,-4.35,-3.94,-4.34,-3.95,INF,-1,1,7,0
11340,1,1,-31.948,-44.929,-2.98,-4.19,-2.98,-4.19,INF,-1,1,7,0
11360,1,1,-28.274,-44.634,-2.64,-4.16,-2.63,-4.16,INF,-1,1,7,0
11380,1,1,-29.221,-44.785,-2.73,-4.17,-2.72,-4.18,INF,-1,0,7,0
11400,1,1,-28.627,-44.808,-2.67,-4.18,-2.67,-4.18,INF,-1,0,7,0
11420,1,1,-29.124,-44.735,-2.72,-4.17,-2.71,-4.17,INF,-1,0,7,0
11440,1,1,-28.802,-44.572,-2.69,-4.15,-2.68,-4.16,INF,-1,0,7,0
11460,1,1,-28.220,-44.540,-2.64,-4.15,-2.63,-4.16,INF,-1,0,7,0
11480,1,1,-28.701,-44.005,-2.68,-4.10,-2.67,-4.11,INF,-1,0,7,0
11500,1,1,-28.486,-45.510,-2.66,-4.24,-2.65,-4.25,INF,-1,0,7,0
11520,1,1,-28.863,-44.296,-2.70,-4.13,-2.69,-4.13,INF,-1,0,7,0
11540,1,1,-29.022,-45.296,-2.71,-4.22,-2.70,-4.23,INF,-1,0,7,0
11560,1,1,-28.366,-43.921,-2.65,-4.09,-2.64,-4.10,INF,-1,0,7,0
11580,1,1,-26.936,-45.945,-2.52,-4.28,-2.51,-4.29,INF,-1,0,7,0
11600,1,1,-40.676,-3.876,-3.80,-0.36,-3.80,-0.36,INF,-1,0,7,0
11620,1,1,-52.292,23.430,-4.88,2.18,-4.87,2.19,INF,-1,1,7,0
11640,1,1,-54.166,22.043,-5.05,2.05,-5.05,2.06,INF,-1,0,7,0
11660,1,1,-55.737,21.168,-5.20,1.97,-5.19,1.98,INF,-1,0,7,0
11680,1,1,-55.040,20.518,-5.13,1.91,-5.13,1.92,INF,-1,0,7,0
11700,1,1,-56.026,19.427,-5.22,1.81,-5.22,1.82,INF,-1,0,7,0
11720,1,1,-55.308,19.394,-5.16,1.80,-5.15,1.81,INF,-1,0,7,0
11740,1,1,-56.551,19.335,-5.27,1.80,-5.27,1.81,INF,-1,0,7,0
11760,1,1,-55.969,19.288,-5.22,1.79,-5.21,1.80,INF,-1,0,7,0
11780,1,1,-66.920,37.468,-6.23,3.48,-6.22,3.50,INF,-1,0,7,0
11800,1,1,-66.153,37.208,-6.16,3.45,-6.15,3.47,INF,-1,0,7,0
11820,1,1,-65.493,36.115,-6.10,3.35,-6.09,3.37,INF,-1,0,7,0
11840,1,1,-66.204,35.595,-6.16,3.30,-6.15,3.32,INF,-1,0,7,0
11860,1,1,-66.256,35.279,-6.17,3.27,-6.16,3.29,INF,-1,0,7,0
11880,1,1,-66.083,34.475,-6.15,3.20,-6.14,3.22,INF,-1,0,7,0
11900,1,1,-66.237,35.768,-6.17,3.32,-6.16,3.34,INF,-1,1,7,0
11920,1,1,-65.349,34.727,-6.09,3.22,-6.08,3.24,INF,-1,1,7,0
11940,1,1,-65.661,34.782,-6.11,3.23,-6.10,3.25,INF,-1,1,7,0
11960,1,1,-68.743,46.888,-6.40,4.35,-6.38,4.37,INF,-1,1,7,0
11980,1,1,-69.523,49.074,-6.47,4.55,-6.45,4.58,INF,-1,1,7,0
12000,1,1,-69.428,49.196,-6.46,4.56,-6.44,4.59,INF,-1,0,7,0
12020,1,1,-69.799,49.141,-6.50,4.55,-6.48,4.58,INF,-1,0,7,0
12040,1,1,-68.665,47.748,-6.39,4.43,-6.37,4.45,INF,-1,0,7,0
12060,1,1,-69.109,48.036,-6.43,4.45,-6.41,4.48,INF,-1,0,7,0
12080,1,1,-69.480,48.197,-6.47,4.47,-6.45,4.50,INF,-1,0,7,0
12100,1,1,-69.706,47.035,-6.49,4.36,-6.47,4.39,INF,-1,0,7,0
12120,1,1,-68.594,46.853,-6.38,4.34,-6.37,4.37,INF,-1,0,7,0
12140,1,1,-68.191,47.159,-6.35,4.37,-6.33,4.40,INF,-1,0,7,0
12160,1,1,-68.586,47.262,-6.38,4.38,-6.37,4.41,INF,-1,0,7,0
12180,1,1,-69.889,46.636,-6.50,4.32,-6.49,4.35,INF,-1,0,7,0
12200,1,1,-68.650,46.735,-6.39,4.33,-6.37,4.36,INF,-1,0,7,0
12220,1,1,-72.199,50.404,-6.72,4.67,-6.69,4.70,INF,-1,0,7,0
12240,1,1,-74.862,53.379,-6.96,4.94,-6.94,4.98,INF,-1,1,7,0
12260,1,1,-73.806,53.612,-6.87,4.96,-6.84,5.00,INF,-1,1,7,0
12280,1,1,-75.100,52.744,-6.98,4.88,-6.96,4.92,INF,-1,1,7,0
12300,1,1,-73.959,50.841,-6.88,4.71,-6.86,4.74,INF,-1,1,7,0
12320,1,1,-75.533,51.886,-7.02,4.80,-7.00,4.84,INF,-1,1,7,0
12340,1,1,-74.328,53.063,-6.91,4.91,-6.89,4.95,INF,-1,1,7,0
12360,1,1,-74.767,52.763,-6.95,4.88,-6.93,4.92,INF,-1,1,7,0
12380,1,1,-73.194,52.373,-6.81,4.85,-6.78,4.88,INF,-1,1,7,0
12400,1,1,-74.809,53.624,-6.96,4.96,-6.93,5.00,INF,-1,1,7,0
12420,1,1,-74.082,52.303,-6.89,4.84,-6.87,4.88,INF,-1,1,7,0
12440,1,1,-74.202,52.354,-6.90,4.85,-6.88,4.88,INF,-1,1,7,0
12460,1,1,-74.236,49.883,-6.91,4.62,-6.88,4.65,INF,-1,1,7,0
12480,1,1,-72.415,50.711,-6.74,4.70,-6.71,4.73,INF,-1,1,7,0
12500,1,1,-73.363,50.038,-6.82,4.63,-6.80,4.67,INF,-1,1,7,0
12520,1,1,-73.569,50.144,-6.84,4.64,-6.82,4.68,INF,-1,1,7,0
12540,1,1,-73.290,50.385,-6.82,4.67,-6.80,4.70,INF,-1,1,7,0
12560,1,1,-73.071,50.605,-6.80,4.69,-6.77,4.72,INF,-1,1,7,0
12580,1,1,-73.730,49.355,-6.86,4.57,-6.84,4.60,INF,-1,1,7,0
12600,1,1,-73.403,49.754,-6.83,4.61,-6.81,4.64,INF,-1,1,7,0
12620,1,1,-73.037,49.096,-6.79,4.55,-6.77,4.58,INF,-1,1,7,0
12640,1,1,-68.061,50.598,-6.34,4.69,-6.31,4.72,INF,-1,1,7,0
12660,1,1,-81.435,-15.652,-7.57,-1.45,-7.56,-1.46,INF,-1,1,7,0
12680,1,1,-81.898,-11.747,-7.61,-1.09,-7.61,-1.10,INF,-1,1,7,0
12700,1,1,-79.908,-11.803,-7.43,-1.09,-7.43,-1.10,INF,-1,0,7,0
12720,1,1,-68.512,-29.080,-6.38,-2.70,-6.37,-2.72,INF,-1,0,7,0
12740,1,1,-65.112,-37.287,-6.06,-3.46,-6.05,-3.48,INF,-1,0,7,0
12760,1,1,-65.132,-36.353,-6.06,-3.37,-6.05,-3.39,INF,-1,0,7,0
12780,1,1,-64.686,-36.991,-6.02,-3.43,-6.01,-3.45,INF,-1,0,7,0
12800,1,1,-65.021,-35.312,-6.05,-3.28,-6.04,-3.30,INF,-1,0,7,0
12820,1,1,-63.931,-35.563,-5.95,-3.30,-5.94,-3.32,INF,-1,0,7,0
12840,1,1,-65.047,-34.244,-6.06,-3.18,-6.05,-3.20,INF,-1,0,7,0
12860,1,1,-64.117,-33.773,-5.97,-3.14,-5.96,-3.15,INF,-1,0,7,0
12880,1,1,-64.010,-33.647,-5.96,-3.12,-5.95,-3.14,INF,-1,0,7,0
12900,1,1,-63.713,-33.213,-5.93,-3.08,-5.93,-3.10,INF,-1,0,7,0
12920,1,1,-64.696,-33.159,-6.02,-3.08,-6.02,-3.10,INF,-1,0,7,0
12940,1,1,-64.998,-32.717,-6.05,-3.04,-6.04,-3.06,INF,-1,0,7,0
12960,1,1,-65.089,-33.971,-6.06,-3.15,-6.05,-3.17,INF,-1,0,7,0
12980,1,1,-64.714,-34.667,-6.03,-3.22,-6.02,-3.24,INF,-1,0,7,0
13000,1,1,-65.178,-34.920,-6.07,-3.24,-6.06,-3.26,INF,-1,1,7,0
13020,1,1,-65.896,-35.509,-6.14,-3.30,-6.13,-3.32,INF,-1,1,7,0
13040,1,1,-72.808,-37.745,-6.77,-3.50,-6.76,-3.52,INF,-1,1,7,0
13060,1,1,-70.343,-37.374,-6.55,-3.47,-6.53,-3.49,INF,-1,1,7,0
13080,1,1,-70.990,-37.794,-6.61,-3.50,-6.59,-3.53,INF,-1,1,7,0
13100,1,1,-71.461,-36.770,-6.65,-3.41,-6.64,-3.43,INF,-1,1,7,0
13120,1,1,-71.351,-38.122,-6.64,-3.53,-6.63,-3.56,INF,-1,1,7,0
13140,1,1,-71.257,-38.143,-6.63,-3.54,-6.62,-3.56,INF,-1,1,7,0
13160,1,1,-70.338,-37.337,-6.55,-3.46,-6.53,-3.49,INF,-1,1,7,0
13180,1,1,-70.892,-39.034,-6.60,-3.62,-6.58,-3.64,INF,-1,1,7,0
13200,1,1,-74.413,-34.031,-6.92,-3.15,-6.91,-3.18,INF,-1,1,7,0
13220,1,1,-74.085,-33.104,-6.89,-3.07,-6.88,-3.09,INF,-1,1,7,0
13240,1,1,-74.440,-32.872,-6.92,-3.05,-6.91,-3.07,INF,-1,1,7,0
13260,1,1,-75.667,-32.255,-7.04,-2.99,-7.03,-3.01,INF,-1,1,7,0
13280,1,1,-74.183,-33.451,-6.90,-3.10,-6.89,-3.12,INF,-1,1,7,0
13300,1,1,-73.642,-34.230,-6.85,-3.17,-6.84,-3.20,INF,-1,1,7,0
13320,1,1,-74.249,-33.983,-6.91,-3.15,-6.90,-3.17,INF,-1,1,7,0
13340,1,1,-73.654,-34.035,-6.85,-3.16,-6.84,-3.18,INF,-1,1,7,0
13360,1,1,-74.735,-34.247,-6.95,-3.17,-6.94,-3.20,INF,-1,1,7,0
13380,1,1,-74.942,-33.174,-6.97,-3.07,-6.96,-3.10,INF,-1,1,7,0
13400,1,1,-75.089,-34.183,-6.98,-3.17,-6.97,-3.19,INF,-1,1,7,0
13420,1,1,-75.007,-35.043,-6.98,-3.25,-6.96,-3.27,INF,-1,0,7,0
13440,1,1,-75.467,-34.084,-7.02,-3.16,-7.01,-3.18,INF,-1,0,7,0
13460,1,1,-74.405,-34.863,-6.92,-3.23,-6.91,-3.26,INF,-1,0,7,0
13480,1,1,-75.465,-34.287,-7.02,-3.18,-7.01,-3.20,INF,-1,0,7,0
13500,1,1,-76.042,-32.907,-7.07,-3.05,-7.06,-3.07,INF,-1,0,7,0
13520,1,1,-75.260,-34.115,-7.00,-3.16,-6.99,-3.19,INF,-1,0,7,0
13540,1,1,-75.436,-33.802,-7.02,-3.13,-7.01,-3.16,INF,-1,0,7,0
13560,1,1,-75.288,-33.263,-7.00,-3.08,-6.99,-3.11,INF,-1,0,7,0
13580,1,1,-74.441,-34.486,-6.92,-3.20,-6.91,-3.22,INF,-1,0,7,0
13600,1,1,-74.683,-33.412,-6.95,-3.10,-6.94,-3.12,INF,-1,0,7,0
13620,1,1,-74.415,-33.469,-6.92,-3.10,-6.91,-3.13,INF,-1,0,7,0
13640,1,1,-75.491,-34.422,-7.02,-3.19,-7.01,-3.21,INF,-1,0,7,0
13660,1,1,-73.665,-34.630,-6.85,-3.21,-6.84,-3.23,INF,-1,1,7,0
13680,1,1,-74.434,-34.183,-6.92,-3.17,-6.91,-3.19,INF,-1,1,7,0
13700,1,1,-73.949,-34.550,-6.88,-3.20,-6.87,-3.23,INF,-1,1,7,0
13720,1,1,-73.937,-33.915,-6.88,-3.14,-6.87,-3.17,INF,-1,1,7,0
13740,1,1,-74.003,-33.633,-6.88,-3.12,-6.87,-3.14,INF,-1,1,7,0
13760,1,1,-73.904,-34.533,-6.87,-3.20,-6.86,-3.22,INF,-1,1,7,0
13780,1,1,-73.897,-34.408,-6.87,-3.19,-6.86,-3.21,INF,-1,1,7,0
13800,1,1,-73.652,-34.626,-6.85,-3.21,-6.84,-3.23,INF,-1,1,7,0
13820,1,1,-74.758,-34.262,-6.95,-3.18,-6.94,-3.20,INF,-1,1,7,0
13840,1,1,-73.152,-34.156,-6.81,-3.17,-6.79,-3.19,INF,-1,1,7,0
13860,1,1,-74.401,-34.641,-6.92,-3.21,-6.91,-3.23,INF,-1,1,7,0
13880,1,1,-72.717,-33.470,-6.77,-3.10,-6.76,-3.13,INF,-1,1,7,0
13900,1,1,-73.718,-34.143,-6.86,-3.17,-6.85,-3.19,INF,-1,1,7,0
13920,1,1,-73.135,-33.351,-6.80,-3.09,-6.79,-3.11,INF,-1,1,7,0
13940,1,1,-73.009,-33.496,-6.79,-3.11,-6.78,-3.13,INF,-1,1,7,0
13960,1,1,-72.603,-33.866,-6.75,-3.14,-6.74,-3.16,INF,-1,1,7,0
13980,1,1,-73.044,-34.785,-6.80,-3.23,-6.78,-3.25,INF,-1,1,7,0
14000,1,1,-73.498,-35.025,-6.84,-3.25,-6.83,-3.27,INF,-1,1,7,0
14020,1,1,-72.682,-34.452,-6.76,-3.19,-6.75,-3.22,INF,-1,1,7,0
14040,1,1,-73.436,-35.361,-6.83,-3.28,-6.82,-3.30,INF,-1,1,7,0
14060,1,1,-73.499,-33.131,-6.84,-3.07,-6.83,-3.09,INF,-1,1,7,0
14080,1,1,-72.726,-31.869,-6.77,-2.96,-6.76,-2.98,INF,-1,1,7,0
14100,1,1,-73.170,-31.661,-6.81,-2.94,-6.80,-2.96,INF,-1,1,7,0
14120,1,1,-71.502,-32.224,-6.65,-2.99,-6.64,-3.01,INF,-1,1,7,0
14140,1,1,-71.749,-32.177,-6.68,-2.98,-6.67,-3.00,INF,-1,1,7,0
14160,1,1,-71.411,-32.209,-6.64,-2.99,-6.64,-3.01,INF,-1,1,7,0
14180,1,1,-71.467,-32.863,-6.65,-3.05,-6.64,-3.07,INF,-1,1,7,0
14200,1,1,-70.437,-31.691,-6.55,-2.94,-6.55,-2.96,INF,-1,1,7,0
14220,1,1,-70.627,-31.774,-6.57,-2.95,-6.56,-2.97,INF,-1,1,7,0
14240,1,1,-71.250,-31.345,-6.63,-2.91,-6.62,-2.93,INF,-1,1,7,0
14260,1,1,-70.590,-32.332,-6.57,-3.00,-6.56,-3.02,INF,-1,1,7,0
14280,1,1,-70.640,-31.688,-6.57,-2.94,-6.56,-2.96,INF,-1,1,7,0
14300,1,1,-69.397,-32.270,-6.46,-2.99,-6.45,-3.01,INF,-1,1,7,0
14320,1,1,-68.239,-33.602,-6.35,-3.12,-6.34,-3.14,INF,-1,1,7,0
14340,1,1,-63.271,-40.107,-5.89,-3.72,-5.88,-3.74,INF,-1,1,7,0
14360,1,1,-63.390,-38.344,-5.90,-3.56,-5.89,-3.58,INF,-1,1,7,0
14380,1,1,-63.045,-40.009,-5.87,-3.71,-5.86,-3.73,INF,-1,0,7,0
14400,1,1,-63.308,-40.167,-5.90,-3.73,-5.88,-3.75,INF,-1,0,7,0
14420,1,1,-62.835,-40.337,-5.85,-3.75,-5.84,-3.76,INF,-1,0,7,0
14440,1,1,-62.138,-40.737,-5.79,-3.78,-5.78,-3.80,INF,-1,0,7,0
14460,1,1,-63.220,-40.491,-5.89,-3.76,-5.88,-3.78,INF,-1,0,7,0
14480,1,1,-62.697,-41.205,-5.84,-3.83,-5.83,-3.85,INF,-1,0,7,0
14500,1,1,-61.475,-41.223,-5.73,-3.83,-5.71,-3.85,INF,-1,0,7,0
14520,1,1,-73.400,-46.432,-6.83,-4.30,-6.81,-4.33,INF,-1,0,7,0
14540,0,1,0.000,0.000,0.00,0.00,0.00,0.00,INF,-1,0,7,0
14560,1,1,80.274,28.415,7.46,2.63,7.45,2.65,INF,-1,0,7,0
14580,1,1,70.925,24.877,6.60,2.31,6.59,2.32,INF,-1,0,7,0
14600,1,1,68.582,24.872,6.38,2.31,6.38,2.32,INF,-1,0,7,0
14620,1,1,66.432,22.866,6.19,2.12,6.18,2.14,INF,-1,0,7,0
14640,1,1,66.147,24.017,6.16,2.23,6.15,2.24,INF,-1,0,7,0
14660,1,1,64.395,22.688,6.00,2.11,5.99,2.12,INF,-1,0,7,0
14680,1,1,63.521,23.204,5.92,2.16,5.91,2.17,INF,-1,0,7,0
14700,1,1,64.012,22.284,5.96,2.07,5.96,2.08,INF,-1,0,7,0
14720,1,1,64.419,21.704,6.00,2.02,6.00,2.03,INF,-1,0,7,0
14740,1,1,64.449,21.405,6.00,1.99,6.00,2.00,INF,-1,0,7,0
14760,1,1,63.967,21.425,5.96,1.99,5.95,2.00,INF,-1,0,7,0
14780,1,1,63.662,20.736,5.93,1.93,5.93,1.94,INF,-1,0,7,0
14800,1,1,62.853,20.676,5.85,1.92,5.85,1.93,INF,-1,0,7,0
14820,1,1,63.913,20.670,5.95,1.92,5.95,1.93,INF,-1,0,7,0
14840,1,1,61.386,21.494,5.72,2.00,5.72,2.01,INF,-1,0,7,0
14860,1,1,61.966,22.095,5.77,2.05,5.77,2.06,INF,-1,1,7,0
14880,1,1,62.388,21.172,5.81,1.97,5.81,1.98,INF,-1,1,7,0
14900,1,1,63.429,20.999,5.91,1.95,5.90,1.96,INF,-1,1,7,0
14920,1,1,40.081,15.831,3.74,1.48,3.74,1.48,INF,-1,1,7,0
14940,1,1,41.465,16.882,3.87,1.57,3.87,1.58,INF,-1,1,7,0
14960,1,1,41.854,16.612,3.91,1.55,3.90,1.55,INF,-1,0,7,0
14980,1,1,43.024,16.723,4.01,1.56,4.01,1.56,INF,-1,0,7,0
15000,1,1,41.006,16.391,3.83,1.53,3.83,1.53,INF,-1,0,7,0
