"EyeTracker Toolbox version","3.250"
CalibrationParameters_A11,1.06142
CalibrationParameters_A12,0.03752
CalibrationParameters_A13,0.02738
CalibrationParameters_A21,0.02763
CalibrationParameters_A22,-1.11899
CalibrationParameters_A23,0.04918
CalibrationParameters_A31,0.00042
CalibrationParameters_A32,-0.00055
CalibrationParameters_E11,-0.17994
CalibrationParameters_E12,-0.00025
CalibrationParameters_E21,0.00004
CalibrationParameters_E22,0.20003
CalibrationParameters_X,-24.73254
CalibrationParameters_Y,28.48909
CalibrationParameters_Rpc,73.15429
CalibrationParameters_MeanX,216.68329
CalibrationParameters_MeanY,100.49095
CalibrationParameters_ViewDist,613.00000
TimeStamp,Tracked,Calibrated,ScreenPositionXmm,ScreenPositionYmm,FicksLongitude,FicksLatitude,HelmholtzAzimuth,HelmholtzElevation,PupilDiameter,Region,Fixation,DigitalIO,Dropped
0,1,1,-13.607,13.366,-1.27,1.25,-1.27,1.25,INF,-1,0,7,0
20,1,1,-12.172,13.897,-1.14,1.30,-1.14,1.30,INF,-1,0,7,0
40,1,1,-8.090,14.393,-0.76,1.34,-0.76,1.35,INF,-1,0,7,0
60,1,1,-7.179,15.257,-0.67,1.43,-0.67,1.43,INF,-1,0,7,0
80,1,1,-7.759,15.546,-0.73,1.45,-0.72,1.45,INF,-1,0,7,0
100,1,1,-7.740,14.915,-0.72,1.39,-0.72,1.39,INF,-1,0,7,0
120,1,1,-7.953,14.297,-0.74,1.34,-0.74,1.34,INF,-1,0,7,0
140,1,1,-7.403,14.206,-0.69,1.33,-0.69,1.33,INF,-1,0,7,0
160,1,1,0.401,16.674,0.04,1.56,0.04,1.56,INF,-1,0,7,0
180,1,1,0.734,14.390,0.07,1.34,0.07,1.34,INF,-1,0,7,0
200,1,1,0.880,14.117,0.08,1.32,0.08,1.32,INF,-1,0,7,0
220,1,1,0.023,14.902,0.00,1.39,0.00,1.39,INF,-1,0,7,0
240,1,1,1.764,14.331,0.16,1.34,0.16,1.34,INF,-1,0,7,0
260,1,1,1.867,16.377,0.17,1.53,0.17,1.53,INF,-1,0,7,0
280,1,1,4.184,14.332,0.39,1.34,0.39,1.34,INF,-1,1,7,0
300,1,1,1.766,13.046,0.17,1.22,0.17,1.22,INF,-1,1,7,0
320,1,1,3.211,11.384,0.30,1.06,0.30,1.06,INF,-1,1,7,0
340,1,1,3.263,10.586,0.30,0.99,0.30,0.99,INF,-1,1,7,0
360,1,1,5.252,8.839,0.49,0.83,0.49,0.83,INF,-1,1,7,0
380,1,1,4.357,9.145,0.41,0.85,0.41,0.85,INF,-1,1,7,0
400,1,1,4.980,7.514,0.47,0.70,0.47,0.70,INF,-1,0,7,0
420,1,1,7.003,6.699,0.65,0.63,0.65,0.63,INF,-1,0,7,0
440,1,1,6.368,6.217,0.60,0.58,0.60,0.58,INF,-1,0,7,0
460,1,1,6.907,4.576,0.65,0.43,0.65,0.43,INF,-1,0,7,0
480,1,1,5.569,4.182,0.52,0.39,0.52,0.39,INF,-1,0,7,0
500,1,1,6.357,4.949,0.59,0.46,0.59,0.46,INF,-1,0,7,0
520,1,1,7.694,4.056,0.72,0.38,0.72,0.38,INF,-1,0,7,0
540,1,1,5.801,4.228,0.54,0.40,0.54,0.40,INF,-1,0,7,0
560,1,1,4.253,5.594,0.40,0.52,0.40,0.52,INF,-1,0,7,0
580,1,1,8.711,6.313,0.81,0.59,0.81,0.59,INF,-1,0,7,0
600,1,1,-14.951,22.912,-1.40,2.14,-1.40,2.14,INF,-1,0,7,0
620,1,1,-14.847,20.736,-1.39,1.94,-1.39,1.94,INF,-1,0,7,0
640,1,1,-17.618,21.761,-1.65,2.03,-1.65,2.03,INF,-1,0,7,0
660,1,1,-14.177,20.757,-1.32,1.94,-1.32,1.94,INF,-1,0,7,0
680,1,1,-15.521,20.645,-1.45,1.93,-1.45,1.93,INF,-1,0,7,0
700,1,1,-13.799,20.451,-1.29,1.91,-1.29,1.91,INF,-1,0,7,0
720,1,1,-15.289,19.015,-1.43,1.78,-1.43,1.78,INF,-1,0,7,0
740,1,1,-14.174,20.722,-1.32,1.94,-1.32,1.94,INF,-1,0,7,0
760,1,1,-17.656,19.877,-1.65,1.86,-1.65,1.86,INF,-1,0,7,0
780,1,1,-16.587,19.941,-1.55,1.86,-1.55,1.86,INF,-1,1,7,0
800,1,1,-16.872,19.523,-1.58,1.82,-1.58,1.82,INF,-1,1,7,0
820,1,1,-15.127,21.712,-1.41,2.03,-1.41,2.03,INF,-1,1,7,0
840,1,1,-42.676,17.134,-3.98,1.60,-3.98,1.60,INF,-1,1,7,0
860,1,1,-39.669,16.295,-3.70,1.52,-3.70,1.52,INF,-1,1,7,0
880,1,1,-43.179,14.169,-4.03,1.32,-4.03,1.32,INF,-1,0,7,0
900,1,1,-42.265,13.574,-3.94,1.27,-3.94,1.27,INF,-1,0,7,0
920,1,1,-43.964,13.712,-4.10,1.28,-4.10,1.28,INF,-1,0,7,0
940,1,1,-40.535,14.240,-3.78,1.33,-3.78,1.33,INF,-1,0,7,0
960,1,1,-43.155,14.845,-4.03,1.38,-4.03,1.39,INF,-1,0,7,0
980,1,1,-42.871,13.838,-4.00,1.29,-4.00,1.29,INF,-1,0,7,0
1000,1,1,-41.997,14.091,-3.92,1.31,-3.92,1.32,INF,-1,0,7,0
1020,1,1,-38.982,14.874,-3.64,1.39,-3.64,1.39,INF,-1,0,7,0
1040,1,1,-41.332,15.034,-3.86,1.40,-3.86,1.40,INF,-1,0,7,0
1060,1,1,-40.413,16.127,-3.77,1.50,-3.77,1.51,INF,-1,0,7,0
1080,1,1,-42.042,15.297,-3.92,1.43,-3.92,1.43,INF,-1,0,7,0
1100,1,1,-41.148,15.662,-3.84,1.46,-3.84,1.46,INF,-1,0,7,0
1120,1,1,-41.846,15.327,-3.91,1.43,-3.90,1.43,INF,-1,1,7,0
1140,1,1,-39.998,16.104,-3.73,1.50,-3.73,1.50,INF,-1,1,7,0
1160,1,1,-43.386,14.586,-4.05,1.36,-4.05,1.36,INF,-1,1,7,0
1180,1,1,-40.380,13.964,-3.77,1.30,-3.77,1.30,INF,-1,1,7,0
1200,1,1,-39.021,15.968,-3.64,1.49,-3.64,1.49,INF,-1,1,7,0
1220,1,1,-41.650,14.505,-3.89,1.35,-3.89,1.36,INF,-1,1,7,0
1240,1,1,-40.543,15.058,-3.78,1.40,-3.78,1.41,INF,-1,1,7,0
1260,1,1,-42.376,14.860,-3.95,1.39,-3.95,1.39,INF,-1,1,7,0
1280,1,1,-5.455,29.332,-0.51,2.74,-0.51,2.74,INF,-1,1,7,0
1300,1,1,-17.689,23.961,-1.65,2.24,-1.65,2.24,INF,-1,1,7,0
1320,1,1,-16.680,22.366,-1.56,2.09,-1.56,2.09,INF,-1,0,7,0
1340,1,1,-14.638,23.776,-1.37,2.22,-1.37,2.22,INF,-1,0,7,0
1360,1,1,-14.917,22.371,-1.39,2.09,-1.39,2.09,INF,-1,0,7,0
1380,1,1,-14.425,22.645,-1.35,2.12,-1.35,2.12,INF,-1,0,7,0
1400,1,1,-14.828,23.059,-1.39,2.15,-1.38,2.15,INF,-1,0,7,0
1420,1,1,-15.413,23.611,-1.44,2.21,-1.44,2.21,INF,-1,0,7,0
1440,1,1,-15.133,22.811,-1.41,2.13,-1.41,2.13,INF,-1,0,7,0
1460,1,1,-15.294,22.496,-1.43,2.10,-1.43,2.10,INF,-1,0,7,0
1480,1,1,-14.039,21.975,-1.31,2.05,-1.31,2.05,INF,-1,0,7,0
1500,1,1,-14.910,22.466,-1.39,2.10,-1.39,2.10,INF,-1,0,7,0
1520,1,1,-14.096,22.261,-1.32,2.08,-1.32,2.08,INF,-1,0,7,0
1540,1,1,-16.126,26.657,-1.51,2.49,-1.51,2.49,INF,-1,0,7,0
1560,1,1,-17.058,37.569,-1.59,3.51,-1.59,3.51,INF,-1,0,7,0
1580,1,1,-14.815,36.570,-1.38,3.41,-1.38,3.41,INF,-1,1,7,0
1600,1,1,-16.578,36.803,-1.55,3.43,-1.55,3.44,INF,-1,0,7,0
1620,1,1,-16.744,33.371,-1.56,3.11,-1.56,3.12,INF,-1,0,7,0
1640,1,1,-14.805,33.165,-1.38,3.10,-1.38,3.10,INF,-1,0,7,0
1660,1,1,-14.796,36.971,-1.38,3.45,-1.38,3.45,INF,-1,0,7,0
1680,1,1,-16.406,35.600,-1.53,3.32,-1.53,3.32,INF,-1,0,7,0
1700,1,1,-15.915,33.925,-1.49,3.17,-1.48,3.17,INF,-1,0,7,0
1720,1,1,-15.988,33.880,-1.49,3.16,-1.49,3.16,INF,-1,0,7,0
1740,1,1,-16.135,37.794,-1.51,3.53,-1.50,3.53,INF,-1,0,7,0
1760,1,1,-16.632,34.818,-1.55,3.25,-1.55,3.25,INF,-1,0,7,0
1780,1,1,-16.598,33.331,-1.55,3.11,-1.55,3.11,INF,-1,0,7,0
1800,1,1,-14.594,35.174,-1.36,3.28,-1.36,3.28,INF,-1,0,7,0
1820,1,1,23.147,26.507,2.16,2.47,2.16,2.48,INF,-1,0,7,0
1840,1,1,15.880,25.078,1.48,2.34,1.48,2.34,INF,-1,1,7,0
1860,1,1,15.482,25.472,1.45,2.38,1.45,2.38,INF,-1,0,7,0
1880,1,1,16.394,26.058,1.53,2.43,1.53,2.43,INF,-1,0,7,0
1900,1,1,16.928,24.321,1.58,2.27,1.58,2.27,INF,-1,0,7,0
1920,1,1,16.854,24.817,1.57,2.32,1.57,2.32,INF,-1,0,7,0
1940,1,1,16.914,26.008,1.58,2.43,1.58,2.43,INF,-1,0,7,0
1960,1,1,17.372,25.651,1.62,2.40,1.62,2.40,INF,-1,0,7,0
1980,1,1,15.797,25.242,1.48,2.36,1.47,2.36,INF,-1,0,7,0
2000,1,1,16.258,25.269,1.52,2.36,1.52,2.36,INF,-1,0,7,0
2020,1,1,17.084,25.292,1.60,2.36,1.60,2.36,INF,-1,0,7,0
2040,1,1,16.380,23.568,1.53,2.20,1.53,2.20,INF,-1,0,7,0
2060,1,1,16.072,24.757,1.50,2.31,1.50,2.31,INF,-1,0,7,0
2080,1,1,16.619,24.274,1.55,2.27,1.55,2.27,INF,-1,0,7,0
2100,1,1,16.626,23.355,1.55,2.18,1.55,2.18,INF,-1,1,7,0
2120,1,1,15.311,23.658,1.43,2.21,1.43,2.21,INF,-1,1,7,0
2140,1,1,16.571,23.246,1.55,2.17,1.55,2.17,INF,-1,1,7,0
2160,1,1,15.006,23.724,1.40,2.22,1.40,2.22,INF,-1,1,7,0
2180,1,1,17.752,25.679,1.66,2.40,1.66,2.40,INF,-1,1,7,0
2200,1,1,16.278,23.566,1.52,2.20,1.52,2.20,INF,-1,1,7,0
2220,1,1,15.903,24.686,1.49,2.31,1.48,2.31,INF,-1,1,7,0
2240,1,1,14.677,18.244,1.37,1.70,1.37,1.70,INF,-1,1,7,0
2260,1,1,13.979,15.250,1.31,1.42,1.31,1.43,INF,-1,1,7,0
2280,1,1,12.694,16.609,1.19,1.55,1.19,1.55,INF,-1,1,7,0
2300,1,1,13.283,15.101,1.24,1.41,1.24,1.41,INF,-1,1,7,0
2320,1,1,14.386,15.703,1.34,1.47,1.34,1.47,INF,-1,1,7,0
2340,1,1,12.866,15.445,1.20,1.44,1.20,1.44,INF,-1,1,7,0
2360,1,1,13.331,15.917,1.25,1.49,1.25,1.49,INF,-1,1,7,0
2380,1,1,13.329,14.962,1.25,1.40,1.25,1.40,INF,-1,1,7,0
2400,1,1,13.754,15.228,1.29,1.42,1.28,1.42,INF,-1,1,7,0
2420,1,1,14.191,15.471,1.33,1.45,1.33,1.45,INF,-1,1,7,0
2440,1,1,15.594,13.709,1.46,1.28,1.46,1.28,INF,-1,1,7,0
2460,1,1,13.190,14.908,1.23,1.39,1.23,1.39,INF,-1,1,7,0
2480,1,1,14.410,15.782,1.35,1.47,1.35,1.47,INF,-1,1,7,0
2500,1,1,13.519,17.267,1.26,1.61,1.26,1.61,INF,-1,1,7,0
2520,1,1,14.214,16.402,1.33,1.53,1.33,1.53,INF,-1,1,7,0
2540,1,1,13.713,16.996,1.28,1.59,1.28,1.59,INF,-1,1,7,0
2560,1,1,16.564,20.440,1.55,1.91,1.55,1.91,INF,-1,1,7,0
2580,0,1,0.000,0.000,0.00,0.00,0.00,0.00,0.00,-1,1,7,0
2600,0,1,0.000,0.000,0.00,0.00,0.00,0.00,0.00,-1,1,7,0
2620,0,1,0.000,0.000,0.00,0.00,0.00,0.00,0.00,-1,1,7,0
2640,0,1,0.000,0.000,0.00,0.00,0.00,0.00,0.00,-1,1,7,0
2660,0,1,0.000,0.000,0.00,0.00,0.00,0.00,0.00,-1,0,7,0
2680,0,1,0.000,0.000,0.00,0.00,0.00,0.00,0.00,-1,0,7,0
2700,0,1,0.000,0.000,0.00,0.00,0.00,0.00,0.00,-1,0,7,0
2720,0,1,0.000,0.000,0.00,0.00,0.00,0.00,0.00,-1,0,7,0
2740,0,1,0.000,0.000,0.00,0.00,0.00,0.00,0.00,-1,0,7,0
2760,0,1,0.000,0.000,0.00,0.00,0.00,0.00,0.00,-1,0,7,0
2780,0,1,0.000,0.000,0.00,0.00,0.00,0.00,INF,-1,0,7,0
2800,0,1,0.000,0.000,0.00,0.00,0.00,0.00,0.00,-1,0,7,0
2820,0,1,0.000,0.000,0.00,0.00,0.00,0.00,0.00,-1,0,7,0
2840,0,1,0.000,0.000,0.00,0.00,0.00,0.00,INF,-1,0,7,0
2860,0,1,0.000,0.000,0.00,0.00,0.00,0.00,0.00,-1,0,7,0
2880,0,1,0.000,0.000,0.00,0.00,0.00,0.00,0.00,-1,0,7,0
2900,0,1,0.000,0.000,0.00,0.00,0.00,0.00,0.00,-1,0,7,0
2920,1,1,44.896,7.715,4.19,0.72,4.19,0.72,INF,-1,0,7,0
2940,1,1,45.562,9.096,4.25,0.85,4.25,0.85,INF,-1,0,7,0
2960,1,1,45.954,8.362,4.29,0.78,4.29,0.78,INF,-1,0,7,0
2980,1,1,44.014,12.942,4.11,1.21,4.11,1.21,INF,-1,0,7,0
3000,1,1,45.033,8.635,4.20,0.80,4.20,0.81,INF,-1,0,7,0
3020,1,1,48.069,6.982,4.48,0.65,4.48,0.65,INF,-1,0,7,0
3040,1,1,-9.197,18.199,-0.86,1.70,-0.86,1.70,INF,-1,0,7,0
3060,1,1,-10.630,19.305,-0.99,1.80,-0.99,1.80,INF,-1,0,7,0
3080,1,1,-10.296,18.858,-0.96,1.76,-0.96,1.76,INF,-1,0,7,0
3100,1,1,-10.604,19.838,-0.99,1.85,-0.99,1.85,INF,-1,0,7,0
3120,1,1,-12.543,17.563,-1.17,1.64,-1.17,1.64,INF,-1,0,7,0
3140,1,1,-11.566,19.018,-1.08,1.78,-1.08,1.78,INF,-1,0,7,0
3160,1,1,-10.678,18.698,-1.00,1.75,-1.00,1.75,INF,-1,0,7,0
3180,1,1,-10.201,19.774,-0.95,1.85,-0.95,1.85,INF,-1,0,7,0
3200,1,1,-10.014,18.878,-0.94,1.76,-0.94,1.76,INF,-1,0,7,0
3220,1,1,-10.115,19.396,-0.95,1.81,-0.94,1.81,INF,-1,0,7,0
3240,1,1,-9.033,20.080,-0.84,1.88,-0.84,1.88,INF,-1,0,7,0
3260,1,1,-8.782,18.034,-0.82,1.68,-0.82,1.69,INF,-1,0,7,0
3280,1,1,-7.760,21.617,-0.73,2.02,-0.72,2.02,INF,-1,0,7,0
3300,1,1,-11.247,18.392,-1.05,1.72,-1.05,1.72,INF,-1,0,7,0
3320,1,1,-10.609,17.696,-0.99,1.65,-0.99,1.65,INF,-1,1,7,0
3340,1,1,-9.489,18.578,-0.89,1.74,-0.89,1.74,INF,-1,1,7,0
3360,1,1,-10.921,20.532,-1.02,1.92,-1.02,1.92,INF,-1,1,7,0
3380,1,1,-10.573,20.205,-0.99,1.89,-0.99,1.89,INF,-1,1,7,0
3400,1,1,-10.173,22.084,-0.95,2.06,-0.95,2.06,INF,-1,1,7,0
3420,1,1,-9.419,19.480,-0.88,1.82,-0.88,1.82,INF,-1,1,7,0
3440,1,1,-8.540,17.920,-0.80,1.67,-0.80,1.67,INF,-1,1,7,0
3460,1,1,-10.357,16.888,-0.97,1.58,-0.97,1.58,INF,-1,1,7,0
3480,1,1,-10.275,18.404,-0.96,1.72,-0.96,1.72,INF,-1,1,7,0
3500,1,1,-9.991,16.637,-0.93,1.55,-0.93,1.55,INF,-1,1,7,0
3520,1,1,-8.895,16.867,-0.83,1.58,-0.83,1.58,INF,-1,1,7,0
3540,1,1,-9.493,20.237,-0.89,1.89,-0.89,1.89,INF,-1,1,7,0
3560,1,1,-10.864,17.800,-1.02,1.66,-1.01,1.66,INF,-1,1,7,0
3580,1,1,-24.913,14.269,-2.33,1.33,-2.33,1.33,INF,-1,1,7,0
3600,1,1,-37.906,9.324,-3.54,0.87,-3.54,0.87,INF,-1,1,7,0
3620,1,1,-37.561,11.066,-3.51,1.03,-3.51,1.03,INF,-1,0,7,0
3640,1,1,-37.774,9.994,-3.53,0.93,-3.53,0.93,INF,-1,0,7,0
3660,1,1,-37.644,9.997,-3.51,0.93,-3.51,0.93,INF,-1,0,7,0
3680,1,1,-36.566,10.217,-3.41,0.95,-3.41,0.95,INF,-1,0,7,0
3700,1,1,-36.720,9.014,-3.43,0.84,-3.43,0.84,INF,-1,0,7,0
3720,1,1,-37.873,10.929,-3.54,1.02,-3.53,1.02,INF,-1,0,7,0
3740,1,1,-37.757,11.106,-3.52,1.04,-3.52,1.04,INF,-1,0,7,0
3760,1,1,-36.986,11.408,-3.45,1.06,-3.45,1.07,INF,-1,0,7,0
3780,1,1,-37.342,9.669,-3.49,0.90,-3.49,0.90,INF,-1,0,7,0
3800,1,1,-37.084,13.001,-3.46,1.21,-3.46,1.21,INF,-1,0,7,0
3820,1,1,-37.552,11.491,-3.51,1.07,-3.50,1.07,INF,-1,0,7,0
3840,1,1,-37.602,10.426,-3.51,0.97,-3.51,0.97,INF,-1,0,7,0
3860,1,1,-37.388,10.987,-3.49,1.02,-3.49,1.03,INF,-1,0,7,0
3880,1,1,-39.847,8.890,-3.72,0.83,-3.72,0.83,INF,-1,1,7,0
3900,1,1,-61.995,-0.284,-5.77,-0.03,-5.77,-0.03,INF,-1,1,7,0
3920,1,1,-58.632,0.398,-5.46,0.04,-5.46,0.04,INF,-1,1,7,0
3940,1,1,-59.476,0.141,-5.54,0.01,-5.54,0.01,INF,-1,0,7,0
3960,1,1,-59.393,-0.995,-5.53,-0.09,-5.53,-0.09,INF,-1,0,7,0
3980,1,1,-59.527,0.760,-5.55,0.07,-5.55,0.07,INF,-1,0,7,0
4000,1,1,-61.558,-1.702,-5.73,-0.16,-5.73,-0.16,INF,-1,0,7,0
4020,1,1,-59.588,-0.831,-5.55,-0.08,-5.55,-0.08,INF,-1,0,7,0
4040,1,1,-62.867,-2.702,-5.86,-0.25,-5.86,-0.25,INF,-1,0,7,0
4060,1,1,-62.092,1.090,-5.78,0.10,-5.78,0.10,INF,-1,0,7,0
4080,1,1,-60.985,-0.358,-5.68,-0.03,-5.68,-0.03,INF,-1,0,7,0
4100,1,1,-59.209,0.196,-5.52,0.02,-5.52,0.02,INF,-1,0,7,0
4120,1,1,-64.905,0.701,-6.04,0.07,-6.04,0.07,INF,-1,0,7,0
4140,1,1,-58.519,1.448,-5.45,0.13,-5.45,0.14,INF,-1,0,7,0
4160,1,1,-59.733,2.528,-5.57,0.24,-5.57,0.24,INF,-1,0,7,0
4180,1,1,-59.307,0.838,-5.53,0.08,-5.53,0.08,INF,-1,1,7,0
4200,1,1,-59.314,0.372,-5.53,0.03,-5.53,0.03,INF,-1,1,7,0
4220,1,1,-61.721,-1.102,-5.75,-0.10,-5.75,-0.10,INF,-1,1,7,0
4240,0,1,0.000,0.000,0.00,0.00,0.00,0.00,0.00,-1,1,7,0
4260,1,1,-60.824,-0.770,-5.67,-0.07,-5.67,-0.07,INF,-1,1,7,0
4280,1,1,-58.686,0.042,-5.47,0.00,-5.47,0.00,INF,-1,1,7,0
4300,1,1,-60.593,-2.036,-5.65,-0.19,-5.65,-0.19,INF,-1,1,7,0
4320,1,1,-62.122,-16.839,-5.79,-1.57,-5.78,-1.57,INF,-1,1,7,0
4340,1,1,-59.763,-15.966,-5.57,-1.48,-5.57,-1.49,INF,-1,1,7,0
4360,1,1,-59.318,-18.032,-5.53,-1.68,-5.52,-1.68,INF,-1,0,7,0
4380,1,1,-60.232,-17.514,-5.61,-1.63,-5.61,-1.64,INF,-1,0,7,0
4400,1,1,-59.218,-15.870,-5.52,-1.48,-5.52,-1.48,INF,-1,0,7,0
4420,1,1,-59.124,-17.267,-5.51,-1.61,-5.51,-1.61,INF,-1,0,7,0
4440,1,1,-59.937,-15.959,-5.58,-1.48,-5.58,-1.49,INF,-1,0,7,0
4460,1,1,-60.368,-17.347,-5.62,-1.61,-5.62,-1.62,INF,-1,0,7,0
4480,1,1,-58.655,-16.582,-5.47,-1.54,-5.46,-1.55,INF,-1,0,7,0
4500,1,1,-58.153,-17.323,-5.42,-1.61,-5.42,-1.62,INF,-1,0,7,0
4520,1,1,-60.333,-16.286,-5.62,-1.51,-5.62,-1.52,INF,-1,0,7,0
4540,1,1,-61.250,-16.816,-5.71,-1.56,-5.70,-1.57,INF,-1,0,7,0
4560,1,1,-60.119,-19.731,-5.60,-1.83,-5.60,-1.84,INF,-1,0,7,0
4580,1,1,-60.164,-16.996,-5.61,-1.58,-5.60,-1.59,INF,-1,0,7,0
4600,1,1,-59.965,-16.122,-5.59,-1.50,-5.59,-1.51,INF,-1,1,7,0
4620,1,1,-58.109,-17.226,-5.42,-1.60,-5.41,-1.61,INF,-1,1,7,0
4640,1,1,-58.281,-17.608,-5.43,-1.64,-5.43,-1.65,INF,-1,1,7,0
4660,1,1,-43.286,-13.211,-4.04,-1.23,-4.04,-1.23,INF,-1,1,7,0
4680,1,1,-41.039,-12.668,-3.83,-1.18,-3.83,-1.18,INF,-1,1,7,0
4700,1,1,-42.285,-16.642,-3.95,-1.55,-3.94,-1.56,INF,-1,0,7,0
4720,1,1,-42.160,-12.627,-3.93,-1.18,-3.93,-1.18,INF,-1,0,7,0
4740,1,1,-41.668,-13.813,-3.89,-1.29,-3.89,-1.29,INF,-1,0,7,0
4760,1,1,-43.009,-14.030,-4.01,-1.31,-4.01,-1.31,INF,-1,0,7,0
4780,1,1,-42.281,-14.238,-3.95,-1.33,-3.94,-1.33,INF,-1,0,7,0
4800,1,1,-44.557,-13.999,-4.16,-1.30,-4.16,-1.31,INF,-1,0,7,0
4820,1,1,-43.653,-13.628,-4.07,-1.27,-4.07,-1.27,INF,-1,0,7,0
4840,1,1,-43.082,-14.235,-4.02,-1.33,-4.02,-1.33,INF,-1,0,7,0
4860,1,1,-44.485,-15.297,-4.15,-1.43,-4.15,-1.43,INF,-1,0,7,0
4880,1,1,-42.304,-13.317,-3.95,-1.24,-3.95,-1.24,INF,-1,0,7,0
4900,1,1,-42.128,-16.078,-3.93,-1.50,-3.93,-1.50,INF,-1,0,7,0
4920,1,1,-42.176,-15.381,-3.94,-1.43,-3.93,-1.44,INF,-1,0,7,0
4940,1,1,-41.219,-13.309,-3.85,-1.24,-3.85,-1.24,INF,-1,1,7,0
4960,1,1,-42.171,-9.381,-3.94,-0.87,-3.93,-0.88,INF,-1,1,7,0
4980,1,1,-44.284,18.032,-4.13,1.68,-4.13,1.68,INF,-1,1,7,0
5000,1,1,-40.828,15.091,-3.81,1.41,-3.81,1.41,INF,-1,1,7,0
5020,1,1,-40.959,16.412,-3.82,1.53,-3.82,1.53,INF,-1,0,7,0
5040,1,1,-39.669,16.795,-3.70,1.57,-3.70,1.57,INF,-1,0,7,0
5060,1,1,-42.854,15.413,-4.00,1.44,-4.00,1.44,INF,-1,0,7,0
5080,1,1,-39.244,15.230,-3.66,1.42,-3.66,1.42,INF,-1,0,7,0
5100,1,1,-39.084,15.973,-3.65,1.49,-3.65,1.49,INF,-1,0,7,0
5120,1,1,-39.113,17.407,-3.65,1.62,-3.65,1.63,INF,-1,0,7,0
5140,1,1,-39.460,17.312,-3.68,1.61,-3.68,1.62,INF,-1,0,7,0
5160,1,1,-40.923,16.753,-3.82,1.56,-3.82,1.57,INF,-1,0,7,0
5180,1,1,-38.673,14.025,-3.61,1.31,-3.61,1.31,INF,-1,0,7,0
5200,1,1,-41.437,14.965,-3.87,1.40,-3.87,1.40,INF,-1,0,7,0
5220,1,1,-39.500,12.471,-3.69,1.16,-3.69,1.17,INF,-1,0,7,0
5240,1,1,-40.815,14.459,-3.81,1.35,-3.81,1.35,INF,-1,0,7,0
5260,1,1,-39.872,15.302,-3.72,1.43,-3.72,1.43,INF,-1,1,7,0
5280,1,1,-39.537,14.757,-3.69,1.38,-3.69,1.38,INF,-1,1,7,0
5300,1,1,-38.215,13.779,-3.57,1.29,-3.57,1.29,INF,-1,1,7,0
5320,1,1,-39.266,13.267,-3.67,1.24,-3.66,1.24,INF,-1,1,7,0
5340,1,1,-40.919,16.041,-3.82,1.50,-3.82,1.50,INF,-1,1,7,0
5360,1,1,-41.070,15.042,-3.83,1.40,-3.83,1.41,INF,-1,1,7,0
5380,1,1,-42.308,17.490,-3.95,1.63,-3.95,1.63,INF,-1,1,7,0
5400,1,1,-37.638,17.891,-3.51,1.67,-3.51,1.67,INF,-1,1,7,0
5420,0,1,0.000,0.000,0.00,0.00,0.00,0.00,0.00,-1,1,7,0
5440,0,1,0.000,0.000,0.00,0.00,0.00,0.00,0.00,-1,1,7,0
5460,0,1,0.000,0.000,0.00,0.00,0.00,0.00,0.00,-1,1,7,0
5480,0,1,0.000,0.000,0.00,0.00,0.00,0.00,0.00,-1,1,7,0
5500,0,1,0.000,0.000,0.00,0.00,0.00,0.00,0.00,-1,0,7,0
5520,0,1,0.000,0.000,0.00,0.00,0.00,0.00,0.00,-1,0,7,0
5540,0,1,0.000,0.000,0.00,0.00,0.00,0.00,0.00,-1,0,7,0
5560,0,1,0.000,0.000,0.00,0.00,0.00,0.00,0.00,-1,0,7,0
5580,0,1,0.000,0.000,0.00,0.00,0.00,0.00,0.00,-1,0,7,0
5600,0,1,0.000,0.000,0.00,0.00,0.00,0.00,0.00,-1,0,7,0
5620,0,1,0.000,0.000,0.00,0.00,0.00,0.00,0.00,-1,0,7,0
5640,0,1,0.000,0.000,0.00,0.00,0.00,0.00,0.00,-1,0,7,0
5660,0,1,0.000,0.000,0.00,0.00,0.00,0.00,0.00,-1,0,7,0
5680,0,1,0.000,0.000,0.00,0.00,0.00,0.00,0.00,-1,0,7,0
5700,0,1,0.000,0.000,0.00,0.00,0.00,0.00,0.00,-1,0,7,0
5720,0,1,0.000,0.000,0.00,0.00,0.00,0.00,INF,-1,0,7,0
5740,0,1,0.000,0.000,0.00,0.00,0.00,0.00,0.00,-1,0,7,0
5760,0,1,0.000,0.000,0.00,0.00,0.00,0.00,0.00,-1,0,7,0
5780,0,1,0.000,0.000,0.00,0.00,0.00,0.00,0.00,-1,0,7,0
5800,0,1,0.000,0.000,0.00,0.00,0.00,0.00,0.00,-1,0,7,0
5820,0,1,0.000,0.000,0.00,0.00,0.00,0.00,0.00,-1,0,7,0
5840,0,1,0.000,0.000,0.00,0.00,0.00,0.00,0.00,-1,0,7,0
5860,0,1,0.000,0.000,0.00,0.00,0.00,0.00,0.00,-1,0,7,0
5880,0,1,0.000,0.000,0.00,0.00,0.00,0.00,0.00,-1,0,7,0
5900,0,1,0.000,0.000,0.00,0.00,0.00,0.00,0.00,-1,0,7,0
5920,0,1,0.000,0.000,0.00,0.00,0.00,0.00,0.00,-1,0,7,0
5940,0,1,0.000,0.000,0.00,0.00,0.00,0.00,INF,-1,0,7,0
5960,0,1,0.000,0.000,0.00,0.00,0.00,0.00,0.00,-1,0,7,0
5980,0,1,0.000,0.000,0.00,0.00,0.00,0.00,0.00,-1,0,7,0
6000,0,1,0.000,0.000,0.00,0.00,0.00,0.00,0.00,-1,0,7,0
6020,0,1,0.000,0.000,0.00,0.00,0.00,0.00,0.00,-1,0,7,0
6040,0,1,0.000,0.000,0.00,0.00,0.00,0.00,0.00,-1,0,7,0
6060,0,1,0.000,0.000,0.00,0.00,0.00,0.00,0.00,-1,0,7,0
6080,0,1,0.000,0.000,0.00,0.00,0.00,0.00,INF,-1,0,7,0
6100,0,1,0.000,0.000,0.00,0.00,0.00,0.00,0.00,-1,0,7,0
6120,0,1,0.000,0.000,0.00,0.00,0.00,0.00,0.00,-1,0,7,0
6140,0,1,0.000,0.000,0.00,0.00,0.00,0.00,0.00,-1,0,7,0
6160,0,1,0.000,0.000,0.00,0.00,0.00,0.00,0.00,-1,0,7,0
6180,0,1,0.000,0.000,0.00,0.00,0.00,0.00,0.00,-1,0,7,0
6200,0,1,0.000,0.000,0.00,0.00,0.00,0.00,0.00,-1,0,7,0
6220,0,1,0.000,0.000,0.00,0.00,0.00,0.00,0.00,-1,0,7,0
6240,0,1,0.000,0.000,0.00,0.00,0.00,0.00,0.00,-1,0,7,0
6260,0,1,0.000,0.000,0.00,0.00,0.00,0.00,0.00,-1,0,7,0
6280,0,1,0.000,0.000,0.00,0.00,0.00,0.00,0.00,-1,0,7,0
6300,0,1,0.000,0.000,0.00,0.00,0.00,0.00,0.00,-1,0,7,0
6320,0,1,0.000,0.000,0.00,0.00,0.00,0.00,0.00,-1,0,7,0
6340,0,1,0.000,0.000,0.00,0.00,0.00,0.00,0.00,-1,0,7,0
6360,0,1,0.000,0.000,0.00,0.00,0.00,0.00,0.00,-1,0,7,0
6380,0,1,0.000,0.000,0.00,0.00,0.00,0.00,0.00,-1,0,7,0
6400,0,1,0.000,0.000,0.00,0.00,0.00,0.00,0.00,-1,0,7,0
6420,0,1,0.000,0.000,0.00,0.00,0.00,0.00,0.00,-1,0,7,0
6440,0,1,0.000,0.000,0.00,0.00,0.00,0.00,0.00,-1,0,7,0
6460,0,1,0.000,0.000,0.00,0.00,0.00,0.00,0.00,-1,0,7,0
6480,0,1,0.000,0.000,0.00,0.00,0.00,0.00,0.00,-1,0,7,0
6500,0,1,0.000,0.000,0.00,0.00,0.00,0.00,0.00,-1,0,7,0
6520,0,1,0.000,0.000,0.00,0.00,0.00,0.00,0.00,-1,0,7,0
6540,0,1,0.000,0.000,0.00,0.00,0.00,0.00,0.00,-1,0,7,0
6560,0,1,0.000,0.000,0.00,0.00,0.00,0.00,0.00,-1,0,7,0
6580,0,1,0.000,0.000,0.00,0.00,0.00,0.00,0.00,-1,0,7,0
6600,0,1,0.000,0.000,0.00,0.00,0.00,0.00,0.00,-1,0,7,0
6620,0,1,0.000,0.000,0.00,0.00,0.00,0.00,0.00,-1,0,7,0
6640,0,1,0.000,0.000,0.00,0.00,0.00,0.00,0.00,-1,0,7,0
6660,0,1,0.000,0.000,0.00,0.00,0.00,0.00,0.00,-1,0,7,0
6680,0,1,0.000,0.000,0.00,0.00,0.00,0.00,0.00,-1,0,7,0
6700,0,1,0.000,0.000,0.00,0.00,0.00,0.00,0.00,-1,0,7,0
6720,0,1,0.000,0.000,0.00,0.00,0.00,0.00,0.00,-1,0,7,0
6740,0,1,0.000,0.000,0.00,0.00,0.00,0.00,0.00,-1,0,7,0
6760,0,1,0.000,0.000,0.00,0.00,0.00,0.00,0.00,-1,0,7,0
6780,0,1,0.000,0.000,0.00,0.00,0.00,0.00,INF,-1,0,7,0
6800,0,1,0.000,0.000,0.00,0.00,0.00,0.00,0.00,-1,0,7,0
6820,0,1,0.000,0.000,0.00,0.00,0.00,0.00,0.00,-1,0,7,0
6840,0,1,0.000,0.000,0.00,0.00,0.00,0.00,0.00,-1,0,7,0
6860,0,1,0.000,0.000,0.00,0.00,0.00,0.00,0.00,-1,0,7,0
6880,0,1,0.000,0.000,0.00,0.00,0.00,0.00,0.00,-1,0,7,0
6900,0,1,0.000,0.000,0.00,0.00,0.00,0.00,0.00,-1,0,7,0
6920,0,1,0.000,0.000,0.00,0.00,0.00,0.00,0.00,-1,0,7,0
6940,0,1,0.000,0.000,0.00,0.00,0.00,0.00,0.00,-1,0,7,0
6960,0,1,0.000,0.000,0.00,0.00,0.00,0.00,0.00,-1,0,7,0
6980,0,1,0.000,0.000,0.00,0.00,0.00,0.00,0.00,-1,0,7,0
7000,0,1,0.000,0.000,0.00,0.00,0.00,0.00,0.00,-1,0,7,0
7020,0,1,0.000,0.000,0.00,0.00,0.00,0.00,0.00,-1,0,7,0
7040,0,1,0.000,0.000,0.00,0.00,0.00,0.00,0.00,-1,0,7,0
7060,0,1,0.000,0.000,0.00,0.00,0.00,0.00,0.00,-1,0,7,0
7080,0,1,0.000,0.000,0.00,0.00,0.00,0.00,0.00,-1,0,7,0
7100,0,1,0.000,0.000,0.00,0.00,0.00,0.00,0.00,-1,0,7,0
7120,0,1,0.000,0.000,0.00,0.00,0.00,0.00,0.00,-1,0,7,0
7140,0,1,0.000,0.000,0.00,0.00,0.00,0.00,0.00,-1,0,7,0
7160,0,1,0.000,0.000,0.00,0.00,0.00,0.00,0.00,-1,0,7,0
7180,0,1,0.000,0.000,0.00,0.00,0.00,0.00,0.00,-1,0,7,0
7200,0,1,0.000,0.000,0.00,0.00,0.00,0.00,0.00,-1,0,7,0
7220,0,1,0.000,0.000,0.00,0.00,0.00,0.00,0.00,-1,0,7,0
7240,0,1,0.000,0.000,0.00,0.00,0.00,0.00,0.00,-1,0,7,0
7260,0,1,0.000,0.000,0.00,0.00,0.00,0.00,0.00,-1,0,7,0
7280,0,1,0.000,0.000,0.00,0.00,0.00,0.00,0.00,-1,0,7,0
7300,0,1,0.000,0.000,0.00,0.00,0.00,0.00,0.00,-1,0,7,0
7320,0,1,0.000,0.000,0.00,0.00,0.00,0.00,0.00,-1,0,7,0
7340,0,1,0.000,0.000,0.00,0.00,0.00,0.00,0.00,-1,0,7,0
7360,0,1,0.000,0.000,0.00,0.00,0.00,0.00,0.00,-1,0,7,0
7380,0,1,0.000,0.000,0.00,0.00,0.00,0.00,0.00,-1,0,7,0
7400,0,1,0.000,0.000,0.00,0.00,0.00,0.00,0.00,-1,0,7,0
7420,0,1,0.000,0.000,0.00,0.00,0.00,0.00,0.00,-1,0,7,0
7440,0,1,0.000,0.000,0.00,0.00,0.00,0.00,0.00,-1,0,7,0
7460,0,1,0.000,0.000,0.00,0.00,0.00,0.00,0.00,-1,0,7,0
7480,0,1,0.000,0.000,0.00,0.00,0.00,0.00,0.00,-1,0,7,0
7500,0,1,0.000,0.000,0.00,0.00,0.00,0.00,0.00,-1,0,7,0
7520,0,1,0.000,0.000,0.00,0.00,0.00,0.00,INF,-1,0,7,0
7540,0,1,0.000,0.000,0.00,0.00,0.00,0.00,0.00,-1,0,7,0
7560,0,1,0.000,0.000,0.00,0.00,0.00,0.00,0.00,-1,0,7,0
7580,1,1,-32.065,-102.239,-2.99,-9.46,-2.95,-9.47,INF,-1,0,7,0
7600,1,1,-15.291,16.526,-1.43,1.54,-1.43,1.54,INF,-1,0,7,0
7620,1,1,-14.499,17.425,-1.35,1.63,-1.35,1.63,INF,-1,0,7,0
7640,1,1,-13.501,18.923,-1.26,1.77,-1.26,1.77,INF,-1,0,7,0
7660,1,1,-16.039,18.265,-1.50,1.71,-1.50,1.71,INF,-1,0,7,0
7680,1,1,-13.854,18.085,-1.29,1.69,-1.29,1.69,INF,-1,0,7,0
7700,1,1,-15.076,17.483,-1.41,1.63,-1.41,1.63,INF,-1,0,7,0
7720,1,1,-8.387,16.293,-0.78,1.52,-0.78,1.52,INF,-1,0,7,0
7740,1,1,-8.087,18.039,-0.76,1.69,-0.76,1.69,INF,-1,0,7,0
7760,1,1,-8.181,16.279,-0.76,1.52,-0.76,1.52,INF,-1,0,7,0
7780,1,1,-8.246,14.628,-0.77,1.37,-0.77,1.37,INF,-1,0,7,0
7800,1,1,-8.300,15.651,-0.78,1.46,-0.78,1.46,INF,-1,0,7,0
7820,1,1,-7.917,15.511,-0.74,1.45,-0.74,1.45,INF,-1,0,7,0
7840,1,1,-8.987,14.140,-0.84,1.32,-0.84,1.32,INF,-1,0,7,0
7860,1,1,-10.914,14.302,-1.02,1.34,-1.02,1.34,INF,-1,0,7,0
7880,1,1,-9.742,14.818,-0.91,1.38,-0.91,1.38,INF,-1,1,7,0
7900,1,1,-9.075,15.441,-0.85,1.44,-0.85,1.44,INF,-1,1,7,0
7920,1,1,-8.803,14.943,-0.82,1.40,-0.82,1.40,INF,-1,1,7,0
7940,1,1,-8.136,15.312,-0.76,1.43,-0.76,1.43,INF,-1,1,7,0
7960,1,1,-9.198,15.367,-0.86,1.44,-0.86,1.44,INF,-1,1,7,0
7980,1,1,-9.197,14.709,-0.86,1.37,-0.86,1.37,INF,-1,1,7,0
8000,1,1,-8.201,15.330,-0.77,1.43,-0.77,1.43,INF,-1,1,7,0
8020,1,1,-9.591,15.405,-0.90,1.44,-0.90,1.44,INF,-1,1,7,0
8040,1,1,-9.648,16.181,-0.90,1.51,-0.90,1.51,INF,-1,1,7,0
8060,1,1,-10.152,17.873,-0.95,1.67,-0.95,1.67,INF,-1,1,7,0
8080,1,1,-8.557,14.036,-0.80,1.31,-0.80,1.31,INF,-1,1,7,0
8100,1,1,-8.717,15.306,-0.81,1.43,-0.81,1.43,INF,-1,1,7,0
8120,1,1,-10.372,13.814,-0.97,1.29,-0.97,1.29,INF,-1,1,7,0
8140,1,1,-9.890,13.623,-0.92,1.27,-0.92,1.27,INF,-1,1,7,0
8160,1,1,-9.041,13.870,-0.84,1.30,-0.84,1.30,INF,-1,1,7,0
8180,1,1,-7.561,15.876,-0.71,1.48,-0.71,1.48,INF,-1,1,7,0
8200,1,1,-8.867,14.599,-0.83,1.36,-0.83,1.36,INF,-1,1,7,0
8220,1,1,-8.272,14.924,-0.77,1.39,-0.77,1.39,INF,-1,1,7,0
8240,1,1,-8.158,15.385,-0.76,1.44,-0.76,1.44,INF,-1,1,7,0
8260,1,1,-8.207,13.765,-0.77,1.29,-0.77,1.29,INF,-1,1,7,0
8280,1,1,-9.182,13.438,-0.86,1.26,-0.86,1.26,INF,-1,1,7,0
8300,1,1,-9.855,11.016,-0.92,1.03,-0.92,1.03,INF,-1,1,7,0
8320,1,1,-9.415,13.950,-0.88,1.30,-0.88,1.30,INF,-1,1,7,0
8340,1,1,-10.035,15.224,-0.94,1.42,-0.94,1.42,INF,-1,1,7,0
8360,1,1,-8.610,13.805,-0.80,1.29,-0.80,1.29,INF,-1,1,7,0
8380,1,1,-8.414,11.377,-0.79,1.06,-0.79,1.06,INF,-1,1,7,0
8400,1,1,-6.310,13.943,-0.59,1.30,-0.59,1.30,INF,-1,1,7,0
8420,1,1,-7.779,14.104,-0.73,1.32,-0.73,1.32,INF,-1,1,7,0
8440,1,1,-10.573,14.675,-0.99,1.37,-0.99,1.37,INF,-1,1,7,0
8460,1,1,-8.942,13.198,-0.84,1.23,-0.84,1.23,INF,-1,1,7,0
8480,1,1,-8.948,13.610,-0.84,1.27,-0.84,1.27,INF,-1,1,7,0
8500,1,1,-7.582,12.949,-0.71,1.21,-0.71,1.21,INF,-1,1,7,0
8520,1,1,-11.042,12.373,-1.03,1.16,-1.03,1.16,INF,-1,1,7,0
8540,1,1,-7.380,13.832,-0.69,1.29,-0.69,1.29,INF,-1,1,7,0
8560,1,1,-8.457,13.445,-0.79,1.26,-0.79,1.26,INF,-1,1,7,0
8580,1,1,-7.054,15.693,-0.66,1.47,-0.66,1.47,INF,-1,1,7,0
8600,1,1,-6.768,12.641,-0.63,1.18,-0.63,1.18,INF,-1,1,7,0
8620,1,1,-8.176,16.211,-0.76,1.51,-0.76,1.51,INF,-1,1,7,0
8640,1,1,-8.306,13.042,-0.78,1.22,-0.78,1.22,INF,-1,1,7,0
8660,1,1,-8.336,14.009,-0.78,1.31,-0.78,1.31,INF,-1,1,7,0
8680,1,1,-5.650,15.441,-0.53,1.44,-0.53,1.44,INF,-1,1,7,0
8700,1,1,-6.253,22.311,-0.58,2.08,-0.58,2.08,INF,-1,1,7,0
8720,1,1,-13.983,33.728,-1.31,3.15,-1.30,3.15,INF,-1,1,7,0
8740,1,1,-12.188,28.673,-1.14,2.68,-1.14,2.68,INF,-1,1,7,0
8760,1,1,-13.836,26.824,-1.29,2.50,-1.29,2.51,INF,-1,0,7,0
8780,1,1,-11.853,28.154,-1.11,2.63,-1.11,2.63,INF,-1,0,7,0
8800,1,1,-10.500,28.252,-0.98,2.64,-0.98,2.64,INF,-1,0,7,0
8820,1,1,-12.512,28.950,-1.17,2.70,-1.17,2.70,INF,-1,0,7,0
8840,1,1,-11.078,27.874,-1.04,2.60,-1.03,2.60,INF,-1,0,7,0
8860,1,1,-10.900,27.064,-1.02,2.53,-1.02,2.53,INF,-1,0,7,0
8880,1,1,-11.781,27.302,-1.10,2.55,-1.10,2.55,INF,-1,0,7,0
8900,1,1,-11.311,28.005,-1.06,2.62,-1.06,2.62,INF,-1,0,7,0
8920,1,1,-10.506,29.052,-0.98,2.71,-0.98,2.71,INF,-1,0,7,0
8940,1,1,-12.289,28.189,-1.15,2.63,-1.15,2.63,INF,-1,0,7,0
8960,1,1,-11.652,28.596,-1.09,2.67,-1.09,2.67,INF,-1,0,7,0
8980,1,1,-11.909,27.936,-1.11,2.61,-1.11,2.61,INF,-1,0,7,0
9000,1,1,-10.136,29.823,-0.95,2.78,-0.95,2.79,INF,-1,1,7,0
9020,1,1,-10.063,27.415,-0.94,2.56,-0.94,2.56,INF,-1,1,7,0
9040,1,1,-10.955,28.878,-1.02,2.70,-1.02,2.70,INF,-1,1,7,0
9060,1,1,-10.646,28.763,-0.99,2.69,-0.99,2.69,INF,-1,1,7,0
9080,1,1,-8.641,29.564,-0.81,2.76,-0.81,2.76,INF,-1,1,7,0
9100,1,1,-6.692,37.705,-0.63,3.52,-0.62,3.52,INF,-1,1,7,0
9120,1,1,-4.555,42.243,-0.43,3.94,-0.42,3.94,INF,-1,1,7,0
9140,1,1,-3.692,41.047,-0.35,3.83,-0.34,3.83,INF,-1,0,7,0
9160,1,1,-3.502,40.656,-0.33,3.79,-0.33,3.79,INF,-1,0,7,0
9180,1,1,-4.463,41.463,-0.42,3.87,-0.42,3.87,INF,-1,0,7,0
9200,1,1,-4.356,42.518,-0.41,3.97,-0.41,3.97,INF,-1,0,7,0
9220,1,1,-3.734,42.218,-0.35,3.94,-0.35,3.94,INF,-1,0,7,0
9240,1,1,-4.066,42.495,-0.38,3.97,-0.38,3.97,INF,-1,0,7,0
9260,1,1,-5.039,41.292,-0.47,3.85,-0.47,3.85,INF,-1,0,7,0
9280,1,1,-6.138,41.690,-0.57,3.89,-0.57,3.89,INF,-1,0,7,0
9300,1,1,-5.425,41.841,-0.51,3.90,-0.51,3.90,INF,-1,0,7,0
9320,1,1,-4.467,40.693,-0.42,3.80,-0.42,3.80,INF,-1,0,7,0
9340,1,1,-4.818,41.408,-0.45,3.86,-0.45,3.86,INF,-1,0,7,0
9360,1,1,15.784,39.959,1.47,3.73,1.47,3.73,INF,-1,0,7,0
9380,1,1,16.678,39.276,1.56,3.66,1.56,3.67,INF,-1,1,7,0
9400,1,1,16.029,37.112,1.50,3.46,1.50,3.46,INF,-1,0,7,0
9420,1,1,16.245,38.327,1.52,3.58,1.52,3.58,INF,-1,0,7,0
9440,1,1,16.746,37.617,1.56,3.51,1.56,3.51,INF,-1,0,7,0
9460,1,1,18.330,38.567,1.71,3.60,1.71,3.60,INF,-1,0,7,0
9480,1,1,16.885,39.426,1.58,3.68,1.57,3.68,INF,-1,0,7,0
9500,1,1,16.088,37.302,1.50,3.48,1.50,3.48,INF,-1,0,7,0
9520,1,1,16.659,39.490,1.56,3.68,1.55,3.69,INF,-1,0,7,0
9540,1,1,15.012,38.301,1.40,3.57,1.40,3.58,INF,-1,0,7,0
9560,1,1,23.197,41.703,2.17,3.89,2.16,3.89,INF,-1,0,7,0
9580,1,1,33.912,39.540,3.17,3.68,3.16,3.69,INF,-1,0,7,0
9600,1,1,32.902,40.674,3.07,3.79,3.07,3.80,INF,-1,0,7,0
9620,1,1,31.886,38.030,2.98,3.55,2.97,3.55,INF,-1,0,7,0
9640,1,1,32.519,40.381,3.04,3.76,3.03,3.77,INF,-1,0,7,0
9660,1,1,32.263,41.382,3.01,3.86,3.01,3.86,INF,-1,1,7,0
9680,1,1,30.407,39.662,2.84,3.70,2.83,3.70,INF,-1,1,7,0
9700,1,1,30.207,37.841,2.82,3.53,2.82,3.53,INF,-1,1,7,0
9720,1,1,31.068,40.069,2.90,3.74,2.90,3.74,INF,-1,1,7,0
9740,1,1,30.593,38.215,2.86,3.56,2.85,3.57,INF,-1,1,7,0
9760,1,1,31.918,38.087,2.98,3.55,2.97,3.56,INF,-1,1,7,0
9780,1,1,31.051,37.574,2.90,3.50,2.89,3.51,INF,-1,1,7,0
9800,1,1,31.341,38.790,2.93,3.62,2.92,3.62,INF,-1,1,7,0
9820,1,1,29.580,38.936,2.76,3.63,2.76,3.63,INF,-1,1,7,0
9840,1,1,30.804,38.392,2.88,3.58,2.87,3.58,INF,-1,1,7,0
9860,1,1,30.310,38.126,2.83,3.55,2.83,3.56,INF,-1,1,7,0
9880,1,1,30.991,38.080,2.89,3.55,2.89,3.55,INF,-1,1,7,0
9900,1,1,24.526,32.750,2.29,3.06,2.29,3.06,INF,-1,1,7,0
9920,1,1,20.257,26.553,1.89,2.48,1.89,2.48,INF,-1,1,7,0
9940,1,1,15.383,24.966,1.44,2.33,1.44,2.33,INF,-1,1,7,0
9960,1,1,19.919,24.622,1.86,2.30,1.86,2.30,INF,-1,0,7,0
9980,1,1,20.256,24.531,1.89,2.29,1.89,2.29,INF,-1,0,7,0
10000,1,1,20.949,25.303,1.96,2.36,1.96,2.36,INF,-1,0,7,0
10020,1,1,20.032,23.436,1.87,2.19,1.87,2.19,INF,-1,0,7,0
10040,1,1,20.725,24.640,1.94,2.30,1.93,2.30,INF,-1,0,7,0
10060,1,1,21.395,26.297,2.00,2.45,2.00,2.46,INF,-1,0,7,0
10080,1,1,19.960,24.002,1.86,2.24,1.86,2.24,INF,-1,0,7,0
10100,1,1,20.652,24.919,1.93,2.33,1.93,2.33,INF,-1,0,7,0
10120,1,1,20.770,25.806,1.94,2.41,1.94,2.41,INF,-1,0,7,0
10140,1,1,13.937,28.476,1.30,2.66,1.30,2.66,INF,-1,0,7,0
10160,1,1,2.246,32.713,0.21,3.05,0.21,3.05,INF,-1,0,7,0
10180,1,1,3.907,31.645,0.37,2.96,0.36,2.96,INF,-1,0,7,0
10200,1,1,3.000,32.074,0.28,3.00,0.28,3.00,INF,-1,0,7,0
10220,1,1,4.648,31.389,0.43,2.93,0.43,2.93,INF,-1,0,7,0
10240,1,1,2.818,31.140,0.26,2.91,0.26,2.91,INF,-1,0,7,0
10260,1,1,2.578,30.693,0.24,2.87,0.24,2.87,INF,-1,0,7,0
10280,1,1,0.560,31.235,0.05,2.92,0.05,2.92,INF,-1,1,7,0
10300,1,1,3.245,31.744,0.30,2.96,0.30,2.96,INF,-1,1,7,0
10320,1,1,2.290,31.077,0.21,2.90,0.21,2.90,INF,-1,1,7,0
10340,1,1,3.332,29.830,0.31,2.79,0.31,2.79,INF,-1,1,7,0
10360,1,1,3.662,31.280,0.34,2.92,0.34,2.92,INF,-1,1,7,0
10380,1,1,3.804,31.660,0.36,2.96,0.36,2.96,INF,-1,1,7,0
10400,1,1,4.593,32.199,0.43,3.01,0.43,3.01,INF,-1,1,7,0
10420,1,1,3.072,31.143,0.29,2.91,0.29,2.91,INF,-1,1,7,0
10440,1,1,7.166,32.855,0.67,3.07,0.67,3.07,INF,-1,1,7,0
10460,1,1,3.012,30.761,0.28,2.87,0.28,2.87,INF,-1,1,7,0
10480,1,1,5.437,32.797,0.51,3.06,0.51,3.06,INF,-1,1,7,0
10500,1,1,4.147,37.797,0.39,3.53,0.39,3.53,INF,-1,1,7,0
10520,0,1,0.000,0.000,0.00,0.00,0.00,0.00,0.00,-1,1,7,0
10540,0,1,0.000,0.000,0.00,0.00,0.00,0.00,0.00,-1,1,7,0
10560,0,1,0.000,0.000,0.00,0.00,0.00,0.00,0.00,-1,1,7,0
10580,0,1,0.000,0.000,0.00,0.00,0.00,0.00,0.00,-1,0,7,0
10600,0,1,0.000,0.000,0.00,0.00,0.00,0.00,0.00,-1,0,7,0
10620,0,1,0.000,0.000,0.00,0.00,0.00,0.00,0.00,-1,0,7,0
10640,0,1,0.000,0.000,0.00,0.00,0.00,0.00,0.00,-1,0,7,0
10660,0,1,0.000,0.000,0.00,0.00,0.00,0.00,0.00,-1,0,7,0
10680,0,1,0.000,0.000,0.00,0.00,0.00,0.00,INF,-1,0,7,0
10700,0,1,0.000,0.000,0.00,0.00,0.00,0.00,0.00,-1,0,7,0
10720,0,1,0.000,0.000,0.00,0.00,0.00,0.00,0.00,-1,0,7,0
10740,0,1,0.000,0.000,0.00,0.00,0.00,0.00,0.00,-1,0,7,0
10760,1,1,19.534,4.760,1.83,0.44,1.83,0.44,INF,-1,0,7,0
10780,1,1,19.208,13.707,1.79,1.28,1.79,1.28,INF,-1,0,7,0
10800,1,1,18.111,16.255,1.69,1.52,1.69,1.52,INF,-1,0,7,0
10820,1,1,19.552,17.950,1.83,1.68,1.83,1.68,INF,-1,0,7,0
10840,1,1,19.676,15.958,1.84,1.49,1.84,1.49,INF,-1,0,7,0
10860,1,1,20.657,17.450,1.93,1.63,1.93,1.63,INF,-1,0,7,0
10880,1,1,22.420,11.036,2.09,1.03,2.09,1.03,INF,-1,0,7,0
10900,1,1,24.076,8.636,2.25,0.81,2.25,0.81,INF,-1,0,7,0
10920,1,1,23.543,10.983,2.20,1.03,2.20,1.03,INF,-1,0,7,0
10940,1,1,20.950,10.368,1.96,0.97,1.96,0.97,INF,-1,0,7,0
10960,1,1,21.045,10.654,1.97,1.00,1.97,1.00,INF,-1,0,7,0
10980,1,1,20.934,13.506,1.96,1.26,1.96,1.26,INF,-1,0,7,0
11000,1,1,18.614,12.260,1.74,1.15,1.74,1.15,INF,-1,0,7,0
11020,1,1,21.323,12.453,1.99,1.16,1.99,1.16,INF,-1,0,7,0
11040,1,1,20.155,12.555,1.88,1.17,1.88,1.17,INF,-1,1,7,0
11060,1,1,21.516,13.244,2.01,1.24,2.01,1.24,INF,-1,1,7,0
11080,1,1,20.682,12.051,1.93,1.13,1.93,1.13,INF,-1,1,7,0
11100,1,1,20.650,11.680,1.93,1.09,1.93,1.09,INF,-1,1,7,0
11120,1,1,20.099,9.286,1.88,0.87,1.88,0.87,INF,-1,1,7,0
11140,1,1,21.490,10.682,2.01,1.00,2.01,1.00,INF,-1,1,7,0
11160,1,1,18.497,8.986,1.73,0.84,1.73,0.84,INF,-1,1,7,0
11180,1,1,17.242,12.337,1.61,1.15,1.61,1.15,INF,-1,1,7,0
11200,1,1,17.496,9.491,1.63,0.89,1.63,0.89,INF,-1,1,7,0
11220,1,1,23.085,7.998,2.16,0.75,2.16,0.75,INF,-1,1,7,0
11240,1,1,19.035,6.980,1.78,0.65,1.78,0.65,INF,-1,1,7,0
11260,1,1,19.343,9.270,1.81,0.87,1.81,0.87,INF,-1,1,7,0
11280,1,1,19.852,8.908,1.85,0.83,1.85,0.83,INF,-1,1,7,0
11300,1,1,21.407,8.737,2.00,0.82,2.00,0.82,INF,-1,1,7,0
11320,1,1,20.281,9.682,1.89,0.90,1.89,0.90,INF,-1,1,7,0
11340,1,1,19.526,6.346,1.82,0.59,1.82,0.59,INF,-1,1,7,0
11360,1,1,20.964,8.000,1.96,0.75,1.96,0.75,INF,-1,1,7,0
11380,1,1,20.233,-1.930,1.89,-0.18,1.89,-0.18,INF,-1,1,7,0
11400,1,1,23.851,-22.144,2.23,-2.07,2.23,-2.07,INF,-1,1,7,0
11420,1,1,19.852,-19.572,1.85,-1.83,1.85,-1.83,INF,-1,0,7,0
11440,1,1,21.627,-20.712,2.02,-1.93,2.02,-1.94,INF,-1,0,7,0
11460,1,1,21.627,-19.143,2.02,-1.79,2.02,-1.79,INF,-1,0,7,0
11480,1,1,19.521,-19.540,1.82,-1.82,1.82,-1.83,INF,-1,0,7,0
11500,1,1,20.206,-19.745,1.89,-1.84,1.89,-1.84,INF,-1,0,7,0
11520,1,1,17.871,-16.397,1.67,-1.53,1.67,-1.53,INF,-1,0,7,0
11540,1,1,20.661,-20.232,1.93,-1.89,1.93,-1.89,INF,-1,0,7,0
11560,1,1,19.688,-18.115,1.84,-1.69,1.84,-1.69,INF,-1,0,7,0
11580,1,1,22.034,-17.892,2.06,-1.67,2.06,-1.67,INF,-1,0,7,0
11600,1,1,22.152,-18.581,2.07,-1.74,2.07,-1.74,INF,-1,0,7,0
11620,1,1,19.194,-18.288,1.79,-1.71,1.79,-1.71,INF,-1,0,7,0
11640,1,1,20.213,-20.196,1.89,-1.89,1.89,-1.89,INF,-1,0,7,0
11660,1,1,19.979,-20.056,1.87,-1.87,1.87,-1.87,INF,-1,0,7,0
11680,1,1,20.664,-20.219,1.93,-1.89,1.93,-1.89,INF,-1,1,7,0
11700,1,1,21.580,-19.264,2.02,-1.80,2.02,-1.80,INF,-1,1,7,0
11720,1,1,21.064,-22.837,1.97,-2.13,1.97,-2.13,INF,-1,1,7,0
11740,1,1,21.267,-19.629,1.99,-1.83,1.99,-1.83,INF,-1,1,7,0
11760,1,1,21.038,-18.874,1.97,-1.76,1.96,-1.76,INF,-1,1,7,0
11780,1,1,20.884,-19.078,1.95,-1.78,1.95,-1.78,INF,-1,1,7,0
11800,1,1,23.086,-19.200,2.16,-1.79,2.16,-1.79,INF,-1,1,7,0
11820,1,1,24.050,-21.396,2.25,-2.00,2.25,-2.00,INF,-1,1,7,0
11840,1,1,21.778,-19.486,2.03,-1.82,2.03,-1.82,INF,-1,1,7,0
11860,1,1,22.143,-19.183,2.07,-1.79,2.07,-1.79,INF,-1,1,7,0
11880,1,1,23.385,-18.030,2.18,-1.68,2.18,-1.68,INF,-1,1,7,0
11900,1,1,23.708,-21.640,2.21,-2.02,2.21,-2.02,INF,-1,1,7,0
11920,1,1,22.935,-17.584,2.14,-1.64,2.14,-1.64,INF,-1,1,7,0
11940,1,1,23.174,-20.179,2.16,-1.88,2.16,-1.89,INF,-1,1,7,0
11960,1,1,22.823,-17.308,2.13,-1.62,2.13,-1.62,INF,-1,1,7,0
11980,1,1,20.152,-20.086,1.88,-1.88,1.88,-1.88,INF,-1,1,7,0
12000,1,1,21.454,-17.182,2.00,-1.60,2.00,-1.61,INF,-1,1,7,0
12020,1,1,20.334,-18.510,1.90,-1.73,1.90,-1.73,INF,-1,1,7,0
12040,1,1,22.241,-23.811,2.08,-2.22,2.08,-2.22,INF,-1,1,7,0
12060,1,1,25.546,-32.902,2.39,-3.07,2.38,-3.07,INF,-1,1,7,0
12080,1,1,22.772,-31.399,2.13,-2.93,2.12,-2.93,INF,-1,1,7,0
12100,1,1,22.728,-32.949,2.12,-3.07,2.12,-3.08,INF,-1,0,7,0
12120,1,1,21.940,-33.481,2.05,-3.12,2.05,-3.13,INF,-1,0,7,0
12140,1,1,22.500,-30.872,2.10,-2.88,2.10,-2.88,INF,-1,0,7,0
12160,1,1,22.469,-31.899,2.10,-2.98,2.10,-2.98,INF,-1,0,7,0
12180,1,1,23.090,-31.752,2.16,-2.96,2.15,-2.97,INF,-1,0,7,0
12200,1,1,23.004,-31.957,2.15,-2.98,2.15,-2.98,INF,-1,0,7,0
12220,1,1,21.851,-29.806,2.04,-2.78,2.04,-2.78,INF,-1,0,7,0
12240,1,1,24.918,-31.403,2.33,-2.93,2.32,-2.93,INF,-1,0,7,0
12260,1,1,24.131,-31.025,2.25,-2.90,2.25,-2.90,INF,-1,0,7,0
12280,1,1,23.817,-31.252,2.23,-2.92,2.22,-2.92,INF,-1,0,7,0
12300,1,1,24.170,-31.289,2.26,-2.92,2.26,-2.92,INF,-1,0,7,0
12320,1,1,22.619,-32.244,2.11,-3.01,2.11,-3.01,INF,-1,0,7,0
12340,1,1,23.371,-33.108,2.18,-3.09,2.18,-3.09,INF,-1,1,7,0
12360,1,1,21.902,-33.810,2.05,-3.15,2.04,-3.16,INF,-1,1,7,0
12380,1,1,23.261,-30.259,2.17,-2.82,2.17,-2.83,INF,-1,1,7,0
12400,1,1,22.326,-30.524,2.09,-2.85,2.08,-2.85,INF,-1,1,7,0
12420,1,1,22.031,-31.020,2.06,-2.90,2.06,-2.90,INF,-1,1,7,0
12440,1,1,22.736,-29.475,2.12,-2.75,2.12,-2.75,INF,-1,1,7,0
12460,1,1,23.297,-29.631,2.18,-2.77,2.17,-2.77,INF,-1,1,7,0
12480,1,1,23.296,-30.772,2.18,-2.87,2.17,-2.87,INF,-1,1,7,0
12500,1,1,46.144,-25.726,4.30,-2.40,4.30,-2.40,INF,-1,1,7,0
12520,1,1,62.203,-23.769,5.79,-2.21,5.79,-2.22,INF,-1,1,7,0
12540,1,1,61.841,-25.179,5.76,-2.34,5.76,-2.35,INF,-1,0,7,0
12560,1,1,61.025,-26.891,5.69,-2.50,5.68,-2.51,INF,-1,0,7,0
12580,1,1,60.097,-24.983,5.60,-2.32,5.59,-2.33,INF,-1,0,7,0
12600,1,1,60.381,-25.466,5.63,-2.37,5.62,-2.38,INF,-1,0,7,0
12620,1,1,61.536,-25.079,5.73,-2.33,5.73,-2.34,INF,-1,0,7,0
12640,1,1,62.167,-26.946,5.79,-2.50,5.79,-2.52,INF,-1,0,7,0
12660,1,1,61.177,-26.919,5.70,-2.50,5.69,-2.51,INF,-1,0,7,0
12680,1,1,61.325,-25.276,5.71,-2.35,5.71,-2.36,INF,-1,0,7,0
12700,1,1,62.754,-26.635,5.85,-2.48,5.84,-2.49,INF,-1,0,7,0
12720,1,1,61.356,-25.377,5.72,-2.36,5.71,-2.37,INF,-1,0,7,0
12740,1,1,61.674,-26.117,5.75,-2.43,5.74,-2.44,INF,-1,0,7,0
12760,1,1,61.575,-24.727,5.74,-2.30,5.73,-2.31,INF,-1,0,7,0
12780,1,1,61.673,-25.476,5.75,-2.37,5.74,-2.38,INF,-1,0,7,0
12800,1,1,64.930,-25.262,6.05,-2.35,6.04,-2.36,INF,-1,1,7,0
12820,1,1,67.490,-26.774,6.28,-2.49,6.28,-2.50,INF,-1,1,7,0
12840,1,1,66.772,-28.396,6.22,-2.64,6.21,-2.65,INF,-1,1,7,0
12860,1,1,64.975,-27.972,6.05,-2.60,6.04,-2.61,INF,-1,1,7,0
12880,1,1,65.365,-29.499,6.09,-2.74,6.08,-2.76,INF,-1,1,7,0
12900,1,1,65.943,-26.967,6.14,-2.50,6.13,-2.52,INF,-1,1,7,0
12920,1,1,65.400,-28.571,6.09,-2.65,6.08,-2.67,INF,-1,1,7,0
12940,1,1,64.542,-26.891,6.01,-2.50,6.00,-2.51,INF,-1,1,7,0
12960,0,1,0.000,0.000,0.00,0.00,0.00,0.00,0.00,-1,1,7,0
12980,1,1,64.219,-28.384,5.98,-2.64,5.97,-2.65,INF,-1,1,7,0
13000,1,1,56.810,-22.179,5.29,-2.06,5.29,-2.07,INF,-1,1,7,0
13020,1,1,43.018,-17.642,4.01,-1.64,4.01,-1.65,INF,-1,1,7,0
13040,1,1,47.398,-20.637,4.42,-1.92,4.42,-1.93,INF,-1,1,7,0
13060,1,1,46.008,-19.968,4.29,-1.86,4.29,-1.87,INF,-1,0,7,0
13080,0,1,0.000,0.000,0.00,0.00,0.00,0.00,0.00,-1,0,7,0
13100,1,1,76.512,-92.166,7.11,-8.49,7.04,-8.55,INF,-1,0,7,0
13120,0,1,0.000,0.000,0.00,0.00,0.00,0.00,0.00,-1,0,7,0
13140,1,1,46.225,-21.034,4.31,-1.96,4.31,-1.97,INF,-1,0,7,0
13160,1,1,44.884,-20.399,4.19,-1.90,4.19,-1.91,INF,-1,0,7,0
13180,1,1,44.262,-22.352,4.13,-2.08,4.13,-2.09,INF,-1,0,7,0
13200,1,1,45.747,-19.254,4.27,-1.79,4.27,-1.80,INF,-1,0,7,0
13220,1,1,44.634,-20.116,4.16,-1.87,4.16,-1.88,INF,-1,0,7,0
13240,1,1,47.324,-19.608,4.41,-1.83,4.41,-1.83,INF,-1,0,7,0
13260,0,1,0.000,0.000,0.00,0.00,0.00,0.00,0.00,-1,0,7,0
13280,1,1,47.023,-19.844,4.39,-1.85,4.38,-1.85,INF,-1,0,7,0
13300,1,1,43.371,7.161,4.05,0.67,4.05,0.67,INF,-1,1,7,0
13320,1,1,42.687,9.217,3.98,0.86,3.98,0.86,INF,-1,1,7,0
13340,1,1,43.620,4.040,4.07,0.38,4.07,0.38,INF,-1,0,7,0
13360,1,1,40.687,4.039,3.80,0.38,3.80,0.38,INF,-1,0,7,0
13380,1,1,43.297,3.440,4.04,0.32,4.04,0.32,INF,-1,0,7,0
13400,1,1,42.004,3.851,3.92,0.36,3.92,0.36,INF,-1,0,7,0
13420,1,1,45.850,4.875,4.28,0.45,4.28,0.46,INF,-1,0,7,0
13440,1,1,45.056,4.076,4.20,0.38,4.20,0.38,INF,-1,0,7,0
13460,1,1,44.726,4.412,4.17,0.41,4.17,0.41,INF,-1,0,7,0
13480,1,1,44.183,5.947,4.12,0.55,4.12,0.56,INF,-1,0,7,0
13500,1,1,44.069,6.323,4.11,0.59,4.11,0.59,INF,-1,0,7,0
13520,1,1,43.416,6.600,4.05,0.62,4.05,0.62,INF,-1,0,7,0
13540,1,1,43.163,5.760,4.03,0.54,4.03,0.54,INF,-1,0,7,0
13560,1,1,42.993,3.363,4.01,0.31,4.01,0.31,INF,-1,0,7,0
13580,1,1,46.055,5.715,4.30,0.53,4.30,0.53,INF,-1,1,7,0
13600,1,1,45.462,5.312,4.24,0.50,4.24,0.50,INF,-1,1,7,0
13620,1,1,44.397,6.014,4.14,0.56,4.14,0.56,INF,-1,1,7,0
13640,1,1,44.049,6.050,4.11,0.56,4.11,0.57,INF,-1,1,7,0
13660,1,1,44.195,2.730,4.12,0.25,4.12,0.26,INF,-1,1,7,0
13680,1,1,44.346,6.276,4.14,0.59,4.14,0.59,INF,-1,1,7,0
13700,1,1,45.106,5.067,4.21,0.47,4.21,0.47,INF,-1,1,7,0
13720,1,1,43.093,5.544,4.02,0.52,4.02,0.52,INF,-1,1,7,0
13740,1,1,43.551,3.929,4.06,0.37,4.06,0.37,INF,-1,1,7,0
13760,1,1,42.240,9.310,3.94,0.87,3.94,0.87,INF,-1,1,7,0
13780,1,1,42.593,4.432,3.97,0.41,3.97,0.41,INF,-1,1,7,0
13800,1,1,45.156,5.142,4.21,0.48,4.21,0.48,INF,-1,1,7,0
13820,1,1,42.609,5.855,3.98,0.55,3.98,0.55,INF,-1,1,7,0
13840,1,1,43.997,3.315,4.11,0.31,4.11,0.31,INF,-1,1,7,0
13860,1,1,44.478,2.429,4.15,0.23,4.15,0.23,INF,-1,1,7,0
13880,1,1,43.539,5.305,4.06,0.49,4.06,0.50,INF,-1,1,7,0
13900,1,1,43.716,6.589,4.08,0.61,4.08,0.62,INF,-1,1,7,0
13920,1,1,43.989,5.630,4.10,0.52,4.10,0.53,INF,-1,1,7,0
13940,1,1,43.958,2.497,4.10,0.23,4.10,0.23,INF,-1,1,7,0
13960,1,1,44.898,4.853,4.19,0.45,4.19,0.45,INF,-1,1,7,0
13980,1,1,45.439,5.990,4.24,0.56,4.24,0.56,INF,-1,1,7,0
14000,1,1,47.385,6.972,4.42,0.65,4.42,0.65,INF,-1,1,7,0
14020,1,1,45.637,6.085,4.26,0.57,4.26,0.57,INF,-1,1,7,0
14040,1,1,46.083,7.041,4.30,0.66,4.30,0.66,INF,-1,1,7,0
14060,1,1,43.468,6.360,4.06,0.59,4.06,0.59,INF,-1,1,7,0
14080,1,1,44.150,6.208,4.12,0.58,4.12,0.58,INF,-1,1,7,0
14100,1,1,40.870,5.538,3.81,0.52,3.81,0.52,INF,-1,1,7,0
14120,1,1,42.892,9.569,4.00,0.89,4.00,0.89,INF,-1,1,7,0
14140,1,1,45.553,9.428,4.25,0.88,4.25,0.88,INF,-1,1,7,0
14160,1,1,45.775,8.437,4.27,0.79,4.27,0.79,INF,-1,1,7,0
14180,1,1,43.958,8.880,4.10,0.83,4.10,0.83,INF,-1,1,7,0
14200,1,1,45.650,3.396,4.26,0.32,4.26,0.32,INF,-1,1,7,0
14220,0,1,0.000,0.000,0.00,0.00,0.00,0.00,0.00,-1,1,7,0
14240,0,1,0.000,0.000,0.00,0.00,0.00,0.00,0.00,-1,1,7,0
14260,0,1,0.000,0.000,0.00,0.00,0.00,0.00,0.00,-1,1,7,0
14280,0,1,0.000,0.000,0.00,0.00,0.00,0.00,0.00,-1,1,7,0
14300,0,1,0.000,0.000,0.00,0.00,0.00,0.00,0.00,-1,0,7,0
14320,0,1,0.000,0.000,0.00,0.00,0.00,0.00,0.00,-1,0,7,0
14340,0,1,0.000,0.000,0.00,0.00,0.00,0.00,0.00,-1,0,7,0
14360,0,1,0.000,0.000,0.00,0.00,0.00,0.00,0.00,-1,0,7,0
14380,0,1,0.000,0.000,0.00,0.00,0.00,0.00,0.00,-1,0,7,0
14400,0,1,0.000,0.000,0.00,0.00,0.00,0.00,0.00,-1,0,7,0
14420,0,1,0.000,0.000,0.00,0.00,0.00,0.00,0.00,-1,0,7,0
14440,0,1,0.000,0.000,0.00,0.00,0.00,0.00,0.00,-1,0,7,0
14460,0,1,0.000,0.000,0.00,0.00,0.00,0.00,0.00,-1,0,7,0
14480,0,1,0.000,0.000,0.00,0.00,0.00,0.00,0.00,-1,0,7,0
14500,0,1,0.000,0.000,0.00,0.00,0.00,0.00,0.00,-1,0,7,0
14520,0,1,0.000,0.000,0.00,0.00,0.00,0.00,0.00,-1,0,7,0
14540,0,1,0.000,0.000,0.00,0.00,0.00,0.00,0.00,-1,0,7,0
14560,0,1,0.000,0.000,0.00,0.00,0.00,0.00,0.00,-1,0,7,0
14580,0,1,0.000,0.000,0.00,0.00,0.00,0.00,0.00,-1,0,7,0
14600,0,1,0.000,0.000,0.00,0.00,0.00,0.00,0.00,-1,0,7,0
14620,0,1,0.000,0.000,0.00,0.00,0.00,0.00,0.00,-1,0,7,0
14640,0,1,0.000,0.000,0.00,0.00,0.00,0.00,0.00,-1,0,7,0
14660,0,1,0.000,0.000,0.00,0.00,0.00,0.00,0.00,-1,0,7,0
14680,1,1,56.296,38.145,5.25,3.55,5.24,3.56,INF,-1,0,7,0
14700,1,1,50.100,36.716,4.67,3.42,4.66,3.43,INF,-1,0,7,0
14720,1,1,50.538,39.159,4.71,3.64,4.70,3.66,INF,-1,0,7,0
14740,1,1,49.377,37.545,4.61,3.49,4.60,3.50,INF,-1,0,7,0
14760,1,1,50.033,36.514,4.67,3.40,4.66,3.41,INF,-1,0,7,0
14780,1,1,52.333,36.477,4.88,3.39,4.87,3.41,INF,-1,0,7,0
14800,1,1,50.786,36.722,4.74,3.42,4.73,3.43,INF,-1,0,7,0
14820,1,1,49.730,38.168,4.64,3.55,4.63,3.56,INF,-1,0,7,0
14840,1,1,51.051,37.832,4.76,3.52,4.75,3.53,INF,-1,0,7,0
14860,1,1,53.176,37.807,4.96,3.52,4.95,3.53,INF,-1,0,7,0
14880,1,1,52.647,39.738,4.91,3.70,4.90,3.71,INF,-1,0,7,0
14900,1,1,51.921,43.007,4.84,4.00,4.83,4.01,INF,-1,0,7,0
14920,1,1,54.048,37.468,5.04,3.48,5.03,3.50,INF,-1,0,7,0
14940,1,1,58.993,35.751,5.50,3.32,5.49,3.34,INF,-1,0,7,0
14960,1,1,58.180,33.941,5.42,3.15,5.41,3.17,INF,-1,1,7,0
14980,1,1,59.433,33.999,5.54,3.16,5.53,3.17,INF,-1,1,7,0
15000,1,1,57.488,32.262,5.36,3.00,5.35,3.01,INF,-1,1,7,0
