"EyeTracker Toolbox version","3.250"
CalibrationParameters_A11,1.32959
CalibrationParameters_A12,0.02218
CalibrationParameters_A13,-0.00463
CalibrationParameters_A21,0.06020
CalibrationParameters_A22,-1.29901
CalibrationParameters_A23,-0.01979
CalibrationParameters_A31,0.00028
CalibrationParameters_A32,0.00106
CalibrationParameters_E11,-0.17995
CalibrationParameters_E12,0.00002
CalibrationParameters_E21,0.00006
CalibrationParameters_E22,0.19997
CalibrationParameters_X,85.17320
CalibrationParameters_Y,63.99345
CalibrationParameters_Rpc,68.73552
CalibrationParameters_MeanX,110.92818
CalibrationParameters_MeanY,154.44869
CalibrationParameters_ViewDist,613.00000
TimeStamp,Tracked,Calibrated,ScreenPositionXmm,ScreenPositionYmm,FicksLongitude,FicksLatitude,HelmholtzAzimuth,HelmholtzElevation,PupilDiameter,Region,Fixation,DigitalIO,Dropped
0,1,1,318.531,-27.212,27.46,-2.26,27.43,-2.54,INF,-1,0,7,0
20,1,1,320.928,-26.012,27.63,-2.15,27.61,-2.43,INF,-1,0,7,0
40,1,1,306.612,-27.905,26.57,-2.33,26.55,-2.61,INF,-1,0,7,0
60,1,1,169.794,-24.910,15.48,-2.24,15.47,-2.33,INF,-1,0,7,0
80,1,1,75.663,-15.905,7.04,-1.48,7.03,-1.49,INF,-1,0,7,0
100,1,1,-3.969,-13.037,-0.37,-1.22,-0.37,-1.22,INF,-1,0,7,0
120,1,1,-23.452,-7.206,-2.19,-0.67,-2.19,-0.67,INF,-1,0,7,0
140,1,1,-23.346,-8.632,-2.18,-0.81,-2.18,-0.81,INF,-1,0,7,0
160,1,1,-19.763,-8.869,-1.85,-0.83,-1.85,-0.83,INF,-1,0,7,0
180,1,1,-19.007,-8.209,-1.78,-0.77,-1.78,-0.77,INF,-1,0,7,0
200,1,1,-18.450,-8.402,-1.72,-0.78,-1.72,-0.79,INF,-1,0,7,0
220,1,1,-18.185,-7.780,-1.70,-0.73,-1.70,-0.73,INF,-1,0,7,0
240,1,1,-19.033,-6.833,-1.78,-0.64,-1.78,-0.64,INF,-1,0,7,0
260,1,1,-19.150,-7.277,-1.79,-0.68,-1.79,-0.68,INF,-1,0,7,0
280,1,1,-19.310,-6.659,-1.80,-0.62,-1.80,-0.62,INF,-1,0,7,0
300,1,1,3.021,-5.947,0.28,-0.56,0.28,-0.56,INF,-1,0,7,0
320,1,1,-1.064,-2.200,-0.10,-0.21,-0.10,-0.21,INF,-1,0,7,0
340,1,1,-0.880,-1.278,-0.08,-0.12,-0.08,-0.12,INF,-1,0,7,0
360,1,1,-1.022,-1.475,-0.10,-0.14,-0.10,-0.14,INF,-1,0,7,0
380,1,1,0.095,-1.004,0.01,-0.09,0.01,-0.09,INF,-1,1,7,0
400,1,1,-0.192,-1.218,-0.02,-0.11,-0.02,-0.11,INF,-1,1,7,0
420,1,1,-0.022,-1.255,0.00,-0.12,0.00,-0.12,INF,-1,0,7,0
440,1,1,1.111,-1.616,0.10,-0.15,0.10,-0.15,INF,-1,0,7,0
460,1,1,-1.015,18.480,-0.09,1.73,-0.09,1.73,INF,-1,0,7,0
480,1,1,-0.853,19.145,-0.08,1.79,-0.08,1.79,INF,-1,0,7,0
500,1,1,-0.537,19.278,-0.05,1.80,-0.05,1.80,INF,-1,0,7,0
520,1,1,-2.348,18.871,-0.22,1.76,-0.22,1.76,INF,-1,0,7,0
540,1,1,-1.699,19.530,-0.16,1.82,-0.16,1.82,INF,-1,0,7,0
560,1,1,-1.554,18.164,-0.15,1.70,-0.15,1.70,INF,-1,0,7,0
580,1,1,-1.838,18.102,-0.17,1.69,-0.17,1.69,INF,-1,0,7,0
600,1,1,-0.545,17.792,-0.05,1.66,-0.05,1.66,INF,-1,0,7,0
620,1,1,-0.974,18.087,-0.09,1.69,-0.09,1.69,INF,-1,0,7,0
640,1,1,-3.302,18.572,-0.31,1.74,-0.31,1.74,INF,-1,0,7,0
660,1,1,-2.278,18.219,-0.21,1.70,-0.21,1.70,INF,-1,0,7,0
680,1,1,-1.772,19.324,-0.17,1.81,-0.17,1.81,INF,-1,0,7,0
700,1,1,0.020,21.955,0.00,2.05,0.00,2.05,INF,-1,0,7,0
720,1,1,-0.199,22.880,-0.02,2.14,-0.02,2.14,INF,-1,0,7,0
740,1,1,-0.627,21.788,-0.06,2.04,-0.06,2.04,INF,-1,1,7,0
760,1,1,-0.442,20.848,-0.04,1.95,-0.04,1.95,INF,-1,1,7,0
780,1,1,-0.141,22.073,-0.01,2.06,-0.01,2.06,INF,-1,1,7,0
800,1,1,-1.031,20.457,-0.10,1.91,-0.10,1.91,INF,-1,1,7,0
820,1,1,1.330,21.779,0.12,2.03,0.12,2.03,INF,-1,1,7,0
840,1,1,-0.043,22.080,0.00,2.06,0.00,2.06,INF,-1,1,7,0
860,1,1,2.293,19.964,0.21,1.87,0.21,1.87,INF,-1,1,7,0
880,1,1,1.333,20.705,0.12,1.93,0.12,1.93,INF,-1,1,7,0
900,1,1,1.167,21.077,0.11,1.97,0.11,1.97,INF,-1,1,7,0
920,1,1,1.630,21.561,0.15,2.01,0.15,2.01,INF,-1,1,7,0
940,1,1,0.729,20.271,0.07,1.89,0.07,1.89,INF,-1,1,7,0
960,1,1,-0.079,21.901,-0.01,2.05,-0.01,2.05,INF,-1,1,7,0
980,1,1,0.796,21.103,0.07,1.97,0.07,1.97,INF,-1,1,7,0
1000,1,1,1.034,20.784,0.10,1.94,0.10,1.94,INF,-1,1,7,0
1020,1,1,8.554,4.454,0.80,0.42,0.80,0.42,INF,-1,1,7,0
1040,1,1,13.025,-17.437,1.22,-1.63,1.22,-1.63,INF,-1,1,7,0
1060,1,1,12.804,-17.497,1.20,-1.63,1.20,-1.63,INF,-1,0,7,0
1080,1,1,11.462,-17.207,1.07,-1.61,1.07,-1.61,INF,-1,0,7,0
1100,1,1,11.924,-15.449,1.11,-1.44,1.11,-1.44,INF,-1,0,7,0
1120,1,1,11.547,-16.660,1.08,-1.56,1.08,-1.56,INF,-1,0,7,0
1140,1,1,12.967,-17.564,1.21,-1.64,1.21,-1.64,INF,-1,0,7,0
1160,1,1,12.012,-17.723,1.12,-1.66,1.12,-1.66,INF,-1,0,7,0
1180,1,1,13.311,-15.889,1.24,-1.48,1.24,-1.48,INF,-1,0,7,0
1200,1,1,13.729,-16.628,1.28,-1.55,1.28,-1.55,INF,-1,0,7,0
1220,1,1,13.543,-15.288,1.27,-1.43,1.27,-1.43,INF,-1,0,7,0
1240,1,1,14.202,-16.029,1.33,-1.50,1.33,-1.50,INF,-1,0,7,0
1260,1,1,12.215,-17.403,1.14,-1.63,1.14,-1.63,INF,-1,0,7,0
1280,1,1,2.814,-8.590,0.26,-0.80,0.26,-0.80,INF,-1,0,7,0
1300,1,1,5.229,-8.662,0.49,-0.81,0.49,-0.81,INF,-1,0,7,0
1320,1,1,5.100,-11.418,0.48,-1.07,0.48,-1.07,INF,-1,1,7,0
1340,1,1,5.181,-11.236,0.48,-1.05,0.48,-1.05,INF,-1,1,7,0
1360,1,1,6.507,-10.782,0.61,-1.01,0.61,-1.01,INF,-1,1,7,0
1380,1,1,6.613,-9.506,0.62,-0.89,0.62,-0.89,INF,-1,1,7,0
1400,1,1,6.804,-8.589,0.64,-0.80,0.64,-0.80,INF,-1,1,7,0
1420,1,1,6.053,-10.813,0.57,-1.01,0.57,-1.01,INF,-1,1,7,0
1440,1,1,4.439,-9.335,0.41,-0.87,0.41,-0.87,INF,-1,1,7,0
1460,1,1,6.615,-11.494,0.62,-1.07,0.62,-1.07,INF,-1,1,7,0
1480,1,1,33.992,-19.397,3.17,-1.81,3.17,-1.81,INF,-1,1,7,0
1500,1,1,32.355,-18.453,3.02,-1.72,3.02,-1.72,INF,-1,1,7,0
1520,1,1,33.511,-17.488,3.13,-1.63,3.13,-1.63,INF,-1,0,7,0
1540,1,1,32.054,-17.128,2.99,-1.60,2.99,-1.60,INF,-1,0,7,0
1560,1,1,31.792,-19.278,2.97,-1.80,2.97,-1.80,INF,-1,0,7,0
1580,1,1,33.565,-19.133,3.13,-1.79,3.13,-1.79,INF,-1,0,7,0
1600,1,1,33.614,-17.548,3.14,-1.64,3.14,-1.64,INF,-1,0,7,0
1620,1,1,33.957,-18.940,3.17,-1.77,3.17,-1.77,INF,-1,0,7,0
1640,1,1,34.297,-18.342,3.20,-1.71,3.20,-1.71,INF,-1,0,7,0
1660,1,1,32.252,-18.876,3.01,-1.76,3.01,-1.76,INF,-1,0,7,0
1680,1,1,34.301,-18.328,3.20,-1.71,3.20,-1.71,INF,-1,0,7,0
1700,1,1,33.170,-18.248,3.10,-1.70,3.10,-1.71,INF,-1,0,7,0
1720,1,1,34.475,-19.014,3.22,-1.77,3.22,-1.78,INF,-1,0,7,0
1740,1,1,33.707,-19.585,3.15,-1.83,3.15,-1.83,INF,-1,0,7,0
1760,1,1,33.950,-19.656,3.17,-1.83,3.17,-1.84,INF,-1,1,7,0
1780,1,1,33.575,-20.999,3.14,-1.96,3.13,-1.96,INF,-1,1,7,0
1800,1,1,33.337,-18.814,3.11,-1.76,3.11,-1.76,INF,-1,1,7,0
1820,1,1,34.229,-20.776,3.20,-1.94,3.19,-1.94,INF,-1,1,7,0
1840,1,1,33.634,-20.447,3.14,-1.91,3.14,-1.91,INF,-1,1,7,0
1860,1,1,35.182,-19.231,3.28,-1.79,3.28,-1.80,INF,-1,1,7,0
1880,1,1,32.920,-19.954,3.07,-1.86,3.07,-1.86,INF,-1,1,7,0
1900,1,1,34.609,-16.299,3.23,-1.52,3.23,-1.52,INF,-1,1,7,0
1920,1,1,33.722,-14.720,3.15,-1.37,3.15,-1.38,INF,-1,1,7,0
1940,1,1,32.654,-14.971,3.05,-1.40,3.05,-1.40,INF,-1,1,7,0
1960,1,1,33.725,-14.155,3.15,-1.32,3.15,-1.32,INF,-1,1,7,0
1980,1,1,32.056,-14.952,2.99,-1.40,2.99,-1.40,INF,-1,1,7,0
2000,1,1,33.837,-16.169,3.16,-1.51,3.16,-1.51,INF,-1,1,7,0
2020,1,1,32.666,-15.611,3.05,-1.46,3.05,-1.46,INF,-1,1,7,0
2040,1,1,33.163,-16.389,3.10,-1.53,3.10,-1.53,INF,-1,1,7,0
2060,1,1,31.639,-15.240,2.95,-1.42,2.95,-1.42,INF,-1,1,7,0
2080,1,1,33.128,-15.159,3.09,-1.41,3.09,-1.42,INF,-1,1,7,0
2100,1,1,33.286,-14.412,3.11,-1.34,3.11,-1.35,INF,-1,1,7,0
2120,1,1,34.499,-15.821,3.22,-1.48,3.22,-1.48,INF,-1,1,7,0
2140,1,1,32.545,-15.528,3.04,-1.45,3.04,-1.45,INF,-1,1,7,0
2160,1,1,34.948,-16.193,3.26,-1.51,3.26,-1.51,INF,-1,1,7,0
2180,1,1,10.947,-28.211,1.02,-2.63,1.02,-2.63,INF,-1,1,7,0
2200,1,1,6.473,-36.439,0.61,-3.40,0.60,-3.40,INF,-1,1,7,0
2220,1,1,8.508,-34.449,0.80,-3.22,0.79,-3.22,INF,-1,0,7,0
2240,1,1,7.971,-34.153,0.75,-3.19,0.74,-3.19,INF,-1,0,7,0
2260,1,1,7.467,-34.371,0.70,-3.21,0.70,-3.21,INF,-1,0,7,0
2280,1,1,8.193,-34.771,0.77,-3.25,0.76,-3.25,INF,-1,0,7,0
2300,1,1,6.872,-33.650,0.64,-3.14,0.64,-3.14,INF,-1,0,7,0
2320,1,1,6.040,-33.917,0.56,-3.17,0.56,-3.17,INF,-1,0,7,0
2340,1,1,7.460,-34.460,0.70,-3.22,0.70,-3.22,INF,-1,0,7,0
2360,1,1,8.472,-35.406,0.79,-3.31,0.79,-3.31,INF,-1,0,7,0
2380,1,1,8.413,-33.884,0.79,-3.16,0.79,-3.16,INF,-1,0,7,0
2400,1,1,6.446,-35.333,0.60,-3.30,0.60,-3.30,INF,-1,0,7,0
2420,1,1,21.944,-29.536,2.05,-2.76,2.05,-2.76,INF,-1,0,7,0
2440,1,1,35.225,-24.279,3.29,-2.26,3.29,-2.27,INF,-1,0,7,0
2460,1,1,35.670,-24.009,3.33,-2.24,3.33,-2.24,INF,-1,1,7,0
2480,1,1,34.364,-23.713,3.21,-2.21,3.21,-2.22,INF,-1,0,7,0
2500,1,1,36.583,-24.366,3.42,-2.27,3.41,-2.28,INF,-1,0,7,0
2520,1,1,34.207,-24.802,3.19,-2.31,3.19,-2.32,INF,-1,0,7,0
2540,1,1,34.651,-22.577,3.24,-2.11,3.23,-2.11,INF,-1,0,7,0
2560,1,1,37.068,-24.271,3.46,-2.26,3.46,-2.27,INF,-1,0,7,0
2580,1,1,35.827,-23.139,3.34,-2.16,3.34,-2.16,INF,-1,0,7,0
2600,1,1,35.420,-22.985,3.31,-2.14,3.30,-2.15,INF,-1,0,7,0
2620,1,1,33.064,-24.486,3.09,-2.28,3.08,-2.29,INF,-1,0,7,0
2640,1,1,36.931,-26.839,3.45,-2.50,3.44,-2.51,INF,-1,0,7,0
2660,1,1,36.797,-28.091,3.44,-2.62,3.43,-2.62,INF,-1,0,7,0
2680,1,1,36.433,-25.909,3.40,-2.42,3.40,-2.42,INF,-1,0,7,0
2700,1,1,34.177,-25.383,3.19,-2.37,3.19,-2.37,INF,-1,0,7,0
2720,1,1,36.224,-27.405,3.38,-2.56,3.38,-2.56,INF,-1,1,7,0
2740,1,1,36.613,-24.746,3.42,-2.31,3.42,-2.31,INF,-1,1,7,0
2760,1,1,36.679,-26.346,3.42,-2.46,3.42,-2.46,INF,-1,1,7,0
2780,1,1,34.775,-25.228,3.25,-2.35,3.24,-2.36,INF,-1,1,7,0
2800,1,1,36.934,-26.644,3.45,-2.48,3.44,-2.49,INF,-1,1,7,0
2820,1,1,35.507,-27.835,3.32,-2.60,3.31,-2.60,INF,-1,1,7,0
2840,1,1,36.567,-29.400,3.41,-2.74,3.41,-2.75,INF,-1,1,7,0
2860,1,1,35.315,-30.531,3.30,-2.85,3.29,-2.85,INF,-1,1,7,0
2880,1,1,36.914,-28.600,3.45,-2.67,3.44,-2.67,INF,-1,1,7,0
2900,1,1,35.603,-27.541,3.32,-2.57,3.32,-2.57,INF,-1,1,7,0
2920,1,1,36.169,-27.772,3.38,-2.59,3.37,-2.59,INF,-1,1,7,0
2940,1,1,35.786,-27.939,3.34,-2.61,3.34,-2.61,INF,-1,1,7,0
2960,1,1,36.178,-28.638,3.38,-2.67,3.37,-2.67,INF,-1,1,7,0
2980,1,1,36.511,-27.108,3.41,-2.53,3.41,-2.53,INF,-1,1,7,0
3000,1,1,37.193,-28.399,3.47,-2.65,3.47,-2.65,INF,-1,1,7,0
3020,1,1,36.600,-28.064,3.42,-2.62,3.41,-2.62,INF,-1,1,7,0
3040,1,1,36.077,-28.279,3.37,-2.64,3.36,-2.64,INF,-1,1,7,0
3060,1,1,3.028,-21.215,0.28,-1.98,0.28,-1.98,INF,-1,1,7,0
3080,1,1,1.564,-13.914,0.15,-1.30,0.15,-1.30,INF,-1,1,7,0
3100,1,1,0.140,-13.094,0.01,-1.22,0.01,-1.22,INF,-1,0,7,0
3120,1,1,2.452,-13.200,0.23,-1.23,0.23,-1.23,INF,-1,0,7,0
3140,1,1,2.023,-13.161,0.19,-1.23,0.19,-1.23,INF,-1,0,7,0
3160,1,1,2.808,-13.924,0.26,-1.30,0.26,-1.30,INF,-1,0,7,0
3180,1,1,1.860,-13.074,0.17,-1.22,0.17,-1.22,INF,-1,0,7,0
3200,1,1,3.790,-13.133,0.35,-1.23,0.35,-1.23,INF,-1,0,7,0
3220,1,1,0.989,-12.622,0.09,-1.18,0.09,-1.18,INF,-1,0,7,0
3240,1,1,2.442,-13.461,0.23,-1.26,0.23,-1.26,INF,-1,0,7,0
3260,1,1,2.141,-14.089,0.20,-1.32,0.20,-1.32,INF,-1,0,7,0
3280,1,1,0.932,-13.068,0.09,-1.22,0.09,-1.22,INF,-1,0,7,0
3300,1,1,3.803,-14.474,0.36,-1.35,0.36,-1.35,INF,-1,0,7,0
3320,1,1,2.399,-13.286,0.22,-1.24,0.22,-1.24,INF,-1,0,7,0
3340,1,1,2.134,-15.755,0.20,-1.47,0.20,-1.47,INF,-1,1,7,0
3360,1,1,3.690,-12.522,0.34,-1.17,0.34,-1.17,INF,-1,1,7,0
3380,1,1,1.694,-13.498,0.16,-1.26,0.16,-1.26,INF,-1,1,7,0
3400,1,1,2.904,-14.543,0.27,-1.36,0.27,-1.36,INF,-1,1,7,0
3420,1,1,6.002,-3.058,0.56,-0.29,0.56,-0.29,INF,-1,1,7,0
3440,1,1,6.016,-0.743,0.56,-0.07,0.56,-0.07,INF,-1,1,7,0
3460,1,1,5.127,-3.255,0.48,-0.30,0.48,-0.30,INF,-1,0,7,0
3480,1,1,6.232,-1.828,0.58,-0.17,0.58,-0.17,INF,-1,0,7,0
3500,1,1,6.288,-1.678,0.59,-0.16,0.59,-0.16,INF,-1,0,7,0
3520,1,1,5.210,-1.070,0.49,-0.10,0.49,-0.10,INF,-1,0,7,0
3540,1,1,6.851,-1.858,0.64,-0.17,0.64,-0.17,INF,-1,0,7,0
3560,1,1,6.461,-3.493,0.60,-0.33,0.60,-0.33,INF,-1,0,7,0
3580,1,1,5.821,-0.300,0.54,-0.03,0.54,-0.03,INF,-1,0,7,0
3600,1,1,5.203,-1.539,0.49,-0.14,0.49,-0.14,INF,-1,0,7,0
3620,1,1,6.752,-3.159,0.63,-0.30,0.63,-0.30,INF,-1,0,7,0
3640,1,1,8.183,-0.959,0.76,-0.09,0.76,-0.09,INF,-1,0,7,0
3660,1,1,15.520,6.103,1.45,0.57,1.45,0.57,INF,-1,0,7,0
3680,0,1,0.000,0.000,0.00,0.00,0.00,0.00,0.00,-1,0,7,0
3700,0,1,0.000,0.000,0.00,0.00,0.00,0.00,0.00,-1,1,7,0
3720,0,1,0.000,0.000,0.00,0.00,0.00,0.00,0.00,-1,1,7,0
3740,0,1,0.000,0.000,0.00,0.00,0.00,0.00,0.00,-1,0,7,0
3760,0,1,0.000,0.000,0.00,0.00,0.00,0.00,0.00,-1,0,7,0
3780,0,1,0.000,0.000,0.00,0.00,0.00,0.00,0.00,-1,0,7,0
3800,0,1,0.000,0.000,0.00,0.00,0.00,0.00,0.00,-1,0,7,0
3820,1,1,7.457,6.830,0.70,0.64,0.70,0.64,INF,-1,0,7,0
3840,1,1,8.722,4.572,0.82,0.43,0.82,0.43,INF,-1,0,7,0
3860,1,1,8.125,3.265,0.76,0.31,0.76,0.31,INF,-1,0,7,0
3880,1,1,10.237,3.889,0.96,0.36,0.96,0.36,INF,-1,0,7,0
3900,1,1,9.253,5.549,0.86,0.52,0.86,0.52,INF,-1,0,7,0
3920,1,1,9.258,3.390,0.87,0.32,0.87,0.32,INF,-1,0,7,0
3940,1,1,8.294,5.119,0.78,0.48,0.78,0.48,INF,-1,0,7,0
3960,1,1,6.648,5.649,0.62,0.53,0.62,0.53,INF,-1,0,7,0
3980,1,1,8.167,4.522,0.76,0.42,0.76,0.42,INF,-1,0,7,0
4000,1,1,5.062,12.287,0.47,1.15,0.47,1.15,INF,-1,0,7,0
4020,1,1,4.080,24.170,0.38,2.26,0.38,2.26,INF,-1,0,7,0
4040,1,1,0.872,24.181,0.08,2.26,0.08,2.26,INF,-1,0,7,0
4060,1,1,1.067,24.220,0.10,2.26,0.10,2.26,INF,-1,0,7,0
4080,1,1,2.184,24.723,0.20,2.31,0.20,2.31,INF,-1,0,7,0
4100,1,1,0.631,24.867,0.06,2.32,0.06,2.32,INF,-1,0,7,0
4120,1,1,3.079,24.334,0.29,2.27,0.29,2.27,INF,-1,0,7,0
4140,1,1,2.282,25.574,0.21,2.39,0.21,2.39,INF,-1,0,7,0
4160,1,1,2.505,24.091,0.23,2.25,0.23,2.25,INF,-1,1,7,0
4180,1,1,5.026,24.165,0.47,2.26,0.47,2.26,INF,-1,1,7,0
4200,1,1,1.071,24.264,0.10,2.27,0.10,2.27,INF,-1,1,7,0
4220,1,1,2.542,24.423,0.24,2.28,0.24,2.28,INF,-1,1,7,0
4240,1,1,2.170,24.594,0.20,2.30,0.20,2.30,INF,-1,1,7,0
4260,1,1,1.479,25.454,0.14,2.38,0.14,2.38,INF,-1,1,7,0
4280,1,1,2.334,24.414,0.22,2.28,0.22,2.28,INF,-1,1,7,0
4300,1,1,4.670,23.505,0.44,2.20,0.44,2.20,INF,-1,1,7,0
4320,1,1,0.714,24.406,0.07,2.28,0.07,2.28,INF,-1,1,7,0
4340,1,1,2.596,25.929,0.24,2.42,0.24,2.42,INF,-1,1,7,0
4360,1,1,2.926,23.933,0.27,2.24,0.27,2.24,INF,-1,1,7,0
4380,1,1,0.188,24.268,0.02,2.27,0.02,2.27,INF,-1,1,7,0
4400,1,1,2.028,27.490,0.19,2.57,0.19,2.57,INF,-1,1,7,0
4420,1,1,0.380,25.592,0.04,2.39,0.04,2.39,INF,-1,1,7,0
4440,1,1,1.104,25.900,0.10,2.42,0.10,2.42,INF,-1,0,7,0
4460,1,1,2.175,25.069,0.20,2.34,0.20,2.34,INF,-1,0,7,0
4480,1,1,1.937,25.900,0.18,2.42,0.18,2.42,INF,-1,0,7,0
4500,1,1,-0.815,25.345,-0.08,2.37,-0.08,2.37,INF,-1,0,7,0
4520,1,1,1.090,26.006,0.10,2.43,0.10,2.43,INF,-1,0,7,0
4540,1,1,2.519,24.673,0.24,2.30,0.24,2.30,INF,-1,0,7,0
4560,1,1,-3.787,29.230,-0.35,2.73,-0.35,2.73,INF,-1,0,7,0
4580,1,1,-3.637,30.007,-0.34,2.80,-0.34,2.80,INF,-1,0,7,0
4600,1,1,-2.697,29.086,-0.25,2.72,-0.25,2.72,INF,-1,0,7,0
4620,1,1,-2.746,29.266,-0.26,2.73,-0.26,2.73,INF,-1,0,7,0
4640,1,1,-3.092,28.911,-0.29,2.70,-0.29,2.70,INF,-1,0,7,0
4660,1,1,-1.878,26.978,-0.18,2.52,-0.18,2.52,INF,-1,0,7,0
4680,1,1,-2.024,28.368,-0.19,2.65,-0.19,2.65,INF,-1,1,7,0
4700,1,1,-0.263,27.314,-0.02,2.55,-0.02,2.55,INF,-1,1,7,0
4720,1,1,-1.741,28.325,-0.16,2.65,-0.16,2.65,INF,-1,1,7,0
4740,1,1,-3.380,27.568,-0.32,2.57,-0.32,2.58,INF,-1,1,7,0
4760,1,1,-3.642,29.107,-0.34,2.72,-0.34,2.72,INF,-1,1,7,0
4780,1,1,-4.028,29.697,-0.38,2.77,-0.38,2.77,INF,-1,1,7,0
4800,1,1,-3.231,30.400,-0.30,2.84,-0.30,2.84,INF,-1,1,7,0
4820,1,1,-4.295,29.321,-0.40,2.74,-0.40,2.74,INF,-1,1,7,0
4840,1,1,-2.370,30.656,-0.22,2.86,-0.22,2.86,INF,-1,1,7,0
4860,1,1,-3.719,30.713,-0.35,2.87,-0.35,2.87,INF,-1,1,7,0
4880,1,1,-3.060,29.319,-0.29,2.74,-0.29,2.74,INF,-1,1,7,0
4900,1,1,-2.386,29.613,-0.22,2.77,-0.22,2.77,INF,-1,1,7,0
4920,1,1,-2.798,28.926,-0.26,2.70,-0.26,2.70,INF,-1,1,7,0
4940,1,1,-2.830,28.664,-0.26,2.68,-0.26,2.68,INF,-1,1,7,0
4960,1,1,-2.323,30.808,-0.22,2.88,-0.22,2.88,INF,-1,1,7,0
4980,1,1,-2.419,28.417,-0.23,2.65,-0.23,2.65,INF,-1,1,7,0
5000,1,1,-4.574,30.712,-0.43,2.87,-0.43,2.87,INF,-1,1,7,0
5020,1,1,-1.726,28.949,-0.16,2.70,-0.16,2.70,INF,-1,1,7,0
5040,1,1,-2.642,29.469,-0.25,2.75,-0.25,2.75,INF,-1,1,7,0
5060,1,1,-5.258,28.398,-0.49,2.65,-0.49,2.65,INF,-1,1,7,0
5080,1,1,-2.826,29.952,-0.26,2.80,-0.26,2.80,INF,-1,1,7,0
5100,1,1,-1.436,28.535,-0.13,2.67,-0.13,2.67,INF,-1,1,7,0
5120,1,1,-0.163,28.174,-0.02,2.63,-0.02,2.63,INF,-1,1,7,0
5140,1,1,0.553,28.341,0.05,2.65,0.05,2.65,INF,-1,1,7,0
5160,1,1,0.273,26.801,0.03,2.50,0.03,2.50,INF,-1,1,7,0
5180,1,1,2.250,23.698,0.21,2.21,0.21,2.21,INF,-1,1,7,0
5200,1,1,-0.123,24.349,-0.01,2.27,-0.01,2.27,INF,-1,1,7,0
5220,1,1,1.925,25.388,0.18,2.37,0.18,2.37,INF,-1,1,7,0
5240,1,1,1.726,24.771,0.16,2.31,0.16,2.31,INF,-1,1,7,0
5260,1,1,3.854,24.834,0.36,2.32,0.36,2.32,INF,-1,1,7,0
5280,1,1,-0.259,24.859,-0.02,2.32,-0.02,2.32,INF,-1,1,7,0
5300,1,1,2.042,24.027,0.19,2.24,0.19,2.24,INF,-1,1,7,0
5320,1,1,0.399,25.350,0.04,2.37,0.04,2.37,INF,-1,1,7,0
5340,1,1,1.343,23.635,0.13,2.21,0.13,2.21,INF,-1,1,7,0
5360,1,1,0.388,24.361,0.04,2.28,0.04,2.28,INF,-1,1,7,0
5380,1,1,7.889,27.531,0.74,2.57,0.74,2.57,INF,-1,1,7,0
5400,1,1,-58.234,-6.938,-5.43,-0.65,-5.43,-0.65,INF,-1,1,7,0
5420,1,1,-52.405,-27.813,-4.89,-2.59,-4.88,-2.60,INF,-1,1,7,0
5440,1,1,-53.620,-26.862,-5.00,-2.50,-4.99,-2.51,INF,-1,0,7,0
5460,1,1,-50.559,-25.461,-4.71,-2.37,-4.71,-2.38,INF,-1,0,7,0
5480,1,1,-51.035,-25.231,-4.76,-2.35,-4.76,-2.36,INF,-1,0,7,0
5500,1,1,-52.093,-26.130,-4.86,-2.43,-4.85,-2.44,INF,-1,0,7,0
5520,1,1,-53.552,-24.443,-4.99,-2.27,-4.99,-2.28,INF,-1,0,7,0
5540,1,1,-53.408,-23.848,-4.98,-2.22,-4.98,-2.23,INF,-1,0,7,0
5560,1,1,-52.900,-24.217,-4.93,-2.25,-4.93,-2.26,INF,-1,0,7,0
5580,1,1,-54.060,-22.462,-5.04,-2.09,-5.04,-2.10,INF,-1,0,7,0
5600,1,1,-53.431,-24.373,-4.98,-2.27,-4.98,-2.28,INF,-1,0,7,0
5620,1,1,-49.449,-23.216,-4.61,-2.16,-4.61,-2.17,INF,-1,0,7,0
5640,1,1,-46.132,-21.559,-4.30,-2.01,-4.30,-2.01,INF,-1,0,7,0
5660,1,1,-45.837,-22.128,-4.28,-2.06,-4.27,-2.07,INF,-1,0,7,0
5680,1,1,-47.067,-21.783,-4.39,-2.03,-4.39,-2.04,INF,-1,0,7,0
5700,1,1,-47.737,-21.124,-4.45,-1.97,-4.45,-1.97,INF,-1,1,7,0
5720,1,1,-47.073,-22.512,-4.39,-2.10,-4.39,-2.10,INF,-1,1,7,0
5740,1,1,-46.592,-20.511,-4.35,-1.91,-4.34,-1.92,INF,-1,1,7,0
5760,1,1,-46.145,-23.595,-4.30,-2.20,-4.30,-2.20,INF,-1,1,7,0
5780,1,1,-45.604,-23.020,-4.25,-2.14,-4.25,-2.15,INF,-1,1,7,0
5800,1,1,-45.570,-22.648,-4.25,-2.11,-4.25,-2.12,INF,-1,1,7,0
5820,1,1,-45.917,-22.388,-4.28,-2.09,-4.28,-2.09,INF,-1,1,7,0
5840,1,1,-45.340,-23.036,-4.23,-2.15,-4.23,-2.15,INF,-1,1,7,0
5860,1,1,-46.448,-23.232,-4.33,-2.16,-4.33,-2.17,INF,-1,1,7,0
5880,1,1,-47.557,-22.144,-4.44,-2.06,-4.43,-2.07,INF,-1,1,7,0
5900,1,1,-45.177,-22.880,-4.21,-2.13,-4.21,-2.14,INF,-1,1,7,0
5920,1,1,-47.281,-21.939,-4.41,-2.04,-4.41,-2.05,INF,-1,1,7,0
5940,1,1,-47.550,-23.848,-4.44,-2.22,-4.43,-2.23,INF,-1,1,7,0
5960,1,1,-46.987,-24.294,-4.38,-2.26,-4.38,-2.27,INF,-1,1,7,0
5980,1,1,-47.787,-22.883,-4.46,-2.13,-4.45,-2.14,INF,-1,1,7,0
6000,1,1,-44.363,-28.362,-4.14,-2.64,-4.13,-2.65,INF,-1,1,7,0
6020,1,1,0.979,-39.915,0.09,-3.73,0.09,-3.73,INF,-1,1,7,0
6040,1,1,-2.446,-38.010,-0.23,-3.55,-0.23,-3.55,INF,-1,1,7,0
6060,1,1,1.141,-37.797,0.11,-3.53,0.11,-3.53,INF,-1,0,7,0
6080,1,1,0.273,-37.830,0.03,-3.53,0.03,-3.53,INF,-1,0,7,0
6100,1,1,1.389,-38.120,0.13,-3.56,0.13,-3.56,INF,-1,0,7,0
6120,1,1,0.272,-39.861,0.03,-3.72,0.03,-3.72,INF,-1,0,7,0
6140,1,1,-0.003,-38.515,0.00,-3.60,0.00,-3.60,INF,-1,0,7,0
6160,1,1,-0.798,-39.239,-0.07,-3.66,-0.07,-3.66,INF,-1,0,7,0
6180,1,1,0.565,-39.302,0.05,-3.67,0.05,-3.67,INF,-1,0,7,0
6200,1,1,-0.519,-37.770,-0.05,-3.53,-0.05,-3.53,INF,-1,0,7,0
6220,1,1,-0.723,-38.762,-0.07,-3.62,-0.07,-3.62,INF,-1,0,7,0
6240,1,1,-1.299,-40.038,-0.12,-3.74,-0.12,-3.74,INF,-1,0,7,0
6260,1,1,-1.906,-39.690,-0.18,-3.70,-0.18,-3.70,INF,-1,0,7,0
6280,1,1,-0.284,-40.041,-0.03,-3.74,-0.03,-3.74,INF,-1,0,7,0
6300,1,1,-2.206,-38.264,-0.21,-3.57,-0.21,-3.57,INF,-1,1,7,0
6320,1,1,18.465,-40.790,1.73,-3.81,1.72,-3.81,INF,-1,1,7,0
6340,1,1,18.448,-40.924,1.72,-3.82,1.72,-3.82,INF,-1,1,7,0
6360,1,1,18.348,-41.469,1.71,-3.87,1.71,-3.87,INF,-1,0,7,0
6380,1,1,16.633,-42.516,1.55,-3.97,1.55,-3.97,INF,-1,0,7,0
6400,1,1,16.494,-41.087,1.54,-3.83,1.54,-3.83,INF,-1,0,7,0
6420,1,1,19.630,-42.463,1.83,-3.96,1.83,-3.96,INF,-1,0,7,0
6440,1,1,17.816,-39.987,1.66,-3.73,1.66,-3.73,INF,-1,0,7,0
6460,1,1,19.199,-40.483,1.79,-3.78,1.79,-3.78,INF,-1,0,7,0
6480,1,1,17.660,-41.589,1.65,-3.88,1.65,-3.88,INF,-1,0,7,0
6500,1,1,18.735,-40.320,1.75,-3.76,1.75,-3.76,INF,-1,0,7,0
6520,1,1,44.095,-40.151,4.11,-3.74,4.11,-3.75,INF,-1,0,7,0
6540,1,1,44.578,-40.704,4.16,-3.79,4.15,-3.80,INF,-1,0,7,0
6560,1,1,45.252,-42.157,4.22,-3.92,4.21,-3.93,INF,-1,0,7,0
6580,1,1,45.823,-41.671,4.28,-3.88,4.27,-3.89,INF,-1,0,7,0
6600,1,1,46.038,-42.495,4.30,-3.95,4.28,-3.97,INF,-1,0,7,0
6620,1,1,46.240,-42.230,4.31,-3.93,4.30,-3.94,INF,-1,0,7,0
6640,1,1,45.836,-42.773,4.28,-3.98,4.27,-3.99,INF,-1,0,7,0
6660,1,1,47.279,-41.831,4.41,-3.89,4.40,-3.90,INF,-1,0,7,0
6680,1,1,46.497,-42.226,4.34,-3.93,4.33,-3.94,INF,-1,0,7,0
6700,1,1,47.466,-42.705,4.43,-3.97,4.42,-3.99,INF,-1,1,7,0
6720,1,1,47.130,-42.579,4.40,-3.96,4.39,-3.97,INF,-1,1,7,0
6740,1,1,47.635,-43.105,4.44,-4.01,4.43,-4.02,INF,-1,0,7,0
6760,1,1,45.354,-42.655,4.23,-3.97,4.22,-3.98,INF,-1,0,7,0
6780,1,1,46.348,-41.980,4.32,-3.91,4.31,-3.92,INF,-1,0,7,0
6800,1,1,45.879,-42.797,4.28,-3.98,4.27,-3.99,INF,-1,0,7,0
6820,1,1,45.681,-43.514,4.26,-4.05,4.25,-4.06,INF,-1,0,7,0
6840,1,1,37.878,-40.044,3.54,-3.73,3.53,-3.74,INF,-1,0,7,0
6860,1,1,19.948,-10.869,1.86,-1.02,1.86,-1.02,INF,-1,0,7,0
6880,1,1,16.896,-13.348,1.58,-1.25,1.58,-1.25,INF,-1,0,7,0
6900,1,1,17.232,-14.021,1.61,-1.31,1.61,-1.31,INF,-1,0,7,0
6920,1,1,19.169,-12.172,1.79,-1.14,1.79,-1.14,INF,-1,0,7,0
6940,1,1,13.941,-8.408,1.30,-0.79,1.30,-0.79,INF,-1,0,7,0
6960,0,1,0.000,0.000,0.00,0.00,0.00,0.00,0.00,-1,0,7,0
6980,0,1,0.000,0.000,0.00,0.00,0.00,0.00,0.00,-1,0,7,0
7000,0,1,0.000,0.000,0.00,0.00,0.00,0.00,0.00,-1,0,7,0
7020,0,1,0.000,0.000,0.00,0.00,0.00,0.00,0.00,-1,0,7,0
7040,0,1,0.000,0.000,0.00,0.00,0.00,0.00,0.00,-1,0,7,0
7060,0,1,0.000,0.000,0.00,0.00,0.00,0.00,0.00,-1,0,7,0
7080,0,1,0.000,0.000,0.00,0.00,0.00,0.00,0.00,-1,0,7,0
7100,1,1,11.215,-10.593,1.05,-0.99,1.05,-0.99,INF,-1,0,7,0
7120,1,1,14.731,-6.270,1.38,-0.59,1.38,-0.59,INF,-1,0,7,0
7140,1,1,10.871,-2.178,1.02,-0.20,1.02,-0.20,INF,-1,0,7,0
7160,1,1,12.522,-2.766,1.17,-0.26,1.17,-0.26,INF,-1,0,7,0
7180,1,1,12.610,-2.748,1.18,-0.26,1.18,-0.26,INF,-1,0,7,0
7200,1,1,11.430,-2.895,1.07,-0.27,1.07,-0.27,INF,-1,0,7,0
7220,1,1,11.063,-0.330,1.03,-0.03,1.03,-0.03,INF,-1,0,7,0
7240,1,1,12.048,-2.636,1.13,-0.25,1.13,-0.25,INF,-1,0,7,0
7260,1,1,11.186,-2.285,1.05,-0.21,1.05,-0.21,INF,-1,0,7,0
7280,1,1,8.838,0.575,0.83,0.05,0.83,0.05,INF,-1,0,7,0
7300,1,1,11.099,0.292,1.04,0.03,1.04,0.03,INF,-1,0,7,0
7320,1,1,9.891,-0.774,0.92,-0.07,0.92,-0.07,INF,-1,0,7,0
7340,1,1,9.152,-0.622,0.86,-0.06,0.86,-0.06,INF,-1,0,7,0
7360,1,1,-1.362,12.937,-0.13,1.21,-0.13,1.21,INF,-1,0,7,0
7380,1,1,2.323,13.914,0.22,1.30,0.22,1.30,INF,-1,0,7,0
7400,1,1,3.001,17.138,0.28,1.60,0.28,1.60,INF,-1,0,7,0
7420,1,1,2.104,15.682,0.20,1.47,0.20,1.47,INF,-1,0,7,0
7440,1,1,1.392,16.633,0.13,1.55,0.13,1.55,INF,-1,0,7,0
7460,1,1,0.950,15.890,0.09,1.48,0.09,1.48,INF,-1,0,7,0
7480,1,1,0.860,15.560,0.08,1.45,0.08,1.45,INF,-1,0,7,0
7500,1,1,1.747,14.613,0.16,1.37,0.16,1.37,INF,-1,1,7,0
7520,1,1,3.538,14.809,0.33,1.38,0.33,1.38,INF,-1,1,7,0
7540,1,1,2.320,14.703,0.22,1.37,0.22,1.37,INF,-1,1,7,0
7560,1,1,2.270,14.148,0.21,1.32,0.21,1.32,INF,-1,1,7,0
7580,1,1,4.757,15.754,0.44,1.47,0.44,1.47,INF,-1,1,7,0
7600,1,1,12.002,27.050,1.12,2.53,1.12,2.53,INF,-1,1,7,0
7620,1,1,13.947,24.028,1.30,2.24,1.30,2.24,INF,-1,1,7,0
7640,1,1,13.942,23.893,1.30,2.23,1.30,2.23,INF,-1,0,7,0
7660,1,1,16.057,23.493,1.50,2.19,1.50,2.19,INF,-1,0,7,0
7680,1,1,13.521,24.927,1.26,2.33,1.26,2.33,INF,-1,0,7,0
7700,1,1,11.319,24.767,1.06,2.31,1.06,2.31,INF,-1,0,7,0
7720,1,1,12.975,26.163,1.21,2.44,1.21,2.44,INF,-1,0,7,0
7740,1,1,15.135,23.621,1.41,2.21,1.41,2.21,INF,-1,0,7,0
7760,1,1,13.217,23.403,1.24,2.19,1.23,2.19,INF,-1,0,7,0
7780,1,1,12.037,24.785,1.12,2.31,1.12,2.32,INF,-1,0,7,0
7800,1,1,14.188,24.728,1.33,2.31,1.32,2.31,INF,-1,0,7,0
7820,1,1,13.432,24.423,1.26,2.28,1.25,2.28,INF,-1,0,7,0
7840,1,1,9.782,21.792,0.91,2.04,0.91,2.04,INF,-1,0,7,0
7860,1,1,0.479,22.589,0.04,2.11,0.04,2.11,INF,-1,0,7,0
7880,1,1,-0.904,21.609,-0.08,2.02,-0.08,2.02,INF,-1,1,7,0
7900,1,1,-1.320,22.929,-0.12,2.14,-0.12,2.14,INF,-1,0,7,0
7920,1,1,-2.249,22.944,-0.21,2.14,-0.21,2.14,INF,-1,0,7,0
7940,1,1,-2.458,23.209,-0.23,2.17,-0.23,2.17,INF,-1,0,7,0
7960,1,1,-2.701,24.181,-0.25,2.26,-0.25,2.26,INF,-1,0,7,0
7980,1,1,-0.585,22.624,-0.05,2.11,-0.05,2.11,INF,-1,0,7,0
8000,1,1,0.551,22.697,0.05,2.12,0.05,2.12,INF,-1,0,7,0
8020,1,1,-0.788,22.023,-0.07,2.06,-0.07,2.06,INF,-1,0,7,0
8040,1,1,0.428,21.603,0.04,2.02,0.04,2.02,INF,-1,0,7,0
8060,1,1,2.735,22.073,0.26,2.06,0.26,2.06,INF,-1,0,7,0
8080,1,1,0.586,22.378,0.05,2.09,0.05,2.09,INF,-1,0,7,0
8100,1,1,0.999,23.349,0.09,2.18,0.09,2.18,INF,-1,0,7,0
8120,1,1,2.199,23.288,0.21,2.18,0.21,2.18,INF,-1,0,7,0
8140,1,1,1.009,21.928,0.09,2.05,0.09,2.05,INF,-1,1,7,0
8160,1,1,2.502,22.526,0.23,2.10,0.23,2.10,INF,-1,1,7,0
8180,1,1,2.476,22.469,0.23,2.10,0.23,2.10,INF,-1,1,7,0
8200,1,1,2.289,25.209,0.21,2.35,0.21,2.35,INF,-1,1,7,0
8220,1,1,2.234,24.256,0.21,2.27,0.21,2.27,INF,-1,1,7,0
8240,1,1,2.415,22.394,0.23,2.09,0.23,2.09,INF,-1,1,7,0
8260,1,1,3.491,23.631,0.33,2.21,0.33,2.21,INF,-1,1,7,0
8280,1,1,3.241,21.697,0.30,2.03,0.30,2.03,INF,-1,1,7,0
8300,1,1,3.085,23.906,0.29,2.23,0.29,2.23,INF,-1,1,7,0
8320,1,1,2.487,22.527,0.23,2.10,0.23,2.10,INF,-1,1,7,0
8340,1,1,1.977,25.334,0.18,2.37,0.18,2.37,INF,-1,1,7,0
8360,1,1,23.712,38.715,2.22,3.61,2.21,3.61,INF,-1,1,7,0
8380,1,1,24.064,37.922,2.25,3.54,2.24,3.54,INF,-1,1,7,0
8400,1,1,22.957,36.456,2.14,3.40,2.14,3.40,INF,-1,0,7,0
8420,1,1,24.206,36.272,2.26,3.38,2.26,3.39,INF,-1,0,7,0
8440,1,1,22.185,36.471,2.07,3.40,2.07,3.40,INF,-1,0,7,0
8460,1,1,20.371,35.032,1.90,3.27,1.90,3.27,INF,-1,0,7,0
8480,1,1,25.346,34.061,2.37,3.18,2.36,3.18,INF,-1,0,7,0
8500,1,1,23.926,35.123,2.24,3.28,2.23,3.28,INF,-1,0,7,0
8520,1,1,23.311,35.585,2.18,3.32,2.17,3.32,INF,-1,0,7,0
8540,1,1,23.027,36.251,2.15,3.38,2.15,3.38,INF,-1,0,7,0
8560,1,1,23.976,35.570,2.24,3.32,2.24,3.32,INF,-1,0,7,0
8580,1,1,24.566,33.990,2.29,3.17,2.29,3.17,INF,-1,0,7,0
8600,1,1,24.963,34.047,2.33,3.18,2.33,3.18,INF,-1,0,7,0
8620,1,1,23.738,36.518,2.22,3.41,2.21,3.41,INF,-1,0,7,0
8640,1,1,23.939,35.149,2.24,3.28,2.23,3.28,INF,-1,1,7,0
8660,1,1,24.056,34.736,2.25,3.24,2.24,3.24,INF,-1,1,7,0
8680,1,1,23.824,34.865,2.23,3.25,2.22,3.26,INF,-1,1,7,0
8700,1,1,24.770,34.694,2.31,3.24,2.31,3.24,INF,-1,1,7,0
8720,1,1,18.180,32.367,1.70,3.02,1.70,3.02,INF,-1,1,7,0
8740,1,1,1.252,13.159,0.12,1.23,0.12,1.23,INF,-1,1,7,0
8760,1,1,5.736,15.673,0.54,1.46,0.54,1.46,INF,-1,1,7,0
8780,1,1,4.426,13.904,0.41,1.30,0.41,1.30,INF,-1,0,7,0
8800,1,1,4.632,15.425,0.43,1.44,0.43,1.44,INF,-1,0,7,0
8820,1,1,4.860,16.018,0.45,1.50,0.45,1.50,INF,-1,0,7,0
8840,1,1,4.360,15.564,0.41,1.45,0.41,1.45,INF,-1,0,7,0
8860,1,1,4.213,14.276,0.39,1.33,0.39,1.33,INF,-1,0,7,0
8880,1,1,2.168,16.118,0.20,1.51,0.20,1.51,INF,-1,0,7,0
8900,1,1,1.755,15.849,0.16,1.48,0.16,1.48,INF,-1,0,7,0
8920,1,1,3.179,15.458,0.30,1.44,0.30,1.44,INF,-1,0,7,0
8940,1,1,5.563,14.269,0.52,1.33,0.52,1.33,INF,-1,0,7,0
8960,1,1,4.957,12.887,0.46,1.20,0.46,1.20,INF,-1,0,7,0
8980,1,1,3.446,13.500,0.32,1.26,0.32,1.26,INF,-1,0,7,0
9000,1,1,5.005,14.199,0.47,1.33,0.47,1.33,INF,-1,0,7,0
9020,1,1,13.897,14.976,1.30,1.40,1.30,1.40,INF,-1,1,7,0
9040,0,1,0.000,0.000,0.00,0.00,0.00,0.00,0.00,-1,1,7,0
9060,0,1,0.000,0.000,0.00,0.00,0.00,0.00,0.00,-1,1,7,0
9080,0,1,0.000,0.000,0.00,0.00,0.00,0.00,0.00,-1,1,7,0
9100,0,1,0.000,0.000,0.00,0.00,0.00,0.00,0.00,-1,1,7,0
9120,0,1,0.000,0.000,0.00,0.00,0.00,0.00,0.00,-1,0,7,0
9140,0,1,0.000,0.000,0.00,0.00,0.00,0.00,0.00,-1,0,7,0
9160,1,1,19.817,-10.763,1.85,-1.01,1.85,-1.01,INF,-1,0,7,0
9180,1,1,19.734,-15.807,1.84,-1.48,1.84,-1.48,INF,-1,0,7,0
9200,1,1,19.948,-11.274,1.86,-1.05,1.86,-1.05,INF,-1,0,7,0
9220,1,1,19.743,-13.117,1.84,-1.23,1.84,-1.23,INF,-1,0,7,0
9240,1,1,20.274,-12.521,1.89,-1.17,1.89,-1.17,INF,-1,0,7,0
9260,1,1,19.877,-11.868,1.86,-1.11,1.86,-1.11,INF,-1,0,7,0
9280,1,1,20.072,-12.082,1.88,-1.13,1.88,-1.13,INF,-1,0,7,0
9300,1,1,20.857,-12.697,1.95,-1.19,1.95,-1.19,INF,-1,0,7,0
9320,1,1,20.147,-12.609,1.88,-1.18,1.88,-1.18,INF,-1,0,7,0
9340,1,1,19.626,-12.834,1.83,-1.20,1.83,-1.20,INF,-1,0,7,0
9360,1,1,19.689,-12.442,1.84,-1.16,1.84,-1.16,INF,-1,0,7,0
9380,1,1,29.930,-14.677,2.80,-1.37,2.79,-1.37,INF,-1,0,7,0
9400,1,1,30.713,-15.013,2.87,-1.40,2.87,-1.40,INF,-1,0,7,0
9420,1,1,32.273,-14.224,3.01,-1.33,3.01,-1.33,INF,-1,0,7,0
9440,1,1,31.996,-14.265,2.99,-1.33,2.99,-1.33,INF,-1,1,7,0
9460,1,1,29.708,-14.029,2.77,-1.31,2.77,-1.31,INF,-1,1,7,0
9480,1,1,31.757,-14.227,2.97,-1.33,2.96,-1.33,INF,-1,1,7,0
9500,1,1,29.921,-13.804,2.79,-1.29,2.79,-1.29,INF,-1,1,7,0
9520,1,1,30.288,-15.671,2.83,-1.46,2.83,-1.46,INF,-1,1,7,0
9540,1,1,29.268,-15.964,2.73,-1.49,2.73,-1.49,INF,-1,1,7,0
9560,1,1,30.808,-15.948,2.88,-1.49,2.88,-1.49,INF,-1,1,7,0
9580,1,1,30.448,-16.098,2.84,-1.50,2.84,-1.50,INF,-1,1,7,0
9600,1,1,28.539,-15.465,2.67,-1.44,2.66,-1.45,INF,-1,1,7,0
9620,1,1,28.836,-16.016,2.69,-1.49,2.69,-1.50,INF,-1,1,7,0
9640,1,1,31.213,-15.794,2.91,-1.47,2.91,-1.48,INF,-1,1,7,0
9660,1,1,29.827,-14.870,2.79,-1.39,2.78,-1.39,INF,-1,1,7,0
9680,1,1,31.896,-15.223,2.98,-1.42,2.98,-1.42,INF,-1,1,7,0
9700,1,1,26.654,-14.870,2.49,-1.39,2.49,-1.39,INF,-1,1,7,0
9720,1,1,22.173,-30.250,2.07,-2.82,2.07,-2.83,INF,-1,1,7,0
9740,1,1,24.724,-28.280,2.31,-2.64,2.31,-2.64,INF,-1,1,7,0
9760,1,1,25.459,-28.496,2.38,-2.66,2.38,-2.66,INF,-1,0,7,0
9780,1,1,25.868,-27.147,2.42,-2.53,2.41,-2.54,INF,-1,0,7,0
9800,1,1,24.613,-27.945,2.30,-2.61,2.30,-2.61,INF,-1,0,7,0
9820,1,1,23.820,-29.280,2.23,-2.73,2.22,-2.73,INF,-1,0,7,0
9840,1,1,24.534,-28.800,2.29,-2.69,2.29,-2.69,INF,-1,0,7,0
9860,1,1,24.443,-29.564,2.28,-2.76,2.28,-2.76,INF,-1,0,7,0
9880,1,1,24.787,-29.143,2.32,-2.72,2.31,-2.72,INF,-1,0,7,0
9900,1,1,24.667,-28.120,2.30,-2.62,2.30,-2.63,INF,-1,0,7,0
9920,1,1,24.991,-28.923,2.33,-2.70,2.33,-2.70,INF,-1,0,7,0
9940,1,1,22.973,-29.942,2.15,-2.79,2.14,-2.80,INF,-1,0,7,0
9960,1,1,23.504,-28.231,2.20,-2.63,2.19,-2.64,INF,-1,0,7,0
9980,1,1,25.456,-30.304,2.38,-2.83,2.38,-2.83,INF,-1,0,7,0
10000,1,1,24.285,-30.269,2.27,-2.82,2.27,-2.83,INF,-1,1,7,0
10020,1,1,24.074,-29.597,2.25,-2.76,2.25,-2.76,INF,-1,1,7,0
10040,1,1,24.273,-28.168,2.27,-2.63,2.27,-2.63,INF,-1,1,7,0
10060,1,1,24.132,-26.308,2.25,-2.46,2.25,-2.46,INF,-1,1,7,0
10080,1,1,24.479,-29.086,2.29,-2.71,2.28,-2.72,INF,-1,1,7,0
10100,1,1,25.467,-25.770,2.38,-2.41,2.38,-2.41,INF,-1,1,7,0
10120,1,1,27.377,-27.198,2.56,-2.54,2.55,-2.54,INF,-1,1,7,0
10140,1,1,27.831,-21.454,2.60,-2.00,2.60,-2.00,INF,-1,1,7,0
10160,0,1,0.000,0.000,0.00,0.00,0.00,0.00,0.00,-1,1,7,0
10180,0,1,0.000,0.000,0.00,0.00,0.00,0.00,0.00,-1,1,7,0
10200,0,1,0.000,0.000,0.00,0.00,0.00,0.00,0.00,-1,1,7,0
10220,0,1,0.000,0.000,0.00,0.00,0.00,0.00,0.00,-1,1,7,0
10240,0,1,0.000,0.000,0.00,0.00,0.00,0.00,0.00,-1,0,7,0
10260,0,1,0.000,0.000,0.00,0.00,0.00,0.00,0.00,-1,0,7,0
10280,0,1,0.000,0.000,0.00,0.00,0.00,0.00,0.00,-1,0,7,0
10300,1,1,27.719,-22.053,2.59,-2.06,2.59,-2.06,INF,-1,0,7,0
10320,1,1,25.063,-15.681,2.34,-1.46,2.34,-1.47,INF,-1,0,7,0
10340,1,1,26.076,-18.188,2.44,-1.70,2.43,-1.70,INF,-1,0,7,0
10360,1,1,25.832,-18.093,2.41,-1.69,2.41,-1.69,INF,-1,0,7,0
10380,1,1,25.742,-18.433,2.40,-1.72,2.40,-1.72,INF,-1,0,7,0
10400,1,1,26.077,-20.349,2.44,-1.90,2.43,-1.90,INF,-1,0,7,0
10420,1,1,24.935,-18.939,2.33,-1.77,2.33,-1.77,INF,-1,0,7,0
10440,1,1,24.923,-18.341,2.33,-1.71,2.33,-1.71,INF,-1,0,7,0
10460,1,1,22.543,-18.238,2.11,-1.70,2.11,-1.70,INF,-1,0,7,0
10480,1,1,24.679,-20.376,2.31,-1.90,2.30,-1.90,INF,-1,0,7,0
10500,1,1,23.284,-19.966,2.18,-1.86,2.17,-1.87,INF,-1,0,7,0
10520,1,1,22.457,-20.550,2.10,-1.92,2.10,-1.92,INF,-1,0,7,0
10540,1,1,22.566,-18.900,2.11,-1.76,2.11,-1.77,INF,-1,0,7,0
10560,1,1,24.363,-19.626,2.28,-1.83,2.27,-1.83,INF,-1,0,7,0
10580,1,1,26.945,-19.685,2.52,-1.84,2.52,-1.84,INF,-1,1,7,0
10600,1,1,34.596,-18.988,3.23,-1.77,3.23,-1.77,INF,-1,1,7,0
10620,1,1,36.430,-21.749,3.40,-2.03,3.40,-2.03,INF,-1,1,7,0
10640,1,1,35.186,-22.613,3.29,-2.11,3.28,-2.11,INF,-1,1,7,0
10660,1,1,35.363,-20.128,3.30,-1.88,3.30,-1.88,INF,-1,0,7,0
10680,1,1,34.475,-19.896,3.22,-1.86,3.22,-1.86,INF,-1,0,7,0
10700,1,1,34.136,-21.607,3.19,-2.02,3.19,-2.02,INF,-1,0,7,0
10720,1,1,34.898,-23.225,3.26,-2.17,3.26,-2.17,INF,-1,0,7,0
10740,1,1,32.566,-21.713,3.04,-2.03,3.04,-2.03,INF,-1,0,7,0
10760,1,1,32.728,-22.245,3.06,-2.08,3.05,-2.08,INF,-1,0,7,0
10780,1,1,32.374,-22.235,3.02,-2.07,3.02,-2.08,INF,-1,0,7,0
10800,1,1,33.881,-23.069,3.16,-2.15,3.16,-2.16,INF,-1,0,7,0
10820,1,1,34.959,-22.516,3.26,-2.10,3.26,-2.10,INF,-1,0,7,0
10840,1,1,33.381,-20.444,3.12,-1.91,3.12,-1.91,INF,-1,0,7,0
10860,1,1,32.266,-19.522,3.01,-1.82,3.01,-1.82,INF,-1,0,7,0
10880,1,1,34.293,-21.828,3.20,-2.04,3.20,-2.04,INF,-1,0,7,0
10900,1,1,33.811,-20.844,3.16,-1.94,3.16,-1.95,INF,-1,1,7,0
10920,1,1,32.627,-20.575,3.05,-1.92,3.05,-1.92,INF,-1,1,7,0
10940,1,1,34.311,-20.523,3.20,-1.91,3.20,-1.92,INF,-1,1,7,0
10960,1,1,34.230,-20.757,3.20,-1.94,3.19,-1.94,INF,-1,1,7,0
10980,1,1,37.152,-26.632,3.47,-2.48,3.47,-2.49,INF,-1,1,7,0
11000,1,1,3.335,21.545,0.31,2.01,0.31,2.01,INF,-1,1,7,0
11020,1,1,1.732,21.224,0.16,1.98,0.16,1.98,INF,-1,1,7,0
11040,1,1,3.366,18.194,0.31,1.70,0.31,1.70,INF,-1,0,7,0
11060,1,1,1.811,20.610,0.17,1.93,0.17,1.93,INF,-1,0,7,0
11080,1,1,1.196,19.252,0.11,1.80,0.11,1.80,INF,-1,0,7,0
11100,1,1,2.888,19.385,0.27,1.81,0.27,1.81,INF,-1,0,7,0
11120,1,1,1.438,18.438,0.13,1.72,0.13,1.72,INF,-1,0,7,0
11140,1,1,1.587,19.126,0.15,1.79,0.15,1.79,INF,-1,0,7,0
11160,1,1,0.980,20.817,0.09,1.94,0.09,1.94,INF,-1,0,7,0
11180,1,1,1.167,20.635,0.11,1.93,0.11,1.93,INF,-1,0,7,0
11200,1,1,1.006,20.868,0.09,1.95,0.09,1.95,INF,-1,0,7,0
11220,1,1,1.727,20.957,0.16,1.96,0.16,1.96,INF,-1,0,7,0
11240,1,1,1.723,20.171,0.16,1.88,0.16,1.88,INF,-1,0,7,0
11260,1,1,1.837,20.198,0.17,1.89,0.17,1.89,INF,-1,0,7,0
11280,1,1,2.800,20.117,0.26,1.88,0.26,1.88,INF,-1,1,7,0
11300,1,1,1.679,20.735,0.16,1.94,0.16,1.94,INF,-1,1,7,0
11320,1,1,3.551,20.834,0.33,1.95,0.33,1.95,INF,-1,1,7,0
11340,1,1,2.402,18.982,0.22,1.77,0.22,1.77,INF,-1,1,7,0
11360,1,1,4.126,11.936,0.39,1.12,0.39,1.12,INF,-1,1,7,0
11380,1,1,5.973,-4.892,0.56,-0.46,0.56,-0.46,INF,-1,1,7,0
11400,1,1,6.767,-3.574,0.63,-0.33,0.63,-0.33,INF,-1,1,7,0
11420,1,1,5.522,-3.218,0.52,-0.30,0.52,-0.30,INF,-1,0,7,0
11440,1,1,6.985,-2.192,0.65,-0.20,0.65,-0.20,INF,-1,0,7,0
11460,1,1,8.577,-3.218,0.80,-0.30,0.80,-0.30,INF,-1,0,7,0
11480,1,1,7.367,-2.795,0.69,-0.26,0.69,-0.26,INF,-1,0,7,0
11500,1,1,7.090,-3.310,0.66,-0.31,0.66,-0.31,INF,-1,0,7,0
11520,1,1,7.192,-4.091,0.67,-0.38,0.67,-0.38,INF,-1,0,7,0
11540,1,1,7.225,-1.232,0.68,-0.12,0.68,-0.12,INF,-1,0,7,0
11560,1,1,7.550,-3.156,0.71,-0.29,0.71,-0.29,INF,-1,0,7,0
11580,1,1,7.550,-3.579,0.71,-0.33,0.71,-0.33,INF,-1,0,7,0
11600,1,1,8.202,-1.838,0.77,-0.17,0.77,-0.17,INF,-1,0,7,0
11620,1,1,6.704,-3.634,0.63,-0.34,0.63,-0.34,INF,-1,0,7,0
11640,1,1,6.057,-3.121,0.57,-0.29,0.57,-0.29,INF,-1,0,7,0
11660,1,1,7.476,-2.313,0.70,-0.22,0.70,-0.22,INF,-1,1,7,0
11680,1,1,6.919,-3.376,0.65,-0.32,0.65,-0.32,INF,-1,1,7,0
11700,1,1,5.202,-2.095,0.49,-0.20,0.49,-0.20,INF,-1,1,7,0
11720,1,1,3.957,-2.807,0.37,-0.26,0.37,-0.26,INF,-1,1,7,0
11740,1,1,6.122,-3.844,0.57,-0.36,0.57,-0.36,INF,-1,1,7,0
11760,1,1,7.620,-1.454,0.71,-0.14,0.71,-0.14,INF,-1,1,7,0
11780,1,1,6.392,-2.031,0.60,-0.19,0.60,-0.19,INF,-1,1,7,0
11800,1,1,6.191,-2.197,0.58,-0.21,0.58,-0.21,INF,-1,1,7,0
11820,1,1,7.704,-2.459,0.72,-0.23,0.72,-0.23,INF,-1,1,7,0
11840,1,1,0.498,-4.971,0.05,-0.46,0.05,-0.46,INF,-1,1,7,0
11860,1,1,-5.738,-3.746,-0.54,-0.35,-0.54,-0.35,INF,-1,1,7,0
11880,1,1,-5.784,-4.470,-0.54,-0.42,-0.54,-0.42,INF,-1,1,7,0
11900,1,1,-3.534,-5.249,-0.33,-0.49,-0.33,-0.49,INF,-1,0,7,0
11920,1,1,-3.795,-6.554,-0.35,-0.61,-0.35,-0.61,INF,-1,0,7,0
11940,1,1,-4.015,-5.487,-0.38,-0.51,-0.38,-0.51,INF,-1,0,7,0
11960,1,1,-5.093,-7.347,-0.48,-0.69,-0.48,-0.69,INF,-1,0,7,0
11980,1,1,-4.038,-4.908,-0.38,-0.46,-0.38,-0.46,INF,-1,0,7,0
12000,1,1,-3.783,-4.983,-0.35,-0.47,-0.35,-0.47,INF,-1,0,7,0
12020,1,1,-3.907,-5.693,-0.37,-0.53,-0.37,-0.53,INF,-1,0,7,0
12040,1,1,-4.986,-3.312,-0.47,-0.31,-0.47,-0.31,INF,-1,0,7,0
12060,1,1,-2.513,-5.141,-0.23,-0.48,-0.23,-0.48,INF,-1,0,7,0
12080,1,1,-2.240,-5.212,-0.21,-0.49,-0.21,-0.49,INF,-1,0,7,0
12100,1,1,-4.168,-4.327,-0.39,-0.40,-0.39,-0.40,INF,-1,0,7,0
12120,1,1,-2.378,-5.768,-0.22,-0.54,-0.22,-0.54,INF,-1,0,7,0
12140,1,1,0.570,-3.623,0.05,-0.34,0.05,-0.34,INF,-1,1,7,0
12160,0,1,0.000,0.000,0.00,0.00,0.00,0.00,0.00,-1,1,7,0
12180,0,1,0.000,0.000,0.00,0.00,0.00,0.00,0.00,-1,1,7,0
12200,0,1,0.000,0.000,0.00,0.00,0.00,0.00,0.00,-1,1,7,0
12220,0,1,0.000,0.000,0.00,0.00,0.00,0.00,0.00,-1,1,7,0
12240,0,1,0.000,0.000,0.00,0.00,0.00,0.00,0.00,-1,0,7,0
12260,0,1,0.000,0.000,0.00,0.00,0.00,0.00,0.00,-1,0,7,0
12280,0,1,0.000,0.000,0.00,0.00,0.00,0.00,0.00,-1,0,7,0
12300,0,1,0.000,0.000,0.00,0.00,0.00,0.00,0.00,-1,0,7,0
12320,1,1,1.653,5.484,0.15,0.51,0.15,0.51,INF,-1,0,7,0
12340,1,1,2.395,5.293,0.22,0.49,0.22,0.49,INF,-1,0,7,0
12360,1,1,1.623,4.744,0.15,0.44,0.15,0.44,INF,-1,0,7,0
12380,1,1,0.250,5.254,0.02,0.49,0.02,0.49,INF,-1,0,7,0
12400,1,1,1.639,5.105,0.15,0.48,0.15,0.48,INF,-1,0,7,0
12420,1,1,1.564,3.982,0.15,0.37,0.15,0.37,INF,-1,0,7,0
12440,1,1,2.599,3.507,0.24,0.33,0.24,0.33,INF,-1,0,7,0
12460,1,1,1.023,5.582,0.10,0.52,0.10,0.52,INF,-1,0,7,0
12480,1,1,1.876,5.294,0.18,0.49,0.18,0.49,INF,-1,0,7,0
12500,1,1,1.051,4.874,0.10,0.46,0.10,0.46,INF,-1,0,7,0
12520,1,1,-0.833,3.128,-0.08,0.29,-0.08,0.29,INF,-1,0,7,0
12540,1,1,0.814,4.044,0.08,0.38,0.08,0.38,INF,-1,0,7,0
12560,1,1,2.337,3.925,0.22,0.37,0.22,0.37,INF,-1,0,7,0
12580,1,1,2.374,4.118,0.22,0.38,0.22,0.38,INF,-1,0,7,0
12600,1,1,1.317,5.203,0.12,0.49,0.12,0.49,INF,-1,1,7,0
12620,1,1,1.922,6.483,0.18,0.61,0.18,0.61,INF,-1,1,7,0
12640,1,1,0.264,5.192,0.02,0.49,0.02,0.49,INF,-1,1,7,0
12660,1,1,3.390,6.877,0.32,0.64,0.32,0.64,INF,-1,1,7,0
12680,1,1,8.072,-0.328,0.75,-0.03,0.75,-0.03,INF,-1,1,7,0
12700,1,1,7.570,0.418,0.71,0.04,0.71,0.04,INF,-1,1,7,0
12720,1,1,6.283,1.240,0.59,0.12,0.59,0.12,INF,-1,1,7,0
12740,1,1,7.792,1.265,0.73,0.12,0.73,0.12,INF,-1,1,7,0
12760,1,1,7.951,0.921,0.74,0.09,0.74,0.09,INF,-1,1,7,0
12780,1,1,7.938,-1.053,0.74,-0.10,0.74,-0.10,INF,-1,1,7,0
12800,1,1,5.688,0.287,0.53,0.03,0.53,0.03,INF,-1,1,7,0
12820,1,1,5.550,-0.412,0.52,-0.04,0.52,-0.04,INF,-1,1,7,0
12840,1,1,5.433,-0.268,0.51,-0.03,0.51,-0.03,INF,-1,1,7,0
12860,1,1,6.121,-0.064,0.57,-0.01,0.57,-0.01,INF,-1,1,7,0
12880,1,1,5.583,0.786,0.52,0.07,0.52,0.07,INF,-1,1,7,0
12900,1,1,4.907,-0.371,0.46,-0.03,0.46,-0.03,INF,-1,1,7,0
12920,1,1,4.097,-0.172,0.38,-0.02,0.38,-0.02,INF,-1,1,7,0
12940,1,1,2.808,0.422,0.26,0.04,0.26,0.04,INF,-1,1,7,0
12960,1,1,2.967,-0.280,0.28,-0.03,0.28,-0.03,INF,-1,1,7,0
12980,1,1,4.898,0.110,0.46,0.01,0.46,0.01,INF,-1,1,7,0
13000,1,1,5.077,0.153,0.47,0.01,0.47,0.01,INF,-1,1,7,0
13020,1,1,5.388,-0.423,0.50,-0.04,0.50,-0.04,INF,-1,1,7,0
13040,1,1,5.549,-0.415,0.52,-0.04,0.52,-0.04,INF,-1,1,7,0
13060,1,1,5.324,0.921,0.50,0.09,0.50,0.09,INF,-1,1,7,0
13080,1,1,5.559,-0.852,0.52,-0.08,0.52,-0.08,INF,-1,1,7,0
13100,1,1,4.521,-2.094,0.42,-0.20,0.42,-0.20,INF,-1,1,7,0
13120,1,1,4.706,-1.037,0.44,-0.10,0.44,-0.10,INF,-1,1,7,0
13140,1,1,5.058,-1.647,0.47,-0.15,0.47,-0.15,INF,-1,1,7,0
13160,1,1,3.159,-3.131,0.30,-0.29,0.30,-0.29,INF,-1,1,7,0
13180,1,1,5.370,-1.652,0.50,-0.15,0.50,-0.15,INF,-1,1,7,0
13200,1,1,6.005,-1.712,0.56,-0.16,0.56,-0.16,INF,-1,1,7,0
13220,1,1,4.466,-2.633,0.42,-0.25,0.42,-0.25,INF,-1,1,7,0
13240,1,1,4.351,-2.361,0.41,-0.22,0.41,-0.22,INF,-1,1,7,0
13260,1,1,4.518,-2.594,0.42,-0.24,0.42,-0.24,INF,-1,1,7,0
13280,1,1,6.000,-2.316,0.56,-0.22,0.56,-0.22,INF,-1,1,7,0
13300,1,1,5.155,-4.595,0.48,-0.43,0.48,-0.43,INF,-1,1,7,0
13320,1,1,4.518,-3.014,0.42,-0.28,0.42,-0.28,INF,-1,1,7,0
13340,1,1,6.571,-2.540,0.61,-0.24,0.61,-0.24,INF,-1,1,7,0
13360,1,1,6.271,-2.401,0.59,-0.22,0.59,-0.22,INF,-1,1,7,0
13380,1,1,6.042,-3.859,0.56,-0.36,0.56,-0.36,INF,-1,1,7,0
13400,1,1,5.523,-4.647,0.52,-0.43,0.52,-0.43,INF,-1,1,7,0
13420,1,1,6.457,-4.487,0.60,-0.42,0.60,-0.42,INF,-1,1,7,0
13440,1,1,5.633,-2.516,0.53,-0.24,0.53,-0.24,INF,-1,1,7,0
13460,1,1,6.387,-3.540,0.60,-0.33,0.60,-0.33,INF,-1,1,7,0
13480,1,1,8.565,-2.675,0.80,-0.25,0.80,-0.25,INF,-1,1,7,0
13500,1,1,6.837,-3.594,0.64,-0.34,0.64,-0.34,INF,-1,1,7,0
13520,1,1,6.894,-4.799,0.64,-0.45,0.64,-0.45,INF,-1,1,7,0
13540,1,1,7.116,-3.525,0.67,-0.33,0.67,-0.33,INF,-1,1,7,0
13560,1,1,6.235,-2.407,0.58,-0.22,0.58,-0.22,INF,-1,1,7,0
13580,1,1,10.291,-2.697,0.96,-0.25,0.96,-0.25,INF,-1,1,7,0
13600,0,1,0.000,0.000,0.00,0.00,0.00,0.00,0.00,-1,1,7,0
13620,0,1,0.000,0.000,0.00,0.00,0.00,0.00,0.00,-1,1,7,0
13640,0,1,0.000,0.000,0.00,0.00,0.00,0.00,0.00,-1,1,7,0
13660,0,1,0.000,0.000,0.00,0.00,0.00,0.00,0.00,-1,0,7,0
13680,0,1,0.000,0.000,0.00,0.00,0.00,0.00,0.00,-1,0,7,0
13700,0,1,0.000,0.000,0.00,0.00,0.00,0.00,0.00,-1,0,7,0
13720,0,1,0.000,0.000,0.00,0.00,0.00,0.00,0.00,-1,0,7,0
13740,0,1,0.000,0.000,0.00,0.00,0.00,0.00,0.00,-1,0,7,0
13760,1,1,10.254,-9.324,0.96,-0.87,0.96,-0.87,INF,-1,0,7,0
13780,1,1,12.571,-11.742,1.17,-1.10,1.17,-1.10,INF,-1,0,7,0
13800,1,1,9.694,-10.216,0.91,-0.95,0.91,-0.95,INF,-1,0,7,0
13820,1,1,10.283,-11.235,0.96,-1.05,0.96,-1.05,INF,-1,0,7,0
13840,1,1,9.194,-11.376,0.86,-1.06,0.86,-1.06,INF,-1,0,7,0
13860,1,1,11.509,-9.979,1.08,-0.93,1.08,-0.93,INF,-1,0,7,0
13880,1,1,9.227,-11.621,0.86,-1.09,0.86,-1.09,INF,-1,0,7,0
13900,1,1,10.256,-11.317,0.96,-1.06,0.96,-1.06,INF,-1,0,7,0
13920,1,1,11.281,-11.487,1.05,-1.07,1.05,-1.07,INF,-1,0,7,0
13940,1,1,11.103,-9.930,1.04,-0.93,1.04,-0.93,INF,-1,0,7,0
13960,1,1,9.551,-9.077,0.89,-0.85,0.89,-0.85,INF,-1,0,7,0
13980,1,1,11.201,-10.485,1.05,-0.98,1.05,-0.98,INF,-1,0,7,0
14000,1,1,10.056,-8.085,0.94,-0.76,0.94,-0.76,INF,-1,0,7,0
14020,1,1,10.999,-10.197,1.03,-0.95,1.03,-0.95,INF,-1,0,7,0
14040,1,1,10.459,-10.083,0.98,-0.94,0.98,-0.94,INF,-1,1,7,0
14060,1,1,9.638,-10.625,0.90,-0.99,0.90,-0.99,INF,-1,1,7,0
14080,1,1,10.111,-11.659,0.94,-1.09,0.94,-1.09,INF,-1,1,7,0
14100,1,1,12.185,-11.447,1.14,-1.07,1.14,-1.07,INF,-1,1,7,0
14120,1,1,6.530,-12.207,0.61,-1.14,0.61,-1.14,INF,-1,1,7,0
14140,1,1,-0.713,-3.303,-0.07,-0.31,-0.07,-0.31,INF,-1,1,7,0
14160,1,1,3.090,-0.383,0.29,-0.04,0.29,-0.04,INF,-1,1,7,0
14180,1,1,3.815,-2.381,0.36,-0.22,0.36,-0.22,INF,-1,0,7,0
14200,1,1,3.391,-3.670,0.32,-0.34,0.32,-0.34,INF,-1,0,7,0
14220,1,1,4.526,-2.404,0.42,-0.22,0.42,-0.22,INF,-1,0,7,0
14240,1,1,2.796,-2.542,0.26,-0.24,0.26,-0.24,INF,-1,0,7,0
14260,1,1,3.167,-2.986,0.30,-0.28,0.30,-0.28,INF,-1,0,7,0
14280,1,1,1.495,-2.455,0.14,-0.23,0.14,-0.23,INF,-1,0,7,0
14300,1,1,1.503,-1.815,0.14,-0.17,0.14,-0.17,INF,-1,0,7,0
14320,1,1,1.648,-1.961,0.15,-0.18,0.15,-0.18,INF,-1,0,7,0
14340,1,1,3.287,-2.534,0.31,-0.24,0.31,-0.24,INF,-1,0,7,0
14360,1,1,2.917,-1.743,0.27,-0.16,0.27,-0.16,INF,-1,0,7,0
14380,1,1,3.844,-1.658,0.36,-0.16,0.36,-0.16,INF,-1,0,7,0
14400,1,1,4.095,-1.013,0.38,-0.09,0.38,-0.09,INF,-1,0,7,0
14420,1,1,4.761,-1.861,0.44,-0.17,0.44,-0.17,INF,-1,1,7,0
14440,1,1,2.740,-2.039,0.26,-0.19,0.26,-0.19,INF,-1,1,7,0
14460,1,1,4.606,-2.233,0.43,-0.21,0.43,-0.21,INF,-1,1,7,0
14480,1,1,3.055,-2.912,0.29,-0.27,0.29,-0.27,INF,-1,1,7,0
14500,1,1,4.079,-0.817,0.38,-0.08,0.38,-0.08,INF,-1,1,7,0
14520,1,1,5.121,6.503,0.48,0.61,0.48,0.61,INF,-1,1,7,0
14540,1,1,1.930,6.503,0.18,0.61,0.18,0.61,INF,-1,1,7,0
14560,1,1,3.901,5.851,0.36,0.55,0.36,0.55,INF,-1,1,7,0
14580,1,1,3.266,5.799,0.31,0.54,0.31,0.54,INF,-1,1,7,0
14600,1,1,1.876,6.760,0.18,0.63,0.18,0.63,INF,-1,1,7,0
14620,1,1,3.159,6.914,0.30,0.65,0.30,0.65,INF,-1,1,7,0
14640,1,1,1.808,6.775,0.17,0.63,0.17,0.63,INF,-1,1,7,0
14660,1,1,2.788,6.888,0.26,0.64,0.26,0.64,INF,-1,1,7,0
14680,1,1,2.394,7.029,0.22,0.66,0.22,0.66,INF,-1,1,7,0
14700,1,1,4.704,7.729,0.44,0.72,0.44,0.72,INF,-1,1,7,0
14720,1,1,1.503,6.664,0.14,0.62,0.14,0.62,INF,-1,1,7,0
14740,1,1,3.376,5.365,0.32,0.50,0.32,0.50,INF,-1,1,7,0
14760,1,1,2.430,8.217,0.23,0.77,0.23,0.77,INF,-1,1,7,0
14780,1,1,2.541,7.396,0.24,0.69,0.24,0.69,INF,-1,1,7,0
14800,1,1,5.024,6.238,0.47,0.58,0.47,0.58,INF,-1,1,7,0
14820,1,1,1.708,7.753,0.16,0.72,0.16,0.72,INF,-1,1,7,0
14840,1,1,3.735,7.311,0.35,0.68,0.35,0.68,INF,-1,1,7,0
14860,1,1,3.094,7.150,0.29,0.67,0.29,0.67,INF,-1,1,7,0
14880,1,1,1.440,5.105,0.13,0.48,0.13,0.48,INF,-1,1,7,0
14900,1,1,2.727,7.627,0.25,0.71,0.25,0.71,INF,-1,1,7,0
14920,1,1,3.023,7.384,0.28,0.69,0.28,0.69,INF,-1,1,7,0
14940,1,1,0.983,16.556,0.09,1.55,0.09,1.55,INF,-1,1,7,0
14960,1,1,-1.772,16.833,-0.17,1.57,-0.17,1.57,INF,-1,1,7,0
14980,1,1,1.366,15.208,0.13,1.42,0.13,1.42,INF,-1,0,7,0
