"EyeTracker Toolbox version","3.250"
CalibrationParameters_A11,1.06638
CalibrationParameters_A12,0.04857
CalibrationParameters_A13,0.06976
CalibrationParameters_A21,0.02727
CalibrationParameters_A22,-1.09297
CalibrationParameters_A23,-0.06897
CalibrationParameters_A31,0.00130
CalibrationParameters_A32,0.00096
CalibrationParameters_E11,-0.18005
CalibrationParameters_E12,0.00014
CalibrationParameters_E21,-0.00014
CalibrationParameters_E22,0.20010
CalibrationParameters_X,-12.29452
CalibrationParameters_Y,29.63786
CalibrationParameters_Rpc,70.90083
CalibrationParameters_MeanX,168.97208
CalibrationParameters_MeanY,101.17358
CalibrationParameters_ViewDist,613.00000
TimeStamp,Tracked,Calibrated,ScreenPositionXmm,ScreenPositionYmm,FicksLongitude,FicksLatitude,HelmholtzAzimuth,HelmholtzElevation,PupilDiameter,Region,Fixation,DigitalIO,Dropped
0,0,1,0.000,0.000,0.00,0.00,0.00,0.00,0.00,-1,0,7,0
20,0,1,0.000,0.000,0.00,0.00,0.00,0.00,0.00,-1,0,7,0
40,0,1,0.000,0.000,0.00,0.00,0.00,0.00,0.00,-1,0,7,0
60,0,1,0.000,0.000,0.00,0.00,0.00,0.00,0.00,-1,0,7,0
80,1,1,33.063,6.354,3.09,0.59,3.09,0.59,INF,-1,0,7,0
100,1,1,29.216,5.567,2.73,0.52,2.73,0.52,INF,-1,0,7,0
120,1,1,31.714,5.102,2.96,0.48,2.96,0.48,INF,-1,0,7,0
140,1,1,32.624,4.365,3.05,0.41,3.05,0.41,INF,-1,0,7,0
160,1,1,32.391,6.206,3.02,0.58,3.02,0.58,INF,-1,0,7,0
180,1,1,31.266,4.950,2.92,0.46,2.92,0.46,INF,-1,0,7,0
200,1,1,31.384,5.680,2.93,0.53,2.93,0.53,INF,-1,0,7,0
220,1,1,29.692,3.477,2.77,0.32,2.77,0.33,INF,-1,0,7,0
240,1,1,28.945,3.586,2.70,0.33,2.70,0.34,INF,-1,0,7,0
260,1,1,32.498,6.616,3.03,0.62,3.03,0.62,INF,-1,0,7,0
280,1,1,-20.411,7.314,-1.91,0.68,-1.91,0.68,INF,-1,0,7,0
300,1,1,-12.558,6.924,-1.17,0.65,-1.17,0.65,INF,-1,0,7,0
320,1,1,-14.409,7.097,-1.35,0.66,-1.35,0.66,INF,-1,0,7,0
340,1,1,-15.582,5.869,-1.46,0.55,-1.46,0.55,INF,-1,0,7,0
360,1,1,-19.562,7.181,-1.83,0.67,-1.83,0.67,INF,-1,0,7,0
380,1,1,-18.163,6.655,-1.70,0.62,-1.70,0.62,INF,-1,0,7,0
400,1,1,-17.997,5.480,-1.68,0.51,-1.68,0.51,INF,-1,0,7,0
420,1,1,-17.903,8.002,-1.67,0.75,-1.67,0.75,INF,-1,0,7,0
440,1,1,-15.740,9.246,-1.47,0.86,-1.47,0.86,INF,-1,0,7,0
460,1,1,-16.931,5.431,-1.58,0.51,-1.58,0.51,INF,-1,0,7,0
480,1,1,-14.058,6.806,-1.31,0.64,-1.31,0.64,INF,-1,0,7,0
500,1,1,-19.276,3.852,-1.80,0.36,-1.80,0.36,INF,-1,0,7,0
520,1,1,-13.967,5.736,-1.31,0.54,-1.31,0.54,INF,-1,0,7,0
540,1,1,-13.231,6.976,-1.24,0.65,-1.24,0.65,INF,-1,0,7,0
560,1,1,-17.759,5.360,-1.66,0.50,-1.66,0.50,INF,-1,1,7,0
580,1,1,-17.157,5.213,-1.60,0.49,-1.60,0.49,INF,-1,1,7,0
600,1,1,-14.156,6.492,-1.32,0.61,-1.32,0.61,INF,-1,1,7,0
620,1,1,-17.451,6.421,-1.63,0.60,-1.63,0.60,INF,-1,1,7,0
640,1,1,-13.900,5.406,-1.30,0.51,-1.30,0.51,INF,-1,1,7,0
660,1,1,-15.527,4.300,-1.45,0.40,-1.45,0.40,INF,-1,1,7,0
680,1,1,-16.718,5.468,-1.56,0.51,-1.56,0.51,INF,-1,1,7,0
700,1,1,-10.694,9.747,-1.00,0.91,-1.00,0.91,INF,-1,1,7,0
720,0,1,0.000,0.000,0.00,0.00,0.00,0.00,0.00,-1,1,7,0
740,0,1,0.000,0.000,0.00,0.00,0.00,0.00,0.00,-1,1,7,0
760,0,1,0.000,0.000,0.00,0.00,0.00,0.00,0.00,-1,1,7,0
780,0,1,0.000,0.000,0.00,0.00,0.00,0.00,0.00,-1,1,7,0
800,0,1,0.000,0.000,0.00,0.00,0.00,0.00,0.00,-1,0,7,0
820,0,1,0.000,0.000,0.00,0.00,0.00,0.00,0.00,-1,0,7,0
840,0,1,0.000,0.000,0.00,0.00,0.00,0.00,0.00,-1,0,7,0
860,0,1,0.000,0.000,0.00,0.00,0.00,0.00,0.00,-1,0,7,0
880,0,1,0.000,0.000,0.00,0.00,0.00,0.00,0.00,-1,0,7,0
900,0,1,0.000,0.000,0.00,0.00,0.00,0.00,0.00,-1,0,7,0
920,0,1,0.000,0.000,0.00,0.00,0.00,0.00,0.00,-1,0,7,0
940,0,1,0.000,0.000,0.00,0.00,0.00,0.00,0.00,-1,0,7,0
960,0,1,0.000,0.000,0.00,0.00,0.00,0.00,0.00,-1,0,7,0
980,0,1,0.000,0.000,0.00,0.00,0.00,0.00,0.00,-1,0,7,0
1000,0,1,0.000,0.000,0.00,0.00,0.00,0.00,0.00,-1,0,7,0
1020,1,1,-22.236,7.178,-2.08,0.67,-2.08,0.67,INF,-1,0,7,0
1040,1,1,-23.279,8.824,-2.17,0.82,-2.17,0.82,INF,-1,0,7,0
1060,1,1,-22.789,9.265,-2.13,0.87,-2.13,0.87,INF,-1,0,7,0
1080,1,1,-22.633,7.292,-2.11,0.68,-2.11,0.68,INF,-1,0,7,0
1100,1,1,-21.108,7.547,-1.97,0.70,-1.97,0.71,INF,-1,0,7,0
1120,1,1,-23.363,7.100,-2.18,0.66,-2.18,0.66,INF,-1,0,7,0
1140,1,1,-22.398,8.619,-2.09,0.80,-2.09,0.81,INF,-1,0,7,0
1160,1,1,-23.788,8.058,-2.22,0.75,-2.22,0.75,INF,-1,0,7,0
1180,1,1,-23.007,7.164,-2.15,0.67,-2.15,0.67,INF,-1,0,7,0
1200,1,1,-21.651,9.123,-2.02,0.85,-2.02,0.85,INF,-1,0,7,0
1220,1,1,-22.366,9.596,-2.09,0.90,-2.09,0.90,INF,-1,0,7,0
1240,1,1,-30.419,3.917,-2.84,0.37,-2.84,0.37,INF,-1,0,7,0
1260,1,1,-28.333,6.706,-2.65,0.63,-2.65,0.63,INF,-1,0,7,0
1280,1,1,-31.423,8.828,-2.93,0.82,-2.93,0.83,INF,-1,0,7,0
1300,1,1,-29.996,9.179,-2.80,0.86,-2.80,0.86,INF,-1,1,7,0
1320,1,1,-31.893,5.230,-2.98,0.49,-2.98,0.49,INF,-1,1,7,0
1340,1,1,-29.423,7.725,-2.75,0.72,-2.75,0.72,INF,-1,1,7,0
1360,1,1,-28.544,7.698,-2.67,0.72,-2.67,0.72,INF,-1,1,7,0
1380,0,1,0.000,0.000,0.00,0.00,0.00,0.00,0.00,-1,1,7,0
1400,1,1,-31.159,14.636,-2.91,1.37,-2.91,1.37,INF,-1,1,7,0
1420,1,1,-28.419,10.432,-2.65,0.97,-2.65,0.98,INF,-1,1,7,0
1440,1,1,-30.979,10.557,-2.89,0.99,-2.89,0.99,INF,-1,1,7,0
1460,1,1,-31.546,10.792,-2.95,1.01,-2.95,1.01,INF,-1,1,7,0
1480,0,1,0.000,0.000,0.00,0.00,0.00,0.00,0.00,-1,1,7,0
1500,1,1,-30.919,1.873,-2.89,0.17,-2.89,0.18,INF,-1,1,7,0
1520,1,1,-9.425,11.589,-0.88,1.08,-0.88,1.08,INF,-1,1,7,0
1540,1,1,-4.681,23.467,-0.44,2.19,-0.44,2.19,INF,-1,1,7,0
1560,1,1,-8.284,18.387,-0.77,1.72,-0.77,1.72,INF,-1,0,7,0
1580,1,1,-8.826,20.643,-0.82,1.93,-0.82,1.93,INF,-1,0,7,0
1600,1,1,-8.014,21.443,-0.75,2.00,-0.75,2.00,INF,-1,0,7,0
1620,1,1,-4.727,20.235,-0.44,1.89,-0.44,1.89,INF,-1,0,7,0
1640,1,1,-7.520,19.946,-0.70,1.86,-0.70,1.86,INF,-1,0,7,0
1660,1,1,-5.947,20.761,-0.56,1.94,-0.56,1.94,INF,-1,0,7,0
1680,1,1,-9.404,21.532,-0.88,2.01,-0.88,2.01,INF,-1,0,7,0
1700,1,1,-5.054,21.279,-0.47,1.99,-0.47,1.99,INF,-1,0,7,0
1720,1,1,-5.244,23.352,-0.49,2.18,-0.49,2.18,INF,-1,0,7,0
1740,1,1,-5.775,21.444,-0.54,2.00,-0.54,2.00,INF,-1,0,7,0
1760,1,1,-6.453,23.854,-0.60,2.23,-0.60,2.23,INF,-1,0,7,0
1780,1,1,-7.225,20.365,-0.68,1.90,-0.67,1.90,INF,-1,0,7,0
1800,1,1,-6.517,21.486,-0.61,2.01,-0.61,2.01,INF,-1,1,7,0
1820,1,1,-6.443,19.165,-0.60,1.79,-0.60,1.79,INF,-1,1,7,0
1840,1,1,-7.063,20.969,-0.66,1.96,-0.66,1.96,INF,-1,1,7,0
1860,1,1,-6.176,20.083,-0.58,1.88,-0.58,1.88,INF,-1,1,7,0
1880,1,1,-4.955,21.829,-0.46,2.04,-0.46,2.04,INF,-1,1,7,0
1900,1,1,-8.156,21.428,-0.76,2.00,-0.76,2.00,INF,-1,1,7,0
1920,1,1,-6.066,24.036,-0.57,2.25,-0.57,2.25,INF,-1,1,7,0
1940,1,1,-5.750,21.714,-0.54,2.03,-0.54,2.03,INF,-1,1,7,0
1960,1,1,-6.805,20.723,-0.64,1.94,-0.64,1.94,INF,-1,1,7,0
1980,1,1,-7.776,22.735,-0.73,2.12,-0.73,2.12,INF,-1,1,7,0
2000,1,1,-6.783,22.652,-0.63,2.12,-0.63,2.12,INF,-1,1,7,0
2020,1,1,-5.014,22.000,-0.47,2.06,-0.47,2.06,INF,-1,1,7,0
2040,1,1,-13.637,18.479,-1.27,1.73,-1.27,1.73,INF,-1,1,7,0
2060,1,1,-27.385,12.529,-2.56,1.17,-2.56,1.17,INF,-1,1,7,0
2080,1,1,-25.245,12.591,-2.36,1.18,-2.36,1.18,INF,-1,1,7,0
2100,1,1,-26.746,11.326,-2.50,1.06,-2.50,1.06,INF,-1,0,7,0
2120,1,1,-26.748,12.964,-2.50,1.21,-2.50,1.21,INF,-1,0,7,0
2140,1,1,-26.541,9.418,-2.48,0.88,-2.48,0.88,INF,-1,0,7,0
2160,1,1,-28.659,10.814,-2.68,1.01,-2.68,1.01,INF,-1,0,7,0
2180,1,1,-24.423,8.561,-2.28,0.80,-2.28,0.80,INF,-1,0,7,0
2200,1,1,-24.173,4.368,-2.26,0.41,-2.26,0.41,INF,-1,0,7,0
2220,1,1,-24.573,7.848,-2.30,0.73,-2.30,0.73,INF,-1,0,7,0
2240,1,1,-23.897,6.698,-2.23,0.63,-2.23,0.63,INF,-1,0,7,0
2260,1,1,-21.797,7.258,-2.04,0.68,-2.04,0.68,INF,-1,0,7,0
2280,1,1,-22.438,9.962,-2.10,0.93,-2.10,0.93,INF,-1,0,7,0
2300,1,1,-23.670,7.554,-2.21,0.71,-2.21,0.71,INF,-1,0,7,0
2320,1,1,-23.015,8.423,-2.15,0.79,-2.15,0.79,INF,-1,0,7,0
2340,1,1,-24.854,8.981,-2.32,0.84,-2.32,0.84,INF,-1,1,7,0
2360,1,1,-24.200,8.892,-2.26,0.83,-2.26,0.83,INF,-1,1,7,0
2380,0,1,0.000,0.000,0.00,0.00,0.00,0.00,0.00,-1,1,7,0
2400,1,1,-25.888,8.768,-2.42,0.82,-2.42,0.82,INF,-1,1,7,0
2420,1,1,-24.927,7.871,-2.33,0.74,-2.33,0.74,INF,-1,1,7,0
2440,1,1,-25.447,12.822,-2.38,1.20,-2.38,1.20,INF,-1,1,7,0
2460,1,1,-22.402,9.316,-2.09,0.87,-2.09,0.87,INF,-1,1,7,0
2480,1,1,-24.364,6.434,-2.28,0.60,-2.28,0.60,INF,-1,1,7,0
2500,1,1,-26.351,5.785,-2.46,0.54,-2.46,0.54,INF,-1,1,7,0
2520,1,1,-26.535,5.927,-2.48,0.55,-2.48,0.55,INF,-1,1,7,0
2540,1,1,-25.721,8.689,-2.40,0.81,-2.40,0.81,INF,-1,1,7,0
2560,1,1,-25.589,10.993,-2.39,1.03,-2.39,1.03,INF,-1,1,7,0
2580,1,1,-25.723,7.961,-2.40,0.74,-2.40,0.74,INF,-1,1,7,0
2600,1,1,-23.506,6.043,-2.20,0.56,-2.20,0.56,INF,-1,1,7,0
2620,1,1,-25.192,9.714,-2.35,0.91,-2.35,0.91,INF,-1,1,7,0
2640,1,1,-21.601,11.655,-2.02,1.09,-2.02,1.09,INF,-1,1,7,0
2660,1,1,-24.467,6.978,-2.29,0.65,-2.29,0.65,INF,-1,1,7,0
2680,1,1,-25.462,6.653,-2.38,0.62,-2.38,0.62,INF,-1,1,7,0
2700,0,1,0.000,0.000,0.00,0.00,0.00,0.00,0.00,-1,1,7,0
2720,0,1,0.000,0.000,0.00,0.00,0.00,0.00,0.00,-1,1,7,0
2740,0,1,0.000,0.000,0.00,0.00,0.00,0.00,0.00,-1,1,7,0
2760,1,1,-21.119,8.906,-1.97,0.83,-1.97,0.83,INF,-1,1,7,0
2780,1,1,-21.504,5.044,-2.01,0.47,-2.01,0.47,INF,-1,1,7,0
2800,0,1,0.000,0.000,0.00,0.00,0.00,0.00,0.00,-1,1,7,0
2820,0,1,0.000,0.000,0.00,0.00,0.00,0.00,0.00,-1,1,7,0
2840,1,1,-21.034,4.134,-1.97,0.39,-1.97,0.39,INF,-1,1,7,0
2860,1,1,-21.166,7.143,-1.98,0.67,-1.98,0.67,INF,-1,1,7,0
2880,0,1,0.000,0.000,0.00,0.00,0.00,0.00,0.00,-1,1,7,0
2900,1,1,-21.317,7.285,-1.99,0.68,-1.99,0.68,INF,-1,1,7,0
2920,0,1,0.000,0.000,0.00,0.00,0.00,0.00,0.00,-1,1,7,0
2940,1,1,-52.270,1.881,-4.87,0.18,-4.87,0.18,INF,-1,1,7,0
2960,1,1,-23.807,5.419,-2.22,0.51,-2.22,0.51,INF,-1,1,7,0
2980,0,1,0.000,0.000,0.00,0.00,0.00,0.00,0.00,-1,1,7,0
3000,1,1,-17.338,-2.417,-1.62,-0.23,-1.62,-0.23,INF,-1,1,7,0
3020,0,1,0.000,0.000,0.00,0.00,0.00,0.00,0.00,-1,1,7,0
3040,1,1,-1.756,13.737,-0.16,1.28,-0.16,1.28,INF,-1,1,7,0
3060,1,1,-3.499,9.274,-0.33,0.87,-0.33,0.87,INF,-1,0,7,0
3080,1,1,-2.627,14.915,-0.25,1.39,-0.25,1.39,INF,-1,0,7,0
3100,1,1,-3.457,12.914,-0.32,1.21,-0.32,1.21,INF,-1,0,7,0
3120,1,1,-4.079,10.315,-0.38,0.96,-0.38,0.96,INF,-1,0,7,0
3140,1,1,-3.420,12.529,-0.32,1.17,-0.32,1.17,INF,-1,0,7,0
3160,1,1,-0.371,14.086,-0.03,1.32,-0.03,1.32,INF,-1,0,7,0
3180,1,1,-1.750,10.954,-0.16,1.02,-0.16,1.02,INF,-1,0,7,0
3200,1,1,-3.685,10.696,-0.34,1.00,-0.34,1.00,INF,-1,0,7,0
3220,1,1,-2.559,11.669,-0.24,1.09,-0.24,1.09,INF,-1,0,7,0
3240,1,1,-0.590,10.494,-0.06,0.98,-0.06,0.98,INF,-1,0,7,0
3260,1,1,-1.170,11.483,-0.11,1.07,-0.11,1.07,INF,-1,0,7,0
3280,1,1,-1.515,11.711,-0.14,1.09,-0.14,1.09,INF,-1,0,7,0
3300,1,1,-2.553,13.931,-0.24,1.30,-0.24,1.30,INF,-1,0,7,0
3320,1,1,-0.892,14.807,-0.08,1.38,-0.08,1.38,INF,-1,1,7,0
3340,1,1,-3.075,10.714,-0.29,1.00,-0.29,1.00,INF,-1,1,7,0
3360,1,1,-2.495,17.777,-0.23,1.66,-0.23,1.66,INF,-1,1,7,0
3380,1,1,-0.510,16.767,-0.05,1.57,-0.05,1.57,INF,-1,1,7,0
3400,1,1,-1.626,13.834,-0.15,1.29,-0.15,1.29,INF,-1,1,7,0
3420,1,1,-0.135,18.222,-0.01,1.70,-0.01,1.70,INF,-1,1,7,0
3440,1,1,0.585,17.246,0.05,1.61,0.05,1.61,INF,-1,1,7,0
3460,1,1,-0.125,17.066,-0.01,1.59,-0.01,1.59,INF,-1,1,7,0
3480,1,1,-3.072,18.741,-0.29,1.75,-0.29,1.75,INF,-1,1,7,0
3500,1,1,-0.989,9.666,-0.09,0.90,-0.09,0.90,INF,-1,1,7,0
3520,1,1,-23.229,4.358,-2.17,0.41,-2.17,0.41,INF,-1,1,7,0
3540,1,1,-23.491,-2.107,-2.19,-0.20,-2.19,-0.20,INF,-1,1,7,0
3560,1,1,-21.259,0.347,-1.99,0.03,-1.99,0.03,INF,-1,0,7,0
3580,0,1,0.000,0.000,0.00,0.00,0.00,0.00,0.00,-1,0,7,0
3600,1,1,-21.492,5.509,-2.01,0.51,-2.01,0.51,INF,-1,0,7,0
3620,1,1,-22.116,6.920,-2.07,0.65,-2.07,0.65,INF,-1,0,7,0
3640,1,1,-21.977,-2.998,-2.05,-0.28,-2.05,-0.28,INF,-1,0,7,0
3660,1,1,-20.439,-0.874,-1.91,-0.08,-1.91,-0.08,INF,-1,0,7,0
3680,0,1,0.000,0.000,0.00,0.00,0.00,0.00,0.00,-1,0,7,0
3700,1,1,-20.887,4.808,-1.95,0.45,-1.95,0.45,INF,-1,0,7,0
3720,1,1,-20.074,1.786,-1.88,0.17,-1.88,0.17,INF,-1,0,7,0
3740,0,1,0.000,0.000,0.00,0.00,0.00,0.00,0.00,-1,0,7,0
3760,1,1,-22.539,3.122,-2.11,0.29,-2.11,0.29,INF,-1,0,7,0
3780,0,1,0.000,0.000,0.00,0.00,0.00,0.00,0.00,-1,0,7,0
3800,0,1,0.000,0.000,0.00,0.00,0.00,0.00,0.00,-1,1,7,0
3820,0,1,0.000,0.000,0.00,0.00,0.00,0.00,0.00,-1,1,7,0
3840,1,1,-22.724,7.579,-2.12,0.71,-2.12,0.71,INF,-1,1,7,0
3860,0,1,0.000,0.000,0.00,0.00,0.00,0.00,0.00,-1,1,7,0
3880,0,1,0.000,0.000,0.00,0.00,0.00,0.00,0.00,-1,1,7,0
3900,1,1,-15.898,1.526,-1.49,0.14,-1.49,0.14,INF,-1,1,7,0
3920,1,1,1.690,4.070,0.16,0.38,0.16,0.38,INF,-1,1,7,0
3940,0,1,0.000,0.000,0.00,0.00,0.00,0.00,0.00,-1,1,7,0
3960,0,1,0.000,0.000,0.00,0.00,0.00,0.00,0.00,-1,1,7,0
3980,0,1,0.000,0.000,0.00,0.00,0.00,0.00,INF,-1,1,7,0
4000,0,1,0.000,0.000,0.00,0.00,0.00,0.00,0.00,-1,0,7,0
4020,0,1,0.000,0.000,0.00,0.00,0.00,0.00,INF,-1,0,7,0
4040,0,1,0.000,0.000,0.00,0.00,0.00,0.00,0.00,-1,0,7,0
4060,0,1,0.000,0.000,0.00,0.00,0.00,0.00,0.00,-1,0,7,0
4080,0,1,0.000,0.000,0.00,0.00,0.00,0.00,0.00,-1,0,7,0
4100,1,1,71.752,-85.580,6.68,-7.89,6.61,-7.95,INF,-1,0,7,0
4120,0,1,0.000,0.000,0.00,0.00,0.00,0.00,0.00,-1,0,7,0
4140,0,1,0.000,0.000,0.00,0.00,0.00,0.00,0.00,-1,0,7,0
4160,0,1,0.000,0.000,0.00,0.00,0.00,0.00,0.00,-1,0,7,0
4180,0,1,0.000,0.000,0.00,0.00,0.00,0.00,0.00,-1,0,7,0
4200,0,1,0.000,0.000,0.00,0.00,0.00,0.00,0.00,-1,0,7,0
4220,0,1,0.000,0.000,0.00,0.00,0.00,0.00,0.00,-1,0,7,0
4240,0,1,0.000,0.000,0.00,0.00,0.00,0.00,0.00,-1,0,7,0
4260,0,1,0.000,0.000,0.00,0.00,0.00,0.00,0.00,-1,0,7,0
4280,0,1,0.000,0.000,0.00,0.00,0.00,0.00,0.00,-1,0,7,0
4300,0,1,0.000,0.000,0.00,0.00,0.00,0.00,0.00,-1,0,7,0
4320,0,1,0.000,0.000,0.00,0.00,0.00,0.00,0.00,-1,0,7,0
4340,1,1,-4.635,19.430,-0.43,1.82,-0.43,1.82,INF,-1,0,7,0
4360,1,1,-6.199,10.114,-0.58,0.95,-0.58,0.95,INF,-1,0,7,0
4380,0,1,0.000,0.000,0.00,0.00,0.00,0.00,0.00,-1,0,7,0
4400,1,1,-5.763,21.561,-0.54,2.01,-0.54,2.01,INF,-1,0,7,0
4420,1,1,-5.275,22.962,-0.49,2.15,-0.49,2.15,INF,-1,0,7,0
4440,1,1,-3.055,15.230,-0.29,1.42,-0.29,1.42,INF,-1,0,7,0
4460,1,1,-1.308,16.376,-0.12,1.53,-0.12,1.53,INF,-1,0,7,0
4480,1,1,-4.443,19.219,-0.42,1.80,-0.42,1.80,INF,-1,0,7,0
4500,1,1,-5.490,21.858,-0.51,2.04,-0.51,2.04,INF,-1,0,7,0
4520,1,1,-4.664,22.894,-0.44,2.14,-0.44,2.14,INF,-1,0,7,0
4540,1,1,-4.451,23.874,-0.42,2.23,-0.42,2.23,INF,-1,0,7,0
4560,1,1,-3.943,22.806,-0.37,2.13,-0.37,2.13,INF,-1,0,7,0
4580,0,1,0.000,0.000,0.00,0.00,0.00,0.00,0.00,-1,0,7,0
4600,0,1,0.000,0.000,0.00,0.00,0.00,0.00,0.00,-1,0,7,0
4620,1,1,43.176,8.578,4.03,0.80,4.03,0.80,INF,-1,1,7,0
4640,1,1,42.734,2.693,3.99,0.25,3.99,0.25,INF,-1,1,7,0
4660,1,1,38.871,-0.961,3.63,-0.09,3.63,-0.09,INF,-1,0,7,0
4680,1,1,41.503,1.836,3.87,0.17,3.87,0.17,INF,-1,0,7,0
4700,1,1,37.621,0.930,3.51,0.09,3.51,0.09,INF,-1,0,7,0
4720,0,1,0.000,0.000,0.00,0.00,0.00,0.00,0.00,-1,0,7,0
4740,1,1,38.064,1.687,3.55,0.16,3.55,0.16,INF,-1,0,7,0
4760,0,1,0.000,0.000,0.00,0.00,0.00,0.00,0.00,-1,0,7,0
4780,1,1,38.683,1.774,3.61,0.17,3.61,0.17,INF,-1,0,7,0
4800,1,1,37.089,0.650,3.46,0.06,3.46,0.06,INF,-1,0,7,0
4820,1,1,36.220,1.167,3.38,0.11,3.38,0.11,INF,-1,0,7,0
4840,1,1,37.250,2.945,3.48,0.27,3.48,0.28,INF,-1,0,7,0
4860,1,1,38.183,1.510,3.56,0.14,3.56,0.14,INF,-1,0,7,0
4880,1,1,38.835,2.440,3.62,0.23,3.62,0.23,INF,-1,0,7,0
4900,1,1,39.818,1.446,3.72,0.13,3.72,0.14,INF,-1,1,7,0
4920,1,1,38.494,-1.194,3.59,-0.11,3.59,-0.11,INF,-1,1,7,0
4940,1,1,36.891,2.075,3.44,0.19,3.44,0.19,INF,-1,1,7,0
4960,1,1,37.730,-0.589,3.52,-0.05,3.52,-0.06,INF,-1,1,7,0
4980,1,1,39.160,0.556,3.66,0.05,3.66,0.05,INF,-1,1,7,0
5000,1,1,38.012,0.855,3.55,0.08,3.55,0.08,INF,-1,1,7,0
5020,1,1,39.876,0.910,3.72,0.08,3.72,0.09,INF,-1,1,7,0
5040,1,1,38.228,1.649,3.57,0.15,3.57,0.15,INF,-1,1,7,0
5060,1,1,39.759,0.335,3.71,0.03,3.71,0.03,INF,-1,1,7,0
5080,1,1,41.850,2.038,3.91,0.19,3.91,0.19,INF,-1,1,7,0
5100,1,1,43.287,0.764,4.04,0.07,4.04,0.07,INF,-1,1,7,0
5120,1,1,-1.901,19.336,-0.18,1.81,-0.18,1.81,INF,-1,1,7,0
5140,1,1,-3.237,21.130,-0.30,1.97,-0.30,1.97,INF,-1,1,7,0
5160,1,1,-2.444,22.148,-0.23,2.07,-0.23,2.07,INF,-1,0,7,0
5180,1,1,-2.214,18.248,-0.21,1.71,-0.21,1.71,INF,-1,0,7,0
5200,1,1,-2.006,17.679,-0.19,1.65,-0.19,1.65,INF,-1,0,7,0
5220,1,1,-2.980,18.398,-0.28,1.72,-0.28,1.72,INF,-1,0,7,0
5240,1,1,-1.871,17.892,-0.17,1.67,-0.17,1.67,INF,-1,0,7,0
5260,0,1,0.000,0.000,0.00,0.00,0.00,0.00,0.00,-1,0,7,0
5280,1,1,-1.195,15.882,-0.11,1.48,-0.11,1.48,INF,-1,0,7,0
5300,1,1,-0.035,16.169,0.00,1.51,0.00,1.51,INF,-1,0,7,0
5320,1,1,0.243,18.061,0.02,1.69,0.02,1.69,INF,-1,0,7,0
5340,1,1,-0.868,16.710,-0.08,1.56,-0.08,1.56,INF,-1,0,7,0
5360,1,1,-2.965,14.730,-0.28,1.38,-0.28,1.38,INF,-1,0,7,0
5380,0,1,0.000,0.000,0.00,0.00,0.00,0.00,0.00,-1,0,7,0
5400,1,1,0.771,19.193,0.07,1.79,0.07,1.79,INF,-1,1,7,0
5420,1,1,-2.581,14.253,-0.24,1.33,-0.24,1.33,INF,-1,1,7,0
5440,1,1,-3.500,17.110,-0.33,1.60,-0.33,1.60,INF,-1,1,7,0
5460,1,1,0.040,17.862,0.00,1.67,0.00,1.67,INF,-1,1,7,0
5480,1,1,-4.957,16.180,-0.46,1.51,-0.46,1.51,INF,-1,1,7,0
5500,1,1,-2.612,15.020,-0.24,1.40,-0.24,1.40,INF,-1,1,7,0
5520,1,1,-19.560,11.006,-1.83,1.03,-1.83,1.03,INF,-1,1,7,0
5540,1,1,-25.560,8.188,-2.39,0.76,-2.39,0.77,INF,-1,1,7,0
5560,1,1,-21.946,11.285,-2.05,1.05,-2.05,1.05,INF,-1,0,7,0
5580,1,1,-22.144,9.439,-2.07,0.88,-2.07,0.88,INF,-1,0,7,0
5600,0,1,0.000,0.000,0.00,0.00,0.00,0.00,0.00,-1,0,7,0
5620,0,1,0.000,0.000,0.00,0.00,0.00,0.00,0.00,-1,0,7,0
5640,1,1,-24.245,9.877,-2.26,0.92,-2.26,0.92,INF,-1,0,7,0
5660,1,1,-24.360,10.187,-2.28,0.95,-2.28,0.95,INF,-1,0,7,0
5680,1,1,-24.210,9.430,-2.26,0.88,-2.26,0.88,INF,-1,0,7,0
5700,1,1,-26.456,13.256,-2.47,1.24,-2.47,1.24,INF,-1,0,7,0
5720,1,1,-26.470,7.266,-2.47,0.68,-2.47,0.68,INF,-1,0,7,0
5740,1,1,-25.552,5.618,-2.39,0.52,-2.39,0.53,INF,-1,0,7,0
5760,1,1,-25.976,6.121,-2.43,0.57,-2.43,0.57,INF,-1,0,7,0
5780,1,1,-26.512,5.768,-2.48,0.54,-2.48,0.54,INF,-1,0,7,0
5800,1,1,-26.339,8.890,-2.46,0.83,-2.46,0.83,INF,-1,1,7,0
5820,1,1,-24.043,3.893,-2.25,0.36,-2.25,0.36,INF,-1,1,7,0
5840,1,1,-23.765,7.457,-2.22,0.70,-2.22,0.70,INF,-1,1,7,0
5860,1,1,-25.509,7.028,-2.38,0.66,-2.38,0.66,INF,-1,1,7,0
5880,1,1,-26.933,6.157,-2.52,0.57,-2.52,0.58,INF,-1,1,7,0
5900,1,1,-33.794,3.175,-3.16,0.30,-3.16,0.30,INF,-1,1,7,0
5920,1,1,-32.437,2.195,-3.03,0.20,-3.03,0.21,INF,-1,1,7,0
5940,1,1,-31.937,2.386,-2.98,0.22,-2.98,0.22,INF,-1,1,7,0
5960,1,1,-32.472,-0.399,-3.03,-0.04,-3.03,-0.04,INF,-1,1,7,0
5980,1,1,-30.168,0.159,-2.82,0.01,-2.82,0.01,INF,-1,1,7,0
6000,1,1,-28.954,3.144,-2.70,0.29,-2.70,0.29,INF,-1,1,7,0
6020,1,1,-32.505,0.379,-3.04,0.04,-3.04,0.04,INF,-1,1,7,0
6040,1,1,-31.087,1.150,-2.90,0.11,-2.90,0.11,INF,-1,1,7,0
6060,1,1,-30.164,0.573,-2.82,0.05,-2.82,0.05,INF,-1,1,7,0
6080,1,1,-31.332,2.663,-2.93,0.25,-2.93,0.25,INF,-1,1,7,0
6100,1,1,-32.250,-0.101,-3.01,-0.01,-3.01,-0.01,INF,-1,1,7,0
6120,1,1,-30.806,3.230,-2.88,0.30,-2.88,0.30,INF,-1,1,7,0
6140,1,1,-32.491,1.191,-3.03,0.11,-3.03,0.11,INF,-1,1,7,0
6160,1,1,-32.874,1.325,-3.07,0.12,-3.07,0.12,INF,-1,1,7,0
6180,1,1,-29.928,0.495,-2.80,0.05,-2.80,0.05,INF,-1,1,7,0
6200,1,1,-32.474,2.319,-3.03,0.22,-3.03,0.22,INF,-1,1,7,0
6220,1,1,-32.580,3.068,-3.04,0.29,-3.04,0.29,INF,-1,1,7,0
6240,0,1,0.000,0.000,0.00,0.00,0.00,0.00,0.00,-1,1,7,0
6260,1,1,-31.518,-2.107,-2.94,-0.20,-2.94,-0.20,INF,-1,1,7,0
6280,1,1,-31.798,1.929,-2.97,0.18,-2.97,0.18,INF,-1,1,7,0
6300,1,1,-30.621,0.254,-2.86,0.02,-2.86,0.02,INF,-1,1,7,0
6320,1,1,-33.199,1.399,-3.10,0.13,-3.10,0.13,INF,-1,1,7,0
6340,1,1,-25.701,2.047,-2.40,0.19,-2.40,0.19,INF,-1,1,7,0
6360,1,1,14.647,-18.092,1.37,-1.69,1.37,-1.69,INF,-1,1,7,0
6380,1,1,19.120,-24.708,1.79,-2.31,1.79,-2.31,INF,-1,1,7,0
6400,1,1,18.475,-24.195,1.73,-2.26,1.72,-2.26,INF,-1,0,7,0
6420,0,1,0.000,0.000,0.00,0.00,0.00,0.00,0.00,-1,0,7,0
6440,1,1,14.976,-30.303,1.40,-2.83,1.40,-2.83,INF,-1,0,7,0
6460,0,1,0.000,0.000,0.00,0.00,0.00,0.00,0.00,-1,0,7,0
6480,0,1,0.000,0.000,0.00,0.00,0.00,0.00,0.00,-1,0,7,0
6500,0,1,0.000,0.000,0.00,0.00,0.00,0.00,0.00,-1,0,7,0
6520,0,1,0.000,0.000,0.00,0.00,0.00,0.00,0.00,-1,0,7,0
6540,0,1,0.000,0.000,0.00,0.00,0.00,0.00,0.00,-1,0,7,0
6560,0,1,0.000,0.000,0.00,0.00,0.00,0.00,0.00,-1,0,7,0
6580,0,1,0.000,0.000,0.00,0.00,0.00,0.00,0.00,-1,0,7,0
6600,0,1,0.000,0.000,0.00,0.00,0.00,0.00,0.00,-1,0,7,0
6620,0,1,0.000,0.000,0.00,0.00,0.00,0.00,0.00,-1,0,7,0
6640,1,1,17.243,-25.398,1.61,-2.37,1.61,-2.37,INF,-1,0,7,0
6660,1,1,16.758,-29.179,1.57,-2.72,1.56,-2.73,INF,-1,0,7,0
6680,1,1,19.357,-27.514,1.81,-2.57,1.81,-2.57,INF,-1,0,7,0
6700,1,1,19.054,-25.469,1.78,-2.38,1.78,-2.38,INF,-1,0,7,0
6720,1,1,21.979,-16.232,2.05,-1.52,2.05,-1.52,INF,-1,0,7,0
6740,1,1,22.746,-4.114,2.13,-0.38,2.13,-0.38,INF,-1,0,7,0
6760,0,1,0.000,0.000,0.00,0.00,0.00,0.00,0.00,-1,0,7,0
6780,0,1,0.000,0.000,0.00,0.00,0.00,0.00,0.00,-1,0,7,0
6800,1,1,21.993,-5.821,2.05,-0.54,2.05,-0.54,INF,-1,0,7,0
6820,0,1,0.000,0.000,0.00,0.00,0.00,0.00,0.00,-1,0,7,0
6840,0,1,0.000,0.000,0.00,0.00,0.00,0.00,0.00,-1,0,7,0
6860,1,1,21.375,-7.369,2.00,-0.69,2.00,-0.69,INF,-1,0,7,0
6880,1,1,22.661,-4.702,2.12,-0.44,2.12,-0.44,INF,-1,0,7,0
6900,1,1,22.121,-8.714,2.07,-0.81,2.07,-0.81,INF,-1,0,7,0
6920,1,1,23.392,-3.716,2.19,-0.35,2.19,-0.35,INF,-1,0,7,0
6940,1,1,23.155,-6.098,2.16,-0.57,2.16,-0.57,INF,-1,1,7,0
6960,1,1,20.911,-7.259,1.95,-0.68,1.95,-0.68,INF,-1,1,7,0
6980,1,1,22.644,-4.539,2.12,-0.42,2.12,-0.42,INF,-1,1,7,0
7000,1,1,22.126,-6.281,2.07,-0.59,2.07,-0.59,INF,-1,1,7,0
7020,0,1,0.000,0.000,0.00,0.00,0.00,0.00,0.00,-1,1,7,0
7040,1,1,22.898,-5.782,2.14,-0.54,2.14,-0.54,INF,-1,1,7,0
7060,1,1,20.767,-6.948,1.94,-0.65,1.94,-0.65,INF,-1,1,7,0
7080,0,1,0.000,0.000,0.00,0.00,0.00,0.00,0.00,-1,1,7,0
7100,0,1,0.000,0.000,0.00,0.00,0.00,0.00,0.00,-1,1,7,0
7120,1,1,17.572,-9.323,1.64,-0.87,1.64,-0.87,INF,-1,1,7,0
7140,0,1,0.000,0.000,0.00,0.00,0.00,0.00,0.00,-1,1,7,0
7160,0,1,0.000,0.000,0.00,0.00,0.00,0.00,0.00,-1,1,7,0
7180,0,1,0.000,0.000,0.00,0.00,0.00,0.00,0.00,-1,1,7,0
7200,0,1,0.000,0.000,0.00,0.00,0.00,0.00,0.00,-1,1,7,0
7220,0,1,0.000,0.000,0.00,0.00,0.00,0.00,INF,-1,0,7,0
7240,0,1,0.000,0.000,0.00,0.00,0.00,0.00,0.00,-1,0,7,0
7260,0,1,0.000,0.000,0.00,0.00,0.00,0.00,0.00,-1,0,7,0
7280,0,1,0.000,0.000,0.00,0.00,0.00,0.00,0.00,-1,0,7,0
7300,0,1,0.000,0.000,0.00,0.00,0.00,0.00,0.00,-1,0,7,0
7320,0,1,0.000,0.000,0.00,0.00,0.00,0.00,INF,-1,0,7,0
7340,0,1,0.000,0.000,0.00,0.00,0.00,0.00,0.00,-1,0,7,0
7360,1,1,36.220,6.843,3.38,0.64,3.38,0.64,INF,-1,0,7,0
7380,1,1,37.261,2.337,3.48,0.22,3.48,0.22,INF,-1,0,7,0
7400,1,1,33.723,4.299,3.15,0.40,3.15,0.40,INF,-1,0,7,0
7420,1,1,33.548,0.391,3.13,0.04,3.13,0.04,INF,-1,0,7,0
7440,1,1,34.049,4.935,3.18,0.46,3.18,0.46,INF,-1,0,7,0
7460,1,1,35.029,5.313,3.27,0.50,3.27,0.50,INF,-1,0,7,0
7480,1,1,34.541,4.210,3.23,0.39,3.22,0.39,INF,-1,0,7,0
7500,1,1,35.670,4.779,3.33,0.45,3.33,0.45,INF,-1,0,7,0
7520,1,1,33.698,3.284,3.15,0.31,3.15,0.31,INF,-1,0,7,0
7540,1,1,33.882,4.860,3.16,0.45,3.16,0.45,INF,-1,0,7,0
7560,1,1,31.612,2.101,2.95,0.20,2.95,0.20,INF,-1,0,7,0
7580,1,1,33.774,3.951,3.15,0.37,3.15,0.37,INF,-1,0,7,0
7600,1,1,31.009,0.296,2.90,0.03,2.90,0.03,INF,-1,0,7,0
7620,1,1,32.995,1.862,3.08,0.17,3.08,0.17,INF,-1,0,7,0
7640,1,1,32.119,1.870,3.00,0.17,3.00,0.17,INF,-1,1,7,0
7660,1,1,31.149,2.620,2.91,0.24,2.91,0.24,INF,-1,1,7,0
7680,1,1,33.766,3.217,3.15,0.30,3.15,0.30,INF,-1,1,7,0
7700,1,1,31.093,2.358,2.90,0.22,2.90,0.22,INF,-1,1,7,0
7720,1,1,31.938,2.244,2.98,0.21,2.98,0.21,INF,-1,1,7,0
7740,1,1,34.169,0.903,3.19,0.08,3.19,0.08,INF,-1,1,7,0
7760,1,1,31.827,1.164,2.97,0.11,2.97,0.11,INF,-1,1,7,0
7780,1,1,33.072,1.911,3.09,0.18,3.09,0.18,INF,-1,1,7,0
7800,1,1,32.411,0.817,3.03,0.08,3.03,0.08,INF,-1,1,7,0
7820,1,1,34.518,3.661,3.22,0.34,3.22,0.34,INF,-1,1,7,0
7840,1,1,34.608,2.516,3.23,0.23,3.23,0.24,INF,-1,1,7,0
7860,1,1,31.961,3.038,2.98,0.28,2.98,0.28,INF,-1,1,7,0
7880,1,1,37.090,0.371,3.46,0.03,3.46,0.03,INF,-1,1,7,0
7900,1,1,11.426,-6.894,1.07,-0.64,1.07,-0.64,INF,-1,1,7,0
7920,0,1,0.000,0.000,0.00,0.00,0.00,0.00,0.00,-1,1,7,0
7940,1,1,14.296,-2.770,1.34,-0.26,1.34,-0.26,INF,-1,1,7,0
7960,1,1,14.605,-2.716,1.36,-0.25,1.36,-0.25,INF,-1,1,7,0
7980,1,1,11.379,-1.898,1.06,-0.18,1.06,-0.18,INF,-1,0,7,0
8000,1,1,10.136,-2.759,0.95,-0.26,0.95,-0.26,INF,-1,0,7,0
8020,1,1,13.585,-1.010,1.27,-0.09,1.27,-0.09,INF,-1,0,7,0
8040,1,1,12.256,-3.090,1.15,-0.29,1.15,-0.29,INF,-1,0,7,0
8060,1,1,11.244,-0.596,1.05,-0.06,1.05,-0.06,INF,-1,0,7,0
8080,1,1,12.129,-1.892,1.13,-0.18,1.13,-0.18,INF,-1,0,7,0
8100,1,1,13.212,-0.439,1.23,-0.04,1.23,-0.04,INF,-1,0,7,0
8120,1,1,12.992,-1.097,1.21,-0.10,1.21,-0.10,INF,-1,0,7,0
8140,1,1,12.320,-1.862,1.15,-0.17,1.15,-0.17,INF,-1,0,7,0
8160,1,1,11.062,-2.958,1.03,-0.28,1.03,-0.28,INF,-1,0,7,0
8180,1,1,11.303,-1.498,1.06,-0.14,1.06,-0.14,INF,-1,1,7,0
8200,1,1,10.113,-1.466,0.95,-0.14,0.95,-0.14,INF,-1,1,7,0
8220,1,1,11.869,-3.247,1.11,-0.30,1.11,-0.30,INF,-1,1,7,0
8240,1,1,11.118,-2.943,1.04,-0.28,1.04,-0.28,INF,-1,1,7,0
8260,1,1,12.761,-3.450,1.19,-0.32,1.19,-0.32,INF,-1,1,7,0
8280,1,1,10.120,-4.737,0.95,-0.44,0.95,-0.44,INF,-1,1,7,0
8300,1,1,13.925,-3.829,1.30,-0.36,1.30,-0.36,INF,-1,1,7,0
8320,1,1,14.320,-3.446,1.34,-0.32,1.34,-0.32,INF,-1,1,7,0
8340,1,1,12.759,-4.287,1.19,-0.40,1.19,-0.40,INF,-1,1,7,0
8360,1,1,12.659,-4.702,1.18,-0.44,1.18,-0.44,INF,-1,1,7,0
8380,1,1,10.487,-5.321,0.98,-0.50,0.98,-0.50,INF,-1,1,7,0
8400,1,1,11.911,-3.702,1.11,-0.35,1.11,-0.35,INF,-1,1,7,0
8420,1,1,9.443,-1.022,0.88,-0.10,0.88,-0.10,INF,-1,1,7,0
8440,1,1,8.597,-2.414,0.80,-0.23,0.80,-0.23,INF,-1,1,7,0
8460,1,1,5.987,-4.014,0.56,-0.38,0.56,-0.38,INF,-1,1,7,0
8480,1,1,8.722,-5.093,0.82,-0.48,0.82,-0.48,INF,-1,1,7,0
8500,1,1,9.982,-2.604,0.93,-0.24,0.93,-0.24,INF,-1,1,7,0
8520,1,1,9.557,-6.310,0.89,-0.59,0.89,-0.59,INF,-1,1,7,0
8540,1,1,6.679,-3.321,0.62,-0.31,0.62,-0.31,INF,-1,1,7,0
8560,1,1,7.845,-3.914,0.73,-0.37,0.73,-0.37,INF,-1,1,7,0
8580,1,1,4.729,-4.404,0.44,-0.41,0.44,-0.41,INF,-1,1,7,0
8600,1,1,6.756,-3.046,0.63,-0.28,0.63,-0.28,INF,-1,1,7,0
8620,1,1,4.519,-2.180,0.42,-0.20,0.42,-0.20,INF,-1,1,7,0
8640,1,1,6.366,-4.651,0.60,-0.43,0.60,-0.43,INF,-1,1,7,0
8660,1,1,6.449,-1.434,0.60,-0.13,0.60,-0.13,INF,-1,1,7,0
8680,0,1,0.000,0.000,0.00,0.00,0.00,0.00,0.00,-1,1,7,0
8700,1,1,4.166,-5.761,0.39,-0.54,0.39,-0.54,INF,-1,1,7,0
8720,1,1,4.357,-5.272,0.41,-0.49,0.41,-0.49,INF,-1,1,7,0
8740,1,1,3.185,-5.594,0.30,-0.52,0.30,-0.52,INF,-1,1,7,0
8760,1,1,4.071,-6.023,0.38,-0.56,0.38,-0.56,INF,-1,1,7,0
8780,1,1,5.260,-2.821,0.49,-0.26,0.49,-0.26,INF,-1,1,7,0
8800,1,1,3.870,-6.882,0.36,-0.64,0.36,-0.64,INF,-1,1,7,0
8820,1,1,4.822,-6.182,0.45,-0.58,0.45,-0.58,INF,-1,1,7,0
8840,0,1,0.000,0.000,0.00,0.00,0.00,0.00,0.00,-1,1,7,0
8860,0,1,0.000,0.000,0.00,0.00,0.00,0.00,0.00,-1,1,7,0
8880,1,1,5.630,-7.165,0.53,-0.67,0.53,-0.67,INF,-1,1,7,0
8900,1,1,6.053,-6.486,0.57,-0.61,0.57,-0.61,INF,-1,1,7,0
8920,1,1,5.403,-5.512,0.51,-0.52,0.51,-0.52,INF,-1,1,7,0
8940,1,1,3.079,-8.947,0.29,-0.84,0.29,-0.84,INF,-1,1,7,0
8960,1,1,-11.052,-0.212,-1.03,-0.02,-1.03,-0.02,INF,-1,1,7,0
8980,1,1,-31.474,11.943,-2.94,1.11,-2.94,1.12,INF,-1,0,7,0
9000,1,1,-26.132,10.810,-2.44,1.01,-2.44,1.01,INF,-1,0,7,0
9020,1,1,-29.083,10.541,-2.72,0.98,-2.72,0.99,INF,-1,0,7,0
9040,1,1,-25.694,11.661,-2.40,1.09,-2.40,1.09,INF,-1,0,7,0
9060,1,1,-28.198,9.159,-2.63,0.86,-2.63,0.86,INF,-1,0,7,0
9080,1,1,-24.286,11.743,-2.27,1.10,-2.27,1.10,INF,-1,0,7,0
9100,1,1,-27.197,10.527,-2.54,0.98,-2.54,0.98,INF,-1,0,7,0
9120,1,1,-25.305,10.528,-2.36,0.98,-2.36,0.98,INF,-1,0,7,0
9140,1,1,-26.538,7.933,-2.48,0.74,-2.48,0.74,INF,-1,0,7,0
9160,1,1,-26.110,6.641,-2.44,0.62,-2.44,0.62,INF,-1,0,7,0
9180,1,1,-26.013,7.483,-2.43,0.70,-2.43,0.70,INF,-1,0,7,0
9200,1,1,-27.639,5.379,-2.58,0.50,-2.58,0.50,INF,-1,0,7,0
9220,1,1,-26.232,9.631,-2.45,0.90,-2.45,0.90,INF,-1,0,7,0
9240,1,1,-27.588,5.829,-2.58,0.54,-2.58,0.54,INF,-1,0,7,0
9260,1,1,-28.464,8.344,-2.66,0.78,-2.66,0.78,INF,-1,1,7,0
9280,1,1,-25.026,6.591,-2.34,0.62,-2.34,0.62,INF,-1,1,7,0
9300,1,1,-24.388,7.911,-2.28,0.74,-2.28,0.74,INF,-1,1,7,0
9320,1,1,-25.845,7.054,-2.41,0.66,-2.41,0.66,INF,-1,1,7,0
9340,1,1,-25.346,6.369,-2.37,0.59,-2.37,0.60,INF,-1,1,7,0
9360,1,1,-27.712,6.198,-2.59,0.58,-2.59,0.58,INF,-1,1,7,0
9380,1,1,-26.135,9.106,-2.44,0.85,-2.44,0.85,INF,-1,1,7,0
9400,1,1,-24.625,9.717,-2.30,0.91,-2.30,0.91,INF,-1,1,7,0
9420,1,1,-26.577,8.879,-2.48,0.83,-2.48,0.83,INF,-1,1,7,0
9440,1,1,-25.606,9.403,-2.39,0.88,-2.39,0.88,INF,-1,1,7,0
9460,1,1,-25.704,6.900,-2.40,0.64,-2.40,0.64,INF,-1,1,7,0
9480,1,1,-24.903,7.977,-2.33,0.74,-2.33,0.75,INF,-1,1,7,0
9500,1,1,-19.702,7.950,-1.84,0.74,-1.84,0.74,INF,-1,1,7,0
9520,1,1,20.750,-4.859,1.94,-0.45,1.94,-0.45,INF,-1,1,7,0
9540,0,1,0.000,0.000,0.00,0.00,0.00,0.00,0.00,-1,1,7,0
9560,0,1,0.000,0.000,0.00,0.00,0.00,0.00,0.00,-1,1,7,0
9580,1,1,11.036,-6.923,1.03,-0.65,1.03,-0.65,INF,-1,1,7,0
9600,1,1,12.033,-8.256,1.12,-0.77,1.12,-0.77,INF,-1,0,7,0
9620,0,1,0.000,0.000,0.00,0.00,0.00,0.00,0.00,-1,0,7,0
9640,0,1,0.000,0.000,0.00,0.00,0.00,0.00,0.00,-1,0,7,0
9660,1,1,-75.668,70.827,-7.04,6.54,-6.99,6.59,INF,-1,0,7,0
9680,0,1,0.000,0.000,0.00,0.00,0.00,0.00,0.00,-1,0,7,0
9700,0,1,0.000,0.000,0.00,0.00,0.00,0.00,0.00,-1,0,7,0
9720,0,1,0.000,0.000,0.00,0.00,0.00,0.00,0.00,-1,0,7,0
9740,0,1,0.000,0.000,0.00,0.00,0.00,0.00,0.00,-1,0,7,0
9760,0,1,0.000,0.000,0.00,0.00,0.00,0.00,0.00,-1,0,7,0
9780,0,1,0.000,0.000,0.00,0.00,0.00,0.00,0.00,-1,0,7,0
9800,0,1,0.000,0.000,0.00,0.00,0.00,0.00,0.00,-1,0,7,0
9820,0,1,0.000,0.000,0.00,0.00,0.00,0.00,0.00,-1,0,7,0
9840,0,1,0.000,0.000,0.00,0.00,0.00,0.00,0.00,-1,0,7,0
9860,0,1,0.000,0.000,0.00,0.00,0.00,0.00,0.00,-1,0,7,0
9880,0,1,0.000,0.000,0.00,0.00,0.00,0.00,0.00,-1,0,7,0
9900,0,1,0.000,0.000,0.00,0.00,0.00,0.00,0.00,-1,0,7,0
9920,0,1,0.000,0.000,0.00,0.00,0.00,0.00,0.00,-1,0,7,0
9940,0,1,0.000,0.000,0.00,0.00,0.00,0.00,0.00,-1,0,7,0
9960,0,1,0.000,0.000,0.00,0.00,0.00,0.00,0.00,-1,0,7,0
9980,0,1,0.000,0.000,0.00,0.00,0.00,0.00,0.00,-1,0,7,0
10000,0,1,0.000,0.000,0.00,0.00,0.00,0.00,0.00,-1,0,7,0
10020,0,1,0.000,0.000,0.00,0.00,0.00,0.00,0.00,-1,0,7,0
10040,0,1,0.000,0.000,0.00,0.00,0.00,0.00,0.00,-1,0,7,0
10060,0,1,0.000,0.000,0.00,0.00,0.00,0.00,0.00,-1,0,7,0
10080,0,1,0.000,0.000,0.00,0.00,0.00,0.00,0.00,-1,0,7,0
10100,0,1,0.000,0.000,0.00,0.00,0.00,0.00,0.00,-1,0,7,0
10120,0,1,0.000,0.000,0.00,0.00,0.00,0.00,0.00,-1,0,7,0
10140,1,1,6.253,-5.555,0.58,-0.52,0.58,-0.52,INF,-1,0,7,0
10160,1,1,5.575,-7.731,0.52,-0.72,0.52,-0.72,INF,-1,0,7,0
10180,0,1,0.000,0.000,0.00,0.00,0.00,0.00,0.00,-1,0,7,0
10200,1,1,5.960,-4.987,0.56,-0.47,0.56,-0.47,INF,-1,0,7,0
10220,0,1,0.000,0.000,0.00,0.00,0.00,0.00,0.00,-1,0,7,0
10240,0,1,0.000,0.000,0.00,0.00,0.00,0.00,0.00,-1,0,7,0
10260,1,1,36.492,-11.495,3.41,-1.07,3.41,-1.07,INF,-1,0,7,0
10280,0,1,0.000,0.000,0.00,0.00,0.00,0.00,0.00,-1,0,7,0
10300,0,1,0.000,0.000,0.00,0.00,0.00,0.00,0.00,-1,0,7,0
10320,1,1,34.746,-13.799,3.24,-1.29,3.24,-1.29,INF,-1,0,7,0
10340,1,1,37.034,-10.666,3.46,-1.00,3.46,-1.00,INF,-1,0,7,0
10360,0,1,0.000,0.000,0.00,0.00,0.00,0.00,0.00,-1,0,7,0
10380,0,1,0.000,0.000,0.00,0.00,0.00,0.00,0.00,-1,0,7,0
10400,1,1,40.553,-9.421,3.78,-0.88,3.78,-0.88,INF,-1,0,7,0
10420,1,1,37.190,8.075,3.47,0.75,3.47,0.75,INF,-1,0,7,0
10440,1,1,30.696,23.208,2.87,2.17,2.86,2.17,INF,-1,0,7,0
10460,1,1,26.938,19.909,2.52,1.86,2.51,1.86,INF,-1,0,7,0
10480,1,1,29.252,19.193,2.73,1.79,2.73,1.79,INF,-1,0,7,0
10500,1,1,28.813,19.093,2.69,1.78,2.69,1.78,INF,-1,0,7,0
10520,1,1,32.183,19.721,3.01,1.84,3.00,1.84,INF,-1,0,7,0
10540,1,1,29.466,17.085,2.75,1.59,2.75,1.60,INF,-1,0,7,0
10560,1,1,29.700,19.785,2.77,1.85,2.77,1.85,INF,-1,0,7,0
10580,1,1,30.092,16.738,2.81,1.56,2.81,1.56,INF,-1,0,7,0
10600,1,1,32.715,21.014,3.05,1.96,3.05,1.96,INF,-1,0,7,0
10620,1,1,32.227,19.253,3.01,1.80,3.01,1.80,INF,-1,0,7,0
10640,1,1,31.389,19.761,2.93,1.84,2.93,1.85,INF,-1,0,7,0
10660,1,1,28.448,17.918,2.66,1.67,2.66,1.67,INF,-1,0,7,0
10680,1,1,33.704,18.999,3.15,1.77,3.15,1.78,INF,-1,0,7,0
10700,1,1,27.397,18.804,2.56,1.76,2.56,1.76,INF,-1,1,7,0
10720,1,1,30.687,20.342,2.87,1.90,2.86,1.90,INF,-1,1,7,0
10740,1,1,29.722,17.594,2.78,1.64,2.77,1.64,INF,-1,1,7,0
10760,1,1,33.666,18.780,3.14,1.75,3.14,1.75,INF,-1,1,7,0
10780,1,1,32.095,19.832,3.00,1.85,3.00,1.85,INF,-1,1,7,0
10800,1,1,31.969,18.327,2.99,1.71,2.98,1.71,INF,-1,1,7,0
10820,1,1,31.839,19.675,2.97,1.84,2.97,1.84,INF,-1,1,7,0
10840,1,1,31.280,18.679,2.92,1.74,2.92,1.75,INF,-1,1,7,0
10860,1,1,30.165,20.107,2.82,1.88,2.82,1.88,INF,-1,1,7,0
10880,1,1,30.469,18.950,2.85,1.77,2.84,1.77,INF,-1,1,7,0
10900,1,1,30.208,20.952,2.82,1.96,2.82,1.96,INF,-1,1,7,0
10920,1,1,26.956,18.002,2.52,1.68,2.52,1.68,INF,-1,1,7,0
10940,1,1,30.421,18.610,2.84,1.74,2.84,1.74,INF,-1,1,7,0
10960,1,1,29.674,21.986,2.77,2.05,2.77,2.05,INF,-1,1,7,0
10980,1,1,31.350,19.233,2.93,1.79,2.93,1.80,INF,-1,1,7,0
11000,1,1,31.454,18.543,2.94,1.73,2.94,1.73,INF,-1,1,7,0
11020,1,1,27.458,18.386,2.56,1.72,2.56,1.72,INF,-1,1,7,0
11040,1,1,28.725,19.101,2.68,1.78,2.68,1.78,INF,-1,1,7,0
11060,1,1,31.216,19.307,2.92,1.80,2.91,1.80,INF,-1,1,7,0
11080,1,1,29.474,20.871,2.75,1.95,2.75,1.95,INF,-1,1,7,0
11100,1,1,26.249,18.049,2.45,1.68,2.45,1.69,INF,-1,1,7,0
11120,1,1,30.913,19.289,2.89,1.80,2.89,1.80,INF,-1,1,7,0
11140,1,1,29.515,17.584,2.76,1.64,2.76,1.64,INF,-1,1,7,0
11160,1,1,29.771,18.620,2.78,1.74,2.78,1.74,INF,-1,1,7,0
11180,1,1,26.987,18.433,2.52,1.72,2.52,1.72,INF,-1,1,7,0
11200,1,1,30.024,19.826,2.80,1.85,2.80,1.85,INF,-1,1,7,0
11220,1,1,31.283,19.370,2.92,1.81,2.92,1.81,INF,-1,1,7,0
11240,1,1,28.852,17.924,2.69,1.67,2.69,1.67,INF,-1,1,7,0
11260,1,1,28.356,19.828,2.65,1.85,2.65,1.85,INF,-1,1,7,0
11280,1,1,28.472,19.672,2.66,1.84,2.66,1.84,INF,-1,1,7,0
11300,1,1,28.062,19.702,2.62,1.84,2.62,1.84,INF,-1,1,7,0
11320,1,1,29.704,21.044,2.77,1.96,2.77,1.97,INF,-1,1,7,0
11340,1,1,29.385,20.069,2.74,1.87,2.74,1.88,INF,-1,1,7,0
11360,1,1,28.399,17.798,2.65,1.66,2.65,1.66,INF,-1,1,7,0
11380,1,1,29.685,19.638,2.77,1.83,2.77,1.83,INF,-1,1,7,0
11400,1,1,27.288,17.935,2.55,1.67,2.55,1.68,INF,-1,1,7,0
11420,1,1,26.558,21.351,2.48,1.99,2.48,1.99,INF,-1,1,7,0
11440,1,1,26.916,22.061,2.51,2.06,2.51,2.06,INF,-1,1,7,0
11460,1,1,30.306,21.091,2.83,1.97,2.83,1.97,INF,-1,1,7,0
11480,1,1,28.671,20.482,2.68,1.91,2.68,1.91,INF,-1,1,7,0
11500,1,1,46.957,7.579,4.38,0.71,4.38,0.71,INF,-1,1,7,0
11520,1,1,72.838,-18.036,6.78,-1.67,6.77,-1.69,INF,-1,1,7,0
11540,0,1,0.000,0.000,0.00,0.00,0.00,0.00,0.00,-1,1,7,0
11560,0,1,0.000,0.000,0.00,0.00,0.00,0.00,0.00,-1,1,7,0
11580,1,1,66.502,-28.553,6.19,-2.65,6.18,-2.67,INF,-1,0,7,0
11600,1,1,68.391,-26.559,6.37,-2.47,6.36,-2.48,INF,-1,0,7,0
11620,1,1,63.800,-27.693,5.94,-2.57,5.94,-2.59,INF,-1,0,7,0
11640,1,1,66.090,-28.802,6.15,-2.67,6.15,-2.69,INF,-1,0,7,0
11660,1,1,65.476,-27.991,6.10,-2.60,6.09,-2.61,INF,-1,0,7,0
11680,1,1,65.880,-27.077,6.13,-2.51,6.13,-2.53,INF,-1,0,7,0
11700,1,1,67.526,-27.735,6.29,-2.58,6.28,-2.59,INF,-1,0,7,0
11720,1,1,66.601,-27.797,6.20,-2.58,6.19,-2.60,INF,-1,0,7,0
11740,1,1,67.096,-26.704,6.25,-2.48,6.24,-2.49,INF,-1,0,7,0
11760,1,1,67.658,-26.437,6.30,-2.45,6.29,-2.47,INF,-1,0,7,0
11780,1,1,66.735,-27.730,6.21,-2.57,6.21,-2.59,INF,-1,0,7,0
11800,1,1,66.400,-27.358,6.18,-2.54,6.18,-2.56,INF,-1,0,7,0
11820,1,1,67.597,-26.873,6.29,-2.50,6.29,-2.51,INF,-1,0,7,0
11840,1,1,65.664,-28.685,6.11,-2.66,6.11,-2.68,INF,-1,0,7,0
11860,1,1,66.621,-27.110,6.20,-2.52,6.20,-2.53,INF,-1,1,7,0
11880,1,1,66.400,-28.317,6.18,-2.63,6.18,-2.64,INF,-1,1,7,0
11900,0,1,0.000,0.000,0.00,0.00,0.00,0.00,0.00,-1,1,7,0
11920,0,1,0.000,0.000,0.00,0.00,0.00,0.00,0.00,-1,1,7,0
11940,0,1,0.000,0.000,0.00,0.00,0.00,0.00,0.00,-1,1,7,0
11960,0,1,0.000,0.000,0.00,0.00,0.00,0.00,0.00,-1,1,7,0
11980,0,1,0.000,0.000,0.00,0.00,0.00,0.00,0.00,-1,0,7,0
12000,0,1,0.000,0.000,0.00,0.00,0.00,0.00,0.00,-1,0,7,0
12020,0,1,0.000,0.000,0.00,0.00,0.00,0.00,0.00,-1,0,7,0
12040,1,1,66.341,-29.655,6.18,-2.75,6.17,-2.77,INF,-1,0,7,0
12060,1,1,69.302,-28.137,6.45,-2.61,6.44,-2.63,INF,-1,0,7,0
12080,1,1,68.851,-28.312,6.41,-2.63,6.40,-2.64,INF,-1,0,7,0
12100,1,1,68.385,-30.400,6.37,-2.82,6.36,-2.84,INF,-1,0,7,0
12120,0,1,0.000,0.000,0.00,0.00,0.00,0.00,0.00,-1,0,7,0
12140,1,1,68.040,-31.086,6.33,-2.89,6.33,-2.90,INF,-1,0,7,0
12160,1,1,67.357,-31.178,6.27,-2.89,6.26,-2.91,INF,-1,0,7,0
12180,1,1,65.717,-30.564,6.12,-2.84,6.11,-2.85,INF,-1,0,7,0
12200,1,1,66.380,-30.040,6.18,-2.79,6.17,-2.81,INF,-1,0,7,0
12220,1,1,64.962,-28.969,6.05,-2.69,6.04,-2.71,INF,-1,0,7,0
12240,1,1,66.182,-28.900,6.16,-2.68,6.16,-2.70,INF,-1,0,7,0
12260,1,1,67.092,-30.622,6.25,-2.84,6.24,-2.86,INF,-1,0,7,0
12280,1,1,64.592,-30.519,6.02,-2.83,6.01,-2.85,INF,-1,0,7,0
12300,1,1,63.593,-29.490,5.92,-2.74,5.92,-2.75,INF,-1,0,7,0
12320,1,1,61.396,-40.735,5.72,-3.78,5.71,-3.80,INF,-1,1,7,0
12340,0,1,0.000,0.000,0.00,0.00,0.00,0.00,0.00,-1,1,7,0
12360,0,1,0.000,0.000,0.00,0.00,0.00,0.00,0.00,-1,1,7,0
12380,0,1,0.000,0.000,0.00,0.00,0.00,0.00,0.00,-1,1,7,0
12400,0,1,0.000,0.000,0.00,0.00,0.00,0.00,0.00,-1,0,7,0
12420,0,1,0.000,0.000,0.00,0.00,0.00,0.00,0.00,-1,0,7,0
12440,0,1,0.000,0.000,0.00,0.00,0.00,0.00,0.00,-1,0,7,0
12460,0,1,0.000,0.000,0.00,0.00,0.00,0.00,0.00,-1,0,7,0
12480,0,1,0.000,0.000,0.00,0.00,0.00,0.00,0.00,-1,0,7,0
12500,0,1,0.000,0.000,0.00,0.00,0.00,0.00,0.00,-1,0,7,0
12520,0,1,0.000,0.000,0.00,0.00,0.00,0.00,0.00,-1,0,7,0
12540,0,1,0.000,0.000,0.00,0.00,0.00,0.00,0.00,-1,0,7,0
12560,0,1,0.000,0.000,0.00,0.00,0.00,0.00,0.00,-1,0,7,0
12580,0,1,0.000,0.000,0.00,0.00,0.00,0.00,0.00,-1,0,7,0
12600,0,1,0.000,0.000,0.00,0.00,0.00,0.00,0.00,-1,0,7,0
12620,0,1,0.000,0.000,0.00,0.00,0.00,0.00,0.00,-1,0,7,0
12640,0,1,0.000,0.000,0.00,0.00,0.00,0.00,0.00,-1,0,7,0
12660,0,1,0.000,0.000,0.00,0.00,0.00,0.00,0.00,-1,0,7,0
12680,0,1,0.000,0.000,0.00,0.00,0.00,0.00,0.00,-1,0,7,0
12700,1,1,-11.742,6.483,-1.10,0.61,-1.10,0.61,INF,-1,0,7,0
12720,1,1,-12.040,8.293,-1.13,0.77,-1.13,0.78,INF,-1,0,7,0
12740,1,1,-11.815,6.167,-1.10,0.58,-1.10,0.58,INF,-1,0,7,0
12760,1,1,-9.820,8.726,-0.92,0.82,-0.92,0.82,INF,-1,0,7,0
12780,1,1,-10.960,9.028,-1.02,0.84,-1.02,0.84,INF,-1,0,7,0
12800,1,1,-10.733,6.690,-1.00,0.63,-1.00,0.63,INF,-1,0,7,0
12820,1,1,-13.145,9.636,-1.23,0.90,-1.23,0.90,INF,-1,0,7,0
12840,1,1,-13.607,9.946,-1.27,0.93,-1.27,0.93,INF,-1,0,7,0
12860,1,1,-15.450,7.502,-1.44,0.70,-1.44,0.70,INF,-1,0,7,0
12880,1,1,-12.569,6.334,-1.17,0.59,-1.17,0.59,INF,-1,0,7,0
12900,1,1,-12.818,5.412,-1.20,0.51,-1.20,0.51,INF,-1,0,7,0
12920,1,1,-10.617,8.638,-0.99,0.81,-0.99,0.81,INF,-1,0,7,0
12940,1,1,-11.701,8.864,-1.09,0.83,-1.09,0.83,INF,-1,0,7,0
12960,1,1,-15.425,9.678,-1.44,0.90,-1.44,0.90,INF,-1,0,7,0
12980,1,1,-10.504,7.648,-0.98,0.71,-0.98,0.71,INF,-1,1,7,0
13000,1,1,-11.422,8.683,-1.07,0.81,-1.07,0.81,INF,-1,1,7,0
13020,1,1,-12.179,10.147,-1.14,0.95,-1.14,0.95,INF,-1,1,7,0
13040,1,1,-12.683,9.502,-1.19,0.89,-1.19,0.89,INF,-1,1,7,0
13060,1,1,-12.585,7.687,-1.18,0.72,-1.18,0.72,INF,-1,1,7,0
13080,1,1,-15.299,7.878,-1.43,0.74,-1.43,0.74,INF,-1,1,7,0
13100,1,1,-14.966,6.084,-1.40,0.57,-1.40,0.57,INF,-1,1,7,0
13120,1,1,-29.092,7.436,-2.72,0.69,-2.72,0.69,INF,-1,1,7,0
13140,1,1,-30.280,8.747,-2.83,0.82,-2.83,0.82,INF,-1,1,7,0
13160,1,1,-30.702,8.807,-2.87,0.82,-2.87,0.82,INF,-1,0,7,0
13180,1,1,-29.553,8.151,-2.76,0.76,-2.76,0.76,INF,-1,0,7,0
13200,0,1,0.000,0.000,0.00,0.00,0.00,0.00,0.00,-1,0,7,0
13220,0,1,0.000,0.000,0.00,0.00,0.00,0.00,0.00,-1,0,7,0
13240,1,1,-28.472,8.516,-2.66,0.80,-2.66,0.80,INF,-1,0,7,0
13260,1,1,-29.820,8.253,-2.78,0.77,-2.78,0.77,INF,-1,0,7,0
13280,1,1,-29.144,8.289,-2.72,0.77,-2.72,0.77,INF,-1,0,7,0
13300,1,1,-28.359,4.483,-2.65,0.42,-2.65,0.42,INF,-1,0,7,0
13320,1,1,-29.337,7.163,-2.74,0.67,-2.74,0.67,INF,-1,0,7,0
13340,1,1,-31.594,6.089,-2.95,0.57,-2.95,0.57,INF,-1,0,7,0
13360,1,1,-30.485,7.328,-2.85,0.68,-2.85,0.68,INF,-1,0,7,0
13380,1,1,-26.434,5.548,-2.47,0.52,-2.47,0.52,INF,-1,0,7,0
13400,1,1,-27.941,7.441,-2.61,0.69,-2.61,0.70,INF,-1,1,7,0
13420,1,1,-26.566,9.705,-2.48,0.91,-2.48,0.91,INF,-1,1,7,0
13440,1,1,-28.779,9.685,-2.69,0.90,-2.69,0.91,INF,-1,1,7,0
13460,1,1,-26.887,5.423,-2.51,0.51,-2.51,0.51,INF,-1,1,7,0
13480,1,1,-28.355,5.293,-2.65,0.49,-2.65,0.49,INF,-1,1,7,0
13500,1,1,-30.074,6.513,-2.81,0.61,-2.81,0.61,INF,-1,1,7,0
13520,1,1,-32.639,5.436,-3.05,0.51,-3.05,0.51,INF,-1,1,7,0
13540,1,1,-33.156,5.823,-3.10,0.54,-3.10,0.54,INF,-1,1,7,0
13560,1,1,-32.831,7.897,-3.07,0.74,-3.07,0.74,INF,-1,1,7,0
13580,1,1,-31.296,5.162,-2.92,0.48,-2.92,0.48,INF,-1,1,7,0
13600,1,1,-32.623,5.948,-3.05,0.56,-3.05,0.56,INF,-1,1,7,0
13620,1,1,-36.258,5.916,-3.39,0.55,-3.38,0.55,INF,-1,1,7,0
13640,1,1,-34.817,5.531,-3.25,0.52,-3.25,0.52,INF,-1,1,7,0
13660,1,1,-35.220,6.614,-3.29,0.62,-3.29,0.62,INF,-1,1,7,0
13680,1,1,-34.605,7.484,-3.23,0.70,-3.23,0.70,INF,-1,1,7,0
13700,1,1,-34.426,4.268,-3.21,0.40,-3.21,0.40,INF,-1,1,7,0
13720,1,1,-36.235,5.104,-3.38,0.48,-3.38,0.48,INF,-1,1,7,0
13740,1,1,-36.607,3.499,-3.42,0.33,-3.42,0.33,INF,-1,1,7,0
13760,1,1,-32.511,5.360,-3.04,0.50,-3.04,0.50,INF,-1,1,7,0
13780,1,1,-35.138,6.988,-3.28,0.65,-3.28,0.65,INF,-1,1,7,0
13800,1,1,-33.287,6.311,-3.11,0.59,-3.11,0.59,INF,-1,1,7,0
13820,1,1,-30.885,7.955,-2.88,0.74,-2.88,0.74,INF,-1,1,7,0
13840,1,1,-31.498,5.575,-2.94,0.52,-2.94,0.52,INF,-1,1,7,0
13860,1,1,-26.222,2.230,-2.45,0.21,-2.45,0.21,INF,-1,1,7,0
13880,1,1,-13.612,18.197,-1.27,1.70,-1.27,1.70,INF,-1,1,7,0
13900,1,1,-14.652,21.311,-1.37,1.99,-1.37,1.99,INF,-1,1,7,0
13920,1,1,-19.426,15.913,-1.82,1.49,-1.81,1.49,INF,-1,0,7,0
13940,1,1,-17.508,19.555,-1.64,1.83,-1.64,1.83,INF,-1,0,7,0
13960,1,1,-16.534,17.083,-1.55,1.60,-1.54,1.60,INF,-1,0,7,0
13980,1,1,-18.029,16.275,-1.68,1.52,-1.68,1.52,INF,-1,0,7,0
14000,1,1,-16.673,14.124,-1.56,1.32,-1.56,1.32,INF,-1,0,7,0
14020,1,1,-14.803,15.265,-1.38,1.43,-1.38,1.43,INF,-1,0,7,0
14040,1,1,-15.537,16.032,-1.45,1.50,-1.45,1.50,INF,-1,0,7,0
14060,1,1,-14.940,13.142,-1.40,1.23,-1.40,1.23,INF,-1,0,7,0
14080,1,1,-14.982,13.499,-1.40,1.26,-1.40,1.26,INF,-1,0,7,0
14100,1,1,-16.736,16.111,-1.56,1.50,-1.56,1.51,INF,-1,0,7,0
14120,1,1,-15.396,15.138,-1.44,1.41,-1.44,1.41,INF,-1,0,7,0
14140,1,1,-18.842,14.010,-1.76,1.31,-1.76,1.31,INF,-1,0,7,0
14160,1,1,-15.541,13.397,-1.45,1.25,-1.45,1.25,INF,-1,1,7,0
14180,1,1,-14.944,14.856,-1.40,1.39,-1.40,1.39,INF,-1,1,7,0
14200,1,1,-15.724,14.703,-1.47,1.37,-1.47,1.37,INF,-1,1,7,0
14220,1,1,-15.326,13.172,-1.43,1.23,-1.43,1.23,INF,-1,1,7,0
14240,1,1,-16.324,14.886,-1.53,1.39,-1.52,1.39,INF,-1,1,7,0
14260,1,1,-15.560,14.095,-1.45,1.32,-1.45,1.32,INF,-1,1,7,0
14280,1,1,-15.272,13.403,-1.43,1.25,-1.43,1.25,INF,-1,1,7,0
14300,1,1,-17.641,15.145,-1.65,1.41,-1.65,1.42,INF,-1,1,7,0
14320,1,1,-14.679,16.265,-1.37,1.52,-1.37,1.52,INF,-1,1,7,0
14340,1,1,-14.525,15.064,-1.36,1.41,-1.36,1.41,INF,-1,1,7,0
14360,1,1,-15.165,13.673,-1.42,1.28,-1.42,1.28,INF,-1,1,7,0
14380,1,1,-13.576,17.385,-1.27,1.62,-1.27,1.62,INF,-1,1,7,0
14400,0,1,0.000,0.000,0.00,0.00,0.00,0.00,0.00,-1,1,7,0
14420,1,1,-14.635,16.868,-1.37,1.58,-1.37,1.58,INF,-1,1,7,0
14440,1,1,-14.329,17.933,-1.34,1.68,-1.34,1.68,INF,-1,1,7,0
14460,1,1,-15.974,14.721,-1.49,1.38,-1.49,1.38,INF,-1,1,7,0
14480,1,1,-14.854,16.564,-1.39,1.55,-1.39,1.55,INF,-1,1,7,0
14500,1,1,-16.927,18.476,-1.58,1.73,-1.58,1.73,INF,-1,1,7,0
14520,1,1,-12.491,17.896,-1.17,1.67,-1.17,1.67,INF,-1,1,7,0
14540,1,1,-14.158,16.366,-1.32,1.53,-1.32,1.53,INF,-1,1,7,0
14560,1,1,-13.942,19.917,-1.30,1.86,-1.30,1.86,INF,-1,1,7,0
14580,1,1,-11.851,17.277,-1.11,1.61,-1.11,1.61,INF,-1,1,7,0
14600,1,1,-14.830,16.558,-1.39,1.55,-1.39,1.55,INF,-1,1,7,0
14620,1,1,-11.417,15.281,-1.07,1.43,-1.07,1.43,INF,-1,1,7,0
14640,1,1,-12.592,17.830,-1.18,1.67,-1.18,1.67,INF,-1,1,7,0
14660,1,1,-14.660,16.078,-1.37,1.50,-1.37,1.50,INF,-1,1,7,0
14680,1,1,-11.469,16.212,-1.07,1.51,-1.07,1.51,INF,-1,1,7,0
14700,1,1,-13.865,14.794,-1.30,1.38,-1.30,1.38,INF,-1,1,7,0
14720,1,1,-15.044,16.480,-1.41,1.54,-1.41,1.54,INF,-1,1,7,0
14740,1,1,-12.954,15.965,-1.21,1.49,-1.21,1.49,INF,-1,1,7,0
14760,1,1,-13.689,17.174,-1.28,1.60,-1.28,1.60,INF,-1,1,7,0
14780,1,1,-34.591,5.081,-3.23,0.47,-3.23,0.47,INF,-1,1,7,0
14800,1,1,-32.574,2.972,-3.04,0.28,-3.04,0.28,INF,-1,1,7,0
14820,1,1,-32.081,5.420,-3.00,0.51,-3.00,0.51,INF,-1,0,7,0
14840,1,1,-31.629,2.533,-2.95,0.24,-2.95,0.24,INF,-1,0,7,0
14860,1,1,-30.456,4.458,-2.84,0.42,-2.84,0.42,INF,-1,0,7,0
14880,1,1,-32.829,5.907,-3.07,0.55,-3.07,0.55,INF,-1,0,7,0
14900,1,1,-29.111,5.381,-2.72,0.50,-2.72,0.50,INF,-1,0,7,0
14920,1,1,-32.480,4.479,-3.03,0.42,-3.03,0.42,INF,-1,0,7,0
14940,1,1,-33.044,5.396,-3.09,0.50,-3.09,0.50,INF,-1,0,7,0
14960,1,1,-29.456,4.944,-2.75,0.46,-2.75,0.46,INF,-1,0,7,0
14980,1,1,-29.535,3.775,-2.76,0.35,-2.76,0.35,INF,-1,0,7,0
15000,1,1,-28.936,6.303,-2.70,0.59,-2.70,0.59,INF,-1,0,7,0
