"EyeTracker Toolbox version","3.250"
CalibrationParameters_A11,1.33765
CalibrationParameters_A12,0.01434
CalibrationParameters_A13,-0.02001
CalibrationParameters_A21,0.06371
CalibrationParameters_A22,-1.32020
CalibrationParameters_A23,-0.01638
CalibrationParameters_A31,0.00025
CalibrationParameters_A32,0.00085
CalibrationParameters_E11,-0.18004
CalibrationParameters_E12,-0.00011
CalibrationParameters_E21,0.00013
CalibrationParameters_E22,0.19993
CalibrationParameters_X,87.94159
CalibrationParameters_Y,62.45162
CalibrationParameters_Rpc,69.66090
CalibrationParameters_MeanX,115.23775
CalibrationParameters_MeanY,149.07160
CalibrationParameters_ViewDist,613.00000
TimeStamp,Tracked,Calibrated,ScreenPositionXmm,ScreenPositionYmm,FicksLongitude,FicksLatitude,HelmholtzAzimuth,HelmholtzElevation,PupilDiameter,Region,Fixation,DigitalIO,Dropped
0,0,1,0.000,0.000,0.00,0.00,0.00,0.00,0.00,-1,0,7,0
20,1,1,169.949,-95.654,15.50,-8.55,15.32,-8.87,INF,-1,0,7,0
40,0,1,0.000,0.000,0.00,0.00,0.00,0.00,0.00,-1,0,7,0
60,1,1,367.299,-91.149,30.93,-7.27,30.65,-8.46,INF,-1,0,7,0
80,1,1,441.375,-110.526,35.75,-8.32,35.32,-10.22,INF,-1,0,7,0
100,1,1,447.336,-113.842,36.12,-8.53,35.66,-10.52,INF,-1,0,7,0
120,1,1,446.414,-114.638,36.06,-8.60,35.60,-10.59,INF,-1,0,7,0
140,1,1,449.231,-113.168,36.24,-8.47,35.78,-10.46,INF,-1,0,7,0
160,1,1,449.089,-115.119,36.23,-8.61,35.75,-10.64,INF,-1,0,7,0
180,1,1,447.421,-113.850,36.13,-8.53,35.66,-10.52,INF,-1,0,7,0
200,1,1,449.916,-115.742,36.28,-8.65,35.80,-10.69,INF,-1,0,7,0
220,1,1,448.539,-115.180,36.19,-8.62,35.72,-10.64,INF,-1,0,7,0
240,1,1,447.514,-115.007,36.13,-8.62,35.66,-10.63,INF,-1,0,7,0
260,1,1,445.973,-114.571,36.04,-8.59,35.57,-10.59,INF,-1,0,7,0
280,1,1,447.880,-113.557,36.15,-8.51,35.69,-10.49,INF,-1,0,7,0
300,1,1,447.622,-115.296,36.14,-8.64,35.66,-10.65,INF,-1,0,7,0
320,1,1,449.854,-116.296,36.27,-8.70,35.79,-10.74,INF,-1,0,7,0
340,1,1,447.646,-112.684,36.14,-8.44,35.69,-10.42,INF,-1,0,7,0
360,1,1,449.880,-113.843,36.27,-8.52,35.81,-10.52,INF,-1,1,7,0
380,0,1,0.000,0.000,0.00,0.00,0.00,0.00,INF,-1,1,7,0
400,0,1,0.000,0.000,0.00,0.00,0.00,0.00,INF,-1,1,7,0
420,1,1,41.714,-55.643,3.89,-5.17,3.88,-5.19,INF,-1,1,7,0
440,0,1,0.000,0.000,0.00,0.00,0.00,0.00,0.00,-1,1,7,0
460,1,1,-8.100,-28.416,-0.76,-2.65,-0.76,-2.65,INF,-1,0,7,0
480,1,1,-16.229,-12.142,-1.52,-1.13,-1.52,-1.13,INF,-1,0,7,0
500,1,1,-13.973,-12.064,-1.31,-1.13,-1.31,-1.13,INF,-1,0,7,0
520,1,1,-15.049,-11.287,-1.41,-1.05,-1.41,-1.05,INF,-1,0,7,0
540,1,1,-15.925,-13.855,-1.49,-1.29,-1.49,-1.29,INF,-1,0,7,0
560,1,1,-18.232,-13.504,-1.70,-1.26,-1.70,-1.26,INF,-1,0,7,0
580,1,1,-17.883,-11.995,-1.67,-1.12,-1.67,-1.12,INF,-1,0,7,0
600,1,1,-16.981,-13.572,-1.59,-1.27,-1.59,-1.27,INF,-1,0,7,0
620,1,1,-16.988,-13.631,-1.59,-1.27,-1.59,-1.27,INF,-1,0,7,0
640,1,1,-15.110,-10.737,-1.41,-1.00,-1.41,-1.00,INF,-1,0,7,0
660,0,1,0.000,0.000,0.00,0.00,0.00,0.00,0.00,-1,0,7,0
680,0,1,0.000,0.000,0.00,0.00,0.00,0.00,0.00,-1,0,7,0
700,0,1,0.000,0.000,0.00,0.00,0.00,0.00,0.00,-1,0,7,0
720,0,1,0.000,0.000,0.00,0.00,0.00,0.00,0.00,-1,0,7,0
740,0,1,0.000,0.000,0.00,0.00,0.00,0.00,0.00,-1,0,7,0
760,0,1,0.000,0.000,0.00,0.00,0.00,0.00,0.00,-1,0,7,0
780,0,1,0.000,0.000,0.00,0.00,0.00,0.00,0.00,-1,0,7,0
800,0,1,0.000,0.000,0.00,0.00,0.00,0.00,0.00,-1,0,7,0
820,1,1,-19.894,0.604,-1.86,0.06,-1.86,0.06,INF,-1,0,7,0
840,1,1,-16.923,0.874,-1.58,0.08,-1.58,0.08,INF,-1,0,7,0
860,1,1,-21.050,-1.049,-1.97,-0.10,-1.97,-0.10,INF,-1,0,7,0
880,1,1,-19.965,0.969,-1.87,0.09,-1.87,0.09,INF,-1,0,7,0
900,1,1,-17.773,-0.425,-1.66,-0.04,-1.66,-0.04,INF,-1,0,7,0
920,1,1,-21.024,2.202,-1.96,0.21,-1.96,0.21,INF,-1,0,7,0
940,1,1,-46.324,8.631,-4.32,0.80,-4.32,0.81,INF,-1,0,7,0
960,1,1,-52.595,11.489,-4.90,1.07,-4.90,1.07,INF,-1,0,7,0
980,1,1,-49.598,11.430,-4.63,1.06,-4.62,1.07,INF,-1,0,7,0
1000,1,1,-48.564,12.502,-4.53,1.16,-4.53,1.17,INF,-1,0,7,0
1020,1,1,-49.464,9.964,-4.61,0.93,-4.61,0.93,INF,-1,0,7,0
1040,1,1,-49.410,11.647,-4.61,1.08,-4.61,1.09,INF,-1,0,7,0
1060,1,1,-49.153,10.206,-4.58,0.95,-4.58,0.95,INF,-1,0,7,0
1080,1,1,-48.612,11.356,-4.53,1.06,-4.53,1.06,INF,-1,0,7,0
1100,1,1,-49.911,12.582,-4.65,1.17,-4.65,1.18,INF,-1,0,7,0
1120,1,1,-49.974,11.407,-4.66,1.06,-4.66,1.07,INF,-1,0,7,0
1140,1,1,-47.913,10.158,-4.47,0.95,-4.47,0.95,INF,-1,1,7,0
1160,1,1,-49.356,12.542,-4.60,1.17,-4.60,1.17,INF,-1,1,7,0
1180,1,1,-48.262,10.464,-4.50,0.97,-4.50,0.98,INF,-1,1,7,0
1200,1,1,-52.257,10.744,-4.87,1.00,-4.87,1.00,INF,-1,1,7,0
1220,1,1,-49.338,10.511,-4.60,0.98,-4.60,0.98,INF,-1,1,7,0
1240,1,1,-50.112,11.962,-4.67,1.11,-4.67,1.12,INF,-1,1,7,0
1260,1,1,-49.526,11.402,-4.62,1.06,-4.62,1.07,INF,-1,1,7,0
1280,1,1,-50.705,10.061,-4.73,0.94,-4.73,0.94,INF,-1,1,7,0
1300,1,1,-52.615,15.301,-4.91,1.42,-4.90,1.43,INF,-1,1,7,0
1320,1,1,-58.490,49.858,-5.45,4.63,-5.43,4.65,INF,-1,1,7,0
1340,1,1,-58.030,48.590,-5.41,4.51,-5.39,4.53,INF,-1,0,7,0
1360,1,1,-58.529,49.517,-5.45,4.60,-5.44,4.62,INF,-1,0,7,0
1380,1,1,-53.687,47.846,-5.01,4.45,-4.99,4.46,INF,-1,0,7,0
1400,1,1,-57.867,49.835,-5.39,4.63,-5.38,4.65,INF,-1,0,7,0
1420,1,1,-58.137,50.425,-5.42,4.68,-5.40,4.70,INF,-1,0,7,0
1440,1,1,-58.421,49.907,-5.44,4.63,-5.43,4.65,INF,-1,0,7,0
1460,1,1,-55.400,46.736,-5.16,4.34,-5.15,4.36,INF,-1,0,7,0
1480,1,1,-58.777,50.007,-5.48,4.64,-5.46,4.66,INF,-1,0,7,0
1500,1,1,-58.483,47.726,-5.45,4.43,-5.43,4.45,INF,-1,0,7,0
1520,1,1,-57.088,48.062,-5.32,4.46,-5.30,4.48,INF,-1,0,7,0
1540,1,1,-58.965,49.116,-5.49,4.56,-5.48,4.58,INF,-1,0,7,0
1560,1,1,-63.099,48.058,-5.88,4.46,-5.86,4.48,INF,-1,0,7,0
1580,1,1,-68.305,44.461,-6.36,4.12,-6.34,4.15,INF,-1,0,7,0
1600,1,1,-68.534,47.710,-6.38,4.42,-6.36,4.45,INF,-1,1,7,0
1620,1,1,-67.992,45.078,-6.33,4.18,-6.31,4.21,INF,-1,1,7,0
1640,1,1,-67.489,44.873,-6.28,4.16,-6.27,4.19,INF,-1,1,7,0
1660,1,1,-68.927,46.054,-6.42,4.27,-6.40,4.30,INF,-1,1,7,0
1680,1,1,-70.646,45.786,-6.57,4.24,-6.56,4.27,INF,-1,1,7,0
1700,1,1,-67.564,45.015,-6.29,4.17,-6.27,4.20,INF,-1,1,7,0
1720,1,1,-47.630,4.150,-4.44,0.39,-4.44,0.39,INF,-1,1,7,0
1740,1,1,-45.972,6.091,-4.29,0.57,-4.29,0.57,INF,-1,1,7,0
1760,1,1,-48.636,5.325,-4.54,0.50,-4.54,0.50,INF,-1,0,7,0
1780,1,1,-47.484,5.640,-4.43,0.53,-4.43,0.53,INF,-1,0,7,0
1800,1,1,-48.173,4.172,-4.49,0.39,-4.49,0.39,INF,-1,0,7,0
1820,1,1,-48.099,4.535,-4.49,0.42,-4.49,0.42,INF,-1,0,7,0
1840,1,1,-47.457,2.860,-4.43,0.27,-4.43,0.27,INF,-1,0,7,0
1860,1,1,-47.425,3.304,-4.42,0.31,-4.42,0.31,INF,-1,0,7,0
1880,1,1,-48.649,5.889,-4.54,0.55,-4.54,0.55,INF,-1,0,7,0
1900,1,1,-47.587,5.746,-4.44,0.54,-4.44,0.54,INF,-1,0,7,0
1920,1,1,-46.081,4.680,-4.30,0.44,-4.30,0.44,INF,-1,0,7,0
1940,1,1,-47.675,5.460,-4.45,0.51,-4.45,0.51,INF,-1,0,7,0
1960,1,1,-48.121,5.531,-4.49,0.52,-4.49,0.52,INF,-1,0,7,0
1980,1,1,-46.919,6.291,-4.38,0.59,-4.38,0.59,INF,-1,0,7,0
2000,1,1,-46.113,3.243,-4.30,0.30,-4.30,0.30,INF,-1,1,7,0
2020,1,1,-44.781,-2.489,-4.18,-0.23,-4.18,-0.23,INF,-1,1,7,0
2040,1,1,26.924,-21.631,2.51,-2.02,2.51,-2.02,INF,-1,1,7,0
2060,1,1,24.778,-22.150,2.31,-2.07,2.31,-2.07,INF,-1,1,7,0
2080,1,1,27.962,-21.670,2.61,-2.02,2.61,-2.02,INF,-1,0,7,0
2100,1,1,26.516,-21.018,2.48,-1.96,2.48,-1.96,INF,-1,0,7,0
2120,1,1,26.083,-22.691,2.44,-2.12,2.43,-2.12,INF,-1,0,7,0
2140,1,1,23.639,-21.045,2.21,-1.96,2.21,-1.97,INF,-1,0,7,0
2160,1,1,25.484,-21.394,2.38,-2.00,2.38,-2.00,INF,-1,0,7,0
2180,1,1,26.008,-23.180,2.43,-2.16,2.43,-2.17,INF,-1,0,7,0
2200,1,1,26.980,-21.082,2.52,-1.97,2.52,-1.97,INF,-1,0,7,0
2220,1,1,25.595,-20.454,2.39,-1.91,2.39,-1.91,INF,-1,0,7,0
2240,1,1,23.095,-22.962,2.16,-2.14,2.16,-2.15,INF,-1,0,7,0
2260,1,1,21.940,-21.835,2.05,-2.04,2.05,-2.04,INF,-1,0,7,0
2280,1,1,25.094,-21.940,2.34,-2.05,2.34,-2.05,INF,-1,0,7,0
2300,1,1,23.263,-24.251,2.17,-2.26,2.17,-2.27,INF,-1,0,7,0
2320,1,1,-1.529,-25.443,-0.14,-2.38,-0.14,-2.38,INF,-1,1,7,0
2340,1,1,1.437,-26.583,0.13,-2.48,0.13,-2.48,INF,-1,1,7,0
2360,1,1,-0.547,-27.732,-0.05,-2.59,-0.05,-2.59,INF,-1,0,7,0
2380,1,1,-0.523,-26.438,-0.05,-2.47,-0.05,-2.47,INF,-1,0,7,0
2400,1,1,-1.044,-25.764,-0.10,-2.41,-0.10,-2.41,INF,-1,0,7,0
2420,1,1,0.597,-25.625,0.06,-2.39,0.06,-2.39,INF,-1,0,7,0
2440,1,1,0.784,-26.722,0.07,-2.50,0.07,-2.50,INF,-1,0,7,0
2460,1,1,-1.942,-25.109,-0.18,-2.35,-0.18,-2.35,INF,-1,0,7,0
2480,1,1,-0.522,-25.154,-0.05,-2.35,-0.05,-2.35,INF,-1,0,7,0
2500,1,1,-1.676,-26.715,-0.16,-2.50,-0.16,-2.50,INF,-1,0,7,0
2520,1,1,3.144,-29.265,0.29,-2.73,0.29,-2.73,INF,-1,0,7,0
2540,1,1,-4.756,-28.666,-0.44,-2.68,-0.44,-2.68,INF,-1,0,7,0
2560,1,1,-4.906,-28.352,-0.46,-2.65,-0.46,-2.65,INF,-1,0,7,0
2580,1,1,-3.451,-28.056,-0.32,-2.62,-0.32,-2.62,INF,-1,0,7,0
2600,1,1,-4.455,-26.480,-0.42,-2.47,-0.42,-2.47,INF,-1,1,7,0
2620,1,1,-1.041,-27.875,-0.10,-2.60,-0.10,-2.60,INF,-1,1,7,0
2640,1,1,-3.640,-27.729,-0.34,-2.59,-0.34,-2.59,INF,-1,1,7,0
2660,1,1,-4.791,-27.564,-0.45,-2.57,-0.45,-2.57,INF,-1,1,7,0
2680,1,1,-3.085,-26.303,-0.29,-2.46,-0.29,-2.46,INF,-1,1,7,0
2700,1,1,-3.757,-28.427,-0.35,-2.66,-0.35,-2.66,INF,-1,1,7,0
2720,1,1,-4.668,-25.509,-0.44,-2.38,-0.44,-2.38,INF,-1,1,7,0
2740,1,1,-2.851,-26.149,-0.27,-2.44,-0.27,-2.44,INF,-1,1,7,0
2760,1,1,-5.696,-24.299,-0.53,-2.27,-0.53,-2.27,INF,-1,1,7,0
2780,1,1,-5.227,-25.120,-0.49,-2.35,-0.49,-2.35,INF,-1,1,7,0
2800,1,1,-2.890,-28.744,-0.27,-2.68,-0.27,-2.68,INF,-1,1,7,0
2820,1,1,-5.059,-26.337,-0.47,-2.46,-0.47,-2.46,INF,-1,1,7,0
2840,1,1,-2.147,-26.265,-0.20,-2.45,-0.20,-2.45,INF,-1,1,7,0
2860,1,1,-1.660,-26.980,-0.16,-2.52,-0.16,-2.52,INF,-1,1,7,0
2880,1,1,-2.715,-25.912,-0.25,-2.42,-0.25,-2.42,INF,-1,1,7,0
2900,1,1,-1.256,-26.673,-0.12,-2.49,-0.12,-2.49,INF,-1,1,7,0
2920,1,1,-3.197,-25.436,-0.30,-2.38,-0.30,-2.38,INF,-1,1,7,0
2940,1,1,-4.891,-23.798,-0.46,-2.22,-0.46,-2.22,INF,-1,1,7,0
2960,1,1,-4.253,-25.690,-0.40,-2.40,-0.40,-2.40,INF,-1,1,7,0
2980,1,1,-4.170,-25.685,-0.39,-2.40,-0.39,-2.40,INF,-1,1,7,0
3000,1,1,-3.825,-23.738,-0.36,-2.22,-0.36,-2.22,INF,-1,1,7,0
3020,1,1,-4.481,-25.460,-0.42,-2.38,-0.42,-2.38,INF,-1,1,7,0
3040,1,1,-5.318,-25.852,-0.50,-2.41,-0.50,-2.41,INF,-1,1,7,0
3060,1,1,-5.181,-23.985,-0.48,-2.24,-0.48,-2.24,INF,-1,1,7,0
3080,1,1,12.328,-16.049,1.15,-1.50,1.15,-1.50,INF,-1,1,7,0
3100,1,1,58.719,12.959,5.47,1.21,5.47,1.21,INF,-1,1,7,0
3120,1,1,54.285,12.719,5.06,1.18,5.06,1.19,INF,-1,0,7,0
3140,1,1,54.720,10.126,5.10,0.94,5.10,0.95,INF,-1,0,7,0
3160,1,1,56.368,11.212,5.25,1.04,5.25,1.05,INF,-1,0,7,0
3180,1,1,59.881,10.238,5.58,0.95,5.58,0.96,INF,-1,0,7,0
3200,1,1,58.568,10.036,5.46,0.93,5.46,0.94,INF,-1,0,7,0
3220,1,1,58.610,9.032,5.46,0.84,5.46,0.84,INF,-1,0,7,0
3240,1,1,55.223,11.053,5.15,1.03,5.15,1.03,INF,-1,0,7,0
3260,1,1,57.242,10.952,5.33,1.02,5.33,1.02,INF,-1,0,7,0
3280,1,1,58.139,8.620,5.42,0.80,5.42,0.81,INF,-1,0,7,0
3300,1,1,57.750,9.067,5.38,0.84,5.38,0.85,INF,-1,0,7,0
3320,1,1,56.538,10.273,5.27,0.96,5.27,0.96,INF,-1,0,7,0
3340,1,1,60.143,10.821,5.60,1.01,5.60,1.01,INF,-1,0,7,0
3360,1,1,61.806,5.769,5.76,0.54,5.76,0.54,INF,-1,0,7,0
3380,1,1,60.974,6.032,5.68,0.56,5.68,0.56,INF,-1,1,7,0
3400,1,1,61.968,4.831,5.77,0.45,5.77,0.45,INF,-1,1,7,0
3420,1,1,59.529,6.280,5.55,0.58,5.55,0.59,INF,-1,1,7,0
3440,1,1,61.564,7.838,5.74,0.73,5.73,0.73,INF,-1,1,7,0
3460,1,1,58.973,6.169,5.50,0.57,5.49,0.58,INF,-1,1,7,0
3480,1,1,60.044,7.817,5.59,0.73,5.59,0.73,INF,-1,1,7,0
3500,1,1,58.071,7.389,5.41,0.69,5.41,0.69,INF,-1,1,7,0
3520,1,1,60.496,4.917,5.64,0.46,5.64,0.46,INF,-1,1,7,0
3540,1,1,59.707,6.783,5.56,0.63,5.56,0.63,INF,-1,1,7,0
3560,1,1,61.474,5.965,5.73,0.55,5.73,0.56,INF,-1,1,7,0
3580,1,1,61.426,4.561,5.72,0.42,5.72,0.43,INF,-1,1,7,0
3600,1,1,59.812,4.904,5.57,0.46,5.57,0.46,INF,-1,1,7,0
3620,1,1,58.179,6.405,5.42,0.60,5.42,0.60,INF,-1,1,7,0
3640,1,1,55.716,7.875,5.19,0.73,5.19,0.74,INF,-1,1,7,0
3660,1,1,39.696,15.624,3.71,1.46,3.70,1.46,INF,-1,1,7,0
3680,1,1,40.358,18.421,3.77,1.72,3.77,1.72,INF,-1,1,7,0
3700,1,1,38.370,16.510,3.58,1.54,3.58,1.54,INF,-1,0,7,0
3720,1,1,37.157,17.058,3.47,1.59,3.47,1.59,INF,-1,0,7,0
3740,1,1,38.343,16.581,3.58,1.55,3.58,1.55,INF,-1,0,7,0
3760,1,1,39.872,17.516,3.72,1.63,3.72,1.64,INF,-1,0,7,0
3780,1,1,38.400,17.679,3.58,1.65,3.58,1.65,INF,-1,0,7,0
3800,1,1,39.426,15.708,3.68,1.46,3.68,1.47,INF,-1,0,7,0
3820,1,1,38.189,17.004,3.56,1.59,3.56,1.59,INF,-1,0,7,0
3840,1,1,37.532,18.765,3.50,1.75,3.50,1.75,INF,-1,0,7,0
3860,1,1,38.424,18.843,3.59,1.76,3.58,1.76,INF,-1,0,7,0
3880,1,1,38.874,17.481,3.63,1.63,3.63,1.63,INF,-1,0,7,0
3900,1,1,18.053,24.169,1.69,2.26,1.69,2.26,INF,-1,0,7,0
3920,1,1,11.738,27.568,1.10,2.57,1.10,2.57,INF,-1,0,7,0
3940,1,1,11.512,27.860,1.08,2.60,1.07,2.60,INF,-1,0,7,0
3960,1,1,9.744,28.187,0.91,2.63,0.91,2.63,INF,-1,0,7,0
3980,1,1,9.330,28.395,0.87,2.65,0.87,2.65,INF,-1,0,7,0
4000,1,1,10.416,29.908,0.97,2.79,0.97,2.79,INF,-1,0,7,0
4020,1,1,10.318,30.283,0.96,2.83,0.96,2.83,INF,-1,0,7,0
4040,1,1,9.886,29.046,0.92,2.71,0.92,2.71,INF,-1,0,7,0
4060,1,1,8.689,29.352,0.81,2.74,0.81,2.74,INF,-1,0,7,0
4080,1,1,12.782,27.264,1.19,2.55,1.19,2.55,INF,-1,0,7,0
4100,1,1,9.362,30.643,0.88,2.86,0.87,2.86,INF,-1,1,7,0
4120,1,1,10.138,28.083,0.95,2.62,0.95,2.62,INF,-1,1,7,0
4140,1,1,9.236,27.511,0.86,2.57,0.86,2.57,INF,-1,1,7,0
4160,1,1,8.522,30.168,0.80,2.82,0.80,2.82,INF,-1,1,7,0
4180,1,1,10.404,28.510,0.97,2.66,0.97,2.66,INF,-1,1,7,0
4200,1,1,5.926,28.062,0.55,2.62,0.55,2.62,INF,-1,1,7,0
4220,1,1,34.097,30.534,3.18,2.85,3.18,2.85,INF,-1,1,7,0
4240,1,1,48.777,31.692,4.55,2.95,4.54,2.96,INF,-1,0,7,0
4260,1,1,48.165,32.691,4.49,3.04,4.49,3.05,INF,-1,0,7,0
4280,1,1,51.858,32.776,4.84,3.05,4.83,3.06,INF,-1,0,7,0
4300,1,1,50.466,32.794,4.71,3.05,4.70,3.06,INF,-1,0,7,0
4320,1,1,49.965,30.959,4.66,2.88,4.65,2.89,INF,-1,0,7,0
4340,1,1,49.122,29.879,4.58,2.78,4.58,2.79,INF,-1,0,7,0
4360,1,1,53.270,30.352,4.97,2.82,4.96,2.83,INF,-1,0,7,0
4380,1,1,48.087,29.161,4.49,2.72,4.48,2.72,INF,-1,0,7,0
4400,1,1,49.797,28.962,4.64,2.70,4.64,2.71,INF,-1,0,7,0
4420,1,1,49.919,30.539,4.66,2.84,4.65,2.85,INF,-1,0,7,0
4440,1,1,49.113,31.311,4.58,2.91,4.57,2.92,INF,-1,0,7,0
4460,1,1,49.832,29.470,4.65,2.74,4.64,2.75,INF,-1,0,7,0
4480,1,1,48.619,31.624,4.53,2.94,4.53,2.95,INF,-1,0,7,0
4500,1,1,48.954,30.602,4.57,2.85,4.56,2.86,INF,-1,0,7,0
4520,1,1,49.668,30.265,4.63,2.82,4.63,2.83,INF,-1,1,7,0
4540,1,1,48.179,30.989,4.49,2.89,4.49,2.89,INF,-1,1,7,0
4560,1,1,49.451,29.845,4.61,2.78,4.61,2.79,INF,-1,1,7,0
4580,1,1,49.255,31.513,4.59,2.93,4.59,2.94,INF,-1,1,7,0
4600,1,1,48.799,30.519,4.55,2.84,4.55,2.85,INF,-1,1,7,0
4620,1,1,49.541,28.588,4.62,2.66,4.62,2.67,INF,-1,1,7,0
4640,1,1,49.133,29.911,4.58,2.78,4.58,2.79,INF,-1,1,7,0
4660,1,1,48.503,32.027,4.52,2.98,4.52,2.99,INF,-1,1,7,0
4680,1,1,49.464,31.443,4.61,2.93,4.61,2.94,INF,-1,1,7,0
4700,1,1,49.466,29.942,4.61,2.79,4.61,2.80,INF,-1,1,7,0
4720,1,1,49.431,29.886,4.61,2.78,4.60,2.79,INF,-1,1,7,0
4740,1,1,47.706,30.402,4.45,2.83,4.44,2.84,INF,-1,1,7,0
4760,1,1,48.384,29.531,4.51,2.75,4.51,2.76,INF,-1,1,7,0
4780,1,1,50.992,27.984,4.76,2.60,4.75,2.61,INF,-1,1,7,0
4800,1,1,53.676,27.056,5.00,2.52,5.00,2.53,INF,-1,1,7,0
4820,1,1,52.180,27.731,4.87,2.58,4.86,2.59,INF,-1,1,7,0
4840,1,1,53.757,27.627,5.01,2.57,5.01,2.58,INF,-1,1,7,0
4860,1,1,53.518,27.734,4.99,2.58,4.98,2.59,INF,-1,1,7,0
4880,1,1,52.819,28.333,4.92,2.64,4.92,2.65,INF,-1,1,7,0
4900,1,1,53.537,28.055,4.99,2.61,4.99,2.62,INF,-1,1,7,0
4920,1,1,54.306,26.171,5.06,2.44,5.06,2.44,INF,-1,1,7,0
4940,1,1,53.784,27.705,5.01,2.58,5.01,2.59,INF,-1,1,7,0
4960,1,1,52.852,28.343,4.93,2.64,4.92,2.65,INF,-1,1,7,0
4980,1,1,54.993,26.562,5.13,2.47,5.12,2.48,INF,-1,1,7,0
5000,1,1,54.118,27.132,5.05,2.52,5.04,2.53,INF,-1,1,7,0
5020,1,1,54.777,25.581,5.11,2.38,5.10,2.39,INF,-1,1,7,0
5040,1,1,1.024,25.346,0.10,2.37,0.10,2.37,INF,-1,1,7,0
5060,1,1,-14.152,20.963,-1.32,1.96,-1.32,1.96,INF,-1,1,7,0
5080,1,1,-13.725,20.273,-1.28,1.89,-1.28,1.89,INF,-1,0,7,0
5100,1,1,-11.314,21.246,-1.06,1.98,-1.06,1.99,INF,-1,0,7,0
5120,1,1,-8.674,18.651,-0.81,1.74,-0.81,1.74,INF,-1,0,7,0
5140,1,1,-9.542,20.632,-0.89,1.93,-0.89,1.93,INF,-1,0,7,0
5160,1,1,-11.291,21.351,-1.06,1.99,-1.05,1.99,INF,-1,0,7,0
5180,1,1,-14.339,21.092,-1.34,1.97,-1.34,1.97,INF,-1,0,7,0
5200,1,1,-11.936,21.286,-1.12,1.99,-1.11,1.99,INF,-1,0,7,0
5220,1,1,-9.828,20.700,-0.92,1.93,-0.92,1.93,INF,-1,0,7,0
5240,1,1,-9.934,19.468,-0.93,1.82,-0.93,1.82,INF,-1,0,7,0
5260,1,1,-13.045,19.134,-1.22,1.79,-1.22,1.79,INF,-1,0,7,0
5280,1,1,-11.533,19.160,-1.08,1.79,-1.08,1.79,INF,-1,0,7,0
5300,1,1,-12.075,20.892,-1.13,1.95,-1.13,1.95,INF,-1,0,7,0
5320,1,1,-11.546,20.133,-1.08,1.88,-1.08,1.88,INF,-1,0,7,0
5340,1,1,-12.103,20.305,-1.13,1.90,-1.13,1.90,INF,-1,1,7,0
5360,1,1,-11.344,20.101,-1.06,1.88,-1.06,1.88,INF,-1,1,7,0
5380,1,1,-11.651,20.439,-1.09,1.91,-1.09,1.91,INF,-1,1,7,0
5400,1,1,-12.726,20.406,-1.19,1.91,-1.19,1.91,INF,-1,1,7,0
5420,1,1,-11.957,20.008,-1.12,1.87,-1.12,1.87,INF,-1,1,7,0
5440,1,1,-13.351,19.911,-1.25,1.86,-1.25,1.86,INF,-1,1,7,0
5460,1,1,-15.682,19.975,-1.47,1.87,-1.46,1.87,INF,-1,1,7,0
5480,1,1,-14.532,20.109,-1.36,1.88,-1.36,1.88,INF,-1,1,7,0
5500,1,1,-13.205,19.228,-1.23,1.80,-1.23,1.80,INF,-1,1,7,0
5520,1,1,-7.848,16.152,-0.73,1.51,-0.73,1.51,INF,-1,1,7,0
5540,1,1,-1.470,14.315,-0.14,1.34,-0.14,1.34,INF,-1,1,7,0
5560,1,1,-3.666,14.461,-0.34,1.35,-0.34,1.35,INF,-1,1,7,0
5580,1,1,-1.675,13.977,-0.16,1.31,-0.16,1.31,INF,-1,1,7,0
5600,1,1,-0.615,14.196,-0.06,1.33,-0.06,1.33,INF,-1,1,7,0
5620,1,1,-1.898,13.611,-0.18,1.27,-0.18,1.27,INF,-1,0,7,0
5640,1,1,-2.184,14.218,-0.20,1.33,-0.20,1.33,INF,-1,0,7,0
5660,1,1,0.232,13.625,0.02,1.27,0.02,1.27,INF,-1,0,7,0
5680,1,1,-52.924,3.085,-4.93,0.29,-4.93,0.29,INF,-1,0,7,0
5700,1,1,-59.240,3.583,-5.52,0.33,-5.52,0.33,INF,-1,0,7,0
5720,1,1,-60.136,4.485,-5.60,0.42,-5.60,0.42,INF,-1,0,7,0
5740,1,1,-61.112,4.266,-5.69,0.40,-5.69,0.40,INF,-1,0,7,0
5760,1,1,-59.910,4.488,-5.58,0.42,-5.58,0.42,INF,-1,0,7,0
5780,1,1,-59.002,3.087,-5.50,0.29,-5.50,0.29,INF,-1,0,7,0
5800,1,1,-59.414,3.627,-5.54,0.34,-5.54,0.34,INF,-1,0,7,0
5820,1,1,-61.719,4.497,-5.75,0.42,-5.75,0.42,INF,-1,0,7,0
5840,1,1,-59.717,3.797,-5.56,0.35,-5.56,0.35,INF,-1,0,7,0
5860,1,1,-57.840,2.821,-5.39,0.26,-5.39,0.26,INF,-1,0,7,0
5880,1,1,-58.808,5.035,-5.48,0.47,-5.48,0.47,INF,-1,0,7,0
5900,1,1,-58.070,4.545,-5.41,0.42,-5.41,0.42,INF,-1,0,7,0
5920,1,1,-57.528,2.019,-5.36,0.19,-5.36,0.19,INF,-1,0,7,0
5940,1,1,-59.467,2.746,-5.54,0.26,-5.54,0.26,INF,-1,0,7,0
5960,1,1,-57.439,2.761,-5.35,0.26,-5.35,0.26,INF,-1,1,7,0
5980,1,1,-55.498,7.479,-5.17,0.70,-5.17,0.70,INF,-1,1,7,0
6000,1,1,-50.001,11.492,-4.66,1.07,-4.66,1.07,INF,-1,1,7,0
6020,1,1,-50.959,11.478,-4.75,1.07,-4.75,1.07,INF,-1,1,7,0
6040,1,1,-49.901,10.843,-4.65,1.01,-4.65,1.01,INF,-1,0,7,0
6060,1,1,-51.148,13.511,-4.77,1.26,-4.77,1.26,INF,-1,0,7,0
6080,1,1,-52.736,9.982,-4.92,0.93,-4.92,0.93,INF,-1,0,7,0
6100,1,1,-50.217,10.102,-4.68,0.94,-4.68,0.94,INF,-1,0,7,0
6120,1,1,-52.239,11.438,-4.87,1.07,-4.87,1.07,INF,-1,0,7,0
6140,1,1,-52.494,10.861,-4.89,1.01,-4.89,1.02,INF,-1,0,7,0
6160,1,1,-53.351,10.866,-4.97,1.01,-4.97,1.02,INF,-1,0,7,0
6180,1,1,-54.476,12.163,-5.08,1.13,-5.08,1.14,INF,-1,0,7,0
6200,1,1,-53.968,11.194,-5.03,1.04,-5.03,1.05,INF,-1,0,7,0
6220,1,1,-53.341,9.772,-4.97,0.91,-4.97,0.91,INF,-1,0,7,0
6240,1,1,-53.416,11.474,-4.98,1.07,-4.98,1.07,INF,-1,0,7,0
6260,1,1,-51.621,10.057,-4.81,0.94,-4.81,0.94,INF,-1,0,7,0
6280,1,1,-52.981,10.441,-4.94,0.97,-4.94,0.98,INF,-1,1,7,0
6300,1,1,-52.157,11.777,-4.86,1.10,-4.86,1.10,INF,-1,1,7,0
6320,1,1,-30.350,0.880,-2.83,0.08,-2.83,0.08,INF,-1,1,7,0
6340,1,1,17.354,-23.120,1.62,-2.16,1.62,-2.16,INF,-1,1,7,0
6360,1,1,19.402,-20.146,1.81,-1.88,1.81,-1.88,INF,-1,0,7,0
6380,1,1,19.365,-20.659,1.81,-1.93,1.81,-1.93,INF,-1,0,7,0
6400,1,1,17.482,-21.722,1.63,-2.03,1.63,-2.03,INF,-1,0,7,0
6420,1,1,19.515,-21.552,1.82,-2.01,1.82,-2.01,INF,-1,0,7,0
6440,1,1,21.530,-22.858,2.01,-2.13,2.01,-2.14,INF,-1,0,7,0
6460,1,1,20.724,-22.787,1.94,-2.13,1.93,-2.13,INF,-1,0,7,0
6480,1,1,17.742,-22.404,1.66,-2.09,1.66,-2.09,INF,-1,0,7,0
6500,1,1,20.438,-23.126,1.91,-2.16,1.91,-2.16,INF,-1,0,7,0
6520,1,1,19.899,-21.874,1.86,-2.04,1.86,-2.04,INF,-1,0,7,0
6540,1,1,19.324,-20.404,1.81,-1.91,1.80,-1.91,INF,-1,0,7,0
6560,1,1,19.337,-21.056,1.81,-1.97,1.81,-1.97,INF,-1,0,7,0
6580,1,1,19.706,-21.637,1.84,-2.02,1.84,-2.02,INF,-1,0,7,0
6600,1,1,20.374,-20.920,1.90,-1.95,1.90,-1.95,INF,-1,0,7,0
6620,1,1,19.616,-21.379,1.83,-2.00,1.83,-2.00,INF,-1,1,7,0
6640,1,1,-4.674,-28.005,-0.44,-2.62,-0.44,-2.62,INF,-1,1,7,0
6660,1,1,-4.943,-28.673,-0.46,-2.68,-0.46,-2.68,INF,-1,1,7,0
6680,1,1,-2.900,-29.892,-0.27,-2.79,-0.27,-2.79,INF,-1,0,7,0
6700,1,1,-5.062,-29.010,-0.47,-2.71,-0.47,-2.71,INF,-1,0,7,0
6720,1,1,-4.445,-30.046,-0.42,-2.81,-0.41,-2.81,INF,-1,0,7,0
6740,1,1,-4.444,-30.045,-0.42,-2.81,-0.41,-2.81,INF,-1,0,7,0
6760,1,1,-4.408,-29.873,-0.41,-2.79,-0.41,-2.79,INF,-1,0,7,0
6780,1,1,-4.751,-30.393,-0.44,-2.84,-0.44,-2.84,INF,-1,0,7,0
6800,1,1,-4.181,-30.796,-0.39,-2.88,-0.39,-2.88,INF,-1,0,7,0
6820,1,1,-4.590,-30.585,-0.43,-2.86,-0.43,-2.86,INF,-1,0,7,0
6840,1,1,-5.426,-28.580,-0.51,-2.67,-0.51,-2.67,INF,-1,0,7,0
6860,1,1,-2.954,-28.843,-0.28,-2.69,-0.28,-2.69,INF,-1,0,7,0
6880,1,1,-3.270,-29.551,-0.31,-2.76,-0.31,-2.76,INF,-1,0,7,0
6900,1,1,-3.673,-28.043,-0.34,-2.62,-0.34,-2.62,INF,-1,0,7,0
6920,1,1,-4.024,-27.456,-0.38,-2.56,-0.38,-2.56,INF,-1,1,7,0
6940,1,1,-6.548,-26.222,-0.61,-2.45,-0.61,-2.45,INF,-1,1,7,0
6960,1,1,-4.689,-30.461,-0.44,-2.84,-0.44,-2.84,INF,-1,1,7,0
6980,1,1,-3.225,-28.801,-0.30,-2.69,-0.30,-2.69,INF,-1,1,7,0
7000,1,1,-1.554,-31.436,-0.15,-2.94,-0.15,-2.94,INF,-1,1,7,0
7020,1,1,-5.288,-28.895,-0.49,-2.70,-0.49,-2.70,INF,-1,1,7,0
7040,1,1,-3.802,-27.726,-0.36,-2.59,-0.36,-2.59,INF,-1,1,7,0
7060,1,1,-4.274,-27.947,-0.40,-2.61,-0.40,-2.61,INF,-1,1,7,0
7080,1,1,-2.750,-27.149,-0.26,-2.54,-0.26,-2.54,INF,-1,1,7,0
7100,1,1,-2.857,-28.898,-0.27,-2.70,-0.27,-2.70,INF,-1,1,7,0
7120,1,1,-0.838,-28.536,-0.08,-2.67,-0.08,-2.67,INF,-1,1,7,0
7140,1,1,-2.959,-26.926,-0.28,-2.52,-0.28,-2.52,INF,-1,1,7,0
7160,1,1,-3.631,-28.602,-0.34,-2.67,-0.34,-2.67,INF,-1,1,7,0
7180,1,1,-7.180,-27.030,-0.67,-2.52,-0.67,-2.52,INF,-1,1,7,0
7200,1,1,-4.808,-28.875,-0.45,-2.70,-0.45,-2.70,INF,-1,1,7,0
7220,1,1,-4.881,-26.533,-0.46,-2.48,-0.46,-2.48,INF,-1,1,7,0
7240,1,1,-5.539,-27.436,-0.52,-2.56,-0.52,-2.56,INF,-1,1,7,0
7260,1,1,-4.076,-27.060,-0.38,-2.53,-0.38,-2.53,INF,-1,1,7,0
7280,1,1,-3.722,-28.817,-0.35,-2.69,-0.35,-2.69,INF,-1,1,7,0
7300,1,1,-3.511,-29.046,-0.33,-2.71,-0.33,-2.71,INF,-1,1,7,0
7320,1,1,-0.702,-27.809,-0.07,-2.60,-0.07,-2.60,INF,-1,1,7,0
7340,1,1,-3.249,-27.056,-0.30,-2.53,-0.30,-2.53,INF,-1,1,7,0
7360,1,1,-0.964,-28.205,-0.09,-2.63,-0.09,-2.63,INF,-1,1,7,0
7380,1,1,-3.189,-27.649,-0.30,-2.58,-0.30,-2.58,INF,-1,1,7,0
7400,1,1,-1.551,-29.486,-0.15,-2.75,-0.14,-2.75,INF,-1,1,7,0
7420,1,1,-0.941,-24.269,-0.09,-2.27,-0.09,-2.27,INF,-1,1,7,0
7440,1,1,56.912,10.324,5.30,0.96,5.30,0.96,INF,-1,1,7,0
7460,1,1,63.860,3.860,5.95,0.36,5.95,0.36,INF,-1,1,7,0
7480,1,1,62.784,4.239,5.85,0.39,5.85,0.40,INF,-1,0,7,0
7500,1,1,62.784,4.283,5.85,0.40,5.85,0.40,INF,-1,0,7,0
7520,1,1,60.671,5.674,5.65,0.53,5.65,0.53,INF,-1,0,7,0
7540,1,1,59.947,6.626,5.59,0.62,5.59,0.62,INF,-1,0,7,0
7560,1,1,61.483,3.186,5.73,0.30,5.73,0.30,INF,-1,0,7,0
7580,1,1,61.204,4.532,5.70,0.42,5.70,0.42,INF,-1,0,7,0
7600,1,1,58.804,3.850,5.48,0.36,5.48,0.36,INF,-1,0,7,0
7620,1,1,61.730,4.590,5.75,0.43,5.75,0.43,INF,-1,0,7,0
7640,1,1,61.513,2.977,5.73,0.28,5.73,0.28,INF,-1,0,7,0
7660,1,1,60.588,3.741,5.64,0.35,5.64,0.35,INF,-1,0,7,0
7680,1,1,59.500,4.051,5.54,0.38,5.54,0.38,INF,-1,0,7,0
7700,1,1,59.668,2.929,5.56,0.27,5.56,0.27,INF,-1,0,7,0
7720,1,1,58.486,5.599,5.45,0.52,5.45,0.52,INF,-1,1,7,0
7740,1,1,61.343,2.717,5.71,0.25,5.71,0.25,INF,-1,1,7,0
7760,1,1,58.628,4.342,5.46,0.40,5.46,0.41,INF,-1,1,7,0
7780,1,1,58.824,4.325,5.48,0.40,5.48,0.40,INF,-1,1,7,0
7800,1,1,58.059,3.639,5.41,0.34,5.41,0.34,INF,-1,1,7,0
7820,1,1,58.892,2.033,5.49,0.19,5.49,0.19,INF,-1,1,7,0
7840,1,1,59.925,2.833,5.58,0.26,5.58,0.26,INF,-1,1,7,0
7860,1,1,60.850,0.862,5.67,0.08,5.67,0.08,INF,-1,1,7,0
7880,1,1,59.673,4.266,5.56,0.40,5.56,0.40,INF,-1,1,7,0
7900,1,1,59.493,2.800,5.54,0.26,5.54,0.26,INF,-1,1,7,0
7920,1,1,59.436,2.725,5.54,0.25,5.54,0.25,INF,-1,1,7,0
7940,1,1,57.730,2.868,5.38,0.27,5.38,0.27,INF,-1,1,7,0
7960,1,1,60.745,2.417,5.66,0.22,5.66,0.23,INF,-1,1,7,0
7980,1,1,58.364,0.034,5.44,0.00,5.44,0.00,INF,-1,1,7,0
8000,1,1,57.093,4.368,5.32,0.41,5.32,0.41,INF,-1,1,7,0
8020,1,1,62.253,1.868,5.80,0.17,5.80,0.17,INF,-1,1,7,0
8040,0,1,0.000,0.000,0.00,0.00,0.00,0.00,0.00,-1,1,7,0
8060,0,1,0.000,0.000,0.00,0.00,0.00,0.00,0.00,-1,1,7,0
8080,0,1,0.000,0.000,0.00,0.00,0.00,0.00,0.00,-1,1,7,0
8100,0,1,0.000,0.000,0.00,0.00,0.00,0.00,0.00,-1,1,7,0
8120,0,1,0.000,0.000,0.00,0.00,0.00,0.00,0.00,-1,0,7,0
8140,0,1,0.000,0.000,0.00,0.00,0.00,0.00,0.00,-1,0,7,0
8160,0,1,0.000,0.000,0.00,0.00,0.00,0.00,0.00,-1,0,7,0
8180,0,1,0.000,0.000,0.00,0.00,0.00,0.00,0.00,-1,0,7,0
8200,0,1,0.000,0.000,0.00,0.00,0.00,0.00,0.00,-1,0,7,0
8220,1,1,10.712,-27.034,1.00,-2.52,1.00,-2.53,INF,-1,0,7,0
8240,1,1,9.651,-21.400,0.90,-2.00,0.90,-2.00,INF,-1,0,7,0
8260,1,1,10.763,-22.772,1.01,-2.13,1.01,-2.13,INF,-1,0,7,0
8280,1,1,10.358,-21.619,0.97,-2.02,0.97,-2.02,INF,-1,0,7,0
8300,1,1,8.404,-22.152,0.79,-2.07,0.78,-2.07,INF,-1,0,7,0
8320,1,1,8.959,-22.918,0.84,-2.14,0.84,-2.14,INF,-1,0,7,0
8340,1,1,-0.020,-27.564,0.00,-2.57,0.00,-2.57,INF,-1,0,7,0
8360,1,1,-1.579,-29.550,-0.15,-2.76,-0.15,-2.76,INF,-1,0,7,0
8380,1,1,-2.681,-29.236,-0.25,-2.73,-0.25,-2.73,INF,-1,0,7,0
8400,1,1,-2.781,-28.826,-0.26,-2.69,-0.26,-2.69,INF,-1,0,7,0
8420,1,1,-2.607,-28.796,-0.24,-2.69,-0.24,-2.69,INF,-1,0,7,0
8440,1,1,-3.073,-28.987,-0.29,-2.71,-0.29,-2.71,INF,-1,0,7,0
8460,1,1,-2.198,-30.411,-0.21,-2.84,-0.21,-2.84,INF,-1,0,7,0
8480,1,1,-2.627,-29.043,-0.25,-2.71,-0.25,-2.71,INF,-1,0,7,0
8500,1,1,-1.396,-28.779,-0.13,-2.69,-0.13,-2.69,INF,-1,1,7,0
8520,1,1,-1.222,-29.913,-0.11,-2.79,-0.11,-2.79,INF,-1,1,7,0
8540,1,1,-1.273,-31.589,-0.12,-2.95,-0.12,-2.95,INF,-1,1,7,0
8560,1,1,-2.379,-28.420,-0.22,-2.65,-0.22,-2.65,INF,-1,1,7,0
8580,1,1,-2.953,-29.069,-0.28,-2.71,-0.28,-2.71,INF,-1,1,7,0
8600,1,1,-1.918,-30.741,-0.18,-2.87,-0.18,-2.87,INF,-1,1,7,0
8620,1,1,-1.293,-30.603,-0.12,-2.86,-0.12,-2.86,INF,-1,1,7,0
8640,1,1,-2.088,-29.599,-0.20,-2.76,-0.19,-2.76,INF,-1,1,7,0
8660,1,1,-3.730,-29.747,-0.35,-2.78,-0.35,-2.78,INF,-1,1,7,0
8680,1,1,-1.714,-29.557,-0.16,-2.76,-0.16,-2.76,INF,-1,1,7,0
8700,1,1,-5.579,-30.385,-0.52,-2.84,-0.52,-2.84,INF,-1,1,7,0
8720,1,1,-3.423,-29.783,-0.32,-2.78,-0.32,-2.78,INF,-1,1,7,0
8740,1,1,-4.295,-29.331,-0.40,-2.74,-0.40,-2.74,INF,-1,1,7,0
8760,1,1,-5.918,-28.361,-0.55,-2.65,-0.55,-2.65,INF,-1,1,7,0
8780,1,1,-4.129,-29.693,-0.39,-2.77,-0.39,-2.77,INF,-1,1,7,0
8800,1,1,-3.795,-29.643,-0.35,-2.77,-0.35,-2.77,INF,-1,1,7,0
8820,1,1,-3.983,-29.319,-0.37,-2.74,-0.37,-2.74,INF,-1,1,7,0
8840,1,1,-5.861,-29.677,-0.55,-2.77,-0.55,-2.77,INF,-1,1,7,0
8860,1,1,-3.969,-30.357,-0.37,-2.84,-0.37,-2.84,INF,-1,1,7,0
8880,1,1,-2.413,-28.782,-0.23,-2.69,-0.23,-2.69,INF,-1,1,7,0
8900,1,1,-3.845,-30.722,-0.36,-2.87,-0.36,-2.87,INF,-1,1,7,0
8920,1,1,-4.182,-28.438,-0.39,-2.66,-0.39,-2.66,INF,-1,1,7,0
8940,1,1,-1.894,-29.303,-0.18,-2.74,-0.18,-2.74,INF,-1,1,7,0
8960,1,1,-4.439,-29.720,-0.41,-2.78,-0.41,-2.78,INF,-1,1,7,0
8980,1,1,7.476,-36.573,0.70,-3.41,0.70,-3.41,INF,-1,1,7,0
9000,1,1,6.767,-36.955,0.63,-3.45,0.63,-3.45,INF,-1,1,7,0
9020,1,1,6.842,-37.172,0.64,-3.47,0.64,-3.47,INF,-1,0,7,0
9040,1,1,6.445,-35.567,0.60,-3.32,0.60,-3.32,INF,-1,0,7,0
9060,1,1,6.213,-36.038,0.58,-3.36,0.58,-3.36,INF,-1,0,7,0
9080,1,1,8.534,-35.386,0.80,-3.30,0.80,-3.30,INF,-1,0,7,0
9100,1,1,7.192,-35.727,0.67,-3.34,0.67,-3.34,INF,-1,0,7,0
9120,1,1,5.749,-36.900,0.54,-3.44,0.54,-3.44,INF,-1,0,7,0
9140,1,1,9.650,-35.488,0.90,-3.31,0.90,-3.31,INF,-1,0,7,0
9160,1,1,8.375,-36.334,0.78,-3.39,0.78,-3.39,INF,-1,0,7,0
9180,1,1,6.898,-34.386,0.64,-3.21,0.64,-3.21,INF,-1,0,7,0
9200,1,1,7.305,-37.956,0.68,-3.54,0.68,-3.54,INF,-1,0,7,0
9220,1,1,47.641,1.412,4.44,0.13,4.44,0.13,INF,-1,0,7,0
9240,1,1,52.238,3.456,4.87,0.32,4.87,0.32,INF,-1,0,7,0
9260,1,1,52.936,1.415,4.94,0.13,4.94,0.13,INF,-1,0,7,0
9280,1,1,53.284,0.060,4.97,0.01,4.97,0.01,INF,-1,0,7,0
9300,1,1,53.254,2.366,4.97,0.22,4.97,0.22,INF,-1,0,7,0
9320,1,1,55.000,1.607,5.13,0.15,5.13,0.15,INF,-1,0,7,0
9340,1,1,54.481,-1.935,5.08,-0.18,5.08,-0.18,INF,-1,0,7,0
9360,1,1,52.376,1.694,4.88,0.16,4.88,0.16,INF,-1,0,7,0
9380,1,1,53.046,3.937,4.95,0.37,4.95,0.37,INF,-1,0,7,0
9400,1,1,55.283,-0.471,5.15,-0.04,5.15,-0.04,INF,-1,0,7,0
9420,1,1,54.227,1.635,5.06,0.15,5.06,0.15,INF,-1,0,7,0
9440,1,1,55.205,-0.404,5.15,-0.04,5.15,-0.04,INF,-1,0,7,0
9460,1,1,51.947,0.803,4.84,0.07,4.84,0.08,INF,-1,0,7,0
9480,1,1,53.594,1.127,5.00,0.10,5.00,0.11,INF,-1,0,7,0
9500,1,1,52.980,-1.268,4.94,-0.12,4.94,-0.12,INF,-1,1,7,0
9520,1,1,53.569,1.633,4.99,0.15,4.99,0.15,INF,-1,1,7,0
9540,1,1,54.155,0.219,5.05,0.02,5.05,0.02,INF,-1,1,7,0
9560,1,1,53.258,0.743,4.97,0.07,4.97,0.07,INF,-1,1,7,0
9580,1,1,53.383,1.531,4.98,0.14,4.98,0.14,INF,-1,1,7,0
9600,1,1,52.866,0.945,4.93,0.09,4.93,0.09,INF,-1,1,7,0
9620,1,1,54.931,1.270,5.12,0.12,5.12,0.12,INF,-1,1,7,0
9640,1,1,52.285,1.176,4.88,0.11,4.88,0.11,INF,-1,1,7,0
9660,1,1,53.850,2.380,5.02,0.22,5.02,0.22,INF,-1,1,7,0
9680,1,1,52.463,-0.080,4.89,-0.01,4.89,-0.01,INF,-1,1,7,0
9700,1,1,54.684,1.640,5.10,0.15,5.10,0.15,INF,-1,1,7,0
9720,1,1,52.685,1.888,4.91,0.18,4.91,0.18,INF,-1,1,7,0
9740,1,1,55.309,0.775,5.16,0.07,5.16,0.07,INF,-1,1,7,0
9760,1,1,58.527,0.912,5.45,0.08,5.45,0.09,INF,-1,1,7,0
9780,1,1,62.616,-3.062,5.83,-0.28,5.83,-0.29,INF,-1,1,7,0
9800,1,1,60.947,-1.867,5.68,-0.17,5.68,-0.17,INF,-1,1,7,0
9820,1,1,60.844,0.563,5.67,0.05,5.67,0.05,INF,-1,1,7,0
9840,1,1,61.310,-3.137,5.71,-0.29,5.71,-0.29,INF,-1,1,7,0
9860,1,1,60.864,-1.555,5.67,-0.14,5.67,-0.15,INF,-1,1,7,0
9880,1,1,62.678,-1.485,5.84,-0.14,5.84,-0.14,INF,-1,1,7,0
9900,1,1,60.564,0.209,5.64,0.02,5.64,0.02,INF,-1,1,7,0
9920,1,1,61.317,-1.835,5.71,-0.17,5.71,-0.17,INF,-1,1,7,0
9940,1,1,63.094,-2.229,5.88,-0.21,5.88,-0.21,INF,-1,1,7,0
9960,1,1,63.059,-0.888,5.87,-0.08,5.87,-0.08,INF,-1,1,7,0
9980,1,1,59.280,-2.544,5.52,-0.24,5.52,-0.24,INF,-1,1,7,0
10000,1,1,59.512,-4.225,5.55,-0.39,5.54,-0.39,INF,-1,1,7,0
10020,1,1,58.723,-6.013,5.47,-0.56,5.47,-0.56,INF,-1,1,7,0
10040,1,1,60.430,-6.476,5.63,-0.60,5.63,-0.61,INF,-1,1,7,0
10060,1,1,59.608,-5.215,5.55,-0.49,5.55,-0.49,INF,-1,1,7,0
10080,1,1,58.843,-7.983,5.48,-0.74,5.48,-0.75,INF,-1,1,7,0
10100,1,1,60.863,-7.112,5.67,-0.66,5.67,-0.66,INF,-1,1,7,0
10120,1,1,57.642,-6.896,5.37,-0.64,5.37,-0.64,INF,-1,1,7,0
10140,1,1,61.478,-5.947,5.73,-0.55,5.73,-0.56,INF,-1,1,7,0
10160,1,1,60.161,-6.043,5.61,-0.56,5.60,-0.56,INF,-1,1,7,0
10180,1,1,61.438,-6.561,5.72,-0.61,5.72,-0.61,INF,-1,1,7,0
10200,1,1,60.648,-7.034,5.65,-0.65,5.65,-0.66,INF,-1,1,7,0
10220,1,1,58.775,-5.873,5.48,-0.55,5.48,-0.55,INF,-1,1,7,0
10240,1,1,60.074,-7.232,5.60,-0.67,5.60,-0.68,INF,-1,1,7,0
10260,1,1,58.310,-7.466,5.43,-0.69,5.43,-0.70,INF,-1,1,7,0
10280,1,1,58.145,-6.742,5.42,-0.63,5.42,-0.63,INF,-1,1,7,0
10300,1,1,57.867,-0.717,5.39,-0.07,5.39,-0.07,INF,-1,1,7,0
10320,1,1,53.321,6.347,4.97,0.59,4.97,0.59,INF,-1,1,7,0
10340,1,1,53.418,5.525,4.98,0.51,4.98,0.52,INF,-1,1,7,0
10360,1,1,52.569,4.895,4.90,0.46,4.90,0.46,INF,-1,1,7,0
10380,1,1,51.902,5.780,4.84,0.54,4.84,0.54,INF,-1,1,7,0
10400,1,1,52.868,3.813,4.93,0.36,4.93,0.36,INF,-1,1,7,0
10420,1,1,51.382,6.263,4.79,0.58,4.79,0.59,INF,-1,1,7,0
10440,1,1,51.354,9.264,4.79,0.86,4.79,0.87,INF,-1,1,7,0
10460,1,1,52.386,8.663,4.88,0.81,4.88,0.81,INF,-1,1,7,0
10480,1,1,52.904,7.307,4.93,0.68,4.93,0.68,INF,-1,1,7,0
10500,1,1,55.288,5.673,5.15,0.53,5.15,0.53,INF,-1,1,7,0
10520,1,1,18.140,-4.052,1.69,-0.38,1.69,-0.38,INF,-1,1,7,0
10540,1,1,-31.903,2.586,-2.98,0.24,-2.98,0.24,INF,-1,1,7,0
10560,1,1,-31.728,3.639,-2.96,0.34,-2.96,0.34,INF,-1,0,7,0
10580,1,1,-31.451,3.999,-2.94,0.37,-2.94,0.37,INF,-1,0,7,0
10600,1,1,-29.741,2.757,-2.78,0.26,-2.78,0.26,INF,-1,0,7,0
10620,1,1,-32.374,5.028,-3.02,0.47,-3.02,0.47,INF,-1,0,7,0
10640,1,1,-32.472,3.609,-3.03,0.34,-3.03,0.34,INF,-1,0,7,0
10660,1,1,-30.250,3.678,-2.83,0.34,-2.83,0.34,INF,-1,0,7,0
10680,1,1,-31.096,3.227,-2.90,0.30,-2.90,0.30,INF,-1,0,7,0
10700,1,1,-31.398,4.178,-2.93,0.39,-2.93,0.39,INF,-1,0,7,0
10720,1,1,-33.234,5.059,-3.10,0.47,-3.10,0.47,INF,-1,0,7,0
10740,1,1,-33.697,3.935,-3.15,0.37,-3.15,0.37,INF,-1,0,7,0
10760,1,1,-33.358,3.515,-3.11,0.33,-3.11,0.33,INF,-1,0,7,0
10780,1,1,-34.760,3.864,-3.25,0.36,-3.25,0.36,INF,-1,0,7,0
10800,1,1,-33.064,2.806,-3.09,0.26,-3.09,0.26,INF,-1,0,7,0
10820,1,1,-31.535,2.395,-2.94,0.22,-2.94,0.22,INF,-1,1,7,0
10840,1,1,-35.369,1.752,-3.30,0.16,-3.30,0.16,INF,-1,1,7,0
10860,1,1,-47.375,-1.390,-4.42,-0.13,-4.42,-0.13,INF,-1,1,7,0
10880,1,1,-45.111,-1.590,-4.21,-0.15,-4.21,-0.15,INF,-1,1,7,0
10900,1,1,-45.031,-2.422,-4.20,-0.23,-4.20,-0.23,INF,-1,0,7,0
10920,1,1,-45.989,-2.120,-4.29,-0.20,-4.29,-0.20,INF,-1,0,7,0
10940,1,1,-45.645,-1.912,-4.26,-0.18,-4.26,-0.18,INF,-1,0,7,0
10960,1,1,-45.301,-1.451,-4.23,-0.14,-4.23,-0.14,INF,-1,0,7,0
10980,1,1,-46.740,-2.232,-4.36,-0.21,-4.36,-0.21,INF,-1,0,7,0
11000,1,1,-47.126,-2.054,-4.40,-0.19,-4.40,-0.19,INF,-1,0,7,0
11020,1,1,-44.078,-1.983,-4.11,-0.18,-4.11,-0.19,INF,-1,0,7,0
11040,1,1,-46.362,0.524,-4.33,0.05,-4.33,0.05,INF,-1,0,7,0
11060,1,1,-45.397,-1.499,-4.24,-0.14,-4.24,-0.14,INF,-1,0,7,0
11080,1,1,-44.770,0.168,-4.18,0.02,-4.18,0.02,INF,-1,0,7,0
11100,1,1,-45.480,-0.511,-4.24,-0.05,-4.24,-0.05,INF,-1,0,7,0
11120,1,1,-39.099,-3.430,-3.65,-0.32,-3.65,-0.32,INF,-1,0,7,0
11140,0,1,0.000,0.000,0.00,0.00,0.00,0.00,0.00,-1,1,7,0
11160,0,1,0.000,0.000,0.00,0.00,0.00,0.00,0.00,-1,1,7,0
11180,0,1,0.000,0.000,0.00,0.00,0.00,0.00,0.00,-1,1,7,0
11200,0,1,0.000,0.000,0.00,0.00,0.00,0.00,0.00,-1,1,7,0
11220,0,1,0.000,0.000,0.00,0.00,0.00,0.00,0.00,-1,0,7,0
11240,0,1,0.000,0.000,0.00,0.00,0.00,0.00,0.00,-1,0,7,0
11260,0,1,0.000,0.000,0.00,0.00,0.00,0.00,0.00,-1,0,7,0
11280,1,1,-54.302,-13.183,-5.06,-1.23,-5.06,-1.23,INF,-1,0,7,0
11300,1,1,-54.909,5.355,-5.12,0.50,-5.12,0.50,INF,-1,0,7,0
11320,1,1,-50.152,6.425,-4.68,0.60,-4.68,0.60,INF,-1,0,7,0
11340,1,1,-53.946,7.740,-5.03,0.72,-5.03,0.72,INF,-1,0,7,0
11360,1,1,-51.756,7.261,-4.83,0.68,-4.83,0.68,INF,-1,0,7,0
11380,1,1,-52.605,7.976,-4.90,0.74,-4.90,0.75,INF,-1,0,7,0
11400,1,1,-53.334,8.359,-4.97,0.78,-4.97,0.78,INF,-1,0,7,0
11420,1,1,-52.019,7.436,-4.85,0.69,-4.85,0.70,INF,-1,0,7,0
11440,1,1,-53.229,6.906,-4.96,0.64,-4.96,0.65,INF,-1,0,7,0
11460,1,1,-52.411,7.040,-4.89,0.66,-4.89,0.66,INF,-1,0,7,0
11480,1,1,-50.893,7.617,-4.75,0.71,-4.75,0.71,INF,-1,0,7,0
11500,1,1,-51.478,8.697,-4.80,0.81,-4.80,0.81,INF,-1,0,7,0
11520,1,1,-53.651,7.917,-5.00,0.74,-5.00,0.74,INF,-1,0,7,0
11540,1,1,-52.858,7.822,-4.93,0.73,-4.93,0.73,INF,-1,0,7,0
11560,1,1,-51.229,7.122,-4.78,0.66,-4.78,0.67,INF,-1,0,7,0
11580,1,1,-52.309,9.627,-4.88,0.90,-4.88,0.90,INF,-1,1,7,0
11600,1,1,-48.975,15.596,-4.57,1.45,-4.57,1.46,INF,-1,1,7,0
11620,1,1,-49.747,16.122,-4.64,1.50,-4.64,1.51,INF,-1,1,7,0
11640,1,1,-50.181,15.353,-4.68,1.43,-4.68,1.43,INF,-1,1,7,0
11660,1,1,-50.348,14.585,-4.70,1.36,-4.69,1.36,INF,-1,1,7,0
11680,1,1,-49.287,12.510,-4.60,1.17,-4.60,1.17,INF,-1,1,7,0
11700,1,1,-51.324,13.530,-4.79,1.26,-4.78,1.26,INF,-1,1,7,0
11720,1,1,-50.736,12.575,-4.73,1.17,-4.73,1.18,INF,-1,1,7,0
11740,1,1,-52.572,13.737,-4.90,1.28,-4.90,1.28,INF,-1,1,7,0
11760,1,1,-50.251,13.662,-4.69,1.27,-4.69,1.28,INF,-1,1,7,0
11780,1,1,-52.852,13.457,-4.93,1.25,-4.93,1.26,INF,-1,1,7,0
11800,1,1,-50.320,12.302,-4.69,1.15,-4.69,1.15,INF,-1,1,7,0
11820,1,1,-51.302,12.716,-4.78,1.18,-4.78,1.19,INF,-1,1,7,0
11840,1,1,-50.257,12.042,-4.69,1.12,-4.69,1.13,INF,-1,1,7,0
11860,1,1,-52.024,13.717,-4.85,1.28,-4.85,1.28,INF,-1,1,7,0
11880,1,1,-52.107,13.571,-4.86,1.26,-4.86,1.27,INF,-1,1,7,0
11900,1,1,-52.852,13.673,-4.93,1.27,-4.93,1.28,INF,-1,1,7,0
11920,1,1,-53.029,14.730,-4.94,1.37,-4.94,1.38,INF,-1,1,7,0
11940,1,1,-44.573,13.730,-4.16,1.28,-4.16,1.28,INF,-1,1,7,0
11960,1,1,-8.157,22.107,-0.76,2.07,-0.76,2.07,INF,-1,1,7,0
11980,1,1,-7.941,22.403,-0.74,2.09,-0.74,2.09,INF,-1,0,7,0
12000,1,1,-8.535,22.178,-0.80,2.07,-0.80,2.07,INF,-1,0,7,0
12020,1,1,-8.438,23.388,-0.79,2.18,-0.79,2.18,INF,-1,0,7,0
12040,1,1,-9.713,21.842,-0.91,2.04,-0.91,2.04,INF,-1,0,7,0
12060,1,1,-8.376,21.329,-0.78,1.99,-0.78,1.99,INF,-1,0,7,0
12080,1,1,-7.275,21.411,-0.68,2.00,-0.68,2.00,INF,-1,0,7,0
12100,1,1,-11.191,22.268,-1.05,2.08,-1.05,2.08,INF,-1,0,7,0
12120,1,1,-5.860,21.834,-0.55,2.04,-0.55,2.04,INF,-1,0,7,0
12140,1,1,-6.934,22.636,-0.65,2.11,-0.65,2.11,INF,-1,0,7,0
12160,1,1,-7.540,21.227,-0.70,1.98,-0.70,1.98,INF,-1,0,7,0
12180,1,1,-9.234,20.025,-0.86,1.87,-0.86,1.87,INF,-1,0,7,0
12200,1,1,-8.338,22.350,-0.78,2.09,-0.78,2.09,INF,-1,0,7,0
12220,1,1,-5.901,23.438,-0.55,2.19,-0.55,2.19,INF,-1,0,7,0
12240,1,1,-8.490,21.442,-0.79,2.00,-0.79,2.00,INF,-1,1,7,0
12260,1,1,-9.369,21.908,-0.88,2.05,-0.88,2.05,INF,-1,1,7,0
12280,1,1,-8.857,22.394,-0.83,2.09,-0.83,2.09,INF,-1,1,7,0
12300,1,1,-6.979,20.635,-0.65,1.93,-0.65,1.93,INF,-1,1,7,0
12320,1,1,-8.915,21.362,-0.83,2.00,-0.83,2.00,INF,-1,1,7,0
12340,1,1,-6.953,22.001,-0.65,2.06,-0.65,2.06,INF,-1,1,7,0
12360,1,1,-8.302,19.062,-0.78,1.78,-0.78,1.78,INF,-1,1,7,0
12380,1,1,-4.979,18.513,-0.47,1.73,-0.47,1.73,INF,-1,1,7,0
12400,1,1,14.615,9.744,1.37,0.91,1.37,0.91,INF,-1,1,7,0
12420,1,1,12.691,14.435,1.19,1.35,1.19,1.35,INF,-1,1,7,0
12440,1,1,13.080,11.709,1.22,1.09,1.22,1.09,INF,-1,0,7,0
12460,1,1,12.357,14.773,1.15,1.38,1.15,1.38,INF,-1,0,7,0
12480,1,1,14.554,11.777,1.36,1.10,1.36,1.10,INF,-1,0,7,0
12500,1,1,12.911,12.216,1.21,1.14,1.21,1.14,INF,-1,0,7,0
12520,1,1,12.828,13.561,1.20,1.27,1.20,1.27,INF,-1,0,7,0
12540,1,1,16.101,12.066,1.50,1.13,1.50,1.13,INF,-1,0,7,0
12560,1,1,12.653,11.087,1.18,1.04,1.18,1.04,INF,-1,0,7,0
12580,1,1,15.866,13.077,1.48,1.22,1.48,1.22,INF,-1,0,7,0
12600,1,1,12.953,12.143,1.21,1.13,1.21,1.13,INF,-1,0,7,0
12620,1,1,11.714,11.898,1.09,1.11,1.09,1.11,INF,-1,0,7,0
12640,1,1,15.341,11.266,1.43,1.05,1.43,1.05,INF,-1,0,7,0
12660,1,1,14.327,11.141,1.34,1.04,1.34,1.04,INF,-1,0,7,0
12680,1,1,7.248,11.496,0.68,1.07,0.68,1.07,INF,-1,1,7,0
12700,1,1,7.136,12.823,0.67,1.20,0.67,1.20,INF,-1,1,7,0
12720,1,1,6.174,11.694,0.58,1.09,0.58,1.09,INF,-1,1,7,0
12740,1,1,5.955,11.808,0.56,1.10,0.56,1.10,INF,-1,1,7,0
12760,1,1,5.360,13.077,0.50,1.22,0.50,1.22,INF,-1,1,7,0
12780,1,1,4.147,13.084,0.39,1.22,0.39,1.22,INF,-1,1,7,0
12800,1,1,4.100,13.410,0.38,1.25,0.38,1.25,INF,-1,1,7,0
12820,1,1,4.335,13.458,0.41,1.26,0.41,1.26,INF,-1,1,7,0
12840,1,1,5.493,11.235,0.51,1.05,0.51,1.05,INF,-1,1,7,0
12860,1,1,6.768,11.020,0.63,1.03,0.63,1.03,INF,-1,1,7,0
12880,1,1,4.210,12.378,0.39,1.16,0.39,1.16,INF,-1,1,7,0
12900,1,1,3.587,11.876,0.34,1.11,0.34,1.11,INF,-1,1,7,0
12920,1,1,5.827,11.591,0.54,1.08,0.54,1.08,INF,-1,1,7,0
12940,1,1,6.248,10.860,0.58,1.01,0.58,1.01,INF,-1,1,7,0
12960,1,1,-2.476,-24.689,-0.23,-2.31,-0.23,-2.31,INF,-1,1,7,0
12980,1,1,-3.259,-28.170,-0.30,-2.63,-0.30,-2.63,INF,-1,1,7,0
13000,1,1,-4.148,-26.351,-0.39,-2.46,-0.39,-2.46,INF,-1,0,7,0
13020,1,1,-1.092,-25.352,-0.10,-2.37,-0.10,-2.37,INF,-1,0,7,0
13040,1,1,-0.335,-28.423,-0.03,-2.65,-0.03,-2.65,INF,-1,0,7,0
13060,1,1,-2.435,-25.297,-0.23,-2.36,-0.23,-2.36,INF,-1,0,7,0
13080,1,1,-2.663,-27.390,-0.25,-2.56,-0.25,-2.56,INF,-1,0,7,0
13100,1,1,-2.246,-26.691,-0.21,-2.49,-0.21,-2.49,INF,-1,0,7,0
13120,1,1,-3.238,-25.042,-0.30,-2.34,-0.30,-2.34,INF,-1,0,7,0
13140,1,1,-2.764,-26.042,-0.26,-2.43,-0.26,-2.43,INF,-1,0,7,0
13160,1,1,-2.942,-27.136,-0.28,-2.53,-0.27,-2.53,INF,-1,0,7,0
13180,1,1,-3.129,-28.188,-0.29,-2.63,-0.29,-2.63,INF,-1,0,7,0
13200,1,1,-5.024,-26.108,-0.47,-2.44,-0.47,-2.44,INF,-1,0,7,0
13220,1,1,-2.778,-27.128,-0.26,-2.53,-0.26,-2.53,INF,-1,0,7,0
13240,1,1,-3.565,-28.685,-0.33,-2.68,-0.33,-2.68,INF,-1,1,7,0
13260,1,1,-4.198,-28.296,-0.39,-2.64,-0.39,-2.64,INF,-1,1,7,0
13280,1,1,-4.996,-28.051,-0.47,-2.62,-0.47,-2.62,INF,-1,1,7,0
13300,1,1,-2.361,-28.279,-0.22,-2.64,-0.22,-2.64,INF,-1,1,7,0
13320,1,1,-3.183,-28.412,-0.30,-2.65,-0.30,-2.65,INF,-1,1,7,0
13340,1,1,-1.286,-29.008,-0.12,-2.71,-0.12,-2.71,INF,-1,1,7,0
13360,1,1,-5.682,-27.912,-0.53,-2.61,-0.53,-2.61,INF,-1,1,7,0
13380,1,1,-3.976,-29.752,-0.37,-2.78,-0.37,-2.78,INF,-1,1,7,0
13400,1,1,-5.203,-29.840,-0.49,-2.79,-0.49,-2.79,INF,-1,1,7,0
13420,1,1,-5.401,-29.120,-0.50,-2.72,-0.50,-2.72,INF,-1,1,7,0
13440,1,1,-5.290,-28.717,-0.49,-2.68,-0.49,-2.68,INF,-1,1,7,0
13460,1,1,-3.847,-28.204,-0.36,-2.63,-0.36,-2.63,INF,-1,1,7,0
13480,1,1,-3.963,-29.530,-0.37,-2.76,-0.37,-2.76,INF,-1,1,7,0
13500,1,1,-4.230,-27.655,-0.40,-2.58,-0.39,-2.58,INF,-1,1,7,0
13520,1,1,-5.300,-26.763,-0.50,-2.50,-0.49,-2.50,INF,-1,1,7,0
13540,1,1,-6.275,-28.172,-0.59,-2.63,-0.59,-2.63,INF,-1,1,7,0
13560,1,1,-4.609,-27.414,-0.43,-2.56,-0.43,-2.56,INF,-1,1,7,0
13580,1,1,-5.801,-27.990,-0.54,-2.61,-0.54,-2.61,INF,-1,1,7,0
13600,1,1,-4.211,-27.575,-0.39,-2.58,-0.39,-2.58,INF,-1,1,7,0
13620,1,1,-7.252,-25.240,-0.68,-2.36,-0.68,-2.36,INF,-1,1,7,0
13640,1,1,-4.916,-31.406,-0.46,-2.93,-0.46,-2.93,INF,-1,1,7,0
13660,1,1,-3.911,-30.250,-0.37,-2.83,-0.37,-2.83,INF,-1,1,7,0
13680,1,1,-3.297,-28.047,-0.31,-2.62,-0.31,-2.62,INF,-1,1,7,0
13700,1,1,-5.321,-29.019,-0.50,-2.71,-0.50,-2.71,INF,-1,1,7,0
13720,1,1,-5.988,-28.873,-0.56,-2.70,-0.56,-2.70,INF,-1,1,7,0
13740,1,1,-6.046,-27.677,-0.57,-2.59,-0.56,-2.59,INF,-1,1,7,0
13760,1,1,-6.681,-28.041,-0.62,-2.62,-0.62,-2.62,INF,-1,1,7,0
13780,1,1,-5.214,-27.789,-0.49,-2.60,-0.49,-2.60,INF,-1,1,7,0
13800,1,1,-5.616,-27.260,-0.52,-2.55,-0.52,-2.55,INF,-1,1,7,0
13820,1,1,-5.112,-28.403,-0.48,-2.65,-0.48,-2.65,INF,-1,1,7,0
13840,1,1,-6.161,-27.423,-0.58,-2.56,-0.58,-2.56,INF,-1,1,7,0
13860,1,1,-5.812,-26.922,-0.54,-2.51,-0.54,-2.51,INF,-1,1,7,0
13880,1,1,17.999,-26.018,1.68,-2.43,1.68,-2.43,INF,-1,1,7,0
13900,1,1,25.715,-22.441,2.40,-2.09,2.40,-2.10,INF,-1,1,7,0
13920,1,1,25.966,-22.897,2.43,-2.14,2.42,-2.14,INF,-1,0,7,0
13940,1,1,26.288,-23.899,2.46,-2.23,2.45,-2.23,INF,-1,0,7,0
13960,1,1,24.309,-22.081,2.27,-2.06,2.27,-2.06,INF,-1,0,7,0
13980,1,1,25.761,-22.659,2.41,-2.12,2.40,-2.12,INF,-1,0,7,0
14000,1,1,25.591,-22.514,2.39,-2.10,2.39,-2.10,INF,-1,0,7,0
14020,1,1,25.302,-23.119,2.36,-2.16,2.36,-2.16,INF,-1,0,7,0
14040,1,1,27.373,-21.234,2.56,-1.98,2.56,-1.98,INF,-1,0,7,0
14060,1,1,26.744,-21.461,2.50,-2.00,2.50,-2.01,INF,-1,0,7,0
14080,1,1,25.802,-22.647,2.41,-2.11,2.41,-2.12,INF,-1,0,7,0
14100,1,1,25.534,-23.276,2.39,-2.17,2.38,-2.17,INF,-1,0,7,0
14120,1,1,25.232,-23.828,2.36,-2.22,2.36,-2.23,INF,-1,0,7,0
14140,1,1,24.252,-24.400,2.27,-2.28,2.26,-2.28,INF,-1,0,7,0
14160,1,1,22.311,-20.586,2.08,-1.92,2.08,-1.92,INF,-1,1,7,0
14180,1,1,22.681,-24.334,2.12,-2.27,2.12,-2.27,INF,-1,1,7,0
14200,1,1,26.221,-24.713,2.45,-2.31,2.45,-2.31,INF,-1,1,7,0
14220,1,1,26.403,-22.914,2.47,-2.14,2.46,-2.14,INF,-1,1,7,0
14240,1,1,25.745,-22.938,2.40,-2.14,2.40,-2.14,INF,-1,1,7,0
14260,1,1,24.622,-23.074,2.30,-2.15,2.30,-2.16,INF,-1,1,7,0
14280,1,1,25.190,-22.674,2.35,-2.12,2.35,-2.12,INF,-1,1,7,0
14300,1,1,27.897,-23.455,2.61,-2.19,2.60,-2.19,INF,-1,1,7,0
14320,1,1,28.578,-23.263,2.67,-2.17,2.67,-2.17,INF,-1,1,7,0
14340,1,1,23.743,-20.159,2.22,-1.88,2.22,-1.88,INF,-1,1,7,0
14360,1,1,27.796,-20.947,2.60,-1.96,2.59,-1.96,INF,-1,1,7,0
14380,1,1,27.483,-20.422,2.57,-1.91,2.57,-1.91,INF,-1,1,7,0
14400,1,1,23.495,-22.367,2.19,-2.09,2.19,-2.09,INF,-1,1,7,0
14420,1,1,25.817,-21.152,2.41,-1.97,2.41,-1.98,INF,-1,1,7,0
14440,1,1,25.882,-19.408,2.42,-1.81,2.42,-1.81,INF,-1,1,7,0
14460,1,1,24.165,-20.025,2.26,-1.87,2.26,-1.87,INF,-1,1,7,0
14480,1,1,25.845,-20.243,2.41,-1.89,2.41,-1.89,INF,-1,1,7,0
14500,1,1,25.525,-21.120,2.38,-1.97,2.38,-1.97,INF,-1,1,7,0
14520,1,1,26.209,-19.532,2.45,-1.82,2.45,-1.83,INF,-1,1,7,0
14540,1,1,26.154,-19.456,2.44,-1.82,2.44,-1.82,INF,-1,1,7,0
14560,1,1,27.756,-18.600,2.59,-1.74,2.59,-1.74,INF,-1,1,7,0
14580,1,1,24.702,-19.093,2.31,-1.78,2.31,-1.78,INF,-1,1,7,0
14600,1,1,26.525,-20.298,2.48,-1.89,2.48,-1.90,INF,-1,1,7,0
14620,1,1,27.211,-19.439,2.54,-1.81,2.54,-1.82,INF,-1,1,7,0
14640,1,1,27.452,-19.288,2.56,-1.80,2.56,-1.80,INF,-1,1,7,0
14660,1,1,28.199,-17.806,2.63,-1.66,2.63,-1.66,INF,-1,1,7,0
14680,1,1,27.903,-18.233,2.61,-1.70,2.61,-1.70,INF,-1,1,7,0
14700,1,1,25.973,-17.565,2.43,-1.64,2.43,-1.64,INF,-1,1,7,0
14720,1,1,27.426,-17.788,2.56,-1.66,2.56,-1.66,INF,-1,1,7,0
14740,1,1,16.885,-21.025,1.58,-1.96,1.58,-1.96,INF,-1,1,7,0
14760,1,1,-26.381,-0.563,-2.46,-0.05,-2.46,-0.05,INF,-1,1,7,0
14780,1,1,-29.122,2.109,-2.72,0.20,-2.72,0.20,INF,-1,1,7,0
14800,1,1,-28.790,2.417,-2.69,0.23,-2.69,0.23,INF,-1,0,7,0
14820,1,1,-30.136,0.965,-2.81,0.09,-2.81,0.09,INF,-1,0,7,0
14840,1,1,-26.892,1.020,-2.51,0.10,-2.51,0.10,INF,-1,0,7,0
14860,1,1,-30.014,2.058,-2.80,0.19,-2.80,0.19,INF,-1,0,7,0
14880,1,1,-31.941,2.417,-2.98,0.23,-2.98,0.23,INF,-1,0,7,0
14900,1,1,-32.779,1.616,-3.06,0.15,-3.06,0.15,INF,-1,0,7,0
14920,1,1,-29.525,2.199,-2.76,0.21,-2.76,0.21,INF,-1,0,7,0
14940,1,1,-30.008,2.626,-2.80,0.25,-2.80,0.25,INF,-1,0,7,0
14960,1,1,-30.598,3.161,-2.86,0.30,-2.86,0.30,INF,-1,0,7,0
