"EyeTracker Toolbox version","3.250"
CalibrationParameters_A11,1.05930
CalibrationParameters_A12,0.03543
CalibrationParameters_A13,0.08973
CalibrationParameters_A21,0.03037
CalibrationParameters_A22,-1.09759
CalibrationParameters_A23,-0.07581
CalibrationParameters_A31,0.00175
CalibrationParameters_A32,0.00109
CalibrationParameters_E11,-0.18001
CalibrationParameters_E12,-0.00007
CalibrationParameters_E21,0.00004
CalibrationParameters_E22,0.20004
CalibrationParameters_X,-18.02892
CalibrationParameters_Y,24.49471
CalibrationParameters_Rpc,72.26408
CalibrationParameters_MeanX,207.50656
CalibrationParameters_MeanY,98.01112
CalibrationParameters_ViewDist,613.00000
TimeStamp,Tracked,Calibrated,ScreenPositionXmm,ScreenPositionYmm,FicksLongitude,FicksLatitude,HelmholtzAzimuth,HelmholtzElevation,PupilDiameter,Region,Fixation,DigitalIO,Dropped
0,1,1,14.077,15.036,1.32,1.40,1.32,1.41,INF,-1,0,7,0
20,1,1,12.569,15.772,1.17,1.47,1.17,1.47,INF,-1,0,7,0
40,1,1,14.824,16.123,1.39,1.51,1.38,1.51,INF,-1,0,7,0
60,1,1,13.171,16.440,1.23,1.54,1.23,1.54,INF,-1,0,7,0
80,1,1,14.651,15.776,1.37,1.47,1.37,1.47,INF,-1,0,7,0
100,1,1,12.724,15.639,1.19,1.46,1.19,1.46,INF,-1,0,7,0
120,1,1,15.191,16.981,1.42,1.59,1.42,1.59,INF,-1,0,7,0
140,1,1,13.698,17.058,1.28,1.59,1.28,1.59,INF,-1,0,7,0
160,1,1,15.719,17.602,1.47,1.64,1.47,1.64,INF,-1,0,7,0
180,1,1,16.026,17.005,1.50,1.59,1.50,1.59,INF,-1,0,7,0
200,1,1,13.816,17.637,1.29,1.65,1.29,1.65,INF,-1,0,7,0
220,1,1,15.591,17.920,1.46,1.67,1.46,1.67,INF,-1,0,7,0
240,1,1,12.887,15.122,1.20,1.41,1.20,1.41,INF,-1,0,7,0
260,1,1,-4.491,4.890,-0.42,0.46,-0.42,0.46,INF,-1,0,7,0
280,1,1,-1.789,4.690,-0.17,0.44,-0.17,0.44,INF,-1,1,7,0
300,1,1,-3.210,1.942,-0.30,0.18,-0.30,0.18,INF,-1,0,7,0
320,1,1,-3.515,2.652,-0.33,0.25,-0.33,0.25,INF,-1,0,7,0
340,1,1,-3.954,1.888,-0.37,0.18,-0.37,0.18,INF,-1,0,7,0
360,1,1,-3.087,1.011,-0.29,0.09,-0.29,0.09,INF,-1,0,7,0
380,1,1,-2.864,0.659,-0.27,0.06,-0.27,0.06,INF,-1,0,7,0
400,1,1,-2.900,1.230,-0.27,0.11,-0.27,0.11,INF,-1,0,7,0
420,1,1,-1.835,1.382,-0.17,0.13,-0.17,0.13,INF,-1,0,7,0
440,1,1,-1.914,1.580,-0.18,0.15,-0.18,0.15,INF,-1,0,7,0
460,1,1,-2.568,-0.564,-0.24,-0.05,-0.24,-0.05,INF,-1,0,7,0
480,1,1,-4.458,0.299,-0.42,0.03,-0.42,0.03,INF,-1,0,7,0
500,1,1,-8.088,-28.874,-0.76,-2.70,-0.76,-2.70,INF,-1,0,7,0
520,1,1,-9.581,-27.641,-0.90,-2.58,-0.89,-2.58,INF,-1,0,7,0
540,1,1,-10.661,-28.334,-1.00,-2.65,-1.00,-2.65,INF,-1,0,7,0
560,1,1,-10.182,-30.919,-0.95,-2.89,-0.95,-2.89,INF,-1,0,7,0
580,1,1,-8.392,-28.601,-0.78,-2.67,-0.78,-2.67,INF,-1,0,7,0
600,0,1,0.000,0.000,0.00,0.00,0.00,0.00,0.00,-1,0,7,0
620,1,1,-10.560,-27.881,-0.99,-2.60,-0.99,-2.60,INF,-1,0,7,0
640,1,1,-9.853,-28.288,-0.92,-2.64,-0.92,-2.64,INF,-1,0,7,0
660,1,1,-10.140,-30.564,-0.95,-2.85,-0.95,-2.85,INF,-1,0,7,0
680,1,1,-11.420,-29.165,-1.07,-2.72,-1.07,-2.72,INF,-1,0,7,0
700,1,1,-10.516,-25.552,-0.98,-2.39,-0.98,-2.39,INF,-1,1,7,0
720,1,1,-10.636,-30.006,-0.99,-2.80,-0.99,-2.80,INF,-1,1,7,0
740,1,1,-10.761,-27.233,-1.01,-2.54,-1.00,-2.54,INF,-1,1,7,0
760,1,1,-8.077,13.241,-0.75,1.24,-0.75,1.24,INF,-1,1,7,0
780,1,1,-4.614,17.597,-0.43,1.64,-0.43,1.64,INF,-1,1,7,0
800,1,1,-3.562,16.537,-0.33,1.55,-0.33,1.55,INF,-1,0,7,0
820,1,1,-1.685,17.468,-0.16,1.63,-0.16,1.63,INF,-1,0,7,0
840,1,1,-2.737,17.270,-0.26,1.61,-0.26,1.61,INF,-1,0,7,0
860,1,1,-2.036,16.875,-0.19,1.58,-0.19,1.58,INF,-1,0,7,0
880,1,1,-0.902,17.813,-0.08,1.66,-0.08,1.66,INF,-1,0,7,0
900,1,1,-0.438,18.303,-0.04,1.71,-0.04,1.71,INF,-1,0,7,0
920,1,1,-1.986,16.746,-0.19,1.56,-0.19,1.56,INF,-1,0,7,0
940,1,1,-1.464,18.528,-0.14,1.73,-0.14,1.73,INF,-1,0,7,0
960,1,1,-0.524,17.749,-0.05,1.66,-0.05,1.66,INF,-1,0,7,0
980,1,1,-1.837,16.059,-0.17,1.50,-0.17,1.50,INF,-1,0,7,0
1000,1,1,-2.801,16.552,-0.26,1.55,-0.26,1.55,INF,-1,0,7,0
1020,1,1,-0.822,17.253,-0.08,1.61,-0.08,1.61,INF,-1,0,7,0
1040,1,1,-0.601,17.073,-0.06,1.60,-0.06,1.60,INF,-1,1,7,0
1060,1,1,-0.469,16.616,-0.04,1.55,-0.04,1.55,INF,-1,1,7,0
1080,1,1,-1.461,16.201,-0.14,1.51,-0.14,1.51,INF,-1,1,7,0
1100,1,1,-1.129,16.182,-0.11,1.51,-0.11,1.51,INF,-1,1,7,0
1120,1,1,-0.248,17.398,-0.02,1.63,-0.02,1.63,INF,-1,1,7,0
1140,1,1,-1.595,16.819,-0.15,1.57,-0.15,1.57,INF,-1,1,7,0
1160,1,1,-0.829,17.739,-0.08,1.66,-0.08,1.66,INF,-1,1,7,0
1180,1,1,0.478,17.146,0.04,1.60,0.04,1.60,INF,-1,1,7,0
1200,1,1,-0.274,16.919,-0.03,1.58,-0.03,1.58,INF,-1,1,7,0
1220,1,1,-0.229,14.646,-0.02,1.37,-0.02,1.37,INF,-1,1,7,0
1240,1,1,-1.974,15.875,-0.18,1.48,-0.18,1.48,INF,-1,1,7,0
1260,1,1,0.792,15.625,0.07,1.46,0.07,1.46,INF,-1,1,7,0
1280,1,1,1.130,9.847,0.11,0.92,0.11,0.92,INF,-1,1,7,0
1300,1,1,1.049,10.801,0.10,1.01,0.10,1.01,INF,-1,1,7,0
1320,1,1,1.157,11.506,0.11,1.08,0.11,1.08,INF,-1,1,7,0
1340,1,1,0.263,12.012,0.02,1.12,0.02,1.12,INF,-1,1,7,0
1360,1,1,1.204,10.692,0.11,1.00,0.11,1.00,INF,-1,1,7,0
1380,1,1,3.111,10.598,0.29,0.99,0.29,0.99,INF,-1,1,7,0
1400,1,1,2.880,11.485,0.27,1.07,0.27,1.07,INF,-1,1,7,0
1420,1,1,2.169,9.636,0.20,0.90,0.20,0.90,INF,-1,1,7,0
1440,1,1,1.137,10.070,0.11,0.94,0.11,0.94,INF,-1,1,7,0
1460,1,1,1.388,10.350,0.13,0.97,0.13,0.97,INF,-1,1,7,0
1480,1,1,1.320,8.748,0.12,0.82,0.12,0.82,INF,-1,1,7,0
1500,1,1,1.342,8.807,0.13,0.82,0.13,0.82,INF,-1,1,7,0
1520,1,1,0.825,9.292,0.08,0.87,0.08,0.87,INF,-1,1,7,0
1540,1,1,2.605,10.737,0.24,1.00,0.24,1.00,INF,-1,1,7,0
1560,1,1,2.662,10.613,0.25,0.99,0.25,0.99,INF,-1,1,7,0
1580,1,1,1.462,10.442,0.14,0.98,0.14,0.98,INF,-1,1,7,0
1600,1,1,1.051,9.016,0.10,0.84,0.10,0.84,INF,-1,1,7,0
1620,1,1,0.867,9.184,0.08,0.86,0.08,0.86,INF,-1,1,7,0
1640,1,1,0.228,8.470,0.02,0.79,0.02,0.79,INF,-1,1,7,0
1660,1,1,0.630,8.384,0.06,0.78,0.06,0.78,INF,-1,1,7,0
1680,1,1,0.427,9.544,0.04,0.89,0.04,0.89,INF,-1,1,7,0
1700,1,1,-14.792,35.528,-1.38,3.32,-1.38,3.32,INF,-1,1,7,0
1720,1,1,-13.841,36.401,-1.29,3.40,-1.29,3.40,INF,-1,1,7,0
1740,1,1,-10.827,35.243,-1.01,3.29,-1.01,3.29,INF,-1,0,7,0
1760,1,1,-13.670,32.918,-1.28,3.07,-1.28,3.07,INF,-1,0,7,0
1780,1,1,-12.941,32.745,-1.21,3.06,-1.21,3.06,INF,-1,0,7,0
1800,1,1,-10.661,34.407,-1.00,3.21,-0.99,3.21,INF,-1,0,7,0
1820,1,1,-10.352,34.565,-0.97,3.23,-0.97,3.23,INF,-1,0,7,0
1840,1,1,-10.449,33.933,-0.98,3.17,-0.98,3.17,INF,-1,0,7,0
1860,1,1,-12.090,32.986,-1.13,3.08,-1.13,3.08,INF,-1,0,7,0
1880,1,1,-11.203,33.958,-1.05,3.17,-1.05,3.17,INF,-1,0,7,0
1900,1,1,-12.478,32.959,-1.17,3.08,-1.16,3.08,INF,-1,0,7,0
1920,1,1,-12.272,33.351,-1.15,3.11,-1.15,3.11,INF,-1,0,7,0
1940,1,1,-12.825,32.461,-1.20,3.03,-1.20,3.03,INF,-1,0,7,0
1960,1,1,-11.727,33.400,-1.10,3.12,-1.09,3.12,INF,-1,0,7,0
1980,1,1,-12.401,32.732,-1.16,3.06,-1.16,3.06,INF,-1,1,7,0
2000,1,1,-11.833,33.060,-1.11,3.09,-1.10,3.09,INF,-1,1,7,0
2020,1,1,-13.009,32.839,-1.22,3.07,-1.21,3.07,INF,-1,1,7,0
2040,1,1,3.152,34.570,0.29,3.23,0.29,3.23,INF,-1,1,7,0
2060,1,1,12.388,35.854,1.16,3.35,1.16,3.35,INF,-1,1,7,0
2080,1,1,10.310,34.787,0.96,3.25,0.96,3.25,INF,-1,0,7,0
2100,1,1,9.142,34.180,0.85,3.19,0.85,3.19,INF,-1,0,7,0
2120,1,1,9.261,34.263,0.87,3.20,0.86,3.20,INF,-1,0,7,0
2140,1,1,10.531,32.946,0.98,3.08,0.98,3.08,INF,-1,0,7,0
2160,1,1,11.024,34.748,1.03,3.24,1.03,3.24,INF,-1,0,7,0
2180,1,1,8.997,32.499,0.84,3.03,0.84,3.03,INF,-1,0,7,0
2200,1,1,10.046,34.914,0.94,3.26,0.94,3.26,INF,-1,0,7,0
2220,1,1,9.247,33.954,0.86,3.17,0.86,3.17,INF,-1,0,7,0
2240,1,1,9.622,33.386,0.90,3.12,0.90,3.12,INF,-1,0,7,0
2260,1,1,11.220,34.184,1.05,3.19,1.05,3.19,INF,-1,0,7,0
2280,1,1,10.921,37.037,1.02,3.46,1.02,3.46,INF,-1,0,7,0
2300,1,1,15.961,30.050,1.49,2.81,1.49,2.81,INF,-1,0,7,0
2320,0,1,0.000,0.000,0.00,0.00,0.00,0.00,0.00,-1,1,7,0
2340,0,1,0.000,0.000,0.00,0.00,0.00,0.00,0.00,-1,1,7,0
2360,0,1,0.000,0.000,0.00,0.00,0.00,0.00,0.00,-1,1,7,0
2380,0,1,0.000,0.000,0.00,0.00,0.00,0.00,0.00,-1,1,7,0
2400,0,1,0.000,0.000,0.00,0.00,0.00,0.00,0.00,-1,0,7,0
2420,0,1,0.000,0.000,0.00,0.00,0.00,0.00,0.00,-1,0,7,0
2440,0,1,0.000,0.000,0.00,0.00,0.00,0.00,INF,-1,0,7,0
2460,0,1,0.000,0.000,0.00,0.00,0.00,0.00,0.00,-1,0,7,0
2480,0,1,0.000,0.000,0.00,0.00,0.00,0.00,0.00,-1,0,7,0
2500,0,1,0.000,0.000,0.00,0.00,0.00,0.00,0.00,-1,0,7,0
2520,0,1,0.000,0.000,0.00,0.00,0.00,0.00,0.00,-1,0,7,0
2540,0,1,0.000,0.000,0.00,0.00,0.00,0.00,0.00,-1,0,7,0
2560,0,1,0.000,0.000,0.00,0.00,0.00,0.00,0.00,-1,0,7,0
2580,0,1,0.000,0.000,0.00,0.00,0.00,0.00,0.00,-1,0,7,0
2600,0,1,0.000,0.000,0.00,0.00,0.00,0.00,0.00,-1,0,7,0
2620,0,1,0.000,0.000,0.00,0.00,0.00,0.00,0.00,-1,0,7,0
2640,0,1,0.000,0.000,0.00,0.00,0.00,0.00,0.00,-1,0,7,0
2660,0,1,0.000,0.000,0.00,0.00,0.00,0.00,0.00,-1,0,7,0
2680,1,1,17.655,34.265,1.65,3.20,1.65,3.20,INF,-1,0,7,0
2700,1,1,19.415,41.848,1.81,3.90,1.81,3.91,INF,-1,0,7,0
2720,1,1,19.439,41.659,1.82,3.89,1.81,3.89,INF,-1,0,7,0
2740,1,1,17.676,38.914,1.65,3.63,1.65,3.63,INF,-1,0,7,0
2760,1,1,18.696,39.365,1.75,3.67,1.74,3.67,INF,-1,0,7,0
2780,1,1,19.783,40.142,1.85,3.74,1.84,3.75,INF,-1,0,7,0
2800,1,1,19.073,40.217,1.78,3.75,1.78,3.75,INF,-1,0,7,0
2820,1,1,18.826,39.404,1.76,3.68,1.76,3.68,INF,-1,0,7,0
2840,1,1,19.331,41.281,1.81,3.85,1.80,3.85,INF,-1,0,7,0
2860,1,1,22.128,42.039,2.07,3.92,2.06,3.92,INF,-1,0,7,0
2880,1,1,19.760,40.545,1.85,3.78,1.84,3.78,INF,-1,0,7,0
2900,1,1,20.033,39.856,1.87,3.72,1.87,3.72,INF,-1,0,7,0
2920,1,1,19.515,40.165,1.82,3.75,1.82,3.75,INF,-1,0,7,0
2940,1,1,19.414,39.570,1.81,3.69,1.81,3.69,INF,-1,0,7,0
2960,1,1,18.581,39.236,1.74,3.66,1.73,3.66,INF,-1,1,7,0
2980,1,1,19.394,39.237,1.81,3.66,1.81,3.66,INF,-1,1,7,0
3000,1,1,19.528,40.907,1.82,3.82,1.82,3.82,INF,-1,1,7,0
3020,1,1,19.271,40.069,1.80,3.74,1.80,3.74,INF,-1,1,7,0
3040,1,1,19.597,39.492,1.83,3.68,1.83,3.69,INF,-1,1,7,0
3060,1,1,19.328,39.065,1.81,3.64,1.80,3.65,INF,-1,1,7,0
3080,1,1,19.355,39.017,1.81,3.64,1.80,3.64,INF,-1,1,7,0
3100,1,1,19.445,40.891,1.82,3.81,1.81,3.82,INF,-1,1,7,0
3120,1,1,20.432,41.263,1.91,3.85,1.90,3.85,INF,-1,1,7,0
3140,1,1,21.184,41.558,1.98,3.88,1.97,3.88,INF,-1,1,7,0
3160,1,1,30.329,38.180,2.83,3.56,2.83,3.56,INF,-1,1,7,0
3180,1,1,50.736,34.117,4.73,3.17,4.72,3.19,INF,-1,1,7,0
3200,1,1,48.529,34.002,4.53,3.16,4.52,3.17,INF,-1,0,7,0
3220,1,1,48.562,34.801,4.53,3.24,4.52,3.25,INF,-1,0,7,0
3240,1,1,49.484,34.099,4.62,3.17,4.61,3.18,INF,-1,0,7,0
3260,1,1,49.634,34.899,4.63,3.25,4.62,3.26,INF,-1,0,7,0
3280,1,1,49.759,36.708,4.64,3.42,4.63,3.43,INF,-1,0,7,0
3300,1,1,50.663,36.149,4.72,3.36,4.72,3.37,INF,-1,0,7,0
3320,1,1,51.177,38.101,4.77,3.54,4.76,3.56,INF,-1,0,7,0
3340,1,1,51.514,36.349,4.80,3.38,4.80,3.39,INF,-1,0,7,0
3360,1,1,50.889,35.923,4.75,3.34,4.74,3.35,INF,-1,0,7,0
3380,1,1,50.119,35.180,4.67,3.27,4.67,3.28,INF,-1,0,7,0
3400,1,1,50.327,35.734,4.69,3.33,4.69,3.34,INF,-1,0,7,0
3420,1,1,48.980,35.271,4.57,3.28,4.56,3.29,INF,-1,0,7,0
3440,1,1,49.437,35.009,4.61,3.26,4.60,3.27,INF,-1,0,7,0
3460,1,1,49.314,34.047,4.60,3.17,4.59,3.18,INF,-1,1,7,0
3480,1,1,48.956,33.948,4.57,3.16,4.56,3.17,INF,-1,1,7,0
3500,1,1,48.538,35.318,4.53,3.29,4.52,3.30,INF,-1,1,7,0
3520,1,1,49.660,36.411,4.63,3.39,4.62,3.40,INF,-1,1,7,0
3540,1,1,48.761,34.657,4.55,3.23,4.54,3.24,INF,-1,1,7,0
3560,1,1,45.616,33.472,4.26,3.12,4.25,3.13,INF,-1,1,7,0
3580,1,1,48.868,34.973,4.56,3.26,4.55,3.27,INF,-1,1,7,0
3600,1,1,48.368,34.674,4.51,3.23,4.50,3.24,INF,-1,1,7,0
3620,1,1,47.946,35.739,4.47,3.33,4.46,3.34,INF,-1,1,7,0
3640,1,1,49.874,36.734,4.65,3.42,4.64,3.43,INF,-1,1,7,0
3660,1,1,47.969,35.473,4.47,3.30,4.47,3.31,INF,-1,1,7,0
3680,1,1,48.623,36.928,4.54,3.44,4.53,3.45,INF,-1,1,7,0
3700,1,1,44.749,33.778,4.18,3.15,4.17,3.15,INF,-1,1,7,0
3720,1,1,46.708,33.248,4.36,3.10,4.35,3.10,INF,-1,1,7,0
3740,1,1,47.130,34.837,4.40,3.24,4.39,3.25,INF,-1,1,7,0
3760,1,1,47.139,34.762,4.40,3.24,4.39,3.25,INF,-1,1,7,0
3780,1,1,49.135,35.880,4.58,3.34,4.57,3.35,INF,-1,1,7,0
3800,1,1,48.047,34.074,4.48,3.17,4.47,3.18,INF,-1,1,7,0
3820,1,1,47.318,34.708,4.41,3.23,4.41,3.24,INF,-1,1,7,0
3840,1,1,46.423,35.467,4.33,3.30,4.32,3.31,INF,-1,1,7,0
3860,1,1,47.209,35.708,4.40,3.32,4.40,3.33,INF,-1,1,7,0
3880,1,1,47.433,36.210,4.42,3.37,4.42,3.38,INF,-1,1,7,0
3900,1,1,47.134,35.152,4.40,3.27,4.39,3.28,INF,-1,1,7,0
3920,1,1,46.385,34.665,4.33,3.23,4.32,3.24,INF,-1,1,7,0
3940,1,1,46.408,34.433,4.33,3.21,4.32,3.21,INF,-1,1,7,0
3960,1,1,46.675,35.820,4.35,3.33,4.35,3.34,INF,-1,1,7,0
3980,1,1,43.540,34.580,4.06,3.22,4.06,3.23,INF,-1,1,7,0
4000,1,1,44.049,35.395,4.11,3.30,4.10,3.30,INF,-1,1,7,0
4020,1,1,41.035,36.915,3.83,3.44,3.82,3.45,INF,-1,1,7,0
4040,1,1,54.750,12.114,5.10,1.13,5.10,1.13,INF,-1,1,7,0
4060,0,1,0.000,0.000,0.00,0.00,0.00,0.00,0.00,-1,1,7,0
4080,0,1,0.000,0.000,0.00,0.00,0.00,0.00,0.00,-1,1,7,0
4100,0,1,0.000,0.000,0.00,0.00,0.00,0.00,0.00,-1,1,7,0
4120,0,1,0.000,0.000,0.00,0.00,0.00,0.00,0.00,-1,0,7,0
4140,0,1,0.000,0.000,0.00,0.00,0.00,0.00,0.00,-1,0,7,0
4160,0,1,0.000,0.000,0.00,0.00,0.00,0.00,0.00,-1,0,7,0
4180,0,1,0.000,0.000,0.00,0.00,0.00,0.00,0.00,-1,0,7,0
4200,0,1,0.000,0.000,0.00,0.00,0.00,0.00,0.00,-1,0,7,0
4220,0,1,0.000,0.000,0.00,0.00,0.00,0.00,0.00,-1,0,7,0
4240,0,1,0.000,0.000,0.00,0.00,0.00,0.00,0.00,-1,0,7,0
4260,0,1,0.000,0.000,0.00,0.00,0.00,0.00,INF,-1,0,7,0
4280,0,1,0.000,0.000,0.00,0.00,0.00,0.00,0.00,-1,0,7,0
4300,0,1,0.000,0.000,0.00,0.00,0.00,0.00,0.00,-1,0,7,0
4320,0,1,0.000,0.000,0.00,0.00,0.00,0.00,0.00,-1,0,7,0
4340,1,1,118.863,205.693,10.97,18.23,10.42,18.55,INF,-1,0,7,0
4360,1,1,43.692,34.438,4.08,3.21,4.07,3.22,INF,-1,0,7,0
4380,1,1,45.327,35.196,4.23,3.28,4.22,3.29,INF,-1,0,7,0
4400,1,1,45.075,36.447,4.21,3.39,4.20,3.40,INF,-1,0,7,0
4420,1,1,46.713,32.082,4.36,2.99,4.35,3.00,INF,-1,0,7,0
4440,1,1,43.841,34.849,4.09,3.25,4.08,3.25,INF,-1,0,7,0
4460,1,1,44.771,32.473,4.18,3.02,4.17,3.03,INF,-1,0,7,0
4480,1,1,46.056,37.885,4.30,3.53,4.29,3.54,INF,-1,0,7,0
4500,1,1,45.186,37.462,4.22,3.49,4.21,3.50,INF,-1,0,7,0
4520,1,1,44.534,36.653,4.16,3.41,4.15,3.42,INF,-1,0,7,0
4540,1,1,46.485,33.464,4.34,3.12,4.33,3.12,INF,-1,0,7,0
4560,1,1,44.764,36.513,4.18,3.40,4.17,3.41,INF,-1,0,7,0
4580,1,1,46.664,30.371,4.35,2.83,4.35,2.84,INF,-1,0,7,0
4600,1,1,7.712,22.866,0.72,2.14,0.72,2.14,INF,-1,0,7,0
4620,1,1,3.689,24.679,0.34,2.31,0.34,2.31,INF,-1,0,7,0
4640,1,1,7.699,31.336,0.72,2.93,0.72,2.93,INF,-1,0,7,0
4660,1,1,6.149,30.177,0.57,2.82,0.57,2.82,INF,-1,0,7,0
4680,1,1,6.916,32.372,0.65,3.02,0.65,3.02,INF,-1,0,7,0
4700,1,1,8.825,31.067,0.82,2.90,0.82,2.90,INF,-1,0,7,0
4720,1,1,8.140,29.548,0.76,2.76,0.76,2.76,INF,-1,0,7,0
4740,1,1,7.795,28.336,0.73,2.65,0.73,2.65,INF,-1,0,7,0
4760,1,1,6.956,30.382,0.65,2.84,0.65,2.84,INF,-1,0,7,0
4780,1,1,8.150,28.648,0.76,2.68,0.76,2.68,INF,-1,0,7,0
4800,1,1,9.817,29.826,0.92,2.79,0.92,2.79,INF,-1,1,7,0
4820,1,1,8.312,27.482,0.78,2.57,0.78,2.57,INF,-1,1,7,0
4840,1,1,7.914,32.127,0.74,3.00,0.74,3.00,INF,-1,1,7,0
4860,1,1,9.905,29.169,0.93,2.72,0.92,2.72,INF,-1,1,7,0
4880,1,1,9.731,26.998,0.91,2.52,0.91,2.52,INF,-1,1,7,0
4900,1,1,9.149,32.716,0.86,3.05,0.85,3.06,INF,-1,1,7,0
4920,1,1,11.214,26.920,1.05,2.51,1.05,2.51,INF,-1,1,7,0
4940,1,1,7.892,25.897,0.74,2.42,0.74,2.42,INF,-1,1,7,0
4960,1,1,22.503,32.513,2.10,3.03,2.10,3.04,INF,-1,1,7,0
4980,1,1,47.230,29.051,4.41,2.71,4.40,2.71,INF,-1,1,7,0
5000,1,1,43.372,24.276,4.05,2.26,4.04,2.27,INF,-1,1,7,0
5020,1,1,44.913,27.042,4.19,2.52,4.19,2.53,INF,-1,0,7,0
5040,1,1,43.813,25.319,4.09,2.36,4.08,2.37,INF,-1,0,7,0
5060,1,1,45.633,25.690,4.26,2.39,4.25,2.40,INF,-1,0,7,0
5080,1,1,41.031,16.542,3.83,1.54,3.83,1.55,INF,-1,0,7,0
5100,1,1,47.800,8.166,4.46,0.76,4.46,0.76,INF,-1,0,7,0
5120,1,1,82.253,-11.944,7.64,-1.11,7.64,-1.12,INF,-1,0,7,0
5140,0,1,0.000,0.000,0.00,0.00,0.00,0.00,0.00,-1,0,7,0
5160,0,1,0.000,0.000,0.00,0.00,0.00,0.00,0.00,-1,0,7,0
5180,0,1,0.000,0.000,0.00,0.00,0.00,0.00,0.00,-1,0,7,0
5200,0,1,0.000,0.000,0.00,0.00,0.00,0.00,0.00,-1,0,7,0
5220,0,1,0.000,0.000,0.00,0.00,0.00,0.00,0.00,-1,0,7,0
5240,0,1,0.000,0.000,0.00,0.00,0.00,0.00,0.00,-1,0,7,0
5260,0,1,0.000,0.000,0.00,0.00,0.00,0.00,0.00,-1,0,7,0
5280,0,1,0.000,0.000,0.00,0.00,0.00,0.00,0.00,-1,0,7,0
5300,0,1,0.000,0.000,0.00,0.00,0.00,0.00,0.00,-1,0,7,0
5320,0,1,0.000,0.000,0.00,0.00,0.00,0.00,0.00,-1,0,7,0
5340,0,1,0.000,0.000,0.00,0.00,0.00,0.00,0.00,-1,0,7,0
5360,0,1,0.000,0.000,0.00,0.00,0.00,0.00,0.00,-1,0,7,0
5380,0,1,0.000,0.000,0.00,0.00,0.00,0.00,0.00,-1,0,7,0
5400,0,1,0.000,0.000,0.00,0.00,0.00,0.00,0.00,-1,0,7,0
5420,0,1,0.000,0.000,0.00,0.00,0.00,0.00,0.00,-1,0,7,0
5440,0,1,0.000,0.000,0.00,0.00,0.00,0.00,0.00,-1,0,7,0
5460,1,1,50.014,25.001,4.66,2.33,4.66,2.34,INF,-1,0,7,0
5480,1,1,49.999,24.575,4.66,2.29,4.66,2.30,INF,-1,0,7,0
5500,1,1,50.252,25.557,4.69,2.38,4.68,2.39,INF,-1,0,7,0
5520,1,1,48.499,19.746,4.52,1.84,4.52,1.85,INF,-1,0,7,0
5540,1,1,50.953,16.021,4.75,1.49,4.75,1.50,INF,-1,0,7,0
5560,1,1,49.645,24.206,4.63,2.25,4.63,2.26,INF,-1,0,7,0
5580,1,1,55.991,26.442,5.22,2.46,5.21,2.47,INF,-1,0,7,0
5600,1,1,-7.142,9.167,-0.67,0.86,-0.67,0.86,INF,-1,0,7,0
5620,1,1,-31.158,27.365,-2.91,2.55,-2.91,2.56,INF,-1,0,7,0
5640,1,1,-28.395,30.029,-2.65,2.80,-2.65,2.80,INF,-1,0,7,0
5660,1,1,-30.734,25.943,-2.87,2.42,-2.87,2.42,INF,-1,0,7,0
5680,1,1,-29.204,26.957,-2.73,2.52,-2.72,2.52,INF,-1,0,7,0
5700,1,1,-28.054,27.972,-2.62,2.61,-2.62,2.61,INF,-1,0,7,0
5720,1,1,-28.092,26.770,-2.62,2.50,-2.62,2.50,INF,-1,0,7,0
5740,1,1,-29.012,26.140,-2.71,2.44,-2.71,2.44,INF,-1,0,7,0
5760,1,1,-25.727,30.489,-2.40,2.84,-2.40,2.85,INF,-1,0,7,0
5780,1,1,-28.372,26.664,-2.65,2.49,-2.65,2.49,INF,-1,0,7,0
5800,1,1,-26.924,27.272,-2.51,2.54,-2.51,2.55,INF,-1,0,7,0
5820,1,1,-30.479,24.995,-2.85,2.33,-2.84,2.33,INF,-1,0,7,0
5840,1,1,-26.571,26.634,-2.48,2.49,-2.48,2.49,INF,-1,0,7,0
5860,1,1,-28.322,25.058,-2.65,2.34,-2.64,2.34,INF,-1,0,7,0
5880,1,1,-28.710,24.629,-2.68,2.30,-2.68,2.30,INF,-1,0,7,0
5900,1,1,-28.887,23.351,-2.70,2.18,-2.70,2.18,INF,-1,1,7,0
5920,1,1,-28.303,23.599,-2.64,2.20,-2.64,2.20,INF,-1,1,7,0
5940,1,1,-27.048,24.715,-2.53,2.31,-2.52,2.31,INF,-1,1,7,0
5960,1,1,-25.670,25.032,-2.40,2.34,-2.40,2.34,INF,-1,1,7,0
5980,1,1,-27.075,25.715,-2.53,2.40,-2.53,2.40,INF,-1,1,7,0
6000,1,1,-25.212,25.287,-2.36,2.36,-2.35,2.36,INF,-1,1,7,0
6020,1,1,-26.066,28.218,-2.43,2.63,-2.43,2.64,INF,-1,1,7,0
6040,1,1,-26.763,26.532,-2.50,2.48,-2.50,2.48,INF,-1,1,7,0
6060,1,1,-26.477,26.704,-2.47,2.49,-2.47,2.49,INF,-1,1,7,0
6080,1,1,-26.873,27.670,-2.51,2.58,-2.51,2.58,INF,-1,1,7,0
6100,1,1,-25.720,27.352,-2.40,2.55,-2.40,2.55,INF,-1,1,7,0
6120,1,1,-26.255,28.357,-2.45,2.65,-2.45,2.65,INF,-1,1,7,0
6140,1,1,-25.095,28.681,-2.34,2.68,-2.34,2.68,INF,-1,1,7,0
6160,1,1,-26.917,26.853,-2.51,2.51,-2.51,2.51,INF,-1,1,7,0
6180,1,1,-25.947,28.598,-2.42,2.67,-2.42,2.67,INF,-1,1,7,0
6200,1,1,-28.276,28.207,-2.64,2.63,-2.64,2.63,INF,-1,1,7,0
6220,1,1,-27.916,28.444,-2.61,2.65,-2.60,2.66,INF,-1,1,7,0
6240,1,1,-26.689,29.751,-2.49,2.78,-2.49,2.78,INF,-1,1,7,0
6260,1,1,-26.046,27.161,-2.43,2.53,-2.43,2.54,INF,-1,1,7,0
6280,1,1,-26.710,27.736,-2.49,2.59,-2.49,2.59,INF,-1,1,7,0
6300,1,1,-27.351,28.709,-2.55,2.68,-2.55,2.68,INF,-1,1,7,0
6320,1,1,-27.144,28.243,-2.54,2.64,-2.53,2.64,INF,-1,1,7,0
6340,1,1,-27.652,26.660,-2.58,2.49,-2.58,2.49,INF,-1,1,7,0
6360,1,1,-27.022,27.520,-2.52,2.57,-2.52,2.57,INF,-1,1,7,0
6380,1,1,-4.208,8.779,-0.39,0.82,-0.39,0.82,INF,-1,1,7,0
6400,1,1,-9.373,9.119,-0.88,0.85,-0.88,0.85,INF,-1,1,7,0
6420,1,1,-8.048,8.812,-0.75,0.82,-0.75,0.82,INF,-1,0,7,0
6440,1,1,-9.472,8.391,-0.89,0.78,-0.89,0.78,INF,-1,0,7,0
6460,1,1,-9.471,6.662,-0.89,0.62,-0.89,0.62,INF,-1,0,7,0
6480,1,1,-7.636,6.562,-0.71,0.61,-0.71,0.61,INF,-1,0,7,0
6500,1,1,-8.716,8.517,-0.81,0.80,-0.81,0.80,INF,-1,0,7,0
6520,1,1,-8.687,8.017,-0.81,0.75,-0.81,0.75,INF,-1,0,7,0
6540,1,1,-8.123,6.342,-0.76,0.59,-0.76,0.59,INF,-1,0,7,0
6560,1,1,-8.488,5.713,-0.79,0.53,-0.79,0.53,INF,-1,0,7,0
6580,1,1,-7.456,6.855,-0.70,0.64,-0.70,0.64,INF,-1,0,7,0
6600,1,1,-8.459,7.161,-0.79,0.67,-0.79,0.67,INF,-1,0,7,0
6620,1,1,-8.568,8.593,-0.80,0.80,-0.80,0.80,INF,-1,0,7,0
6640,1,1,-7.660,6.492,-0.72,0.61,-0.72,0.61,INF,-1,0,7,0
6660,1,1,15.591,8.399,1.46,0.78,1.46,0.78,INF,-1,1,7,0
6680,1,1,49.823,19.322,4.65,1.80,4.64,1.81,INF,-1,1,7,0
6700,1,1,45.697,18.379,4.26,1.71,4.26,1.72,INF,-1,0,7,0
6720,1,1,46.866,15.954,4.37,1.49,4.37,1.49,INF,-1,0,7,0
6740,1,1,48.780,16.547,4.55,1.54,4.55,1.55,INF,-1,0,7,0
6760,1,1,46.876,16.693,4.37,1.56,4.37,1.56,INF,-1,0,7,0
6780,1,1,44.475,14.326,4.15,1.34,4.15,1.34,INF,-1,0,7,0
6800,1,1,47.280,16.297,4.41,1.52,4.41,1.52,INF,-1,0,7,0
6820,1,1,47.239,17.214,4.41,1.60,4.40,1.61,INF,-1,0,7,0
6840,1,1,47.020,15.790,4.39,1.47,4.38,1.48,INF,-1,0,7,0
6860,1,1,46.331,16.935,4.32,1.58,4.32,1.58,INF,-1,0,7,0
6880,1,1,45.768,15.825,4.27,1.47,4.27,1.48,INF,-1,0,7,0
6900,1,1,44.677,15.055,4.17,1.40,4.17,1.41,INF,-1,0,7,0
6920,1,1,45.462,16.743,4.24,1.56,4.24,1.56,INF,-1,0,7,0
6940,1,1,46.098,16.140,4.30,1.50,4.30,1.51,INF,-1,0,7,0
6960,1,1,44.186,14.004,4.12,1.31,4.12,1.31,INF,-1,1,7,0
6980,1,1,45.388,15.602,4.23,1.45,4.23,1.46,INF,-1,1,7,0
7000,1,1,45.098,15.747,4.21,1.47,4.21,1.47,INF,-1,1,7,0
7020,1,1,45.012,14.037,4.20,1.31,4.20,1.31,INF,-1,1,7,0
7040,1,1,45.551,15.830,4.25,1.48,4.25,1.48,INF,-1,1,7,0
7060,1,1,46.013,16.895,4.29,1.57,4.29,1.58,INF,-1,1,7,0
7080,1,1,46.798,17.319,4.37,1.61,4.36,1.62,INF,-1,1,7,0
7100,1,1,44.996,17.456,4.20,1.63,4.20,1.63,INF,-1,1,7,0
7120,1,1,44.751,15.124,4.18,1.41,4.17,1.41,INF,-1,1,7,0
7140,1,1,46.490,14.885,4.34,1.39,4.34,1.39,INF,-1,1,7,0
7160,1,1,48.379,15.857,4.51,1.48,4.51,1.48,INF,-1,1,7,0
7180,1,1,46.124,17.075,4.30,1.59,4.30,1.60,INF,-1,1,7,0
7200,1,1,44.078,17.081,4.11,1.59,4.11,1.60,INF,-1,1,7,0
7220,1,1,46.798,16.696,4.37,1.56,4.36,1.56,INF,-1,1,7,0
7240,1,1,46.872,15.694,4.37,1.46,4.37,1.47,INF,-1,1,7,0
7260,1,1,46.029,17.692,4.29,1.65,4.29,1.65,INF,-1,1,7,0
7280,1,1,43.223,16.594,4.03,1.55,4.03,1.55,INF,-1,1,7,0
7300,1,1,45.242,16.651,4.22,1.55,4.22,1.56,INF,-1,1,7,0
7320,1,1,44.202,18.700,4.12,1.74,4.12,1.75,INF,-1,1,7,0
7340,1,1,42.311,15.337,3.95,1.43,3.95,1.43,INF,-1,1,7,0
7360,1,1,39.752,11.410,3.71,1.06,3.71,1.07,INF,-1,1,7,0
7380,1,1,42.404,7.225,3.96,0.67,3.96,0.68,INF,-1,1,7,0
7400,0,1,0.000,0.000,0.00,0.00,0.00,0.00,0.00,-1,1,7,0
7420,0,1,0.000,0.000,0.00,0.00,0.00,0.00,0.00,-1,1,7,0
7440,0,1,0.000,0.000,0.00,0.00,0.00,0.00,0.00,-1,1,7,0
7460,0,1,0.000,0.000,0.00,0.00,0.00,0.00,0.00,-1,1,7,0
7480,0,1,0.000,0.000,0.00,0.00,0.00,0.00,0.00,-1,0,7,0
7500,0,1,0.000,0.000,0.00,0.00,0.00,0.00,0.00,-1,0,7,0
7520,0,1,0.000,0.000,0.00,0.00,0.00,0.00,0.00,-1,0,7,0
7540,0,1,0.000,0.000,0.00,0.00,0.00,0.00,0.00,-1,0,7,0
7560,0,1,0.000,0.000,0.00,0.00,0.00,0.00,0.00,-1,0,7,0
7580,0,1,0.000,0.000,0.00,0.00,0.00,0.00,0.00,-1,0,7,0
7600,0,1,0.000,0.000,0.00,0.00,0.00,0.00,0.00,-1,0,7,0
7620,0,1,0.000,0.000,0.00,0.00,0.00,0.00,0.00,-1,0,7,0
7640,0,1,0.000,0.000,0.00,0.00,0.00,0.00,0.00,-1,0,7,0
7660,0,1,0.000,0.000,0.00,0.00,0.00,0.00,INF,-1,0,7,0
7680,0,1,0.000,0.000,0.00,0.00,0.00,0.00,INF,-1,0,7,0
7700,0,1,0.000,0.000,0.00,0.00,0.00,0.00,0.00,-1,0,7,0
7720,0,1,0.000,0.000,0.00,0.00,0.00,0.00,0.00,-1,0,7,0
7740,0,1,0.000,0.000,0.00,0.00,0.00,0.00,0.00,-1,0,7,0
7760,0,1,0.000,0.000,0.00,0.00,0.00,0.00,0.00,-1,0,7,0
7780,0,1,0.000,0.000,0.00,0.00,0.00,0.00,0.00,-1,0,7,0
7800,0,1,0.000,0.000,0.00,0.00,0.00,0.00,0.00,-1,0,7,0
7820,0,1,0.000,0.000,0.00,0.00,0.00,0.00,0.00,-1,0,7,0
7840,0,1,0.000,0.000,0.00,0.00,0.00,0.00,0.00,-1,0,7,0
7860,0,1,0.000,0.000,0.00,0.00,0.00,0.00,0.00,-1,0,7,0
7880,0,1,0.000,0.000,0.00,0.00,0.00,0.00,0.00,-1,0,7,0
7900,0,1,0.000,0.000,0.00,0.00,0.00,0.00,0.00,-1,0,7,0
7920,1,1,77.118,129.073,7.17,11.80,7.02,11.89,INF,-1,0,7,0
7940,1,1,17.273,26.936,1.61,2.52,1.61,2.52,INF,-1,0,7,0
7960,1,1,16.856,28.721,1.58,2.68,1.57,2.68,INF,-1,0,7,0
7980,1,1,18.101,28.372,1.69,2.65,1.69,2.65,INF,-1,0,7,0
8000,1,1,49.580,25.619,4.62,2.39,4.62,2.39,INF,-1,0,7,0
8020,1,1,48.859,24.226,4.56,2.26,4.55,2.26,INF,-1,0,7,0
8040,1,1,47.173,25.389,4.40,2.36,4.40,2.37,INF,-1,0,7,0
8060,1,1,46.731,25.332,4.36,2.36,4.36,2.37,INF,-1,0,7,0
8080,1,1,45.722,24.952,4.27,2.32,4.26,2.33,INF,-1,0,7,0
8100,1,1,46.661,27.112,4.35,2.53,4.35,2.53,INF,-1,0,7,0
8120,1,1,45.937,24.708,4.29,2.30,4.28,2.31,INF,-1,0,7,0
8140,1,1,46.574,23.596,4.34,2.20,4.34,2.20,INF,-1,0,7,0
8160,1,1,45.508,24.605,4.25,2.29,4.24,2.30,INF,-1,0,7,0
8180,1,1,46.545,22.681,4.34,2.11,4.34,2.12,INF,-1,0,7,0
8200,1,1,47.126,23.599,4.40,2.20,4.39,2.20,INF,-1,0,7,0
8220,1,1,48.759,22.047,4.55,2.05,4.54,2.06,INF,-1,0,7,0
8240,1,1,48.272,24.190,4.50,2.25,4.50,2.26,INF,-1,0,7,0
8260,1,1,46.853,23.494,4.37,2.19,4.37,2.19,INF,-1,0,7,0
8280,1,1,46.856,24.218,4.37,2.26,4.37,2.26,INF,-1,1,7,0
8300,1,1,46.439,24.119,4.33,2.25,4.33,2.25,INF,-1,1,7,0
8320,1,1,46.951,24.804,4.38,2.31,4.38,2.32,INF,-1,1,7,0
8340,1,1,46.552,26.286,4.34,2.45,4.34,2.46,INF,-1,1,7,0
8360,1,1,47.257,24.972,4.41,2.33,4.40,2.33,INF,-1,1,7,0
8380,1,1,46.787,23.873,4.36,2.22,4.36,2.23,INF,-1,1,7,0
8400,1,1,46.031,25.745,4.29,2.40,4.29,2.40,INF,-1,1,7,0
8420,1,1,43.609,23.073,4.07,2.15,4.07,2.16,INF,-1,1,7,0
8440,1,1,45.143,20.126,4.21,1.88,4.21,1.88,INF,-1,1,7,0
8460,1,1,42.583,24.774,3.97,2.31,3.97,2.31,INF,-1,1,7,0
8480,1,1,36.875,23.604,3.44,2.20,3.44,2.21,INF,-1,1,7,0
8500,1,1,38.803,24.604,3.62,2.29,3.62,2.30,INF,-1,1,7,0
8520,1,1,40.324,23.439,3.76,2.19,3.76,2.19,INF,-1,1,7,0
8540,1,1,38.498,21.578,3.59,2.01,3.59,2.02,INF,-1,1,7,0
8560,1,1,36.779,21.512,3.43,2.01,3.43,2.01,INF,-1,1,7,0
8580,1,1,38.760,24.369,3.62,2.27,3.62,2.28,INF,-1,1,7,0
8600,1,1,40.831,21.687,3.81,2.02,3.81,2.03,INF,-1,1,7,0
8620,1,1,39.109,21.939,3.65,2.05,3.65,2.05,INF,-1,1,7,0
8640,1,1,39.104,20.715,3.65,1.93,3.65,1.94,INF,-1,1,7,0
8660,1,1,39.005,23.741,3.64,2.21,3.64,2.22,INF,-1,1,7,0
8680,1,1,39.253,21.046,3.66,1.96,3.66,1.97,INF,-1,1,7,0
8700,1,1,39.109,23.755,3.65,2.21,3.65,2.22,INF,-1,1,7,0
8720,1,1,40.464,20.911,3.78,1.95,3.77,1.95,INF,-1,1,7,0
8740,1,1,38.834,20.817,3.62,1.94,3.62,1.94,INF,-1,1,7,0
8760,1,1,35.785,19.715,3.34,1.84,3.34,1.84,INF,-1,1,7,0
8780,1,1,38.173,22.635,3.56,2.11,3.56,2.11,INF,-1,1,7,0
8800,1,1,38.573,22.586,3.60,2.11,3.60,2.11,INF,-1,1,7,0
8820,1,1,37.140,21.531,3.47,2.01,3.47,2.01,INF,-1,1,7,0
8840,1,1,37.975,21.278,3.54,1.98,3.54,1.99,INF,-1,1,7,0
8860,1,1,36.801,24.265,3.44,2.26,3.43,2.27,INF,-1,1,7,0
8880,1,1,37.638,23.366,3.51,2.18,3.51,2.18,INF,-1,1,7,0
8900,1,1,36.899,26.318,3.44,2.45,3.44,2.46,INF,-1,1,7,0
8920,1,1,36.081,28.000,3.37,2.61,3.37,2.62,INF,-1,1,7,0
8940,1,1,37.025,20.801,3.46,1.94,3.45,1.94,INF,-1,0,7,0
8960,1,1,36.788,26.532,3.43,2.47,3.43,2.48,INF,-1,0,7,0
8980,1,1,35.742,21.446,3.34,2.00,3.33,2.00,INF,-1,0,7,0
9000,1,1,36.741,21.984,3.43,2.05,3.43,2.05,INF,-1,0,7,0
9020,1,1,37.714,21.911,3.52,2.04,3.52,2.05,INF,-1,0,7,0
9040,1,1,37.162,21.385,3.47,1.99,3.47,2.00,INF,-1,0,7,0
9060,1,1,37.308,21.536,3.48,2.01,3.48,2.01,INF,-1,0,7,0
9080,1,1,35.951,21.049,3.36,1.96,3.35,1.97,INF,-1,0,7,0
9100,1,1,31.951,21.733,2.98,2.03,2.98,2.03,INF,-1,0,7,0
9120,1,1,22.257,15.966,2.08,1.49,2.08,1.49,INF,-1,0,7,0
9140,1,1,23.175,16.028,2.17,1.50,2.16,1.50,INF,-1,0,7,0
9160,1,1,23.748,14.642,2.22,1.37,2.22,1.37,INF,-1,0,7,0
9180,1,1,23.704,13.950,2.21,1.30,2.21,1.30,INF,-1,0,7,0
9200,1,1,19.207,10.490,1.79,0.98,1.79,0.98,INF,-1,1,7,0
9220,1,1,8.518,3.864,0.80,0.36,0.80,0.36,INF,-1,1,7,0
9240,1,1,11.371,2.035,1.06,0.19,1.06,0.19,INF,-1,0,7,0
9260,1,1,12.104,3.151,1.13,0.29,1.13,0.29,INF,-1,0,7,0
9280,1,1,11.407,6.932,1.07,0.65,1.07,0.65,INF,-1,0,7,0
9300,1,1,10.383,10.153,0.97,0.95,0.97,0.95,INF,-1,0,7,0
9320,1,1,11.729,3.525,1.10,0.33,1.10,0.33,INF,-1,0,7,0
9340,1,1,11.028,4.315,1.03,0.40,1.03,0.40,INF,-1,0,7,0
9360,1,1,10.753,3.496,1.00,0.33,1.00,0.33,INF,-1,0,7,0
9380,1,1,10.520,6.001,0.98,0.56,0.98,0.56,INF,-1,0,7,0
9400,1,1,10.802,3.982,1.01,0.37,1.01,0.37,INF,-1,0,7,0
9420,1,1,9.340,8.011,0.87,0.75,0.87,0.75,INF,-1,0,7,0
9440,1,1,10.858,4.224,1.01,0.39,1.01,0.39,INF,-1,0,7,0
9460,1,1,10.647,7.225,1.00,0.68,0.99,0.68,INF,-1,0,7,0
9480,1,1,11.345,7.064,1.06,0.66,1.06,0.66,INF,-1,1,7,0
9500,1,1,11.687,4.051,1.09,0.38,1.09,0.38,INF,-1,1,7,0
9520,1,1,22.897,8.324,2.14,0.78,2.14,0.78,INF,-1,1,7,0
9540,1,1,39.156,14.439,3.65,1.35,3.65,1.35,INF,-1,1,7,0
9560,1,1,35.882,15.686,3.35,1.46,3.35,1.47,INF,-1,0,7,0
9580,1,1,37.957,15.389,3.54,1.44,3.54,1.44,INF,-1,0,7,0
9600,1,1,37.175,15.735,3.47,1.47,3.47,1.47,INF,-1,0,7,0
9620,1,1,36.613,14.832,3.42,1.38,3.42,1.39,INF,-1,0,7,0
9640,1,1,35.299,15.938,3.30,1.49,3.29,1.49,INF,-1,0,7,0
9660,1,1,34.361,13.816,3.21,1.29,3.21,1.29,INF,-1,0,7,0
9680,1,1,39.154,16.675,3.65,1.55,3.65,1.56,INF,-1,0,7,0
9700,1,1,34.624,15.593,3.23,1.45,3.23,1.46,INF,-1,0,7,0
9720,1,1,35.013,16.524,3.27,1.54,3.27,1.54,INF,-1,0,7,0
9740,1,1,35.835,16.125,3.35,1.50,3.34,1.51,INF,-1,0,7,0
9760,1,1,35.593,15.873,3.32,1.48,3.32,1.48,INF,-1,0,7,0
9780,1,1,36.270,15.838,3.39,1.48,3.39,1.48,INF,-1,0,7,0
9800,1,1,34.443,16.137,3.22,1.51,3.21,1.51,INF,-1,0,7,0
9820,1,1,36.162,16.051,3.38,1.50,3.37,1.50,INF,-1,1,7,0
9840,1,1,35.862,15.520,3.35,1.45,3.35,1.45,INF,-1,1,7,0
9860,1,1,37.025,17.669,3.46,1.65,3.46,1.65,INF,-1,1,7,0
9880,1,1,36.494,17.416,3.41,1.62,3.41,1.63,INF,-1,1,7,0
9900,1,1,35.620,15.734,3.33,1.47,3.32,1.47,INF,-1,1,7,0
9920,1,1,35.862,17.976,3.35,1.68,3.35,1.68,INF,-1,1,7,0
9940,1,1,37.872,17.860,3.54,1.67,3.53,1.67,INF,-1,1,7,0
9960,1,1,36.256,16.693,3.38,1.56,3.38,1.56,INF,-1,1,7,0
9980,1,1,36.251,18.877,3.38,1.76,3.38,1.76,INF,-1,1,7,0
10000,1,1,47.900,20.112,4.47,1.87,4.47,1.88,INF,-1,1,7,0
10020,1,1,47.048,19.587,4.39,1.82,4.39,1.83,INF,-1,1,7,0
10040,1,1,45.739,19.252,4.27,1.79,4.27,1.80,INF,-1,0,7,0
10060,1,1,48.308,20.369,4.51,1.90,4.50,1.90,INF,-1,0,7,0
10080,1,1,48.614,18.056,4.53,1.68,4.53,1.69,INF,-1,0,7,0
10100,1,1,47.181,18.135,4.40,1.69,4.40,1.69,INF,-1,0,7,0
10120,1,1,45.941,18.902,4.29,1.76,4.28,1.77,INF,-1,0,7,0
10140,1,1,47.705,17.307,4.45,1.61,4.45,1.62,INF,-1,0,7,0
10160,1,1,46.931,23.870,4.38,2.22,4.37,2.23,INF,-1,0,7,0
10180,1,1,45.380,21.009,4.23,1.96,4.23,1.96,INF,-1,0,7,0
10200,1,1,46.712,21.289,4.36,1.98,4.36,1.99,INF,-1,0,7,0
10220,1,1,45.376,19.984,4.23,1.86,4.23,1.87,INF,-1,0,7,0
10240,1,1,46.547,20.100,4.34,1.87,4.34,1.88,INF,-1,0,7,0
10260,1,1,46.249,19.811,4.31,1.85,4.31,1.85,INF,-1,0,7,0
10280,1,1,45.329,18.807,4.23,1.75,4.23,1.76,INF,-1,1,7,0
10300,1,1,44.694,19.722,4.17,1.84,4.17,1.84,INF,-1,1,7,0
10320,1,1,45.848,18.112,4.28,1.69,4.28,1.69,INF,-1,1,7,0
10340,1,1,45.003,16.470,4.20,1.53,4.20,1.54,INF,-1,1,7,0
10360,1,1,44.800,13.256,4.18,1.24,4.18,1.24,INF,-1,1,7,0
10380,1,1,54.427,0.452,5.07,0.04,5.07,0.04,INF,-1,1,7,0
10400,1,1,50.556,-18.264,4.71,-1.70,4.71,-1.71,INF,-1,1,7,0
10420,1,1,50.105,-16.249,4.67,-1.51,4.67,-1.52,INF,-1,0,7,0
10440,1,1,50.931,-19.448,4.75,-1.81,4.75,-1.82,INF,-1,0,7,0
10460,1,1,49.865,-16.429,4.65,-1.53,4.65,-1.54,INF,-1,0,7,0
10480,1,1,48.080,-21.850,4.48,-2.04,4.48,-2.04,INF,-1,0,7,0
10500,1,1,51.013,-17.270,4.76,-1.61,4.76,-1.61,INF,-1,0,7,0
10520,1,1,48.682,-18.764,4.54,-1.75,4.54,-1.75,INF,-1,0,7,0
10540,1,1,47.999,-26.334,4.48,-2.45,4.47,-2.46,INF,-1,0,7,0
10560,1,1,47.533,-22.583,4.43,-2.10,4.43,-2.11,INF,-1,0,7,0
10580,1,1,46.900,-20.775,4.38,-1.94,4.37,-1.94,INF,-1,0,7,0
10600,1,1,35.667,-32.346,3.33,-3.02,3.33,-3.02,INF,-1,0,7,0
10620,1,1,37.374,-31.912,3.49,-2.97,3.48,-2.98,INF,-1,0,7,0
10640,1,1,35.258,-33.242,3.29,-3.10,3.29,-3.10,INF,-1,0,7,0
10660,0,1,0.000,0.000,0.00,0.00,0.00,0.00,0.00,-1,0,7,0
10680,0,1,0.000,0.000,0.00,0.00,0.00,0.00,0.00,-1,0,7,0
10700,1,1,36.926,-33.395,3.45,-3.11,3.44,-3.12,INF,-1,0,7,0
10720,1,1,35.460,-34.080,3.31,-3.18,3.31,-3.18,INF,-1,0,7,0
10740,1,1,37.844,-33.148,3.53,-3.09,3.53,-3.10,INF,-1,0,7,0
10760,1,1,36.057,-34.297,3.37,-3.20,3.36,-3.20,INF,-1,1,7,0
10780,1,1,35.690,-37.557,3.33,-3.50,3.33,-3.51,INF,-1,1,7,0
10800,1,1,36.476,-35.028,3.41,-3.26,3.40,-3.27,INF,-1,0,7,0
10820,1,1,35.854,-34.332,3.35,-3.20,3.34,-3.21,INF,-1,0,7,0
10840,1,1,36.541,-34.458,3.41,-3.21,3.41,-3.22,INF,-1,0,7,0
10860,1,1,36.546,-32.137,3.41,-3.00,3.41,-3.00,INF,-1,0,7,0
10880,1,1,38.387,-37.048,3.58,-3.45,3.58,-3.46,INF,-1,0,7,0
10900,1,1,37.148,-32.954,3.47,-3.07,3.46,-3.08,INF,-1,0,7,0
10920,1,1,35.821,-36.119,3.34,-3.37,3.34,-3.37,INF,-1,0,7,0
10940,0,1,0.000,0.000,0.00,0.00,0.00,0.00,0.00,-1,0,7,0
10960,1,1,36.784,-44.815,3.43,-4.17,3.42,-4.18,INF,-1,0,7,0
10980,1,1,37.165,-36.061,3.47,-3.36,3.46,-3.37,INF,-1,0,7,0
11000,1,1,36.555,-34.604,3.41,-3.23,3.41,-3.23,INF,-1,0,7,0
11020,0,1,0.000,0.000,0.00,0.00,0.00,0.00,0.00,-1,0,7,0
11040,1,1,39.297,-42.733,3.67,-3.98,3.66,-3.99,INF,-1,1,7,0
11060,1,1,35.185,-33.789,3.29,-3.15,3.28,-3.15,INF,-1,1,7,0
11080,1,1,44.002,-32.036,4.11,-2.98,4.10,-2.99,INF,-1,1,7,0
11100,1,1,-14.001,-35.571,-1.31,-3.32,-1.31,-3.32,INF,-1,1,7,0
11120,1,1,-10.932,-34.073,-1.02,-3.18,-1.02,-3.18,INF,-1,1,7,0
11140,0,1,0.000,0.000,0.00,0.00,0.00,0.00,0.00,-1,1,7,0
11160,1,1,-12.473,-36.109,-1.17,-3.37,-1.16,-3.37,INF,-1,1,7,0
11180,1,1,-12.158,-38.114,-1.14,-3.56,-1.13,-3.56,INF,-1,0,7,0
11200,1,1,-12.844,-34.364,-1.20,-3.21,-1.20,-3.21,INF,-1,0,7,0
11220,1,1,-13.267,-36.707,-1.24,-3.43,-1.24,-3.43,INF,-1,0,7,0
11240,1,1,-14.169,-39.221,-1.32,-3.66,-1.32,-3.66,INF,-1,0,7,0
11260,1,1,-13.199,-36.887,-1.23,-3.44,-1.23,-3.44,INF,-1,0,7,0
11280,1,1,-13.384,-38.673,-1.25,-3.61,-1.25,-3.61,INF,-1,0,7,0
11300,1,1,-12.604,-37.119,-1.18,-3.46,-1.18,-3.47,INF,-1,0,7,0
11320,0,1,0.000,0.000,0.00,0.00,0.00,0.00,0.00,-1,0,7,0
11340,1,1,-13.084,-36.511,-1.22,-3.41,-1.22,-3.41,INF,-1,0,7,0
11360,1,1,-12.511,-37.018,-1.17,-3.46,-1.17,-3.46,INF,-1,0,7,0
11380,0,1,0.000,0.000,0.00,0.00,0.00,0.00,0.00,-1,1,7,0
11400,1,1,-13.399,-38.111,-1.25,-3.56,-1.25,-3.56,INF,-1,1,7,0
11420,1,1,-12.448,-37.681,-1.16,-3.52,-1.16,-3.52,INF,-1,1,7,0
11440,1,1,-10.739,-39.074,-1.00,-3.65,-1.00,-3.65,INF,-1,1,7,0
11460,1,1,-10.912,-37.257,-1.02,-3.48,-1.02,-3.48,INF,-1,1,7,0
11480,1,1,-11.102,-36.617,-1.04,-3.42,-1.04,-3.42,INF,-1,1,7,0
11500,1,1,-12.897,-39.108,-1.21,-3.65,-1.20,-3.65,INF,-1,1,7,0
11520,1,1,-13.620,-39.888,-1.27,-3.72,-1.27,-3.72,INF,-1,1,7,0
11540,1,1,-11.925,-38.952,-1.11,-3.64,-1.11,-3.64,INF,-1,1,7,0
11560,1,1,-12.200,-37.529,-1.14,-3.50,-1.14,-3.50,INF,-1,1,7,0
11580,1,1,-10.176,-38.708,-0.95,-3.61,-0.95,-3.61,INF,-1,1,7,0
11600,1,1,-9.932,-38.192,-0.93,-3.56,-0.93,-3.57,INF,-1,1,7,0
11620,1,1,-10.016,-34.357,-0.94,-3.21,-0.93,-3.21,INF,-1,1,7,0
11640,1,1,-7.317,-33.677,-0.68,-3.14,-0.68,-3.14,INF,-1,1,7,0
11660,0,1,0.000,0.000,0.00,0.00,0.00,0.00,0.00,-1,1,7,0
11680,0,1,0.000,0.000,0.00,0.00,0.00,0.00,0.00,-1,1,7,0
11700,0,1,0.000,0.000,0.00,0.00,0.00,0.00,0.00,-1,1,7,0
11720,0,1,0.000,0.000,0.00,0.00,0.00,0.00,0.00,-1,1,7,0
11740,0,1,0.000,0.000,0.00,0.00,0.00,0.00,0.00,-1,0,7,0
11760,0,1,0.000,0.000,0.00,0.00,0.00,0.00,0.00,-1,0,7,0
11780,0,1,0.000,0.000,0.00,0.00,0.00,0.00,0.00,-1,0,7,0
11800,0,1,0.000,0.000,0.00,0.00,0.00,0.00,0.00,-1,0,7,0
11820,0,1,0.000,0.000,0.00,0.00,0.00,0.00,0.00,-1,0,7,0
11840,0,1,0.000,0.000,0.00,0.00,0.00,0.00,0.00,-1,0,7,0
11860,0,1,0.000,0.000,0.00,0.00,0.00,0.00,0.00,-1,0,7,0
11880,0,1,0.000,0.000,0.00,0.00,0.00,0.00,0.00,-1,0,7,0
11900,1,1,142.728,-143.051,13.11,-12.80,12.78,-13.14,INF,-1,0,7,0
11920,0,1,0.000,0.000,0.00,0.00,0.00,0.00,0.00,-1,0,7,0
11940,1,1,47.411,-20.029,4.42,-1.87,4.42,-1.87,INF,-1,0,7,0
11960,1,1,40.012,-21.311,3.73,-1.99,3.73,-1.99,INF,-1,0,7,0
11980,0,1,0.000,0.000,0.00,0.00,0.00,0.00,0.00,-1,0,7,0
12000,1,1,44.941,-20.998,4.19,-1.96,4.19,-1.96,INF,-1,0,7,0
12020,1,1,41.414,-19.392,3.86,-1.81,3.86,-1.81,INF,-1,0,7,0
12040,1,1,48.447,-23.184,4.52,-2.16,4.52,-2.17,INF,-1,0,7,0
12060,1,1,41.600,-23.097,3.88,-2.15,3.88,-2.16,INF,-1,0,7,0
12080,1,1,40.742,-21.208,3.80,-1.98,3.80,-1.98,INF,-1,0,7,0
12100,1,1,41.284,-21.094,3.85,-1.97,3.85,-1.97,INF,-1,0,7,0
12120,1,1,41.796,-23.696,3.90,-2.21,3.90,-2.21,INF,-1,0,7,0
12140,1,1,41.112,-20.841,3.84,-1.94,3.83,-1.95,INF,-1,0,7,0
12160,1,1,42.938,-23.714,4.01,-2.21,4.00,-2.22,INF,-1,0,7,0
12180,1,1,42.773,-22.169,3.99,-2.07,3.99,-2.07,INF,-1,0,7,0
12200,1,1,40.825,-23.997,3.81,-2.24,3.81,-2.24,INF,-1,0,7,0
12220,1,1,42.009,-21.978,3.92,-2.05,3.92,-2.05,INF,-1,1,7,0
12240,1,1,41.230,-23.139,3.85,-2.16,3.85,-2.16,INF,-1,1,7,0
12260,1,1,41.575,-21.934,3.88,-2.04,3.88,-2.05,INF,-1,1,7,0
12280,1,1,40.412,-22.383,3.77,-2.09,3.77,-2.09,INF,-1,1,7,0
12300,1,1,40.462,-21.906,3.78,-2.04,3.77,-2.05,INF,-1,1,7,0
12320,1,1,39.603,-22.450,3.70,-2.09,3.69,-2.10,INF,-1,1,7,0
12340,1,1,41.909,-16.115,3.91,-1.50,3.91,-1.51,INF,-1,1,7,0
12360,1,1,58.654,28.581,5.47,2.66,5.46,2.67,INF,-1,1,7,0
12380,1,1,56.128,29.275,5.23,2.72,5.23,2.73,INF,-1,1,7,0
12400,1,1,61.425,25.639,5.72,2.38,5.72,2.40,INF,-1,0,7,0
12420,1,1,62.270,25.876,5.80,2.40,5.80,2.42,INF,-1,0,7,0
12440,1,1,59.779,24.371,5.57,2.27,5.57,2.28,INF,-1,0,7,0
12460,1,1,61.940,26.444,5.77,2.46,5.76,2.47,INF,-1,0,7,0
12480,1,1,62.029,25.532,5.78,2.37,5.77,2.39,INF,-1,0,7,0
12500,1,1,61.087,24.836,5.69,2.31,5.69,2.32,INF,-1,0,7,0
12520,1,1,59.437,24.206,5.54,2.25,5.53,2.26,INF,-1,0,7,0
12540,1,1,61.575,24.801,5.74,2.31,5.73,2.32,INF,-1,0,7,0
12560,1,1,62.441,26.017,5.82,2.42,5.81,2.43,INF,-1,0,7,0
12580,1,1,61.135,26.620,5.70,2.47,5.69,2.49,INF,-1,0,7,0
12600,1,1,63.091,27.233,5.88,2.53,5.87,2.54,INF,-1,0,7,0
12620,1,1,61.902,25.867,5.77,2.40,5.76,2.42,INF,-1,0,7,0
12640,1,1,63.031,26.041,5.87,2.42,5.87,2.43,INF,-1,1,7,0
12660,1,1,62.186,25.568,5.79,2.38,5.79,2.39,INF,-1,1,7,0
12680,1,1,61.921,25.265,5.77,2.35,5.76,2.36,INF,-1,1,7,0
12700,1,1,60.672,25.350,5.65,2.36,5.65,2.37,INF,-1,1,7,0
12720,1,1,58.791,32.539,5.48,3.02,5.47,3.04,INF,-1,1,7,0
12740,1,1,58.735,35.966,5.47,3.34,5.46,3.36,INF,-1,1,7,0
12760,1,1,59.820,33.466,5.57,3.11,5.57,3.12,INF,-1,1,7,0
12780,1,1,57.805,32.447,5.39,3.02,5.38,3.03,INF,-1,1,7,0
12800,1,1,59.074,32.953,5.50,3.06,5.50,3.08,INF,-1,1,7,0
12820,1,1,59.217,33.800,5.52,3.14,5.51,3.16,INF,-1,1,7,0
12840,1,1,59.167,32.856,5.51,3.05,5.51,3.07,INF,-1,1,7,0
12860,1,1,61.148,31.400,5.70,2.92,5.69,2.93,INF,-1,1,7,0
12880,1,1,59.379,34.621,5.53,3.22,5.52,3.23,INF,-1,1,7,0
12900,1,1,58.130,34.959,5.42,3.25,5.41,3.26,INF,-1,1,7,0
12920,1,1,61.859,33.176,5.76,3.08,5.75,3.10,INF,-1,1,7,0
12940,1,1,59.023,34.078,5.50,3.17,5.49,3.18,INF,-1,1,7,0
12960,1,1,61.979,34.054,5.77,3.16,5.76,3.18,INF,-1,1,7,0
12980,1,1,58.398,36.111,5.44,3.36,5.43,3.37,INF,-1,1,7,0
13000,1,1,60.568,34.820,5.64,3.24,5.63,3.25,INF,-1,1,7,0
13020,1,1,63.716,34.080,5.93,3.17,5.93,3.18,INF,-1,1,7,0
13040,1,1,63.647,36.499,5.93,3.39,5.92,3.41,INF,-1,1,7,0
13060,1,1,61.068,35.620,5.69,3.31,5.68,3.33,INF,-1,1,7,0
13080,1,1,62.710,34.365,5.84,3.19,5.83,3.21,INF,-1,1,7,0
13100,1,1,60.708,34.456,5.66,3.20,5.65,3.22,INF,-1,1,7,0
13120,1,1,60.536,33.484,5.64,3.11,5.63,3.13,INF,-1,1,7,0
13140,1,1,62.241,34.256,5.80,3.18,5.79,3.20,INF,-1,1,7,0
13160,1,1,64.032,34.922,5.96,3.24,5.95,3.26,INF,-1,1,7,0
13180,1,1,62.969,34.123,5.87,3.17,5.86,3.19,INF,-1,1,7,0
13200,1,1,62.326,33.924,5.81,3.15,5.80,3.17,INF,-1,1,7,0
13220,1,1,63.653,33.179,5.93,3.08,5.92,3.10,INF,-1,1,7,0
13240,1,1,61.892,34.869,5.77,3.24,5.76,3.26,INF,-1,1,7,0
13260,1,1,62.294,34.367,5.80,3.19,5.79,3.21,INF,-1,1,7,0
13280,1,1,61.938,33.900,5.77,3.15,5.76,3.17,INF,-1,1,7,0
13300,1,1,61.572,34.984,5.74,3.25,5.73,3.27,INF,-1,1,7,0
13320,1,1,60.978,34.762,5.68,3.23,5.67,3.25,INF,-1,1,7,0
13340,1,1,61.796,23.073,5.76,2.14,5.75,2.16,INF,-1,1,7,0
13360,1,1,64.587,-11.018,6.01,-1.02,6.01,-1.03,INF,-1,1,7,0
13380,1,1,63.839,-8.515,5.95,-0.79,5.94,-0.80,INF,-1,1,7,0
13400,1,1,64.650,-11.884,6.02,-1.10,6.02,-1.11,INF,-1,0,7,0
13420,1,1,63.707,-11.583,5.93,-1.08,5.93,-1.08,INF,-1,0,7,0
13440,1,1,63.588,-10.217,5.92,-0.95,5.92,-0.95,INF,-1,0,7,0
13460,1,1,65.739,-10.009,6.12,-0.93,6.12,-0.94,INF,-1,0,7,0
13480,1,1,66.635,-10.287,6.20,-0.96,6.20,-0.96,INF,-1,0,7,0
13500,1,1,64.732,-10.445,6.03,-0.97,6.03,-0.98,INF,-1,0,7,0
13520,1,1,64.448,-10.331,6.00,-0.96,6.00,-0.97,INF,-1,0,7,0
13540,1,1,62.517,-9.988,5.82,-0.93,5.82,-0.93,INF,-1,0,7,0
13560,1,1,63.288,-9.665,5.89,-0.90,5.89,-0.90,INF,-1,0,7,0
13580,1,1,62.164,-12.892,5.79,-1.20,5.79,-1.20,INF,-1,0,7,0
13600,1,1,53.821,-23.214,5.02,-2.16,5.01,-2.17,INF,-1,0,7,0
13620,1,1,52.996,-25.837,4.94,-2.40,4.94,-2.41,INF,-1,0,7,0
13640,0,1,0.000,0.000,0.00,0.00,0.00,0.00,0.00,-1,1,7,0
13660,0,1,0.000,0.000,0.00,0.00,0.00,0.00,0.00,-1,1,7,0
13680,0,1,0.000,0.000,0.00,0.00,0.00,0.00,0.00,-1,0,7,0
13700,0,1,0.000,0.000,0.00,0.00,0.00,0.00,0.00,-1,0,7,0
13720,1,1,131.989,-81.126,12.15,-7.37,12.05,-7.54,INF,-1,0,7,0
13740,0,1,0.000,0.000,0.00,0.00,0.00,0.00,0.00,-1,0,7,0
13760,0,1,0.000,0.000,0.00,0.00,0.00,0.00,0.00,-1,0,7,0
13780,1,1,52.160,-28.208,4.86,-2.63,4.86,-2.63,INF,-1,0,7,0
13800,1,1,53.535,-25.940,4.99,-2.41,4.99,-2.42,INF,-1,0,7,0
13820,1,1,50.455,-24.809,4.71,-2.31,4.70,-2.32,INF,-1,0,7,0
13840,1,1,52.262,-24.478,4.87,-2.28,4.87,-2.29,INF,-1,0,7,0
13860,1,1,51.580,-26.420,4.81,-2.46,4.81,-2.47,INF,-1,0,7,0
13880,1,1,52.712,-24.799,4.91,-2.31,4.91,-2.32,INF,-1,0,7,0
13900,1,1,52.723,-25.920,4.92,-2.41,4.91,-2.42,INF,-1,0,7,0
13920,1,1,51.590,-26.061,4.81,-2.43,4.81,-2.43,INF,-1,0,7,0
13940,1,1,51.607,-26.105,4.81,-2.43,4.81,-2.44,INF,-1,0,7,0
13960,1,1,50.398,-26.273,4.70,-2.45,4.70,-2.45,INF,-1,0,7,0
13980,1,1,52.210,-27.531,4.87,-2.56,4.86,-2.57,INF,-1,0,7,0
14000,1,1,52.834,-24.353,4.93,-2.27,4.92,-2.28,INF,-1,0,7,0
14020,1,1,51.840,-27.961,4.83,-2.60,4.83,-2.61,INF,-1,0,7,0
14040,1,1,54.398,-21.780,5.07,-2.03,5.07,-2.03,INF,-1,0,7,0
14060,1,1,52.682,-25.693,4.91,-2.39,4.91,-2.40,INF,-1,1,7,0
14080,1,1,52.749,-27.695,4.92,-2.58,4.91,-2.59,INF,-1,1,7,0
14100,1,1,51.602,-23.481,4.81,-2.19,4.81,-2.19,INF,-1,1,7,0
14120,1,1,51.496,-26.026,4.80,-2.42,4.80,-2.43,INF,-1,1,7,0
14140,1,1,53.552,-24.248,4.99,-2.26,4.99,-2.27,INF,-1,1,7,0
14160,1,1,49.739,-22.380,4.64,-2.08,4.64,-2.09,INF,-1,1,7,0
14180,1,1,52.108,-23.619,4.86,-2.20,4.86,-2.21,INF,-1,1,7,0
14200,1,1,52.527,-25.065,4.90,-2.33,4.89,-2.34,INF,-1,1,7,0
14220,1,1,50.922,-25.264,4.75,-2.35,4.74,-2.36,INF,-1,1,7,0
14240,1,1,51.221,-22.111,4.78,-2.06,4.77,-2.07,INF,-1,1,7,0
14260,1,1,50.244,-27.583,4.69,-2.57,4.68,-2.58,INF,-1,1,7,0
14280,1,1,50.309,-21.576,4.69,-2.01,4.69,-2.02,INF,-1,1,7,0
14300,1,1,51.396,-22.186,4.79,-2.07,4.79,-2.07,INF,-1,1,7,0
14320,1,1,50.970,-26.661,4.75,-2.48,4.75,-2.49,INF,-1,1,7,0
14340,1,1,50.257,-24.254,4.69,-2.26,4.68,-2.27,INF,-1,1,7,0
14360,1,1,49.608,-24.732,4.63,-2.30,4.62,-2.31,INF,-1,1,7,0
14380,1,1,51.333,-23.822,4.79,-2.22,4.78,-2.23,INF,-1,1,7,0
14400,1,1,50.715,-25.876,4.73,-2.41,4.73,-2.42,INF,-1,1,7,0
14420,1,1,51.459,-23.441,4.80,-2.18,4.80,-2.19,INF,-1,1,7,0
14440,1,1,49.723,-22.650,4.64,-2.11,4.63,-2.12,INF,-1,1,7,0
14460,1,1,50.342,-23.956,4.69,-2.23,4.69,-2.24,INF,-1,1,7,0
14480,0,1,0.000,0.000,0.00,0.00,0.00,0.00,0.00,-1,1,7,0
14500,1,1,147.590,-106.739,13.54,-9.61,13.34,-9.88,INF,-1,1,7,0
14520,0,1,0.000,0.000,0.00,0.00,0.00,0.00,0.00,-1,1,7,0
14540,0,1,0.000,0.000,0.00,0.00,0.00,0.00,0.00,-1,1,7,0
14560,0,1,0.000,0.000,0.00,0.00,0.00,0.00,0.00,-1,0,7,0
14580,0,1,0.000,0.000,0.00,0.00,0.00,0.00,0.00,-1,0,7,0
14600,0,1,0.000,0.000,0.00,0.00,0.00,0.00,0.00,-1,0,7,0
14620,0,1,0.000,0.000,0.00,0.00,0.00,0.00,0.00,-1,0,7,0
14640,0,1,0.000,0.000,0.00,0.00,0.00,0.00,0.00,-1,0,7,0
14660,0,1,0.000,0.000,0.00,0.00,0.00,0.00,0.00,-1,0,7,0
14680,0,1,0.000,0.000,0.00,0.00,0.00,0.00,0.00,-1,0,7,0
14700,0,1,0.000,0.000,0.00,0.00,0.00,0.00,0.00,-1,0,7,0
14720,0,1,0.000,0.000,0.00,0.00,0.00,0.00,0.00,-1,0,7,0
14740,0,1,0.000,0.000,0.00,0.00,0.00,0.00,0.00,-1,0,7,0
14760,1,1,81.101,-154.519,7.54,-14.03,7.31,-14.15,INF,-1,0,7,0
14780,0,1,0.000,0.000,0.00,0.00,0.00,0.00,0.00,-1,0,7,0
14800,0,1,0.000,0.000,0.00,0.00,0.00,0.00,0.00,-1,0,7,0
14820,0,1,0.000,0.000,0.00,0.00,0.00,0.00,0.00,-1,0,7,0
14840,0,1,0.000,0.000,0.00,0.00,0.00,0.00,0.00,-1,0,7,0
14860,1,1,56.938,6.659,5.31,0.62,5.31,0.62,INF,-1,0,7,0
14880,1,1,55.631,7.189,5.19,0.67,5.19,0.67,INF,-1,0,7,0
14900,1,1,54.195,7.093,5.05,0.66,5.05,0.66,INF,-1,0,7,0
14920,1,1,55.880,7.308,5.21,0.68,5.21,0.68,INF,-1,0,7,0
14940,1,1,55.422,7.109,5.17,0.66,5.17,0.66,INF,-1,0,7,0
14960,1,1,56.465,8.057,5.26,0.75,5.26,0.75,INF,-1,0,7,0
14980,1,1,56.504,8.219,5.27,0.76,5.27,0.77,INF,-1,0,7,0
15000,1,1,53.431,5.094,4.98,0.47,4.98,0.48,INF,-1,0,7,0
