"EyeTracker Toolbox version","3.250"
CalibrationParameters_A11,1.05580
CalibrationParameters_A12,0.03048
CalibrationParameters_A13,-0.00507
CalibrationParameters_A21,0.06694
CalibrationParameters_A22,-1.07902
CalibrationParameters_A23,-0.03245
CalibrationParameters_A31,-0.00013
CalibrationParameters_A32,0.00043
CalibrationParameters_E11,-0.18001
CalibrationParameters_E12,0.00014
CalibrationParameters_E21,0.00008
CalibrationParameters_E22,0.19986
CalibrationParameters_X,14.77585
CalibrationParameters_Y,23.53410
CalibrationParameters_Rpc,51.36084
CalibrationParameters_MeanX,193.28535
CalibrationParameters_MeanY,129.87601
CalibrationParameters_ViewDist,613.00000
TimeStamp,Tracked,Calibrated,ScreenPositionXmm,ScreenPositionYmm,FicksLongitude,FicksLatitude,HelmholtzAzimuth,HelmholtzElevation,PupilDiameter,Region,Fixation,DigitalIO,Dropped
0,1,1,11.555,48.322,1.08,4.51,1.08,4.51,INF,-1,0,7,0
20,1,1,14.078,43.755,1.32,4.08,1.31,4.08,INF,-1,0,7,0
40,1,1,18.105,44.913,1.69,4.19,1.69,4.19,INF,-1,0,7,0
60,1,1,24.269,43.488,2.27,4.05,2.26,4.06,INF,-1,0,7,0
80,1,1,30.184,37.226,2.82,3.47,2.81,3.48,INF,-1,0,7,0
100,1,1,-16.721,35.126,-1.56,3.28,-1.56,3.28,INF,-1,0,7,0
120,1,1,-10.326,27.813,-0.97,2.60,-0.96,2.60,INF,-1,0,7,0
140,1,1,-18.814,29.216,-1.76,2.73,-1.76,2.73,INF,-1,0,7,0
160,1,1,-5.861,22.776,-0.55,2.13,-0.55,2.13,INF,-1,0,7,0
180,1,1,-16.924,28.481,-1.58,2.66,-1.58,2.66,INF,-1,0,7,0
200,1,1,-18.730,29.392,-1.75,2.74,-1.75,2.75,INF,-1,0,7,0
220,1,1,-12.627,21.763,-1.18,2.03,-1.18,2.03,INF,-1,0,7,0
240,1,1,-9.705,23.861,-0.91,2.23,-0.91,2.23,INF,-1,0,7,0
260,1,1,-10.556,18.148,-0.99,1.70,-0.99,1.70,INF,-1,0,7,0
280,1,1,-0.825,24.974,-0.08,2.33,-0.08,2.33,INF,-1,0,7,0
300,1,1,8.944,16.114,0.84,1.51,0.84,1.51,INF,-1,0,7,0
320,1,1,3.447,11.509,0.32,1.08,0.32,1.08,INF,-1,0,7,0
340,1,1,3.911,19.555,0.37,1.83,0.37,1.83,INF,-1,0,7,0
360,1,1,9.098,12.566,0.85,1.17,0.85,1.17,INF,-1,0,7,0
380,1,1,0.791,17.151,0.07,1.60,0.07,1.60,INF,-1,0,7,0
400,1,1,0.682,19.488,0.06,1.82,0.06,1.82,INF,-1,1,7,0
420,1,1,9.835,14.162,0.92,1.32,0.92,1.32,INF,-1,1,7,0
440,1,1,2.286,13.194,0.21,1.23,0.21,1.23,INF,-1,1,7,0
460,1,1,6.682,21.150,0.62,1.98,0.62,1.98,INF,-1,0,7,0
480,1,1,7.110,16.696,0.66,1.56,0.66,1.56,INF,-1,0,7,0
500,1,1,4.998,17.000,0.47,1.59,0.47,1.59,INF,-1,0,7,0
520,1,1,13.622,11.584,1.27,1.08,1.27,1.08,INF,-1,0,7,0
540,1,1,16.372,9.988,1.53,0.93,1.53,0.93,INF,-1,0,7,0
560,1,1,25.747,22.845,2.41,2.13,2.40,2.13,INF,-1,0,7,0
580,1,1,28.060,18.715,2.62,1.75,2.62,1.75,INF,-1,0,7,0
600,1,1,19.635,24.504,1.83,2.29,1.83,2.29,INF,-1,0,7,0
620,1,1,29.487,17.270,2.75,1.61,2.75,1.61,INF,-1,0,7,0
640,1,1,34.633,16.281,3.23,1.52,3.23,1.52,INF,-1,0,7,0
660,1,1,25.042,15.980,2.34,1.49,2.34,1.49,INF,-1,0,7,0
680,1,1,20.873,13.042,1.95,1.22,1.95,1.22,INF,-1,0,7,0
700,1,1,18.009,26.015,1.68,2.43,1.68,2.43,INF,-1,0,7,0
720,1,1,32.798,15.874,3.06,1.48,3.06,1.48,INF,-1,0,7,0
740,1,1,20.607,19.961,1.93,1.86,1.92,1.87,INF,-1,0,7,0
760,1,1,22.791,17.705,2.13,1.65,2.13,1.65,INF,-1,0,7,0
780,1,1,22.657,23.539,2.12,2.20,2.12,2.20,INF,-1,0,7,0
800,1,1,20.854,19.399,1.95,1.81,1.95,1.81,INF,-1,1,7,0
820,1,1,14.921,24.856,1.39,2.32,1.39,2.32,INF,-1,1,7,0
840,1,1,21.273,20.311,1.99,1.90,1.99,1.90,INF,-1,1,7,0
860,1,1,19.573,22.292,1.83,2.08,1.83,2.08,INF,-1,1,7,0
880,1,1,20.736,14.882,1.94,1.39,1.94,1.39,INF,-1,1,7,0
900,1,1,23.656,16.086,2.21,1.50,2.21,1.50,INF,-1,1,7,0
920,1,1,19.756,20.749,1.85,1.94,1.84,1.94,INF,-1,1,7,0
940,1,1,49.991,13.405,4.66,1.25,4.66,1.25,INF,-1,1,7,0
960,1,1,52.946,11.055,4.94,1.03,4.94,1.03,INF,-1,1,7,0
980,1,1,53.859,19.346,5.02,1.80,5.02,1.81,INF,-1,0,7,0
1000,1,1,49.823,24.597,4.65,2.29,4.64,2.30,INF,-1,0,7,0
1020,1,1,58.761,19.708,5.48,1.83,5.47,1.84,INF,-1,0,7,0
1040,1,1,52.168,16.290,4.86,1.52,4.86,1.52,INF,-1,0,7,0
1060,1,1,50.654,18.950,4.72,1.76,4.72,1.77,INF,-1,0,7,0
1080,1,1,55.362,16.898,5.16,1.57,5.16,1.58,INF,-1,0,7,0
1100,1,1,53.553,18.484,4.99,1.72,4.99,1.73,INF,-1,0,7,0
1120,1,1,53.671,20.582,5.00,1.92,5.00,1.92,INF,-1,0,7,0
1140,1,1,52.683,19.222,4.91,1.79,4.91,1.80,INF,-1,0,7,0
1160,1,1,50.641,22.743,4.72,2.12,4.72,2.12,INF,-1,0,7,0
1180,1,1,61.626,12.425,5.74,1.16,5.74,1.16,INF,-1,0,7,0
1200,1,1,59.644,21.578,5.56,2.01,5.55,2.02,INF,-1,0,7,0
1220,1,1,34.661,16.921,3.24,1.58,3.24,1.58,INF,-1,1,7,0
1240,1,1,15.904,14.171,1.49,1.32,1.49,1.32,INF,-1,1,7,0
1260,1,1,14.615,17.893,1.37,1.67,1.37,1.67,INF,-1,0,7,0
1280,1,1,15.968,20.685,1.49,1.93,1.49,1.93,INF,-1,0,7,0
1300,1,1,15.357,17.898,1.44,1.67,1.43,1.67,INF,-1,0,7,0
1320,1,1,25.453,16.737,2.38,1.56,2.38,1.56,INF,-1,0,7,0
1340,1,1,18.794,15.782,1.76,1.47,1.76,1.47,INF,-1,0,7,0
1360,1,1,24.920,18.840,2.33,1.76,2.33,1.76,INF,-1,0,7,0
1380,1,1,19.668,20.612,1.84,1.92,1.84,1.93,INF,-1,0,7,0
1400,1,1,20.211,15.811,1.89,1.48,1.89,1.48,INF,-1,0,7,0
1420,1,1,-15.691,11.241,-1.47,1.05,-1.47,1.05,INF,-1,0,7,0
1440,1,1,-6.079,8.957,-0.57,0.84,-0.57,0.84,INF,-1,0,7,0
1460,1,1,-23.238,7.484,-2.17,0.70,-2.17,0.70,INF,-1,0,7,0
1480,1,1,-14.582,2.033,-1.36,0.19,-1.36,0.19,INF,-1,0,7,0
1500,1,1,-17.573,10.443,-1.64,0.98,-1.64,0.98,INF,-1,0,7,0
1520,1,1,-15.346,13.030,-1.43,1.22,-1.43,1.22,INF,-1,0,7,0
1540,1,1,-3.979,4.586,-0.37,0.43,-0.37,0.43,INF,-1,0,7,0
1560,1,1,-10.812,9.700,-1.01,0.91,-1.01,0.91,INF,-1,0,7,0
1580,1,1,-12.746,7.369,-1.19,0.69,-1.19,0.69,INF,-1,0,7,0
1600,1,1,-21.482,8.784,-2.01,0.82,-2.01,0.82,INF,-1,0,7,0
1620,1,1,-37.924,10.304,-3.54,0.96,-3.54,0.96,INF,-1,0,7,0
1640,1,1,-42.733,-0.227,-3.99,-0.02,-3.99,-0.02,INF,-1,0,7,0
1660,1,1,-42.091,7.529,-3.93,0.70,-3.93,0.70,INF,-1,0,7,0
1680,1,1,-37.199,7.174,-3.47,0.67,-3.47,0.67,INF,-1,0,7,0
1700,1,1,-38.143,-3.833,-3.56,-0.36,-3.56,-0.36,INF,-1,0,7,0
1720,1,1,-43.832,4.183,-4.09,0.39,-4.09,0.39,INF,-1,0,7,0
1740,1,1,-45.838,4.939,-4.28,0.46,-4.28,0.46,INF,-1,0,7,0
1760,1,1,-46.686,9.247,-4.36,0.86,-4.35,0.86,INF,-1,0,7,0
1780,1,1,-44.572,10.044,-4.16,0.94,-4.16,0.94,INF,-1,0,7,0
1800,1,1,-43.826,9.083,-4.09,0.85,-4.09,0.85,INF,-1,0,7,0
1820,1,1,-51.909,7.182,-4.84,0.67,-4.84,0.67,INF,-1,0,7,0
1840,1,1,-45.566,4.702,-4.25,0.44,-4.25,0.44,INF,-1,1,7,0
1860,1,1,-39.098,9.536,-3.65,0.89,-3.65,0.89,INF,-1,1,7,0
1880,1,1,-43.857,8.892,-4.09,0.83,-4.09,0.83,INF,-1,1,7,0
1900,1,1,-39.115,3.224,-3.65,0.30,-3.65,0.30,INF,-1,1,7,0
1920,1,1,-44.281,5.763,-4.13,0.54,-4.13,0.54,INF,-1,1,7,0
1940,1,1,-45.668,4.621,-4.26,0.43,-4.26,0.43,INF,-1,1,7,0
1960,1,1,-32.576,5.139,-3.04,0.48,-3.04,0.48,INF,-1,1,7,0
1980,1,1,-51.980,5.248,-4.85,0.49,-4.85,0.49,INF,-1,1,7,0
2000,1,1,-38.842,9.400,-3.63,0.88,-3.63,0.88,INF,-1,1,7,0
2020,1,1,-51.743,13.671,-4.82,1.27,-4.82,1.28,INF,-1,1,7,0
2040,1,1,-38.854,0.245,-3.63,0.02,-3.63,0.02,INF,-1,1,7,0
2060,1,1,-50.912,4.713,-4.75,0.44,-4.75,0.44,INF,-1,1,7,0
2080,1,1,-43.922,3.355,-4.10,0.31,-4.10,0.31,INF,-1,1,7,0
2100,1,1,-45.385,5.451,-4.23,0.51,-4.23,0.51,INF,-1,1,7,0
2120,1,1,-49.497,7.330,-4.62,0.68,-4.62,0.69,INF,-1,1,7,0
2140,1,1,-38.779,7.182,-3.62,0.67,-3.62,0.67,INF,-1,1,7,0
2160,1,1,-39.719,4.851,-3.71,0.45,-3.71,0.45,INF,-1,1,7,0
2180,1,1,-48.554,0.405,-4.53,0.04,-4.53,0.04,INF,-1,1,7,0
2200,1,1,-46.861,5.299,-4.37,0.49,-4.37,0.50,INF,-1,1,7,0
2220,1,1,-38.891,7.417,-3.63,0.69,-3.63,0.69,INF,-1,1,7,0
2240,1,1,-44.869,0.063,-4.19,0.01,-4.19,0.01,INF,-1,1,7,0
2260,1,1,-49.352,5.124,-4.60,0.48,-4.60,0.48,INF,-1,1,7,0
2280,1,1,-42.660,4.405,-3.98,0.41,-3.98,0.41,INF,-1,1,7,0
2300,1,1,-48.831,9.081,-4.55,0.85,-4.55,0.85,INF,-1,1,7,0
2320,1,1,-44.845,3.089,-4.18,0.29,-4.18,0.29,INF,-1,1,7,0
2340,1,1,-53.914,3.039,-5.03,0.28,-5.03,0.28,INF,-1,1,7,0
2360,1,1,-41.025,5.453,-3.83,0.51,-3.83,0.51,INF,-1,1,7,0
2380,1,1,-42.263,5.017,-3.94,0.47,-3.94,0.47,INF,-1,1,7,0
2400,1,1,-51.799,9.294,-4.83,0.87,-4.83,0.87,INF,-1,1,7,0
2420,1,1,-35.272,0.340,-3.29,0.03,-3.29,0.03,INF,-1,1,7,0
2440,1,1,-13.322,-3.439,-1.24,-0.32,-1.24,-0.32,INF,-1,1,7,0
2460,1,1,-13.701,2.367,-1.28,0.22,-1.28,0.22,INF,-1,1,7,0
2480,1,1,-13.578,-5.813,-1.27,-0.54,-1.27,-0.54,INF,-1,0,7,0
2500,1,1,-16.192,3.711,-1.51,0.35,-1.51,0.35,INF,-1,0,7,0
2520,1,1,-16.451,7.050,-1.54,0.66,-1.54,0.66,INF,-1,0,7,0
2540,1,1,-12.123,1.999,-1.13,0.19,-1.13,0.19,INF,-1,0,7,0
2560,1,1,-7.203,-3.391,-0.67,-0.32,-0.67,-0.32,INF,-1,0,7,0
2580,1,1,-14.354,-3.885,-1.34,-0.36,-1.34,-0.36,INF,-1,0,7,0
2600,1,1,-18.080,1.007,-1.69,0.09,-1.69,0.09,INF,-1,0,7,0
2620,1,1,-21.828,3.666,-2.04,0.34,-2.04,0.34,INF,-1,0,7,0
2640,1,1,-14.625,3.468,-1.37,0.32,-1.37,0.32,INF,-1,0,7,0
2660,1,1,-9.929,-2.952,-0.93,-0.28,-0.93,-0.28,INF,-1,0,7,0
2680,1,1,-16.782,5.498,-1.57,0.51,-1.57,0.51,INF,-1,0,7,0
2700,1,1,-11.701,-1.405,-1.09,-0.13,-1.09,-0.13,INF,-1,0,7,0
2720,1,1,-2.063,0.766,-0.19,0.07,-0.19,0.07,INF,-1,1,7,0
2740,1,1,6.539,-5.625,0.61,-0.53,0.61,-0.53,INF,-1,1,7,0
2760,1,1,-7.292,1.824,-0.68,0.17,-0.68,0.17,INF,-1,1,7,0
2780,1,1,-12.355,1.830,-1.15,0.17,-1.15,0.17,INF,-1,1,7,0
2800,1,1,-7.792,-1.638,-0.73,-0.15,-0.73,-0.15,INF,-1,1,7,0
2820,1,1,-2.581,-0.214,-0.24,-0.02,-0.24,-0.02,INF,-1,1,7,0
2840,1,1,-8.606,2.916,-0.80,0.27,-0.80,0.27,INF,-1,1,7,0
2860,1,1,-6.045,-3.830,-0.56,-0.36,-0.56,-0.36,INF,-1,1,7,0
2880,1,1,-0.642,-0.738,-0.06,-0.07,-0.06,-0.07,INF,-1,1,7,0
2900,1,1,-0.708,5.142,-0.07,0.48,-0.07,0.48,INF,-1,1,7,0
2920,1,1,1.305,2.839,0.12,0.27,0.12,0.27,INF,-1,0,7,0
2940,1,1,-1.422,-3.121,-0.13,-0.29,-0.13,-0.29,INF,-1,0,7,0
2960,1,1,-1.743,2.703,-0.16,0.25,-0.16,0.25,INF,-1,0,7,0
2980,1,1,0.549,2.681,0.05,0.25,0.05,0.25,INF,-1,0,7,0
3000,1,1,0.751,12.371,0.07,1.16,0.07,1.16,INF,-1,0,7,0
3020,1,1,0.009,2.106,0.00,0.20,0.00,0.20,INF,-1,0,7,0
3040,1,1,-10.035,7.559,-0.94,0.71,-0.94,0.71,INF,-1,0,7,0
3060,1,1,-6.415,2.392,-0.60,0.22,-0.60,0.22,INF,-1,0,7,0
3080,1,1,-8.965,9.607,-0.84,0.90,-0.84,0.90,INF,-1,0,7,0
3100,1,1,-48.477,3.638,-4.52,0.34,-4.52,0.34,INF,-1,0,7,0
3120,1,1,-34.924,1.434,-3.26,0.13,-3.26,0.13,INF,-1,0,7,0
3140,1,1,-34.691,-2.787,-3.24,-0.26,-3.24,-0.26,INF,-1,0,7,0
3160,1,1,-45.182,1.031,-4.22,0.10,-4.22,0.10,INF,-1,0,7,0
3180,1,1,-32.201,-1.752,-3.01,-0.16,-3.01,-0.16,INF,-1,0,7,0
3200,1,1,-40.368,0.419,-3.77,0.04,-3.77,0.04,INF,-1,0,7,0
3220,1,1,-46.953,1.147,-4.38,0.11,-4.38,0.11,INF,-1,0,7,0
3240,1,1,-39.130,-0.022,-3.65,0.00,-3.65,0.00,INF,-1,0,7,0
3260,1,1,-34.338,6.946,-3.21,0.65,-3.21,0.65,INF,-1,0,7,0
3280,1,1,-21.818,-7.327,-2.04,-0.68,-2.04,-0.68,INF,-1,0,7,0
3300,1,1,-37.629,-1.924,-3.51,-0.18,-3.51,-0.18,INF,-1,0,7,0
3320,1,1,-51.660,6.964,-4.82,0.65,-4.82,0.65,INF,-1,1,7,0
3340,1,1,-39.412,-0.155,-3.68,-0.01,-3.68,-0.01,INF,-1,1,7,0
3360,1,1,-39.649,-5.447,-3.70,-0.51,-3.70,-0.51,INF,-1,1,7,0
3380,1,1,-40.822,3.292,-3.81,0.31,-3.81,0.31,INF,-1,1,7,0
3400,1,1,-49.796,0.948,-4.64,0.09,-4.64,0.09,INF,-1,1,7,0
3420,1,1,-46.403,4.227,-4.33,0.39,-4.33,0.40,INF,-1,1,7,0
3440,1,1,-44.884,4.415,-4.19,0.41,-4.19,0.41,INF,-1,0,7,0
3460,1,1,-38.192,-2.770,-3.57,-0.26,-3.57,-0.26,INF,-1,0,7,0
3480,1,1,-35.510,-2.657,-3.32,-0.25,-3.32,-0.25,INF,-1,0,7,0
3500,1,1,-49.299,-5.593,-4.60,-0.52,-4.60,-0.52,INF,-1,0,7,0
3520,1,1,-34.119,-5.800,-3.19,-0.54,-3.19,-0.54,INF,-1,0,7,0
3540,1,1,-48.335,-4.589,-4.51,-0.43,-4.51,-0.43,INF,-1,0,7,0
3560,1,1,-39.056,1.747,-3.65,0.16,-3.65,0.16,INF,-1,0,7,0
3580,1,1,-35.529,-5.878,-3.32,-0.55,-3.32,-0.55,INF,-1,0,7,0
3600,1,1,-32.454,-4.182,-3.03,-0.39,-3.03,-0.39,INF,-1,0,7,0
3620,1,1,-34.513,-8.557,-3.22,-0.80,-3.22,-0.80,INF,-1,0,7,0
3640,1,1,-42.698,-3.845,-3.98,-0.36,-3.98,-0.36,INF,-1,0,7,0
3660,1,1,-26.282,-1.523,-2.46,-0.14,-2.45,-0.14,INF,-1,0,7,0
3680,1,1,26.437,2.517,2.47,0.24,2.47,0.24,INF,-1,0,7,0
3700,1,1,38.399,2.199,3.58,0.21,3.58,0.21,INF,-1,0,7,0
3720,1,1,35.108,9.574,3.28,0.89,3.28,0.89,INF,-1,0,7,0
3740,1,1,34.603,7.751,3.23,0.72,3.23,0.72,INF,-1,0,7,0
3760,1,1,30.982,9.256,2.89,0.86,2.89,0.87,INF,-1,0,7,0
3780,1,1,33.321,2.012,3.11,0.19,3.11,0.19,INF,-1,0,7,0
3800,1,1,39.597,-5.523,3.70,-0.52,3.70,-0.52,INF,-1,0,7,0
3820,1,1,38.552,6.336,3.60,0.59,3.60,0.59,INF,-1,0,7,0
3840,1,1,36.668,7.136,3.42,0.67,3.42,0.67,INF,-1,0,7,0
3860,1,1,39.908,7.146,3.72,0.67,3.72,0.67,INF,-1,0,7,0
3880,1,1,35.274,8.103,3.29,0.76,3.29,0.76,INF,-1,0,7,0
3900,1,1,29.645,10.620,2.77,0.99,2.77,0.99,INF,-1,0,7,0
3920,1,1,29.997,11.949,2.80,1.12,2.80,1.12,INF,-1,0,7,0
3940,1,1,41.983,-0.614,3.92,-0.06,3.92,-0.06,INF,-1,1,7,0
3960,1,1,39.213,11.504,3.66,1.07,3.66,1.08,INF,-1,1,7,0
3980,1,1,37.363,2.316,3.49,0.22,3.49,0.22,INF,-1,1,7,0
4000,1,1,25.524,12.781,2.38,1.19,2.38,1.19,INF,-1,1,7,0
4020,1,1,25.659,9.623,2.40,0.90,2.40,0.90,INF,-1,1,7,0
4040,1,1,21.650,14.470,2.02,1.35,2.02,1.35,INF,-1,1,7,0
4060,1,1,20.260,14.835,1.89,1.39,1.89,1.39,INF,-1,1,7,0
4080,1,1,16.515,9.540,1.54,0.89,1.54,0.89,INF,-1,0,7,0
4100,1,1,21.294,12.790,1.99,1.19,1.99,1.20,INF,-1,0,7,0
4120,1,1,20.599,12.819,1.92,1.20,1.92,1.20,INF,-1,0,7,0
4140,1,1,20.407,16.814,1.91,1.57,1.91,1.57,INF,-1,0,7,0
4160,1,1,21.941,10.091,2.05,0.94,2.05,0.94,INF,-1,0,7,0
4180,1,1,23.240,17.076,2.17,1.59,2.17,1.60,INF,-1,0,7,0
4200,1,1,27.333,11.465,2.55,1.07,2.55,1.07,INF,-1,0,7,0
4220,1,1,29.270,11.938,2.73,1.11,2.73,1.12,INF,-1,0,7,0
4240,1,1,27.116,20.956,2.53,1.96,2.53,1.96,INF,-1,0,7,0
4260,1,1,25.041,29.740,2.34,2.78,2.34,2.78,INF,-1,0,7,0
4280,1,1,27.103,18.412,2.53,1.72,2.53,1.72,INF,-1,0,7,0
4300,1,1,31.079,23.717,2.90,2.21,2.90,2.22,INF,-1,0,7,0
4320,1,1,25.479,20.461,2.38,1.91,2.38,1.91,INF,-1,1,7,0
4340,1,1,23.527,23.747,2.20,2.22,2.20,2.22,INF,-1,1,7,0
4360,1,1,28.191,21.312,2.63,1.99,2.63,1.99,INF,-1,1,7,0
4380,1,1,28.440,23.718,2.66,2.21,2.65,2.22,INF,-1,1,7,0
4400,1,1,23.625,25.352,2.21,2.37,2.21,2.37,INF,-1,1,7,0
4420,1,1,22.258,22.020,2.08,2.06,2.08,2.06,INF,-1,1,7,0
4440,1,1,27.340,23.611,2.55,2.20,2.55,2.21,INF,-1,1,7,0
4460,1,1,30.599,17.962,2.86,1.68,2.86,1.68,INF,-1,1,7,0
4480,1,1,18.033,25.195,1.69,2.35,1.68,2.35,INF,-1,1,7,0
4500,1,1,31.977,15.050,2.99,1.40,2.99,1.41,INF,-1,1,7,0
4520,1,1,27.159,20.669,2.54,1.93,2.54,1.93,INF,-1,1,7,0
4540,1,1,26.412,23.479,2.47,2.19,2.47,2.19,INF,-1,1,7,0
4560,1,1,34.300,9.540,3.20,0.89,3.20,0.89,INF,-1,1,7,0
4580,1,1,15.637,16.982,1.46,1.59,1.46,1.59,INF,-1,1,7,0
4600,1,1,-18.929,21.904,-1.77,2.05,-1.77,2.05,INF,-1,1,7,0
4620,1,1,-18.852,13.689,-1.76,1.28,-1.76,1.28,INF,-1,1,7,0
4640,1,1,-20.168,15.186,-1.88,1.42,-1.88,1.42,INF,-1,0,7,0
4660,1,1,-23.508,11.336,-2.20,1.06,-2.20,1.06,INF,-1,0,7,0
4680,1,1,-14.305,17.324,-1.34,1.62,-1.34,1.62,INF,-1,0,7,0
4700,1,1,-22.521,16.823,-2.10,1.57,-2.10,1.57,INF,-1,0,7,0
4720,1,1,-7.040,3.998,-0.66,0.37,-0.66,0.37,INF,-1,0,7,0
4740,1,1,-14.977,11.859,-1.40,1.11,-1.40,1.11,INF,-1,0,7,0
4760,1,1,-7.588,15.647,-0.71,1.46,-0.71,1.46,INF,-1,0,7,0
4780,1,1,-14.043,10.761,-1.31,1.01,-1.31,1.01,INF,-1,0,7,0
4800,1,1,-7.004,10.439,-0.65,0.98,-0.65,0.98,INF,-1,0,7,0
4820,1,1,-4.034,11.079,-0.38,1.04,-0.38,1.04,INF,-1,0,7,0
4840,1,1,-6.155,7.719,-0.58,0.72,-0.58,0.72,INF,-1,0,7,0
4860,1,1,-5.726,8.348,-0.54,0.78,-0.54,0.78,INF,-1,0,7,0
4880,1,1,-5.148,3.741,-0.48,0.35,-0.48,0.35,INF,-1,0,7,0
4900,1,1,-9.337,5.960,-0.87,0.56,-0.87,0.56,INF,-1,1,7,0
4920,1,1,-2.858,7.918,-0.27,0.74,-0.27,0.74,INF,-1,1,7,0
4940,1,1,2.474,3.290,0.23,0.31,0.23,0.31,INF,-1,1,7,0
4960,1,1,0.632,4.852,0.06,0.45,0.06,0.45,INF,-1,1,7,0
4980,1,1,-0.921,10.539,-0.09,0.98,-0.09,0.98,INF,-1,0,7,0
5000,1,1,-17.365,20.747,-1.62,1.94,-1.62,1.94,INF,-1,0,7,0
5020,1,1,-15.593,10.324,-1.46,0.96,-1.46,0.96,INF,-1,0,7,0
5040,1,1,-3.135,1.492,-0.29,0.14,-0.29,0.14,INF,-1,0,7,0
5060,1,1,-5.814,5.807,-0.54,0.54,-0.54,0.54,INF,-1,0,7,0
5080,1,1,-3.274,5.829,-0.31,0.54,-0.31,0.54,INF,-1,0,7,0
5100,1,1,-12.494,10.899,-1.17,1.02,-1.17,1.02,INF,-1,0,7,0
5120,1,1,-14.205,3.236,-1.33,0.30,-1.33,0.30,INF,-1,0,7,0
5140,1,1,-2.712,3.544,-0.25,0.33,-0.25,0.33,INF,-1,0,7,0
5160,1,1,-9.856,-0.581,-0.92,-0.05,-0.92,-0.05,INF,-1,0,7,0
5180,1,1,-7.136,4.961,-0.67,0.46,-0.67,0.46,INF,-1,0,7,0
5200,1,1,-5.084,2.019,-0.48,0.19,-0.48,0.19,INF,-1,0,7,0
5220,1,1,-4.271,0.476,-0.40,0.04,-0.40,0.04,INF,-1,1,7,0
5240,1,1,-7.293,5.131,-0.68,0.48,-0.68,0.48,INF,-1,1,7,0
5260,1,1,-9.915,10.317,-0.93,0.96,-0.93,0.96,INF,-1,1,7,0
5280,1,1,-7.628,7.594,-0.71,0.71,-0.71,0.71,INF,-1,1,7,0
5300,1,1,-2.493,7.468,-0.23,0.70,-0.23,0.70,INF,-1,1,7,0
5320,1,1,1.869,4.998,0.17,0.47,0.17,0.47,INF,-1,1,7,0
5340,1,1,-8.705,3.392,-0.81,0.32,-0.81,0.32,INF,-1,1,7,0
5360,1,1,-8.625,4.785,-0.81,0.45,-0.81,0.45,INF,-1,1,7,0
5380,1,1,-7.261,2.274,-0.68,0.21,-0.68,0.21,INF,-1,1,7,0
5400,1,1,-4.028,6.161,-0.38,0.58,-0.38,0.58,INF,-1,1,7,0
5420,1,1,-8.218,9.205,-0.77,0.86,-0.77,0.86,INF,-1,1,7,0
5440,1,1,2.580,2.277,0.24,0.21,0.24,0.21,INF,-1,1,7,0
5460,1,1,-0.905,5.265,-0.08,0.49,-0.08,0.49,INF,-1,1,7,0
5480,1,1,2.739,2.617,0.26,0.24,0.26,0.24,INF,-1,1,7,0
5500,1,1,-7.019,6.497,-0.66,0.61,-0.66,0.61,INF,-1,1,7,0
5520,1,1,-13.610,11.074,-1.27,1.03,-1.27,1.03,INF,-1,1,7,0
5540,1,1,-31.940,12.217,-2.98,1.14,-2.98,1.14,INF,-1,1,7,0
5560,1,1,-52.199,19.355,-4.87,1.80,-4.86,1.81,INF,-1,1,7,0
5580,1,1,-47.555,18.747,-4.44,1.75,-4.43,1.75,INF,-1,0,7,0
5600,1,1,-36.127,2.189,-3.37,0.20,-3.37,0.20,INF,-1,0,7,0
5620,1,1,-39.948,12.619,-3.73,1.18,-3.73,1.18,INF,-1,0,7,0
5640,1,1,-39.744,11.149,-3.71,1.04,-3.71,1.04,INF,-1,0,7,0
5660,1,1,-44.918,15.664,-4.19,1.46,-4.19,1.46,INF,-1,0,7,0
5680,1,1,-42.902,18.889,-4.00,1.76,-4.00,1.76,INF,-1,0,7,0
5700,1,1,-51.366,15.926,-4.79,1.48,-4.79,1.49,INF,-1,0,7,0
5720,1,1,-47.784,14.940,-4.46,1.39,-4.46,1.40,INF,-1,0,7,0
5740,1,1,-40.756,11.218,-3.80,1.05,-3.80,1.05,INF,-1,0,7,0
5760,1,1,-42.674,15.125,-3.98,1.41,-3.98,1.41,INF,-1,0,7,0
5780,1,1,-39.021,17.550,-3.64,1.64,-3.64,1.64,INF,-1,0,7,0
5800,1,1,-52.603,11.657,-4.90,1.09,-4.90,1.09,INF,-1,0,7,0
5820,1,1,-53.623,21.129,-5.00,1.97,-5.00,1.97,INF,-1,0,7,0
5840,1,1,-52.967,17.650,-4.94,1.64,-4.94,1.65,INF,-1,1,7,0
5860,1,1,-57.292,19.251,-5.34,1.79,-5.34,1.80,INF,-1,1,7,0
5880,1,1,-49.929,7.981,-4.66,0.74,-4.66,0.75,INF,-1,1,7,0
5900,1,1,-39.381,12.144,-3.68,1.13,-3.68,1.13,INF,-1,1,7,0
5920,1,1,-41.403,10.266,-3.86,0.96,-3.86,0.96,INF,-1,1,7,0
5940,1,1,-50.200,17.515,-4.68,1.63,-4.68,1.64,INF,-1,1,7,0
5960,1,1,-43.368,14.373,-4.05,1.34,-4.05,1.34,INF,-1,1,7,0
5980,1,1,-46.959,18.089,-4.38,1.69,-4.38,1.69,INF,-1,1,7,0
6000,1,1,-52.786,17.305,-4.92,1.61,-4.92,1.62,INF,-1,1,7,0
6020,1,1,-47.838,14.852,-4.46,1.38,-4.46,1.39,INF,-1,1,7,0
6040,1,1,-38.115,11.519,-3.56,1.07,-3.56,1.08,INF,-1,1,7,0
6060,1,1,-46.864,12.982,-4.37,1.21,-4.37,1.21,INF,-1,1,7,0
6080,1,1,-44.585,13.496,-4.16,1.26,-4.16,1.26,INF,-1,1,7,0
6100,1,1,-53.093,15.526,-4.95,1.45,-4.95,1.45,INF,-1,1,7,0
6120,1,1,-47.895,13.006,-4.47,1.21,-4.47,1.22,INF,-1,1,7,0
6140,1,1,-43.776,22.233,-4.08,2.07,-4.08,2.08,INF,-1,1,7,0
6160,1,1,-41.836,15.237,-3.90,1.42,-3.90,1.42,INF,-1,1,7,0
6180,1,1,-44.355,10.723,-4.14,1.00,-4.14,1.00,INF,-1,1,7,0
6200,1,1,-55.290,15.276,-5.15,1.42,-5.15,1.43,INF,-1,1,7,0
6220,1,1,-56.210,16.235,-5.24,1.51,-5.24,1.52,INF,-1,1,7,0
6240,1,1,-53.530,19.008,-4.99,1.77,-4.99,1.78,INF,-1,1,7,0
6260,1,1,-43.392,17.302,-4.05,1.61,-4.05,1.62,INF,-1,1,7,0
6280,1,1,-47.376,21.352,-4.42,1.99,-4.42,1.99,INF,-1,1,7,0
6300,1,1,-41.862,18.190,-3.91,1.70,-3.90,1.70,INF,-1,1,7,0
6320,1,1,-51.015,29.091,-4.76,2.71,-4.75,2.72,INF,-1,1,7,0
6340,1,1,-59.377,27.006,-5.53,2.51,-5.53,2.52,INF,-1,1,7,0
6360,1,1,-53.462,23.828,-4.98,2.22,-4.98,2.23,INF,-1,0,7,0
6380,1,1,-45.569,22.931,-4.25,2.14,-4.25,2.14,INF,-1,0,7,0
6400,1,1,-52.906,23.901,-4.93,2.22,-4.93,2.23,INF,-1,0,7,0
6420,1,1,-48.731,26.538,-4.55,2.47,-4.54,2.48,INF,-1,0,7,0
6440,1,1,-53.262,27.818,-4.97,2.59,-4.96,2.60,INF,-1,0,7,0
6460,1,1,-51.751,25.391,-4.83,2.36,-4.82,2.37,INF,-1,0,7,0
6480,1,1,-64.504,25.254,-6.01,2.35,-6.00,2.36,INF,-1,0,7,0
6500,1,1,-45.029,18.533,-4.20,1.73,-4.20,1.73,INF,-1,0,7,0
6520,1,1,-54.534,26.287,-5.08,2.45,-5.08,2.46,INF,-1,0,7,0
6540,1,1,-54.121,23.816,-5.05,2.22,-5.04,2.22,INF,-1,0,7,0
6560,1,1,-45.937,23.182,-4.29,2.16,-4.28,2.17,INF,-1,0,7,0
6580,1,1,-55.936,24.142,-5.21,2.25,-5.21,2.26,INF,-1,0,7,0
6600,1,1,-54.406,29.380,-5.07,2.73,-5.07,2.74,INF,-1,1,7,0
6620,1,1,-26.295,25.771,-2.46,2.41,-2.45,2.41,INF,-1,1,7,0
6640,1,1,-31.073,28.566,-2.90,2.66,-2.90,2.67,INF,-1,1,7,0
6660,1,1,-21.323,27.388,-1.99,2.56,-1.99,2.56,INF,-1,0,7,0
6680,1,1,-32.258,36.406,-3.01,3.39,-3.01,3.40,INF,-1,0,7,0
6700,1,1,-21.187,28.264,-1.98,2.64,-1.98,2.64,INF,-1,0,7,0
6720,1,1,-26.515,24.445,-2.48,2.28,-2.47,2.28,INF,-1,0,7,0
6740,1,1,-25.775,31.164,-2.41,2.91,-2.40,2.91,INF,-1,0,7,0
6760,1,1,-22.197,28.392,-2.07,2.65,-2.07,2.65,INF,-1,0,7,0
6780,1,1,-24.351,34.709,-2.27,3.24,-2.27,3.24,INF,-1,0,7,0
6800,1,1,-33.684,30.709,-3.15,2.86,-3.14,2.87,INF,-1,0,7,0
6820,1,1,-24.894,44.797,-2.33,4.18,-2.32,4.18,INF,-1,0,7,0
6840,1,1,-25.134,19.585,-2.35,1.83,-2.35,1.83,INF,-1,0,7,0
6860,1,1,-29.708,32.122,-2.77,3.00,-2.77,3.00,INF,-1,0,7,0
6880,1,1,-9.105,29.955,-0.85,2.80,-0.85,2.80,INF,-1,0,7,0
6900,1,1,0.782,31.636,0.07,2.95,0.07,2.95,INF,-1,0,7,0
6920,1,1,4.250,39.549,0.40,3.69,0.40,3.69,INF,-1,0,7,0
6940,1,1,5.005,34.156,0.47,3.19,0.47,3.19,INF,-1,0,7,0
6960,1,1,11.771,32.225,1.10,3.01,1.10,3.01,INF,-1,0,7,0
6980,1,1,12.311,34.628,1.15,3.23,1.15,3.23,INF,-1,0,7,0
7000,1,1,10.599,29.563,0.99,2.76,0.99,2.76,INF,-1,0,7,0
7020,1,1,13.114,30.377,1.23,2.84,1.22,2.84,INF,-1,0,7,0
7040,1,1,3.947,32.903,0.37,3.07,0.37,3.07,INF,-1,0,7,0
7060,1,1,4.177,30.893,0.39,2.88,0.39,2.89,INF,-1,0,7,0
7080,1,1,28.473,25.860,2.66,2.41,2.66,2.42,INF,-1,0,7,0
7100,1,1,25.333,27.793,2.37,2.59,2.36,2.60,INF,-1,0,7,0
7120,1,1,29.355,21.726,2.74,2.03,2.74,2.03,INF,-1,0,7,0
7140,1,1,28.822,22.573,2.69,2.11,2.69,2.11,INF,-1,0,7,0
7160,1,1,29.510,25.542,2.76,2.38,2.75,2.39,INF,-1,0,7,0
7180,1,1,31.390,19.827,2.93,1.85,2.93,1.85,INF,-1,0,7,0
7200,1,1,21.571,32.755,2.02,3.06,2.01,3.06,INF,-1,0,7,0
7220,1,1,25.438,23.590,2.38,2.20,2.37,2.20,INF,-1,0,7,0
7240,1,1,31.589,20.155,2.95,1.88,2.95,1.88,INF,-1,1,7,0
7260,1,1,27.850,19.315,2.60,1.80,2.60,1.80,INF,-1,1,7,0
7280,1,1,22.164,27.630,2.07,2.58,2.07,2.58,INF,-1,1,7,0
7300,1,1,38.036,23.567,3.55,2.20,3.55,2.20,INF,-1,1,7,0
7320,1,1,24.089,26.520,2.25,2.48,2.25,2.48,INF,-1,1,7,0
7340,1,1,29.600,22.766,2.76,2.12,2.76,2.13,INF,-1,1,7,0
7360,1,1,39.293,15.164,3.67,1.41,3.67,1.42,INF,-1,1,7,0
7380,1,1,49.642,8.955,4.63,0.83,4.63,0.84,INF,-1,0,7,0
7400,1,1,54.444,4.853,5.08,0.45,5.08,0.45,INF,-1,0,7,0
7420,1,1,51.443,7.130,4.80,0.66,4.80,0.67,INF,-1,0,7,0
7440,1,1,54.174,9.139,5.05,0.85,5.05,0.85,INF,-1,0,7,0
7460,1,1,47.098,5.223,4.39,0.49,4.39,0.49,INF,-1,0,7,0
7480,1,1,39.535,9.033,3.69,0.84,3.69,0.84,INF,-1,0,7,0
7500,1,1,47.046,12.521,4.39,1.17,4.39,1.17,INF,-1,0,7,0
7520,1,1,42.847,7.501,4.00,0.70,4.00,0.70,INF,-1,0,7,0
7540,1,1,46.754,9.024,4.36,0.84,4.36,0.84,INF,-1,0,7,0
7560,1,1,44.921,4.690,4.19,0.44,4.19,0.44,INF,-1,0,7,0
7580,1,1,55.306,2.299,5.16,0.21,5.16,0.21,INF,-1,0,7,0
7600,1,1,65.163,3.674,6.07,0.34,6.07,0.34,INF,-1,0,7,0
7620,1,1,60.854,4.768,5.67,0.44,5.67,0.45,INF,-1,0,7,0
7640,1,1,56.133,4.043,5.23,0.38,5.23,0.38,INF,-1,0,7,0
7660,1,1,53.996,5.596,5.03,0.52,5.03,0.52,INF,-1,1,7,0
7680,1,1,63.283,5.614,5.89,0.52,5.89,0.52,INF,-1,1,7,0
7700,1,1,65.139,4.882,6.07,0.45,6.07,0.46,INF,-1,1,7,0
7720,1,1,59.983,6.480,5.59,0.60,5.59,0.61,INF,-1,1,7,0
7740,1,1,55.819,2.521,5.20,0.23,5.20,0.24,INF,-1,1,7,0
7760,1,1,56.548,7.812,5.27,0.73,5.27,0.73,INF,-1,1,7,0
7780,1,1,59.015,9.911,5.50,0.92,5.50,0.93,INF,-1,1,7,0
7800,1,1,58.746,3.556,5.47,0.33,5.47,0.33,INF,-1,1,7,0
7820,1,1,64.227,4.242,5.98,0.39,5.98,0.40,INF,-1,1,7,0
7840,1,1,58.186,5.099,5.42,0.47,5.42,0.48,INF,-1,1,7,0
7860,1,1,60.445,4.363,5.63,0.41,5.63,0.41,INF,-1,1,7,0
7880,1,1,57.801,7.758,5.39,0.72,5.39,0.73,INF,-1,1,7,0
7900,1,1,71.401,2.022,6.64,0.19,6.64,0.19,INF,-1,1,7,0
7920,1,1,57.925,9.365,5.40,0.87,5.40,0.88,INF,-1,1,7,0
7940,1,1,54.289,10.010,5.06,0.93,5.06,0.94,INF,-1,1,7,0
7960,1,1,56.195,6.457,5.24,0.60,5.24,0.60,INF,-1,1,7,0
7980,1,1,55.477,8.227,5.17,0.77,5.17,0.77,INF,-1,1,7,0
8000,1,1,62.610,6.361,5.83,0.59,5.83,0.59,INF,-1,1,7,0
8020,1,1,58.645,4.281,5.46,0.40,5.46,0.40,INF,-1,1,7,0
8040,1,1,61.378,4.062,5.72,0.38,5.72,0.38,INF,-1,1,7,0
8060,1,1,53.468,8.381,4.98,0.78,4.98,0.78,INF,-1,1,7,0
8080,1,1,57.829,5.870,5.39,0.55,5.39,0.55,INF,-1,1,7,0
8100,1,1,59.241,7.700,5.52,0.72,5.52,0.72,INF,-1,1,7,0
8120,1,1,63.724,3.855,5.93,0.36,5.93,0.36,INF,-1,1,7,0
8140,1,1,53.032,3.272,4.94,0.30,4.94,0.31,INF,-1,1,7,0
8160,1,1,54.727,0.078,5.10,0.01,5.10,0.01,INF,-1,1,7,0
8180,1,1,65.006,-13.603,6.05,-1.26,6.05,-1.27,INF,-1,1,7,0
8200,1,1,70.631,-15.379,6.57,-1.43,6.57,-1.44,INF,-1,1,7,0
8220,1,1,66.615,-9.892,6.20,-0.92,6.20,-0.92,INF,-1,0,7,0
8240,1,1,65.881,-16.821,6.13,-1.56,6.13,-1.57,INF,-1,0,7,0
8260,1,1,64.466,-8.991,6.00,-0.84,6.00,-0.84,INF,-1,0,7,0
8280,1,1,60.782,-12.549,5.66,-1.17,5.66,-1.17,INF,-1,0,7,0
8300,1,1,72.607,-18.654,6.75,-1.73,6.75,-1.74,INF,-1,0,7,0
8320,1,1,59.571,-4.949,5.55,-0.46,5.55,-0.46,INF,-1,0,7,0
8340,1,1,63.631,-4.864,5.93,-0.45,5.93,-0.45,INF,-1,0,7,0
8360,1,1,61.807,-13.956,5.76,-1.30,5.76,-1.30,INF,-1,0,7,0
8380,1,1,72.123,-16.668,6.71,-1.55,6.71,-1.56,INF,-1,0,7,0
8400,1,1,64.435,-6.487,6.00,-0.60,6.00,-0.61,INF,-1,0,7,0
8420,1,1,69.025,-14.568,6.42,-1.35,6.42,-1.36,INF,-1,0,7,0
8440,1,1,57.437,-8.970,5.35,-0.83,5.35,-0.84,INF,-1,0,7,0
8460,1,1,72.892,-16.187,6.78,-1.50,6.78,-1.51,INF,-1,1,7,0
8480,1,1,79.078,-21.320,7.35,-1.98,7.35,-1.99,INF,-1,1,7,0
8500,1,1,61.562,-16.373,5.73,-1.52,5.73,-1.53,INF,-1,1,7,0
8520,1,1,73.493,-20.035,6.84,-1.86,6.83,-1.87,INF,-1,1,7,0
8540,1,1,60.060,-15.235,5.60,-1.42,5.59,-1.42,INF,-1,1,7,0
8560,1,1,64.708,-12.483,6.03,-1.16,6.02,-1.17,INF,-1,1,7,0
8580,1,1,65.116,-17.051,6.06,-1.58,6.06,-1.59,INF,-1,1,7,0
8600,1,1,62.849,-21.116,5.85,-1.96,5.85,-1.97,INF,-1,1,7,0
8620,1,1,73.505,-15.458,6.84,-1.43,6.84,-1.44,INF,-1,1,7,0
8640,1,1,59.475,-14.519,5.54,-1.35,5.54,-1.36,INF,-1,1,7,0
8660,1,1,59.829,-15.491,5.57,-1.44,5.57,-1.45,INF,-1,1,7,0
8680,1,1,64.962,-4.407,6.05,-0.41,6.05,-0.41,INF,-1,1,7,0
8700,1,1,64.765,-17.193,6.03,-1.60,6.03,-1.61,INF,-1,1,7,0
8720,1,1,63.740,-14.665,5.94,-1.36,5.93,-1.37,INF,-1,1,7,0
8740,1,1,60.462,-33.550,5.63,-3.12,5.62,-3.13,INF,-1,1,7,0
8760,1,1,51.673,-22.275,4.82,-2.07,4.82,-2.08,INF,-1,1,7,0
8780,1,1,55.359,-28.615,5.16,-2.66,5.15,-2.67,INF,-1,0,7,0
8800,1,1,53.351,-30.633,4.97,-2.85,4.97,-2.86,INF,-1,0,7,0
8820,1,1,52.577,-28.383,4.90,-2.64,4.90,-2.65,INF,-1,0,7,0
8840,1,1,40.146,-30.107,3.75,-2.81,3.74,-2.81,INF,-1,0,7,0
8860,1,1,54.266,-33.474,5.06,-3.11,5.05,-3.13,INF,-1,0,7,0
8880,1,1,49.124,-28.870,4.58,-2.69,4.58,-2.70,INF,-1,0,7,0
8900,1,1,52.088,-19.813,4.86,-1.84,4.85,-1.85,INF,-1,0,7,0
8920,1,1,42.492,-25.162,3.97,-2.34,3.96,-2.35,INF,-1,0,7,0
8940,1,1,43.776,-20.149,4.08,-1.88,4.08,-1.88,INF,-1,0,7,0
8960,1,1,48.262,-33.043,4.50,-3.08,4.50,-3.09,INF,-1,0,7,0
8980,1,1,48.975,-29.356,4.57,-2.73,4.56,-2.74,INF,-1,0,7,0
9000,1,1,52.396,-35.340,4.89,-3.29,4.88,-3.30,INF,-1,0,7,0
9020,1,1,54.729,-29.482,5.10,-2.74,5.10,-2.75,INF,-1,0,7,0
9040,1,1,58.466,-38.792,5.45,-3.60,5.44,-3.62,INF,-1,1,7,0
9060,1,1,50.673,-25.310,4.73,-2.36,4.72,-2.36,INF,-1,1,7,0
9080,1,1,54.721,-26.696,5.10,-2.48,5.10,-2.49,INF,-1,1,7,0
9100,1,1,46.970,-29.481,4.38,-2.75,4.38,-2.75,INF,-1,1,7,0
9120,1,1,50.285,-33.203,4.69,-3.09,4.68,-3.10,INF,-1,1,7,0
9140,1,1,46.846,-27.377,4.37,-2.55,4.37,-2.56,INF,-1,1,7,0
9160,1,1,28.784,-23.505,2.69,-2.19,2.69,-2.20,INF,-1,1,7,0
9180,1,1,23.216,-26.412,2.17,-2.47,2.17,-2.47,INF,-1,1,7,0
9200,1,1,28.617,-32.595,2.67,-3.04,2.67,-3.04,INF,-1,0,7,0
9220,1,1,27.379,-32.437,2.56,-3.03,2.55,-3.03,INF,-1,0,7,0
9240,1,1,19.138,-34.973,1.79,-3.26,1.79,-3.27,INF,-1,0,7,0
9260,1,1,23.790,-27.222,2.22,-2.54,2.22,-2.54,INF,-1,0,7,0
9280,1,1,14.174,-30.297,1.32,-2.83,1.32,-2.83,INF,-1,0,7,0
9300,1,1,28.795,-28.651,2.69,-2.67,2.69,-2.68,INF,-1,0,7,0
9320,1,1,30.675,-28.081,2.86,-2.62,2.86,-2.62,INF,-1,0,7,0
9340,1,1,27.496,-30.566,2.57,-2.85,2.57,-2.85,INF,-1,0,7,0
9360,1,1,20.831,-21.144,1.95,-1.97,1.95,-1.98,INF,-1,0,7,0
9380,1,1,28.023,-28.848,2.62,-2.69,2.61,-2.69,INF,-1,0,7,0
9400,1,1,22.239,-25.905,2.08,-2.42,2.08,-2.42,INF,-1,0,7,0
9420,1,1,22.002,-29.494,2.06,-2.75,2.05,-2.75,INF,-1,0,7,0
9440,1,1,33.901,-29.335,3.17,-2.74,3.16,-2.74,INF,-1,1,7,0
9460,1,1,40.275,-28.285,3.76,-2.64,3.76,-2.64,INF,-1,1,7,0
9480,1,1,43.544,-29.478,4.06,-2.75,4.06,-2.75,INF,-1,1,7,0
9500,1,1,38.355,-27.086,3.58,-2.53,3.58,-2.53,INF,-1,0,7,0
9520,1,1,31.654,-21.575,2.96,-2.01,2.95,-2.02,INF,-1,0,7,0
9540,1,1,33.927,-21.058,3.17,-1.96,3.17,-1.97,INF,-1,0,7,0
9560,1,1,49.085,-29.169,4.58,-2.72,4.57,-2.72,INF,-1,0,7,0
9580,1,1,47.406,-26.795,4.42,-2.50,4.42,-2.50,INF,-1,0,7,0
9600,1,1,55.940,-32.793,5.21,-3.05,5.21,-3.06,INF,-1,0,7,0
9620,1,1,44.415,-22.515,4.14,-2.10,4.14,-2.10,INF,-1,0,7,0
9640,1,1,37.834,-16.700,3.53,-1.56,3.53,-1.56,INF,-1,0,7,0
9660,1,1,49.068,-29.008,4.58,-2.70,4.57,-2.71,INF,-1,0,7,0
9680,1,1,47.947,-31.829,4.47,-2.96,4.47,-2.97,INF,-1,0,7,0
9700,1,1,36.734,-25.174,3.43,-2.35,3.43,-2.35,INF,-1,0,7,0
9720,1,1,45.148,-26.437,4.21,-2.46,4.21,-2.47,INF,-1,0,7,0
9740,1,1,58.658,-19.907,5.47,-1.85,5.46,-1.86,INF,-1,1,7,0
9760,1,1,48.909,-20.614,4.56,-1.92,4.56,-1.93,INF,-1,1,7,0
9780,1,1,48.143,-20.789,4.49,-1.94,4.49,-1.94,INF,-1,1,7,0
9800,1,1,51.735,-17.920,4.82,-1.67,4.82,-1.67,INF,-1,1,7,0
9820,1,1,54.786,-18.003,5.11,-1.68,5.11,-1.68,INF,-1,1,7,0
9840,1,1,57.597,-22.336,5.37,-2.08,5.36,-2.09,INF,-1,0,7,0
9860,1,1,56.888,-21.127,5.30,-1.97,5.30,-1.97,INF,-1,0,7,0
9880,1,1,52.630,-20.345,4.91,-1.89,4.90,-1.90,INF,-1,0,7,0
9900,1,1,54.136,-14.825,5.05,-1.38,5.05,-1.39,INF,-1,0,7,0
9920,1,1,51.092,-14.711,4.76,-1.37,4.76,-1.37,INF,-1,0,7,0
9940,1,1,53.688,-11.473,5.01,-1.07,5.00,-1.07,INF,-1,0,7,0
9960,1,1,55.993,-29.181,5.22,-2.71,5.21,-2.73,INF,-1,0,7,0
9980,1,1,54.305,-17.265,5.06,-1.61,5.06,-1.61,INF,-1,0,7,0
10000,1,1,50.691,-11.979,4.73,-1.12,4.73,-1.12,INF,-1,0,7,0
10020,1,1,48.651,-28.635,4.54,-2.67,4.53,-2.67,INF,-1,0,7,0
10040,1,1,48.025,-23.865,4.48,-2.22,4.48,-2.23,INF,-1,0,7,0
10060,1,1,52.222,-20.252,4.87,-1.89,4.87,-1.89,INF,-1,0,7,0
10080,1,1,46.261,-18.011,4.32,-1.68,4.31,-1.68,INF,-1,1,7,0
10100,1,1,58.220,-15.920,5.43,-1.48,5.42,-1.49,INF,-1,1,7,0
10120,1,1,54.315,-22.776,5.06,-2.12,5.06,-2.13,INF,-1,1,7,0
10140,1,1,44.917,-15.602,4.19,-1.45,4.19,-1.46,INF,-1,1,7,0
10160,1,1,45.885,-18.681,4.28,-1.74,4.28,-1.75,INF,-1,1,7,0
10180,1,1,50.010,-20.679,4.66,-1.93,4.66,-1.93,INF,-1,1,7,0
10200,1,1,56.607,-19.238,5.28,-1.79,5.27,-1.80,INF,-1,1,7,0
10220,1,1,45.849,-15.964,4.28,-1.49,4.28,-1.49,INF,-1,1,7,0
10240,1,1,55.949,-18.003,5.21,-1.68,5.21,-1.68,INF,-1,1,7,0
10260,1,1,50.801,-22.670,4.74,-2.11,4.73,-2.12,INF,-1,1,7,0
10280,1,1,47.226,-17.852,4.41,-1.66,4.40,-1.67,INF,-1,1,7,0
10300,1,1,58.686,-23.430,5.47,-2.18,5.46,-2.19,INF,-1,1,7,0
10320,1,1,62.609,-22.521,5.83,-2.09,5.83,-2.10,INF,-1,1,7,0
10340,1,1,48.885,-16.861,4.56,-1.57,4.56,-1.58,INF,-1,1,7,0
10360,1,1,55.804,-21.039,5.20,-1.96,5.20,-1.97,INF,-1,1,7,0
10380,1,1,52.496,-13.977,4.89,-1.30,4.89,-1.31,INF,-1,1,7,0
10400,1,1,57.038,-15.729,5.32,-1.46,5.31,-1.47,INF,-1,1,7,0
10420,1,1,60.597,-22.399,5.65,-2.08,5.64,-2.09,INF,-1,1,7,0
10440,1,1,62.957,-22.572,5.86,-2.10,5.86,-2.11,INF,-1,1,7,0
10460,1,1,60.564,-17.641,5.64,-1.64,5.64,-1.65,INF,-1,1,7,0
10480,1,1,56.723,-13.742,5.29,-1.28,5.29,-1.28,INF,-1,1,7,0
10500,1,1,52.922,-16.146,4.93,-1.50,4.93,-1.51,INF,-1,1,7,0
10520,1,1,57.098,-10.170,5.32,-0.95,5.32,-0.95,INF,-1,1,7,0
10540,1,1,62.320,-20.458,5.80,-1.90,5.80,-1.91,INF,-1,1,7,0
10560,1,1,58.020,-20.577,5.41,-1.91,5.40,-1.92,INF,-1,1,7,0
10580,1,1,52.385,-14.405,4.88,-1.34,4.88,-1.35,INF,-1,1,7,0
10600,1,1,64.480,-19.387,6.00,-1.80,6.00,-1.81,INF,-1,1,7,0
10620,1,1,55.802,-10.048,5.20,-0.94,5.20,-0.94,INF,-1,1,7,0
10640,1,1,65.472,-15.640,6.10,-1.45,6.09,-1.46,INF,-1,1,7,0
10660,1,1,51.503,-16.449,4.80,-1.53,4.80,-1.54,INF,-1,1,7,0
10680,1,1,51.397,-13.451,4.79,-1.25,4.79,-1.26,INF,-1,1,7,0
10700,1,1,47.878,-10.002,4.47,-0.93,4.47,-0.93,INF,-1,1,7,0
10720,1,1,59.998,-12.311,5.59,-1.15,5.59,-1.15,INF,-1,1,7,0
10740,1,1,55.820,-11.582,5.20,-1.08,5.20,-1.08,INF,-1,1,7,0
10760,1,1,52.535,-12.554,4.90,-1.17,4.90,-1.17,INF,-1,1,7,0
10780,1,1,58.462,-6.055,5.45,-0.56,5.45,-0.57,INF,-1,1,7,0
10800,1,1,49.259,-9.455,4.59,-0.88,4.59,-0.88,INF,-1,1,7,0
10820,1,1,56.199,-10.433,5.24,-0.97,5.24,-0.98,INF,-1,1,7,0
10840,1,1,44.121,-3.045,4.12,-0.28,4.12,-0.28,INF,-1,1,7,0
10860,1,1,53.225,-13.633,4.96,-1.27,4.96,-1.27,INF,-1,1,7,0
10880,1,1,49.514,-21.271,4.62,-1.98,4.62,-1.99,INF,-1,1,7,0
10900,1,1,55.244,-29.609,5.15,-2.75,5.14,-2.77,INF,-1,1,7,0
10920,1,1,57.522,-22.966,5.36,-2.14,5.36,-2.15,INF,-1,1,7,0
10940,1,1,44.623,-22.557,4.16,-2.10,4.16,-2.11,INF,-1,1,7,0
10960,1,1,53.633,-19.774,5.00,-1.84,5.00,-1.85,INF,-1,1,7,0
10980,1,1,51.006,-21.199,4.76,-1.97,4.75,-1.98,INF,-1,1,7,0
11000,1,1,46.242,-18.486,4.31,-1.72,4.31,-1.73,INF,-1,1,7,0
11020,1,1,52.139,-21.457,4.86,-2.00,4.86,-2.00,INF,-1,1,7,0
11040,1,1,44.847,-19.585,4.18,-1.83,4.18,-1.83,INF,-1,1,7,0
11060,1,1,33.187,-26.074,3.10,-2.43,3.10,-2.44,INF,-1,1,7,0
11080,1,1,26.914,-26.592,2.51,-2.48,2.51,-2.48,INF,-1,1,7,0
11100,1,1,15.852,-31.651,1.48,-2.95,1.48,-2.96,INF,-1,0,7,0
11120,1,1,11.275,-23.199,1.05,-2.17,1.05,-2.17,INF,-1,0,7,0
11140,1,1,23.476,-28.102,2.19,-2.62,2.19,-2.62,INF,-1,0,7,0
11160,1,1,16.546,-24.146,1.55,-2.25,1.54,-2.26,INF,-1,0,7,0
11180,1,1,26.375,-36.423,2.46,-3.40,2.46,-3.40,INF,-1,0,7,0
11200,1,1,14.913,-25.346,1.39,-2.37,1.39,-2.37,INF,-1,0,7,0
11220,1,1,15.881,-30.848,1.48,-2.88,1.48,-2.88,INF,-1,0,7,0
11240,1,1,13.806,-26.644,1.29,-2.49,1.29,-2.49,INF,-1,0,7,0
11260,1,1,14.004,-23.076,1.31,-2.16,1.31,-2.16,INF,-1,0,7,0
11280,1,1,19.245,-31.370,1.80,-2.93,1.80,-2.93,INF,-1,0,7,0
11300,1,1,15.691,-25.536,1.47,-2.38,1.47,-2.39,INF,-1,0,7,0
11320,1,1,14.629,-19.942,1.37,-1.86,1.37,-1.86,INF,-1,0,7,0
11340,1,1,17.210,-29.895,1.61,-2.79,1.61,-2.79,INF,-1,0,7,0
11360,1,1,20.881,-27.305,1.95,-2.55,1.95,-2.55,INF,-1,1,7,0
11380,1,1,14.235,-22.694,1.33,-2.12,1.33,-2.12,INF,-1,1,7,0
11400,1,1,10.206,-24.336,0.95,-2.27,0.95,-2.27,INF,-1,1,7,0
11420,1,1,-1.488,-22.778,-0.14,-2.13,-0.14,-2.13,INF,-1,1,7,0
11440,1,1,6.247,-35.244,0.58,-3.29,0.58,-3.29,INF,-1,1,7,0
11460,1,1,2.183,-33.289,0.20,-3.11,0.20,-3.11,INF,-1,0,7,0
11480,1,1,4.593,-25.977,0.43,-2.43,0.43,-2.43,INF,-1,0,7,0
11500,1,1,5.630,-29.084,0.53,-2.72,0.53,-2.72,INF,-1,0,7,0
11520,1,1,6.141,-36.533,0.57,-3.41,0.57,-3.41,INF,-1,0,7,0
11540,1,1,3.332,-31.399,0.31,-2.93,0.31,-2.93,INF,-1,0,7,0
11560,1,1,-1.764,-23.627,-0.16,-2.21,-0.16,-2.21,INF,-1,0,7,0
11580,1,1,12.219,-42.416,1.14,-3.96,1.14,-3.96,INF,-1,0,7,0
11600,1,1,4.214,-28.643,0.39,-2.68,0.39,-2.68,INF,-1,0,7,0
11620,1,1,-0.763,-29.057,-0.07,-2.71,-0.07,-2.71,INF,-1,0,7,0
11640,1,1,23.976,-38.963,2.24,-3.63,2.24,-3.64,INF,-1,0,7,0
11660,1,1,2.377,-23.408,0.22,-2.19,0.22,-2.19,INF,-1,0,7,0
11680,1,1,4.108,-28.536,0.38,-2.67,0.38,-2.67,INF,-1,0,7,0
11700,1,1,6.352,-34.468,0.59,-3.22,0.59,-3.22,INF,-1,0,7,0
11720,1,1,1.790,-29.223,0.17,-2.73,0.17,-2.73,INF,-1,1,7,0
11740,1,1,-0.193,-31.604,-0.02,-2.95,-0.02,-2.95,INF,-1,1,7,0
11760,1,1,3.908,-31.041,0.37,-2.90,0.36,-2.90,INF,-1,1,7,0
11780,1,1,2.017,-37.727,0.19,-3.52,0.19,-3.52,INF,-1,1,7,0
11800,1,1,10.324,-33.334,0.96,-3.11,0.96,-3.11,INF,-1,1,7,0
11820,1,1,0.530,-27.914,0.05,-2.61,0.05,-2.61,INF,-1,1,7,0
11840,1,1,4.851,-31.548,0.45,-2.95,0.45,-2.95,INF,-1,1,7,0
11860,1,1,8.790,-32.866,0.82,-3.07,0.82,-3.07,INF,-1,1,7,0
11880,1,1,5.376,-34.748,0.50,-3.24,0.50,-3.24,INF,-1,1,7,0
11900,1,1,-1.606,-34.654,-0.15,-3.24,-0.15,-3.24,INF,-1,1,7,0
11920,1,1,8.970,-30.255,0.84,-2.83,0.84,-2.83,INF,-1,1,7,0
11940,1,1,0.394,-31.986,0.04,-2.99,0.04,-2.99,INF,-1,1,7,0
11960,1,1,4.655,-33.647,0.44,-3.14,0.43,-3.14,INF,-1,1,7,0
11980,1,1,4.943,-46.528,0.46,-4.34,0.46,-4.34,INF,-1,1,7,0
12000,1,1,-2.361,-35.804,-0.22,-3.34,-0.22,-3.34,INF,-1,1,7,0
12020,1,1,1.113,-32.991,0.10,-3.08,0.10,-3.08,INF,-1,1,7,0
12040,1,1,2.346,-24.870,0.22,-2.32,0.22,-2.32,INF,-1,1,7,0
12060,1,1,-2.287,-31.791,-0.21,-2.97,-0.21,-2.97,INF,-1,1,7,0
12080,1,1,8.886,-45.129,0.83,-4.21,0.83,-4.21,INF,-1,1,7,0
12100,1,1,3.641,-25.908,0.34,-2.42,0.34,-2.42,INF,-1,1,7,0
12120,1,1,5.044,-30.987,0.47,-2.89,0.47,-2.89,INF,-1,1,7,0
12140,1,1,2.207,-32.554,0.21,-3.04,0.21,-3.04,INF,-1,1,7,0
12160,1,1,-3.429,-34.679,-0.32,-3.24,-0.32,-3.24,INF,-1,1,7,0
12180,1,1,-1.225,-31.610,-0.11,-2.95,-0.11,-2.95,INF,-1,1,7,0
12200,1,1,6.258,-35.210,0.58,-3.29,0.58,-3.29,INF,-1,1,7,0
12220,1,1,7.261,-47.372,0.68,-4.42,0.68,-4.42,INF,-1,1,7,0
12240,1,1,2.383,-38.890,0.22,-3.63,0.22,-3.63,INF,-1,1,7,0
12260,1,1,2.210,-38.281,0.21,-3.57,0.21,-3.57,INF,-1,1,7,0
12280,1,1,2.665,-33.843,0.25,-3.16,0.25,-3.16,INF,-1,1,7,0
12300,1,1,-2.911,-31.434,-0.27,-2.94,-0.27,-2.94,INF,-1,1,7,0
12320,1,1,5.271,-31.610,0.49,-2.95,0.49,-2.95,INF,-1,1,7,0
12340,1,1,5.252,-32.590,0.49,-3.04,0.49,-3.04,INF,-1,1,7,0
12360,1,1,3.641,-33.632,0.34,-3.14,0.34,-3.14,INF,-1,1,7,0
12380,1,1,5.510,-35.533,0.51,-3.32,0.51,-3.32,INF,-1,1,7,0
12400,1,1,8.252,-38.657,0.77,-3.61,0.77,-3.61,INF,-1,1,7,0
12420,1,1,11.932,-38.392,1.12,-3.58,1.11,-3.58,INF,-1,1,7,0
12440,1,1,7.165,-38.007,0.67,-3.55,0.67,-3.55,INF,-1,1,7,0
12460,1,1,13.139,-40.532,1.23,-3.78,1.23,-3.78,INF,-1,1,7,0
12480,1,1,12.049,-31.802,1.13,-2.97,1.12,-2.97,INF,-1,1,7,0
12500,1,1,0.450,-33.426,0.04,-3.12,0.04,-3.12,INF,-1,1,7,0
12520,1,1,1.158,-33.106,0.11,-3.09,0.11,-3.09,INF,-1,1,7,0
12540,1,1,2.286,-38.171,0.21,-3.56,0.21,-3.56,INF,-1,1,7,0
12560,1,1,0.045,-31.672,0.00,-2.96,0.00,-2.96,INF,-1,1,7,0
12580,1,1,4.608,-35.811,0.43,-3.34,0.43,-3.34,INF,-1,1,7,0
12600,1,1,4.644,-37.775,0.43,-3.53,0.43,-3.53,INF,-1,1,7,0
12620,1,1,1.645,-29.083,0.15,-2.72,0.15,-2.72,INF,-1,1,7,0
12640,1,1,12.375,-38.792,1.16,-3.62,1.15,-3.62,INF,-1,1,7,0
12660,1,1,-9.088,-40.946,-0.85,-3.82,-0.85,-3.82,INF,-1,1,7,0
12680,1,1,-39.049,-37.915,-3.64,-3.53,-3.64,-3.54,INF,-1,0,7,0
12700,1,1,-52.513,-34.413,-4.90,-3.20,-4.89,-3.21,INF,-1,0,7,0
12720,1,1,-44.200,-33.313,-4.12,-3.10,-4.12,-3.11,INF,-1,0,7,0
12740,1,1,-44.804,-45.321,-4.18,-4.22,-4.17,-4.23,INF,-1,0,7,0
12760,1,1,-38.497,-32.073,-3.59,-2.99,-3.59,-3.00,INF,-1,0,7,0
12780,1,1,-53.140,-35.298,-4.95,-3.28,-4.95,-3.30,INF,-1,0,7,0
12800,1,1,-38.850,-39.781,-3.63,-3.71,-3.62,-3.71,INF,-1,0,7,0
12820,1,1,-50.129,-35.012,-4.68,-3.26,-4.67,-3.27,INF,-1,0,7,0
12840,1,1,-44.027,-39.193,-4.11,-3.65,-4.10,-3.66,INF,-1,0,7,0
12860,1,1,-40.410,-44.298,-3.77,-4.12,-3.76,-4.13,INF,-1,0,7,0
12880,1,1,-48.795,-39.854,-4.55,-3.71,-4.54,-3.72,INF,-1,0,7,0
12900,1,1,-46.120,-36.972,-4.30,-3.44,-4.29,-3.45,INF,-1,0,7,0
12920,1,1,-54.527,-32.615,-5.08,-3.03,-5.08,-3.05,INF,-1,0,7,0
12940,1,1,-49.420,-43.258,-4.61,-4.02,-4.60,-4.04,INF,-1,0,7,0
12960,1,1,-45.710,-43.314,-4.26,-4.03,-4.25,-4.04,INF,-1,1,7,0
12980,1,1,-46.423,-32.090,-4.33,-2.99,-4.32,-3.00,INF,-1,1,7,0
13000,1,1,-48.487,-34.229,-4.52,-3.19,-4.52,-3.20,INF,-1,1,7,0
13020,1,1,-52.945,-31.837,-4.94,-2.96,-4.93,-2.97,INF,-1,1,7,0
13040,1,1,-54.035,-30.826,-5.04,-2.87,-5.03,-2.88,INF,-1,1,7,0
13060,1,1,-50.500,-31.307,-4.71,-2.91,-4.70,-2.92,INF,-1,1,7,0
13080,1,1,-47.236,-31.989,-4.41,-2.98,-4.40,-2.99,INF,-1,1,7,0
13100,1,1,-47.872,-28.297,-4.47,-2.63,-4.46,-2.64,INF,-1,1,7,0
13120,1,1,-50.931,-37.519,-4.75,-3.49,-4.74,-3.50,INF,-1,1,7,0
13140,1,1,-42.675,-36.562,-3.98,-3.41,-3.98,-3.41,INF,-1,1,7,0
13160,1,1,-54.731,-34.863,-5.10,-3.24,-5.09,-3.26,INF,-1,1,7,0
13180,1,1,-50.943,-29.837,-4.75,-2.78,-4.75,-2.79,INF,-1,1,7,0
13200,1,1,-63.878,-27.853,-5.95,-2.59,-5.94,-2.60,INF,-1,1,7,0
13220,1,1,-42.614,-29.382,-3.98,-2.74,-3.97,-2.74,INF,-1,1,7,0
13240,1,1,-57.372,-27.938,-5.35,-2.60,-5.34,-2.61,INF,-1,1,7,0
13260,1,1,-49.122,-33.448,-4.58,-3.11,-4.57,-3.12,INF,-1,1,7,0
13280,1,1,-49.379,-36.515,-4.61,-3.40,-4.60,-3.41,INF,-1,1,7,0
13300,1,1,-49.291,-29.807,-4.60,-2.77,-4.59,-2.78,INF,-1,1,7,0
13320,1,1,-43.560,-28.680,-4.06,-2.67,-4.06,-2.68,INF,-1,1,7,0
13340,1,1,-51.968,-38.095,-4.85,-3.54,-4.84,-3.56,INF,-1,1,7,0
13360,1,1,-45.654,-34.095,-4.26,-3.17,-4.25,-3.18,INF,-1,1,7,0
13380,1,1,-49.199,-35.174,-4.59,-3.27,-4.58,-3.28,INF,-1,1,7,0
13400,1,1,-45.643,-34.258,-4.26,-3.19,-4.25,-3.20,INF,-1,1,7,0
13420,1,1,-41.995,-36.956,-3.92,-3.44,-3.91,-3.45,INF,-1,1,7,0
13440,1,1,-48.015,-37.853,-4.48,-3.52,-4.47,-3.53,INF,-1,1,7,0
13460,1,1,-44.831,-32.796,-4.18,-3.05,-4.18,-3.06,INF,-1,1,7,0
13480,1,1,-47.339,-30.411,-4.42,-2.83,-4.41,-2.84,INF,-1,1,7,0
13500,1,1,-47.912,-35.699,-4.47,-3.32,-4.46,-3.33,INF,-1,1,7,0
13520,1,1,-41.488,-31.997,-3.87,-2.98,-3.87,-2.99,INF,-1,1,7,0
13540,1,1,-43.090,-31.973,-4.02,-2.98,-4.02,-2.99,INF,-1,1,7,0
13560,1,1,-46.911,-37.023,-4.38,-3.45,-4.37,-3.46,INF,-1,1,7,0
13580,1,1,-42.936,-32.402,-4.01,-3.02,-4.00,-3.03,INF,-1,1,7,0
13600,1,1,-32.947,-46.732,-3.08,-4.35,-3.07,-4.36,INF,-1,1,7,0
13620,1,1,-51.362,-28.357,-4.79,-2.64,-4.78,-2.65,INF,-1,1,7,0
13640,1,1,-52.722,-30.494,-4.92,-2.84,-4.91,-2.85,INF,-1,0,7,0
13660,1,1,-50.058,-26.414,-4.67,-2.46,-4.66,-2.47,INF,-1,0,7,0
13680,1,1,-47.237,-32.067,-4.41,-2.99,-4.40,-2.99,INF,-1,0,7,0
13700,1,1,-42.084,-37.153,-3.93,-3.46,-3.92,-3.47,INF,-1,0,7,0
13720,1,1,-38.118,-37.898,-3.56,-3.53,-3.55,-3.54,INF,-1,0,7,0
13740,1,1,-48.891,-35.765,-4.56,-3.33,-4.55,-3.34,INF,-1,0,7,0
13760,1,1,-38.472,-32.913,-3.59,-3.07,-3.59,-3.07,INF,-1,0,7,0
13780,1,1,-44.835,-35.725,-4.18,-3.33,-4.18,-3.34,INF,-1,0,7,0
13800,1,1,-33.478,-33.595,-3.13,-3.13,-3.12,-3.14,INF,-1,0,7,0
13820,1,1,-39.236,-34.904,-3.66,-3.25,-3.66,-3.26,INF,-1,0,7,0
13840,1,1,-38.367,-28.946,-3.58,-2.70,-3.58,-2.70,INF,-1,0,7,0
13860,1,1,-43.298,-29.606,-4.04,-2.76,-4.04,-2.77,INF,-1,0,7,0
13880,1,1,-31.796,-34.007,-2.97,-3.17,-2.96,-3.18,INF,-1,0,7,0
13900,1,1,-44.544,-29.328,-4.16,-2.73,-4.15,-2.74,INF,-1,1,7,0
13920,1,1,-41.390,-34.265,-3.86,-3.19,-3.86,-3.20,INF,-1,1,7,0
13940,1,1,-30.344,-39.464,-2.83,-3.68,-2.83,-3.68,INF,-1,1,7,0
13960,1,1,-52.391,-29.299,-4.89,-2.73,-4.88,-2.74,INF,-1,1,7,0
13980,1,1,-36.014,-35.760,-3.36,-3.33,-3.36,-3.34,INF,-1,1,7,0
14000,1,1,-47.804,-39.267,-4.46,-3.65,-4.45,-3.67,INF,-1,1,7,0
14020,1,1,-46.720,-44.280,-4.36,-4.12,-4.35,-4.13,INF,-1,1,7,0
14040,1,1,-50.040,-32.209,-4.67,-3.00,-4.66,-3.01,INF,-1,1,7,0
14060,1,1,-43.457,-32.919,-4.06,-3.07,-4.05,-3.07,INF,-1,1,7,0
14080,1,1,-48.466,-36.547,-4.52,-3.40,-4.51,-3.41,INF,-1,1,7,0
14100,1,1,-50.403,-29.814,-4.70,-2.78,-4.69,-2.78,INF,-1,1,7,0
14120,1,1,-49.071,-34.703,-4.58,-3.23,-4.57,-3.24,INF,-1,1,7,0
14140,1,1,-47.686,-33.022,-4.45,-3.07,-4.44,-3.08,INF,-1,1,7,0
14160,1,1,-53.902,-37.599,-5.03,-3.50,-5.02,-3.51,INF,-1,1,7,0
14180,1,1,-35.433,-48.842,-3.31,-4.55,-3.30,-4.56,INF,-1,1,7,0
14200,1,1,-41.996,-38.780,-3.92,-3.61,-3.91,-3.62,INF,-1,1,7,0
14220,1,1,-48.761,-34.465,-4.55,-3.21,-4.54,-3.22,INF,-1,1,7,0
14240,1,1,-51.469,-30.207,-4.80,-2.81,-4.79,-2.82,INF,-1,1,7,0
14260,1,1,-47.062,-35.583,-4.39,-3.31,-4.38,-3.32,INF,-1,1,7,0
14280,1,1,-43.472,-35.751,-4.06,-3.33,-4.05,-3.34,INF,-1,1,7,0
14300,1,1,-41.720,-42.536,-3.89,-3.96,-3.88,-3.97,INF,-1,1,7,0
14320,1,1,-54.439,-30.977,-5.07,-2.88,-5.07,-2.89,INF,-1,1,7,0
14340,1,1,-48.931,-28.810,-4.56,-2.68,-4.56,-2.69,INF,-1,1,7,0
14360,1,1,-53.600,-28.518,-5.00,-2.65,-4.99,-2.66,INF,-1,1,7,0
14380,1,1,-55.463,-27.741,-5.17,-2.58,-5.16,-2.59,INF,-1,1,7,0
14400,1,1,-50.383,-26.108,-4.70,-2.43,-4.69,-2.44,INF,-1,1,7,0
14420,1,1,-54.742,-32.279,-5.10,-3.00,-5.10,-3.01,INF,-1,1,7,0
14440,1,1,-46.537,-29.699,-4.34,-2.77,-4.34,-2.77,INF,-1,1,7,0
14460,1,1,-45.737,-34.270,-4.27,-3.19,-4.26,-3.20,INF,-1,1,7,0
14480,1,1,-44.767,-33.057,-4.18,-3.08,-4.17,-3.09,INF,-1,1,7,0
14500,1,1,-41.595,-35.039,-3.88,-3.26,-3.88,-3.27,INF,-1,1,7,0
14520,1,1,-49.784,-30.261,-4.64,-2.82,-4.64,-2.83,INF,-1,1,7,0
14540,1,1,-48.557,-27.690,-4.53,-2.58,-4.52,-2.59,INF,-1,1,7,0
14560,1,1,-49.089,-28.983,-4.58,-2.70,-4.57,-2.71,INF,-1,1,7,0
14580,1,1,-42.099,-37.555,-3.93,-3.50,-3.92,-3.51,INF,-1,1,7,0
14600,1,1,-51.229,-31.607,-4.78,-2.94,-4.77,-2.95,INF,-1,1,7,0
14620,1,1,-50.120,-35.249,-4.67,-3.28,-4.67,-3.29,INF,-1,1,7,0
14640,1,1,-70.518,-17.776,-6.56,-1.65,-6.56,-1.66,INF,-1,1,7,0
14660,1,1,-63.482,-22.334,-5.91,-2.08,-5.91,-2.09,INF,-1,1,7,0
14680,1,1,-70.615,-20.107,-6.57,-1.87,-6.57,-1.88,INF,-1,0,7,0
14700,1,1,-71.790,-23.734,-6.68,-2.20,-6.67,-2.22,INF,-1,0,7,0
14720,1,1,-64.438,-24.477,-6.00,-2.27,-6.00,-2.29,INF,-1,0,7,0
14740,1,1,-56.250,-29.856,-5.24,-2.78,-5.24,-2.79,INF,-1,0,7,0
14760,1,1,-74.223,-24.724,-6.90,-2.29,-6.90,-2.31,INF,-1,0,7,0
14780,1,1,-64.276,-29.664,-5.99,-2.76,-5.98,-2.77,INF,-1,0,7,0
14800,1,1,-68.287,-30.385,-6.36,-2.82,-6.35,-2.84,INF,-1,0,7,0
14820,1,1,-60.710,-30.782,-5.66,-2.86,-5.65,-2.87,INF,-1,0,7,0
14840,1,1,-60.491,-20.283,-5.64,-1.89,-5.63,-1.90,INF,-1,0,7,0
14860,1,1,-68.119,-24.373,-6.34,-2.26,-6.34,-2.28,INF,-1,0,7,0
14880,1,1,-69.796,-23.652,-6.50,-2.20,-6.49,-2.21,INF,-1,0,7,0
14900,1,1,-62.312,-23.316,-5.80,-2.17,-5.80,-2.18,INF,-1,0,7,0
14920,1,1,-61.391,-28.846,-5.72,-2.68,-5.71,-2.69,INF,-1,1,7,0
14940,1,1,-54.101,-31.219,-5.04,-2.90,-5.04,-2.92,INF,-1,1,7,0
14960,1,1,-56.813,-28.593,-5.30,-2.66,-5.29,-2.67,INF,-1,1,7,0
