"EyeTracker Toolbox version","3.250"
CalibrationParameters_A11,1.03918
CalibrationParameters_A12,0.02820
CalibrationParameters_A13,-0.00895
CalibrationParameters_A21,0.07453
CalibrationParameters_A22,-1.05437
CalibrationParameters_A23,0.03946
CalibrationParameters_A31,-0.00014
CalibrationParameters_A32,-0.00056
CalibrationParameters_E11,-0.18004
CalibrationParameters_E12,0.00006
CalibrationParameters_E21,0.00007
CalibrationParameters_E22,0.20001
CalibrationParameters_X,19.19226
CalibrationParameters_Y,14.45351
CalibrationParameters_Rpc,50.71648
CalibrationParameters_MeanX,150.04924
CalibrationParameters_MeanY,115.57009
CalibrationParameters_ViewDist,613.00000
TimeStamp,Tracked,Calibrated,ScreenPositionXmm,ScreenPositionYmm,FicksLongitude,FicksLatitude,HelmholtzAzimuth,HelmholtzElevation,PupilDiameter,Region,Fixation,DigitalIO,Dropped
0,1,1,11.608,24.171,1.08,2.26,1.08,2.26,INF,-1,0,7,0
20,1,1,12.620,21.981,1.18,2.05,1.18,2.05,INF,-1,0,7,0
40,1,1,11.001,22.747,1.03,2.12,1.03,2.13,INF,-1,0,7,0
60,1,1,0.461,14.853,0.04,1.39,0.04,1.39,INF,-1,0,7,0
80,1,1,-6.410,17.011,-0.60,1.59,-0.60,1.59,INF,-1,0,7,0
100,1,1,-6.346,13.698,-0.59,1.28,-0.59,1.28,INF,-1,0,7,0
120,1,1,-7.167,15.442,-0.67,1.44,-0.67,1.44,INF,-1,0,7,0
140,1,1,-8.353,15.949,-0.78,1.49,-0.78,1.49,INF,-1,0,7,0
160,1,1,-5.815,14.087,-0.54,1.32,-0.54,1.32,INF,-1,0,7,0
180,1,1,-4.864,14.059,-0.45,1.31,-0.45,1.31,INF,-1,0,7,0
200,1,1,-5.765,15.743,-0.54,1.47,-0.54,1.47,INF,-1,0,7,0
220,1,1,-5.977,14.269,-0.56,1.33,-0.56,1.33,INF,-1,0,7,0
240,1,1,-2.429,8.895,-0.23,0.83,-0.23,0.83,INF,-1,0,7,0
260,1,1,-2.492,6.514,-0.23,0.61,-0.23,0.61,INF,-1,0,7,0
280,1,1,-5.713,6.805,-0.53,0.64,-0.53,0.64,INF,-1,0,7,0
300,1,1,-0.665,6.556,-0.06,0.61,-0.06,0.61,INF,-1,0,7,0
320,1,1,-2.273,8.878,-0.21,0.83,-0.21,0.83,INF,-1,0,7,0
340,1,1,-2.841,6.309,-0.27,0.59,-0.27,0.59,INF,-1,1,7,0
360,1,1,-3.293,8.018,-0.31,0.75,-0.31,0.75,INF,-1,1,7,0
380,1,1,-1.554,6.145,-0.15,0.57,-0.15,0.57,INF,-1,1,7,0
400,1,1,-7.814,3.629,-0.73,0.34,-0.73,0.34,INF,-1,1,7,0
420,1,1,-9.841,3.032,-0.92,0.28,-0.92,0.28,INF,-1,1,7,0
440,1,1,-10.663,2.791,-1.00,0.26,-1.00,0.26,INF,-1,1,7,0
460,1,1,-9.667,0.160,-0.90,0.01,-0.90,0.01,INF,-1,0,7,0
480,1,1,-9.290,1.785,-0.87,0.17,-0.87,0.17,INF,-1,0,7,0
500,1,1,-11.030,3.619,-1.03,0.34,-1.03,0.34,INF,-1,0,7,0
520,1,1,-9.429,4.061,-0.88,0.38,-0.88,0.38,INF,-1,0,7,0
540,1,1,-13.179,3.945,-1.23,0.37,-1.23,0.37,INF,-1,0,7,0
560,1,1,-12.938,3.539,-1.21,0.33,-1.21,0.33,INF,-1,0,7,0
580,1,1,-4.391,2.526,-0.41,0.24,-0.41,0.24,INF,-1,0,7,0
600,1,1,-6.435,3.950,-0.60,0.37,-0.60,0.37,INF,-1,0,7,0
620,1,1,-4.499,3.891,-0.42,0.36,-0.42,0.36,INF,-1,0,7,0
640,1,1,-4.479,2.250,-0.42,0.21,-0.42,0.21,INF,-1,0,7,0
660,1,1,-2.423,2.729,-0.23,0.26,-0.23,0.26,INF,-1,0,7,0
680,1,1,-3.993,4.118,-0.37,0.38,-0.37,0.38,INF,-1,0,7,0
700,1,1,-1.687,1.387,-0.16,0.13,-0.16,0.13,INF,-1,1,7,0
720,1,1,-2.649,3.419,-0.25,0.32,-0.25,0.32,INF,-1,1,7,0
740,1,1,-2.784,3.322,-0.26,0.31,-0.26,0.31,INF,-1,1,7,0
760,1,1,-3.605,2.608,-0.34,0.24,-0.34,0.24,INF,-1,1,7,0
780,1,1,-2.084,3.514,-0.19,0.33,-0.19,0.33,INF,-1,1,7,0
800,1,1,-2.499,0.917,-0.23,0.09,-0.23,0.09,INF,-1,1,7,0
820,1,1,-2.989,3.726,-0.28,0.35,-0.28,0.35,INF,-1,1,7,0
840,1,1,-3.379,3.819,-0.32,0.36,-0.32,0.36,INF,-1,1,7,0
860,1,1,-3.073,3.723,-0.29,0.35,-0.29,0.35,INF,-1,1,7,0
880,1,1,-2.823,2.871,-0.26,0.27,-0.26,0.27,INF,-1,1,7,0
900,1,1,-3.417,3.471,-0.32,0.32,-0.32,0.32,INF,-1,1,7,0
920,1,1,-2.521,3.963,-0.24,0.37,-0.24,0.37,INF,-1,1,7,0
940,1,1,-1.081,2.772,-0.10,0.26,-0.10,0.26,INF,-1,1,7,0
960,1,1,-2.496,3.340,-0.23,0.31,-0.23,0.31,INF,-1,1,7,0
980,1,1,-2.419,1.297,-0.23,0.12,-0.23,0.12,INF,-1,1,7,0
1000,1,1,-0.403,3.646,-0.04,0.34,-0.04,0.34,INF,-1,1,7,0
1020,1,1,0.305,2.445,0.03,0.23,0.03,0.23,INF,-1,1,7,0
1040,1,1,-2.357,5.716,-0.22,0.53,-0.22,0.53,INF,-1,1,7,0
1060,1,1,10.750,1.246,1.00,0.12,1.00,0.12,INF,-1,1,7,0
1080,1,1,39.047,-2.938,3.64,-0.27,3.64,-0.27,INF,-1,1,7,0
1100,1,1,52.884,-2.413,4.93,-0.22,4.93,-0.23,INF,-1,0,7,0
1120,1,1,51.635,0.180,4.81,0.02,4.81,0.02,INF,-1,0,7,0
1140,1,1,52.775,-3.466,4.92,-0.32,4.92,-0.32,INF,-1,0,7,0
1160,1,1,49.563,-1.667,4.62,-0.16,4.62,-0.16,INF,-1,0,7,0
1180,1,1,52.588,-3.733,4.90,-0.35,4.90,-0.35,INF,-1,0,7,0
1200,1,1,49.465,-1.933,4.61,-0.18,4.61,-0.18,INF,-1,0,7,0
1220,1,1,50.063,-2.114,4.67,-0.20,4.67,-0.20,INF,-1,0,7,0
1240,1,1,51.124,-1.957,4.77,-0.18,4.77,-0.18,INF,-1,0,7,0
1260,1,1,49.134,-2.339,4.58,-0.22,4.58,-0.22,INF,-1,0,7,0
1280,1,1,49.949,-3.911,4.66,-0.36,4.66,-0.37,INF,-1,0,7,0
1300,1,1,49.414,-1.284,4.61,-0.12,4.61,-0.12,INF,-1,0,7,0
1320,1,1,49.954,-1.879,4.66,-0.18,4.66,-0.18,INF,-1,0,7,0
1340,1,1,2.125,-1.480,0.20,-0.14,0.20,-0.14,INF,-1,0,7,0
1360,1,1,-0.200,0.884,-0.02,0.08,-0.02,0.08,INF,-1,1,7,0
1380,1,1,-1.448,2.599,-0.14,0.24,-0.14,0.24,INF,-1,0,7,0
1400,1,1,1.534,3.563,0.14,0.33,0.14,0.33,INF,-1,0,7,0
1420,1,1,0.812,0.378,0.08,0.04,0.08,0.04,INF,-1,0,7,0
1440,1,1,1.322,0.597,0.12,0.06,0.12,0.06,INF,-1,0,7,0
1460,1,1,-0.330,1.471,-0.03,0.14,-0.03,0.14,INF,-1,0,7,0
1480,1,1,-2.178,3.071,-0.20,0.29,-0.20,0.29,INF,-1,0,7,0
1500,1,1,0.490,2.166,0.05,0.20,0.05,0.20,INF,-1,0,7,0
1520,1,1,-1.031,3.103,-0.10,0.29,-0.10,0.29,INF,-1,0,7,0
1540,1,1,-1.386,3.961,-0.13,0.37,-0.13,0.37,INF,-1,0,7,0
1560,1,1,-2.374,2.067,-0.22,0.19,-0.22,0.19,INF,-1,0,7,0
1580,1,1,-0.416,3.050,-0.04,0.29,-0.04,0.29,INF,-1,0,7,0
1600,1,1,0.407,1.361,0.04,0.13,0.04,0.13,INF,-1,0,7,0
1620,1,1,2.103,2.038,0.20,0.19,0.20,0.19,INF,-1,1,7,0
1640,1,1,-3.807,1.561,-0.36,0.15,-0.36,0.15,INF,-1,1,7,0
1660,1,1,-8.465,1.643,-0.79,0.15,-0.79,0.15,INF,-1,1,7,0
1680,1,1,-7.568,0.305,-0.71,0.03,-0.71,0.03,INF,-1,1,7,0
1700,1,1,-4.605,2.419,-0.43,0.23,-0.43,0.23,INF,-1,1,7,0
1720,1,1,-10.286,2.723,-0.96,0.25,-0.96,0.25,INF,-1,1,7,0
1740,1,1,-7.873,1.698,-0.74,0.16,-0.74,0.16,INF,-1,1,7,0
1760,1,1,-6.914,4.101,-0.65,0.38,-0.65,0.38,INF,-1,1,7,0
1780,1,1,-7.712,1.569,-0.72,0.15,-0.72,0.15,INF,-1,1,7,0
1800,1,1,-6.140,0.721,-0.57,0.07,-0.57,0.07,INF,-1,1,7,0
1820,1,1,-6.117,2.473,-0.57,0.23,-0.57,0.23,INF,-1,1,7,0
1840,1,1,-6.378,3.074,-0.60,0.29,-0.60,0.29,INF,-1,1,7,0
1860,1,1,-6.975,1.234,-0.65,0.12,-0.65,0.12,INF,-1,1,7,0
1880,1,1,-3.428,-0.966,-0.32,-0.09,-0.32,-0.09,INF,-1,1,7,0
1900,1,1,-4.529,-0.931,-0.42,-0.09,-0.42,-0.09,INF,-1,1,7,0
1920,1,1,-6.127,0.642,-0.57,0.06,-0.57,0.06,INF,-1,1,7,0
1940,1,1,-7.228,2.300,-0.68,0.21,-0.68,0.21,INF,-1,1,7,0
1960,1,1,-5.656,0.620,-0.53,0.06,-0.53,0.06,INF,-1,1,7,0
1980,1,1,-5.752,1.644,-0.54,0.15,-0.54,0.15,INF,-1,1,7,0
2000,1,1,-7.830,0.685,-0.73,0.06,-0.73,0.06,INF,-1,1,7,0
2020,1,1,-6.340,0.999,-0.59,0.09,-0.59,0.09,INF,-1,1,7,0
2040,1,1,-6.047,1.303,-0.57,0.12,-0.57,0.12,INF,-1,1,7,0
2060,1,1,-5.962,-0.318,-0.56,-0.03,-0.56,-0.03,INF,-1,1,7,0
2080,1,1,-5.787,0.091,-0.54,0.01,-0.54,0.01,INF,-1,1,7,0
2100,1,1,-5.871,3.021,-0.55,0.28,-0.55,0.28,INF,-1,1,7,0
2120,1,1,-8.151,2.138,-0.76,0.20,-0.76,0.20,INF,-1,1,7,0
2140,1,1,-13.118,1.085,-1.23,0.10,-1.23,0.10,INF,-1,1,7,0
2160,1,1,-12.644,2.383,-1.18,0.22,-1.18,0.22,INF,-1,1,7,0
2180,1,1,-10.887,-1.674,-1.02,-0.16,-1.02,-0.16,INF,-1,0,7,0
2200,1,1,-10.134,1.226,-0.95,0.11,-0.95,0.11,INF,-1,0,7,0
2220,1,1,-9.315,-1.760,-0.87,-0.16,-0.87,-0.16,INF,-1,0,7,0
2240,1,1,-11.208,-1.442,-1.05,-0.13,-1.05,-0.13,INF,-1,0,7,0
2260,1,1,-10.917,0.107,-1.02,0.01,-1.02,0.01,INF,-1,0,7,0
2280,1,1,-10.332,0.149,-0.97,0.01,-0.97,0.01,INF,-1,0,7,0
2300,1,1,-11.402,0.285,-1.07,0.03,-1.07,0.03,INF,-1,0,7,0
2320,1,1,-12.263,0.590,-1.15,0.06,-1.15,0.06,INF,-1,0,7,0
2340,1,1,-14.116,2.235,-1.32,0.21,-1.32,0.21,INF,-1,0,7,0
2360,1,1,-12.386,1.659,-1.16,0.16,-1.16,0.16,INF,-1,0,7,0
2380,1,1,-11.328,1.341,-1.06,0.13,-1.06,0.13,INF,-1,0,7,0
2400,1,1,-11.951,1.627,-1.12,0.15,-1.12,0.15,INF,-1,0,7,0
2420,1,1,-9.929,1.217,-0.93,0.11,-0.93,0.11,INF,-1,1,7,0
2440,1,1,-9.609,-0.905,-0.90,-0.08,-0.90,-0.08,INF,-1,1,7,0
2460,1,1,-11.519,-1.002,-1.08,-0.09,-1.08,-0.09,INF,-1,1,7,0
2480,1,1,-10.721,2.007,-1.00,0.19,-1.00,0.19,INF,-1,1,7,0
2500,1,1,-12.965,1.486,-1.21,0.14,-1.21,0.14,INF,-1,1,7,0
2520,1,1,-11.425,1.192,-1.07,0.11,-1.07,0.11,INF,-1,1,7,0
2540,1,1,-9.902,-0.641,-0.93,-0.06,-0.93,-0.06,INF,-1,1,7,0
2560,1,1,-3.648,1.193,-0.34,0.11,-0.34,0.11,INF,-1,1,7,0
2580,1,1,-4.365,0.897,-0.41,0.08,-0.41,0.08,INF,-1,1,7,0
2600,1,1,-4.673,0.686,-0.44,0.06,-0.44,0.06,INF,-1,1,7,0
2620,1,1,-3.273,-0.729,-0.31,-0.07,-0.31,-0.07,INF,-1,1,7,0
2640,1,1,-5.347,1.011,-0.50,0.09,-0.50,0.09,INF,-1,1,7,0
2660,1,1,-4.715,0.889,-0.44,0.08,-0.44,0.08,INF,-1,1,7,0
2680,1,1,-6.484,0.861,-0.61,0.08,-0.61,0.08,INF,-1,1,7,0
2700,1,1,-6.043,1.078,-0.56,0.10,-0.56,0.10,INF,-1,1,7,0
2720,1,1,-5.508,-2.085,-0.51,-0.19,-0.51,-0.19,INF,-1,1,7,0
2740,1,1,-5.347,-2.749,-0.50,-0.26,-0.50,-0.26,INF,-1,1,7,0
2760,1,1,-4.470,-0.061,-0.42,-0.01,-0.42,-0.01,INF,-1,1,7,0
2780,1,1,-3.703,-0.956,-0.35,-0.09,-0.35,-0.09,INF,-1,1,7,0
2800,1,1,-3.632,-0.131,-0.34,-0.01,-0.34,-0.01,INF,-1,1,7,0
2820,1,1,-4.974,-0.468,-0.46,-0.04,-0.46,-0.04,INF,-1,1,7,0
2840,1,1,-6.493,-0.616,-0.61,-0.06,-0.61,-0.06,INF,-1,1,7,0
2860,1,1,-3.095,-1.387,-0.29,-0.13,-0.29,-0.13,INF,-1,1,7,0
2880,1,1,-12.086,0.696,-1.13,0.06,-1.13,0.07,INF,-1,1,7,0
2900,1,1,-11.805,4.224,-1.10,0.39,-1.10,0.39,INF,-1,1,7,0
2920,1,1,-10.334,-0.109,-0.97,-0.01,-0.97,-0.01,INF,-1,1,7,0
2940,1,1,-11.179,-1.919,-1.04,-0.18,-1.04,-0.18,INF,-1,1,7,0
2960,1,1,-11.475,1.760,-1.07,0.16,-1.07,0.16,INF,-1,1,7,0
2980,1,1,-12.410,2.278,-1.16,0.21,-1.16,0.21,INF,-1,1,7,0
3000,1,1,-10.287,0.646,-0.96,0.06,-0.96,0.06,INF,-1,1,7,0
3020,1,1,-7.603,-0.057,-0.71,-0.01,-0.71,-0.01,INF,-1,1,7,0
3040,1,1,-10.047,-1.811,-0.94,-0.17,-0.94,-0.17,INF,-1,1,7,0
3060,1,1,-10.923,0.251,-1.02,0.02,-1.02,0.02,INF,-1,1,7,0
3080,1,1,-11.820,-0.340,-1.10,-0.03,-1.10,-0.03,INF,-1,1,7,0
3100,1,1,-10.598,1.473,-0.99,0.14,-0.99,0.14,INF,-1,1,7,0
3120,1,1,-20.054,-2.618,-1.87,-0.24,-1.87,-0.24,INF,-1,1,7,0
3140,1,1,-22.432,-2.461,-2.10,-0.23,-2.10,-0.23,INF,-1,1,7,0
3160,1,1,-21.567,-0.970,-2.01,-0.09,-2.01,-0.09,INF,-1,1,7,0
3180,1,1,-23.942,-1.494,-2.24,-0.14,-2.24,-0.14,INF,-1,0,7,0
3200,1,1,-21.949,-3.939,-2.05,-0.37,-2.05,-0.37,INF,-1,0,7,0
3220,1,1,31.968,155.062,2.99,14.18,2.89,14.20,INF,-1,0,7,0
3240,1,1,-23.496,-1.271,-2.20,-0.12,-2.20,-0.12,INF,-1,0,7,0
3260,1,1,-23.332,-0.216,-2.18,-0.02,-2.18,-0.02,INF,-1,0,7,0
3280,1,1,-22.807,-0.917,-2.13,-0.09,-2.13,-0.09,INF,-1,0,7,0
3300,1,1,-18.918,-2.588,-1.77,-0.24,-1.77,-0.24,INF,-1,0,7,0
3320,1,1,-10.953,-0.011,-1.02,0.00,-1.02,0.00,INF,-1,0,7,0
3340,1,1,-9.181,-0.553,-0.86,-0.05,-0.86,-0.05,INF,-1,0,7,0
3360,1,1,-9.318,0.322,-0.87,0.03,-0.87,0.03,INF,-1,0,7,0
3380,1,1,-10.553,0.215,-0.99,0.02,-0.99,0.02,INF,-1,0,7,0
3400,1,1,-7.350,-2.627,-0.69,-0.25,-0.69,-0.25,INF,-1,0,7,0
3420,1,1,-10.249,-0.443,-0.96,-0.04,-0.96,-0.04,INF,-1,0,7,0
3440,1,1,-9.977,-0.894,-0.93,-0.08,-0.93,-0.08,INF,-1,0,7,0
3460,1,1,-9.940,-0.758,-0.93,-0.07,-0.93,-0.07,INF,-1,0,7,0
3480,1,1,-8.002,-0.706,-0.75,-0.07,-0.75,-0.07,INF,-1,0,7,0
3500,1,1,-6.654,-2.023,-0.62,-0.19,-0.62,-0.19,INF,-1,0,7,0
3520,1,1,-14.641,3.608,-1.37,0.34,-1.37,0.34,INF,-1,0,7,0
3540,1,1,64.518,85.434,6.01,7.89,5.95,7.93,INF,-1,0,7,0
3560,1,1,-16.432,5.231,-1.54,0.49,-1.54,0.49,INF,-1,1,7,0
3580,1,1,-18.438,6.064,-1.72,0.57,-1.72,0.57,INF,-1,1,7,0
3600,1,1,-19.172,7.637,-1.79,0.71,-1.79,0.71,INF,-1,1,7,0
3620,1,1,-17.617,5.043,-1.65,0.47,-1.65,0.47,INF,-1,0,7,0
3640,1,1,-17.472,7.702,-1.63,0.72,-1.63,0.72,INF,-1,0,7,0
3660,1,1,-15.583,4.945,-1.46,0.46,-1.46,0.46,INF,-1,0,7,0
3680,1,1,-18.074,5.526,-1.69,0.52,-1.69,0.52,INF,-1,0,7,0
3700,1,1,-16.946,3.825,-1.58,0.36,-1.58,0.36,INF,-1,0,7,0
3720,1,1,-16.399,2.188,-1.53,0.20,-1.53,0.20,INF,-1,0,7,0
3740,1,1,-16.141,4.914,-1.51,0.46,-1.51,0.46,INF,-1,0,7,0
3760,1,1,-19.289,4.199,-1.80,0.39,-1.80,0.39,INF,-1,0,7,0
3780,1,1,-16.442,5.668,-1.54,0.53,-1.54,0.53,INF,-1,0,7,0
3800,1,1,-18.562,3.689,-1.73,0.34,-1.73,0.34,INF,-1,0,7,0
3820,1,1,-18.579,1.536,-1.74,0.14,-1.74,0.14,INF,-1,0,7,0
3840,1,1,26.640,5.363,2.49,0.50,2.49,0.50,INF,-1,0,7,0
3860,1,1,30.354,3.270,2.83,0.31,2.83,0.31,INF,-1,1,7,0
3880,1,1,27.713,5.559,2.59,0.52,2.59,0.52,INF,-1,0,7,0
3900,1,1,28.313,4.036,2.64,0.38,2.64,0.38,INF,-1,0,7,0
3920,1,1,26.343,4.127,2.46,0.39,2.46,0.39,INF,-1,0,7,0
3940,1,1,28.503,3.021,2.66,0.28,2.66,0.28,INF,-1,0,7,0
3960,1,1,26.997,3.810,2.52,0.36,2.52,0.36,INF,-1,0,7,0
3980,1,1,29.910,3.346,2.79,0.31,2.79,0.31,INF,-1,0,7,0
4000,1,1,26.127,5.122,2.44,0.48,2.44,0.48,INF,-1,0,7,0
4020,1,1,27.137,4.928,2.53,0.46,2.53,0.46,INF,-1,0,7,0
4040,1,1,27.295,4.313,2.55,0.40,2.55,0.40,INF,-1,0,7,0
4060,1,1,25.941,5.971,2.42,0.56,2.42,0.56,INF,-1,0,7,0
4080,1,1,26.006,4.360,2.43,0.41,2.43,0.41,INF,-1,0,7,0
4100,1,1,27.615,5.647,2.58,0.53,2.58,0.53,INF,-1,0,7,0
4120,1,1,27.233,6.878,2.54,0.64,2.54,0.64,INF,-1,1,7,0
4140,1,1,29.730,6.785,2.78,0.63,2.78,0.63,INF,-1,1,7,0
4160,1,1,28.879,4.189,2.70,0.39,2.70,0.39,INF,-1,1,7,0
4180,1,1,26.615,4.925,2.49,0.46,2.49,0.46,INF,-1,1,7,0
4200,1,1,45.846,3.271,4.28,0.30,4.28,0.31,INF,-1,1,7,0
4220,1,1,49.801,1.764,4.64,0.16,4.64,0.16,INF,-1,1,7,0
4240,1,1,47.255,3.629,4.41,0.34,4.41,0.34,INF,-1,0,7,0
4260,1,1,49.901,2.434,4.65,0.23,4.65,0.23,INF,-1,0,7,0
4280,1,1,49.322,2.724,4.60,0.25,4.60,0.25,INF,-1,0,7,0
4300,1,1,48.011,6.806,4.48,0.63,4.48,0.64,INF,-1,0,7,0
4320,1,1,46.096,4.153,4.30,0.39,4.30,0.39,INF,-1,0,7,0
4340,1,1,46.584,5.250,4.35,0.49,4.35,0.49,INF,-1,0,7,0
4360,1,1,44.411,5.243,4.14,0.49,4.14,0.49,INF,-1,0,7,0
4380,1,1,46.078,3.415,4.30,0.32,4.30,0.32,INF,-1,0,7,0
4400,1,1,46.979,3.949,4.38,0.37,4.38,0.37,INF,-1,0,7,0
4420,1,1,45.764,5.062,4.27,0.47,4.27,0.47,INF,-1,0,7,0
4440,1,1,47.938,4.832,4.47,0.45,4.47,0.45,INF,-1,0,7,0
4460,1,1,47.717,5.777,4.45,0.54,4.45,0.54,INF,-1,0,7,0
4480,1,1,47.523,3.522,4.43,0.33,4.43,0.33,INF,-1,1,7,0
4500,1,1,54.525,-2.924,5.08,-0.27,5.08,-0.27,INF,-1,1,7,0
4520,1,1,51.068,-2.798,4.76,-0.26,4.76,-0.26,INF,-1,1,7,0
4540,1,1,53.612,-4.885,5.00,-0.45,5.00,-0.46,INF,-1,1,7,0
4560,1,1,51.856,-4.587,4.84,-0.43,4.84,-0.43,INF,-1,1,7,0
4580,1,1,52.768,-4.682,4.92,-0.44,4.92,-0.44,INF,-1,1,7,0
4600,1,1,52.063,-4.222,4.85,-0.39,4.85,-0.39,INF,-1,1,7,0
4620,1,1,51.021,-3.261,4.76,-0.30,4.76,-0.30,INF,-1,1,7,0
4640,1,1,50.121,-1.273,4.67,-0.12,4.67,-0.12,INF,-1,1,7,0
4660,1,1,53.929,-4.317,5.03,-0.40,5.03,-0.40,INF,-1,1,7,0
4680,1,1,54.176,-3.194,5.05,-0.30,5.05,-0.30,INF,-1,1,7,0
4700,1,1,51.869,-2.075,4.84,-0.19,4.84,-0.19,INF,-1,1,7,0
4720,1,1,50.212,0.521,4.68,0.05,4.68,0.05,INF,-1,1,7,0
4740,1,1,50.964,-0.089,4.75,-0.01,4.75,-0.01,INF,-1,1,7,0
4760,1,1,50.273,-1.891,4.69,-0.18,4.69,-0.18,INF,-1,1,7,0
4780,1,1,47.015,-18.411,4.39,-1.72,4.38,-1.72,INF,-1,1,7,0
4800,0,1,0.000,0.000,0.00,0.00,0.00,0.00,0.00,-1,1,7,0
4820,0,1,0.000,0.000,0.00,0.00,0.00,0.00,0.00,-1,1,7,0
4840,0,1,0.000,0.000,0.00,0.00,0.00,0.00,0.00,-1,1,7,0
4860,0,1,0.000,0.000,0.00,0.00,0.00,0.00,0.00,-1,0,7,0
4880,0,1,0.000,0.000,0.00,0.00,0.00,0.00,0.00,-1,0,7,0
4900,0,1,0.000,0.000,0.00,0.00,0.00,0.00,0.00,-1,0,7,0
4920,0,1,0.000,0.000,0.00,0.00,0.00,0.00,0.00,-1,0,7,0
4940,0,1,0.000,0.000,0.00,0.00,0.00,0.00,0.00,-1,0,7,0
4960,0,1,0.000,0.000,0.00,0.00,0.00,0.00,0.00,-1,0,7,0
4980,0,1,0.000,0.000,0.00,0.00,0.00,0.00,0.00,-1,0,7,0
5000,0,1,0.000,0.000,0.00,0.00,0.00,0.00,0.00,-1,0,7,0
5020,0,1,0.000,0.000,0.00,0.00,0.00,0.00,0.00,-1,0,7,0
5040,0,1,0.000,0.000,0.00,0.00,0.00,0.00,0.00,-1,0,7,0
5060,1,1,46.102,4.882,4.30,0.46,4.30,0.46,INF,-1,0,7,0
5080,1,1,44.587,3.929,4.16,0.37,4.16,0.37,INF,-1,0,7,0
5100,1,1,43.612,7.425,4.07,0.69,4.07,0.69,INF,-1,0,7,0
5120,1,1,44.681,5.201,4.17,0.48,4.17,0.49,INF,-1,0,7,0
5140,1,1,41.622,6.571,3.88,0.61,3.88,0.61,INF,-1,0,7,0
5160,1,1,44.232,6.318,4.13,0.59,4.13,0.59,INF,-1,0,7,0
5180,1,1,43.188,6.574,4.03,0.61,4.03,0.61,INF,-1,0,7,0
5200,1,1,43.497,8.396,4.06,0.78,4.06,0.78,INF,-1,0,7,0
5220,1,1,42.438,6.232,3.96,0.58,3.96,0.58,INF,-1,0,7,0
5240,1,1,41.533,7.249,3.88,0.68,3.88,0.68,INF,-1,0,7,0
5260,1,1,42.151,7.618,3.93,0.71,3.93,0.71,INF,-1,0,7,0
5280,1,1,44.659,5.538,4.17,0.52,4.17,0.52,INF,-1,0,7,0
5300,1,1,41.638,8.596,3.89,0.80,3.89,0.80,INF,-1,0,7,0
5320,1,1,44.559,8.322,4.16,0.78,4.16,0.78,INF,-1,0,7,0
5340,1,1,44.553,8.162,4.16,0.76,4.16,0.76,INF,-1,1,7,0
5360,1,1,42.943,6.297,4.01,0.59,4.01,0.59,INF,-1,1,7,0
5380,1,1,41.518,7.450,3.87,0.69,3.87,0.70,INF,-1,1,7,0
5400,1,1,40.769,9.051,3.80,0.84,3.80,0.85,INF,-1,1,7,0
5420,1,1,44.677,5.694,4.17,0.53,4.17,0.53,INF,-1,1,7,0
5440,1,1,43.120,6.936,4.02,0.65,4.02,0.65,INF,-1,1,7,0
5460,1,1,45.096,4.532,4.21,0.42,4.21,0.42,INF,-1,1,7,0
5480,1,1,44.043,6.489,4.11,0.60,4.11,0.61,INF,-1,1,7,0
5500,1,1,50.867,2.349,4.74,0.22,4.74,0.22,INF,-1,1,7,0
5520,1,1,51.287,3.718,4.78,0.35,4.78,0.35,INF,-1,1,7,0
5540,1,1,51.603,0.539,4.81,0.05,4.81,0.05,INF,-1,1,7,0
5560,1,1,50.587,4.279,4.72,0.40,4.72,0.40,INF,-1,1,7,0
5580,1,1,52.011,0.620,4.85,0.06,4.85,0.06,INF,-1,1,7,0
5600,1,1,51.314,3.838,4.79,0.36,4.78,0.36,INF,-1,1,7,0
5620,1,1,51.007,1.058,4.76,0.10,4.76,0.10,INF,-1,1,7,0
5640,1,1,49.168,2.783,4.59,0.26,4.59,0.26,INF,-1,1,7,0
5660,1,1,52.560,1.051,4.90,0.10,4.90,0.10,INF,-1,1,7,0
5680,1,1,51.507,2.538,4.80,0.24,4.80,0.24,INF,-1,1,7,0
5700,1,1,50.662,3.152,4.72,0.29,4.72,0.29,INF,-1,1,7,0
5720,1,1,50.138,4.128,4.68,0.38,4.68,0.39,INF,-1,1,7,0
5740,1,1,50.323,2.319,4.69,0.22,4.69,0.22,INF,-1,1,7,0
5760,1,1,52.379,-1.545,4.88,-0.14,4.88,-0.14,INF,-1,1,7,0
5780,1,1,49.944,0.141,4.66,0.01,4.66,0.01,INF,-1,1,7,0
5800,1,1,51.628,1.726,4.81,0.16,4.81,0.16,INF,-1,1,7,0
5820,1,1,51.504,1.724,4.80,0.16,4.80,0.16,INF,-1,1,7,0
5840,1,1,50.780,1.257,4.74,0.12,4.74,0.12,INF,-1,1,7,0
5860,1,1,51.398,2.066,4.79,0.19,4.79,0.19,INF,-1,1,7,0
5880,1,1,51.170,1.256,4.77,0.12,4.77,0.12,INF,-1,1,7,0
5900,1,1,51.851,0.297,4.83,0.03,4.83,0.03,INF,-1,1,7,0
5920,1,1,52.827,1.675,4.93,0.16,4.93,0.16,INF,-1,1,7,0
5940,1,1,49.479,0.552,4.61,0.05,4.61,0.05,INF,-1,1,7,0
5960,1,1,51.590,0.734,4.81,0.07,4.81,0.07,INF,-1,1,7,0
5980,1,1,50.960,2.694,4.75,0.25,4.75,0.25,INF,-1,1,7,0
6000,1,1,49.653,1.484,4.63,0.14,4.63,0.14,INF,-1,1,7,0
6020,1,1,36.740,0.844,3.43,0.08,3.43,0.08,INF,-1,1,7,0
6040,1,1,32.337,3.434,3.02,0.32,3.02,0.32,INF,-1,1,7,0
6060,1,1,30.991,2.080,2.89,0.19,2.89,0.19,INF,-1,1,7,0
6080,1,1,31.027,4.276,2.90,0.40,2.90,0.40,INF,-1,0,7,0
6100,1,1,34.054,0.935,3.18,0.09,3.18,0.09,INF,-1,0,7,0
6120,1,1,31.267,4.144,2.92,0.39,2.92,0.39,INF,-1,0,7,0
6140,1,1,32.052,3.444,2.99,0.32,2.99,0.32,INF,-1,0,7,0
6160,1,1,28.049,3.584,2.62,0.33,2.62,0.33,INF,-1,0,7,0
6180,1,1,31.358,2.367,2.93,0.22,2.93,0.22,INF,-1,0,7,0
6200,1,1,30.498,4.067,2.85,0.38,2.85,0.38,INF,-1,0,7,0
6220,1,1,32.075,2.507,3.00,0.23,3.00,0.23,INF,-1,0,7,0
6240,1,1,28.227,6.275,2.64,0.59,2.64,0.59,INF,-1,0,7,0
6260,1,1,29.948,3.393,2.80,0.32,2.80,0.32,INF,-1,0,7,0
6280,1,1,31.642,3.336,2.95,0.31,2.95,0.31,INF,-1,0,7,0
6300,1,1,31.097,2.436,2.90,0.23,2.90,0.23,INF,-1,0,7,0
6320,1,1,31.971,1.399,2.99,0.13,2.99,0.13,INF,-1,1,7,0
6340,1,1,33.530,3.517,3.13,0.33,3.13,0.33,INF,-1,1,7,0
6360,1,1,31.520,5.363,2.94,0.50,2.94,0.50,INF,-1,1,7,0
6380,1,1,25.811,3.612,2.41,0.34,2.41,0.34,INF,-1,1,7,0
6400,1,1,31.002,4.227,2.90,0.39,2.90,0.40,INF,-1,1,7,0
6420,1,1,31.236,4.384,2.92,0.41,2.92,0.41,INF,-1,1,7,0
6440,1,1,32.274,2.222,3.01,0.21,3.01,0.21,INF,-1,1,7,0
6460,1,1,29.893,4.277,2.79,0.40,2.79,0.40,INF,-1,1,7,0
6480,1,1,-5.626,-1.731,-0.53,-0.16,-0.53,-0.16,INF,-1,1,7,0
6500,1,1,-21.619,-1.009,-2.02,-0.09,-2.02,-0.09,INF,-1,1,7,0
6520,1,1,-21.588,0.849,-2.02,0.08,-2.02,0.08,INF,-1,0,7,0
6540,1,1,-20.656,-0.198,-1.93,-0.02,-1.93,-0.02,INF,-1,0,7,0
6560,1,1,-23.330,1.178,-2.18,0.11,-2.18,0.11,INF,-1,0,7,0
6580,1,1,-20.778,-1.748,-1.94,-0.16,-1.94,-0.16,INF,-1,0,7,0
6600,1,1,-22.478,-0.545,-2.10,-0.05,-2.10,-0.05,INF,-1,0,7,0
6620,1,1,-21.078,-2.215,-1.97,-0.21,-1.97,-0.21,INF,-1,0,7,0
6640,1,1,-22.369,-0.747,-2.09,-0.07,-2.09,-0.07,INF,-1,0,7,0
6660,1,1,-22.368,-0.078,-2.09,-0.01,-2.09,-0.01,INF,-1,0,7,0
6680,1,1,-22.913,-0.548,-2.14,-0.05,-2.14,-0.05,INF,-1,0,7,0
6700,1,1,-22.696,0.491,-2.12,0.05,-2.12,0.05,INF,-1,0,7,0
6720,1,1,-21.030,-0.716,-1.96,-0.07,-1.96,-0.07,INF,-1,0,7,0
6740,1,1,-21.330,-0.706,-1.99,-0.07,-1.99,-0.07,INF,-1,0,7,0
6760,1,1,-23.511,-1.542,-2.20,-0.14,-2.20,-0.14,INF,-1,0,7,0
6780,1,1,-20.610,0.761,-1.93,0.07,-1.93,0.07,INF,-1,1,7,0
6800,1,1,-21.721,1.044,-2.03,0.10,-2.03,0.10,INF,-1,1,7,0
6820,1,1,-22.532,0.152,-2.11,0.01,-2.11,0.01,INF,-1,1,7,0
6840,1,1,-19.940,2.576,-1.86,0.24,-1.86,0.24,INF,-1,1,7,0
6860,1,1,-22.007,6.604,-2.06,0.62,-2.06,0.62,INF,-1,1,7,0
6880,1,1,-17.960,5.054,-1.68,0.47,-1.68,0.47,INF,-1,1,7,0
6900,1,1,-19.992,5.965,-1.87,0.56,-1.87,0.56,INF,-1,1,7,0
6920,1,1,-22.205,5.413,-2.07,0.51,-2.07,0.51,INF,-1,1,7,0
6940,1,1,-21.911,8.002,-2.05,0.75,-2.05,0.75,INF,-1,1,7,0
6960,1,1,-20.963,3.609,-1.96,0.34,-1.96,0.34,INF,-1,1,7,0
6980,1,1,-20.113,3.069,-1.88,0.29,-1.88,0.29,INF,-1,1,7,0
7000,1,1,-20.774,4.367,-1.94,0.41,-1.94,0.41,INF,-1,1,7,0
7020,1,1,-20.355,4.236,-1.90,0.40,-1.90,0.40,INF,-1,1,7,0
7040,1,1,-21.496,5.201,-2.01,0.49,-2.01,0.49,INF,-1,1,7,0
7060,1,1,-18.300,4.151,-1.71,0.39,-1.71,0.39,INF,-1,1,7,0
7080,1,1,-20.090,4.027,-1.88,0.38,-1.88,0.38,INF,-1,1,7,0
7100,1,1,-17.619,4.700,-1.65,0.44,-1.65,0.44,INF,-1,1,7,0
7120,1,1,-22.518,6.155,-2.10,0.57,-2.10,0.58,INF,-1,1,7,0
7140,1,1,-19.368,3.880,-1.81,0.36,-1.81,0.36,INF,-1,1,7,0
7160,1,1,-20.140,4.525,-1.88,0.42,-1.88,0.42,INF,-1,1,7,0
7180,1,1,-30.982,2.141,-2.89,0.20,-2.89,0.20,INF,-1,1,7,0
7200,1,1,-33.317,2.458,-3.11,0.23,-3.11,0.23,INF,-1,1,7,0
7220,1,1,-35.170,0.830,-3.28,0.08,-3.28,0.08,INF,-1,1,7,0
7240,1,1,-34.855,1.001,-3.25,0.09,-3.25,0.09,INF,-1,0,7,0
7260,1,1,-34.931,0.306,-3.26,0.03,-3.26,0.03,INF,-1,0,7,0
7280,1,1,-35.131,-0.115,-3.28,-0.01,-3.28,-0.01,INF,-1,0,7,0
7300,1,1,-33.913,-1.116,-3.17,-0.10,-3.17,-0.10,INF,-1,0,7,0
7320,1,1,-34.849,-0.015,-3.25,0.00,-3.25,0.00,INF,-1,0,7,0
7340,1,1,-34.612,-0.029,-3.23,0.00,-3.23,0.00,INF,-1,0,7,0
7360,1,1,-35.524,0.656,-3.32,0.06,-3.32,0.06,INF,-1,0,7,0
7380,1,1,-36.069,0.709,-3.37,0.07,-3.37,0.07,INF,-1,0,7,0
7400,1,1,-33.458,0.667,-3.12,0.06,-3.12,0.06,INF,-1,0,7,0
7420,1,1,-35.599,1.012,-3.32,0.09,-3.32,0.09,INF,-1,0,7,0
7440,1,1,-34.999,2.437,-3.27,0.23,-3.27,0.23,INF,-1,0,7,0
7460,1,1,-42.769,-2.767,-3.99,-0.26,-3.99,-0.26,INF,-1,0,7,0
7480,1,1,-43.900,-2.801,-4.10,-0.26,-4.10,-0.26,INF,-1,1,7,0
7500,1,1,-44.758,-3.588,-4.18,-0.33,-4.18,-0.34,INF,-1,1,7,0
7520,1,1,-45.237,-4.032,-4.22,-0.38,-4.22,-0.38,INF,-1,1,7,0
7540,1,1,-44.354,-3.684,-4.14,-0.34,-4.14,-0.34,INF,-1,1,7,0
7560,1,1,-45.784,-4.421,-4.27,-0.41,-4.27,-0.41,INF,-1,1,7,0
7580,1,1,-46.733,-5.082,-4.36,-0.47,-4.36,-0.47,INF,-1,1,7,0
7600,1,1,-46.424,-4.428,-4.33,-0.41,-4.33,-0.41,INF,-1,0,7,0
7620,1,1,-45.465,-4.661,-4.24,-0.43,-4.24,-0.44,INF,-1,0,7,0
7640,1,1,-46.555,-5.619,-4.34,-0.52,-4.34,-0.53,INF,-1,0,7,0
7660,1,1,-46.080,-4.589,-4.30,-0.43,-4.30,-0.43,INF,-1,0,7,0
7680,1,1,-44.585,-4.744,-4.16,-0.44,-4.16,-0.44,INF,-1,0,7,0
7700,1,1,-43.088,-4.279,-4.02,-0.40,-4.02,-0.40,INF,-1,0,7,0
7720,1,1,-45.026,-5.280,-4.20,-0.49,-4.20,-0.49,INF,-1,0,7,0
7740,1,1,-52.666,-8.396,-4.91,-0.78,-4.91,-0.78,INF,-1,0,7,0
7760,1,1,-52.124,-8.795,-4.86,-0.82,-4.86,-0.82,INF,-1,0,7,0
7780,1,1,-52.883,-9.232,-4.93,-0.86,-4.93,-0.86,INF,-1,0,7,0
7800,1,1,-54.446,-7.127,-5.08,-0.66,-5.08,-0.67,INF,-1,0,7,0
7820,1,1,-53.772,-7.167,-5.01,-0.67,-5.01,-0.67,INF,-1,0,7,0
7840,1,1,-55.631,-6.205,-5.19,-0.58,-5.19,-0.58,INF,-1,1,7,0
7860,1,1,-53.986,-6.547,-5.03,-0.61,-5.03,-0.61,INF,-1,1,7,0
7880,1,1,-54.675,-6.467,-5.10,-0.60,-5.10,-0.60,INF,-1,1,7,0
7900,1,1,-54.188,-7.121,-5.05,-0.66,-5.05,-0.67,INF,-1,1,7,0
7920,1,1,-53.989,-8.302,-5.03,-0.77,-5.03,-0.78,INF,-1,1,7,0
7940,1,1,-57.058,-6.554,-5.32,-0.61,-5.32,-0.61,INF,-1,1,7,0
7960,1,1,-59.985,-0.991,-5.59,-0.09,-5.59,-0.09,INF,-1,1,7,0
7980,1,1,-61.947,-2.861,-5.77,-0.27,-5.77,-0.27,INF,-1,1,7,0
8000,1,1,-60.230,-2.294,-5.61,-0.21,-5.61,-0.21,INF,-1,0,7,0
8020,1,1,-62.138,-3.542,-5.79,-0.33,-5.79,-0.33,INF,-1,0,7,0
8040,1,1,-61.044,-3.106,-5.69,-0.29,-5.69,-0.29,INF,-1,0,7,0
8060,1,1,-60.891,-0.626,-5.67,-0.06,-5.67,-0.06,INF,-1,0,7,0
8080,1,1,-60.750,-4.785,-5.66,-0.45,-5.66,-0.45,INF,-1,0,7,0
8100,1,1,-59.599,-4.956,-5.55,-0.46,-5.55,-0.46,INF,-1,0,7,0
8120,1,1,-54.200,6.403,-5.05,0.60,-5.05,0.60,INF,-1,0,7,0
8140,1,1,-50.725,16.496,-4.73,1.54,-4.73,1.54,INF,-1,0,7,0
8160,1,1,-48.795,17.684,-4.55,1.65,-4.55,1.65,INF,-1,0,7,0
8180,1,1,-47.427,15.067,-4.42,1.40,-4.42,1.41,INF,-1,0,7,0
8200,1,1,-51.146,17.120,-4.77,1.59,-4.77,1.60,INF,-1,0,7,0
8220,1,1,-49.673,16.066,-4.63,1.50,-4.63,1.50,INF,-1,0,7,0
8240,1,1,-47.392,17.056,-4.42,1.59,-4.42,1.59,INF,-1,0,7,0
8260,1,1,-48.076,17.596,-4.48,1.64,-4.48,1.64,INF,-1,0,7,0
8280,1,1,-47.989,16.571,-4.48,1.54,-4.47,1.55,INF,-1,0,7,0
8300,1,1,-50.491,18.995,-4.71,1.77,-4.71,1.77,INF,-1,0,7,0
8320,1,1,-44.368,16.479,-4.14,1.54,-4.14,1.54,INF,-1,0,7,0
8340,1,1,-26.356,24.416,-2.46,2.28,-2.46,2.28,INF,-1,1,7,0
8360,1,1,-24.999,26.215,-2.34,2.45,-2.33,2.45,INF,-1,1,7,0
8380,1,1,-27.308,25.853,-2.55,2.41,-2.55,2.42,INF,-1,0,7,0
8400,1,1,-25.628,25.925,-2.39,2.42,-2.39,2.42,INF,-1,0,7,0
8420,1,1,-27.704,27.181,-2.59,2.54,-2.59,2.54,INF,-1,0,7,0
8440,1,1,-26.465,24.610,-2.47,2.30,-2.47,2.30,INF,-1,0,7,0
8460,1,1,-26.214,24.679,-2.45,2.30,-2.45,2.31,INF,-1,0,7,0
8480,1,1,-5.781,32.772,-0.54,3.06,-0.54,3.06,INF,-1,0,7,0
8500,1,1,4.738,32.361,0.44,3.02,0.44,3.02,INF,-1,0,7,0
8520,1,1,4.893,34.782,0.46,3.25,0.46,3.25,INF,-1,0,7,0
8540,1,1,2.929,33.145,0.27,3.09,0.27,3.09,INF,-1,0,7,0
8560,1,1,1.293,34.934,0.12,3.26,0.12,3.26,INF,-1,0,7,0
8580,1,1,1.467,32.398,0.14,3.03,0.14,3.03,INF,-1,0,7,0
8600,1,1,-0.725,35.440,-0.07,3.31,-0.07,3.31,INF,-1,0,7,0
8620,1,1,2.199,30.512,0.21,2.85,0.21,2.85,INF,-1,0,7,0
8640,1,1,2.698,32.598,0.25,3.04,0.25,3.04,INF,-1,0,7,0
8660,1,1,3.429,32.764,0.32,3.06,0.32,3.06,INF,-1,0,7,0
8680,1,1,2.235,34.023,0.21,3.18,0.21,3.18,INF,-1,0,7,0
8700,1,1,1.217,33.924,0.11,3.17,0.11,3.17,INF,-1,0,7,0
8720,1,1,-0.168,36.426,-0.02,3.40,-0.02,3.40,INF,-1,0,7,0
8740,1,1,0.672,35.373,0.06,3.30,0.06,3.30,INF,-1,0,7,0
8760,1,1,2.198,36.649,0.21,3.42,0.21,3.42,INF,-1,1,7,0
8780,1,1,-0.217,34.202,-0.02,3.19,-0.02,3.19,INF,-1,1,7,0
8800,1,1,2.315,33.231,0.22,3.10,0.22,3.10,INF,-1,1,7,0
8820,1,1,1.885,34.909,0.18,3.26,0.18,3.26,INF,-1,1,7,0
8840,1,1,1.329,34.404,0.12,3.21,0.12,3.21,INF,-1,1,7,0
8860,1,1,2.052,33.508,0.19,3.13,0.19,3.13,INF,-1,1,7,0
8880,1,1,0.768,36.630,0.07,3.42,0.07,3.42,INF,-1,1,7,0
8900,1,1,-29.528,28.765,-2.76,2.68,-2.75,2.69,INF,-1,1,7,0
8920,1,1,-32.785,28.986,-3.06,2.70,-3.06,2.71,INF,-1,1,7,0
8940,1,1,-31.780,30.357,-2.97,2.83,-2.96,2.84,INF,-1,0,7,0
8960,1,1,-31.811,26.821,-2.97,2.50,-2.97,2.51,INF,-1,0,7,0
8980,1,1,-33.330,29.182,-3.11,2.72,-3.11,2.73,INF,-1,0,7,0
9000,1,1,-32.780,27.478,-3.06,2.56,-3.06,2.57,INF,-1,0,7,0
9020,1,1,-33.459,29.654,-3.12,2.77,-3.12,2.77,INF,-1,0,7,0
9040,1,1,-34.727,31.032,-3.24,2.89,-3.24,2.90,INF,-1,0,7,0
9060,1,1,-35.105,31.166,-3.28,2.91,-3.27,2.91,INF,-1,0,7,0
9080,1,1,-34.651,28.236,-3.24,2.63,-3.23,2.64,INF,-1,0,7,0
9100,1,1,-34.906,30.143,-3.26,2.81,-3.26,2.82,INF,-1,0,7,0
9120,1,1,-33.544,30.554,-3.13,2.85,-3.13,2.85,INF,-1,0,7,0
9140,1,1,-39.702,28.604,-3.71,2.67,-3.70,2.67,INF,-1,0,7,0
9160,1,1,-44.106,27.277,-4.12,2.54,-4.11,2.55,INF,-1,0,7,0
9180,1,1,-45.484,29.758,-4.24,2.77,-4.24,2.78,INF,-1,1,7,0
9200,1,1,-46.711,28.370,-4.36,2.64,-4.35,2.65,INF,-1,1,7,0
9220,1,1,-45.941,29.047,-4.29,2.71,-4.28,2.71,INF,-1,0,7,0
9240,1,1,-44.127,28.645,-4.12,2.67,-4.11,2.68,INF,-1,0,7,0
9260,1,1,-43.822,27.992,-4.09,2.61,-4.08,2.61,INF,-1,0,7,0
9280,1,1,-43.556,29.380,-4.06,2.74,-4.06,2.74,INF,-1,0,7,0
9300,1,1,-44.183,28.308,-4.12,2.64,-4.12,2.64,INF,-1,0,7,0
9320,1,1,-43.448,26.336,-4.05,2.45,-4.05,2.46,INF,-1,0,7,0
9340,1,1,-14.711,24.703,-1.37,2.31,-1.37,2.31,INF,-1,0,7,0
9360,1,1,-9.050,22.809,-0.85,2.13,-0.85,2.13,INF,-1,0,7,0
9380,1,1,-9.131,23.442,-0.85,2.19,-0.85,2.19,INF,-1,0,7,0
9400,1,1,-10.140,24.655,-0.95,2.30,-0.95,2.30,INF,-1,0,7,0
9420,1,1,-10.294,24.225,-0.96,2.26,-0.96,2.26,INF,-1,0,7,0
9440,1,1,-7.025,25.285,-0.66,2.36,-0.66,2.36,INF,-1,0,7,0
9460,1,1,-8.859,24.141,-0.83,2.25,-0.83,2.26,INF,-1,0,7,0
9480,1,1,-10.809,24.525,-1.01,2.29,-1.01,2.29,INF,-1,0,7,0
9500,1,1,-9.390,23.539,-0.88,2.20,-0.88,2.20,INF,-1,0,7,0
9520,1,1,-7.885,23.801,-0.74,2.22,-0.74,2.22,INF,-1,0,7,0
9540,1,1,-10.823,24.259,-1.01,2.27,-1.01,2.27,INF,-1,0,7,0
9560,1,1,23.991,24.387,2.24,2.28,2.24,2.28,INF,-1,0,7,0
9580,1,1,25.120,24.491,2.35,2.29,2.34,2.29,INF,-1,0,7,0
9600,1,1,24.636,29.036,2.30,2.71,2.30,2.71,INF,-1,0,7,0
9620,1,1,22.710,27.704,2.12,2.59,2.12,2.59,INF,-1,0,7,0
9640,1,1,23.396,26.706,2.19,2.49,2.18,2.49,INF,-1,0,7,0
9660,1,1,22.696,28.495,2.12,2.66,2.12,2.66,INF,-1,0,7,0
9680,1,1,23.292,27.301,2.18,2.55,2.17,2.55,INF,-1,0,7,0
9700,1,1,23.672,28.035,2.21,2.62,2.21,2.62,INF,-1,0,7,0
9720,1,1,21.732,28.059,2.03,2.62,2.03,2.62,INF,-1,0,7,0
9740,1,1,23.941,26.994,2.24,2.52,2.23,2.52,INF,-1,0,7,0
9760,1,1,23.179,27.117,2.17,2.53,2.16,2.53,INF,-1,1,7,0
9780,1,1,30.262,24.224,2.83,2.26,2.82,2.26,INF,-1,1,7,0
9800,1,1,46.057,27.055,4.30,2.52,4.29,2.53,INF,-1,1,7,0
9820,1,1,45.974,27.625,4.29,2.57,4.28,2.58,INF,-1,0,7,0
9840,1,1,46.943,28.055,4.38,2.61,4.37,2.62,INF,-1,0,7,0
9860,1,1,45.928,27.472,4.28,2.56,4.28,2.57,INF,-1,0,7,0
9880,1,1,47.708,27.082,4.45,2.52,4.45,2.53,INF,-1,0,7,0
9900,1,1,47.707,26.866,4.45,2.50,4.45,2.51,INF,-1,0,7,0
9920,1,1,47.113,25.102,4.39,2.34,4.39,2.34,INF,-1,0,7,0
9940,1,1,43.568,27.004,4.07,2.52,4.06,2.52,INF,-1,0,7,0
9960,1,1,45.749,26.485,4.27,2.47,4.26,2.47,INF,-1,0,7,0
9980,1,1,46.923,26.544,4.38,2.47,4.37,2.48,INF,-1,0,7,0
10000,1,1,44.642,27.002,4.17,2.52,4.16,2.52,INF,-1,0,7,0
10020,1,1,45.560,26.914,4.25,2.51,4.25,2.51,INF,-1,0,7,0
10040,1,1,45.658,29.008,4.26,2.70,4.25,2.71,INF,-1,0,7,0
10060,1,1,58.747,27.066,5.47,2.52,5.47,2.53,INF,-1,0,7,0
10080,1,1,58.354,26.031,5.44,2.42,5.43,2.43,INF,-1,1,7,0
10100,1,1,58.615,25.957,5.46,2.41,5.46,2.42,INF,-1,0,7,0
10120,1,1,57.610,26.442,5.37,2.46,5.36,2.47,INF,-1,0,7,0
10140,1,1,58.354,24.740,5.44,2.30,5.43,2.31,INF,-1,0,7,0
10160,1,1,58.621,27.305,5.46,2.54,5.46,2.55,INF,-1,0,7,0
10180,1,1,57.758,26.965,5.38,2.51,5.38,2.52,INF,-1,0,7,0
10200,1,1,56.247,27.097,5.24,2.52,5.24,2.53,INF,-1,0,7,0
10220,1,1,59.553,25.408,5.55,2.36,5.54,2.37,INF,-1,0,7,0
10240,1,1,60.252,24.545,5.61,2.28,5.61,2.29,INF,-1,0,7,0
10260,1,1,57.974,25.755,5.40,2.40,5.40,2.41,INF,-1,0,7,0
10280,1,1,58.722,25.625,5.47,2.38,5.47,2.39,INF,-1,0,7,0
10300,1,1,59.326,25.064,5.53,2.33,5.52,2.34,INF,-1,0,7,0
10320,1,1,57.623,26.094,5.37,2.43,5.37,2.44,INF,-1,0,7,0
10340,1,1,58.462,26.136,5.45,2.43,5.44,2.44,INF,-1,1,7,0
10360,1,1,58.266,26.089,5.43,2.43,5.42,2.44,INF,-1,1,7,0
10380,1,1,58.497,25.927,5.45,2.41,5.45,2.42,INF,-1,1,7,0
10400,1,1,59.126,26.911,5.51,2.50,5.50,2.51,INF,-1,1,7,0
10420,1,1,57.676,28.303,5.38,2.63,5.37,2.64,INF,-1,1,7,0
10440,1,1,60.086,23.087,5.60,2.15,5.59,2.16,INF,-1,1,7,0
10460,1,1,59.423,25.915,5.54,2.41,5.53,2.42,INF,-1,1,7,0
10480,1,1,54.806,17.165,5.11,1.60,5.11,1.60,INF,-1,1,7,0
10500,1,1,46.542,10.667,4.34,0.99,4.34,1.00,INF,-1,1,7,0
10520,1,1,45.446,9.458,4.24,0.88,4.24,0.88,INF,-1,1,7,0
10540,1,1,45.903,9.971,4.28,0.93,4.28,0.93,INF,-1,0,7,0
10560,1,1,48.979,9.010,4.57,0.84,4.57,0.84,INF,-1,0,7,0
10580,1,1,47.476,12.557,4.43,1.17,4.43,1.17,INF,-1,0,7,0
10600,1,1,50.136,11.732,4.68,1.09,4.67,1.10,INF,-1,0,7,0
10620,1,1,48.713,11.235,4.54,1.05,4.54,1.05,INF,-1,0,7,0
10640,1,1,47.823,10.169,4.46,0.95,4.46,0.95,INF,-1,0,7,0
10660,1,1,47.952,10.765,4.47,1.00,4.47,1.01,INF,-1,0,7,0
10680,1,1,46.982,8.943,4.38,0.83,4.38,0.84,INF,-1,0,7,0
10700,1,1,47.954,9.710,4.47,0.90,4.47,0.91,INF,-1,0,7,0
10720,1,1,47.814,7.892,4.46,0.74,4.46,0.74,INF,-1,0,7,0
10740,1,1,41.830,-10.134,3.90,-0.94,3.90,-0.95,INF,-1,0,7,0
10760,1,1,38.340,-26.141,3.58,-2.44,3.58,-2.44,INF,-1,0,7,0
10780,1,1,38.124,-26.613,3.56,-2.48,3.56,-2.49,INF,-1,0,7,0
10800,1,1,38.265,-28.433,3.57,-2.65,3.57,-2.66,INF,-1,0,7,0
10820,1,1,38.486,-28.303,3.59,-2.64,3.59,-2.64,INF,-1,0,7,0
10840,1,1,36.944,-23.654,3.45,-2.21,3.45,-2.21,INF,-1,0,7,0
10860,1,1,37.961,-24.605,3.54,-2.29,3.54,-2.30,INF,-1,0,7,0
10880,1,1,36.640,-24.015,3.42,-2.24,3.42,-2.24,INF,-1,0,7,0
10900,1,1,36.068,-24.397,3.37,-2.28,3.36,-2.28,INF,-1,0,7,0
10920,1,1,38.664,-23.580,3.61,-2.20,3.61,-2.20,INF,-1,0,7,0
10940,1,1,37.048,-23.902,3.46,-2.23,3.46,-2.23,INF,-1,0,7,0
10960,1,1,35.131,-24.243,3.28,-2.26,3.28,-2.26,INF,-1,1,7,0
10980,1,1,17.045,-25.351,1.59,-2.37,1.59,-2.37,INF,-1,1,7,0
11000,1,1,14.770,-25.975,1.38,-2.43,1.38,-2.43,INF,-1,1,7,0
11020,1,1,14.145,-26.938,1.32,-2.52,1.32,-2.52,INF,-1,0,7,0
11040,1,1,14.667,-26.749,1.37,-2.50,1.37,-2.50,INF,-1,0,7,0
11060,1,1,15.516,-26.104,1.45,-2.44,1.45,-2.44,INF,-1,0,7,0
11080,1,1,15.776,-26.425,1.47,-2.47,1.47,-2.47,INF,-1,0,7,0
11100,1,1,13.721,-23.695,1.28,-2.21,1.28,-2.21,INF,-1,0,7,0
11120,1,1,15.557,-26.745,1.45,-2.50,1.45,-2.50,INF,-1,0,7,0
11140,1,1,15.132,-25.289,1.41,-2.36,1.41,-2.36,INF,-1,0,7,0
11160,1,1,12.884,-26.134,1.20,-2.44,1.20,-2.44,INF,-1,0,7,0
11180,1,1,14.327,-24.481,1.34,-2.29,1.34,-2.29,INF,-1,0,7,0
11200,1,1,13.673,-24.954,1.28,-2.33,1.28,-2.33,INF,-1,0,7,0
11220,1,1,14.934,-25.358,1.40,-2.37,1.39,-2.37,INF,-1,0,7,0
11240,1,1,13.318,-25.869,1.24,-2.42,1.24,-2.42,INF,-1,0,7,0
11260,1,1,15.581,-26.108,1.46,-2.44,1.45,-2.44,INF,-1,1,7,0
11280,1,1,14.851,-26.465,1.39,-2.47,1.39,-2.47,INF,-1,1,7,0
11300,1,1,15.689,-25.419,1.47,-2.37,1.46,-2.37,INF,-1,1,7,0
11320,1,1,14.677,-25.309,1.37,-2.36,1.37,-2.36,INF,-1,1,7,0
11340,1,1,17.321,-23.824,1.62,-2.22,1.62,-2.23,INF,-1,1,7,0
11360,1,1,15.722,-26.922,1.47,-2.51,1.47,-2.51,INF,-1,1,7,0
11380,1,1,17.216,-24.310,1.61,-2.27,1.61,-2.27,INF,-1,1,7,0
11400,1,1,15.043,-25.637,1.41,-2.39,1.40,-2.39,INF,-1,1,7,0
11420,1,1,13.407,-26.860,1.25,-2.51,1.25,-2.51,INF,-1,1,7,0
11440,1,1,4.426,-24.769,0.41,-2.31,0.41,-2.31,INF,-1,1,7,0
11460,1,1,3.322,-22.095,0.31,-2.06,0.31,-2.06,INF,-1,1,7,0
11480,1,1,3.670,-21.620,0.34,-2.02,0.34,-2.02,INF,-1,0,7,0
11500,1,1,2.760,-20.848,0.26,-1.95,0.26,-1.95,INF,-1,0,7,0
11520,1,1,3.207,-24.031,0.30,-2.24,0.30,-2.24,INF,-1,0,7,0
11540,1,1,2.369,-23.353,0.22,-2.18,0.22,-2.18,INF,-1,0,7,0
11560,1,1,2.744,-22.362,0.26,-2.09,0.26,-2.09,INF,-1,0,7,0
11580,1,1,6.318,-25.521,0.59,-2.38,0.59,-2.38,INF,-1,0,7,0
11600,1,1,1.664,-23.286,0.16,-2.18,0.16,-2.18,INF,-1,0,7,0
11620,1,1,2.165,-20.761,0.20,-1.94,0.20,-1.94,INF,-1,0,7,0
11640,1,1,-0.078,-21.709,-0.01,-2.03,-0.01,-2.03,INF,-1,0,7,0
11660,1,1,2.074,-21.307,0.19,-1.99,0.19,-1.99,INF,-1,0,7,0
11680,1,1,0.796,-13.995,0.07,-1.31,0.07,-1.31,INF,-1,0,7,0
11700,1,1,-0.166,-12.740,-0.02,-1.19,-0.02,-1.19,INF,-1,0,7,0
11720,1,1,0.178,-12.358,0.02,-1.15,0.02,-1.15,INF,-1,1,7,0
11740,1,1,1.158,-12.123,0.11,-1.13,0.11,-1.13,INF,-1,1,7,0
11760,1,1,1.229,-12.753,0.11,-1.19,0.11,-1.19,INF,-1,1,7,0
11780,1,1,2.323,-12.827,0.22,-1.20,0.22,-1.20,INF,-1,1,7,0
11800,1,1,1.641,-12.968,0.15,-1.21,0.15,-1.21,INF,-1,1,7,0
11820,1,1,1.660,-12.607,0.16,-1.18,0.16,-1.18,INF,-1,1,7,0
11840,1,1,-0.825,-11.325,-0.08,-1.06,-0.08,-1.06,INF,-1,1,7,0
11860,1,1,3.095,-13.113,0.29,-1.23,0.29,-1.23,INF,-1,1,7,0
11880,1,1,1.358,-10.220,0.13,-0.96,0.13,-0.96,INF,-1,1,7,0
11900,1,1,1.365,-13.302,0.13,-1.24,0.13,-1.24,INF,-1,1,7,0
11920,1,1,-0.104,-11.370,-0.01,-1.06,-0.01,-1.06,INF,-1,1,7,0
11940,1,1,-0.876,-10.394,-0.08,-0.97,-0.08,-0.97,INF,-1,1,7,0
11960,1,1,-0.988,-11.784,-0.09,-1.10,-0.09,-1.10,INF,-1,1,7,0
11980,1,1,1.386,-12.404,0.13,-1.16,0.13,-1.16,INF,-1,1,7,0
12000,1,1,3.301,-13.754,0.31,-1.29,0.31,-1.29,INF,-1,1,7,0
12020,1,1,12.868,-12.891,1.20,-1.20,1.20,-1.20,INF,-1,1,7,0
12040,1,1,12.917,-11.061,1.21,-1.03,1.21,-1.03,INF,-1,1,7,0
12060,1,1,12.070,-12.879,1.13,-1.20,1.13,-1.20,INF,-1,0,7,0
12080,1,1,12.166,-10.336,1.14,-0.97,1.14,-0.97,INF,-1,0,7,0
12100,1,1,12.834,-10.558,1.20,-0.99,1.20,-0.99,INF,-1,0,7,0
12120,1,1,12.417,-10.122,1.16,-0.95,1.16,-0.95,INF,-1,0,7,0
12140,1,1,10.707,-12.398,1.00,-1.16,1.00,-1.16,INF,-1,0,7,0
12160,1,1,11.261,-11.192,1.05,-1.05,1.05,-1.05,INF,-1,0,7,0
12180,1,1,12.374,-11.111,1.16,-1.04,1.16,-1.04,INF,-1,0,7,0
12200,1,1,12.464,-11.938,1.16,-1.12,1.16,-1.12,INF,-1,0,7,0
12220,1,1,10.754,-10.720,1.01,-1.00,1.00,-1.00,INF,-1,0,7,0
12240,1,1,12.569,-11.791,1.17,-1.10,1.17,-1.10,INF,-1,0,7,0
12260,1,1,11.642,-12.628,1.09,-1.18,1.09,-1.18,INF,-1,0,7,0
12280,1,1,12.325,-12.702,1.15,-1.19,1.15,-1.19,INF,-1,0,7,0
12300,1,1,13.881,-13.619,1.30,-1.27,1.30,-1.27,INF,-1,1,7,0
12320,1,1,12.640,-11.058,1.18,-1.03,1.18,-1.03,INF,-1,1,7,0
12340,1,1,13.542,-15.152,1.27,-1.42,1.27,-1.42,INF,-1,1,7,0
12360,1,1,12.699,-11.653,1.19,-1.09,1.19,-1.09,INF,-1,1,7,0
12380,1,1,1.983,-18.686,0.19,-1.75,0.19,-1.75,INF,-1,1,7,0
12400,1,1,1.874,-19.573,0.18,-1.83,0.18,-1.83,INF,-1,1,7,0
12420,1,1,-0.392,-19.352,-0.04,-1.81,-0.04,-1.81,INF,-1,0,7,0
12440,1,1,-0.786,-20.364,-0.07,-1.90,-0.07,-1.90,INF,-1,0,7,0
12460,1,1,-1.802,-17.051,-0.17,-1.59,-0.17,-1.59,INF,-1,0,7,0
12480,1,1,-1.087,-19.181,-0.10,-1.79,-0.10,-1.79,INF,-1,0,7,0
12500,1,1,-0.231,-20.194,-0.02,-1.89,-0.02,-1.89,INF,-1,0,7,0
12520,1,1,-1.159,-17.481,-0.11,-1.63,-0.11,-1.63,INF,-1,0,7,0
12540,1,1,0.558,-20.376,0.05,-1.90,0.05,-1.90,INF,-1,0,7,0
12560,1,1,-3.137,-20.345,-0.29,-1.90,-0.29,-1.90,INF,-1,0,7,0
12580,1,1,0.033,-17.385,0.00,-1.62,0.00,-1.62,INF,-1,0,7,0
12600,1,1,0.296,-18.492,0.03,-1.73,0.03,-1.73,INF,-1,0,7,0
12620,1,1,-1.310,-17.131,-0.12,-1.60,-0.12,-1.60,INF,-1,0,7,0
12640,1,1,-2.389,-16.148,-0.22,-1.51,-0.22,-1.51,INF,-1,0,7,0
12660,1,1,-0.250,-18.185,-0.02,-1.70,-0.02,-1.70,INF,-1,1,7,0
12680,1,1,-2.047,-15.054,-0.19,-1.41,-0.19,-1.41,INF,-1,1,7,0
12700,1,1,0.803,-17.616,0.08,-1.65,0.08,-1.65,INF,-1,1,7,0
12720,1,1,1.009,-17.328,0.09,-1.62,0.09,-1.62,INF,-1,1,7,0
12740,1,1,2.186,-19.050,0.20,-1.78,0.20,-1.78,INF,-1,1,7,0
12760,1,1,4.104,-17.621,0.38,-1.65,0.38,-1.65,INF,-1,1,7,0
12780,1,1,-1.777,-16.574,-0.17,-1.55,-0.17,-1.55,INF,-1,1,7,0
12800,1,1,-0.345,-19.473,-0.03,-1.82,-0.03,-1.82,INF,-1,1,7,0
12820,1,1,1.751,-18.990,0.16,-1.77,0.16,-1.77,INF,-1,1,7,0
12840,1,1,-0.283,-15.515,-0.03,-1.45,-0.03,-1.45,INF,-1,1,7,0
12860,1,1,0.256,-15.861,0.02,-1.48,0.02,-1.48,INF,-1,1,7,0
12880,1,1,0.348,-14.978,0.03,-1.40,0.03,-1.40,INF,-1,1,7,0
12900,1,1,1.460,-13.161,0.14,-1.23,0.14,-1.23,INF,-1,1,7,0
12920,1,1,3.698,-12.529,0.35,-1.17,0.35,-1.17,INF,-1,1,7,0
12940,1,1,2.657,-10.978,0.25,-1.03,0.25,-1.03,INF,-1,1,7,0
12960,1,1,2.382,-13.285,0.22,-1.24,0.22,-1.24,INF,-1,1,7,0
12980,1,1,4.969,-12.771,0.46,-1.19,0.46,-1.19,INF,-1,1,7,0
13000,1,1,2.681,-11.859,0.25,-1.11,0.25,-1.11,INF,-1,1,7,0
13020,1,1,2.798,-9.816,0.26,-0.92,0.26,-0.92,INF,-1,1,7,0
13040,1,1,2.688,-11.941,0.25,-1.12,0.25,-1.12,INF,-1,1,7,0
13060,1,1,0.621,-12.421,0.06,-1.16,0.06,-1.16,INF,-1,1,7,0
13080,1,1,1.546,-13.023,0.14,-1.22,0.14,-1.22,INF,-1,1,7,0
13100,1,1,1.312,-11.162,0.12,-1.04,0.12,-1.04,INF,-1,1,7,0
13120,1,1,0.850,-9.550,0.08,-0.89,0.08,-0.89,INF,-1,1,7,0
13140,1,1,4.989,-4.472,0.47,-0.42,0.47,-0.42,INF,-1,1,7,0
13160,1,1,4.323,-7.996,0.40,-0.75,0.40,-0.75,INF,-1,1,7,0
13180,1,1,6.324,-8.268,0.59,-0.77,0.59,-0.77,INF,-1,0,7,0
13200,1,1,6.956,-10.248,0.65,-0.96,0.65,-0.96,INF,-1,0,7,0
13220,1,1,4.110,-9.118,0.38,-0.85,0.38,-0.85,INF,-1,0,7,0
13240,1,1,2.090,-5.948,0.20,-0.56,0.20,-0.56,INF,-1,0,7,0
13260,1,1,4.284,-8.139,0.40,-0.76,0.40,-0.76,INF,-1,0,7,0
13280,1,1,3.388,-7.513,0.32,-0.70,0.32,-0.70,INF,-1,0,7,0
13300,1,1,3.624,-5.519,0.34,-0.52,0.34,-0.52,INF,-1,0,7,0
13320,1,1,5.529,-9.660,0.52,-0.90,0.52,-0.90,INF,-1,0,7,0
13340,1,1,33.357,-5.945,3.11,-0.55,3.11,-0.56,INF,-1,0,7,0
13360,1,1,47.331,-9.327,4.42,-0.87,4.41,-0.87,INF,-1,0,7,0
13380,1,1,45.164,-8.823,4.21,-0.82,4.21,-0.82,INF,-1,0,7,0
13400,1,1,46.095,-8.449,4.30,-0.79,4.30,-0.79,INF,-1,0,7,0
13420,1,1,42.694,-7.497,3.98,-0.70,3.98,-0.70,INF,-1,0,7,0
13440,1,1,46.281,-9.447,4.32,-0.88,4.32,-0.88,INF,-1,0,7,0
13460,1,1,45.757,-8.191,4.27,-0.76,4.27,-0.77,INF,-1,0,7,0
13480,1,1,44.627,-12.434,4.16,-1.16,4.16,-1.16,INF,-1,0,7,0
13500,1,1,43.897,-6.665,4.10,-0.62,4.10,-0.62,INF,-1,0,7,0
13520,1,1,47.027,-11.045,4.39,-1.03,4.39,-1.03,INF,-1,0,7,0
13540,1,1,62.226,-11.501,5.80,-1.07,5.80,-1.07,INF,-1,0,7,0
13560,1,1,60.000,-12.569,5.59,-1.17,5.59,-1.17,INF,-1,0,7,0
13580,1,1,60.286,-10.534,5.62,-0.98,5.62,-0.98,INF,-1,0,7,0
13600,1,1,60.227,-12.369,5.61,-1.15,5.61,-1.16,INF,-1,0,7,0
13620,1,1,62.543,-10.973,5.83,-1.02,5.82,-1.03,INF,-1,0,7,0
13640,1,1,59.160,-13.660,5.51,-1.27,5.51,-1.28,INF,-1,1,7,0
13660,1,1,60.716,-11.200,5.66,-1.04,5.66,-1.05,INF,-1,1,7,0
13680,1,1,59.848,-14.119,5.58,-1.31,5.57,-1.32,INF,-1,1,7,0
13700,1,1,60.378,-13.489,5.63,-1.25,5.62,-1.26,INF,-1,1,7,0
13720,1,1,60.086,-10.633,5.60,-0.99,5.60,-0.99,INF,-1,1,7,0
13740,1,1,60.275,-12.777,5.62,-1.19,5.61,-1.19,INF,-1,1,7,0
13760,1,1,55.534,-9.702,5.18,-0.90,5.18,-0.91,INF,-1,1,7,0
13780,1,1,60.230,-11.632,5.61,-1.08,5.61,-1.09,INF,-1,1,7,0
13800,1,1,60.817,-12.356,5.67,-1.15,5.66,-1.15,INF,-1,1,7,0
13820,1,1,60.765,-11.867,5.66,-1.10,5.66,-1.11,INF,-1,1,7,0
13840,1,1,60.155,-12.856,5.60,-1.20,5.60,-1.20,INF,-1,1,7,0
13860,1,1,60.595,-12.386,5.65,-1.15,5.64,-1.16,INF,-1,1,7,0
13880,1,1,65.051,-9.387,6.06,-0.87,6.06,-0.88,INF,-1,1,7,0
13900,1,1,70.597,3.160,6.57,0.29,6.57,0.30,INF,-1,1,7,0
13920,1,1,67.816,17.489,6.31,1.62,6.31,1.63,INF,-1,0,7,0
13940,1,1,62.620,21.982,5.83,2.04,5.83,2.05,INF,-1,0,7,0
13960,1,1,61.097,25.227,5.69,2.35,5.69,2.36,INF,-1,0,7,0
13980,1,1,62.486,19.924,5.82,1.85,5.82,1.86,INF,-1,0,7,0
14000,1,1,62.897,22.178,5.86,2.06,5.85,2.07,INF,-1,0,7,0
14020,1,1,63.388,21.726,5.90,2.02,5.90,2.03,INF,-1,0,7,0
14040,1,1,64.016,22.857,5.96,2.12,5.96,2.14,INF,-1,0,7,0
14060,1,1,64.980,22.894,6.05,2.13,6.05,2.14,INF,-1,0,7,0
14080,1,1,63.380,20.346,5.90,1.89,5.90,1.90,INF,-1,0,7,0
14100,1,1,55.568,19.316,5.18,1.80,5.18,1.80,INF,-1,0,7,0
14120,1,1,43.109,16.241,4.02,1.51,4.02,1.52,INF,-1,0,7,0
14140,1,1,42.676,13.078,3.98,1.22,3.98,1.22,INF,-1,0,7,0
14160,1,1,42.222,13.796,3.94,1.29,3.94,1.29,INF,-1,0,7,0
14180,1,1,40.632,14.288,3.79,1.33,3.79,1.34,INF,-1,0,7,0
14200,1,1,42.479,11.799,3.96,1.10,3.96,1.10,INF,-1,0,7,0
14220,1,1,43.044,12.679,4.02,1.18,4.02,1.18,INF,-1,0,7,0
14240,1,1,42.045,9.882,3.92,0.92,3.92,0.92,INF,-1,0,7,0
14260,1,1,42.772,11.790,3.99,1.10,3.99,1.10,INF,-1,1,7,0
14280,1,1,39.410,13.241,3.68,1.23,3.68,1.24,INF,-1,0,7,0
14300,1,1,43.772,12.946,4.08,1.21,4.08,1.21,INF,-1,0,7,0
14320,1,1,9.536,4.901,0.89,0.46,0.89,0.46,INF,-1,0,7,0
14340,1,1,5.511,5.873,0.52,0.55,0.52,0.55,INF,-1,0,7,0
14360,1,1,4.614,5.120,0.43,0.48,0.43,0.48,INF,-1,0,7,0
14380,1,1,5.797,4.272,0.54,0.40,0.54,0.40,INF,-1,0,7,0
14400,1,1,4.923,7.754,0.46,0.72,0.46,0.72,INF,-1,0,7,0
14420,1,1,7.696,3.680,0.72,0.34,0.72,0.34,INF,-1,0,7,0
14440,1,1,7.447,3.946,0.70,0.37,0.70,0.37,INF,-1,0,7,0
14460,1,1,5.584,5.375,0.52,0.50,0.52,0.50,INF,-1,0,7,0
14480,1,1,8.094,5.150,0.76,0.48,0.76,0.48,INF,-1,0,7,0
14500,1,1,-8.087,6.418,-0.76,0.60,-0.76,0.60,INF,-1,0,7,0
14520,1,1,-8.885,6.940,-0.83,0.65,-0.83,0.65,INF,-1,0,7,0
14540,1,1,-10.168,5.395,-0.95,0.50,-0.95,0.50,INF,-1,0,7,0
14560,1,1,-13.262,8.115,-1.24,0.76,-1.24,0.76,INF,-1,0,7,0
14580,1,1,-10.055,8.013,-0.94,0.75,-0.94,0.75,INF,-1,0,7,0
14600,1,1,-10.193,8.785,-0.95,0.82,-0.95,0.82,INF,-1,0,7,0
14620,1,1,-10.623,7.764,-0.99,0.73,-0.99,0.73,INF,-1,1,7,0
14640,1,1,-10.883,8.537,-1.02,0.80,-1.02,0.80,INF,-1,1,7,0
14660,1,1,-9.079,7.671,-0.85,0.72,-0.85,0.72,INF,-1,1,7,0
14680,1,1,-10.667,8.610,-1.00,0.80,-1.00,0.80,INF,-1,1,7,0
14700,1,1,-9.651,7.717,-0.90,0.72,-0.90,0.72,INF,-1,1,7,0
14720,1,1,-8.460,6.270,-0.79,0.59,-0.79,0.59,INF,-1,1,7,0
14740,1,1,-8.786,6.868,-0.82,0.64,-0.82,0.64,INF,-1,1,7,0
14760,1,1,-7.107,7.225,-0.66,0.68,-0.66,0.68,INF,-1,1,7,0
14780,1,1,-8.203,8.880,-0.77,0.83,-0.77,0.83,INF,-1,1,7,0
14800,1,1,-6.186,4.289,-0.58,0.40,-0.58,0.40,INF,-1,1,7,0
14820,1,1,-6.371,5.670,-0.60,0.53,-0.60,0.53,INF,-1,1,7,0
14840,1,1,-3.388,4.522,-0.32,0.42,-0.32,0.42,INF,-1,1,7,0
14860,1,1,-6.684,5.417,-0.62,0.51,-0.62,0.51,INF,-1,1,7,0
14880,1,1,-4.914,4.663,-0.46,0.44,-0.46,0.44,INF,-1,1,7,0
14900,1,1,-2.762,5.040,-0.26,0.47,-0.26,0.47,INF,-1,1,7,0
14920,1,1,-4.471,4.545,-0.42,0.42,-0.42,0.42,INF,-1,1,7,0
14940,1,1,-5.488,5.449,-0.51,0.51,-0.51,0.51,INF,-1,1,7,0
14960,1,1,-4.866,4.665,-0.45,0.44,-0.45,0.44,INF,-1,1,7,0
14980,1,1,-6.136,3.510,-0.57,0.33,-0.57,0.33,INF,-1,1,7,0
