"EyeTracker Toolbox version","3.250"
CalibrationParameters_A11,1.01407
CalibrationParameters_A12,0.04161
CalibrationParameters_A13,0.00632
CalibrationParameters_A21,0.04825
CalibrationParameters_A22,-1.03412
CalibrationParameters_A23,0.02610
CalibrationParameters_A31,0.00016
CalibrationParameters_A32,-0.00036
CalibrationParameters_E11,-0.17996
CalibrationParameters_E12,0.00001
CalibrationParameters_E21,-0.00002
CalibrationParameters_E22,0.19999
CalibrationParameters_X,19.36669
CalibrationParameters_Y,13.01806
CalibrationParameters_Rpc,50.65898
CalibrationParameters_MeanX,159.26665
CalibrationParameters_MeanY,108.36038
CalibrationParameters_ViewDist,613.00000
TimeStamp,Tracked,Calibrated,ScreenPositionXmm,ScreenPositionYmm,FicksLongitude,FicksLatitude,HelmholtzAzimuth,HelmholtzElevation,PupilDiameter,Region,Fixation,DigitalIO,Dropped
0,1,1,60.117,33.006,5.60,3.07,5.59,3.08,INF,-1,0,7,0
20,1,1,59.643,34.310,5.56,3.19,5.55,3.20,INF,-1,0,7,0
40,1,1,59.709,32.630,5.56,3.03,5.56,3.05,INF,-1,0,7,0
60,1,1,58.354,32.715,5.44,3.04,5.43,3.05,INF,-1,0,7,0
80,1,1,57.991,33.565,5.40,3.12,5.40,3.13,INF,-1,0,7,0
100,1,1,58.993,33.770,5.50,3.14,5.49,3.15,INF,-1,0,7,0
120,1,1,60.121,35.115,5.60,3.26,5.59,3.28,INF,-1,0,7,0
140,1,1,18.686,15.942,1.75,1.49,1.75,1.49,INF,-1,0,7,0
160,1,1,0.693,9.261,0.06,0.87,0.06,0.87,INF,-1,0,7,0
180,1,1,1.651,10.371,0.15,0.97,0.15,0.97,INF,-1,0,7,0
200,1,1,-1.016,9.096,-0.09,0.85,-0.09,0.85,INF,-1,0,7,0
220,1,1,0.295,7.641,0.03,0.71,0.03,0.71,INF,-1,0,7,0
240,1,1,2.517,9.064,0.24,0.85,0.24,0.85,INF,-1,0,7,0
260,1,1,1.368,8.523,0.13,0.80,0.13,0.80,INF,-1,0,7,0
280,1,1,1.039,9.648,0.10,0.90,0.10,0.90,INF,-1,0,7,0
300,1,1,1.117,8.223,0.10,0.77,0.10,0.77,INF,-1,0,7,0
320,1,1,-1.320,7.437,-0.12,0.70,-0.12,0.70,INF,-1,0,7,0
340,1,1,-13.843,-2.071,-1.29,-0.19,-1.29,-0.19,INF,-1,0,7,0
360,1,1,-14.157,-1.357,-1.32,-0.13,-1.32,-0.13,INF,-1,0,7,0
380,1,1,-14.508,-2.635,-1.36,-0.25,-1.36,-0.25,INF,-1,0,7,0
400,1,1,-15.399,-1.039,-1.44,-0.10,-1.44,-0.10,INF,-1,0,7,0
420,1,1,-13.987,-1.166,-1.31,-0.11,-1.31,-0.11,INF,-1,0,7,0
440,1,1,-15.304,-2.453,-1.43,-0.23,-1.43,-0.23,INF,-1,0,7,0
460,1,1,-14.814,-2.075,-1.38,-0.19,-1.38,-0.19,INF,-1,1,7,0
480,1,1,8.384,-13.255,0.78,-1.24,0.78,-1.24,INF,-1,0,7,0
500,1,1,10.568,-15.949,0.99,-1.49,0.99,-1.49,INF,-1,0,7,0
520,1,1,8.904,-14.340,0.83,-1.34,0.83,-1.34,INF,-1,0,7,0
540,1,1,9.355,-15.408,0.87,-1.44,0.87,-1.44,INF,-1,0,7,0
560,1,1,8.805,-14.922,0.82,-1.39,0.82,-1.39,INF,-1,0,7,0
580,1,1,10.230,-14.812,0.96,-1.38,0.96,-1.38,INF,-1,0,7,0
600,1,1,8.961,-13.525,0.84,-1.26,0.84,-1.26,INF,-1,0,7,0
620,1,1,9.417,-13.482,0.88,-1.26,0.88,-1.26,INF,-1,0,7,0
640,1,1,8.337,-12.855,0.78,-1.20,0.78,-1.20,INF,-1,0,7,0
660,1,1,9.889,-13.291,0.92,-1.24,0.92,-1.24,INF,-1,0,7,0
680,1,1,20.597,-23.617,1.92,-2.21,1.92,-2.21,INF,-1,0,7,0
700,1,1,22.547,-26.251,2.11,-2.45,2.10,-2.45,INF,-1,0,7,0
720,1,1,22.359,-25.188,2.09,-2.35,2.09,-2.35,INF,-1,0,7,0
740,1,1,24.154,-25.618,2.26,-2.39,2.25,-2.39,INF,-1,0,7,0
760,1,1,22.666,-23.680,2.12,-2.21,2.12,-2.21,INF,-1,0,7,0
780,1,1,21.215,-23.172,1.98,-2.16,1.98,-2.16,INF,-1,0,7,0
800,1,1,20.047,-23.797,1.87,-2.22,1.87,-2.22,INF,-1,1,7,0
820,1,1,22.258,-24.487,2.08,-2.29,2.08,-2.29,INF,-1,1,7,0
840,1,1,22.949,-25.586,2.14,-2.39,2.14,-2.39,INF,-1,1,7,0
860,1,1,22.582,-24.422,2.11,-2.28,2.11,-2.28,INF,-1,1,7,0
880,1,1,-3.448,-12.545,-0.32,-1.17,-0.32,-1.17,INF,-1,1,7,0
900,1,1,-8.633,-8.909,-0.81,-0.83,-0.81,-0.83,INF,-1,1,7,0
920,1,1,-8.791,-8.970,-0.82,-0.84,-0.82,-0.84,INF,-1,0,7,0
940,1,1,-8.188,-6.463,-0.77,-0.60,-0.77,-0.60,INF,-1,0,7,0
960,1,1,-7.830,-9.237,-0.73,-0.86,-0.73,-0.86,INF,-1,0,7,0
980,1,1,-8.390,-9.088,-0.78,-0.85,-0.78,-0.85,INF,-1,0,7,0
1000,1,1,-8.191,-9.462,-0.77,-0.88,-0.77,-0.88,INF,-1,0,7,0
1020,1,1,-7.291,-9.553,-0.68,-0.89,-0.68,-0.89,INF,-1,0,7,0
1040,1,1,-9.563,-8.485,-0.89,-0.79,-0.89,-0.79,INF,-1,0,7,0
1060,1,1,-8.430,-7.281,-0.79,-0.68,-0.79,-0.68,INF,-1,0,7,0
1080,1,1,-9.599,-8.898,-0.90,-0.83,-0.90,-0.83,INF,-1,0,7,0
1100,1,1,-9.527,-9.622,-0.89,-0.90,-0.89,-0.90,INF,-1,0,7,0
1120,1,1,-7.939,-8.437,-0.74,-0.79,-0.74,-0.79,INF,-1,0,7,0
1140,1,1,-7.200,-8.885,-0.67,-0.83,-0.67,-0.83,INF,-1,0,7,0
1160,1,1,-7.442,-8.948,-0.70,-0.84,-0.70,-0.84,INF,-1,1,7,0
1180,1,1,-21.196,-4.423,-1.98,-0.41,-1.98,-0.41,INF,-1,1,7,0
1200,1,1,-24.452,-3.035,-2.28,-0.28,-2.28,-0.28,INF,-1,1,7,0
1220,1,1,-25.527,0.720,-2.38,0.07,-2.38,0.07,INF,-1,0,7,0
1240,1,1,-27.394,-0.758,-2.56,-0.07,-2.56,-0.07,INF,-1,0,7,0
1260,1,1,-26.584,0.661,-2.48,0.06,-2.48,0.06,INF,-1,0,7,0
1280,1,1,-26.670,-1.135,-2.49,-0.11,-2.49,-0.11,INF,-1,0,7,0
1300,1,1,-26.479,-1.410,-2.47,-0.13,-2.47,-0.13,INF,-1,0,7,0
1320,1,1,-26.646,-0.004,-2.49,0.00,-2.49,0.00,INF,-1,0,7,0
1340,1,1,-26.731,-0.642,-2.50,-0.06,-2.50,-0.06,INF,-1,0,7,0
1360,1,1,-26.005,-0.167,-2.43,-0.02,-2.43,-0.02,INF,-1,0,7,0
1380,1,1,-26.090,-0.107,-2.44,-0.01,-2.44,-0.01,INF,-1,0,7,0
1400,1,1,-25.030,-0.708,-2.34,-0.07,-2.34,-0.07,INF,-1,0,7,0
1420,1,1,-24.804,-1.166,-2.32,-0.11,-2.32,-0.11,INF,-1,0,7,0
1440,1,1,-25.272,-0.823,-2.36,-0.08,-2.36,-0.08,INF,-1,0,7,0
1460,1,1,-25.567,-1.207,-2.39,-0.11,-2.39,-0.11,INF,-1,1,7,0
1480,1,1,-34.894,13.487,-3.26,1.26,-3.26,1.26,INF,-1,1,7,0
1500,1,1,-35.873,24.495,-3.35,2.28,-3.35,2.29,INF,-1,1,7,0
1520,1,1,-36.174,25.248,-3.38,2.35,-3.37,2.36,INF,-1,0,7,0
1540,1,1,-36.238,24.754,-3.38,2.31,-3.38,2.31,INF,-1,0,7,0
1560,1,1,-36.386,25.127,-3.40,2.34,-3.39,2.35,INF,-1,0,7,0
1580,1,1,-36.622,24.666,-3.42,2.30,-3.42,2.30,INF,-1,0,7,0
1600,1,1,-37.036,26.304,-3.46,2.45,-3.45,2.46,INF,-1,0,7,0
1620,1,1,-36.807,23.932,-3.44,2.23,-3.43,2.24,INF,-1,0,7,0
1640,1,1,-36.263,24.477,-3.39,2.28,-3.38,2.29,INF,-1,0,7,0
1660,1,1,-39.767,26.370,-3.71,2.46,-3.71,2.46,INF,-1,0,7,0
1680,1,1,-48.325,34.212,-4.51,3.18,-4.50,3.19,INF,-1,0,7,0
1700,1,1,-50.526,35.513,-4.71,3.30,-4.70,3.32,INF,-1,0,7,0
1720,1,1,-49.295,33.800,-4.60,3.15,-4.59,3.16,INF,-1,0,7,0
1740,1,1,-49.243,33.569,-4.59,3.12,-4.59,3.13,INF,-1,0,7,0
1760,1,1,-48.801,33.386,-4.55,3.11,-4.55,3.12,INF,-1,0,7,0
1780,1,1,-49.351,35.332,-4.60,3.29,-4.60,3.30,INF,-1,1,7,0
1800,1,1,-48.959,34.994,-4.57,3.26,-4.56,3.27,INF,-1,1,7,0
1820,1,1,-47.621,33.704,-4.44,3.14,-4.44,3.15,INF,-1,1,7,0
1840,1,1,-48.532,34.346,-4.53,3.20,-4.52,3.21,INF,-1,1,7,0
1860,1,1,-47.243,33.105,-4.41,3.08,-4.40,3.09,INF,-1,1,7,0
1880,1,1,-47.149,31.946,-4.40,2.97,-4.39,2.98,INF,-1,1,7,0
1900,1,1,-50.012,34.440,-4.66,3.21,-4.66,3.22,INF,-1,1,7,0
1920,1,1,-48.225,32.675,-4.50,3.04,-4.49,3.05,INF,-1,1,7,0
1940,1,1,-48.469,33.696,-4.52,3.14,-4.51,3.15,INF,-1,1,7,0
1960,1,1,-46.303,30.571,-4.32,2.85,-4.31,2.86,INF,-1,1,7,0
1980,1,1,-19.035,21.575,-1.78,2.01,-1.78,2.02,INF,-1,1,7,0
2000,1,1,-19.767,19.293,-1.85,1.80,-1.85,1.80,INF,-1,1,7,0
2020,1,1,-18.300,19.611,-1.71,1.83,-1.71,1.83,INF,-1,0,7,0
2040,1,1,-20.410,17.659,-1.91,1.65,-1.91,1.65,INF,-1,0,7,0
2060,1,1,-19.842,20.664,-1.85,1.93,-1.85,1.93,INF,-1,0,7,0
2080,1,1,-20.988,18.658,-1.96,1.74,-1.96,1.74,INF,-1,0,7,0
2100,1,1,-20.935,19.322,-1.96,1.80,-1.96,1.81,INF,-1,0,7,0
2120,1,1,-19.682,18.940,-1.84,1.77,-1.84,1.77,INF,-1,0,7,0
2140,1,1,-19.127,21.664,-1.79,2.02,-1.79,2.02,INF,-1,0,7,0
2160,1,1,-19.125,21.868,-1.79,2.04,-1.79,2.04,INF,-1,0,7,0
2180,1,1,-18.716,19.345,-1.75,1.81,-1.75,1.81,INF,-1,0,7,0
2200,1,1,-19.359,21.370,-1.81,2.00,-1.81,2.00,INF,-1,0,7,0
2220,1,1,-18.622,21.145,-1.74,1.97,-1.74,1.98,INF,-1,0,7,0
2240,1,1,-19.361,20.961,-1.81,1.96,-1.81,1.96,INF,-1,0,7,0
2260,1,1,-17.565,19.550,-1.64,1.83,-1.64,1.83,INF,-1,1,7,0
2280,1,1,-18.205,9.987,-1.70,0.93,-1.70,0.93,INF,-1,1,7,0
2300,1,1,-17.134,9.276,-1.60,0.87,-1.60,0.87,INF,-1,1,7,0
2320,1,1,-16.846,7.505,-1.57,0.70,-1.57,0.70,INF,-1,0,7,0
2340,1,1,-16.695,8.450,-1.56,0.79,-1.56,0.79,INF,-1,0,7,0
2360,1,1,-15.884,9.635,-1.48,0.90,-1.48,0.90,INF,-1,0,7,0
2380,1,1,-17.383,9.656,-1.62,0.90,-1.62,0.90,INF,-1,0,7,0
2400,1,1,-18.322,8.244,-1.71,0.77,-1.71,0.77,INF,-1,0,7,0
2420,1,1,-17.482,8.937,-1.63,0.83,-1.63,0.84,INF,-1,0,7,0
2440,1,1,-17.813,9.086,-1.66,0.85,-1.66,0.85,INF,-1,0,7,0
2460,1,1,-18.374,7.385,-1.72,0.69,-1.72,0.69,INF,-1,0,7,0
2480,1,1,-16.356,8.917,-1.53,0.83,-1.53,0.83,INF,-1,0,7,0
2500,1,1,-17.657,9.815,-1.65,0.92,-1.65,0.92,INF,-1,0,7,0
2520,1,1,-15.497,7.750,-1.45,0.72,-1.45,0.72,INF,-1,0,7,0
2540,1,1,-17.224,8.146,-1.61,0.76,-1.61,0.76,INF,-1,0,7,0
2560,1,1,-16.397,10.324,-1.53,0.96,-1.53,0.96,INF,-1,1,7,0
2580,1,1,-17.268,9.842,-1.61,0.92,-1.61,0.92,INF,-1,1,7,0
2600,1,1,-17.030,8.956,-1.59,0.84,-1.59,0.84,INF,-1,1,7,0
2620,1,1,-17.338,9.151,-1.62,0.85,-1.62,0.86,INF,-1,1,7,0
2640,1,1,-19.491,9.907,-1.82,0.93,-1.82,0.93,INF,-1,1,7,0
2660,1,1,-16.124,10.325,-1.51,0.96,-1.51,0.96,INF,-1,1,7,0
2680,1,1,-15.634,9.590,-1.46,0.90,-1.46,0.90,INF,-1,1,7,0
2700,1,1,-9.957,3.680,-0.93,0.34,-0.93,0.34,INF,-1,1,7,0
2720,1,1,3.226,-7.500,0.30,-0.70,0.30,-0.70,INF,-1,1,7,0
2740,1,1,4.845,-7.239,0.45,-0.68,0.45,-0.68,INF,-1,1,7,0
2760,1,1,3.740,-7.792,0.35,-0.73,0.35,-0.73,INF,-1,0,7,0
2780,1,1,3.952,-8.443,0.37,-0.79,0.37,-0.79,INF,-1,0,7,0
2800,1,1,3.872,-9.186,0.36,-0.86,0.36,-0.86,INF,-1,0,7,0
2820,1,1,3.627,-10.344,0.34,-0.97,0.34,-0.97,INF,-1,0,7,0
2840,1,1,2.836,-10.119,0.27,-0.95,0.27,-0.95,INF,-1,0,7,0
2860,1,1,3.278,-9.139,0.31,-0.85,0.31,-0.85,INF,-1,0,7,0
2880,1,1,1.768,-10.280,0.17,-0.96,0.17,-0.96,INF,-1,0,7,0
2900,1,1,1.895,-10.083,0.18,-0.94,0.18,-0.94,INF,-1,0,7,0
2920,1,1,1.884,-11.026,0.18,-1.03,0.18,-1.03,INF,-1,0,7,0
2940,1,1,3.901,-10.709,0.36,-1.00,0.36,-1.00,INF,-1,0,7,0
2960,1,1,2.650,-10.915,0.25,-1.02,0.25,-1.02,INF,-1,0,7,0
2980,1,1,1.667,-12.114,0.16,-1.13,0.16,-1.13,INF,-1,0,7,0
3000,1,1,15.420,-15.999,1.44,-1.49,1.44,-1.50,INF,-1,1,7,0
3020,1,1,13.621,-15.496,1.27,-1.45,1.27,-1.45,INF,-1,1,7,0
3040,1,1,14.723,-14.688,1.38,-1.37,1.38,-1.37,INF,-1,0,7,0
3060,1,1,13.763,-17.226,1.29,-1.61,1.29,-1.61,INF,-1,0,7,0
3080,1,1,13.414,-17.238,1.25,-1.61,1.25,-1.61,INF,-1,0,7,0
3100,1,1,13.340,-16.227,1.25,-1.52,1.25,-1.52,INF,-1,0,7,0
3120,1,1,13.325,-15.715,1.25,-1.47,1.24,-1.47,INF,-1,0,7,0
3140,1,1,12.774,-14.412,1.19,-1.35,1.19,-1.35,INF,-1,0,7,0
3160,1,1,13.281,-15.509,1.24,-1.45,1.24,-1.45,INF,-1,0,7,0
3180,1,1,14.673,-15.799,1.37,-1.48,1.37,-1.48,INF,-1,0,7,0
3200,1,1,14.607,-16.632,1.36,-1.55,1.36,-1.55,INF,-1,0,7,0
3220,1,1,12.132,-15.242,1.13,-1.42,1.13,-1.42,INF,-1,0,7,0
3240,1,1,9.955,-14.173,0.93,-1.32,0.93,-1.32,INF,-1,0,7,0
3260,1,1,9.618,-14.017,0.90,-1.31,0.90,-1.31,INF,-1,0,7,0
3280,1,1,10.698,-14.329,1.00,-1.34,1.00,-1.34,INF,-1,1,7,0
3300,1,1,8.433,-14.245,0.79,-1.33,0.79,-1.33,INF,-1,1,7,0
3320,1,1,8.317,-15.119,0.78,-1.41,0.78,-1.41,INF,-1,1,7,0
3340,1,1,9.762,-12.546,0.91,-1.17,0.91,-1.17,INF,-1,1,7,0
3360,1,1,10.591,-14.239,0.99,-1.33,0.99,-1.33,INF,-1,1,7,0
3380,1,1,9.640,-13.083,0.90,-1.22,0.90,-1.22,INF,-1,1,7,0
3400,1,1,9.402,-13.804,0.88,-1.29,0.88,-1.29,INF,-1,1,7,0
3420,1,1,9.771,-13.904,0.91,-1.30,0.91,-1.30,INF,-1,1,7,0
3440,1,1,8.594,-14.445,0.80,-1.35,0.80,-1.35,INF,-1,1,7,0
3460,1,1,8.734,-12.631,0.82,-1.18,0.82,-1.18,INF,-1,1,7,0
3480,1,1,8.759,-12.810,0.82,-1.20,0.82,-1.20,INF,-1,1,7,0
3500,1,1,11.348,-12.955,1.06,-1.21,1.06,-1.21,INF,-1,1,7,0
3520,1,1,7.729,-18.864,0.72,-1.76,0.72,-1.76,INF,-1,1,7,0
3540,1,1,6.165,-22.830,0.58,-2.13,0.58,-2.13,INF,-1,1,7,0
3560,1,1,6.285,-23.072,0.59,-2.16,0.59,-2.16,INF,-1,1,7,0
3580,1,1,5.397,-23.072,0.50,-2.16,0.50,-2.16,INF,-1,0,7,0
3600,1,1,5.996,-23.590,0.56,-2.20,0.56,-2.20,INF,-1,0,7,0
3620,1,1,6.854,-23.006,0.64,-2.15,0.64,-2.15,INF,-1,0,7,0
3640,1,1,5.545,-22.954,0.52,-2.14,0.52,-2.14,INF,-1,0,7,0
3660,1,1,5.188,-21.699,0.48,-2.03,0.48,-2.03,INF,-1,0,7,0
3680,1,1,5.834,-23.317,0.55,-2.18,0.54,-2.18,INF,-1,0,7,0
3700,1,1,4.384,-22.625,0.41,-2.11,0.41,-2.11,INF,-1,0,7,0
3720,1,1,6.958,-22.405,0.65,-2.09,0.65,-2.09,INF,-1,0,7,0
3740,1,1,9.565,-21.239,0.89,-1.98,0.89,-1.98,INF,-1,0,7,0
3760,1,1,22.980,-17.901,2.15,-1.67,2.15,-1.67,INF,-1,0,7,0
3780,1,1,24.972,-18.734,2.33,-1.75,2.33,-1.75,INF,-1,0,7,0
3800,1,1,24.133,-18.759,2.25,-1.75,2.25,-1.75,INF,-1,0,7,0
3820,1,1,21.623,-18.585,2.02,-1.74,2.02,-1.74,INF,-1,0,7,0
3840,1,1,21.937,-20.041,2.05,-1.87,2.05,-1.87,INF,-1,0,7,0
3860,1,1,23.575,-20.474,2.20,-1.91,2.20,-1.91,INF,-1,0,7,0
3880,1,1,21.652,-17.369,2.02,-1.62,2.02,-1.62,INF,-1,1,7,0
3900,1,1,20.665,-18.037,1.93,-1.68,1.93,-1.69,INF,-1,1,7,0
3920,1,1,20.572,-18.789,1.92,-1.75,1.92,-1.76,INF,-1,1,7,0
3940,1,1,14.777,-14.576,1.38,-1.36,1.38,-1.36,INF,-1,1,7,0
3960,1,1,14.333,-13.198,1.34,-1.23,1.34,-1.23,INF,-1,1,7,0
3980,1,1,14.546,-12.598,1.36,-1.18,1.36,-1.18,INF,-1,1,7,0
4000,1,1,15.445,-12.841,1.44,-1.20,1.44,-1.20,INF,-1,1,7,0
4020,1,1,14.739,-13.386,1.38,-1.25,1.38,-1.25,INF,-1,1,7,0
4040,1,1,14.302,-13.573,1.34,-1.27,1.34,-1.27,INF,-1,1,7,0
4060,1,1,13.916,-13.215,1.30,-1.23,1.30,-1.23,INF,-1,1,7,0
4080,1,1,14.449,-12.640,1.35,-1.18,1.35,-1.18,INF,-1,1,7,0
4100,1,1,12.937,-13.349,1.21,-1.25,1.21,-1.25,INF,-1,1,7,0
4120,1,1,15.076,-13.378,1.41,-1.25,1.41,-1.25,INF,-1,1,7,0
4140,1,1,11.496,-12.767,1.07,-1.19,1.07,-1.19,INF,-1,1,7,0
4160,1,1,9.289,-11.782,0.87,-1.10,0.87,-1.10,INF,-1,1,7,0
4180,1,1,8.749,-12.829,0.82,-1.20,0.82,-1.20,INF,-1,1,7,0
4200,1,1,11.371,-12.382,1.06,-1.16,1.06,-1.16,INF,-1,1,7,0
4220,1,1,9.125,-11.875,0.85,-1.11,0.85,-1.11,INF,-1,1,7,0
4240,1,1,8.770,-12.971,0.82,-1.21,0.82,-1.21,INF,-1,1,7,0
4260,1,1,8.938,-12.503,0.84,-1.17,0.84,-1.17,INF,-1,1,7,0
4280,1,1,8.469,-11.011,0.79,-1.03,0.79,-1.03,INF,-1,1,7,0
4300,1,1,10.422,-12.374,0.97,-1.16,0.97,-1.16,INF,-1,1,7,0
4320,1,1,9.127,-13.533,0.85,-1.26,0.85,-1.26,INF,-1,1,7,0
4340,1,1,8.009,-13.850,0.75,-1.29,0.75,-1.29,INF,-1,1,7,0
4360,1,1,9.677,-11.560,0.90,-1.08,0.90,-1.08,INF,-1,1,7,0
4380,1,1,9.810,-11.596,0.92,-1.08,0.92,-1.08,INF,-1,1,7,0
4400,1,1,11.002,-13.836,1.03,-1.29,1.03,-1.29,INF,-1,1,7,0
4420,1,1,9.928,-10.900,0.93,-1.02,0.93,-1.02,INF,-1,1,7,0
4440,1,1,7.666,-11.766,0.72,-1.10,0.72,-1.10,INF,-1,1,7,0
4460,1,1,9.522,-9.979,0.89,-0.93,0.89,-0.93,INF,-1,0,7,0
4480,1,1,8.717,-11.214,0.81,-1.05,0.81,-1.05,INF,-1,0,7,0
4500,1,1,9.441,-9.818,0.88,-0.92,0.88,-0.92,INF,-1,0,7,0
4520,1,1,9.949,-11.021,0.93,-1.03,0.93,-1.03,INF,-1,0,7,0
4540,1,1,9.250,-11.690,0.86,-1.09,0.86,-1.09,INF,-1,0,7,0
4560,1,1,9.275,-10.708,0.87,-1.00,0.87,-1.00,INF,-1,0,7,0
4580,1,1,10.429,-11.068,0.97,-1.03,0.97,-1.03,INF,-1,0,7,0
4600,1,1,10.713,-10.719,1.00,-1.00,1.00,-1.00,INF,-1,0,7,0
4620,1,1,12.215,-12.198,1.14,-1.14,1.14,-1.14,INF,-1,0,7,0
4640,1,1,10.304,-11.609,0.96,-1.08,0.96,-1.08,INF,-1,0,7,0
4660,1,1,10.110,-10.435,0.94,-0.98,0.94,-0.98,INF,-1,0,7,0
4680,1,1,17.892,-12.730,1.67,-1.19,1.67,-1.19,INF,-1,0,7,0
4700,1,1,18.884,-11.620,1.76,-1.09,1.76,-1.09,INF,-1,1,7,0
4720,1,1,18.417,-10.392,1.72,-0.97,1.72,-0.97,INF,-1,1,7,0
4740,1,1,18.545,-11.674,1.73,-1.09,1.73,-1.09,INF,-1,1,7,0
4760,1,1,18.100,-13.245,1.69,-1.24,1.69,-1.24,INF,-1,1,7,0
4780,1,1,18.732,-10.647,1.75,-0.99,1.75,-1.00,INF,-1,1,7,0
4800,1,1,17.877,-12.923,1.67,-1.21,1.67,-1.21,INF,-1,1,7,0
4820,1,1,19.690,-11.223,1.84,-1.05,1.84,-1.05,INF,-1,1,7,0
4840,1,1,18.363,-9.876,1.72,-0.92,1.72,-0.92,INF,-1,1,7,0
4860,1,1,18.708,-10.406,1.75,-0.97,1.75,-0.97,INF,-1,1,7,0
4880,1,1,18.903,-13.065,1.77,-1.22,1.77,-1.22,INF,-1,1,7,0
4900,1,1,16.089,-11.749,1.50,-1.10,1.50,-1.10,INF,-1,1,7,0
4920,1,1,13.985,-9.959,1.31,-0.93,1.31,-0.93,INF,-1,1,7,0
4940,1,1,14.322,-9.751,1.34,-0.91,1.34,-0.91,INF,-1,1,7,0
4960,1,1,15.864,-12.353,1.48,-1.15,1.48,-1.15,INF,-1,1,7,0
4980,1,1,13.215,-11.885,1.23,-1.11,1.23,-1.11,INF,-1,1,7,0
5000,1,1,14.865,-10.055,1.39,-0.94,1.39,-0.94,INF,-1,1,7,0
5020,1,1,12.995,-9.910,1.21,-0.93,1.21,-0.93,INF,-1,1,7,0
5040,1,1,14.936,-11.207,1.40,-1.05,1.40,-1.05,INF,-1,1,7,0
5060,1,1,14.297,-10.830,1.34,-1.01,1.34,-1.01,INF,-1,1,7,0
5080,1,1,13.878,-12.528,1.30,-1.17,1.30,-1.17,INF,-1,1,7,0
5100,1,1,13.201,-12.868,1.23,-1.20,1.23,-1.20,INF,-1,1,7,0
5120,1,1,12.129,-9.657,1.13,-0.90,1.13,-0.90,INF,-1,1,7,0
5140,1,1,15.282,-10.428,1.43,-0.97,1.43,-0.97,INF,-1,1,7,0
5160,1,1,14.885,-11.512,1.39,-1.08,1.39,-1.08,INF,-1,1,7,0
5180,1,1,14.320,-12.534,1.34,-1.17,1.34,-1.17,INF,-1,1,7,0
5200,1,1,19.820,-19.677,1.85,-1.84,1.85,-1.84,INF,-1,1,7,0
5220,1,1,19.039,-19.174,1.78,-1.79,1.78,-1.79,INF,-1,1,7,0
5240,1,1,19.561,-18.640,1.83,-1.74,1.83,-1.74,INF,-1,0,7,0
5260,1,1,18.344,-18.447,1.71,-1.72,1.71,-1.72,INF,-1,0,7,0
5280,1,1,20.520,-18.850,1.92,-1.76,1.92,-1.76,INF,-1,0,7,0
5300,1,1,21.606,-17.932,2.02,-1.67,2.02,-1.68,INF,-1,0,7,0
5320,1,1,21.231,-18.333,1.98,-1.71,1.98,-1.71,INF,-1,0,7,0
5340,1,1,20.133,-18.709,1.88,-1.75,1.88,-1.75,INF,-1,0,7,0
5360,1,1,21.058,-18.641,1.97,-1.74,1.97,-1.74,INF,-1,0,7,0
5380,1,1,19.210,-18.256,1.79,-1.70,1.79,-1.71,INF,-1,0,7,0
5400,1,1,20.928,-19.410,1.96,-1.81,1.95,-1.81,INF,-1,0,7,0
5420,1,1,6.400,-19.456,0.60,-1.82,0.60,-1.82,INF,-1,0,7,0
5440,1,1,-15.535,-14.287,-1.45,-1.33,-1.45,-1.34,INF,-1,0,7,0
5460,1,1,-17.574,-12.259,-1.64,-1.15,-1.64,-1.15,INF,-1,0,7,0
5480,1,1,-16.502,-13.794,-1.54,-1.29,-1.54,-1.29,INF,-1,0,7,0
5500,1,1,-17.930,-12.070,-1.68,-1.13,-1.68,-1.13,INF,-1,0,7,0
5520,1,1,-17.202,-12.904,-1.61,-1.21,-1.61,-1.21,INF,-1,0,7,0
5540,1,1,-17.120,-14.056,-1.60,-1.31,-1.60,-1.31,INF,-1,0,7,0
5560,1,1,-16.698,-15.114,-1.56,-1.41,-1.56,-1.41,INF,-1,0,7,0
5580,1,1,-17.075,-13.530,-1.60,-1.26,-1.60,-1.26,INF,-1,0,7,0
5600,1,1,-16.073,-13.693,-1.50,-1.28,-1.50,-1.28,INF,-1,0,7,0
5620,1,1,-18.546,-15.145,-1.73,-1.41,-1.73,-1.42,INF,-1,0,7,0
5640,1,1,-16.793,-12.779,-1.57,-1.19,-1.57,-1.19,INF,-1,1,7,0
5660,1,1,-17.546,-14.572,-1.64,-1.36,-1.64,-1.36,INF,-1,1,7,0
5680,1,1,-16.271,-13.889,-1.52,-1.30,-1.52,-1.30,INF,-1,1,7,0
5700,1,1,-16.685,-13.225,-1.56,-1.24,-1.56,-1.24,INF,-1,1,7,0
5720,1,1,-29.203,-10.897,-2.73,-1.02,-2.73,-1.02,INF,-1,1,7,0
5740,1,1,-31.882,-11.486,-2.98,-1.07,-2.98,-1.07,INF,-1,1,7,0
5760,1,1,-34.814,-10.832,-3.25,-1.01,-3.25,-1.01,INF,-1,0,7,0
5780,1,1,-32.607,-10.019,-3.04,-0.94,-3.04,-0.94,INF,-1,0,7,0
5800,1,1,-35.049,-10.542,-3.27,-0.98,-3.27,-0.99,INF,-1,0,7,0
5820,1,1,-34.552,-11.662,-3.23,-1.09,-3.23,-1.09,INF,-1,0,7,0
5840,1,1,-33.250,-11.529,-3.10,-1.08,-3.10,-1.08,INF,-1,0,7,0
5860,1,1,-34.811,-10.839,-3.25,-1.01,-3.25,-1.01,INF,-1,0,7,0
5880,1,1,-34.403,-12.262,-3.21,-1.14,-3.21,-1.15,INF,-1,0,7,0
5900,1,1,-35.413,-9.886,-3.31,-0.92,-3.31,-0.92,INF,-1,0,7,0
5920,1,1,-33.947,-9.619,-3.17,-0.90,-3.17,-0.90,INF,-1,0,7,0
5940,1,1,-35.104,-10.426,-3.28,-0.97,-3.28,-0.97,INF,-1,0,7,0
5960,1,1,-35.293,-10.319,-3.30,-0.96,-3.29,-0.96,INF,-1,0,7,0
5980,1,1,-33.091,-9.928,-3.09,-0.93,-3.09,-0.93,INF,-1,0,7,0
6000,1,1,-33.863,-10.955,-3.16,-1.02,-3.16,-1.02,INF,-1,1,7,0
6020,1,1,-35.245,-12.034,-3.29,-1.12,-3.29,-1.12,INF,-1,1,7,0
6040,1,1,-34.443,-9.421,-3.22,-0.88,-3.22,-0.88,INF,-1,1,7,0
6060,1,1,-6.739,2.493,-0.63,0.23,-0.63,0.23,INF,-1,1,7,0
6080,1,1,1.924,4.669,0.18,0.44,0.18,0.44,INF,-1,1,7,0
6100,1,1,2.728,4.591,0.25,0.43,0.25,0.43,INF,-1,0,7,0
6120,1,1,1.602,4.478,0.15,0.42,0.15,0.42,INF,-1,0,7,0
6140,1,1,2.113,3.955,0.20,0.37,0.20,0.37,INF,-1,0,7,0
6160,1,1,2.165,5.170,0.20,0.48,0.20,0.48,INF,-1,0,7,0
6180,1,1,2.169,4.730,0.20,0.44,0.20,0.44,INF,-1,0,7,0
6200,1,1,0.700,3.488,0.07,0.33,0.07,0.33,INF,-1,0,7,0
6220,1,1,3.622,4.753,0.34,0.44,0.34,0.44,INF,-1,0,7,0
6240,1,1,1.856,6.367,0.17,0.60,0.17,0.60,INF,-1,0,7,0
6260,1,1,10.276,8.470,0.96,0.79,0.96,0.79,INF,-1,0,7,0
6280,1,1,19.847,14.486,1.85,1.35,1.85,1.35,INF,-1,0,7,0
6300,1,1,19.701,16.969,1.84,1.58,1.84,1.59,INF,-1,0,7,0
6320,1,1,22.208,15.254,2.07,1.42,2.07,1.43,INF,-1,0,7,0
6340,1,1,19.974,17.014,1.87,1.59,1.87,1.59,INF,-1,0,7,0
6360,1,1,20.437,15.385,1.91,1.44,1.91,1.44,INF,-1,0,7,0
6380,1,1,19.424,14.361,1.81,1.34,1.81,1.34,INF,-1,0,7,0
6400,1,1,21.076,13.821,1.97,1.29,1.97,1.29,INF,-1,0,7,0
6420,1,1,18.818,15.212,1.76,1.42,1.76,1.42,INF,-1,1,7,0
6440,1,1,19.749,14.554,1.85,1.36,1.84,1.36,INF,-1,1,7,0
6460,1,1,-0.286,22.212,-0.03,2.08,-0.03,2.08,INF,-1,1,7,0
6480,1,1,-20.152,27.633,-1.88,2.58,-1.88,2.58,INF,-1,1,7,0
6500,1,1,-19.784,31.314,-1.85,2.92,-1.85,2.92,INF,-1,0,7,0
6520,1,1,-23.874,30.512,-2.23,2.85,-2.23,2.85,INF,-1,0,7,0
6540,1,1,-21.143,29.595,-1.98,2.76,-1.97,2.76,INF,-1,0,7,0
6560,1,1,-21.081,29.411,-1.97,2.75,-1.97,2.75,INF,-1,0,7,0
6580,1,1,-23.357,29.121,-2.18,2.72,-2.18,2.72,INF,-1,0,7,0
6600,1,1,-21.095,30.646,-1.97,2.86,-1.97,2.86,INF,-1,0,7,0
6620,1,1,-26.083,28.776,-2.44,2.69,-2.43,2.69,INF,-1,0,7,0
6640,1,1,-50.898,29.761,-4.75,2.77,-4.74,2.78,INF,-1,0,7,0
6660,1,1,-51.916,27.641,-4.84,2.57,-4.84,2.58,INF,-1,0,7,0
6680,1,1,-54.093,30.338,-5.04,2.82,-5.04,2.83,INF,-1,0,7,0
6700,1,1,-50.522,29.451,-4.71,2.74,-4.71,2.75,INF,-1,0,7,0
6720,1,1,-53.395,30.168,-4.98,2.81,-4.97,2.82,INF,-1,0,7,0
6740,1,1,-53.138,30.880,-4.95,2.87,-4.95,2.88,INF,-1,0,7,0
6760,1,1,-52.158,28.795,-4.86,2.68,-4.86,2.69,INF,-1,0,7,0
6780,1,1,-50.614,27.993,-4.72,2.61,-4.72,2.61,INF,-1,0,7,0
6800,1,1,-52.353,29.999,-4.88,2.79,-4.88,2.80,INF,-1,0,7,0
6820,1,1,-52.642,29.570,-4.91,2.75,-4.90,2.76,INF,-1,0,7,0
6840,1,1,-52.049,30.438,-4.85,2.83,-4.85,2.84,INF,-1,0,7,0
6860,1,1,-52.289,29.528,-4.88,2.75,-4.87,2.76,INF,-1,1,7,0
6880,1,1,-52.170,28.735,-4.86,2.67,-4.86,2.68,INF,-1,1,7,0
6900,1,1,-51.666,28.151,-4.82,2.62,-4.81,2.63,INF,-1,1,7,0
6920,1,1,-51.577,28.392,-4.81,2.64,-4.80,2.65,INF,-1,1,7,0
6940,1,1,-51.242,29.391,-4.78,2.74,-4.77,2.75,INF,-1,1,7,0
6960,1,1,-51.650,27.775,-4.82,2.59,-4.81,2.59,INF,-1,1,7,0
6980,1,1,-51.597,28.659,-4.81,2.67,-4.81,2.68,INF,-1,1,7,0
7000,1,1,-52.811,26.707,-4.92,2.49,-4.92,2.49,INF,-1,1,7,0
7020,1,1,-56.950,20.945,-5.31,1.95,-5.30,1.96,INF,-1,1,7,0
7040,1,1,-56.072,22.580,-5.23,2.10,-5.22,2.11,INF,-1,1,7,0
7060,1,1,-53.530,21.381,-4.99,1.99,-4.99,2.00,INF,-1,0,7,0
7080,1,1,-55.683,21.984,-5.19,2.05,-5.19,2.05,INF,-1,0,7,0
7100,1,1,-54.415,19.093,-5.07,1.78,-5.07,1.78,INF,-1,0,7,0
7120,1,1,-55.782,19.944,-5.20,1.86,-5.20,1.86,INF,-1,0,7,0
7140,1,1,-53.745,20.101,-5.01,1.87,-5.01,1.88,INF,-1,0,7,0
7160,1,1,-53.565,21.513,-4.99,2.00,-4.99,2.01,INF,-1,0,7,0
7180,1,1,-54.298,21.102,-5.06,1.96,-5.06,1.97,INF,-1,0,7,0
7200,1,1,-52.999,20.834,-4.94,1.94,-4.94,1.95,INF,-1,0,7,0
7220,1,1,-55.950,20.388,-5.22,1.90,-5.21,1.90,INF,-1,0,7,0
7240,1,1,-53.584,20.670,-5.00,1.92,-4.99,1.93,INF,-1,0,7,0
7260,1,1,-26.307,20.711,-2.46,1.93,-2.46,1.94,INF,-1,0,7,0
7280,1,1,2.787,21.669,0.26,2.02,0.26,2.02,INF,-1,0,7,0
7300,1,1,37.320,22.047,3.48,2.06,3.48,2.06,INF,-1,0,7,0
7320,1,1,38.317,20.532,3.58,1.91,3.57,1.92,INF,-1,0,7,0
7340,1,1,38.524,21.465,3.60,2.00,3.59,2.01,INF,-1,0,7,0
7360,1,1,39.542,20.896,3.69,1.95,3.69,1.95,INF,-1,0,7,0
7380,1,1,36.233,22.325,3.38,2.08,3.38,2.09,INF,-1,0,7,0
7400,1,1,38.715,21.264,3.61,1.98,3.61,1.99,INF,-1,0,7,0
7420,1,1,40.128,21.878,3.75,2.04,3.74,2.04,INF,-1,0,7,0
7440,1,1,40.761,23.237,3.80,2.17,3.80,2.17,INF,-1,0,7,0
7460,1,1,36.625,22.561,3.42,2.10,3.42,2.11,INF,-1,0,7,0
7480,1,1,36.079,22.690,3.37,2.12,3.37,2.12,INF,-1,0,7,0
7500,1,1,38.230,21.407,3.57,2.00,3.57,2.00,INF,-1,0,7,0
7520,1,1,38.096,22.187,3.56,2.07,3.55,2.07,INF,-1,0,7,0
7540,1,1,36.905,22.912,3.45,2.14,3.44,2.14,INF,-1,1,7,0
7560,1,1,37.128,23.326,3.47,2.18,3.46,2.18,INF,-1,1,7,0
7580,1,1,36.346,23.884,3.39,2.23,3.39,2.23,INF,-1,1,7,0
7600,1,1,37.924,23.440,3.54,2.19,3.54,2.19,INF,-1,1,7,0
7620,1,1,38.902,21.697,3.63,2.02,3.63,2.03,INF,-1,1,7,0
7640,1,1,-0.709,24.071,-0.07,2.25,-0.07,2.25,INF,-1,1,7,0
7660,1,1,-17.014,25.384,-1.59,2.37,-1.59,2.37,INF,-1,1,7,0
7680,1,1,-18.547,27.133,-1.73,2.53,-1.73,2.53,INF,-1,0,7,0
7700,1,1,-19.379,26.370,-1.81,2.46,-1.81,2.46,INF,-1,0,7,0
7720,1,1,-21.402,27.591,-2.00,2.58,-2.00,2.58,INF,-1,0,7,0
7740,1,1,-19.062,25.922,-1.78,2.42,-1.78,2.42,INF,-1,0,7,0
7760,1,1,-19.110,25.446,-1.79,2.38,-1.78,2.38,INF,-1,0,7,0
7780,1,1,-19.775,27.678,-1.85,2.58,-1.85,2.59,INF,-1,0,7,0
7800,1,1,-20.200,27.444,-1.89,2.56,-1.89,2.56,INF,-1,0,7,0
7820,1,1,-21.608,26.276,-2.02,2.45,-2.02,2.45,INF,-1,0,7,0
7840,1,1,-18.534,26.925,-1.73,2.51,-1.73,2.52,INF,-1,0,7,0
7860,1,1,-21.271,27.700,-1.99,2.59,-1.99,2.59,INF,-1,0,7,0
7880,1,1,-34.998,25.544,-3.27,2.38,-3.26,2.39,INF,-1,0,7,0
7900,1,1,-33.706,26.095,-3.15,2.43,-3.14,2.44,INF,-1,0,7,0
7920,1,1,-35.071,24.015,-3.27,2.24,-3.27,2.24,INF,-1,0,7,0
7940,1,1,-33.949,24.126,-3.17,2.25,-3.17,2.25,INF,-1,0,7,0
7960,1,1,-36.013,23.249,-3.36,2.17,-3.36,2.17,INF,-1,1,7,0
7980,1,1,-34.881,22.543,-3.26,2.10,-3.25,2.11,INF,-1,1,7,0
8000,1,1,-33.882,23.309,-3.16,2.17,-3.16,2.18,INF,-1,1,7,0
8020,1,1,-35.544,23.807,-3.32,2.22,-3.32,2.22,INF,-1,1,7,0
8040,1,1,-32.405,24.115,-3.03,2.25,-3.02,2.25,INF,-1,1,7,0
8060,1,1,-33.833,22.727,-3.16,2.12,-3.16,2.12,INF,-1,1,7,0
8080,1,1,-33.957,23.521,-3.17,2.19,-3.17,2.20,INF,-1,1,7,0
8100,1,1,-33.681,24.621,-3.14,2.30,-3.14,2.30,INF,-1,1,7,0
8120,1,1,-32.090,23.600,-3.00,2.20,-2.99,2.20,INF,-1,1,7,0
8140,1,1,-45.299,25.677,-4.23,2.39,-4.22,2.40,INF,-1,1,7,0
8160,1,1,-47.428,27.142,-4.42,2.53,-4.42,2.54,INF,-1,1,7,0
8180,1,1,-47.800,25.344,-4.46,2.36,-4.45,2.37,INF,-1,0,7,0
8200,1,1,-45.283,26.902,-4.22,2.51,-4.22,2.51,INF,-1,0,7,0
8220,1,1,-47.214,25.856,-4.40,2.41,-4.40,2.42,INF,-1,0,7,0
8240,1,1,-47.137,26.922,-4.40,2.51,-4.39,2.51,INF,-1,0,7,0
8260,1,1,-46.477,28.486,-4.34,2.65,-4.33,2.66,INF,-1,0,7,0
8280,1,1,-44.628,26.665,-4.16,2.48,-4.16,2.49,INF,-1,0,7,0
8300,1,1,-47.122,26.994,-4.40,2.51,-4.39,2.52,INF,-1,0,7,0
8320,1,1,-44.631,27.551,-4.16,2.57,-4.16,2.57,INF,-1,0,7,0
8340,1,1,-46.992,27.081,-4.38,2.52,-4.38,2.53,INF,-1,0,7,0
8360,1,1,-45.780,27.520,-4.27,2.56,-4.27,2.57,INF,-1,0,7,0
8380,1,1,-47.611,27.453,-4.44,2.56,-4.44,2.56,INF,-1,0,7,0
8400,1,1,-45.818,28.752,-4.27,2.68,-4.27,2.69,INF,-1,0,7,0
8420,1,1,-46.658,29.020,-4.35,2.70,-4.35,2.71,INF,-1,1,7,0
8440,1,1,-47.384,28.625,-4.42,2.67,-4.42,2.67,INF,-1,1,7,0
8460,1,1,-46.440,27.770,-4.33,2.59,-4.33,2.59,INF,-1,1,7,0
8480,1,1,-45.135,27.397,-4.21,2.55,-4.21,2.56,INF,-1,1,7,0
8500,1,1,-46.119,27.349,-4.30,2.55,-4.30,2.55,INF,-1,1,7,0
8520,1,1,-43.129,27.511,-4.02,2.56,-4.02,2.57,INF,-1,1,7,0
8540,1,1,-46.834,28.509,-4.37,2.66,-4.36,2.66,INF,-1,1,7,0
8560,1,1,-46.958,28.807,-4.38,2.68,-4.38,2.69,INF,-1,1,7,0
8580,1,1,-28.815,30.272,-2.69,2.82,-2.69,2.83,INF,-1,1,7,0
8600,1,1,-0.748,32.619,-0.07,3.05,-0.07,3.05,INF,-1,1,7,0
8620,1,1,4.138,33.336,0.39,3.11,0.39,3.11,INF,-1,0,7,0
8640,1,1,1.121,31.378,0.10,2.93,0.10,2.93,INF,-1,0,7,0
8660,1,1,0.342,32.442,0.03,3.03,0.03,3.03,INF,-1,0,7,0
8680,1,1,0.556,32.816,0.05,3.06,0.05,3.06,INF,-1,0,7,0
8700,1,1,0.887,31.462,0.08,2.94,0.08,2.94,INF,-1,0,7,0
8720,1,1,0.699,31.145,0.07,2.91,0.07,2.91,INF,-1,0,7,0
8740,1,1,48.948,31.893,4.57,2.97,4.56,2.98,INF,-1,0,7,0
8760,1,1,50.633,27.106,4.72,2.52,4.72,2.53,INF,-1,0,7,0
8780,1,1,48.682,26.003,4.54,2.42,4.54,2.43,INF,-1,0,7,0
8800,1,1,47.671,26.681,4.45,2.48,4.44,2.49,INF,-1,0,7,0
8820,1,1,47.327,28.669,4.41,2.67,4.41,2.68,INF,-1,0,7,0
8840,1,1,49.809,25.475,4.65,2.37,4.64,2.38,INF,-1,0,7,0
8860,1,1,47.695,27.762,4.45,2.59,4.44,2.59,INF,-1,0,7,0
8880,1,1,48.137,26.085,4.49,2.43,4.49,2.44,INF,-1,0,7,0
8900,1,1,47.297,25.866,4.41,2.41,4.41,2.42,INF,-1,0,7,0
8920,1,1,47.023,25.808,4.39,2.40,4.38,2.41,INF,-1,0,7,0
8940,1,1,47.615,25.047,4.44,2.33,4.44,2.34,INF,-1,0,7,0
8960,1,1,49.384,26.071,4.61,2.43,4.60,2.44,INF,-1,0,7,0
8980,1,1,49.524,26.244,4.62,2.44,4.61,2.45,INF,-1,0,7,0
9000,1,1,48.100,25.963,4.49,2.42,4.48,2.43,INF,-1,0,7,0
9020,1,1,49.055,25.042,4.58,2.33,4.57,2.34,INF,-1,1,7,0
9040,1,1,49.259,27.603,4.59,2.57,4.59,2.58,INF,-1,1,7,0
9060,1,1,50.575,25.735,4.72,2.40,4.71,2.40,INF,-1,1,7,0
9080,1,1,47.081,25.647,4.39,2.39,4.39,2.40,INF,-1,1,7,0
9100,1,1,48.252,23.454,4.50,2.18,4.50,2.19,INF,-1,1,7,0
9120,1,1,49.846,23.949,4.65,2.23,4.65,2.24,INF,-1,1,7,0
9140,1,1,49.759,25.516,4.64,2.38,4.64,2.38,INF,-1,1,7,0
9160,1,1,49.340,25.461,4.60,2.37,4.60,2.38,INF,-1,1,7,0
9180,1,1,48.881,24.113,4.56,2.25,4.56,2.25,INF,-1,1,7,0
9200,1,1,49.854,23.618,4.65,2.20,4.65,2.21,INF,-1,1,7,0
9220,1,1,26.016,25.899,2.43,2.42,2.43,2.42,INF,-1,1,7,0
9240,1,1,3.219,26.448,0.30,2.47,0.30,2.47,INF,-1,1,7,0
9260,1,1,-0.105,29.591,-0.01,2.76,-0.01,2.76,INF,-1,0,7,0
9280,1,1,0.120,29.230,0.01,2.73,0.01,2.73,INF,-1,0,7,0
9300,1,1,0.969,28.986,0.09,2.71,0.09,2.71,INF,-1,0,7,0
9320,1,1,-0.360,29.118,-0.03,2.72,-0.03,2.72,INF,-1,0,7,0
9340,1,1,0.284,30.555,0.03,2.85,0.03,2.85,INF,-1,0,7,0
9360,1,1,0.120,28.801,0.01,2.69,0.01,2.69,INF,-1,0,7,0
9380,1,1,0.424,28.989,0.04,2.71,0.04,2.71,INF,-1,0,7,0
9400,1,1,0.541,29.476,0.05,2.75,0.05,2.75,INF,-1,0,7,0
9420,1,1,1.057,28.808,0.10,2.69,0.10,2.69,INF,-1,0,7,0
9440,1,1,-0.034,29.832,0.00,2.79,0.00,2.79,INF,-1,0,7,0
9460,1,1,0.271,30.021,0.03,2.80,0.03,2.80,INF,-1,0,7,0
9480,1,1,-0.173,29.293,-0.02,2.74,-0.02,2.74,INF,-1,0,7,0
9500,1,1,0.145,29.374,0.01,2.74,0.01,2.74,INF,-1,0,7,0
9520,1,1,-1.884,27.694,-0.18,2.59,-0.18,2.59,INF,-1,1,7,0
9540,1,1,28.385,27.668,2.65,2.58,2.65,2.58,INF,-1,1,7,0
9560,1,1,27.847,27.344,2.60,2.55,2.60,2.55,INF,-1,1,7,0
9580,1,1,26.455,27.459,2.47,2.56,2.47,2.56,INF,-1,0,7,0
9600,1,1,26.755,27.859,2.50,2.60,2.50,2.60,INF,-1,0,7,0
9620,1,1,26.599,26.628,2.48,2.48,2.48,2.49,INF,-1,0,7,0
9640,1,1,26.665,27.769,2.49,2.59,2.49,2.59,INF,-1,0,7,0
9660,1,1,26.023,27.570,2.43,2.57,2.43,2.58,INF,-1,0,7,0
9680,1,1,26.326,27.055,2.46,2.52,2.46,2.53,INF,-1,0,7,0
9700,1,1,26.215,27.001,2.45,2.52,2.45,2.52,INF,-1,0,7,0
9720,1,1,25.387,26.536,2.37,2.48,2.37,2.48,INF,-1,0,7,0
9740,1,1,28.592,26.820,2.67,2.50,2.67,2.51,INF,-1,0,7,0
9760,1,1,26.986,25.498,2.52,2.38,2.52,2.38,INF,-1,0,7,0
9780,1,1,31.095,23.724,2.90,2.21,2.90,2.22,INF,-1,0,7,0
9800,1,1,41.927,15.035,3.91,1.40,3.91,1.41,INF,-1,0,7,0
9820,1,1,44.662,12.411,4.17,1.16,4.17,1.16,INF,-1,1,7,0
9840,1,1,44.413,14.107,4.14,1.31,4.14,1.32,INF,-1,0,7,0
9860,1,1,40.772,13.759,3.81,1.28,3.80,1.29,INF,-1,0,7,0
9880,1,1,43.479,14.576,4.06,1.36,4.06,1.36,INF,-1,0,7,0
9900,1,1,44.843,13.179,4.18,1.23,4.18,1.23,INF,-1,0,7,0
9920,1,1,44.440,14.869,4.15,1.39,4.15,1.39,INF,-1,0,7,0
9940,1,1,41.702,15.006,3.89,1.40,3.89,1.40,INF,-1,0,7,0
9960,1,1,43.463,12.752,4.06,1.19,4.05,1.19,INF,-1,0,7,0
9980,1,1,42.232,14.265,3.94,1.33,3.94,1.33,INF,-1,0,7,0
10000,1,1,44.201,12.617,4.12,1.18,4.12,1.18,INF,-1,0,7,0
10020,1,1,42.564,15.211,3.97,1.42,3.97,1.42,INF,-1,0,7,0
10040,1,1,43.183,14.642,4.03,1.36,4.03,1.37,INF,-1,0,7,0
10060,1,1,42.593,14.636,3.97,1.36,3.97,1.37,INF,-1,0,7,0
10080,1,1,42.919,14.293,4.01,1.33,4.00,1.34,INF,-1,1,7,0
10100,1,1,41.535,15.514,3.88,1.45,3.88,1.45,INF,-1,1,7,0
10120,1,1,45.882,15.695,4.28,1.46,4.28,1.47,INF,-1,1,7,0
10140,1,1,42.040,13.369,3.92,1.25,3.92,1.25,INF,-1,1,7,0
10160,1,1,44.453,13.815,4.15,1.29,4.15,1.29,INF,-1,1,7,0
10180,1,1,42.999,16.883,4.01,1.57,4.01,1.58,INF,-1,1,7,0
10200,1,1,44.773,16.846,4.18,1.57,4.18,1.57,INF,-1,1,7,0
10220,1,1,42.353,13.966,3.95,1.30,3.95,1.31,INF,-1,1,7,0
10240,1,1,41.972,15.020,3.92,1.40,3.92,1.40,INF,-1,1,7,0
10260,1,1,44.140,15.514,4.12,1.45,4.12,1.45,INF,-1,1,7,0
10280,1,1,43.925,13.235,4.10,1.23,4.10,1.24,INF,-1,1,7,0
10300,1,1,55.689,10.370,5.19,0.97,5.19,0.97,INF,-1,1,7,0
10320,1,1,52.139,11.070,4.86,1.03,4.86,1.03,INF,-1,1,7,0
10340,1,1,52.484,11.463,4.89,1.07,4.89,1.07,INF,-1,1,7,0
10360,1,1,50.813,12.280,4.74,1.14,4.74,1.15,INF,-1,1,7,0
10380,1,1,52.515,10.287,4.90,0.96,4.90,0.96,INF,-1,1,7,0
10400,1,1,51.671,11.700,4.82,1.09,4.82,1.09,INF,-1,1,7,0
10420,1,1,52.320,10.746,4.88,1.00,4.88,1.00,INF,-1,1,7,0
10440,1,1,54.942,12.182,5.12,1.13,5.12,1.14,INF,-1,1,7,0
10460,1,1,55.015,12.713,5.13,1.18,5.13,1.19,INF,-1,1,7,0
10480,1,1,51.334,13.059,4.79,1.22,4.79,1.22,INF,-1,1,7,0
10500,1,1,51.311,14.209,4.78,1.32,4.78,1.33,INF,-1,1,7,0
10520,1,1,53.369,13.986,4.98,1.30,4.97,1.31,INF,-1,1,7,0
10540,1,1,52.606,12.124,4.90,1.13,4.90,1.13,INF,-1,1,7,0
10560,1,1,53.026,11.768,4.94,1.10,4.94,1.10,INF,-1,1,7,0
10580,1,1,51.085,12.437,4.76,1.16,4.76,1.16,INF,-1,1,7,0
10600,1,1,52.307,12.601,4.88,1.17,4.88,1.18,INF,-1,1,7,0
10620,1,1,53.177,12.357,4.96,1.15,4.96,1.15,INF,-1,1,7,0
10640,1,1,50.976,11.562,4.75,1.08,4.75,1.08,INF,-1,1,7,0
10660,1,1,50.957,11.330,4.75,1.06,4.75,1.06,INF,-1,1,7,0
10680,1,1,53.624,12.140,5.00,1.13,5.00,1.13,INF,-1,1,7,0
10700,1,1,50.726,12.443,4.73,1.16,4.73,1.16,INF,-1,1,7,0
10720,1,1,50.469,12.905,4.71,1.20,4.71,1.21,INF,-1,1,7,0
10740,1,1,52.601,15.642,4.90,1.46,4.90,1.46,INF,-1,1,7,0
10760,1,1,53.433,11.677,4.98,1.09,4.98,1.09,INF,-1,1,7,0
10780,1,1,51.901,14.669,4.84,1.37,4.84,1.37,INF,-1,1,7,0
10800,1,1,55.952,19.521,5.22,1.82,5.21,1.82,INF,-1,1,7,0
10820,1,1,54.561,23.324,5.09,2.17,5.08,2.18,INF,-1,1,7,0
10840,1,1,54.630,22.229,5.09,2.07,5.09,2.08,INF,-1,0,7,0
10860,1,1,53.767,22.671,5.01,2.11,5.01,2.12,INF,-1,0,7,0
10880,1,1,55.176,23.690,5.14,2.20,5.14,2.21,INF,-1,0,7,0
10900,1,1,54.723,23.025,5.10,2.14,5.10,2.15,INF,-1,0,7,0
10920,1,1,53.234,22.676,4.96,2.11,4.96,2.12,INF,-1,0,7,0
10940,1,1,53.989,21.593,5.03,2.01,5.03,2.02,INF,-1,0,7,0
10960,1,1,54.768,23.310,5.11,2.17,5.10,2.18,INF,-1,0,7,0
10980,1,1,53.173,23.304,4.96,2.17,4.95,2.18,INF,-1,0,7,0
11000,1,1,52.083,22.192,4.86,2.07,4.85,2.07,INF,-1,0,7,0
11020,1,1,52.016,21.852,4.85,2.03,4.85,2.04,INF,-1,0,7,0
11040,1,1,54.879,22.544,5.12,2.10,5.11,2.11,INF,-1,0,7,0
11060,1,1,55.355,20.683,5.16,1.92,5.16,1.93,INF,-1,0,7,0
11080,1,1,45.522,21.513,4.25,2.00,4.24,2.01,INF,-1,1,7,0
11100,1,1,42.966,24.811,4.01,2.31,4.01,2.32,INF,-1,1,7,0
11120,1,1,41.843,25.650,3.90,2.39,3.90,2.40,INF,-1,1,7,0
11140,1,1,41.619,24.889,3.88,2.32,3.88,2.33,INF,-1,0,7,0
11160,1,1,42.355,26.281,3.95,2.45,3.95,2.45,INF,-1,0,7,0
11180,1,1,41.251,23.779,3.85,2.22,3.85,2.22,INF,-1,0,7,0
11200,1,1,42.041,25.305,3.92,2.36,3.92,2.36,INF,-1,0,7,0
11220,1,1,41.647,27.475,3.89,2.56,3.88,2.57,INF,-1,0,7,0
11240,1,1,41.513,24.127,3.87,2.25,3.87,2.25,INF,-1,0,7,0
11260,1,1,43.096,25.830,4.02,2.41,4.02,2.41,INF,-1,0,7,0
11280,1,1,40.074,27.741,3.74,2.59,3.74,2.59,INF,-1,0,7,0
11300,1,1,42.617,26.403,3.98,2.46,3.97,2.47,INF,-1,0,7,0
11320,1,1,41.380,25.079,3.86,2.34,3.86,2.34,INF,-1,0,7,0
11340,1,1,41.773,25.623,3.90,2.39,3.90,2.39,INF,-1,0,7,0
11360,1,1,40.668,24.886,3.80,2.32,3.79,2.32,INF,-1,0,7,0
11380,1,1,43.055,24.756,4.02,2.31,4.01,2.31,INF,-1,1,7,0
11400,1,1,31.215,25.530,2.92,2.38,2.91,2.38,INF,-1,1,7,0
11420,1,1,24.136,26.051,2.25,2.43,2.25,2.43,INF,-1,1,7,0
11440,1,1,23.791,27.139,2.22,2.53,2.22,2.54,INF,-1,0,7,0
11460,1,1,22.936,27.522,2.14,2.57,2.14,2.57,INF,-1,0,7,0
11480,1,1,22.952,27.746,2.14,2.59,2.14,2.59,INF,-1,0,7,0
11500,1,1,23.019,27.034,2.15,2.52,2.15,2.53,INF,-1,0,7,0
11520,1,1,22.184,29.061,2.07,2.71,2.07,2.71,INF,-1,0,7,0
11540,1,1,22.520,28.710,2.10,2.68,2.10,2.68,INF,-1,0,7,0
11560,1,1,22.378,27.994,2.09,2.61,2.09,2.61,INF,-1,0,7,0
11580,1,1,22.890,28.144,2.14,2.63,2.14,2.63,INF,-1,0,7,0
11600,1,1,24.709,30.111,2.31,2.81,2.31,2.81,INF,-1,0,7,0
11620,1,1,-16.940,30.534,-1.58,2.85,-1.58,2.85,INF,-1,0,7,0
11640,1,1,-19.066,29.866,-1.78,2.79,-1.78,2.79,INF,-1,0,7,0
11660,1,1,-19.952,31.059,-1.86,2.90,-1.86,2.90,INF,-1,0,7,0
11680,1,1,-18.829,31.057,-1.76,2.90,-1.76,2.90,INF,-1,0,7,0
11700,1,1,-19.973,31.077,-1.87,2.90,-1.86,2.90,INF,-1,0,7,0
11720,1,1,-19.445,30.590,-1.82,2.86,-1.81,2.86,INF,-1,0,7,0
11740,1,1,-19.628,29.921,-1.83,2.79,-1.83,2.79,INF,-1,0,7,0
11760,1,1,-19.981,29.819,-1.87,2.78,-1.86,2.78,INF,-1,0,7,0
11780,1,1,-20.189,31.581,-1.89,2.95,-1.88,2.95,INF,-1,0,7,0
11800,1,1,-34.735,32.374,-3.24,3.02,-3.24,3.02,INF,-1,0,7,0
11820,1,1,-40.839,31.969,-3.81,2.98,-3.81,2.99,INF,-1,1,7,0
11840,1,1,-40.886,32.202,-3.82,3.00,-3.81,3.01,INF,-1,0,7,0
11860,1,1,-37.101,31.440,-3.46,2.93,-3.46,2.94,INF,-1,0,7,0
11880,1,1,-38.710,29.979,-3.61,2.79,-3.61,2.80,INF,-1,0,7,0
11900,1,1,-36.936,32.381,-3.45,3.02,-3.44,3.02,INF,-1,0,7,0
11920,1,1,-37.720,32.311,-3.52,3.01,-3.52,3.02,INF,-1,0,7,0
11940,1,1,-39.561,30.289,-3.69,2.82,-3.69,2.83,INF,-1,0,7,0
11960,1,1,-40.773,30.964,-3.81,2.89,-3.80,2.89,INF,-1,0,7,0
11980,1,1,-37.647,30.864,-3.51,2.88,-3.51,2.88,INF,-1,0,7,0
12000,1,1,-37.875,29.954,-3.54,2.79,-3.53,2.80,INF,-1,0,7,0
12020,1,1,-55.102,32.067,-5.14,2.98,-5.13,2.99,INF,-1,0,7,0
12040,1,1,-57.247,32.980,-5.34,3.07,-5.33,3.08,INF,-1,0,7,0
12060,1,1,-58.052,33.698,-5.41,3.13,-5.40,3.15,INF,-1,0,7,0
12080,1,1,-56.296,34.997,-5.25,3.25,-5.24,3.27,INF,-1,0,7,0
12100,1,1,-57.438,34.485,-5.35,3.21,-5.34,3.22,INF,-1,0,7,0
12120,1,1,-55.162,33.692,-5.14,3.13,-5.13,3.15,INF,-1,0,7,0
12140,1,1,-56.561,36.480,-5.27,3.39,-5.26,3.41,INF,-1,1,7,0
12160,1,1,-56.436,34.599,-5.26,3.22,-5.25,3.23,INF,-1,1,7,0
12180,1,1,-55.595,34.749,-5.18,3.23,-5.17,3.24,INF,-1,1,7,0
12200,1,1,-56.035,34.980,-5.22,3.25,-5.21,3.27,INF,-1,1,7,0
12220,1,1,-56.146,35.899,-5.23,3.34,-5.22,3.35,INF,-1,1,7,0
12240,1,1,-56.473,35.266,-5.26,3.28,-5.25,3.29,INF,-1,1,7,0
12260,1,1,-55.510,32.924,-5.17,3.06,-5.17,3.07,INF,-1,1,7,0
12280,1,1,-55.389,34.386,-5.16,3.20,-5.16,3.21,INF,-1,1,7,0
12300,1,1,-55.289,34.759,-5.15,3.23,-5.15,3.25,INF,-1,1,7,0
12320,1,1,-55.755,34.089,-5.20,3.17,-5.19,3.18,INF,-1,1,7,0
12340,1,1,-54.852,34.159,-5.11,3.18,-5.11,3.19,INF,-1,1,7,0
12360,1,1,-55.150,33.814,-5.14,3.14,-5.13,3.16,INF,-1,1,7,0
12380,1,1,-53.697,35.235,-5.01,3.28,-5.00,3.29,INF,-1,1,7,0
12400,1,1,-54.689,34.651,-5.10,3.22,-5.09,3.24,INF,-1,1,7,0
12420,1,1,-55.672,36.478,-5.19,3.39,-5.18,3.41,INF,-1,1,7,0
12440,1,1,-54.432,34.060,-5.07,3.17,-5.07,3.18,INF,-1,1,7,0
12460,1,1,-54.769,35.425,-5.11,3.29,-5.10,3.31,INF,-1,1,7,0
12480,1,1,-54.115,34.030,-5.04,3.17,-5.04,3.18,INF,-1,1,7,0
12500,1,1,-54.292,34.120,-5.06,3.17,-5.05,3.19,INF,-1,1,7,0
12520,1,1,-53.422,34.966,-4.98,3.25,-4.97,3.26,INF,-1,1,7,0
12540,1,1,-53.620,33.669,-5.00,3.13,-4.99,3.14,INF,-1,1,7,0
12560,1,1,-54.958,33.861,-5.12,3.15,-5.12,3.16,INF,-1,1,7,0
12580,1,1,-53.297,33.015,-4.97,3.07,-4.96,3.08,INF,-1,1,7,0
12600,1,1,-53.606,33.755,-5.00,3.14,-4.99,3.15,INF,-1,1,7,0
12620,1,1,-53.247,34.340,-4.96,3.19,-4.96,3.21,INF,-1,1,7,0
12640,1,1,-53.040,34.496,-4.95,3.21,-4.94,3.22,INF,-1,1,7,0
12660,1,1,-43.044,34.952,-4.02,3.26,-4.01,3.26,INF,-1,1,7,0
12680,1,1,-31.664,36.032,-2.96,3.36,-2.95,3.36,INF,-1,1,7,0
12700,1,1,-31.139,36.675,-2.91,3.42,-2.90,3.42,INF,-1,1,7,0
12720,1,1,-30.762,37.393,-2.87,3.49,-2.87,3.49,INF,-1,0,7,0
12740,1,1,-31.812,38.125,-2.97,3.55,-2.96,3.56,INF,-1,0,7,0
12760,1,1,-30.150,34.678,-2.82,3.23,-2.81,3.24,INF,-1,0,7,0
12780,1,1,-29.838,35.759,-2.79,3.33,-2.78,3.34,INF,-1,0,7,0
12800,1,1,-28.900,34.954,-2.70,3.26,-2.69,3.26,INF,-1,0,7,0
12820,1,1,-30.625,36.326,-2.86,3.39,-2.86,3.39,INF,-1,0,7,0
12840,1,1,-29.308,35.054,-2.74,3.27,-2.73,3.27,INF,-1,0,7,0
12860,1,1,-32.037,35.524,-2.99,3.31,-2.99,3.32,INF,-1,0,7,0
12880,1,1,-28.530,35.872,-2.66,3.35,-2.66,3.35,INF,-1,0,7,0
12900,1,1,-31.292,36.293,-2.92,3.38,-2.92,3.39,INF,-1,0,7,0
12920,1,1,-31.407,33.217,-2.93,3.10,-2.93,3.10,INF,-1,0,7,0
12940,1,1,-31.538,34.649,-2.95,3.23,-2.94,3.24,INF,-1,0,7,0
12960,1,1,-29.729,35.798,-2.78,3.34,-2.77,3.34,INF,-1,1,7,0
12980,1,1,-32.585,32.656,-3.04,3.05,-3.04,3.05,INF,-1,1,7,0
13000,1,1,0.589,19.833,0.06,1.85,0.06,1.85,INF,-1,1,7,0
13020,1,1,7.879,1.999,0.74,0.19,0.74,0.19,INF,-1,1,7,0
13040,1,1,22.194,-6.675,2.07,-0.62,2.07,-0.62,INF,-1,0,7,0
13060,1,1,22.703,-9.942,2.12,-0.93,2.12,-0.93,INF,-1,0,7,0
13080,1,1,22.912,-10.722,2.14,-1.00,2.14,-1.00,INF,-1,0,7,0
13100,1,1,22.199,-10.544,2.07,-0.98,2.07,-0.99,INF,-1,0,7,0
13120,1,1,19.143,-12.336,1.79,-1.15,1.79,-1.15,INF,-1,0,7,0
13140,1,1,18.377,-12.552,1.72,-1.17,1.72,-1.17,INF,-1,0,7,0
13160,1,1,18.600,-11.962,1.74,-1.12,1.74,-1.12,INF,-1,0,7,0
13180,1,1,17.502,-10.120,1.64,-0.95,1.64,-0.95,INF,-1,0,7,0
13200,1,1,19.562,-10.599,1.83,-0.99,1.83,-0.99,INF,-1,0,7,0
13220,1,1,27.245,-15.022,2.54,-1.40,2.54,-1.40,INF,-1,0,7,0
13240,1,1,31.417,-19.242,2.93,-1.80,2.93,-1.80,INF,-1,0,7,0
13260,1,1,29.011,-19.974,2.71,-1.86,2.71,-1.87,INF,-1,0,7,0
13280,1,1,30.635,-18.990,2.86,-1.77,2.86,-1.77,INF,-1,0,7,0
13300,1,1,32.576,-17.971,3.04,-1.68,3.04,-1.68,INF,-1,0,7,0
13320,1,1,30.197,-17.021,2.82,-1.59,2.82,-1.59,INF,-1,1,7,0
13340,1,1,30.726,-19.557,2.87,-1.83,2.87,-1.83,INF,-1,1,7,0
13360,1,1,29.929,-18.825,2.80,-1.76,2.79,-1.76,INF,-1,1,7,0
13380,1,1,30.785,-19.368,2.88,-1.81,2.87,-1.81,INF,-1,1,7,0
13400,1,1,29.557,-18.515,2.76,-1.73,2.76,-1.73,INF,-1,1,7,0
13420,1,1,30.741,-19.139,2.87,-1.79,2.87,-1.79,INF,-1,1,7,0
13440,1,1,28.971,-18.086,2.71,-1.69,2.70,-1.69,INF,-1,1,7,0
13460,1,1,30.869,-19.473,2.88,-1.82,2.88,-1.82,INF,-1,1,7,0
13480,1,1,29.560,-20.626,2.76,-1.92,2.76,-1.93,INF,-1,1,7,0
13500,1,1,30.259,-19.046,2.83,-1.78,2.82,-1.78,INF,-1,1,7,0
13520,1,1,21.953,-23.936,2.05,-2.23,2.05,-2.24,INF,-1,1,7,0
13540,1,1,20.619,-23.516,1.93,-2.20,1.93,-2.20,INF,-1,1,7,0
13560,1,1,20.716,-24.477,1.94,-2.29,1.93,-2.29,INF,-1,0,7,0
13580,1,1,19.378,-23.605,1.81,-2.20,1.81,-2.21,INF,-1,0,7,0
13600,1,1,21.605,-24.589,2.02,-2.30,2.02,-2.30,INF,-1,0,7,0
13620,1,1,20.471,-24.475,1.91,-2.29,1.91,-2.29,INF,-1,0,7,0
13640,1,1,20.498,-23.825,1.92,-2.22,1.91,-2.23,INF,-1,0,7,0
13660,1,1,19.969,-24.166,1.87,-2.26,1.86,-2.26,INF,-1,0,7,0
13680,1,1,19.915,-24.707,1.86,-2.31,1.86,-2.31,INF,-1,0,7,0
13700,1,1,20.449,-22.608,1.91,-2.11,1.91,-2.11,INF,-1,0,7,0
13720,1,1,20.796,-23.715,1.94,-2.21,1.94,-2.22,INF,-1,0,7,0
13740,1,1,20.388,-24.420,1.90,-2.28,1.90,-2.28,INF,-1,0,7,0
13760,1,1,20.542,-22.047,1.92,-2.06,1.92,-2.06,INF,-1,0,7,0
13780,1,1,18.717,-22.678,1.75,-2.12,1.75,-2.12,INF,-1,0,7,0
13800,1,1,24.388,-23.706,2.28,-2.21,2.28,-2.21,INF,-1,1,7,0
13820,1,1,38.595,-28.763,3.60,-2.68,3.60,-2.69,INF,-1,1,7,0
13840,1,1,39.236,-32.481,3.66,-3.03,3.66,-3.03,INF,-1,1,7,0
13860,1,1,40.444,-31.050,3.77,-2.89,3.77,-2.90,INF,-1,0,7,0
13880,1,1,41.061,-31.101,3.83,-2.90,3.83,-2.90,INF,-1,0,7,0
13900,1,1,41.375,-31.814,3.86,-2.96,3.86,-2.97,INF,-1,0,7,0
13920,1,1,42.738,-31.460,3.99,-2.93,3.98,-2.94,INF,-1,0,7,0
13940,1,1,41.858,-32.494,3.91,-3.03,3.90,-3.03,INF,-1,0,7,0
13960,1,1,41.174,-31.064,3.84,-2.89,3.84,-2.90,INF,-1,0,7,0
13980,1,1,42.439,-33.541,3.96,-3.12,3.95,-3.13,INF,-1,0,7,0
14000,1,1,40.476,-32.296,3.78,-3.01,3.77,-3.02,INF,-1,0,7,0
14020,1,1,41.925,-31.859,3.91,-2.97,3.91,-2.98,INF,-1,0,7,0
14040,1,1,42.287,-31.311,3.95,-2.92,3.94,-2.92,INF,-1,0,7,0
14060,1,1,42.574,-31.567,3.97,-2.94,3.97,-2.95,INF,-1,0,7,0
14080,1,1,52.731,-32.981,4.92,-3.07,4.91,-3.08,INF,-1,0,7,0
14100,1,1,54.274,-33.397,5.06,-3.11,5.05,-3.12,INF,-1,1,7,0
14120,1,1,53.561,-35.031,4.99,-3.26,4.99,-3.27,INF,-1,1,7,0
14140,1,1,51.809,-33.330,4.83,-3.10,4.82,-3.11,INF,-1,1,7,0
14160,1,1,53.257,-33.631,4.97,-3.13,4.96,-3.14,INF,-1,1,7,0
14180,1,1,52.644,-33.891,4.91,-3.15,4.90,-3.16,INF,-1,1,7,0
14200,1,1,52.692,-33.358,4.91,-3.10,4.91,-3.11,INF,-1,1,7,0
14220,1,1,50.790,-33.346,4.74,-3.10,4.73,-3.11,INF,-1,1,7,0
14240,1,1,51.291,-30.287,4.78,-2.82,4.78,-2.83,INF,-1,1,7,0
14260,1,1,53.451,-32.195,4.98,-3.00,4.98,-3.01,INF,-1,1,7,0
14280,1,1,52.614,-35.146,4.91,-3.27,4.90,-3.28,INF,-1,1,7,0
14300,1,1,52.217,-34.015,4.87,-3.16,4.86,-3.18,INF,-1,1,7,0
14320,1,1,53.624,-33.490,5.00,-3.12,4.99,-3.13,INF,-1,1,7,0
14340,1,1,53.831,-34.427,5.02,-3.20,5.01,-3.21,INF,-1,1,7,0
14360,1,1,52.948,-32.706,4.94,-3.04,4.93,-3.05,INF,-1,0,7,0
14380,1,1,51.976,-32.677,4.85,-3.04,4.84,-3.05,INF,-1,0,7,0
14400,1,1,51.915,-32.459,4.84,-3.02,4.83,-3.03,INF,-1,0,7,0
14420,1,1,51.375,-34.007,4.79,-3.16,4.78,-3.18,INF,-1,0,7,0
14440,1,1,51.000,-34.323,4.76,-3.19,4.75,-3.20,INF,-1,0,7,0
14460,1,1,51.656,-33.072,4.82,-3.08,4.81,-3.09,INF,-1,0,7,0
14480,1,1,52.214,-34.015,4.87,-3.16,4.86,-3.18,INF,-1,0,7,0
14500,1,1,52.616,-33.513,4.91,-3.12,4.90,-3.13,INF,-1,0,7,0
14520,1,1,52.990,-33.858,4.94,-3.15,4.93,-3.16,INF,-1,0,7,0
14540,1,1,52.190,-34.623,4.87,-3.22,4.86,-3.23,INF,-1,0,7,0
14560,1,1,53.480,-34.570,4.99,-3.22,4.98,-3.23,INF,-1,0,7,0
14580,1,1,52.306,-35.757,4.88,-3.33,4.87,-3.34,INF,-1,0,7,0
14600,1,1,29.190,-33.614,2.73,-3.14,2.72,-3.14,INF,-1,1,7,0
14620,1,1,25.027,-33.261,2.34,-3.10,2.33,-3.11,INF,-1,1,7,0
14640,1,1,22.520,-33.073,2.10,-3.09,2.10,-3.09,INF,-1,0,7,0
14660,1,1,24.790,-32.565,2.32,-3.04,2.31,-3.04,INF,-1,0,7,0
14680,1,1,23.120,-31.817,2.16,-2.97,2.16,-2.97,INF,-1,0,7,0
14700,1,1,23.873,-31.585,2.23,-2.95,2.23,-2.95,INF,-1,0,7,0
14720,1,1,22.633,-30.443,2.11,-2.84,2.11,-2.84,INF,-1,0,7,0
14740,1,1,22.027,-32.530,2.06,-3.04,2.06,-3.04,INF,-1,0,7,0
14760,1,1,24.042,-31.568,2.25,-2.95,2.24,-2.95,INF,-1,0,7,0
14780,1,1,24.872,-33.009,2.32,-3.08,2.32,-3.08,INF,-1,0,7,0
14800,1,1,23.348,-30.498,2.18,-2.85,2.18,-2.85,INF,-1,0,7,0
14820,1,1,24.161,-30.224,2.26,-2.82,2.25,-2.82,INF,-1,0,7,0
14840,1,1,14.920,-28.545,1.39,-2.67,1.39,-2.67,INF,-1,0,7,0
14860,1,1,11.721,-19.630,1.10,-1.83,1.09,-1.83,INF,-1,0,7,0
14880,1,1,9.844,-19.422,0.92,-1.81,0.92,-1.81,INF,-1,1,7,0
14900,1,1,8.305,-19.881,0.78,-1.86,0.78,-1.86,INF,-1,0,7,0
14920,1,1,9.536,-19.238,0.89,-1.80,0.89,-1.80,INF,-1,0,7,0
14940,1,1,9.680,-19.509,0.90,-1.82,0.90,-1.82,INF,-1,0,7,0
14960,1,1,9.649,-18.214,0.90,-1.70,0.90,-1.70,INF,-1,0,7,0
14980,1,1,8.658,-18.552,0.81,-1.73,0.81,-1.73,INF,-1,0,7,0
15000,1,1,9.993,-19.361,0.93,-1.81,0.93,-1.81,INF,-1,0,7,0
