"EyeTracker Toolbox version","3.250"
CalibrationParameters_A11,1.13398
CalibrationParameters_A12,0.07809
CalibrationParameters_A13,0.01081
CalibrationParameters_A21,0.08121
CalibrationParameters_A22,-1.14367
CalibrationParameters_A23,0.03401
CalibrationParameters_A31,0.00078
CalibrationParameters_A32,-0.01706
CalibrationParameters_E11,-0.17972
CalibrationParameters_E12,-0.00022
CalibrationParameters_E21,0.00018
CalibrationParameters_E22,0.19998
CalibrationParameters_X,-14.20212
CalibrationParameters_Y,-47.98328
CalibrationParameters_Rpc,60.18741
CalibrationParameters_MeanX,136.74690
CalibrationParameters_MeanY,177.95697
CalibrationParameters_ViewDist,613.00000
TimeStamp,Tracked,Calibrated,ScreenPositionXmm,ScreenPositionYmm,FicksLongitude,FicksLatitude,HelmholtzAzimuth,HelmholtzElevation,PupilDiameter,Region,Fixation,DigitalIO,Dropped
0,0,1,0.000,0.000,0.00,0.00,0.00,0.00,0.00,-1,0,7,0
20,0,1,0.000,0.000,0.00,0.00,0.00,0.00,INF,-1,0,7,0
40,0,1,0.000,0.000,0.00,0.00,0.00,0.00,0.00,-1,0,7,0
60,0,1,0.000,0.000,0.00,0.00,0.00,0.00,0.00,-1,0,7,0
80,0,1,0.000,0.000,0.00,0.00,0.00,0.00,0.00,-1,0,7,0
100,0,1,0.000,0.000,0.00,0.00,0.00,0.00,INF,-1,0,7,0
120,0,1,0.000,0.000,0.00,0.00,0.00,0.00,0.00,-1,0,7,0
140,0,1,0.000,0.000,0.00,0.00,0.00,0.00,0.00,-1,0,7,0
160,0,1,0.000,0.000,0.00,0.00,0.00,0.00,0.00,-1,0,7,0
180,0,1,0.000,0.000,0.00,0.00,0.00,0.00,0.00,-1,0,7,0
200,0,1,0.000,0.000,0.00,0.00,0.00,0.00,0.00,-1,0,7,0
220,1,1,9.166,-25.248,0.86,-2.36,0.86,-2.36,INF,-1,0,7,0
240,1,1,9.936,-6.011,0.93,-0.56,0.93,-0.56,INF,-1,0,7,0
260,1,1,9.786,-8.498,0.91,-0.79,0.91,-0.79,INF,-1,0,7,0
280,1,1,3.991,-6.959,0.37,-0.65,0.37,-0.65,INF,-1,0,7,0
300,1,1,9.493,-1.430,0.89,-0.13,0.89,-0.13,INF,-1,0,7,0
320,1,1,4.417,1.319,0.41,0.12,0.41,0.12,INF,-1,0,7,0
340,1,1,11.239,-4.645,1.05,-0.43,1.05,-0.43,INF,-1,0,7,0
360,1,1,6.706,-9.122,0.63,-0.85,0.63,-0.85,INF,-1,0,7,0
380,1,1,10.340,0.910,0.97,0.09,0.97,0.09,INF,-1,0,7,0
400,1,1,7.161,-0.151,0.67,-0.01,0.67,-0.01,INF,-1,0,7,0
420,1,1,5.513,-4.736,0.52,-0.44,0.52,-0.44,INF,-1,0,7,0
440,1,1,11.752,-11.783,1.10,-1.10,1.10,-1.10,INF,-1,0,7,0
460,1,1,11.524,-14.173,1.08,-1.32,1.08,-1.32,INF,-1,0,7,0
480,1,1,12.474,-8.226,1.17,-0.77,1.17,-0.77,INF,-1,0,7,0
500,1,1,11.269,-3.143,1.05,-0.29,1.05,-0.29,INF,-1,0,7,0
520,1,1,12.434,-0.231,1.16,-0.02,1.16,-0.02,INF,-1,1,7,0
540,1,1,1.704,6.164,0.16,0.58,0.16,0.58,INF,-1,1,7,0
560,1,1,-13.659,12.515,-1.28,1.17,-1.28,1.17,INF,-1,1,7,0
580,1,1,-15.873,11.985,-1.48,1.12,-1.48,1.12,INF,-1,0,7,0
600,1,1,-18.703,15.434,-1.75,1.44,-1.75,1.44,INF,-1,0,7,0
620,1,1,-14.804,12.928,-1.38,1.21,-1.38,1.21,INF,-1,0,7,0
640,1,1,-13.449,12.888,-1.26,1.20,-1.26,1.20,INF,-1,0,7,0
660,1,1,-18.115,12.735,-1.69,1.19,-1.69,1.19,INF,-1,0,7,0
680,1,1,-16.858,14.086,-1.58,1.32,-1.57,1.32,INF,-1,0,7,0
700,0,1,0.000,0.000,0.00,0.00,0.00,0.00,0.00,-1,0,7,0
720,1,1,-17.252,13.152,-1.61,1.23,-1.61,1.23,INF,-1,0,7,0
740,0,1,0.000,0.000,0.00,0.00,0.00,0.00,0.00,-1,0,7,0
760,0,1,0.000,0.000,0.00,0.00,0.00,0.00,0.00,-1,0,7,0
780,1,1,-183.470,161.742,-16.66,14.19,-16.14,14.78,INF,-1,0,7,0
800,0,1,0.000,0.000,0.00,0.00,0.00,0.00,0.00,-1,0,7,0
820,0,1,0.000,0.000,0.00,0.00,0.00,0.00,0.00,-1,0,7,0
840,0,1,0.000,0.000,0.00,0.00,0.00,0.00,0.00,-1,0,7,0
860,0,1,0.000,0.000,0.00,0.00,0.00,0.00,0.00,-1,0,7,0
880,0,1,0.000,0.000,0.00,0.00,0.00,0.00,0.00,-1,0,7,0
900,0,1,0.000,0.000,0.00,0.00,0.00,0.00,0.00,-1,0,7,0
920,1,1,124.167,-151.467,11.45,-13.61,11.12,-13.88,INF,-1,0,7,0
940,0,1,0.000,0.000,0.00,0.00,0.00,0.00,0.00,-1,0,7,0
960,0,1,0.000,0.000,0.00,0.00,0.00,0.00,0.00,-1,0,7,0
980,0,1,0.000,0.000,0.00,0.00,0.00,0.00,0.00,-1,0,7,0
1000,0,1,0.000,0.000,0.00,0.00,0.00,0.00,0.00,-1,0,7,0
1020,0,1,0.000,0.000,0.00,0.00,0.00,0.00,0.00,-1,0,7,0
1040,0,1,0.000,0.000,0.00,0.00,0.00,0.00,0.00,-1,0,7,0
1060,1,1,-296.457,221.482,-25.81,18.02,-24.46,19.87,INF,-1,0,7,0
1080,1,1,-293.813,173.788,-25.61,14.34,-24.76,15.83,INF,-1,0,7,0
1100,0,1,0.000,0.000,0.00,0.00,0.00,0.00,0.00,-1,0,7,0
1120,0,1,0.000,0.000,0.00,0.00,0.00,0.00,0.00,-1,0,7,0
1140,0,1,0.000,0.000,0.00,0.00,0.00,0.00,0.00,-1,0,7,0
1160,0,1,0.000,0.000,0.00,0.00,0.00,0.00,0.00,-1,0,7,0
1180,0,1,0.000,0.000,0.00,0.00,0.00,0.00,0.00,-1,0,7,0
1200,0,1,0.000,0.000,0.00,0.00,0.00,0.00,0.00,-1,0,7,0
1220,0,1,0.000,0.000,0.00,0.00,0.00,0.00,0.00,-1,0,7,0
1240,1,1,47.341,49.681,4.42,4.62,4.40,4.63,INF,-1,0,7,0
1260,1,1,41.993,51.035,3.92,4.75,3.91,4.76,INF,-1,0,7,0
1280,1,1,45.614,52.535,4.26,4.88,4.24,4.90,INF,-1,0,7,0
1300,1,1,45.095,51.635,4.21,4.80,4.19,4.81,INF,-1,0,7,0
1320,1,1,46.142,49.258,4.30,4.58,4.29,4.59,INF,-1,0,7,0
1340,1,1,45.602,49.883,4.25,4.64,4.24,4.65,INF,-1,0,7,0
1360,1,1,46.811,47.612,4.37,4.43,4.35,4.44,INF,-1,0,7,0
1380,1,1,46.625,45.765,4.35,4.26,4.34,4.27,INF,-1,0,7,0
1400,1,1,43.235,50.205,4.03,4.67,4.02,4.68,INF,-1,0,7,0
1420,1,1,43.732,48.561,4.08,4.52,4.07,4.53,INF,-1,0,7,0
1440,1,1,46.587,52.043,4.35,4.84,4.33,4.85,INF,-1,0,7,0
1460,1,1,43.135,48.133,4.03,4.48,4.01,4.49,INF,-1,0,7,0
1480,1,1,54.695,51.131,5.10,4.75,5.08,4.77,INF,-1,0,7,0
1500,1,1,53.676,40.900,5.00,3.80,4.99,3.82,INF,-1,0,7,0
1520,1,1,52.635,40.756,4.91,3.79,4.90,3.80,INF,-1,1,7,0
1540,1,1,56.184,41.512,5.24,3.86,5.22,3.87,INF,-1,1,7,0
1560,1,1,54.114,39.901,5.04,3.71,5.03,3.72,INF,-1,1,7,0
1580,1,1,54.500,42.998,5.08,4.00,5.07,4.01,INF,-1,1,7,0
1600,1,1,52.000,45.242,4.85,4.21,4.84,4.22,INF,-1,1,7,0
1620,1,1,51.123,39.945,4.77,3.72,4.76,3.73,INF,-1,1,7,0
1640,1,1,55.077,42.076,5.13,3.91,5.12,3.93,INF,-1,1,7,0
1660,1,1,54.036,44.483,5.04,4.13,5.02,4.15,INF,-1,1,7,0
1680,1,1,54.585,39.752,5.09,3.70,5.08,3.71,INF,-1,1,7,0
1700,1,1,67.589,27.089,6.29,2.52,6.29,2.53,INF,-1,1,7,0
1720,1,1,66.150,29.085,6.16,2.70,6.15,2.72,INF,-1,0,7,0
1740,1,1,67.273,28.392,6.26,2.64,6.26,2.65,INF,-1,0,7,0
1760,1,1,69.371,28.212,6.46,2.62,6.45,2.64,INF,-1,0,7,0
1780,1,1,64.270,29.204,5.99,2.71,5.98,2.73,INF,-1,0,7,0
1800,1,1,68.122,24.720,6.34,2.30,6.34,2.31,INF,-1,0,7,0
1820,1,1,62.417,24.117,5.81,2.24,5.81,2.25,INF,-1,0,7,0
1840,1,1,63.966,29.919,5.96,2.78,5.95,2.79,INF,-1,0,7,0
1860,1,1,63.520,24.771,5.92,2.30,5.91,2.31,INF,-1,0,7,0
1880,1,1,67.081,29.040,6.25,2.70,6.24,2.71,INF,-1,0,7,0
1900,1,1,62.779,29.975,5.85,2.78,5.84,2.80,INF,-1,0,7,0
1920,1,1,64.698,27.418,6.02,2.55,6.02,2.56,INF,-1,0,7,0
1940,1,1,61.264,28.902,5.71,2.69,5.70,2.70,INF,-1,0,7,0
1960,1,1,51.444,27.887,4.80,2.60,4.79,2.60,INF,-1,0,7,0
1980,1,1,48.479,29.082,4.52,2.71,4.52,2.72,INF,-1,1,7,0
2000,1,1,47.663,27.649,4.45,2.57,4.44,2.58,INF,-1,0,7,0
2020,1,1,50.702,29.821,4.73,2.78,4.72,2.79,INF,-1,0,7,0
2040,1,1,49.332,30.657,4.60,2.85,4.60,2.86,INF,-1,0,7,0
2060,1,1,50.655,31.252,4.72,2.91,4.72,2.92,INF,-1,0,7,0
2080,1,1,54.633,30.571,5.09,2.84,5.09,2.86,INF,-1,0,7,0
2100,1,1,51.325,31.561,4.79,2.94,4.78,2.95,INF,-1,0,7,0
2120,1,1,49.883,26.315,4.65,2.45,4.65,2.46,INF,-1,0,7,0
2140,1,1,49.938,23.587,4.66,2.20,4.65,2.20,INF,-1,0,7,0
2160,1,1,51.504,35.188,4.80,3.27,4.79,3.29,INF,-1,0,7,0
2180,1,1,44.078,31.925,4.11,2.97,4.11,2.98,INF,-1,0,7,0
2200,1,1,51.313,24.871,4.78,2.32,4.78,2.32,INF,-1,0,7,0
2220,1,1,52.507,25.349,4.90,2.36,4.89,2.37,INF,-1,0,7,0
2240,1,1,52.615,29.661,4.91,2.76,4.90,2.77,INF,-1,1,7,0
2260,1,1,45.378,17.932,4.23,1.67,4.23,1.68,INF,-1,1,7,0
2280,1,1,12.195,9.788,1.14,0.91,1.14,0.91,INF,-1,1,7,0
2300,1,1,14.700,9.775,1.37,0.91,1.37,0.91,INF,-1,0,7,0
2320,1,1,15.034,10.175,1.40,0.95,1.40,0.95,INF,-1,0,7,0
2340,1,1,16.339,10.510,1.53,0.98,1.53,0.98,INF,-1,0,7,0
2360,1,1,11.427,12.644,1.07,1.18,1.07,1.18,INF,-1,0,7,0
2380,1,1,18.860,11.346,1.76,1.06,1.76,1.06,INF,-1,0,7,0
2400,1,1,13.976,8.467,1.31,0.79,1.31,0.79,INF,-1,0,7,0
2420,1,1,15.107,8.526,1.41,0.80,1.41,0.80,INF,-1,0,7,0
2440,1,1,15.483,6.538,1.45,0.61,1.45,0.61,INF,-1,0,7,0
2460,1,1,14.232,12.154,1.33,1.14,1.33,1.14,INF,-1,0,7,0
2480,1,1,16.747,8.639,1.56,0.81,1.56,0.81,INF,-1,0,7,0
2500,1,1,10.127,11.929,0.95,1.11,0.95,1.11,INF,-1,0,7,0
2520,1,1,14.150,6.045,1.32,0.56,1.32,0.57,INF,-1,0,7,0
2540,1,1,-8.113,4.516,-0.76,0.42,-0.76,0.42,INF,-1,0,7,0
2560,1,1,-21.848,5.176,-2.04,0.48,-2.04,0.48,INF,-1,1,7,0
2580,1,1,-18.854,5.425,-1.76,0.51,-1.76,0.51,INF,-1,0,7,0
2600,1,1,-21.401,5.167,-2.00,0.48,-2.00,0.48,INF,-1,0,7,0
2620,1,1,-22.168,6.441,-2.07,0.60,-2.07,0.60,INF,-1,0,7,0
2640,1,1,-23.040,4.669,-2.15,0.44,-2.15,0.44,INF,-1,0,7,0
2660,1,1,-17.795,3.549,-1.66,0.33,-1.66,0.33,INF,-1,0,7,0
2680,1,1,-25.888,6.114,-2.42,0.57,-2.42,0.57,INF,-1,0,7,0
2700,1,1,-22.631,6.574,-2.11,0.61,-2.11,0.61,INF,-1,0,7,0
2720,1,1,-23.792,8.648,-2.22,0.81,-2.22,0.81,INF,-1,0,7,0
2740,1,1,-20.592,4.217,-1.92,0.39,-1.92,0.39,INF,-1,0,7,0
2760,1,1,-23.964,2.441,-2.24,0.23,-2.24,0.23,INF,-1,0,7,0
2780,1,1,-18.244,0.642,-1.70,0.06,-1.70,0.06,INF,-1,0,7,0
2800,1,1,-22.638,2.641,-2.12,0.25,-2.11,0.25,INF,-1,0,7,0
2820,1,1,-18.118,7.576,-1.69,0.71,-1.69,0.71,INF,-1,0,7,0
2840,1,1,-19.789,9.554,-1.85,0.89,-1.85,0.89,INF,-1,1,7,0
2860,1,1,-38.769,4.397,-3.62,0.41,-3.62,0.41,INF,-1,1,7,0
2880,1,1,-28.751,5.402,-2.69,0.50,-2.69,0.50,INF,-1,1,7,0
2900,1,1,-31.616,3.273,-2.95,0.31,-2.95,0.31,INF,-1,1,7,0
2920,1,1,-34.619,4.687,-3.23,0.44,-3.23,0.44,INF,-1,1,7,0
2940,1,1,-33.680,6.152,-3.14,0.57,-3.14,0.58,INF,-1,0,7,0
2960,1,1,-37.691,6.533,-3.52,0.61,-3.52,0.61,INF,-1,0,7,0
2980,1,1,-34.716,1.344,-3.24,0.13,-3.24,0.13,INF,-1,0,7,0
3000,1,1,-31.969,2.300,-2.99,0.21,-2.99,0.21,INF,-1,0,7,0
3020,1,1,-34.739,0.589,-3.24,0.06,-3.24,0.06,INF,-1,0,7,0
3040,1,1,-32.968,-0.622,-3.08,-0.06,-3.08,-0.06,INF,-1,0,7,0
3060,1,1,-36.441,7.648,-3.40,0.71,-3.40,0.71,INF,-1,0,7,0
3080,1,1,-34.383,2.027,-3.21,0.19,-3.21,0.19,INF,-1,0,7,0
3100,1,1,-33.213,3.830,-3.10,0.36,-3.10,0.36,INF,-1,0,7,0
3120,1,1,-38.147,3.379,-3.56,0.32,-3.56,0.32,INF,-1,0,7,0
3140,1,1,-33.138,0.238,-3.09,0.02,-3.09,0.02,INF,-1,0,7,0
3160,1,1,-22.196,-17.715,-2.07,-1.65,-2.07,-1.66,INF,-1,0,7,0
3180,1,1,-32.041,-45.423,-2.99,-4.23,-2.98,-4.24,INF,-1,1,7,0
3200,1,1,-24.219,-50.214,-2.26,-4.68,-2.25,-4.68,INF,-1,0,7,0
3220,1,1,-28.077,-44.583,-2.62,-4.16,-2.62,-4.16,INF,-1,0,7,0
3240,1,1,-26.708,-48.090,-2.49,-4.48,-2.49,-4.49,INF,-1,0,7,0
3260,1,1,-23.796,-46.525,-2.22,-4.34,-2.22,-4.34,INF,-1,0,7,0
3280,1,1,-29.349,-41.527,-2.74,-3.87,-2.73,-3.88,INF,-1,0,7,0
3300,1,1,-27.529,-47.585,-2.57,-4.43,-2.56,-4.44,INF,-1,0,7,0
3320,1,1,-26.695,-47.583,-2.49,-4.43,-2.49,-4.44,INF,-1,0,7,0
3340,1,1,-27.711,-40.008,-2.59,-3.73,-2.58,-3.73,INF,-1,0,7,0
3360,1,1,-23.585,-46.262,-2.20,-4.31,-2.20,-4.32,INF,-1,0,7,0
3380,1,1,-31.029,-45.193,-2.90,-4.21,-2.89,-4.22,INF,-1,0,7,0
3400,1,1,-24.593,-42.860,-2.30,-4.00,-2.29,-4.00,INF,-1,0,7,0
3420,1,1,-24.056,-41.117,-2.25,-3.83,-2.24,-3.84,INF,-1,0,7,0
3440,1,1,-16.296,-28.795,-1.52,-2.69,-1.52,-2.69,INF,-1,0,7,0
3460,1,1,-13.940,-31.762,-1.30,-2.97,-1.30,-2.97,INF,-1,1,7,0
3480,1,1,-10.580,-33.356,-0.99,-3.11,-0.99,-3.11,INF,-1,0,7,0
3500,1,1,-13.321,-36.735,-1.24,-3.43,-1.24,-3.43,INF,-1,0,7,0
3520,1,1,-16.342,-33.897,-1.53,-3.16,-1.52,-3.17,INF,-1,0,7,0
3540,1,1,-18.398,-30.044,-1.72,-2.80,-1.72,-2.81,INF,-1,0,7,0
3560,1,1,-13.759,-28.461,-1.29,-2.66,-1.28,-2.66,INF,-1,0,7,0
3580,1,1,-16.212,-32.158,-1.51,-3.00,-1.51,-3.00,INF,-1,0,7,0
3600,1,1,-13.117,-28.907,-1.23,-2.70,-1.22,-2.70,INF,-1,0,7,0
3620,1,1,-11.997,-31.431,-1.12,-2.93,-1.12,-2.94,INF,-1,0,7,0
3640,1,1,-13.299,-32.267,-1.24,-3.01,-1.24,-3.01,INF,-1,0,7,0
3660,1,1,-9.061,-31.282,-0.85,-2.92,-0.85,-2.92,INF,-1,0,7,0
3680,1,1,-8.595,-35.450,-0.80,-3.31,-0.80,-3.31,INF,-1,0,7,0
3700,1,1,-10.547,-30.607,-0.99,-2.86,-0.98,-2.86,INF,-1,0,7,0
3720,1,1,3.942,-10.491,0.37,-0.98,0.37,-0.98,INF,-1,1,7,0
3740,1,1,5.823,-0.938,0.54,-0.09,0.54,-0.09,INF,-1,1,7,0
3760,1,1,8.001,-0.954,0.75,-0.09,0.75,-0.09,INF,-1,0,7,0
3780,1,1,5.033,4.734,0.47,0.44,0.47,0.44,INF,-1,0,7,0
3800,1,1,5.828,-4.673,0.54,-0.44,0.54,-0.44,INF,-1,0,7,0
3820,1,1,8.897,-2.333,0.83,-0.22,0.83,-0.22,INF,-1,0,7,0
3840,1,1,9.013,-2.787,0.84,-0.26,0.84,-0.26,INF,-1,0,7,0
3860,1,1,6.242,-1.636,0.58,-0.15,0.58,-0.15,INF,-1,0,7,0
3880,1,1,4.735,-2.908,0.44,-0.27,0.44,-0.27,INF,-1,0,7,0
3900,1,1,2.657,-1.902,0.25,-0.18,0.25,-0.18,INF,-1,0,7,0
3920,1,1,7.492,-2.591,0.70,-0.24,0.70,-0.24,INF,-1,0,7,0
3940,1,1,3.325,1.512,0.31,0.14,0.31,0.14,INF,-1,0,7,0
3960,1,1,3.999,1.172,0.37,0.11,0.37,0.11,INF,-1,0,7,0
3980,1,1,7.447,2.311,0.70,0.22,0.70,0.22,INF,-1,0,7,0
4000,1,1,7.670,-0.587,0.72,-0.05,0.72,-0.05,INF,-1,1,7,0
4020,1,1,5.747,-0.789,0.54,-0.07,0.54,-0.07,INF,-1,1,7,0
4040,1,1,7.201,-5.485,0.67,-0.51,0.67,-0.51,INF,-1,1,7,0
4060,1,1,6.043,-3.049,0.56,-0.28,0.56,-0.28,INF,-1,1,7,0
4080,1,1,5.185,2.732,0.48,0.26,0.48,0.26,INF,-1,1,7,0
4100,1,1,9.067,-5.570,0.85,-0.52,0.85,-0.52,INF,-1,1,7,0
4120,1,1,6.926,-2.042,0.65,-0.19,0.65,-0.19,INF,-1,1,7,0
4140,1,1,10.303,-2.666,0.96,-0.25,0.96,-0.25,INF,-1,1,7,0
4160,1,1,16.462,5.093,1.54,0.48,1.54,0.48,INF,-1,1,7,0
4180,1,1,13.426,7.729,1.25,0.72,1.25,0.72,INF,-1,1,7,0
4200,1,1,14.611,6.941,1.37,0.65,1.37,0.65,INF,-1,0,7,0
4220,1,1,15.026,1.932,1.40,0.18,1.40,0.18,INF,-1,0,7,0
4240,1,1,13.730,8.939,1.28,0.84,1.28,0.84,INF,-1,0,7,0
4260,1,1,13.290,6.831,1.24,0.64,1.24,0.64,INF,-1,0,7,0
4280,1,1,16.858,8.365,1.58,0.78,1.58,0.78,INF,-1,0,7,0
4300,1,1,14.424,1.752,1.35,0.16,1.35,0.16,INF,-1,0,7,0
4320,1,1,14.365,7.850,1.34,0.73,1.34,0.73,INF,-1,0,7,0
4340,1,1,15.663,8.502,1.46,0.79,1.46,0.79,INF,-1,0,7,0
4360,1,1,13.088,5.128,1.22,0.48,1.22,0.48,INF,-1,0,7,0
4380,1,1,19.014,5.530,1.78,0.52,1.78,0.52,INF,-1,0,7,0
4400,1,1,17.240,6.603,1.61,0.62,1.61,0.62,INF,-1,0,7,0
4420,1,1,15.835,8.330,1.48,0.78,1.48,0.78,INF,-1,0,7,0
4440,1,1,15.651,9.988,1.46,0.93,1.46,0.93,INF,-1,1,7,0
4460,1,1,-15.342,19.925,-1.43,1.86,-1.43,1.86,INF,-1,1,7,0
4480,1,1,-14.121,12.628,-1.32,1.18,-1.32,1.18,INF,-1,1,7,0
4500,1,1,-15.318,14.970,-1.43,1.40,-1.43,1.40,INF,-1,0,7,0
4520,1,1,-15.036,18.584,-1.41,1.74,-1.40,1.74,INF,-1,0,7,0
4540,1,1,-21.278,15.739,-1.99,1.47,-1.99,1.47,INF,-1,0,7,0
4560,1,1,-16.193,17.132,-1.51,1.60,-1.51,1.60,INF,-1,0,7,0
4580,1,1,-13.897,16.206,-1.30,1.51,-1.30,1.51,INF,-1,0,7,0
4600,1,1,-17.661,16.341,-1.65,1.53,-1.65,1.53,INF,-1,0,7,0
4620,1,1,-13.500,14.175,-1.26,1.32,-1.26,1.32,INF,-1,0,7,0
4640,1,1,-17.886,14.305,-1.67,1.34,-1.67,1.34,INF,-1,0,7,0
4660,1,1,-12.230,13.377,-1.14,1.25,-1.14,1.25,INF,-1,0,7,0
4680,1,1,-15.437,19.182,-1.44,1.79,-1.44,1.79,INF,-1,0,7,0
4700,1,1,-15.565,14.524,-1.45,1.36,-1.45,1.36,INF,-1,0,7,0
4720,1,1,-17.804,11.347,-1.66,1.06,-1.66,1.06,INF,-1,0,7,0
4740,1,1,-17.022,14.855,-1.59,1.39,-1.59,1.39,INF,-1,1,7,0
4760,1,1,-2.829,9.132,-0.26,0.85,-0.26,0.85,INF,-1,1,7,0
4780,1,1,22.416,9.208,2.09,0.86,2.09,0.86,INF,-1,1,7,0
4800,1,1,21.538,11.619,2.01,1.09,2.01,1.09,INF,-1,0,7,0
4820,1,1,18.069,11.933,1.69,1.11,1.69,1.12,INF,-1,0,7,0
4840,1,1,22.217,7.871,2.08,0.74,2.08,0.74,INF,-1,0,7,0
4860,1,1,20.098,13.459,1.88,1.26,1.88,1.26,INF,-1,0,7,0
4880,1,1,21.094,16.570,1.97,1.55,1.97,1.55,INF,-1,0,7,0
4900,1,1,19.460,8.332,1.82,0.78,1.82,0.78,INF,-1,0,7,0
4920,1,1,22.601,12.709,2.11,1.19,2.11,1.19,INF,-1,0,7,0
4940,1,1,22.125,4.479,2.07,0.42,2.07,0.42,INF,-1,0,7,0
4960,1,1,18.441,8.318,1.72,0.78,1.72,0.78,INF,-1,0,7,0
4980,1,1,21.519,8.139,2.01,0.76,2.01,0.76,INF,-1,0,7,0
5000,1,1,23.602,7.175,2.20,0.67,2.20,0.67,INF,-1,0,7,0
5020,1,1,17.302,10.747,1.62,1.00,1.62,1.00,INF,-1,0,7,0
5040,1,1,-1.142,-1.293,-0.11,-0.12,-0.11,-0.12,INF,-1,0,7,0
5060,1,1,1.386,0.679,0.13,0.06,0.13,0.06,INF,-1,1,7,0
5080,1,1,1.984,1.158,0.19,0.11,0.19,0.11,INF,-1,0,7,0
5100,1,1,0.280,7.122,0.03,0.67,0.03,0.67,INF,-1,0,7,0
5120,1,1,2.773,4.407,0.26,0.41,0.26,0.41,INF,-1,0,7,0
5140,1,1,1.327,3.330,0.12,0.31,0.12,0.31,INF,-1,0,7,0
5160,1,1,0.305,2.146,0.03,0.20,0.03,0.20,INF,-1,0,7,0
5180,1,1,5.305,4.444,0.50,0.42,0.50,0.42,INF,-1,0,7,0
5200,1,1,1.558,3.893,0.15,0.36,0.15,0.36,INF,-1,0,7,0
5220,1,1,4.274,6.294,0.40,0.59,0.40,0.59,INF,-1,0,7,0
5240,1,1,4.032,2.967,0.38,0.28,0.38,0.28,INF,-1,0,7,0
5260,1,1,6.222,3.778,0.58,0.35,0.58,0.35,INF,-1,0,7,0
5280,1,1,6.833,0.260,0.64,0.02,0.64,0.02,INF,-1,0,7,0
5300,1,1,3.571,1.619,0.33,0.15,0.33,0.15,INF,-1,0,7,0
5320,1,1,2.073,1.772,0.19,0.17,0.19,0.17,INF,-1,1,7,0
5340,1,1,1.771,-0.836,0.17,-0.08,0.17,-0.08,INF,-1,1,7,0
5360,1,1,44.118,3.995,4.12,0.37,4.12,0.37,INF,-1,1,7,0
5380,1,1,55.484,13.580,5.17,1.26,5.17,1.27,INF,-1,1,7,0
5400,1,1,58.496,12.636,5.45,1.18,5.45,1.18,INF,-1,0,7,0
5420,1,1,57.178,17.427,5.33,1.62,5.33,1.63,INF,-1,0,7,0
5440,1,1,57.089,17.883,5.32,1.66,5.32,1.67,INF,-1,0,7,0
5460,1,1,56.133,16.009,5.23,1.49,5.23,1.50,INF,-1,0,7,0
5480,1,1,55.434,15.132,5.17,1.41,5.17,1.41,INF,-1,0,7,0
5500,1,1,58.650,14.410,5.47,1.34,5.46,1.35,INF,-1,0,7,0
5520,1,1,56.422,17.717,5.26,1.65,5.26,1.66,INF,-1,0,7,0
5540,1,1,52.472,15.761,4.89,1.47,4.89,1.47,INF,-1,0,7,0
5560,1,1,51.468,10.174,4.80,0.95,4.80,0.95,INF,-1,0,7,0
5580,1,1,57.561,18.650,5.36,1.74,5.36,1.74,INF,-1,0,7,0
5600,1,1,59.826,17.409,5.57,1.62,5.57,1.63,INF,-1,0,7,0
5620,1,1,54.358,17.743,5.07,1.65,5.07,1.66,INF,-1,0,7,0
5640,1,1,53.495,19.806,4.99,1.84,4.98,1.85,INF,-1,0,7,0
5660,1,1,53.059,19.316,4.95,1.80,4.94,1.80,INF,-1,1,7,0
5680,1,1,59.392,15.196,5.53,1.41,5.53,1.42,INF,-1,1,7,0
5700,1,1,56.425,20.291,5.26,1.89,5.26,1.90,INF,-1,1,7,0
5720,1,1,54.087,21.575,5.04,2.01,5.04,2.02,INF,-1,1,7,0
5740,1,1,54.309,16.097,5.06,1.50,5.06,1.50,INF,-1,1,7,0
5760,1,1,55.109,15.035,5.14,1.40,5.14,1.41,INF,-1,1,7,0
5780,1,1,59.090,15.499,5.51,1.44,5.50,1.45,INF,-1,1,7,0
5800,1,1,55.359,14.859,5.16,1.38,5.16,1.39,INF,-1,1,7,0
5820,1,1,54.762,18.362,5.10,1.71,5.10,1.72,INF,-1,1,7,0
5840,1,1,55.609,24.609,5.18,2.29,5.18,2.30,INF,-1,1,7,0
5860,1,1,60.752,16.936,5.66,1.57,5.66,1.58,INF,-1,1,7,0
5880,1,1,56.969,20.872,5.31,1.94,5.31,1.95,INF,-1,1,7,0
5900,1,1,57.200,19.766,5.33,1.84,5.33,1.85,INF,-1,1,7,0
5920,1,1,60.144,15.904,5.60,1.48,5.60,1.49,INF,-1,1,7,0
5940,1,1,51.807,20.986,4.83,1.95,4.83,1.96,INF,-1,1,7,0
5960,1,1,59.410,21.054,5.54,1.96,5.53,1.97,INF,-1,1,7,0
5980,1,1,57.150,19.042,5.33,1.77,5.32,1.78,INF,-1,1,7,0
6000,1,1,56.829,13.147,5.30,1.22,5.30,1.23,INF,-1,1,7,0
6020,1,1,58.062,21.574,5.41,2.01,5.41,2.02,INF,-1,1,7,0
6040,1,1,57.318,15.286,5.34,1.42,5.34,1.43,INF,-1,1,7,0
6060,1,1,55.709,19.684,5.19,1.83,5.19,1.84,INF,-1,1,7,0
6080,1,1,59.521,17.929,5.55,1.67,5.54,1.68,INF,-1,1,7,0
6100,1,1,50.634,18.497,4.72,1.72,4.72,1.73,INF,-1,1,7,0
6120,1,1,22.626,5.463,2.11,0.51,2.11,0.51,INF,-1,1,7,0
6140,1,1,18.126,2.494,1.69,0.23,1.69,0.23,INF,-1,1,7,0
6160,1,1,19.888,8.032,1.86,0.75,1.86,0.75,INF,-1,0,7,0
6180,1,1,14.702,5.834,1.37,0.55,1.37,0.55,INF,-1,0,7,0
6200,1,1,18.582,5.552,1.74,0.52,1.74,0.52,INF,-1,0,7,0
6220,1,1,12.286,1.492,1.15,0.14,1.15,0.14,INF,-1,0,7,0
6240,1,1,17.305,7.707,1.62,0.72,1.62,0.72,INF,-1,0,7,0
6260,1,1,17.514,3.090,1.64,0.29,1.64,0.29,INF,-1,0,7,0
6280,1,1,16.423,1.277,1.53,0.12,1.53,0.12,INF,-1,0,7,0
6300,1,1,16.454,4.705,1.54,0.44,1.54,0.44,INF,-1,0,7,0
6320,1,1,17.876,5.092,1.67,0.48,1.67,0.48,INF,-1,0,7,0
6340,1,1,18.680,6.766,1.75,0.63,1.75,0.63,INF,-1,0,7,0
6360,1,1,14.673,5.536,1.37,0.52,1.37,0.52,INF,-1,0,7,0
6380,1,1,2.062,-25.170,0.19,-2.35,0.19,-2.35,INF,-1,0,7,0
6400,1,1,-15.502,-35.065,-1.45,-3.27,-1.45,-3.27,INF,-1,0,7,0
6420,1,1,-9.488,-29.453,-0.89,-2.75,-0.89,-2.75,INF,-1,0,7,0
6440,1,1,-11.180,-35.649,-1.04,-3.33,-1.04,-3.33,INF,-1,0,7,0
6460,1,1,-8.716,-24.992,-0.81,-2.33,-0.81,-2.33,INF,-1,0,7,0
6480,1,1,-9.990,-34.232,-0.93,-3.20,-0.93,-3.20,INF,-1,0,7,0
6500,1,1,-10.216,-30.376,-0.95,-2.84,-0.95,-2.84,INF,-1,0,7,0
6520,1,1,-11.352,-29.661,-1.06,-2.77,-1.06,-2.77,INF,-1,0,7,0
6540,1,1,-11.194,-29.001,-1.05,-2.71,-1.04,-2.71,INF,-1,0,7,0
6560,1,1,-13.378,-30.450,-1.25,-2.84,-1.25,-2.84,INF,-1,0,7,0
6580,1,1,-10.327,-28.592,-0.97,-2.67,-0.96,-2.67,INF,-1,0,7,0
6600,1,1,-13.310,-28.886,-1.24,-2.70,-1.24,-2.70,INF,-1,1,7,0
6620,1,1,-11.677,-33.236,-1.09,-3.10,-1.09,-3.10,INF,-1,1,7,0
6640,1,1,-11.874,-26.242,-1.11,-2.45,-1.11,-2.45,INF,-1,1,7,0
6660,1,1,-11.206,-31.923,-1.05,-2.98,-1.05,-2.98,INF,-1,1,7,0
6680,1,1,-12.352,-30.820,-1.15,-2.88,-1.15,-2.88,INF,-1,1,7,0
6700,1,1,-13.877,-30.820,-1.30,-2.88,-1.30,-2.88,INF,-1,0,7,0
6720,1,1,-11.607,-29.727,-1.08,-2.78,-1.08,-2.78,INF,-1,0,7,0
6740,1,1,-10.668,-29.980,-1.00,-2.80,-1.00,-2.80,INF,-1,0,7,0
6760,1,1,-12.019,-33.452,-1.12,-3.12,-1.12,-3.12,INF,-1,0,7,0
6780,1,1,-11.171,-32.527,-1.04,-3.04,-1.04,-3.04,INF,-1,0,7,0
6800,1,1,17.434,-31.863,1.63,-2.97,1.63,-2.98,INF,-1,0,7,0
6820,1,1,22.984,-30.374,2.15,-2.83,2.14,-2.84,INF,-1,0,7,0
6840,1,1,24.567,-31.873,2.29,-2.97,2.29,-2.98,INF,-1,0,7,0
6860,1,1,20.642,-33.041,1.93,-3.08,1.93,-3.09,INF,-1,0,7,0
6880,1,1,22.588,-28.308,2.11,-2.64,2.11,-2.64,INF,-1,0,7,0
6900,1,1,16.090,-29.229,1.50,-2.73,1.50,-2.73,INF,-1,0,7,0
6920,1,1,22.762,-28.314,2.13,-2.64,2.12,-2.64,INF,-1,0,7,0
6940,1,1,20.367,-27.545,1.90,-2.57,1.90,-2.57,INF,-1,0,7,0
6960,1,1,19.706,-28.391,1.84,-2.65,1.84,-2.65,INF,-1,0,7,0
6980,1,1,23.329,-26.638,2.18,-2.49,2.18,-2.49,INF,-1,0,7,0
7000,1,1,21.652,-33.710,2.02,-3.15,2.02,-3.15,INF,-1,0,7,0
7020,1,1,22.537,-26.492,2.11,-2.47,2.10,-2.47,INF,-1,0,7,0
7040,1,1,22.676,-35.300,2.12,-3.29,2.12,-3.30,INF,-1,0,7,0
7060,1,1,22.297,-28.215,2.08,-2.63,2.08,-2.64,INF,-1,0,7,0
7080,1,1,23.722,-29.882,2.22,-2.79,2.21,-2.79,INF,-1,1,7,0
7100,1,1,16.103,-31.699,1.50,-2.96,1.50,-2.96,INF,-1,1,7,0
7120,1,1,20.672,-31.376,1.93,-2.93,1.93,-2.93,INF,-1,1,7,0
7140,1,1,20.122,-27.949,1.88,-2.61,1.88,-2.61,INF,-1,1,7,0
7160,1,1,22.831,-28.442,2.13,-2.65,2.13,-2.66,INF,-1,1,7,0
7180,1,1,22.689,-30.866,2.12,-2.88,2.12,-2.88,INF,-1,1,7,0
7200,1,1,18.926,-28.425,1.77,-2.65,1.77,-2.65,INF,-1,1,7,0
7220,1,1,19.626,-29.990,1.83,-2.80,1.83,-2.80,INF,-1,1,7,0
7240,1,1,9.859,-17.784,0.92,-1.66,0.92,-1.66,INF,-1,1,7,0
7260,1,1,-0.672,-0.692,-0.06,-0.06,-0.06,-0.06,INF,-1,1,7,0
7280,1,1,4.931,-0.807,0.46,-0.08,0.46,-0.08,INF,-1,0,7,0
7300,1,1,0.011,1.129,0.00,0.11,0.00,0.11,INF,-1,0,7,0
7320,1,1,2.883,5.759,0.27,0.54,0.27,0.54,INF,-1,0,7,0
7340,1,1,-4.034,-0.299,-0.38,-0.03,-0.38,-0.03,INF,-1,0,7,0
7360,1,1,-3.535,2.016,-0.33,0.19,-0.33,0.19,INF,-1,0,7,0
7380,1,1,0.278,-0.304,0.03,-0.03,0.03,-0.03,INF,-1,0,7,0
7400,1,1,1.802,-2.011,0.17,-0.19,0.17,-0.19,INF,-1,0,7,0
7420,1,1,-0.130,0.536,-0.01,0.05,-0.01,0.05,INF,-1,0,7,0
7440,1,1,-2.979,0.420,-0.28,0.04,-0.28,0.04,INF,-1,0,7,0
7460,1,1,-1.822,-2.960,-0.17,-0.28,-0.17,-0.28,INF,-1,0,7,0
7480,1,1,-10.527,2.565,-0.98,0.24,-0.98,0.24,INF,-1,0,7,0
7500,1,1,-39.928,15.171,-3.73,1.41,-3.73,1.42,INF,-1,0,7,0
7520,1,1,-46.018,15.458,-4.29,1.44,-4.29,1.44,INF,-1,0,7,0
7540,1,1,-46.486,15.279,-4.34,1.42,-4.34,1.43,INF,-1,0,7,0
7560,1,1,-39.106,13.372,-3.65,1.25,-3.65,1.25,INF,-1,0,7,0
7580,1,1,-43.164,16.551,-4.03,1.54,-4.03,1.55,INF,-1,0,7,0
7600,1,1,-50.143,14.825,-4.68,1.38,-4.67,1.39,INF,-1,0,7,0
7620,1,1,-44.892,13.805,-4.19,1.29,-4.19,1.29,INF,-1,0,7,0
7640,1,1,-50.659,10.411,-4.72,0.97,-4.72,0.97,INF,-1,0,7,0
7660,1,1,-45.186,14.324,-4.22,1.33,-4.21,1.34,INF,-1,0,7,0
7680,1,1,-42.187,14.581,-3.94,1.36,-3.94,1.36,INF,-1,0,7,0
7700,1,1,-49.483,15.079,-4.62,1.40,-4.61,1.41,INF,-1,0,7,0
7720,1,1,-44.261,12.761,-4.13,1.19,-4.13,1.19,INF,-1,1,7,0
7740,1,1,-47.947,12.072,-4.47,1.12,-4.47,1.13,INF,-1,1,7,0
7760,1,1,-40.717,12.508,-3.80,1.17,-3.80,1.17,INF,-1,1,7,0
7780,1,1,-43.531,14.657,-4.06,1.37,-4.06,1.37,INF,-1,1,7,0
7800,1,1,-42.946,10.868,-4.01,1.01,-4.01,1.02,INF,-1,1,7,0
7820,1,1,-45.803,11.719,-4.27,1.09,-4.27,1.10,INF,-1,1,7,0
7840,1,1,-47.680,15.552,-4.45,1.45,-4.45,1.45,INF,-1,1,7,0
7860,1,1,-46.188,31.419,-4.31,2.93,-4.30,2.93,INF,-1,1,7,0
7880,1,1,-43.657,34.077,-4.07,3.17,-4.07,3.18,INF,-1,0,7,0
7900,1,1,-43.124,35.907,-4.02,3.34,-4.02,3.35,INF,-1,0,7,0
7920,1,1,-47.437,32.490,-4.43,3.02,-4.42,3.03,INF,-1,0,7,0
7940,1,1,-43.840,34.954,-4.09,3.26,-4.08,3.26,INF,-1,0,7,0
7960,1,1,-38.135,32.753,-3.56,3.05,-3.55,3.06,INF,-1,0,7,0
7980,1,1,-42.407,36.990,-3.96,3.44,-3.95,3.45,INF,-1,0,7,0
8000,1,1,-46.478,33.680,-4.34,3.14,-4.33,3.14,INF,-1,0,7,0
8020,1,1,-45.844,31.700,-4.28,2.95,-4.27,2.96,INF,-1,0,7,0
8040,1,1,-44.061,33.012,-4.11,3.07,-4.11,3.08,INF,-1,0,7,0
8060,1,1,-46.174,33.720,-4.31,3.14,-4.30,3.15,INF,-1,0,7,0
8080,1,1,-42.008,32.819,-3.92,3.06,-3.91,3.06,INF,-1,0,7,0
8100,1,1,-41.418,34.246,-3.87,3.19,-3.86,3.20,INF,-1,0,7,0
8120,1,1,-43.824,28.898,-4.09,2.69,-4.08,2.70,INF,-1,0,7,0
8140,1,1,-41.884,29.204,-3.91,2.72,-3.90,2.73,INF,-1,1,7,0
8160,1,1,-12.550,28.258,-1.17,2.64,-1.17,2.64,INF,-1,1,7,0
8180,1,1,32.743,21.510,3.06,2.01,3.06,2.01,INF,-1,1,7,0
8200,1,1,39.103,21.499,3.65,2.00,3.65,2.01,INF,-1,0,7,0
8220,1,1,34.124,25.857,3.19,2.41,3.18,2.42,INF,-1,0,7,0
8240,1,1,37.327,18.997,3.48,1.77,3.48,1.78,INF,-1,0,7,0
8260,1,1,33.311,20.652,3.11,1.93,3.11,1.93,INF,-1,0,7,0
8280,1,1,33.125,23.335,3.09,2.18,3.09,2.18,INF,-1,0,7,0
8300,1,1,33.528,23.403,3.13,2.18,3.13,2.19,INF,-1,0,7,0
8320,1,1,34.116,24.397,3.19,2.28,3.18,2.28,INF,-1,0,7,0
8340,1,1,34.021,24.087,3.18,2.25,3.17,2.25,INF,-1,0,7,0
8360,1,1,38.216,19.607,3.57,1.83,3.57,1.83,INF,-1,0,7,0
8380,1,1,33.203,21.312,3.10,1.99,3.10,1.99,INF,-1,0,7,0
8400,1,1,34.884,18.174,3.26,1.70,3.26,1.70,INF,-1,0,7,0
8420,1,1,47.648,10.922,4.44,1.02,4.44,1.02,INF,-1,0,7,0
8440,1,1,51.897,11.370,4.84,1.06,4.84,1.06,INF,-1,0,7,0
8460,1,1,52.518,13.385,4.90,1.25,4.90,1.25,INF,-1,0,7,0
8480,1,1,49.227,15.097,4.59,1.41,4.59,1.41,INF,-1,0,7,0
8500,1,1,54.117,15.250,5.05,1.42,5.04,1.43,INF,-1,0,7,0
8520,1,1,51.217,9.579,4.78,0.89,4.78,0.90,INF,-1,1,7,0
8540,1,1,51.607,12.210,4.81,1.14,4.81,1.14,INF,-1,0,7,0
8560,1,1,50.188,12.119,4.68,1.13,4.68,1.13,INF,-1,0,7,0
8580,1,1,49.294,10.674,4.60,0.99,4.60,1.00,INF,-1,0,7,0
8600,1,1,54.337,8.894,5.07,0.83,5.06,0.83,INF,-1,0,7,0
8620,1,1,53.217,11.107,4.96,1.03,4.96,1.04,INF,-1,0,7,0
8640,1,1,52.505,11.867,4.90,1.10,4.89,1.11,INF,-1,0,7,0
8660,1,1,42.940,4.631,4.01,0.43,4.01,0.43,INF,-1,0,7,0
8680,1,1,-0.258,-23.130,-0.02,-2.16,-0.02,-2.16,INF,-1,0,7,0
8700,1,1,-1.242,-14.082,-0.12,-1.32,-0.12,-1.32,INF,-1,0,7,0
8720,1,1,-1.017,-12.997,-0.10,-1.21,-0.10,-1.21,INF,-1,0,7,0
8740,1,1,-4.963,-13.537,-0.46,-1.27,-0.46,-1.27,INF,-1,0,7,0
8760,1,1,-3.434,-14.569,-0.32,-1.36,-0.32,-1.36,INF,-1,0,7,0
8780,1,1,0.962,-18.218,0.09,-1.70,0.09,-1.70,INF,-1,0,7,0
8800,1,1,-9.212,-9.740,-0.86,-0.91,-0.86,-0.91,INF,-1,0,7,0
8820,1,1,-3.226,-15.089,-0.30,-1.41,-0.30,-1.41,INF,-1,0,7,0
8840,1,1,-3.277,-13.094,-0.31,-1.22,-0.31,-1.22,INF,-1,0,7,0
8860,1,1,-2.348,-15.692,-0.22,-1.47,-0.22,-1.47,INF,-1,0,7,0
8880,1,1,-6.898,-15.938,-0.64,-1.49,-0.64,-1.49,INF,-1,0,7,0
8900,1,1,0.090,-15.387,0.01,-1.44,0.01,-1.44,INF,-1,0,7,0
8920,1,1,2.386,-16.359,0.22,-1.53,0.22,-1.53,INF,-1,0,7,0
8940,1,1,-1.559,-10.386,-0.15,-0.97,-0.15,-0.97,INF,-1,0,7,0
8960,1,1,1.337,-15.932,0.12,-1.49,0.12,-1.49,INF,-1,1,7,0
8980,1,1,-12.159,-19.804,-1.14,-1.85,-1.14,-1.85,INF,-1,1,7,0
9000,1,1,-42.151,-23.173,-3.93,-2.16,-3.93,-2.16,INF,-1,1,7,0
9020,1,1,-38.996,-23.389,-3.64,-2.18,-3.64,-2.19,INF,-1,0,7,0
9040,1,1,-43.573,-20.944,-4.07,-1.95,-4.06,-1.96,INF,-1,0,7,0
9060,1,1,-38.524,-19.409,-3.60,-1.81,-3.59,-1.81,INF,-1,0,7,0
9080,1,1,-40.503,-23.146,-3.78,-2.16,-3.78,-2.16,INF,-1,0,7,0
9100,1,1,-41.020,-20.683,-3.83,-1.93,-3.83,-1.93,INF,-1,0,7,0
9120,1,1,-42.343,-22.358,-3.95,-2.08,-3.95,-2.09,INF,-1,0,7,0
9140,1,1,-35.445,-21.665,-3.31,-2.02,-3.31,-2.02,INF,-1,0,7,0
9160,1,1,-43.140,-26.369,-4.03,-2.46,-4.02,-2.46,INF,-1,0,7,0
9180,1,1,-38.000,-16.996,-3.55,-1.59,-3.55,-1.59,INF,-1,0,7,0
9200,1,1,-37.690,-23.805,-3.52,-2.22,-3.52,-2.22,INF,-1,0,7,0
9220,1,1,-39.923,-22.521,-3.73,-2.10,-3.72,-2.10,INF,-1,0,7,0
9240,1,1,-39.969,-24.805,-3.73,-2.31,-3.73,-2.32,INF,-1,0,7,0
9260,1,1,-31.365,-13.989,-2.93,-1.31,-2.93,-1.31,INF,-1,0,7,0
9280,1,1,-26.355,-15.596,-2.46,-1.46,-2.46,-1.46,INF,-1,1,7,0
9300,1,1,-26.653,-18.071,-2.49,-1.69,-2.49,-1.69,INF,-1,1,7,0
9320,1,1,-29.357,-14.178,-2.74,-1.32,-2.74,-1.32,INF,-1,0,7,0
9340,1,1,-27.117,-13.826,-2.53,-1.29,-2.53,-1.29,INF,-1,0,7,0
9360,1,1,-28.703,-10.509,-2.68,-0.98,-2.68,-0.98,INF,-1,0,7,0
9380,1,1,-30.045,-14.365,-2.81,-1.34,-2.81,-1.34,INF,-1,0,7,0
9400,1,1,-24.636,-15.867,-2.30,-1.48,-2.30,-1.48,INF,-1,0,7,0
9420,1,1,-30.459,-11.278,-2.84,-1.05,-2.84,-1.05,INF,-1,0,7,0
9440,1,1,-37.139,-34.901,-3.47,-3.25,-3.46,-3.26,INF,-1,0,7,0
9460,1,1,-43.281,-46.498,-4.04,-4.33,-4.03,-4.34,INF,-1,0,7,0
9480,1,1,-39.552,-42.097,-3.69,-3.92,-3.68,-3.93,INF,-1,0,7,0
9500,1,1,-42.910,-47.523,-4.00,-4.42,-3.99,-4.43,INF,-1,0,7,0
9520,1,1,-40.650,-40.709,-3.79,-3.79,-3.79,-3.80,INF,-1,0,7,0
9540,1,1,-39.086,-41.613,-3.65,-3.88,-3.64,-3.88,INF,-1,0,7,0
9560,1,1,-39.786,-41.280,-3.71,-3.84,-3.71,-3.85,INF,-1,0,7,0
9580,1,1,-39.905,-39.377,-3.72,-3.67,-3.72,-3.68,INF,-1,0,7,0
9600,1,1,-39.555,-42.476,-3.69,-3.96,-3.68,-3.96,INF,-1,0,7,0
9620,1,1,-40.695,-39.669,-3.80,-3.69,-3.79,-3.70,INF,-1,0,7,0
9640,1,1,-38.687,-41.730,-3.61,-3.89,-3.60,-3.89,INF,-1,0,7,0
9660,1,1,-36.286,-38.336,-3.39,-3.57,-3.38,-3.58,INF,-1,0,7,0
9680,1,1,-39.722,-41.761,-3.71,-3.89,-3.70,-3.90,INF,-1,0,7,0
9700,1,1,-40.413,-39.880,-3.77,-3.71,-3.76,-3.72,INF,-1,0,7,0
9720,1,1,-38.393,-40.536,-3.58,-3.78,-3.58,-3.78,INF,-1,1,7,0
9740,1,1,-40.335,-37.034,-3.76,-3.45,-3.76,-3.46,INF,-1,1,7,0
9760,1,1,-35.395,-38.019,-3.30,-3.54,-3.30,-3.55,INF,-1,1,7,0
9780,1,1,5.688,-43.844,0.53,-4.09,0.53,-4.09,INF,-1,1,7,0
9800,1,1,8.187,-43.077,0.77,-4.02,0.76,-4.02,INF,-1,1,7,0
9820,1,1,11.482,-36.658,1.07,-3.42,1.07,-3.42,INF,-1,0,7,0
9840,1,1,11.717,-37.369,1.10,-3.49,1.09,-3.49,INF,-1,0,7,0
9860,1,1,6.344,-36.430,0.59,-3.40,0.59,-3.40,INF,-1,0,7,0
9880,1,1,11.320,-43.251,1.06,-4.04,1.06,-4.04,INF,-1,0,7,0
9900,1,1,11.692,-40.022,1.09,-3.73,1.09,-3.74,INF,-1,0,7,0
9920,1,1,10.904,-41.316,1.02,-3.86,1.02,-3.86,INF,-1,0,7,0
9940,1,1,10.959,-43.544,1.02,-4.06,1.02,-4.06,INF,-1,0,7,0
9960,1,1,10.992,-38.196,1.03,-3.56,1.03,-3.57,INF,-1,0,7,0
9980,1,1,9.840,-40.096,0.92,-3.74,0.92,-3.74,INF,-1,0,7,0
10000,1,1,10.582,-37.783,0.99,-3.53,0.99,-3.53,INF,-1,0,7,0
10020,1,1,12.821,-38.668,1.20,-3.61,1.20,-3.61,INF,-1,0,7,0
10040,1,1,18.155,-36.708,1.70,-3.43,1.69,-3.43,INF,-1,0,7,0
10060,1,1,37.136,-33.865,3.47,-3.16,3.46,-3.16,INF,-1,1,7,0
10080,1,1,39.747,-34.840,3.71,-3.25,3.70,-3.25,INF,-1,1,7,0
10100,1,1,37.836,-37.008,3.53,-3.45,3.53,-3.45,INF,-1,0,7,0
10120,1,1,40.013,-31.656,3.73,-2.95,3.73,-2.96,INF,-1,0,7,0
10140,1,1,39.084,-34.931,3.65,-3.25,3.64,-3.26,INF,-1,0,7,0
10160,1,1,41.412,-38.518,3.86,-3.59,3.86,-3.60,INF,-1,0,7,0
10180,1,1,39.673,-43.394,3.70,-4.04,3.69,-4.05,INF,-1,0,7,0
10200,1,1,41.340,-35.668,3.86,-3.32,3.85,-3.33,INF,-1,0,7,0
10220,1,1,38.452,-32.651,3.59,-3.04,3.58,-3.05,INF,-1,0,7,0
10240,1,1,37.832,-37.589,3.53,-3.50,3.53,-3.51,INF,-1,0,7,0
10260,1,1,40.108,-30.878,3.74,-2.88,3.74,-2.88,INF,-1,0,7,0
10280,1,1,59.310,-29.288,5.53,-2.72,5.52,-2.74,INF,-1,0,7,0
10300,1,1,54.965,11.199,5.12,1.04,5.12,1.05,INF,-1,0,7,0
10320,1,1,53.931,12.235,5.03,1.14,5.03,1.14,INF,-1,0,7,0
10340,1,1,58.371,12.935,5.44,1.20,5.44,1.21,INF,-1,0,7,0
10360,1,1,58.757,10.206,5.48,0.95,5.47,0.95,INF,-1,0,7,0
10380,1,1,57.004,10.298,5.31,0.96,5.31,0.96,INF,-1,0,7,0
10400,1,1,61.036,11.076,5.69,1.03,5.69,1.04,INF,-1,0,7,0
10420,1,1,59.356,10.396,5.53,0.97,5.53,0.97,INF,-1,0,7,0
10440,1,1,59.610,9.603,5.55,0.89,5.55,0.90,INF,-1,0,7,0
10460,1,1,57.248,17.433,5.34,1.62,5.33,1.63,INF,-1,0,7,0
10480,1,1,58.106,10.047,5.41,0.93,5.41,0.94,INF,-1,0,7,0
10500,1,1,59.607,12.590,5.55,1.17,5.55,1.18,INF,-1,0,7,0
10520,1,1,57.791,8.348,5.39,0.78,5.39,0.78,INF,-1,0,7,0
10540,1,1,57.920,13.357,5.40,1.24,5.40,1.25,INF,-1,1,7,0
10560,1,1,66.380,7.659,6.18,0.71,6.18,0.72,INF,-1,1,7,0
10580,1,1,61.465,15.465,5.73,1.44,5.72,1.45,INF,-1,1,7,0
10600,1,1,56.580,11.817,5.27,1.10,5.27,1.10,INF,-1,1,7,0
10620,1,1,66.188,11.366,6.16,1.06,6.16,1.06,INF,-1,1,7,0
10640,1,1,57.818,15.260,5.39,1.42,5.39,1.43,INF,-1,1,7,0
10660,1,1,52.341,24.654,4.88,2.29,4.88,2.30,INF,-1,1,7,0
10680,1,1,51.734,26.978,4.82,2.51,4.82,2.52,INF,-1,1,7,0
10700,1,1,54.133,28.216,5.05,2.63,5.04,2.64,INF,-1,0,7,0
10720,1,1,51.909,24.687,4.84,2.30,4.84,2.31,INF,-1,0,7,0
10740,1,1,54.715,25.494,5.10,2.37,5.10,2.38,INF,-1,0,7,0
10760,1,1,52.638,25.159,4.91,2.34,4.90,2.35,INF,-1,0,7,0
10780,1,1,51.076,23.308,4.76,2.17,4.76,2.18,INF,-1,0,7,0
10800,1,1,50.881,26.031,4.74,2.42,4.74,2.43,INF,-1,0,7,0
10820,1,1,51.075,21.734,4.76,2.02,4.76,2.03,INF,-1,0,7,0
10840,1,1,51.981,25.084,4.85,2.33,4.84,2.34,INF,-1,0,7,0
10860,1,1,51.029,26.458,4.76,2.46,4.75,2.47,INF,-1,0,7,0
10880,1,1,51.060,25.078,4.76,2.33,4.76,2.34,INF,-1,0,7,0
10900,1,1,53.675,27.104,5.00,2.52,5.00,2.53,INF,-1,0,7,0
10920,1,1,52.186,23.348,4.87,2.17,4.86,2.18,INF,-1,0,7,0
10940,1,1,50.191,26.653,4.68,2.48,4.68,2.49,INF,-1,1,7,0
10960,1,1,47.638,22.459,4.44,2.09,4.44,2.10,INF,-1,1,7,0
10980,1,1,51.027,25.753,4.76,2.40,4.75,2.41,INF,-1,1,7,0
11000,1,1,51.986,23.614,4.85,2.20,4.84,2.21,INF,-1,1,7,0
11020,1,1,58.989,25.008,5.50,2.33,5.49,2.34,INF,-1,1,7,0
11040,1,1,58.385,23.995,5.44,2.23,5.44,2.24,INF,-1,1,7,0
11060,1,1,59.870,19.094,5.58,1.78,5.58,1.78,INF,-1,1,7,0
11080,1,1,56.988,22.841,5.31,2.12,5.31,2.13,INF,-1,1,7,0
11100,1,1,55.815,23.117,5.20,2.15,5.20,2.16,INF,-1,1,7,0
11120,1,1,58.096,25.356,5.41,2.36,5.41,2.37,INF,-1,1,7,0
11140,1,1,57.854,21.808,5.39,2.03,5.39,2.04,INF,-1,1,7,0
11160,1,1,57.548,21.417,5.36,1.99,5.36,2.00,INF,-1,1,7,0
11180,1,1,57.684,22.712,5.38,2.11,5.37,2.12,INF,-1,1,7,0
11200,1,1,58.276,19.307,5.43,1.80,5.43,1.80,INF,-1,1,7,0
11220,1,1,58.045,21.171,5.41,1.97,5.41,1.98,INF,-1,1,7,0
11240,1,1,62.112,21.353,5.79,1.98,5.78,1.99,INF,-1,1,7,0
11260,1,1,59.498,20.749,5.54,1.93,5.54,1.94,INF,-1,1,7,0
11280,1,1,56.940,15.644,5.31,1.46,5.31,1.46,INF,-1,1,7,0
11300,1,1,30.103,22.534,2.81,2.10,2.81,2.11,INF,-1,1,7,0
11320,1,1,16.122,16.730,1.51,1.56,1.51,1.56,INF,-1,0,7,0
11340,1,1,15.449,20.818,1.44,1.94,1.44,1.95,INF,-1,0,7,0
11360,1,1,16.815,18.937,1.57,1.77,1.57,1.77,INF,-1,0,7,0
11380,1,1,16.675,16.328,1.56,1.53,1.56,1.53,INF,-1,0,7,0
11400,1,1,12.503,20.579,1.17,1.92,1.17,1.92,INF,-1,0,7,0
11420,1,1,20.361,20.599,1.90,1.92,1.90,1.92,INF,-1,0,7,0
11440,1,1,13.931,16.579,1.30,1.55,1.30,1.55,INF,-1,0,7,0
11460,1,1,15.254,14.499,1.43,1.35,1.43,1.35,INF,-1,0,7,0
11480,1,1,13.519,18.031,1.26,1.68,1.26,1.68,INF,-1,0,7,0
11500,1,1,14.336,19.464,1.34,1.82,1.34,1.82,INF,-1,0,7,0
11520,1,1,18.081,23.154,1.69,2.16,1.69,2.16,INF,-1,0,7,0
11540,1,1,16.413,20.221,1.53,1.89,1.53,1.89,INF,-1,0,7,0
11560,0,1,0.000,0.000,0.00,0.00,0.00,0.00,0.00,-1,0,7,0
11580,1,1,-17.618,28.115,-1.65,2.62,-1.64,2.63,INF,-1,0,7,0
11600,1,1,-16.641,25.447,-1.55,2.38,-1.55,2.38,INF,-1,1,7,0
11620,1,1,-13.265,24.531,-1.24,2.29,-1.24,2.29,INF,-1,1,7,0
11640,1,1,-12.945,23.728,-1.21,2.22,-1.21,2.22,INF,-1,0,7,0
11660,1,1,-9.474,20.853,-0.89,1.95,-0.88,1.95,INF,-1,0,7,0
11680,1,1,-10.487,24.564,-0.98,2.29,-0.98,2.29,INF,-1,0,7,0
11700,1,1,-18.358,22.481,-1.72,2.10,-1.71,2.10,INF,-1,0,7,0
11720,1,1,-12.250,25.846,-1.14,2.41,-1.14,2.41,INF,-1,0,7,0
11740,1,1,-13.598,24.477,-1.27,2.29,-1.27,2.29,INF,-1,0,7,0
11760,1,1,-8.328,23.781,-0.78,2.22,-0.78,2.22,INF,-1,0,7,0
11780,1,1,-17.673,23.290,-1.65,2.17,-1.65,2.18,INF,-1,0,7,0
11800,1,1,-14.522,25.160,-1.36,2.35,-1.36,2.35,INF,-1,0,7,0
11820,1,1,-15.571,23.136,-1.46,2.16,-1.45,2.16,INF,-1,0,7,0
11840,1,1,-12.490,25.210,-1.17,2.35,-1.17,2.35,INF,-1,0,7,0
11860,1,1,-12.978,24.730,-1.21,2.31,-1.21,2.31,INF,-1,1,7,0
11880,1,1,-12.220,23.689,-1.14,2.21,-1.14,2.21,INF,-1,1,7,0
11900,1,1,-11.439,26.663,-1.07,2.49,-1.07,2.49,INF,-1,1,7,0
11920,1,1,-11.729,19.959,-1.10,1.86,-1.10,1.86,INF,-1,1,7,0
11940,1,1,-12.495,26.200,-1.17,2.45,-1.17,2.45,INF,-1,1,7,0
11960,1,1,-14.078,27.769,-1.32,2.59,-1.31,2.59,INF,-1,1,7,0
11980,1,1,-10.777,23.648,-1.01,2.21,-1.01,2.21,INF,-1,1,7,0
12000,1,1,-15.475,22.304,-1.45,2.08,-1.45,2.08,INF,-1,1,7,0
12020,1,1,-12.137,23.289,-1.13,2.18,-1.13,2.18,INF,-1,1,7,0
12040,1,1,-15.030,28.037,-1.40,2.62,-1.40,2.62,INF,-1,1,7,0
12060,1,1,-33.758,27.826,-3.15,2.60,-3.15,2.60,INF,-1,1,7,0
12080,1,1,-33.582,25.257,-3.14,2.36,-3.13,2.36,INF,-1,1,7,0
12100,0,1,0.000,0.000,0.00,0.00,0.00,0.00,0.00,-1,1,7,0
12120,1,1,-31.149,26.035,-2.91,2.43,-2.91,2.43,INF,-1,1,7,0
12140,1,1,-32.977,25.304,-3.08,2.36,-3.08,2.36,INF,-1,0,7,0
12160,1,1,-34.892,30.135,-3.26,2.81,-3.25,2.81,INF,-1,0,7,0
12180,1,1,-32.440,24.489,-3.03,2.28,-3.03,2.29,INF,-1,0,7,0
12200,1,1,-36.241,27.077,-3.38,2.52,-3.38,2.53,INF,-1,0,7,0
12220,1,1,-31.548,28.902,-2.95,2.70,-2.94,2.70,INF,-1,0,7,0
12240,1,1,-32.163,21.017,-3.00,1.96,-3.00,1.96,INF,-1,0,7,0
12260,1,1,-31.105,26.054,-2.90,2.43,-2.90,2.43,INF,-1,0,7,0
12280,1,1,-31.230,29.045,-2.92,2.71,-2.91,2.71,INF,-1,0,7,0
12300,1,1,-37.469,22.337,-3.50,2.08,-3.50,2.09,INF,-1,0,7,0
12320,1,1,-55.669,18.705,-5.19,1.74,-5.19,1.75,INF,-1,0,7,0
12340,1,1,-54.880,14.534,-5.12,1.35,-5.11,1.36,INF,-1,1,7,0
12360,1,1,-52.989,16.228,-4.94,1.51,-4.94,1.52,INF,-1,0,7,0
12380,1,1,-52.637,21.500,-4.91,2.00,-4.90,2.01,INF,-1,0,7,0
12400,1,1,-53.213,16.051,-4.96,1.49,-4.96,1.50,INF,-1,0,7,0
12420,1,1,-52.606,13.284,-4.90,1.24,-4.90,1.24,INF,-1,0,7,0
12440,1,1,-53.885,19.809,-5.02,1.84,-5.02,1.85,INF,-1,0,7,0
12460,1,1,-53.234,19.961,-4.96,1.86,-4.96,1.87,INF,-1,0,7,0
12480,1,1,-55.566,17.781,-5.18,1.65,-5.18,1.66,INF,-1,0,7,0
12500,1,1,-55.030,15.370,-5.13,1.43,-5.13,1.44,INF,-1,0,7,0
12520,1,1,-51.881,16.742,-4.84,1.56,-4.84,1.56,INF,-1,0,7,0
12540,1,1,-54.114,14.034,-5.04,1.31,-5.04,1.31,INF,-1,0,7,0
12560,1,1,-54.728,15.271,-5.10,1.42,-5.10,1.43,INF,-1,0,7,0
12580,1,1,-53.287,17.191,-4.97,1.60,-4.97,1.61,INF,-1,0,7,0
12600,1,1,-51.806,18.954,-4.83,1.76,-4.83,1.77,INF,-1,1,7,0
12620,1,1,-49.683,19.604,-4.63,1.83,-4.63,1.83,INF,-1,1,7,0
12640,1,1,-53.481,14.747,-4.99,1.37,-4.98,1.38,INF,-1,1,7,0
12660,1,1,-38.802,4.858,-3.62,0.45,-3.62,0.45,INF,-1,1,7,0
12680,1,1,-26.872,-16.377,-2.51,-1.53,-2.51,-1.53,INF,-1,1,7,0
12700,1,1,-30.809,-10.086,-2.88,-0.94,-2.88,-0.94,INF,-1,0,7,0
12720,1,1,-29.325,-10.893,-2.74,-1.02,-2.74,-1.02,INF,-1,0,7,0
12740,1,1,-25.924,-10.046,-2.42,-0.94,-2.42,-0.94,INF,-1,0,7,0
12760,1,1,-27.883,-12.556,-2.60,-1.17,-2.60,-1.17,INF,-1,0,7,0
12780,1,1,-30.451,-7.780,-2.84,-0.73,-2.84,-0.73,INF,-1,0,7,0
12800,1,1,-27.851,-10.793,-2.60,-1.01,-2.60,-1.01,INF,-1,0,7,0
12820,1,1,-26.416,-6.697,-2.47,-0.63,-2.47,-0.63,INF,-1,0,7,0
12840,1,1,-28.980,-7.455,-2.71,-0.70,-2.71,-0.70,INF,-1,0,7,0
12860,1,1,-27.639,-10.038,-2.58,-0.94,-2.58,-0.94,INF,-1,0,7,0
12880,1,1,-30.902,-10.857,-2.89,-1.01,-2.89,-1.01,INF,-1,0,7,0
12900,1,1,-32.510,-7.483,-3.04,-0.70,-3.04,-0.70,INF,-1,0,7,0
12920,1,1,-26.517,-8.021,-2.48,-0.75,-2.48,-0.75,INF,-1,0,7,0
12940,1,1,-2.236,-14.206,-0.21,-1.33,-0.21,-1.33,INF,-1,0,7,0
12960,1,1,-4.367,-14.294,-0.41,-1.34,-0.41,-1.34,INF,-1,1,7,0
12980,1,1,-7.609,-13.588,-0.71,-1.27,-0.71,-1.27,INF,-1,0,7,0
13000,1,1,-0.689,-14.979,-0.06,-1.40,-0.06,-1.40,INF,-1,0,7,0
13020,1,1,-2.594,-12.510,-0.24,-1.17,-0.24,-1.17,INF,-1,0,7,0
13040,1,1,-2.961,-13.429,-0.28,-1.25,-0.28,-1.26,INF,-1,0,7,0
13060,1,1,-1.979,-19.088,-0.19,-1.78,-0.18,-1.78,INF,-1,0,7,0
13080,1,1,0.309,-14.328,0.03,-1.34,0.03,-1.34,INF,-1,0,7,0
13100,1,1,-4.781,-16.641,-0.45,-1.55,-0.45,-1.55,INF,-1,0,7,0
13120,1,1,-3.144,-14.876,-0.29,-1.39,-0.29,-1.39,INF,-1,0,7,0
13140,1,1,-4.040,-15.916,-0.38,-1.49,-0.38,-1.49,INF,-1,0,7,0
13160,1,1,-5.175,-16.974,-0.48,-1.59,-0.48,-1.59,INF,-1,0,7,0
13180,1,1,-0.299,-15.185,-0.03,-1.42,-0.03,-1.42,INF,-1,0,7,0
13200,1,1,-4.118,-18.578,-0.38,-1.74,-0.38,-1.74,INF,-1,0,7,0
13220,1,1,-25.710,-22.581,-2.40,-2.11,-2.40,-2.11,INF,-1,1,7,0
13240,1,1,-56.400,-36.460,-5.26,-3.39,-5.25,-3.40,INF,-1,1,7,0
13260,1,1,-58.399,-28.256,-5.44,-2.63,-5.44,-2.64,INF,-1,0,7,0
13280,1,1,-56.951,-31.412,-5.31,-2.92,-5.30,-2.93,INF,-1,0,7,0
13300,1,1,-62.153,-29.454,-5.79,-2.74,-5.78,-2.75,INF,-1,0,7,0
13320,1,1,-56.151,-26.270,-5.23,-2.44,-5.23,-2.45,INF,-1,0,7,0
13340,1,1,-57.102,-32.022,-5.32,-2.98,-5.31,-2.99,INF,-1,0,7,0
13360,1,1,-60.416,-35.238,-5.63,-3.27,-5.62,-3.29,INF,-1,0,7,0
13380,1,1,-61.305,-33.525,-5.71,-3.11,-5.70,-3.13,INF,-1,0,7,0
13400,1,1,-64.426,-29.654,-6.00,-2.75,-5.99,-2.77,INF,-1,0,7,0
13420,1,1,-58.969,-31.493,-5.49,-2.93,-5.49,-2.94,INF,-1,0,7,0
13440,1,1,-53.640,-30.595,-5.00,-2.85,-4.99,-2.86,INF,-1,0,7,0
13460,0,1,0.000,0.000,0.00,0.00,0.00,0.00,0.00,-1,0,7,0
13480,1,1,-60.376,-26.810,-5.63,-2.49,-5.62,-2.50,INF,-1,0,7,0
13500,1,1,-60.381,-27.988,-5.63,-2.60,-5.62,-2.61,INF,-1,0,7,0
13520,1,1,-58.550,-38.158,-5.46,-3.55,-5.45,-3.56,INF,-1,1,7,0
13540,1,1,-58.332,-35.584,-5.44,-3.31,-5.43,-3.32,INF,-1,1,7,0
13560,1,1,-60.553,-30.662,-5.64,-2.85,-5.63,-2.86,INF,-1,1,7,0
13580,1,1,-58.206,-33.485,-5.42,-3.11,-5.42,-3.13,INF,-1,1,7,0
13600,1,1,-59.742,-26.643,-5.57,-2.48,-5.56,-2.49,INF,-1,1,7,0
13620,1,1,-56.159,-30.211,-5.23,-2.81,-5.23,-2.82,INF,-1,1,7,0
13640,1,1,-37.735,-31.367,-3.52,-2.92,-3.52,-2.93,INF,-1,1,7,0
13660,1,1,-26.288,-13.295,-2.46,-1.24,-2.46,-1.24,INF,-1,1,7,0
13680,1,1,-12.024,3.734,-1.12,0.35,-1.12,0.35,INF,-1,0,7,0
13700,1,1,-9.809,15.445,-0.92,1.44,-0.92,1.44,INF,-1,0,7,0
13720,1,1,-10.079,15.908,-0.94,1.49,-0.94,1.49,INF,-1,0,7,0
13740,1,1,-10.791,16.053,-1.01,1.50,-1.01,1.50,INF,-1,0,7,0
13760,1,1,-15.903,15.053,-1.49,1.41,-1.49,1.41,INF,-1,0,7,0
13780,1,1,-13.136,13.890,-1.23,1.30,-1.23,1.30,INF,-1,0,7,0
13800,1,1,-17.314,10.916,-1.62,1.02,-1.62,1.02,INF,-1,0,7,0
13820,1,1,-18.155,17.830,-1.70,1.67,-1.70,1.67,INF,-1,0,7,0
13840,1,1,-17.082,16.627,-1.60,1.55,-1.60,1.55,INF,-1,0,7,0
13860,1,1,-15.482,15.158,-1.45,1.42,-1.45,1.42,INF,-1,0,7,0
13880,1,1,-16.858,14.935,-1.58,1.40,-1.57,1.40,INF,-1,0,7,0
13900,1,1,-18.296,21.118,-1.71,1.97,-1.71,1.97,INF,-1,0,7,0
13920,1,1,5.227,28.426,0.49,2.65,0.49,2.66,INF,-1,0,7,0
13940,0,1,0.000,0.000,0.00,0.00,0.00,0.00,0.00,-1,0,7,0
13960,1,1,20.381,39.135,1.90,3.65,1.90,3.65,INF,-1,1,7,0
13980,0,1,0.000,0.000,0.00,0.00,0.00,0.00,0.00,-1,1,7,0
14000,1,1,16.194,36.006,1.51,3.36,1.51,3.36,INF,-1,0,7,0
14020,1,1,15.007,33.386,1.40,3.12,1.40,3.12,INF,-1,0,7,0
14040,1,1,18.274,34.058,1.71,3.18,1.70,3.18,INF,-1,0,7,0
14060,1,1,17.284,35.699,1.62,3.33,1.61,3.33,INF,-1,0,7,0
14080,1,1,15.437,37.054,1.44,3.46,1.44,3.46,INF,-1,0,7,0
14100,1,1,17.073,31.025,1.60,2.90,1.59,2.90,INF,-1,0,7,0
14120,1,1,17.410,36.552,1.63,3.41,1.62,3.41,INF,-1,0,7,0
14140,1,1,25.520,33.799,2.38,3.15,2.38,3.16,INF,-1,0,7,0
14160,1,1,43.384,35.223,4.05,3.28,4.04,3.29,INF,-1,0,7,0
14180,1,1,44.417,39.118,4.14,3.64,4.14,3.65,INF,-1,0,7,0
14200,1,1,47.971,38.117,4.47,3.55,4.47,3.56,INF,-1,0,7,0
14220,1,1,47.521,37.018,4.43,3.45,4.42,3.46,INF,-1,0,7,0
14240,1,1,47.037,36.643,4.39,3.41,4.38,3.42,INF,-1,0,7,0
14260,1,1,43.821,32.252,4.09,3.00,4.08,3.01,INF,-1,0,7,0
14280,1,1,46.079,40.115,4.30,3.73,4.29,3.74,INF,-1,0,7,0
14300,1,1,49.594,35.790,4.63,3.33,4.62,3.34,INF,-1,0,7,0
14320,1,1,45.938,39.560,4.29,3.68,4.28,3.69,INF,-1,0,7,0
14340,1,1,43.277,32.707,4.04,3.05,4.03,3.05,INF,-1,0,7,0
14360,1,1,44.938,40.384,4.19,3.76,4.18,3.77,INF,-1,0,7,0
14380,1,1,50.620,38.054,4.72,3.54,4.71,3.55,INF,-1,0,7,0
14400,1,1,47.255,33.698,4.41,3.14,4.40,3.15,INF,-1,1,7,0
14420,1,1,46.648,38.135,4.35,3.55,4.34,3.56,INF,-1,1,7,0
14440,1,1,44.579,32.082,4.16,2.99,4.15,3.00,INF,-1,1,7,0
14460,1,1,35.504,24.669,3.31,2.30,3.31,2.30,INF,-1,1,7,0
14480,1,1,39.438,27.365,3.68,2.55,3.68,2.56,INF,-1,1,7,0
14500,1,1,36.070,30.463,3.37,2.84,3.36,2.84,INF,-1,1,7,0
14520,1,1,37.856,30.468,3.53,2.84,3.53,2.85,INF,-1,1,7,0
14540,1,1,35.800,26.521,3.34,2.47,3.34,2.48,INF,-1,1,7,0
14560,1,1,40.398,30.149,3.77,2.81,3.77,2.82,INF,-1,1,7,0
14580,1,1,36.823,26.785,3.44,2.50,3.43,2.50,INF,-1,1,7,0
14600,1,1,31.781,28.537,2.97,2.66,2.96,2.67,INF,-1,1,7,0
14620,1,1,37.706,26.150,3.52,2.44,3.52,2.44,INF,-1,0,7,0
14640,1,1,37.691,24.462,3.52,2.28,3.52,2.29,INF,-1,0,7,0
14660,1,1,37.160,23.395,3.47,2.18,3.47,2.19,INF,-1,0,7,0
14680,1,1,40.532,25.042,3.78,2.33,3.78,2.34,INF,-1,0,7,0
14700,1,1,34.088,27.086,3.18,2.53,3.18,2.53,INF,-1,0,7,0
14720,1,1,37.876,24.113,3.54,2.25,3.53,2.25,INF,-1,0,7,0
14740,1,1,37.413,28.197,3.49,2.63,3.49,2.63,INF,-1,0,7,0
14760,1,1,34.706,26.843,3.24,2.50,3.24,2.51,INF,-1,0,7,0
14780,1,1,36.549,26.344,3.41,2.46,3.41,2.46,INF,-1,0,7,0
14800,1,1,17.976,-14.828,1.68,-1.39,1.68,-1.39,INF,-1,0,7,0
14820,1,1,9.800,-30.570,0.92,-2.85,0.91,-2.85,INF,-1,0,7,0
14840,1,1,10.398,-31.904,0.97,-2.98,0.97,-2.98,INF,-1,0,7,0
14860,1,1,10.235,-28.783,0.96,-2.69,0.96,-2.69,INF,-1,0,7,0
14880,1,1,12.411,-30.768,1.16,-2.87,1.16,-2.87,INF,-1,0,7,0
14900,1,1,13.775,-30.934,1.29,-2.89,1.29,-2.89,INF,-1,0,7,0
14920,1,1,11.722,-32.306,1.10,-3.02,1.09,-3.02,INF,-1,0,7,0
14940,1,1,11.983,-29.815,1.12,-2.78,1.12,-2.78,INF,-1,0,7,0
14960,1,1,10.227,-31.179,0.96,-2.91,0.95,-2.91,INF,-1,0,7,0
14980,1,1,13.982,-37.561,1.31,-3.51,1.30,-3.51,INF,-1,0,7,0
