"EyeTracker Toolbox version","3.250"
CalibrationParameters_A11,1.10777
CalibrationParameters_A12,0.08780
CalibrationParameters_A13,0.03580
CalibrationParameters_A21,0.09712
CalibrationParameters_A22,-1.10179
CalibrationParameters_A23,0.03662
CalibrationParameters_A31,0.00065
CalibrationParameters_A32,-0.00757
CalibrationParameters_E11,-0.18005
CalibrationParameters_E12,0.00027
CalibrationParameters_E21,-0.00007
CalibrationParameters_E22,0.19951
CalibrationParameters_X,-12.66204
CalibrationParameters_Y,-45.02526
CalibrationParameters_Rpc,62.64961
CalibrationParameters_MeanX,133.80539
CalibrationParameters_MeanY,166.87501
CalibrationParameters_ViewDist,613.00000
TimeStamp,Tracked,Calibrated,ScreenPositionXmm,ScreenPositionYmm,FicksLongitude,FicksLatitude,HelmholtzAzimuth,HelmholtzElevation,PupilDiameter,Region,Fixation,DigitalIO,Dropped
0,0,1,0.000,0.000,0.00,0.00,0.00,0.00,0.00,-1,0,7,0
20,0,1,0.000,0.000,0.00,0.00,0.00,0.00,0.00,-1,0,7,0
40,0,1,0.000,0.000,0.00,0.00,0.00,0.00,0.00,-1,0,7,0
60,0,1,0.000,0.000,0.00,0.00,0.00,0.00,0.00,-1,0,7,0
80,1,1,32.472,6.890,3.03,0.64,3.03,0.64,INF,-1,0,7,0
100,1,1,36.909,8.817,3.45,0.82,3.45,0.82,INF,-1,0,7,0
120,1,1,32.687,11.177,3.05,1.04,3.05,1.04,INF,-1,0,7,0
140,1,1,35.637,10.535,3.33,0.98,3.33,0.98,INF,-1,0,7,0
160,1,1,35.095,7.331,3.28,0.68,3.28,0.69,INF,-1,0,7,0
180,1,1,35.362,7.732,3.30,0.72,3.30,0.72,INF,-1,0,7,0
200,1,1,33.466,8.568,3.12,0.80,3.12,0.80,INF,-1,0,7,0
220,1,1,36.951,6.898,3.45,0.64,3.45,0.64,INF,-1,0,7,0
240,1,1,37.397,6.513,3.49,0.61,3.49,0.61,INF,-1,0,7,0
260,1,1,2.252,7.730,0.21,0.72,0.21,0.72,INF,-1,0,7,0
280,1,1,2.724,3.514,0.25,0.33,0.25,0.33,INF,-1,0,7,0
300,1,1,3.593,6.413,0.34,0.60,0.34,0.60,INF,-1,0,7,0
320,1,1,4.119,4.353,0.38,0.41,0.38,0.41,INF,-1,0,7,0
340,1,1,4.720,5.709,0.44,0.53,0.44,0.53,INF,-1,0,7,0
360,1,1,5.235,8.238,0.49,0.77,0.49,0.77,INF,-1,0,7,0
380,1,1,2.500,6.638,0.23,0.62,0.23,0.62,INF,-1,0,7,0
400,1,1,5.232,5.436,0.49,0.51,0.49,0.51,INF,-1,0,7,0
420,1,1,1.343,5.894,0.13,0.55,0.13,0.55,INF,-1,0,7,0
440,1,1,-0.554,7.606,-0.05,0.71,-0.05,0.71,INF,-1,0,7,0
460,1,1,-26.670,0.598,-2.49,0.06,-2.49,0.06,INF,-1,0,7,0
480,1,1,-32.803,4.900,-3.06,0.46,-3.06,0.46,INF,-1,0,7,0
500,1,1,-30.155,4.061,-2.82,0.38,-2.82,0.38,INF,-1,0,7,0
520,1,1,-33.076,4.288,-3.09,0.40,-3.09,0.40,INF,-1,0,7,0
540,1,1,-31.044,7.169,-2.90,0.67,-2.90,0.67,INF,-1,0,7,0
560,1,1,-32.786,5.618,-3.06,0.52,-3.06,0.53,INF,-1,0,7,0
580,1,1,-32.602,5.585,-3.04,0.52,-3.04,0.52,INF,-1,0,7,0
600,1,1,-31.323,1.195,-2.93,0.11,-2.93,0.11,INF,-1,0,7,0
620,1,1,-29.404,4.816,-2.75,0.45,-2.75,0.45,INF,-1,0,7,0
640,1,1,-28.787,3.643,-2.69,0.34,-2.69,0.34,INF,-1,0,7,0
660,1,1,-28.020,4.424,-2.62,0.41,-2.62,0.41,INF,-1,0,7,0
680,1,1,-30.369,3.052,-2.84,0.28,-2.84,0.29,INF,-1,1,7,0
700,1,1,-26.114,2.400,-2.44,0.22,-2.44,0.22,INF,-1,1,7,0
720,1,1,-29.012,6.415,-2.71,0.60,-2.71,0.60,INF,-1,1,7,0
740,1,1,-26.704,5.580,-2.49,0.52,-2.49,0.52,INF,-1,1,7,0
760,1,1,-28.536,6.530,-2.67,0.61,-2.67,0.61,INF,-1,1,7,0
780,1,1,-29.626,3.771,-2.77,0.35,-2.77,0.35,INF,-1,1,7,0
800,1,1,-30.987,6.840,-2.89,0.64,-2.89,0.64,INF,-1,1,7,0
820,1,1,-31.145,4.370,-2.91,0.41,-2.91,0.41,INF,-1,1,7,0
840,1,1,-29.250,4.450,-2.73,0.42,-2.73,0.42,INF,-1,1,7,0
860,1,1,-28.674,11.040,-2.68,1.03,-2.68,1.03,INF,-1,1,7,0
880,1,1,-30.055,12.645,-2.81,1.18,-2.81,1.18,INF,-1,1,7,0
900,1,1,-27.058,10.013,-2.53,0.93,-2.53,0.94,INF,-1,1,7,0
920,1,1,-25.050,12.007,-2.34,1.12,-2.34,1.12,INF,-1,1,7,0
940,1,1,-31.240,16.630,-2.92,1.55,-2.92,1.55,INF,-1,1,7,0
960,1,1,-25.657,12.232,-2.40,1.14,-2.40,1.14,INF,-1,1,7,0
980,1,1,-30.694,15.071,-2.87,1.41,-2.87,1.41,INF,-1,1,7,0
1000,1,1,-29.709,16.429,-2.77,1.53,-2.77,1.54,INF,-1,1,7,0
1020,1,1,-28.168,15.847,-2.63,1.48,-2.63,1.48,INF,-1,0,7,0
1040,1,1,-25.853,14.415,-2.41,1.35,-2.41,1.35,INF,-1,0,7,0
1060,1,1,-29.976,14.800,-2.80,1.38,-2.80,1.38,INF,-1,0,7,0
1080,1,1,-29.828,15.642,-2.79,1.46,-2.78,1.46,INF,-1,0,7,0
1100,1,1,-31.794,14.879,-2.97,1.39,-2.97,1.39,INF,-1,0,7,0
1120,1,1,-18.117,24.933,-1.69,2.33,-1.69,2.33,INF,-1,0,7,0
1140,1,1,-18.476,24.886,-1.73,2.32,-1.72,2.32,INF,-1,0,7,0
1160,1,1,-19.190,25.434,-1.79,2.37,-1.79,2.38,INF,-1,0,7,0
1180,1,1,-16.855,25.446,-1.58,2.38,-1.57,2.38,INF,-1,0,7,0
1200,1,1,-16.650,23.218,-1.56,2.17,-1.55,2.17,INF,-1,0,7,0
1220,1,1,-19.886,25.894,-1.86,2.42,-1.86,2.42,INF,-1,0,7,0
1240,1,1,-17.019,25.538,-1.59,2.38,-1.59,2.39,INF,-1,0,7,0
1260,1,1,-17.869,24.119,-1.67,2.25,-1.67,2.25,INF,-1,1,7,0
1280,1,1,-22.540,23.845,-2.11,2.23,-2.10,2.23,INF,-1,1,7,0
1300,1,1,-17.917,23.906,-1.67,2.23,-1.67,2.23,INF,-1,1,7,0
1320,1,1,-18.449,23.674,-1.72,2.21,-1.72,2.21,INF,-1,1,7,0
1340,1,1,-17.721,25.064,-1.66,2.34,-1.65,2.34,INF,-1,1,7,0
1360,1,1,-16.782,25.429,-1.57,2.37,-1.57,2.38,INF,-1,1,7,0
1380,1,1,-18.527,24.472,-1.73,2.29,-1.73,2.29,INF,-1,1,7,0
1400,1,1,-18.780,13.473,-1.75,1.26,-1.75,1.26,INF,-1,1,7,0
1420,0,1,0.000,0.000,0.00,0.00,0.00,0.00,0.00,-1,1,7,0
1440,0,1,0.000,0.000,0.00,0.00,0.00,0.00,0.00,-1,1,7,0
1460,0,1,0.000,0.000,0.00,0.00,0.00,0.00,0.00,-1,1,7,0
1480,0,1,0.000,0.000,0.00,0.00,0.00,0.00,0.00,-1,1,7,0
1500,0,1,0.000,0.000,0.00,0.00,0.00,0.00,INF,-1,0,7,0
1520,0,1,0.000,0.000,0.00,0.00,0.00,0.00,0.00,-1,0,7,0
1540,0,1,0.000,0.000,0.00,0.00,0.00,0.00,0.00,-1,0,7,0
1560,0,1,0.000,0.000,0.00,0.00,0.00,0.00,0.00,-1,0,7,0
1580,1,1,10.619,12.325,0.99,1.15,0.99,1.15,INF,-1,0,7,0
1600,1,1,11.743,17.736,1.10,1.66,1.10,1.66,INF,-1,0,7,0
1620,1,1,9.687,21.946,0.91,2.05,0.90,2.05,INF,-1,0,7,0
1640,1,1,11.517,17.879,1.08,1.67,1.08,1.67,INF,-1,0,7,0
1660,1,1,12.125,18.850,1.13,1.76,1.13,1.76,INF,-1,0,7,0
1680,1,1,10.638,17.953,0.99,1.68,0.99,1.68,INF,-1,0,7,0
1700,1,1,10.866,16.980,1.02,1.59,1.02,1.59,INF,-1,0,7,0
1720,1,1,8.669,17.579,0.81,1.64,0.81,1.64,INF,-1,0,7,0
1740,1,1,10.194,16.448,0.95,1.54,0.95,1.54,INF,-1,0,7,0
1760,1,1,9.688,14.908,0.91,1.39,0.91,1.39,INF,-1,0,7,0
1780,1,1,6.725,4.377,0.63,0.41,0.63,0.41,INF,-1,0,7,0
1800,1,1,-0.550,-12.017,-0.05,-1.12,-0.05,-1.12,INF,-1,0,7,0
1820,1,1,-1.186,-13.235,-0.11,-1.24,-0.11,-1.24,INF,-1,0,7,0
1840,1,1,-1.328,-11.606,-0.12,-1.08,-0.12,-1.08,INF,-1,0,7,0
1860,1,1,2.593,-12.534,0.24,-1.17,0.24,-1.17,INF,-1,0,7,0
1880,1,1,0.972,-11.896,0.09,-1.11,0.09,-1.11,INF,-1,0,7,0
1900,1,1,1.815,-11.306,0.17,-1.06,0.17,-1.06,INF,-1,0,7,0
1920,1,1,-1.543,-14.768,-0.14,-1.38,-0.14,-1.38,INF,-1,0,7,0
1940,1,1,-0.020,-13.595,0.00,-1.27,0.00,-1.27,INF,-1,0,7,0
1960,1,1,0.432,-13.908,0.04,-1.30,0.04,-1.30,INF,-1,0,7,0
1980,1,1,-3.690,-9.972,-0.34,-0.93,-0.34,-0.93,INF,-1,0,7,0
2000,1,1,-1.528,-11.644,-0.14,-1.09,-0.14,-1.09,INF,-1,1,7,0
2020,1,1,-1.696,-10.926,-0.16,-1.02,-0.16,-1.02,INF,-1,1,7,0
2040,1,1,-1.894,-11.836,-0.18,-1.11,-0.18,-1.11,INF,-1,1,7,0
2060,1,1,-2.230,-11.125,-0.21,-1.04,-0.21,-1.04,INF,-1,1,7,0
2080,1,1,-20.328,-21.336,-1.90,-1.99,-1.90,-1.99,INF,-1,1,7,0
2100,1,1,-21.545,-19.455,-2.01,-1.82,-2.01,-1.82,INF,-1,1,7,0
2120,1,1,-21.077,-18.704,-1.97,-1.75,-1.97,-1.75,INF,-1,0,7,0
2140,1,1,-21.760,-16.723,-2.03,-1.56,-2.03,-1.56,INF,-1,0,7,0
2160,1,1,-23.343,-17.935,-2.18,-1.67,-2.18,-1.68,INF,-1,0,7,0
2180,1,1,-22.142,-15.004,-2.07,-1.40,-2.07,-1.40,INF,-1,0,7,0
2200,1,1,-20.526,-18.735,-1.92,-1.75,-1.92,-1.75,INF,-1,0,7,0
2220,1,1,-23.394,-18.750,-2.19,-1.75,-2.18,-1.75,INF,-1,0,7,0
2240,1,1,-19.032,-18.044,-1.78,-1.69,-1.78,-1.69,INF,-1,0,7,0
2260,1,1,-18.771,-21.036,-1.75,-1.96,-1.75,-1.97,INF,-1,0,7,0
2280,1,1,-19.656,-20.091,-1.84,-1.88,-1.84,-1.88,INF,-1,0,7,0
2300,1,1,-23.004,-20.428,-2.15,-1.91,-2.15,-1.91,INF,-1,0,7,0
2320,1,1,-21.628,-20.884,-2.02,-1.95,-2.02,-1.95,INF,-1,0,7,0
2340,1,1,-18.660,-17.210,-1.74,-1.61,-1.74,-1.61,INF,-1,0,7,0
2360,1,1,-19.344,-16.901,-1.81,-1.58,-1.81,-1.58,INF,-1,1,7,0
2380,1,1,-39.595,-23.255,-3.70,-2.17,-3.69,-2.17,INF,-1,1,7,0
2400,1,1,-42.990,-23.392,-4.01,-2.18,-4.01,-2.19,INF,-1,1,7,0
2420,1,1,-41.365,-22.502,-3.86,-2.10,-3.86,-2.10,INF,-1,0,7,0
2440,1,1,-38.904,-24.243,-3.63,-2.26,-3.63,-2.26,INF,-1,0,7,0
2460,1,1,-39.067,-25.015,-3.65,-2.33,-3.64,-2.34,INF,-1,0,7,0
2480,1,1,-41.576,-24.368,-3.88,-2.27,-3.88,-2.28,INF,-1,0,7,0
2500,1,1,-41.163,-21.611,-3.84,-2.01,-3.84,-2.02,INF,-1,0,7,0
2520,1,1,-40.030,-25.765,-3.74,-2.40,-3.73,-2.41,INF,-1,0,7,0
2540,1,1,-38.684,-24.205,-3.61,-2.26,-3.61,-2.26,INF,-1,0,7,0
2560,1,1,-37.918,-23.908,-3.54,-2.23,-3.54,-2.23,INF,-1,0,7,0
2580,1,1,-38.610,-22.630,-3.60,-2.11,-3.60,-2.11,INF,-1,0,7,0
2600,1,1,-37.225,-26.690,-3.48,-2.49,-3.47,-2.49,INF,-1,0,7,0
2620,1,1,-40.996,-24.991,-3.83,-2.33,-3.82,-2.33,INF,-1,0,7,0
2640,1,1,-40.391,-23.057,-3.77,-2.15,-3.77,-2.15,INF,-1,0,7,0
2660,1,1,-38.403,-23.030,-3.58,-2.15,-3.58,-2.15,INF,-1,1,7,0
2680,1,1,-40.568,-21.143,-3.79,-1.97,-3.78,-1.98,INF,-1,1,7,0
2700,1,1,-41.152,-23.847,-3.84,-2.22,-3.84,-2.23,INF,-1,1,7,0
2720,1,1,-28.169,-21.659,-2.63,-2.02,-2.63,-2.02,INF,-1,1,7,0
2740,1,1,-25.936,-21.021,-2.42,-1.96,-2.42,-1.96,INF,-1,1,7,0
2760,1,1,-26.073,-19.612,-2.44,-1.83,-2.43,-1.83,INF,-1,0,7,0
2780,1,1,-24.401,-20.073,-2.28,-1.87,-2.28,-1.88,INF,-1,0,7,0
2800,1,1,-25.736,-21.969,-2.40,-2.05,-2.40,-2.05,INF,-1,0,7,0
2820,1,1,-23.403,-21.859,-2.19,-2.04,-2.18,-2.04,INF,-1,0,7,0
2840,1,1,-25.590,-22.790,-2.39,-2.13,-2.39,-2.13,INF,-1,0,7,0
2860,1,1,-23.957,-20.878,-2.24,-1.95,-2.24,-1.95,INF,-1,0,7,0
2880,1,1,-23.553,-22.196,-2.20,-2.07,-2.20,-2.07,INF,-1,0,7,0
2900,1,1,-27.683,-21.134,-2.59,-1.97,-2.58,-1.97,INF,-1,0,7,0
2920,1,1,-23.793,-21.168,-2.22,-1.98,-2.22,-1.98,INF,-1,0,7,0
2940,1,1,-22.560,-21.923,-2.11,-2.05,-2.11,-2.05,INF,-1,0,7,0
2960,1,1,-22.925,-21.906,-2.14,-2.05,-2.14,-2.05,INF,-1,0,7,0
2980,1,1,-23.288,-22.826,-2.18,-2.13,-2.17,-2.13,INF,-1,0,7,0
3000,1,1,-25.144,-19.287,-2.35,-1.80,-2.35,-1.80,INF,-1,1,7,0
3020,1,1,-24.605,-20.183,-2.30,-1.88,-2.30,-1.89,INF,-1,1,7,0
3040,1,1,-24.452,-18.070,-2.28,-1.69,-2.28,-1.69,INF,-1,1,7,0
3060,1,1,-25.565,-19.214,-2.39,-1.79,-2.39,-1.80,INF,-1,1,7,0
3080,1,1,-19.311,-24.070,-1.80,-2.25,-1.80,-2.25,INF,-1,1,7,0
3100,1,1,-12.046,-11.006,-1.13,-1.03,-1.13,-1.03,INF,-1,1,7,0
3120,1,1,-6.029,-9.944,-0.56,-0.93,-0.56,-0.93,INF,-1,1,7,0
3140,1,1,-8.977,-10.871,-0.84,-1.02,-0.84,-1.02,INF,-1,0,7,0
3160,1,1,-10.726,-13.217,-1.00,-1.23,-1.00,-1.24,INF,-1,0,7,0
3180,1,1,-8.343,-10.726,-0.78,-1.00,-0.78,-1.00,INF,-1,0,7,0
3200,1,1,-10.345,-9.775,-0.97,-0.91,-0.97,-0.91,INF,-1,0,7,0
3220,1,1,-10.598,-10.400,-0.99,-0.97,-0.99,-0.97,INF,-1,0,7,0
3240,1,1,-7.455,-10.968,-0.70,-1.02,-0.70,-1.03,INF,-1,0,7,0
3260,1,1,-9.196,-12.109,-0.86,-1.13,-0.86,-1.13,INF,-1,0,7,0
3280,1,1,-10.242,-9.304,-0.96,-0.87,-0.96,-0.87,INF,-1,0,7,0
3300,1,1,-9.326,-8.908,-0.87,-0.83,-0.87,-0.83,INF,-1,0,7,0
3320,1,1,-9.155,-12.694,-0.86,-1.19,-0.86,-1.19,INF,-1,0,7,0
3340,1,1,-9.592,-12.195,-0.90,-1.14,-0.90,-1.14,INF,-1,0,7,0
3360,1,1,-8.688,-11.954,-0.81,-1.12,-0.81,-1.12,INF,-1,0,7,0
3380,1,1,-10.278,-9.580,-0.96,-0.90,-0.96,-0.90,INF,-1,1,7,0
3400,1,1,-9.422,-10.571,-0.88,-0.99,-0.88,-0.99,INF,-1,1,7,0
3420,1,1,-7.981,-13.871,-0.75,-1.30,-0.75,-1.30,INF,-1,1,7,0
3440,1,1,-8.531,-9.776,-0.80,-0.91,-0.80,-0.91,INF,-1,1,7,0
3460,1,1,-9.389,-9.310,-0.88,-0.87,-0.88,-0.87,INF,-1,1,7,0
3480,1,1,-6.527,-15.050,-0.61,-1.41,-0.61,-1.41,INF,-1,1,7,0
3500,1,1,-7.234,-13.014,-0.68,-1.22,-0.68,-1.22,INF,-1,1,7,0
3520,1,1,-37.883,1.413,-3.54,0.13,-3.54,0.13,INF,-1,1,7,0
3540,1,1,-41.486,6.718,-3.87,0.63,-3.87,0.63,INF,-1,1,7,0
3560,1,1,-43.064,11.644,-4.02,1.09,-4.02,1.09,INF,-1,0,7,0
3580,1,1,-40.832,6.416,-3.81,0.60,-3.81,0.60,INF,-1,0,7,0
3600,1,1,-42.308,7.702,-3.95,0.72,-3.95,0.72,INF,-1,0,7,0
3620,1,1,-41.516,5.622,-3.87,0.52,-3.87,0.53,INF,-1,0,7,0
3640,1,1,-39.678,7.462,-3.70,0.70,-3.70,0.70,INF,-1,0,7,0
3660,1,1,-41.743,7.723,-3.90,0.72,-3.90,0.72,INF,-1,0,7,0
3680,1,1,-41.117,7.527,-3.84,0.70,-3.84,0.70,INF,-1,0,7,0
3700,1,1,-39.404,7.564,-3.68,0.71,-3.68,0.71,INF,-1,0,7,0
3720,1,1,-40.832,5.469,-3.81,0.51,-3.81,0.51,INF,-1,0,7,0
3740,1,1,-44.648,7.487,-4.17,0.70,-4.17,0.70,INF,-1,0,7,0
3760,1,1,-39.573,8.346,-3.69,0.78,-3.69,0.78,INF,-1,0,7,0
3780,1,1,-41.195,8.670,-3.84,0.81,-3.84,0.81,INF,-1,0,7,0
3800,1,1,-40.922,7.875,-3.82,0.73,-3.82,0.74,INF,-1,1,7,0
3820,1,1,-43.350,9.147,-4.05,0.85,-4.04,0.85,INF,-1,1,7,0
3840,1,1,-39.585,10.559,-3.69,0.98,-3.69,0.99,INF,-1,1,7,0
3860,1,1,-39.874,9.884,-3.72,0.92,-3.72,0.92,INF,-1,1,7,0
3880,1,1,-26.975,2.346,-2.52,0.22,-2.52,0.22,INF,-1,1,7,0
3900,1,1,-9.599,-5.635,-0.90,-0.53,-0.90,-0.53,INF,-1,1,7,0
3920,1,1,-10.549,-6.009,-0.99,-0.56,-0.99,-0.56,INF,-1,0,7,0
3940,1,1,-8.313,-5.914,-0.78,-0.55,-0.78,-0.55,INF,-1,0,7,0
3960,1,1,-11.122,-4.616,-1.04,-0.43,-1.04,-0.43,INF,-1,0,7,0
3980,1,1,-9.889,-2.755,-0.92,-0.26,-0.92,-0.26,INF,-1,0,7,0
4000,1,1,-9.092,-6.941,-0.85,-0.65,-0.85,-0.65,INF,-1,0,7,0
4020,1,1,-11.600,-5.004,-1.08,-0.47,-1.08,-0.47,INF,-1,0,7,0
4040,1,1,-9.470,-5.458,-0.89,-0.51,-0.89,-0.51,INF,-1,0,7,0
4060,1,1,-9.303,-5.591,-0.87,-0.52,-0.87,-0.52,INF,-1,0,7,0
4080,1,1,-11.503,-2.371,-1.08,-0.22,-1.08,-0.22,INF,-1,0,7,0
4100,1,1,-9.817,-4.989,-0.92,-0.47,-0.92,-0.47,INF,-1,0,7,0
4120,1,1,-12.333,-6.279,-1.15,-0.59,-1.15,-0.59,INF,-1,0,7,0
4140,1,1,-0.043,15.817,0.00,1.48,0.00,1.48,INF,-1,0,7,0
4160,1,1,-0.526,24.253,-0.05,2.27,-0.05,2.27,INF,-1,0,7,0
4180,1,1,2.362,22.673,0.22,2.12,0.22,2.12,INF,-1,0,7,0
4200,1,1,0.077,25.738,0.01,2.40,0.01,2.40,INF,-1,0,7,0
4220,1,1,1.697,25.326,0.16,2.37,0.16,2.37,INF,-1,0,7,0
4240,1,1,3.632,25.238,0.34,2.36,0.34,2.36,INF,-1,0,7,0
4260,1,1,-1.249,23.833,-0.12,2.23,-0.12,2.23,INF,-1,0,7,0
4280,1,1,1.890,27.141,0.18,2.54,0.18,2.54,INF,-1,0,7,0
4300,1,1,-2.893,24.974,-0.27,2.33,-0.27,2.33,INF,-1,0,7,0
4320,1,1,-0.042,27.167,0.00,2.54,0.00,2.54,INF,-1,0,7,0
4340,1,1,2.148,25.948,0.20,2.42,0.20,2.42,INF,-1,1,7,0
4360,1,1,-3.459,26.849,-0.32,2.51,-0.32,2.51,INF,-1,0,7,0
4380,1,1,-4.648,27.796,-0.43,2.60,-0.43,2.60,INF,-1,0,7,0
4400,1,1,-11.294,30.906,-1.06,2.89,-1.05,2.89,INF,-1,0,7,0
4420,1,1,-12.065,30.668,-1.13,2.86,-1.13,2.86,INF,-1,0,7,0
4440,1,1,-10.652,30.301,-1.00,2.83,-0.99,2.83,INF,-1,0,7,0
4460,1,1,-11.714,30.553,-1.09,2.85,-1.09,2.85,INF,-1,0,7,0
4480,1,1,-10.609,28.643,-0.99,2.67,-0.99,2.68,INF,-1,0,7,0
4500,1,1,-11.228,28.800,-1.05,2.69,-1.05,2.69,INF,-1,0,7,0
4520,1,1,-14.294,30.823,-1.34,2.88,-1.33,2.88,INF,-1,0,7,0
4540,1,1,-12.820,27.669,-1.20,2.58,-1.20,2.58,INF,-1,0,7,0
4560,1,1,-15.245,31.603,-1.42,2.95,-1.42,2.95,INF,-1,0,7,0
4580,1,1,-15.513,29.813,-1.45,2.78,-1.45,2.78,INF,-1,0,7,0
4600,1,1,-10.069,29.399,-0.94,2.75,-0.94,2.75,INF,-1,1,7,0
4620,1,1,-10.827,29.065,-1.01,2.71,-1.01,2.71,INF,-1,1,7,0
4640,1,1,-10.925,26.073,-1.02,2.44,-1.02,2.44,INF,-1,1,7,0
4660,1,1,-9.693,27.507,-0.91,2.57,-0.90,2.57,INF,-1,1,7,0
4680,1,1,-11.218,28.955,-1.05,2.70,-1.05,2.70,INF,-1,1,7,0
4700,1,1,-7.937,25.160,-0.74,2.35,-0.74,2.35,INF,-1,1,7,0
4720,1,1,13.359,29.213,1.25,2.73,1.25,2.73,INF,-1,1,7,0
4740,1,1,29.452,33.044,2.75,3.08,2.75,3.09,INF,-1,1,7,0
4760,1,1,30.519,32.368,2.85,3.02,2.85,3.02,INF,-1,0,7,0
4780,1,1,31.396,31.543,2.93,2.94,2.93,2.95,INF,-1,0,7,0
4800,1,1,29.353,34.397,2.74,3.21,2.74,3.21,INF,-1,0,7,0
4820,1,1,29.521,31.421,2.76,2.93,2.75,2.93,INF,-1,0,7,0
4840,1,1,29.263,33.244,2.73,3.10,2.73,3.10,INF,-1,0,7,0
4860,1,1,30.776,33.185,2.87,3.09,2.87,3.10,INF,-1,0,7,0
4880,1,1,24.799,32.525,2.32,3.03,2.31,3.04,INF,-1,0,7,0
4900,1,1,28.941,33.045,2.70,3.08,2.70,3.09,INF,-1,0,7,0
4920,1,1,27.739,34.803,2.59,3.25,2.59,3.25,INF,-1,0,7,0
4940,1,1,28.535,34.788,2.67,3.24,2.66,3.25,INF,-1,0,7,0
4960,1,1,30.335,32.530,2.83,3.03,2.83,3.04,INF,-1,0,7,0
4980,1,1,29.400,34.021,2.75,3.17,2.74,3.18,INF,-1,0,7,0
5000,1,1,27.828,30.192,2.60,2.82,2.60,2.82,INF,-1,0,7,0
5020,1,1,25.859,32.479,2.42,3.03,2.41,3.03,INF,-1,1,7,0
5040,1,1,30.149,30.494,2.82,2.84,2.81,2.85,INF,-1,1,7,0
5060,1,1,25.820,29.659,2.41,2.77,2.41,2.77,INF,-1,1,7,0
5080,1,1,27.062,32.009,2.53,2.99,2.52,2.99,INF,-1,1,7,0
5100,1,1,30.444,30.601,2.84,2.85,2.84,2.86,INF,-1,1,7,0
5120,1,1,27.923,30.807,2.61,2.87,2.60,2.88,INF,-1,1,7,0
5140,1,1,28.706,31.278,2.68,2.92,2.68,2.92,INF,-1,1,7,0
5160,1,1,24.696,31.127,2.31,2.90,2.30,2.91,INF,-1,1,7,0
5180,1,1,25.591,31.802,2.39,2.97,2.39,2.97,INF,-1,1,7,0
5200,1,1,23.408,32.548,2.19,3.04,2.18,3.04,INF,-1,1,7,0
5220,1,1,27.034,29.277,2.53,2.73,2.52,2.73,INF,-1,1,7,0
5240,1,1,26.159,28.137,2.44,2.63,2.44,2.63,INF,-1,1,7,0
5260,1,1,26.283,29.488,2.46,2.75,2.45,2.75,INF,-1,1,7,0
5280,1,1,27.129,31.805,2.53,2.97,2.53,2.97,INF,-1,1,7,0
5300,1,1,26.449,29.939,2.47,2.79,2.47,2.80,INF,-1,1,7,0
5320,1,1,26.698,30.257,2.49,2.82,2.49,2.83,INF,-1,1,7,0
5340,1,1,25.338,28.811,2.37,2.69,2.36,2.69,INF,-1,1,7,0
5360,1,1,25.067,29.408,2.34,2.74,2.34,2.75,INF,-1,1,7,0
5380,1,1,26.890,29.374,2.51,2.74,2.51,2.74,INF,-1,1,7,0
5400,1,1,27.504,27.240,2.57,2.54,2.57,2.54,INF,-1,1,7,0
5420,1,1,24.716,29.130,2.31,2.72,2.31,2.72,INF,-1,1,7,0
5440,1,1,25.732,26.020,2.40,2.43,2.40,2.43,INF,-1,1,7,0
5460,1,1,26.434,30.088,2.47,2.81,2.47,2.81,INF,-1,1,7,0
5480,1,1,25.089,30.641,2.34,2.86,2.34,2.86,INF,-1,1,7,0
5500,1,1,23.722,26.384,2.22,2.46,2.21,2.46,INF,-1,1,7,0
5520,1,1,13.956,2.935,1.30,0.27,1.30,0.27,INF,-1,1,7,0
5540,1,1,20.000,0.781,1.87,0.07,1.87,0.07,INF,-1,1,7,0
5560,1,1,18.109,-3.189,1.69,-0.30,1.69,-0.30,INF,-1,0,7,0
5580,1,1,18.046,-4.348,1.69,-0.41,1.69,-0.41,INF,-1,0,7,0
5600,1,1,14.807,-1.968,1.38,-0.18,1.38,-0.18,INF,-1,0,7,0
5620,1,1,17.521,0.311,1.64,0.03,1.64,0.03,INF,-1,0,7,0
5640,1,1,16.852,5.366,1.57,0.50,1.57,0.50,INF,-1,0,7,0
5660,1,1,11.732,3.148,1.10,0.29,1.10,0.29,INF,-1,0,7,0
5680,1,1,14.027,1.890,1.31,0.18,1.31,0.18,INF,-1,0,7,0
5700,1,1,15.786,1.446,1.48,0.14,1.48,0.14,INF,-1,0,7,0
5720,1,1,16.790,3.234,1.57,0.30,1.57,0.30,INF,-1,0,7,0
5740,1,1,16.655,2.353,1.56,0.22,1.56,0.22,INF,-1,0,7,0
5760,1,1,13.510,0.035,1.26,0.00,1.26,0.00,INF,-1,0,7,0
5780,1,1,12.210,2.624,1.14,0.25,1.14,0.25,INF,-1,0,7,0
5800,1,1,16.043,-0.984,1.50,-0.09,1.50,-0.09,INF,-1,1,7,0
5820,1,1,14.646,2.941,1.37,0.27,1.37,0.27,INF,-1,1,7,0
5840,1,1,16.914,2.682,1.58,0.25,1.58,0.25,INF,-1,1,7,0
5860,1,1,8.623,-14.354,0.81,-1.34,0.81,-1.34,INF,-1,1,7,0
5880,1,1,9.066,-19.445,0.85,-1.82,0.85,-1.82,INF,-1,1,7,0
5900,1,1,8.363,-18.708,0.78,-1.75,0.78,-1.75,INF,-1,0,7,0
5920,1,1,8.414,-17.718,0.79,-1.66,0.79,-1.66,INF,-1,0,7,0
5940,1,1,9.786,-21.018,0.91,-1.96,0.91,-1.96,INF,-1,0,7,0
5960,1,1,5.908,-18.684,0.55,-1.75,0.55,-1.75,INF,-1,0,7,0
5980,1,1,5.401,-16.081,0.50,-1.50,0.50,-1.50,INF,-1,0,7,0
6000,1,1,7.369,-19.613,0.69,-1.83,0.69,-1.83,INF,-1,0,7,0
6020,1,1,6.374,-18.032,0.60,-1.68,0.60,-1.68,INF,-1,0,7,0
6040,1,1,6.874,-17.398,0.64,-1.63,0.64,-1.63,INF,-1,0,7,0
6060,1,1,5.938,-19.265,0.56,-1.80,0.55,-1.80,INF,-1,0,7,0
6080,1,1,4.143,-18.482,0.39,-1.73,0.39,-1.73,INF,-1,0,7,0
6100,1,1,6.208,-21.225,0.58,-1.98,0.58,-1.98,INF,-1,0,7,0
6120,1,1,4.715,-19.185,0.44,-1.79,0.44,-1.79,INF,-1,0,7,0
6140,1,1,3.182,-18.349,0.30,-1.71,0.30,-1.71,INF,-1,1,7,0
6160,1,1,4.766,-21.639,0.45,-2.02,0.45,-2.02,INF,-1,1,7,0
6180,1,1,6.430,-20.685,0.60,-1.93,0.60,-1.93,INF,-1,1,7,0
6200,1,1,6.718,-20.217,0.63,-1.89,0.63,-1.89,INF,-1,1,7,0
6220,1,1,5.316,-19.792,0.50,-1.85,0.50,-1.85,INF,-1,1,7,0
6240,1,1,4.434,-20.969,0.41,-1.96,0.41,-1.96,INF,-1,1,7,0
6260,1,1,8.891,-18.062,0.83,-1.69,0.83,-1.69,INF,-1,1,7,0
6280,1,1,13.324,-14.994,1.25,-1.40,1.24,-1.40,INF,-1,1,7,0
6300,1,1,9.975,-12.592,0.93,-1.18,0.93,-1.18,INF,-1,1,7,0
6320,1,1,8.769,-13.542,0.82,-1.27,0.82,-1.27,INF,-1,1,7,0
6340,1,1,12.288,-13.716,1.15,-1.28,1.15,-1.28,INF,-1,1,7,0
6360,1,1,14.222,-13.753,1.33,-1.28,1.33,-1.29,INF,-1,1,7,0
6380,1,1,11.705,-14.754,1.09,-1.38,1.09,-1.38,INF,-1,1,7,0
6400,1,1,12.008,-17.712,1.12,-1.65,1.12,-1.66,INF,-1,1,7,0
6420,1,1,11.256,-15.170,1.05,-1.42,1.05,-1.42,INF,-1,1,7,0
6440,1,1,9.882,-14.959,0.92,-1.40,0.92,-1.40,INF,-1,1,7,0
6460,1,1,13.362,-14.901,1.25,-1.39,1.25,-1.39,INF,-1,1,7,0
6480,1,1,11.615,-13.568,1.09,-1.27,1.09,-1.27,INF,-1,1,7,0
6500,1,1,12.416,-12.382,1.16,-1.16,1.16,-1.16,INF,-1,1,7,0
6520,1,1,13.936,-11.016,1.30,-1.03,1.30,-1.03,INF,-1,1,7,0
6540,1,1,17.156,-14.547,1.60,-1.36,1.60,-1.36,INF,-1,1,7,0
6560,1,1,-28.461,6.071,-2.66,0.57,-2.66,0.57,INF,-1,0,7,0
6580,1,1,-36.025,13.788,-3.36,1.29,-3.36,1.29,INF,-1,0,7,0
6600,1,1,-34.342,15.062,-3.21,1.41,-3.21,1.41,INF,-1,0,7,0
6620,1,1,-35.933,14.486,-3.35,1.35,-3.35,1.35,INF,-1,0,7,0
6640,1,1,-37.615,15.707,-3.51,1.47,-3.51,1.47,INF,-1,0,7,0
6660,1,1,-33.900,16.003,-3.17,1.49,-3.16,1.50,INF,-1,0,7,0
6680,1,1,-38.837,15.871,-3.63,1.48,-3.62,1.48,INF,-1,0,7,0
6700,1,1,-37.304,17.914,-3.48,1.67,-3.48,1.67,INF,-1,0,7,0
6720,1,1,-37.572,16.368,-3.51,1.53,-3.51,1.53,INF,-1,0,7,0
6740,1,1,-34.593,13.558,-3.23,1.27,-3.23,1.27,INF,-1,0,7,0
6760,1,1,-35.017,17.952,-3.27,1.67,-3.27,1.68,INF,-1,0,7,0
6780,1,1,-37.601,16.111,-3.51,1.50,-3.51,1.51,INF,-1,0,7,0
6800,1,1,-64.191,33.542,-5.98,3.11,-5.97,3.13,INF,-1,0,7,0
6820,1,1,-67.758,35.155,-6.31,3.26,-6.30,3.28,INF,-1,0,7,0
6840,1,1,-65.552,36.126,-6.10,3.35,-6.09,3.37,INF,-1,0,7,0
6860,1,1,-65.531,37.608,-6.10,3.49,-6.09,3.51,INF,-1,0,7,0
6880,1,1,-65.613,36.622,-6.11,3.40,-6.10,3.42,INF,-1,0,7,0
6900,1,1,-65.228,35.306,-6.07,3.28,-6.06,3.30,INF,-1,0,7,0
6920,1,1,-64.136,35.133,-5.97,3.26,-5.96,3.28,INF,-1,0,7,0
6940,1,1,-65.540,36.027,-6.10,3.34,-6.09,3.36,INF,-1,0,7,0
6960,1,1,-61.419,33.229,-5.72,3.09,-5.71,3.10,INF,-1,0,7,0
6980,1,1,-63.369,36.666,-5.90,3.40,-5.89,3.42,INF,-1,0,7,0
7000,0,1,0.000,0.000,0.00,0.00,0.00,0.00,0.00,-1,0,7,0
7020,1,1,-63.794,36.827,-5.94,3.42,-5.93,3.44,INF,-1,1,7,0
7040,1,1,-63.397,37.056,-5.90,3.44,-5.89,3.46,INF,-1,1,7,0
7060,0,1,0.000,0.000,0.00,0.00,0.00,0.00,0.00,-1,1,7,0
7080,1,1,-55.885,38.801,-5.21,3.61,-5.20,3.62,INF,-1,1,7,0
7100,1,1,-42.437,40.904,-3.96,3.81,-3.95,3.82,INF,-1,1,7,0
7120,1,1,-44.598,38.242,-4.16,3.56,-4.15,3.57,INF,-1,1,7,0
7140,1,1,-43.569,40.543,-4.07,3.77,-4.06,3.78,INF,-1,0,7,0
7160,1,1,-43.849,38.780,-4.09,3.61,-4.08,3.62,INF,-1,0,7,0
7180,1,1,-40.103,39.767,-3.74,3.70,-3.74,3.71,INF,-1,0,7,0
7200,1,1,-41.743,42.887,-3.90,3.99,-3.89,4.00,INF,-1,0,7,0
7220,1,1,-40.589,41.571,-3.79,3.87,-3.78,3.88,INF,-1,0,7,0
7240,1,1,-41.582,38.148,-3.88,3.55,-3.87,3.56,INF,-1,0,7,0
7260,1,1,-42.471,39.897,-3.96,3.71,-3.96,3.72,INF,-1,0,7,0
7280,1,1,-40.933,39.252,-3.82,3.66,-3.81,3.66,INF,-1,0,7,0
7300,1,1,-39.427,39.348,-3.68,3.67,-3.67,3.67,INF,-1,0,7,0
7320,1,1,-40.058,39.507,-3.74,3.68,-3.73,3.69,INF,-1,0,7,0
7340,1,1,-39.789,37.655,-3.71,3.51,-3.71,3.52,INF,-1,0,7,0
7360,1,1,-39.428,37.736,-3.68,3.52,-3.67,3.52,INF,-1,0,7,0
7380,1,1,-39.335,37.839,-3.67,3.52,-3.66,3.53,INF,-1,1,7,0
7400,1,1,-42.443,42.327,-3.96,3.94,-3.95,3.95,INF,-1,1,7,0
7420,1,1,-40.230,39.108,-3.75,3.64,-3.75,3.65,INF,-1,1,7,0
7440,1,1,-25.977,42.091,-2.43,3.92,-2.42,3.93,INF,-1,1,7,0
7460,1,1,-16.669,39.558,-1.56,3.69,-1.55,3.69,INF,-1,1,7,0
7480,1,1,-17.136,40.406,-1.60,3.77,-1.60,3.77,INF,-1,0,7,0
7500,1,1,-17.817,40.115,-1.66,3.74,-1.66,3.74,INF,-1,0,7,0
7520,1,1,-16.712,37.830,-1.56,3.53,-1.56,3.53,INF,-1,0,7,0
7540,1,1,-17.453,37.042,-1.63,3.46,-1.63,3.46,INF,-1,0,7,0
7560,1,1,-20.099,40.001,-1.88,3.73,-1.87,3.73,INF,-1,0,7,0
7580,1,1,-18.540,40.537,-1.73,3.78,-1.73,3.78,INF,-1,0,7,0
7600,1,1,-20.192,40.619,-1.89,3.79,-1.88,3.79,INF,-1,0,7,0
7620,1,1,-18.459,38.751,-1.72,3.62,-1.72,3.62,INF,-1,0,7,0
7640,1,1,-20.217,39.734,-1.89,3.71,-1.89,3.71,INF,-1,0,7,0
7660,1,1,-15.939,38.838,-1.49,3.62,-1.49,3.63,INF,-1,0,7,0
7680,1,1,24.333,38.827,2.27,3.62,2.27,3.62,INF,-1,0,7,0
7700,1,1,28.545,38.145,2.67,3.56,2.66,3.56,INF,-1,0,7,0
7720,1,1,26.228,37.506,2.45,3.50,2.45,3.50,INF,-1,0,7,0
7740,1,1,26.926,39.994,2.52,3.73,2.51,3.73,INF,-1,0,7,0
7760,1,1,28.130,38.690,2.63,3.61,2.62,3.61,INF,-1,0,7,0
7780,1,1,30.318,38.568,2.83,3.60,2.83,3.60,INF,-1,0,7,0
7800,1,1,27.705,36.780,2.59,3.43,2.58,3.43,INF,-1,0,7,0
7820,1,1,27.434,35.178,2.56,3.28,2.56,3.28,INF,-1,0,7,0
7840,1,1,29.912,33.782,2.79,3.15,2.79,3.15,INF,-1,0,7,0
7860,1,1,26.704,35.783,2.49,3.34,2.49,3.34,INF,-1,0,7,0
7880,1,1,30.230,35.975,2.82,3.35,2.82,3.36,INF,-1,0,7,0
7900,1,1,26.360,37.258,2.46,3.47,2.46,3.48,INF,-1,1,7,0
7920,1,1,28.127,33.994,2.63,3.17,2.62,3.17,INF,-1,1,7,0
7940,1,1,31.100,37.652,2.90,3.51,2.90,3.51,INF,-1,1,7,0
7960,1,1,26.319,36.678,2.46,3.42,2.45,3.42,INF,-1,1,7,0
7980,1,1,21.090,29.486,1.97,2.75,1.97,2.75,INF,-1,1,7,0
8000,1,1,-5.804,22.807,-0.54,2.13,-0.54,2.13,INF,-1,1,7,0
8020,1,1,-1.722,25.106,-0.16,2.35,-0.16,2.35,INF,-1,1,7,0
8040,1,1,-2.508,28.434,-0.23,2.66,-0.23,2.66,INF,-1,0,7,0
8060,1,1,-1.494,25.176,-0.14,2.35,-0.14,2.35,INF,-1,0,7,0
8080,1,1,-5.163,27.589,-0.48,2.58,-0.48,2.58,INF,-1,0,7,0
8100,1,1,-3.314,23.305,-0.31,2.18,-0.31,2.18,INF,-1,0,7,0
8120,1,1,-3.090,21.104,-0.29,1.97,-0.29,1.97,INF,-1,0,7,0
8140,1,1,-2.163,21.349,-0.20,1.99,-0.20,1.99,INF,-1,0,7,0
8160,1,1,-0.649,24.208,-0.06,2.26,-0.06,2.26,INF,-1,0,7,0
8180,1,1,-3.422,22.812,-0.32,2.13,-0.32,2.13,INF,-1,0,7,0
8200,1,1,-2.764,21.948,-0.26,2.05,-0.26,2.05,INF,-1,0,7,0
8220,1,1,-4.901,23.574,-0.46,2.20,-0.46,2.20,INF,-1,0,7,0
8240,1,1,-6.460,21.253,-0.60,1.99,-0.60,1.99,INF,-1,0,7,0
8260,1,1,-5.213,24.072,-0.49,2.25,-0.49,2.25,INF,-1,0,7,0
8280,1,1,-3.811,21.794,-0.36,2.04,-0.36,2.04,INF,-1,1,7,0
8300,1,1,-3.733,21.475,-0.35,2.01,-0.35,2.01,INF,-1,1,7,0
8320,1,1,-2.735,18.745,-0.26,1.75,-0.26,1.75,INF,-1,1,7,0
8340,1,1,-2.568,19.578,-0.24,1.83,-0.24,1.83,INF,-1,1,7,0
8360,1,1,-2.552,19.130,-0.24,1.79,-0.24,1.79,INF,-1,1,7,0
8380,1,1,-2.151,17.345,-0.20,1.62,-0.20,1.62,INF,-1,1,7,0
8400,1,1,32.325,24.321,3.02,2.27,3.02,2.27,INF,-1,1,7,0
8420,1,1,33.695,27.354,3.15,2.55,3.14,2.55,INF,-1,1,7,0
8440,1,1,31.049,26.154,2.90,2.44,2.90,2.44,INF,-1,0,7,0
8460,1,1,29.247,21.597,2.73,2.02,2.73,2.02,INF,-1,0,7,0
8480,1,1,29.893,23.689,2.79,2.21,2.79,2.21,INF,-1,0,7,0
8500,1,1,32.504,22.140,3.04,2.07,3.03,2.07,INF,-1,0,7,0
8520,1,1,29.032,23.570,2.71,2.20,2.71,2.20,INF,-1,0,7,0
8540,1,1,29.534,26.409,2.76,2.46,2.76,2.47,INF,-1,0,7,0
8560,1,1,34.071,23.896,3.18,2.23,3.18,2.23,INF,-1,0,7,0
8580,1,1,34.319,22.092,3.20,2.06,3.20,2.06,INF,-1,0,7,0
8600,1,1,50.834,25.714,4.74,2.39,4.74,2.40,INF,-1,0,7,0
8620,1,1,49.722,27.048,4.64,2.52,4.63,2.53,INF,-1,0,7,0
8640,1,1,47.354,25.437,4.42,2.37,4.41,2.38,INF,-1,0,7,0
8660,1,1,48.620,23.736,4.53,2.21,4.53,2.22,INF,-1,0,7,0
8680,1,1,48.873,25.329,4.56,2.36,4.55,2.37,INF,-1,1,7,0
8700,1,1,49.646,22.623,4.63,2.11,4.63,2.11,INF,-1,0,7,0
8720,1,1,46.826,26.924,4.37,2.51,4.36,2.51,INF,-1,0,7,0
8740,1,1,49.240,24.485,4.59,2.28,4.59,2.29,INF,-1,0,7,0
8760,1,1,48.229,24.912,4.50,2.32,4.49,2.33,INF,-1,0,7,0
8780,1,1,47.988,23.083,4.48,2.15,4.47,2.16,INF,-1,0,7,0
8800,1,1,46.295,24.256,4.32,2.26,4.32,2.27,INF,-1,0,7,0
8820,1,1,51.657,23.971,4.82,2.23,4.81,2.24,INF,-1,0,7,0
8840,1,1,49.590,25.002,4.63,2.33,4.62,2.34,INF,-1,0,7,0
8860,1,1,49.878,22.021,4.65,2.05,4.65,2.06,INF,-1,0,7,0
8880,1,1,50.032,24.560,4.67,2.29,4.66,2.29,INF,-1,0,7,0
8900,1,1,45.178,26.705,4.22,2.49,4.21,2.49,INF,-1,0,7,0
8920,1,1,50.258,25.046,4.69,2.33,4.68,2.34,INF,-1,0,7,0
8940,1,1,49.876,26.433,4.65,2.46,4.65,2.47,INF,-1,1,7,0
8960,1,1,50.301,23.644,4.69,2.20,4.69,2.21,INF,-1,1,7,0
8980,1,1,49.701,27.920,4.64,2.60,4.63,2.61,INF,-1,1,7,0
9000,1,1,51.881,24.483,4.84,2.28,4.83,2.29,INF,-1,1,7,0
9020,1,1,50.814,30.603,4.74,2.85,4.73,2.86,INF,-1,1,7,0
9040,1,1,49.978,30.609,4.66,2.85,4.66,2.86,INF,-1,1,7,0
9060,1,1,51.620,30.182,4.81,2.81,4.81,2.82,INF,-1,1,7,0
9080,1,1,52.467,30.445,4.89,2.83,4.89,2.84,INF,-1,1,7,0
9100,1,1,50.919,28.754,4.75,2.68,4.74,2.69,INF,-1,1,7,0
9120,1,1,53.750,28.952,5.01,2.69,5.01,2.70,INF,-1,1,7,0
9140,1,1,54.513,30.193,5.08,2.81,5.08,2.82,INF,-1,1,7,0
9160,1,1,51.564,29.552,4.81,2.75,4.80,2.76,INF,-1,1,7,0
9180,1,1,51.593,32.095,4.81,2.99,4.80,3.00,INF,-1,1,7,0
9200,1,1,50.444,31.348,4.70,2.92,4.70,2.93,INF,-1,1,7,0
9220,1,1,52.421,30.500,4.89,2.84,4.88,2.85,INF,-1,1,7,0
9240,1,1,52.153,32.394,4.86,3.01,4.86,3.02,INF,-1,1,7,0
9260,1,1,50.206,29.967,4.68,2.79,4.68,2.80,INF,-1,1,7,0
9280,1,1,51.828,32.329,4.83,3.01,4.83,3.02,INF,-1,1,7,0
9300,1,1,52.131,29.542,4.86,2.75,4.86,2.76,INF,-1,1,7,0
9320,1,1,53.502,30.890,4.99,2.87,4.98,2.88,INF,-1,1,7,0
9340,1,1,53.175,32.760,4.96,3.05,4.95,3.06,INF,-1,1,7,0
9360,1,1,52.153,29.638,4.86,2.76,4.86,2.77,INF,-1,1,7,0
9380,1,1,51.931,31.291,4.84,2.91,4.84,2.92,INF,-1,1,7,0
9400,1,1,50.804,32.910,4.74,3.06,4.73,3.07,INF,-1,1,7,0
9420,1,1,51.797,30.803,4.83,2.87,4.82,2.88,INF,-1,1,7,0
9440,1,1,52.419,33.770,4.89,3.14,4.88,3.15,INF,-1,1,7,0
9460,1,1,51.667,32.708,4.82,3.04,4.81,3.05,INF,-1,1,7,0
9480,1,1,50.457,31.349,4.71,2.92,4.70,2.93,INF,-1,1,7,0
9500,1,1,50.589,29.966,4.72,2.79,4.71,2.80,INF,-1,1,7,0
9520,1,1,52.468,30.960,4.89,2.88,4.89,2.89,INF,-1,1,7,0
9540,1,1,50.860,29.361,4.74,2.73,4.74,2.74,INF,-1,1,7,0
9560,1,1,53.901,28.914,5.03,2.69,5.02,2.70,INF,-1,1,7,0
9580,1,1,55.117,27.827,5.14,2.59,5.13,2.60,INF,-1,1,7,0
9600,1,1,51.399,-32.523,4.79,-3.03,4.79,-3.04,INF,-1,1,7,0
9620,1,1,54.011,-29.954,5.04,-2.79,5.03,-2.80,INF,-1,1,7,0
9640,1,1,56.544,-32.693,5.27,-3.04,5.26,-3.05,INF,-1,0,7,0
9660,1,1,58.271,-30.206,5.43,-2.81,5.42,-2.82,INF,-1,0,7,0
9680,1,1,56.885,-33.620,5.30,-3.13,5.29,-3.14,INF,-1,0,7,0
9700,1,1,56.549,-33.466,5.27,-3.11,5.26,-3.12,INF,-1,0,7,0
9720,1,1,57.315,-28.557,5.34,-2.66,5.34,-2.67,INF,-1,0,7,0
9740,0,1,0.000,0.000,0.00,0.00,0.00,0.00,0.00,-1,0,7,0
9760,1,1,55.222,-28.169,5.15,-2.62,5.14,-2.63,INF,-1,0,7,0
9780,1,1,58.402,-27.022,5.44,-2.51,5.44,-2.52,INF,-1,0,7,0
9800,1,1,58.665,-28.399,5.47,-2.64,5.46,-2.65,INF,-1,0,7,0
9820,0,1,0.000,0.000,0.00,0.00,0.00,0.00,0.00,-1,0,7,0
9840,1,1,53.564,-26.802,4.99,-2.49,4.99,-2.50,INF,-1,0,7,0
9860,1,1,51.795,-29.712,4.83,-2.77,4.82,-2.77,INF,-1,0,7,0
9880,1,1,19.871,-29.762,1.86,-2.78,1.85,-2.78,INF,-1,1,7,0
9900,1,1,22.638,-28.912,2.11,-2.70,2.11,-2.70,INF,-1,1,7,0
9920,1,1,18.824,-31.269,1.76,-2.92,1.76,-2.92,INF,-1,0,7,0
9940,1,1,22.526,-28.690,2.10,-2.68,2.10,-2.68,INF,-1,0,7,0
9960,1,1,23.643,-30.151,2.21,-2.81,2.21,-2.82,INF,-1,0,7,0
9980,1,1,22.090,-26.623,2.06,-2.49,2.06,-2.49,INF,-1,0,7,0
10000,1,1,21.896,-27.560,2.05,-2.57,2.04,-2.57,INF,-1,0,7,0
10020,1,1,22.961,-29.324,2.15,-2.74,2.14,-2.74,INF,-1,0,7,0
10040,1,1,21.557,-29.033,2.01,-2.71,2.01,-2.71,INF,-1,0,7,0
10060,1,1,19.922,-26.307,1.86,-2.46,1.86,-2.46,INF,-1,0,7,0
10080,1,1,24.393,-28.338,2.28,-2.64,2.28,-2.65,INF,-1,0,7,0
10100,1,1,11.286,-29.134,1.05,-2.72,1.05,-2.72,INF,-1,0,7,0
10120,1,1,10.123,-30.341,0.95,-2.83,0.94,-2.83,INF,-1,0,7,0
10140,1,1,10.618,-29.344,0.99,-2.74,0.99,-2.74,INF,-1,0,7,0
10160,1,1,9.915,-26.763,0.93,-2.50,0.93,-2.50,INF,-1,1,7,0
10180,1,1,10.610,-29.868,0.99,-2.79,0.99,-2.79,INF,-1,1,7,0
10200,1,1,10.476,-28.951,0.98,-2.70,0.98,-2.70,INF,-1,1,7,0
10220,1,1,9.813,-32.233,0.92,-3.01,0.92,-3.01,INF,-1,1,7,0
10240,1,1,8.387,-27.650,0.78,-2.58,0.78,-2.58,INF,-1,1,7,0
10260,1,1,9.542,-31.617,0.89,-2.95,0.89,-2.95,INF,-1,1,7,0
10280,1,1,11.597,-30.807,1.08,-2.88,1.08,-2.88,INF,-1,1,7,0
10300,1,1,10.369,-31.240,0.97,-2.92,0.97,-2.92,INF,-1,1,7,0
10320,1,1,9.229,-30.719,0.86,-2.87,0.86,-2.87,INF,-1,1,7,0
10340,1,1,10.082,-33.268,0.94,-3.11,0.94,-3.11,INF,-1,1,7,0
10360,1,1,10.854,-30.359,1.01,-2.83,1.01,-2.84,INF,-1,1,7,0
10380,1,1,11.128,-33.580,1.04,-3.14,1.04,-3.14,INF,-1,1,7,0
10400,1,1,-0.152,-31.230,-0.01,-2.92,-0.01,-2.92,INF,-1,1,7,0
10420,1,1,-13.687,-22.257,-1.28,-2.08,-1.28,-2.08,INF,-1,1,7,0
10440,1,1,-13.395,-26.109,-1.25,-2.44,-1.25,-2.44,INF,-1,0,7,0
10460,1,1,-8.566,-24.591,-0.80,-2.30,-0.80,-2.30,INF,-1,0,7,0
10480,1,1,-10.618,-24.972,-0.99,-2.33,-0.99,-2.33,INF,-1,0,7,0
10500,1,1,-13.734,-22.771,-1.28,-2.13,-1.28,-2.13,INF,-1,0,7,0
10520,1,1,-11.976,-24.616,-1.12,-2.30,-1.12,-2.30,INF,-1,0,7,0
10540,1,1,-13.239,-25.004,-1.24,-2.34,-1.24,-2.34,INF,-1,0,7,0
10560,1,1,-11.199,-24.921,-1.05,-2.33,-1.05,-2.33,INF,-1,0,7,0
10580,1,1,-11.714,-23.407,-1.09,-2.19,-1.09,-2.19,INF,-1,0,7,0
10600,1,1,-14.342,-23.778,-1.34,-2.22,-1.34,-2.22,INF,-1,0,7,0
10620,1,1,-12.170,-23.287,-1.14,-2.18,-1.14,-2.18,INF,-1,0,7,0
10640,1,1,-12.323,-25.088,-1.15,-2.34,-1.15,-2.34,INF,-1,0,7,0
10660,1,1,-10.943,-25.068,-1.02,-2.34,-1.02,-2.34,INF,-1,0,7,0
10680,1,1,-12.714,-25.084,-1.19,-2.34,-1.19,-2.34,INF,-1,0,7,0
10700,1,1,-11.647,-25.582,-1.09,-2.39,-1.09,-2.39,INF,-1,1,7,0
10720,1,1,29.606,-36.919,2.77,-3.44,2.76,-3.45,INF,-1,1,7,0
10740,1,1,25.000,-34.001,2.34,-3.17,2.33,-3.17,INF,-1,1,7,0
10760,1,1,25.504,-31.849,2.38,-2.97,2.38,-2.97,INF,-1,0,7,0
10780,1,1,24.052,-35.989,2.25,-3.36,2.24,-3.36,INF,-1,0,7,0
10800,1,1,23.533,-33.974,2.20,-3.17,2.20,-3.17,INF,-1,0,7,0
10820,1,1,27.124,-35.157,2.53,-3.28,2.53,-3.28,INF,-1,0,7,0
10840,1,1,26.434,-36.916,2.47,-3.44,2.46,-3.45,INF,-1,0,7,0
10860,1,1,25.592,-35.087,2.39,-3.27,2.39,-3.28,INF,-1,0,7,0
10880,1,1,27.056,-35.828,2.53,-3.34,2.52,-3.34,INF,-1,0,7,0
10900,1,1,26.732,-35.189,2.50,-3.28,2.49,-3.29,INF,-1,0,7,0
10920,1,1,26.950,-35.836,2.52,-3.34,2.51,-3.35,INF,-1,0,7,0
10940,1,1,27.838,-34.892,2.60,-3.25,2.60,-3.26,INF,-1,0,7,0
10960,1,1,25.010,-33.938,2.34,-3.17,2.33,-3.17,INF,-1,0,7,0
10980,1,1,25.331,-33.715,2.37,-3.15,2.36,-3.15,INF,-1,0,7,0
11000,1,1,24.883,-33.356,2.32,-3.11,2.32,-3.11,INF,-1,1,7,0
11020,1,1,25.510,-36.835,2.38,-3.44,2.38,-3.44,INF,-1,1,7,0
11040,1,1,26.000,-35.163,2.43,-3.28,2.42,-3.28,INF,-1,1,7,0
11060,1,1,25.806,-40.807,2.41,-3.81,2.41,-3.81,INF,-1,1,7,0
11080,1,1,-38.291,-44.165,-3.57,-4.11,-3.57,-4.12,INF,-1,1,7,0
11100,1,1,-53.049,-39.347,-4.95,-3.66,-4.94,-3.67,INF,-1,1,7,0
11120,1,1,-53.508,-39.982,-4.99,-3.72,-4.98,-3.73,INF,-1,0,7,0
11140,1,1,-54.597,-39.175,-5.09,-3.64,-5.08,-3.66,INF,-1,0,7,0
11160,1,1,-52.570,-38.130,-4.90,-3.55,-4.89,-3.56,INF,-1,0,7,0
11180,1,1,-53.884,-39.104,-5.02,-3.64,-5.01,-3.65,INF,-1,0,7,0
11200,1,1,-53.254,-37.540,-4.97,-3.49,-4.96,-3.50,INF,-1,0,7,0
11220,1,1,-56.615,-38.608,-5.28,-3.59,-5.27,-3.60,INF,-1,0,7,0
11240,1,1,-53.274,-40.226,-4.97,-3.74,-4.96,-3.75,INF,-1,0,7,0
11260,1,1,-55.428,-38.325,-5.17,-3.56,-5.16,-3.58,INF,-1,0,7,0
11280,1,1,-53.019,-40.118,-4.94,-3.73,-4.93,-3.74,INF,-1,0,7,0
11300,1,1,-52.616,-40.460,-4.91,-3.76,-4.90,-3.78,INF,-1,0,7,0
11320,1,1,-52.606,-36.450,-4.90,-3.39,-4.90,-3.40,INF,-1,0,7,0
11340,1,1,-53.375,-36.502,-4.98,-3.39,-4.97,-3.41,INF,-1,0,7,0
11360,1,1,-53.470,-39.223,-4.99,-3.65,-4.97,-3.66,INF,-1,0,7,0
11380,1,1,-49.742,-45.507,-4.64,-4.23,-4.63,-4.25,INF,-1,1,7,0
11400,1,1,-71.100,-7.822,-6.62,-0.73,-6.62,-0.73,INF,-1,1,7,0
11420,1,1,-61.501,18.844,-5.73,1.75,-5.73,1.76,INF,-1,1,7,0
11440,1,1,-63.897,21.773,-5.95,2.02,-5.95,2.03,INF,-1,0,7,0
11460,1,1,-64.793,23.198,-6.03,2.16,-6.03,2.17,INF,-1,0,7,0
11480,1,1,-62.910,22.416,-5.86,2.08,-5.86,2.09,INF,-1,0,7,0
11500,1,1,-63.311,19.225,-5.90,1.79,-5.89,1.80,INF,-1,0,7,0
11520,1,1,-64.829,20.411,-6.04,1.90,-6.03,1.91,INF,-1,0,7,0
11540,1,1,-63.772,20.165,-5.94,1.87,-5.94,1.88,INF,-1,0,7,0
11560,1,1,-65.435,19.133,-6.09,1.78,-6.09,1.79,INF,-1,0,7,0
11580,1,1,-68.058,18.861,-6.34,1.75,-6.33,1.76,INF,-1,0,7,0
11600,1,1,-58.181,19.243,-5.42,1.79,-5.42,1.80,INF,-1,0,7,0
11620,1,1,-42.402,30.707,-3.96,2.86,-3.95,2.87,INF,-1,0,7,0
11640,1,1,-40.074,29.234,-3.74,2.72,-3.74,2.73,INF,-1,0,7,0
11660,1,1,-41.711,32.219,-3.89,3.00,-3.89,3.01,INF,-1,0,7,0
11680,1,1,-42.280,29.990,-3.95,2.79,-3.94,2.80,INF,-1,0,7,0
11700,1,1,-42.315,30.256,-3.95,2.82,-3.94,2.83,INF,-1,0,7,0
11720,1,1,-42.282,30.864,-3.95,2.88,-3.94,2.88,INF,-1,0,7,0
11740,1,1,-39.934,32.316,-3.73,3.01,-3.72,3.02,INF,-1,0,7,0
11760,1,1,-38.881,30.806,-3.63,2.87,-3.62,2.88,INF,-1,0,7,0
11780,1,1,-41.245,31.459,-3.85,2.93,-3.84,2.94,INF,-1,0,7,0
11800,1,1,-41.266,31.391,-3.85,2.92,-3.85,2.93,INF,-1,1,7,0
11820,1,1,-42.253,27.977,-3.94,2.61,-3.94,2.61,INF,-1,1,7,0
11840,1,1,-43.298,31.965,-4.04,2.98,-4.03,2.99,INF,-1,1,7,0
11860,1,1,-43.994,32.261,-4.10,3.00,-4.10,3.01,INF,-1,1,7,0
11880,1,1,-42.429,31.815,-3.96,2.96,-3.95,2.97,INF,-1,1,7,0
11900,1,1,-25.070,27.293,-2.34,2.55,-2.34,2.55,INF,-1,1,7,0
11920,1,1,-13.923,31.394,-1.30,2.93,-1.30,2.93,INF,-1,1,7,0
11940,1,1,-16.173,30.084,-1.51,2.81,-1.51,2.81,INF,-1,0,7,0
11960,1,1,-14.184,30.037,-1.33,2.80,-1.32,2.81,INF,-1,0,7,0
11980,1,1,-12.463,31.442,-1.16,2.94,-1.16,2.94,INF,-1,0,7,0
12000,1,1,-12.823,31.537,-1.20,2.94,-1.20,2.95,INF,-1,0,7,0
12020,1,1,-16.363,32.551,-1.53,3.04,-1.53,3.04,INF,-1,0,7,0
12040,1,1,-16.421,32.739,-1.53,3.06,-1.53,3.06,INF,-1,0,7,0
12060,1,1,-12.435,32.465,-1.16,3.03,-1.16,3.03,INF,-1,0,7,0
12080,1,1,-18.880,34.788,-1.76,3.25,-1.76,3.25,INF,-1,0,7,0
12100,1,1,-17.396,34.433,-1.63,3.21,-1.62,3.22,INF,-1,0,7,0
12120,1,1,-2.499,32.231,-0.23,3.01,-0.23,3.01,INF,-1,0,7,0
12140,1,1,4.382,34.086,0.41,3.18,0.41,3.18,INF,-1,0,7,0
12160,1,1,4.299,36.921,0.40,3.45,0.40,3.45,INF,-1,0,7,0
12180,1,1,3.527,36.475,0.33,3.41,0.33,3.41,INF,-1,0,7,0
12200,1,1,3.133,35.374,0.29,3.30,0.29,3.30,INF,-1,0,7,0
12220,1,1,5.413,36.085,0.51,3.37,0.51,3.37,INF,-1,0,7,0
12240,1,1,4.694,36.760,0.44,3.43,0.44,3.43,INF,-1,0,7,0
12260,1,1,2.149,41.949,0.20,3.91,0.20,3.91,INF,-1,0,7,0
12280,1,1,2.096,37.877,0.20,3.54,0.20,3.54,INF,-1,1,7,0
12300,1,1,3.739,33.779,0.35,3.15,0.35,3.15,INF,-1,1,7,0
12320,1,1,5.719,34.899,0.53,3.26,0.53,3.26,INF,-1,1,7,0
12340,1,1,4.742,36.144,0.44,3.37,0.44,3.37,INF,-1,1,7,0
12360,1,1,3.077,37.620,0.29,3.51,0.29,3.51,INF,-1,1,7,0
12380,1,1,5.539,34.300,0.52,3.20,0.52,3.20,INF,-1,1,7,0
12400,1,1,6.555,32.151,0.61,3.00,0.61,3.00,INF,-1,1,7,0
12420,1,1,4.456,32.327,0.42,3.02,0.42,3.02,INF,-1,1,7,0
12440,1,1,3.501,36.663,0.33,3.42,0.33,3.42,INF,-1,1,7,0
12460,1,1,5.302,36.736,0.50,3.43,0.49,3.43,INF,-1,1,7,0
12480,1,1,2.714,35.527,0.25,3.32,0.25,3.32,INF,-1,1,7,0
12500,1,1,2.503,36.431,0.23,3.40,0.23,3.40,INF,-1,1,7,0
12520,1,1,4.880,34.918,0.46,3.26,0.46,3.26,INF,-1,1,7,0
12540,1,1,3.090,38.728,0.29,3.61,0.29,3.62,INF,-1,1,7,0
12560,1,1,1.122,35.124,0.10,3.28,0.10,3.28,INF,-1,1,7,0
12580,1,1,2.198,33.682,0.21,3.14,0.21,3.15,INF,-1,1,7,0
12600,1,1,-2.254,27.770,-0.21,2.59,-0.21,2.59,INF,-1,1,7,0
12620,1,1,-1.038,27.660,-0.10,2.58,-0.10,2.58,INF,-1,1,7,0
12640,1,1,-3.726,28.401,-0.35,2.65,-0.35,2.65,INF,-1,1,7,0
12660,1,1,-4.761,29.718,-0.44,2.78,-0.44,2.78,INF,-1,1,7,0
12680,1,1,-2.062,30.299,-0.19,2.83,-0.19,2.83,INF,-1,1,7,0
12700,1,1,-3.227,29.820,-0.30,2.79,-0.30,2.79,INF,-1,1,7,0
12720,1,1,-5.505,31.268,-0.51,2.92,-0.51,2.92,INF,-1,1,7,0
12740,1,1,-0.535,27.257,-0.05,2.55,-0.05,2.55,INF,-1,1,7,0
12760,1,1,-1.378,28.210,-0.13,2.63,-0.13,2.63,INF,-1,1,7,0
12780,1,1,-4.345,26.545,-0.41,2.48,-0.41,2.48,INF,-1,1,7,0
12800,1,1,-4.230,27.727,-0.40,2.59,-0.39,2.59,INF,-1,1,7,0
12820,1,1,-1.424,26.682,-0.13,2.49,-0.13,2.49,INF,-1,1,7,0
12840,1,1,-1.784,26.035,-0.17,2.43,-0.17,2.43,INF,-1,1,7,0
12860,1,1,-5.012,30.480,-0.47,2.85,-0.47,2.85,INF,-1,1,7,0
12880,1,1,27.680,22.752,2.59,2.12,2.58,2.13,INF,-1,1,7,0
12900,1,1,51.541,33.525,4.81,3.12,4.80,3.13,INF,-1,1,7,0
12920,1,1,51.371,32.886,4.79,3.06,4.78,3.07,INF,-1,0,7,0
12940,1,1,52.590,30.325,4.90,2.82,4.90,2.83,INF,-1,0,7,0
12960,1,1,51.180,32.055,4.77,2.98,4.77,2.99,INF,-1,0,7,0
12980,1,1,52.874,32.704,4.93,3.04,4.92,3.05,INF,-1,0,7,0
13000,1,1,52.417,31.517,4.89,2.93,4.88,2.94,INF,-1,0,7,0
13020,1,1,51.705,29.399,4.82,2.74,4.82,2.75,INF,-1,0,7,0
13040,1,1,54.266,28.746,5.06,2.67,5.05,2.68,INF,-1,0,7,0
13060,1,1,52.132,30.275,4.86,2.82,4.86,2.83,INF,-1,0,7,0
13080,1,1,52.264,31.216,4.87,2.90,4.87,2.92,INF,-1,0,7,0
13100,1,1,51.347,28.776,4.79,2.68,4.78,2.69,INF,-1,0,7,0
13120,1,1,52.128,28.283,4.86,2.63,4.86,2.64,INF,-1,0,7,0
13140,1,1,61.475,36.346,5.73,3.38,5.72,3.39,INF,-1,0,7,0
13160,1,1,64.626,37.542,6.02,3.49,6.01,3.50,INF,-1,0,7,0
13180,1,1,61.567,40.091,5.74,3.72,5.72,3.74,INF,-1,1,7,0
13200,1,1,63.333,38.058,5.90,3.53,5.89,3.55,INF,-1,0,7,0
13220,1,1,62.053,35.855,5.78,3.33,5.77,3.35,INF,-1,0,7,0
13240,1,1,59.578,38.490,5.55,3.58,5.54,3.59,INF,-1,0,7,0
13260,1,1,62.734,38.195,5.84,3.55,5.83,3.57,INF,-1,0,7,0
13280,1,1,60.607,39.914,5.65,3.71,5.63,3.73,INF,-1,0,7,0
13300,1,1,60.137,35.977,5.60,3.34,5.59,3.36,INF,-1,0,7,0
13320,1,1,58.653,38.978,5.47,3.62,5.45,3.64,INF,-1,0,7,0
13340,1,1,59.180,39.693,5.51,3.69,5.50,3.70,INF,-1,0,7,0
13360,1,1,59.590,35.940,5.55,3.34,5.54,3.36,INF,-1,0,7,0
13380,1,1,59.418,39.353,5.54,3.66,5.53,3.67,INF,-1,0,7,0
13400,1,1,57.028,33.933,5.31,3.15,5.31,3.17,INF,-1,0,7,0
13420,1,1,46.325,22.560,4.32,2.10,4.32,2.11,INF,-1,0,7,0
13440,1,1,48.557,24.078,4.53,2.24,4.53,2.25,INF,-1,1,7,0
13460,1,1,45.542,23.891,4.25,2.23,4.25,2.23,INF,-1,0,7,0
13480,1,1,48.807,25.195,4.55,2.35,4.55,2.35,INF,-1,0,7,0
13500,1,1,46.706,22.441,4.36,2.09,4.35,2.10,INF,-1,0,7,0
13520,1,1,46.481,22.834,4.34,2.13,4.33,2.13,INF,-1,0,7,0
13540,1,1,50.871,23.179,4.74,2.16,4.74,2.17,INF,-1,0,7,0
13560,1,1,47.739,22.486,4.45,2.09,4.45,2.10,INF,-1,0,7,0
13580,1,1,47.918,24.422,4.47,2.27,4.47,2.28,INF,-1,0,7,0
13600,1,1,47.948,22.827,4.47,2.13,4.47,2.13,INF,-1,0,7,0
13620,1,1,47.599,22.407,4.44,2.09,4.44,2.09,INF,-1,0,7,0
13640,1,1,47.727,26.992,4.45,2.51,4.45,2.52,INF,-1,0,7,0
13660,1,1,46.569,23.394,4.34,2.18,4.34,2.19,INF,-1,0,7,0
13680,1,1,51.175,24.226,4.77,2.26,4.77,2.26,INF,-1,0,7,0
13700,1,1,47.399,23.543,4.42,2.19,4.42,2.20,INF,-1,1,7,0
13720,1,1,45.366,26.431,4.23,2.46,4.23,2.47,INF,-1,1,7,0
13740,1,1,43.308,19.689,4.04,1.84,4.04,1.84,INF,-1,1,7,0
13760,1,1,7.782,7.150,0.73,0.67,0.73,0.67,INF,-1,1,7,0
13780,1,1,4.659,6.563,0.44,0.61,0.44,0.61,INF,-1,1,7,0
13800,1,1,6.036,9.535,0.56,0.89,0.56,0.89,INF,-1,0,7,0
13820,1,1,6.342,7.464,0.59,0.70,0.59,0.70,INF,-1,0,7,0
13840,1,1,2.804,11.160,0.26,1.04,0.26,1.04,INF,-1,0,7,0
13860,1,1,4.240,9.363,0.40,0.88,0.40,0.88,INF,-1,0,7,0
13880,1,1,5.487,7.741,0.51,0.72,0.51,0.72,INF,-1,0,7,0
13900,1,1,3.209,10.073,0.30,0.94,0.30,0.94,INF,-1,0,7,0
13920,1,1,5.797,8.371,0.54,0.78,0.54,0.78,INF,-1,0,7,0
13940,1,1,4.064,9.935,0.38,0.93,0.38,0.93,INF,-1,0,7,0
13960,1,1,6.734,6.059,0.63,0.57,0.63,0.57,INF,-1,0,7,0
13980,1,1,3.754,9.592,0.35,0.90,0.35,0.90,INF,-1,0,7,0
14000,1,1,4.735,7.587,0.44,0.71,0.44,0.71,INF,-1,0,7,0
14020,1,1,3.710,8.210,0.35,0.77,0.35,0.77,INF,-1,0,7,0
14040,1,1,3.593,6.525,0.34,0.61,0.34,0.61,INF,-1,1,7,0
14060,1,1,-24.309,-3.140,-2.27,-0.29,-2.27,-0.29,INF,-1,1,7,0
14080,1,1,-22.402,-1.041,-2.09,-0.10,-2.09,-0.10,INF,-1,1,7,0
14100,1,1,-24.275,-2.085,-2.27,-0.19,-2.27,-0.19,INF,-1,0,7,0
14120,1,1,-23.350,-1.339,-2.18,-0.13,-2.18,-0.13,INF,-1,0,7,0
14140,1,1,-21.914,-5.978,-2.05,-0.56,-2.05,-0.56,INF,-1,0,7,0
14160,1,1,-23.998,-2.037,-2.24,-0.19,-2.24,-0.19,INF,-1,0,7,0
14180,1,1,-23.144,-3.153,-2.16,-0.29,-2.16,-0.29,INF,-1,0,7,0
14200,1,1,-25.406,-0.752,-2.37,-0.07,-2.37,-0.07,INF,-1,0,7,0
14220,1,1,-23.942,-4.747,-2.24,-0.44,-2.24,-0.44,INF,-1,0,7,0
14240,1,1,-23.119,-0.605,-2.16,-0.06,-2.16,-0.06,INF,-1,0,7,0
14260,1,1,-21.818,-4.476,-2.04,-0.42,-2.04,-0.42,INF,-1,0,7,0
14280,1,1,-20.238,-2.838,-1.89,-0.27,-1.89,-0.27,INF,-1,0,7,0
14300,1,1,-23.505,-7.827,-2.20,-0.73,-2.20,-0.73,INF,-1,0,7,0
14320,1,1,-22.143,-3.035,-2.07,-0.28,-2.07,-0.28,INF,-1,0,7,0
14340,1,1,-22.538,-4.821,-2.11,-0.45,-2.11,-0.45,INF,-1,1,7,0
14360,1,1,-19.089,-3.923,-1.78,-0.37,-1.78,-0.37,INF,-1,1,7,0
14380,1,1,-20.874,-5.392,-1.95,-0.50,-1.95,-0.50,INF,-1,1,7,0
14400,1,1,-27.979,-1.388,-2.61,-0.13,-2.61,-0.13,INF,-1,1,7,0
14420,1,1,-34.061,6.987,-3.18,0.65,-3.18,0.65,INF,-1,1,7,0
14440,1,1,-36.802,8.043,-3.44,0.75,-3.44,0.75,INF,-1,1,7,0
14460,1,1,-34.071,4.871,-3.18,0.45,-3.18,0.46,INF,-1,0,7,0
14480,1,1,-32.969,4.015,-3.08,0.37,-3.08,0.38,INF,-1,0,7,0
14500,1,1,-33.738,3.013,-3.15,0.28,-3.15,0.28,INF,-1,0,7,0
14520,1,1,-33.147,1.934,-3.10,0.18,-3.10,0.18,INF,-1,0,7,0
14540,1,1,-33.909,3.122,-3.17,0.29,-3.17,0.29,INF,-1,0,7,0
14560,1,1,-35.868,2.796,-3.35,0.26,-3.35,0.26,INF,-1,0,7,0
14580,1,1,-32.535,4.810,-3.04,0.45,-3.04,0.45,INF,-1,0,7,0
14600,1,1,-35.377,3.822,-3.30,0.36,-3.30,0.36,INF,-1,0,7,0
14620,1,1,-45.535,7.319,-4.25,0.68,-4.25,0.68,INF,-1,0,7,0
14640,1,1,-42.696,6.159,-3.98,0.57,-3.98,0.58,INF,-1,0,7,0
14660,1,1,-42.509,8.992,-3.97,0.84,-3.97,0.84,INF,-1,0,7,0
14680,1,1,-44.559,11.252,-4.16,1.05,-4.16,1.05,INF,-1,0,7,0
14700,1,1,-42.236,6.461,-3.94,0.60,-3.94,0.60,INF,-1,1,7,0
14720,1,1,-43.214,9.629,-4.03,0.90,-4.03,0.90,INF,-1,1,7,0
14740,1,1,-42.844,6.045,-4.00,0.56,-4.00,0.57,INF,-1,1,7,0
14760,1,1,-43.747,8.294,-4.08,0.77,-4.08,0.78,INF,-1,1,7,0
14780,1,1,-42.633,12.700,-3.98,1.18,-3.98,1.19,INF,-1,1,7,0
14800,1,1,-41.365,8.917,-3.86,0.83,-3.86,0.83,INF,-1,1,7,0
14820,1,1,-40.283,11.918,-3.76,1.11,-3.76,1.11,INF,-1,1,7,0
14840,1,1,-45.430,10.090,-4.24,0.94,-4.24,0.94,INF,-1,1,7,0
14860,1,1,-43.206,11.559,-4.03,1.08,-4.03,1.08,INF,-1,1,7,0
14880,1,1,-40.927,11.001,-3.82,1.03,-3.82,1.03,INF,-1,1,7,0
14900,1,1,-35.556,13.259,-3.32,1.24,-3.32,1.24,INF,-1,1,7,0
14920,1,1,-35.089,11.971,-3.28,1.12,-3.28,1.12,INF,-1,1,7,0
14940,1,1,-34.022,8.478,-3.18,0.79,-3.18,0.79,INF,-1,1,7,0
14960,1,1,-37.263,13.625,-3.48,1.27,-3.48,1.27,INF,-1,1,7,0
14980,1,1,-32.407,12.346,-3.03,1.15,-3.03,1.15,INF,-1,1,7,0
15000,1,1,-35.849,15.527,-3.35,1.45,-3.35,1.45,INF,-1,1,7,0
