"EyeTracker Toolbox version","3.250"
CalibrationParameters_A11,1.12101
CalibrationParameters_A12,0.08285
CalibrationParameters_A13,-0.03670
CalibrationParameters_A21,0.05854
CalibrationParameters_A22,-1.07901
CalibrationParameters_A23,0.01121
CalibrationParameters_A31,-0.00019
CalibrationParameters_A32,-0.00439
CalibrationParameters_E11,-0.18021
CalibrationParameters_E12,-0.00001
CalibrationParameters_E21,-0.00007
CalibrationParameters_E22,0.19980
CalibrationParameters_X,-13.85757
CalibrationParameters_Y,-42.09036
CalibrationParameters_Rpc,66.06683
CalibrationParameters_MeanX,109.77676
CalibrationParameters_MeanY,167.22051
CalibrationParameters_ViewDist,613.00000
TimeStamp,Tracked,Calibrated,ScreenPositionXmm,ScreenPositionYmm,FicksLongitude,FicksLatitude,HelmholtzAzimuth,HelmholtzElevation,PupilDiameter,Region,Fixation,DigitalIO,Dropped
0,0,1,0.000,0.000,0.00,0.00,0.00,0.00,0.00,-1,0,7,0
20,0,1,0.000,0.000,0.00,0.00,0.00,0.00,0.00,-1,0,7,0
40,0,1,0.000,0.000,0.00,0.00,0.00,0.00,0.00,-1,0,7,0
60,0,1,0.000,0.000,0.00,0.00,0.00,0.00,0.00,-1,0,7,0
80,0,1,0.000,0.000,0.00,0.00,0.00,0.00,0.00,-1,0,7,0
100,0,1,0.000,0.000,0.00,0.00,0.00,0.00,0.00,-1,0,7,0
120,0,1,0.000,0.000,0.00,0.00,0.00,0.00,0.00,-1,0,7,0
140,0,1,0.000,0.000,0.00,0.00,0.00,0.00,0.00,-1,0,7,0
160,0,1,0.000,0.000,0.00,0.00,0.00,0.00,0.00,-1,0,7,0
180,0,1,0.000,0.000,0.00,0.00,0.00,0.00,0.00,-1,0,7,0
200,0,1,0.000,0.000,0.00,0.00,0.00,0.00,0.00,-1,0,7,0
220,0,1,0.000,0.000,0.00,0.00,0.00,0.00,0.00,-1,0,7,0
240,0,1,0.000,0.000,0.00,0.00,0.00,0.00,0.00,-1,0,7,0
260,0,1,0.000,0.000,0.00,0.00,0.00,0.00,0.00,-1,0,7,0
280,0,1,0.000,0.000,0.00,0.00,0.00,0.00,0.00,-1,0,7,0
300,1,1,-21.978,13.953,-2.05,1.30,-2.05,1.30,INF,-1,0,7,0
320,1,1,-19.236,12.285,-1.80,1.15,-1.80,1.15,INF,-1,0,7,0
340,1,1,-16.008,12.994,-1.50,1.21,-1.50,1.21,INF,-1,0,7,0
360,1,1,-17.143,12.334,-1.60,1.15,-1.60,1.15,INF,-1,0,7,0
380,1,1,-13.742,13.017,-1.28,1.22,-1.28,1.22,INF,-1,0,7,0
400,1,1,-14.310,11.626,-1.34,1.09,-1.34,1.09,INF,-1,0,7,0
420,1,1,-11.588,12.544,-1.08,1.17,-1.08,1.17,INF,-1,0,7,0
440,1,1,-8.909,12.953,-0.83,1.21,-0.83,1.21,INF,-1,0,7,0
460,1,1,-8.890,13.193,-0.83,1.23,-0.83,1.23,INF,-1,0,7,0
480,1,1,-9.114,13.337,-0.85,1.25,-0.85,1.25,INF,-1,0,7,0
500,1,1,-7.584,16.015,-0.71,1.50,-0.71,1.50,INF,-1,0,7,0
520,1,1,-9.071,10.728,-0.85,1.00,-0.85,1.00,INF,-1,0,7,0
540,1,1,-13.237,1.635,-1.24,0.15,-1.24,0.15,INF,-1,0,7,0
560,0,1,0.000,0.000,0.00,0.00,0.00,0.00,0.00,-1,0,7,0
580,0,1,0.000,0.000,0.00,0.00,0.00,0.00,0.00,-1,1,7,0
600,0,1,0.000,0.000,0.00,0.00,0.00,0.00,0.00,-1,1,7,0
620,0,1,0.000,0.000,0.00,0.00,0.00,0.00,0.00,-1,0,7,0
640,0,1,0.000,0.000,0.00,0.00,0.00,0.00,0.00,-1,0,7,0
660,0,1,0.000,0.000,0.00,0.00,0.00,0.00,0.00,-1,0,7,0
680,0,1,0.000,0.000,0.00,0.00,0.00,0.00,0.00,-1,0,7,0
700,0,1,0.000,0.000,0.00,0.00,0.00,0.00,0.00,-1,0,7,0
720,1,1,9.658,-12.988,0.90,-1.21,0.90,-1.21,INF,-1,0,7,0
740,1,1,8.117,-15.291,0.76,-1.43,0.76,-1.43,INF,-1,0,7,0
760,1,1,10.564,-13.257,0.99,-1.24,0.99,-1.24,INF,-1,0,7,0
780,1,1,11.653,-12.460,1.09,-1.16,1.09,-1.16,INF,-1,0,7,0
800,1,1,9.276,-10.397,0.87,-0.97,0.87,-0.97,INF,-1,0,7,0
820,1,1,9.092,-12.903,0.85,-1.21,0.85,-1.21,INF,-1,0,7,0
840,1,1,9.741,-12.387,0.91,-1.16,0.91,-1.16,INF,-1,0,7,0
860,1,1,9.723,-12.615,0.91,-1.18,0.91,-1.18,INF,-1,0,7,0
880,1,1,9.501,-13.139,0.89,-1.23,0.89,-1.23,INF,-1,0,7,0
900,1,1,9.112,-12.158,0.85,-1.14,0.85,-1.14,INF,-1,0,7,0
920,1,1,8.875,-11.659,0.83,-1.09,0.83,-1.09,INF,-1,0,7,0
940,1,1,9.117,-15.025,0.85,-1.40,0.85,-1.40,INF,-1,0,7,0
960,1,1,11.328,-13.289,1.06,-1.24,1.06,-1.24,INF,-1,0,7,0
980,1,1,11.341,-13.099,1.06,-1.22,1.06,-1.22,INF,-1,0,7,0
1000,1,1,9.539,-12.189,0.89,-1.14,0.89,-1.14,INF,-1,1,7,0
1020,1,1,10.972,-11.564,1.03,-1.08,1.03,-1.08,INF,-1,1,7,0
1040,1,1,10.626,-11.225,0.99,-1.05,0.99,-1.05,INF,-1,1,7,0
1060,1,1,9.899,-11.331,0.93,-1.06,0.92,-1.06,INF,-1,1,7,0
1080,1,1,10.793,-11.949,1.01,-1.12,1.01,-1.12,INF,-1,1,7,0
1100,1,1,-4.306,6.144,-0.40,0.57,-0.40,0.57,INF,-1,1,7,0
1120,1,1,-13.503,18.070,-1.26,1.69,-1.26,1.69,INF,-1,1,7,0
1140,1,1,-13.350,20.648,-1.25,1.93,-1.25,1.93,INF,-1,0,7,0
1160,1,1,-11.847,19.427,-1.11,1.81,-1.11,1.82,INF,-1,0,7,0
1180,1,1,-12.041,19.793,-1.13,1.85,-1.12,1.85,INF,-1,0,7,0
1200,1,1,-11.252,20.011,-1.05,1.87,-1.05,1.87,INF,-1,0,7,0
1220,0,1,0.000,0.000,0.00,0.00,0.00,0.00,0.00,-1,0,7,0
1240,1,1,-12.114,18.036,-1.13,1.68,-1.13,1.69,INF,-1,0,7,0
1260,1,1,-13.081,19.291,-1.22,1.80,-1.22,1.80,INF,-1,0,7,0
1280,1,1,-10.351,19.327,-0.97,1.81,-0.97,1.81,INF,-1,0,7,0
1300,1,1,-10.669,18.263,-1.00,1.71,-1.00,1.71,INF,-1,0,7,0
1320,1,1,-10.617,18.101,-0.99,1.69,-0.99,1.69,INF,-1,0,7,0
1340,1,1,-11.115,17.902,-1.04,1.67,-1.04,1.67,INF,-1,0,7,0
1360,1,1,-11.196,17.665,-1.05,1.65,-1.05,1.65,INF,-1,0,7,0
1380,1,1,-12.176,18.119,-1.14,1.69,-1.14,1.69,INF,-1,0,7,0
1400,1,1,-11.835,17.387,-1.11,1.62,-1.11,1.62,INF,-1,1,7,0
1420,1,1,-12.125,17.872,-1.13,1.67,-1.13,1.67,INF,-1,1,7,0
1440,1,1,-10.670,17.293,-1.00,1.62,-1.00,1.62,INF,-1,1,7,0
1460,1,1,-21.723,12.678,-2.03,1.18,-2.03,1.18,INF,-1,1,7,0
1480,1,1,15.208,30.210,1.42,2.82,1.42,2.82,INF,-1,1,7,0
1500,1,1,18.200,36.801,1.70,3.43,1.70,3.44,INF,-1,0,7,0
1520,0,1,0.000,0.000,0.00,0.00,0.00,0.00,0.00,-1,0,7,0
1540,1,1,17.957,34.243,1.68,3.20,1.68,3.20,INF,-1,0,7,0
1560,1,1,18.233,34.173,1.70,3.19,1.70,3.19,INF,-1,0,7,0
1580,1,1,17.016,33.194,1.59,3.10,1.59,3.10,INF,-1,0,7,0
1600,1,1,17.948,33.656,1.68,3.14,1.67,3.14,INF,-1,0,7,0
1620,1,1,17.197,33.561,1.61,3.13,1.60,3.13,INF,-1,0,7,0
1640,1,1,16.740,33.150,1.56,3.09,1.56,3.10,INF,-1,0,7,0
1660,1,1,16.578,31.146,1.55,2.91,1.55,2.91,INF,-1,0,7,0
1680,1,1,16.315,32.657,1.52,3.05,1.52,3.05,INF,-1,0,7,0
1700,1,1,15.573,31.765,1.46,2.97,1.45,2.97,INF,-1,0,7,0
1720,1,1,13.741,32.312,1.28,3.02,1.28,3.02,INF,-1,0,7,0
1740,1,1,16.018,32.343,1.50,3.02,1.49,3.02,INF,-1,0,7,0
1760,1,1,14.858,32.090,1.39,3.00,1.39,3.00,INF,-1,1,7,0
1780,1,1,15.746,30.036,1.47,2.80,1.47,2.81,INF,-1,1,7,0
1800,1,1,40.586,34.955,3.79,3.26,3.78,3.26,INF,-1,1,7,0
1820,1,1,43.054,35.378,4.02,3.29,4.01,3.30,INF,-1,1,7,0
1840,1,1,44.370,36.517,4.14,3.40,4.13,3.41,INF,-1,0,7,0
1860,1,1,43.871,36.383,4.09,3.39,4.09,3.40,INF,-1,0,7,0
1880,1,1,42.788,34.389,3.99,3.20,3.99,3.21,INF,-1,0,7,0
1900,1,1,44.672,36.624,4.17,3.41,4.16,3.42,INF,-1,0,7,0
1920,1,1,43.535,36.956,4.06,3.44,4.05,3.45,INF,-1,0,7,0
1940,1,1,42.970,38.009,4.01,3.54,4.00,3.55,INF,-1,0,7,0
1960,1,1,42.329,38.557,3.95,3.59,3.94,3.60,INF,-1,0,7,0
1980,1,1,40.978,36.462,3.82,3.40,3.82,3.40,INF,-1,0,7,0
2000,1,1,37.591,29.026,3.51,2.71,3.51,2.71,INF,-1,0,7,0
2020,0,1,0.000,0.000,0.00,0.00,0.00,0.00,0.00,-1,0,7,0
2040,0,1,0.000,0.000,0.00,0.00,0.00,0.00,0.00,-1,0,7,0
2060,0,1,0.000,0.000,0.00,0.00,0.00,0.00,0.00,-1,0,7,0
2080,0,1,0.000,0.000,0.00,0.00,0.00,0.00,0.00,-1,1,7,0
2100,0,1,0.000,0.000,0.00,0.00,0.00,0.00,0.00,-1,0,7,0
2120,0,1,0.000,0.000,0.00,0.00,0.00,0.00,0.00,-1,0,7,0
2140,0,1,0.000,0.000,0.00,0.00,0.00,0.00,0.00,-1,0,7,0
2160,1,1,52.341,-5.174,4.88,-0.48,4.88,-0.48,INF,-1,0,7,0
2180,1,1,54.662,-2.489,5.10,-0.23,5.10,-0.23,INF,-1,0,7,0
2200,1,1,56.203,-0.012,5.24,0.00,5.24,0.00,INF,-1,0,7,0
2220,1,1,55.976,0.916,5.22,0.09,5.22,0.09,INF,-1,0,7,0
2240,1,1,56.008,-0.806,5.22,-0.08,5.22,-0.08,INF,-1,0,7,0
2260,1,1,55.110,-0.541,5.14,-0.05,5.14,-0.05,INF,-1,0,7,0
2280,1,1,55.857,-0.168,5.21,-0.02,5.21,-0.02,INF,-1,0,7,0
2300,1,1,54.147,-0.120,5.05,-0.01,5.05,-0.01,INF,-1,0,7,0
2320,1,1,54.094,-1.169,5.04,-0.11,5.04,-0.11,INF,-1,0,7,0
2340,1,1,53.291,-0.486,4.97,-0.05,4.97,-0.05,INF,-1,0,7,0
2360,1,1,54.235,0.762,5.06,0.07,5.06,0.07,INF,-1,0,7,0
2380,1,1,54.955,-1.193,5.12,-0.11,5.12,-0.11,INF,-1,0,7,0
2400,1,1,53.833,-1.830,5.02,-0.17,5.02,-0.17,INF,-1,0,7,0
2420,1,1,53.103,-1.698,4.95,-0.16,4.95,-0.16,INF,-1,0,7,0
2440,1,1,53.431,-2.094,4.98,-0.19,4.98,-0.20,INF,-1,1,7,0
2460,1,1,53.512,-2.453,4.99,-0.23,4.99,-0.23,INF,-1,1,7,0
2480,1,1,54.203,-2.420,5.05,-0.23,5.05,-0.23,INF,-1,1,7,0
2500,1,1,54.678,-1.807,5.10,-0.17,5.10,-0.17,INF,-1,1,7,0
2520,1,1,55.155,-0.719,5.14,-0.07,5.14,-0.07,INF,-1,1,7,0
2540,1,1,54.084,-1.833,5.04,-0.17,5.04,-0.17,INF,-1,1,7,0
2560,1,1,52.356,-1.268,4.88,-0.12,4.88,-0.12,INF,-1,1,7,0
2580,1,1,54.896,-2.142,5.12,-0.20,5.12,-0.20,INF,-1,1,7,0
2600,1,1,53.803,-0.530,5.02,-0.05,5.02,-0.05,INF,-1,1,7,0
2620,1,1,44.348,-5.006,4.14,-0.47,4.14,-0.47,INF,-1,1,7,0
2640,1,1,40.849,-6.219,3.81,-0.58,3.81,-0.58,INF,-1,1,7,0
2660,1,1,40.163,-7.606,3.75,-0.71,3.75,-0.71,INF,-1,0,7,0
2680,1,1,40.189,-6.622,3.75,-0.62,3.75,-0.62,INF,-1,0,7,0
2700,1,1,38.847,-5.579,3.63,-0.52,3.63,-0.52,INF,-1,0,7,0
2720,1,1,39.636,-8.540,3.70,-0.80,3.70,-0.80,INF,-1,0,7,0
2740,1,1,39.608,-3.720,3.70,-0.35,3.70,-0.35,INF,-1,0,7,0
2760,1,1,39.360,-3.624,3.67,-0.34,3.67,-0.34,INF,-1,0,7,0
2780,1,1,39.360,-1.959,3.67,-0.18,3.67,-0.18,INF,-1,0,7,0
2800,1,1,38.383,-2.392,3.58,-0.22,3.58,-0.22,INF,-1,0,7,0
2820,1,1,39.788,-3.412,3.71,-0.32,3.71,-0.32,INF,-1,0,7,0
2840,1,1,37.199,-2.987,3.47,-0.28,3.47,-0.28,INF,-1,0,7,0
2860,1,1,36.923,-1.886,3.45,-0.18,3.45,-0.18,INF,-1,0,7,0
2880,1,1,37.091,-2.526,3.46,-0.24,3.46,-0.24,INF,-1,0,7,0
2900,1,1,1.752,-9.218,0.16,-0.86,0.16,-0.86,INF,-1,1,7,0
2920,1,1,5.441,-8.123,0.51,-0.76,0.51,-0.76,INF,-1,1,7,0
2940,1,1,4.427,-8.338,0.41,-0.78,0.41,-0.78,INF,-1,0,7,0
2960,1,1,2.911,-9.378,0.27,-0.88,0.27,-0.88,INF,-1,0,7,0
2980,1,1,2.787,-8.218,0.26,-0.77,0.26,-0.77,INF,-1,0,7,0
3000,1,1,2.470,-9.171,0.23,-0.86,0.23,-0.86,INF,-1,0,7,0
3020,1,1,2.881,-11.055,0.27,-1.03,0.27,-1.03,INF,-1,0,7,0
3040,1,1,3.615,-13.989,0.34,-1.31,0.34,-1.31,INF,-1,0,7,0
3060,1,1,3.321,-10.352,0.31,-0.97,0.31,-0.97,INF,-1,0,7,0
3080,1,1,3.296,-12.230,0.31,-1.14,0.31,-1.14,INF,-1,0,7,0
3100,1,1,3.387,-13.386,0.32,-1.25,0.32,-1.25,INF,-1,0,7,0
3120,1,1,2.452,-14.645,0.23,-1.37,0.23,-1.37,INF,-1,0,7,0
3140,1,1,3.958,-13.149,0.37,-1.23,0.37,-1.23,INF,-1,0,7,0
3160,1,1,1.091,-15.750,0.10,-1.47,0.10,-1.47,INF,-1,0,7,0
3180,1,1,2.315,-16.560,0.22,-1.55,0.22,-1.55,INF,-1,1,7,0
3200,1,1,2.075,-14.739,0.19,-1.38,0.19,-1.38,INF,-1,1,7,0
3220,1,1,3.247,-14.711,0.30,-1.37,0.30,-1.37,INF,-1,1,7,0
3240,1,1,-54.455,-21.680,-5.08,-2.02,-5.07,-2.03,INF,-1,1,7,0
3260,1,1,-55.285,-21.612,-5.15,-2.01,-5.15,-2.02,INF,-1,1,7,0
3280,1,1,-56.632,-23.792,-5.28,-2.21,-5.27,-2.22,INF,-1,0,7,0
3300,1,1,-55.198,-20.551,-5.15,-1.91,-5.14,-1.92,INF,-1,0,7,0
3320,1,1,-59.943,-21.130,-5.59,-1.96,-5.58,-1.97,INF,-1,0,7,0
3340,1,1,-55.719,-20.632,-5.19,-1.92,-5.19,-1.93,INF,-1,0,7,0
3360,1,1,-55.262,-18.816,-5.15,-1.75,-5.15,-1.76,INF,-1,0,7,0
3380,1,1,-55.160,-20.670,-5.14,-1.92,-5.14,-1.93,INF,-1,0,7,0
3400,1,1,-53.368,-20.463,-4.98,-1.90,-4.97,-1.91,INF,-1,0,7,0
3420,1,1,-53.193,-20.237,-4.96,-1.88,-4.96,-1.89,INF,-1,0,7,0
3440,1,1,-52.679,-21.926,-4.91,-2.04,-4.91,-2.05,INF,-1,0,7,0
3460,1,1,-51.530,-19.671,-4.81,-1.83,-4.80,-1.84,INF,-1,0,7,0
3480,1,1,-73.555,-16.850,-6.84,-1.56,-6.84,-1.57,INF,-1,0,7,0
3500,1,1,20.357,-33.022,1.90,-3.08,1.90,-3.08,INF,-1,0,7,0
3520,1,1,35.164,-29.565,3.28,-2.76,3.28,-2.76,INF,-1,0,7,0
3540,1,1,34.354,-28.975,3.21,-2.70,3.20,-2.71,INF,-1,0,7,0
3560,1,1,34.210,-30.462,3.19,-2.84,3.19,-2.84,INF,-1,0,7,0
3580,1,1,35.040,-29.863,3.27,-2.78,3.27,-2.79,INF,-1,0,7,0
3600,1,1,35.421,-32.063,3.31,-2.99,3.30,-2.99,INF,-1,0,7,0
3620,1,1,35.176,-32.153,3.28,-3.00,3.28,-3.00,INF,-1,0,7,0
3640,1,1,35.576,-30.642,3.32,-2.86,3.32,-2.86,INF,-1,0,7,0
3660,1,1,35.379,-32.660,3.30,-3.04,3.30,-3.05,INF,-1,0,7,0
3680,1,1,35.908,-31.360,3.35,-2.92,3.35,-2.93,INF,-1,0,7,0
3700,1,1,36.514,-34.085,3.41,-3.18,3.40,-3.18,INF,-1,0,7,0
3720,1,1,36.973,-33.328,3.45,-3.11,3.45,-3.11,INF,-1,0,7,0
3740,1,1,38.180,-32.149,3.56,-3.00,3.56,-3.00,INF,-1,0,7,0
3760,1,1,34.046,-34.988,3.18,-3.26,3.17,-3.27,INF,-1,0,7,0
3780,1,1,36.568,-34.040,3.41,-3.17,3.41,-3.18,INF,-1,1,7,0
3800,1,1,32.976,-34.181,3.08,-3.19,3.07,-3.19,INF,-1,1,7,0
3820,1,1,-5.042,-38.686,-0.47,-3.61,-0.47,-3.61,INF,-1,1,7,0
3840,1,1,-3.123,-36.178,-0.29,-3.38,-0.29,-3.38,INF,-1,1,7,0
3860,1,1,-1.962,-36.258,-0.18,-3.39,-0.18,-3.39,INF,-1,0,7,0
3880,1,1,-2.391,-36.706,-0.22,-3.43,-0.22,-3.43,INF,-1,0,7,0
3900,1,1,-1.815,-37.010,-0.17,-3.46,-0.17,-3.46,INF,-1,0,7,0
3920,1,1,-2.144,-38.599,-0.20,-3.60,-0.20,-3.60,INF,-1,0,7,0
3940,1,1,-4.617,-36.041,-0.43,-3.36,-0.43,-3.36,INF,-1,0,7,0
3960,1,1,-3.529,-36.791,-0.33,-3.43,-0.33,-3.43,INF,-1,0,7,0
3980,1,1,-2.532,-35.017,-0.24,-3.27,-0.24,-3.27,INF,-1,0,7,0
4000,1,1,-2.612,-36.429,-0.24,-3.40,-0.24,-3.40,INF,-1,0,7,0
4020,1,1,-3.038,-36.945,-0.28,-3.45,-0.28,-3.45,INF,-1,0,7,0
4040,1,1,-2.871,-34.921,-0.27,-3.26,-0.27,-3.26,INF,-1,0,7,0
4060,1,1,-2.020,-35.345,-0.19,-3.30,-0.19,-3.30,INF,-1,0,7,0
4080,1,1,-1.125,-33.412,-0.11,-3.12,-0.10,-3.12,INF,-1,0,7,0
4100,1,1,-15.314,-33.888,-1.43,-3.16,-1.43,-3.16,INF,-1,1,7,0
4120,1,1,-15.616,-33.120,-1.46,-3.09,-1.46,-3.09,INF,-1,1,7,0
4140,1,1,-14.012,-33.803,-1.31,-3.16,-1.31,-3.16,INF,-1,0,7,0
4160,1,1,-14.646,-34.013,-1.37,-3.17,-1.37,-3.18,INF,-1,0,7,0
4180,1,1,-14.088,-33.155,-1.32,-3.10,-1.31,-3.10,INF,-1,0,7,0
4200,1,1,-12.468,-32.582,-1.17,-3.04,-1.16,-3.04,INF,-1,0,7,0
4220,1,1,-14.183,-32.640,-1.33,-3.05,-1.32,-3.05,INF,-1,0,7,0
4240,1,1,-13.981,-35.584,-1.31,-3.32,-1.30,-3.32,INF,-1,0,7,0
4260,1,1,-13.718,-33.606,-1.28,-3.14,-1.28,-3.14,INF,-1,0,7,0
4280,1,1,-14.399,-34.731,-1.35,-3.24,-1.34,-3.24,INF,-1,0,7,0
4300,1,1,-13.165,-35.358,-1.23,-3.30,-1.23,-3.30,INF,-1,0,7,0
4320,1,1,-13.387,-35.221,-1.25,-3.29,-1.25,-3.29,INF,-1,0,7,0
4340,1,1,-16.041,-36.082,-1.50,-3.37,-1.50,-3.37,INF,-1,0,7,0
4360,1,1,-14.733,-35.648,-1.38,-3.33,-1.37,-3.33,INF,-1,0,7,0
4380,1,1,-13.195,-34.478,-1.23,-3.22,-1.23,-3.22,INF,-1,1,7,0
4400,1,1,-16.636,-35.131,-1.55,-3.28,-1.55,-3.28,INF,-1,1,7,0
4420,1,1,-14.753,-33.895,-1.38,-3.16,-1.38,-3.16,INF,-1,1,7,0
4440,1,1,-14.841,-33.860,-1.39,-3.16,-1.38,-3.16,INF,-1,1,7,0
4460,1,1,-14.347,-34.674,-1.34,-3.24,-1.34,-3.24,INF,-1,1,7,0
4480,1,1,-16.025,-34.888,-1.50,-3.26,-1.50,-3.26,INF,-1,1,7,0
4500,1,1,-14.499,-34.790,-1.35,-3.25,-1.35,-3.25,INF,-1,1,7,0
4520,1,1,-15.356,-36.666,-1.44,-3.42,-1.43,-3.42,INF,-1,1,7,0
4540,1,1,-14.926,-33.940,-1.39,-3.17,-1.39,-3.17,INF,-1,1,7,0
4560,1,1,-13.950,-36.515,-1.30,-3.41,-1.30,-3.41,INF,-1,1,7,0
4580,1,1,-15.206,-35.870,-1.42,-3.35,-1.42,-3.35,INF,-1,1,7,0
4600,1,1,-14.070,-35.489,-1.31,-3.31,-1.31,-3.31,INF,-1,1,7,0
4620,1,1,-15.154,-36.467,-1.42,-3.40,-1.41,-3.40,INF,-1,1,7,0
4640,1,1,-14.226,-35.632,-1.33,-3.33,-1.33,-3.33,INF,-1,1,7,0
4660,1,1,-15.313,-36.784,-1.43,-3.43,-1.43,-3.43,INF,-1,1,7,0
4680,1,1,-12.989,-38.504,-1.21,-3.59,-1.21,-3.59,INF,-1,1,7,0
4700,1,1,-15.625,-36.317,-1.46,-3.39,-1.46,-3.39,INF,-1,1,7,0
4720,1,1,-16.470,-37.994,-1.54,-3.55,-1.54,-3.55,INF,-1,1,7,0
4740,1,1,-13.666,-38.594,-1.28,-3.60,-1.27,-3.60,INF,-1,1,7,0
4760,1,1,3.683,-29.389,0.34,-2.74,0.34,-2.74,INF,-1,1,7,0
4780,1,1,3.962,-29.592,0.37,-2.76,0.37,-2.76,INF,-1,1,7,0
4800,1,1,5.332,-28.744,0.50,-2.68,0.50,-2.68,INF,-1,0,7,0
4820,1,1,5.179,-27.941,0.48,-2.61,0.48,-2.61,INF,-1,0,7,0
4840,1,1,4.872,-29.585,0.46,-2.76,0.45,-2.76,INF,-1,0,7,0
4860,1,1,6.406,-28.322,0.60,-2.65,0.60,-2.65,INF,-1,0,7,0
4880,1,1,5.014,-29.175,0.47,-2.72,0.47,-2.72,INF,-1,0,7,0
4900,1,1,4.652,-30.311,0.43,-2.83,0.43,-2.83,INF,-1,0,7,0
4920,1,1,4.761,-29.898,0.44,-2.79,0.44,-2.79,INF,-1,0,7,0
4940,1,1,4.652,-30.198,0.43,-2.82,0.43,-2.82,INF,-1,0,7,0
4960,1,1,6.111,-29.625,0.57,-2.77,0.57,-2.77,INF,-1,0,7,0
4980,1,1,5.266,-30.674,0.49,-2.86,0.49,-2.86,INF,-1,0,7,0
5000,1,1,6.675,-29.813,0.62,-2.78,0.62,-2.78,INF,-1,0,7,0
5020,1,1,5.245,-29.047,0.49,-2.71,0.49,-2.71,INF,-1,0,7,0
5040,1,1,16.889,-33.084,1.58,-3.09,1.58,-3.09,INF,-1,1,7,0
5060,1,1,30.006,-26.786,2.80,-2.50,2.80,-2.50,INF,-1,1,7,0
5080,1,1,32.399,-26.927,3.03,-2.51,3.02,-2.52,INF,-1,0,7,0
5100,1,1,33.340,-26.118,3.11,-2.44,3.11,-2.44,INF,-1,0,7,0
5120,1,1,33.054,-26.156,3.09,-2.44,3.08,-2.44,INF,-1,0,7,0
5140,1,1,31.750,-27.380,2.96,-2.55,2.96,-2.56,INF,-1,0,7,0
5160,1,1,34.073,-25.244,3.18,-2.35,3.18,-2.36,INF,-1,0,7,0
5180,1,1,32.272,-27.379,3.01,-2.55,3.01,-2.56,INF,-1,0,7,0
5200,1,1,31.989,-27.081,2.99,-2.53,2.98,-2.53,INF,-1,0,7,0
5220,1,1,31.437,-24.541,2.94,-2.29,2.93,-2.29,INF,-1,0,7,0
5240,1,1,33.311,-25.457,3.11,-2.37,3.11,-2.38,INF,-1,0,7,0
5260,1,1,34.147,-26.144,3.19,-2.44,3.19,-2.44,INF,-1,0,7,0
5280,1,1,31.601,-25.900,2.95,-2.42,2.95,-2.42,INF,-1,0,7,0
5300,1,1,31.307,-27.063,2.92,-2.52,2.92,-2.53,INF,-1,0,7,0
5320,1,1,31.291,-25.829,2.92,-2.41,2.92,-2.41,INF,-1,0,7,0
5340,1,1,31.206,-26.592,2.91,-2.48,2.91,-2.48,INF,-1,1,7,0
5360,1,1,30.384,-28.607,2.84,-2.67,2.83,-2.67,INF,-1,1,7,0
5380,1,1,29.500,-29.126,2.76,-2.72,2.75,-2.72,INF,-1,1,7,0
5400,1,1,42.433,-26.251,3.96,-2.45,3.96,-2.45,INF,-1,1,7,0
5420,1,1,42.941,-27.204,4.01,-2.53,4.00,-2.54,INF,-1,1,7,0
5440,1,1,44.055,-26.320,4.11,-2.45,4.11,-2.46,INF,-1,0,7,0
5460,1,1,45.633,-25.890,4.26,-2.41,4.25,-2.42,INF,-1,0,7,0
5480,1,1,42.585,-25.984,3.97,-2.42,3.97,-2.43,INF,-1,0,7,0
5500,1,1,41.704,-28.842,3.89,-2.69,3.89,-2.69,INF,-1,0,7,0
5520,1,1,44.691,-24.900,4.17,-2.32,4.17,-2.33,INF,-1,0,7,0
5540,1,1,46.263,-26.900,4.32,-2.51,4.31,-2.51,INF,-1,0,7,0
5560,1,1,43.951,-25.031,4.10,-2.33,4.10,-2.34,INF,-1,0,7,0
5580,1,1,44.723,-25.253,4.17,-2.35,4.17,-2.36,INF,-1,0,7,0
5600,1,1,44.440,-23.776,4.15,-2.22,4.14,-2.22,INF,-1,0,7,0
5620,1,1,44.126,-25.555,4.12,-2.38,4.11,-2.39,INF,-1,0,7,0
5640,1,1,35.459,-18.873,3.31,-1.76,3.31,-1.76,INF,-1,0,7,0
5660,1,1,35.614,-16.638,3.33,-1.55,3.32,-1.55,INF,-1,0,7,0
5680,0,1,0.000,0.000,0.00,0.00,0.00,0.00,INF,-1,1,7,0
5700,1,1,35.035,-19.000,3.27,-1.77,3.27,-1.78,INF,-1,1,7,0
5720,1,1,33.662,-16.867,3.14,-1.57,3.14,-1.58,INF,-1,0,7,0
5740,1,1,34.436,-15.415,3.22,-1.44,3.21,-1.44,INF,-1,0,7,0
5760,1,1,33.721,-17.140,3.15,-1.60,3.15,-1.60,INF,-1,0,7,0
5780,1,1,34.772,-15.683,3.25,-1.46,3.25,-1.47,INF,-1,0,7,0
5800,1,1,33.827,-16.656,3.16,-1.55,3.16,-1.56,INF,-1,0,7,0
5820,1,1,33.609,-14.764,3.14,-1.38,3.14,-1.38,INF,-1,0,7,0
5840,1,1,36.484,-16.788,3.41,-1.57,3.40,-1.57,INF,-1,0,7,0
5860,1,1,34.844,-16.955,3.25,-1.58,3.25,-1.58,INF,-1,0,7,0
5880,1,1,32.685,-17.245,3.05,-1.61,3.05,-1.61,INF,-1,0,7,0
5900,1,1,31.114,-18.653,2.91,-1.74,2.90,-1.74,INF,-1,0,7,0
5920,1,1,33.276,-16.828,3.11,-1.57,3.11,-1.57,INF,-1,1,7,0
5940,1,1,33.927,-18.553,3.17,-1.73,3.17,-1.73,INF,-1,1,7,0
5960,1,1,33.174,-15.236,3.10,-1.42,3.10,-1.42,INF,-1,1,7,0
5980,1,1,39.172,-0.045,3.66,0.00,3.66,0.00,INF,-1,1,7,0
6000,1,1,42.124,0.329,3.93,0.03,3.93,0.03,INF,-1,1,7,0
6020,1,1,40.305,1.906,3.76,0.18,3.76,0.18,INF,-1,0,7,0
6040,1,1,38.360,2.814,3.58,0.26,3.58,0.26,INF,-1,0,7,0
6060,1,1,38.754,1.370,3.62,0.13,3.62,0.13,INF,-1,0,7,0
6080,1,1,38.368,-0.446,3.58,-0.04,3.58,-0.04,INF,-1,0,7,0
6100,1,1,40.166,0.095,3.75,0.01,3.75,0.01,INF,-1,0,7,0
6120,1,1,38.639,-0.429,3.61,-0.04,3.61,-0.04,INF,-1,0,7,0
6140,1,1,38.622,-1.979,3.61,-0.18,3.61,-0.18,INF,-1,0,7,0
6160,1,1,39.720,-0.626,3.71,-0.06,3.71,-0.06,INF,-1,0,7,0
6180,1,1,49.294,-17.125,4.60,-1.60,4.60,-1.60,INF,-1,0,7,0
6200,1,1,46.382,-23.152,4.33,-2.16,4.32,-2.16,INF,-1,0,7,0
6220,1,1,46.751,-23.897,4.36,-2.23,4.36,-2.23,INF,-1,0,7,0
6240,1,1,46.868,-23.257,4.37,-2.17,4.37,-2.17,INF,-1,0,7,0
6260,1,1,46.146,-20.294,4.31,-1.89,4.30,-1.90,INF,-1,0,7,0
6280,1,1,45.326,-20.590,4.23,-1.92,4.23,-1.92,INF,-1,0,7,0
6300,1,1,45.077,-23.932,4.21,-2.23,4.20,-2.24,INF,-1,0,7,0
6320,1,1,43.623,-23.619,4.07,-2.20,4.07,-2.21,INF,-1,0,7,0
6340,1,1,45.062,-21.795,4.20,-2.03,4.20,-2.04,INF,-1,0,7,0
6360,1,1,43.908,-23.066,4.10,-2.15,4.09,-2.15,INF,-1,1,7,0
6380,0,1,0.000,0.000,0.00,0.00,0.00,0.00,INF,-1,1,7,0
6400,0,1,0.000,0.000,0.00,0.00,0.00,0.00,INF,-1,1,7,0
6420,0,1,0.000,0.000,0.00,0.00,0.00,0.00,INF,-1,1,7,0
6440,0,1,0.000,0.000,0.00,0.00,0.00,0.00,INF,-1,1,7,0
6460,0,1,0.000,0.000,0.00,0.00,0.00,0.00,INF,-1,0,7,0
6480,0,1,0.000,0.000,0.00,0.00,0.00,0.00,INF,-1,0,7,0
6500,1,1,47.411,-22.632,4.42,-2.11,4.42,-2.11,INF,-1,0,7,0
6520,0,1,0.000,0.000,0.00,0.00,0.00,0.00,INF,-1,0,7,0
6540,1,1,44.141,-16.147,4.12,-1.50,4.12,-1.51,INF,-1,0,7,0
6560,1,1,45.180,-19.556,4.22,-1.82,4.21,-1.83,INF,-1,0,7,0
6580,0,1,0.000,0.000,0.00,0.00,0.00,0.00,INF,-1,0,7,0
6600,1,1,44.392,-19.471,4.14,-1.81,4.14,-1.82,INF,-1,0,7,0
6620,1,1,46.325,-18.127,4.32,-1.69,4.32,-1.69,INF,-1,0,7,0
6640,1,1,45.220,-19.749,4.22,-1.84,4.22,-1.85,INF,-1,0,7,0
6660,0,1,0.000,0.000,0.00,0.00,0.00,0.00,INF,-1,0,7,0
6680,1,1,44.610,-19.950,4.16,-1.86,4.16,-1.86,INF,-1,0,7,0
6700,0,1,0.000,0.000,0.00,0.00,0.00,0.00,INF,-1,0,7,0
6720,0,1,0.000,0.000,0.00,0.00,0.00,0.00,INF,-1,0,7,0
6740,0,1,0.000,0.000,0.00,0.00,0.00,0.00,INF,-1,0,7,0
6760,1,1,43.585,-20.746,4.07,-1.93,4.06,-1.94,INF,-1,0,7,0
6780,1,1,45.375,-17.916,4.23,-1.67,4.23,-1.67,INF,-1,1,7,0
6800,1,1,46.335,-16.100,4.32,-1.50,4.32,-1.50,INF,-1,1,7,0
6820,1,1,48.360,-15.231,4.51,-1.42,4.51,-1.42,INF,-1,1,7,0
6840,1,1,45.219,-17.355,4.22,-1.62,4.22,-1.62,INF,-1,1,7,0
6860,1,1,45.709,-19.285,4.26,-1.80,4.26,-1.80,INF,-1,1,7,0
6880,1,1,45.385,-21.217,4.23,-1.98,4.23,-1.98,INF,-1,1,7,0
6900,1,1,46.346,-17.399,4.32,-1.62,4.32,-1.63,INF,-1,1,7,0
6920,1,1,46.333,-16.600,4.32,-1.55,4.32,-1.55,INF,-1,1,7,0
6940,1,1,47.394,-19.433,4.42,-1.81,4.42,-1.82,INF,-1,1,7,0
6960,1,1,46.158,-18.428,4.31,-1.72,4.30,-1.72,INF,-1,1,7,0
6980,1,1,46.707,-18.368,4.36,-1.71,4.36,-1.72,INF,-1,1,7,0
7000,1,1,47.738,-17.108,4.45,-1.59,4.45,-1.60,INF,-1,1,7,0
7020,1,1,46.244,-17.053,4.31,-1.59,4.31,-1.59,INF,-1,1,7,0
7040,1,1,47.396,-14.536,4.42,-1.35,4.42,-1.36,INF,-1,1,7,0
7060,1,1,46.563,-13.975,4.34,-1.30,4.34,-1.31,INF,-1,1,7,0
7080,1,1,45.100,-17.067,4.21,-1.59,4.21,-1.59,INF,-1,1,7,0
7100,1,1,46.971,-17.032,4.38,-1.59,4.38,-1.59,INF,-1,1,7,0
7120,1,1,47.647,-18.050,4.44,-1.68,4.44,-1.69,INF,-1,1,7,0
7140,0,1,0.000,0.000,0.00,0.00,0.00,0.00,INF,-1,1,7,0
7160,1,1,46.275,-20.690,4.32,-1.93,4.31,-1.93,INF,-1,1,7,0
7180,1,1,44.730,-17.434,4.17,-1.62,4.17,-1.63,INF,-1,1,7,0
7200,0,1,0.000,0.000,0.00,0.00,0.00,0.00,INF,-1,1,7,0
7220,0,1,0.000,0.000,0.00,0.00,0.00,0.00,INF,-1,1,7,0
7240,1,1,46.904,-15.161,4.38,-1.41,4.37,-1.42,INF,-1,1,7,0
7260,1,1,45.313,-18.104,4.23,-1.69,4.23,-1.69,INF,-1,1,7,0
7280,1,1,48.561,-12.544,4.53,-1.17,4.53,-1.17,INF,-1,1,7,0
7300,1,1,20.842,-7.188,1.95,-0.67,1.95,-0.67,INF,-1,1,7,0
7320,1,1,18.476,-5.535,1.73,-0.52,1.73,-0.52,INF,-1,1,7,0
7340,1,1,19.545,-4.526,1.83,-0.42,1.83,-0.42,INF,-1,0,7,0
7360,1,1,19.818,-4.329,1.85,-0.40,1.85,-0.40,INF,-1,0,7,0
7380,1,1,19.424,-4.363,1.81,-0.41,1.81,-0.41,INF,-1,0,7,0
7400,1,1,21.258,-4.757,1.99,-0.44,1.99,-0.44,INF,-1,0,7,0
7420,1,1,19.219,-4.567,1.80,-0.43,1.80,-0.43,INF,-1,0,7,0
7440,1,1,20.228,-4.952,1.89,-0.46,1.89,-0.46,INF,-1,0,7,0
7460,1,1,19.335,-3.718,1.81,-0.35,1.81,-0.35,INF,-1,0,7,0
7480,1,1,19.395,-4.724,1.81,-0.44,1.81,-0.44,INF,-1,0,7,0
7500,1,1,20.373,-5.320,1.90,-0.50,1.90,-0.50,INF,-1,0,7,0
7520,1,1,19.962,-3.819,1.87,-0.36,1.87,-0.36,INF,-1,0,7,0
7540,1,1,20.019,-5.044,1.87,-0.47,1.87,-0.47,INF,-1,0,7,0
7560,1,1,19.807,-4.174,1.85,-0.39,1.85,-0.39,INF,-1,0,7,0
7580,1,1,20.380,-6.958,1.90,-0.65,1.90,-0.65,INF,-1,1,7,0
7600,1,1,18.847,-4.231,1.76,-0.40,1.76,-0.40,INF,-1,1,7,0
7620,1,1,20.931,-1.952,1.96,-0.18,1.96,-0.18,INF,-1,1,7,0
7640,1,1,18.643,-5.168,1.74,-0.48,1.74,-0.48,INF,-1,1,7,0
7660,1,1,19.265,-3.328,1.80,-0.31,1.80,-0.31,INF,-1,1,7,0
7680,1,1,18.800,-3.357,1.76,-0.31,1.76,-0.31,INF,-1,1,7,0
7700,1,1,32.906,-7.702,3.07,-0.72,3.07,-0.72,INF,-1,1,7,0
7720,1,1,38.395,-7.176,3.58,-0.67,3.58,-0.67,INF,-1,1,7,0
7740,1,1,38.995,-8.569,3.64,-0.80,3.64,-0.80,INF,-1,0,7,0
7760,1,1,39.013,-9.568,3.64,-0.89,3.64,-0.89,INF,-1,0,7,0
7780,1,1,37.568,-7.829,3.51,-0.73,3.51,-0.73,INF,-1,0,7,0
7800,1,1,38.439,-10.260,3.59,-0.96,3.59,-0.96,INF,-1,0,7,0
7820,1,1,39.531,-11.714,3.69,-1.09,3.69,-1.09,INF,-1,0,7,0
7840,1,1,40.873,-11.375,3.81,-1.06,3.81,-1.06,INF,-1,0,7,0
7860,1,1,39.568,-9.475,3.69,-0.88,3.69,-0.89,INF,-1,0,7,0
7880,1,1,39.330,-11.447,3.67,-1.07,3.67,-1.07,INF,-1,0,7,0
7900,1,1,39.516,-10.060,3.69,-0.94,3.69,-0.94,INF,-1,0,7,0
7920,1,1,39.845,-5.507,3.72,-0.51,3.72,-0.51,INF,-1,0,7,0
7940,1,1,40.347,-6.525,3.77,-0.61,3.77,-0.61,INF,-1,0,7,0
7960,1,1,39.939,-7.710,3.73,-0.72,3.73,-0.72,INF,-1,0,7,0
7980,1,1,39.024,-6.337,3.64,-0.59,3.64,-0.59,INF,-1,1,7,0
8000,1,1,39.436,-5.763,3.68,-0.54,3.68,-0.54,INF,-1,1,7,0
8020,1,1,41.207,-6.948,3.85,-0.65,3.85,-0.65,INF,-1,1,7,0
8040,0,1,0.000,0.000,0.00,0.00,0.00,0.00,INF,-1,1,7,0
8060,1,1,34.191,-17.769,3.19,-1.66,3.19,-1.66,INF,-1,1,7,0
8080,1,1,35.450,-17.602,3.31,-1.64,3.31,-1.64,INF,-1,1,7,0
8100,1,1,37.826,-16.462,3.53,-1.54,3.53,-1.54,INF,-1,1,7,0
8120,1,1,36.244,-18.125,3.38,-1.69,3.38,-1.69,INF,-1,1,7,0
8140,1,1,34.363,-20.637,3.21,-1.93,3.21,-1.93,INF,-1,1,7,0
8160,1,1,37.946,-17.106,3.54,-1.60,3.54,-1.60,INF,-1,1,7,0
8180,0,1,0.000,0.000,0.00,0.00,0.00,0.00,INF,-1,1,7,0
8200,1,1,34.475,-19.644,3.22,-1.83,3.22,-1.84,INF,-1,1,7,0
8220,0,1,0.000,0.000,0.00,0.00,0.00,0.00,INF,-1,1,7,0
8240,1,1,32.514,-19.496,3.04,-1.82,3.03,-1.82,INF,-1,1,7,0
8260,1,1,31.188,-16.024,2.91,-1.50,2.91,-1.50,INF,-1,0,7,0
8280,1,1,32.227,-16.149,3.01,-1.51,3.01,-1.51,INF,-1,0,7,0
8300,1,1,31.599,-15.328,2.95,-1.43,2.95,-1.43,INF,-1,0,7,0
8320,1,1,32.132,-17.012,3.00,-1.59,3.00,-1.59,INF,-1,0,7,0
8340,1,1,32.171,-16.066,3.00,-1.50,3.00,-1.50,INF,-1,0,7,0
8360,1,1,35.080,-17.093,3.28,-1.59,3.27,-1.60,INF,-1,0,7,0
8380,1,1,34.225,-15.309,3.20,-1.43,3.19,-1.43,INF,-1,0,7,0
8400,1,1,33.841,-15.022,3.16,-1.40,3.16,-1.40,INF,-1,0,7,0
8420,1,1,34.382,-15.810,3.21,-1.48,3.21,-1.48,INF,-1,0,7,0
8440,1,1,36.902,-16.337,3.44,-1.52,3.44,-1.53,INF,-1,0,7,0
8460,1,1,30.875,-17.484,2.88,-1.63,2.88,-1.63,INF,-1,0,7,0
8480,1,1,3.082,-3.664,0.29,-0.34,0.29,-0.34,INF,-1,1,7,0
8500,1,1,1.317,0.652,0.12,0.06,0.12,0.06,INF,-1,1,7,0
8520,1,1,-1.034,0.857,-0.10,0.08,-0.10,0.08,INF,-1,0,7,0
8540,1,1,0.417,-0.306,0.04,-0.03,0.04,-0.03,INF,-1,0,7,0
8560,1,1,-2.238,-2.118,-0.21,-0.20,-0.21,-0.20,INF,-1,0,7,0
8580,1,1,0.113,-0.324,0.01,-0.03,0.01,-0.03,INF,-1,0,7,0
8600,1,1,-0.115,0.656,-0.01,0.06,-0.01,0.06,INF,-1,0,7,0
8620,1,1,-1.783,-1.937,-0.17,-0.18,-0.17,-0.18,INF,-1,0,7,0
8640,1,1,-0.485,-0.624,-0.05,-0.06,-0.05,-0.06,INF,-1,0,7,0
8660,1,1,1.966,0.677,0.18,0.06,0.18,0.06,INF,-1,0,7,0
8680,1,1,1.063,-0.291,0.10,-0.03,0.10,-0.03,INF,-1,0,7,0
8700,1,1,-0.815,-0.926,-0.08,-0.09,-0.08,-0.09,INF,-1,0,7,0
8720,1,1,-4.331,6.508,-0.40,0.61,-0.40,0.61,INF,-1,0,7,0
8740,1,1,-4.322,6.643,-0.40,0.62,-0.40,0.62,INF,-1,0,7,0
8760,1,1,-3.355,5.910,-0.31,0.55,-0.31,0.55,INF,-1,1,7,0
8780,1,1,-5.144,6.020,-0.48,0.56,-0.48,0.56,INF,-1,1,7,0
8800,1,1,-3.725,5.995,-0.35,0.56,-0.35,0.56,INF,-1,1,7,0
8820,1,1,-3.302,4.779,-0.31,0.45,-0.31,0.45,INF,-1,1,7,0
8840,1,1,-3.454,4.196,-0.32,0.39,-0.32,0.39,INF,-1,1,7,0
8860,1,1,-4.505,4.774,-0.42,0.45,-0.42,0.45,INF,-1,1,7,0
8880,1,1,-2.819,4.244,-0.26,0.40,-0.26,0.40,INF,-1,1,7,0
8900,1,1,-2.545,3.884,-0.24,0.36,-0.24,0.36,INF,-1,1,7,0
8920,0,1,0.000,0.000,0.00,0.00,0.00,0.00,0.00,-1,1,7,0
8940,0,1,0.000,0.000,0.00,0.00,0.00,0.00,0.00,-1,1,7,0
8960,0,1,0.000,0.000,0.00,0.00,0.00,0.00,0.00,-1,1,7,0
8980,0,1,0.000,0.000,0.00,0.00,0.00,0.00,0.00,-1,1,7,0
9000,0,1,0.000,0.000,0.00,0.00,0.00,0.00,0.00,-1,0,7,0
9020,0,1,0.000,0.000,0.00,0.00,0.00,0.00,0.00,-1,0,7,0
9040,0,1,0.000,0.000,0.00,0.00,0.00,0.00,INF,-1,0,7,0
9060,0,1,0.000,0.000,0.00,0.00,0.00,0.00,0.00,-1,0,7,0
9080,0,1,0.000,0.000,0.00,0.00,0.00,0.00,0.00,-1,0,7,0
9100,0,1,0.000,0.000,0.00,0.00,0.00,0.00,0.00,-1,0,7,0
9120,1,1,17.887,-0.552,1.67,-0.05,1.67,-0.05,INF,-1,0,7,0
9140,1,1,15.838,2.123,1.48,0.20,1.48,0.20,INF,-1,0,7,0
9160,1,1,17.093,-0.471,1.60,-0.04,1.60,-0.04,INF,-1,0,7,0
9180,1,1,19.088,1.450,1.78,0.14,1.78,0.14,INF,-1,0,7,0
9200,1,1,16.752,2.682,1.57,0.25,1.57,0.25,INF,-1,0,7,0
9220,1,1,13.641,0.239,1.27,0.02,1.27,0.02,INF,-1,0,7,0
9240,1,1,26.905,0.073,2.51,0.01,2.51,0.01,INF,-1,0,7,0
9260,1,1,25.074,-1.476,2.34,-0.14,2.34,-0.14,INF,-1,0,7,0
9280,1,1,25.659,-0.942,2.40,-0.09,2.40,-0.09,INF,-1,0,7,0
9300,1,1,25.593,-1.224,2.39,-0.11,2.39,-0.11,INF,-1,0,7,0
9320,1,1,27.433,-1.556,2.56,-0.15,2.56,-0.15,INF,-1,0,7,0
9340,1,1,27.988,-0.706,2.61,-0.07,2.61,-0.07,INF,-1,0,7,0
9360,1,1,27.489,-1.149,2.57,-0.11,2.57,-0.11,INF,-1,0,7,0
9380,1,1,27.100,-2.550,2.53,-0.24,2.53,-0.24,INF,-1,0,7,0
9400,1,1,27.610,-0.627,2.58,-0.06,2.58,-0.06,INF,-1,1,7,0
9420,1,1,28.882,-1.243,2.70,-0.12,2.70,-0.12,INF,-1,1,7,0
9440,1,1,28.497,-2.713,2.66,-0.25,2.66,-0.25,INF,-1,1,7,0
9460,1,1,27.876,-2.607,2.60,-0.24,2.60,-0.24,INF,-1,1,7,0
9480,1,1,28.011,-3.420,2.62,-0.32,2.62,-0.32,INF,-1,1,7,0
9500,1,1,29.225,-4.417,2.73,-0.41,2.73,-0.41,INF,-1,1,7,0
9520,1,1,28.848,-4.738,2.69,-0.44,2.69,-0.44,INF,-1,1,7,0
9540,1,1,28.553,-3.338,2.67,-0.31,2.67,-0.31,INF,-1,1,7,0
9560,1,1,31.550,-1.651,2.95,-0.15,2.95,-0.15,INF,-1,1,7,0
9580,1,1,31.326,-2.356,2.93,-0.22,2.93,-0.22,INF,-1,1,7,0
9600,1,1,30.367,-1.571,2.84,-0.15,2.84,-0.15,INF,-1,1,7,0
9620,1,1,29.793,-1.336,2.78,-0.12,2.78,-0.12,INF,-1,1,7,0
9640,1,1,28.874,-4.227,2.70,-0.39,2.70,-0.40,INF,-1,1,7,0
9660,1,1,29.336,-2.193,2.74,-0.20,2.74,-0.20,INF,-1,1,7,0
9680,1,1,31.082,-3.043,2.90,-0.28,2.90,-0.28,INF,-1,1,7,0
9700,1,1,6.964,-3.139,0.65,-0.29,0.65,-0.29,INF,-1,1,7,0
9720,1,1,-13.170,0.838,-1.23,0.08,-1.23,0.08,INF,-1,1,7,0
9740,1,1,-11.638,-0.701,-1.09,-0.07,-1.09,-0.07,INF,-1,0,7,0
9760,1,1,-13.293,-3.035,-1.24,-0.28,-1.24,-0.28,INF,-1,0,7,0
9780,1,1,-12.351,-3.498,-1.15,-0.33,-1.15,-0.33,INF,-1,0,7,0
9800,1,1,-13.716,-3.546,-1.28,-0.33,-1.28,-0.33,INF,-1,0,7,0
9820,1,1,-11.735,-2.411,-1.10,-0.23,-1.10,-0.23,INF,-1,0,7,0
9840,1,1,-12.319,-2.060,-1.15,-0.19,-1.15,-0.19,INF,-1,0,7,0
9860,1,1,-13.970,-1.739,-1.31,-0.16,-1.31,-0.16,INF,-1,0,7,0
9880,1,1,-12.131,0.069,-1.13,0.01,-1.13,0.01,INF,-1,0,7,0
9900,1,1,-11.547,-0.772,-1.08,-0.07,-1.08,-0.07,INF,-1,0,7,0
9920,1,1,-11.863,-1.477,-1.11,-0.14,-1.11,-0.14,INF,-1,0,7,0
9940,1,1,-11.986,-0.830,-1.12,-0.08,-1.12,-0.08,INF,-1,0,7,0
9960,1,1,-13.173,-1.734,-1.23,-0.16,-1.23,-0.16,INF,-1,0,7,0
9980,1,1,-47.245,-1.152,-4.41,-0.11,-4.41,-0.11,INF,-1,0,7,0
10000,1,1,-43.513,0.102,-4.06,0.01,-4.06,0.01,INF,-1,1,7,0
10020,1,1,-46.708,-1.045,-4.36,-0.10,-4.36,-0.10,INF,-1,0,7,0
10040,1,1,-46.039,-0.112,-4.30,-0.01,-4.30,-0.01,INF,-1,0,7,0
10060,1,1,-46.049,-0.392,-4.30,-0.04,-4.30,-0.04,INF,-1,0,7,0
10080,1,1,-45.509,-1.292,-4.25,-0.12,-4.25,-0.12,INF,-1,0,7,0
10100,1,1,-44.000,-0.079,-4.11,-0.01,-4.11,-0.01,INF,-1,0,7,0
10120,1,1,-44.327,0.081,-4.14,0.01,-4.14,0.01,INF,-1,0,7,0
10140,1,1,-45.066,0.112,-4.20,0.01,-4.20,0.01,INF,-1,0,7,0
10160,1,1,-45.371,-0.796,-4.23,-0.07,-4.23,-0.07,INF,-1,0,7,0
10180,1,1,-46.367,-1.187,-4.33,-0.11,-4.33,-0.11,INF,-1,0,7,0
10200,1,1,-45.335,-1.211,-4.23,-0.11,-4.23,-0.11,INF,-1,0,7,0
10220,1,1,-45.768,-0.480,-4.27,-0.04,-4.27,-0.04,INF,-1,0,7,0
10240,1,1,-47.015,-1.992,-4.39,-0.19,-4.39,-0.19,INF,-1,0,7,0
10260,1,1,-60.096,17.403,-5.60,1.62,-5.60,1.63,INF,-1,1,7,0
10280,1,1,-58.218,24.865,-5.43,2.31,-5.42,2.32,INF,-1,1,7,0
10300,1,1,-57.687,26.892,-5.38,2.50,-5.37,2.51,INF,-1,0,7,0
10320,1,1,-57.987,26.515,-5.40,2.47,-5.40,2.48,INF,-1,0,7,0
10340,1,1,-57.136,25.617,-5.32,2.38,-5.32,2.39,INF,-1,0,7,0
10360,1,1,-57.761,26.903,-5.38,2.50,-5.38,2.51,INF,-1,0,7,0
10380,1,1,-58.603,25.007,-5.46,2.33,-5.46,2.34,INF,-1,0,7,0
10400,1,1,-57.959,25.995,-5.40,2.42,-5.40,2.43,INF,-1,0,7,0
10420,1,1,-58.753,25.013,-5.47,2.33,-5.47,2.34,INF,-1,0,7,0
10440,1,1,-59.463,23.501,-5.54,2.19,-5.54,2.20,INF,-1,0,7,0
10460,1,1,-55.348,26.005,-5.16,2.42,-5.15,2.43,INF,-1,0,7,0
10480,1,1,-58.907,26.104,-5.49,2.43,-5.48,2.44,INF,-1,0,7,0
10500,1,1,-58.049,32.865,-5.41,3.06,-5.40,3.07,INF,-1,0,7,0
10520,1,1,-56.102,38.641,-5.23,3.59,-5.22,3.61,INF,-1,0,7,0
10540,1,1,-56.214,40.869,-5.24,3.80,-5.23,3.81,INF,-1,0,7,0
10560,1,1,-56.514,38.608,-5.27,3.59,-5.26,3.60,INF,-1,1,7,0
10580,1,1,-57.229,40.373,-5.33,3.75,-5.32,3.77,INF,-1,1,7,0
10600,1,1,-56.029,41.538,-5.22,3.86,-5.21,3.88,INF,-1,1,7,0
10620,1,1,-55.999,41.672,-5.22,3.87,-5.21,3.89,INF,-1,0,7,0
10640,1,1,-57.017,39.619,-5.31,3.68,-5.30,3.70,INF,-1,0,7,0
10660,1,1,-57.344,39.387,-5.34,3.66,-5.33,3.68,INF,-1,0,7,0
10680,1,1,-54.700,39.482,-5.10,3.67,-5.09,3.69,INF,-1,0,7,0
10700,1,1,-54.379,39.834,-5.07,3.70,-5.06,3.72,INF,-1,0,7,0
10720,1,1,-55.080,39.060,-5.13,3.63,-5.12,3.65,INF,-1,0,7,0
10740,1,1,-55.779,40.654,-5.20,3.78,-5.19,3.79,INF,-1,0,7,0
10760,1,1,-55.751,39.316,-5.20,3.65,-5.19,3.67,INF,-1,0,7,0
10780,1,1,-55.379,40.666,-5.16,3.78,-5.15,3.80,INF,-1,0,7,0
10800,1,1,-55.449,36.137,-5.17,3.36,-5.16,3.37,INF,-1,0,7,0
10820,1,1,-50.262,29.291,-4.69,2.73,-4.68,2.74,INF,-1,0,7,0
10840,1,1,-52.938,26.458,-4.94,2.46,-4.93,2.47,INF,-1,0,7,0
10860,1,1,-32.884,23.899,-3.07,2.23,-3.07,2.23,INF,-1,1,7,0
10880,1,1,-30.577,20.171,-2.86,1.88,-2.85,1.88,INF,-1,0,7,0
10900,1,1,-28.759,20.288,-2.69,1.89,-2.68,1.90,INF,-1,0,7,0
10920,1,1,-29.931,17.785,-2.80,1.66,-2.79,1.66,INF,-1,0,7,0
10940,1,1,-30.685,17.680,-2.87,1.65,-2.86,1.65,INF,-1,0,7,0
10960,1,1,-30.774,18.355,-2.87,1.71,-2.87,1.72,INF,-1,0,7,0
10980,1,1,-31.514,18.397,-2.94,1.72,-2.94,1.72,INF,-1,0,7,0
11000,1,1,-32.119,18.023,-3.00,1.68,-3.00,1.68,INF,-1,0,7,0
11020,1,1,-30.353,18.444,-2.83,1.72,-2.83,1.72,INF,-1,0,7,0
11040,1,1,-31.576,17.858,-2.95,1.67,-2.95,1.67,INF,-1,0,7,0
11060,1,1,-31.182,19.063,-2.91,1.78,-2.91,1.78,INF,-1,0,7,0
11080,1,1,-30.383,18.915,-2.84,1.77,-2.84,1.77,INF,-1,0,7,0
11100,1,1,-30.660,20.191,-2.86,1.88,-2.86,1.89,INF,-1,0,7,0
11120,1,1,-30.604,19.025,-2.86,1.78,-2.86,1.78,INF,-1,0,7,0
11140,1,1,-49.934,14.855,-4.66,1.38,-4.66,1.39,INF,-1,1,7,0
11160,1,1,30.666,31.437,2.86,2.93,2.86,2.94,INF,-1,1,7,0
11180,1,1,45.045,43.754,4.20,4.07,4.19,4.08,INF,-1,0,7,0
11200,1,1,44.815,43.605,4.18,4.06,4.17,4.07,INF,-1,0,7,0
11220,1,1,44.914,43.870,4.19,4.08,4.18,4.09,INF,-1,0,7,0
11240,1,1,44.732,44.039,4.17,4.10,4.16,4.11,INF,-1,0,7,0
11260,1,1,45.078,43.912,4.21,4.09,4.20,4.10,INF,-1,0,7,0
11280,1,1,45.604,43.524,4.25,4.05,4.24,4.06,INF,-1,0,7,0
11300,1,1,45.175,42.941,4.21,4.00,4.20,4.01,INF,-1,0,7,0
11320,1,1,44.356,41.487,4.14,3.86,4.13,3.87,INF,-1,0,7,0
11340,1,1,44.263,41.923,4.13,3.90,4.12,3.91,INF,-1,0,7,0
11360,1,1,37.557,48.706,3.51,4.53,3.50,4.54,INF,-1,0,7,0
11380,1,1,33.950,50.031,3.17,4.66,3.16,4.67,INF,-1,0,7,0
11400,1,1,35.527,50.278,3.32,4.68,3.31,4.69,INF,-1,0,7,0
11420,1,1,35.635,48.905,3.33,4.55,3.32,4.56,INF,-1,0,7,0
11440,1,1,34.178,47.505,3.19,4.42,3.18,4.43,INF,-1,0,7,0
11460,1,1,34.885,49.439,3.26,4.60,3.25,4.61,INF,-1,1,7,0
11480,1,1,34.904,48.473,3.26,4.51,3.25,4.52,INF,-1,1,7,0
11500,1,1,36.337,49.401,3.39,4.60,3.38,4.61,INF,-1,1,7,0
11520,1,1,35.879,49.504,3.35,4.61,3.34,4.62,INF,-1,1,7,0
11540,1,1,36.294,49.624,3.39,4.62,3.38,4.63,INF,-1,1,7,0
11560,1,1,35.359,49.660,3.30,4.62,3.29,4.63,INF,-1,1,7,0
11580,1,1,34.962,49.388,3.26,4.60,3.25,4.61,INF,-1,1,7,0
11600,1,1,33.899,47.340,3.17,4.41,3.16,4.42,INF,-1,1,7,0
11620,1,1,34.707,47.091,3.24,4.39,3.23,4.39,INF,-1,1,7,0
11640,1,1,34.272,48.064,3.20,4.48,3.19,4.48,INF,-1,1,7,0
11660,1,1,33.835,47.879,3.16,4.46,3.15,4.47,INF,-1,1,7,0
11680,1,1,34.204,49.543,3.19,4.61,3.18,4.62,INF,-1,1,7,0
11700,1,1,34.420,46.318,3.21,4.31,3.20,4.32,INF,-1,1,7,0
11720,1,1,37.080,48.655,3.46,4.53,3.45,4.54,INF,-1,1,7,0
11740,1,1,38.160,50.043,3.56,4.66,3.55,4.67,INF,-1,1,7,0
11760,1,1,38.978,50.266,3.64,4.68,3.63,4.69,INF,-1,1,7,0
11780,1,1,38.638,51.331,3.61,4.78,3.59,4.79,INF,-1,1,7,0
11800,1,1,39.912,48.913,3.73,4.55,3.71,4.56,INF,-1,1,7,0
11820,1,1,37.673,49.380,3.52,4.60,3.51,4.61,INF,-1,1,7,0
11840,1,1,38.161,48.237,3.56,4.49,3.55,4.50,INF,-1,1,7,0
11860,1,1,38.035,50.379,3.55,4.69,3.54,4.70,INF,-1,1,7,0
11880,1,1,37.611,47.218,3.51,4.40,3.50,4.40,INF,-1,1,7,0
11900,1,1,37.064,49.067,3.46,4.57,3.45,4.58,INF,-1,1,7,0
11920,1,1,37.953,47.856,3.54,4.46,3.53,4.46,INF,-1,1,7,0
11940,1,1,35.747,47.625,3.34,4.44,3.33,4.44,INF,-1,1,7,0
11960,1,1,37.293,45.354,3.48,4.22,3.47,4.23,INF,-1,1,7,0
11980,1,1,37.278,46.166,3.48,4.30,3.47,4.31,INF,-1,1,7,0
12000,1,1,37.644,46.412,3.51,4.32,3.50,4.33,INF,-1,1,7,0
12020,1,1,37.557,46.214,3.51,4.30,3.50,4.31,INF,-1,1,7,0
12040,1,1,37.615,46.505,3.51,4.33,3.50,4.34,INF,-1,1,7,0
12060,1,1,32.912,47.563,3.07,4.43,3.06,4.44,INF,-1,1,7,0
12080,1,1,64.548,34.379,6.01,3.19,6.00,3.21,INF,-1,1,7,0
12100,1,1,62.947,30.070,5.86,2.79,5.86,2.81,INF,-1,1,7,0
12120,1,1,62.371,30.431,5.81,2.83,5.80,2.84,INF,-1,0,7,0
12140,1,1,63.641,32.291,5.93,3.00,5.92,3.02,INF,-1,0,7,0
12160,1,1,63.876,31.867,5.95,2.96,5.94,2.98,INF,-1,0,7,0
12180,1,1,64.918,31.392,6.05,2.92,6.04,2.93,INF,-1,0,7,0
12200,1,1,64.172,32.080,5.98,2.98,5.97,3.00,INF,-1,0,7,0
12220,1,1,63.067,29.838,5.87,2.77,5.87,2.79,INF,-1,0,7,0
12240,1,1,63.408,29.466,5.91,2.74,5.90,2.75,INF,-1,0,7,0
12260,1,1,64.035,32.605,5.96,3.03,5.96,3.04,INF,-1,0,7,0
12280,1,1,64.550,31.189,6.01,2.90,6.00,2.91,INF,-1,0,7,0
12300,1,1,63.880,31.132,5.95,2.89,5.94,2.91,INF,-1,0,7,0
12320,1,1,63.896,28.911,5.95,2.69,5.94,2.70,INF,-1,0,7,0
12340,1,1,64.808,31.181,6.04,2.90,6.03,2.91,INF,-1,0,7,0
12360,1,1,64.118,29.115,5.97,2.70,5.96,2.72,INF,-1,1,7,0
12380,1,1,64.605,29.961,6.02,2.78,6.01,2.80,INF,-1,1,7,0
12400,1,1,64.259,29.720,5.98,2.76,5.98,2.78,INF,-1,1,7,0
12420,1,1,64.539,28.845,6.01,2.68,6.00,2.69,INF,-1,1,7,0
12440,1,1,64.608,30.284,6.02,2.81,6.01,2.83,INF,-1,1,7,0
12460,1,1,64.160,30.624,5.98,2.84,5.97,2.86,INF,-1,1,7,0
12480,1,1,63.311,29.579,5.90,2.75,5.89,2.76,INF,-1,1,7,0
12500,1,1,62.772,28.580,5.85,2.66,5.84,2.67,INF,-1,1,7,0
12520,1,1,55.039,30.015,5.13,2.79,5.12,2.80,INF,-1,1,7,0
12540,1,1,55.566,31.447,5.18,2.92,5.17,2.94,INF,-1,1,7,0
12560,1,1,58.402,29.891,5.44,2.78,5.44,2.79,INF,-1,1,7,0
12580,1,1,58.222,30.753,5.43,2.86,5.42,2.87,INF,-1,1,7,0
12600,1,1,55.227,29.729,5.15,2.77,5.14,2.78,INF,-1,1,7,0
12620,1,1,55.053,29.283,5.13,2.72,5.13,2.73,INF,-1,1,7,0
12640,1,1,56.634,28.638,5.28,2.66,5.27,2.67,INF,-1,1,7,0
12660,1,1,55.567,29.038,5.18,2.70,5.17,2.71,INF,-1,1,7,0
12680,1,1,53.851,27.903,5.02,2.60,5.02,2.61,INF,-1,1,7,0
12700,1,1,55.153,30.590,5.14,2.85,5.13,2.86,INF,-1,1,7,0
12720,1,1,54.935,28.363,5.12,2.64,5.12,2.65,INF,-1,1,7,0
12740,1,1,55.175,29.502,5.14,2.74,5.14,2.76,INF,-1,1,7,0
12760,1,1,54.910,27.230,5.12,2.53,5.11,2.54,INF,-1,1,7,0
12780,1,1,56.052,26.276,5.22,2.44,5.22,2.45,INF,-1,1,7,0
12800,1,1,55.162,27.527,5.14,2.56,5.14,2.57,INF,-1,1,7,0
12820,1,1,55.703,29.004,5.19,2.70,5.19,2.71,INF,-1,1,7,0
12840,1,1,55.829,27.576,5.20,2.57,5.20,2.58,INF,-1,1,7,0
12860,1,1,56.450,27.903,5.26,2.60,5.26,2.61,INF,-1,1,7,0
12880,1,1,55.380,27.754,5.16,2.58,5.16,2.59,INF,-1,1,7,0
12900,1,1,57.922,27.964,5.40,2.60,5.39,2.61,INF,-1,1,7,0
12920,1,1,54.157,26.398,5.05,2.46,5.04,2.47,INF,-1,1,7,0
12940,1,1,43.260,-18.001,4.04,-1.68,4.03,-1.68,INF,-1,1,7,0
12960,1,1,47.395,-14.003,4.42,-1.30,4.42,-1.31,INF,-1,0,7,0
12980,1,1,48.890,-14.957,4.56,-1.39,4.56,-1.40,INF,-1,0,7,0
13000,1,1,45.238,-15.209,4.22,-1.42,4.22,-1.42,INF,-1,0,7,0
13020,1,1,46.759,-15.961,4.36,-1.49,4.36,-1.49,INF,-1,0,7,0
13040,1,1,44.533,-14.356,4.16,-1.34,4.15,-1.34,INF,-1,0,7,0
13060,1,1,47.278,-13.344,4.41,-1.24,4.41,-1.25,INF,-1,0,7,0
13080,1,1,48.176,-14.930,4.49,-1.39,4.49,-1.40,INF,-1,0,7,0
13100,1,1,49.203,-15.136,4.59,-1.41,4.59,-1.41,INF,-1,0,7,0
13120,1,1,55.559,-14.007,5.18,-1.30,5.18,-1.31,INF,-1,0,7,0
13140,1,1,55.845,-13.665,5.21,-1.27,5.20,-1.28,INF,-1,0,7,0
13160,1,1,54.890,-13.550,5.12,-1.26,5.12,-1.27,INF,-1,0,7,0
13180,1,1,56.104,-13.798,5.23,-1.28,5.23,-1.29,INF,-1,0,7,0
13200,1,1,54.853,-13.111,5.11,-1.22,5.11,-1.23,INF,-1,0,7,0
13220,1,1,55.071,-12.381,5.13,-1.15,5.13,-1.16,INF,-1,1,7,0
13240,1,1,55.675,-13.439,5.19,-1.25,5.19,-1.26,INF,-1,1,7,0
13260,1,1,54.534,-14.064,5.08,-1.31,5.08,-1.31,INF,-1,1,7,0
13280,1,1,56.288,-13.786,5.25,-1.28,5.25,-1.29,INF,-1,1,7,0
13300,1,1,56.107,-13.592,5.23,-1.26,5.23,-1.27,INF,-1,1,7,0
13320,1,1,54.598,-14.589,5.09,-1.36,5.09,-1.36,INF,-1,1,7,0
13340,1,1,55.719,-15.547,5.19,-1.45,5.19,-1.45,INF,-1,1,7,0
13360,1,1,54.682,-14.992,5.10,-1.40,5.10,-1.40,INF,-1,1,7,0
13380,1,1,54.801,-15.431,5.11,-1.44,5.11,-1.44,INF,-1,1,7,0
13400,1,1,56.207,-14.311,5.24,-1.33,5.24,-1.34,INF,-1,1,7,0
13420,1,1,56.151,-15.458,5.23,-1.44,5.23,-1.44,INF,-1,1,7,0
13440,1,1,53.764,-15.292,5.01,-1.42,5.01,-1.43,INF,-1,1,7,0
13460,1,1,65.650,6.795,6.11,0.63,6.11,0.64,INF,-1,1,7,0
13480,1,1,67.674,21.526,6.30,2.00,6.30,2.01,INF,-1,1,7,0
13500,1,1,66.322,20.054,6.17,1.86,6.17,1.87,INF,-1,0,7,0
13520,1,1,66.748,24.511,6.21,2.28,6.21,2.29,INF,-1,0,7,0
13540,1,1,67.681,22.498,6.30,2.09,6.30,2.10,INF,-1,0,7,0
13560,1,1,68.418,22.339,6.37,2.07,6.36,2.09,INF,-1,0,7,0
13580,1,1,67.168,21.739,6.25,2.02,6.25,2.03,INF,-1,0,7,0
13600,1,1,66.985,20.904,6.24,1.94,6.23,1.95,INF,-1,0,7,0
13620,1,1,67.213,20.783,6.26,1.93,6.25,1.94,INF,-1,0,7,0
13640,1,1,67.630,22.965,6.30,2.13,6.29,2.15,INF,-1,0,7,0
13660,1,1,68.039,19.141,6.33,1.78,6.33,1.79,INF,-1,0,7,0
13680,1,1,-41.751,13.773,-3.90,1.28,-3.90,1.29,INF,-1,0,7,0
13700,1,1,-72.250,13.211,-6.72,1.23,-6.72,1.23,INF,-1,0,7,0
13720,0,1,0.000,0.000,0.00,0.00,0.00,0.00,0.00,-1,0,7,0
13740,1,1,-67.989,14.754,-6.33,1.37,-6.33,1.38,INF,-1,0,7,0
13760,1,1,-69.027,12.591,-6.42,1.17,-6.42,1.18,INF,-1,0,7,0
13780,1,1,-65.995,14.749,-6.14,1.37,-6.14,1.38,INF,-1,0,7,0
13800,1,1,-66.580,10.771,-6.20,1.00,-6.20,1.01,INF,-1,0,7,0
13820,1,1,-66.853,12.799,-6.22,1.19,-6.22,1.20,INF,-1,0,7,0
13840,1,1,-66.990,10.416,-6.24,0.97,-6.24,0.97,INF,-1,0,7,0
13860,1,1,-65.574,13.609,-6.11,1.26,-6.10,1.27,INF,-1,0,7,0
13880,1,1,-65.178,9.580,-6.07,0.89,-6.07,0.90,INF,-1,0,7,0
13900,1,1,-63.946,11.459,-5.96,1.07,-5.95,1.07,INF,-1,0,7,0
13920,1,1,-67.240,11.470,-6.26,1.07,-6.26,1.07,INF,-1,0,7,0
13940,1,1,-64.542,13.263,-6.01,1.23,-6.01,1.24,INF,-1,0,7,0
13960,1,1,-64.912,12.887,-6.04,1.20,-6.04,1.20,INF,-1,1,7,0
13980,1,1,-64.120,10.033,-5.97,0.93,-5.97,0.94,INF,-1,1,7,0
14000,1,1,-71.368,11.746,-6.64,1.09,-6.64,1.10,INF,-1,1,7,0
14020,1,1,-46.228,9.497,-4.31,0.89,-4.31,0.89,INF,-1,1,7,0
14040,1,1,-47.108,10.961,-4.39,1.02,-4.39,1.02,INF,-1,1,7,0
14060,1,1,-46.392,9.873,-4.33,0.92,-4.33,0.92,INF,-1,0,7,0
14080,1,1,-48.066,8.218,-4.48,0.77,-4.48,0.77,INF,-1,0,7,0
14100,1,1,-45.542,7.092,-4.25,0.66,-4.25,0.66,INF,-1,0,7,0
14120,1,1,-46.562,7.519,-4.34,0.70,-4.34,0.70,INF,-1,0,7,0
14140,1,1,-46.286,7.191,-4.32,0.67,-4.32,0.67,INF,-1,0,7,0
14160,1,1,-46.028,7.389,-4.29,0.69,-4.29,0.69,INF,-1,0,7,0
14180,1,1,-44.182,7.740,-4.12,0.72,-4.12,0.72,INF,-1,0,7,0
14200,1,1,-46.812,6.766,-4.37,0.63,-4.37,0.63,INF,-1,0,7,0
14220,1,1,-47.237,6.622,-4.41,0.62,-4.41,0.62,INF,-1,0,7,0
14240,1,1,-36.432,8.258,-3.40,0.77,-3.40,0.77,INF,-1,0,7,0
14260,1,1,-35.130,9.083,-3.28,0.85,-3.28,0.85,INF,-1,0,7,0
14280,1,1,-34.313,8.530,-3.20,0.80,-3.20,0.80,INF,-1,0,7,0
14300,1,1,-35.528,8.250,-3.32,0.77,-3.32,0.77,INF,-1,1,7,0
14320,1,1,-34.838,9.022,-3.25,0.84,-3.25,0.84,INF,-1,1,7,0
14340,1,1,-35.551,7.359,-3.32,0.69,-3.32,0.69,INF,-1,1,7,0
14360,1,1,-36.994,9.801,-3.45,0.91,-3.45,0.92,INF,-1,1,7,0
14380,1,1,-36.263,8.977,-3.39,0.84,-3.39,0.84,INF,-1,1,7,0
14400,1,1,-34.795,9.117,-3.25,0.85,-3.25,0.85,INF,-1,1,7,0
14420,1,1,-34.452,8.851,-3.22,0.83,-3.22,0.83,INF,-1,1,7,0
14440,1,1,-47.525,8.779,-4.43,0.82,-4.43,0.82,INF,-1,1,7,0
14460,1,1,9.675,-2.910,0.90,-0.27,0.90,-0.27,INF,-1,1,7,0
14480,1,1,11.550,-3.087,1.08,-0.29,1.08,-0.29,INF,-1,1,7,0
14500,1,1,10.879,-1.776,1.02,-0.17,1.02,-0.17,INF,-1,0,7,0
14520,1,1,9.939,-1.979,0.93,-0.18,0.93,-0.18,INF,-1,0,7,0
14540,1,1,11.180,-2.920,1.04,-0.27,1.04,-0.27,INF,-1,0,7,0
14560,1,1,11.871,0.062,1.11,0.01,1.11,0.01,INF,-1,0,7,0
14580,1,1,10.890,-0.508,1.02,-0.05,1.02,-0.05,INF,-1,0,7,0
14600,1,1,8.549,-1.402,0.80,-0.13,0.80,-0.13,INF,-1,0,7,0
14620,1,1,10.277,-0.979,0.96,-0.09,0.96,-0.09,INF,-1,0,7,0
14640,1,1,10.842,-0.718,1.01,-0.07,1.01,-0.07,INF,-1,0,7,0
14660,1,1,10.829,-2.022,1.01,-0.19,1.01,-0.19,INF,-1,0,7,0
14680,1,1,11.151,-3.286,1.04,-0.31,1.04,-0.31,INF,-1,0,7,0
14700,1,1,11.481,-2.202,1.07,-0.21,1.07,-0.21,INF,-1,0,7,0
14720,1,1,10.498,-4.183,0.98,-0.39,0.98,-0.39,INF,-1,0,7,0
14740,1,1,9.061,-1.766,0.85,-0.17,0.85,-0.17,INF,-1,1,7,0
14760,1,1,10.044,-0.518,0.94,-0.05,0.94,-0.05,INF,-1,1,7,0
14780,1,1,10.405,-2.623,0.97,-0.25,0.97,-0.25,INF,-1,1,7,0
14800,1,1,11.091,-0.938,1.04,-0.09,1.04,-0.09,INF,-1,1,7,0
14820,1,1,10.142,-0.585,0.95,-0.05,0.95,-0.05,INF,-1,1,7,0
14840,1,1,9.177,-1.289,0.86,-0.12,0.86,-0.12,INF,-1,1,7,0
14860,1,1,9.507,-1.531,0.89,-0.14,0.89,-0.14,INF,-1,1,7,0
14880,1,1,8.985,-0.591,0.84,-0.06,0.84,-0.06,INF,-1,1,7,0
14900,1,1,9.545,-0.803,0.89,-0.08,0.89,-0.08,INF,-1,1,7,0
14920,1,1,7.648,-0.874,0.71,-0.08,0.71,-0.08,INF,-1,1,7,0
14940,1,1,7.903,0.153,0.74,0.01,0.74,0.01,INF,-1,1,7,0
14960,1,1,6.873,-0.554,0.64,-0.05,0.64,-0.05,INF,-1,1,7,0
14980,1,1,7.322,1.076,0.68,0.10,0.68,0.10,INF,-1,1,7,0
