"EyeTracker Toolbox version","3.250"
CalibrationParameters_A11,1.10777
CalibrationParameters_A12,0.08780
CalibrationParameters_A13,0.03580
CalibrationParameters_A21,0.09712
CalibrationParameters_A22,-1.10179
CalibrationParameters_A23,0.03662
CalibrationParameters_A31,0.00065
CalibrationParameters_A32,-0.00757
CalibrationParameters_E11,-0.18005
CalibrationParameters_E12,0.00027
CalibrationParameters_E21,-0.00007
CalibrationParameters_E22,0.19951
CalibrationParameters_X,-12.66204
CalibrationParameters_Y,-45.02526
CalibrationParameters_Rpc,62.64961
CalibrationParameters_MeanX,133.80539
CalibrationParameters_MeanY,166.87501
CalibrationParameters_ViewDist,613.00000
TimeStamp,Tracked,Calibrated,ScreenPositionXmm,ScreenPositionYmm,FicksLongitude,FicksLatitude,HelmholtzAzimuth,HelmholtzElevation,PupilDiameter,Region,Fixation,DigitalIO,Dropped
0,1,1,-14.003,10.433,-1.31,0.97,-1.31,0.98,INF,-1,0,7,0
20,1,1,-14.993,10.252,-1.40,0.96,-1.40,0.96,INF,-1,0,7,0
40,1,1,-13.019,11.100,-1.22,1.04,-1.22,1.04,INF,-1,0,7,0
60,1,1,-13.374,10.533,-1.25,0.98,-1.25,0.98,INF,-1,0,7,0
80,1,1,-14.689,10.636,-1.37,0.99,-1.37,0.99,INF,-1,0,7,0
100,1,1,-14.770,13.357,-1.38,1.25,-1.38,1.25,INF,-1,0,7,0
120,1,1,-13.227,9.650,-1.24,0.90,-1.24,0.90,INF,-1,0,7,0
140,1,1,-13.393,10.003,-1.25,0.93,-1.25,0.93,INF,-1,0,7,0
160,1,1,-14.679,11.588,-1.37,1.08,-1.37,1.08,INF,-1,0,7,0
180,1,1,-13.577,13.134,-1.27,1.23,-1.27,1.23,INF,-1,0,7,0
200,1,1,-14.285,11.000,-1.33,1.03,-1.33,1.03,INF,-1,0,7,0
220,1,1,-14.596,11.143,-1.36,1.04,-1.36,1.04,INF,-1,0,7,0
240,1,1,-14.995,9.693,-1.40,0.91,-1.40,0.91,INF,-1,0,7,0
260,1,1,-13.438,9.931,-1.26,0.93,-1.26,0.93,INF,-1,0,7,0
280,1,1,21.857,-13.527,2.04,-1.26,2.04,-1.26,INF,-1,1,7,0
300,1,1,29.556,-18.678,2.76,-1.74,2.76,-1.75,INF,-1,1,7,0
320,1,1,29.813,-20.434,2.78,-1.91,2.78,-1.91,INF,-1,0,7,0
340,1,1,28.047,-18.716,2.62,-1.75,2.62,-1.75,INF,-1,0,7,0
360,1,1,28.646,-19.901,2.68,-1.86,2.67,-1.86,INF,-1,0,7,0
380,1,1,25.622,-18.786,2.39,-1.75,2.39,-1.76,INF,-1,0,7,0
400,1,1,26.581,-17.972,2.48,-1.68,2.48,-1.68,INF,-1,0,7,0
420,1,1,29.286,-18.443,2.74,-1.72,2.73,-1.72,INF,-1,0,7,0
440,1,1,29.369,-18.685,2.74,-1.74,2.74,-1.75,INF,-1,0,7,0
460,1,1,30.076,-20.180,2.81,-1.88,2.81,-1.89,INF,-1,0,7,0
480,1,1,28.363,-22.250,2.65,-2.08,2.65,-2.08,INF,-1,0,7,0
500,0,1,0.000,0.000,0.00,0.00,0.00,0.00,0.00,-1,0,7,0
520,0,1,0.000,0.000,0.00,0.00,0.00,0.00,0.00,-1,0,7,0
540,0,1,0.000,0.000,0.00,0.00,0.00,0.00,0.00,-1,0,7,0
560,0,1,0.000,0.000,0.00,0.00,0.00,0.00,0.00,-1,1,7,0
580,0,1,0.000,0.000,0.00,0.00,0.00,0.00,0.00,-1,0,7,0
600,0,1,0.000,0.000,0.00,0.00,0.00,0.00,0.00,-1,0,7,0
620,0,1,0.000,0.000,0.00,0.00,0.00,0.00,0.00,-1,0,7,0
640,0,1,0.000,0.000,0.00,0.00,0.00,0.00,0.00,-1,0,7,0
660,0,1,0.000,0.000,0.00,0.00,0.00,0.00,0.00,-1,0,7,0
680,0,1,0.000,0.000,0.00,0.00,0.00,0.00,0.00,-1,0,7,0
700,1,1,-12.915,25.591,-1.21,2.39,-1.21,2.39,INF,-1,0,7,0
720,1,1,-14.156,31.069,-1.32,2.90,-1.32,2.90,INF,-1,0,7,0
740,1,1,-15.513,31.109,-1.45,2.90,-1.45,2.91,INF,-1,0,7,0
760,1,1,-13.385,33.195,-1.25,3.10,-1.25,3.10,INF,-1,0,7,0
780,1,1,-13.129,32.829,-1.23,3.06,-1.23,3.07,INF,-1,0,7,0
800,1,1,-14.072,31.283,-1.32,2.92,-1.31,2.92,INF,-1,0,7,0
820,1,1,-15.860,32.884,-1.48,3.07,-1.48,3.07,INF,-1,0,7,0
840,1,1,-14.067,30.745,-1.31,2.87,-1.31,2.87,INF,-1,0,7,0
860,1,1,-16.115,30.418,-1.51,2.84,-1.50,2.84,INF,-1,0,7,0
880,1,1,-13.263,31.272,-1.24,2.92,-1.24,2.92,INF,-1,0,7,0
900,1,1,-17.242,27.777,-1.61,2.59,-1.61,2.59,INF,-1,0,7,0
920,1,1,-26.504,20.013,-2.48,1.87,-2.47,1.87,INF,-1,0,7,0
940,1,1,-45.533,7.642,-4.25,0.71,-4.25,0.71,INF,-1,0,7,0
960,1,1,-45.376,7.140,-4.23,0.67,-4.23,0.67,INF,-1,0,7,0
980,1,1,-44.167,9.240,-4.12,0.86,-4.12,0.86,INF,-1,0,7,0
1000,1,1,-44.027,8.165,-4.11,0.76,-4.11,0.76,INF,-1,0,7,0
1020,1,1,-45.437,9.617,-4.24,0.90,-4.24,0.90,INF,-1,0,7,0
1040,1,1,-46.413,7.978,-4.33,0.74,-4.33,0.75,INF,-1,0,7,0
1060,1,1,-45.692,7.444,-4.26,0.69,-4.26,0.70,INF,-1,0,7,0
1080,1,1,-45.595,7.236,-4.25,0.67,-4.25,0.68,INF,-1,0,7,0
1100,1,1,-43.703,10.381,-4.08,0.97,-4.08,0.97,INF,-1,0,7,0
1120,1,1,-44.004,9.718,-4.11,0.91,-4.11,0.91,INF,-1,0,7,0
1140,1,1,-43.737,8.176,-4.08,0.76,-4.08,0.76,INF,-1,1,7,0
1160,1,1,-43.793,29.184,-4.09,2.72,-4.08,2.73,INF,-1,1,7,0
1180,1,1,-42.218,38.004,-3.94,3.54,-3.93,3.55,INF,-1,1,7,0
1200,1,1,-42.975,38.222,-4.01,3.56,-4.00,3.57,INF,-1,0,7,0
1220,1,1,-40.063,34.552,-3.74,3.22,-3.73,3.23,INF,-1,0,7,0
1240,1,1,-42.693,35.885,-3.98,3.34,-3.98,3.35,INF,-1,0,7,0
1260,1,1,-43.064,36.227,-4.02,3.37,-4.01,3.38,INF,-1,0,7,0
1280,1,1,-40.742,34.692,-3.80,3.23,-3.80,3.24,INF,-1,0,7,0
1300,1,1,-40.865,35.531,-3.81,3.31,-3.81,3.32,INF,-1,0,7,0
1320,1,1,-38.124,37.526,-3.56,3.50,-3.55,3.50,INF,-1,0,7,0
1340,1,1,-39.887,37.448,-3.72,3.49,-3.72,3.50,INF,-1,0,7,0
1360,1,1,-40.102,37.169,-3.74,3.46,-3.74,3.47,INF,-1,0,7,0
1380,1,1,-41.386,36.023,-3.86,3.36,-3.86,3.36,INF,-1,0,7,0
1400,1,1,-38.944,34.666,-3.64,3.23,-3.63,3.24,INF,-1,0,7,0
1420,1,1,-40.612,34.841,-3.79,3.25,-3.78,3.25,INF,-1,0,7,0
1440,1,1,-41.813,36.219,-3.90,3.37,-3.90,3.38,INF,-1,1,7,0
1460,1,1,-41.883,34.086,-3.91,3.18,-3.90,3.18,INF,-1,1,7,0
1480,1,1,-43.495,34.484,-4.06,3.21,-4.05,3.22,INF,-1,1,7,0
1500,1,1,-41.486,33.822,-3.87,3.15,-3.87,3.16,INF,-1,1,7,0
1520,1,1,-42.767,33.982,-3.99,3.17,-3.98,3.17,INF,-1,1,7,0
1540,1,1,-41.009,32.476,-3.83,3.03,-3.82,3.03,INF,-1,1,7,0
1560,1,1,-40.786,35.355,-3.81,3.29,-3.80,3.30,INF,-1,1,7,0
1580,1,1,-40.969,33.170,-3.82,3.09,-3.82,3.10,INF,-1,1,7,0
1600,1,1,-41.044,30.940,-3.83,2.88,-3.83,2.89,INF,-1,1,7,0
1620,1,1,-41.953,32.253,-3.92,3.00,-3.91,3.01,INF,-1,1,7,0
1640,1,1,-44.385,34.277,-4.14,3.19,-4.13,3.20,INF,-1,1,7,0
1660,1,1,-42.747,31.898,-3.99,2.97,-3.98,2.98,INF,-1,1,7,0
1680,1,1,-42.375,33.230,-3.95,3.10,-3.95,3.10,INF,-1,1,7,0
1700,1,1,-41.170,33.715,-3.84,3.14,-3.84,3.15,INF,-1,1,7,0
1720,1,1,-40.745,32.243,-3.80,3.00,-3.80,3.01,INF,-1,1,7,0
1740,1,1,-40.754,32.315,-3.80,3.01,-3.80,3.02,INF,-1,1,7,0
1760,1,1,-42.483,32.010,-3.96,2.98,-3.96,2.99,INF,-1,1,7,0
1780,1,1,-44.084,33.769,-4.11,3.15,-4.11,3.15,INF,-1,1,7,0
1800,1,1,7.269,3.939,0.68,0.37,0.68,0.37,INF,-1,1,7,0
1820,1,1,-1.546,9.597,-0.14,0.90,-0.14,0.90,INF,-1,1,7,0
1840,1,1,-0.377,9.380,-0.04,0.88,-0.04,0.88,INF,-1,0,7,0
1860,1,1,-0.684,6.821,-0.06,0.64,-0.06,0.64,INF,-1,0,7,0
1880,1,1,0.094,8.298,0.01,0.78,0.01,0.78,INF,-1,0,7,0
1900,1,1,-1.015,6.052,-0.09,0.57,-0.09,0.57,INF,-1,0,7,0
1920,1,1,-0.751,7.177,-0.07,0.67,-0.07,0.67,INF,-1,0,7,0
1940,1,1,0.090,7.131,0.01,0.67,0.01,0.67,INF,-1,0,7,0
1960,1,1,-2.026,6.631,-0.19,0.62,-0.19,0.62,INF,-1,0,7,0
1980,1,1,27.853,10.300,2.60,0.96,2.60,0.96,INF,-1,0,7,0
2000,1,1,26.558,13.672,2.48,1.28,2.48,1.28,INF,-1,0,7,0
2020,1,1,25.216,12.224,2.36,1.14,2.36,1.14,INF,-1,0,7,0
2040,1,1,25.631,15.013,2.39,1.40,2.39,1.40,INF,-1,0,7,0
2060,1,1,28.661,12.810,2.68,1.20,2.68,1.20,INF,-1,0,7,0
2080,1,1,27.061,13.280,2.53,1.24,2.53,1.24,INF,-1,0,7,0
2100,1,1,27.855,14.159,2.60,1.32,2.60,1.32,INF,-1,0,7,0
2120,1,1,27.102,9.773,2.53,0.91,2.53,0.91,INF,-1,0,7,0
2140,1,1,25.827,13.993,2.41,1.31,2.41,1.31,INF,-1,0,7,0
2160,1,1,26.696,12.950,2.49,1.21,2.49,1.21,INF,-1,0,7,0
2180,1,1,28.912,13.417,2.70,1.25,2.70,1.25,INF,-1,0,7,0
2200,1,1,27.696,12.912,2.59,1.21,2.59,1.21,INF,-1,0,7,0
2220,1,1,26.891,13.004,2.51,1.21,2.51,1.22,INF,-1,0,7,0
2240,1,1,25.918,12.335,2.42,1.15,2.42,1.15,INF,-1,0,7,0
2260,1,1,28.114,10.812,2.63,1.01,2.63,1.01,INF,-1,1,7,0
2280,1,1,27.768,10.722,2.59,1.00,2.59,1.00,INF,-1,1,7,0
2300,1,1,24.578,11.023,2.30,1.03,2.30,1.03,INF,-1,1,7,0
2320,1,1,24.244,10.465,2.26,0.98,2.26,0.98,INF,-1,1,7,0
2340,1,1,25.601,9.627,2.39,0.90,2.39,0.90,INF,-1,1,7,0
2360,1,1,26.080,9.963,2.44,0.93,2.44,0.93,INF,-1,1,7,0
2380,1,1,42.151,12.030,3.93,1.12,3.93,1.12,INF,-1,1,7,0
2400,1,1,43.497,13.119,4.06,1.22,4.06,1.23,INF,-1,1,7,0
2420,1,1,44.363,13.015,4.14,1.21,4.14,1.22,INF,-1,0,7,0
2440,1,1,41.825,12.531,3.90,1.17,3.90,1.17,INF,-1,0,7,0
2460,1,1,43.270,10.315,4.04,0.96,4.04,0.96,INF,-1,0,7,0
2480,1,1,42.813,12.533,4.00,1.17,3.99,1.17,INF,-1,0,7,0
2500,1,1,42.714,13.628,3.99,1.27,3.99,1.27,INF,-1,0,7,0
2520,1,1,42.740,13.266,3.99,1.24,3.99,1.24,INF,-1,0,7,0
2540,1,1,45.651,13.194,4.26,1.23,4.26,1.23,INF,-1,0,7,0
2560,1,1,44.089,12.051,4.11,1.12,4.11,1.13,INF,-1,0,7,0
2580,1,1,44.440,12.263,4.15,1.14,4.15,1.15,INF,-1,0,7,0
2600,1,1,45.159,12.313,4.21,1.15,4.21,1.15,INF,-1,0,7,0
2620,1,1,43.236,13.185,4.03,1.23,4.03,1.23,INF,-1,0,7,0
2640,1,1,43.993,13.486,4.10,1.26,4.10,1.26,INF,-1,0,7,0
2660,1,1,44.808,11.171,4.18,1.04,4.18,1.04,INF,-1,1,7,0
2680,1,1,44.190,10.805,4.12,1.01,4.12,1.01,INF,-1,1,7,0
2700,1,1,27.672,0.050,2.58,0.00,2.58,0.00,INF,-1,1,7,0
2720,1,1,26.043,-1.694,2.43,-0.16,2.43,-0.16,INF,-1,1,7,0
2740,1,1,26.710,-1.252,2.49,-0.12,2.49,-0.12,INF,-1,0,7,0
2760,1,1,27.771,0.296,2.59,0.03,2.59,0.03,INF,-1,0,7,0
2780,1,1,28.053,-0.603,2.62,-0.06,2.62,-0.06,INF,-1,0,7,0
2800,1,1,28.679,-0.027,2.68,0.00,2.68,0.00,INF,-1,0,7,0
2820,1,1,27.397,0.943,2.56,0.09,2.56,0.09,INF,-1,0,7,0
2840,1,1,29.212,-0.418,2.73,-0.04,2.73,-0.04,INF,-1,0,7,0
2860,1,1,27.964,-0.040,2.61,0.00,2.61,0.00,INF,-1,0,7,0
2880,1,1,27.698,2.122,2.59,0.20,2.59,0.20,INF,-1,0,7,0
2900,1,1,24.301,-0.268,2.27,-0.03,2.27,-0.03,INF,-1,0,7,0
2920,1,1,27.359,0.403,2.56,0.04,2.56,0.04,INF,-1,0,7,0
2940,1,1,27.912,-0.486,2.61,-0.05,2.61,-0.05,INF,-1,0,7,0
2960,1,1,25.369,-3.011,2.37,-0.28,2.37,-0.28,INF,-1,0,7,0
2980,1,1,18.441,-12.293,1.72,-1.15,1.72,-1.15,INF,-1,1,7,0
3000,1,1,18.457,-11.446,1.72,-1.07,1.72,-1.07,INF,-1,1,7,0
3020,1,1,18.871,-11.413,1.76,-1.07,1.76,-1.07,INF,-1,0,7,0
3040,1,1,16.123,-11.601,1.51,-1.08,1.51,-1.08,INF,-1,0,7,0
3060,1,1,15.579,-10.664,1.46,-1.00,1.46,-1.00,INF,-1,0,7,0
3080,1,1,17.613,-10.285,1.65,-0.96,1.65,-0.96,INF,-1,0,7,0
3100,1,1,16.074,-10.983,1.50,-1.03,1.50,-1.03,INF,-1,0,7,0
3120,1,1,14.759,-12.541,1.38,-1.17,1.38,-1.17,INF,-1,0,7,0
3140,1,1,14.617,-11.064,1.37,-1.03,1.37,-1.03,INF,-1,0,7,0
3160,1,1,18.673,-11.534,1.74,-1.08,1.74,-1.08,INF,-1,0,7,0
3180,1,1,18.849,-13.518,1.76,-1.26,1.76,-1.26,INF,-1,0,7,0
3200,1,1,17.926,-12.040,1.67,-1.12,1.67,-1.13,INF,-1,0,7,0
3220,1,1,18.143,-13.371,1.70,-1.25,1.69,-1.25,INF,-1,0,7,0
3240,1,1,25.342,-16.261,2.37,-1.52,2.37,-1.52,INF,-1,0,7,0
3260,1,1,54.483,-2.000,5.08,-0.19,5.08,-0.19,INF,-1,1,7,0
3280,1,1,54.879,-0.527,5.12,-0.05,5.12,-0.05,INF,-1,1,7,0
3300,1,1,56.334,-0.795,5.25,-0.07,5.25,-0.07,INF,-1,0,7,0
3320,1,1,56.162,-0.527,5.23,-0.05,5.23,-0.05,INF,-1,0,7,0
3340,1,1,54.452,0.380,5.08,0.04,5.08,0.04,INF,-1,0,7,0
3360,1,1,54.369,-2.932,5.07,-0.27,5.07,-0.27,INF,-1,0,7,0
3380,1,1,55.201,-2.272,5.15,-0.21,5.15,-0.21,INF,-1,0,7,0
3400,1,1,55.247,-2.076,5.15,-0.19,5.15,-0.19,INF,-1,0,7,0
3420,1,1,53.955,9.115,5.03,0.85,5.03,0.85,INF,-1,0,7,0
3440,1,1,49.483,22.480,4.62,2.09,4.61,2.10,INF,-1,0,7,0
3460,1,1,48.278,24.022,4.50,2.24,4.50,2.24,INF,-1,0,7,0
3480,1,1,46.623,24.136,4.35,2.25,4.35,2.25,INF,-1,0,7,0
3500,1,1,47.992,24.653,4.48,2.30,4.47,2.30,INF,-1,0,7,0
3520,1,1,47.488,23.743,4.43,2.21,4.43,2.22,INF,-1,0,7,0
3540,1,1,50.214,23.459,4.68,2.18,4.68,2.19,INF,-1,0,7,0
3560,1,1,48.533,20.494,4.53,1.91,4.52,1.91,INF,-1,0,7,0
3580,1,1,48.212,22.373,4.50,2.08,4.49,2.09,INF,-1,0,7,0
3600,1,1,49.332,21.765,4.60,2.03,4.60,2.03,INF,-1,0,7,0
3620,1,1,47.576,22.402,4.44,2.09,4.43,2.09,INF,-1,0,7,0
3640,1,1,48.828,21.359,4.55,1.99,4.55,2.00,INF,-1,0,7,0
3660,1,1,47.735,25.059,4.45,2.33,4.45,2.34,INF,-1,0,7,0
3680,1,1,50.332,24.486,4.69,2.28,4.69,2.29,INF,-1,0,7,0
3700,1,1,18.245,24.062,1.70,2.25,1.70,2.25,INF,-1,1,7,0
3720,1,1,-2.018,27.414,-0.19,2.56,-0.19,2.56,INF,-1,1,7,0
3740,1,1,-2.987,25.906,-0.28,2.42,-0.28,2.42,INF,-1,0,7,0
3760,1,1,-1.858,22.978,-0.17,2.15,-0.17,2.15,INF,-1,0,7,0
3780,1,1,1.865,25.920,0.17,2.42,0.17,2.42,INF,-1,0,7,0
3800,1,1,-0.062,23.482,-0.01,2.19,-0.01,2.19,INF,-1,0,7,0
3820,1,1,-0.917,26.197,-0.09,2.45,-0.09,2.45,INF,-1,0,7,0
3840,1,1,-0.113,25.360,-0.01,2.37,-0.01,2.37,INF,-1,0,7,0
3860,1,1,-1.374,26.191,-0.13,2.45,-0.13,2.45,INF,-1,0,7,0
3880,1,1,0.506,27.489,0.05,2.57,0.05,2.57,INF,-1,0,7,0
3900,1,1,1.199,25.512,0.11,2.38,0.11,2.38,INF,-1,0,7,0
3920,1,1,-0.002,24.086,0.00,2.25,0.00,2.25,INF,-1,0,7,0
3940,1,1,0.175,25.063,0.02,2.34,0.02,2.34,INF,-1,0,7,0
3960,1,1,-0.008,25.946,0.00,2.42,0.00,2.42,INF,-1,0,7,0
3980,1,1,-0.935,26.131,-0.09,2.44,-0.09,2.44,INF,-1,0,7,0
4000,1,1,-2.206,23.558,-0.21,2.20,-0.21,2.20,INF,-1,1,7,0
4020,1,1,1.597,24.468,0.15,2.29,0.15,2.29,INF,-1,1,7,0
4040,1,1,1.853,24.741,0.17,2.31,0.17,2.31,INF,-1,1,7,0
4060,1,1,-1.408,25.471,-0.13,2.38,-0.13,2.38,INF,-1,1,7,0
4080,1,1,1.006,25.511,0.09,2.38,0.09,2.38,INF,-1,1,7,0
4100,1,1,1.191,23.105,0.11,2.16,0.11,2.16,INF,-1,1,7,0
4120,1,1,8.611,20.446,0.80,1.91,0.80,1.91,INF,-1,1,7,0
4140,1,1,26.009,8.578,2.43,0.80,2.43,0.80,INF,-1,1,7,0
4160,1,1,24.147,12.183,2.26,1.14,2.26,1.14,INF,-1,0,7,0
4180,1,1,23.043,11.754,2.15,1.10,2.15,1.10,INF,-1,0,7,0
4200,1,1,22.621,12.552,2.11,1.17,2.11,1.17,INF,-1,0,7,0
4220,1,1,23.289,12.356,2.18,1.15,2.18,1.15,INF,-1,0,7,0
4240,1,1,23.502,12.591,2.20,1.18,2.20,1.18,INF,-1,0,7,0
4260,1,1,24.848,10.752,2.32,1.00,2.32,1.00,INF,-1,0,7,0
4280,1,1,23.312,11.842,2.18,1.11,2.18,1.11,INF,-1,0,7,0
4300,1,1,24.837,10.399,2.32,0.97,2.32,0.97,INF,-1,0,7,0
4320,1,1,23.339,11.757,2.18,1.10,2.18,1.10,INF,-1,0,7,0
4340,1,1,24.127,12.535,2.25,1.17,2.25,1.17,INF,-1,0,7,0
4360,1,1,22.350,10.146,2.09,0.95,2.09,0.95,INF,-1,0,7,0
4380,1,1,24.284,14.078,2.27,1.31,2.27,1.32,INF,-1,0,7,0
4400,1,1,22.850,11.362,2.13,1.06,2.13,1.06,INF,-1,0,7,0
4420,1,1,23.642,7.586,2.21,0.71,2.21,0.71,INF,-1,1,7,0
4440,1,1,25.238,9.587,2.36,0.90,2.36,0.90,INF,-1,1,7,0
4460,1,1,22.463,11.573,2.10,1.08,2.10,1.08,INF,-1,1,7,0
4480,1,1,40.803,2.814,3.81,0.26,3.81,0.26,INF,-1,1,7,0
4500,1,1,38.548,0.099,3.60,0.01,3.60,0.01,INF,-1,1,7,0
4520,1,1,38.402,1.911,3.58,0.18,3.58,0.18,INF,-1,0,7,0
4540,1,1,40.969,-0.216,3.82,-0.02,3.82,-0.02,INF,-1,0,7,0
4560,1,1,40.645,-1.292,3.79,-0.12,3.79,-0.12,INF,-1,0,7,0
4580,1,1,40.613,-0.158,3.79,-0.01,3.79,-0.01,INF,-1,0,7,0
4600,1,1,40.662,-0.250,3.80,-0.02,3.80,-0.02,INF,-1,0,7,0
4620,1,1,38.972,-1.567,3.64,-0.15,3.64,-0.15,INF,-1,0,7,0
4640,1,1,39.208,0.927,3.66,0.09,3.66,0.09,INF,-1,0,7,0
4660,0,1,0.000,0.000,0.00,0.00,0.00,0.00,0.00,-1,0,7,0
4680,1,1,39.711,-0.522,3.71,-0.05,3.71,-0.05,INF,-1,0,7,0
4700,1,1,40.464,0.490,3.78,0.05,3.78,0.05,INF,-1,0,7,0
4720,1,1,39.661,-0.331,3.70,-0.03,3.70,-0.03,INF,-1,0,7,0
4740,1,1,38.247,0.675,3.57,0.06,3.57,0.06,INF,-1,0,7,0
4760,1,1,40.664,-0.290,3.80,-0.03,3.80,-0.03,INF,-1,1,7,0
4780,1,1,40.050,-0.071,3.74,-0.01,3.74,-0.01,INF,-1,1,7,0
4800,1,1,39.071,2.095,3.65,0.20,3.65,0.20,INF,-1,1,7,0
4820,1,1,38.394,0.760,3.58,0.07,3.58,0.07,INF,-1,1,7,0
4840,1,1,39.890,1.455,3.72,0.14,3.72,0.14,INF,-1,1,7,0
4860,1,1,36.092,-1.713,3.37,-0.16,3.37,-0.16,INF,-1,1,7,0
4880,1,1,24.714,-13.546,2.31,-1.26,2.31,-1.27,INF,-1,1,7,0
4900,1,1,22.105,-14.921,2.07,-1.39,2.06,-1.39,INF,-1,1,7,0
4920,1,1,21.403,-12.788,2.00,-1.19,2.00,-1.20,INF,-1,0,7,0
4940,1,1,21.107,-15.587,1.97,-1.46,1.97,-1.46,INF,-1,0,7,0
4960,1,1,20.616,-16.216,1.93,-1.51,1.93,-1.52,INF,-1,0,7,0
4980,1,1,20.062,-17.025,1.87,-1.59,1.87,-1.59,INF,-1,0,7,0
5000,1,1,22.619,-16.485,2.11,-1.54,2.11,-1.54,INF,-1,0,7,0
5020,1,1,21.408,-14.477,2.00,-1.35,2.00,-1.35,INF,-1,0,7,0
5040,1,1,22.015,-13.648,2.06,-1.27,2.06,-1.28,INF,-1,0,7,0
5060,1,1,21.449,-16.576,2.00,-1.55,2.00,-1.55,INF,-1,0,7,0
5080,1,1,19.639,-13.686,1.83,-1.28,1.83,-1.28,INF,-1,0,7,0
5100,1,1,21.106,-14.475,1.97,-1.35,1.97,-1.35,INF,-1,0,7,0
5120,1,1,22.191,-14.659,2.07,-1.37,2.07,-1.37,INF,-1,0,7,0
5140,1,1,19.734,-15.769,1.84,-1.47,1.84,-1.47,INF,-1,0,7,0
5160,1,1,21.563,-15.847,2.01,-1.48,2.01,-1.48,INF,-1,1,7,0
5180,1,1,21.303,-16.093,1.99,-1.50,1.99,-1.50,INF,-1,1,7,0
5200,1,1,22.821,-17.686,2.13,-1.65,2.13,-1.65,INF,-1,1,7,0
5220,1,1,55.499,-25.060,5.17,-2.33,5.17,-2.34,INF,-1,1,7,0
5240,1,1,53.371,-26.252,4.98,-2.44,4.97,-2.45,INF,-1,1,7,0
5260,1,1,56.188,-26.907,5.24,-2.50,5.23,-2.51,INF,-1,0,7,0
5280,1,1,55.596,-27.337,5.18,-2.54,5.18,-2.55,INF,-1,0,7,0
5300,1,1,54.355,-26.135,5.07,-2.43,5.06,-2.44,INF,-1,0,7,0
5320,1,1,53.959,-26.813,5.03,-2.49,5.03,-2.50,INF,-1,0,7,0
5340,1,1,53.456,-27.267,4.98,-2.54,4.98,-2.55,INF,-1,0,7,0
5360,1,1,55.268,-30.430,5.15,-2.83,5.15,-2.84,INF,-1,0,7,0
5380,1,1,55.418,-29.138,5.17,-2.71,5.16,-2.72,INF,-1,0,7,0
5400,1,1,54.205,-28.561,5.05,-2.66,5.05,-2.67,INF,-1,0,7,0
5420,1,1,55.742,-29.225,5.20,-2.72,5.19,-2.73,INF,-1,0,7,0
5440,1,1,56.076,-28.328,5.23,-2.63,5.22,-2.65,INF,-1,0,7,0
5460,1,1,56.368,-27.503,5.25,-2.56,5.25,-2.57,INF,-1,0,7,0
5480,1,1,56.311,-26.944,5.25,-2.51,5.24,-2.52,INF,-1,0,7,0
5500,1,1,55.547,-28.133,5.18,-2.62,5.17,-2.63,INF,-1,1,7,0
5520,1,1,58.519,-28.939,5.45,-2.69,5.45,-2.70,INF,-1,1,7,0
5540,1,1,39.941,-35.688,3.73,-3.32,3.72,-3.33,INF,-1,1,7,0
5560,1,1,37.706,-34.973,3.52,-3.26,3.51,-3.27,INF,-1,1,7,0
5580,1,1,39.043,-36.694,3.64,-3.42,3.64,-3.43,INF,-1,0,7,0
5600,1,1,39.834,-35.480,3.72,-3.31,3.71,-3.31,INF,-1,0,7,0
5620,1,1,39.849,-35.968,3.72,-3.35,3.71,-3.36,INF,-1,0,7,0
5640,1,1,36.942,-34.221,3.45,-3.19,3.44,-3.20,INF,-1,0,7,0
5660,1,1,38.510,-35.333,3.59,-3.29,3.59,-3.30,INF,-1,0,7,0
5680,1,1,39.993,-34.418,3.73,-3.21,3.73,-3.21,INF,-1,0,7,0
5700,1,1,40.208,-35.021,3.75,-3.26,3.75,-3.27,INF,-1,0,7,0
5720,1,1,39.431,-37.455,3.68,-3.49,3.67,-3.50,INF,-1,0,7,0
5740,1,1,38.312,-35.424,3.58,-3.30,3.57,-3.31,INF,-1,0,7,0
5760,1,1,40.366,-35.173,3.77,-3.28,3.76,-3.28,INF,-1,0,7,0
5780,1,1,42.913,-37.216,4.00,-3.47,4.00,-3.47,INF,-1,0,7,0
5800,1,1,-5.906,-35.620,-0.55,-3.33,-0.55,-3.33,INF,-1,0,7,0
5820,1,1,-22.358,-30.819,-2.09,-2.88,-2.09,-2.88,INF,-1,0,7,0
5840,1,1,-21.421,-34.897,-2.00,-3.26,-2.00,-3.26,INF,-1,0,7,0
5860,1,1,-21.709,-30.596,-2.03,-2.86,-2.03,-2.86,INF,-1,0,7,0
5880,1,1,-20.851,-31.611,-1.95,-2.95,-1.95,-2.95,INF,-1,0,7,0
5900,1,1,-22.665,-31.451,-2.12,-2.94,-2.11,-2.94,INF,-1,0,7,0
5920,1,1,-20.648,-32.549,-1.93,-3.04,-1.93,-3.04,INF,-1,0,7,0
5940,1,1,-20.256,-31.819,-1.89,-2.97,-1.89,-2.97,INF,-1,0,7,0
5960,1,1,-20.228,-28.935,-1.89,-2.70,-1.89,-2.70,INF,-1,0,7,0
5980,1,1,-21.121,-32.515,-1.97,-3.03,-1.97,-3.04,INF,-1,0,7,0
6000,1,1,-19.931,-32.484,-1.86,-3.03,-1.86,-3.03,INF,-1,0,7,0
6020,1,1,-30.065,-24.434,-2.81,-2.28,-2.81,-2.28,INF,-1,0,7,0
6040,1,1,-36.813,-17.668,-3.44,-1.65,-3.44,-1.65,INF,-1,1,7,0
6060,1,1,-34.605,-19.115,-3.23,-1.78,-3.23,-1.79,INF,-1,0,7,0
6080,1,1,-34.929,-17.722,-3.26,-1.65,-3.26,-1.66,INF,-1,0,7,0
6100,1,1,-34.219,-18.845,-3.20,-1.76,-3.19,-1.76,INF,-1,0,7,0
6120,1,1,-34.812,-16.036,-3.25,-1.50,-3.25,-1.50,INF,-1,0,7,0
6140,1,1,-34.576,-17.982,-3.23,-1.68,-3.23,-1.68,INF,-1,0,7,0
6160,1,1,-36.630,-17.159,-3.42,-1.60,-3.42,-1.60,INF,-1,0,7,0
6180,1,1,-33.498,-18.887,-3.13,-1.76,-3.13,-1.76,INF,-1,0,7,0
6200,1,1,-36.309,-14.900,-3.39,-1.39,-3.39,-1.39,INF,-1,0,7,0
6220,1,1,-34.000,-20.067,-3.17,-1.87,-3.17,-1.87,INF,-1,0,7,0
6240,1,1,-24.538,-4.857,-2.29,-0.45,-2.29,-0.45,INF,-1,0,7,0
6260,1,1,-13.943,30.414,-1.30,2.84,-1.30,2.84,INF,-1,0,7,0
6280,1,1,-11.047,34.167,-1.03,3.19,-1.03,3.19,INF,-1,0,7,0
6300,1,1,-9.358,32.170,-0.87,3.00,-0.87,3.00,INF,-1,0,7,0
6320,1,1,-13.191,32.366,-1.23,3.02,-1.23,3.02,INF,-1,0,7,0
6340,1,1,-11.779,33.997,-1.10,3.17,-1.10,3.17,INF,-1,0,7,0
6360,1,1,-14.672,31.323,-1.37,2.92,-1.37,2.93,INF,-1,0,7,0
6380,1,1,-13.043,32.740,-1.22,3.06,-1.22,3.06,INF,-1,0,7,0
6400,1,1,-13.476,30.879,-1.26,2.88,-1.26,2.88,INF,-1,0,7,0
6420,1,1,-12.173,31.318,-1.14,2.92,-1.14,2.92,INF,-1,0,7,0
6440,1,1,-14.034,36.067,-1.31,3.37,-1.31,3.37,INF,-1,0,7,0
6460,1,1,-11.243,32.103,-1.05,3.00,-1.05,3.00,INF,-1,0,7,0
6480,1,1,-11.668,32.161,-1.09,3.00,-1.09,3.00,INF,-1,0,7,0
6500,1,1,0.567,30.879,0.05,2.88,0.05,2.88,INF,-1,0,7,0
6520,1,1,18.707,37.974,1.75,3.54,1.74,3.54,INF,-1,1,7,0
6540,1,1,17.449,37.810,1.63,3.53,1.63,3.53,INF,-1,0,7,0
6560,1,1,19.557,37.420,1.83,3.49,1.82,3.49,INF,-1,0,7,0
6580,1,1,18.413,37.722,1.72,3.52,1.72,3.52,INF,-1,0,7,0
6600,1,1,18.924,37.969,1.77,3.54,1.76,3.54,INF,-1,0,7,0
6620,1,1,17.476,38.156,1.63,3.56,1.63,3.56,INF,-1,0,7,0
6640,1,1,18.333,37.857,1.71,3.53,1.71,3.53,INF,-1,0,7,0
6660,1,1,18.376,40.524,1.72,3.78,1.71,3.78,INF,-1,0,7,0
6680,1,1,19.359,37.380,1.81,3.49,1.81,3.49,INF,-1,0,7,0
6700,1,1,16.657,36.282,1.56,3.39,1.55,3.39,INF,-1,0,7,0
6720,1,1,18.801,39.143,1.76,3.65,1.75,3.65,INF,-1,0,7,0
6740,1,1,21.037,38.983,1.97,3.64,1.96,3.64,INF,-1,0,7,0
6760,1,1,18.316,35.886,1.71,3.35,1.71,3.35,INF,-1,0,7,0
6780,1,1,18.653,36.689,1.74,3.42,1.74,3.43,INF,-1,0,7,0
6800,1,1,19.355,36.148,1.81,3.37,1.81,3.37,INF,-1,1,7,0
6820,1,1,18.605,36.885,1.74,3.44,1.74,3.44,INF,-1,1,7,0
6840,1,1,17.746,37.770,1.66,3.52,1.66,3.53,INF,-1,1,7,0
6860,1,1,21.239,37.542,1.98,3.50,1.98,3.50,INF,-1,1,7,0
6880,1,1,17.423,37.923,1.63,3.54,1.62,3.54,INF,-1,1,7,0
6900,1,1,21.619,39.170,2.02,3.65,2.02,3.66,INF,-1,1,7,0
6920,0,1,0.000,0.000,0.00,0.00,0.00,0.00,0.00,-1,1,7,0
6940,0,1,0.000,0.000,0.00,0.00,0.00,0.00,0.00,-1,1,7,0
6960,1,1,-26.823,36.503,-2.51,3.40,-2.50,3.41,INF,-1,1,7,0
6980,1,1,-23.687,36.961,-2.21,3.45,-2.21,3.45,INF,-1,1,7,0
7000,1,1,-23.160,34.873,-2.16,3.25,-2.16,3.26,INF,-1,0,7,0
7020,1,1,-22.932,36.797,-2.14,3.43,-2.14,3.44,INF,-1,0,7,0
7040,1,1,-23.994,36.634,-2.24,3.42,-2.24,3.42,INF,-1,0,7,0
7060,1,1,-22.166,33.490,-2.07,3.13,-2.07,3.13,INF,-1,0,7,0
7080,0,1,0.000,0.000,0.00,0.00,0.00,0.00,0.00,-1,0,7,0
7100,0,1,0.000,0.000,0.00,0.00,0.00,0.00,0.00,-1,0,7,0
7120,1,1,-11.504,31.433,-1.08,2.93,-1.07,2.94,INF,-1,0,7,0
7140,1,1,-10.552,31.326,-0.99,2.92,-0.98,2.93,INF,-1,0,7,0
7160,1,1,-12.245,32.988,-1.14,3.08,-1.14,3.08,INF,-1,0,7,0
7180,1,1,-11.800,31.359,-1.10,2.93,-1.10,2.93,INF,-1,0,7,0
7200,1,1,-9.049,30.921,-0.85,2.89,-0.84,2.89,INF,-1,0,7,0
7220,1,1,-10.880,32.812,-1.02,3.06,-1.02,3.06,INF,-1,0,7,0
7240,1,1,-12.967,31.525,-1.21,2.94,-1.21,2.94,INF,-1,0,7,0
7260,1,1,-13.765,32.297,-1.29,3.02,-1.28,3.02,INF,-1,1,7,0
7280,1,1,-11.957,30.228,-1.12,2.82,-1.12,2.82,INF,-1,1,7,0
7300,1,1,-10.895,33.992,-1.02,3.17,-1.02,3.17,INF,-1,1,7,0
7320,1,1,-12.486,30.654,-1.17,2.86,-1.17,2.86,INF,-1,1,7,0
7340,1,1,-12.070,33.511,-1.13,3.13,-1.13,3.13,INF,-1,1,7,0
7360,1,1,-12.145,31.396,-1.13,2.93,-1.13,2.93,INF,-1,1,7,0
7380,1,1,-11.254,30.978,-1.05,2.89,-1.05,2.89,INF,-1,1,7,0
7400,1,1,-13.785,32.522,-1.29,3.04,-1.29,3.04,INF,-1,1,7,0
7420,1,1,-11.038,31.743,-1.03,2.96,-1.03,2.96,INF,-1,1,7,0
7440,1,1,-12.481,33.491,-1.17,3.13,-1.16,3.13,INF,-1,1,7,0
7460,1,1,-12.001,33.352,-1.12,3.11,-1.12,3.11,INF,-1,1,7,0
7480,1,1,9.893,31.333,0.92,2.93,0.92,2.93,INF,-1,1,7,0
7500,1,1,46.221,37.241,4.31,3.47,4.30,3.48,INF,-1,1,7,0
7520,1,1,44.984,39.121,4.20,3.64,4.19,3.65,INF,-1,0,7,0
7540,1,1,45.271,37.721,4.22,3.51,4.22,3.52,INF,-1,0,7,0
7560,1,1,46.924,37.900,4.38,3.53,4.37,3.54,INF,-1,0,7,0
7580,1,1,44.325,37.232,4.14,3.47,4.13,3.48,INF,-1,0,7,0
7600,1,1,46.104,38.112,4.30,3.55,4.29,3.56,INF,-1,0,7,0
7620,1,1,45.690,37.410,4.26,3.48,4.25,3.49,INF,-1,0,7,0
7640,1,1,43.519,36.661,4.06,3.41,4.05,3.42,INF,-1,0,7,0
7660,1,1,44.256,38.048,4.13,3.54,4.12,3.55,INF,-1,0,7,0
7680,1,1,46.431,38.404,4.33,3.57,4.32,3.58,INF,-1,0,7,0
7700,1,1,43.712,38.167,4.08,3.55,4.07,3.56,INF,-1,0,7,0
7720,1,1,46.452,37.255,4.33,3.47,4.33,3.48,INF,-1,0,7,0
7740,1,1,45.914,39.032,4.28,3.63,4.27,3.64,INF,-1,0,7,0
7760,1,1,45.603,39.114,4.25,3.64,4.25,3.65,INF,-1,0,7,0
7780,1,1,45.405,40.537,4.24,3.77,4.23,3.78,INF,-1,1,7,0
7800,1,1,57.774,38.750,5.38,3.60,5.37,3.62,INF,-1,1,7,0
7820,1,1,57.282,41.073,5.34,3.82,5.33,3.83,INF,-1,1,7,0
7840,1,1,56.087,39.900,5.23,3.71,5.22,3.72,INF,-1,0,7,0
7860,1,1,57.423,36.558,5.35,3.40,5.34,3.41,INF,-1,0,7,0
7880,1,1,58.000,38.028,5.41,3.53,5.39,3.55,INF,-1,0,7,0
7900,1,1,59.228,38.728,5.52,3.60,5.51,3.62,INF,-1,0,7,0
7920,1,1,58.515,40.037,5.45,3.72,5.44,3.74,INF,-1,0,7,0
7940,1,1,59.457,38.161,5.54,3.55,5.53,3.56,INF,-1,0,7,0
7960,1,1,58.166,38.416,5.42,3.57,5.41,3.59,INF,-1,0,7,0
7980,1,1,59.593,37.088,5.55,3.45,5.54,3.46,INF,-1,0,7,0
8000,1,1,58.901,37.454,5.49,3.48,5.48,3.50,INF,-1,0,7,0
8020,1,1,59.963,36.792,5.59,3.42,5.58,3.43,INF,-1,0,7,0
8040,1,1,58.182,40.799,5.42,3.79,5.41,3.81,INF,-1,0,7,0
8060,1,1,54.526,37.832,5.08,3.52,5.07,3.53,INF,-1,0,7,0
8080,1,1,56.254,37.021,5.24,3.44,5.23,3.46,INF,-1,1,7,0
8100,1,1,58.593,37.593,5.46,3.49,5.45,3.51,INF,-1,1,7,0
8120,1,1,59.594,38.068,5.55,3.54,5.54,3.55,INF,-1,1,7,0
8140,1,1,57.694,36.654,5.38,3.41,5.37,3.42,INF,-1,1,7,0
8160,1,1,57.466,35.244,5.36,3.28,5.35,3.29,INF,-1,1,7,0
8180,1,1,18.331,33.117,1.71,3.09,1.71,3.09,INF,-1,1,7,0
8200,1,1,-14.851,33.949,-1.39,3.17,-1.39,3.17,INF,-1,1,7,0
8220,1,1,-13.456,32.624,-1.26,3.05,-1.26,3.05,INF,-1,0,7,0
8240,1,1,-13.636,33.721,-1.27,3.15,-1.27,3.15,INF,-1,0,7,0
8260,1,1,-14.967,32.261,-1.40,3.01,-1.40,3.01,INF,-1,0,7,0
8280,1,1,-15.173,33.089,-1.42,3.09,-1.42,3.09,INF,-1,0,7,0
8300,1,1,-12.328,34.130,-1.15,3.19,-1.15,3.19,INF,-1,0,7,0
8320,1,1,-13.530,33.114,-1.26,3.09,-1.26,3.09,INF,-1,0,7,0
8340,1,1,-14.697,31.650,-1.37,2.95,-1.37,2.96,INF,-1,0,7,0
8360,1,1,-13.673,34.322,-1.28,3.20,-1.28,3.20,INF,-1,0,7,0
8380,1,1,-14.192,32.186,-1.33,3.00,-1.32,3.01,INF,-1,0,7,0
8400,1,1,-39.934,25.663,-3.73,2.39,-3.72,2.40,INF,-1,0,7,0
8420,1,1,-36.855,27.925,-3.44,2.60,-3.44,2.61,INF,-1,0,7,0
8440,1,1,-38.556,26.293,-3.60,2.45,-3.60,2.46,INF,-1,0,7,0
8460,1,1,-36.235,26.632,-3.38,2.48,-3.38,2.49,INF,-1,0,7,0
8480,1,1,-35.695,25.886,-3.33,2.41,-3.33,2.42,INF,-1,0,7,0
8500,1,1,-36.325,24.890,-3.39,2.32,-3.39,2.33,INF,-1,0,7,0
8520,1,1,-36.031,27.638,-3.36,2.58,-3.36,2.58,INF,-1,0,7,0
8540,1,1,-38.763,27.406,-3.62,2.55,-3.61,2.56,INF,-1,0,7,0
8560,1,1,-37.111,26.589,-3.46,2.48,-3.46,2.48,INF,-1,1,7,0
8580,1,1,-36.111,24.844,-3.37,2.32,-3.37,2.32,INF,-1,1,7,0
8600,1,1,-35.772,27.051,-3.34,2.52,-3.34,2.53,INF,-1,1,7,0
8620,1,1,-37.042,27.619,-3.46,2.58,-3.45,2.58,INF,-1,1,7,0
8640,1,1,-37.309,26.073,-3.48,2.43,-3.48,2.44,INF,-1,1,7,0
8660,1,1,-37.515,27.564,-3.50,2.57,-3.50,2.57,INF,-1,1,7,0
8680,1,1,-37.653,25.933,-3.51,2.42,-3.51,2.42,INF,-1,1,7,0
8700,1,1,-37.188,23.493,-3.47,2.19,-3.47,2.19,INF,-1,1,7,0
8720,1,1,-37.034,26.782,-3.46,2.50,-3.45,2.50,INF,-1,1,7,0
8740,1,1,-39.878,24.790,-3.72,2.31,-3.72,2.32,INF,-1,1,7,0
8760,1,1,-39.903,24.056,-3.72,2.24,-3.72,2.25,INF,-1,1,7,0
8780,1,1,-60.460,-1.104,-5.63,-0.10,-5.63,-0.10,INF,-1,0,7,0
8800,1,1,-60.175,-0.129,-5.61,-0.01,-5.61,-0.01,INF,-1,0,7,0
8820,1,1,-61.360,1.433,-5.72,0.13,-5.72,0.13,INF,-1,0,7,0
8840,1,1,-61.150,0.597,-5.70,0.06,-5.70,0.06,INF,-1,0,7,0
8860,1,1,-62.449,1.610,-5.82,0.15,-5.82,0.15,INF,-1,0,7,0
8880,1,1,-60.674,1.478,-5.65,0.14,-5.65,0.14,INF,-1,0,7,0
8900,1,1,-61.496,-0.076,-5.73,-0.01,-5.73,-0.01,INF,-1,0,7,0
8920,1,1,-63.374,-0.577,-5.90,-0.05,-5.90,-0.05,INF,-1,0,7,0
8940,1,1,-61.048,0.823,-5.69,0.08,-5.69,0.08,INF,-1,0,7,0
8960,1,1,-60.957,-0.605,-5.68,-0.06,-5.68,-0.06,INF,-1,0,7,0
8980,1,1,-60.524,-0.290,-5.64,-0.03,-5.64,-0.03,INF,-1,0,7,0
9000,1,1,-62.581,0.659,-5.83,0.06,-5.83,0.06,INF,-1,0,7,0
9020,1,1,-60.959,-2.028,-5.68,-0.19,-5.68,-0.19,INF,-1,0,7,0
9040,1,1,-63.076,-1.970,-5.87,-0.18,-5.87,-0.18,INF,-1,0,7,0
9060,1,1,-61.377,0.379,-5.72,0.04,-5.72,0.04,INF,-1,1,7,0
9080,1,1,-63.057,1.939,-5.87,0.18,-5.87,0.18,INF,-1,1,7,0
9100,1,1,-61.311,1.980,-5.71,0.18,-5.71,0.19,INF,-1,1,7,0
9120,1,1,-63.123,0.474,-5.88,0.04,-5.88,0.04,INF,-1,1,7,0
9140,1,1,-61.384,2.394,-5.72,0.22,-5.72,0.22,INF,-1,1,7,0
9160,1,1,-61.747,-0.020,-5.75,0.00,-5.75,0.00,INF,-1,1,7,0
9180,1,1,-64.740,-0.552,-6.03,-0.05,-6.03,-0.05,INF,-1,1,7,0
9200,1,1,-56.982,1.895,-5.31,0.18,-5.31,0.18,INF,-1,1,7,0
9220,1,1,-34.850,-4.629,-3.25,-0.43,-3.25,-0.43,INF,-1,1,7,0
9240,1,1,-37.862,-3.810,-3.53,-0.36,-3.53,-0.36,INF,-1,1,7,0
9260,1,1,-35.520,-5.651,-3.32,-0.53,-3.32,-0.53,INF,-1,0,7,0
9280,1,1,-37.816,-5.737,-3.53,-0.54,-3.53,-0.54,INF,-1,0,7,0
9300,1,1,-36.358,-4.049,-3.39,-0.38,-3.39,-0.38,INF,-1,0,7,0
9320,1,1,-36.942,-8.325,-3.45,-0.78,-3.45,-0.78,INF,-1,0,7,0
9340,1,1,-38.821,-7.113,-3.62,-0.66,-3.62,-0.66,INF,-1,0,7,0
9360,1,1,-36.860,-7.309,-3.44,-0.68,-3.44,-0.68,INF,-1,0,7,0
9380,1,1,-36.940,-5.357,-3.45,-0.50,-3.45,-0.50,INF,-1,0,7,0
9400,1,1,-39.507,-5.317,-3.69,-0.50,-3.69,-0.50,INF,-1,0,7,0
9420,1,1,-37.982,-7.780,-3.55,-0.73,-3.55,-0.73,INF,-1,0,7,0
9440,1,1,-37.590,-5.099,-3.51,-0.48,-3.51,-0.48,INF,-1,0,7,0
9460,1,1,-38.475,-6.980,-3.59,-0.65,-3.59,-0.65,INF,-1,0,7,0
9480,1,1,-39.267,-2.211,-3.67,-0.21,-3.67,-0.21,INF,-1,0,7,0
9500,1,1,-39.544,-5.645,-3.69,-0.53,-3.69,-0.53,INF,-1,1,7,0
9520,1,1,-32.248,-6.942,-3.01,-0.65,-3.01,-0.65,INF,-1,1,7,0
9540,1,1,-8.963,-4.988,-0.84,-0.47,-0.84,-0.47,INF,-1,1,7,0
9560,1,1,-8.873,-6.198,-0.83,-0.58,-0.83,-0.58,INF,-1,1,7,0
9580,1,1,-8.870,-5.716,-0.83,-0.53,-0.83,-0.53,INF,-1,0,7,0
9600,1,1,-9.109,-2.827,-0.85,-0.26,-0.85,-0.26,INF,-1,0,7,0
9620,1,1,-8.301,-4.531,-0.78,-0.42,-0.78,-0.42,INF,-1,0,7,0
9640,1,1,-9.082,-2.614,-0.85,-0.24,-0.85,-0.24,INF,-1,0,7,0
9660,1,1,-9.569,-2.406,-0.89,-0.22,-0.89,-0.22,INF,-1,0,7,0
9680,1,1,-10.580,-4.897,-0.99,-0.46,-0.99,-0.46,INF,-1,0,7,0
9700,1,1,10.890,-7.021,1.02,-0.66,1.02,-0.66,INF,-1,0,7,0
9720,1,1,17.172,-3.864,1.60,-0.36,1.60,-0.36,INF,-1,0,7,0
9740,1,1,15.626,-5.455,1.46,-0.51,1.46,-0.51,INF,-1,0,7,0
9760,1,1,15.371,-3.949,1.44,-0.37,1.44,-0.37,INF,-1,0,7,0
9780,1,1,15.861,-3.883,1.48,-0.36,1.48,-0.36,INF,-1,0,7,0
9800,1,1,15.593,-3.320,1.46,-0.31,1.46,-0.31,INF,-1,0,7,0
9820,1,1,16.811,-3.025,1.57,-0.28,1.57,-0.28,INF,-1,0,7,0
9840,1,1,17.391,-3.835,1.63,-0.36,1.63,-0.36,INF,-1,0,7,0
9860,1,1,16.089,-2.961,1.50,-0.28,1.50,-0.28,INF,-1,0,7,0
9880,1,1,29.717,-3.815,2.78,-0.36,2.78,-0.36,INF,-1,0,7,0
9900,1,1,29.012,-6.230,2.71,-0.58,2.71,-0.58,INF,-1,0,7,0
9920,1,1,29.530,-5.634,2.76,-0.53,2.76,-0.53,INF,-1,0,7,0
9940,1,1,29.590,-4.392,2.76,-0.41,2.76,-0.41,INF,-1,0,7,0
9960,1,1,30.739,-6.593,2.87,-0.62,2.87,-0.62,INF,-1,0,7,0
9980,1,1,30.384,-5.747,2.84,-0.54,2.84,-0.54,INF,-1,1,7,0
10000,1,1,29.521,-5.154,2.76,-0.48,2.76,-0.48,INF,-1,1,7,0
10020,1,1,29.369,-6.209,2.74,-0.58,2.74,-0.58,INF,-1,1,7,0
10040,1,1,29.805,-3.928,2.78,-0.37,2.78,-0.37,INF,-1,1,7,0
10060,1,1,28.645,-7.389,2.68,-0.69,2.68,-0.69,INF,-1,1,7,0
10080,1,1,30.963,-8.696,2.89,-0.81,2.89,-0.81,INF,-1,1,7,0
10100,1,1,30.341,-5.215,2.83,-0.49,2.83,-0.49,INF,-1,1,7,0
10120,1,1,31.341,-4.590,2.93,-0.43,2.93,-0.43,INF,-1,1,7,0
10140,1,1,29.289,-6.127,2.74,-0.57,2.74,-0.57,INF,-1,1,7,0
10160,1,1,27.290,-5.167,2.55,-0.48,2.55,-0.48,INF,-1,1,7,0
10180,1,1,30.394,-5.502,2.84,-0.51,2.84,-0.51,INF,-1,1,7,0
10200,1,1,27.261,-7.013,2.55,-0.65,2.55,-0.66,INF,-1,1,7,0
10220,1,1,17.360,-7.462,1.62,-0.70,1.62,-0.70,INF,-1,1,7,0
10240,1,1,15.950,-3.987,1.49,-0.37,1.49,-0.37,INF,-1,1,7,0
10260,1,1,18.905,-7.002,1.77,-0.65,1.77,-0.65,INF,-1,1,7,0
10280,1,1,13.671,-6.004,1.28,-0.56,1.28,-0.56,INF,-1,1,7,0
10300,1,1,17.459,-4.410,1.63,-0.41,1.63,-0.41,INF,-1,1,7,0
10320,1,1,15.513,-4.038,1.45,-0.38,1.45,-0.38,INF,-1,1,7,0
10340,1,1,18.504,-7.644,1.73,-0.71,1.73,-0.71,INF,-1,1,7,0
10360,1,1,15.272,-7.048,1.43,-0.66,1.43,-0.66,INF,-1,1,7,0
10380,1,1,14.491,-5.363,1.35,-0.50,1.35,-0.50,INF,-1,1,7,0
10400,1,1,14.885,-7.102,1.39,-0.66,1.39,-0.66,INF,-1,1,7,0
10420,1,1,15.966,-7.468,1.49,-0.70,1.49,-0.70,INF,-1,1,7,0
10440,1,1,15.080,-5.009,1.41,-0.47,1.41,-0.47,INF,-1,1,7,0
10460,1,1,15.541,-3.261,1.45,-0.30,1.45,-0.30,INF,-1,1,7,0
10480,1,1,16.258,-5.552,1.52,-0.52,1.52,-0.52,INF,-1,1,7,0
10500,1,1,14.117,-7.320,1.32,-0.68,1.32,-0.68,INF,-1,1,7,0
10520,1,1,24.805,-9.352,2.32,-0.87,2.32,-0.87,INF,-1,1,7,0
10540,1,1,35.123,-4.414,3.28,-0.41,3.28,-0.41,INF,-1,1,7,0
10560,1,1,34.698,-6.042,3.24,-0.56,3.24,-0.56,INF,-1,1,7,0
10580,1,1,36.167,-4.840,3.38,-0.45,3.38,-0.45,INF,-1,0,7,0
10600,1,1,34.533,-5.695,3.22,-0.53,3.22,-0.53,INF,-1,0,7,0
10620,1,1,35.866,-3.830,3.35,-0.36,3.35,-0.36,INF,-1,0,7,0
10640,1,1,35.094,-1.905,3.28,-0.18,3.28,-0.18,INF,-1,0,7,0
10660,1,1,34.064,-2.928,3.18,-0.27,3.18,-0.27,INF,-1,0,7,0
10680,1,1,22.602,10.974,2.11,1.02,2.11,1.03,INF,-1,0,7,0
10700,1,1,13.477,16.209,1.26,1.51,1.26,1.51,INF,-1,0,7,0
10720,1,1,13.508,16.669,1.26,1.56,1.26,1.56,INF,-1,0,7,0
10740,1,1,15.375,19.992,1.44,1.87,1.44,1.87,INF,-1,0,7,0
10760,1,1,13.029,20.387,1.22,1.90,1.22,1.90,INF,-1,0,7,0
10780,1,1,11.166,18.800,1.04,1.76,1.04,1.76,INF,-1,0,7,0
10800,1,1,14.505,19.822,1.36,1.85,1.35,1.85,INF,-1,0,7,0
10820,1,1,17.172,18.926,1.60,1.77,1.60,1.77,INF,-1,0,7,0
10840,1,1,14.218,19.389,1.33,1.81,1.33,1.81,INF,-1,0,7,0
10860,1,1,13.575,14.698,1.27,1.37,1.27,1.37,INF,-1,0,7,0
10880,1,1,14.419,19.379,1.35,1.81,1.35,1.81,INF,-1,0,7,0
10900,1,1,14.018,16.922,1.31,1.58,1.31,1.58,INF,-1,0,7,0
10920,1,1,15.080,19.678,1.41,1.84,1.41,1.84,INF,-1,0,7,0
10940,1,1,13.516,17.920,1.26,1.67,1.26,1.67,INF,-1,0,7,0
10960,1,1,14.568,17.447,1.36,1.63,1.36,1.63,INF,-1,1,7,0
10980,1,1,14.549,16.763,1.36,1.57,1.36,1.57,INF,-1,1,7,0
11000,1,1,15.774,17.238,1.47,1.61,1.47,1.61,INF,-1,1,7,0
11020,1,1,13.892,19.641,1.30,1.83,1.30,1.84,INF,-1,1,7,0
11040,1,1,15.888,16.971,1.48,1.59,1.48,1.59,INF,-1,1,7,0
11060,1,1,17.451,15.568,1.63,1.45,1.63,1.45,INF,-1,1,7,0
11080,1,1,17.506,16.887,1.64,1.58,1.64,1.58,INF,-1,1,7,0
11100,1,1,16.102,17.108,1.50,1.60,1.50,1.60,INF,-1,1,7,0
11120,1,1,15.581,16.923,1.46,1.58,1.46,1.58,INF,-1,1,7,0
11140,1,1,16.614,15.963,1.55,1.49,1.55,1.49,INF,-1,1,7,0
11160,1,1,16.203,15.562,1.51,1.45,1.51,1.45,INF,-1,1,7,0
11180,1,1,17.017,12.753,1.59,1.19,1.59,1.19,INF,-1,1,7,0
11200,1,1,16.483,14.075,1.54,1.31,1.54,1.32,INF,-1,1,7,0
11220,1,1,15.971,16.488,1.49,1.54,1.49,1.54,INF,-1,1,7,0
11240,1,1,16.729,13.840,1.56,1.29,1.56,1.29,INF,-1,1,7,0
11260,1,1,14.859,15.933,1.39,1.49,1.39,1.49,INF,-1,1,7,0
11280,1,1,14.340,14.051,1.34,1.31,1.34,1.31,INF,-1,1,7,0
11300,1,1,16.089,13.111,1.50,1.22,1.50,1.23,INF,-1,1,7,0
11320,1,1,18.195,14.799,1.70,1.38,1.70,1.38,INF,-1,1,7,0
11340,1,1,18.209,12.517,1.70,1.17,1.70,1.17,INF,-1,1,7,0
11360,1,1,15.784,13.780,1.47,1.29,1.47,1.29,INF,-1,1,7,0
11380,1,1,17.761,11.841,1.66,1.11,1.66,1.11,INF,-1,1,7,0
11400,1,1,17.368,12.043,1.62,1.13,1.62,1.13,INF,-1,1,7,0
11420,1,1,17.440,12.826,1.63,1.20,1.63,1.20,INF,-1,1,7,0
11440,1,1,16.219,11.838,1.52,1.11,1.52,1.11,INF,-1,1,7,0
11460,1,1,18.116,10.629,1.69,0.99,1.69,0.99,INF,-1,1,7,0
11480,1,1,19.968,10.679,1.87,1.00,1.87,1.00,INF,-1,1,7,0
11500,1,1,18.337,9.669,1.71,0.90,1.71,0.90,INF,-1,1,7,0
11520,1,1,17.399,11.608,1.63,1.08,1.63,1.08,INF,-1,1,7,0
11540,1,1,16.180,14.494,1.51,1.35,1.51,1.35,INF,-1,1,7,0
11560,1,1,17.397,11.517,1.63,1.08,1.63,1.08,INF,-1,1,7,0
11580,1,1,43.033,-8.099,4.02,-0.76,4.02,-0.76,INF,-1,1,7,0
11600,1,1,40.586,-12.234,3.79,-1.14,3.79,-1.14,INF,-1,1,7,0
11620,1,1,40.653,-11.015,3.79,-1.03,3.79,-1.03,INF,-1,0,7,0
11640,1,1,38.577,-14.613,3.60,-1.36,3.60,-1.37,INF,-1,0,7,0
11660,1,1,41.616,-12.478,3.88,-1.16,3.88,-1.17,INF,-1,0,7,0
11680,1,1,40.059,-12.845,3.74,-1.20,3.74,-1.20,INF,-1,0,7,0
11700,1,1,38.505,-12.521,3.59,-1.17,3.59,-1.17,INF,-1,0,7,0
11720,1,1,40.199,-12.788,3.75,-1.19,3.75,-1.20,INF,-1,0,7,0
11740,1,1,40.730,-15.125,3.80,-1.41,3.80,-1.41,INF,-1,0,7,0
11760,1,1,41.249,-15.760,3.85,-1.47,3.85,-1.47,INF,-1,0,7,0
11780,1,1,40.294,-15.025,3.76,-1.40,3.76,-1.40,INF,-1,0,7,0
11800,1,1,38.631,-13.181,3.61,-1.23,3.61,-1.23,INF,-1,0,7,0
11820,1,1,28.189,-10.376,2.63,-0.97,2.63,-0.97,INF,-1,0,7,0
11840,1,1,26.886,-7.166,2.51,-0.67,2.51,-0.67,INF,-1,0,7,0
11860,1,1,28.159,-6.444,2.63,-0.60,2.63,-0.60,INF,-1,1,7,0
11880,1,1,27.638,-6.187,2.58,-0.58,2.58,-0.58,INF,-1,0,7,0
11900,1,1,28.152,-7.974,2.63,-0.74,2.63,-0.75,INF,-1,0,7,0
11920,1,1,27.215,-7.069,2.54,-0.66,2.54,-0.66,INF,-1,0,7,0
11940,1,1,27.986,-6.354,2.61,-0.59,2.61,-0.59,INF,-1,0,7,0
11960,1,1,29.322,-8.981,2.74,-0.84,2.74,-0.84,INF,-1,0,7,0
11980,1,1,27.687,-6.795,2.59,-0.63,2.59,-0.64,INF,-1,0,7,0
12000,1,1,27.007,-8.283,2.52,-0.77,2.52,-0.77,INF,-1,0,7,0
12020,1,1,26.286,-7.171,2.46,-0.67,2.46,-0.67,INF,-1,0,7,0
12040,1,1,27.669,-7.361,2.58,-0.69,2.58,-0.69,INF,-1,0,7,0
12060,1,1,27.237,-8.140,2.54,-0.76,2.54,-0.76,INF,-1,0,7,0
12080,1,1,25.702,-6.230,2.40,-0.58,2.40,-0.58,INF,-1,0,7,0
12100,1,1,26.753,-8.203,2.50,-0.77,2.50,-0.77,INF,-1,0,7,0
12120,1,1,27.473,-7.173,2.57,-0.67,2.57,-0.67,INF,-1,1,7,0
12140,1,1,27.268,-6.280,2.55,-0.59,2.55,-0.59,INF,-1,1,7,0
12160,1,1,26.738,-8.582,2.50,-0.80,2.50,-0.80,INF,-1,1,7,0
12180,1,1,25.649,-7.527,2.40,-0.70,2.40,-0.70,INF,-1,1,7,0
12200,1,1,27.234,-4.559,2.54,-0.43,2.54,-0.43,INF,-1,1,7,0
12220,1,1,26.361,-7.676,2.46,-0.72,2.46,-0.72,INF,-1,1,7,0
12240,1,1,25.454,-8.887,2.38,-0.83,2.38,-0.83,INF,-1,1,7,0
12260,1,1,24.740,-8.333,2.31,-0.78,2.31,-0.78,INF,-1,1,7,0
12280,1,1,26.170,-8.194,2.44,-0.77,2.44,-0.77,INF,-1,1,7,0
12300,1,1,26.928,-9.917,2.52,-0.93,2.51,-0.93,INF,-1,1,7,0
12320,1,1,26.605,-8.479,2.49,-0.79,2.48,-0.79,INF,-1,1,7,0
12340,1,1,26.085,-8.347,2.44,-0.78,2.44,-0.78,INF,-1,1,7,0
12360,1,1,26.542,-9.342,2.48,-0.87,2.48,-0.87,INF,-1,1,7,0
12380,1,1,24.847,-9.237,2.32,-0.86,2.32,-0.86,INF,-1,1,7,0
12400,1,1,23.551,-10.139,2.20,-0.95,2.20,-0.95,INF,-1,1,7,0
12420,1,1,25.327,-7.928,2.37,-0.74,2.37,-0.74,INF,-1,1,7,0
12440,1,1,25.307,-8.431,2.36,-0.79,2.36,-0.79,INF,-1,1,7,0
12460,1,1,24.527,-8.883,2.29,-0.83,2.29,-0.83,INF,-1,1,7,0
12480,1,1,23.921,-10.920,2.23,-1.02,2.23,-1.02,INF,-1,1,7,0
12500,1,1,24.884,-9.255,2.32,-0.86,2.32,-0.87,INF,-1,1,7,0
12520,1,1,24.396,-8.907,2.28,-0.83,2.28,-0.83,INF,-1,1,7,0
12540,1,1,23.858,-7.923,2.23,-0.74,2.23,-0.74,INF,-1,1,7,0
12560,1,1,25.872,-9.262,2.42,-0.86,2.42,-0.87,INF,-1,1,7,0
12580,1,1,24.362,-12.367,2.28,-1.15,2.28,-1.16,INF,-1,1,7,0
12600,1,1,26.317,-10.472,2.46,-0.98,2.46,-0.98,INF,-1,1,7,0
12620,1,1,27.464,-9.389,2.57,-0.88,2.56,-0.88,INF,-1,1,7,0
12640,1,1,26.394,-9.107,2.47,-0.85,2.47,-0.85,INF,-1,1,7,0
12660,1,1,27.317,-9.065,2.55,-0.85,2.55,-0.85,INF,-1,1,7,0
12680,1,1,25.284,-8.523,2.36,-0.80,2.36,-0.80,INF,-1,1,7,0
12700,1,1,26.563,-9.072,2.48,-0.85,2.48,-0.85,INF,-1,1,7,0
12720,1,1,26.337,-8.934,2.46,-0.83,2.46,-0.84,INF,-1,1,7,0
12740,1,1,26.749,-10.254,2.50,-0.96,2.50,-0.96,INF,-1,1,7,0
12760,1,1,26.817,-8.677,2.50,-0.81,2.50,-0.81,INF,-1,1,7,0
12780,1,1,26.709,-9.639,2.49,-0.90,2.49,-0.90,INF,-1,1,7,0
12800,1,1,28.618,-8.261,2.67,-0.77,2.67,-0.77,INF,-1,1,7,0
12820,1,1,28.084,-8.722,2.62,-0.81,2.62,-0.82,INF,-1,1,7,0
12840,1,1,27.292,-8.924,2.55,-0.83,2.55,-0.83,INF,-1,1,7,0
12860,1,1,26.219,-8.152,2.45,-0.76,2.45,-0.76,INF,-1,1,7,0
12880,1,1,27.390,-7.451,2.56,-0.70,2.56,-0.70,INF,-1,1,7,0
12900,1,1,27.801,-7.323,2.60,-0.68,2.60,-0.68,INF,-1,1,7,0
12920,1,1,27.244,-8.637,2.54,-0.81,2.54,-0.81,INF,-1,1,7,0
12940,1,1,27.010,-7.808,2.52,-0.73,2.52,-0.73,INF,-1,1,7,0
12960,1,1,28.921,-6.091,2.70,-0.57,2.70,-0.57,INF,-1,1,7,0
12980,1,1,27.821,-6.030,2.60,-0.56,2.60,-0.56,INF,-1,1,7,0
13000,1,1,21.569,-9.229,2.02,-0.86,2.01,-0.86,INF,-1,1,7,0
13020,1,1,-5.905,-2.677,-0.55,-0.25,-0.55,-0.25,INF,-1,1,7,0
13040,1,1,-4.282,-3.601,-0.40,-0.34,-0.40,-0.34,INF,-1,1,7,0
13060,1,1,-2.500,-3.206,-0.23,-0.30,-0.23,-0.30,INF,-1,0,7,0
13080,1,1,-1.672,-2.686,-0.16,-0.25,-0.16,-0.25,INF,-1,0,7,0
13100,1,1,-2.978,-3.491,-0.28,-0.33,-0.28,-0.33,INF,-1,0,7,0
13120,1,1,-2.458,-3.664,-0.23,-0.34,-0.23,-0.34,INF,-1,0,7,0
13140,1,1,-2.115,-3.298,-0.20,-0.31,-0.20,-0.31,INF,-1,0,7,0
13160,1,1,-1.201,-3.380,-0.11,-0.32,-0.11,-0.32,INF,-1,0,7,0
13180,1,1,-2.066,-5.381,-0.19,-0.50,-0.19,-0.50,INF,-1,0,7,0
13200,1,1,-2.155,-3.266,-0.20,-0.31,-0.20,-0.31,INF,-1,0,7,0
13220,1,1,-2.321,-4.152,-0.22,-0.39,-0.22,-0.39,INF,-1,0,7,0
13240,1,1,-0.467,-4.622,-0.04,-0.43,-0.04,-0.43,INF,-1,0,7,0
13260,1,1,-3.081,-4.703,-0.29,-0.44,-0.29,-0.44,INF,-1,0,7,0
13280,1,1,-3.262,-1.877,-0.30,-0.18,-0.30,-0.18,INF,-1,0,7,0
13300,1,1,-2.010,-3.086,-0.19,-0.29,-0.19,-0.29,INF,-1,1,7,0
13320,1,1,-2.354,-2.108,-0.22,-0.20,-0.22,-0.20,INF,-1,1,7,0
13340,1,1,-2.145,-4.582,-0.20,-0.43,-0.20,-0.43,INF,-1,1,7,0
13360,1,1,-7.312,-7.154,-0.68,-0.67,-0.68,-0.67,INF,-1,1,7,0
13380,1,1,43.512,6.779,4.06,0.63,4.06,0.63,INF,-1,1,7,0
13400,1,1,45.414,8.632,4.24,0.80,4.24,0.81,INF,-1,1,7,0
13420,1,1,45.832,8.402,4.28,0.78,4.28,0.79,INF,-1,0,7,0
13440,1,1,44.737,8.193,4.17,0.76,4.17,0.77,INF,-1,0,7,0
13460,1,1,45.035,7.157,4.20,0.67,4.20,0.67,INF,-1,0,7,0
13480,1,1,44.192,7.721,4.12,0.72,4.12,0.72,INF,-1,0,7,0
13500,1,1,44.129,7.850,4.12,0.73,4.12,0.73,INF,-1,0,7,0
13520,1,1,43.887,8.306,4.10,0.77,4.09,0.78,INF,-1,0,7,0
13540,1,1,43.432,7.954,4.05,0.74,4.05,0.74,INF,-1,0,7,0
13560,1,1,44.189,7.646,4.12,0.71,4.12,0.71,INF,-1,0,7,0
13580,1,1,45.308,7.339,4.23,0.68,4.23,0.69,INF,-1,0,7,0
13600,1,1,44.002,8.297,4.11,0.77,4.11,0.78,INF,-1,0,7,0
13620,1,1,43.702,6.616,4.08,0.62,4.08,0.62,INF,-1,0,7,0
13640,1,1,42.762,6.171,3.99,0.58,3.99,0.58,INF,-1,0,7,0
13660,1,1,44.151,8.480,4.12,0.79,4.12,0.79,INF,-1,1,7,0
13680,1,1,44.754,6.938,4.18,0.65,4.18,0.65,INF,-1,1,7,0
13700,1,1,44.830,5.743,4.18,0.54,4.18,0.54,INF,-1,1,7,0
13720,1,1,44.989,5.596,4.20,0.52,4.20,0.52,INF,-1,1,7,0
13740,1,1,44.533,6.242,4.16,0.58,4.15,0.58,INF,-1,1,7,0
13760,1,1,45.735,6.850,4.27,0.64,4.27,0.64,INF,-1,1,7,0
13780,1,1,46.739,4.329,4.36,0.40,4.36,0.40,INF,-1,1,7,0
13800,1,1,45.431,7.761,4.24,0.72,4.24,0.73,INF,-1,1,7,0
13820,1,1,44.042,7.204,4.11,0.67,4.11,0.67,INF,-1,1,7,0
13840,1,1,44.725,7.795,4.17,0.73,4.17,0.73,INF,-1,1,7,0
13860,1,1,45.852,7.279,4.28,0.68,4.28,0.68,INF,-1,1,7,0
13880,1,1,44.122,6.736,4.12,0.63,4.12,0.63,INF,-1,1,7,0
13900,1,1,52.087,9.198,4.86,0.86,4.86,0.86,INF,-1,1,7,0
13920,1,1,61.018,9.415,5.68,0.88,5.68,0.88,INF,-1,1,7,0
13940,1,1,60.334,9.196,5.62,0.86,5.62,0.86,INF,-1,1,7,0
13960,1,1,61.529,8.987,5.73,0.84,5.73,0.84,INF,-1,0,7,0
13980,1,1,61.349,8.687,5.72,0.81,5.71,0.81,INF,-1,0,7,0
14000,1,1,62.258,8.454,5.80,0.79,5.80,0.79,INF,-1,0,7,0
14020,1,1,60.299,8.193,5.62,0.76,5.62,0.77,INF,-1,0,7,0
14040,1,1,60.122,7.779,5.60,0.72,5.60,0.73,INF,-1,0,7,0
14060,1,1,61.137,9.559,5.70,0.89,5.69,0.89,INF,-1,0,7,0
14080,1,1,62.419,10.235,5.81,0.95,5.81,0.96,INF,-1,0,7,0
14100,1,1,61.060,9.892,5.69,0.92,5.69,0.92,INF,-1,0,7,0
14120,1,1,60.480,8.300,5.63,0.77,5.63,0.78,INF,-1,0,7,0
14140,1,1,61.595,8.852,5.74,0.82,5.74,0.83,INF,-1,0,7,0
14160,1,1,61.902,7.601,5.77,0.71,5.77,0.71,INF,-1,0,7,0
14180,1,1,60.807,9.541,5.66,0.89,5.66,0.89,INF,-1,0,7,0
14200,1,1,59.727,8.586,5.57,0.80,5.56,0.80,INF,-1,1,7,0
14220,1,1,60.059,9.268,5.60,0.86,5.60,0.87,INF,-1,1,7,0
14240,1,1,60.792,11.446,5.66,1.06,5.66,1.07,INF,-1,1,7,0
14260,1,1,61.973,10.830,5.77,1.01,5.77,1.01,INF,-1,1,7,0
14280,1,1,60.395,9.511,5.63,0.88,5.63,0.89,INF,-1,1,7,0
14300,1,1,61.220,9.505,5.70,0.88,5.70,0.89,INF,-1,1,7,0
14320,1,1,61.621,9.340,5.74,0.87,5.74,0.87,INF,-1,1,7,0
14340,1,1,61.341,10.394,5.71,0.97,5.71,0.97,INF,-1,1,7,0
14360,1,1,60.915,11.503,5.67,1.07,5.67,1.08,INF,-1,1,7,0
14380,1,1,59.965,8.676,5.59,0.81,5.59,0.81,INF,-1,1,7,0
14400,1,1,63.189,8.915,5.89,0.83,5.88,0.83,INF,-1,1,7,0
14420,1,1,60.779,9.426,5.66,0.88,5.66,0.88,INF,-1,1,7,0
14440,1,1,60.626,8.248,5.65,0.77,5.65,0.77,INF,-1,1,7,0
14460,1,1,60.171,8.355,5.61,0.78,5.61,0.78,INF,-1,1,7,0
14480,1,1,62.217,7.176,5.80,0.67,5.80,0.67,INF,-1,1,7,0
14500,1,1,62.015,7.073,5.78,0.66,5.78,0.66,INF,-1,1,7,0
14520,1,1,61.141,6.684,5.70,0.62,5.70,0.62,INF,-1,1,7,0
14540,1,1,62.021,6.193,5.78,0.58,5.78,0.58,INF,-1,1,7,0
14560,1,1,60.845,7.551,5.67,0.70,5.67,0.71,INF,-1,1,7,0
14580,1,1,61.251,5.632,5.71,0.52,5.71,0.53,INF,-1,1,7,0
14600,1,1,61.551,5.211,5.73,0.48,5.73,0.49,INF,-1,1,7,0
14620,1,1,61.186,2.701,5.70,0.25,5.70,0.25,INF,-1,1,7,0
14640,1,1,14.549,-4.580,1.36,-0.43,1.36,-0.43,INF,-1,1,7,0
14660,1,1,9.007,-3.216,0.84,-0.30,0.84,-0.30,INF,-1,1,7,0
14680,1,1,10.195,-4.031,0.95,-0.38,0.95,-0.38,INF,-1,0,7,0
14700,1,1,9.258,-3.742,0.87,-0.35,0.87,-0.35,INF,-1,0,7,0
14720,1,1,9.696,-2.470,0.91,-0.23,0.91,-0.23,INF,-1,0,7,0
14740,1,1,10.097,-4.305,0.94,-0.40,0.94,-0.40,INF,-1,0,7,0
14760,1,1,9.678,-2.446,0.90,-0.23,0.90,-0.23,INF,-1,0,7,0
14780,1,1,11.435,-3.351,1.07,-0.31,1.07,-0.31,INF,-1,0,7,0
14800,1,1,10.782,-1.512,1.01,-0.14,1.01,-0.14,INF,-1,0,7,0
14820,1,1,11.094,-2.920,1.04,-0.27,1.04,-0.27,INF,-1,0,7,0
14840,1,1,10.929,-0.375,1.02,-0.04,1.02,-0.04,INF,-1,0,7,0
14860,1,1,9.440,-2.438,0.88,-0.23,0.88,-0.23,INF,-1,0,7,0
14880,1,1,9.262,-2.484,0.87,-0.23,0.87,-0.23,INF,-1,0,7,0
14900,1,1,9.865,-3.702,0.92,-0.35,0.92,-0.35,INF,-1,0,7,0
14920,1,1,11.444,-0.334,1.07,-0.03,1.07,-0.03,INF,-1,1,7,0
14940,1,1,9.787,-0.809,0.91,-0.08,0.91,-0.08,INF,-1,1,7,0
14960,1,1,9.458,-0.488,0.88,-0.05,0.88,-0.05,INF,-1,1,7,0
14980,1,1,9.514,-2.739,0.89,-0.26,0.89,-0.26,INF,-1,1,7,0
15000,1,1,9.801,-1.174,0.92,-0.11,0.92,-0.11,INF,-1,1,7,0
