"EyeTracker Toolbox version","3.250"
CalibrationParameters_A11,1.14976
CalibrationParameters_A12,0.06189
CalibrationParameters_A13,0.00182
CalibrationParameters_A21,0.09801
CalibrationParameters_A22,-1.15918
CalibrationParameters_A23,0.03010
CalibrationParameters_A31,0.00104
CalibrationParameters_A32,-0.02165
CalibrationParameters_E11,-0.17996
CalibrationParameters_E12,-0.00017
CalibrationParameters_E21,0.00012
CalibrationParameters_E22,0.19986
CalibrationParameters_X,11.99514
CalibrationParameters_Y,-47.29488
CalibrationParameters_Rpc,96.23032
CalibrationParameters_MeanX,171.79220
CalibrationParameters_MeanY,157.65026
CalibrationParameters_ViewDist,613.00000
TimeStamp,Tracked,Calibrated,ScreenPositionXmm,ScreenPositionYmm,FicksLongitude,FicksLatitude,HelmholtzAzimuth,HelmholtzElevation,PupilDiameter,Region,Fixation,DigitalIO,Dropped
0,1,1,4.564,-4.337,0.43,-0.41,0.43,-0.41,INF,-1,0,7,0
20,1,1,2.090,-2.169,0.20,-0.20,0.20,-0.20,INF,-1,0,7,0
40,1,1,2.972,-3.014,0.28,-0.28,0.28,-0.28,INF,-1,0,7,0
60,1,1,4.154,-4.321,0.39,-0.40,0.39,-0.40,INF,-1,0,7,0
80,1,1,4.029,-3.255,0.38,-0.30,0.38,-0.30,INF,-1,0,7,0
100,1,1,3.518,-3.092,0.33,-0.29,0.33,-0.29,INF,-1,0,7,0
120,1,1,4.648,-3.851,0.43,-0.36,0.43,-0.36,INF,-1,0,7,0
140,1,1,2.642,-2.430,0.25,-0.23,0.25,-0.23,INF,-1,0,7,0
160,1,1,5.162,-3.551,0.48,-0.33,0.48,-0.33,INF,-1,0,7,0
180,1,1,4.158,-3.105,0.39,-0.29,0.39,-0.29,INF,-1,0,7,0
200,1,1,5.270,-3.392,0.49,-0.32,0.49,-0.32,INF,-1,0,7,0
220,1,1,4.565,-2.994,0.43,-0.28,0.43,-0.28,INF,-1,0,7,0
240,1,1,4.464,-2.608,0.42,-0.24,0.42,-0.24,INF,-1,0,7,0
260,1,1,3.570,-2.153,0.33,-0.20,0.33,-0.20,INF,-1,0,7,0
280,1,1,12.006,-5.537,1.12,-0.52,1.12,-0.52,INF,-1,1,7,0
300,1,1,31.457,-4.369,2.94,-0.41,2.94,-0.41,INF,-1,1,7,0
320,1,1,26.503,-3.525,2.48,-0.33,2.48,-0.33,INF,-1,1,7,0
340,1,1,27.645,-5.389,2.58,-0.50,2.58,-0.50,INF,-1,0,7,0
360,1,1,28.365,-5.366,2.65,-0.50,2.65,-0.50,INF,-1,0,7,0
380,1,1,26.873,-4.136,2.51,-0.39,2.51,-0.39,INF,-1,0,7,0
400,1,1,28.617,-5.941,2.67,-0.55,2.67,-0.56,INF,-1,0,7,0
420,1,1,30.902,-5.406,2.89,-0.50,2.89,-0.51,INF,-1,0,7,0
440,1,1,28.276,-4.755,2.64,-0.44,2.64,-0.44,INF,-1,0,7,0
460,1,1,27.973,-5.651,2.61,-0.53,2.61,-0.53,INF,-1,0,7,0
480,1,1,30.003,-5.088,2.80,-0.47,2.80,-0.48,INF,-1,0,7,0
500,1,1,27.810,-4.730,2.60,-0.44,2.60,-0.44,INF,-1,0,7,0
520,1,1,28.039,-6.603,2.62,-0.62,2.62,-0.62,INF,-1,0,7,0
540,1,1,28.314,-4.371,2.64,-0.41,2.64,-0.41,INF,-1,0,7,0
560,1,1,29.398,-6.167,2.75,-0.58,2.75,-0.58,INF,-1,0,7,0
580,1,1,38.028,1.541,3.55,0.14,3.55,0.14,INF,-1,1,7,0
600,1,1,43.618,12.745,4.07,1.19,4.07,1.19,INF,-1,1,7,0
620,1,1,42.710,8.875,3.99,0.83,3.99,0.83,INF,-1,0,7,0
640,1,1,43.995,9.086,4.11,0.85,4.10,0.85,INF,-1,0,7,0
660,1,1,43.623,10.197,4.07,0.95,4.07,0.95,INF,-1,0,7,0
680,1,1,41.558,10.172,3.88,0.95,3.88,0.95,INF,-1,0,7,0
700,1,1,42.618,11.377,3.98,1.06,3.98,1.06,INF,-1,0,7,0
720,1,1,42.581,10.745,3.97,1.00,3.97,1.00,INF,-1,0,7,0
740,1,1,41.796,10.906,3.90,1.02,3.90,1.02,INF,-1,0,7,0
760,1,1,42.773,10.806,3.99,1.01,3.99,1.01,INF,-1,0,7,0
780,1,1,41.204,10.768,3.85,1.00,3.84,1.01,INF,-1,0,7,0
800,1,1,40.854,11.541,3.81,1.08,3.81,1.08,INF,-1,0,7,0
820,1,1,41.151,10.615,3.84,0.99,3.84,0.99,INF,-1,0,7,0
840,1,1,41.288,12.217,3.85,1.14,3.85,1.14,INF,-1,0,7,0
860,1,1,43.067,10.984,4.02,1.02,4.02,1.03,INF,-1,1,7,0
880,1,1,42.338,11.473,3.95,1.07,3.95,1.07,INF,-1,1,7,0
900,1,1,40.690,12.122,3.80,1.13,3.80,1.13,INF,-1,1,7,0
920,1,1,41.587,10.989,3.88,1.02,3.88,1.03,INF,-1,1,7,0
940,1,1,25.696,8.356,2.40,0.78,2.40,0.78,INF,-1,1,7,0
960,1,1,-6.517,9.789,-0.61,0.91,-0.61,0.91,INF,-1,1,7,0
980,1,1,-2.364,7.310,-0.22,0.68,-0.22,0.68,INF,-1,0,7,0
1000,1,1,-4.288,8.224,-0.40,0.77,-0.40,0.77,INF,-1,0,7,0
1020,1,1,-5.386,7.813,-0.50,0.73,-0.50,0.73,INF,-1,0,7,0
1040,1,1,-2.910,6.601,-0.27,0.62,-0.27,0.62,INF,-1,0,7,0
1060,1,1,-5.323,7.487,-0.50,0.70,-0.50,0.70,INF,-1,0,7,0
1080,1,1,-6.939,7.727,-0.65,0.72,-0.65,0.72,INF,-1,0,7,0
1100,1,1,-6.624,6.608,-0.62,0.62,-0.62,0.62,INF,-1,0,7,0
1120,1,1,-5.341,6.874,-0.50,0.64,-0.50,0.64,INF,-1,0,7,0
1140,1,1,-5.931,6.779,-0.55,0.63,-0.55,0.63,INF,-1,0,7,0
1160,1,1,4.018,-1.525,0.38,-0.14,0.38,-0.14,INF,-1,0,7,0
1180,1,1,39.513,-26.214,3.69,-2.44,3.68,-2.45,INF,-1,0,7,0
1200,1,1,37.391,-24.653,3.49,-2.30,3.49,-2.30,INF,-1,0,7,0
1220,1,1,37.957,-25.184,3.54,-2.35,3.54,-2.35,INF,-1,0,7,0
1240,1,1,39.322,-26.513,3.67,-2.47,3.67,-2.48,INF,-1,0,7,0
1260,1,1,38.276,-26.598,3.57,-2.48,3.57,-2.48,INF,-1,0,7,0
1280,1,1,38.179,-26.778,3.56,-2.50,3.56,-2.50,INF,-1,0,7,0
1300,1,1,39.825,-27.754,3.72,-2.59,3.71,-2.59,INF,-1,0,7,0
1320,1,1,38.951,-26.646,3.64,-2.48,3.63,-2.49,INF,-1,0,7,0
1340,1,1,37.986,-27.218,3.55,-2.54,3.54,-2.54,INF,-1,0,7,0
1360,1,1,37.636,-26.989,3.51,-2.52,3.51,-2.52,INF,-1,0,7,0
1380,1,1,38.432,-27.154,3.59,-2.53,3.58,-2.54,INF,-1,0,7,0
1400,1,1,37.472,-26.745,3.50,-2.49,3.49,-2.50,INF,-1,0,7,0
1420,1,1,37.859,-26.827,3.53,-2.50,3.53,-2.51,INF,-1,0,7,0
1440,1,1,39.641,-26.063,3.70,-2.43,3.70,-2.43,INF,-1,1,7,0
1460,1,1,41.504,-23.628,3.87,-2.20,3.87,-2.21,INF,-1,1,7,0
1480,1,1,41.116,-25.467,3.84,-2.37,3.83,-2.38,INF,-1,1,7,0
1500,1,1,42.741,-24.534,3.99,-2.29,3.99,-2.29,INF,-1,1,7,0
1520,1,1,42.967,-23.375,4.01,-2.18,4.01,-2.18,INF,-1,1,7,0
1540,1,1,42.865,-24.717,4.00,-2.30,4.00,-2.31,INF,-1,1,7,0
1560,1,1,40.405,-23.464,3.77,-2.19,3.77,-2.19,INF,-1,1,7,0
1580,0,1,0.000,0.000,0.00,0.00,0.00,0.00,0.00,-1,1,7,0
1600,0,1,0.000,0.000,0.00,0.00,0.00,0.00,0.00,-1,1,7,0
1620,0,1,0.000,0.000,0.00,0.00,0.00,0.00,0.00,-1,1,7,0
1640,0,1,0.000,0.000,0.00,0.00,0.00,0.00,0.00,-1,1,7,0
1660,0,1,0.000,0.000,0.00,0.00,0.00,0.00,0.00,-1,0,7,0
1680,0,1,0.000,0.000,0.00,0.00,0.00,0.00,0.00,-1,0,7,0
1700,1,1,-48.882,-95.103,-4.56,-8.79,-4.51,-8.82,INF,-1,0,7,0
1720,0,1,0.000,0.000,0.00,0.00,0.00,0.00,0.00,-1,0,7,0
1740,1,1,-108.212,82.636,-10.01,7.56,-9.92,7.68,INF,-1,0,7,0
1760,1,1,-20.249,29.276,-1.89,2.73,-1.89,2.73,INF,-1,0,7,0
1780,1,1,-19.035,30.570,-1.78,2.85,-1.78,2.85,INF,-1,0,7,0
1800,1,1,-19.901,31.897,-1.86,2.98,-1.86,2.98,INF,-1,0,7,0
1820,1,1,-19.157,31.369,-1.79,2.93,-1.79,2.93,INF,-1,0,7,0
1840,1,1,-18.870,30.389,-1.76,2.84,-1.76,2.84,INF,-1,0,7,0
1860,1,1,-20.116,32.551,-1.88,3.04,-1.88,3.04,INF,-1,0,7,0
1880,1,1,-20.054,31.527,-1.87,2.94,-1.87,2.94,INF,-1,0,7,0
1900,1,1,-20.508,31.990,-1.92,2.99,-1.91,2.99,INF,-1,0,7,0
1920,1,1,-19.855,31.086,-1.86,2.90,-1.85,2.90,INF,-1,0,7,0
1940,1,1,-20.227,32.550,-1.89,3.04,-1.89,3.04,INF,-1,0,7,0
1960,1,1,-19.627,30.291,-1.83,2.83,-1.83,2.83,INF,-1,0,7,0
1980,1,1,-19.914,31.315,-1.86,2.92,-1.86,2.92,INF,-1,0,7,0
2000,1,1,-20.056,30.249,-1.87,2.82,-1.87,2.83,INF,-1,0,7,0
2020,1,1,-16.728,29.488,-1.56,2.75,-1.56,2.75,INF,-1,0,7,0
2040,1,1,20.739,27.609,1.94,2.58,1.94,2.58,INF,-1,1,7,0
2060,1,1,23.802,28.225,2.22,2.63,2.22,2.64,INF,-1,1,7,0
2080,1,1,22.405,29.468,2.09,2.75,2.09,2.75,INF,-1,0,7,0
2100,1,1,23.901,29.086,2.23,2.71,2.23,2.72,INF,-1,0,7,0
2120,1,1,25.043,29.112,2.34,2.72,2.34,2.72,INF,-1,0,7,0
2140,1,1,24.030,26.683,2.24,2.49,2.24,2.49,INF,-1,0,7,0
2160,1,1,24.686,28.141,2.31,2.63,2.30,2.63,INF,-1,0,7,0
2180,1,1,26.817,26.711,2.50,2.49,2.50,2.50,INF,-1,0,7,0
2200,1,1,24.968,26.739,2.33,2.50,2.33,2.50,INF,-1,0,7,0
2220,1,1,26.089,26.852,2.44,2.51,2.43,2.51,INF,-1,0,7,0
2240,1,1,25.795,26.884,2.41,2.51,2.41,2.51,INF,-1,0,7,0
2260,1,1,25.941,26.443,2.42,2.47,2.42,2.47,INF,-1,0,7,0
2280,1,1,27.003,25.448,2.52,2.37,2.52,2.38,INF,-1,0,7,0
2300,1,1,25.770,25.963,2.41,2.42,2.41,2.43,INF,-1,0,7,0
2320,1,1,24.987,27.018,2.33,2.52,2.33,2.52,INF,-1,1,7,0
2340,1,1,25.754,26.252,2.41,2.45,2.40,2.45,INF,-1,1,7,0
2360,1,1,26.182,25.974,2.45,2.42,2.44,2.43,INF,-1,1,7,0
2380,1,1,13.411,-0.251,1.25,-0.02,1.25,-0.02,INF,-1,1,7,0
2400,1,1,17.604,-0.886,1.64,-0.08,1.64,-0.08,INF,-1,1,7,0
2420,1,1,17.644,-0.577,1.65,-0.05,1.65,-0.05,INF,-1,0,7,0
2440,1,1,17.104,-0.544,1.60,-0.05,1.60,-0.05,INF,-1,0,7,0
2460,1,1,16.677,-1.027,1.56,-0.10,1.56,-0.10,INF,-1,0,7,0
2480,1,1,16.083,-0.252,1.50,-0.02,1.50,-0.02,INF,-1,0,7,0
2500,1,1,18.506,-1.946,1.73,-0.18,1.73,-0.18,INF,-1,0,7,0
2520,1,1,16.859,-0.311,1.58,-0.03,1.58,-0.03,INF,-1,0,7,0
2540,1,1,16.947,-1.093,1.58,-0.10,1.58,-0.10,INF,-1,0,7,0
2560,1,1,17.257,-1.246,1.61,-0.12,1.61,-0.12,INF,-1,0,7,0
2580,1,1,17.150,-1.514,1.60,-0.14,1.60,-0.14,INF,-1,0,7,0
2600,1,1,17.285,-0.330,1.62,-0.03,1.62,-0.03,INF,-1,0,7,0
2620,1,1,17.635,-0.743,1.65,-0.07,1.65,-0.07,INF,-1,0,7,0
2640,1,1,17.229,-0.577,1.61,-0.05,1.61,-0.05,INF,-1,0,7,0
2660,1,1,-9.449,-5.294,-0.88,-0.49,-0.88,-0.49,INF,-1,1,7,0
2680,1,1,-21.880,-6.508,-2.04,-0.61,-2.04,-0.61,INF,-1,1,7,0
2700,1,1,-18.479,-5.912,-1.73,-0.55,-1.73,-0.55,INF,-1,0,7,0
2720,1,1,-20.386,-6.292,-1.90,-0.59,-1.90,-0.59,INF,-1,0,7,0
2740,1,1,-21.360,-6.484,-2.00,-0.61,-2.00,-0.61,INF,-1,0,7,0
2760,1,1,-20.307,-7.479,-1.90,-0.70,-1.90,-0.70,INF,-1,0,7,0
2780,1,1,-19.410,-8.111,-1.81,-0.76,-1.81,-0.76,INF,-1,0,7,0
2800,1,1,-21.383,-7.524,-2.00,-0.70,-2.00,-0.70,INF,-1,0,7,0
2820,1,1,-21.413,-6.249,-2.00,-0.58,-2.00,-0.58,INF,-1,0,7,0
2840,1,1,-20.669,-6.450,-1.93,-0.60,-1.93,-0.60,INF,-1,0,7,0
2860,1,1,-20.619,-7.507,-1.93,-0.70,-1.93,-0.70,INF,-1,0,7,0
2880,1,1,-21.197,-7.294,-1.98,-0.68,-1.98,-0.68,INF,-1,0,7,0
2900,1,1,-20.837,-7.632,-1.95,-0.71,-1.95,-0.71,INF,-1,0,7,0
2920,1,1,-21.531,-7.288,-2.01,-0.68,-2.01,-0.68,INF,-1,0,7,0
2940,1,1,-21.602,-7.587,-2.02,-0.71,-2.02,-0.71,INF,-1,0,7,0
2960,1,1,-21.414,-7.974,-2.00,-0.74,-2.00,-0.75,INF,-1,1,7,0
2980,1,1,7.049,-15.967,0.66,-1.49,0.66,-1.49,INF,-1,1,7,0
3000,1,1,22.465,-14.655,2.10,-1.37,2.10,-1.37,INF,-1,1,7,0
3020,1,1,18.808,-14.204,1.76,-1.33,1.76,-1.33,INF,-1,0,7,0
3040,1,1,19.838,-15.036,1.85,-1.40,1.85,-1.41,INF,-1,0,7,0
3060,1,1,20.444,-15.102,1.91,-1.41,1.91,-1.41,INF,-1,0,7,0
3080,1,1,21.216,-15.721,1.98,-1.47,1.98,-1.47,INF,-1,0,7,0
3100,1,1,20.890,-16.023,1.95,-1.50,1.95,-1.50,INF,-1,0,7,0
3120,1,1,22.315,-16.199,2.08,-1.51,2.08,-1.51,INF,-1,0,7,0
3140,1,1,20.518,-14.132,1.92,-1.32,1.92,-1.32,INF,-1,0,7,0
3160,1,1,23.582,-15.947,2.20,-1.49,2.20,-1.49,INF,-1,0,7,0
3180,1,1,21.532,-15.783,2.01,-1.47,2.01,-1.47,INF,-1,0,7,0
3200,1,1,22.065,-15.188,2.06,-1.42,2.06,-1.42,INF,-1,0,7,0
3220,1,1,21.172,-15.111,1.98,-1.41,1.98,-1.41,INF,-1,0,7,0
3240,1,1,22.476,-16.495,2.10,-1.54,2.10,-1.54,INF,-1,0,7,0
3260,1,1,24.749,-16.712,2.31,-1.56,2.31,-1.56,INF,-1,0,7,0
3280,1,1,41.131,-3.666,3.84,-0.34,3.84,-0.34,INF,-1,1,7,0
3300,1,1,38.608,-7.273,3.60,-0.68,3.60,-0.68,INF,-1,1,7,0
3320,1,1,38.503,-4.988,3.59,-0.47,3.59,-0.47,INF,-1,0,7,0
3340,1,1,39.480,-6.564,3.68,-0.61,3.68,-0.61,INF,-1,0,7,0
3360,1,1,40.085,-6.701,3.74,-0.62,3.74,-0.63,INF,-1,0,7,0
3380,1,1,39.860,-5.659,3.72,-0.53,3.72,-0.53,INF,-1,0,7,0
3400,1,1,41.040,-6.981,3.83,-0.65,3.83,-0.65,INF,-1,0,7,0
3420,1,1,40.268,-6.020,3.76,-0.56,3.76,-0.56,INF,-1,0,7,0
3440,1,1,40.985,-6.990,3.83,-0.65,3.82,-0.65,INF,-1,0,7,0
3460,1,1,40.067,-7.139,3.74,-0.67,3.74,-0.67,INF,-1,0,7,0
3480,1,1,41.453,-7.765,3.87,-0.72,3.87,-0.73,INF,-1,0,7,0
3500,1,1,40.751,-7.700,3.80,-0.72,3.80,-0.72,INF,-1,0,7,0
3520,1,1,41.211,-8.154,3.85,-0.76,3.85,-0.76,INF,-1,0,7,0
3540,1,1,40.922,-8.115,3.82,-0.76,3.82,-0.76,INF,-1,0,7,0
3560,1,1,39.830,-6.830,3.72,-0.64,3.72,-0.64,INF,-1,1,7,0
3580,1,1,41.261,-6.291,3.85,-0.59,3.85,-0.59,INF,-1,1,7,0
3600,1,1,40.048,-6.284,3.74,-0.59,3.74,-0.59,INF,-1,1,7,0
3620,1,1,41.128,-7.963,3.84,-0.74,3.84,-0.74,INF,-1,1,7,0
3640,1,1,40.478,-7.409,3.78,-0.69,3.78,-0.69,INF,-1,1,7,0
3660,1,1,40.029,-6.116,3.74,-0.57,3.74,-0.57,INF,-1,1,7,0
3680,1,1,39.664,-7.193,3.70,-0.67,3.70,-0.67,INF,-1,1,7,0
3700,1,1,34.799,8.988,3.25,0.84,3.25,0.84,INF,-1,1,7,0
3720,1,1,34.382,12.024,3.21,1.12,3.21,1.12,INF,-1,1,7,0
3740,1,1,34.825,10.674,3.25,1.00,3.25,1.00,INF,-1,0,7,0
3760,1,1,33.831,11.835,3.16,1.10,3.16,1.11,INF,-1,0,7,0
3780,1,1,32.748,11.222,3.06,1.05,3.06,1.05,INF,-1,0,7,0
3800,1,1,33.191,12.092,3.10,1.13,3.10,1.13,INF,-1,0,7,0
3820,1,1,32.624,12.786,3.05,1.19,3.05,1.19,INF,-1,0,7,0
3840,1,1,31.992,11.468,2.99,1.07,2.99,1.07,INF,-1,0,7,0
3860,1,1,32.077,12.419,3.00,1.16,2.99,1.16,INF,-1,0,7,0
3880,1,1,32.276,12.755,3.01,1.19,3.01,1.19,INF,-1,0,7,0
3900,1,1,32.454,12.419,3.03,1.16,3.03,1.16,INF,-1,0,7,0
3920,1,1,31.021,13.065,2.90,1.22,2.90,1.22,INF,-1,0,7,0
3940,1,1,31.911,11.880,2.98,1.11,2.98,1.11,INF,-1,0,7,0
3960,1,1,33.730,11.645,3.15,1.09,3.15,1.09,INF,-1,0,7,0
3980,1,1,32.484,11.981,3.03,1.12,3.03,1.12,INF,-1,1,7,0
4000,1,1,31.686,11.696,2.96,1.09,2.96,1.09,INF,-1,1,7,0
4020,0,1,0.000,0.000,0.00,0.00,0.00,0.00,0.00,-1,1,7,0
4040,0,1,0.000,0.000,0.00,0.00,0.00,0.00,0.00,-1,1,7,0
4060,0,1,0.000,0.000,0.00,0.00,0.00,0.00,0.00,-1,1,7,0
4080,0,1,0.000,0.000,0.00,0.00,0.00,0.00,0.00,-1,1,7,0
4100,0,1,0.000,0.000,0.00,0.00,0.00,0.00,0.00,-1,0,7,0
4120,0,1,0.000,0.000,0.00,0.00,0.00,0.00,0.00,-1,0,7,0
4140,0,1,0.000,0.000,0.00,0.00,0.00,0.00,0.00,-1,0,7,0
4160,0,1,0.000,0.000,0.00,0.00,0.00,0.00,0.00,-1,0,7,0
4180,1,1,-53.927,42.090,-5.03,3.91,-5.02,3.93,INF,-1,0,7,0
4200,1,1,-14.514,23.761,-1.36,2.22,-1.36,2.22,INF,-1,0,7,0
4220,1,1,-14.816,25.377,-1.38,2.37,-1.38,2.37,INF,-1,0,7,0
4240,1,1,-15.055,24.346,-1.41,2.27,-1.41,2.27,INF,-1,0,7,0
4260,1,1,-16.169,23.665,-1.51,2.21,-1.51,2.21,INF,-1,0,7,0
4280,1,1,-14.808,23.897,-1.38,2.23,-1.38,2.23,INF,-1,0,7,0
4300,1,1,-15.538,23.684,-1.45,2.21,-1.45,2.21,INF,-1,0,7,0
4320,1,1,-15.115,23.793,-1.41,2.22,-1.41,2.22,INF,-1,0,7,0
4340,1,1,-15.503,22.757,-1.45,2.13,-1.45,2.13,INF,-1,0,7,0
4360,1,1,-16.488,28.328,-1.54,2.64,-1.54,2.65,INF,-1,0,7,0
4380,1,1,-15.999,36.640,-1.50,3.42,-1.49,3.42,INF,-1,0,7,0
4400,1,1,-15.306,34.328,-1.43,3.20,-1.43,3.21,INF,-1,0,7,0
4420,1,1,-16.837,32.884,-1.57,3.07,-1.57,3.07,INF,-1,0,7,0
4440,1,1,-16.427,34.295,-1.54,3.20,-1.53,3.20,INF,-1,0,7,0
4460,1,1,-16.398,34.459,-1.53,3.22,-1.53,3.22,INF,-1,0,7,0
4480,1,1,-16.519,33.360,-1.54,3.11,-1.54,3.12,INF,-1,1,7,0
4500,1,1,-16.511,34.260,-1.54,3.20,-1.54,3.20,INF,-1,1,7,0
4520,1,1,-16.561,34.406,-1.55,3.21,-1.55,3.21,INF,-1,1,7,0
4540,1,1,-16.145,32.876,-1.51,3.07,-1.51,3.07,INF,-1,1,7,0
4560,1,1,-16.962,36.046,-1.59,3.36,-1.58,3.37,INF,-1,1,7,0
4580,1,1,-17.120,34.665,-1.60,3.24,-1.60,3.24,INF,-1,1,7,0
4600,1,1,-16.246,33.447,-1.52,3.12,-1.52,3.12,INF,-1,1,7,0
4620,1,1,-17.244,33.008,-1.61,3.08,-1.61,3.08,INF,-1,1,7,0
4640,1,1,-20.391,34.428,-1.91,3.21,-1.90,3.21,INF,-1,1,7,0
4660,1,1,-50.979,21.192,-4.75,1.97,-4.75,1.98,INF,-1,1,7,0
4680,1,1,-47.948,16.004,-4.47,1.49,-4.47,1.50,INF,-1,1,7,0
4700,1,1,-48.152,19.004,-4.49,1.77,-4.49,1.78,INF,-1,0,7,0
4720,1,1,-49.760,17.083,-4.64,1.59,-4.64,1.60,INF,-1,0,7,0
4740,1,1,-49.330,16.628,-4.60,1.55,-4.60,1.55,INF,-1,0,7,0
4760,1,1,-50.472,17.040,-4.71,1.59,-4.71,1.59,INF,-1,0,7,0
4780,1,1,-50.814,17.120,-4.74,1.59,-4.74,1.60,INF,-1,0,7,0
4800,1,1,-49.501,17.199,-4.62,1.60,-4.61,1.61,INF,-1,0,7,0
4820,1,1,-51.375,17.096,-4.79,1.59,-4.79,1.60,INF,-1,0,7,0
4840,1,1,-49.995,16.119,-4.66,1.50,-4.66,1.51,INF,-1,0,7,0
4860,1,1,-49.815,16.244,-4.65,1.51,-4.64,1.52,INF,-1,0,7,0
4880,1,1,-53.315,18.875,-4.97,1.76,-4.97,1.76,INF,-1,0,7,0
4900,1,1,-50.798,17.006,-4.74,1.58,-4.74,1.59,INF,-1,0,7,0
4920,1,1,-53.358,19.424,-4.97,1.81,-4.97,1.81,INF,-1,0,7,0
4940,1,1,-52.497,14.742,-4.89,1.37,-4.89,1.38,INF,-1,1,7,0
4960,1,1,26.008,-6.185,2.43,-0.58,2.43,-0.58,INF,-1,1,7,0
4980,1,1,48.813,-9.665,4.55,-0.90,4.55,-0.90,INF,-1,1,7,0
5000,1,1,42.451,-7.423,3.96,-0.69,3.96,-0.69,INF,-1,0,7,0
5020,1,1,44.485,-9.135,4.15,-0.85,4.15,-0.85,INF,-1,0,7,0
5040,1,1,44.550,-8.910,4.16,-0.83,4.16,-0.83,INF,-1,0,7,0
5060,1,1,43.946,-8.257,4.10,-0.77,4.10,-0.77,INF,-1,0,7,0
5080,1,1,44.451,-8.322,4.15,-0.78,4.15,-0.78,INF,-1,0,7,0
5100,1,1,45.726,-8.629,4.27,-0.80,4.27,-0.81,INF,-1,0,7,0
5120,1,1,45.821,-10.027,4.27,-0.93,4.27,-0.94,INF,-1,0,7,0
5140,1,1,47.088,-9.869,4.39,-0.92,4.39,-0.92,INF,-1,0,7,0
5160,1,1,45.217,-10.232,4.22,-0.95,4.22,-0.96,INF,-1,0,7,0
5180,1,1,45.872,-9.501,4.28,-0.89,4.28,-0.89,INF,-1,0,7,0
5200,1,1,46.158,-11.225,4.31,-1.05,4.31,-1.05,INF,-1,0,7,0
5220,1,1,45.238,-13.112,4.22,-1.22,4.22,-1.23,INF,-1,0,7,0
5240,1,1,41.587,-23.213,3.88,-2.16,3.88,-2.17,INF,-1,0,7,0
5260,1,1,43.163,-20.750,4.03,-1.93,4.03,-1.94,INF,-1,1,7,0
5280,1,1,44.784,-22.630,4.18,-2.11,4.18,-2.11,INF,-1,1,7,0
5300,1,1,43.178,-23.175,4.03,-2.16,4.03,-2.17,INF,-1,1,7,0
5320,1,1,43.708,-23.388,4.08,-2.18,4.08,-2.18,INF,-1,0,7,0
5340,1,1,42.540,-21.634,3.97,-2.02,3.97,-2.02,INF,-1,0,7,0
5360,1,1,43.250,-22.160,4.04,-2.07,4.03,-2.07,INF,-1,0,7,0
5380,1,1,45.024,-22.402,4.20,-2.09,4.20,-2.09,INF,-1,0,7,0
5400,1,1,44.398,-22.362,4.14,-2.08,4.14,-2.09,INF,-1,0,7,0
5420,1,1,44.234,-24.576,4.13,-2.29,4.12,-2.30,INF,-1,0,7,0
5440,1,1,44.328,-23.500,4.14,-2.19,4.13,-2.20,INF,-1,0,7,0
5460,1,1,43.218,-23.111,4.03,-2.15,4.03,-2.16,INF,-1,0,7,0
5480,1,1,43.736,-24.041,4.08,-2.24,4.08,-2.25,INF,-1,0,7,0
5500,1,1,43.611,-23.145,4.07,-2.16,4.07,-2.16,INF,-1,0,7,0
5520,1,1,42.827,-23.057,4.00,-2.15,3.99,-2.15,INF,-1,0,7,0
5540,1,1,42.361,-23.038,3.95,-2.15,3.95,-2.15,INF,-1,0,7,0
5560,1,1,44.139,-23.345,4.12,-2.18,4.12,-2.18,INF,-1,1,7,0
5580,1,1,47.279,-26.356,4.41,-2.45,4.41,-2.46,INF,-1,1,7,0
5600,1,1,45.790,-26.818,4.27,-2.50,4.27,-2.50,INF,-1,1,7,0
5620,1,1,48.203,-27.528,4.50,-2.56,4.49,-2.57,INF,-1,1,7,0
5640,1,1,47.093,-27.042,4.39,-2.52,4.39,-2.53,INF,-1,1,7,0
5660,1,1,46.576,-26.346,4.35,-2.45,4.34,-2.46,INF,-1,1,7,0
5680,1,1,47.772,-27.660,4.46,-2.58,4.45,-2.58,INF,-1,1,7,0
5700,1,1,46.899,-25.824,4.37,-2.41,4.37,-2.41,INF,-1,1,7,0
5720,1,1,49.001,-29.156,4.57,-2.71,4.57,-2.72,INF,-1,1,7,0
5740,1,1,47.702,-27.397,4.45,-2.55,4.45,-2.56,INF,-1,1,7,0
5760,1,1,47.173,-27.059,4.40,-2.52,4.40,-2.53,INF,-1,1,7,0
5780,1,1,47.552,-26.736,4.44,-2.49,4.43,-2.50,INF,-1,1,7,0
5800,1,1,46.614,-26.867,4.35,-2.50,4.34,-2.51,INF,-1,1,7,0
5820,1,1,46.989,-27.403,4.38,-2.55,4.38,-2.56,INF,-1,1,7,0
5840,1,1,47.067,-27.489,4.39,-2.56,4.39,-2.57,INF,-1,1,7,0
5860,1,1,48.361,-28.378,4.51,-2.64,4.51,-2.65,INF,-1,1,7,0
5880,1,1,46.894,-27.468,4.37,-2.56,4.37,-2.57,INF,-1,1,7,0
5900,1,1,48.017,-27.599,4.48,-2.57,4.47,-2.58,INF,-1,1,7,0
5920,1,1,47.903,-27.160,4.47,-2.53,4.46,-2.54,INF,-1,1,7,0
5940,1,1,47.425,-27.195,4.42,-2.53,4.42,-2.54,INF,-1,1,7,0
5960,1,1,65.088,4.544,6.06,0.42,6.06,0.42,INF,-1,1,7,0
5980,1,1,60.328,28.796,5.62,2.68,5.61,2.69,INF,-1,1,7,0
6000,1,1,58.707,25.129,5.47,2.34,5.47,2.35,INF,-1,0,7,0
6020,1,1,58.664,26.924,5.47,2.50,5.46,2.51,INF,-1,0,7,0
6040,1,1,58.944,28.374,5.49,2.64,5.49,2.65,INF,-1,0,7,0
6060,1,1,57.903,26.936,5.40,2.50,5.39,2.52,INF,-1,0,7,0
6080,1,1,57.645,27.653,5.37,2.57,5.37,2.58,INF,-1,0,7,0
6100,1,1,60.563,27.430,5.64,2.55,5.64,2.56,INF,-1,0,7,0
6120,1,1,59.009,26.845,5.50,2.50,5.49,2.51,INF,-1,0,7,0
6140,1,1,59.826,26.597,5.57,2.47,5.57,2.48,INF,-1,0,7,0
6160,1,1,58.341,26.633,5.44,2.48,5.43,2.49,INF,-1,0,7,0
6180,1,1,57.748,27.603,5.38,2.57,5.38,2.58,INF,-1,0,7,0
6200,1,1,59.273,26.334,5.52,2.45,5.52,2.46,INF,-1,0,7,0
6220,1,1,58.407,26.284,5.44,2.44,5.44,2.46,INF,-1,0,7,0
6240,1,1,51.205,23.838,4.77,2.22,4.77,2.23,INF,-1,0,7,0
6260,1,1,41.125,21.435,3.84,2.00,3.84,2.00,INF,-1,1,7,0
6280,1,1,42.420,21.497,3.96,2.00,3.96,2.01,INF,-1,1,7,0
6300,1,1,39.459,22.237,3.68,2.07,3.68,2.08,INF,-1,0,7,0
6320,1,1,39.391,22.534,3.68,2.10,3.67,2.11,INF,-1,0,7,0
6340,1,1,39.100,21.983,3.65,2.05,3.65,2.05,INF,-1,0,7,0
6360,1,1,41.080,21.705,3.83,2.02,3.83,2.03,INF,-1,0,7,0
6380,1,1,39.237,22.148,3.66,2.06,3.66,2.07,INF,-1,0,7,0
6400,1,1,40.466,21.028,3.78,1.96,3.77,1.96,INF,-1,0,7,0
6420,1,1,39.345,21.425,3.67,2.00,3.67,2.00,INF,-1,0,7,0
6440,1,1,41.378,20.342,3.86,1.90,3.86,1.90,INF,-1,0,7,0
6460,1,1,39.022,21.119,3.64,1.97,3.64,1.97,INF,-1,0,7,0
6480,1,1,39.483,21.993,3.69,2.05,3.68,2.05,INF,-1,0,7,0
6500,1,1,37.773,20.375,3.53,1.90,3.52,1.90,INF,-1,0,7,0
6520,1,1,20.941,22.825,1.96,2.13,1.96,2.13,INF,-1,0,7,0
6540,1,1,22.024,22.836,2.06,2.13,2.06,2.13,INF,-1,1,7,0
6560,1,1,21.569,23.074,2.02,2.15,2.01,2.16,INF,-1,0,7,0
6580,1,1,22.277,21.633,2.08,2.02,2.08,2.02,INF,-1,0,7,0
6600,1,1,22.580,20.528,2.11,1.92,2.11,1.92,INF,-1,0,7,0
6620,1,1,20.878,21.177,1.95,1.98,1.95,1.98,INF,-1,0,7,0
6640,1,1,20.838,21.930,1.95,2.05,1.95,2.05,INF,-1,0,7,0
6660,1,1,21.040,20.942,1.97,1.96,1.96,1.96,INF,-1,0,7,0
6680,1,1,20.058,22.227,1.87,2.08,1.87,2.08,INF,-1,0,7,0
6700,1,1,22.376,20.309,2.09,1.90,2.09,1.90,INF,-1,0,7,0
6720,1,1,21.407,21.801,2.00,2.04,2.00,2.04,INF,-1,0,7,0
6740,1,1,22.896,21.133,2.14,1.97,2.14,1.97,INF,-1,0,7,0
6760,1,1,22.161,21.387,2.07,2.00,2.07,2.00,INF,-1,0,7,0
6780,1,1,20.624,22.051,1.93,2.06,1.93,2.06,INF,-1,0,7,0
6800,1,1,20.139,23.014,1.88,2.15,1.88,2.15,INF,-1,1,7,0
6820,1,1,26.855,19.739,2.51,1.84,2.51,1.84,INF,-1,1,7,0
6840,1,1,46.244,12.881,4.31,1.20,4.31,1.20,INF,-1,1,7,0
6860,1,1,45.874,13.376,4.28,1.25,4.28,1.25,INF,-1,1,7,0
6880,1,1,45.157,14.289,4.21,1.33,4.21,1.34,INF,-1,0,7,0
6900,1,1,46.816,12.589,4.37,1.17,4.37,1.18,INF,-1,0,7,0
6920,1,1,45.876,12.588,4.28,1.17,4.28,1.18,INF,-1,0,7,0
6940,1,1,46.870,11.738,4.37,1.09,4.37,1.10,INF,-1,0,7,0
6960,1,1,46.203,12.559,4.31,1.17,4.31,1.17,INF,-1,0,7,0
6980,1,1,47.261,13.744,4.41,1.28,4.41,1.28,INF,-1,0,7,0
7000,1,1,47.383,13.118,4.42,1.22,4.42,1.23,INF,-1,0,7,0
7020,1,1,46.129,13.387,4.30,1.25,4.30,1.25,INF,-1,0,7,0
7040,1,1,47.059,13.023,4.39,1.21,4.39,1.22,INF,-1,0,7,0
7060,1,1,46.529,12.351,4.34,1.15,4.34,1.15,INF,-1,0,7,0
7080,1,1,47.030,13.238,4.39,1.23,4.39,1.24,INF,-1,0,7,0
7100,1,1,46.195,13.750,4.31,1.28,4.31,1.28,INF,-1,0,7,0
7120,1,1,47.035,12.466,4.39,1.16,4.39,1.16,INF,-1,1,7,0
7140,1,1,56.023,13.908,5.22,1.29,5.22,1.30,INF,-1,1,7,0
7160,1,1,54.926,13.612,5.12,1.27,5.12,1.27,INF,-1,1,7,0
7180,1,1,55.513,13.223,5.17,1.23,5.17,1.24,INF,-1,1,7,0
7200,1,1,56.839,12.105,5.30,1.13,5.30,1.13,INF,-1,1,7,0
7220,1,1,55.458,12.642,5.17,1.18,5.17,1.18,INF,-1,1,7,0
7240,1,1,56.724,11.916,5.29,1.11,5.29,1.11,INF,-1,1,7,0
7260,1,1,55.311,13.000,5.16,1.21,5.15,1.21,INF,-1,1,7,0
7280,1,1,55.559,13.908,5.18,1.29,5.18,1.30,INF,-1,1,7,0
7300,1,1,57.426,12.152,5.35,1.13,5.35,1.14,INF,-1,1,7,0
7320,1,1,57.585,11.532,5.37,1.07,5.37,1.08,INF,-1,1,7,0
7340,1,1,56.193,13.209,5.24,1.23,5.24,1.23,INF,-1,1,7,0
7360,1,1,55.810,12.976,5.20,1.21,5.20,1.21,INF,-1,1,7,0
7380,1,1,56.054,13.587,5.22,1.26,5.22,1.27,INF,-1,1,7,0
7400,1,1,56.372,12.750,5.25,1.19,5.25,1.19,INF,-1,1,7,0
7420,1,1,54.196,13.158,5.05,1.22,5.05,1.23,INF,-1,1,7,0
7440,1,1,55.339,11.024,5.16,1.03,5.16,1.03,INF,-1,1,7,0
7460,1,1,57.754,-17.162,5.38,-1.60,5.38,-1.60,INF,-1,1,7,0
7480,1,1,56.575,-9.943,5.27,-0.93,5.27,-0.93,INF,-1,1,7,0
7500,1,1,56.682,-11.740,5.28,-1.09,5.28,-1.10,INF,-1,0,7,0
7520,1,1,56.328,-11.504,5.25,-1.07,5.25,-1.08,INF,-1,0,7,0
7540,1,1,55.822,-11.829,5.20,-1.10,5.20,-1.11,INF,-1,0,7,0
7560,1,1,55.883,-12.915,5.21,-1.20,5.21,-1.21,INF,-1,0,7,0
7580,1,1,57.341,-13.078,5.34,-1.22,5.34,-1.22,INF,-1,0,7,0
7600,1,1,56.982,-13.465,5.31,-1.25,5.31,-1.26,INF,-1,0,7,0
7620,1,1,56.508,-12.663,5.27,-1.18,5.27,-1.18,INF,-1,0,7,0
7640,1,1,56.531,-13.605,5.27,-1.27,5.27,-1.27,INF,-1,0,7,0
7660,1,1,55.571,-13.924,5.18,-1.30,5.18,-1.30,INF,-1,0,7,0
7680,1,1,56.296,-13.515,5.25,-1.26,5.25,-1.26,INF,-1,0,7,0
7700,1,1,56.952,-13.283,5.31,-1.24,5.31,-1.24,INF,-1,0,7,0
7720,1,1,56.728,-13.659,5.29,-1.27,5.29,-1.28,INF,-1,0,7,0
7740,1,1,32.754,-10.335,3.06,-0.96,3.06,-0.97,INF,-1,1,7,0
7760,1,1,0.593,-1.988,0.06,-0.19,0.06,-0.19,INF,-1,1,7,0
7780,1,1,-3.020,-2.051,-0.28,-0.19,-0.28,-0.19,INF,-1,0,7,0
7800,1,1,-3.753,-0.720,-0.35,-0.07,-0.35,-0.07,INF,-1,0,7,0
7820,1,1,-4.238,-0.451,-0.40,-0.04,-0.40,-0.04,INF,-1,0,7,0
7840,1,1,-4.496,-0.473,-0.42,-0.04,-0.42,-0.04,INF,-1,0,7,0
7860,1,1,-4.248,-0.533,-0.40,-0.05,-0.40,-0.05,INF,-1,0,7,0
7880,1,1,-4.511,-0.465,-0.42,-0.04,-0.42,-0.04,INF,-1,0,7,0
7900,1,1,-4.042,-1.988,-0.38,-0.19,-0.38,-0.19,INF,-1,0,7,0
7920,1,1,-3.417,-1.737,-0.32,-0.16,-0.32,-0.16,INF,-1,0,7,0
7940,1,1,-3.439,-2.374,-0.32,-0.22,-0.32,-0.22,INF,-1,0,7,0
7960,1,1,13.752,-12.639,1.29,-1.18,1.28,-1.18,INF,-1,0,7,0
7980,1,1,16.722,-17.232,1.56,-1.61,1.56,-1.61,INF,-1,0,7,0
8000,1,1,15.992,-15.491,1.49,-1.45,1.49,-1.45,INF,-1,0,7,0
8020,1,1,17.032,-15.948,1.59,-1.49,1.59,-1.49,INF,-1,0,7,0
8040,1,1,18.397,-17.755,1.72,-1.66,1.72,-1.66,INF,-1,0,7,0
8060,1,1,18.108,-17.988,1.69,-1.68,1.69,-1.68,INF,-1,0,7,0
8080,1,1,18.971,-17.526,1.77,-1.64,1.77,-1.64,INF,-1,0,7,0
8100,1,1,17.177,-16.812,1.61,-1.57,1.60,-1.57,INF,-1,0,7,0
8120,1,1,17.333,-17.398,1.62,-1.63,1.62,-1.63,INF,-1,0,7,0
8140,1,1,16.834,-16.699,1.57,-1.56,1.57,-1.56,INF,-1,0,7,0
8160,1,1,18.320,-18.299,1.71,-1.71,1.71,-1.71,INF,-1,1,7,0
8180,1,1,18.134,-16.064,1.69,-1.50,1.69,-1.50,INF,-1,1,7,0
8200,1,1,17.049,-16.974,1.59,-1.59,1.59,-1.59,INF,-1,1,7,0
8220,1,1,19.144,-17.567,1.79,-1.64,1.79,-1.64,INF,-1,1,7,0
8240,1,1,11.573,-19.136,1.08,-1.79,1.08,-1.79,INF,-1,1,7,0
8260,1,1,-28.706,-28.112,-2.68,-2.62,-2.68,-2.63,INF,-1,1,7,0
8280,1,1,-31.238,-27.565,-2.92,-2.57,-2.91,-2.57,INF,-1,1,7,0
8300,1,1,-32.456,-26.894,-3.03,-2.51,-3.03,-2.51,INF,-1,0,7,0
8320,1,1,-32.287,-27.596,-3.01,-2.57,-3.01,-2.58,INF,-1,0,7,0
8340,1,1,-31.850,-27.294,-2.97,-2.55,-2.97,-2.55,INF,-1,0,7,0
8360,1,1,-31.601,-28.705,-2.95,-2.68,-2.95,-2.68,INF,-1,0,7,0
8380,1,1,-31.772,-27.887,-2.97,-2.60,-2.96,-2.60,INF,-1,0,7,0
8400,1,1,-32.733,-27.068,-3.06,-2.52,-3.05,-2.53,INF,-1,0,7,0
8420,1,1,-32.971,-26.803,-3.08,-2.50,-3.08,-2.50,INF,-1,0,7,0
8440,1,1,-31.961,-26.995,-2.98,-2.52,-2.98,-2.52,INF,-1,0,7,0
8460,1,1,-34.194,-28.425,-3.19,-2.65,-3.19,-2.65,INF,-1,0,7,0
8480,1,1,-29.963,-28.400,-2.80,-2.65,-2.80,-2.65,INF,-1,0,7,0
8500,1,1,-32.090,-24.790,-3.00,-2.31,-2.99,-2.32,INF,-1,0,7,0
8520,0,1,0.000,0.000,0.00,0.00,0.00,0.00,0.00,-1,0,7,0
8540,0,1,0.000,0.000,0.00,0.00,0.00,0.00,0.00,-1,1,7,0
8560,0,1,0.000,0.000,0.00,0.00,0.00,0.00,0.00,-1,1,7,0
8580,0,1,0.000,0.000,0.00,0.00,0.00,0.00,0.00,-1,1,7,0
8600,0,1,0.000,0.000,0.00,0.00,0.00,0.00,0.00,-1,0,7,0
8620,0,1,0.000,0.000,0.00,0.00,0.00,0.00,0.00,-1,0,7,0
8640,1,1,2.752,-11.647,0.26,-1.09,0.26,-1.09,INF,-1,0,7,0
8660,1,1,1.702,-9.751,0.16,-0.91,0.16,-0.91,INF,-1,0,7,0
8680,1,1,3.093,-10.058,0.29,-0.94,0.29,-0.94,INF,-1,0,7,0
8700,1,1,3.245,-9.984,0.30,-0.93,0.30,-0.93,INF,-1,0,7,0
8720,1,1,2.691,-9.536,0.25,-0.89,0.25,-0.89,INF,-1,0,7,0
8740,1,1,4.090,-10.424,0.38,-0.97,0.38,-0.97,INF,-1,0,7,0
8760,1,1,3.778,-10.111,0.35,-0.94,0.35,-0.95,INF,-1,0,7,0
8780,1,1,4.241,-10.782,0.40,-1.01,0.40,-1.01,INF,-1,0,7,0
8800,1,1,4.542,-10.332,0.42,-0.97,0.42,-0.97,INF,-1,0,7,0
8820,1,1,3.488,-10.381,0.33,-0.97,0.33,-0.97,INF,-1,0,7,0
8840,1,1,4.761,-10.393,0.44,-0.97,0.44,-0.97,INF,-1,0,7,0
8860,1,1,4.790,-11.437,0.45,-1.07,0.45,-1.07,INF,-1,0,7,0
8880,1,1,5.870,-11.118,0.55,-1.04,0.55,-1.04,INF,-1,0,7,0
8900,1,1,5.814,-12.247,0.54,-1.14,0.54,-1.14,INF,-1,0,7,0
8920,1,1,4.424,-11.498,0.41,-1.07,0.41,-1.07,INF,-1,1,7,0
8940,1,1,5.477,-10.854,0.51,-1.01,0.51,-1.01,INF,-1,1,7,0
8960,1,1,15.028,6.401,1.40,0.60,1.40,0.60,INF,-1,1,7,0
8980,1,1,12.772,6.837,1.19,0.64,1.19,0.64,INF,-1,1,7,0
9000,1,1,12.483,5.669,1.17,0.53,1.17,0.53,INF,-1,0,7,0
9020,1,1,12.339,6.195,1.15,0.58,1.15,0.58,INF,-1,0,7,0
9040,1,1,12.321,5.903,1.15,0.55,1.15,0.55,INF,-1,0,7,0
9060,1,1,13.479,5.591,1.26,0.52,1.26,0.52,INF,-1,0,7,0
9080,1,1,14.575,4.939,1.36,0.46,1.36,0.46,INF,-1,0,7,0
9100,1,1,13.894,5.150,1.30,0.48,1.30,0.48,INF,-1,0,7,0
9120,1,1,14.471,4.197,1.35,0.39,1.35,0.39,INF,-1,0,7,0
9140,1,1,14.322,4.274,1.34,0.40,1.34,0.40,INF,-1,0,7,0
9160,1,1,14.691,4.202,1.37,0.39,1.37,0.39,INF,-1,0,7,0
9180,1,1,15.274,3.803,1.43,0.36,1.43,0.36,INF,-1,0,7,0
9200,1,1,15.216,3.590,1.42,0.34,1.42,0.34,INF,-1,0,7,0
9220,1,1,15.191,3.942,1.42,0.37,1.42,0.37,INF,-1,0,7,0
9240,1,1,15.224,3.549,1.42,0.33,1.42,0.33,INF,-1,1,7,0
9260,1,1,15.283,3.147,1.43,0.29,1.43,0.29,INF,-1,1,7,0
9280,1,1,13.997,3.878,1.31,0.36,1.31,0.36,INF,-1,1,7,0
9300,1,1,15.367,4.438,1.44,0.41,1.44,0.41,INF,-1,1,7,0
9320,1,1,15.558,4.895,1.45,0.46,1.45,0.46,INF,-1,1,7,0
9340,1,1,15.300,3.899,1.43,0.36,1.43,0.36,INF,-1,1,7,0
9360,1,1,16.018,2.867,1.50,0.27,1.50,0.27,INF,-1,1,7,0
9380,1,1,15.097,3.980,1.41,0.37,1.41,0.37,INF,-1,1,7,0
9400,1,1,16.213,2.746,1.52,0.26,1.51,0.26,INF,-1,1,7,0
9420,1,1,30.155,-16.024,2.82,-1.50,2.82,-1.50,INF,-1,1,7,0
9440,1,1,29.509,-16.681,2.76,-1.56,2.75,-1.56,INF,-1,1,7,0
9460,1,1,30.184,-16.627,2.82,-1.55,2.82,-1.55,INF,-1,0,7,0
9480,1,1,29.123,-15.522,2.72,-1.45,2.72,-1.45,INF,-1,0,7,0
9500,1,1,28.746,-16.353,2.68,-1.53,2.68,-1.53,INF,-1,0,7,0
9520,1,1,28.946,-17.205,2.70,-1.61,2.70,-1.61,INF,-1,0,7,0
9540,1,1,28.364,-16.778,2.65,-1.57,2.65,-1.57,INF,-1,0,7,0
9560,1,1,29.716,-16.334,2.78,-1.52,2.77,-1.53,INF,-1,0,7,0
9580,1,1,29.170,-16.714,2.72,-1.56,2.72,-1.56,INF,-1,0,7,0
9600,1,1,29.090,-16.164,2.72,-1.51,2.72,-1.51,INF,-1,0,7,0
9620,1,1,29.433,-17.041,2.75,-1.59,2.75,-1.59,INF,-1,0,7,0
9640,1,1,30.352,-18.109,2.83,-1.69,2.83,-1.69,INF,-1,0,7,0
9660,1,1,29.322,-17.260,2.74,-1.61,2.74,-1.61,INF,-1,0,7,0
9680,1,1,29.699,-17.157,2.77,-1.60,2.77,-1.60,INF,-1,0,7,0
9700,1,1,29.283,-17.026,2.73,-1.59,2.73,-1.59,INF,-1,1,7,0
9720,1,1,29.842,-15.851,2.79,-1.48,2.79,-1.48,INF,-1,1,7,0
9740,1,1,30.324,-17.798,2.83,-1.66,2.83,-1.66,INF,-1,1,7,0
9760,1,1,26.299,-17.261,2.46,-1.61,2.46,-1.61,INF,-1,1,7,0
9780,1,1,14.129,-8.108,1.32,-0.76,1.32,-0.76,INF,-1,1,7,0
9800,1,1,15.267,-8.895,1.43,-0.83,1.43,-0.83,INF,-1,1,7,0
9820,1,1,15.519,-9.729,1.45,-0.91,1.45,-0.91,INF,-1,0,7,0
9840,1,1,15.471,-8.701,1.45,-0.81,1.45,-0.81,INF,-1,0,7,0
9860,1,1,14.555,-9.828,1.36,-0.92,1.36,-0.92,INF,-1,0,7,0
9880,1,1,16.468,-9.733,1.54,-0.91,1.54,-0.91,INF,-1,0,7,0
9900,1,1,15.752,-8.842,1.47,-0.83,1.47,-0.83,INF,-1,0,7,0
9920,1,1,16.456,-9.827,1.54,-0.92,1.54,-0.92,INF,-1,0,7,0
9940,1,1,14.884,-8.435,1.39,-0.79,1.39,-0.79,INF,-1,0,7,0
9960,0,1,0.000,0.000,0.00,0.00,0.00,0.00,0.00,-1,0,7,0
9980,1,1,15.270,-9.123,1.43,-0.85,1.43,-0.85,INF,-1,0,7,0
10000,1,1,14.945,-8.782,1.40,-0.82,1.40,-0.82,INF,-1,0,7,0
10020,1,1,17.238,-10.270,1.61,-0.96,1.61,-0.96,INF,-1,0,7,0
10040,1,1,3.793,0.442,0.35,0.04,0.35,0.04,INF,-1,0,7,0
10060,1,1,-10.870,22.741,-1.02,2.12,-1.02,2.12,INF,-1,1,7,0
10080,1,1,-7.808,18.375,-0.73,1.72,-0.73,1.72,INF,-1,0,7,0
10100,1,1,-9.407,19.096,-0.88,1.78,-0.88,1.78,INF,-1,0,7,0
10120,1,1,-9.369,19.162,-0.88,1.79,-0.88,1.79,INF,-1,0,7,0
10140,1,1,-8.728,18.114,-0.82,1.69,-0.82,1.69,INF,-1,0,7,0
10160,1,1,-8.851,18.526,-0.83,1.73,-0.83,1.73,INF,-1,0,7,0
10180,1,1,-9.247,18.755,-0.86,1.75,-0.86,1.75,INF,-1,0,7,0
10200,1,1,-8.895,19.153,-0.83,1.79,-0.83,1.79,INF,-1,0,7,0
10220,1,1,-8.308,17.520,-0.78,1.64,-0.78,1.64,INF,-1,0,7,0
10240,1,1,-8.756,18.347,-0.82,1.71,-0.82,1.71,INF,-1,0,7,0
10260,1,1,-8.399,18.069,-0.79,1.69,-0.78,1.69,INF,-1,0,7,0
10280,1,1,-8.276,17.327,-0.77,1.62,-0.77,1.62,INF,-1,0,7,0
10300,1,1,-8.055,17.116,-0.75,1.60,-0.75,1.60,INF,-1,0,7,0
10320,1,1,-8.588,17.285,-0.80,1.62,-0.80,1.62,INF,-1,0,7,0
10340,1,1,-8.138,17.290,-0.76,1.62,-0.76,1.62,INF,-1,1,7,0
10360,1,1,-7.000,21.417,-0.65,2.00,-0.65,2.00,INF,-1,1,7,0
10380,0,1,0.000,0.000,0.00,0.00,0.00,0.00,0.00,-1,1,7,0
10400,0,1,0.000,0.000,0.00,0.00,0.00,0.00,0.00,-1,1,7,0
10420,0,1,0.000,0.000,0.00,0.00,0.00,0.00,0.00,-1,1,7,0
10440,0,1,0.000,0.000,0.00,0.00,0.00,0.00,0.00,-1,1,7,0
10460,0,1,0.000,0.000,0.00,0.00,0.00,0.00,0.00,-1,0,7,0
10480,0,1,0.000,0.000,0.00,0.00,0.00,0.00,0.00,-1,0,7,0
10500,0,1,0.000,0.000,0.00,0.00,0.00,0.00,0.00,-1,0,7,0
10520,1,1,3.323,-14.372,0.31,-1.34,0.31,-1.34,INF,-1,0,7,0
10540,0,1,0.000,0.000,0.00,0.00,0.00,0.00,0.00,-1,0,7,0
10560,1,1,4.604,-9.119,0.43,-0.85,0.43,-0.85,INF,-1,0,7,0
10580,1,1,5.332,-10.390,0.50,-0.97,0.50,-0.97,INF,-1,0,7,0
10600,1,1,4.473,-10.042,0.42,-0.94,0.42,-0.94,INF,-1,0,7,0
10620,1,1,5.540,-10.047,0.52,-0.94,0.52,-0.94,INF,-1,0,7,0
10640,1,1,5.531,-9.832,0.52,-0.92,0.52,-0.92,INF,-1,0,7,0
10660,1,1,5.585,-10.145,0.52,-0.95,0.52,-0.95,INF,-1,0,7,0
10680,1,1,4.488,-9.036,0.42,-0.84,0.42,-0.84,INF,-1,0,7,0
10700,1,1,4.655,-8.552,0.44,-0.80,0.44,-0.80,INF,-1,0,7,0
10720,1,1,5.376,-9.548,0.50,-0.89,0.50,-0.89,INF,-1,0,7,0
10740,1,1,5.564,-8.847,0.52,-0.83,0.52,-0.83,INF,-1,0,7,0
10760,1,1,7.096,-11.690,0.66,-1.09,0.66,-1.09,INF,-1,0,7,0
10780,1,1,38.289,-11.447,3.57,-1.07,3.57,-1.07,INF,-1,0,7,0
10800,1,1,34.433,-10.618,3.21,-0.99,3.21,-0.99,INF,-1,1,7,0
10820,1,1,33.715,-12.361,3.15,-1.15,3.15,-1.16,INF,-1,0,7,0
10840,1,1,34.561,-10.437,3.23,-0.97,3.23,-0.98,INF,-1,0,7,0
10860,1,1,35.264,-11.497,3.29,-1.07,3.29,-1.07,INF,-1,0,7,0
10880,1,1,35.778,-12.015,3.34,-1.12,3.34,-1.12,INF,-1,0,7,0
10900,1,1,35.463,-12.027,3.31,-1.12,3.31,-1.12,INF,-1,0,7,0
10920,1,1,35.757,-12.140,3.34,-1.13,3.34,-1.13,INF,-1,0,7,0
10940,1,1,33.258,-9.030,3.11,-0.84,3.11,-0.84,INF,-1,0,7,0
10960,0,1,0.000,0.000,0.00,0.00,0.00,0.00,0.00,-1,0,7,0
10980,0,1,0.000,0.000,0.00,0.00,0.00,0.00,0.00,-1,0,7,0
11000,0,1,0.000,0.000,0.00,0.00,0.00,0.00,0.00,-1,0,7,0
11020,0,1,0.000,0.000,0.00,0.00,0.00,0.00,0.00,-1,0,7,0
11040,0,1,0.000,0.000,0.00,0.00,0.00,0.00,0.00,-1,0,7,0
11060,0,1,0.000,0.000,0.00,0.00,0.00,0.00,0.00,-1,0,7,0
11080,0,1,0.000,0.000,0.00,0.00,0.00,0.00,0.00,-1,0,7,0
11100,0,1,0.000,0.000,0.00,0.00,0.00,0.00,0.00,-1,0,7,0
11120,1,1,34.217,-13.071,3.19,-1.22,3.19,-1.22,INF,-1,0,7,0
11140,1,1,34.324,-8.965,3.20,-0.84,3.20,-0.84,INF,-1,0,7,0
11160,1,1,33.734,-9.475,3.15,-0.88,3.15,-0.89,INF,-1,0,7,0
11180,1,1,34.500,-9.716,3.22,-0.91,3.22,-0.91,INF,-1,0,7,0
11200,1,1,34.816,-10.195,3.25,-0.95,3.25,-0.95,INF,-1,0,7,0
11220,1,1,34.947,-9.764,3.26,-0.91,3.26,-0.91,INF,-1,0,7,0
11240,1,1,34.760,-9.346,3.25,-0.87,3.25,-0.87,INF,-1,0,7,0
11260,1,1,35.381,-10.643,3.30,-0.99,3.30,-0.99,INF,-1,0,7,0
11280,1,1,35.562,-9.632,3.32,-0.90,3.32,-0.90,INF,-1,0,7,0
11300,1,1,35.479,-10.593,3.31,-0.99,3.31,-0.99,INF,-1,0,7,0
11320,1,1,35.015,-9.363,3.27,-0.87,3.27,-0.88,INF,-1,0,7,0
11340,1,1,35.349,-9.911,3.30,-0.92,3.30,-0.93,INF,-1,0,7,0
11360,1,1,35.749,-9.827,3.34,-0.92,3.34,-0.92,INF,-1,0,7,0
11380,1,1,35.462,-10.338,3.31,-0.96,3.31,-0.97,INF,-1,0,7,0
11400,1,1,35.565,-11.143,3.32,-1.04,3.32,-1.04,INF,-1,1,7,0
11420,1,1,51.018,-10.554,4.76,-0.98,4.76,-0.99,INF,-1,1,7,0
11440,1,1,47.381,-11.594,4.42,-1.08,4.42,-1.08,INF,-1,1,7,0
11460,1,1,48.583,-11.596,4.53,-1.08,4.53,-1.08,INF,-1,0,7,0
11480,1,1,49.093,-13.254,4.58,-1.23,4.58,-1.24,INF,-1,0,7,0
11500,1,1,49.578,-14.210,4.62,-1.32,4.62,-1.33,INF,-1,0,7,0
11520,1,1,49.347,-12.380,4.60,-1.15,4.60,-1.16,INF,-1,0,7,0
11540,1,1,49.170,-13.761,4.59,-1.28,4.58,-1.29,INF,-1,0,7,0
11560,1,1,49.147,-13.063,4.58,-1.22,4.58,-1.22,INF,-1,0,7,0
11580,1,1,48.724,-12.488,4.54,-1.16,4.54,-1.17,INF,-1,0,7,0
11600,1,1,48.393,-13.419,4.51,-1.25,4.51,-1.25,INF,-1,0,7,0
11620,1,1,48.789,-13.363,4.55,-1.24,4.55,-1.25,INF,-1,0,7,0
11640,1,1,49.262,-13.200,4.59,-1.23,4.59,-1.23,INF,-1,0,7,0
11660,1,1,50.267,-13.871,4.69,-1.29,4.69,-1.30,INF,-1,0,7,0
11680,1,1,44.595,-11.776,4.16,-1.10,4.16,-1.10,INF,-1,0,7,0
11700,1,1,-6.204,-23.902,-0.58,-2.23,-0.58,-2.23,INF,-1,1,7,0
11720,1,1,-28.205,-21.701,-2.63,-2.03,-2.63,-2.03,INF,-1,1,7,0
11740,1,1,-23.699,-22.100,-2.21,-2.06,-2.21,-2.06,INF,-1,0,7,0
11760,1,1,-25.659,-22.361,-2.40,-2.09,-2.40,-2.09,INF,-1,0,7,0
11780,1,1,-26.623,-22.234,-2.49,-2.08,-2.49,-2.08,INF,-1,0,7,0
11800,1,1,-25.623,-22.295,-2.39,-2.08,-2.39,-2.08,INF,-1,0,7,0
11820,1,1,-26.229,-22.241,-2.45,-2.08,-2.45,-2.08,INF,-1,0,7,0
11840,1,1,-26.045,-21.779,-2.43,-2.03,-2.43,-2.03,INF,-1,0,7,0
11860,1,1,-25.877,-22.462,-2.42,-2.10,-2.42,-2.10,INF,-1,0,7,0
11880,1,1,-26.709,-21.585,-2.49,-2.01,-2.49,-2.02,INF,-1,0,7,0
11900,1,1,-25.104,-22.858,-2.35,-2.13,-2.34,-2.14,INF,-1,0,7,0
11920,1,1,-25.853,-22.859,-2.41,-2.13,-2.41,-2.14,INF,-1,0,7,0
11940,1,1,-25.724,-22.094,-2.40,-2.06,-2.40,-2.06,INF,-1,0,7,0
11960,1,1,-26.306,-22.846,-2.46,-2.13,-2.46,-2.13,INF,-1,0,7,0
11980,1,1,-26.218,-22.675,-2.45,-2.12,-2.45,-2.12,INF,-1,0,7,0
12000,1,1,-26.093,-23.528,-2.44,-2.20,-2.44,-2.20,INF,-1,1,7,0
12020,1,1,-31.438,-25.406,-2.94,-2.37,-2.93,-2.37,INF,-1,1,7,0
12040,1,1,-49.386,-28.077,-4.61,-2.61,-4.60,-2.62,INF,-1,1,7,0
12060,1,1,-46.022,-26.975,-4.29,-2.51,-4.29,-2.52,INF,-1,1,7,0
12080,1,1,-45.910,-28.095,-4.28,-2.62,-4.28,-2.62,INF,-1,0,7,0
12100,1,1,-47.075,-28.401,-4.39,-2.64,-4.39,-2.65,INF,-1,0,7,0
12120,1,1,-46.118,-28.206,-4.30,-2.63,-4.30,-2.63,INF,-1,0,7,0
12140,1,1,-47.524,-28.184,-4.43,-2.62,-4.43,-2.63,INF,-1,0,7,0
12160,1,1,-47.235,-28.133,-4.41,-2.62,-4.40,-2.63,INF,-1,0,7,0
12180,1,1,-46.654,-27.947,-4.35,-2.60,-4.35,-2.61,INF,-1,0,7,0
12200,1,1,-47.314,-26.626,-4.41,-2.48,-4.41,-2.49,INF,-1,0,7,0
12220,1,1,-45.535,-28.366,-4.25,-2.64,-4.24,-2.65,INF,-1,0,7,0
12240,1,1,-46.402,-28.437,-4.33,-2.65,-4.32,-2.66,INF,-1,0,7,0
12260,1,1,-46.155,-28.837,-4.31,-2.69,-4.30,-2.69,INF,-1,0,7,0
12280,1,1,-45.635,-29.951,-4.26,-2.79,-4.25,-2.80,INF,-1,0,7,0
12300,0,1,0.000,0.000,0.00,0.00,0.00,0.00,0.00,-1,0,7,0
12320,0,1,0.000,0.000,0.00,0.00,0.00,0.00,0.00,-1,1,7,0
12340,0,1,0.000,0.000,0.00,0.00,0.00,0.00,0.00,-1,1,7,0
12360,0,1,0.000,0.000,0.00,0.00,0.00,0.00,0.00,-1,1,7,0
12380,0,1,0.000,0.000,0.00,0.00,0.00,0.00,0.00,-1,0,7,0
12400,0,1,0.000,0.000,0.00,0.00,0.00,0.00,0.00,-1,0,7,0
12420,0,1,0.000,0.000,0.00,0.00,0.00,0.00,0.00,-1,0,7,0
12440,1,1,21.459,-16.309,2.00,-1.52,2.00,-1.52,INF,-1,0,7,0
12460,1,1,22.838,-12.032,2.13,-1.12,2.13,-1.12,INF,-1,0,7,0
12480,1,1,23.189,-14.270,2.17,-1.33,2.17,-1.33,INF,-1,0,7,0
12500,1,1,22.168,-16.080,2.07,-1.50,2.07,-1.50,INF,-1,0,7,0
12520,1,1,22.555,-15.286,2.11,-1.43,2.11,-1.43,INF,-1,0,7,0
12540,1,1,21.978,-15.385,2.05,-1.44,2.05,-1.44,INF,-1,0,7,0
12560,1,1,22.146,-15.896,2.07,-1.48,2.07,-1.49,INF,-1,0,7,0
12580,1,1,21.783,-15.374,2.04,-1.44,2.03,-1.44,INF,-1,0,7,0
12600,1,1,21.633,-14.966,2.02,-1.40,2.02,-1.40,INF,-1,0,7,0
12620,1,1,22.586,-14.503,2.11,-1.35,2.11,-1.36,INF,-1,0,7,0
12640,1,1,20.891,-16.772,1.95,-1.57,1.95,-1.57,INF,-1,0,7,0
12660,1,1,23.945,-14.162,2.24,-1.32,2.24,-1.32,INF,-1,0,7,0
12680,1,1,22.926,-16.957,2.14,-1.58,2.14,-1.58,INF,-1,0,7,0
12700,1,1,23.835,-17.830,2.23,-1.66,2.23,-1.67,INF,-1,0,7,0
12720,1,1,7.935,-1.672,0.74,-0.16,0.74,-0.16,INF,-1,1,7,0
12740,1,1,4.545,5.222,0.42,0.49,0.42,0.49,INF,-1,1,7,0
12760,1,1,5.472,2.753,0.51,0.26,0.51,0.26,INF,-1,0,7,0
12780,1,1,5.255,3.978,0.49,0.37,0.49,0.37,INF,-1,0,7,0
12800,1,1,5.385,3.463,0.50,0.32,0.50,0.32,INF,-1,0,7,0
12820,1,1,5.605,4.081,0.52,0.38,0.52,0.38,INF,-1,0,7,0
12840,1,1,4.895,4.134,0.46,0.39,0.46,0.39,INF,-1,0,7,0
12860,1,1,6.158,4.257,0.58,0.40,0.58,0.40,INF,-1,0,7,0
12880,1,1,4.396,2.915,0.41,0.27,0.41,0.27,INF,-1,0,7,0
12900,1,1,5.367,4.398,0.50,0.41,0.50,0.41,INF,-1,0,7,0
12920,1,1,4.824,3.831,0.45,0.36,0.45,0.36,INF,-1,0,7,0
12940,1,1,4.919,4.842,0.46,0.45,0.46,0.45,INF,-1,0,7,0
12960,1,1,4.434,5.146,0.41,0.48,0.41,0.48,INF,-1,0,7,0
12980,1,1,3.684,4.662,0.34,0.44,0.34,0.44,INF,-1,0,7,0
13000,1,1,4.434,4.051,0.41,0.38,0.41,0.38,INF,-1,1,7,0
13020,1,1,5.306,5.485,0.50,0.51,0.50,0.51,INF,-1,1,7,0
13040,1,1,2.992,5.142,0.28,0.48,0.28,0.48,INF,-1,1,7,0
13060,1,1,3.723,4.999,0.35,0.47,0.35,0.47,INF,-1,1,7,0
13080,1,1,38.757,3.369,3.62,0.31,3.62,0.31,INF,-1,1,7,0
13100,1,1,39.021,5.082,3.64,0.47,3.64,0.48,INF,-1,1,7,0
13120,1,1,37.458,3.345,3.50,0.31,3.50,0.31,INF,-1,0,7,0
13140,1,1,36.610,4.021,3.42,0.38,3.42,0.38,INF,-1,0,7,0
13160,1,1,37.948,4.032,3.54,0.38,3.54,0.38,INF,-1,0,7,0
13180,1,1,38.056,4.435,3.55,0.41,3.55,0.41,INF,-1,0,7,0
13200,1,1,39.146,2.930,3.65,0.27,3.65,0.27,INF,-1,0,7,0
13220,1,1,37.599,4.254,3.51,0.40,3.51,0.40,INF,-1,0,7,0
13240,1,1,38.847,3.030,3.63,0.28,3.63,0.28,INF,-1,0,7,0
13260,1,1,38.142,3.356,3.56,0.31,3.56,0.31,INF,-1,0,7,0
13280,1,1,39.249,3.156,3.66,0.29,3.66,0.29,INF,-1,0,7,0
13300,1,1,38.379,3.805,3.58,0.35,3.58,0.36,INF,-1,0,7,0
13320,1,1,38.790,3.571,3.62,0.33,3.62,0.33,INF,-1,0,7,0
13340,1,1,36.356,8.992,3.39,0.84,3.39,0.84,INF,-1,0,7,0
13360,0,1,0.000,0.000,0.00,0.00,0.00,0.00,0.00,-1,1,7,0
13380,0,1,0.000,0.000,0.00,0.00,0.00,0.00,0.00,-1,1,7,0
13400,0,1,0.000,0.000,0.00,0.00,0.00,0.00,0.00,-1,1,7,0
13420,0,1,0.000,0.000,0.00,0.00,0.00,0.00,0.00,-1,1,7,0
13440,0,1,0.000,0.000,0.00,0.00,0.00,0.00,0.00,-1,0,7,0
13460,1,1,-15.520,25.481,-1.45,2.38,-1.45,2.38,INF,-1,0,7,0
13480,1,1,-16.482,25.435,-1.54,2.38,-1.54,2.38,INF,-1,0,7,0
13500,1,1,-16.410,25.462,-1.53,2.38,-1.53,2.38,INF,-1,0,7,0
13520,1,1,-16.493,25.757,-1.54,2.41,-1.54,2.41,INF,-1,0,7,0
13540,1,1,-16.414,24.793,-1.53,2.32,-1.53,2.32,INF,-1,0,7,0
13560,1,1,-17.120,24.947,-1.60,2.33,-1.60,2.33,INF,-1,0,7,0
13580,1,1,-16.837,25.380,-1.57,2.37,-1.57,2.37,INF,-1,0,7,0
13600,1,1,-16.470,26.458,-1.54,2.47,-1.54,2.47,INF,-1,0,7,0
13620,1,1,-16.089,25.800,-1.50,2.41,-1.50,2.41,INF,-1,0,7,0
13640,1,1,-16.564,24.975,-1.55,2.33,-1.55,2.33,INF,-1,0,7,0
13660,1,1,-16.554,25.193,-1.55,2.35,-1.55,2.35,INF,-1,0,7,0
13680,1,1,-16.390,25.876,-1.53,2.42,-1.53,2.42,INF,-1,0,7,0
13700,1,1,-15.463,25.448,-1.44,2.38,-1.44,2.38,INF,-1,0,7,0
13720,1,1,-14.879,24.255,-1.39,2.27,-1.39,2.27,INF,-1,0,7,0
13740,1,1,-10.811,26.231,-1.01,2.45,-1.01,2.45,INF,-1,1,7,0
13760,1,1,-4.092,29.564,-0.38,2.76,-0.38,2.76,INF,-1,1,7,0
13780,1,1,-5.174,29.039,-0.48,2.71,-0.48,2.71,INF,-1,1,7,0
13800,1,1,-5.298,27.858,-0.50,2.60,-0.49,2.60,INF,-1,0,7,0
13820,1,1,-5.711,28.680,-0.53,2.68,-0.53,2.68,INF,-1,0,7,0
13840,1,1,-5.545,27.488,-0.52,2.57,-0.52,2.57,INF,-1,0,7,0
13860,1,1,-4.993,27.691,-0.47,2.59,-0.47,2.59,INF,-1,0,7,0
13880,1,1,-4.519,26.945,-0.42,2.52,-0.42,2.52,INF,-1,0,7,0
13900,1,1,-5.407,25.975,-0.51,2.43,-0.50,2.43,INF,-1,0,7,0
13920,1,1,-5.279,27.422,-0.49,2.56,-0.49,2.56,INF,-1,0,7,0
13940,1,1,-4.238,26.168,-0.40,2.44,-0.40,2.44,INF,-1,0,7,0
13960,1,1,38.810,2.374,3.62,0.22,3.62,0.22,INF,-1,0,7,0
13980,1,1,55.115,-7.621,5.14,-0.71,5.14,-0.71,INF,-1,0,7,0
14000,1,1,51.940,-3.975,4.84,-0.37,4.84,-0.37,INF,-1,0,7,0
14020,1,1,52.175,-6.800,4.86,-0.63,4.86,-0.64,INF,-1,0,7,0
14040,1,1,52.946,-7.154,4.94,-0.67,4.94,-0.67,INF,-1,0,7,0
14060,1,1,52.343,-7.412,4.88,-0.69,4.88,-0.69,INF,-1,0,7,0
14080,1,1,54.037,-7.532,5.04,-0.70,5.04,-0.70,INF,-1,0,7,0
14100,1,1,53.282,-7.650,4.97,-0.71,4.97,-0.71,INF,-1,0,7,0
14120,1,1,52.945,-8.887,4.94,-0.83,4.94,-0.83,INF,-1,0,7,0
14140,1,1,53.296,-9.098,4.97,-0.85,4.97,-0.85,INF,-1,0,7,0
14160,1,1,52.895,-9.280,4.93,-0.86,4.93,-0.87,INF,-1,0,7,0
14180,1,1,53.868,-8.684,5.02,-0.81,5.02,-0.81,INF,-1,0,7,0
14200,1,1,54.878,-10.206,5.12,-0.95,5.11,-0.95,INF,-1,0,7,0
14220,1,1,53.965,-8.356,5.03,-0.78,5.03,-0.78,INF,-1,0,7,0
14240,1,1,54.341,-9.244,5.07,-0.86,5.07,-0.86,INF,-1,1,7,0
14260,1,1,54.597,-8.552,5.09,-0.80,5.09,-0.80,INF,-1,1,7,0
14280,1,1,51.128,-36.356,4.77,-3.38,4.76,-3.39,INF,-1,1,7,0
14300,1,1,52.861,-31.601,4.93,-2.94,4.92,-2.95,INF,-1,1,7,0
14320,1,1,53.075,-32.818,4.95,-3.05,4.94,-3.06,INF,-1,0,7,0
14340,1,1,52.849,-33.762,4.93,-3.14,4.92,-3.15,INF,-1,0,7,0
14360,1,1,52.468,-33.623,4.89,-3.13,4.88,-3.14,INF,-1,0,7,0
14380,1,1,53.206,-33.303,4.96,-3.10,4.95,-3.11,INF,-1,0,7,0
14400,1,1,52.669,-32.704,4.91,-3.04,4.90,-3.05,INF,-1,0,7,0
14420,1,1,52.946,-33.048,4.94,-3.07,4.93,-3.09,INF,-1,0,7,0
14440,1,1,53.546,-33.935,4.99,-3.16,4.98,-3.17,INF,-1,0,7,0
14460,1,1,53.039,-34.167,4.95,-3.18,4.94,-3.19,INF,-1,0,7,0
14480,1,1,52.544,-33.838,4.90,-3.15,4.89,-3.16,INF,-1,0,7,0
14500,1,1,45.935,-30.918,4.29,-2.88,4.28,-2.89,INF,-1,0,7,0
14520,1,1,44.154,-30.157,4.12,-2.81,4.11,-2.82,INF,-1,0,7,0
14540,1,1,44.969,-28.813,4.20,-2.68,4.19,-2.69,INF,-1,0,7,0
14560,1,1,44.694,-29.183,4.17,-2.72,4.17,-2.73,INF,-1,1,7,0
14580,1,1,43.578,-29.977,4.07,-2.79,4.06,-2.80,INF,-1,1,7,0
14600,1,1,45.178,-29.491,4.22,-2.75,4.21,-2.75,INF,-1,1,7,0
14620,1,1,45.332,-29.414,4.23,-2.74,4.22,-2.75,INF,-1,1,7,0
14640,1,1,45.148,-29.452,4.21,-2.74,4.21,-2.75,INF,-1,1,7,0
14660,1,1,45.162,-29.032,4.21,-2.70,4.21,-2.71,INF,-1,1,7,0
14680,1,1,45.264,-29.777,4.22,-2.77,4.22,-2.78,INF,-1,1,7,0
14700,1,1,45.710,-29.916,4.26,-2.79,4.26,-2.79,INF,-1,1,7,0
14720,1,1,46.347,-29.891,4.32,-2.78,4.32,-2.79,INF,-1,1,7,0
14740,1,1,46.952,-41.233,4.38,-3.84,4.37,-3.85,INF,-1,1,7,0
14760,1,1,46.419,-37.554,4.33,-3.50,4.32,-3.51,INF,-1,1,7,0
14780,1,1,45.907,-38.871,4.28,-3.62,4.27,-3.63,INF,-1,1,7,0
14800,1,1,47.798,-39.949,4.46,-3.72,4.45,-3.73,INF,-1,1,7,0
14820,1,1,46.732,-40.359,4.36,-3.76,4.35,-3.77,INF,-1,1,7,0
14840,1,1,48.163,-39.928,4.49,-3.72,4.48,-3.73,INF,-1,1,7,0
14860,1,1,46.731,-40.936,4.36,-3.81,4.35,-3.82,INF,-1,1,7,0
14880,1,1,47.354,-40.680,4.42,-3.79,4.41,-3.80,INF,-1,1,7,0
14900,1,1,47.286,-41.008,4.41,-3.82,4.40,-3.83,INF,-1,1,7,0
14920,1,1,47.214,-39.698,4.40,-3.69,4.40,-3.71,INF,-1,1,7,0
14940,1,1,47.815,-42.216,4.46,-3.93,4.45,-3.94,INF,-1,1,7,0
14960,1,1,47.417,-39.717,4.42,-3.70,4.41,-3.71,INF,-1,1,7,0
14980,1,1,45.927,-40.157,4.28,-3.74,4.28,-3.75,INF,-1,1,7,0
15000,1,1,47.710,-40.923,4.45,-3.81,4.44,-3.82,INF,-1,1,7,0
15020,1,1,47.325,-40.611,4.41,-3.78,4.40,-3.79,INF,-1,1,7,0
