"EyeTracker Toolbox version","3.250"
CalibrationParameters_A11,1.16424
CalibrationParameters_A12,0.08039
CalibrationParameters_A13,0.01181
CalibrationParameters_A21,0.06554
CalibrationParameters_A22,-1.16982
CalibrationParameters_A23,0.03215
CalibrationParameters_A31,0.00061
CalibrationParameters_A32,-0.02291
CalibrationParameters_E11,-0.17998
CalibrationParameters_E12,0.00017
CalibrationParameters_E21,-0.00001
CalibrationParameters_E22,0.19959
CalibrationParameters_X,8.56718
CalibrationParameters_Y,-47.44560
CalibrationParameters_Rpc,97.73695
CalibrationParameters_MeanX,160.81472
CalibrationParameters_MeanY,162.17410
CalibrationParameters_ViewDist,613.00000
TimeStamp,Tracked,Calibrated,ScreenPositionXmm,ScreenPositionYmm,FicksLongitude,FicksLatitude,HelmholtzAzimuth,HelmholtzElevation,PupilDiameter,Region,Fixation,DigitalIO,Dropped
0,0,1,0.000,0.000,0.00,0.00,0.00,0.00,0.00,-1,0,7,0
20,1,1,29.002,-34.931,2.71,-3.26,2.70,-3.26,INF,-1,0,7,0
40,1,1,30.233,-35.193,2.82,-3.28,2.82,-3.29,INF,-1,0,7,0
60,1,1,29.845,-35.338,2.79,-3.30,2.78,-3.30,INF,-1,0,7,0
80,1,1,28.889,-34.692,2.70,-3.24,2.69,-3.24,INF,-1,0,7,0
100,1,1,29.355,-34.860,2.74,-3.25,2.74,-3.25,INF,-1,0,7,0
120,1,1,29.897,-34.288,2.79,-3.20,2.79,-3.20,INF,-1,0,7,0
140,1,1,28.966,-34.671,2.71,-3.23,2.70,-3.24,INF,-1,0,7,0
160,1,1,28.883,-35.514,2.70,-3.31,2.69,-3.32,INF,-1,0,7,0
180,1,1,29.075,-34.576,2.72,-3.22,2.71,-3.23,INF,-1,0,7,0
200,1,1,20.101,-20.027,1.88,-1.87,1.88,-1.87,INF,-1,0,7,0
220,1,1,-8.969,10.589,-0.84,0.99,-0.84,0.99,INF,-1,0,7,0
240,1,1,-9.570,4.605,-0.89,0.43,-0.89,0.43,INF,-1,0,7,0
260,1,1,-11.890,6.363,-1.11,0.59,-1.11,0.59,INF,-1,0,7,0
280,1,1,-11.321,5.776,-1.06,0.54,-1.06,0.54,INF,-1,0,7,0
300,1,1,-11.752,5.378,-1.10,0.50,-1.10,0.50,INF,-1,0,7,0
320,1,1,-11.566,4.792,-1.08,0.45,-1.08,0.45,INF,-1,0,7,0
340,1,1,-9.963,4.383,-0.93,0.41,-0.93,0.41,INF,-1,0,7,0
360,1,1,-10.863,5.810,-1.02,0.54,-1.02,0.54,INF,-1,0,7,0
380,1,1,-18.377,13.825,-1.72,1.29,-1.72,1.29,INF,-1,0,7,0
400,1,1,-17.287,11.271,-1.62,1.05,-1.62,1.05,INF,-1,0,7,0
420,1,1,-17.469,11.651,-1.63,1.09,-1.63,1.09,INF,-1,0,7,0
440,1,1,-19.648,14.066,-1.84,1.31,-1.84,1.31,INF,-1,0,7,0
460,1,1,-19.138,13.208,-1.79,1.23,-1.79,1.23,INF,-1,0,7,0
480,1,1,-17.531,12.675,-1.64,1.18,-1.64,1.18,INF,-1,1,7,0
500,1,1,-17.701,12.305,-1.65,1.15,-1.65,1.15,INF,-1,1,7,0
520,1,1,-18.840,12.925,-1.76,1.21,-1.76,1.21,INF,-1,1,7,0
540,1,1,-17.592,12.798,-1.64,1.20,-1.64,1.20,INF,-1,1,7,0
560,1,1,-19.504,13.256,-1.82,1.24,-1.82,1.24,INF,-1,1,7,0
580,1,1,-19.451,13.611,-1.82,1.27,-1.82,1.27,INF,-1,1,7,0
600,1,1,-18.739,12.861,-1.75,1.20,-1.75,1.20,INF,-1,1,7,0
620,1,1,-19.707,13.540,-1.84,1.26,-1.84,1.27,INF,-1,1,7,0
640,1,1,-19.506,13.760,-1.82,1.29,-1.82,1.29,INF,-1,1,7,0
660,1,1,-19.052,13.187,-1.78,1.23,-1.78,1.23,INF,-1,1,7,0
680,1,1,-18.109,11.853,-1.69,1.11,-1.69,1.11,INF,-1,1,7,0
700,1,1,-16.608,11.891,-1.55,1.11,-1.55,1.11,INF,-1,1,7,0
720,1,1,-16.239,11.743,-1.52,1.10,-1.52,1.10,INF,-1,1,7,0
740,1,1,-16.093,12.013,-1.50,1.12,-1.50,1.12,INF,-1,1,7,0
760,1,1,-17.384,12.957,-1.62,1.21,-1.62,1.21,INF,-1,1,7,0
780,1,1,-17.284,12.418,-1.62,1.16,-1.61,1.16,INF,-1,1,7,0
800,1,1,-16.616,11.819,-1.55,1.10,-1.55,1.10,INF,-1,1,7,0
820,1,1,-17.037,12.523,-1.59,1.17,-1.59,1.17,INF,-1,1,7,0
840,1,1,-16.054,12.086,-1.50,1.13,-1.50,1.13,INF,-1,1,7,0
860,1,1,-15.950,12.282,-1.49,1.15,-1.49,1.15,INF,-1,1,7,0
880,1,1,-15.226,11.244,-1.42,1.05,-1.42,1.05,INF,-1,1,7,0
900,1,1,-17.161,10.674,-1.60,1.00,-1.60,1.00,INF,-1,1,7,0
920,1,1,-14.010,-10.333,-1.31,-0.97,-1.31,-0.97,INF,-1,1,7,0
940,1,1,-12.915,-6.576,-1.21,-0.61,-1.21,-0.61,INF,-1,1,7,0
960,1,1,-13.303,-7.063,-1.24,-0.66,-1.24,-0.66,INF,-1,0,7,0
980,1,1,-13.707,-8.226,-1.28,-0.77,-1.28,-0.77,INF,-1,0,7,0
1000,1,1,-11.362,-9.020,-1.06,-0.84,-1.06,-0.84,INF,-1,0,7,0
1020,1,1,-12.942,-8.343,-1.21,-0.78,-1.21,-0.78,INF,-1,0,7,0
1040,1,1,-12.184,-8.451,-1.14,-0.79,-1.14,-0.79,INF,-1,0,7,0
1060,1,1,-13.818,-8.308,-1.29,-0.78,-1.29,-0.78,INF,-1,0,7,0
1080,1,1,-12.885,-8.488,-1.20,-0.79,-1.20,-0.79,INF,-1,0,7,0
1100,1,1,-13.956,-9.115,-1.30,-0.85,-1.30,-0.85,INF,-1,0,7,0
1120,1,1,-12.805,-8.973,-1.20,-0.84,-1.20,-0.84,INF,-1,0,7,0
1140,1,1,-13.653,-9.126,-1.28,-0.85,-1.28,-0.85,INF,-1,0,7,0
1160,1,1,-14.139,-8.522,-1.32,-0.80,-1.32,-0.80,INF,-1,0,7,0
1180,1,1,-14.224,-8.534,-1.33,-0.80,-1.33,-0.80,INF,-1,0,7,0
1200,1,1,-13.464,-9.494,-1.26,-0.89,-1.26,-0.89,INF,-1,1,7,0
1220,1,1,-22.858,-28.495,-2.14,-2.66,-2.13,-2.66,INF,-1,1,7,0
1240,1,1,-20.847,-24.058,-1.95,-2.25,-1.95,-2.25,INF,-1,1,7,0
1260,1,1,-20.890,-25.901,-1.95,-2.42,-1.95,-2.42,INF,-1,0,7,0
1280,1,1,-21.244,-25.273,-1.98,-2.36,-1.98,-2.36,INF,-1,0,7,0
1300,1,1,-21.734,-26.892,-2.03,-2.51,-2.03,-2.51,INF,-1,0,7,0
1320,1,1,-21.475,-26.694,-2.01,-2.49,-2.00,-2.49,INF,-1,0,7,0
1340,1,1,-21.558,-26.383,-2.01,-2.46,-2.01,-2.46,INF,-1,0,7,0
1360,1,1,-21.903,-26.867,-2.05,-2.51,-2.04,-2.51,INF,-1,0,7,0
1380,1,1,-21.902,-27.352,-2.05,-2.55,-2.04,-2.55,INF,-1,0,7,0
1400,1,1,-21.950,-27.265,-2.05,-2.55,-2.05,-2.55,INF,-1,0,7,0
1420,1,1,-21.151,-26.998,-1.98,-2.52,-1.97,-2.52,INF,-1,0,7,0
1440,1,1,-22.830,-27.174,-2.13,-2.54,-2.13,-2.54,INF,-1,0,7,0
1460,1,1,-21.657,-27.987,-2.02,-2.61,-2.02,-2.61,INF,-1,0,7,0
1480,1,1,-21.402,-27.753,-2.00,-2.59,-2.00,-2.59,INF,-1,0,7,0
1500,1,1,-21.193,-28.106,-1.98,-2.62,-1.98,-2.63,INF,-1,1,7,0
1520,1,1,-20.924,-28.910,-1.95,-2.70,-1.95,-2.70,INF,-1,1,7,0
1540,1,1,-20.487,-28.743,-1.91,-2.68,-1.91,-2.68,INF,-1,1,7,0
1560,1,1,-21.274,-29.499,-1.99,-2.75,-1.99,-2.76,INF,-1,1,7,0
1580,1,1,-21.646,-29.138,-2.02,-2.72,-2.02,-2.72,INF,-1,1,7,0
1600,1,1,-20.411,-28.861,-1.91,-2.69,-1.90,-2.70,INF,-1,1,7,0
1620,1,1,-15.638,11.117,-1.46,1.04,-1.46,1.04,INF,-1,1,7,0
1640,1,1,-18.930,14.862,-1.77,1.39,-1.77,1.39,INF,-1,1,7,0
1660,1,1,-19.283,11.900,-1.80,1.11,-1.80,1.11,INF,-1,0,7,0
1680,1,1,-19.395,12.952,-1.81,1.21,-1.81,1.21,INF,-1,0,7,0
1700,1,1,-19.291,13.589,-1.80,1.27,-1.80,1.27,INF,-1,0,7,0
1720,1,1,-18.593,13.412,-1.74,1.25,-1.74,1.25,INF,-1,0,7,0
1740,1,1,-19.513,13.385,-1.82,1.25,-1.82,1.25,INF,-1,0,7,0
1760,1,1,-19.531,12.992,-1.82,1.21,-1.82,1.21,INF,-1,0,7,0
1780,1,1,-18.897,12.717,-1.77,1.19,-1.77,1.19,INF,-1,0,7,0
1800,1,1,-18.516,9.924,-1.73,0.93,-1.73,0.93,INF,-1,0,7,0
1820,1,1,-19.301,10.877,-1.80,1.02,-1.80,1.02,INF,-1,0,7,0
1840,1,1,-18.872,10.486,-1.76,0.98,-1.76,0.98,INF,-1,0,7,0
1860,1,1,-18.394,10.844,-1.72,1.01,-1.72,1.01,INF,-1,0,7,0
1880,1,1,-18.115,10.032,-1.69,0.94,-1.69,0.94,INF,-1,0,7,0
1900,1,1,-18.796,10.630,-1.76,0.99,-1.76,0.99,INF,-1,1,7,0
1920,1,1,-18.787,10.194,-1.76,0.95,-1.76,0.95,INF,-1,1,7,0
1940,1,1,-18.479,9.430,-1.73,0.88,-1.73,0.88,INF,-1,1,7,0
1960,1,1,-17.996,9.509,-1.68,0.89,-1.68,0.89,INF,-1,1,7,0
1980,1,1,-18.902,9.468,-1.77,0.88,-1.77,0.88,INF,-1,1,7,0
2000,1,1,-16.723,9.148,-1.56,0.85,-1.56,0.85,INF,-1,1,7,0
2020,1,1,-17.596,9.232,-1.64,0.86,-1.64,0.86,INF,-1,1,7,0
2040,1,1,-15.901,8.727,-1.49,0.82,-1.49,0.82,INF,-1,1,7,0
2060,1,1,-16.916,9.026,-1.58,0.84,-1.58,0.84,INF,-1,1,7,0
2080,1,1,-16.957,9.476,-1.58,0.89,-1.58,0.89,INF,-1,1,7,0
2100,1,1,-17.617,9.627,-1.65,0.90,-1.65,0.90,INF,-1,1,7,0
2120,1,1,-17.321,9.866,-1.62,0.92,-1.62,0.92,INF,-1,1,7,0
2140,1,1,-17.207,9.418,-1.61,0.88,-1.61,0.88,INF,-1,1,7,0
2160,1,1,-16.091,9.168,-1.50,0.86,-1.50,0.86,INF,-1,1,7,0
2180,1,1,-16.138,8.692,-1.51,0.81,-1.51,0.81,INF,-1,1,7,0
2200,1,1,-16.474,9.060,-1.54,0.85,-1.54,0.85,INF,-1,1,7,0
2220,1,1,-15.591,8.951,-1.46,0.84,-1.46,0.84,INF,-1,1,7,0
2240,1,1,-16.394,9.439,-1.53,0.88,-1.53,0.88,INF,-1,1,7,0
2260,1,1,-16.413,9.062,-1.53,0.85,-1.53,0.85,INF,-1,1,7,0
2280,1,1,-15.932,9.472,-1.49,0.88,-1.49,0.89,INF,-1,1,7,0
2300,1,1,-15.965,8.938,-1.49,0.84,-1.49,0.84,INF,-1,1,7,0
2320,1,1,-16.002,8.899,-1.50,0.83,-1.50,0.83,INF,-1,1,7,0
2340,1,1,-35.444,-22.142,-3.31,-2.07,-3.31,-2.07,INF,-1,1,7,0
2360,1,1,-29.475,-36.513,-2.75,-3.40,-2.75,-3.41,INF,-1,1,7,0
2380,1,1,-29.447,-33.095,-2.75,-3.09,-2.75,-3.09,INF,-1,0,7,0
2400,1,1,-30.725,-34.517,-2.87,-3.22,-2.86,-3.22,INF,-1,0,7,0
2420,1,1,-29.304,-34.355,-2.74,-3.20,-2.73,-3.21,INF,-1,0,7,0
2440,1,1,-30.200,-34.369,-2.82,-3.21,-2.82,-3.21,INF,-1,0,7,0
2460,1,1,-29.438,-35.302,-2.75,-3.29,-2.74,-3.30,INF,-1,0,7,0
2480,1,1,-29.370,-36.691,-2.74,-3.42,-2.74,-3.43,INF,-1,0,7,0
2500,1,1,-29.810,-36.503,-2.78,-3.40,-2.78,-3.41,INF,-1,0,7,0
2520,1,1,-28.616,-36.325,-2.67,-3.39,-2.67,-3.39,INF,-1,0,7,0
2540,1,1,-29.907,-36.437,-2.79,-3.40,-2.79,-3.40,INF,-1,0,7,0
2560,1,1,-29.461,-36.537,-2.75,-3.41,-2.75,-3.41,INF,-1,0,7,0
2580,1,1,-30.893,-36.323,-2.89,-3.39,-2.88,-3.39,INF,-1,0,7,0
2600,1,1,-29.657,-35.359,-2.77,-3.30,-2.77,-3.30,INF,-1,0,7,0
2620,1,1,-28.869,-36.653,-2.70,-3.42,-2.69,-3.42,INF,-1,0,7,0
2640,1,1,-29.031,-36.427,-2.71,-3.40,-2.71,-3.40,INF,-1,1,7,0
2660,1,1,-28.112,-35.810,-2.63,-3.34,-2.62,-3.34,INF,-1,1,7,0
2680,1,1,-29.759,-35.606,-2.78,-3.32,-2.77,-3.32,INF,-1,1,7,0
2700,1,1,-29.106,-36.115,-2.72,-3.37,-2.71,-3.37,INF,-1,1,7,0
2720,1,1,-30.833,-35.783,-2.88,-3.34,-2.87,-3.34,INF,-1,1,7,0
2740,1,1,-28.830,-36.826,-2.69,-3.43,-2.69,-3.44,INF,-1,1,7,0
2760,1,1,-30.431,-36.180,-2.84,-3.37,-2.84,-3.38,INF,-1,1,7,0
2780,1,1,-20.096,-33.759,-1.88,-3.15,-1.87,-3.15,INF,-1,1,7,0
2800,1,1,-21.411,-33.356,-2.00,-3.11,-2.00,-3.11,INF,-1,1,7,0
2820,1,1,-21.587,-34.197,-2.02,-3.19,-2.01,-3.19,INF,-1,1,7,0
2840,1,1,-21.166,-33.215,-1.98,-3.10,-1.97,-3.10,INF,-1,1,7,0
2860,1,1,-19.547,-34.119,-1.83,-3.18,-1.82,-3.19,INF,-1,1,7,0
2880,1,1,-20.365,-33.226,-1.90,-3.10,-1.90,-3.10,INF,-1,1,7,0
2900,1,1,-20.449,-32.696,-1.91,-3.05,-1.91,-3.05,INF,-1,1,7,0
2920,1,1,-19.097,-33.397,-1.78,-3.12,-1.78,-3.12,INF,-1,1,7,0
2940,1,1,-20.783,-33.718,-1.94,-3.15,-1.94,-3.15,INF,-1,1,7,0
2960,1,1,-20.086,-33.313,-1.88,-3.11,-1.87,-3.11,INF,-1,1,7,0
2980,1,1,-20.578,-33.704,-1.92,-3.15,-1.92,-3.15,INF,-1,1,7,0
3000,1,1,-19.248,-33.511,-1.80,-3.13,-1.80,-3.13,INF,-1,1,7,0
3020,1,1,-17.999,-34.807,-1.68,-3.25,-1.68,-3.25,INF,-1,1,7,0
3040,1,1,-17.364,-33.043,-1.62,-3.08,-1.62,-3.09,INF,-1,0,7,0
3060,1,1,-17.709,-34.521,-1.65,-3.22,-1.65,-3.22,INF,-1,0,7,0
3080,1,1,-18.001,-33.803,-1.68,-3.15,-1.68,-3.16,INF,-1,0,7,0
3100,1,1,-18.518,-33.308,-1.73,-3.11,-1.73,-3.11,INF,-1,0,7,0
3120,1,1,-19.144,-33.559,-1.79,-3.13,-1.79,-3.13,INF,-1,0,7,0
3140,1,1,-2.751,-29.077,-0.26,-2.72,-0.26,-2.72,INF,-1,0,7,0
3160,1,1,-0.256,-24.428,-0.02,-2.28,-0.02,-2.28,INF,-1,0,7,0
3180,1,1,-0.254,-26.668,-0.02,-2.49,-0.02,-2.49,INF,-1,0,7,0
3200,1,1,-0.408,-26.576,-0.04,-2.48,-0.04,-2.48,INF,-1,0,7,0
3220,1,1,-0.296,-27.013,-0.03,-2.52,-0.03,-2.52,INF,-1,0,7,0
3240,1,1,-0.795,-25.822,-0.07,-2.41,-0.07,-2.41,INF,-1,0,7,0
3260,1,1,-0.892,-25.686,-0.08,-2.40,-0.08,-2.40,INF,-1,0,7,0
3280,1,1,-0.161,-26.271,-0.02,-2.45,-0.01,-2.45,INF,-1,0,7,0
3300,1,1,-0.999,-25.097,-0.09,-2.34,-0.09,-2.34,INF,-1,0,7,0
3320,1,1,-0.898,-26.260,-0.08,-2.45,-0.08,-2.45,INF,-1,1,7,0
3340,1,1,6.518,-25.246,0.61,-2.36,0.61,-2.36,INF,-1,1,7,0
3360,1,1,18.302,-13.748,1.71,-1.28,1.71,-1.28,INF,-1,1,7,0
3380,1,1,15.725,-17.693,1.47,-1.65,1.47,-1.65,INF,-1,0,7,0
3400,1,1,14.544,-15.932,1.36,-1.49,1.36,-1.49,INF,-1,0,7,0
3420,1,1,16.363,-17.387,1.53,-1.62,1.53,-1.62,INF,-1,0,7,0
3440,1,1,15.928,-16.831,1.49,-1.57,1.49,-1.57,INF,-1,0,7,0
3460,1,1,15.851,-17.509,1.48,-1.64,1.48,-1.64,INF,-1,0,7,0
3480,1,1,16.327,-17.399,1.53,-1.63,1.53,-1.63,INF,-1,0,7,0
3500,1,1,16.059,-17.094,1.50,-1.60,1.50,-1.60,INF,-1,0,7,0
3520,1,1,16.839,-17.752,1.57,-1.66,1.57,-1.66,INF,-1,0,7,0
3540,1,1,16.511,-18.054,1.54,-1.69,1.54,-1.69,INF,-1,0,7,0
3560,1,1,14.851,-16.423,1.39,-1.53,1.39,-1.53,INF,-1,0,7,0
3580,1,1,10.470,-15.557,0.98,-1.45,0.98,-1.45,INF,-1,0,7,0
3600,1,1,4.479,-8.999,0.42,-0.84,0.42,-0.84,INF,-1,0,7,0
3620,1,1,5.048,-11.172,0.47,-1.04,0.47,-1.04,INF,-1,0,7,0
3640,1,1,5.320,-11.253,0.50,-1.05,0.50,-1.05,INF,-1,1,7,0
3660,1,1,4.396,-10.821,0.41,-1.01,0.41,-1.01,INF,-1,1,7,0
3680,1,1,5.320,-10.959,0.50,-1.02,0.50,-1.02,INF,-1,1,7,0
3700,1,1,4.953,-11.510,0.46,-1.08,0.46,-1.08,INF,-1,1,7,0
3720,1,1,5.819,-12.062,0.54,-1.13,0.54,-1.13,INF,-1,1,7,0
3740,1,1,6.034,-12.060,0.56,-1.13,0.56,-1.13,INF,-1,1,7,0
3760,1,1,6.079,-11.845,0.57,-1.11,0.57,-1.11,INF,-1,1,7,0
3780,1,1,4.605,-11.073,0.43,-1.03,0.43,-1.03,INF,-1,1,7,0
3800,1,1,4.517,-10.645,0.42,-0.99,0.42,-0.99,INF,-1,1,7,0
3820,1,1,5.493,-11.363,0.51,-1.06,0.51,-1.06,INF,-1,1,7,0
3840,1,1,5.913,-10.769,0.55,-1.01,0.55,-1.01,INF,-1,1,7,0
3860,1,1,6.042,-14.374,0.56,-1.34,0.56,-1.34,INF,-1,1,7,0
3880,1,1,5.165,-27.468,0.48,-2.57,0.48,-2.57,INF,-1,1,7,0
3900,1,1,7.106,-24.724,0.66,-2.31,0.66,-2.31,INF,-1,1,7,0
3920,1,1,6.350,-26.017,0.59,-2.43,0.59,-2.43,INF,-1,0,7,0
3940,1,1,5.579,-26.463,0.52,-2.47,0.52,-2.47,INF,-1,0,7,0
3960,1,1,6.572,-26.600,0.61,-2.48,0.61,-2.48,INF,-1,0,7,0
3980,1,1,5.840,-25.533,0.55,-2.39,0.55,-2.39,INF,-1,0,7,0
4000,1,1,5.732,-25.675,0.54,-2.40,0.54,-2.40,INF,-1,0,7,0
4020,1,1,6.677,-26.130,0.62,-2.44,0.62,-2.44,INF,-1,0,7,0
4040,1,1,6.373,-26.387,0.60,-2.46,0.60,-2.46,INF,-1,0,7,0
4060,1,1,5.980,-25.743,0.56,-2.40,0.56,-2.40,INF,-1,0,7,0
4080,1,1,6.329,-26.004,0.59,-2.43,0.59,-2.43,INF,-1,0,7,0
4100,1,1,5.386,-27.106,0.50,-2.53,0.50,-2.53,INF,-1,0,7,0
4120,1,1,4.874,-25.485,0.46,-2.38,0.46,-2.38,INF,-1,0,7,0
4140,1,1,7.299,-26.146,0.68,-2.44,0.68,-2.44,INF,-1,0,7,0
4160,1,1,6.123,-26.543,0.57,-2.48,0.57,-2.48,INF,-1,1,7,0
4180,1,1,5.147,-29.914,0.48,-2.79,0.48,-2.79,INF,-1,1,7,0
4200,1,1,4.679,-29.762,0.44,-2.78,0.44,-2.78,INF,-1,1,7,0
4220,1,1,6.905,-30.729,0.65,-2.87,0.64,-2.87,INF,-1,1,7,0
4240,1,1,7.600,-30.056,0.71,-2.81,0.71,-2.81,INF,-1,1,7,0
4260,1,1,6.390,-30.162,0.60,-2.82,0.60,-2.82,INF,-1,1,7,0
4280,1,1,5.976,-29.812,0.56,-2.78,0.56,-2.78,INF,-1,1,7,0
4300,1,1,5.670,-30.223,0.53,-2.82,0.53,-2.82,INF,-1,1,7,0
4320,1,1,4.462,-29.988,0.42,-2.80,0.42,-2.80,INF,-1,1,7,0
4340,1,1,5.229,-30.944,0.49,-2.89,0.49,-2.89,INF,-1,1,7,0
4360,1,1,5.278,-30.784,0.49,-2.87,0.49,-2.87,INF,-1,1,7,0
4380,1,1,5.676,-31.749,0.53,-2.96,0.53,-2.96,INF,-1,1,7,0
4400,1,1,15.751,-38.192,1.47,-3.56,1.47,-3.57,INF,-1,1,7,0
4420,1,1,14.185,-38.693,1.33,-3.61,1.32,-3.61,INF,-1,1,7,0
4440,1,1,15.068,-38.575,1.41,-3.60,1.41,-3.60,INF,-1,0,7,0
4460,1,1,15.392,-38.672,1.44,-3.61,1.44,-3.61,INF,-1,0,7,0
4480,1,1,14.221,-39.588,1.33,-3.69,1.33,-3.70,INF,-1,0,7,0
4500,1,1,14.125,-38.286,1.32,-3.57,1.32,-3.57,INF,-1,0,7,0
4520,1,1,14.375,-38.324,1.34,-3.58,1.34,-3.58,INF,-1,0,7,0
4540,1,1,13.523,-38.169,1.26,-3.56,1.26,-3.56,INF,-1,0,7,0
4560,1,1,13.922,-38.625,1.30,-3.60,1.30,-3.61,INF,-1,0,7,0
4580,1,1,13.937,-38.724,1.30,-3.61,1.30,-3.61,INF,-1,0,7,0
4600,1,1,14.446,-39.577,1.35,-3.69,1.35,-3.69,INF,-1,0,7,0
4620,1,1,13.396,-37.661,1.25,-3.51,1.25,-3.52,INF,-1,0,7,0
4640,1,1,14.052,-37.876,1.31,-3.53,1.31,-3.54,INF,-1,0,7,0
4660,1,1,14.296,-38.567,1.34,-3.60,1.33,-3.60,INF,-1,0,7,0
4680,1,1,11.836,-40.830,1.11,-3.81,1.10,-3.81,INF,-1,1,7,0
4700,0,1,0.000,0.000,0.00,0.00,0.00,0.00,0.00,-1,1,7,0
4720,0,1,0.000,0.000,0.00,0.00,0.00,0.00,0.00,-1,1,7,0
4740,0,1,0.000,0.000,0.00,0.00,0.00,0.00,0.00,-1,1,7,0
4760,0,1,0.000,0.000,0.00,0.00,0.00,0.00,0.00,-1,1,7,0
4780,0,1,0.000,0.000,0.00,0.00,0.00,0.00,0.00,-1,0,7,0
4800,0,1,0.000,0.000,0.00,0.00,0.00,0.00,0.00,-1,0,7,0
4820,0,1,0.000,0.000,0.00,0.00,0.00,0.00,0.00,-1,0,7,0
4840,0,1,0.000,0.000,0.00,0.00,0.00,0.00,0.00,-1,0,7,0
4860,0,1,0.000,0.000,0.00,0.00,0.00,0.00,0.00,-1,0,7,0
4880,0,1,0.000,0.000,0.00,0.00,0.00,0.00,0.00,-1,0,7,0
4900,1,1,-16.520,6.740,-1.54,0.63,-1.54,0.63,INF,-1,0,7,0
4920,1,1,-16.663,9.040,-1.56,0.84,-1.56,0.84,INF,-1,0,7,0
4940,1,1,-17.642,8.249,-1.65,0.77,-1.65,0.77,INF,-1,0,7,0
4960,1,1,-16.870,7.219,-1.58,0.67,-1.58,0.67,INF,-1,0,7,0
4980,1,1,-16.541,6.278,-1.55,0.59,-1.55,0.59,INF,-1,0,7,0
5000,1,1,-16.387,6.664,-1.53,0.62,-1.53,0.62,INF,-1,0,7,0
5020,1,1,-15.838,6.946,-1.48,0.65,-1.48,0.65,INF,-1,0,7,0
5040,1,1,-16.708,7.280,-1.56,0.68,-1.56,0.68,INF,-1,0,7,0
5060,1,1,-16.044,6.888,-1.50,0.64,-1.50,0.64,INF,-1,0,7,0
5080,1,1,-15.547,5.992,-1.45,0.56,-1.45,0.56,INF,-1,0,7,0
5100,1,1,-16.563,6.781,-1.55,0.63,-1.55,0.63,INF,-1,0,7,0
5120,1,1,-14.976,7.809,-1.40,0.73,-1.40,0.73,INF,-1,0,7,0
5140,1,1,-49.293,-41.057,-4.60,-3.82,-4.59,-3.83,INF,-1,0,7,0
5160,1,1,-42.396,-47.508,-3.96,-4.42,-3.94,-4.43,INF,-1,0,7,0
5180,1,1,-42.256,-45.443,-3.94,-4.23,-3.93,-4.24,INF,-1,0,7,0
5200,1,1,-47.094,-46.031,-4.39,-4.28,-4.38,-4.29,INF,-1,0,7,0
5220,1,1,-45.812,-46.825,-4.27,-4.36,-4.26,-4.37,INF,-1,0,7,0
5240,1,1,-43.439,-44.515,-4.05,-4.14,-4.04,-4.15,INF,-1,0,7,0
5260,1,1,-44.013,-46.433,-4.11,-4.32,-4.10,-4.33,INF,-1,0,7,0
5280,1,1,-41.846,-43.784,-3.91,-4.08,-3.90,-4.09,INF,-1,0,7,0
5300,1,1,-47.202,-43.998,-4.40,-4.09,-4.39,-4.11,INF,-1,0,7,0
5320,1,1,-41.998,-42.697,-3.92,-3.98,-3.91,-3.98,INF,-1,0,7,0
5340,1,1,-43.453,-43.357,-4.05,-4.04,-4.04,-4.05,INF,-1,0,7,0
5360,1,1,-44.995,-41.403,-4.20,-3.85,-4.19,-3.86,INF,-1,0,7,0
5380,1,1,-41.175,-42.887,-3.84,-3.99,-3.83,-4.00,INF,-1,0,7,0
5400,1,1,-40.927,-42.170,-3.82,-3.93,-3.81,-3.94,INF,-1,0,7,0
5420,1,1,-40.856,-43.058,-3.81,-4.01,-3.80,-4.02,INF,-1,1,7,0
5440,1,1,-40.300,-44.643,-3.76,-4.16,-3.75,-4.17,INF,-1,1,7,0
5460,1,1,-43.194,-43.560,-4.03,-4.05,-4.02,-4.06,INF,-1,1,7,0
5480,1,1,-41.701,-42.774,-3.89,-3.98,-3.88,-3.99,INF,-1,1,7,0
5500,1,1,-42.269,-43.487,-3.94,-4.05,-3.93,-4.06,INF,-1,1,7,0
5520,1,1,-42.344,-42.432,-3.95,-3.95,-3.94,-3.96,INF,-1,1,7,0
5540,1,1,-40.645,-44.078,-3.79,-4.10,-3.78,-4.11,INF,-1,1,7,0
5560,1,1,-35.269,-43.110,-3.29,-4.02,-3.28,-4.02,INF,-1,1,7,0
5580,1,1,-19.836,-38.436,-1.85,-3.59,-1.85,-3.59,INF,-1,1,7,0
5600,1,1,-23.841,-40.088,-2.23,-3.74,-2.22,-3.74,INF,-1,1,7,0
5620,1,1,-23.816,-39.699,-2.22,-3.70,-2.22,-3.71,INF,-1,0,7,0
5640,1,1,-23.730,-39.090,-2.22,-3.65,-2.21,-3.65,INF,-1,0,7,0
5660,1,1,-22.737,-39.770,-2.12,-3.71,-2.12,-3.71,INF,-1,0,7,0
5680,1,1,-22.584,-40.144,-2.11,-3.74,-2.11,-3.75,INF,-1,0,7,0
5700,1,1,-21.741,-39.502,-2.03,-3.68,-2.03,-3.69,INF,-1,0,7,0
5720,1,1,-23.275,-39.562,-2.17,-3.69,-2.17,-3.69,INF,-1,0,7,0
5740,1,1,-21.907,-38.724,-2.05,-3.61,-2.04,-3.61,INF,-1,0,7,0
5760,1,1,-23.732,-38.919,-2.22,-3.63,-2.21,-3.63,INF,-1,0,7,0
5780,1,1,-23.266,-39.174,-2.17,-3.65,-2.17,-3.66,INF,-1,0,7,0
5800,1,1,-23.084,-38.655,-2.16,-3.61,-2.15,-3.61,INF,-1,0,7,0
5820,1,1,-21.869,-38.744,-2.04,-3.61,-2.04,-3.62,INF,-1,0,7,0
5840,1,1,-21.469,-35.103,-2.01,-3.28,-2.00,-3.28,INF,-1,0,7,0
5860,1,1,-19.087,-25.571,-1.78,-2.39,-1.78,-2.39,INF,-1,1,7,0
5880,1,1,-21.148,-29.258,-1.98,-2.73,-1.97,-2.73,INF,-1,1,7,0
5900,1,1,-20.785,-27.862,-1.94,-2.60,-1.94,-2.60,INF,-1,1,7,0
5920,1,1,-20.458,-29.834,-1.91,-2.78,-1.91,-2.79,INF,-1,1,7,0
5940,1,1,-20.422,-28.866,-1.91,-2.69,-1.91,-2.70,INF,-1,1,7,0
5960,1,1,-18.293,-28.888,-1.71,-2.70,-1.71,-2.70,INF,-1,1,7,0
5980,1,1,-19.976,-27.775,-1.87,-2.59,-1.86,-2.59,INF,-1,1,7,0
6000,1,1,-19.332,-29.398,-1.81,-2.74,-1.80,-2.75,INF,-1,1,7,0
6020,1,1,-20.650,-27.056,-1.93,-2.53,-1.93,-2.53,INF,-1,1,7,0
6040,1,1,-20.746,-28.287,-1.94,-2.64,-1.94,-2.64,INF,-1,1,7,0
6060,1,1,-18.527,-29.351,-1.73,-2.74,-1.73,-2.74,INF,-1,1,7,0
6080,1,1,-18.881,-27.715,-1.76,-2.59,-1.76,-2.59,INF,-1,1,7,0
6100,1,1,-19.131,-28.693,-1.79,-2.68,-1.79,-2.68,INF,-1,1,7,0
6120,1,1,-18.947,-26.926,-1.77,-2.51,-1.77,-2.52,INF,-1,1,7,0
6140,1,1,-28.911,-27.861,-2.70,-2.60,-2.70,-2.60,INF,-1,1,7,0
6160,1,1,-58.142,-22.227,-5.42,-2.07,-5.41,-2.08,INF,-1,0,7,0
6180,1,1,-63.286,-21.941,-5.89,-2.04,-5.89,-2.05,INF,-1,0,7,0
6200,1,1,-62.182,-22.901,-5.79,-2.13,-5.79,-2.14,INF,-1,0,7,0
6220,1,1,-60.979,-23.232,-5.68,-2.16,-5.68,-2.17,INF,-1,0,7,0
6240,1,1,-60.482,-24.321,-5.63,-2.26,-5.63,-2.27,INF,-1,0,7,0
6260,1,1,-60.391,-23.186,-5.63,-2.16,-5.62,-2.17,INF,-1,0,7,0
6280,1,1,-61.472,-24.375,-5.73,-2.27,-5.72,-2.28,INF,-1,0,7,0
6300,1,1,-60.577,-23.928,-5.64,-2.22,-5.64,-2.24,INF,-1,0,7,0
6320,1,1,-60.896,-24.172,-5.67,-2.25,-5.67,-2.26,INF,-1,0,7,0
6340,1,1,-60.706,-24.110,-5.66,-2.24,-5.65,-2.25,INF,-1,0,7,0
6360,1,1,-59.376,-25.470,-5.53,-2.37,-5.53,-2.38,INF,-1,0,7,0
6380,1,1,-62.241,-23.672,-5.80,-2.20,-5.79,-2.21,INF,-1,0,7,0
6400,1,1,-59.836,-24.004,-5.58,-2.23,-5.57,-2.24,INF,-1,0,7,0
6420,1,1,-61.898,-23.787,-5.77,-2.21,-5.76,-2.22,INF,-1,0,7,0
6440,1,1,-61.791,-24.458,-5.76,-2.27,-5.75,-2.28,INF,-1,1,7,0
6460,1,1,-62.504,-23.544,-5.82,-2.19,-5.82,-2.20,INF,-1,1,7,0
6480,1,1,-62.029,-24.472,-5.78,-2.27,-5.77,-2.29,INF,-1,1,7,0
6500,1,1,-61.049,-24.299,-5.69,-2.26,-5.68,-2.27,INF,-1,1,7,0
6520,1,1,-60.921,-26.832,-5.68,-2.49,-5.67,-2.51,INF,-1,1,7,0
6540,0,1,0.000,0.000,0.00,0.00,0.00,0.00,0.00,-1,1,7,0
6560,0,1,0.000,0.000,0.00,0.00,0.00,0.00,0.00,-1,1,7,0
6580,0,1,0.000,0.000,0.00,0.00,0.00,0.00,0.00,-1,1,7,0
6600,0,1,0.000,0.000,0.00,0.00,0.00,0.00,0.00,-1,1,7,0
6620,0,1,0.000,0.000,0.00,0.00,0.00,0.00,0.00,-1,0,7,0
6640,0,1,0.000,0.000,0.00,0.00,0.00,0.00,0.00,-1,0,7,0
6660,0,1,0.000,0.000,0.00,0.00,0.00,0.00,0.00,-1,0,7,0
6680,0,1,0.000,0.000,0.00,0.00,0.00,0.00,0.00,-1,0,7,0
6700,1,1,-20.984,-5.338,-1.96,-0.50,-1.96,-0.50,INF,-1,0,7,0
6720,1,1,-21.864,5.734,-2.04,0.54,-2.04,0.54,INF,-1,0,7,0
6740,1,1,-23.816,7.665,-2.22,0.72,-2.22,0.72,INF,-1,0,7,0
6760,1,1,-23.358,7.427,-2.18,0.69,-2.18,0.69,INF,-1,0,7,0
6780,1,1,-21.323,5.735,-1.99,0.54,-1.99,0.54,INF,-1,0,7,0
6800,1,1,-13.321,10.511,-1.24,0.98,-1.24,0.98,INF,-1,0,7,0
6820,1,1,-15.648,10.553,-1.46,0.99,-1.46,0.99,INF,-1,0,7,0
6840,1,1,-14.151,7.756,-1.32,0.72,-1.32,0.72,INF,-1,0,7,0
6860,1,1,-15.858,9.947,-1.48,0.93,-1.48,0.93,INF,-1,0,7,0
6880,1,1,-14.739,8.141,-1.38,0.76,-1.38,0.76,INF,-1,0,7,0
6900,1,1,-14.771,7.946,-1.38,0.74,-1.38,0.74,INF,-1,0,7,0
6920,1,1,-14.681,9.548,-1.37,0.89,-1.37,0.89,INF,-1,0,7,0
6940,1,1,-14.576,9.097,-1.36,0.85,-1.36,0.85,INF,-1,0,7,0
6960,1,1,-16.128,9.491,-1.51,0.89,-1.51,0.89,INF,-1,0,7,0
6980,1,1,-16.094,9.792,-1.50,0.91,-1.50,0.92,INF,-1,0,7,0
7000,1,1,-15.324,9.954,-1.43,0.93,-1.43,0.93,INF,-1,1,7,0
7020,1,1,-15.593,11.924,-1.46,1.11,-1.46,1.11,INF,-1,1,7,0
7040,1,1,-15.020,11.154,-1.40,1.04,-1.40,1.04,INF,-1,1,7,0
7060,1,1,-14.370,12.452,-1.34,1.16,-1.34,1.16,INF,-1,1,7,0
7080,1,1,-15.751,12.270,-1.47,1.15,-1.47,1.15,INF,-1,1,7,0
7100,1,1,-15.664,11.571,-1.46,1.08,-1.46,1.08,INF,-1,1,7,0
7120,1,1,-16.136,12.480,-1.51,1.17,-1.51,1.17,INF,-1,1,7,0
7140,1,1,-15.791,13.368,-1.48,1.25,-1.48,1.25,INF,-1,1,7,0
7160,1,1,-14.934,12.871,-1.40,1.20,-1.40,1.20,INF,-1,1,7,0
7180,1,1,-15.629,12.998,-1.46,1.21,-1.46,1.21,INF,-1,1,7,0
7200,1,1,-16.355,12.852,-1.53,1.20,-1.53,1.20,INF,-1,1,7,0
7220,1,1,-24.882,8.898,-2.32,0.83,-2.32,0.83,INF,-1,1,7,0
7240,1,1,-67.151,-6.320,-6.25,-0.59,-6.25,-0.59,INF,-1,1,7,0
7260,1,1,-63.906,-7.355,-5.95,-0.68,-5.95,-0.69,INF,-1,1,7,0
7280,1,1,-67.192,-6.591,-6.26,-0.61,-6.25,-0.62,INF,-1,0,7,0
7300,1,1,-66.859,-7.849,-6.22,-0.73,-6.22,-0.73,INF,-1,0,7,0
7320,1,1,-66.282,-6.538,-6.17,-0.61,-6.17,-0.61,INF,-1,0,7,0
7340,1,1,-66.901,-8.428,-6.23,-0.78,-6.23,-0.79,INF,-1,0,7,0
7360,1,1,-66.053,-8.682,-6.15,-0.81,-6.15,-0.81,INF,-1,0,7,0
7380,1,1,-68.068,-7.088,-6.34,-0.66,-6.34,-0.66,INF,-1,0,7,0
7400,1,1,-67.787,-7.780,-6.31,-0.72,-6.31,-0.73,INF,-1,0,7,0
7420,1,1,-65.986,-8.720,-6.14,-0.81,-6.14,-0.82,INF,-1,0,7,0
7440,1,1,-67.223,-7.881,-6.26,-0.73,-6.26,-0.74,INF,-1,0,7,0
7460,1,1,-67.209,-7.988,-6.26,-0.74,-6.26,-0.75,INF,-1,0,7,0
7480,1,1,-67.822,-10.685,-6.31,-0.99,-6.31,-1.00,INF,-1,0,7,0
7500,1,1,-75.897,-16.500,-7.06,-1.53,-7.06,-1.54,INF,-1,0,7,0
7520,1,1,-74.539,-14.755,-6.93,-1.37,-6.93,-1.38,INF,-1,1,7,0
7540,1,1,-73.235,-17.674,-6.81,-1.64,-6.81,-1.65,INF,-1,1,7,0
7560,1,1,-73.584,-17.162,-6.85,-1.59,-6.84,-1.60,INF,-1,1,7,0
7580,1,1,-72.235,-18.713,-6.72,-1.74,-6.72,-1.75,INF,-1,0,7,0
7600,1,1,-72.164,-17.319,-6.71,-1.61,-6.71,-1.62,INF,-1,0,7,0
7620,1,1,-73.631,-17.374,-6.85,-1.61,-6.85,-1.62,INF,-1,0,7,0
7640,1,1,-74.418,-15.959,-6.92,-1.48,-6.92,-1.49,INF,-1,0,7,0
7660,1,1,-73.435,-17.470,-6.83,-1.62,-6.83,-1.63,INF,-1,0,7,0
7680,1,1,-72.976,-18.320,-6.79,-1.70,-6.79,-1.71,INF,-1,0,7,0
7700,1,1,-74.278,-16.066,-6.91,-1.49,-6.91,-1.50,INF,-1,0,7,0
7720,1,1,-73.793,-17.322,-6.86,-1.61,-6.86,-1.62,INF,-1,0,7,0
7740,1,1,-73.409,-18.289,-6.83,-1.70,-6.83,-1.71,INF,-1,0,7,0
7760,1,1,-74.153,-16.440,-6.90,-1.53,-6.89,-1.54,INF,-1,0,7,0
7780,1,1,-71.862,-18.301,-6.69,-1.70,-6.68,-1.71,INF,-1,0,7,0
7800,1,1,-30.757,10.620,-2.87,0.99,-2.87,0.99,INF,-1,0,7,0
7820,1,1,-23.339,11.663,-2.18,1.09,-2.18,1.09,INF,-1,1,7,0
7840,1,1,-25.950,9.895,-2.42,0.92,-2.42,0.92,INF,-1,0,7,0
7860,1,1,-24.231,10.114,-2.26,0.94,-2.26,0.95,INF,-1,0,7,0
7880,1,1,-25.508,9.895,-2.38,0.92,-2.38,0.92,INF,-1,0,7,0
7900,1,1,-23.980,8.867,-2.24,0.83,-2.24,0.83,INF,-1,0,7,0
7920,1,1,-25.427,9.033,-2.38,0.84,-2.37,0.84,INF,-1,0,7,0
7940,1,1,-24.970,9.213,-2.33,0.86,-2.33,0.86,INF,-1,0,7,0
7960,1,1,-19.697,9.332,-1.84,0.87,-1.84,0.87,INF,-1,0,7,0
7980,1,1,-14.980,12.599,-1.40,1.18,-1.40,1.18,INF,-1,0,7,0
8000,1,1,-17.503,11.639,-1.64,1.09,-1.64,1.09,INF,-1,0,7,0
8020,1,1,-17.774,11.998,-1.66,1.12,-1.66,1.12,INF,-1,0,7,0
8040,1,1,-16.463,11.269,-1.54,1.05,-1.54,1.05,INF,-1,0,7,0
8060,1,1,-15.955,10.699,-1.49,1.00,-1.49,1.00,INF,-1,0,7,0
8080,1,1,-15.798,11.152,-1.48,1.04,-1.48,1.04,INF,-1,1,7,0
8100,1,1,-15.678,10.530,-1.47,0.98,-1.46,0.98,INF,-1,1,7,0
8120,1,1,-15.421,10.006,-1.44,0.93,-1.44,0.94,INF,-1,1,7,0
8140,1,1,-16.177,10.448,-1.51,0.98,-1.51,0.98,INF,-1,1,7,0
8160,1,1,-16.598,10.554,-1.55,0.99,-1.55,0.99,INF,-1,1,7,0
8180,1,1,-15.221,10.317,-1.42,0.96,-1.42,0.96,INF,-1,1,7,0
8200,1,1,-16.439,11.083,-1.54,1.04,-1.54,1.04,INF,-1,1,7,0
8220,1,1,-16.051,9.803,-1.50,0.92,-1.50,0.92,INF,-1,1,7,0
8240,1,1,-16.511,11.193,-1.54,1.05,-1.54,1.05,INF,-1,1,7,0
8260,1,1,-15.362,10.610,-1.44,0.99,-1.44,0.99,INF,-1,1,7,0
8280,1,1,-16.807,11.007,-1.57,1.03,-1.57,1.03,INF,-1,1,7,0
8300,1,1,-16.795,9.753,-1.57,0.91,-1.57,0.91,INF,-1,1,7,0
8320,1,1,-17.607,10.358,-1.65,0.97,-1.65,0.97,INF,-1,1,7,0
8340,1,1,-16.648,8.877,-1.56,0.83,-1.56,0.83,INF,-1,1,7,0
8360,1,1,-16.296,8.773,-1.52,0.82,-1.52,0.82,INF,-1,1,7,0
8380,1,1,-11.915,7.272,-1.11,0.68,-1.11,0.68,INF,-1,1,7,0
8400,1,1,5.655,1.105,0.53,0.10,0.53,0.10,INF,-1,1,7,0
8420,1,1,0.930,3.506,0.09,0.33,0.09,0.33,INF,-1,0,7,0
8440,1,1,2.797,2.404,0.26,0.22,0.26,0.22,INF,-1,0,7,0
8460,1,1,2.470,1.738,0.23,0.16,0.23,0.16,INF,-1,0,7,0
8480,1,1,3.397,1.993,0.32,0.19,0.32,0.19,INF,-1,0,7,0
8500,1,1,2.588,1.628,0.24,0.15,0.24,0.15,INF,-1,0,7,0
8520,1,1,1.483,1.559,0.14,0.15,0.14,0.15,INF,-1,0,7,0
8540,1,1,1.357,1.644,0.13,0.15,0.13,0.15,INF,-1,0,7,0
8560,1,1,2.683,0.913,0.25,0.09,0.25,0.09,INF,-1,0,7,0
8580,1,1,2.296,1.043,0.21,0.10,0.21,0.10,INF,-1,0,7,0
8600,1,1,2.211,0.774,0.21,0.07,0.21,0.07,INF,-1,0,7,0
8620,1,1,3.032,0.125,0.28,0.01,0.28,0.01,INF,-1,0,7,0
8640,1,1,3.838,-0.080,0.36,-0.01,0.36,-0.01,INF,-1,0,7,0
8660,1,1,3.033,0.222,0.28,0.02,0.28,0.02,INF,-1,0,7,0
8680,1,1,3.524,0.414,0.33,0.04,0.33,0.04,INF,-1,1,7,0
8700,1,1,2.304,0.357,0.22,0.03,0.22,0.03,INF,-1,1,7,0
8720,1,1,4.081,-0.314,0.38,-0.03,0.38,-0.03,INF,-1,1,7,0
8740,1,1,2.262,-1.563,0.21,-0.15,0.21,-0.15,INF,-1,1,7,0
8760,1,1,4.721,-5.361,0.44,-0.50,0.44,-0.50,INF,-1,1,7,0
8780,1,1,4.436,-4.607,0.41,-0.43,0.41,-0.43,INF,-1,1,7,0
8800,1,1,5.731,-4.666,0.54,-0.44,0.54,-0.44,INF,-1,1,7,0
8820,1,1,5.052,-4.209,0.47,-0.39,0.47,-0.39,INF,-1,1,7,0
8840,1,1,4.974,-4.725,0.46,-0.44,0.46,-0.44,INF,-1,1,7,0
8860,1,1,4.909,-4.519,0.46,-0.42,0.46,-0.42,INF,-1,1,7,0
8880,1,1,4.790,-4.739,0.45,-0.44,0.45,-0.44,INF,-1,1,7,0
8900,1,1,4.939,-5.005,0.46,-0.47,0.46,-0.47,INF,-1,1,7,0
8920,1,1,4.163,-3.623,0.39,-0.34,0.39,-0.34,INF,-1,1,7,0
8940,1,1,3.852,-3.393,0.36,-0.32,0.36,-0.32,INF,-1,1,7,0
8960,1,1,4.562,-4.677,0.43,-0.44,0.43,-0.44,INF,-1,1,7,0
8980,1,1,-4.205,6.910,-0.39,0.65,-0.39,0.65,INF,-1,1,7,0
9000,1,1,-8.008,4.487,-0.75,0.42,-0.75,0.42,INF,-1,1,7,0
9020,1,1,-5.645,3.587,-0.53,0.34,-0.53,0.34,INF,-1,1,7,0
9040,1,1,-5.914,3.401,-0.55,0.32,-0.55,0.32,INF,-1,1,7,0
9060,1,1,-7.109,3.810,-0.66,0.36,-0.66,0.36,INF,-1,1,7,0
9080,1,1,-5.266,2.721,-0.49,0.25,-0.49,0.25,INF,-1,1,7,0
9100,1,1,-7.362,3.992,-0.69,0.37,-0.69,0.37,INF,-1,1,7,0
9120,1,1,-6.132,2.774,-0.57,0.26,-0.57,0.26,INF,-1,1,7,0
9140,1,1,-6.279,2.597,-0.59,0.24,-0.59,0.24,INF,-1,1,7,0
9160,1,1,-7.095,2.827,-0.66,0.26,-0.66,0.26,INF,-1,1,7,0
9180,1,1,-6.399,3.363,-0.60,0.31,-0.60,0.31,INF,-1,1,7,0
9200,1,1,-5.433,2.294,-0.51,0.21,-0.51,0.21,INF,-1,1,7,0
9220,1,1,-5.473,2.936,-0.51,0.27,-0.51,0.27,INF,-1,1,7,0
9240,1,1,-5.023,3.147,-0.47,0.29,-0.47,0.29,INF,-1,1,7,0
9260,1,1,-6.642,3.667,-0.62,0.34,-0.62,0.34,INF,-1,1,7,0
9280,1,1,-4.939,2.257,-0.46,0.21,-0.46,0.21,INF,-1,1,7,0
9300,1,1,-5.253,3.391,-0.49,0.32,-0.49,0.32,INF,-1,1,7,0
9320,1,1,-6.360,3.945,-0.59,0.37,-0.59,0.37,INF,-1,1,7,0
9340,1,1,-7.400,4.263,-0.69,0.40,-0.69,0.40,INF,-1,1,7,0
9360,1,1,-6.150,4.485,-0.57,0.42,-0.57,0.42,INF,-1,1,7,0
9380,1,1,-16.640,12.141,-1.55,1.13,-1.55,1.13,INF,-1,1,7,0
9400,1,1,-14.429,11.336,-1.35,1.06,-1.35,1.06,INF,-1,1,7,0
9420,1,1,-14.619,10.975,-1.37,1.03,-1.37,1.03,INF,-1,0,7,0
9440,1,1,-14.334,9.909,-1.34,0.93,-1.34,0.93,INF,-1,0,7,0
9460,1,1,-15.045,10.370,-1.41,0.97,-1.41,0.97,INF,-1,0,7,0
9480,1,1,-16.396,11.363,-1.53,1.06,-1.53,1.06,INF,-1,0,7,0
9500,1,1,-14.562,10.182,-1.36,0.95,-1.36,0.95,INF,-1,0,7,0
9520,1,1,-15.656,11.109,-1.46,1.04,-1.46,1.04,INF,-1,0,7,0
9540,1,1,-15.842,10.584,-1.48,0.99,-1.48,0.99,INF,-1,0,7,0
9560,1,1,-15.554,10.064,-1.45,0.94,-1.45,0.94,INF,-1,0,7,0
9580,1,1,-14.993,10.539,-1.40,0.98,-1.40,0.98,INF,-1,0,7,0
9600,1,1,-14.502,10.088,-1.36,0.94,-1.36,0.94,INF,-1,0,7,0
9620,1,1,10.471,8.661,0.98,0.81,0.98,0.81,INF,-1,0,7,0
9640,1,1,12.286,10.360,1.15,0.97,1.15,0.97,INF,-1,0,7,0
9660,1,1,10.049,9.371,0.94,0.88,0.94,0.88,INF,-1,0,7,0
9680,1,1,10.569,8.935,0.99,0.83,0.99,0.84,INF,-1,0,7,0
9700,1,1,10.484,9.283,0.98,0.87,0.98,0.87,INF,-1,0,7,0
9720,1,1,8.526,10.011,0.80,0.94,0.80,0.94,INF,-1,0,7,0
9740,1,1,10.712,8.990,1.00,0.84,1.00,0.84,INF,-1,0,7,0
9760,1,1,9.458,9.848,0.88,0.92,0.88,0.92,INF,-1,0,7,0
9780,1,1,8.501,9.955,0.79,0.93,0.79,0.93,INF,-1,0,7,0
9800,1,1,10.125,10.253,0.95,0.96,0.95,0.96,INF,-1,1,7,0
9820,1,1,10.880,9.194,1.02,0.86,1.02,0.86,INF,-1,1,7,0
9840,1,1,8.859,9.588,0.83,0.90,0.83,0.90,INF,-1,1,7,0
9860,1,1,8.791,9.416,0.82,0.88,0.82,0.88,INF,-1,1,7,0
9880,1,1,8.701,9.655,0.81,0.90,0.81,0.90,INF,-1,1,7,0
9900,1,1,9.345,9.154,0.87,0.86,0.87,0.86,INF,-1,1,7,0
9920,1,1,9.442,9.294,0.88,0.87,0.88,0.87,INF,-1,1,7,0
9940,1,1,10.719,8.962,1.00,0.84,1.00,0.84,INF,-1,1,7,0
9960,1,1,12.642,5.671,1.18,0.53,1.18,0.53,INF,-1,1,7,0
9980,1,1,14.827,0.999,1.39,0.09,1.39,0.09,INF,-1,1,7,0
10000,1,1,13.967,4.455,1.31,0.42,1.31,0.42,INF,-1,0,7,0
10020,1,1,15.313,2.423,1.43,0.23,1.43,0.23,INF,-1,0,7,0
10040,1,1,15.932,3.681,1.49,0.34,1.49,0.34,INF,-1,0,7,0
10060,1,1,14.274,3.624,1.33,0.34,1.33,0.34,INF,-1,0,7,0
10080,1,1,14.907,3.220,1.39,0.30,1.39,0.30,INF,-1,0,7,0
10100,1,1,15.200,3.059,1.42,0.29,1.42,0.29,INF,-1,0,7,0
10120,1,1,14.251,3.023,1.33,0.28,1.33,0.28,INF,-1,0,7,0
10140,1,1,14.532,3.074,1.36,0.29,1.36,0.29,INF,-1,0,7,0
10160,1,1,14.623,2.491,1.37,0.23,1.37,0.23,INF,-1,0,7,0
10180,1,1,15.464,2.506,1.45,0.23,1.45,0.23,INF,-1,0,7,0
10200,1,1,14.737,2.943,1.38,0.27,1.38,0.28,INF,-1,0,7,0
10220,1,1,13.406,2.937,1.25,0.27,1.25,0.27,INF,-1,0,7,0
10240,1,1,10.593,3.083,0.99,0.29,0.99,0.29,INF,-1,1,7,0
10260,1,1,-3.793,9.041,-0.35,0.85,-0.35,0.85,INF,-1,1,7,0
10280,1,1,-3.139,8.414,-0.29,0.79,-0.29,0.79,INF,-1,1,7,0
10300,1,1,-3.364,6.428,-0.31,0.60,-0.31,0.60,INF,-1,0,7,0
10320,1,1,-1.685,6.478,-0.16,0.61,-0.16,0.61,INF,-1,0,7,0
10340,1,1,-4.324,6.576,-0.40,0.61,-0.40,0.61,INF,-1,0,7,0
10360,1,1,-3.604,6.701,-0.34,0.63,-0.34,0.63,INF,-1,0,7,0
10380,1,1,-3.710,6.814,-0.35,0.64,-0.35,0.64,INF,-1,0,7,0
10400,1,1,-4.929,7.018,-0.46,0.66,-0.46,0.66,INF,-1,0,7,0
10420,1,1,-14.167,12.944,-1.32,1.21,-1.32,1.21,INF,-1,0,7,0
10440,1,1,-13.359,9.994,-1.25,0.93,-1.25,0.93,INF,-1,0,7,0
10460,1,1,-14.104,10.242,-1.32,0.96,-1.32,0.96,INF,-1,0,7,0
10480,1,1,-12.974,8.897,-1.21,0.83,-1.21,0.83,INF,-1,0,7,0
10500,1,1,-14.061,10.330,-1.31,0.97,-1.31,0.97,INF,-1,0,7,0
10520,1,1,-13.634,9.244,-1.27,0.86,-1.27,0.86,INF,-1,0,7,0
10540,1,1,-13.734,9.830,-1.28,0.92,-1.28,0.92,INF,-1,1,7,0
10560,1,1,-14.107,10.601,-1.32,0.99,-1.32,0.99,INF,-1,1,7,0
10580,1,1,-14.949,9.890,-1.40,0.92,-1.40,0.92,INF,-1,1,7,0
10600,1,1,-15.912,11.547,-1.49,1.08,-1.49,1.08,INF,-1,1,7,0
10620,1,1,-13.261,12.912,-1.24,1.21,-1.24,1.21,INF,-1,1,7,0
10640,1,1,-14.327,11.164,-1.34,1.04,-1.34,1.04,INF,-1,1,7,0
10660,1,1,-16.645,12.764,-1.56,1.19,-1.56,1.19,INF,-1,1,7,0
10680,1,1,-14.760,11.471,-1.38,1.07,-1.38,1.07,INF,-1,1,7,0
10700,1,1,-14.879,10.531,-1.39,0.98,-1.39,0.98,INF,-1,1,7,0
10720,1,1,-13.865,10.796,-1.30,1.01,-1.30,1.01,INF,-1,1,7,0
10740,1,1,-16.160,11.696,-1.51,1.09,-1.51,1.09,INF,-1,1,7,0
10760,1,1,-15.323,11.494,-1.43,1.07,-1.43,1.07,INF,-1,1,7,0
10780,1,1,-15.321,12.314,-1.43,1.15,-1.43,1.15,INF,-1,1,7,0
10800,1,1,-15.215,11.902,-1.42,1.11,-1.42,1.11,INF,-1,1,7,0
10820,1,1,-15.025,11.622,-1.40,1.09,-1.40,1.09,INF,-1,1,7,0
10840,1,1,-15.285,11.817,-1.43,1.10,-1.43,1.10,INF,-1,1,7,0
10860,1,1,-15.550,12.065,-1.45,1.13,-1.45,1.13,INF,-1,1,7,0
10880,1,1,-16.182,13.101,-1.51,1.22,-1.51,1.22,INF,-1,1,7,0
10900,1,1,-15.582,12.629,-1.46,1.18,-1.46,1.18,INF,-1,1,7,0
10920,1,1,-16.050,12.024,-1.50,1.12,-1.50,1.12,INF,-1,1,7,0
10940,1,1,-15.334,11.109,-1.43,1.04,-1.43,1.04,INF,-1,1,7,0
10960,1,1,-15.038,11.717,-1.41,1.09,-1.41,1.10,INF,-1,1,7,0
10980,1,1,-14.954,11.203,-1.40,1.05,-1.40,1.05,INF,-1,1,7,0
11000,1,1,-15.224,12.145,-1.42,1.13,-1.42,1.13,INF,-1,1,7,0
11020,1,1,-15.450,11.543,-1.44,1.08,-1.44,1.08,INF,-1,1,7,0
11040,1,1,-15.163,11.762,-1.42,1.10,-1.42,1.10,INF,-1,1,7,0
11060,1,1,-16.353,11.541,-1.53,1.08,-1.53,1.08,INF,-1,1,7,0
11080,1,1,-17.167,11.693,-1.60,1.09,-1.60,1.09,INF,-1,1,7,0
11100,1,1,-17.402,11.376,-1.63,1.06,-1.63,1.06,INF,-1,1,7,0
11120,1,1,-16.381,11.327,-1.53,1.06,-1.53,1.06,INF,-1,1,7,0
11140,1,1,-17.197,11.271,-1.61,1.05,-1.61,1.05,INF,-1,1,7,0
11160,1,1,-18.009,11.094,-1.68,1.04,-1.68,1.04,INF,-1,1,7,0
11180,1,1,-17.154,11.156,-1.60,1.04,-1.60,1.04,INF,-1,1,7,0
11200,1,1,-15.656,10.145,-1.46,0.95,-1.46,0.95,INF,-1,1,7,0
11220,1,1,-8.610,-0.184,-0.80,-0.02,-0.80,-0.02,INF,-1,1,7,0
11240,1,1,7.453,-25.679,0.70,-2.40,0.70,-2.40,INF,-1,1,7,0
11260,1,1,1.521,-20.522,0.14,-1.92,0.14,-1.92,INF,-1,1,7,0
11280,1,1,2.007,-22.552,0.19,-2.11,0.19,-2.11,INF,-1,0,7,0
11300,1,1,3.100,-22.911,0.29,-2.14,0.29,-2.14,INF,-1,0,7,0
11320,1,1,3.422,-21.355,0.32,-2.00,0.32,-2.00,INF,-1,0,7,0
11340,1,1,3.975,-22.709,0.37,-2.12,0.37,-2.12,INF,-1,0,7,0
11360,1,1,2.706,-22.139,0.25,-2.07,0.25,-2.07,INF,-1,0,7,0
11380,1,1,3.852,-22.358,0.36,-2.09,0.36,-2.09,INF,-1,0,7,0
11400,1,1,3.705,-23.789,0.35,-2.22,0.35,-2.22,INF,-1,0,7,0
11420,1,1,2.797,-22.664,0.26,-2.12,0.26,-2.12,INF,-1,0,7,0
11440,1,1,4.224,-22.895,0.39,-2.14,0.39,-2.14,INF,-1,0,7,0
11460,1,1,33.911,-30.380,3.17,-2.83,3.16,-2.84,INF,-1,0,7,0
11480,1,1,28.796,-29.104,2.69,-2.72,2.69,-2.72,INF,-1,0,7,0
11500,1,1,31.024,-30.840,2.90,-2.88,2.89,-2.88,INF,-1,0,7,0
11520,1,1,30.497,-31.230,2.85,-2.91,2.84,-2.92,INF,-1,0,7,0
11540,1,1,28.977,-32.938,2.71,-3.07,2.70,-3.08,INF,-1,0,7,0
11560,1,1,30.301,-33.015,2.83,-3.08,2.83,-3.08,INF,-1,0,7,0
11580,1,1,30.394,-33.196,2.84,-3.10,2.83,-3.10,INF,-1,0,7,0
11600,1,1,30.171,-33.333,2.82,-3.11,2.81,-3.11,INF,-1,0,7,0
11620,1,1,30.767,-33.499,2.87,-3.12,2.87,-3.13,INF,-1,0,7,0
11640,1,1,31.025,-33.142,2.90,-3.09,2.89,-3.09,INF,-1,1,7,0
11660,1,1,32.118,-34.045,3.00,-3.17,2.99,-3.18,INF,-1,0,7,0
11680,1,1,31.182,-33.670,2.91,-3.14,2.91,-3.14,INF,-1,0,7,0
11700,1,1,31.537,-35.215,2.95,-3.28,2.94,-3.29,INF,-1,0,7,0
11720,1,1,31.589,-34.354,2.95,-3.20,2.95,-3.21,INF,-1,0,7,0
11740,1,1,31.506,-34.250,2.94,-3.19,2.94,-3.20,INF,-1,0,7,0
11760,1,1,30.514,-34.087,2.85,-3.18,2.85,-3.18,INF,-1,0,7,0
11780,1,1,31.980,-35.140,2.99,-3.28,2.98,-3.28,INF,-1,0,7,0
11800,1,1,31.660,-33.664,2.96,-3.14,2.95,-3.14,INF,-1,0,7,0
11820,1,1,32.118,-34.622,3.00,-3.23,2.99,-3.23,INF,-1,0,7,0
11840,1,1,32.325,-35.073,3.02,-3.27,3.01,-3.27,INF,-1,0,7,0
11860,1,1,32.185,-34.779,3.01,-3.24,3.00,-3.25,INF,-1,0,7,0
11880,1,1,39.111,-23.668,3.65,-2.21,3.65,-2.21,INF,-1,0,7,0
11900,1,1,40.188,-10.559,3.75,-0.98,3.75,-0.99,INF,-1,1,7,0
11920,1,1,40.088,-13.405,3.74,-1.25,3.74,-1.25,INF,-1,0,7,0
11940,1,1,41.659,-13.016,3.89,-1.21,3.89,-1.22,INF,-1,0,7,0
11960,1,1,39.624,-12.195,3.70,-1.14,3.70,-1.14,INF,-1,0,7,0
11980,1,1,40.509,-12.510,3.78,-1.17,3.78,-1.17,INF,-1,0,7,0
12000,1,1,39.843,-11.842,3.72,-1.10,3.72,-1.11,INF,-1,0,7,0
12020,1,1,40.961,-12.407,3.82,-1.16,3.82,-1.16,INF,-1,0,7,0
12040,1,1,40.876,-12.824,3.81,-1.20,3.81,-1.20,INF,-1,0,7,0
12060,1,1,40.010,-13.002,3.73,-1.21,3.73,-1.22,INF,-1,0,7,0
12080,1,1,40.152,-11.852,3.75,-1.11,3.75,-1.11,INF,-1,0,7,0
12100,1,1,40.283,-13.053,3.76,-1.22,3.76,-1.22,INF,-1,0,7,0
12120,1,1,39.887,-11.693,3.72,-1.09,3.72,-1.09,INF,-1,0,7,0
12140,1,1,39.891,-12.543,3.72,-1.17,3.72,-1.17,INF,-1,0,7,0
12160,1,1,40.153,-12.477,3.75,-1.16,3.75,-1.17,INF,-1,0,7,0
12180,1,1,40.384,-12.351,3.77,-1.15,3.77,-1.15,INF,-1,1,7,0
12200,1,1,39.804,-12.996,3.72,-1.21,3.71,-1.21,INF,-1,1,7,0
12220,1,1,39.867,-11.988,3.72,-1.12,3.72,-1.12,INF,-1,1,7,0
12240,1,1,39.752,-12.753,3.71,-1.19,3.71,-1.19,INF,-1,1,7,0
12260,1,1,41.332,-13.113,3.86,-1.22,3.86,-1.23,INF,-1,1,7,0
12280,1,1,40.268,-13.193,3.76,-1.23,3.76,-1.23,INF,-1,1,7,0
12300,1,1,41.606,-12.550,3.88,-1.17,3.88,-1.17,INF,-1,1,7,0
12320,1,1,40.478,-11.859,3.78,-1.11,3.78,-1.11,INF,-1,1,7,0
12340,1,1,40.153,-11.894,3.75,-1.11,3.75,-1.11,INF,-1,1,7,0
12360,1,1,41.691,-13.744,3.89,-1.28,3.89,-1.28,INF,-1,1,7,0
12380,1,1,35.744,-28.433,3.34,-2.65,3.33,-2.66,INF,-1,1,7,0
12400,1,1,38.230,-25.648,3.57,-2.39,3.57,-2.40,INF,-1,1,7,0
12420,1,1,36.653,-26.229,3.42,-2.45,3.42,-2.45,INF,-1,0,7,0
12440,1,1,35.733,-26.470,3.34,-2.47,3.33,-2.47,INF,-1,0,7,0
12460,1,1,36.382,-26.988,3.40,-2.52,3.39,-2.52,INF,-1,0,7,0
12480,1,1,36.151,-26.741,3.38,-2.49,3.37,-2.50,INF,-1,0,7,0
12500,1,1,36.545,-26.433,3.41,-2.46,3.41,-2.47,INF,-1,0,7,0
12520,1,1,36.500,-27.220,3.41,-2.54,3.40,-2.54,INF,-1,0,7,0
12540,1,1,14.894,-13.207,1.39,-1.23,1.39,-1.23,INF,-1,0,7,0
12560,1,1,-10.037,10.328,-0.94,0.97,-0.94,0.97,INF,-1,0,7,0
12580,1,1,-26.352,18.440,-2.46,1.72,-2.46,1.72,INF,-1,0,7,0
12600,1,1,-40.369,27.865,-3.77,2.60,-3.76,2.60,INF,-1,0,7,0
12620,1,1,-39.790,25.484,-3.71,2.38,-3.71,2.38,INF,-1,0,7,0
12640,1,1,-39.809,26.331,-3.72,2.45,-3.71,2.46,INF,-1,0,7,0
12660,1,1,-40.370,26.735,-3.77,2.49,-3.76,2.50,INF,-1,0,7,0
12680,1,1,-39.438,25.708,-3.68,2.40,-3.68,2.40,INF,-1,0,7,0
12700,1,1,-39.662,26.775,-3.70,2.50,-3.70,2.50,INF,-1,0,7,0
12720,1,1,-39.728,26.071,-3.71,2.43,-3.70,2.44,INF,-1,0,7,0
12740,1,1,-39.076,26.213,-3.65,2.44,-3.64,2.45,INF,-1,0,7,0
12760,1,1,-39.511,25.939,-3.69,2.42,-3.68,2.42,INF,-1,0,7,0
12780,1,1,-38.439,25.891,-3.59,2.41,-3.58,2.42,INF,-1,0,7,0
12800,1,1,-37.675,25.133,-3.52,2.34,-3.51,2.35,INF,-1,0,7,0
12820,1,1,-39.984,25.777,-3.73,2.40,-3.73,2.41,INF,-1,0,7,0
12840,1,1,-48.349,24.510,-4.51,2.28,-4.51,2.29,INF,-1,1,7,0
12860,1,1,-60.402,26.174,-5.63,2.43,-5.62,2.44,INF,-1,1,7,0
12880,1,1,-57.748,24.972,-5.38,2.32,-5.38,2.33,INF,-1,0,7,0
12900,1,1,-58.991,25.326,-5.50,2.35,-5.49,2.37,INF,-1,0,7,0
12920,1,1,-59.119,24.511,-5.51,2.28,-5.50,2.29,INF,-1,0,7,0
12940,1,1,-59.486,24.883,-5.54,2.31,-5.54,2.32,INF,-1,0,7,0
12960,1,1,-60.368,23.606,-5.62,2.19,-5.62,2.21,INF,-1,0,7,0
12980,1,1,-59.949,24.850,-5.59,2.31,-5.58,2.32,INF,-1,0,7,0
13000,1,1,-61.227,24.372,-5.70,2.27,-5.70,2.28,INF,-1,0,7,0
13020,1,1,-60.220,23.389,-5.61,2.17,-5.61,2.19,INF,-1,0,7,0
13040,1,1,-60.695,25.592,-5.65,2.38,-5.65,2.39,INF,-1,0,7,0
13060,1,1,-61.164,25.923,-5.70,2.41,-5.69,2.42,INF,-1,0,7,0
13080,1,1,-60.967,24.112,-5.68,2.24,-5.68,2.25,INF,-1,0,7,0
13100,1,1,-61.279,24.230,-5.71,2.25,-5.70,2.26,INF,-1,0,7,0
13120,1,1,-60.558,24.957,-5.64,2.32,-5.64,2.33,INF,-1,0,7,0
13140,1,1,-61.020,24.274,-5.68,2.26,-5.68,2.27,INF,-1,1,7,0
13160,1,1,-50.594,20.590,-4.72,1.92,-4.72,1.92,INF,-1,1,7,0
13180,1,1,-19.702,16.313,-1.84,1.52,-1.84,1.52,INF,-1,1,7,0
13200,1,1,-21.888,15.565,-2.04,1.45,-2.04,1.45,INF,-1,0,7,0
13220,1,1,-20.734,14.882,-1.94,1.39,-1.94,1.39,INF,-1,0,7,0
13240,1,1,-19.152,14.853,-1.79,1.39,-1.79,1.39,INF,-1,0,7,0
13260,1,1,-21.121,15.216,-1.97,1.42,-1.97,1.42,INF,-1,0,7,0
13280,1,1,-21.123,15.470,-1.97,1.44,-1.97,1.45,INF,-1,0,7,0
13300,1,1,-20.278,14.974,-1.89,1.40,-1.89,1.40,INF,-1,0,7,0
13320,1,1,-19.328,13.569,-1.81,1.27,-1.81,1.27,INF,-1,0,7,0
13340,1,1,-19.007,14.048,-1.78,1.31,-1.78,1.31,INF,-1,0,7,0
13360,1,1,-19.884,10.908,-1.86,1.02,-1.86,1.02,INF,-1,0,7,0
13380,1,1,-19.305,12.278,-1.80,1.15,-1.80,1.15,INF,-1,0,7,0
13400,1,1,-19.463,12.617,-1.82,1.18,-1.82,1.18,INF,-1,0,7,0
13420,1,1,-18.774,11.324,-1.75,1.06,-1.75,1.06,INF,-1,0,7,0
13440,1,1,-19.376,11.480,-1.81,1.07,-1.81,1.07,INF,-1,0,7,0
13460,1,1,-19.761,11.886,-1.85,1.11,-1.85,1.11,INF,-1,1,7,0
13480,1,1,-19.656,12.280,-1.84,1.15,-1.84,1.15,INF,-1,1,7,0
13500,1,1,-18.021,11.338,-1.68,1.06,-1.68,1.06,INF,-1,1,7,0
13520,1,1,-19.308,11.565,-1.80,1.08,-1.80,1.08,INF,-1,1,7,0
13540,1,1,-41.004,-17.569,-3.83,-1.64,-3.83,-1.64,INF,-1,1,7,0
13560,1,1,-40.141,-29.166,-3.75,-2.72,-3.74,-2.72,INF,-1,1,7,0
13580,1,1,-40.880,-25.477,-3.82,-2.37,-3.81,-2.38,INF,-1,0,7,0
13600,1,1,-41.624,-26.395,-3.88,-2.46,-3.88,-2.47,INF,-1,0,7,0
13620,1,1,-40.341,-27.147,-3.77,-2.53,-3.76,-2.54,INF,-1,0,7,0
13640,1,1,-41.231,-27.811,-3.85,-2.59,-3.84,-2.60,INF,-1,0,7,0
13660,1,1,-38.732,-28.397,-3.62,-2.65,-3.61,-2.65,INF,-1,0,7,0
13680,1,1,-40.181,-28.352,-3.75,-2.64,-3.75,-2.65,INF,-1,0,7,0
13700,1,1,-38.507,-28.428,-3.59,-2.65,-3.59,-2.66,INF,-1,0,7,0
13720,1,1,-38.092,-28.346,-3.56,-2.64,-3.55,-2.65,INF,-1,0,7,0
13740,1,1,-38.710,-28.094,-3.61,-2.62,-3.61,-2.62,INF,-1,0,7,0
13760,1,1,-37.989,-27.686,-3.55,-2.58,-3.54,-2.59,INF,-1,0,7,0
13780,1,1,-38.248,-28.858,-3.57,-2.69,-3.57,-2.70,INF,-1,0,7,0
13800,1,1,-46.002,-39.832,-4.29,-3.71,-4.28,-3.72,INF,-1,0,7,0
13820,1,1,-43.358,-37.111,-4.05,-3.46,-4.04,-3.46,INF,-1,0,7,0
13840,1,1,-42.300,-38.104,-3.95,-3.55,-3.94,-3.56,INF,-1,1,7,0
13860,1,1,-43.705,-39.066,-4.08,-3.64,-4.07,-3.65,INF,-1,1,7,0
13880,1,1,-44.369,-37.675,-4.14,-3.51,-4.13,-3.52,INF,-1,1,7,0
13900,1,1,-44.016,-38.743,-4.11,-3.61,-4.10,-3.62,INF,-1,1,7,0
13920,1,1,-43.771,-38.879,-4.08,-3.62,-4.08,-3.63,INF,-1,1,7,0
13940,1,1,-43.002,-39.555,-4.01,-3.68,-4.00,-3.69,INF,-1,1,7,0
13960,1,1,-43.026,-39.096,-4.01,-3.64,-4.01,-3.65,INF,-1,1,7,0
13980,1,1,-43.622,-39.065,-4.07,-3.64,-4.06,-3.65,INF,-1,1,7,0
14000,1,1,-45.228,-38.204,-4.22,-3.56,-4.21,-3.57,INF,-1,1,7,0
14020,1,1,-43.954,-40.164,-4.10,-3.74,-4.09,-3.75,INF,-1,1,7,0
14040,1,1,-43.949,-39.010,-4.10,-3.63,-4.09,-3.64,INF,-1,1,7,0
14060,1,1,-43.581,-40.103,-4.07,-3.73,-4.06,-3.74,INF,-1,1,7,0
14080,1,1,-44.527,-39.986,-4.15,-3.72,-4.15,-3.73,INF,-1,1,7,0
14100,1,1,-44.637,-39.883,-4.16,-3.71,-4.16,-3.72,INF,-1,0,7,0
14120,1,1,-45.073,-39.910,-4.21,-3.72,-4.20,-3.73,INF,-1,0,7,0
14140,1,1,-44.820,-39.648,-4.18,-3.69,-4.17,-3.70,INF,-1,0,7,0
14160,1,1,-44.614,-40.166,-4.16,-3.74,-4.15,-3.75,INF,-1,0,7,0
14180,1,1,-44.052,-40.729,-4.11,-3.79,-4.10,-3.80,INF,-1,0,7,0
14200,1,1,-44.582,-39.912,-4.16,-3.72,-4.15,-3.73,INF,-1,0,7,0
14220,1,1,-44.422,-40.299,-4.14,-3.75,-4.14,-3.76,INF,-1,0,7,0
14240,1,1,-44.890,-40.357,-4.19,-3.76,-4.18,-3.77,INF,-1,0,7,0
14260,1,1,-44.534,-40.190,-4.16,-3.74,-4.15,-3.75,INF,-1,0,7,0
14280,1,1,-44.264,-40.014,-4.13,-3.73,-4.12,-3.73,INF,-1,0,7,0
14300,1,1,-45.176,-39.173,-4.21,-3.65,-4.21,-3.66,INF,-1,0,7,0
14320,1,1,-45.243,-39.015,-4.22,-3.63,-4.21,-3.64,INF,-1,0,7,0
14340,1,1,-45.386,-38.410,-4.23,-3.58,-4.23,-3.59,INF,-1,1,7,0
14360,1,1,-58.021,-24.330,-5.41,-2.26,-5.40,-2.27,INF,-1,1,7,0
14380,1,1,-61.451,-20.634,-5.72,-1.92,-5.72,-1.93,INF,-1,1,7,0
14400,1,1,-60.409,-23.503,-5.63,-2.19,-5.62,-2.20,INF,-1,0,7,0
14420,1,1,-61.346,-22.362,-5.71,-2.08,-5.71,-2.09,INF,-1,0,7,0
14440,1,1,-61.018,-24.053,-5.68,-2.24,-5.68,-2.25,INF,-1,0,7,0
14460,1,1,-62.557,-23.287,-5.83,-2.16,-5.82,-2.18,INF,-1,0,7,0
14480,1,1,-62.378,-24.661,-5.81,-2.29,-5.81,-2.30,INF,-1,0,7,0
14500,1,1,-60.193,-24.006,-5.61,-2.23,-5.60,-2.24,INF,-1,0,7,0
14520,1,1,-61.329,-24.182,-5.71,-2.25,-5.71,-2.26,INF,-1,0,7,0
14540,1,1,-62.471,-22.981,-5.82,-2.14,-5.81,-2.15,INF,-1,0,7,0
14560,1,1,-59.774,-24.045,-5.57,-2.24,-5.57,-2.25,INF,-1,0,7,0
14580,1,1,-60.337,-23.896,-5.62,-2.22,-5.62,-2.23,INF,-1,0,7,0
14600,1,1,-61.697,-24.269,-5.75,-2.26,-5.74,-2.27,INF,-1,0,7,0
14620,1,1,-62.455,-23.355,-5.82,-2.17,-5.81,-2.18,INF,-1,0,7,0
14640,1,1,-60.655,-23.473,-5.65,-2.18,-5.65,-2.19,INF,-1,1,7,0
14660,1,1,-61.080,-23.837,-5.69,-2.22,-5.69,-2.23,INF,-1,1,7,0
14680,1,1,-60.989,-24.252,-5.68,-2.25,-5.68,-2.27,INF,-1,1,7,0
14700,1,1,-61.164,-23.365,-5.70,-2.17,-5.69,-2.18,INF,-1,1,7,0
14720,1,1,-60.573,-24.839,-5.64,-2.31,-5.64,-2.32,INF,-1,1,7,0
14740,1,1,-60.436,-24.159,-5.63,-2.25,-5.63,-2.26,INF,-1,1,7,0
14760,1,1,-61.274,-24.164,-5.71,-2.25,-5.70,-2.26,INF,-1,1,7,0
14780,1,1,-55.879,-20.618,-5.21,-1.92,-5.21,-1.93,INF,-1,1,7,0
14800,1,1,-28.589,13.140,-2.67,1.23,-2.67,1.23,INF,-1,1,7,0
14820,1,1,-23.113,11.256,-2.16,1.05,-2.16,1.05,INF,-1,1,7,0
14840,1,1,-23.292,10.946,-2.18,1.02,-2.18,1.02,INF,-1,0,7,0
14860,1,1,-23.161,10.467,-2.16,0.98,-2.16,0.98,INF,-1,0,7,0
14880,1,1,-23.453,10.284,-2.19,0.96,-2.19,0.96,INF,-1,0,7,0
14900,1,1,-22.685,10.145,-2.12,0.95,-2.12,0.95,INF,-1,0,7,0
14920,1,1,-23.510,10.140,-2.20,0.95,-2.20,0.95,INF,-1,0,7,0
14940,1,1,-23.018,9.800,-2.15,0.92,-2.15,0.92,INF,-1,0,7,0
14960,1,1,-20.190,11.355,-1.89,1.06,-1.89,1.06,INF,-1,0,7,0
14980,1,1,-18.385,11.544,-1.72,1.08,-1.72,1.08,INF,-1,0,7,0
