"EyeTracker Toolbox version","3.250"
CalibrationParameters_A11,1.12333
CalibrationParameters_A12,0.06470
CalibrationParameters_A13,-0.04522
CalibrationParameters_A21,0.02824
CalibrationParameters_A22,-1.20312
CalibrationParameters_A23,0.08531
CalibrationParameters_A31,-0.00048
CalibrationParameters_A32,0.00004
CalibrationParameters_E11,-0.17996
CalibrationParameters_E12,0.00008
CalibrationParameters_E21,-0.00011
CalibrationParameters_E22,0.20002
CalibrationParameters_X,20.66687
CalibrationParameters_Y,45.74591
CalibrationParameters_Rpc,86.05000
CalibrationParameters_MeanX,151.57000
CalibrationParameters_MeanY,159.58913
CalibrationParameters_ViewDist,613.00000
TimeStamp,Tracked,Calibrated,ScreenPositionXmm,ScreenPositionYmm,FicksLongitude,FicksLatitude,HelmholtzAzimuth,HelmholtzElevation,PupilDiameter,Region,Fixation,DigitalIO,Dropped
0,1,1,-63.206,6.484,-5.89,0.60,-5.89,0.61,INF,-1,0,7,0
20,1,1,-60.555,5.600,-5.64,0.52,-5.64,0.52,INF,-1,0,7,0
40,1,1,-61.009,6.675,-5.68,0.62,-5.68,0.62,INF,-1,0,7,0
60,1,1,-61.062,5.658,-5.69,0.53,-5.69,0.53,INF,-1,0,7,0
80,1,1,-61.225,5.096,-5.70,0.47,-5.70,0.48,INF,-1,0,7,0
100,1,1,-61.858,6.097,-5.76,0.57,-5.76,0.57,INF,-1,0,7,0
120,1,1,-60.975,5.559,-5.68,0.52,-5.68,0.52,INF,-1,0,7,0
140,1,1,-62.693,4.462,-5.84,0.41,-5.84,0.42,INF,-1,0,7,0
160,1,1,-60.272,5.206,-5.62,0.48,-5.62,0.49,INF,-1,0,7,0
180,1,1,-62.880,4.165,-5.86,0.39,-5.86,0.39,INF,-1,0,7,0
200,1,1,-25.929,0.178,-2.42,0.02,-2.42,0.02,INF,-1,0,7,0
220,1,1,-26.268,-0.915,-2.45,-0.09,-2.45,-0.09,INF,-1,0,7,0
240,1,1,-25.687,-0.092,-2.40,-0.01,-2.40,-0.01,INF,-1,0,7,0
260,1,1,-27.638,0.111,-2.58,0.01,-2.58,0.01,INF,-1,0,7,0
280,1,1,-27.060,0.282,-2.53,0.03,-2.53,0.03,INF,-1,0,7,0
300,1,1,-28.034,0.370,-2.62,0.03,-2.62,0.03,INF,-1,0,7,0
320,1,1,-27.187,-0.916,-2.54,-0.09,-2.54,-0.09,INF,-1,0,7,0
340,1,1,-26.550,-0.119,-2.48,-0.01,-2.48,-0.01,INF,-1,0,7,0
360,1,1,-26.346,-0.543,-2.46,-0.05,-2.46,-0.05,INF,-1,0,7,0
380,1,1,-27.477,0.768,-2.57,0.07,-2.57,0.07,INF,-1,0,7,0
400,1,1,-28.292,-1.209,-2.64,-0.11,-2.64,-0.11,INF,-1,0,7,0
420,1,1,-27.903,-3.427,-2.61,-0.32,-2.61,-0.32,INF,-1,0,7,0
440,1,1,17.581,-3.328,1.64,-0.31,1.64,-0.31,INF,-1,0,7,0
460,1,1,20.111,-1.917,1.88,-0.18,1.88,-0.18,INF,-1,0,7,0
480,1,1,18.114,-3.298,1.69,-0.31,1.69,-0.31,INF,-1,0,7,0
500,1,1,18.346,-2.602,1.71,-0.24,1.71,-0.24,INF,-1,0,7,0
520,1,1,19.804,-2.958,1.85,-0.28,1.85,-0.28,INF,-1,0,7,0
540,1,1,19.453,-3.200,1.82,-0.30,1.82,-0.30,INF,-1,0,7,0
560,1,1,18.613,-3.620,1.74,-0.34,1.74,-0.34,INF,-1,0,7,0
580,1,1,19.171,-2.431,1.79,-0.23,1.79,-0.23,INF,-1,0,7,0
600,1,1,20.284,-3.511,1.90,-0.33,1.90,-0.33,INF,-1,0,7,0
620,1,1,18.797,-3.464,1.76,-0.32,1.76,-0.32,INF,-1,0,7,0
640,1,1,17.918,-3.494,1.67,-0.33,1.67,-0.33,INF,-1,0,7,0
660,1,1,17.701,-2.317,1.65,-0.22,1.65,-0.22,INF,-1,1,7,0
680,1,1,19.273,-3.485,1.80,-0.33,1.80,-0.33,INF,-1,1,7,0
700,1,1,17.280,-4.794,1.61,-0.45,1.61,-0.45,INF,-1,1,7,0
720,1,1,19.507,-3.372,1.82,-0.32,1.82,-0.32,INF,-1,1,7,0
740,1,1,17.546,-3.827,1.64,-0.36,1.64,-0.36,INF,-1,1,7,0
760,1,1,9.235,12.981,0.86,1.21,0.86,1.21,INF,-1,1,7,0
780,1,1,8.935,14.991,0.84,1.40,0.83,1.40,INF,-1,1,7,0
800,1,1,8.737,13.780,0.82,1.29,0.82,1.29,INF,-1,0,7,0
820,1,1,9.987,14.141,0.93,1.32,0.93,1.32,INF,-1,0,7,0
840,1,1,9.085,12.707,0.85,1.19,0.85,1.19,INF,-1,0,7,0
860,1,1,9.652,12.892,0.90,1.20,0.90,1.20,INF,-1,0,7,0
880,1,1,9.965,13.736,0.93,1.28,0.93,1.28,INF,-1,0,7,0
900,1,1,11.356,13.013,1.06,1.22,1.06,1.22,INF,-1,0,7,0
920,1,1,11.219,13.128,1.05,1.23,1.05,1.23,INF,-1,0,7,0
940,1,1,9.522,13.881,0.89,1.30,0.89,1.30,INF,-1,0,7,0
960,1,1,8.875,14.723,0.83,1.38,0.83,1.38,INF,-1,0,7,0
980,1,1,8.557,13.010,0.80,1.22,0.80,1.22,INF,-1,0,7,0
1000,1,1,10.901,13.786,1.02,1.29,1.02,1.29,INF,-1,0,7,0
1020,1,1,9.925,14.292,0.93,1.34,0.93,1.34,INF,-1,0,7,0
1040,1,1,10.144,13.606,0.95,1.27,0.95,1.27,INF,-1,1,7,0
1060,1,1,-13.619,8.098,-1.27,0.76,-1.27,0.76,INF,-1,1,7,0
1080,1,1,-18.770,8.310,-1.75,0.78,-1.75,0.78,INF,-1,1,7,0
1100,1,1,-19.626,8.045,-1.83,0.75,-1.83,0.75,INF,-1,0,7,0
1120,1,1,-19.367,8.160,-1.81,0.76,-1.81,0.76,INF,-1,0,7,0
1140,1,1,-19.941,7.116,-1.86,0.66,-1.86,0.67,INF,-1,0,7,0
1160,1,1,-20.450,8.970,-1.91,0.84,-1.91,0.84,INF,-1,0,7,0
1180,1,1,-20.789,7.906,-1.94,0.74,-1.94,0.74,INF,-1,0,7,0
1200,1,1,-20.187,7.624,-1.89,0.71,-1.89,0.71,INF,-1,0,7,0
1220,1,1,-21.470,8.343,-2.01,0.78,-2.01,0.78,INF,-1,0,7,0
1240,1,1,-21.250,7.821,-1.99,0.73,-1.99,0.73,INF,-1,0,7,0
1260,1,1,-38.205,10.288,-3.57,0.96,-3.57,0.96,INF,-1,0,7,0
1280,1,1,-37.506,10.956,-3.50,1.02,-3.50,1.02,INF,-1,0,7,0
1300,1,1,-37.012,10.648,-3.46,0.99,-3.45,1.00,INF,-1,0,7,0
1320,1,1,-37.355,10.336,-3.49,0.96,-3.49,0.97,INF,-1,0,7,0
1340,1,1,-36.857,11.359,-3.44,1.06,-3.44,1.06,INF,-1,0,7,0
1360,1,1,-36.238,13.587,-3.38,1.27,-3.38,1.27,INF,-1,0,7,0
1380,1,1,-33.866,12.809,-3.16,1.20,-3.16,1.20,INF,-1,1,7,0
1400,1,1,-36.125,11.585,-3.37,1.08,-3.37,1.08,INF,-1,1,7,0
1420,1,1,-36.531,11.720,-3.41,1.09,-3.41,1.10,INF,-1,1,7,0
1440,1,1,-35.171,11.859,-3.28,1.11,-3.28,1.11,INF,-1,1,7,0
1460,1,1,-35.549,12.565,-3.32,1.17,-3.32,1.17,INF,-1,1,7,0
1480,1,1,-35.286,11.706,-3.29,1.09,-3.29,1.09,INF,-1,1,7,0
1500,1,1,-35.205,11.634,-3.29,1.09,-3.29,1.09,INF,-1,1,7,0
1520,1,1,-34.942,12.334,-3.26,1.15,-3.26,1.15,INF,-1,1,7,0
1540,1,1,-34.525,11.314,-3.22,1.06,-3.22,1.06,INF,-1,1,7,0
1560,1,1,-36.543,10.304,-3.41,0.96,-3.41,0.96,INF,-1,1,7,0
1580,1,1,-35.332,12.180,-3.30,1.14,-3.30,1.14,INF,-1,1,7,0
1600,1,1,-34.438,12.158,-3.22,1.13,-3.21,1.14,INF,-1,1,7,0
1620,1,1,-37.271,10.389,-3.48,0.97,-3.48,0.97,INF,-1,1,7,0
1640,1,1,-36.336,11.021,-3.39,1.03,-3.39,1.03,INF,-1,1,7,0
1660,1,1,-32.165,7.419,-3.00,0.69,-3.00,0.69,INF,-1,1,7,0
1680,1,1,-18.123,6.982,-1.69,0.65,-1.69,0.65,INF,-1,1,7,0
1700,1,1,-17.503,5.873,-1.64,0.55,-1.64,0.55,INF,-1,1,7,0
1720,1,1,-17.120,6.381,-1.60,0.60,-1.60,0.60,INF,-1,0,7,0
1740,1,1,-17.660,4.943,-1.65,0.46,-1.65,0.46,INF,-1,0,7,0
1760,1,1,-17.953,4.882,-1.68,0.46,-1.68,0.46,INF,-1,0,7,0
1780,1,1,-16.576,6.404,-1.55,0.60,-1.55,0.60,INF,-1,0,7,0
1800,1,1,-16.484,6.380,-1.54,0.60,-1.54,0.60,INF,-1,0,7,0
1820,1,1,-17.435,6.469,-1.63,0.60,-1.63,0.60,INF,-1,0,7,0
1840,1,1,-16.851,6.530,-1.57,0.61,-1.57,0.61,INF,-1,0,7,0
1860,1,1,2.993,7.587,0.28,0.71,0.28,0.71,INF,-1,0,7,0
1880,1,1,4.311,8.292,0.40,0.77,0.40,0.77,INF,-1,0,7,0
1900,1,1,5.550,9.515,0.52,0.89,0.52,0.89,INF,-1,0,7,0
1920,1,1,5.216,5.665,0.49,0.53,0.49,0.53,INF,-1,0,7,0
1940,1,1,5.465,9.108,0.51,0.85,0.51,0.85,INF,-1,0,7,0
1960,1,1,5.274,7.560,0.49,0.71,0.49,0.71,INF,-1,0,7,0
1980,1,1,4.735,7.034,0.44,0.66,0.44,0.66,INF,-1,0,7,0
2000,1,1,4.588,7.745,0.43,0.72,0.43,0.72,INF,-1,0,7,0
2020,1,1,4.062,8.307,0.38,0.78,0.38,0.78,INF,-1,1,7,0
2040,1,1,4.815,7.388,0.45,0.69,0.45,0.69,INF,-1,1,7,0
2060,1,1,4.383,8.910,0.41,0.83,0.41,0.83,INF,-1,1,7,0
2080,1,1,4.986,8.112,0.47,0.76,0.47,0.76,INF,-1,1,7,0
2100,1,1,9.227,10.348,0.86,0.97,0.86,0.97,INF,-1,1,7,0
2120,1,1,16.498,15.807,1.54,1.48,1.54,1.48,INF,-1,1,7,0
2140,1,1,17.684,14.190,1.65,1.33,1.65,1.33,INF,-1,0,7,0
2160,1,1,18.762,17.203,1.75,1.61,1.75,1.61,INF,-1,0,7,0
2180,1,1,17.159,16.062,1.60,1.50,1.60,1.50,INF,-1,0,7,0
2200,1,1,18.540,16.506,1.73,1.54,1.73,1.54,INF,-1,0,7,0
2220,1,1,17.048,15.924,1.59,1.49,1.59,1.49,INF,-1,0,7,0
2240,1,1,17.591,15.814,1.64,1.48,1.64,1.48,INF,-1,0,7,0
2260,1,1,18.837,16.348,1.76,1.53,1.76,1.53,INF,-1,0,7,0
2280,1,1,18.682,16.346,1.75,1.53,1.75,1.53,INF,-1,0,7,0
2300,1,1,17.955,15.584,1.68,1.46,1.68,1.46,INF,-1,0,7,0
2320,1,1,18.212,15.689,1.70,1.47,1.70,1.47,INF,-1,0,7,0
2340,1,1,-17.370,11.966,-1.62,1.12,-1.62,1.12,INF,-1,0,7,0
2360,1,1,-19.090,13.236,-1.78,1.24,-1.78,1.24,INF,-1,0,7,0
2380,1,1,-18.202,13.297,-1.70,1.24,-1.70,1.24,INF,-1,0,7,0
2400,1,1,-17.935,13.737,-1.68,1.28,-1.68,1.28,INF,-1,0,7,0
2420,1,1,-19.822,14.234,-1.85,1.33,-1.85,1.33,INF,-1,0,7,0
2440,1,1,-17.429,14.293,-1.63,1.34,-1.63,1.34,INF,-1,0,7,0
2460,1,1,-19.479,13.951,-1.82,1.30,-1.82,1.30,INF,-1,0,7,0
2480,1,1,-17.887,14.274,-1.67,1.33,-1.67,1.33,INF,-1,0,7,0
2500,1,1,-17.604,14.580,-1.64,1.36,-1.64,1.36,INF,-1,0,7,0
2520,1,1,-18.608,12.896,-1.74,1.20,-1.74,1.21,INF,-1,0,7,0
2540,1,1,-19.351,14.273,-1.81,1.33,-1.81,1.33,INF,-1,1,7,0
2560,1,1,-19.131,14.011,-1.79,1.31,-1.79,1.31,INF,-1,0,7,0
2580,1,1,-18.686,14.475,-1.75,1.35,-1.75,1.35,INF,-1,0,7,0
2600,1,1,-18.450,14.137,-1.72,1.32,-1.72,1.32,INF,-1,0,7,0
2620,1,1,-19.125,14.337,-1.79,1.34,-1.79,1.34,INF,-1,0,7,0
2640,1,1,-16.813,13.408,-1.57,1.25,-1.57,1.25,INF,-1,0,7,0
2660,1,1,-49.500,4.465,-4.62,0.42,-4.62,0.42,INF,-1,0,7,0
2680,1,1,-53.363,2.072,-4.98,0.19,-4.98,0.19,INF,-1,0,7,0
2700,1,1,-51.991,2.462,-4.85,0.23,-4.85,0.23,INF,-1,0,7,0
2720,1,1,-51.504,2.375,-4.80,0.22,-4.80,0.22,INF,-1,0,7,0
2740,1,1,-49.295,0.421,-4.60,0.04,-4.60,0.04,INF,-1,0,7,0
2760,1,1,-50.646,1.571,-4.72,0.15,-4.72,0.15,INF,-1,0,7,0
2780,1,1,-49.360,1.965,-4.60,0.18,-4.60,0.18,INF,-1,0,7,0
2800,1,1,-50.348,1.312,-4.70,0.12,-4.70,0.12,INF,-1,0,7,0
2820,1,1,-51.917,1.987,-4.84,0.19,-4.84,0.19,INF,-1,0,7,0
2840,1,1,-49.923,1.904,-4.66,0.18,-4.66,0.18,INF,-1,0,7,0
2860,1,1,-50.997,0.615,-4.76,0.06,-4.76,0.06,INF,-1,0,7,0
2880,1,1,-56.625,4.766,-5.28,0.44,-5.28,0.45,INF,-1,0,7,0
2900,1,1,-59.606,16.309,-5.55,1.52,-5.55,1.52,INF,-1,0,7,0
2920,1,1,-58.641,18.564,-5.46,1.73,-5.46,1.73,INF,-1,0,7,0
2940,1,1,-59.304,17.188,-5.53,1.60,-5.52,1.61,INF,-1,0,7,0
2960,1,1,-58.564,16.708,-5.46,1.55,-5.46,1.56,INF,-1,0,7,0
2980,1,1,-58.609,16.693,-5.46,1.55,-5.46,1.56,INF,-1,0,7,0
3000,1,1,-57.667,16.590,-5.37,1.54,-5.37,1.55,INF,-1,1,7,0
3020,1,1,-60.735,16.562,-5.66,1.54,-5.66,1.55,INF,-1,1,7,0
3040,1,1,-59.687,17.195,-5.56,1.60,-5.56,1.61,INF,-1,1,7,0
3060,1,1,-57.654,16.853,-5.37,1.57,-5.37,1.57,INF,-1,1,7,0
3080,1,1,-58.692,24.894,-5.47,2.31,-5.46,2.33,INF,-1,1,7,0
3100,1,1,-52.946,43.102,-4.94,4.01,-4.92,4.02,INF,-1,1,7,0
3120,1,1,-52.217,46.556,-4.87,4.33,-4.85,4.34,INF,-1,0,7,0
3140,1,1,-52.162,46.009,-4.86,4.28,-4.85,4.29,INF,-1,0,7,0
3160,1,1,-53.080,46.483,-4.95,4.32,-4.93,4.34,INF,-1,0,7,0
3180,1,1,-52.241,45.347,-4.87,4.22,-4.86,4.23,INF,-1,0,7,0
3200,1,1,-51.871,44.728,-4.84,4.16,-4.82,4.17,INF,-1,0,7,0
3220,1,1,-52.940,46.649,-4.94,4.34,-4.92,4.35,INF,-1,0,7,0
3240,1,1,-51.704,45.587,-4.82,4.24,-4.81,4.25,INF,-1,0,7,0
3260,1,1,-51.220,45.383,-4.78,4.22,-4.76,4.23,INF,-1,0,7,0
3280,1,1,-52.407,46.141,-4.89,4.29,-4.87,4.30,INF,-1,0,7,0
3300,1,1,-51.883,45.322,-4.84,4.21,-4.82,4.23,INF,-1,0,7,0
3320,1,1,-51.429,46.116,-4.80,4.29,-4.78,4.30,INF,-1,0,7,0
3340,1,1,-53.008,46.047,-4.94,4.28,-4.93,4.30,INF,-1,0,7,0
3360,1,1,-50.156,47.220,-4.68,4.39,-4.66,4.40,INF,-1,0,7,0
3380,1,1,-54.666,46.596,-5.10,4.33,-5.08,4.35,INF,-1,1,7,0
3400,1,1,-51.285,45.852,-4.78,4.26,-4.77,4.28,INF,-1,1,7,0
3420,1,1,-51.456,46.727,-4.80,4.34,-4.78,4.36,INF,-1,1,7,0
3440,1,1,-51.612,45.234,-4.81,4.21,-4.80,4.22,INF,-1,1,7,0
3460,1,1,-52.365,46.014,-4.88,4.28,-4.87,4.29,INF,-1,1,7,0
3480,1,1,-51.625,46.393,-4.81,4.31,-4.80,4.33,INF,-1,1,7,0
3500,1,1,-71.254,36.580,-6.63,3.39,-6.62,3.42,INF,-1,1,7,0
3520,1,1,-67.282,33.150,-6.26,3.08,-6.25,3.10,INF,-1,1,7,0
3540,1,1,-65.929,33.718,-6.14,3.13,-6.13,3.15,INF,-1,0,7,0
3560,1,1,-65.436,33.671,-6.09,3.13,-6.08,3.14,INF,-1,0,7,0
3580,1,1,-65.944,34.092,-6.14,3.17,-6.13,3.18,INF,-1,0,7,0
3600,1,1,-66.303,32.577,-6.17,3.02,-6.16,3.04,INF,-1,0,7,0
3620,1,1,-64.961,33.791,-6.05,3.14,-6.04,3.16,INF,-1,0,7,0
3640,1,1,-67.810,33.507,-6.31,3.11,-6.30,3.13,INF,-1,0,7,0
3660,1,1,-66.248,33.674,-6.17,3.13,-6.16,3.14,INF,-1,0,7,0
3680,1,1,-66.979,31.776,-6.24,2.95,-6.23,2.97,INF,-1,0,7,0
3700,1,1,-51.517,25.643,-4.80,2.39,-4.80,2.40,INF,-1,0,7,0
3720,1,1,-52.114,25.670,-4.86,2.39,-4.86,2.40,INF,-1,0,7,0
3740,1,1,-51.809,26.393,-4.83,2.46,-4.83,2.47,INF,-1,0,7,0
3760,1,1,-51.788,25.660,-4.83,2.39,-4.82,2.40,INF,-1,0,7,0
3780,1,1,-52.029,25.697,-4.85,2.39,-4.85,2.40,INF,-1,0,7,0
3800,1,1,-51.019,27.744,-4.76,2.58,-4.75,2.59,INF,-1,1,7,0
3820,1,1,-51.142,24.816,-4.77,2.31,-4.77,2.32,INF,-1,1,7,0
3840,1,1,-52.958,27.070,-4.94,2.52,-4.93,2.53,INF,-1,1,7,0
3860,1,1,-58.293,24.526,-5.43,2.28,-5.43,2.29,INF,-1,1,7,0
3880,1,1,-57.193,25.097,-5.33,2.33,-5.33,2.34,INF,-1,1,7,0
3900,1,1,-56.251,23.859,-5.24,2.22,-5.24,2.23,INF,-1,1,7,0
3920,1,1,-56.006,24.960,-5.22,2.32,-5.22,2.33,INF,-1,1,7,0
3940,1,1,-57.051,24.512,-5.32,2.28,-5.31,2.29,INF,-1,1,7,0
3960,1,1,-56.500,24.454,-5.27,2.27,-5.26,2.28,INF,-1,1,7,0
3980,1,1,-55.833,25.097,-5.20,2.33,-5.20,2.34,INF,-1,1,7,0
4000,1,1,-54.587,26.059,-5.09,2.42,-5.08,2.43,INF,-1,1,7,0
4020,1,1,-55.219,22.732,-5.15,2.12,-5.14,2.12,INF,-1,1,7,0
4040,1,1,5.201,-15.371,0.49,-1.44,0.49,-1.44,INF,-1,1,7,0
4060,1,1,37.217,-41.441,3.47,-3.86,3.47,-3.87,INF,-1,1,7,0
4080,1,1,38.371,-38.458,3.58,-3.58,3.57,-3.59,INF,-1,0,7,0
4100,1,1,36.839,-39.535,3.44,-3.68,3.43,-3.69,INF,-1,0,7,0
4120,1,1,36.840,-39.369,3.44,-3.67,3.43,-3.67,INF,-1,0,7,0
4140,1,1,36.800,-39.151,3.44,-3.65,3.43,-3.65,INF,-1,0,7,0
4160,1,1,37.373,-37.997,3.49,-3.54,3.48,-3.55,INF,-1,0,7,0
4180,1,1,37.078,-40.173,3.46,-3.74,3.45,-3.75,INF,-1,0,7,0
4200,1,1,36.414,-36.507,3.40,-3.40,3.39,-3.41,INF,-1,0,7,0
4220,1,1,36.860,-37.537,3.44,-3.50,3.43,-3.50,INF,-1,0,7,0
4240,1,1,36.359,-36.486,3.39,-3.40,3.39,-3.41,INF,-1,0,7,0
4260,1,1,36.432,-38.207,3.40,-3.56,3.39,-3.57,INF,-1,0,7,0
4280,1,1,37.466,-37.139,3.50,-3.46,3.49,-3.47,INF,-1,0,7,0
4300,1,1,36.561,-38.433,3.41,-3.58,3.41,-3.59,INF,-1,0,7,0
4320,1,1,36.735,-38.995,3.43,-3.63,3.42,-3.64,INF,-1,0,7,0
4340,1,1,37.629,-37.652,3.51,-3.51,3.51,-3.51,INF,-1,1,7,0
4360,1,1,36.316,-36.111,3.39,-3.37,3.38,-3.37,INF,-1,1,7,0
4380,1,1,38.258,-37.518,3.57,-3.50,3.56,-3.50,INF,-1,1,7,0
4400,1,1,37.506,-38.448,3.50,-3.58,3.49,-3.59,INF,-1,1,7,0
4420,1,1,36.597,-37.530,3.42,-3.50,3.41,-3.50,INF,-1,1,7,0
4440,1,1,36.205,-38.912,3.38,-3.63,3.37,-3.63,INF,-1,1,7,0
4460,1,1,19.234,-31.225,1.80,-2.91,1.79,-2.92,INF,-1,1,7,0
4480,1,1,15.270,-26.669,1.43,-2.49,1.43,-2.49,INF,-1,1,7,0
4500,1,1,15.174,-26.810,1.42,-2.50,1.42,-2.50,INF,-1,0,7,0
4520,1,1,15.663,-26.606,1.46,-2.48,1.46,-2.49,INF,-1,0,7,0
4540,1,1,15.288,-26.817,1.43,-2.50,1.43,-2.50,INF,-1,0,7,0
4560,1,1,14.629,-24.997,1.37,-2.33,1.37,-2.34,INF,-1,0,7,0
4580,1,1,13.882,-27.297,1.30,-2.55,1.30,-2.55,INF,-1,0,7,0
4600,1,1,15.777,-27.610,1.47,-2.58,1.47,-2.58,INF,-1,0,7,0
4620,1,1,14.668,-26.799,1.37,-2.50,1.37,-2.50,INF,-1,0,7,0
4640,1,1,14.770,-27.272,1.38,-2.55,1.38,-2.55,INF,-1,0,7,0
4660,1,1,15.675,-26.127,1.46,-2.44,1.46,-2.44,INF,-1,0,7,0
4680,1,1,15.144,-25.593,1.42,-2.39,1.41,-2.39,INF,-1,0,7,0
4700,1,1,14.713,-27.018,1.37,-2.52,1.37,-2.52,INF,-1,0,7,0
4720,1,1,14.791,-26.358,1.38,-2.46,1.38,-2.46,INF,-1,0,7,0
4740,1,1,12.040,-26.595,1.13,-2.48,1.12,-2.48,INF,-1,1,7,0
4760,1,1,-7.751,-20.814,-0.72,-1.94,-0.72,-1.94,INF,-1,1,7,0
4780,1,1,-10.401,-19.450,-0.97,-1.82,-0.97,-1.82,INF,-1,1,7,0
4800,1,1,-9.923,-20.025,-0.93,-1.87,-0.93,-1.87,INF,-1,0,7,0
4820,1,1,-10.509,-19.778,-0.98,-1.85,-0.98,-1.85,INF,-1,0,7,0
4840,1,1,-10.299,-19.536,-0.96,-1.83,-0.96,-1.83,INF,-1,0,7,0
4860,1,1,-9.546,-19.294,-0.89,-1.80,-0.89,-1.80,INF,-1,0,7,0
4880,1,1,-9.602,-19.345,-0.90,-1.81,-0.90,-1.81,INF,-1,0,7,0
4900,1,1,5.888,-13.332,0.55,-1.25,0.55,-1.25,INF,-1,0,7,0
4920,1,1,17.731,-0.747,1.66,-0.07,1.66,-0.07,INF,-1,0,7,0
4940,1,1,17.541,-2.087,1.64,-0.20,1.64,-0.20,INF,-1,0,7,0
4960,1,1,16.485,-2.802,1.54,-0.26,1.54,-0.26,INF,-1,0,7,0
4980,1,1,17.484,-1.331,1.63,-0.12,1.63,-0.12,INF,-1,0,7,0
5000,1,1,17.191,-1.738,1.61,-0.16,1.61,-0.16,INF,-1,0,7,0
5020,1,1,17.262,-2.137,1.61,-0.20,1.61,-0.20,INF,-1,0,7,0
5040,1,1,17.914,-2.967,1.67,-0.28,1.67,-0.28,INF,-1,0,7,0
5060,1,1,17.048,-3.160,1.59,-0.30,1.59,-0.30,INF,-1,0,7,0
5080,1,1,15.932,-3.576,1.49,-0.33,1.49,-0.33,INF,-1,0,7,0
5100,1,1,17.385,-2.597,1.62,-0.24,1.62,-0.24,INF,-1,0,7,0
5120,1,1,18.512,-2.393,1.73,-0.22,1.73,-0.22,INF,-1,0,7,0
5140,1,1,17.631,-2.096,1.65,-0.20,1.65,-0.20,INF,-1,0,7,0
5160,1,1,24.613,-9.463,2.30,-0.88,2.30,-0.88,INF,-1,0,7,0
5180,1,1,26.947,-11.797,2.52,-1.10,2.52,-1.10,INF,-1,1,7,0
5200,1,1,27.010,-12.947,2.52,-1.21,2.52,-1.21,INF,-1,1,7,0
5220,1,1,25.936,-11.330,2.42,-1.06,2.42,-1.06,INF,-1,0,7,0
5240,1,1,26.791,-12.493,2.50,-1.17,2.50,-1.17,INF,-1,0,7,0
5260,1,1,27.153,-11.640,2.54,-1.09,2.54,-1.09,INF,-1,0,7,0
5280,1,1,26.336,-12.061,2.46,-1.13,2.46,-1.13,INF,-1,0,7,0
5300,1,1,27.066,-12.669,2.53,-1.18,2.53,-1.18,INF,-1,0,7,0
5320,1,1,26.718,-11.741,2.50,-1.10,2.50,-1.10,INF,-1,0,7,0
5340,1,1,27.137,-11.727,2.53,-1.09,2.53,-1.10,INF,-1,0,7,0
5360,1,1,26.199,-11.880,2.45,-1.11,2.45,-1.11,INF,-1,0,7,0
5380,1,1,26.981,-11.771,2.52,-1.10,2.52,-1.10,INF,-1,0,7,0
5400,1,1,27.529,-11.797,2.57,-1.10,2.57,-1.10,INF,-1,0,7,0
5420,1,1,26.754,-12.302,2.50,-1.15,2.50,-1.15,INF,-1,0,7,0
5440,1,1,26.754,-12.192,2.50,-1.14,2.50,-1.14,INF,-1,0,7,0
5460,1,1,11.064,-21.404,1.03,-2.00,1.03,-2.00,INF,-1,1,7,0
5480,1,1,12.502,-22.501,1.17,-2.10,1.17,-2.10,INF,-1,1,7,0
5500,1,1,11.404,-22.344,1.07,-2.09,1.07,-2.09,INF,-1,0,7,0
5520,1,1,11.975,-23.425,1.12,-2.19,1.12,-2.19,INF,-1,0,7,0
5540,1,1,11.303,-22.192,1.06,-2.07,1.06,-2.07,INF,-1,0,7,0
5560,1,1,11.801,-23.253,1.10,-2.17,1.10,-2.17,INF,-1,0,7,0
5580,1,1,-4.551,-27.508,-0.43,-2.57,-0.42,-2.57,INF,-1,0,7,0
5600,1,1,-43.522,-29.724,-4.06,-2.77,-4.06,-2.78,INF,-1,0,7,0
5620,1,1,-44.110,-30.348,-4.12,-2.83,-4.11,-2.83,INF,-1,0,7,0
5640,1,1,-43.531,-29.545,-4.06,-2.75,-4.06,-2.76,INF,-1,0,7,0
5660,1,1,-43.797,-30.719,-4.09,-2.86,-4.08,-2.87,INF,-1,0,7,0
5680,1,1,-45.474,-31.818,-4.24,-2.96,-4.24,-2.97,INF,-1,0,7,0
5700,1,1,-44.336,-30.768,-4.14,-2.87,-4.13,-2.87,INF,-1,0,7,0
5720,1,1,-44.246,-30.450,-4.13,-2.84,-4.12,-2.84,INF,-1,0,7,0
5740,1,1,-42.439,-29.600,-3.96,-2.76,-3.96,-2.76,INF,-1,0,7,0
5760,1,1,-44.091,-30.139,-4.11,-2.81,-4.11,-2.81,INF,-1,0,7,0
5780,1,1,-43.380,-30.390,-4.05,-2.83,-4.04,-2.84,INF,-1,0,7,0
5800,1,1,-45.720,-31.197,-4.27,-2.91,-4.26,-2.91,INF,-1,0,7,0
5820,1,1,-61.490,-35.139,-5.73,-3.26,-5.72,-3.28,INF,-1,0,7,0
5840,1,1,-59.419,-34.126,-5.54,-3.17,-5.53,-3.19,INF,-1,0,7,0
5860,1,1,-59.985,-36.480,-5.59,-3.39,-5.58,-3.41,INF,-1,0,7,0
5880,1,1,-59.022,-35.116,-5.50,-3.26,-5.49,-3.28,INF,-1,0,7,0
5900,1,1,-59.491,-36.014,-5.54,-3.35,-5.53,-3.36,INF,-1,0,7,0
5920,1,1,-60.786,-36.046,-5.66,-3.35,-5.65,-3.37,INF,-1,1,7,0
5940,1,1,-60.245,-35.331,-5.61,-3.28,-5.60,-3.30,INF,-1,1,7,0
5960,1,1,-59.423,-35.711,-5.54,-3.32,-5.53,-3.33,INF,-1,1,7,0
5980,1,1,-59.739,-35.011,-5.57,-3.25,-5.56,-3.27,INF,-1,1,7,0
6000,1,1,-60.607,-34.918,-5.65,-3.24,-5.64,-3.26,INF,-1,1,7,0
6020,1,1,-58.416,-37.784,-5.44,-3.51,-5.43,-3.53,INF,-1,1,7,0
6040,1,1,-17.209,-31.798,-1.61,-2.97,-1.61,-2.97,INF,-1,1,7,0
6060,1,1,-18.012,-31.976,-1.68,-2.98,-1.68,-2.99,INF,-1,1,7,0
6080,1,1,-18.686,-32.702,-1.75,-3.05,-1.74,-3.05,INF,-1,0,7,0
6100,1,1,-17.169,-32.699,-1.60,-3.05,-1.60,-3.05,INF,-1,0,7,0
6120,1,1,-18.069,-32.287,-1.69,-3.01,-1.69,-3.01,INF,-1,0,7,0
6140,1,1,-18.807,-33.200,-1.76,-3.10,-1.75,-3.10,INF,-1,0,7,0
6160,1,1,-18.516,-33.457,-1.73,-3.12,-1.73,-3.12,INF,-1,0,7,0
6180,1,1,-17.543,-31.678,-1.64,-2.96,-1.64,-2.96,INF,-1,0,7,0
6200,1,1,-17.676,-33.208,-1.65,-3.10,-1.65,-3.10,INF,-1,0,7,0
6220,1,1,-19.258,-33.622,-1.80,-3.14,-1.80,-3.14,INF,-1,0,7,0
6240,1,1,-16.900,-31.903,-1.58,-2.98,-1.58,-2.98,INF,-1,0,7,0
6260,1,1,-17.813,-33.164,-1.66,-3.10,-1.66,-3.10,INF,-1,0,7,0
6280,1,1,-17.666,-33.879,-1.65,-3.16,-1.65,-3.16,INF,-1,0,7,0
6300,1,1,-17.773,-34.117,-1.66,-3.18,-1.66,-3.19,INF,-1,0,7,0
6320,1,1,-17.279,-32.443,-1.61,-3.03,-1.61,-3.03,INF,-1,1,7,0
6340,1,1,-4.579,-17.363,-0.43,-1.62,-0.43,-1.62,INF,-1,1,7,0
6360,1,1,-6.257,-17.581,-0.58,-1.64,-0.58,-1.64,INF,-1,1,7,0
6380,1,1,-5.165,-18.007,-0.48,-1.68,-0.48,-1.68,INF,-1,0,7,0
6400,1,1,-5.204,-17.111,-0.49,-1.60,-0.49,-1.60,INF,-1,0,7,0
6420,1,1,-5.719,-16.351,-0.53,-1.53,-0.53,-1.53,INF,-1,0,7,0
6440,1,1,-5.433,-16.529,-0.51,-1.54,-0.51,-1.54,INF,-1,0,7,0
6460,1,1,-2.938,-17.388,-0.27,-1.62,-0.27,-1.62,INF,-1,0,7,0
6480,1,1,-3.184,-15.639,-0.30,-1.46,-0.30,-1.46,INF,-1,0,7,0
6500,1,1,-3.282,-16.113,-0.31,-1.51,-0.31,-1.51,INF,-1,0,7,0
6520,1,1,-3.311,-17.276,-0.31,-1.61,-0.31,-1.61,INF,-1,0,7,0
6540,1,1,-2.761,-17.118,-0.26,-1.60,-0.26,-1.60,INF,-1,0,7,0
6560,1,1,-4.399,-17.419,-0.41,-1.63,-0.41,-1.63,INF,-1,0,7,0
6580,1,1,-2.362,-16.872,-0.22,-1.58,-0.22,-1.58,INF,-1,0,7,0
6600,1,1,-3.733,-18.484,-0.35,-1.73,-0.35,-1.73,INF,-1,0,7,0
6620,1,1,3.954,-18.074,0.37,-1.69,0.37,-1.69,INF,-1,1,7,0
6640,1,1,11.517,-15.452,1.08,-1.44,1.08,-1.44,INF,-1,1,7,0
6660,1,1,11.332,-16.691,1.06,-1.56,1.06,-1.56,INF,-1,1,7,0
6680,1,1,11.701,-16.730,1.09,-1.56,1.09,-1.56,INF,-1,0,7,0
6700,1,1,11.482,-17.471,1.07,-1.63,1.07,-1.63,INF,-1,0,7,0
6720,1,1,10.829,-16.512,1.01,-1.54,1.01,-1.54,INF,-1,0,7,0
6740,1,1,10.459,-17.242,0.98,-1.61,0.98,-1.61,INF,-1,0,7,0
6760,1,1,11.211,-17.353,1.05,-1.62,1.05,-1.62,INF,-1,0,7,0
6780,1,1,10.634,-17.680,0.99,-1.65,0.99,-1.65,INF,-1,0,7,0
6800,1,1,9.554,-15.854,0.89,-1.48,0.89,-1.48,INF,-1,0,7,0
6820,1,1,11.159,-16.871,1.04,-1.58,1.04,-1.58,INF,-1,0,7,0
6840,1,1,9.711,-17.883,0.91,-1.67,0.91,-1.67,INF,-1,0,7,0
6860,1,1,11.051,-16.750,1.03,-1.56,1.03,-1.57,INF,-1,0,7,0
6880,1,1,9.995,-17.594,0.93,-1.64,0.93,-1.64,INF,-1,0,7,0
6900,1,1,5.421,-15.822,0.51,-1.48,0.51,-1.48,INF,-1,0,7,0
6920,0,1,0.000,0.000,0.00,0.00,0.00,0.00,0.00,-1,1,7,0
6940,0,1,0.000,0.000,0.00,0.00,0.00,0.00,0.00,-1,1,7,0
6960,0,1,0.000,0.000,0.00,0.00,0.00,0.00,0.00,-1,1,7,0
6980,0,1,0.000,0.000,0.00,0.00,0.00,0.00,0.00,-1,1,7,0
7000,0,1,0.000,0.000,0.00,0.00,0.00,0.00,0.00,-1,0,7,0
7020,0,1,0.000,0.000,0.00,0.00,0.00,0.00,0.00,-1,0,7,0
7040,0,1,0.000,0.000,0.00,0.00,0.00,0.00,0.00,-1,0,7,0
7060,0,1,0.000,0.000,0.00,0.00,0.00,0.00,0.00,-1,0,7,0
7080,0,1,0.000,0.000,0.00,0.00,0.00,0.00,0.00,-1,0,7,0
7100,0,1,0.000,0.000,0.00,0.00,0.00,0.00,0.00,-1,0,7,0
7120,0,1,0.000,0.000,0.00,0.00,0.00,0.00,0.00,-1,0,7,0
7140,0,1,0.000,0.000,0.00,0.00,0.00,0.00,INF,-1,0,7,0
7160,0,1,0.000,0.000,0.00,0.00,0.00,0.00,0.00,-1,0,7,0
7180,0,1,0.000,0.000,0.00,0.00,0.00,0.00,0.00,-1,0,7,0
7200,0,1,0.000,0.000,0.00,0.00,0.00,0.00,0.00,-1,0,7,0
7220,1,1,17.332,-9.129,1.62,-0.85,1.62,-0.85,INF,-1,0,7,0
7240,1,1,20.409,1.189,1.91,0.11,1.91,0.11,INF,-1,0,7,0
7260,1,1,18.996,9.104,1.77,0.85,1.77,0.85,INF,-1,0,7,0
7280,1,1,18.657,5.226,1.74,0.49,1.74,0.49,INF,-1,0,7,0
7300,1,1,20.362,5.846,1.90,0.55,1.90,0.55,INF,-1,0,7,0
7320,1,1,20.956,7.001,1.96,0.65,1.96,0.65,INF,-1,0,7,0
7340,1,1,19.764,6.340,1.85,0.59,1.85,0.59,INF,-1,0,7,0
7360,1,1,16.152,2.847,1.51,0.27,1.51,0.27,INF,-1,0,7,0
7380,1,1,18.759,3.409,1.75,0.32,1.75,0.32,INF,-1,0,7,0
7400,1,1,20.108,1.512,1.88,0.14,1.88,0.14,INF,-1,0,7,0
7420,1,1,19.082,0.821,1.78,0.08,1.78,0.08,INF,-1,0,7,0
7440,1,1,18.112,0.324,1.69,0.03,1.69,0.03,INF,-1,0,7,0
7460,1,1,16.355,0.944,1.53,0.09,1.53,0.09,INF,-1,0,7,0
7480,1,1,17.179,-0.165,1.61,-0.02,1.61,-0.02,INF,-1,0,7,0
7500,1,1,11.305,15.849,1.06,1.48,1.06,1.48,INF,-1,0,7,0
7520,1,1,13.546,18.380,1.27,1.72,1.27,1.72,INF,-1,1,7,0
7540,1,1,13.160,18.064,1.23,1.69,1.23,1.69,INF,-1,0,7,0
7560,1,1,11.776,19.054,1.10,1.78,1.10,1.78,INF,-1,0,7,0
7580,1,1,11.856,18.163,1.11,1.70,1.11,1.70,INF,-1,0,7,0
7600,1,1,11.891,15.271,1.11,1.43,1.11,1.43,INF,-1,0,7,0
7620,1,1,13.279,18.217,1.24,1.70,1.24,1.70,INF,-1,0,7,0
7640,1,1,11.117,17.267,1.04,1.61,1.04,1.61,INF,-1,0,7,0
7660,1,1,12.219,15.503,1.14,1.45,1.14,1.45,INF,-1,0,7,0
7680,1,1,12.481,16.252,1.17,1.52,1.17,1.52,INF,-1,0,7,0
7700,1,1,12.673,17.708,1.18,1.65,1.18,1.65,INF,-1,0,7,0
7720,1,1,12.201,16.254,1.14,1.52,1.14,1.52,INF,-1,0,7,0
7740,1,1,12.310,17.130,1.15,1.60,1.15,1.60,INF,-1,0,7,0
7760,1,1,11.710,15.678,1.09,1.46,1.09,1.47,INF,-1,0,7,0
7780,1,1,11.967,16.472,1.12,1.54,1.12,1.54,INF,-1,1,7,0
7800,1,1,13.138,17.344,1.23,1.62,1.23,1.62,INF,-1,1,7,0
7820,1,1,-12.473,1.578,-1.17,0.15,-1.17,0.15,INF,-1,1,7,0
7840,1,1,-27.240,-8.518,-2.54,-0.80,-2.54,-0.80,INF,-1,1,7,0
7860,1,1,-26.453,-7.214,-2.47,-0.67,-2.47,-0.67,INF,-1,0,7,0
7880,1,1,-25.051,-8.552,-2.34,-0.80,-2.34,-0.80,INF,-1,0,7,0
7900,1,1,-26.909,-7.985,-2.51,-0.75,-2.51,-0.75,INF,-1,0,7,0
7920,1,1,-27.055,-8.792,-2.53,-0.82,-2.53,-0.82,INF,-1,0,7,0
7940,1,1,-26.226,-9.183,-2.45,-0.86,-2.45,-0.86,INF,-1,0,7,0
7960,1,1,-26.923,-8.024,-2.51,-0.75,-2.51,-0.75,INF,-1,0,7,0
7980,1,1,-25.096,-7.881,-2.34,-0.74,-2.34,-0.74,INF,-1,0,7,0
8000,1,1,-26.335,-8.320,-2.46,-0.78,-2.46,-0.78,INF,-1,0,7,0
8020,1,1,-24.032,-8.151,-2.25,-0.76,-2.24,-0.76,INF,-1,0,7,0
8040,1,1,-25.349,-8.052,-2.37,-0.75,-2.37,-0.75,INF,-1,0,7,0
8060,1,1,-25.126,-9.478,-2.35,-0.89,-2.35,-0.89,INF,-1,0,7,0
8080,1,1,-25.233,-7.416,-2.36,-0.69,-2.36,-0.69,INF,-1,0,7,0
8100,1,1,-24.644,-8.609,-2.30,-0.80,-2.30,-0.80,INF,-1,0,7,0
8120,1,1,-24.525,-7.733,-2.29,-0.72,-2.29,-0.72,INF,-1,1,7,0
8140,1,1,-24.726,-8.411,-2.31,-0.79,-2.31,-0.79,INF,-1,1,7,0
8160,1,1,-23.754,-7.926,-2.22,-0.74,-2.22,-0.74,INF,-1,1,7,0
8180,1,1,-24.563,-8.119,-2.29,-0.76,-2.29,-0.76,INF,-1,1,7,0
8200,1,1,-13.039,-21.727,-1.22,-2.03,-1.22,-2.03,INF,-1,1,7,0
8220,1,1,58.746,-69.819,5.47,-6.47,5.44,-6.50,INF,-1,1,7,0
8240,1,1,126.144,-122.051,11.63,-11.04,11.41,-11.26,INF,-1,0,7,0
8260,1,1,148.226,-129.365,13.59,-11.59,13.31,-11.92,INF,-1,0,7,0
8280,1,1,147.106,-129.272,13.49,-11.59,13.21,-11.91,INF,-1,0,7,0
8300,1,1,145.092,-128.696,13.32,-11.55,13.04,-11.86,INF,-1,0,7,0
8320,1,1,146.269,-126.963,13.42,-11.39,13.15,-11.70,INF,-1,0,7,0
8340,1,1,145.073,-129.864,13.31,-11.65,13.04,-11.96,INF,-1,0,7,0
8360,1,1,142.508,-130.338,13.09,-11.70,12.81,-12.00,INF,-1,0,7,0
8380,1,1,143.462,-128.402,13.17,-11.53,12.90,-11.83,INF,-1,0,7,0
8400,1,1,143.984,-126.843,13.22,-11.39,12.95,-11.69,INF,-1,0,7,0
8420,1,1,142.336,-130.126,13.07,-11.68,12.80,-11.98,INF,-1,0,7,0
8440,1,1,142.457,-129.667,13.08,-11.64,12.81,-11.94,INF,-1,0,7,0
8460,1,1,140.435,-127.436,12.90,-11.46,12.64,-11.74,INF,-1,0,7,0
8480,1,1,140.558,-129.154,12.91,-11.61,12.65,-11.90,INF,-1,0,7,0
8500,1,1,140.789,-127.511,12.93,-11.46,12.67,-11.75,INF,-1,0,7,0
8520,1,1,140.405,-127.688,12.90,-11.48,12.64,-11.77,INF,-1,1,7,0
8540,1,1,139.737,-128.348,12.84,-11.54,12.58,-11.83,INF,-1,1,7,0
8560,1,1,139.714,-127.091,12.84,-11.43,12.58,-11.71,INF,-1,1,7,0
8580,1,1,139.141,-131.799,12.79,-11.84,12.51,-12.13,INF,-1,1,7,0
8600,1,1,63.928,-143.094,5.95,-13.07,5.80,-13.14,INF,-1,1,7,0
8620,1,1,-12.629,-151.171,-1.18,-13.85,-1.15,-13.85,INF,-1,1,7,0
8640,1,1,-5.360,-146.985,-0.50,-13.48,-0.49,-13.48,INF,-1,0,7,0
8660,1,1,-4.604,-147.367,-0.43,-13.52,-0.42,-13.52,INF,-1,0,7,0
8680,1,1,-5.958,-148.562,-0.56,-13.62,-0.54,-13.62,INF,-1,0,7,0
8700,1,1,-6.492,-148.760,-0.61,-13.64,-0.59,-13.64,INF,-1,0,7,0
8720,1,1,-6.456,-149.504,-0.60,-13.71,-0.59,-13.71,INF,-1,0,7,0
8740,1,1,-7.649,-149.496,-0.71,-13.70,-0.69,-13.71,INF,-1,0,7,0
8760,1,1,-7.128,-149.742,-0.67,-13.73,-0.65,-13.73,INF,-1,0,7,0
8780,1,1,-8.259,-150.052,-0.77,-13.75,-0.75,-13.75,INF,-1,0,7,0
8800,1,1,-6.519,-150.992,-0.61,-13.84,-0.59,-13.84,INF,-1,0,7,0
8820,1,1,-8.131,-150.042,-0.76,-13.75,-0.74,-13.75,INF,-1,0,7,0
8840,1,1,-7.565,-148.474,-0.71,-13.61,-0.69,-13.62,INF,-1,0,7,0
8860,1,1,-6.754,-148.399,-0.63,-13.61,-0.61,-13.61,INF,-1,0,7,0
8880,1,1,-8.362,-144.826,-0.78,-13.29,-0.76,-13.29,INF,-1,0,7,0
8900,1,1,-29.980,-112.634,-2.80,-10.40,-2.75,-10.41,INF,-1,1,7,0
8920,0,1,0.000,0.000,0.00,0.00,0.00,0.00,0.00,-1,1,7,0
8940,0,1,0.000,0.000,0.00,0.00,0.00,0.00,0.00,-1,1,7,0
8960,0,1,0.000,0.000,0.00,0.00,0.00,0.00,0.00,-1,1,7,0
8980,0,1,0.000,0.000,0.00,0.00,0.00,0.00,0.00,-1,0,7,0
9000,0,1,0.000,0.000,0.00,0.00,0.00,0.00,0.00,-1,0,7,0
9020,0,1,0.000,0.000,0.00,0.00,0.00,0.00,0.00,-1,0,7,0
9040,0,1,0.000,0.000,0.00,0.00,0.00,0.00,0.00,-1,0,7,0
9060,0,1,0.000,0.000,0.00,0.00,0.00,0.00,0.00,-1,0,7,0
9080,0,1,0.000,0.000,0.00,0.00,0.00,0.00,0.00,-1,0,7,0
9100,0,1,0.000,0.000,0.00,0.00,0.00,0.00,INF,-1,0,7,0
9120,0,1,0.000,0.000,0.00,0.00,0.00,0.00,0.00,-1,0,7,0
9140,0,1,0.000,0.000,0.00,0.00,0.00,0.00,0.00,-1,0,7,0
9160,0,1,0.000,0.000,0.00,0.00,0.00,0.00,0.00,-1,0,7,0
9180,0,1,0.000,0.000,0.00,0.00,0.00,0.00,0.00,-1,0,7,0
9200,0,1,0.000,0.000,0.00,0.00,0.00,0.00,0.00,-1,0,7,0
9220,1,1,-0.720,-0.922,-0.07,-0.09,-0.07,-0.09,INF,-1,0,7,0
9240,1,1,4.242,8.572,0.40,0.80,0.40,0.80,INF,-1,0,7,0
9260,1,1,1.972,7.326,0.18,0.68,0.18,0.68,INF,-1,0,7,0
9280,1,1,-0.280,4.213,-0.03,0.39,-0.03,0.39,INF,-1,0,7,0
9300,1,1,0.068,1.218,0.01,0.11,0.01,0.11,INF,-1,0,7,0
9320,1,1,2.022,2.416,0.19,0.23,0.19,0.23,INF,-1,0,7,0
9340,1,1,2.192,2.707,0.20,0.25,0.20,0.25,INF,-1,0,7,0
9360,1,1,1.501,3.657,0.14,0.34,0.14,0.34,INF,-1,0,7,0
9380,1,1,1.393,3.078,0.13,0.29,0.13,0.29,INF,-1,0,7,0
9400,1,1,1.927,4.944,0.18,0.46,0.18,0.46,INF,-1,0,7,0
9420,1,1,2.109,3.394,0.20,0.32,0.20,0.32,INF,-1,0,7,0
9440,1,1,0.275,3.936,0.03,0.37,0.03,0.37,INF,-1,0,7,0
9460,1,1,1.889,3.933,0.18,0.37,0.18,0.37,INF,-1,0,7,0
9480,1,1,1.132,2.856,0.11,0.27,0.11,0.27,INF,-1,0,7,0
9500,1,1,1.096,3.299,0.10,0.31,0.10,0.31,INF,-1,1,7,0
9520,1,1,0.411,2.789,0.04,0.26,0.04,0.26,INF,-1,1,7,0
9540,1,1,1.178,3.508,0.11,0.33,0.11,0.33,INF,-1,1,7,0
9560,1,1,1.951,3.600,0.18,0.34,0.18,0.34,INF,-1,1,7,0
9580,1,1,1.947,2.205,0.18,0.21,0.18,0.21,INF,-1,1,7,0
9600,1,1,1.519,3.364,0.14,0.31,0.14,0.31,INF,-1,1,7,0
9620,1,1,2.000,2.324,0.19,0.22,0.19,0.22,INF,-1,1,7,0
9640,1,1,2.720,2.824,0.25,0.26,0.25,0.26,INF,-1,1,7,0
9660,1,1,0.416,2.004,0.04,0.19,0.04,0.19,INF,-1,1,7,0
9680,1,1,2.315,1.641,0.22,0.15,0.22,0.15,INF,-1,1,7,0
9700,1,1,2.896,1.577,0.27,0.15,0.27,0.15,INF,-1,1,7,0
9720,1,1,1.809,0.950,0.17,0.09,0.17,0.09,INF,-1,1,7,0
9740,1,1,1.146,2.162,0.11,0.20,0.11,0.20,INF,-1,1,7,0
9760,1,1,0.671,0.362,0.06,0.03,0.06,0.03,INF,-1,1,7,0
9780,1,1,3.528,0.901,0.33,0.08,0.33,0.08,INF,-1,1,7,0
9800,1,1,2.050,0.014,0.19,0.00,0.19,0.00,INF,-1,1,7,0
9820,1,1,2.962,0.487,0.28,0.05,0.28,0.05,INF,-1,1,7,0
9840,1,1,2.351,-0.181,0.22,-0.02,0.22,-0.02,INF,-1,1,7,0
9860,1,1,1.950,-0.446,0.18,-0.04,0.18,-0.04,INF,-1,1,7,0
9880,1,1,3.518,-0.105,0.33,-0.01,0.33,-0.01,INF,-1,1,7,0
9900,1,1,3.341,0.098,0.31,0.01,0.31,0.01,INF,-1,1,7,0
9920,1,1,3.425,-1.048,0.32,-0.10,0.32,-0.10,INF,-1,1,7,0
9940,1,1,3.507,-1.112,0.33,-0.10,0.33,-0.10,INF,-1,1,7,0
9960,1,1,4.078,-0.788,0.38,-0.07,0.38,-0.07,INF,-1,1,7,0
9980,1,1,4.835,-0.975,0.45,-0.09,0.45,-0.09,INF,-1,1,7,0
10000,1,1,3.996,-1.372,0.37,-0.13,0.37,-0.13,INF,-1,1,7,0
10020,1,1,4.572,-1.007,0.43,-0.09,0.43,-0.09,INF,-1,1,7,0
10040,1,1,4.498,-0.143,0.42,-0.01,0.42,-0.01,INF,-1,1,7,0
10060,1,1,4.461,-0.700,0.42,-0.07,0.42,-0.07,INF,-1,1,7,0
10080,1,1,4.227,0.372,0.40,0.03,0.40,0.03,INF,-1,1,7,0
10100,1,1,5.151,1.162,0.48,0.11,0.48,0.11,INF,-1,1,7,0
10120,1,1,5.875,0.187,0.55,0.02,0.55,0.02,INF,-1,1,7,0
10140,1,1,4.987,0.115,0.47,0.01,0.47,0.01,INF,-1,1,7,0
10160,1,1,5.072,-0.015,0.47,0.00,0.47,0.00,INF,-1,1,7,0
10180,1,1,4.933,0.210,0.46,0.02,0.46,0.02,INF,-1,1,7,0
10200,1,1,5.806,0.917,0.54,0.09,0.54,0.09,INF,-1,1,7,0
10220,1,1,5.400,-1.320,0.50,-0.12,0.50,-0.12,INF,-1,1,7,0
10240,1,1,5.867,-0.419,0.55,-0.04,0.55,-0.04,INF,-1,1,7,0
10260,1,1,6.390,-0.580,0.60,-0.05,0.60,-0.05,INF,-1,1,7,0
10280,1,1,6.663,-1.071,0.62,-0.10,0.62,-0.10,INF,-1,1,7,0
10300,1,1,6.023,-0.427,0.56,-0.04,0.56,-0.04,INF,-1,1,7,0
10320,1,1,5.660,0.296,0.53,0.03,0.53,0.03,INF,-1,1,7,0
10340,1,1,7.734,0.316,0.72,0.03,0.72,0.03,INF,-1,1,7,0
10360,1,1,8.315,0.372,0.78,0.03,0.78,0.03,INF,-1,1,7,0
10380,1,1,7.544,-0.342,0.71,-0.03,0.71,-0.03,INF,-1,1,7,0
10400,1,1,7.898,-0.776,0.74,-0.07,0.74,-0.07,INF,-1,1,7,0
10420,1,1,7.894,-0.519,0.74,-0.05,0.74,-0.05,INF,-1,1,7,0
10440,1,1,8.402,-0.338,0.79,-0.03,0.79,-0.03,INF,-1,1,7,0
10460,1,1,8.376,-0.226,0.78,-0.02,0.78,-0.02,INF,-1,1,7,0
10480,1,1,8.854,0.680,0.83,0.06,0.83,0.06,INF,-1,1,7,0
10500,1,1,10.365,-0.438,0.97,-0.04,0.97,-0.04,INF,-1,1,7,0
10520,1,1,9.648,-0.250,0.90,-0.02,0.90,-0.02,INF,-1,1,7,0
10540,1,1,10.290,0.118,0.96,0.01,0.96,0.01,INF,-1,1,7,0
10560,1,1,8.420,-1.689,0.79,-0.16,0.79,-0.16,INF,-1,1,7,0
10580,1,1,8.948,-0.455,0.84,-0.04,0.84,-0.04,INF,-1,1,7,0
10600,1,1,10.219,-0.660,0.96,-0.06,0.96,-0.06,INF,-1,1,7,0
10620,1,1,9.906,-0.342,0.93,-0.03,0.93,-0.03,INF,-1,1,7,0
10640,1,1,10.508,-0.413,0.98,-0.04,0.98,-0.04,INF,-1,1,7,0
10660,1,1,9.455,-0.711,0.88,-0.07,0.88,-0.07,INF,-1,1,7,0
10680,1,1,10.373,-0.094,0.97,-0.01,0.97,-0.01,INF,-1,1,7,0
10700,1,1,9.389,-1.166,0.88,-0.11,0.88,-0.11,INF,-1,1,7,0
10720,1,1,9.495,-0.814,0.89,-0.08,0.89,-0.08,INF,-1,1,7,0
10740,1,1,9.230,-1.714,0.86,-0.16,0.86,-0.16,INF,-1,1,7,0
10760,1,1,9.703,-1.685,0.91,-0.16,0.91,-0.16,INF,-1,1,7,0
10780,1,1,9.500,-1.590,0.89,-0.15,0.89,-0.15,INF,-1,1,7,0
10800,1,1,8.842,-1.109,0.83,-0.10,0.83,-0.10,INF,-1,1,7,0
10820,1,1,8.458,-1.057,0.79,-0.10,0.79,-0.10,INF,-1,1,7,0
10840,1,1,8.818,-1.626,0.82,-0.15,0.82,-0.15,INF,-1,1,7,0
10860,1,1,9.231,-1.449,0.86,-0.14,0.86,-0.14,INF,-1,1,7,0
10880,1,1,8.198,-2.067,0.77,-0.19,0.77,-0.19,INF,-1,1,7,0
10900,1,1,8.760,-1.947,0.82,-0.18,0.82,-0.18,INF,-1,1,7,0
10920,1,1,7.626,-0.574,0.71,-0.05,0.71,-0.05,INF,-1,1,7,0
10940,1,1,6.906,-3.195,0.65,-0.30,0.65,-0.30,INF,-1,1,7,0
10960,1,1,7.893,-1.966,0.74,-0.18,0.74,-0.18,INF,-1,1,7,0
10980,1,1,8.681,-3.132,0.81,-0.29,0.81,-0.29,INF,-1,1,7,0
11000,1,1,8.264,-1.684,0.77,-0.16,0.77,-0.16,INF,-1,1,7,0
11020,1,1,8.389,-1.963,0.78,-0.18,0.78,-0.18,INF,-1,1,7,0
11040,1,1,8.376,-1.026,0.78,-0.10,0.78,-0.10,INF,-1,1,7,0
11060,1,1,8.671,-2.745,0.81,-0.26,0.81,-0.26,INF,-1,1,7,0
11080,1,1,7.812,-3.062,0.73,-0.29,0.73,-0.29,INF,-1,1,7,0
11100,1,1,8.386,-2.061,0.78,-0.19,0.78,-0.19,INF,-1,1,7,0
11120,1,1,8.104,-2.740,0.76,-0.26,0.76,-0.26,INF,-1,1,7,0
11140,1,1,8.478,-2.770,0.79,-0.26,0.79,-0.26,INF,-1,1,7,0
11160,1,1,9.427,-3.208,0.88,-0.30,0.88,-0.30,INF,-1,1,7,0
11180,1,1,9.964,-4.006,0.93,-0.37,0.93,-0.37,INF,-1,1,7,0
11200,1,1,9.561,-2.566,0.89,-0.24,0.89,-0.24,INF,-1,0,7,0
11220,1,1,7.551,-4.930,0.71,-0.46,0.71,-0.46,INF,-1,0,7,0
11240,1,1,7.890,-2.858,0.74,-0.27,0.74,-0.27,INF,-1,0,7,0
11260,1,1,8.613,-1.927,0.80,-0.18,0.80,-0.18,INF,-1,0,7,0
11280,1,1,8.827,-2.272,0.83,-0.21,0.82,-0.21,INF,-1,0,7,0
11300,1,1,8.717,-4.046,0.81,-0.38,0.81,-0.38,INF,-1,0,7,0
11320,1,1,8.285,-2.582,0.77,-0.24,0.77,-0.24,INF,-1,0,7,0
11340,1,1,8.715,-2.499,0.81,-0.23,0.81,-0.23,INF,-1,0,7,0
11360,1,1,7.856,-3.318,0.73,-0.31,0.73,-0.31,INF,-1,0,7,0
11380,1,1,7.699,-3.303,0.72,-0.31,0.72,-0.31,INF,-1,0,7,0
11400,1,1,7.884,-4.194,0.74,-0.39,0.74,-0.39,INF,-1,0,7,0
11420,1,1,7.344,-3.338,0.69,-0.31,0.69,-0.31,INF,-1,0,7,0
11440,1,1,6.925,-3.235,0.65,-0.30,0.65,-0.30,INF,-1,1,7,0
11460,1,1,6.433,-3.896,0.60,-0.36,0.60,-0.36,INF,-1,1,7,0
11480,1,1,5.705,-4.528,0.53,-0.42,0.53,-0.42,INF,-1,1,7,0
11500,1,1,5.593,-2.651,0.52,-0.25,0.52,-0.25,INF,-1,1,7,0
11520,1,1,4.840,-2.097,0.45,-0.20,0.45,-0.20,INF,-1,1,7,0
11540,1,1,3.664,-3.440,0.34,-0.32,0.34,-0.32,INF,-1,1,7,0
11560,1,1,3.407,-5.406,0.32,-0.51,0.32,-0.51,INF,-1,1,7,0
11580,1,1,2.745,-6.411,0.26,-0.60,0.26,-0.60,INF,-1,1,7,0
11600,1,1,4.384,-5.285,0.41,-0.49,0.41,-0.49,INF,-1,1,7,0
11620,1,1,3.338,-5.068,0.31,-0.47,0.31,-0.47,INF,-1,1,7,0
11640,1,1,1.948,-5.175,0.18,-0.48,0.18,-0.48,INF,-1,1,7,0
11660,1,1,2.305,-5.422,0.22,-0.51,0.22,-0.51,INF,-1,1,7,0
11680,1,1,2.259,-5.002,0.21,-0.47,0.21,-0.47,INF,-1,1,7,0
11700,1,1,2.009,-5.047,0.19,-0.47,0.19,-0.47,INF,-1,1,7,0
11720,1,1,2.670,-3.462,0.25,-0.32,0.25,-0.32,INF,-1,1,7,0
11740,1,1,2.357,-5.586,0.22,-0.52,0.22,-0.52,INF,-1,1,7,0
11760,1,1,1.659,-3.501,0.16,-0.33,0.16,-0.33,INF,-1,1,7,0
11780,1,1,2.910,-3.893,0.27,-0.36,0.27,-0.36,INF,-1,1,7,0
11800,1,1,2.867,-4.488,0.27,-0.42,0.27,-0.42,INF,-1,1,7,0
11820,1,1,2.545,-5.430,0.24,-0.51,0.24,-0.51,INF,-1,1,7,0
11840,1,1,2.666,-5.524,0.25,-0.52,0.25,-0.52,INF,-1,1,7,0
11860,1,1,2.830,-5.711,0.26,-0.53,0.26,-0.53,INF,-1,1,7,0
11880,1,1,3.735,-4.123,0.35,-0.39,0.35,-0.39,INF,-1,1,7,0
11900,1,1,2.101,-4.409,0.20,-0.41,0.20,-0.41,INF,-1,1,7,0
11920,1,1,3.866,-4.077,0.36,-0.38,0.36,-0.38,INF,-1,1,7,0
11940,1,1,3.044,-4.446,0.28,-0.42,0.28,-0.42,INF,-1,1,7,0
11960,1,1,4.321,-4.673,0.40,-0.44,0.40,-0.44,INF,-1,1,7,0
11980,1,1,3.307,-3.651,0.31,-0.34,0.31,-0.34,INF,-1,1,7,0
12000,1,1,3.349,-3.149,0.31,-0.29,0.31,-0.29,INF,-1,1,7,0
12020,1,1,4.220,-4.096,0.39,-0.38,0.39,-0.38,INF,-1,1,7,0
12040,1,1,3.480,-5.415,0.33,-0.51,0.33,-0.51,INF,-1,1,7,0
12060,1,1,3.685,-5.302,0.34,-0.50,0.34,-0.50,INF,-1,1,7,0
12080,1,1,4.203,-4.725,0.39,-0.44,0.39,-0.44,INF,-1,1,7,0
12100,1,1,3.913,-4.727,0.37,-0.44,0.37,-0.44,INF,-1,1,7,0
12120,1,1,4.524,-4.990,0.42,-0.47,0.42,-0.47,INF,-1,1,7,0
12140,1,1,3.435,-5.689,0.32,-0.53,0.32,-0.53,INF,-1,1,7,0
12160,1,1,4.124,-5.263,0.39,-0.49,0.39,-0.49,INF,-1,1,7,0
12180,1,1,4.968,-5.353,0.46,-0.50,0.46,-0.50,INF,-1,1,7,0
12200,1,1,4.565,-5.539,0.43,-0.52,0.43,-0.52,INF,-1,1,7,0
12220,1,1,4.727,-6.063,0.44,-0.57,0.44,-0.57,INF,-1,1,7,0
12240,1,1,4.726,-5.784,0.44,-0.54,0.44,-0.54,INF,-1,1,7,0
12260,1,1,4.495,-6.007,0.42,-0.56,0.42,-0.56,INF,-1,1,7,0
12280,1,1,5.229,-4.653,0.49,-0.43,0.49,-0.43,INF,-1,1,7,0
12300,1,1,2.999,-6.290,0.28,-0.59,0.28,-0.59,INF,-1,1,7,0
12320,1,1,4.691,-4.183,0.44,-0.39,0.44,-0.39,INF,-1,1,7,0
12340,1,1,5.954,-4.308,0.56,-0.40,0.56,-0.40,INF,-1,1,7,0
12360,1,1,5.110,-5.542,0.48,-0.52,0.48,-0.52,INF,-1,1,7,0
12380,1,1,5.174,-5.730,0.48,-0.54,0.48,-0.54,INF,-1,1,7,0
12400,1,1,4.030,-5.152,0.38,-0.48,0.38,-0.48,INF,-1,1,7,0
12420,1,1,4.930,-4.937,0.46,-0.46,0.46,-0.46,INF,-1,1,7,0
12440,1,1,5.129,-5.766,0.48,-0.54,0.48,-0.54,INF,-1,1,7,0
12460,1,1,5.691,-4.590,0.53,-0.43,0.53,-0.43,INF,-1,1,7,0
12480,1,1,5.578,-4.816,0.52,-0.45,0.52,-0.45,INF,-1,1,7,0
12500,1,1,6.031,-5.452,0.56,-0.51,0.56,-0.51,INF,-1,1,7,0
12520,1,1,5.579,-5.203,0.52,-0.49,0.52,-0.49,INF,-1,1,7,0
12540,1,1,5.806,-5.350,0.54,-0.50,0.54,-0.50,INF,-1,1,7,0
12560,1,1,5.890,-4.999,0.55,-0.47,0.55,-0.47,INF,-1,1,7,0
12580,1,1,6.619,-4.855,0.62,-0.45,0.62,-0.45,INF,-1,1,7,0
12600,1,1,6.711,-6.518,0.63,-0.61,0.63,-0.61,INF,-1,1,7,0
12620,1,1,6.699,-5.595,0.63,-0.52,0.63,-0.52,INF,-1,1,7,0
12640,1,1,7.549,-4.445,0.71,-0.42,0.71,-0.42,INF,-1,1,7,0
12660,1,1,5.940,-6.279,0.56,-0.59,0.56,-0.59,INF,-1,1,7,0
12680,1,1,5.585,-4.457,0.52,-0.42,0.52,-0.42,INF,-1,1,7,0
12700,1,1,5.958,-4.269,0.56,-0.40,0.56,-0.40,INF,-1,1,7,0
12720,1,1,5.868,-4.716,0.55,-0.44,0.55,-0.44,INF,-1,1,7,0
12740,1,1,5.892,-5.631,0.55,-0.53,0.55,-0.53,INF,-1,1,7,0
12760,1,1,7.207,-4.454,0.67,-0.42,0.67,-0.42,INF,-1,1,7,0
12780,1,1,5.346,-4.951,0.50,-0.46,0.50,-0.46,INF,-1,1,7,0
12800,1,1,5.554,-4.748,0.52,-0.44,0.52,-0.44,INF,-1,1,7,0
12820,1,1,5.996,-6.118,0.56,-0.57,0.56,-0.57,INF,-1,1,7,0
12840,1,1,5.927,-4.550,0.55,-0.43,0.55,-0.43,INF,-1,1,7,0
12860,1,1,6.428,-4.131,0.60,-0.39,0.60,-0.39,INF,-1,1,7,0
12880,1,1,6.278,-5.689,0.59,-0.53,0.59,-0.53,INF,-1,1,7,0
12900,1,1,7.062,-4.772,0.66,-0.45,0.66,-0.45,INF,-1,1,7,0
12920,1,1,5.668,-6.275,0.53,-0.59,0.53,-0.59,INF,-1,1,7,0
12940,1,1,5.724,-6.346,0.53,-0.59,0.53,-0.59,INF,-1,1,7,0
12960,1,1,6.149,-5.529,0.57,-0.52,0.57,-0.52,INF,-1,1,7,0
12980,1,1,5.785,-5.178,0.54,-0.48,0.54,-0.48,INF,-1,1,7,0
13000,1,1,6.886,-5.874,0.64,-0.55,0.64,-0.55,INF,-1,1,7,0
13020,1,1,7.463,-4.019,0.70,-0.38,0.70,-0.38,INF,-1,1,7,0
13040,1,1,7.361,-4.960,0.69,-0.46,0.69,-0.46,INF,-1,1,7,0
13060,1,1,7.755,-5.285,0.72,-0.49,0.72,-0.49,INF,-1,1,7,0
13080,1,1,7.810,-4.879,0.73,-0.46,0.73,-0.46,INF,-1,1,7,0
13100,1,1,7.944,-6.593,0.74,-0.62,0.74,-0.62,INF,-1,1,7,0
13120,1,1,8.098,-6.152,0.76,-0.57,0.76,-0.57,INF,-1,1,7,0
13140,1,1,8.433,-6.032,0.79,-0.56,0.79,-0.56,INF,-1,1,7,0
13160,1,1,8.958,-4.736,0.84,-0.44,0.84,-0.44,INF,-1,1,7,0
13180,1,1,9.832,-4.640,0.92,-0.43,0.92,-0.43,INF,-1,1,7,0
13200,1,1,10.277,-4.618,0.96,-0.43,0.96,-0.43,INF,-1,1,7,0
13220,1,1,9.673,-5.417,0.90,-0.51,0.90,-0.51,INF,-1,1,7,0
13240,1,1,9.765,-5.603,0.91,-0.52,0.91,-0.52,INF,-1,1,7,0
13260,1,1,9.717,-6.120,0.91,-0.57,0.91,-0.57,INF,-1,1,7,0
13280,1,1,9.384,-5.780,0.88,-0.54,0.88,-0.54,INF,-1,1,7,0
13300,1,1,9.165,-6.228,0.86,-0.58,0.86,-0.58,INF,-1,1,7,0
13320,1,1,9.595,-7.654,0.90,-0.72,0.90,-0.72,INF,-1,1,7,0
13340,1,1,10.496,-5.897,0.98,-0.55,0.98,-0.55,INF,-1,1,7,0
13360,1,1,10.551,-7.613,0.99,-0.71,0.99,-0.71,INF,-1,1,7,0
13380,1,1,10.651,-7.063,1.00,-0.66,1.00,-0.66,INF,-1,1,7,0
13400,1,1,11.415,-7.396,1.07,-0.69,1.07,-0.69,INF,-1,1,7,0
13420,1,1,11.495,-6.970,1.07,-0.65,1.07,-0.65,INF,-1,1,7,0
13440,1,1,10.965,-6.960,1.02,-0.65,1.02,-0.65,INF,-1,1,7,0
13460,1,1,10.478,-7.135,0.98,-0.67,0.98,-0.67,INF,-1,1,7,0
13480,1,1,9.773,-7.916,0.91,-0.74,0.91,-0.74,INF,-1,1,7,0
13500,1,1,10.121,-6.747,0.95,-0.63,0.95,-0.63,INF,-1,1,7,0
13520,1,1,10.442,-7.852,0.98,-0.73,0.98,-0.73,INF,-1,1,7,0
13540,1,1,10.442,-6.860,0.98,-0.64,0.98,-0.64,INF,-1,1,7,0
13560,1,1,10.108,-7.797,0.94,-0.73,0.94,-0.73,INF,-1,1,7,0
13580,1,1,9.766,-8.621,0.91,-0.81,0.91,-0.81,INF,-1,1,7,0
13600,1,1,10.487,-7.152,0.98,-0.67,0.98,-0.67,INF,-1,1,7,0
13620,1,1,8.980,-8.578,0.84,-0.80,0.84,-0.80,INF,-1,1,7,0
13640,1,1,9.730,-8.426,0.91,-0.79,0.91,-0.79,INF,-1,1,7,0
13660,1,1,9.094,-7.947,0.85,-0.74,0.85,-0.74,INF,-1,1,7,0
13680,1,1,10.024,-8.271,0.94,-0.77,0.94,-0.77,INF,-1,1,7,0
13700,1,1,9.702,-7.931,0.91,-0.74,0.91,-0.74,INF,-1,1,7,0
13720,1,1,10.745,-7.635,1.00,-0.71,1.00,-0.71,INF,-1,1,7,0
13740,1,1,9.518,-7.833,0.89,-0.73,0.89,-0.73,INF,-1,1,7,0
13760,1,1,9.566,-8.705,0.89,-0.81,0.89,-0.81,INF,-1,1,7,0
13780,1,1,9.679,-7.553,0.90,-0.71,0.90,-0.71,INF,-1,1,7,0
13800,1,1,9.512,-8.391,0.89,-0.78,0.89,-0.78,INF,-1,1,7,0
13820,1,1,9.487,-6.914,0.89,-0.65,0.89,-0.65,INF,-1,1,7,0
13840,1,1,9.657,-7.534,0.90,-0.70,0.90,-0.70,INF,-1,1,7,0
13860,1,1,10.044,-8.596,0.94,-0.80,0.94,-0.80,INF,-1,1,7,0
13880,1,1,9.070,-7.391,0.85,-0.69,0.85,-0.69,INF,-1,1,7,0
13900,1,1,8.470,-6.915,0.79,-0.65,0.79,-0.65,INF,-1,1,7,0
13920,1,1,8.062,-7.281,0.75,-0.68,0.75,-0.68,INF,-1,1,7,0
13940,1,1,9.241,-7.258,0.86,-0.68,0.86,-0.68,INF,-1,1,7,0
13960,1,1,9.485,-6.993,0.89,-0.65,0.89,-0.65,INF,-1,1,7,0
13980,1,1,8.004,-8.851,0.75,-0.83,0.75,-0.83,INF,-1,1,7,0
14000,1,1,9.087,-8.171,0.85,-0.76,0.85,-0.76,INF,-1,1,7,0
14020,1,1,8.516,-8.253,0.80,-0.77,0.80,-0.77,INF,-1,1,7,0
14040,1,1,9.299,-7.939,0.87,-0.74,0.87,-0.74,INF,-1,1,7,0
14060,1,1,7.798,-8.121,0.73,-0.76,0.73,-0.76,INF,-1,1,7,0
14080,1,1,9.039,-8.425,0.84,-0.79,0.84,-0.79,INF,-1,1,7,0
14100,1,1,9.888,-7.780,0.92,-0.73,0.92,-0.73,INF,-1,1,7,0
14120,1,1,9.415,-8.615,0.88,-0.81,0.88,-0.81,INF,-1,1,7,0
14140,1,1,9.476,-7.743,0.89,-0.72,0.89,-0.72,INF,-1,1,7,0
14160,1,1,9.970,-8.230,0.93,-0.77,0.93,-0.77,INF,-1,1,7,0
14180,1,1,9.506,-8.641,0.89,-0.81,0.89,-0.81,INF,-1,1,7,0
14200,1,1,11.181,-8.912,1.04,-0.83,1.04,-0.83,INF,-1,1,7,0
14220,1,1,10.569,-8.427,0.99,-0.79,0.99,-0.79,INF,-1,1,7,0
14240,1,1,9.744,-6.977,0.91,-0.65,0.91,-0.65,INF,-1,1,7,0
14260,1,1,10.425,-8.046,0.97,-0.75,0.97,-0.75,INF,-1,1,7,0
14280,1,1,10.800,-8.404,1.01,-0.79,1.01,-0.79,INF,-1,1,7,0
14300,1,1,10.775,-8.913,1.01,-0.83,1.01,-0.83,INF,-1,1,7,0
14320,1,1,10.520,-9.141,0.98,-0.85,0.98,-0.85,INF,-1,1,7,0
14340,1,1,11.125,-8.597,1.04,-0.80,1.04,-0.80,INF,-1,1,7,0
14360,1,1,10.072,-8.596,0.94,-0.80,0.94,-0.80,INF,-1,1,7,0
14380,1,1,11.081,-8.385,1.04,-0.78,1.04,-0.78,INF,-1,1,7,0
14400,1,1,11.290,-8.693,1.06,-0.81,1.06,-0.81,INF,-1,1,7,0
14420,1,1,11.499,-7.454,1.07,-0.70,1.07,-0.70,INF,-1,1,7,0
14440,1,1,11.259,-9.567,1.05,-0.89,1.05,-0.89,INF,-1,1,7,0
14460,1,1,11.053,-9.660,1.03,-0.90,1.03,-0.90,INF,-1,1,7,0
14480,1,1,10.506,-8.810,0.98,-0.82,0.98,-0.82,INF,-1,1,7,0
14500,1,1,11.213,-9.450,1.05,-0.88,1.05,-0.88,INF,-1,1,7,0
14520,1,1,12.247,-10.891,1.14,-1.02,1.14,-1.02,INF,-1,1,7,0
14540,1,1,12.139,-9.553,1.13,-0.89,1.13,-0.89,INF,-1,1,7,0
14560,0,1,0.000,0.000,0.00,0.00,0.00,0.00,0.00,-1,1,7,0
14580,1,1,11.743,-10.447,1.10,-0.98,1.10,-0.98,INF,-1,1,7,0
14600,1,1,10.798,-10.149,1.01,-0.95,1.01,-0.95,INF,-1,1,7,0
14620,1,1,11.185,-9.090,1.05,-0.85,1.05,-0.85,INF,-1,1,7,0
14640,1,1,10.502,-10.374,0.98,-0.97,0.98,-0.97,INF,-1,1,7,0
14660,1,1,11.156,-10.864,1.04,-1.02,1.04,-1.02,INF,-1,1,7,0
14680,1,1,11.639,-11.278,1.09,-1.05,1.09,-1.05,INF,-1,1,7,0
14700,1,1,11.727,-10.041,1.10,-0.94,1.10,-0.94,INF,-1,1,7,0
14720,1,1,13.227,-10.561,1.24,-0.99,1.24,-0.99,INF,-1,1,7,0
14740,1,1,12.056,-10.842,1.13,-1.01,1.13,-1.01,INF,-1,1,7,0
14760,1,1,11.761,-10.747,1.10,-1.00,1.10,-1.00,INF,-1,1,7,0
14780,1,1,11.716,-10.380,1.09,-0.97,1.09,-0.97,INF,-1,1,7,0
14800,1,1,11.535,-9.717,1.08,-0.91,1.08,-0.91,INF,-1,1,7,0
14820,1,1,11.637,-10.984,1.09,-1.03,1.09,-1.03,INF,-1,1,7,0
14840,1,1,13.084,-10.672,1.22,-1.00,1.22,-1.00,INF,-1,1,7,0
14860,1,1,10.896,-11.686,1.02,-1.09,1.02,-1.09,INF,-1,1,7,0
14880,1,1,11.453,-11.062,1.07,-1.03,1.07,-1.03,INF,-1,1,7,0
14900,1,1,11.527,-12.383,1.08,-1.16,1.08,-1.16,INF,-1,1,7,0
14920,1,1,11.328,-10.768,1.06,-1.01,1.06,-1.01,INF,-1,1,7,0
14940,1,1,11.516,-9.786,1.08,-0.91,1.08,-0.91,INF,-1,1,7,0
14960,1,1,10.695,-11.254,1.00,-1.05,1.00,-1.05,INF,-1,1,7,0
