"EyeTracker Toolbox version","3.250"
CalibrationParameters_A11,1.14673
CalibrationParameters_A12,0.05649
CalibrationParameters_A13,0.04077
CalibrationParameters_A21,0.03658
CalibrationParameters_A22,-1.21545
CalibrationParameters_A23,0.02597
CalibrationParameters_A31,0.00074
CalibrationParameters_A32,0.00046
CalibrationParameters_E11,-0.18003
CalibrationParameters_E12,0.00005
CalibrationParameters_E21,-0.00029
CalibrationParameters_E22,0.20020
CalibrationParameters_X,30.54242
CalibrationParameters_Y,47.09657
CalibrationParameters_Rpc,86.87245
CalibrationParameters_MeanX,122.76440
CalibrationParameters_MeanY,159.30649
CalibrationParameters_ViewDist,613.00000
TimeStamp,Tracked,Calibrated,ScreenPositionXmm,ScreenPositionYmm,FicksLongitude,FicksLatitude,HelmholtzAzimuth,HelmholtzElevation,PupilDiameter,Region,Fixation,DigitalIO,Dropped
0,1,1,6.634,32.008,0.62,2.99,0.62,2.99,INF,-1,0,7,0
20,1,1,6.328,31.663,0.59,2.96,0.59,2.96,INF,-1,0,7,0
40,1,1,7.660,31.340,0.72,2.93,0.71,2.93,INF,-1,0,7,0
60,1,1,6.132,30.807,0.57,2.88,0.57,2.88,INF,-1,0,7,0
80,1,1,6.702,31.036,0.63,2.90,0.63,2.90,INF,-1,0,7,0
100,1,1,7.829,30.841,0.73,2.88,0.73,2.88,INF,-1,0,7,0
120,1,1,7.491,31.054,0.70,2.90,0.70,2.90,INF,-1,0,7,0
140,1,1,6.824,31.551,0.64,2.95,0.64,2.95,INF,-1,0,7,0
160,1,1,7.050,31.427,0.66,2.93,0.66,2.93,INF,-1,0,7,0
180,1,1,5.889,31.857,0.55,2.97,0.55,2.97,INF,-1,0,7,0
200,1,1,6.845,31.838,0.64,2.97,0.64,2.97,INF,-1,0,7,0
220,1,1,5.025,31.494,0.47,2.94,0.47,2.94,INF,-1,0,7,0
240,1,1,5.094,33.030,0.48,3.08,0.48,3.08,INF,-1,0,7,0
260,1,1,-0.911,3.129,-0.09,0.29,-0.09,0.29,INF,-1,0,7,0
280,1,1,-0.923,5.283,-0.09,0.49,-0.09,0.49,INF,-1,1,7,0
300,1,1,-2.658,3.776,-0.25,0.35,-0.25,0.35,INF,-1,0,7,0
320,1,1,-0.372,4.383,-0.03,0.41,-0.03,0.41,INF,-1,0,7,0
340,1,1,-0.663,5.103,-0.06,0.48,-0.06,0.48,INF,-1,0,7,0
360,1,1,-1.504,5.393,-0.14,0.50,-0.14,0.50,INF,-1,0,7,0
380,1,1,-0.649,4.201,-0.06,0.39,-0.06,0.39,INF,-1,0,7,0
400,1,1,-1.109,4.938,-0.10,0.46,-0.10,0.46,INF,-1,0,7,0
420,1,1,-1.193,5.505,-0.11,0.51,-0.11,0.51,INF,-1,0,7,0
440,1,1,-1.429,4.463,-0.13,0.42,-0.13,0.42,INF,-1,0,7,0
460,1,1,-1.516,3.354,-0.14,0.31,-0.14,0.31,INF,-1,0,7,0
480,1,1,-2.056,3.436,-0.19,0.32,-0.19,0.32,INF,-1,0,7,0
500,1,1,-1.642,5.078,-0.15,0.47,-0.15,0.47,INF,-1,0,7,0
520,1,1,-1.601,4.797,-0.15,0.45,-0.15,0.45,INF,-1,0,7,0
540,1,1,-1.117,6.356,-0.10,0.59,-0.10,0.59,INF,-1,1,7,0
560,1,1,3.520,16.803,0.33,1.57,0.33,1.57,INF,-1,1,7,0
580,1,1,3.165,15.402,0.30,1.44,0.30,1.44,INF,-1,1,7,0
600,1,1,3.364,16.448,0.31,1.54,0.31,1.54,INF,-1,0,7,0
620,1,1,3.534,16.150,0.33,1.51,0.33,1.51,INF,-1,0,7,0
640,1,1,2.498,16.216,0.23,1.52,0.23,1.52,INF,-1,0,7,0
660,1,1,3.474,17.128,0.32,1.60,0.32,1.60,INF,-1,0,7,0
680,1,1,2.674,16.375,0.25,1.53,0.25,1.53,INF,-1,0,7,0
700,1,1,3.989,16.619,0.37,1.55,0.37,1.55,INF,-1,0,7,0
720,1,1,3.122,16.712,0.29,1.56,0.29,1.56,INF,-1,0,7,0
740,1,1,3.171,16.418,0.30,1.53,0.30,1.53,INF,-1,0,7,0
760,1,1,3.530,15.712,0.33,1.47,0.33,1.47,INF,-1,0,7,0
780,1,1,3.938,18.036,0.37,1.69,0.37,1.69,INF,-1,0,7,0
800,1,1,5.718,16.805,0.53,1.57,0.53,1.57,INF,-1,0,7,0
820,1,1,3.316,16.677,0.31,1.56,0.31,1.56,INF,-1,0,7,0
840,1,1,3.088,17.136,0.29,1.60,0.29,1.60,INF,-1,1,7,0
860,1,1,-5.325,-4.536,-0.50,-0.42,-0.50,-0.42,INF,-1,1,7,0
880,1,1,-2.887,-5.549,-0.27,-0.52,-0.27,-0.52,INF,-1,1,7,0
900,1,1,-2.323,-5.994,-0.22,-0.56,-0.22,-0.56,INF,-1,0,7,0
920,1,1,-2.787,-5.841,-0.26,-0.55,-0.26,-0.55,INF,-1,0,7,0
940,1,1,-2.086,-5.625,-0.19,-0.53,-0.19,-0.53,INF,-1,0,7,0
960,1,1,-2.055,-6.261,-0.19,-0.59,-0.19,-0.59,INF,-1,0,7,0
980,1,1,-2.381,-5.312,-0.22,-0.50,-0.22,-0.50,INF,-1,0,7,0
1000,1,1,-1.519,-6.739,-0.14,-0.63,-0.14,-0.63,INF,-1,0,7,0
1020,1,1,-0.370,-5.132,-0.03,-0.48,-0.03,-0.48,INF,-1,0,7,0
1040,1,1,-2.136,-6.702,-0.20,-0.63,-0.20,-0.63,INF,-1,0,7,0
1060,1,1,-2.531,-7.538,-0.24,-0.70,-0.24,-0.70,INF,-1,0,7,0
1080,1,1,-0.613,-7.030,-0.06,-0.66,-0.06,-0.66,INF,-1,0,7,0
1100,1,1,-1.403,-7.383,-0.13,-0.69,-0.13,-0.69,INF,-1,0,7,0
1120,1,1,-1.814,-7.491,-0.17,-0.70,-0.17,-0.70,INF,-1,0,7,0
1140,1,1,-1.415,-7.867,-0.13,-0.74,-0.13,-0.74,INF,-1,1,7,0
1160,1,1,-0.373,-7.719,-0.03,-0.72,-0.03,-0.72,INF,-1,1,7,0
1180,1,1,-1.257,-7.956,-0.12,-0.74,-0.12,-0.74,INF,-1,1,7,0
1200,1,1,-0.699,-7.675,-0.07,-0.72,-0.07,-0.72,INF,-1,1,7,0
1220,1,1,-0.129,-6.332,-0.01,-0.59,-0.01,-0.59,INF,-1,1,7,0
1240,1,1,-0.639,-6.475,-0.06,-0.61,-0.06,-0.61,INF,-1,1,7,0
1260,1,1,-1.408,-7.777,-0.13,-0.73,-0.13,-0.73,INF,-1,1,7,0
1280,1,1,-0.708,-6.623,-0.07,-0.62,-0.07,-0.62,INF,-1,1,7,0
1300,1,1,-1.315,-7.064,-0.12,-0.66,-0.12,-0.66,INF,-1,1,7,0
1320,1,1,-0.206,-7.618,-0.02,-0.71,-0.02,-0.71,INF,-1,1,7,0
1340,1,1,-1.326,-7.183,-0.12,-0.67,-0.12,-0.67,INF,-1,1,7,0
1360,1,1,-1.694,-8.006,-0.16,-0.75,-0.16,-0.75,INF,-1,1,7,0
1380,1,1,0.800,-7.586,0.07,-0.71,0.07,-0.71,INF,-1,1,7,0
1400,1,1,-0.195,-8.278,-0.02,-0.77,-0.02,-0.77,INF,-1,1,7,0
1420,1,1,0.169,-8.686,0.02,-0.81,0.02,-0.81,INF,-1,1,7,0
1440,1,1,0.459,-9.382,0.04,-0.88,0.04,-0.88,INF,-1,1,7,0
1460,1,1,0.200,-8.368,0.02,-0.78,0.02,-0.78,INF,-1,1,7,0
1480,1,1,0.049,-8.465,0.00,-0.79,0.00,-0.79,INF,-1,1,7,0
1500,1,1,0.047,-8.804,0.00,-0.82,0.00,-0.82,INF,-1,1,7,0
1520,1,1,-0.190,-8.604,-0.02,-0.80,-0.02,-0.80,INF,-1,1,7,0
1540,1,1,-0.125,-7.350,-0.01,-0.69,-0.01,-0.69,INF,-1,1,7,0
1560,1,1,-0.364,-7.762,-0.03,-0.73,-0.03,-0.73,INF,-1,1,7,0
1580,1,1,-4.069,-10.884,-0.38,-1.02,-0.38,-1.02,INF,-1,1,7,0
1600,0,1,0.000,0.000,0.00,0.00,0.00,0.00,0.00,-1,1,7,0
1620,0,1,0.000,0.000,0.00,0.00,0.00,0.00,0.00,-1,1,7,0
1640,0,1,0.000,0.000,0.00,0.00,0.00,0.00,0.00,-1,1,7,0
1660,0,1,0.000,0.000,0.00,0.00,0.00,0.00,0.00,-1,1,7,0
1680,0,1,0.000,0.000,0.00,0.00,0.00,0.00,0.00,-1,0,7,0
1700,0,1,0.000,0.000,0.00,0.00,0.00,0.00,0.00,-1,0,7,0
1720,0,1,0.000,0.000,0.00,0.00,0.00,0.00,0.00,-1,0,7,0
1740,0,1,0.000,0.000,0.00,0.00,0.00,0.00,0.00,-1,0,7,0
1760,0,1,0.000,0.000,0.00,0.00,0.00,0.00,0.00,-1,0,7,0
1780,0,1,0.000,0.000,0.00,0.00,0.00,0.00,INF,-1,0,7,0
1800,1,1,-5.235,-17.298,-0.49,-1.62,-0.49,-1.62,INF,-1,0,7,0
1820,1,1,-7.525,-11.691,-0.70,-1.09,-0.70,-1.09,INF,-1,0,7,0
1840,1,1,-3.122,-1.470,-0.29,-0.14,-0.29,-0.14,INF,-1,0,7,0
1860,1,1,-1.356,0.200,-0.13,0.02,-0.13,0.02,INF,-1,0,7,0
1880,1,1,-1.776,-0.293,-0.17,-0.03,-0.17,-0.03,INF,-1,0,7,0
1900,1,1,-2.091,-1.222,-0.20,-0.11,-0.20,-0.11,INF,-1,0,7,0
1920,1,1,-1.846,-1.229,-0.17,-0.11,-0.17,-0.11,INF,-1,0,7,0
1940,1,1,-1.248,-1.541,-0.12,-0.14,-0.12,-0.14,INF,-1,0,7,0
1960,1,1,-5.118,-2.036,-0.48,-0.19,-0.48,-0.19,INF,-1,0,7,0
1980,1,1,-7.034,-7.527,-0.66,-0.70,-0.66,-0.70,INF,-1,0,7,0
2000,1,1,-6.758,-6.926,-0.63,-0.65,-0.63,-0.65,INF,-1,0,7,0
2020,1,1,-6.985,-7.306,-0.65,-0.68,-0.65,-0.68,INF,-1,0,7,0
2040,1,1,-6.788,-7.221,-0.63,-0.67,-0.63,-0.67,INF,-1,0,7,0
2060,1,1,-6.983,-6.971,-0.65,-0.65,-0.65,-0.65,INF,-1,0,7,0
2080,1,1,-6.168,-6.256,-0.58,-0.58,-0.58,-0.58,INF,-1,0,7,0
2100,1,1,-4.671,-6.562,-0.44,-0.61,-0.44,-0.61,INF,-1,1,7,0
2120,1,1,-5.898,-7.612,-0.55,-0.71,-0.55,-0.71,INF,-1,1,7,0
2140,1,1,-5.145,-8.332,-0.48,-0.78,-0.48,-0.78,INF,-1,1,7,0
2160,1,1,-5.979,-7.742,-0.56,-0.72,-0.56,-0.72,INF,-1,1,7,0
2180,1,1,-6.605,-8.963,-0.62,-0.84,-0.62,-0.84,INF,-1,1,7,0
2200,1,1,-3.192,-8.481,-0.30,-0.79,-0.30,-0.79,INF,-1,1,7,0
2220,1,1,0.705,-16.295,0.07,-1.52,0.07,-1.52,INF,-1,1,7,0
2240,1,1,1.423,-15.766,0.13,-1.47,0.13,-1.47,INF,-1,1,7,0
2260,1,1,-0.111,-14.826,-0.01,-1.39,-0.01,-1.39,INF,-1,0,7,0
2280,1,1,0.377,-15.226,0.04,-1.42,0.04,-1.42,INF,-1,0,7,0
2300,1,1,1.469,-14.450,0.14,-1.35,0.14,-1.35,INF,-1,0,7,0
2320,1,1,1.556,-14.650,0.15,-1.37,0.15,-1.37,INF,-1,0,7,0
2340,1,1,1.580,-13.864,0.15,-1.30,0.15,-1.30,INF,-1,0,7,0
2360,1,1,2.263,-14.738,0.21,-1.38,0.21,-1.38,INF,-1,0,7,0
2380,1,1,0.531,-14.658,0.05,-1.37,0.05,-1.37,INF,-1,0,7,0
2400,1,1,1.775,-15.058,0.17,-1.41,0.17,-1.41,INF,-1,0,7,0
2420,1,1,0.416,-15.508,0.04,-1.45,0.04,-1.45,INF,-1,0,7,0
2440,1,1,3.108,-14.701,0.29,-1.37,0.29,-1.37,INF,-1,0,7,0
2460,1,1,0.845,-15.828,0.08,-1.48,0.08,-1.48,INF,-1,0,7,0
2480,1,1,2.514,-15.624,0.24,-1.46,0.23,-1.46,INF,-1,0,7,0
2500,1,1,0.997,-15.168,0.09,-1.42,0.09,-1.42,INF,-1,1,7,0
2520,1,1,2.101,-15.226,0.20,-1.42,0.20,-1.42,INF,-1,1,7,0
2540,1,1,1.905,-14.904,0.18,-1.39,0.18,-1.39,INF,-1,1,7,0
2560,1,1,2.194,-15.433,0.21,-1.44,0.21,-1.44,INF,-1,1,7,0
2580,1,1,1.413,-14.003,0.13,-1.31,0.13,-1.31,INF,-1,1,7,0
2600,1,1,2.199,-15.124,0.21,-1.41,0.21,-1.41,INF,-1,1,7,0
2620,1,1,1.696,-15.010,0.16,-1.40,0.16,-1.40,INF,-1,1,7,0
2640,1,1,2.005,-15.755,0.19,-1.47,0.19,-1.47,INF,-1,1,7,0
2660,1,1,2.191,-15.856,0.20,-1.48,0.20,-1.48,INF,-1,1,7,0
2680,1,1,1.822,-15.421,0.17,-1.44,0.17,-1.44,INF,-1,1,7,0
2700,1,1,2.334,-15.490,0.22,-1.45,0.22,-1.45,INF,-1,1,7,0
2720,1,1,2.621,-15.964,0.24,-1.49,0.24,-1.49,INF,-1,1,7,0
2740,1,1,2.120,-16.610,0.20,-1.55,0.20,-1.55,INF,-1,1,7,0
2760,1,1,0.695,-16.846,0.07,-1.57,0.06,-1.57,INF,-1,1,7,0
2780,1,1,-3.346,-13.753,-0.31,-1.29,-0.31,-1.29,INF,-1,1,7,0
2800,0,1,0.000,0.000,0.00,0.00,0.00,0.00,0.00,-1,1,7,0
2820,0,1,0.000,0.000,0.00,0.00,0.00,0.00,0.00,-1,1,7,0
2840,0,1,0.000,0.000,0.00,0.00,0.00,0.00,0.00,-1,1,7,0
2860,0,1,0.000,0.000,0.00,0.00,0.00,0.00,0.00,-1,1,7,0
2880,0,1,0.000,0.000,0.00,0.00,0.00,0.00,0.00,-1,0,7,0
2900,0,1,0.000,0.000,0.00,0.00,0.00,0.00,0.00,-1,0,7,0
2920,0,1,0.000,0.000,0.00,0.00,0.00,0.00,0.00,-1,0,7,0
2940,0,1,0.000,0.000,0.00,0.00,0.00,0.00,0.00,-1,0,7,0
2960,0,1,0.000,0.000,0.00,0.00,0.00,0.00,0.00,-1,0,7,0
2980,0,1,0.000,0.000,0.00,0.00,0.00,0.00,0.00,-1,0,7,0
3000,0,1,0.000,0.000,0.00,0.00,0.00,0.00,0.00,-1,0,7,0
3020,1,1,-7.784,-6.393,-0.73,-0.60,-0.73,-0.60,INF,-1,0,7,0
3040,1,1,-0.686,11.722,-0.06,1.10,-0.06,1.10,INF,-1,0,7,0
3060,1,1,0.380,13.796,0.04,1.29,0.04,1.29,INF,-1,0,7,0
3080,1,1,0.700,13.744,0.07,1.28,0.07,1.28,INF,-1,0,7,0
3100,1,1,1.009,13.544,0.09,1.27,0.09,1.27,INF,-1,0,7,0
3120,1,1,1.880,14.973,0.18,1.40,0.18,1.40,INF,-1,0,7,0
3140,1,1,0.993,14.126,0.09,1.32,0.09,1.32,INF,-1,0,7,0
3160,1,1,1.472,13.335,0.14,1.25,0.14,1.25,INF,-1,0,7,0
3180,1,1,1.094,12.549,0.10,1.17,0.10,1.17,INF,-1,0,7,0
3200,1,1,2.114,14.176,0.20,1.32,0.20,1.32,INF,-1,0,7,0
3220,1,1,0.822,13.722,0.08,1.28,0.08,1.28,INF,-1,0,7,0
3240,1,1,1.263,13.178,0.12,1.23,0.12,1.23,INF,-1,0,7,0
3260,1,1,0.819,12.910,0.08,1.21,0.08,1.21,INF,-1,0,7,0
3280,1,1,1.408,13.620,0.13,1.27,0.13,1.27,INF,-1,0,7,0
3300,1,1,3.307,20.595,0.31,1.92,0.31,1.92,INF,-1,0,7,0
3320,1,1,3.820,19.824,0.36,1.85,0.36,1.85,INF,-1,1,7,0
3340,1,1,3.850,19.911,0.36,1.86,0.36,1.86,INF,-1,1,7,0
3360,1,1,2.782,20.307,0.26,1.90,0.26,1.90,INF,-1,1,7,0
3380,1,1,2.826,19.504,0.26,1.82,0.26,1.82,INF,-1,1,7,0
3400,1,1,2.857,20.019,0.27,1.87,0.27,1.87,INF,-1,1,7,0
3420,1,1,3.962,18.995,0.37,1.77,0.37,1.77,INF,-1,1,7,0
3440,1,1,3.330,18.675,0.31,1.74,0.31,1.74,INF,-1,1,7,0
3460,1,1,2.959,19.994,0.28,1.87,0.28,1.87,INF,-1,1,7,0
3480,1,1,4.622,18.857,0.43,1.76,0.43,1.76,INF,-1,1,7,0
3500,1,1,4.813,17.868,0.45,1.67,0.45,1.67,INF,-1,1,7,0
3520,1,1,4.429,18.848,0.41,1.76,0.41,1.76,INF,-1,1,7,0
3540,1,1,5.778,18.159,0.54,1.70,0.54,1.70,INF,-1,1,7,0
3560,1,1,4.935,18.477,0.46,1.73,0.46,1.73,INF,-1,1,7,0
3580,1,1,4.479,18.266,0.42,1.71,0.42,1.71,INF,-1,1,7,0
3600,1,1,4.853,18.763,0.45,1.75,0.45,1.75,INF,-1,1,7,0
3620,1,1,-13.688,7.463,-1.28,0.70,-1.28,0.70,INF,-1,1,7,0
3640,1,1,-33.753,-10.170,-3.15,-0.95,-3.15,-0.95,INF,-1,1,7,0
3660,1,1,-33.606,-8.482,-3.14,-0.79,-3.14,-0.79,INF,-1,0,7,0
3680,1,1,-32.568,-8.599,-3.04,-0.80,-3.04,-0.80,INF,-1,0,7,0
3700,1,1,-31.483,-8.648,-2.94,-0.81,-2.94,-0.81,INF,-1,0,7,0
3720,1,1,-32.816,-9.248,-3.06,-0.86,-3.06,-0.86,INF,-1,0,7,0
3740,1,1,-34.017,-10.286,-3.18,-0.96,-3.18,-0.96,INF,-1,0,7,0
3760,1,1,-33.237,-11.184,-3.10,-1.04,-3.10,-1.05,INF,-1,0,7,0
3780,1,1,-32.167,-11.073,-3.00,-1.03,-3.00,-1.03,INF,-1,0,7,0
3800,1,1,-33.196,-10.292,-3.10,-0.96,-3.10,-0.96,INF,-1,0,7,0
3820,1,1,-31.970,-10.659,-2.99,-0.99,-2.99,-1.00,INF,-1,0,7,0
3840,1,1,-32.030,-11.538,-2.99,-1.08,-2.99,-1.08,INF,-1,0,7,0
3860,1,1,-32.375,-10.968,-3.02,-1.02,-3.02,-1.03,INF,-1,0,7,0
3880,1,1,-32.504,-12.883,-3.04,-1.20,-3.03,-1.20,INF,-1,0,7,0
3900,1,1,-31.759,-13.189,-2.97,-1.23,-2.97,-1.23,INF,-1,0,7,0
3920,1,1,-41.186,-20.279,-3.84,-1.89,-3.84,-1.89,INF,-1,1,7,0
3940,1,1,-40.137,-19.065,-3.75,-1.78,-3.74,-1.78,INF,-1,1,7,0
3960,1,1,-39.952,-19.811,-3.73,-1.85,-3.73,-1.85,INF,-1,0,7,0
3980,1,1,-39.696,-19.563,-3.71,-1.82,-3.70,-1.83,INF,-1,0,7,0
4000,1,1,-39.649,-19.098,-3.70,-1.78,-3.70,-1.78,INF,-1,0,7,0
4020,1,1,-39.049,-20.110,-3.64,-1.88,-3.64,-1.88,INF,-1,0,7,0
4040,1,1,-38.624,-19.289,-3.61,-1.80,-3.60,-1.80,INF,-1,0,7,0
4060,1,1,-39.677,-19.919,-3.70,-1.86,-3.70,-1.86,INF,-1,0,7,0
4080,1,1,-39.306,-19.301,-3.67,-1.80,-3.67,-1.80,INF,-1,0,7,0
4100,1,1,-39.858,-19.848,-3.72,-1.85,-3.72,-1.85,INF,-1,0,7,0
4120,1,1,-38.206,-20.486,-3.57,-1.91,-3.56,-1.91,INF,-1,0,7,0
4140,1,1,-37.765,-19.387,-3.53,-1.81,-3.52,-1.81,INF,-1,0,7,0
4160,1,1,-36.840,-18.320,-3.44,-1.71,-3.44,-1.71,INF,-1,0,7,0
4180,1,1,-7.281,-0.463,-0.68,-0.04,-0.68,-0.04,INF,-1,0,7,0
4200,1,1,0.777,11.587,0.07,1.08,0.07,1.08,INF,-1,1,7,0
4220,1,1,-2.548,7.790,-0.24,0.73,-0.24,0.73,INF,-1,0,7,0
4240,1,1,-1.491,5.812,-0.14,0.54,-0.14,0.54,INF,-1,0,7,0
4260,1,1,-0.620,5.902,-0.06,0.55,-0.06,0.55,INF,-1,0,7,0
4280,1,1,-0.877,5.954,-0.08,0.56,-0.08,0.56,INF,-1,0,7,0
4300,1,1,1.622,6.858,0.15,0.64,0.15,0.64,INF,-1,0,7,0
4320,1,1,1.775,6.965,0.17,0.65,0.17,0.65,INF,-1,0,7,0
4340,1,1,1.574,6.700,0.15,0.63,0.15,0.63,INF,-1,0,7,0
4360,1,1,2.399,6.804,0.22,0.64,0.22,0.64,INF,-1,0,7,0
4380,1,1,2.653,6.276,0.25,0.59,0.25,0.59,INF,-1,0,7,0
4400,1,1,3.035,7.631,0.28,0.71,0.28,0.71,INF,-1,0,7,0
4420,1,1,3.372,7.959,0.32,0.74,0.32,0.74,INF,-1,0,7,0
4440,1,1,2.305,8.225,0.22,0.77,0.22,0.77,INF,-1,0,7,0
4460,1,1,2.770,8.378,0.26,0.78,0.26,0.78,INF,-1,0,7,0
4480,1,1,3.368,8.360,0.31,0.78,0.31,0.78,INF,-1,1,7,0
4500,1,1,3.109,8.398,0.29,0.78,0.29,0.78,INF,-1,1,7,0
4520,1,1,3.549,8.633,0.33,0.81,0.33,0.81,INF,-1,1,7,0
4540,1,1,4.635,8.433,0.43,0.79,0.43,0.79,INF,-1,1,7,0
4560,1,1,3.710,8.681,0.35,0.81,0.35,0.81,INF,-1,1,7,0
4580,1,1,3.320,8.174,0.31,0.76,0.31,0.76,INF,-1,1,7,0
4600,1,1,3.717,8.117,0.35,0.76,0.35,0.76,INF,-1,1,7,0
4620,1,1,-2.029,-1.479,-0.19,-0.14,-0.19,-0.14,INF,-1,1,7,0
4640,1,1,-1.145,-8.851,-0.11,-0.83,-0.11,-0.83,INF,-1,1,7,0
4660,1,1,-0.422,-8.153,-0.04,-0.76,-0.04,-0.76,INF,-1,1,7,0
4680,1,1,-0.965,-8.326,-0.09,-0.78,-0.09,-0.78,INF,-1,0,7,0
4700,1,1,-0.865,-7.533,-0.08,-0.70,-0.08,-0.70,INF,-1,0,7,0
4720,1,1,-0.529,-7.887,-0.05,-0.74,-0.05,-0.74,INF,-1,0,7,0
4740,1,1,-1.699,-8.027,-0.16,-0.75,-0.16,-0.75,INF,-1,0,7,0
4760,1,1,-1.470,-7.478,-0.14,-0.70,-0.14,-0.70,INF,-1,0,7,0
4780,1,1,-1.082,-8.682,-0.10,-0.81,-0.10,-0.81,INF,-1,0,7,0
4800,1,1,-0.719,-8.430,-0.07,-0.79,-0.07,-0.79,INF,-1,0,7,0
4820,1,1,-2.027,-8.729,-0.19,-0.82,-0.19,-0.82,INF,-1,0,7,0
4840,1,1,-1.433,-9.666,-0.13,-0.90,-0.13,-0.90,INF,-1,0,7,0
4860,1,1,-1.576,-9.050,-0.15,-0.85,-0.15,-0.85,INF,-1,0,7,0
4880,1,1,-1.929,-9.283,-0.18,-0.87,-0.18,-0.87,INF,-1,0,7,0
4900,1,1,-1.647,-9.159,-0.15,-0.86,-0.15,-0.86,INF,-1,0,7,0
4920,1,1,-2.234,-9.174,-0.21,-0.86,-0.21,-0.86,INF,-1,1,7,0
4940,1,1,-0.592,-10.214,-0.06,-0.95,-0.06,-0.95,INF,-1,1,7,0
4960,1,1,-2.695,-11.330,-0.25,-1.06,-0.25,-1.06,INF,-1,1,7,0
4980,1,1,-0.516,-14.269,-0.05,-1.33,-0.05,-1.33,INF,-1,1,7,0
5000,0,1,0.000,0.000,0.00,0.00,0.00,0.00,0.00,-1,1,7,0
5020,0,1,0.000,0.000,0.00,0.00,0.00,0.00,0.00,-1,1,7,0
5040,0,1,0.000,0.000,0.00,0.00,0.00,0.00,0.00,-1,1,7,0
5060,0,1,0.000,0.000,0.00,0.00,0.00,0.00,0.00,-1,1,7,0
5080,0,1,0.000,0.000,0.00,0.00,0.00,0.00,0.00,-1,0,7,0
5100,0,1,0.000,0.000,0.00,0.00,0.00,0.00,0.00,-1,0,7,0
5120,0,1,0.000,0.000,0.00,0.00,0.00,0.00,0.00,-1,0,7,0
5140,0,1,0.000,0.000,0.00,0.00,0.00,0.00,0.00,-1,0,7,0
5160,0,1,0.000,0.000,0.00,0.00,0.00,0.00,0.00,-1,0,7,0
5180,0,1,0.000,0.000,0.00,0.00,0.00,0.00,0.00,-1,0,7,0
5200,0,1,0.000,0.000,0.00,0.00,0.00,0.00,0.00,-1,0,7,0
5220,0,1,0.000,0.000,0.00,0.00,0.00,0.00,0.00,-1,0,7,0
5240,0,1,0.000,0.000,0.00,0.00,0.00,0.00,0.00,-1,0,7,0
5260,0,1,0.000,0.000,0.00,0.00,0.00,0.00,0.00,-1,0,7,0
5280,0,1,0.000,0.000,0.00,0.00,0.00,0.00,0.00,-1,0,7,0
5300,0,1,0.000,0.000,0.00,0.00,0.00,0.00,0.00,-1,0,7,0
5320,0,1,0.000,0.000,0.00,0.00,0.00,0.00,0.00,-1,0,7,0
5340,1,1,-3.467,-27.354,-0.32,-2.56,-0.32,-2.56,INF,-1,0,7,0
5360,1,1,-2.947,-8.808,-0.28,-0.82,-0.28,-0.82,INF,-1,0,7,0
5380,1,1,-2.456,-7.164,-0.23,-0.67,-0.23,-0.67,INF,-1,0,7,0
5400,1,1,-2.145,-6.184,-0.20,-0.58,-0.20,-0.58,INF,-1,0,7,0
5420,1,1,-2.521,-7.231,-0.24,-0.68,-0.24,-0.68,INF,-1,0,7,0
5440,1,1,-3.125,-8.664,-0.29,-0.81,-0.29,-0.81,INF,-1,0,7,0
5460,1,1,-1.838,-7.978,-0.17,-0.75,-0.17,-0.75,INF,-1,0,7,0
5480,1,1,1.057,-6.321,0.10,-0.59,0.10,-0.59,INF,-1,0,7,0
5500,1,1,0.267,-7.365,0.02,-0.69,0.02,-0.69,INF,-1,0,7,0
5520,1,1,1.483,-6.244,0.14,-0.58,0.14,-0.58,INF,-1,0,7,0
5540,1,1,1.356,-8.282,0.13,-0.77,0.13,-0.77,INF,-1,0,7,0
5560,1,1,0.832,-7.796,0.08,-0.73,0.08,-0.73,INF,-1,0,7,0
5580,1,1,8.311,-10.456,0.78,-0.98,0.78,-0.98,INF,-1,0,7,0
5600,1,1,8.680,-10.900,0.81,-1.02,0.81,-1.02,INF,-1,0,7,0
5620,1,1,10.661,-11.737,1.00,-1.10,1.00,-1.10,INF,-1,0,7,0
5640,1,1,8.120,-11.301,0.76,-1.06,0.76,-1.06,INF,-1,1,7,0
5660,1,1,8.368,-12.520,0.78,-1.17,0.78,-1.17,INF,-1,1,7,0
5680,1,1,8.759,-11.554,0.82,-1.08,0.82,-1.08,INF,-1,1,7,0
5700,1,1,9.037,-11.570,0.84,-1.08,0.84,-1.08,INF,-1,1,7,0
5720,1,1,10.139,-11.092,0.95,-1.04,0.95,-1.04,INF,-1,1,7,0
5740,1,1,9.631,-10.415,0.90,-0.97,0.90,-0.97,INF,-1,1,7,0
5760,1,1,9.060,-10.111,0.85,-0.94,0.85,-0.94,INF,-1,1,7,0
5780,1,1,9.192,-6.100,0.86,-0.57,0.86,-0.57,INF,-1,1,7,0
5800,1,1,5.273,-7.757,0.49,-0.72,0.49,-0.73,INF,-1,1,7,0
5820,0,1,0.000,0.000,0.00,0.00,0.00,0.00,0.00,-1,1,7,0
5840,0,1,0.000,0.000,0.00,0.00,0.00,0.00,0.00,-1,1,7,0
5860,0,1,0.000,0.000,0.00,0.00,0.00,0.00,0.00,-1,1,7,0
5880,0,1,0.000,0.000,0.00,0.00,0.00,0.00,0.00,-1,1,7,0
5900,0,1,0.000,0.000,0.00,0.00,0.00,0.00,0.00,-1,0,7,0
5920,0,1,0.000,0.000,0.00,0.00,0.00,0.00,0.00,-1,0,7,0
5940,0,1,0.000,0.000,0.00,0.00,0.00,0.00,0.00,-1,0,7,0
5960,0,1,0.000,0.000,0.00,0.00,0.00,0.00,0.00,-1,0,7,0
5980,0,1,0.000,0.000,0.00,0.00,0.00,0.00,0.00,-1,0,7,0
6000,0,1,0.000,0.000,0.00,0.00,0.00,0.00,0.00,-1,0,7,0
6020,0,1,0.000,0.000,0.00,0.00,0.00,0.00,0.00,-1,0,7,0
6040,0,1,0.000,0.000,0.00,0.00,0.00,0.00,0.00,-1,0,7,0
6060,0,1,0.000,0.000,0.00,0.00,0.00,0.00,0.00,-1,0,7,0
6080,0,1,0.000,0.000,0.00,0.00,0.00,0.00,0.00,-1,0,7,0
6100,0,1,0.000,0.000,0.00,0.00,0.00,0.00,0.00,-1,0,7,0
6120,0,1,0.000,0.000,0.00,0.00,0.00,0.00,0.00,-1,0,7,0
6140,0,1,0.000,0.000,0.00,0.00,0.00,0.00,0.00,-1,0,7,0
6160,0,1,0.000,0.000,0.00,0.00,0.00,0.00,0.00,-1,0,7,0
6180,0,1,0.000,0.000,0.00,0.00,0.00,0.00,0.00,-1,0,7,0
6200,0,1,0.000,0.000,0.00,0.00,0.00,0.00,0.00,-1,0,7,0
6220,1,1,-4.152,-31.093,-0.39,-2.90,-0.39,-2.90,INF,-1,0,7,0
6240,1,1,-12.126,-10.753,-1.13,-1.00,-1.13,-1.00,INF,-1,0,7,0
6260,1,1,-5.455,-0.641,-0.51,-0.06,-0.51,-0.06,INF,-1,0,7,0
6280,1,1,-3.842,6.401,-0.36,0.60,-0.36,0.60,INF,-1,0,7,0
6300,1,1,3.491,11.862,0.33,1.11,0.33,1.11,INF,-1,0,7,0
6320,1,1,5.205,18.308,0.49,1.71,0.49,1.71,INF,-1,0,7,0
6340,1,1,4.412,12.075,0.41,1.13,0.41,1.13,INF,-1,0,7,0
6360,1,1,5.396,11.425,0.50,1.07,0.50,1.07,INF,-1,0,7,0
6380,1,1,5.012,13.065,0.47,1.22,0.47,1.22,INF,-1,0,7,0
6400,1,1,6.364,12.017,0.59,1.12,0.59,1.12,INF,-1,0,7,0
6420,1,1,4.859,13.321,0.45,1.24,0.45,1.24,INF,-1,0,7,0
6440,1,1,5.134,14.361,0.48,1.34,0.48,1.34,INF,-1,0,7,0
6460,1,1,5.512,13.517,0.52,1.26,0.52,1.26,INF,-1,0,7,0
6480,1,1,5.869,14.194,0.55,1.33,0.55,1.33,INF,-1,0,7,0
6500,1,1,5.674,11.972,0.53,1.12,0.53,1.12,INF,-1,0,7,0
6520,1,1,4.453,14.043,0.42,1.31,0.42,1.31,INF,-1,0,7,0
6540,1,1,3.258,11.144,0.30,1.04,0.30,1.04,INF,-1,0,7,0
6560,1,1,4.771,14.033,0.45,1.31,0.45,1.31,INF,-1,1,7,0
6580,1,1,5.138,11.699,0.48,1.09,0.48,1.09,INF,-1,1,7,0
6600,1,1,5.835,10.376,0.55,0.97,0.55,0.97,INF,-1,1,7,0
6620,1,1,4.702,11.241,0.44,1.05,0.44,1.05,INF,-1,1,7,0
6640,1,1,1.532,6.753,0.14,0.63,0.14,0.63,INF,-1,1,7,0
6660,1,1,-0.133,-4.104,-0.01,-0.38,-0.01,-0.38,INF,-1,1,7,0
6680,1,1,0.550,-1.962,0.05,-0.18,0.05,-0.18,INF,-1,1,7,0
6700,1,1,1.002,-2.840,0.09,-0.27,0.09,-0.27,INF,-1,0,7,0
6720,1,1,0.895,-1.296,0.08,-0.12,0.08,-0.12,INF,-1,0,7,0
6740,1,1,0.844,-1.473,0.08,-0.14,0.08,-0.14,INF,-1,0,7,0
6760,1,1,-0.350,-2.228,-0.03,-0.21,-0.03,-0.21,INF,-1,0,7,0
6780,1,1,1.581,-3.956,0.15,-0.37,0.15,-0.37,INF,-1,0,7,0
6800,1,1,0.391,-2.239,0.04,-0.21,0.04,-0.21,INF,-1,0,7,0
6820,1,1,0.987,-2.124,0.09,-0.20,0.09,-0.20,INF,-1,0,7,0
6840,1,1,0.041,-4.017,0.00,-0.38,0.00,-0.38,INF,-1,0,7,0
6860,1,1,0.262,-3.851,0.02,-0.36,0.02,-0.36,INF,-1,0,7,0
6880,1,1,1.599,-3.869,0.15,-0.36,0.15,-0.36,INF,-1,0,7,0
6900,1,1,1.459,-3.608,0.14,-0.34,0.14,-0.34,INF,-1,0,7,0
6920,1,1,2.387,-7.782,0.22,-0.73,0.22,-0.73,INF,-1,0,7,0
6940,1,1,3.649,-11.514,0.34,-1.08,0.34,-1.08,INF,-1,1,7,0
6960,1,1,4.117,-11.262,0.38,-1.05,0.38,-1.05,INF,-1,1,7,0
6980,1,1,4.049,-11.175,0.38,-1.04,0.38,-1.04,INF,-1,1,7,0
7000,1,1,4.352,-11.313,0.41,-1.06,0.41,-1.06,INF,-1,1,7,0
7020,1,1,4.308,-11.608,0.40,-1.08,0.40,-1.08,INF,-1,1,7,0
7040,1,1,4.111,-10.425,0.38,-0.97,0.38,-0.97,INF,-1,1,7,0
7060,1,1,3.736,-12.271,0.35,-1.15,0.35,-1.15,INF,-1,1,7,0
7080,1,1,5.110,-11.699,0.48,-1.09,0.48,-1.09,INF,-1,1,7,0
7100,1,1,4.458,-12.519,0.42,-1.17,0.42,-1.17,INF,-1,1,7,0
7120,1,1,3.741,-12.403,0.35,-1.16,0.35,-1.16,INF,-1,1,7,0
7140,1,1,3.836,-13.475,0.36,-1.26,0.36,-1.26,INF,-1,1,7,0
7160,1,1,4.240,-11.982,0.40,-1.12,0.40,-1.12,INF,-1,1,7,0
7180,1,1,2.045,-13.243,0.19,-1.24,0.19,-1.24,INF,-1,1,7,0
7200,1,1,2.864,-12.033,0.27,-1.12,0.27,-1.12,INF,-1,1,7,0
7220,1,1,3.495,-12.714,0.33,-1.19,0.33,-1.19,INF,-1,1,7,0
7240,1,1,2.182,-14.306,0.20,-1.34,0.20,-1.34,INF,-1,1,7,0
7260,1,1,4.140,-12.963,0.39,-1.21,0.39,-1.21,INF,-1,1,7,0
7280,1,1,3.283,-13.643,0.31,-1.27,0.31,-1.27,INF,-1,1,7,0
7300,1,1,3.883,-13.516,0.36,-1.26,0.36,-1.26,INF,-1,1,7,0
7320,1,1,3.607,-12.676,0.34,-1.18,0.34,-1.18,INF,-1,1,7,0
7340,1,1,3.978,-12.191,0.37,-1.14,0.37,-1.14,INF,-1,1,7,0
7360,1,1,3.934,-13.409,0.37,-1.25,0.37,-1.25,INF,-1,1,7,0
7380,1,1,3.638,-11.852,0.34,-1.11,0.34,-1.11,INF,-1,1,7,0
7400,1,1,3.820,-13.101,0.36,-1.22,0.36,-1.22,INF,-1,1,7,0
7420,1,1,4.341,-12.398,0.41,-1.16,0.41,-1.16,INF,-1,1,7,0
7440,1,1,3.965,-13.829,0.37,-1.29,0.37,-1.29,INF,-1,1,7,0
7460,1,1,2.831,-12.567,0.26,-1.17,0.26,-1.17,INF,-1,1,7,0
7480,1,1,-2.886,-9.754,-0.27,-0.91,-0.27,-0.91,INF,-1,1,7,0
7500,0,1,0.000,0.000,0.00,0.00,0.00,0.00,0.00,-1,1,7,0
7520,0,1,0.000,0.000,0.00,0.00,0.00,0.00,0.00,-1,1,7,0
7540,0,1,0.000,0.000,0.00,0.00,0.00,0.00,0.00,-1,1,7,0
7560,0,1,0.000,0.000,0.00,0.00,0.00,0.00,0.00,-1,1,7,0
7580,0,1,0.000,0.000,0.00,0.00,0.00,0.00,0.00,-1,0,7,0
7600,0,1,0.000,0.000,0.00,0.00,0.00,0.00,0.00,-1,0,7,0
7620,0,1,0.000,0.000,0.00,0.00,0.00,0.00,0.00,-1,0,7,0
7640,0,1,0.000,0.000,0.00,0.00,0.00,0.00,0.00,-1,0,7,0
7660,0,1,0.000,0.000,0.00,0.00,0.00,0.00,0.00,-1,0,7,0
7680,0,1,0.000,0.000,0.00,0.00,0.00,0.00,0.00,-1,0,7,0
7700,0,1,0.000,0.000,0.00,0.00,0.00,0.00,0.00,-1,0,7,0
7720,0,1,0.000,0.000,0.00,0.00,0.00,0.00,0.00,-1,0,7,0
7740,0,1,0.000,0.000,0.00,0.00,0.00,0.00,0.00,-1,0,7,0
7760,0,1,0.000,0.000,0.00,0.00,0.00,0.00,0.00,-1,0,7,0
7780,0,1,0.000,0.000,0.00,0.00,0.00,0.00,0.00,-1,0,7,0
7800,0,1,0.000,0.000,0.00,0.00,0.00,0.00,0.00,-1,0,7,0
7820,0,1,0.000,0.000,0.00,0.00,0.00,0.00,INF,-1,0,7,0
7840,0,1,0.000,0.000,0.00,0.00,0.00,0.00,0.00,-1,0,7,0
7860,1,1,-29.694,-45.674,-2.77,-4.26,-2.77,-4.26,INF,-1,0,7,0
7880,1,1,-10.120,-31.751,-0.95,-2.96,-0.94,-2.97,INF,-1,0,7,0
7900,1,1,-13.896,-31.827,-1.30,-2.97,-1.30,-2.97,INF,-1,0,7,0
7920,1,1,-11.965,-22.247,-1.12,-2.08,-1.12,-2.08,INF,-1,0,7,0
7940,1,1,-8.959,-16.546,-0.84,-1.55,-0.84,-1.55,INF,-1,0,7,0
7960,1,1,-5.703,-10.106,-0.53,-0.94,-0.53,-0.94,INF,-1,0,7,0
7980,1,1,-3.468,-11.838,-0.32,-1.11,-0.32,-1.11,INF,-1,0,7,0
8000,1,1,-4.316,-10.452,-0.40,-0.98,-0.40,-0.98,INF,-1,0,7,0
8020,1,1,-3.195,-6.685,-0.30,-0.62,-0.30,-0.62,INF,-1,0,7,0
8040,1,1,-1.388,-3.909,-0.13,-0.37,-0.13,-0.37,INF,-1,0,7,0
8060,1,1,6.455,7.418,0.60,0.69,0.60,0.69,INF,-1,0,7,0
8080,1,1,7.412,15.641,0.69,1.46,0.69,1.46,INF,-1,0,7,0
8100,1,1,8.780,13.954,0.82,1.30,0.82,1.30,INF,-1,0,7,0
8120,1,1,9.592,12.276,0.90,1.15,0.90,1.15,INF,-1,0,7,0
8140,1,1,7.516,11.291,0.70,1.06,0.70,1.06,INF,-1,0,7,0
8160,1,1,8.711,9.919,0.81,0.93,0.81,0.93,INF,-1,0,7,0
8180,1,1,8.491,8.474,0.79,0.79,0.79,0.79,INF,-1,0,7,0
8200,1,1,7.615,7.937,0.71,0.74,0.71,0.74,INF,-1,0,7,0
8220,1,1,7.828,8.482,0.73,0.79,0.73,0.79,INF,-1,0,7,0
8240,1,1,8.729,6.579,0.82,0.61,0.82,0.61,INF,-1,1,7,0
8260,1,1,10.529,6.066,0.98,0.57,0.98,0.57,INF,-1,1,7,0
8280,1,1,9.764,6.476,0.91,0.61,0.91,0.61,INF,-1,1,7,0
8300,0,1,0.000,0.000,0.00,0.00,0.00,0.00,0.00,-1,1,7,0
8320,0,1,0.000,0.000,0.00,0.00,0.00,0.00,0.00,-1,1,7,0
8340,0,1,0.000,0.000,0.00,0.00,0.00,0.00,0.00,-1,1,7,0
8360,0,1,0.000,0.000,0.00,0.00,0.00,0.00,0.00,-1,1,7,0
8380,0,1,0.000,0.000,0.00,0.00,0.00,0.00,0.00,-1,0,7,0
8400,0,1,0.000,0.000,0.00,0.00,0.00,0.00,0.00,-1,0,7,0
8420,0,1,0.000,0.000,0.00,0.00,0.00,0.00,0.00,-1,0,7,0
8440,0,1,0.000,0.000,0.00,0.00,0.00,0.00,0.00,-1,0,7,0
8460,0,1,0.000,0.000,0.00,0.00,0.00,0.00,0.00,-1,0,7,0
8480,0,1,0.000,0.000,0.00,0.00,0.00,0.00,0.00,-1,0,7,0
8500,0,1,0.000,0.000,0.00,0.00,0.00,0.00,0.00,-1,0,7,0
8520,0,1,0.000,0.000,0.00,0.00,0.00,0.00,0.00,-1,0,7,0
8540,0,1,0.000,0.000,0.00,0.00,0.00,0.00,0.00,-1,0,7,0
8560,0,1,0.000,0.000,0.00,0.00,0.00,0.00,0.00,-1,0,7,0
8580,0,1,0.000,0.000,0.00,0.00,0.00,0.00,0.00,-1,0,7,0
8600,1,1,-4.795,1.448,-0.45,0.14,-0.45,0.14,INF,-1,0,7,0
8620,1,1,-0.724,10.918,-0.07,1.02,-0.07,1.02,INF,-1,0,7,0
8640,1,1,0.525,10.320,0.05,0.96,0.05,0.96,INF,-1,0,7,0
8660,1,1,1.168,10.109,0.11,0.94,0.11,0.94,INF,-1,0,7,0
8680,1,1,-0.033,7.344,0.00,0.69,0.00,0.69,INF,-1,0,7,0
8700,1,1,2.374,7.637,0.22,0.71,0.22,0.71,INF,-1,0,7,0
8720,1,1,0.992,8.020,0.09,0.75,0.09,0.75,INF,-1,0,7,0
8740,1,1,1.442,7.417,0.13,0.69,0.13,0.69,INF,-1,0,7,0
8760,1,1,1.188,7.859,0.11,0.73,0.11,0.73,INF,-1,0,7,0
8780,1,1,1.330,8.530,0.12,0.80,0.12,0.80,INF,-1,0,7,0
8800,1,1,2.560,6.601,0.24,0.62,0.24,0.62,INF,-1,0,7,0
8820,1,1,1.615,5.891,0.15,0.55,0.15,0.55,INF,-1,0,7,0
8840,1,1,2.482,5.364,0.23,0.50,0.23,0.50,INF,-1,0,7,0
8860,1,1,0.989,4.927,0.09,0.46,0.09,0.46,INF,-1,0,7,0
8880,1,1,1.384,5.473,0.13,0.51,0.13,0.51,INF,-1,1,7,0
8900,1,1,4.276,12.603,0.40,1.18,0.40,1.18,INF,-1,1,7,0
8920,1,1,3.471,20.206,0.32,1.89,0.32,1.89,INF,-1,1,7,0
8940,1,1,3.948,17.106,0.37,1.60,0.37,1.60,INF,-1,1,7,0
8960,1,1,5.125,17.565,0.48,1.64,0.48,1.64,INF,-1,1,7,0
8980,1,1,2.537,15.610,0.24,1.46,0.24,1.46,INF,-1,1,7,0
9000,1,1,4.176,16.477,0.39,1.54,0.39,1.54,INF,-1,1,7,0
9020,1,1,4.125,15.009,0.39,1.40,0.39,1.40,INF,-1,1,7,0
9040,1,1,5.112,14.551,0.48,1.36,0.48,1.36,INF,-1,1,7,0
9060,1,1,4.383,14.974,0.41,1.40,0.41,1.40,INF,-1,1,7,0
9080,1,1,4.441,15.678,0.42,1.47,0.41,1.47,INF,-1,1,7,0
9100,1,1,3.762,15.844,0.35,1.48,0.35,1.48,INF,-1,1,7,0
9120,1,1,4.662,16.857,0.44,1.58,0.44,1.58,INF,-1,1,7,0
9140,1,1,4.647,19.254,0.43,1.80,0.43,1.80,INF,-1,1,7,0
9160,1,1,4.318,17.684,0.40,1.65,0.40,1.65,INF,-1,1,7,0
9180,1,1,4.381,17.120,0.41,1.60,0.41,1.60,INF,-1,0,7,0
9200,1,1,4.044,18.379,0.38,1.72,0.38,1.72,INF,-1,0,7,0
9220,1,1,4.281,16.623,0.40,1.55,0.40,1.55,INF,-1,0,7,0
9240,1,1,3.401,16.654,0.32,1.56,0.32,1.56,INF,-1,0,7,0
9260,1,1,3.109,16.179,0.29,1.51,0.29,1.51,INF,-1,0,7,0
9280,1,1,2.975,14.122,0.28,1.32,0.28,1.32,INF,-1,0,7,0
9300,1,1,2.852,15.563,0.27,1.45,0.27,1.45,INF,-1,0,7,0
9320,1,1,2.875,14.204,0.27,1.33,0.27,1.33,INF,-1,0,7,0
9340,1,1,2.684,15.489,0.25,1.45,0.25,1.45,INF,-1,0,7,0
9360,1,1,3.850,14.292,0.36,1.34,0.36,1.34,INF,-1,0,7,0
9380,1,1,3.318,14.568,0.31,1.36,0.31,1.36,INF,-1,0,7,0
9400,1,1,5.079,15.091,0.47,1.41,0.47,1.41,INF,-1,0,7,0
9420,1,1,3.802,15.502,0.36,1.45,0.36,1.45,INF,-1,1,7,0
9440,1,1,5.207,14.795,0.49,1.38,0.49,1.38,INF,-1,1,7,0
9460,1,1,5.776,15.631,0.54,1.46,0.54,1.46,INF,-1,1,7,0
9480,1,1,4.896,13.322,0.46,1.24,0.46,1.25,INF,-1,1,7,0
9500,1,1,5.701,14.523,0.53,1.36,0.53,1.36,INF,-1,1,7,0
9520,1,1,6.330,14.215,0.59,1.33,0.59,1.33,INF,-1,1,7,0
9540,1,1,5.060,15.137,0.47,1.41,0.47,1.41,INF,-1,1,7,0
9560,1,1,5.403,13.522,0.50,1.26,0.50,1.26,INF,-1,1,7,0
9580,1,1,5.852,13.562,0.55,1.27,0.55,1.27,INF,-1,1,7,0
9600,1,1,6.817,15.034,0.64,1.40,0.64,1.40,INF,-1,1,7,0
9620,1,1,5.862,15.431,0.55,1.44,0.55,1.44,INF,-1,1,7,0
9640,1,1,5.344,14.644,0.50,1.37,0.50,1.37,INF,-1,1,7,0
9660,1,1,-1.533,15.006,-0.14,1.40,-0.14,1.40,INF,-1,1,7,0
9680,1,1,-1.644,17.594,-0.15,1.64,-0.15,1.64,INF,-1,1,7,0
9700,1,1,-0.814,18.545,-0.08,1.73,-0.08,1.73,INF,-1,1,7,0
9720,1,1,0.454,16.761,0.04,1.57,0.04,1.57,INF,-1,1,7,0
9740,1,1,-1.752,17.435,-0.16,1.63,-0.16,1.63,INF,-1,1,7,0
9760,1,1,-0.949,13.081,-0.09,1.22,-0.09,1.22,INF,-1,1,7,0
9780,1,1,0.712,13.592,0.07,1.27,0.07,1.27,INF,-1,1,7,0
9800,1,1,1.456,13.510,0.14,1.26,0.14,1.26,INF,-1,1,7,0
9820,1,1,-3.918,7.358,-0.37,0.69,-0.37,0.69,INF,-1,1,7,0
9840,1,1,-4.558,8.617,-0.43,0.81,-0.43,0.81,INF,-1,1,7,0
9860,1,1,2.119,10.302,0.20,0.96,0.20,0.96,INF,-1,1,7,0
9880,1,1,0.554,11.563,0.05,1.08,0.05,1.08,INF,-1,1,7,0
9900,0,1,0.000,0.000,0.00,0.00,0.00,0.00,0.00,-1,1,7,0
9920,0,1,0.000,0.000,0.00,0.00,0.00,0.00,0.00,-1,1,7,0
9940,0,1,0.000,0.000,0.00,0.00,0.00,0.00,0.00,-1,1,7,0
9960,0,1,0.000,0.000,0.00,0.00,0.00,0.00,0.00,-1,1,7,0
9980,0,1,0.000,0.000,0.00,0.00,0.00,0.00,0.00,-1,0,7,0
10000,0,1,0.000,0.000,0.00,0.00,0.00,0.00,0.00,-1,0,7,0
10020,1,1,-51.082,-48.826,-4.76,-4.54,-4.75,-4.55,INF,-1,0,7,0
10040,0,1,0.000,0.000,0.00,0.00,0.00,0.00,0.00,-1,0,7,0
10060,1,1,-21.433,-52.254,-2.00,-4.87,-2.00,-4.87,INF,-1,0,7,0
10080,0,1,0.000,0.000,0.00,0.00,0.00,0.00,0.00,-1,0,7,0
10100,0,1,0.000,0.000,0.00,0.00,0.00,0.00,0.00,-1,0,7,0
10120,0,1,0.000,0.000,0.00,0.00,0.00,0.00,0.00,-1,0,7,0
10140,0,1,0.000,0.000,0.00,0.00,0.00,0.00,0.00,-1,0,7,0
10160,0,1,0.000,0.000,0.00,0.00,0.00,0.00,0.00,-1,0,7,0
10180,0,1,0.000,0.000,0.00,0.00,0.00,0.00,0.00,-1,0,7,0
10200,1,1,-64.669,-37.044,-6.02,-3.44,-6.01,-3.46,INF,-1,0,7,0
10220,0,1,0.000,0.000,0.00,0.00,0.00,0.00,0.00,-1,0,7,0
10240,0,1,0.000,0.000,0.00,0.00,0.00,0.00,0.00,-1,0,7,0
10260,0,1,0.000,0.000,0.00,0.00,0.00,0.00,0.00,-1,0,7,0
10280,0,1,0.000,0.000,0.00,0.00,0.00,0.00,0.00,-1,0,7,0
10300,1,1,-35.049,-31.035,-3.27,-2.89,-3.27,-2.90,INF,-1,0,7,0
10320,1,1,1.967,0.373,0.18,0.03,0.18,0.03,INF,-1,0,7,0
10340,1,1,-0.078,6.614,-0.01,0.62,-0.01,0.62,INF,-1,0,7,0
10360,1,1,-0.287,14.411,-0.03,1.35,-0.03,1.35,INF,-1,0,7,0
10380,1,1,1.127,13.844,0.11,1.29,0.11,1.29,INF,-1,0,7,0
10400,1,1,-0.279,13.287,-0.03,1.24,-0.03,1.24,INF,-1,0,7,0
10420,1,1,2.984,14.822,0.28,1.39,0.28,1.39,INF,-1,0,7,0
10440,1,1,2.096,16.065,0.20,1.50,0.20,1.50,INF,-1,0,7,0
10460,1,1,1.981,14.918,0.19,1.39,0.19,1.39,INF,-1,0,7,0
10480,1,1,3.242,18.224,0.30,1.70,0.30,1.70,INF,-1,0,7,0
10500,1,1,3.852,17.215,0.36,1.61,0.36,1.61,INF,-1,0,7,0
10520,1,1,0.663,15.927,0.06,1.49,0.06,1.49,INF,-1,0,7,0
10540,1,1,-6.188,13.349,-0.58,1.25,-0.58,1.25,INF,-1,0,7,0
10560,1,1,-4.252,11.447,-0.40,1.07,-0.40,1.07,INF,-1,0,7,0
10580,1,1,-3.982,11.629,-0.37,1.09,-0.37,1.09,INF,-1,0,7,0
10600,1,1,-2.096,14.135,-0.20,1.32,-0.20,1.32,INF,-1,1,7,0
10620,1,1,-2.537,14.531,-0.24,1.36,-0.24,1.36,INF,-1,1,7,0
10640,1,1,-2.274,12.882,-0.21,1.20,-0.21,1.20,INF,-1,1,7,0
10660,1,1,-2.815,14.492,-0.26,1.35,-0.26,1.35,INF,-1,1,7,0
10680,1,1,-1.089,12.785,-0.10,1.19,-0.10,1.19,INF,-1,1,7,0
10700,1,1,0.741,15.187,0.07,1.42,0.07,1.42,INF,-1,1,7,0
10720,1,1,-1.613,14.057,-0.15,1.31,-0.15,1.31,INF,-1,1,7,0
10740,1,1,1.542,12.478,0.14,1.17,0.14,1.17,INF,-1,1,7,0
10760,1,1,1.724,14.648,0.16,1.37,0.16,1.37,INF,-1,1,7,0
10780,1,1,2.103,11.903,0.20,1.11,0.20,1.11,INF,-1,1,7,0
10800,1,1,1.398,13.037,0.13,1.22,0.13,1.22,INF,-1,1,7,0
10820,1,1,0.964,10.568,0.09,0.99,0.09,0.99,INF,-1,1,7,0
10840,1,1,1.725,9.679,0.16,0.90,0.16,0.90,INF,-1,1,7,0
10860,1,1,1.693,8.221,0.16,0.77,0.16,0.77,INF,-1,1,7,0
10880,1,1,2.498,8.065,0.23,0.75,0.23,0.75,INF,-1,1,7,0
10900,1,1,2.719,8.915,0.25,0.83,0.25,0.83,INF,-1,1,7,0
10920,1,1,-0.384,2.592,-0.04,0.24,-0.04,0.24,INF,-1,1,7,0
10940,1,1,-4.855,2.184,-0.45,0.20,-0.45,0.20,INF,-1,1,7,0
10960,1,1,-4.645,0.272,-0.43,0.03,-0.43,0.03,INF,-1,0,7,0
10980,1,1,-3.542,0.885,-0.33,0.08,-0.33,0.08,INF,-1,0,7,0
11000,1,1,-2.008,-3.209,-0.19,-0.30,-0.19,-0.30,INF,-1,0,7,0
11020,1,1,-3.604,-1.105,-0.34,-0.10,-0.34,-0.10,INF,-1,0,7,0
11040,1,1,-5.978,-0.535,-0.56,-0.05,-0.56,-0.05,INF,-1,0,7,0
11060,1,1,-9.610,-1.457,-0.90,-0.14,-0.90,-0.14,INF,-1,0,7,0
11080,1,1,-8.459,-6.441,-0.79,-0.60,-0.79,-0.60,INF,-1,0,7,0
11100,1,1,-3.324,-6.776,-0.31,-0.63,-0.31,-0.63,INF,-1,0,7,0
11120,0,1,0.000,0.000,0.00,0.00,0.00,0.00,0.00,-1,0,7,0
11140,0,1,0.000,0.000,0.00,0.00,0.00,0.00,0.00,-1,0,7,0
11160,0,1,0.000,0.000,0.00,0.00,0.00,0.00,0.00,-1,0,7,0
11180,0,1,0.000,0.000,0.00,0.00,0.00,0.00,0.00,-1,0,7,0
11200,0,1,0.000,0.000,0.00,0.00,0.00,0.00,0.00,-1,0,7,0
11220,0,1,0.000,0.000,0.00,0.00,0.00,0.00,0.00,-1,0,7,0
11240,0,1,0.000,0.000,0.00,0.00,0.00,0.00,INF,-1,0,7,0
11260,0,1,0.000,0.000,0.00,0.00,0.00,0.00,0.00,-1,0,7,0
11280,0,1,0.000,0.000,0.00,0.00,0.00,0.00,0.00,-1,0,7,0
11300,0,1,0.000,0.000,0.00,0.00,0.00,0.00,0.00,-1,0,7,0
11320,0,1,0.000,0.000,0.00,0.00,0.00,0.00,0.00,-1,0,7,0
11340,0,1,0.000,0.000,0.00,0.00,0.00,0.00,0.00,-1,0,7,0
11360,0,1,0.000,0.000,0.00,0.00,0.00,0.00,0.00,-1,0,7,0
11380,0,1,0.000,0.000,0.00,0.00,0.00,0.00,0.00,-1,0,7,0
11400,0,1,0.000,0.000,0.00,0.00,0.00,0.00,0.00,-1,0,7,0
11420,0,1,0.000,0.000,0.00,0.00,0.00,0.00,0.00,-1,0,7,0
11440,0,1,0.000,0.000,0.00,0.00,0.00,0.00,0.00,-1,0,7,0
11460,0,1,0.000,0.000,0.00,0.00,0.00,0.00,0.00,-1,0,7,0
11480,0,1,0.000,0.000,0.00,0.00,0.00,0.00,0.00,-1,0,7,0
11500,0,1,0.000,0.000,0.00,0.00,0.00,0.00,0.00,-1,0,7,0
11520,0,1,0.000,0.000,0.00,0.00,0.00,0.00,0.00,-1,0,7,0
11540,0,1,0.000,0.000,0.00,0.00,0.00,0.00,0.00,-1,0,7,0
11560,0,1,0.000,0.000,0.00,0.00,0.00,0.00,0.00,-1,0,7,0
11580,0,1,0.000,0.000,0.00,0.00,0.00,0.00,0.00,-1,0,7,0
11600,0,1,0.000,0.000,0.00,0.00,0.00,0.00,0.00,-1,0,7,0
11620,0,1,0.000,0.000,0.00,0.00,0.00,0.00,0.00,-1,0,7,0
11640,0,1,0.000,0.000,0.00,0.00,0.00,0.00,0.00,-1,0,7,0
11660,0,1,0.000,0.000,0.00,0.00,0.00,0.00,0.00,-1,0,7,0
11680,0,1,0.000,0.000,0.00,0.00,0.00,0.00,0.00,-1,0,7,0
11700,0,1,0.000,0.000,0.00,0.00,0.00,0.00,0.00,-1,0,7,0
11720,0,1,0.000,0.000,0.00,0.00,0.00,0.00,0.00,-1,0,7,0
11740,0,1,0.000,0.000,0.00,0.00,0.00,0.00,0.00,-1,0,7,0
11760,0,1,0.000,0.000,0.00,0.00,0.00,0.00,0.00,-1,0,7,0
11780,0,1,0.000,0.000,0.00,0.00,0.00,0.00,0.00,-1,0,7,0
11800,0,1,0.000,0.000,0.00,0.00,0.00,0.00,0.00,-1,0,7,0
11820,0,1,0.000,0.000,0.00,0.00,0.00,0.00,0.00,-1,0,7,0
11840,0,1,0.000,0.000,0.00,0.00,0.00,0.00,0.00,-1,0,7,0
11860,0,1,0.000,0.000,0.00,0.00,0.00,0.00,0.00,-1,0,7,0
11880,0,1,0.000,0.000,0.00,0.00,0.00,0.00,0.00,-1,0,7,0
11900,0,1,0.000,0.000,0.00,0.00,0.00,0.00,0.00,-1,0,7,0
11920,0,1,0.000,0.000,0.00,0.00,0.00,0.00,0.00,-1,0,7,0
11940,0,1,0.000,0.000,0.00,0.00,0.00,0.00,0.00,-1,0,7,0
11960,0,1,0.000,0.000,0.00,0.00,0.00,0.00,0.00,-1,0,7,0
11980,0,1,0.000,0.000,0.00,0.00,0.00,0.00,0.00,-1,0,7,0
12000,0,1,0.000,0.000,0.00,0.00,0.00,0.00,0.00,-1,0,7,0
12020,0,1,0.000,0.000,0.00,0.00,0.00,0.00,0.00,-1,0,7,0
12040,0,1,0.000,0.000,0.00,0.00,0.00,0.00,0.00,-1,0,7,0
12060,0,1,0.000,0.000,0.00,0.00,0.00,0.00,0.00,-1,0,7,0
12080,0,1,0.000,0.000,0.00,0.00,0.00,0.00,0.00,-1,0,7,0
12100,0,1,0.000,0.000,0.00,0.00,0.00,0.00,0.00,-1,0,7,0
12120,0,1,0.000,0.000,0.00,0.00,0.00,0.00,0.00,-1,0,7,0
12140,0,1,0.000,0.000,0.00,0.00,0.00,0.00,0.00,-1,0,7,0
12160,0,1,0.000,0.000,0.00,0.00,0.00,0.00,0.00,-1,0,7,0
12180,0,1,0.000,0.000,0.00,0.00,0.00,0.00,0.00,-1,0,7,0
12200,0,1,0.000,0.000,0.00,0.00,0.00,0.00,0.00,-1,0,7,0
12220,0,1,0.000,0.000,0.00,0.00,0.00,0.00,0.00,-1,0,7,0
12240,0,1,0.000,0.000,0.00,0.00,0.00,0.00,0.00,-1,0,7,0
12260,0,1,0.000,0.000,0.00,0.00,0.00,0.00,0.00,-1,0,7,0
12280,0,1,0.000,0.000,0.00,0.00,0.00,0.00,0.00,-1,0,7,0
12300,0,1,0.000,0.000,0.00,0.00,0.00,0.00,0.00,-1,0,7,0
12320,0,1,0.000,0.000,0.00,0.00,0.00,0.00,0.00,-1,0,7,0
12340,0,1,0.000,0.000,0.00,0.00,0.00,0.00,0.00,-1,0,7,0
12360,0,1,0.000,0.000,0.00,0.00,0.00,0.00,0.00,-1,0,7,0
12380,0,1,0.000,0.000,0.00,0.00,0.00,0.00,0.00,-1,0,7,0
12400,0,1,0.000,0.000,0.00,0.00,0.00,0.00,0.00,-1,0,7,0
12420,0,1,0.000,0.000,0.00,0.00,0.00,0.00,0.00,-1,0,7,0
12440,0,1,0.000,0.000,0.00,0.00,0.00,0.00,0.00,-1,0,7,0
12460,0,1,0.000,0.000,0.00,0.00,0.00,0.00,0.00,-1,0,7,0
12480,0,1,0.000,0.000,0.00,0.00,0.00,0.00,0.00,-1,0,7,0
12500,0,1,0.000,0.000,0.00,0.00,0.00,0.00,0.00,-1,0,7,0
12520,0,1,0.000,0.000,0.00,0.00,0.00,0.00,0.00,-1,0,7,0
12540,0,1,0.000,0.000,0.00,0.00,0.00,0.00,0.00,-1,0,7,0
12560,0,1,0.000,0.000,0.00,0.00,0.00,0.00,0.00,-1,0,7,0
12580,0,1,0.000,0.000,0.00,0.00,0.00,0.00,0.00,-1,0,7,0
12600,0,1,0.000,0.000,0.00,0.00,0.00,0.00,0.00,-1,0,7,0
12620,0,1,0.000,0.000,0.00,0.00,0.00,0.00,0.00,-1,0,7,0
12640,0,1,0.000,0.000,0.00,0.00,0.00,0.00,0.00,-1,0,7,0
12660,0,1,0.000,0.000,0.00,0.00,0.00,0.00,0.00,-1,0,7,0
12680,0,1,0.000,0.000,0.00,0.00,0.00,0.00,0.00,-1,0,7,0
12700,0,1,0.000,0.000,0.00,0.00,0.00,0.00,0.00,-1,0,7,0
12720,0,1,0.000,0.000,0.00,0.00,0.00,0.00,0.00,-1,0,7,0
12740,0,1,0.000,0.000,0.00,0.00,0.00,0.00,0.00,-1,0,7,0
12760,0,1,0.000,0.000,0.00,0.00,0.00,0.00,0.00,-1,0,7,0
12780,0,1,0.000,0.000,0.00,0.00,0.00,0.00,0.00,-1,0,7,0
12800,0,1,0.000,0.000,0.00,0.00,0.00,0.00,0.00,-1,0,7,0
12820,0,1,0.000,0.000,0.00,0.00,0.00,0.00,0.00,-1,0,7,0
12840,0,1,0.000,0.000,0.00,0.00,0.00,0.00,0.00,-1,0,7,0
12860,0,1,0.000,0.000,0.00,0.00,0.00,0.00,0.00,-1,0,7,0
12880,1,1,-0.226,18.869,-0.02,1.76,-0.02,1.76,INF,-1,0,7,0
12900,1,1,-0.048,19.610,0.00,1.83,0.00,1.83,INF,-1,0,7,0
12920,1,1,-0.545,17.599,-0.05,1.64,-0.05,1.64,INF,-1,0,7,0
12940,1,1,0.121,16.878,0.01,1.58,0.01,1.58,INF,-1,0,7,0
12960,1,1,0.590,17.966,0.06,1.68,0.06,1.68,INF,-1,0,7,0
12980,1,1,-6.753,17.694,-0.63,1.65,-0.63,1.65,INF,-1,0,7,0
13000,1,1,-8.806,17.722,-0.82,1.66,-0.82,1.66,INF,-1,0,7,0
13020,1,1,-6.733,18.069,-0.63,1.69,-0.63,1.69,INF,-1,0,7,0
13040,1,1,-7.845,18.805,-0.73,1.76,-0.73,1.76,INF,-1,0,7,0
13060,1,1,-6.932,18.421,-0.65,1.72,-0.65,1.72,INF,-1,0,7,0
13080,1,1,-6.811,18.831,-0.64,1.76,-0.64,1.76,INF,-1,0,7,0
13100,1,1,-7.274,17.073,-0.68,1.60,-0.68,1.60,INF,-1,0,7,0
13120,1,1,-6.284,20.232,-0.59,1.89,-0.59,1.89,INF,-1,0,7,0
13140,1,1,-5.315,18.235,-0.50,1.70,-0.50,1.70,INF,-1,0,7,0
13160,1,1,-6.295,18.672,-0.59,1.74,-0.59,1.74,INF,-1,1,7,0
13180,1,1,-6.952,18.750,-0.65,1.75,-0.65,1.75,INF,-1,1,7,0
13200,1,1,-7.561,18.783,-0.71,1.75,-0.71,1.76,INF,-1,1,7,0
13220,1,1,-2.913,18.644,-0.27,1.74,-0.27,1.74,INF,-1,1,7,0
13240,1,1,-0.585,18.759,-0.05,1.75,-0.05,1.75,INF,-1,1,7,0
13260,1,1,-1.685,16.769,-0.16,1.57,-0.16,1.57,INF,-1,1,7,0
13280,1,1,-1.373,16.455,-0.13,1.54,-0.13,1.54,INF,-1,1,7,0
13300,1,1,-0.817,17.342,-0.08,1.62,-0.08,1.62,INF,-1,1,7,0
13320,1,1,-1.557,17.491,-0.15,1.63,-0.15,1.63,INF,-1,1,7,0
13340,1,1,-0.491,18.969,-0.05,1.77,-0.05,1.77,INF,-1,1,7,0
13360,1,1,-1.170,15.731,-0.11,1.47,-0.11,1.47,INF,-1,1,7,0
13380,1,1,-1.705,16.261,-0.16,1.52,-0.16,1.52,INF,-1,1,7,0
13400,1,1,-0.949,16.831,-0.09,1.57,-0.09,1.57,INF,-1,1,7,0
13420,1,1,-1.218,15.953,-0.11,1.49,-0.11,1.49,INF,-1,1,7,0
13440,1,1,-0.745,15.251,-0.07,1.43,-0.07,1.43,INF,-1,1,7,0
13460,1,1,-0.619,17.371,-0.06,1.62,-0.06,1.62,INF,-1,1,7,0
13480,1,1,0.051,16.735,0.00,1.56,0.00,1.56,INF,-1,1,7,0
13500,1,1,-0.232,15.760,-0.02,1.47,-0.02,1.47,INF,-1,1,7,0
13520,1,1,-0.549,16.267,-0.05,1.52,-0.05,1.52,INF,-1,1,7,0
13540,1,1,2.946,20.545,0.28,1.92,0.28,1.92,INF,-1,1,7,0
13560,1,1,2.350,22.048,0.22,2.06,0.22,2.06,INF,-1,1,7,0
13580,1,1,3.641,22.694,0.34,2.12,0.34,2.12,INF,-1,1,7,0
13600,1,1,1.988,22.207,0.19,2.07,0.19,2.07,INF,-1,1,7,0
13620,1,1,3.011,22.305,0.28,2.08,0.28,2.08,INF,-1,1,7,0
13640,1,1,3.428,22.621,0.32,2.11,0.32,2.11,INF,-1,1,7,0
13660,1,1,3.959,23.178,0.37,2.17,0.37,2.17,INF,-1,1,7,0
13680,1,1,2.527,22.681,0.24,2.12,0.24,2.12,INF,-1,1,7,0
13700,1,1,2.974,21.622,0.28,2.02,0.28,2.02,INF,-1,1,7,0
13720,1,1,4.447,20.802,0.42,1.94,0.42,1.94,INF,-1,1,7,0
13740,1,1,3.672,21.928,0.34,2.05,0.34,2.05,INF,-1,1,7,0
13760,1,1,3.890,21.958,0.36,2.05,0.36,2.05,INF,-1,1,7,0
13780,1,1,4.514,20.972,0.42,1.96,0.42,1.96,INF,-1,1,7,0
13800,1,1,4.648,20.263,0.43,1.89,0.43,1.89,INF,-1,1,7,0
13820,1,1,-9.583,21.611,-0.90,2.02,-0.90,2.02,INF,-1,1,7,0
13840,1,1,-8.257,21.083,-0.77,1.97,-0.77,1.97,INF,-1,1,7,0
13860,1,1,-8.212,21.257,-0.77,1.99,-0.77,1.99,INF,-1,1,7,0
13880,1,1,-7.640,19.922,-0.71,1.86,-0.71,1.86,INF,-1,1,7,0
13900,1,1,-8.079,19.891,-0.76,1.86,-0.75,1.86,INF,-1,1,7,0
13920,1,1,-7.227,21.470,-0.68,2.01,-0.68,2.01,INF,-1,1,7,0
13940,1,1,-7.112,20.926,-0.66,1.96,-0.66,1.96,INF,-1,1,7,0
13960,1,1,-8.636,21.293,-0.81,1.99,-0.81,1.99,INF,-1,1,7,0
13980,1,1,-6.240,20.568,-0.58,1.92,-0.58,1.92,INF,-1,1,7,0
14000,1,1,-7.658,19.895,-0.72,1.86,-0.72,1.86,INF,-1,1,7,0
14020,1,1,-5.916,19.893,-0.55,1.86,-0.55,1.86,INF,-1,1,7,0
14040,1,1,-7.151,19.516,-0.67,1.82,-0.67,1.82,INF,-1,1,7,0
14060,1,1,-1.331,21.063,-0.12,1.97,-0.12,1.97,INF,-1,1,7,0
14080,1,1,-2.451,20.272,-0.23,1.89,-0.23,1.89,INF,-1,1,7,0
14100,1,1,-1.419,21.087,-0.13,1.97,-0.13,1.97,INF,-1,1,7,0
14120,1,1,-0.250,20.197,-0.02,1.89,-0.02,1.89,INF,-1,1,7,0
14140,1,1,-1.437,19.520,-0.13,1.82,-0.13,1.82,INF,-1,1,7,0
14160,1,1,-0.523,19.045,-0.05,1.78,-0.05,1.78,INF,-1,1,7,0
14180,1,1,-0.017,20.158,0.00,1.88,0.00,1.88,INF,-1,1,7,0
14200,1,1,-0.355,18.872,-0.03,1.76,-0.03,1.76,INF,-1,1,7,0
14220,1,1,-0.448,19.379,-0.04,1.81,-0.04,1.81,INF,-1,1,7,0
14240,1,1,-1.143,19.255,-0.11,1.80,-0.11,1.80,INF,-1,1,7,0
14260,1,1,-0.237,19.332,-0.02,1.81,-0.02,1.81,INF,-1,1,7,0
14280,1,1,-1.321,19.842,-0.12,1.85,-0.12,1.85,INF,-1,1,7,0
14300,1,1,-0.735,18.828,-0.07,1.76,-0.07,1.76,INF,-1,1,7,0
14320,1,1,-0.565,20.340,-0.05,1.90,-0.05,1.90,INF,-1,1,7,0
14340,1,1,-0.554,18.573,-0.05,1.74,-0.05,1.74,INF,-1,1,7,0
14360,1,1,0.599,17.637,0.06,1.65,0.06,1.65,INF,-1,1,7,0
14380,1,1,1.509,19.389,0.14,1.81,0.14,1.81,INF,-1,1,7,0
14400,1,1,-0.489,17.890,-0.05,1.67,-0.05,1.67,INF,-1,1,7,0
14420,1,1,-1.072,18.223,-0.10,1.70,-0.10,1.70,INF,-1,1,7,0
14440,1,1,0.725,18.868,0.07,1.76,0.07,1.76,INF,-1,1,7,0
14460,1,1,-0.348,18.847,-0.03,1.76,-0.03,1.76,INF,-1,1,7,0
14480,1,1,-0.112,18.158,-0.01,1.70,-0.01,1.70,INF,-1,1,7,0
14500,1,1,-1.607,17.828,-0.15,1.67,-0.15,1.67,INF,-1,1,7,0
14520,1,1,-0.134,17.363,-0.01,1.62,-0.01,1.62,INF,-1,1,7,0
14540,1,1,-9.840,-7.764,-0.92,-0.73,-0.92,-0.73,INF,-1,1,7,0
14560,1,1,-4.742,-8.500,-0.44,-0.79,-0.44,-0.79,INF,-1,1,7,0
14580,1,1,-4.901,-6.871,-0.46,-0.64,-0.46,-0.64,INF,-1,0,7,0
14600,1,1,-4.724,-7.186,-0.44,-0.67,-0.44,-0.67,INF,-1,0,7,0
14620,1,1,-3.640,-7.562,-0.34,-0.71,-0.34,-0.71,INF,-1,0,7,0
14640,1,1,-4.661,-6.332,-0.44,-0.59,-0.44,-0.59,INF,-1,0,7,0
14660,1,1,-4.976,-7.324,-0.47,-0.68,-0.47,-0.68,INF,-1,0,7,0
14680,1,1,-4.358,-7.852,-0.41,-0.73,-0.41,-0.73,INF,-1,0,7,0
14700,1,1,-3.776,-8.154,-0.35,-0.76,-0.35,-0.76,INF,-1,0,7,0
14720,1,1,-4.939,-7.163,-0.46,-0.67,-0.46,-0.67,INF,-1,0,7,0
14740,1,1,-4.501,-8.229,-0.42,-0.77,-0.42,-0.77,INF,-1,0,7,0
14760,1,1,-4.329,-8.525,-0.40,-0.80,-0.40,-0.80,INF,-1,0,7,0
14780,1,1,-3.956,-8.827,-0.37,-0.82,-0.37,-0.83,INF,-1,0,7,0
14800,1,1,-3.809,-8.112,-0.36,-0.76,-0.36,-0.76,INF,-1,0,7,0
14820,1,1,-4.135,-7.588,-0.39,-0.71,-0.39,-0.71,INF,-1,1,7,0
14840,1,1,2.323,-11.866,0.22,-1.11,0.22,-1.11,INF,-1,1,7,0
14860,1,1,0.211,-13.569,0.02,-1.27,0.02,-1.27,INF,-1,1,7,0
14880,1,1,0.606,-13.259,0.06,-1.24,0.06,-1.24,INF,-1,1,7,0
14900,1,1,1.210,-13.164,0.11,-1.23,0.11,-1.23,INF,-1,1,7,0
14920,1,1,0.747,-12.918,0.07,-1.21,0.07,-1.21,INF,-1,1,7,0
14940,1,1,1.523,-13.649,0.14,-1.28,0.14,-1.28,INF,-1,1,7,0
14960,1,1,1.681,-12.529,0.16,-1.17,0.16,-1.17,INF,-1,1,7,0
14980,1,1,1.367,-13.901,0.13,-1.30,0.13,-1.30,INF,-1,1,7,0
15000,1,1,1.623,-13.304,0.15,-1.24,0.15,-1.24,INF,-1,1,7,0
15020,1,1,2.320,-13.765,0.22,-1.29,0.22,-1.29,INF,-1,1,7,0
