"EyeTracker Toolbox version","3.250"
CalibrationParameters_A11,1.13587
CalibrationParameters_A12,0.05884
CalibrationParameters_A13,0.03584
CalibrationParameters_A21,0.01115
CalibrationParameters_A22,-1.18264
CalibrationParameters_A23,0.02354
CalibrationParameters_A31,0.00068
CalibrationParameters_A32,0.00039
CalibrationParameters_E11,-0.18001
CalibrationParameters_E12,0.00007
CalibrationParameters_E21,-0.00009
CalibrationParameters_E22,0.19989
CalibrationParameters_X,25.23719
CalibrationParameters_Y,45.72708
CalibrationParameters_Rpc,84.16130
CalibrationParameters_MeanX,135.99960
CalibrationParameters_MeanY,160.23860
CalibrationParameters_ViewDist,613.00000
TimeStamp,Tracked,Calibrated,ScreenPositionXmm,ScreenPositionYmm,FicksLongitude,FicksLatitude,HelmholtzAzimuth,HelmholtzElevation,PupilDiameter,Region,Fixation,DigitalIO,Dropped
0,1,1,-83.556,36.646,-7.76,3.39,-7.75,3.42,INF,-1,0,7,0
20,1,1,-80.986,36.431,-7.53,3.37,-7.51,3.40,INF,-1,0,7,0
40,1,1,-82.137,36.854,-7.63,3.41,-7.62,3.44,INF,-1,0,7,0
60,1,1,-80.712,38.112,-7.50,3.53,-7.49,3.56,INF,-1,0,7,0
80,1,1,-79.971,37.654,-7.43,3.49,-7.42,3.51,INF,-1,0,7,0
100,1,1,-79.312,38.212,-7.37,3.54,-7.36,3.57,INF,-1,0,7,0
120,1,1,-79.618,37.438,-7.40,3.47,-7.39,3.49,INF,-1,0,7,0
140,1,1,-78.178,37.589,-7.27,3.48,-7.25,3.51,INF,-1,0,7,0
160,1,1,-80.148,38.886,-7.45,3.60,-7.43,3.63,INF,-1,0,7,0
180,1,1,-81.265,37.515,-7.55,3.47,-7.54,3.50,INF,-1,0,7,0
200,1,1,-79.862,37.498,-7.42,3.47,-7.41,3.50,INF,-1,0,7,0
220,1,1,-55.422,22.164,-5.17,2.06,-5.16,2.07,INF,-1,0,7,0
240,1,1,-29.299,9.730,-2.74,0.91,-2.74,0.91,INF,-1,0,7,0
260,1,1,-31.016,9.600,-2.90,0.90,-2.90,0.90,INF,-1,0,7,0
280,1,1,-33.094,11.260,-3.09,1.05,-3.09,1.05,INF,-1,0,7,0
300,1,1,-32.724,10.658,-3.06,0.99,-3.06,1.00,INF,-1,0,7,0
320,1,1,-33.447,10.198,-3.12,0.95,-3.12,0.95,INF,-1,0,7,0
340,1,1,-32.896,11.946,-3.07,1.11,-3.07,1.12,INF,-1,0,7,0
360,1,1,-32.299,10.287,-3.02,0.96,-3.02,0.96,INF,-1,0,7,0
380,1,1,-31.911,10.420,-2.98,0.97,-2.98,0.97,INF,-1,0,7,0
400,1,1,-33.573,9.285,-3.13,0.87,-3.13,0.87,INF,-1,0,7,0
420,1,1,-32.481,9.569,-3.03,0.89,-3.03,0.89,INF,-1,0,7,0
440,1,1,-32.873,8.534,-3.07,0.80,-3.07,0.80,INF,-1,0,7,0
460,1,1,-32.462,7.807,-3.03,0.73,-3.03,0.73,INF,-1,0,7,0
480,1,1,-32.312,8.066,-3.02,0.75,-3.02,0.75,INF,-1,0,7,0
500,1,1,-33.337,7.334,-3.11,0.68,-3.11,0.69,INF,-1,1,7,0
520,1,1,-33.835,7.838,-3.16,0.73,-3.16,0.73,INF,-1,1,7,0
540,1,1,-18.850,3.896,-1.76,0.36,-1.76,0.36,INF,-1,1,7,0
560,1,1,-16.974,3.663,-1.59,0.34,-1.59,0.34,INF,-1,1,7,0
580,1,1,-18.115,3.085,-1.69,0.29,-1.69,0.29,INF,-1,0,7,0
600,1,1,-18.489,3.641,-1.73,0.34,-1.73,0.34,INF,-1,0,7,0
620,1,1,-18.612,3.334,-1.74,0.31,-1.74,0.31,INF,-1,0,7,0
640,1,1,-19.060,2.630,-1.78,0.25,-1.78,0.25,INF,-1,0,7,0
660,1,1,-17.629,2.525,-1.65,0.24,-1.65,0.24,INF,-1,0,7,0
680,1,1,-17.449,3.014,-1.63,0.28,-1.63,0.28,INF,-1,0,7,0
700,1,1,-17.033,3.139,-1.59,0.29,-1.59,0.29,INF,-1,0,7,0
720,1,1,-18.060,3.461,-1.69,0.32,-1.69,0.32,INF,-1,0,7,0
740,1,1,-17.310,3.770,-1.62,0.35,-1.62,0.35,INF,-1,0,7,0
760,1,1,-17.631,3.206,-1.65,0.30,-1.65,0.30,INF,-1,0,7,0
780,1,1,-17.718,3.539,-1.66,0.33,-1.66,0.33,INF,-1,0,7,0
800,1,1,-17.196,1.824,-1.61,0.17,-1.61,0.17,INF,-1,0,7,0
820,1,1,-16.229,3.119,-1.52,0.29,-1.52,0.29,INF,-1,1,7,0
840,1,1,-20.644,2.961,-1.93,0.28,-1.93,0.28,INF,-1,1,7,0
860,1,1,-41.681,7.618,-3.89,0.71,-3.89,0.71,INF,-1,1,7,0
880,1,1,-41.345,8.522,-3.86,0.79,-3.86,0.80,INF,-1,1,7,0
900,1,1,-42.727,8.683,-3.99,0.81,-3.99,0.81,INF,-1,0,7,0
920,1,1,-42.531,7.595,-3.97,0.71,-3.97,0.71,INF,-1,0,7,0
940,1,1,-41.550,8.307,-3.88,0.77,-3.88,0.78,INF,-1,0,7,0
960,1,1,-42.301,9.375,-3.95,0.87,-3.95,0.88,INF,-1,0,7,0
980,1,1,-41.472,9.091,-3.87,0.85,-3.87,0.85,INF,-1,0,7,0
1000,1,1,-40.946,7.631,-3.82,0.71,-3.82,0.71,INF,-1,0,7,0
1020,1,1,-41.241,7.867,-3.85,0.73,-3.85,0.74,INF,-1,0,7,0
1040,1,1,-41.735,8.547,-3.89,0.80,-3.89,0.80,INF,-1,0,7,0
1060,1,1,-41.575,7.680,-3.88,0.72,-3.88,0.72,INF,-1,0,7,0
1080,1,1,-44.944,8.902,-4.19,0.83,-4.19,0.83,INF,-1,0,7,0
1100,1,1,-55.359,9.699,-5.16,0.90,-5.16,0.91,INF,-1,0,7,0
1120,1,1,-55.188,8.153,-5.14,0.76,-5.14,0.76,INF,-1,0,7,0
1140,1,1,-54.391,8.823,-5.07,0.82,-5.07,0.82,INF,-1,1,7,0
1160,1,1,-54.725,8.978,-5.10,0.84,-5.10,0.84,INF,-1,1,7,0
1180,1,1,-55.427,10.130,-5.17,0.94,-5.17,0.95,INF,-1,1,7,0
1200,1,1,-54.960,8.114,-5.12,0.76,-5.12,0.76,INF,-1,0,7,0
1220,1,1,-54.503,8.883,-5.08,0.83,-5.08,0.83,INF,-1,0,7,0
1240,1,1,-54.138,9.113,-5.05,0.85,-5.05,0.85,INF,-1,0,7,0
1260,1,1,-54.737,7.761,-5.10,0.72,-5.10,0.73,INF,-1,0,7,0
1280,1,1,-53.294,8.600,-4.97,0.80,-4.97,0.80,INF,-1,0,7,0
1300,1,1,-55.207,8.010,-5.15,0.75,-5.15,0.75,INF,-1,0,7,0
1320,1,1,-54.767,7.955,-5.11,0.74,-5.10,0.74,INF,-1,0,7,0
1340,1,1,-53.576,8.476,-4.99,0.79,-4.99,0.79,INF,-1,0,7,0
1360,1,1,-54.291,7.631,-5.06,0.71,-5.06,0.71,INF,-1,0,7,0
1380,1,1,-53.485,7.525,-4.99,0.70,-4.99,0.70,INF,-1,0,7,0
1400,1,1,-49.724,7.321,-4.64,0.68,-4.64,0.68,INF,-1,0,7,0
1420,1,1,-20.458,8.205,-1.91,0.77,-1.91,0.77,INF,-1,0,7,0
1440,1,1,-11.902,9.130,-1.11,0.85,-1.11,0.85,INF,-1,1,7,0
1460,1,1,-11.402,6.730,-1.07,0.63,-1.07,0.63,INF,-1,0,7,0
1480,1,1,-11.362,7.825,-1.06,0.73,-1.06,0.73,INF,-1,0,7,0
1500,1,1,-11.673,8.231,-1.09,0.77,-1.09,0.77,INF,-1,0,7,0
1520,1,1,-11.091,6.651,-1.04,0.62,-1.04,0.62,INF,-1,0,7,0
1540,1,1,-11.590,8.084,-1.08,0.76,-1.08,0.76,INF,-1,0,7,0
1560,1,1,-12.927,7.431,-1.21,0.69,-1.21,0.69,INF,-1,0,7,0
1580,1,1,-12.176,7.217,-1.14,0.67,-1.14,0.67,INF,-1,0,7,0
1600,1,1,-11.765,6.945,-1.10,0.65,-1.10,0.65,INF,-1,0,7,0
1620,1,1,-11.059,7.476,-1.03,0.70,-1.03,0.70,INF,-1,0,7,0
1640,1,1,-11.105,6.737,-1.04,0.63,-1.04,0.63,INF,-1,0,7,0
1660,1,1,-12.641,6.965,-1.18,0.65,-1.18,0.65,INF,-1,0,7,0
1680,1,1,-11.762,6.512,-1.10,0.61,-1.10,0.61,INF,-1,0,7,0
1700,1,1,-12.514,5.025,-1.17,0.47,-1.17,0.47,INF,-1,1,7,0
1720,1,1,-12.215,5.820,-1.14,0.54,-1.14,0.54,INF,-1,1,7,0
1740,1,1,-12.471,4.828,-1.17,0.45,-1.17,0.45,INF,-1,1,7,0
1760,1,1,-12.872,5.712,-1.20,0.53,-1.20,0.53,INF,-1,1,7,0
1780,1,1,-13.307,5.709,-1.24,0.53,-1.24,0.53,INF,-1,1,7,0
1800,1,1,-11.531,5.441,-1.08,0.51,-1.08,0.51,INF,-1,1,7,0
1820,1,1,-12.644,6.026,-1.18,0.56,-1.18,0.56,INF,-1,1,7,0
1840,1,1,-10.604,5.594,-0.99,0.52,-0.99,0.52,INF,-1,1,7,0
1860,1,1,15.052,5.665,1.41,0.53,1.41,0.53,INF,-1,1,7,0
1880,1,1,18.436,5.626,1.72,0.53,1.72,0.53,INF,-1,1,7,0
1900,1,1,19.061,4.619,1.78,0.43,1.78,0.43,INF,-1,0,7,0
1920,1,1,19.178,4.307,1.79,0.40,1.79,0.40,INF,-1,0,7,0
1940,1,1,18.248,4.047,1.71,0.38,1.71,0.38,INF,-1,0,7,0
1960,1,1,18.054,3.451,1.69,0.32,1.69,0.32,INF,-1,0,7,0
1980,1,1,16.877,4.792,1.58,0.45,1.58,0.45,INF,-1,0,7,0
2000,1,1,18.478,4.793,1.73,0.45,1.73,0.45,INF,-1,0,7,0
2020,1,1,16.934,4.401,1.58,0.41,1.58,0.41,INF,-1,0,7,0
2040,1,1,18.055,4.703,1.69,0.44,1.69,0.44,INF,-1,0,7,0
2060,1,1,18.156,5.622,1.70,0.53,1.70,0.53,INF,-1,0,7,0
2080,1,1,17.639,5.343,1.65,0.50,1.65,0.50,INF,-1,0,7,0
2100,1,1,18.280,5.384,1.71,0.50,1.71,0.50,INF,-1,0,7,0
2120,1,1,18.309,4.851,1.71,0.45,1.71,0.45,INF,-1,0,7,0
2140,1,1,17.902,4.511,1.67,0.42,1.67,0.42,INF,-1,1,7,0
2160,1,1,17.440,5.602,1.63,0.52,1.63,0.52,INF,-1,1,7,0
2180,1,1,17.178,6.505,1.61,0.61,1.61,0.61,INF,-1,1,7,0
2200,1,1,15.446,4.989,1.44,0.47,1.44,0.47,INF,-1,1,7,0
2220,1,1,-1.349,12.901,-0.13,1.21,-0.13,1.21,INF,-1,1,7,0
2240,1,1,-3.191,16.831,-0.30,1.57,-0.30,1.57,INF,-1,1,7,0
2260,1,1,-2.474,14.705,-0.23,1.37,-0.23,1.37,INF,-1,0,7,0
2280,1,1,-4.632,16.307,-0.43,1.52,-0.43,1.52,INF,-1,0,7,0
2300,1,1,-3.438,16.042,-0.32,1.50,-0.32,1.50,INF,-1,0,7,0
2320,1,1,-4.267,15.251,-0.40,1.43,-0.40,1.43,INF,-1,0,7,0
2340,1,1,-5.099,14.956,-0.48,1.40,-0.48,1.40,INF,-1,0,7,0
2360,1,1,-5.377,15.790,-0.50,1.48,-0.50,1.48,INF,-1,0,7,0
2380,1,1,-3.452,16.596,-0.32,1.55,-0.32,1.55,INF,-1,0,7,0
2400,1,1,-4.841,14.773,-0.45,1.38,-0.45,1.38,INF,-1,0,7,0
2420,1,1,-5.124,15.113,-0.48,1.41,-0.48,1.41,INF,-1,0,7,0
2440,1,1,-4.379,15.487,-0.41,1.45,-0.41,1.45,INF,-1,0,7,0
2460,1,1,-4.483,16.529,-0.42,1.54,-0.42,1.54,INF,-1,0,7,0
2480,1,1,-4.974,15.007,-0.46,1.40,-0.46,1.40,INF,-1,0,7,0
2500,1,1,-3.849,15.183,-0.36,1.42,-0.36,1.42,INF,-1,1,7,0
2520,1,1,-4.449,14.410,-0.42,1.35,-0.42,1.35,INF,-1,1,7,0
2540,1,1,-19.942,13.035,-1.86,1.22,-1.86,1.22,INF,-1,1,7,0
2560,1,1,-20.236,11.924,-1.89,1.11,-1.89,1.11,INF,-1,1,7,0
2580,1,1,-20.473,11.931,-1.91,1.11,-1.91,1.12,INF,-1,0,7,0
2600,1,1,-20.409,11.679,-1.91,1.09,-1.91,1.09,INF,-1,0,7,0
2620,1,1,-20.285,11.462,-1.90,1.07,-1.89,1.07,INF,-1,0,7,0
2640,1,1,-19.024,9.907,-1.78,0.93,-1.78,0.93,INF,-1,0,7,0
2660,1,1,-21.272,10.553,-1.99,0.99,-1.99,0.99,INF,-1,0,7,0
2680,1,1,-20.469,10.423,-1.91,0.97,-1.91,0.97,INF,-1,0,7,0
2700,1,1,-17.857,16.874,-1.67,1.58,-1.67,1.58,INF,-1,0,7,0
2720,1,1,-7.070,29.351,-0.66,2.74,-0.66,2.74,INF,-1,0,7,0
2740,1,1,-7.931,29.068,-0.74,2.71,-0.74,2.71,INF,-1,0,7,0
2760,1,1,-7.697,29.805,-0.72,2.78,-0.72,2.78,INF,-1,0,7,0
2780,1,1,-8.082,27.925,-0.76,2.61,-0.75,2.61,INF,-1,0,7,0
2800,1,1,-8.234,30.109,-0.77,2.81,-0.77,2.81,INF,-1,0,7,0
2820,1,1,-8.621,28.805,-0.81,2.69,-0.80,2.69,INF,-1,0,7,0
2840,1,1,-9.024,28.001,-0.84,2.62,-0.84,2.62,INF,-1,0,7,0
2860,1,1,-9.052,29.261,-0.85,2.73,-0.85,2.73,INF,-1,1,7,0
2880,1,1,-9.290,29.021,-0.87,2.71,-0.87,2.71,INF,-1,1,7,0
2900,1,1,-7.938,28.743,-0.74,2.68,-0.74,2.68,INF,-1,1,7,0
2920,1,1,-8.801,29.474,-0.82,2.75,-0.82,2.75,INF,-1,1,7,0
2940,1,1,-8.431,28.571,-0.79,2.67,-0.79,2.67,INF,-1,1,7,0
2960,1,1,-8.023,28.630,-0.75,2.67,-0.75,2.67,INF,-1,1,7,0
2980,1,1,-7.827,29.359,-0.73,2.74,-0.73,2.74,INF,-1,1,7,0
3000,1,1,-9.619,28.405,-0.90,2.65,-0.90,2.65,INF,-1,1,7,0
3020,1,1,-8.278,29.226,-0.77,2.73,-0.77,2.73,INF,-1,1,7,0
3040,1,1,-8.630,28.994,-0.81,2.71,-0.81,2.71,INF,-1,1,7,0
3060,1,1,-8.803,29.540,-0.82,2.76,-0.82,2.76,INF,-1,1,7,0
3080,1,1,-9.001,29.611,-0.84,2.77,-0.84,2.77,INF,-1,1,7,0
3100,1,1,-7.238,27.870,-0.68,2.60,-0.68,2.60,INF,-1,1,7,0
3120,1,1,-9.665,28.425,-0.90,2.65,-0.90,2.65,INF,-1,1,7,0
3140,1,1,-10.311,29.374,-0.96,2.74,-0.96,2.74,INF,-1,1,7,0
3160,1,1,-8.667,28.433,-0.81,2.66,-0.81,2.66,INF,-1,1,7,0
3180,1,1,-36.451,-2.274,-3.40,-0.21,-3.40,-0.21,INF,-1,1,7,0
3200,1,1,-35.274,-15.262,-3.29,-1.42,-3.29,-1.43,INF,-1,1,7,0
3220,1,1,-34.699,-14.031,-3.24,-1.31,-3.24,-1.31,INF,-1,0,7,0
3240,1,1,-34.374,-14.408,-3.21,-1.34,-3.21,-1.35,INF,-1,0,7,0
3260,1,1,-34.940,-14.531,-3.26,-1.36,-3.26,-1.36,INF,-1,0,7,0
3280,1,1,-35.243,-14.648,-3.29,-1.37,-3.29,-1.37,INF,-1,0,7,0
3300,1,1,-34.612,-15.233,-3.23,-1.42,-3.23,-1.42,INF,-1,0,7,0
3320,1,1,-35.590,-15.209,-3.32,-1.42,-3.32,-1.42,INF,-1,0,7,0
3340,1,1,-34.652,-16.271,-3.24,-1.52,-3.23,-1.52,INF,-1,0,7,0
3360,1,1,-35.512,-16.100,-3.32,-1.50,-3.31,-1.50,INF,-1,0,7,0
3380,1,1,-46.523,-37.299,-4.34,-3.47,-4.33,-3.48,INF,-1,0,7,0
3400,1,1,-45.127,-41.579,-4.21,-3.87,-4.20,-3.88,INF,-1,0,7,0
3420,1,1,-46.476,-41.949,-4.34,-3.90,-4.33,-3.91,INF,-1,0,7,0
3440,1,1,-45.417,-41.690,-4.24,-3.88,-4.23,-3.89,INF,-1,0,7,0
3460,1,1,-45.231,-41.791,-4.22,-3.89,-4.21,-3.90,INF,-1,0,7,0
3480,1,1,-45.505,-41.970,-4.25,-3.91,-4.24,-3.92,INF,-1,0,7,0
3500,1,1,-46.381,-42.030,-4.33,-3.91,-4.32,-3.92,INF,-1,0,7,0
3520,1,1,-44.678,-42.479,-4.17,-3.95,-4.16,-3.96,INF,-1,0,7,0
3540,1,1,-46.058,-42.389,-4.30,-3.94,-4.29,-3.96,INF,-1,0,7,0
3560,1,1,-45.919,-42.783,-4.28,-3.98,-4.27,-3.99,INF,-1,1,7,0
3580,1,1,-45.025,-41.923,-4.20,-3.90,-4.19,-3.91,INF,-1,1,7,0
3600,1,1,-46.942,-43.714,-4.38,-4.07,-4.37,-4.08,INF,-1,1,7,0
3620,1,1,-45.309,-43.196,-4.23,-4.02,-4.22,-4.03,INF,-1,1,7,0
3640,1,1,-46.431,-44.000,-4.33,-4.09,-4.32,-4.11,INF,-1,0,7,0
3660,1,1,-46.564,-42.780,-4.34,-3.98,-4.33,-3.99,INF,-1,0,7,0
3680,1,1,-45.861,-43.002,-4.28,-4.00,-4.27,-4.01,INF,-1,0,7,0
3700,1,1,-69.120,-30.225,-6.43,-2.81,-6.43,-2.82,INF,-1,0,7,0
3720,1,1,-68.491,-25.039,-6.38,-2.32,-6.37,-2.34,INF,-1,0,7,0
3740,1,1,-68.567,-24.644,-6.38,-2.29,-6.38,-2.30,INF,-1,0,7,0
3760,1,1,-68.649,-26.206,-6.39,-2.43,-6.38,-2.45,INF,-1,0,7,0
3780,1,1,-69.831,-25.454,-6.50,-2.36,-6.49,-2.38,INF,-1,0,7,0
3800,1,1,-68.963,-25.851,-6.42,-2.40,-6.41,-2.41,INF,-1,0,7,0
3820,1,1,-70.547,-26.526,-6.57,-2.46,-6.56,-2.48,INF,-1,0,7,0
3840,1,1,-69.351,-25.870,-6.45,-2.40,-6.45,-2.42,INF,-1,0,7,0
3860,1,1,-69.925,-26.802,-6.51,-2.49,-6.50,-2.50,INF,-1,0,7,0
3880,1,1,-69.668,-25.784,-6.48,-2.39,-6.48,-2.41,INF,-1,0,7,0
3900,1,1,-69.085,-26.439,-6.43,-2.45,-6.42,-2.47,INF,-1,0,7,0
3920,1,1,-70.294,-26.304,-6.54,-2.44,-6.54,-2.46,INF,-1,0,7,0
3940,1,1,-68.823,-25.142,-6.41,-2.33,-6.40,-2.35,INF,-1,0,7,0
3960,1,1,-69.680,-25.843,-6.49,-2.40,-6.48,-2.41,INF,-1,0,7,0
3980,1,1,-68.112,-25.299,-6.34,-2.35,-6.33,-2.36,INF,-1,1,7,0
4000,1,1,-76.626,11.029,-7.13,1.02,-7.12,1.03,INF,-1,1,7,0
4020,1,1,-70.727,20.585,-6.58,1.91,-6.58,1.92,INF,-1,1,7,0
4040,1,1,-71.123,21.830,-6.62,2.03,-6.61,2.04,INF,-1,0,7,0
4060,1,1,-73.657,21.639,-6.85,2.01,-6.85,2.02,INF,-1,0,7,0
4080,1,1,-73.489,22.326,-6.84,2.07,-6.83,2.09,INF,-1,0,7,0
4100,1,1,-72.415,21.414,-6.74,1.99,-6.73,2.00,INF,-1,0,7,0
4120,1,1,-72.751,22.355,-6.77,2.07,-6.76,2.09,INF,-1,0,7,0
4140,1,1,-75.409,22.002,-7.01,2.04,-7.01,2.06,INF,-1,0,7,0
4160,1,1,-72.386,23.875,-6.73,2.22,-6.73,2.23,INF,-1,0,7,0
4180,1,1,-72.424,22.881,-6.74,2.12,-6.73,2.14,INF,-1,0,7,0
4200,1,1,-72.941,23.183,-6.79,2.15,-6.78,2.17,INF,-1,0,7,0
4220,1,1,-71.842,22.913,-6.68,2.13,-6.68,2.14,INF,-1,0,7,0
4240,1,1,-73.034,23.025,-6.79,2.14,-6.79,2.15,INF,-1,0,7,0
4260,1,1,-73.472,22.524,-6.83,2.09,-6.83,2.10,INF,-1,0,7,0
4280,1,1,-72.372,22.238,-6.73,2.06,-6.73,2.08,INF,-1,0,7,0
4300,1,1,-71.852,22.005,-6.69,2.04,-6.68,2.06,INF,-1,1,7,0
4320,1,1,-73.751,22.533,-6.86,2.09,-6.86,2.11,INF,-1,1,7,0
4340,1,1,-72.540,22.738,-6.75,2.11,-6.74,2.12,INF,-1,1,7,0
4360,1,1,-72.427,21.821,-6.74,2.02,-6.73,2.04,INF,-1,1,7,0
4380,1,1,-71.590,21.741,-6.66,2.02,-6.66,2.03,INF,-1,1,7,0
4400,1,1,-72.678,22.012,-6.76,2.04,-6.76,2.06,INF,-1,1,7,0
4420,1,1,-73.202,21.581,-6.81,2.00,-6.81,2.02,INF,-1,1,7,0
4440,1,1,-72.647,20.327,-6.76,1.89,-6.75,1.90,INF,-1,1,7,0
4460,1,1,-6.259,28.792,-0.58,2.69,-0.58,2.69,INF,-1,1,7,0
4480,1,1,30.917,33.605,2.89,3.13,2.88,3.14,INF,-1,1,7,0
4500,1,1,28.931,33.081,2.70,3.09,2.70,3.09,INF,-1,0,7,0
4520,1,1,28.890,32.704,2.70,3.05,2.69,3.05,INF,-1,0,7,0
4540,1,1,28.626,32.880,2.67,3.07,2.67,3.07,INF,-1,0,7,0
4560,1,1,27.672,32.873,2.58,3.07,2.58,3.07,INF,-1,0,7,0
4580,1,1,27.766,31.382,2.59,2.93,2.59,2.93,INF,-1,0,7,0
4600,1,1,28.334,31.983,2.65,2.98,2.64,2.99,INF,-1,0,7,0
4620,1,1,29.441,31.892,2.75,2.97,2.75,2.98,INF,-1,0,7,0
4640,1,1,28.043,32.271,2.62,3.01,2.62,3.01,INF,-1,0,7,0
4660,1,1,28.635,32.205,2.67,3.00,2.67,3.01,INF,-1,0,7,0
4680,1,1,28.104,31.734,2.62,2.96,2.62,2.96,INF,-1,0,7,0
4700,1,1,30.035,31.739,2.81,2.96,2.80,2.96,INF,-1,0,7,0
4720,1,1,41.242,34.180,3.85,3.18,3.84,3.19,INF,-1,0,7,0
4740,1,1,41.004,35.246,3.83,3.28,3.82,3.29,INF,-1,0,7,0
4760,1,1,41.111,36.094,3.84,3.36,3.83,3.37,INF,-1,0,7,0
4780,1,1,41.042,35.791,3.83,3.33,3.82,3.34,INF,-1,1,7,0
4800,1,1,40.753,34.912,3.80,3.25,3.80,3.26,INF,-1,1,7,0
4820,1,1,42.416,34.762,3.96,3.24,3.95,3.25,INF,-1,1,7,0
4840,1,1,39.945,37.149,3.73,3.46,3.72,3.47,INF,-1,1,7,0
4860,1,1,40.666,35.334,3.80,3.29,3.79,3.30,INF,-1,1,7,0
4880,1,1,41.933,34.135,3.91,3.18,3.91,3.19,INF,-1,1,7,0
4900,1,1,41.251,36.411,3.85,3.39,3.84,3.40,INF,-1,1,7,0
4920,1,1,41.565,35.216,3.88,3.28,3.87,3.29,INF,-1,1,7,0
4940,1,1,56.590,22.234,5.27,2.07,5.27,2.08,INF,-1,1,7,0
4960,1,1,60.162,17.553,5.61,1.63,5.60,1.64,INF,-1,1,7,0
4980,1,1,59.591,16.826,5.55,1.56,5.55,1.57,INF,-1,0,7,0
5000,1,1,60.034,16.754,5.59,1.56,5.59,1.57,INF,-1,0,7,0
5020,1,1,59.694,17.194,5.56,1.60,5.56,1.61,INF,-1,0,7,0
5040,1,1,59.581,17.403,5.55,1.62,5.55,1.63,INF,-1,0,7,0
5060,1,1,61.247,16.368,5.71,1.52,5.70,1.53,INF,-1,0,7,0
5080,1,1,58.490,17.049,5.45,1.59,5.45,1.59,INF,-1,0,7,0
5100,1,1,60.103,17.594,5.60,1.64,5.60,1.64,INF,-1,0,7,0
5120,1,1,59.789,17.151,5.57,1.60,5.57,1.60,INF,-1,0,7,0
5140,1,1,59.861,16.697,5.58,1.55,5.58,1.56,INF,-1,0,7,0
5160,1,1,58.099,16.474,5.41,1.53,5.41,1.54,INF,-1,0,7,0
5180,1,1,50.175,15.174,4.68,1.41,4.68,1.42,INF,-1,0,7,0
5200,0,1,0.000,0.000,0.00,0.00,0.00,0.00,0.00,-1,0,7,0
5220,0,1,0.000,0.000,0.00,0.00,0.00,0.00,0.00,-1,1,7,0
5240,0,1,0.000,0.000,0.00,0.00,0.00,0.00,0.00,-1,1,7,0
5260,0,1,0.000,0.000,0.00,0.00,0.00,0.00,0.00,-1,1,7,0
5280,0,1,0.000,0.000,0.00,0.00,0.00,0.00,0.00,-1,0,7,0
5300,0,1,0.000,0.000,0.00,0.00,0.00,0.00,0.00,-1,0,7,0
5320,0,1,0.000,0.000,0.00,0.00,0.00,0.00,0.00,-1,0,7,0
5340,0,1,0.000,0.000,0.00,0.00,0.00,0.00,0.00,-1,0,7,0
5360,0,1,0.000,0.000,0.00,0.00,0.00,0.00,INF,-1,0,7,0
5380,0,1,0.000,0.000,0.00,0.00,0.00,0.00,0.00,-1,0,7,0
5400,0,1,0.000,0.000,0.00,0.00,0.00,0.00,0.00,-1,0,7,0
5420,0,1,0.000,0.000,0.00,0.00,0.00,0.00,0.00,-1,0,7,0
5440,1,1,57.933,15.517,5.40,1.44,5.40,1.45,INF,-1,0,7,0
5460,1,1,56.697,15.654,5.28,1.46,5.28,1.46,INF,-1,0,7,0
5480,1,1,56.548,14.661,5.27,1.36,5.27,1.37,INF,-1,0,7,0
5500,1,1,56.754,13.800,5.29,1.28,5.29,1.29,INF,-1,0,7,0
5520,1,1,56.834,15.803,5.30,1.47,5.30,1.48,INF,-1,0,7,0
5540,1,1,57.274,14.978,5.34,1.39,5.34,1.40,INF,-1,0,7,0
5560,1,1,15.542,8.650,1.45,0.81,1.45,0.81,INF,-1,0,7,0
5580,1,1,-2.803,0.487,-0.26,0.05,-0.26,0.05,INF,-1,0,7,0
5600,1,1,-1.152,1.231,-0.11,0.12,-0.11,0.12,INF,-1,0,7,0
5620,1,1,-3.370,0.897,-0.32,0.08,-0.32,0.08,INF,-1,0,7,0
5640,1,1,-1.337,0.311,-0.13,0.03,-0.13,0.03,INF,-1,0,7,0
5660,1,1,-2.865,-1.317,-0.27,-0.12,-0.27,-0.12,INF,-1,0,7,0
5680,1,1,-0.873,-0.544,-0.08,-0.05,-0.08,-0.05,INF,-1,0,7,0
5700,1,1,-1.671,1.161,-0.16,0.11,-0.16,0.11,INF,-1,0,7,0
5720,1,1,-1.134,-0.569,-0.11,-0.05,-0.11,-0.05,INF,-1,0,7,0
5740,1,1,-1.785,0.116,-0.17,0.01,-0.17,0.01,INF,-1,0,7,0
5760,1,1,-1.603,-1.050,-0.15,-0.10,-0.15,-0.10,INF,-1,0,7,0
5780,1,1,-0.404,-0.442,-0.04,-0.04,-0.04,-0.04,INF,-1,0,7,0
5800,1,1,-2.807,-0.220,-0.26,-0.02,-0.26,-0.02,INF,-1,0,7,0
5820,1,1,-0.970,-1.293,-0.09,-0.12,-0.09,-0.12,INF,-1,0,7,0
5840,1,1,-1.745,-0.144,-0.16,-0.01,-0.16,-0.01,INF,-1,1,7,0
5860,1,1,-0.393,-1.255,-0.04,-0.12,-0.04,-0.12,INF,-1,1,7,0
5880,1,1,-2.091,-0.413,-0.20,-0.04,-0.20,-0.04,INF,-1,1,7,0
5900,1,1,-6.260,1.677,-0.59,0.16,-0.59,0.16,INF,-1,1,7,0
5920,1,1,-4.986,2.877,-0.47,0.27,-0.47,0.27,INF,-1,1,7,0
5940,1,1,-5.059,0.751,-0.47,0.07,-0.47,0.07,INF,-1,1,7,0
5960,1,1,-5.549,2.588,-0.52,0.24,-0.52,0.24,INF,-1,1,7,0
5980,1,1,-4.597,3.374,-0.43,0.32,-0.43,0.32,INF,-1,1,7,0
6000,1,1,-3.463,2.973,-0.32,0.28,-0.32,0.28,INF,-1,1,7,0
6020,1,1,-5.159,1.814,-0.48,0.17,-0.48,0.17,INF,-1,1,7,0
6040,1,1,-4.375,2.383,-0.41,0.22,-0.41,0.22,INF,-1,1,7,0
6060,1,1,-4.755,2.218,-0.44,0.21,-0.44,0.21,INF,-1,1,7,0
6080,1,1,-2.930,1.525,-0.27,0.14,-0.27,0.14,INF,-1,1,7,0
6100,1,1,10.384,-6.366,0.97,-0.59,0.97,-0.59,INF,-1,1,7,0
6120,1,1,14.024,-7.995,1.31,-0.75,1.31,-0.75,INF,-1,1,7,0
6140,1,1,12.622,-7.781,1.18,-0.73,1.18,-0.73,INF,-1,0,7,0
6160,1,1,12.918,-9.218,1.21,-0.86,1.21,-0.86,INF,-1,0,7,0
6180,1,1,12.475,-7.775,1.17,-0.73,1.17,-0.73,INF,-1,0,7,0
6200,1,1,12.209,-7.748,1.14,-0.72,1.14,-0.72,INF,-1,0,7,0
6220,1,1,12.721,-8.505,1.19,-0.79,1.19,-0.79,INF,-1,0,7,0
6240,1,1,14.137,-9.145,1.32,-0.85,1.32,-0.85,INF,-1,0,7,0
6260,1,1,14.151,-8.557,1.32,-0.80,1.32,-0.80,INF,-1,0,7,0
6280,1,1,10.352,-6.623,0.97,-0.62,0.97,-0.62,INF,-1,0,7,0
6300,0,1,0.000,0.000,0.00,0.00,0.00,0.00,0.00,-1,0,7,0
6320,0,1,0.000,0.000,0.00,0.00,0.00,0.00,0.00,-1,0,7,0
6340,0,1,0.000,0.000,0.00,0.00,0.00,0.00,0.00,-1,0,7,0
6360,0,1,0.000,0.000,0.00,0.00,0.00,0.00,0.00,-1,0,7,0
6380,0,1,0.000,0.000,0.00,0.00,0.00,0.00,0.00,-1,0,7,0
6400,0,1,0.000,0.000,0.00,0.00,0.00,0.00,0.00,-1,0,7,0
6420,0,1,0.000,0.000,0.00,0.00,0.00,0.00,0.00,-1,0,7,0
6440,0,1,0.000,0.000,0.00,0.00,0.00,0.00,0.00,-1,0,7,0
6460,0,1,0.000,0.000,0.00,0.00,0.00,0.00,0.00,-1,0,7,0
6480,0,1,0.000,0.000,0.00,0.00,0.00,0.00,0.00,-1,0,7,0
6500,0,1,0.000,0.000,0.00,0.00,0.00,0.00,0.00,-1,0,7,0
6520,0,1,0.000,0.000,0.00,0.00,0.00,0.00,0.00,-1,0,7,0
6540,0,1,0.000,0.000,0.00,0.00,0.00,0.00,0.00,-1,0,7,0
6560,0,1,0.000,0.000,0.00,0.00,0.00,0.00,0.00,-1,0,7,0
6580,0,1,0.000,0.000,0.00,0.00,0.00,0.00,0.00,-1,0,7,0
6600,0,1,0.000,0.000,0.00,0.00,0.00,0.00,0.00,-1,0,7,0
6620,0,1,0.000,0.000,0.00,0.00,0.00,0.00,0.00,-1,0,7,0
6640,0,1,0.000,0.000,0.00,0.00,0.00,0.00,0.00,-1,0,7,0
6660,0,1,0.000,0.000,0.00,0.00,0.00,0.00,0.00,-1,0,7,0
6680,0,1,0.000,0.000,0.00,0.00,0.00,0.00,0.00,-1,0,7,0
6700,0,1,0.000,0.000,0.00,0.00,0.00,0.00,0.00,-1,0,7,0
6720,0,1,0.000,0.000,0.00,0.00,0.00,0.00,0.00,-1,0,7,0
6740,0,1,0.000,0.000,0.00,0.00,0.00,0.00,0.00,-1,0,7,0
6760,0,1,0.000,0.000,0.00,0.00,0.00,0.00,0.00,-1,0,7,0
6780,0,1,0.000,0.000,0.00,0.00,0.00,0.00,0.00,-1,0,7,0
6800,0,1,0.000,0.000,0.00,0.00,0.00,0.00,0.00,-1,0,7,0
6820,0,1,0.000,0.000,0.00,0.00,0.00,0.00,0.00,-1,0,7,0
6840,0,1,0.000,0.000,0.00,0.00,0.00,0.00,0.00,-1,0,7,0
6860,0,1,0.000,0.000,0.00,0.00,0.00,0.00,0.00,-1,0,7,0
6880,0,1,0.000,0.000,0.00,0.00,0.00,0.00,0.00,-1,0,7,0
6900,0,1,0.000,0.000,0.00,0.00,0.00,0.00,0.00,-1,0,7,0
6920,0,1,0.000,0.000,0.00,0.00,0.00,0.00,0.00,-1,0,7,0
6940,0,1,0.000,0.000,0.00,0.00,0.00,0.00,0.00,-1,0,7,0
6960,0,1,0.000,0.000,0.00,0.00,0.00,0.00,0.00,-1,0,7,0
6980,0,1,0.000,0.000,0.00,0.00,0.00,0.00,0.00,-1,0,7,0
7000,0,1,0.000,0.000,0.00,0.00,0.00,0.00,0.00,-1,0,7,0
7020,0,1,0.000,0.000,0.00,0.00,0.00,0.00,0.00,-1,0,7,0
7040,0,1,0.000,0.000,0.00,0.00,0.00,0.00,0.00,-1,0,7,0
7060,0,1,0.000,0.000,0.00,0.00,0.00,0.00,0.00,-1,0,7,0
7080,0,1,0.000,0.000,0.00,0.00,0.00,0.00,0.00,-1,0,7,0
7100,0,1,0.000,0.000,0.00,0.00,0.00,0.00,0.00,-1,0,7,0
7120,0,1,0.000,0.000,0.00,0.00,0.00,0.00,0.00,-1,0,7,0
7140,0,1,0.000,0.000,0.00,0.00,0.00,0.00,0.00,-1,0,7,0
7160,0,1,0.000,0.000,0.00,0.00,0.00,0.00,0.00,-1,0,7,0
7180,0,1,0.000,0.000,0.00,0.00,0.00,0.00,0.00,-1,0,7,0
7200,0,1,0.000,0.000,0.00,0.00,0.00,0.00,0.00,-1,0,7,0
7220,0,1,0.000,0.000,0.00,0.00,0.00,0.00,0.00,-1,0,7,0
7240,0,1,0.000,0.000,0.00,0.00,0.00,0.00,0.00,-1,0,7,0
7260,0,1,0.000,0.000,0.00,0.00,0.00,0.00,0.00,-1,0,7,0
7280,0,1,0.000,0.000,0.00,0.00,0.00,0.00,0.00,-1,0,7,0
7300,0,1,0.000,0.000,0.00,0.00,0.00,0.00,0.00,-1,0,7,0
7320,0,1,0.000,0.000,0.00,0.00,0.00,0.00,0.00,-1,0,7,0
7340,0,1,0.000,0.000,0.00,0.00,0.00,0.00,0.00,-1,0,7,0
7360,0,1,0.000,0.000,0.00,0.00,0.00,0.00,0.00,-1,0,7,0
7380,0,1,0.000,0.000,0.00,0.00,0.00,0.00,0.00,-1,0,7,0
7400,0,1,0.000,0.000,0.00,0.00,0.00,0.00,0.00,-1,0,7,0
7420,0,1,0.000,0.000,0.00,0.00,0.00,0.00,0.00,-1,0,7,0
7440,0,1,0.000,0.000,0.00,0.00,0.00,0.00,0.00,-1,0,7,0
7460,0,1,0.000,0.000,0.00,0.00,0.00,0.00,0.00,-1,0,7,0
7480,0,1,0.000,0.000,0.00,0.00,0.00,0.00,0.00,-1,0,7,0
7500,0,1,0.000,0.000,0.00,0.00,0.00,0.00,0.00,-1,0,7,0
7520,0,1,0.000,0.000,0.00,0.00,0.00,0.00,0.00,-1,0,7,0
7540,0,1,0.000,0.000,0.00,0.00,0.00,0.00,0.00,-1,0,7,0
7560,0,1,0.000,0.000,0.00,0.00,0.00,0.00,0.00,-1,0,7,0
7580,0,1,0.000,0.000,0.00,0.00,0.00,0.00,0.00,-1,0,7,0
7600,0,1,0.000,0.000,0.00,0.00,0.00,0.00,0.00,-1,0,7,0
7620,0,1,0.000,0.000,0.00,0.00,0.00,0.00,0.00,-1,0,7,0
7640,0,1,0.000,0.000,0.00,0.00,0.00,0.00,0.00,-1,0,7,0
7660,0,1,0.000,0.000,0.00,0.00,0.00,0.00,0.00,-1,0,7,0
7680,0,1,0.000,0.000,0.00,0.00,0.00,0.00,0.00,-1,0,7,0
7700,0,1,0.000,0.000,0.00,0.00,0.00,0.00,0.00,-1,0,7,0
7720,0,1,0.000,0.000,0.00,0.00,0.00,0.00,0.00,-1,0,7,0
7740,0,1,0.000,0.000,0.00,0.00,0.00,0.00,0.00,-1,0,7,0
7760,0,1,0.000,0.000,0.00,0.00,0.00,0.00,0.00,-1,0,7,0
7780,0,1,0.000,0.000,0.00,0.00,0.00,0.00,0.00,-1,0,7,0
7800,0,1,0.000,0.000,0.00,0.00,0.00,0.00,0.00,-1,0,7,0
7820,0,1,0.000,0.000,0.00,0.00,0.00,0.00,0.00,-1,0,7,0
7840,0,1,0.000,0.000,0.00,0.00,0.00,0.00,0.00,-1,0,7,0
7860,0,1,0.000,0.000,0.00,0.00,0.00,0.00,0.00,-1,0,7,0
7880,0,1,0.000,0.000,0.00,0.00,0.00,0.00,0.00,-1,0,7,0
7900,0,1,0.000,0.000,0.00,0.00,0.00,0.00,0.00,-1,0,7,0
7920,0,1,0.000,0.000,0.00,0.00,0.00,0.00,0.00,-1,0,7,0
7940,0,1,0.000,0.000,0.00,0.00,0.00,0.00,0.00,-1,0,7,0
7960,0,1,0.000,0.000,0.00,0.00,0.00,0.00,0.00,-1,0,7,0
7980,0,1,0.000,0.000,0.00,0.00,0.00,0.00,0.00,-1,0,7,0
8000,0,1,0.000,0.000,0.00,0.00,0.00,0.00,0.00,-1,0,7,0
8020,0,1,0.000,0.000,0.00,0.00,0.00,0.00,0.00,-1,0,7,0
8040,0,1,0.000,0.000,0.00,0.00,0.00,0.00,0.00,-1,0,7,0
8060,0,1,0.000,0.000,0.00,0.00,0.00,0.00,0.00,-1,0,7,0
8080,0,1,0.000,0.000,0.00,0.00,0.00,0.00,0.00,-1,0,7,0
8100,0,1,0.000,0.000,0.00,0.00,0.00,0.00,0.00,-1,0,7,0
8120,0,1,0.000,0.000,0.00,0.00,0.00,0.00,0.00,-1,0,7,0
8140,0,1,0.000,0.000,0.00,0.00,0.00,0.00,0.00,-1,0,7,0
8160,0,1,0.000,0.000,0.00,0.00,0.00,0.00,0.00,-1,0,7,0
8180,0,1,0.000,0.000,0.00,0.00,0.00,0.00,0.00,-1,0,7,0
8200,0,1,0.000,0.000,0.00,0.00,0.00,0.00,0.00,-1,0,7,0
8220,0,1,0.000,0.000,0.00,0.00,0.00,0.00,0.00,-1,0,7,0
8240,0,1,0.000,0.000,0.00,0.00,0.00,0.00,0.00,-1,0,7,0
8260,0,1,0.000,0.000,0.00,0.00,0.00,0.00,0.00,-1,0,7,0
8280,0,1,0.000,0.000,0.00,0.00,0.00,0.00,0.00,-1,0,7,0
8300,0,1,0.000,0.000,0.00,0.00,0.00,0.00,0.00,-1,0,7,0
8320,0,1,0.000,0.000,0.00,0.00,0.00,0.00,0.00,-1,0,7,0
8340,0,1,0.000,0.000,0.00,0.00,0.00,0.00,0.00,-1,0,7,0
8360,0,1,0.000,0.000,0.00,0.00,0.00,0.00,0.00,-1,0,7,0
8380,0,1,0.000,0.000,0.00,0.00,0.00,0.00,0.00,-1,0,7,0
8400,0,1,0.000,0.000,0.00,0.00,0.00,0.00,0.00,-1,0,7,0
8420,0,1,0.000,0.000,0.00,0.00,0.00,0.00,0.00,-1,0,7,0
8440,0,1,0.000,0.000,0.00,0.00,0.00,0.00,0.00,-1,0,7,0
8460,0,1,0.000,0.000,0.00,0.00,0.00,0.00,0.00,-1,0,7,0
8480,0,1,0.000,0.000,0.00,0.00,0.00,0.00,0.00,-1,0,7,0
8500,0,1,0.000,0.000,0.00,0.00,0.00,0.00,0.00,-1,0,7,0
8520,0,1,0.000,0.000,0.00,0.00,0.00,0.00,0.00,-1,0,7,0
8540,0,1,0.000,0.000,0.00,0.00,0.00,0.00,0.00,-1,0,7,0
8560,0,1,0.000,0.000,0.00,0.00,0.00,0.00,0.00,-1,0,7,0
8580,0,1,0.000,0.000,0.00,0.00,0.00,0.00,0.00,-1,0,7,0
8600,0,1,0.000,0.000,0.00,0.00,0.00,0.00,0.00,-1,0,7,0
8620,0,1,0.000,0.000,0.00,0.00,0.00,0.00,0.00,-1,0,7,0
8640,0,1,0.000,0.000,0.00,0.00,0.00,0.00,0.00,-1,0,7,0
8660,0,1,0.000,0.000,0.00,0.00,0.00,0.00,0.00,-1,0,7,0
8680,0,1,0.000,0.000,0.00,0.00,0.00,0.00,0.00,-1,0,7,0
8700,0,1,0.000,0.000,0.00,0.00,0.00,0.00,0.00,-1,0,7,0
8720,0,1,0.000,0.000,0.00,0.00,0.00,0.00,0.00,-1,0,7,0
8740,0,1,0.000,0.000,0.00,0.00,0.00,0.00,0.00,-1,0,7,0
8760,0,1,0.000,0.000,0.00,0.00,0.00,0.00,0.00,-1,0,7,0
8780,0,1,0.000,0.000,0.00,0.00,0.00,0.00,INF,-1,0,7,0
8800,0,1,0.000,0.000,0.00,0.00,0.00,0.00,0.00,-1,0,7,0
8820,0,1,0.000,0.000,0.00,0.00,0.00,0.00,0.00,-1,0,7,0
8840,0,1,0.000,0.000,0.00,0.00,0.00,0.00,0.00,-1,0,7,0
8860,0,1,0.000,0.000,0.00,0.00,0.00,0.00,0.00,-1,0,7,0
8880,0,1,0.000,0.000,0.00,0.00,0.00,0.00,0.00,-1,0,7,0
8900,0,1,0.000,0.000,0.00,0.00,0.00,0.00,0.00,-1,0,7,0
8920,0,1,0.000,0.000,0.00,0.00,0.00,0.00,0.00,-1,0,7,0
8940,0,1,0.000,0.000,0.00,0.00,0.00,0.00,0.00,-1,0,7,0
8960,0,1,0.000,0.000,0.00,0.00,0.00,0.00,0.00,-1,0,7,0
8980,0,1,0.000,0.000,0.00,0.00,0.00,0.00,0.00,-1,0,7,0
9000,0,1,0.000,0.000,0.00,0.00,0.00,0.00,0.00,-1,0,7,0
9020,0,1,0.000,0.000,0.00,0.00,0.00,0.00,0.00,-1,0,7,0
9040,1,1,30.922,18.411,2.89,1.72,2.89,1.72,INF,-1,0,7,0
9060,1,1,4.470,-5.334,0.42,-0.50,0.42,-0.50,INF,-1,0,7,0
9080,1,1,3.527,-5.648,0.33,-0.53,0.33,-0.53,INF,-1,0,7,0
9100,1,1,-2.997,-8.384,-0.28,-0.78,-0.28,-0.78,INF,-1,0,7,0
9120,1,1,-12.373,-13.904,-1.16,-1.30,-1.16,-1.30,INF,-1,0,7,0
9140,1,1,-11.577,-13.602,-1.08,-1.27,-1.08,-1.27,INF,-1,0,7,0
9160,1,1,-11.983,-15.120,-1.12,-1.41,-1.12,-1.41,INF,-1,0,7,0
9180,1,1,-12.237,-13.424,-1.14,-1.25,-1.14,-1.25,INF,-1,0,7,0
9200,1,1,-12.912,-13.294,-1.21,-1.24,-1.21,-1.24,INF,-1,0,7,0
9220,1,1,-12.619,-13.626,-1.18,-1.27,-1.18,-1.27,INF,-1,0,7,0
9240,1,1,-11.561,-14.641,-1.08,-1.37,-1.08,-1.37,INF,-1,0,7,0
9260,1,1,-13.565,-14.289,-1.27,-1.33,-1.27,-1.34,INF,-1,0,7,0
9280,1,1,-12.875,-14.772,-1.20,-1.38,-1.20,-1.38,INF,-1,0,7,0
9300,1,1,-14.424,-14.793,-1.35,-1.38,-1.35,-1.38,INF,-1,0,7,0
9320,1,1,-12.059,-15.183,-1.13,-1.42,-1.13,-1.42,INF,-1,0,7,0
9340,1,1,-13.698,-12.869,-1.28,-1.20,-1.28,-1.20,INF,-1,0,7,0
9360,1,1,-14.349,-12.929,-1.34,-1.21,-1.34,-1.21,INF,-1,0,7,0
9380,1,1,-31.534,-7.915,-2.94,-0.74,-2.94,-0.74,INF,-1,1,7,0
9400,1,1,-36.097,0.004,-3.37,0.00,-3.37,0.00,INF,-1,1,7,0
9420,1,1,-36.788,-1.045,-3.43,-0.10,-3.43,-0.10,INF,-1,0,7,0
9440,1,1,-37.140,-0.867,-3.47,-0.08,-3.47,-0.08,INF,-1,0,7,0
9460,1,1,-36.751,-0.689,-3.43,-0.06,-3.43,-0.06,INF,-1,0,7,0
9480,1,1,-36.827,-1.495,-3.44,-0.14,-3.44,-0.14,INF,-1,0,7,0
9500,1,1,-36.443,-1.908,-3.40,-0.18,-3.40,-0.18,INF,-1,0,7,0
9520,1,1,-35.885,-1.852,-3.35,-0.17,-3.35,-0.17,INF,-1,0,7,0
9540,1,1,-36.178,-0.203,-3.38,-0.02,-3.38,-0.02,INF,-1,0,7,0
9560,1,1,-35.578,-1.188,-3.32,-0.11,-3.32,-0.11,INF,-1,0,7,0
9580,1,1,-35.018,-1.335,-3.27,-0.12,-3.27,-0.12,INF,-1,0,7,0
9600,1,1,-35.437,-1.287,-3.31,-0.12,-3.31,-0.12,INF,-1,0,7,0
9620,1,1,-36.133,-1.575,-3.37,-0.15,-3.37,-0.15,INF,-1,0,7,0
9640,1,1,-35.248,-2.410,-3.29,-0.22,-3.29,-0.23,INF,-1,0,7,0
9660,1,1,-35.396,-2.155,-3.30,-0.20,-3.30,-0.20,INF,-1,1,7,0
9680,1,1,-34.947,-2.122,-3.26,-0.20,-3.26,-0.20,INF,-1,1,7,0
9700,1,1,-35.152,-1.380,-3.28,-0.13,-3.28,-0.13,INF,-1,1,7,0
9720,1,1,-35.857,-2.926,-3.35,-0.27,-3.35,-0.27,INF,-1,1,7,0
9740,1,1,-34.329,-0.878,-3.21,-0.08,-3.21,-0.08,INF,-1,1,7,0
9760,1,1,-34.710,-2.038,-3.24,-0.19,-3.24,-0.19,INF,-1,1,7,0
9780,1,1,-22.143,-4.710,-2.07,-0.44,-2.07,-0.44,INF,-1,1,7,0
9800,1,1,1.166,-0.228,0.11,-0.02,0.11,-0.02,INF,-1,1,7,0
9820,1,1,2.326,0.178,0.22,0.02,0.22,0.02,INF,-1,0,7,0
9840,1,1,1.321,-0.506,0.12,-0.05,0.12,-0.05,INF,-1,0,7,0
9860,1,1,2.830,-0.800,0.26,-0.07,0.26,-0.07,INF,-1,0,7,0
9880,1,1,1.741,0.340,0.16,0.03,0.16,0.03,INF,-1,0,7,0
9900,1,1,1.899,-0.775,0.18,-0.07,0.18,-0.07,INF,-1,0,7,0
9920,1,1,2.645,-1.016,0.25,-0.09,0.25,-0.09,INF,-1,0,7,0
9940,1,1,3.223,-0.813,0.30,-0.08,0.30,-0.08,INF,-1,0,7,0
9960,1,1,3.549,-1.000,0.33,-0.09,0.33,-0.09,INF,-1,0,7,0
9980,1,1,30.070,2.545,2.81,0.24,2.81,0.24,INF,-1,0,7,0
10000,1,1,54.769,7.593,5.11,0.71,5.11,0.71,INF,-1,0,7,0
10020,1,1,53.194,7.755,4.96,0.72,4.96,0.72,INF,-1,0,7,0
10040,1,1,50.698,7.611,4.73,0.71,4.73,0.71,INF,-1,0,7,0
10060,1,1,51.558,6.697,4.81,0.62,4.81,0.63,INF,-1,0,7,0
10080,1,1,50.371,7.919,4.70,0.74,4.70,0.74,INF,-1,0,7,0
10100,1,1,52.544,7.570,4.90,0.70,4.90,0.71,INF,-1,0,7,0
10120,1,1,51.952,6.944,4.84,0.65,4.84,0.65,INF,-1,0,7,0
10140,1,1,51.100,8.110,4.77,0.76,4.76,0.76,INF,-1,0,7,0
10160,1,1,51.316,7.821,4.79,0.73,4.78,0.73,INF,-1,0,7,0
10180,1,1,52.558,8.260,4.90,0.77,4.90,0.77,INF,-1,0,7,0
10200,1,1,51.678,7.409,4.82,0.69,4.82,0.69,INF,-1,0,7,0
10220,1,1,50.785,7.392,4.74,0.69,4.74,0.69,INF,-1,0,7,0
10240,1,1,63.395,17.269,5.90,1.61,5.90,1.61,INF,-1,0,7,0
10260,1,1,60.139,21.486,5.60,2.00,5.60,2.01,INF,-1,1,7,0
10280,1,1,60.810,20.739,5.67,1.93,5.66,1.94,INF,-1,0,7,0
10300,1,1,61.509,20.380,5.73,1.89,5.73,1.90,INF,-1,0,7,0
10320,1,1,59.816,20.494,5.57,1.91,5.57,1.91,INF,-1,0,7,0
10340,1,1,60.747,20.117,5.66,1.87,5.66,1.88,INF,-1,0,7,0
10360,1,1,60.564,19.017,5.64,1.77,5.64,1.78,INF,-1,0,7,0
10380,1,1,60.632,20.197,5.65,1.88,5.65,1.89,INF,-1,0,7,0
10400,1,1,61.954,19.648,5.77,1.83,5.77,1.84,INF,-1,0,7,0
10420,1,1,62.524,19.538,5.82,1.82,5.82,1.83,INF,-1,0,7,0
10440,1,1,60.885,20.527,5.67,1.91,5.67,1.92,INF,-1,0,7,0
10460,1,1,61.099,19.471,5.69,1.81,5.69,1.82,INF,-1,0,7,0
10480,1,1,62.558,18.957,5.83,1.76,5.82,1.77,INF,-1,0,7,0
10500,1,1,62.462,18.432,5.82,1.71,5.82,1.72,INF,-1,0,7,0
10520,1,1,61.866,19.052,5.76,1.77,5.76,1.78,INF,-1,1,7,0
10540,1,1,61.517,19.091,5.73,1.77,5.73,1.78,INF,-1,1,7,0
10560,1,1,60.851,18.635,5.67,1.73,5.67,1.74,INF,-1,1,7,0
10580,1,1,62.239,19.158,5.80,1.78,5.79,1.79,INF,-1,1,7,0
10600,1,1,61.281,19.271,5.71,1.79,5.71,1.80,INF,-1,1,7,0
10620,1,1,61.864,19.318,5.76,1.80,5.76,1.81,INF,-1,1,7,0
10640,1,1,45.010,19.572,4.20,1.82,4.20,1.83,INF,-1,1,7,0
10660,1,1,45.849,21.292,4.28,1.98,4.27,1.99,INF,-1,1,7,0
10680,1,1,45.735,18.756,4.27,1.75,4.26,1.75,INF,-1,0,7,0
10700,1,1,45.265,19.610,4.22,1.83,4.22,1.83,INF,-1,0,7,0
10720,1,1,46.737,20.744,4.36,1.93,4.36,1.94,INF,-1,0,7,0
10740,1,1,46.396,20.854,4.33,1.94,4.33,1.95,INF,-1,0,7,0
10760,1,1,47.092,20.124,4.39,1.87,4.39,1.88,INF,-1,0,7,0
10780,1,1,46.000,20.983,4.29,1.95,4.29,1.96,INF,-1,0,7,0
10800,1,1,46.889,21.343,4.37,1.99,4.37,1.99,INF,-1,0,7,0
10820,1,1,45.208,21.113,4.22,1.97,4.22,1.97,INF,-1,0,7,0
10840,1,1,43.118,20.288,4.02,1.89,4.02,1.90,INF,-1,0,7,0
10860,1,1,37.299,31.948,3.48,2.98,3.48,2.98,INF,-1,0,7,0
10880,1,1,37.560,31.384,3.51,2.93,3.50,2.93,INF,-1,0,7,0
10900,1,1,37.732,30.900,3.52,2.88,3.52,2.89,INF,-1,0,7,0
10920,1,1,37.991,29.378,3.55,2.74,3.54,2.74,INF,-1,1,7,0
10940,1,1,32.356,29.665,3.02,2.77,3.02,2.77,INF,-1,1,7,0
10960,0,1,0.000,0.000,0.00,0.00,0.00,0.00,0.00,-1,1,7,0
10980,0,1,0.000,0.000,0.00,0.00,0.00,0.00,0.00,-1,1,7,0
11000,0,1,0.000,0.000,0.00,0.00,0.00,0.00,0.00,-1,1,7,0
11020,0,1,0.000,0.000,0.00,0.00,0.00,0.00,0.00,-1,0,7,0
11040,0,1,0.000,0.000,0.00,0.00,0.00,0.00,0.00,-1,0,7,0
11060,0,1,0.000,0.000,0.00,0.00,0.00,0.00,0.00,-1,0,7,0
11080,0,1,0.000,0.000,0.00,0.00,0.00,0.00,0.00,-1,0,7,0
11100,0,1,0.000,0.000,0.00,0.00,0.00,0.00,0.00,-1,0,7,0
11120,0,1,0.000,0.000,0.00,0.00,0.00,0.00,0.00,-1,0,7,0
11140,0,1,0.000,0.000,0.00,0.00,0.00,0.00,0.00,-1,0,7,0
11160,0,1,0.000,0.000,0.00,0.00,0.00,0.00,0.00,-1,0,7,0
11180,0,1,0.000,0.000,0.00,0.00,0.00,0.00,0.00,-1,0,7,0
11200,0,1,0.000,0.000,0.00,0.00,0.00,0.00,0.00,-1,0,7,0
11220,0,1,0.000,0.000,0.00,0.00,0.00,0.00,0.00,-1,0,7,0
11240,0,1,0.000,0.000,0.00,0.00,0.00,0.00,0.00,-1,0,7,0
11260,0,1,0.000,0.000,0.00,0.00,0.00,0.00,0.00,-1,0,7,0
11280,0,1,0.000,0.000,0.00,0.00,0.00,0.00,0.00,-1,0,7,0
11300,0,1,0.000,0.000,0.00,0.00,0.00,0.00,0.00,-1,0,7,0
11320,0,1,0.000,0.000,0.00,0.00,0.00,0.00,0.00,-1,0,7,0
11340,0,1,0.000,0.000,0.00,0.00,0.00,0.00,0.00,-1,0,7,0
11360,0,1,0.000,0.000,0.00,0.00,0.00,0.00,0.00,-1,0,7,0
11380,0,1,0.000,0.000,0.00,0.00,0.00,0.00,0.00,-1,0,7,0
11400,0,1,0.000,0.000,0.00,0.00,0.00,0.00,0.00,-1,0,7,0
11420,0,1,0.000,0.000,0.00,0.00,0.00,0.00,0.00,-1,0,7,0
11440,0,1,0.000,0.000,0.00,0.00,0.00,0.00,0.00,-1,0,7,0
11460,0,1,0.000,0.000,0.00,0.00,0.00,0.00,0.00,-1,0,7,0
11480,0,1,0.000,0.000,0.00,0.00,0.00,0.00,0.00,-1,0,7,0
11500,0,1,0.000,0.000,0.00,0.00,0.00,0.00,0.00,-1,0,7,0
11520,0,1,0.000,0.000,0.00,0.00,0.00,0.00,0.00,-1,0,7,0
11540,0,1,0.000,0.000,0.00,0.00,0.00,0.00,0.00,-1,0,7,0
11560,0,1,0.000,0.000,0.00,0.00,0.00,0.00,0.00,-1,0,7,0
11580,0,1,0.000,0.000,0.00,0.00,0.00,0.00,0.00,-1,0,7,0
11600,0,1,0.000,0.000,0.00,0.00,0.00,0.00,0.00,-1,0,7,0
11620,0,1,0.000,0.000,0.00,0.00,0.00,0.00,0.00,-1,0,7,0
11640,0,1,0.000,0.000,0.00,0.00,0.00,0.00,0.00,-1,0,7,0
11660,0,1,0.000,0.000,0.00,0.00,0.00,0.00,0.00,-1,0,7,0
11680,0,1,0.000,0.000,0.00,0.00,0.00,0.00,0.00,-1,0,7,0
11700,0,1,0.000,0.000,0.00,0.00,0.00,0.00,0.00,-1,0,7,0
11720,0,1,0.000,0.000,0.00,0.00,0.00,0.00,0.00,-1,0,7,0
11740,0,1,0.000,0.000,0.00,0.00,0.00,0.00,0.00,-1,0,7,0
11760,0,1,0.000,0.000,0.00,0.00,0.00,0.00,0.00,-1,0,7,0
11780,0,1,0.000,0.000,0.00,0.00,0.00,0.00,0.00,-1,0,7,0
11800,0,1,0.000,0.000,0.00,0.00,0.00,0.00,0.00,-1,0,7,0
11820,0,1,0.000,0.000,0.00,0.00,0.00,0.00,0.00,-1,0,7,0
11840,0,1,0.000,0.000,0.00,0.00,0.00,0.00,0.00,-1,0,7,0
11860,0,1,0.000,0.000,0.00,0.00,0.00,0.00,0.00,-1,0,7,0
11880,0,1,0.000,0.000,0.00,0.00,0.00,0.00,0.00,-1,0,7,0
11900,0,1,0.000,0.000,0.00,0.00,0.00,0.00,0.00,-1,0,7,0
11920,0,1,0.000,0.000,0.00,0.00,0.00,0.00,0.00,-1,0,7,0
11940,0,1,0.000,0.000,0.00,0.00,0.00,0.00,0.00,-1,0,7,0
11960,0,1,0.000,0.000,0.00,0.00,0.00,0.00,0.00,-1,0,7,0
11980,0,1,0.000,0.000,0.00,0.00,0.00,0.00,0.00,-1,0,7,0
12000,0,1,0.000,0.000,0.00,0.00,0.00,0.00,0.00,-1,0,7,0
12020,0,1,0.000,0.000,0.00,0.00,0.00,0.00,0.00,-1,0,7,0
12040,0,1,0.000,0.000,0.00,0.00,0.00,0.00,0.00,-1,0,7,0
12060,0,1,0.000,0.000,0.00,0.00,0.00,0.00,0.00,-1,0,7,0
12080,0,1,0.000,0.000,0.00,0.00,0.00,0.00,0.00,-1,0,7,0
12100,0,1,0.000,0.000,0.00,0.00,0.00,0.00,0.00,-1,0,7,0
12120,0,1,0.000,0.000,0.00,0.00,0.00,0.00,0.00,-1,0,7,0
12140,0,1,0.000,0.000,0.00,0.00,0.00,0.00,0.00,-1,0,7,0
12160,0,1,0.000,0.000,0.00,0.00,0.00,0.00,0.00,-1,0,7,0
12180,0,1,0.000,0.000,0.00,0.00,0.00,0.00,0.00,-1,0,7,0
12200,0,1,0.000,0.000,0.00,0.00,0.00,0.00,0.00,-1,0,7,0
12220,0,1,0.000,0.000,0.00,0.00,0.00,0.00,0.00,-1,0,7,0
12240,0,1,0.000,0.000,0.00,0.00,0.00,0.00,0.00,-1,0,7,0
12260,0,1,0.000,0.000,0.00,0.00,0.00,0.00,0.00,-1,0,7,0
12280,0,1,0.000,0.000,0.00,0.00,0.00,0.00,0.00,-1,0,7,0
12300,0,1,0.000,0.000,0.00,0.00,0.00,0.00,0.00,-1,0,7,0
12320,0,1,0.000,0.000,0.00,0.00,0.00,0.00,0.00,-1,0,7,0
12340,0,1,0.000,0.000,0.00,0.00,0.00,0.00,0.00,-1,0,7,0
12360,0,1,0.000,0.000,0.00,0.00,0.00,0.00,0.00,-1,0,7,0
12380,0,1,0.000,0.000,0.00,0.00,0.00,0.00,0.00,-1,0,7,0
12400,0,1,0.000,0.000,0.00,0.00,0.00,0.00,0.00,-1,0,7,0
12420,0,1,0.000,0.000,0.00,0.00,0.00,0.00,0.00,-1,0,7,0
12440,0,1,0.000,0.000,0.00,0.00,0.00,0.00,0.00,-1,0,7,0
12460,0,1,0.000,0.000,0.00,0.00,0.00,0.00,0.00,-1,0,7,0
12480,0,1,0.000,0.000,0.00,0.00,0.00,0.00,0.00,-1,0,7,0
12500,0,1,0.000,0.000,0.00,0.00,0.00,0.00,0.00,-1,0,7,0
12520,0,1,0.000,0.000,0.00,0.00,0.00,0.00,0.00,-1,0,7,0
12540,0,1,0.000,0.000,0.00,0.00,0.00,0.00,0.00,-1,0,7,0
12560,0,1,0.000,0.000,0.00,0.00,0.00,0.00,0.00,-1,0,7,0
12580,0,1,0.000,0.000,0.00,0.00,0.00,0.00,0.00,-1,0,7,0
12600,0,1,0.000,0.000,0.00,0.00,0.00,0.00,0.00,-1,0,7,0
12620,0,1,0.000,0.000,0.00,0.00,0.00,0.00,0.00,-1,0,7,0
12640,0,1,0.000,0.000,0.00,0.00,0.00,0.00,0.00,-1,0,7,0
12660,0,1,0.000,0.000,0.00,0.00,0.00,0.00,0.00,-1,0,7,0
12680,0,1,0.000,0.000,0.00,0.00,0.00,0.00,0.00,-1,0,7,0
12700,0,1,0.000,0.000,0.00,0.00,0.00,0.00,0.00,-1,0,7,0
12720,0,1,0.000,0.000,0.00,0.00,0.00,0.00,0.00,-1,0,7,0
12740,0,1,0.000,0.000,0.00,0.00,0.00,0.00,0.00,-1,0,7,0
12760,0,1,0.000,0.000,0.00,0.00,0.00,0.00,0.00,-1,0,7,0
12780,0,1,0.000,0.000,0.00,0.00,0.00,0.00,0.00,-1,0,7,0
12800,0,1,0.000,0.000,0.00,0.00,0.00,0.00,0.00,-1,0,7,0
12820,0,1,0.000,0.000,0.00,0.00,0.00,0.00,0.00,-1,0,7,0
12840,0,1,0.000,0.000,0.00,0.00,0.00,0.00,0.00,-1,0,7,0
12860,0,1,0.000,0.000,0.00,0.00,0.00,0.00,0.00,-1,0,7,0
12880,0,1,0.000,0.000,0.00,0.00,0.00,0.00,0.00,-1,0,7,0
12900,0,1,0.000,0.000,0.00,0.00,0.00,0.00,0.00,-1,0,7,0
12920,0,1,0.000,0.000,0.00,0.00,0.00,0.00,0.00,-1,0,7,0
12940,0,1,0.000,0.000,0.00,0.00,0.00,0.00,0.00,-1,0,7,0
12960,0,1,0.000,0.000,0.00,0.00,0.00,0.00,0.00,-1,0,7,0
12980,0,1,0.000,0.000,0.00,0.00,0.00,0.00,0.00,-1,0,7,0
13000,0,1,0.000,0.000,0.00,0.00,0.00,0.00,0.00,-1,0,7,0
13020,0,1,0.000,0.000,0.00,0.00,0.00,0.00,0.00,-1,0,7,0
13040,0,1,0.000,0.000,0.00,0.00,0.00,0.00,0.00,-1,0,7,0
13060,0,1,0.000,0.000,0.00,0.00,0.00,0.00,0.00,-1,0,7,0
13080,0,1,0.000,0.000,0.00,0.00,0.00,0.00,0.00,-1,0,7,0
13100,0,1,0.000,0.000,0.00,0.00,0.00,0.00,0.00,-1,0,7,0
13120,0,1,0.000,0.000,0.00,0.00,0.00,0.00,0.00,-1,0,7,0
13140,0,1,0.000,0.000,0.00,0.00,0.00,0.00,0.00,-1,0,7,0
13160,0,1,0.000,0.000,0.00,0.00,0.00,0.00,0.00,-1,0,7,0
13180,0,1,0.000,0.000,0.00,0.00,0.00,0.00,0.00,-1,0,7,0
13200,0,1,0.000,0.000,0.00,0.00,0.00,0.00,0.00,-1,0,7,0
13220,0,1,0.000,0.000,0.00,0.00,0.00,0.00,0.00,-1,0,7,0
13240,0,1,0.000,0.000,0.00,0.00,0.00,0.00,INF,-1,0,7,0
13260,0,1,0.000,0.000,0.00,0.00,0.00,0.00,0.00,-1,0,7,0
13280,0,1,0.000,0.000,0.00,0.00,0.00,0.00,0.00,-1,0,7,0
13300,0,1,0.000,0.000,0.00,0.00,0.00,0.00,0.00,-1,0,7,0
13320,0,1,0.000,0.000,0.00,0.00,0.00,0.00,0.00,-1,0,7,0
13340,0,1,0.000,0.000,0.00,0.00,0.00,0.00,0.00,-1,0,7,0
13360,0,1,0.000,0.000,0.00,0.00,0.00,0.00,0.00,-1,0,7,0
13380,0,1,0.000,0.000,0.00,0.00,0.00,0.00,0.00,-1,0,7,0
13400,0,1,0.000,0.000,0.00,0.00,0.00,0.00,0.00,-1,0,7,0
13420,0,1,0.000,0.000,0.00,0.00,0.00,0.00,0.00,-1,0,7,0
13440,0,1,0.000,0.000,0.00,0.00,0.00,0.00,0.00,-1,0,7,0
13460,0,1,0.000,0.000,0.00,0.00,0.00,0.00,0.00,-1,0,7,0
13480,0,1,0.000,0.000,0.00,0.00,0.00,0.00,0.00,-1,0,7,0
13500,0,1,0.000,0.000,0.00,0.00,0.00,0.00,0.00,-1,0,7,0
13520,0,1,0.000,0.000,0.00,0.00,0.00,0.00,0.00,-1,0,7,0
13540,0,1,0.000,0.000,0.00,0.00,0.00,0.00,INF,-1,0,7,0
13560,0,1,0.000,0.000,0.00,0.00,0.00,0.00,0.00,-1,0,7,0
13580,0,1,0.000,0.000,0.00,0.00,0.00,0.00,0.00,-1,0,7,0
13600,0,1,0.000,0.000,0.00,0.00,0.00,0.00,INF,-1,0,7,0
13620,0,1,0.000,0.000,0.00,0.00,0.00,0.00,0.00,-1,0,7,0
13640,0,1,0.000,0.000,0.00,0.00,0.00,0.00,0.00,-1,0,7,0
13660,0,1,0.000,0.000,0.00,0.00,0.00,0.00,0.00,-1,0,7,0
13680,0,1,0.000,0.000,0.00,0.00,0.00,0.00,0.00,-1,0,7,0
13700,0,1,0.000,0.000,0.00,0.00,0.00,0.00,0.00,-1,0,7,0
13720,0,1,0.000,0.000,0.00,0.00,0.00,0.00,0.00,-1,0,7,0
13740,0,1,0.000,0.000,0.00,0.00,0.00,0.00,0.00,-1,0,7,0
13760,0,1,0.000,0.000,0.00,0.00,0.00,0.00,0.00,-1,0,7,0
13780,0,1,0.000,0.000,0.00,0.00,0.00,0.00,0.00,-1,0,7,0
13800,0,1,0.000,0.000,0.00,0.00,0.00,0.00,0.00,-1,0,7,0
13820,0,1,0.000,0.000,0.00,0.00,0.00,0.00,0.00,-1,0,7,0
13840,0,1,0.000,0.000,0.00,0.00,0.00,0.00,0.00,-1,0,7,0
13860,0,1,0.000,0.000,0.00,0.00,0.00,0.00,0.00,-1,0,7,0
13880,0,1,0.000,0.000,0.00,0.00,0.00,0.00,0.00,-1,0,7,0
13900,0,1,0.000,0.000,0.00,0.00,0.00,0.00,0.00,-1,0,7,0
13920,0,1,0.000,0.000,0.00,0.00,0.00,0.00,0.00,-1,0,7,0
13940,0,1,0.000,0.000,0.00,0.00,0.00,0.00,INF,-1,0,7,0
13960,0,1,0.000,0.000,0.00,0.00,0.00,0.00,0.00,-1,0,7,0
13980,0,1,0.000,0.000,0.00,0.00,0.00,0.00,0.00,-1,0,7,0
14000,0,1,0.000,0.000,0.00,0.00,0.00,0.00,0.00,-1,0,7,0
14020,0,1,0.000,0.000,0.00,0.00,0.00,0.00,0.00,-1,0,7,0
14040,0,1,0.000,0.000,0.00,0.00,0.00,0.00,0.00,-1,0,7,0
14060,0,1,0.000,0.000,0.00,0.00,0.00,0.00,0.00,-1,0,7,0
14080,0,1,0.000,0.000,0.00,0.00,0.00,0.00,0.00,-1,0,7,0
14100,0,1,0.000,0.000,0.00,0.00,0.00,0.00,0.00,-1,0,7,0
14120,0,1,0.000,0.000,0.00,0.00,0.00,0.00,0.00,-1,0,7,0
14140,0,1,0.000,0.000,0.00,0.00,0.00,0.00,INF,-1,0,7,0
14160,0,1,0.000,0.000,0.00,0.00,0.00,0.00,0.00,-1,0,7,0
14180,0,1,0.000,0.000,0.00,0.00,0.00,0.00,0.00,-1,0,7,0
14200,0,1,0.000,0.000,0.00,0.00,0.00,0.00,0.00,-1,0,7,0
14220,0,1,0.000,0.000,0.00,0.00,0.00,0.00,0.00,-1,0,7,0
14240,0,1,0.000,0.000,0.00,0.00,0.00,0.00,INF,-1,0,7,0
14260,0,1,0.000,0.000,0.00,0.00,0.00,0.00,0.00,-1,0,7,0
14280,0,1,0.000,0.000,0.00,0.00,0.00,0.00,0.00,-1,0,7,0
14300,0,1,0.000,0.000,0.00,0.00,0.00,0.00,0.00,-1,0,7,0
14320,0,1,0.000,0.000,0.00,0.00,0.00,0.00,0.00,-1,0,7,0
14340,0,1,0.000,0.000,0.00,0.00,0.00,0.00,0.00,-1,0,7,0
14360,0,1,0.000,0.000,0.00,0.00,0.00,0.00,0.00,-1,0,7,0
14380,0,1,0.000,0.000,0.00,0.00,0.00,0.00,0.00,-1,0,7,0
14400,0,1,0.000,0.000,0.00,0.00,0.00,0.00,0.00,-1,0,7,0
14420,0,1,0.000,0.000,0.00,0.00,0.00,0.00,0.00,-1,0,7,0
14440,0,1,0.000,0.000,0.00,0.00,0.00,0.00,0.00,-1,0,7,0
14460,0,1,0.000,0.000,0.00,0.00,0.00,0.00,0.00,-1,0,7,0
14480,0,1,0.000,0.000,0.00,0.00,0.00,0.00,0.00,-1,0,7,0
14500,0,1,0.000,0.000,0.00,0.00,0.00,0.00,0.00,-1,0,7,0
14520,0,1,0.000,0.000,0.00,0.00,0.00,0.00,0.00,-1,0,7,0
14540,0,1,0.000,0.000,0.00,0.00,0.00,0.00,0.00,-1,0,7,0
14560,0,1,0.000,0.000,0.00,0.00,0.00,0.00,0.00,-1,0,7,0
14580,0,1,0.000,0.000,0.00,0.00,0.00,0.00,0.00,-1,0,7,0
14600,0,1,0.000,0.000,0.00,0.00,0.00,0.00,0.00,-1,0,7,0
14620,0,1,0.000,0.000,0.00,0.00,0.00,0.00,0.00,-1,0,7,0
14640,0,1,0.000,0.000,0.00,0.00,0.00,0.00,0.00,-1,0,7,0
14660,0,1,0.000,0.000,0.00,0.00,0.00,0.00,0.00,-1,0,7,0
14680,0,1,0.000,0.000,0.00,0.00,0.00,0.00,0.00,-1,0,7,0
14700,0,1,0.000,0.000,0.00,0.00,0.00,0.00,0.00,-1,0,7,0
14720,0,1,0.000,0.000,0.00,0.00,0.00,0.00,0.00,-1,0,7,0
14740,0,1,0.000,0.000,0.00,0.00,0.00,0.00,0.00,-1,0,7,0
14760,0,1,0.000,0.000,0.00,0.00,0.00,0.00,0.00,-1,0,7,0
14780,0,1,0.000,0.000,0.00,0.00,0.00,0.00,0.00,-1,0,7,0
14800,0,1,0.000,0.000,0.00,0.00,0.00,0.00,0.00,-1,0,7,0
14820,0,1,0.000,0.000,0.00,0.00,0.00,0.00,0.00,-1,0,7,0
14840,0,1,0.000,0.000,0.00,0.00,0.00,0.00,0.00,-1,0,7,0
14860,0,1,0.000,0.000,0.00,0.00,0.00,0.00,INF,-1,0,7,0
14880,0,1,0.000,0.000,0.00,0.00,0.00,0.00,0.00,-1,0,7,0
14900,0,1,0.000,0.000,0.00,0.00,0.00,0.00,0.00,-1,0,7,0
14920,0,1,0.000,0.000,0.00,0.00,0.00,0.00,0.00,-1,0,7,0
14940,0,1,0.000,0.000,0.00,0.00,0.00,0.00,INF,-1,0,7,0
14960,0,1,0.000,0.000,0.00,0.00,0.00,0.00,0.00,-1,0,7,0
14980,0,1,0.000,0.000,0.00,0.00,0.00,0.00,0.00,-1,0,7,0
15000,0,1,0.000,0.000,0.00,0.00,0.00,0.00,0.00,-1,0,7,0
15020,0,1,0.000,0.000,0.00,0.00,0.00,0.00,0.00,-1,0,7,0
