"EyeTracker Toolbox version","3.250"
CalibrationParameters_A11,1.18166
CalibrationParameters_A12,0.07415
CalibrationParameters_A13,-0.02423
CalibrationParameters_A21,0.04463
CalibrationParameters_A22,-1.23281
CalibrationParameters_A23,0.03427
CalibrationParameters_A31,-0.00016
CalibrationParameters_A32,0.00033
CalibrationParameters_E11,-0.18005
CalibrationParameters_E12,-0.00008
CalibrationParameters_E21,-0.00002
CalibrationParameters_E22,0.19993
CalibrationParameters_X,35.67759
CalibrationParameters_Y,45.06473
CalibrationParameters_Rpc,88.75761
CalibrationParameters_MeanX,103.90116
CalibrationParameters_MeanY,153.99240
CalibrationParameters_ViewDist,613.00000
TimeStamp,Tracked,Calibrated,ScreenPositionXmm,ScreenPositionYmm,FicksLongitude,FicksLatitude,HelmholtzAzimuth,HelmholtzElevation,PupilDiameter,Region,Fixation,DigitalIO,Dropped
0,1,1,-39.538,13.681,-3.69,1.28,-3.69,1.28,INF,-1,0,7,0
20,1,1,-38.822,13.988,-3.62,1.30,-3.62,1.31,INF,-1,0,7,0
40,1,1,-39.409,13.367,-3.68,1.25,-3.68,1.25,INF,-1,0,7,0
60,1,1,-38.550,13.129,-3.60,1.22,-3.60,1.23,INF,-1,0,7,0
80,1,1,-39.284,12.958,-3.67,1.21,-3.67,1.21,INF,-1,0,7,0
100,1,1,-37.656,13.140,-3.52,1.23,-3.51,1.23,INF,-1,0,7,0
120,1,1,-39.095,12.852,-3.65,1.20,-3.65,1.20,INF,-1,0,7,0
140,1,1,-37.998,12.165,-3.55,1.13,-3.55,1.14,INF,-1,0,7,0
160,1,1,-37.905,13.762,-3.54,1.28,-3.54,1.29,INF,-1,0,7,0
180,1,1,-37.505,13.237,-3.50,1.23,-3.50,1.24,INF,-1,0,7,0
200,1,1,-37.500,13.280,-3.50,1.24,-3.50,1.24,INF,-1,0,7,0
220,1,1,1.575,8.472,0.15,0.79,0.15,0.79,INF,-1,0,7,0
240,1,1,4.912,11.646,0.46,1.09,0.46,1.09,INF,-1,0,7,0
260,1,1,2.544,11.067,0.24,1.03,0.24,1.03,INF,-1,0,7,0
280,1,1,1.754,11.667,0.16,1.09,0.16,1.09,INF,-1,0,7,0
300,1,1,1.722,11.778,0.16,1.10,0.16,1.10,INF,-1,0,7,0
320,1,1,1.172,10.700,0.11,1.00,0.11,1.00,INF,-1,0,7,0
340,1,1,0.732,10.731,0.07,1.00,0.07,1.00,INF,-1,0,7,0
360,1,1,2.230,10.132,0.21,0.95,0.21,0.95,INF,-1,0,7,0
380,1,1,0.537,10.665,0.05,1.00,0.05,1.00,INF,-1,0,7,0
400,1,1,2.255,11.668,0.21,1.09,0.21,1.09,INF,-1,0,7,0
420,1,1,0.478,11.578,0.04,1.08,0.04,1.08,INF,-1,0,7,0
440,1,1,1.153,11.181,0.11,1.04,0.11,1.04,INF,-1,0,7,0
460,1,1,1.033,10.779,0.10,1.01,0.10,1.01,INF,-1,0,7,0
480,1,1,1.072,9.943,0.10,0.93,0.10,0.93,INF,-1,0,7,0
500,1,1,0.855,9.447,0.08,0.88,0.08,0.88,INF,-1,1,7,0
520,1,1,0.488,11.328,0.05,1.06,0.05,1.06,INF,-1,1,7,0
540,1,1,0.638,10.355,0.06,0.97,0.06,0.97,INF,-1,1,7,0
560,1,1,1.095,9.601,0.10,0.90,0.10,0.90,INF,-1,1,7,0
580,1,1,-2.262,3.385,-0.21,0.32,-0.21,0.32,INF,-1,1,7,0
600,1,1,-4.304,-16.380,-0.40,-1.53,-0.40,-1.53,INF,-1,1,7,0
620,1,1,-4.012,-15.727,-0.38,-1.47,-0.37,-1.47,INF,-1,1,7,0
640,1,1,-5.441,-15.873,-0.51,-1.48,-0.51,-1.48,INF,-1,0,7,0
660,1,1,-6.173,-16.490,-0.58,-1.54,-0.58,-1.54,INF,-1,0,7,0
680,1,1,-5.796,-16.525,-0.54,-1.54,-0.54,-1.54,INF,-1,0,7,0
700,1,1,-4.028,-16.795,-0.38,-1.57,-0.38,-1.57,INF,-1,0,7,0
720,1,1,-4.514,-16.527,-0.42,-1.54,-0.42,-1.54,INF,-1,0,7,0
740,1,1,-5.534,-16.758,-0.52,-1.57,-0.52,-1.57,INF,-1,0,7,0
760,1,1,-4.383,-16.817,-0.41,-1.57,-0.41,-1.57,INF,-1,0,7,0
780,1,1,-5.487,-16.431,-0.51,-1.54,-0.51,-1.54,INF,-1,0,7,0
800,1,1,-4.419,-16.875,-0.41,-1.58,-0.41,-1.58,INF,-1,0,7,0
820,1,1,-4.464,-16.524,-0.42,-1.54,-0.42,-1.54,INF,-1,0,7,0
840,1,1,-3.708,-17.154,-0.35,-1.60,-0.35,-1.60,INF,-1,0,7,0
860,1,1,-5.057,-17.917,-0.47,-1.67,-0.47,-1.67,INF,-1,0,7,0
880,1,1,-4.075,-18.244,-0.38,-1.70,-0.38,-1.70,INF,-1,1,7,0
900,1,1,-3.179,-18.030,-0.30,-1.68,-0.30,-1.68,INF,-1,1,7,0
920,1,1,20.192,8.653,1.89,0.81,1.89,0.81,INF,-1,1,7,0
940,1,1,20.902,15.176,1.95,1.42,1.95,1.42,INF,-1,1,7,0
960,1,1,18.937,12.354,1.77,1.15,1.77,1.15,INF,-1,0,7,0
980,1,1,19.816,11.781,1.85,1.10,1.85,1.10,INF,-1,0,7,0
1000,1,1,19.497,11.899,1.82,1.11,1.82,1.11,INF,-1,0,7,0
1020,1,1,21.252,12.531,1.99,1.17,1.99,1.17,INF,-1,0,7,0
1040,1,1,21.389,13.941,2.00,1.30,2.00,1.30,INF,-1,0,7,0
1060,1,1,20.989,12.661,1.96,1.18,1.96,1.18,INF,-1,0,7,0
1080,1,1,20.550,11.934,1.92,1.11,1.92,1.12,INF,-1,0,7,0
1100,1,1,21.203,11.321,1.98,1.06,1.98,1.06,INF,-1,0,7,0
1120,1,1,21.007,12.933,1.96,1.21,1.96,1.21,INF,-1,0,7,0
1140,1,1,21.190,12.174,1.98,1.14,1.98,1.14,INF,-1,0,7,0
1160,1,1,20.590,12.859,1.92,1.20,1.92,1.20,INF,-1,0,7,0
1180,1,1,21.257,12.478,1.99,1.17,1.99,1.17,INF,-1,0,7,0
1200,1,1,20.700,12.804,1.93,1.20,1.93,1.20,INF,-1,1,7,0
1220,1,1,20.774,12.092,1.94,1.13,1.94,1.13,INF,-1,1,7,0
1240,1,1,21.906,11.773,2.05,1.10,2.05,1.10,INF,-1,1,7,0
1260,1,1,-25.370,10.852,-2.37,1.01,-2.37,1.01,INF,-1,1,7,0
1280,1,1,-17.998,14.162,-1.68,1.32,-1.68,1.32,INF,-1,1,7,0
1300,1,1,-17.669,12.959,-1.65,1.21,-1.65,1.21,INF,-1,0,7,0
1320,1,1,-18.623,12.188,-1.74,1.14,-1.74,1.14,INF,-1,0,7,0
1340,1,1,-18.216,12.354,-1.70,1.15,-1.70,1.15,INF,-1,0,7,0
1360,1,1,-17.318,12.342,-1.62,1.15,-1.62,1.15,INF,-1,0,7,0
1380,1,1,-17.884,12.499,-1.67,1.17,-1.67,1.17,INF,-1,0,7,0
1400,1,1,-17.763,11.769,-1.66,1.10,-1.66,1.10,INF,-1,0,7,0
1420,1,1,-17.797,12.202,-1.66,1.14,-1.66,1.14,INF,-1,0,7,0
1440,1,1,-18.102,11.219,-1.69,1.05,-1.69,1.05,INF,-1,0,7,0
1460,1,1,-18.624,11.342,-1.74,1.06,-1.74,1.06,INF,-1,0,7,0
1480,1,1,-16.287,11.740,-1.52,1.10,-1.52,1.10,INF,-1,0,7,0
1500,1,1,-18.502,11.009,-1.73,1.03,-1.73,1.03,INF,-1,0,7,0
1520,1,1,-18.065,11.203,-1.69,1.05,-1.69,1.05,INF,-1,0,7,0
1540,1,1,-18.584,11.780,-1.74,1.10,-1.74,1.10,INF,-1,1,7,0
1560,1,1,-18.006,10.121,-1.68,0.95,-1.68,0.95,INF,-1,1,7,0
1580,1,1,6.467,8.795,0.60,0.82,0.60,0.82,INF,-1,1,7,0
1600,1,1,11.948,11.139,1.12,1.04,1.12,1.04,INF,-1,1,7,0
1620,1,1,10.606,10.287,0.99,0.96,0.99,0.96,INF,-1,0,7,0
1640,1,1,11.051,9.616,1.03,0.90,1.03,0.90,INF,-1,0,7,0
1660,1,1,11.424,9.698,1.07,0.91,1.07,0.91,INF,-1,0,7,0
1680,1,1,11.065,9.570,1.03,0.89,1.03,0.89,INF,-1,0,7,0
1700,1,1,11.315,10.841,1.06,1.01,1.06,1.01,INF,-1,0,7,0
1720,1,1,12.929,10.380,1.21,0.97,1.21,0.97,INF,-1,0,7,0
1740,1,1,11.801,9.267,1.10,0.87,1.10,0.87,INF,-1,0,7,0
1760,1,1,10.789,10.986,1.01,1.03,1.01,1.03,INF,-1,0,7,0
1780,1,1,11.948,11.445,1.12,1.07,1.12,1.07,INF,-1,0,7,0
1800,1,1,11.778,10.916,1.10,1.02,1.10,1.02,INF,-1,0,7,0
1820,1,1,11.365,9.462,1.06,0.88,1.06,0.88,INF,-1,0,7,0
1840,1,1,11.720,9.414,1.10,0.88,1.10,0.88,INF,-1,0,7,0
1860,1,1,11.136,9.262,1.04,0.87,1.04,0.87,INF,-1,1,7,0
1880,1,1,10.661,9.540,1.00,0.89,1.00,0.89,INF,-1,1,7,0
1900,1,1,11.537,9.529,1.08,0.89,1.08,0.89,INF,-1,1,7,0
1920,1,1,11.666,9.303,1.09,0.87,1.09,0.87,INF,-1,1,7,0
1940,1,1,8.704,9.888,0.81,0.92,0.81,0.92,INF,-1,1,7,0
1960,1,1,-2.086,4.073,-0.19,0.38,-0.19,0.38,INF,-1,1,7,0
1980,1,1,-0.568,5.045,-0.05,0.47,-0.05,0.47,INF,-1,1,7,0
2000,1,1,-2.066,5.575,-0.19,0.52,-0.19,0.52,INF,-1,0,7,0
2020,1,1,-2.223,5.931,-0.21,0.55,-0.21,0.55,INF,-1,0,7,0
2040,1,1,-1.367,5.745,-0.13,0.54,-0.13,0.54,INF,-1,0,7,0
2060,1,1,-0.532,4.639,-0.05,0.43,-0.05,0.43,INF,-1,0,7,0
2080,1,1,-2.021,4.966,-0.19,0.46,-0.19,0.46,INF,-1,0,7,0
2100,1,1,-1.273,5.536,-0.12,0.52,-0.12,0.52,INF,-1,0,7,0
2120,1,1,-1.152,5.461,-0.11,0.51,-0.11,0.51,INF,-1,0,7,0
2140,1,1,-2.085,4.369,-0.19,0.41,-0.19,0.41,INF,-1,0,7,0
2160,1,1,-2.663,3.941,-0.25,0.37,-0.25,0.37,INF,-1,0,7,0
2180,1,1,-0.862,4.506,-0.08,0.42,-0.08,0.42,INF,-1,0,7,0
2200,1,1,-1.166,3.972,-0.11,0.37,-0.11,0.37,INF,-1,0,7,0
2220,1,1,2.928,4.461,0.27,0.42,0.27,0.42,INF,-1,0,7,0
2240,1,1,17.806,10.128,1.66,0.95,1.66,0.95,INF,-1,1,7,0
2260,1,1,14.657,10.524,1.37,0.98,1.37,0.98,INF,-1,1,7,0
2280,1,1,15.955,10.291,1.49,0.96,1.49,0.96,INF,-1,0,7,0
2300,1,1,15.360,10.759,1.44,1.01,1.44,1.01,INF,-1,0,7,0
2320,1,1,15.572,10.114,1.46,0.94,1.45,0.95,INF,-1,0,7,0
2340,1,1,15.909,9.870,1.49,0.92,1.49,0.92,INF,-1,0,7,0
2360,1,1,15.568,9.384,1.45,0.88,1.45,0.88,INF,-1,0,7,0
2380,1,1,15.679,9.214,1.47,0.86,1.46,0.86,INF,-1,0,7,0
2400,1,1,16.145,9.112,1.51,0.85,1.51,0.85,INF,-1,0,7,0
2420,1,1,16.104,9.440,1.50,0.88,1.50,0.88,INF,-1,0,7,0
2440,1,1,15.736,9.909,1.47,0.93,1.47,0.93,INF,-1,0,7,0
2460,1,1,15.034,7.867,1.40,0.74,1.40,0.74,INF,-1,0,7,0
2480,1,1,15.472,8.787,1.45,0.82,1.45,0.82,INF,-1,0,7,0
2500,1,1,15.519,8.684,1.45,0.81,1.45,0.81,INF,-1,0,7,0
2520,1,1,15.116,9.555,1.41,0.89,1.41,0.89,INF,-1,1,7,0
2540,1,1,15.106,9.084,1.41,0.85,1.41,0.85,INF,-1,1,7,0
2560,1,1,-28.792,7.760,-2.69,0.72,-2.69,0.73,INF,-1,1,7,0
2580,1,1,-20.965,9.192,-1.96,0.86,-1.96,0.86,INF,-1,1,7,0
2600,1,1,-21.884,8.733,-2.04,0.82,-2.04,0.82,INF,-1,0,7,0
2620,1,1,-21.050,8.798,-1.97,0.82,-1.97,0.82,INF,-1,0,7,0
2640,1,1,-21.254,8.240,-1.99,0.77,-1.99,0.77,INF,-1,0,7,0
2660,1,1,-21.267,8.149,-1.99,0.76,-1.99,0.76,INF,-1,0,7,0
2680,1,1,-20.461,8.941,-1.91,0.84,-1.91,0.84,INF,-1,0,7,0
2700,1,1,-20.522,9.730,-1.92,0.91,-1.92,0.91,INF,-1,0,7,0
2720,1,1,-20.375,8.211,-1.90,0.77,-1.90,0.77,INF,-1,0,7,0
2740,1,1,-21.192,8.505,-1.98,0.79,-1.98,0.79,INF,-1,0,7,0
2760,1,1,-20.771,8.384,-1.94,0.78,-1.94,0.78,INF,-1,0,7,0
2780,1,1,-20.424,9.412,-1.91,0.88,-1.91,0.88,INF,-1,0,7,0
2800,1,1,-21.049,7.822,-1.97,0.73,-1.97,0.73,INF,-1,0,7,0
2820,1,1,-20.812,8.104,-1.94,0.76,-1.94,0.76,INF,-1,0,7,0
2840,1,1,-19.025,8.217,-1.78,0.77,-1.78,0.77,INF,-1,1,7,0
2860,1,1,-21.108,8.198,-1.97,0.77,-1.97,0.77,INF,-1,1,7,0
2880,1,1,-20.111,7.657,-1.88,0.72,-1.88,0.72,INF,-1,1,7,0
2900,1,1,-20.359,7.754,-1.90,0.72,-1.90,0.72,INF,-1,1,7,0
2920,1,1,-21.019,7.667,-1.96,0.72,-1.96,0.72,INF,-1,1,7,0
2940,1,1,-20.597,8.475,-1.92,0.79,-1.92,0.79,INF,-1,1,7,0
2960,1,1,-0.724,13.532,-0.07,1.26,-0.07,1.26,INF,-1,1,7,0
2980,1,1,-2.156,13.410,-0.20,1.25,-0.20,1.25,INF,-1,1,7,0
3000,1,1,-3.281,13.396,-0.31,1.25,-0.31,1.25,INF,-1,0,7,0
3020,1,1,-3.399,11.981,-0.32,1.12,-0.32,1.12,INF,-1,0,7,0
3040,1,1,-2.713,11.881,-0.25,1.11,-0.25,1.11,INF,-1,0,7,0
3060,1,1,-2.990,11.749,-0.28,1.10,-0.28,1.10,INF,-1,0,7,0
3080,1,1,-2.964,11.586,-0.28,1.08,-0.28,1.08,INF,-1,0,7,0
3100,1,1,-2.296,12.873,-0.21,1.20,-0.21,1.20,INF,-1,0,7,0
3120,1,1,-2.518,12.004,-0.24,1.12,-0.24,1.12,INF,-1,0,7,0
3140,1,1,-2.181,11.918,-0.20,1.11,-0.20,1.11,INF,-1,0,7,0
3160,1,1,-3.235,13.176,-0.30,1.23,-0.30,1.23,INF,-1,0,7,0
3180,1,1,-3.156,12.713,-0.30,1.19,-0.29,1.19,INF,-1,0,7,0
3200,1,1,-3.844,12.192,-0.36,1.14,-0.36,1.14,INF,-1,0,7,0
3220,1,1,-3.534,12.742,-0.33,1.19,-0.33,1.19,INF,-1,0,7,0
3240,1,1,-4.513,12.887,-0.42,1.20,-0.42,1.20,INF,-1,1,7,0
3260,1,1,-2.898,12.369,-0.27,1.16,-0.27,1.16,INF,-1,1,7,0
3280,1,1,-2.951,12.699,-0.28,1.19,-0.28,1.19,INF,-1,1,7,0
3300,1,1,-3.321,12.239,-0.31,1.14,-0.31,1.14,INF,-1,1,7,0
3320,1,1,7.105,-10.612,0.66,-0.99,0.66,-0.99,INF,-1,1,7,0
3340,1,1,5.936,-13.353,0.55,-1.25,0.55,-1.25,INF,-1,1,7,0
3360,1,1,5.586,-12.476,0.52,-1.17,0.52,-1.17,INF,-1,0,7,0
3380,1,1,6.185,-13.062,0.58,-1.22,0.58,-1.22,INF,-1,0,7,0
3400,1,1,6.087,-12.651,0.57,-1.18,0.57,-1.18,INF,-1,0,7,0
3420,1,1,5.103,-11.998,0.48,-1.12,0.48,-1.12,INF,-1,0,7,0
3440,1,1,5.810,-12.961,0.54,-1.21,0.54,-1.21,INF,-1,0,7,0
3460,1,1,4.396,-13.469,0.41,-1.26,0.41,-1.26,INF,-1,0,7,0
3480,1,1,5.782,-13.736,0.54,-1.28,0.54,-1.28,INF,-1,0,7,0
3500,1,1,4.650,-13.045,0.43,-1.22,0.43,-1.22,INF,-1,0,7,0
3520,1,1,5.782,-13.640,0.54,-1.27,0.54,-1.27,INF,-1,0,7,0
3540,1,1,5.056,-12.879,0.47,-1.20,0.47,-1.20,INF,-1,0,7,0
3560,1,1,4.432,-12.787,0.41,-1.19,0.41,-1.19,INF,-1,0,7,0
3580,1,1,4.667,-13.436,0.44,-1.26,0.44,-1.26,INF,-1,0,7,0
3600,1,1,4.105,-13.999,0.38,-1.31,0.38,-1.31,INF,-1,1,7,0
3620,1,1,5.001,-13.914,0.47,-1.30,0.47,-1.30,INF,-1,1,7,0
3640,1,1,4.059,-14.373,0.38,-1.34,0.38,-1.34,INF,-1,1,7,0
3660,1,1,4.371,-13.727,0.41,-1.28,0.41,-1.28,INF,-1,1,7,0
3680,1,1,4.677,-14.527,0.44,-1.36,0.44,-1.36,INF,-1,1,7,0
3700,1,1,4.373,-14.514,0.41,-1.36,0.41,-1.36,INF,-1,1,7,0
3720,1,1,-9.507,-4.986,-0.89,-0.47,-0.89,-0.47,INF,-1,1,7,0
3740,1,1,-7.395,17.536,-0.69,1.64,-0.69,1.64,INF,-1,1,7,0
3760,1,1,-7.114,19.612,-0.66,1.83,-0.66,1.83,INF,-1,0,7,0
3780,1,1,-7.018,18.479,-0.66,1.73,-0.66,1.73,INF,-1,0,7,0
3800,1,1,-6.380,18.775,-0.60,1.75,-0.60,1.75,INF,-1,0,7,0
3820,1,1,-6.775,18.296,-0.63,1.71,-0.63,1.71,INF,-1,0,7,0
3840,1,1,-7.637,18.071,-0.71,1.69,-0.71,1.69,INF,-1,0,7,0
3860,1,1,-8.127,17.686,-0.76,1.65,-0.76,1.65,INF,-1,0,7,0
3880,1,1,-7.413,18.400,-0.69,1.72,-0.69,1.72,INF,-1,0,7,0
3900,1,1,-12.064,17.686,-1.13,1.65,-1.13,1.65,INF,-1,0,7,0
3920,1,1,-18.794,15.892,-1.76,1.48,-1.76,1.49,INF,-1,0,7,0
3940,1,1,-20.474,16.459,-1.91,1.54,-1.91,1.54,INF,-1,0,7,0
3960,1,1,-19.895,15.756,-1.86,1.47,-1.86,1.47,INF,-1,0,7,0
3980,1,1,-19.830,15.833,-1.85,1.48,-1.85,1.48,INF,-1,0,7,0
4000,1,1,-19.301,16.549,-1.80,1.55,-1.80,1.55,INF,-1,0,7,0
4020,1,1,-18.716,15.741,-1.75,1.47,-1.75,1.47,INF,-1,1,7,0
4040,1,1,-18.806,15.633,-1.76,1.46,-1.76,1.46,INF,-1,1,7,0
4060,1,1,-19.114,14.989,-1.79,1.40,-1.79,1.40,INF,-1,1,7,0
4080,1,1,-18.418,15.429,-1.72,1.44,-1.72,1.44,INF,-1,1,7,0
4100,1,1,-18.440,15.528,-1.72,1.45,-1.72,1.45,INF,-1,1,7,0
4120,1,1,-17.693,15.935,-1.65,1.49,-1.65,1.49,INF,-1,1,7,0
4140,1,1,-17.633,16.522,-1.65,1.54,-1.65,1.54,INF,-1,1,7,0
4160,1,1,-16.988,17.019,-1.59,1.59,-1.59,1.59,INF,-1,1,7,0
4180,1,1,-18.827,15.347,-1.76,1.43,-1.76,1.43,INF,-1,1,7,0
4200,1,1,-17.131,16.031,-1.60,1.50,-1.60,1.50,INF,-1,1,7,0
4220,1,1,-17.745,15.677,-1.66,1.46,-1.66,1.46,INF,-1,1,7,0
4240,1,1,-10.327,7.942,-0.97,0.74,-0.97,0.74,INF,-1,1,7,0
4260,1,1,4.392,-5.265,0.41,-0.49,0.41,-0.49,INF,-1,1,7,0
4280,1,1,4.039,-4.508,0.38,-0.42,0.38,-0.42,INF,-1,1,7,0
4300,1,1,3.850,-4.467,0.36,-0.42,0.36,-0.42,INF,-1,0,7,0
4320,1,1,3.738,-5.645,0.35,-0.53,0.35,-0.53,INF,-1,0,7,0
4340,1,1,3.495,-6.439,0.33,-0.60,0.33,-0.60,INF,-1,0,7,0
4360,1,1,4.541,-5.179,0.42,-0.48,0.42,-0.48,INF,-1,0,7,0
4380,1,1,3.843,-5.306,0.36,-0.50,0.36,-0.50,INF,-1,0,7,0
4400,1,1,4.269,-5.747,0.40,-0.54,0.40,-0.54,INF,-1,0,7,0
4420,1,1,4.334,-6.345,0.41,-0.59,0.41,-0.59,INF,-1,0,7,0
4440,1,1,4.489,-4.915,0.42,-0.46,0.42,-0.46,INF,-1,0,7,0
4460,1,1,4.860,-3.976,0.45,-0.37,0.45,-0.37,INF,-1,0,7,0
4480,1,1,4.327,-5.021,0.40,-0.47,0.40,-0.47,INF,-1,0,7,0
4500,1,1,4.297,-4.867,0.40,-0.45,0.40,-0.45,INF,-1,0,7,0
4520,1,1,4.062,-4.547,0.38,-0.42,0.38,-0.42,INF,-1,0,7,0
4540,1,1,-4.404,-6.846,-0.41,-0.64,-0.41,-0.64,INF,-1,1,7,0
4560,1,1,-36.920,-21.249,-3.45,-1.98,-3.44,-1.99,INF,-1,1,7,0
4580,1,1,-32.696,-20.751,-3.05,-1.94,-3.05,-1.94,INF,-1,1,7,0
4600,1,1,-33.608,-21.577,-3.14,-2.01,-3.14,-2.02,INF,-1,0,7,0
4620,1,1,-33.103,-21.647,-3.09,-2.02,-3.09,-2.02,INF,-1,0,7,0
4640,1,1,-32.717,-21.317,-3.06,-1.99,-3.05,-1.99,INF,-1,0,7,0
4660,1,1,-33.692,-21.718,-3.15,-2.03,-3.14,-2.03,INF,-1,0,7,0
4680,1,1,-32.783,-22.393,-3.06,-2.09,-3.06,-2.09,INF,-1,0,7,0
4700,1,1,-32.406,-21.266,-3.03,-1.98,-3.02,-1.99,INF,-1,0,7,0
4720,1,1,-31.896,-20.624,-2.98,-1.92,-2.98,-1.93,INF,-1,0,7,0
4740,1,1,-31.450,-21.561,-2.94,-2.01,-2.94,-2.01,INF,-1,0,7,0
4760,1,1,-32.680,-20.878,-3.05,-1.95,-3.05,-1.95,INF,-1,0,7,0
4780,1,1,-32.074,-21.677,-3.00,-2.02,-2.99,-2.03,INF,-1,0,7,0
4800,1,1,-31.905,-20.755,-2.98,-1.94,-2.98,-1.94,INF,-1,0,7,0
4820,1,1,-32.909,-20.729,-3.07,-1.93,-3.07,-1.94,INF,-1,0,7,0
4840,1,1,-33.945,-21.736,-3.17,-2.03,-3.17,-2.03,INF,-1,1,7,0
4860,0,1,0.000,0.000,0.00,0.00,0.00,0.00,0.00,-1,1,7,0
4880,0,1,0.000,0.000,0.00,0.00,0.00,0.00,0.00,-1,1,7,0
4900,0,1,0.000,0.000,0.00,0.00,0.00,0.00,0.00,-1,1,7,0
4920,0,1,0.000,0.000,0.00,0.00,0.00,0.00,0.00,-1,1,7,0
4940,0,1,0.000,0.000,0.00,0.00,0.00,0.00,0.00,-1,0,7,0
4960,0,1,0.000,0.000,0.00,0.00,0.00,0.00,0.00,-1,0,7,0
4980,0,1,0.000,0.000,0.00,0.00,0.00,0.00,0.00,-1,0,7,0
5000,0,1,0.000,0.000,0.00,0.00,0.00,0.00,0.00,-1,0,7,0
5020,1,1,21.001,-4.781,1.96,-0.45,1.96,-0.45,INF,-1,0,7,0
5040,1,1,25.332,13.190,2.37,1.23,2.37,1.23,INF,-1,0,7,0
5060,1,1,25.351,14.627,2.37,1.37,2.37,1.37,INF,-1,0,7,0
5080,1,1,24.658,16.087,2.30,1.50,2.30,1.50,INF,-1,0,7,0
5100,1,1,24.590,14.438,2.30,1.35,2.30,1.35,INF,-1,0,7,0
5120,1,1,24.322,11.879,2.27,1.11,2.27,1.11,INF,-1,0,7,0
5140,1,1,24.707,13.211,2.31,1.23,2.31,1.23,INF,-1,0,7,0
5160,1,1,23.913,11.597,2.23,1.08,2.23,1.08,INF,-1,0,7,0
5180,1,1,24.039,12.813,2.25,1.20,2.25,1.20,INF,-1,0,7,0
5200,1,1,23.640,11.962,2.21,1.12,2.21,1.12,INF,-1,0,7,0
5220,1,1,23.558,11.364,2.20,1.06,2.20,1.06,INF,-1,0,7,0
5240,1,1,23.214,10.629,2.17,0.99,2.17,0.99,INF,-1,0,7,0
5260,1,1,23.408,11.169,2.19,1.04,2.19,1.04,INF,-1,0,7,0
5280,1,1,22.223,11.372,2.08,1.06,2.08,1.06,INF,-1,0,7,0
5300,1,1,22.522,10.639,2.10,0.99,2.10,0.99,INF,-1,0,7,0
5320,1,1,22.408,10.793,2.09,1.01,2.09,1.01,INF,-1,1,7,0
5340,1,1,23.546,10.827,2.20,1.01,2.20,1.01,INF,-1,1,7,0
5360,1,1,22.699,10.272,2.12,0.96,2.12,0.96,INF,-1,1,7,0
5380,1,1,22.834,10.744,2.13,1.00,2.13,1.00,INF,-1,1,7,0
5400,1,1,21.920,10.830,2.05,1.01,2.05,1.01,INF,-1,1,7,0
5420,1,1,22.452,10.631,2.10,0.99,2.10,0.99,INF,-1,1,7,0
5440,1,1,21.303,10.716,1.99,1.00,1.99,1.00,INF,-1,1,7,0
5460,1,1,22.061,9.685,2.06,0.90,2.06,0.91,INF,-1,1,7,0
5480,1,1,9.863,3.580,0.92,0.33,0.92,0.33,INF,-1,1,7,0
5500,1,1,9.112,2.273,0.85,0.21,0.85,0.21,INF,-1,1,7,0
5520,1,1,9.611,2.342,0.90,0.22,0.90,0.22,INF,-1,0,7,0
5540,1,1,9.778,2.123,0.91,0.20,0.91,0.20,INF,-1,0,7,0
5560,1,1,9.089,1.972,0.85,0.18,0.85,0.18,INF,-1,0,7,0
5580,1,1,9.087,1.979,0.85,0.18,0.85,0.19,INF,-1,0,7,0
5600,1,1,8.271,1.386,0.77,0.13,0.77,0.13,INF,-1,0,7,0
5620,1,1,9.003,1.126,0.84,0.11,0.84,0.11,INF,-1,0,7,0
5640,1,1,8.916,2.036,0.83,0.19,0.83,0.19,INF,-1,0,7,0
5660,1,1,8.478,2.431,0.79,0.23,0.79,0.23,INF,-1,0,7,0
5680,1,1,8.470,1.470,0.79,0.14,0.79,0.14,INF,-1,0,7,0
5700,1,1,9.422,1.570,0.88,0.15,0.88,0.15,INF,-1,0,7,0
5720,1,1,9.037,1.593,0.84,0.15,0.84,0.15,INF,-1,0,7,0
5740,1,1,14.746,18.325,1.38,1.71,1.38,1.71,INF,-1,0,7,0
5760,1,1,14.974,23.378,1.40,2.18,1.40,2.18,INF,-1,1,7,0
5780,1,1,15.780,21.870,1.47,2.04,1.47,2.04,INF,-1,0,7,0
5800,1,1,15.519,22.595,1.45,2.11,1.45,2.11,INF,-1,0,7,0
5820,1,1,14.971,22.378,1.40,2.09,1.40,2.09,INF,-1,0,7,0
5840,1,1,14.655,21.871,1.37,2.04,1.37,2.04,INF,-1,0,7,0
5860,1,1,15.523,22.018,1.45,2.06,1.45,2.06,INF,-1,0,7,0
5880,1,1,15.479,22.294,1.45,2.08,1.45,2.08,INF,-1,0,7,0
5900,1,1,15.265,22.364,1.43,2.09,1.43,2.09,INF,-1,0,7,0
5920,1,1,14.895,22.584,1.39,2.11,1.39,2.11,INF,-1,0,7,0
5940,1,1,5.015,24.646,0.47,2.30,0.47,2.30,INF,-1,0,7,0
5960,1,1,-5.737,37.397,-0.54,3.49,-0.54,3.49,INF,-1,0,7,0
5980,1,1,-6.759,36.551,-0.63,3.41,-0.63,3.41,INF,-1,0,7,0
6000,1,1,-4.278,36.155,-0.40,3.38,-0.40,3.38,INF,-1,0,7,0
6020,1,1,-5.181,36.417,-0.48,3.40,-0.48,3.40,INF,-1,0,7,0
6040,1,1,-6.062,35.894,-0.57,3.35,-0.57,3.35,INF,-1,0,7,0
6060,1,1,-5.068,36.354,-0.47,3.39,-0.47,3.39,INF,-1,0,7,0
6080,1,1,-6.153,35.830,-0.58,3.35,-0.57,3.35,INF,-1,0,7,0
6100,1,1,-5.154,36.029,-0.48,3.36,-0.48,3.36,INF,-1,0,7,0
6120,1,1,-4.128,36.299,-0.39,3.39,-0.39,3.39,INF,-1,1,7,0
6140,1,1,-5.027,35.628,-0.47,3.33,-0.47,3.33,INF,-1,1,7,0
6160,1,1,-5.715,36.844,-0.53,3.44,-0.53,3.44,INF,-1,1,7,0
6180,1,1,-6.069,36.882,-0.57,3.44,-0.57,3.44,INF,-1,1,7,0
6200,1,1,-5.534,36.247,-0.52,3.38,-0.52,3.38,INF,-1,1,7,0
6220,1,1,-4.822,36.836,-0.45,3.44,-0.45,3.44,INF,-1,1,7,0
6240,1,1,-4.975,36.511,-0.47,3.41,-0.46,3.41,INF,-1,1,7,0
6260,1,1,-6.748,37.000,-0.63,3.45,-0.63,3.45,INF,-1,1,7,0
6280,1,1,-11.360,37.081,-1.06,3.46,-1.06,3.46,INF,-1,1,7,0
6300,1,1,-18.024,33.904,-1.68,3.16,-1.68,3.17,INF,-1,0,7,0
6320,1,1,-18.225,34.513,-1.70,3.22,-1.70,3.22,INF,-1,0,7,0
6340,1,1,-17.395,34.573,-1.63,3.23,-1.62,3.23,INF,-1,0,7,0
6360,1,1,-18.703,34.365,-1.75,3.21,-1.74,3.21,INF,-1,0,7,0
6380,1,1,-18.580,33.636,-1.74,3.14,-1.73,3.14,INF,-1,0,7,0
6400,1,1,-17.524,33.222,-1.64,3.10,-1.64,3.10,INF,-1,0,7,0
6420,1,1,-17.507,34.685,-1.64,3.24,-1.63,3.24,INF,-1,0,7,0
6440,1,1,-16.918,34.041,-1.58,3.18,-1.58,3.18,INF,-1,0,7,0
6460,1,1,-17.632,34.958,-1.65,3.26,-1.64,3.26,INF,-1,0,7,0
6480,1,1,-16.677,35.589,-1.56,3.32,-1.56,3.32,INF,-1,0,7,0
6500,1,1,-17.620,35.505,-1.65,3.31,-1.64,3.31,INF,-1,0,7,0
6520,1,1,-17.051,35.009,-1.59,3.27,-1.59,3.27,INF,-1,0,7,0
6540,1,1,-16.923,34.014,-1.58,3.17,-1.58,3.18,INF,-1,1,7,0
6560,1,1,-16.925,35.171,-1.58,3.28,-1.58,3.28,INF,-1,1,7,0
6580,1,1,-18.407,34.988,-1.72,3.27,-1.72,3.27,INF,-1,1,7,0
6600,1,1,-16.350,33.359,-1.53,3.11,-1.53,3.11,INF,-1,1,7,0
6620,1,1,9.536,33.863,0.89,3.16,0.89,3.16,INF,-1,1,7,0
6640,1,1,18.838,37.666,1.76,3.51,1.76,3.52,INF,-1,1,7,0
6660,1,1,18.806,36.724,1.76,3.43,1.75,3.43,INF,-1,0,7,0
6680,1,1,19.870,35.882,1.86,3.35,1.85,3.35,INF,-1,0,7,0
6700,1,1,18.797,36.796,1.76,3.43,1.75,3.44,INF,-1,0,7,0
6720,1,1,19.805,36.927,1.85,3.45,1.85,3.45,INF,-1,0,7,0
6740,1,1,18.663,36.849,1.74,3.44,1.74,3.44,INF,-1,0,7,0
6760,1,1,18.781,37.309,1.75,3.48,1.75,3.48,INF,-1,0,7,0
6780,1,1,17.906,36.935,1.67,3.45,1.67,3.45,INF,-1,0,7,0
6800,1,1,19.165,36.526,1.79,3.41,1.79,3.41,INF,-1,0,7,0
6820,1,1,19.852,36.259,1.85,3.38,1.85,3.39,INF,-1,0,7,0
6840,1,1,18.158,37.860,1.70,3.53,1.69,3.53,INF,-1,0,7,0
6860,1,1,18.413,36.900,1.72,3.44,1.72,3.44,INF,-1,0,7,0
6880,1,1,15.556,38.279,1.45,3.57,1.45,3.57,INF,-1,0,7,0
6900,1,1,0.529,40.968,0.05,3.82,0.05,3.82,INF,-1,1,7,0
6920,1,1,0.690,41.787,0.06,3.90,0.06,3.90,INF,-1,1,7,0
6940,1,1,0.557,41.476,0.05,3.87,0.05,3.87,INF,-1,0,7,0
6960,1,1,-0.782,41.372,-0.07,3.86,-0.07,3.86,INF,-1,0,7,0
6980,1,1,-0.766,40.914,-0.07,3.82,-0.07,3.82,INF,-1,0,7,0
7000,1,1,-0.714,40.425,-0.07,3.77,-0.07,3.77,INF,-1,0,7,0
7020,1,1,-1.251,40.787,-0.12,3.81,-0.12,3.81,INF,-1,0,7,0
7040,1,1,-0.777,42.317,-0.07,3.95,-0.07,3.95,INF,-1,0,7,0
7060,1,1,-0.963,40.196,-0.09,3.75,-0.09,3.75,INF,-1,0,7,0
7080,1,1,0.611,41.603,0.06,3.88,0.06,3.88,INF,-1,0,7,0
7100,1,1,-9.461,38.634,-0.88,3.61,-0.88,3.61,INF,-1,0,7,0
7120,1,1,-7.981,38.400,-0.75,3.58,-0.74,3.58,INF,-1,0,7,0
7140,1,1,-8.688,38.645,-0.81,3.61,-0.81,3.61,INF,-1,0,7,0
7160,1,1,-8.067,39.115,-0.75,3.65,-0.75,3.65,INF,-1,0,7,0
7180,1,1,-9.077,38.954,-0.85,3.64,-0.85,3.64,INF,-1,1,7,0
7200,1,1,-8.602,39.459,-0.80,3.68,-0.80,3.68,INF,-1,1,7,0
7220,1,1,-8.443,39.374,-0.79,3.67,-0.79,3.68,INF,-1,1,7,0
7240,1,1,-9.694,38.834,-0.91,3.62,-0.90,3.62,INF,-1,1,7,0
7260,1,1,-8.723,38.411,-0.82,3.59,-0.81,3.59,INF,-1,1,7,0
7280,1,1,-7.970,38.959,-0.74,3.64,-0.74,3.64,INF,-1,1,7,0
7300,1,1,-8.990,39.032,-0.84,3.64,-0.84,3.64,INF,-1,1,7,0
7320,1,1,-9.537,38.585,-0.89,3.60,-0.89,3.60,INF,-1,1,7,0
7340,1,1,-7.443,39.134,-0.70,3.65,-0.69,3.65,INF,-1,1,7,0
7360,1,1,-8.572,38.117,-0.80,3.56,-0.80,3.56,INF,-1,1,7,0
7380,1,1,0.061,38.619,0.01,3.60,0.01,3.60,INF,-1,1,7,0
7400,1,1,4.090,39.401,0.38,3.68,0.38,3.68,INF,-1,1,7,0
7420,1,1,2.775,39.267,0.26,3.67,0.26,3.67,INF,-1,1,7,0
7440,1,1,4.026,38.862,0.38,3.63,0.38,3.63,INF,-1,1,7,0
7460,1,1,4.252,39.226,0.40,3.66,0.40,3.66,INF,-1,1,7,0
7480,1,1,2.683,39.876,0.25,3.72,0.25,3.72,INF,-1,1,7,0
7500,1,1,-20.150,36.620,-1.88,3.42,-1.88,3.42,INF,-1,1,7,0
7520,1,1,-16.561,36.260,-1.55,3.38,-1.54,3.39,INF,-1,1,7,0
7540,1,1,-16.186,36.893,-1.51,3.44,-1.51,3.44,INF,-1,0,7,0
7560,1,1,-15.631,36.356,-1.46,3.39,-1.46,3.39,INF,-1,0,7,0
7580,1,1,-15.272,36.734,-1.43,3.43,-1.42,3.43,INF,-1,0,7,0
7600,1,1,-15.618,36.741,-1.46,3.43,-1.46,3.43,INF,-1,0,7,0
7620,1,1,-15.305,36.388,-1.43,3.40,-1.43,3.40,INF,-1,0,7,0
7640,1,1,-15.643,35.917,-1.46,3.35,-1.46,3.35,INF,-1,0,7,0
7660,1,1,-16.558,37.743,-1.55,3.52,-1.54,3.52,INF,-1,0,7,0
7680,1,1,-14.792,37.586,-1.38,3.51,-1.38,3.51,INF,-1,0,7,0
7700,1,1,-6.888,40.465,-0.64,3.78,-0.64,3.78,INF,-1,0,7,0
7720,1,1,-7.337,39.568,-0.69,3.69,-0.68,3.69,INF,-1,0,7,0
7740,1,1,-6.695,39.620,-0.63,3.70,-0.62,3.70,INF,-1,0,7,0
7760,1,1,-6.656,39.543,-0.62,3.69,-0.62,3.69,INF,-1,0,7,0
7780,1,1,-7.164,39.569,-0.67,3.69,-0.67,3.69,INF,-1,1,7,0
7800,1,1,-6.313,38.306,-0.59,3.58,-0.59,3.58,INF,-1,1,7,0
7820,1,1,-5.681,39.062,-0.53,3.65,-0.53,3.65,INF,-1,1,7,0
7840,1,1,-4.879,37.610,-0.46,3.51,-0.46,3.51,INF,-1,1,7,0
7860,1,1,-6.449,39.679,-0.60,3.70,-0.60,3.70,INF,-1,1,7,0
7880,1,1,-6.590,39.379,-0.62,3.68,-0.61,3.68,INF,-1,1,7,0
7900,1,1,-5.748,39.681,-0.54,3.70,-0.54,3.70,INF,-1,1,7,0
7920,1,1,-6.062,39.153,-0.57,3.65,-0.57,3.65,INF,-1,1,7,0
7940,1,1,-7.454,39.131,-0.70,3.65,-0.70,3.65,INF,-1,1,7,0
7960,1,1,-5.946,39.734,-0.56,3.71,-0.55,3.71,INF,-1,1,7,0
7980,1,1,-57.691,25.834,-5.38,2.40,-5.37,2.41,INF,-1,1,7,0
8000,1,1,-50.612,27.654,-4.72,2.57,-4.72,2.58,INF,-1,1,7,0
8020,1,1,-51.587,26.804,-4.81,2.49,-4.81,2.50,INF,-1,0,7,0
8040,1,1,-51.844,27.235,-4.83,2.53,-4.83,2.54,INF,-1,0,7,0
8060,1,1,-51.366,27.027,-4.79,2.52,-4.79,2.52,INF,-1,0,7,0
8080,1,1,-50.929,27.104,-4.75,2.52,-4.74,2.53,INF,-1,0,7,0
8100,1,1,-50.101,27.350,-4.67,2.55,-4.67,2.55,INF,-1,0,7,0
8120,1,1,-50.957,26.873,-4.75,2.50,-4.75,2.51,INF,-1,0,7,0
8140,1,1,-49.992,27.128,-4.66,2.53,-4.66,2.53,INF,-1,0,7,0
8160,1,1,-50.824,26.478,-4.74,2.46,-4.74,2.47,INF,-1,0,7,0
8180,1,1,-51.141,27.279,-4.77,2.54,-4.76,2.55,INF,-1,0,7,0
8200,1,1,-49.815,26.923,-4.65,2.51,-4.64,2.51,INF,-1,0,7,0
8220,1,1,-50.051,26.640,-4.67,2.48,-4.66,2.49,INF,-1,0,7,0
8240,1,1,-44.723,7.285,-4.17,0.68,-4.17,0.68,INF,-1,0,7,0
8260,1,1,-45.269,-5.119,-4.22,-0.48,-4.22,-0.48,INF,-1,1,7,0
8280,1,1,-45.444,-5.774,-4.24,-0.54,-4.24,-0.54,INF,-1,0,7,0
8300,1,1,-45.200,-6.515,-4.22,-0.61,-4.22,-0.61,INF,-1,0,7,0
8320,1,1,-45.174,-5.182,-4.21,-0.48,-4.21,-0.48,INF,-1,0,7,0
8340,1,1,-45.674,-5.785,-4.26,-0.54,-4.26,-0.54,INF,-1,0,7,0
8360,1,1,-45.999,-6.929,-4.29,-0.65,-4.29,-0.65,INF,-1,0,7,0
8380,1,1,-45.303,-6.682,-4.23,-0.62,-4.23,-0.62,INF,-1,0,7,0
8400,1,1,-44.627,-5.620,-4.16,-0.52,-4.16,-0.53,INF,-1,0,7,0
8420,1,1,-45.102,-6.578,-4.21,-0.61,-4.21,-0.61,INF,-1,0,7,0
8440,1,1,-45.307,-6.865,-4.23,-0.64,-4.23,-0.64,INF,-1,0,7,0
8460,1,1,-44.165,-7.726,-4.12,-0.72,-4.12,-0.72,INF,-1,0,7,0
8480,1,1,-44.715,-7.400,-4.17,-0.69,-4.17,-0.69,INF,-1,0,7,0
8500,1,1,-44.000,-7.574,-4.11,-0.71,-4.11,-0.71,INF,-1,0,7,0
8520,1,1,-43.596,-6.894,-4.07,-0.64,-4.07,-0.64,INF,-1,0,7,0
8540,1,1,-44.110,-7.613,-4.12,-0.71,-4.12,-0.71,INF,-1,1,7,0
8560,1,1,-43.579,-7.939,-4.07,-0.74,-4.07,-0.74,INF,-1,1,7,0
8580,1,1,-42.845,-9.154,-4.00,-0.85,-4.00,-0.86,INF,-1,1,7,0
8600,1,1,-43.587,-8.038,-4.07,-0.75,-4.07,-0.75,INF,-1,1,7,0
8620,1,1,-42.951,-8.075,-4.01,-0.75,-4.01,-0.75,INF,-1,1,7,0
8640,1,1,-43.214,-8.939,-4.03,-0.83,-4.03,-0.84,INF,-1,1,7,0
8660,1,1,-43.354,-9.303,-4.05,-0.87,-4.04,-0.87,INF,-1,1,7,0
8680,1,1,-43.378,-8.482,-4.05,-0.79,-4.05,-0.79,INF,-1,1,7,0
8700,1,1,-43.562,-10.182,-4.06,-0.95,-4.06,-0.95,INF,-1,1,7,0
8720,1,1,13.932,2.039,1.30,0.19,1.30,0.19,INF,-1,1,7,0
8740,1,1,37.720,6.474,3.52,0.60,3.52,0.61,INF,-1,1,7,0
8760,1,1,35.449,5.804,3.31,0.54,3.31,0.54,INF,-1,0,7,0
8780,1,1,35.229,5.754,3.29,0.54,3.29,0.54,INF,-1,0,7,0
8800,1,1,35.345,5.066,3.30,0.47,3.30,0.47,INF,-1,0,7,0
8820,1,1,36.055,4.789,3.37,0.45,3.37,0.45,INF,-1,0,7,0
8840,1,1,35.949,5.060,3.36,0.47,3.36,0.47,INF,-1,0,7,0
8860,1,1,35.871,6.113,3.35,0.57,3.35,0.57,INF,-1,0,7,0
8880,1,1,35.184,6.300,3.28,0.59,3.28,0.59,INF,-1,0,7,0
8900,1,1,35.894,6.107,3.35,0.57,3.35,0.57,INF,-1,0,7,0
8920,1,1,35.354,5.629,3.30,0.53,3.30,0.53,INF,-1,0,7,0
8940,1,1,35.936,5.887,3.35,0.55,3.35,0.55,INF,-1,0,7,0
8960,1,1,46.863,17.196,4.37,1.60,4.37,1.61,INF,-1,0,7,0
8980,1,1,44.541,17.974,4.16,1.68,4.15,1.68,INF,-1,0,7,0
9000,1,1,44.890,17.725,4.19,1.65,4.19,1.66,INF,-1,0,7,0
9020,1,1,43.284,16.221,4.04,1.51,4.04,1.52,INF,-1,0,7,0
9040,1,1,43.686,16.323,4.08,1.52,4.07,1.53,INF,-1,0,7,0
9060,1,1,45.055,16.490,4.20,1.54,4.20,1.54,INF,-1,1,7,0
9080,1,1,45.084,15.976,4.21,1.49,4.20,1.49,INF,-1,1,7,0
9100,1,1,44.344,16.143,4.14,1.50,4.14,1.51,INF,-1,1,7,0
9120,1,1,44.640,15.483,4.17,1.44,4.16,1.45,INF,-1,1,7,0
9140,1,1,43.191,15.828,4.03,1.48,4.03,1.48,INF,-1,1,7,0
9160,1,1,45.093,15.350,4.21,1.43,4.21,1.43,INF,-1,1,7,0
9180,1,1,44.222,15.760,4.13,1.47,4.12,1.47,INF,-1,1,7,0
9200,1,1,43.193,14.968,4.03,1.40,4.03,1.40,INF,-1,1,7,0
9220,1,1,44.347,15.601,4.14,1.45,4.14,1.46,INF,-1,1,7,0
9240,1,1,45.205,15.635,4.22,1.46,4.22,1.46,INF,-1,1,7,0
9260,1,1,43.109,14.749,4.02,1.37,4.02,1.38,INF,-1,1,7,0
9280,1,1,42.881,15.312,4.00,1.43,4.00,1.43,INF,-1,1,7,0
9300,0,1,0.000,0.000,0.00,0.00,0.00,0.00,INF,-1,1,7,0
9320,1,1,-64.541,2.732,-6.01,0.25,-6.01,0.26,INF,-1,1,7,0
9340,1,1,-62.663,3.569,-5.84,0.33,-5.84,0.33,INF,-1,1,7,0
9360,1,1,-62.524,3.158,-5.82,0.29,-5.82,0.30,INF,-1,1,7,0
9380,1,1,-62.119,3.821,-5.79,0.36,-5.79,0.36,INF,-1,0,7,0
9400,1,1,-64.344,3.328,-5.99,0.31,-5.99,0.31,INF,-1,0,7,0
9420,1,1,-61.645,3.322,-5.74,0.31,-5.74,0.31,INF,-1,0,7,0
9440,1,1,-64.112,4.456,-5.97,0.41,-5.97,0.42,INF,-1,0,7,0
9460,1,1,-63.435,3.368,-5.91,0.31,-5.91,0.31,INF,-1,0,7,0
9480,1,1,-62.390,3.255,-5.81,0.30,-5.81,0.30,INF,-1,0,7,0
9500,1,1,-62.402,3.721,-5.81,0.35,-5.81,0.35,INF,-1,0,7,0
9520,1,1,-63.727,4.581,-5.94,0.43,-5.93,0.43,INF,-1,0,7,0
9540,1,1,-63.324,3.678,-5.90,0.34,-5.90,0.34,INF,-1,0,7,0
9560,1,1,-63.132,4.007,-5.88,0.37,-5.88,0.37,INF,-1,0,7,0
9580,1,1,-62.905,3.452,-5.86,0.32,-5.86,0.32,INF,-1,0,7,0
9600,1,1,-63.020,3.824,-5.87,0.36,-5.87,0.36,INF,-1,1,7,0
9620,1,1,-63.352,4.842,-5.90,0.45,-5.90,0.45,INF,-1,1,7,0
9640,1,1,-56.378,2.753,-5.25,0.26,-5.25,0.26,INF,-1,1,7,0
9660,1,1,-47.561,1.068,-4.44,0.10,-4.44,0.10,INF,-1,1,7,0
9680,1,1,-47.575,0.664,-4.44,0.06,-4.44,0.06,INF,-1,1,7,0
9700,1,1,-47.979,1.561,-4.48,0.15,-4.48,0.15,INF,-1,0,7,0
9720,1,1,-47.898,0.313,-4.47,0.03,-4.47,0.03,INF,-1,0,7,0
9740,1,1,-49.211,0.440,-4.59,0.04,-4.59,0.04,INF,-1,0,7,0
9760,1,1,-48.683,0.645,-4.54,0.06,-4.54,0.06,INF,-1,0,7,0
9780,1,1,-45.915,1.482,-4.28,0.14,-4.28,0.14,INF,-1,0,7,0
9800,1,1,-47.923,0.827,-4.47,0.08,-4.47,0.08,INF,-1,0,7,0
9820,1,1,-47.724,0.295,-4.45,0.03,-4.45,0.03,INF,-1,0,7,0
9840,1,1,-48.951,2.416,-4.57,0.23,-4.57,0.23,INF,-1,0,7,0
9860,1,1,-48.004,2.141,-4.48,0.20,-4.48,0.20,INF,-1,0,7,0
9880,1,1,-46.328,11.027,-4.32,1.03,-4.32,1.03,INF,-1,0,7,0
9900,1,1,-47.206,11.433,-4.40,1.07,-4.40,1.07,INF,-1,0,7,0
9920,1,1,-48.650,10.608,-4.54,0.99,-4.54,0.99,INF,-1,0,7,0
9940,1,1,-47.798,10.640,-4.46,0.99,-4.46,0.99,INF,-1,1,7,0
9960,1,1,-48.498,11.825,-4.52,1.10,-4.52,1.11,INF,-1,1,7,0
9980,1,1,-48.727,10.872,-4.54,1.01,-4.54,1.02,INF,-1,1,7,0
10000,1,1,-48.188,10.251,-4.49,0.96,-4.49,0.96,INF,-1,1,7,0
10020,1,1,-48.920,10.278,-4.56,0.96,-4.56,0.96,INF,-1,1,7,0
10040,1,1,-48.313,9.836,-4.51,0.92,-4.51,0.92,INF,-1,1,7,0
10060,1,1,-31.704,10.767,-2.96,1.00,-2.96,1.01,INF,-1,1,7,0
10080,1,1,44.831,26.379,4.18,2.46,4.18,2.46,INF,-1,1,7,0
10100,1,1,53.070,27.192,4.95,2.53,4.94,2.54,INF,-1,0,7,0
10120,1,1,52.153,25.393,4.86,2.36,4.86,2.37,INF,-1,0,7,0
10140,1,1,52.278,24.832,4.87,2.31,4.87,2.32,INF,-1,0,7,0
10160,1,1,52.138,24.571,4.86,2.29,4.86,2.30,INF,-1,0,7,0
10180,1,1,51.489,25.650,4.80,2.39,4.80,2.40,INF,-1,0,7,0
10200,1,1,50.910,24.307,4.75,2.26,4.74,2.27,INF,-1,0,7,0
10220,1,1,50.348,24.875,4.70,2.32,4.69,2.32,INF,-1,0,7,0
10240,1,1,39.804,24.283,3.72,2.26,3.71,2.27,INF,-1,0,7,0
10260,1,1,42.011,22.411,3.92,2.09,3.92,2.09,INF,-1,0,7,0
10280,1,1,40.925,24.681,3.82,2.30,3.82,2.31,INF,-1,0,7,0
10300,1,1,41.224,23.565,3.85,2.20,3.84,2.20,INF,-1,0,7,0
10320,1,1,42.486,23.756,3.96,2.21,3.96,2.22,INF,-1,0,7,0
10340,1,1,42.268,23.685,3.94,2.21,3.94,2.21,INF,-1,0,7,0
10360,1,1,42.575,23.840,3.97,2.22,3.97,2.23,INF,-1,1,7,0
10380,1,1,41.066,23.564,3.83,2.20,3.83,2.20,INF,-1,1,7,0
10400,1,1,42.049,23.728,3.92,2.21,3.92,2.22,INF,-1,1,7,0
10420,1,1,41.519,23.400,3.87,2.18,3.87,2.19,INF,-1,1,7,0
10440,1,1,42.522,23.496,3.97,2.19,3.97,2.20,INF,-1,1,7,0
10460,1,1,41.435,23.555,3.87,2.20,3.86,2.20,INF,-1,1,7,0
10480,1,1,41.505,23.798,3.87,2.22,3.87,2.22,INF,-1,1,7,0
10500,1,1,42.603,24.377,3.98,2.27,3.97,2.28,INF,-1,1,7,0
10520,1,1,43.721,22.985,4.08,2.14,4.08,2.15,INF,-1,1,7,0
10540,1,1,43.318,24.350,4.04,2.27,4.04,2.27,INF,-1,1,7,0
10560,1,1,42.004,24.659,3.92,2.30,3.92,2.30,INF,-1,1,7,0
10580,1,1,42.783,24.420,3.99,2.28,3.99,2.28,INF,-1,1,7,0
10600,1,1,43.724,24.140,4.08,2.25,4.08,2.26,INF,-1,1,7,0
10620,1,1,43.060,23.718,4.02,2.21,4.02,2.22,INF,-1,1,7,0
10640,1,1,39.469,24.559,3.68,2.29,3.68,2.29,INF,-1,1,7,0
10660,1,1,33.336,22.789,3.11,2.13,3.11,2.13,INF,-1,1,7,0
10680,1,1,33.772,23.130,3.15,2.16,3.15,2.16,INF,-1,1,7,0
10700,1,1,33.879,20.376,3.16,1.90,3.16,1.90,INF,-1,0,7,0
10720,1,1,34.309,22.418,3.20,2.09,3.20,2.09,INF,-1,0,7,0
10740,1,1,32.473,22.803,3.03,2.13,3.03,2.13,INF,-1,0,7,0
10760,1,1,33.235,21.960,3.10,2.05,3.10,2.05,INF,-1,0,7,0
10780,1,1,34.498,21.614,3.22,2.02,3.22,2.02,INF,-1,0,7,0
10800,1,1,34.715,21.765,3.24,2.03,3.24,2.03,INF,-1,0,7,0
10820,1,1,33.346,21.694,3.11,2.02,3.11,2.03,INF,-1,0,7,0
10840,1,1,33.884,21.904,3.16,2.04,3.16,2.05,INF,-1,0,7,0
10860,1,1,34.498,22.037,3.22,2.06,3.22,2.06,INF,-1,0,7,0
10880,1,1,32.035,21.210,2.99,1.98,2.99,1.98,INF,-1,0,7,0
10900,1,1,22.089,18.866,2.06,1.76,2.06,1.76,INF,-1,0,7,0
10920,1,1,20.025,17.901,1.87,1.67,1.87,1.67,INF,-1,0,7,0
10940,1,1,14.768,10.633,1.38,0.99,1.38,0.99,INF,-1,1,7,0
10960,0,1,0.000,0.000,0.00,0.00,0.00,0.00,0.00,-1,1,7,0
10980,0,1,0.000,0.000,0.00,0.00,0.00,0.00,0.00,-1,1,7,0
11000,0,1,0.000,0.000,0.00,0.00,0.00,0.00,0.00,-1,0,7,0
11020,0,1,0.000,0.000,0.00,0.00,0.00,0.00,0.00,-1,0,7,0
11040,0,1,0.000,0.000,0.00,0.00,0.00,0.00,0.00,-1,0,7,0
11060,0,1,0.000,0.000,0.00,0.00,0.00,0.00,0.00,-1,0,7,0
11080,0,1,0.000,0.000,0.00,0.00,0.00,0.00,0.00,-1,0,7,0
11100,1,1,23.030,-32.639,2.15,-3.05,2.15,-3.05,INF,-1,0,7,0
11120,1,1,22.001,-0.497,2.06,-0.05,2.06,-0.05,INF,-1,0,7,0
11140,1,1,21.826,9.126,2.04,0.85,2.04,0.85,INF,-1,0,7,0
11160,1,1,21.680,9.481,2.03,0.89,2.03,0.89,INF,-1,0,7,0
11180,1,1,22.761,8.255,2.13,0.77,2.13,0.77,INF,-1,0,7,0
11200,1,1,21.584,9.349,2.02,0.87,2.02,0.87,INF,-1,0,7,0
11220,1,1,22.297,8.039,2.08,0.75,2.08,0.75,INF,-1,0,7,0
11240,1,1,23.343,8.696,2.18,0.81,2.18,0.81,INF,-1,0,7,0
11260,1,1,21.203,8.806,1.98,0.82,1.98,0.82,INF,-1,0,7,0
11280,1,1,22.326,3.965,2.09,0.37,2.09,0.37,INF,-1,0,7,0
11300,1,1,20.718,-16.255,1.94,-1.52,1.94,-1.52,INF,-1,0,7,0
11320,1,1,22.259,-13.567,2.08,-1.27,2.08,-1.27,INF,-1,0,7,0
11340,1,1,21.653,-14.055,2.02,-1.31,2.02,-1.31,INF,-1,0,7,0
11360,1,1,21.818,-14.217,2.04,-1.33,2.04,-1.33,INF,-1,0,7,0
11380,1,1,21.812,-14.607,2.04,-1.36,2.04,-1.37,INF,-1,0,7,0
11400,1,1,22.587,-13.936,2.11,-1.30,2.11,-1.30,INF,-1,0,7,0
11420,1,1,21.497,-14.369,2.01,-1.34,2.01,-1.34,INF,-1,0,7,0
11440,1,1,21.367,-14.017,2.00,-1.31,2.00,-1.31,INF,-1,0,7,0
11460,1,1,22.521,-15.437,2.10,-1.44,2.10,-1.44,INF,-1,1,7,0
11480,1,1,21.170,-16.384,1.98,-1.53,1.98,-1.53,INF,-1,1,7,0
11500,1,1,-0.993,-30.440,-0.09,-2.84,-0.09,-2.84,INF,-1,1,7,0
11520,1,1,-0.397,-32.462,-0.04,-3.03,-0.04,-3.03,INF,-1,0,7,0
11540,1,1,-0.258,-31.751,-0.02,-2.97,-0.02,-2.97,INF,-1,0,7,0
11560,1,1,0.941,-32.942,0.09,-3.08,0.09,-3.08,INF,-1,0,7,0
11580,1,1,0.656,-31.637,0.06,-2.95,0.06,-2.95,INF,-1,0,7,0
11600,1,1,-0.655,-31.803,-0.06,-2.97,-0.06,-2.97,INF,-1,0,7,0
11620,1,1,0.165,-32.008,0.02,-2.99,0.02,-2.99,INF,-1,0,7,0
11640,1,1,-0.961,-32.298,-0.09,-3.02,-0.09,-3.02,INF,-1,0,7,0
11660,1,1,-0.381,-32.336,-0.04,-3.02,-0.04,-3.02,INF,-1,0,7,0
11680,1,1,-0.650,-32.754,-0.06,-3.06,-0.06,-3.06,INF,-1,0,7,0
11700,1,1,-0.766,-32.199,-0.07,-3.01,-0.07,-3.01,INF,-1,0,7,0
11720,1,1,-1.704,-32.860,-0.16,-3.07,-0.16,-3.07,INF,-1,0,7,0
11740,1,1,-1.476,-32.180,-0.14,-3.01,-0.14,-3.01,INF,-1,0,7,0
11760,1,1,-1.250,-32.308,-0.12,-3.02,-0.12,-3.02,INF,-1,0,7,0
11780,1,1,-3.083,-30.280,-0.29,-2.83,-0.29,-2.83,INF,-1,1,7,0
11800,1,1,-8.058,-16.764,-0.75,-1.57,-0.75,-1.57,INF,-1,1,7,0
11820,1,1,-5.255,-5.353,-0.49,-0.50,-0.49,-0.50,INF,-1,1,7,0
11840,1,1,-5.197,-3.251,-0.49,-0.30,-0.49,-0.30,INF,-1,0,7,0
11860,1,1,-3.445,-2.894,-0.32,-0.27,-0.32,-0.27,INF,-1,0,7,0
11880,1,1,-5.855,-2.499,-0.55,-0.23,-0.55,-0.23,INF,-1,0,7,0
11900,1,1,-4.553,-3.065,-0.43,-0.29,-0.43,-0.29,INF,-1,0,7,0
11920,1,1,-4.142,-2.626,-0.39,-0.25,-0.39,-0.25,INF,-1,0,7,0
11940,1,1,-4.493,-2.323,-0.42,-0.22,-0.42,-0.22,INF,-1,0,7,0
11960,1,1,-4.536,-1.461,-0.42,-0.14,-0.42,-0.14,INF,-1,0,7,0
11980,1,1,-4.466,-2.729,-0.42,-0.26,-0.42,-0.26,INF,-1,0,7,0
12000,1,1,-4.889,-1.593,-0.46,-0.15,-0.46,-0.15,INF,-1,0,7,0
12020,1,1,-5.932,-2.224,-0.55,-0.21,-0.55,-0.21,INF,-1,0,7,0
12040,1,1,-4.276,-1.799,-0.40,-0.17,-0.40,-0.17,INF,-1,0,7,0
12060,1,1,-4.312,-1.266,-0.40,-0.12,-0.40,-0.12,INF,-1,0,7,0
12080,1,1,-3.677,-1.553,-0.34,-0.15,-0.34,-0.15,INF,-1,0,7,0
12100,1,1,-4.429,-1.610,-0.41,-0.15,-0.41,-0.15,INF,-1,1,7,0
12120,1,1,-5.035,-1.881,-0.47,-0.18,-0.47,-0.18,INF,-1,1,7,0
12140,1,1,-4.294,-1.343,-0.40,-0.13,-0.40,-0.13,INF,-1,1,7,0
12160,1,1,-5.616,-1.635,-0.52,-0.15,-0.52,-0.15,INF,-1,1,7,0
12180,1,1,-4.903,-3.103,-0.46,-0.29,-0.46,-0.29,INF,-1,1,7,0
12200,1,1,-5.233,-2.137,-0.49,-0.20,-0.49,-0.20,INF,-1,1,7,0
12220,1,1,-3.803,-1.762,-0.36,-0.16,-0.36,-0.16,INF,-1,1,7,0
12240,1,1,-9.867,-30.698,-0.92,-2.87,-0.92,-2.87,INF,-1,1,7,0
12260,1,1,-8.846,-30.958,-0.83,-2.89,-0.83,-2.89,INF,-1,1,7,0
12280,1,1,-9.798,-30.378,-0.92,-2.84,-0.91,-2.84,INF,-1,0,7,0
12300,1,1,-9.061,-30.258,-0.85,-2.83,-0.85,-2.83,INF,-1,0,7,0
12320,1,1,-8.567,-29.469,-0.80,-2.75,-0.80,-2.75,INF,-1,0,7,0
12340,1,1,-8.237,-30.920,-0.77,-2.89,-0.77,-2.89,INF,-1,0,7,0
12360,1,1,-9.214,-30.173,-0.86,-2.82,-0.86,-2.82,INF,-1,0,7,0
12380,1,1,-8.573,-30.835,-0.80,-2.88,-0.80,-2.88,INF,-1,0,7,0
12400,1,1,-8.945,-29.170,-0.84,-2.72,-0.84,-2.72,INF,-1,0,7,0
12420,1,1,-9.059,-30.981,-0.85,-2.89,-0.85,-2.89,INF,-1,0,7,0
12440,1,1,-8.390,-29.035,-0.78,-2.71,-0.78,-2.71,INF,-1,0,7,0
12460,1,1,-9.695,-29.778,-0.91,-2.78,-0.90,-2.78,INF,-1,0,7,0
12480,1,1,-8.028,-30.187,-0.75,-2.82,-0.75,-2.82,INF,-1,0,7,0
12500,1,1,-8.239,-30.329,-0.77,-2.83,-0.77,-2.83,INF,-1,0,7,0
12520,1,1,-10.262,-29.397,-0.96,-2.75,-0.96,-2.75,INF,-1,1,7,0
12540,1,1,-9.850,-28.877,-0.92,-2.70,-0.92,-2.70,INF,-1,1,7,0
12560,1,1,-50.721,-28.272,-4.73,-2.63,-4.73,-2.64,INF,-1,1,7,0
12580,1,1,-49.929,-25.222,-4.66,-2.35,-4.65,-2.36,INF,-1,1,7,0
12600,1,1,-50.741,-26.629,-4.73,-2.48,-4.73,-2.49,INF,-1,0,7,0
12620,1,1,-51.338,-26.274,-4.79,-2.45,-4.78,-2.45,INF,-1,0,7,0
12640,1,1,-49.837,-26.181,-4.65,-2.44,-4.64,-2.45,INF,-1,0,7,0
12660,1,1,-51.772,-25.479,-4.83,-2.37,-4.82,-2.38,INF,-1,0,7,0
12680,1,1,-51.608,-27.539,-4.81,-2.56,-4.81,-2.57,INF,-1,0,7,0
12700,1,1,-52.332,-25.751,-4.88,-2.40,-4.88,-2.41,INF,-1,0,7,0
12720,1,1,-50.396,-27.717,-4.70,-2.58,-4.70,-2.59,INF,-1,0,7,0
12740,1,1,-50.761,-26.665,-4.73,-2.48,-4.73,-2.49,INF,-1,0,7,0
12760,1,1,-49.985,-26.158,-4.66,-2.44,-4.66,-2.44,INF,-1,0,7,0
12780,1,1,-51.679,-26.009,-4.82,-2.42,-4.81,-2.43,INF,-1,0,7,0
12800,1,1,-51.371,-27.196,-4.79,-2.53,-4.79,-2.54,INF,-1,0,7,0
12820,1,1,-51.110,-27.815,-4.77,-2.59,-4.76,-2.60,INF,-1,0,7,0
12840,1,1,-50.479,-27.055,-4.71,-2.52,-4.70,-2.53,INF,-1,1,7,0
12860,1,1,-51.454,-26.893,-4.80,-2.50,-4.79,-2.51,INF,-1,1,7,0
12880,1,1,-50.227,-26.712,-4.68,-2.49,-4.68,-2.50,INF,-1,1,7,0
12900,1,1,-51.813,-26.587,-4.83,-2.47,-4.83,-2.48,INF,-1,1,7,0
12920,1,1,-49.566,-26.298,-4.62,-2.45,-4.62,-2.46,INF,-1,1,7,0
12940,1,1,-50.495,-26.166,-4.71,-2.44,-4.70,-2.44,INF,-1,1,7,0
12960,1,1,-50.856,-25.741,-4.74,-2.40,-4.74,-2.40,INF,-1,1,7,0
12980,1,1,-49.975,-25.649,-4.66,-2.39,-4.66,-2.40,INF,-1,1,7,0
13000,1,1,-50.376,-26.313,-4.70,-2.45,-4.69,-2.46,INF,-1,1,7,0
13020,1,1,-50.982,-25.886,-4.75,-2.41,-4.75,-2.42,INF,-1,1,7,0
13040,1,1,-51.357,-24.987,-4.79,-2.33,-4.79,-2.33,INF,-1,1,7,0
13060,1,1,-51.459,-26.003,-4.80,-2.42,-4.79,-2.43,INF,-1,1,7,0
13080,1,1,-51.629,-26.183,-4.81,-2.44,-4.81,-2.45,INF,-1,1,7,0
13100,1,1,-50.813,-26.015,-4.74,-2.42,-4.73,-2.43,INF,-1,1,7,0
13120,1,1,-42.306,-20.595,-3.95,-1.92,-3.95,-1.92,INF,-1,1,7,0
13140,1,1,-12.923,10.447,-1.21,0.98,-1.21,0.98,INF,-1,1,7,0
13160,1,1,-10.191,16.916,-0.95,1.58,-0.95,1.58,INF,-1,0,7,0
13180,1,1,-11.487,15.685,-1.07,1.47,-1.07,1.47,INF,-1,0,7,0
13200,1,1,-13.781,14.359,-1.29,1.34,-1.29,1.34,INF,-1,0,7,0
13220,1,1,-11.324,16.057,-1.06,1.50,-1.06,1.50,INF,-1,0,7,0
13240,1,1,-12.083,15.655,-1.13,1.46,-1.13,1.46,INF,-1,0,7,0
13260,1,1,-10.845,15.508,-1.01,1.45,-1.01,1.45,INF,-1,0,7,0
13280,1,1,-11.847,14.799,-1.11,1.38,-1.11,1.38,INF,-1,0,7,0
13300,1,1,-10.306,15.934,-0.96,1.49,-0.96,1.49,INF,-1,0,7,0
13320,1,1,-9.789,15.247,-0.91,1.42,-0.91,1.42,INF,-1,0,7,0
13340,1,1,-11.165,15.231,-1.04,1.42,-1.04,1.42,INF,-1,0,7,0
13360,1,1,-10.732,15.283,-1.00,1.43,-1.00,1.43,INF,-1,0,7,0
13380,1,1,-11.617,15.814,-1.09,1.48,-1.09,1.48,INF,-1,0,7,0
13400,1,1,-10.050,14.386,-0.94,1.34,-0.94,1.34,INF,-1,0,7,0
13420,1,1,-10.678,14.691,-1.00,1.37,-1.00,1.37,INF,-1,1,7,0
13440,1,1,8.881,12.439,0.83,1.16,0.83,1.16,INF,-1,1,7,0
13460,1,1,16.277,12.200,1.52,1.14,1.52,1.14,INF,-1,1,7,0
13480,1,1,16.314,11.684,1.52,1.09,1.52,1.09,INF,-1,0,7,0
13500,1,1,15.262,11.782,1.43,1.10,1.43,1.10,INF,-1,0,7,0
13520,1,1,16.818,12.961,1.57,1.21,1.57,1.21,INF,-1,0,7,0
13540,1,1,16.130,12.322,1.51,1.15,1.51,1.15,INF,-1,0,7,0
13560,1,1,16.306,11.597,1.52,1.08,1.52,1.08,INF,-1,0,7,0
13580,1,1,17.576,11.832,1.64,1.11,1.64,1.11,INF,-1,0,7,0
13600,1,1,16.531,11.842,1.54,1.11,1.54,1.11,INF,-1,0,7,0
13620,1,1,17.246,12.331,1.61,1.15,1.61,1.15,INF,-1,0,7,0
13640,1,1,17.012,12.095,1.59,1.13,1.59,1.13,INF,-1,0,7,0
13660,1,1,17.691,11.912,1.65,1.11,1.65,1.11,INF,-1,0,7,0
13680,1,1,15.711,11.671,1.47,1.09,1.47,1.09,INF,-1,0,7,0
13700,1,1,17.182,11.785,1.61,1.10,1.61,1.10,INF,-1,0,7,0
13720,1,1,17.331,13.405,1.62,1.25,1.62,1.25,INF,-1,1,7,0
13740,1,1,17.341,13.202,1.62,1.23,1.62,1.23,INF,-1,1,7,0
13760,1,1,16.908,12.933,1.58,1.21,1.58,1.21,INF,-1,1,7,0
13780,1,1,16.242,12.754,1.52,1.19,1.52,1.19,INF,-1,1,7,0
13800,1,1,16.222,14.155,1.52,1.32,1.52,1.32,INF,-1,1,7,0
13820,1,1,16.904,13.524,1.58,1.26,1.58,1.26,INF,-1,1,7,0
13840,1,1,16.639,13.746,1.55,1.28,1.55,1.28,INF,-1,1,7,0
13860,1,1,15.627,12.942,1.46,1.21,1.46,1.21,INF,-1,1,7,0
13880,1,1,16.063,13.137,1.50,1.23,1.50,1.23,INF,-1,1,7,0
13900,1,1,16.644,13.569,1.56,1.27,1.55,1.27,INF,-1,1,7,0
13920,1,1,15.828,12.961,1.48,1.21,1.48,1.21,INF,-1,1,7,0
13940,1,1,16.012,13.479,1.50,1.26,1.50,1.26,INF,-1,1,7,0
13960,1,1,17.539,13.356,1.64,1.25,1.64,1.25,INF,-1,1,7,0
13980,1,1,23.067,10.383,2.15,0.97,2.15,0.97,INF,-1,1,7,0
14000,1,1,24.762,7.851,2.31,0.73,2.31,0.73,INF,-1,1,7,0
14020,1,1,24.902,7.501,2.33,0.70,2.33,0.70,INF,-1,1,7,0
14040,1,1,23.696,8.140,2.21,0.76,2.21,0.76,INF,-1,1,7,0
14060,1,1,24.837,8.231,2.32,0.77,2.32,0.77,INF,-1,1,7,0
14080,1,1,24.576,8.097,2.30,0.76,2.30,0.76,INF,-1,1,7,0
14100,1,1,24.518,7.629,2.29,0.71,2.29,0.71,INF,-1,1,7,0
14120,1,1,25.027,8.331,2.34,0.78,2.34,0.78,INF,-1,1,7,0
14140,1,1,24.282,9.431,2.27,0.88,2.27,0.88,INF,-1,1,7,0
14160,1,1,22.087,7.385,2.06,0.69,2.06,0.69,INF,-1,1,7,0
14180,1,1,13.149,6.138,1.23,0.57,1.23,0.57,INF,-1,1,7,0
14200,1,1,9.678,5.635,0.90,0.53,0.90,0.53,INF,-1,1,7,0
14220,1,1,9.268,5.645,0.87,0.53,0.87,0.53,INF,-1,1,7,0
14240,1,1,11.088,6.422,1.04,0.60,1.04,0.60,INF,-1,1,7,0
14260,1,1,10.848,4.021,1.01,0.38,1.01,0.38,INF,-1,1,7,0
14280,1,1,10.465,5.492,0.98,0.51,0.98,0.51,INF,-1,1,7,0
14300,1,1,9.974,6.506,0.93,0.61,0.93,0.61,INF,-1,1,7,0
14320,1,1,9.706,5.612,0.91,0.52,0.91,0.52,INF,-1,1,7,0
14340,1,1,10.814,6.395,1.01,0.60,1.01,0.60,INF,-1,1,7,0
14360,1,1,10.276,6.013,0.96,0.56,0.96,0.56,INF,-1,1,7,0
14380,1,1,9.519,6.379,0.89,0.60,0.89,0.60,INF,-1,1,7,0
14400,1,1,10.570,5.665,0.99,0.53,0.99,0.53,INF,-1,1,7,0
14420,1,1,8.766,5.645,0.82,0.53,0.82,0.53,INF,-1,1,7,0
14440,1,1,14.138,6.197,1.32,0.58,1.32,0.58,INF,-1,1,7,0
14460,1,1,18.290,6.815,1.71,0.64,1.71,0.64,INF,-1,1,7,0
14480,1,1,19.497,6.780,1.82,0.63,1.82,0.63,INF,-1,1,7,0
14500,1,1,18.596,5.423,1.74,0.51,1.74,0.51,INF,-1,1,7,0
14520,1,1,17.952,5.873,1.68,0.55,1.68,0.55,INF,-1,1,7,0
14540,1,1,18.148,6.727,1.70,0.63,1.70,0.63,INF,-1,1,7,0
14560,1,1,19.726,6.186,1.84,0.58,1.84,0.58,INF,-1,1,7,0
14580,1,1,18.698,5.709,1.75,0.53,1.75,0.53,INF,-1,1,7,0
14600,1,1,19.092,6.552,1.78,0.61,1.78,0.61,INF,-1,1,7,0
14620,1,1,19.554,6.647,1.83,0.62,1.83,0.62,INF,-1,1,7,0
14640,1,1,19.815,6.703,1.85,0.63,1.85,0.63,INF,-1,1,7,0
14660,1,1,18.752,6.250,1.75,0.58,1.75,0.58,INF,-1,1,7,0
14680,1,1,16.779,7.000,1.57,0.65,1.57,0.65,INF,-1,1,7,0
14700,1,1,-4.472,9.698,-0.42,0.91,-0.42,0.91,INF,-1,1,7,0
14720,1,1,-17.932,11.482,-1.68,1.07,-1.68,1.07,INF,-1,1,7,0
14740,1,1,-16.955,10.267,-1.58,0.96,-1.58,0.96,INF,-1,0,7,0
14760,1,1,-16.897,9.606,-1.58,0.90,-1.58,0.90,INF,-1,0,7,0
14780,1,1,-17.835,9.479,-1.67,0.89,-1.67,0.89,INF,-1,0,7,0
14800,1,1,-16.963,8.688,-1.59,0.81,-1.58,0.81,INF,-1,0,7,0
14820,1,1,-17.769,9.399,-1.66,0.88,-1.66,0.88,INF,-1,0,7,0
14840,1,1,-18.297,9.017,-1.71,0.84,-1.71,0.84,INF,-1,0,7,0
14860,1,1,-18.028,8.000,-1.68,0.75,-1.68,0.75,INF,-1,0,7,0
14880,1,1,-17.997,9.002,-1.68,0.84,-1.68,0.84,INF,-1,0,7,0
14900,1,1,-19.362,10.566,-1.81,0.99,-1.81,0.99,INF,-1,0,7,0
14920,1,1,-18.918,8.410,-1.77,0.79,-1.77,0.79,INF,-1,0,7,0
14940,1,1,-19.019,8.290,-1.78,0.77,-1.78,0.77,INF,-1,0,7,0
14960,1,1,-18.597,8.344,-1.74,0.78,-1.74,0.78,INF,-1,0,7,0
14980,1,1,-19.729,7.915,-1.84,0.74,-1.84,0.74,INF,-1,0,7,0
15000,1,1,-21.095,8.080,-1.97,0.75,-1.97,0.76,INF,-1,1,7,0
15020,1,1,-24.920,8.570,-2.33,0.80,-2.33,0.80,INF,-1,1,7,0
