"EyeTracker Toolbox version","3.250"
CalibrationParameters_A11,1.29008
CalibrationParameters_A12,0.05907
CalibrationParameters_A13,-0.00956
CalibrationParameters_A21,0.07404
CalibrationParameters_A22,-1.26775
CalibrationParameters_A23,0.00505
CalibrationParameters_A31,-0.00038
CalibrationParameters_A32,-0.01213
CalibrationParameters_E11,-0.18028
CalibrationParameters_E12,0.00010
CalibrationParameters_E21,0.00038
CalibrationParameters_E22,0.20022
CalibrationParameters_X,-49.99547
CalibrationParameters_Y,-49.22236
CalibrationParameters_Rpc,81.42140
CalibrationParameters_MeanX,165.92820
CalibrationParameters_MeanY,127.39445
CalibrationParameters_ViewDist,613.00000
TimeStamp,Tracked,Calibrated,ScreenPositionXmm,ScreenPositionYmm,FicksLongitude,FicksLatitude,HelmholtzAzimuth,HelmholtzElevation,PupilDiameter,Region,Fixation,DigitalIO,Dropped
0,1,1,13.321,10.991,1.24,1.03,1.24,1.03,INF,-1,0,7,0
20,1,1,13.121,10.775,1.23,1.01,1.23,1.01,INF,-1,0,7,0
40,1,1,13.591,10.249,1.27,0.96,1.27,0.96,INF,-1,0,7,0
60,1,1,14.940,11.023,1.40,1.03,1.40,1.03,INF,-1,0,7,0
80,1,1,14.458,9.896,1.35,0.92,1.35,0.92,INF,-1,0,7,0
100,1,1,17.325,11.889,1.62,1.11,1.62,1.11,INF,-1,0,7,0
120,1,1,16.201,12.403,1.51,1.16,1.51,1.16,INF,-1,0,7,0
140,1,1,16.939,11.082,1.58,1.04,1.58,1.04,INF,-1,0,7,0
160,1,1,14.018,11.105,1.31,1.04,1.31,1.04,INF,-1,0,7,0
180,1,1,15.717,11.097,1.47,1.04,1.47,1.04,INF,-1,0,7,0
200,1,1,14.561,12.593,1.36,1.18,1.36,1.18,INF,-1,0,7,0
220,1,1,13.423,10.540,1.25,0.98,1.25,0.99,INF,-1,0,7,0
240,1,1,0.921,3.344,0.09,0.31,0.09,0.31,INF,-1,0,7,0
260,1,1,-1.786,-0.303,-0.17,-0.03,-0.17,-0.03,INF,-1,0,7,0
280,1,1,-1.511,1.472,-0.14,0.14,-0.14,0.14,INF,-1,0,7,0
300,1,1,-1.339,0.099,-0.13,0.01,-0.13,0.01,INF,-1,0,7,0
320,1,1,-2.572,1.015,-0.24,0.09,-0.24,0.09,INF,-1,0,7,0
340,1,1,-2.625,0.363,-0.25,0.03,-0.25,0.03,INF,-1,0,7,0
360,1,1,-1.672,1.032,-0.16,0.10,-0.16,0.10,INF,-1,0,7,0
380,1,1,-3.785,0.085,-0.35,0.01,-0.35,0.01,INF,-1,1,7,0
400,1,1,-2.334,1.734,-0.22,0.16,-0.22,0.16,INF,-1,1,7,0
420,1,1,-2.212,-0.150,-0.21,-0.01,-0.21,-0.01,INF,-1,1,7,0
440,1,1,-2.952,1.025,-0.28,0.10,-0.28,0.10,INF,-1,1,7,0
460,1,1,-2.383,0.760,-0.22,0.07,-0.22,0.07,INF,-1,0,7,0
480,1,1,-2.485,-0.015,-0.23,0.00,-0.23,0.00,INF,-1,0,7,0
500,1,1,-1.779,0.754,-0.17,0.07,-0.17,0.07,INF,-1,0,7,0
520,1,1,-21.796,-16.513,-2.04,-1.54,-2.04,-1.54,INF,-1,0,7,0
540,1,1,-26.843,-17.653,-2.51,-1.65,-2.51,-1.65,INF,-1,0,7,0
560,1,1,-25.892,-19.216,-2.42,-1.79,-2.42,-1.80,INF,-1,0,7,0
580,1,1,-25.389,-19.428,-2.37,-1.81,-2.37,-1.82,INF,-1,0,7,0
600,1,1,-27.598,-18.768,-2.58,-1.75,-2.58,-1.75,INF,-1,0,7,0
620,1,1,-26.125,-19.711,-2.44,-1.84,-2.44,-1.84,INF,-1,0,7,0
640,1,1,-26.272,-20.100,-2.45,-1.88,-2.45,-1.88,INF,-1,0,7,0
660,1,1,-26.175,-20.378,-2.44,-1.90,-2.44,-1.90,INF,-1,0,7,0
680,1,1,-25.727,-20.818,-2.40,-1.94,-2.40,-1.95,INF,-1,0,7,0
700,1,1,-27.771,-21.603,-2.59,-2.02,-2.59,-2.02,INF,-1,0,7,0
720,1,1,-26.201,-21.826,-2.45,-2.04,-2.45,-2.04,INF,-1,0,7,0
740,1,1,-25.632,-21.709,-2.39,-2.03,-2.39,-2.03,INF,-1,0,7,0
760,1,1,-25.285,-22.690,-2.36,-2.12,-2.36,-2.12,INF,-1,0,7,0
780,1,1,-24.785,-20.525,-2.32,-1.92,-2.31,-1.92,INF,-1,0,7,0
800,1,1,-26.376,-21.416,-2.46,-2.00,-2.46,-2.00,INF,-1,1,7,0
820,1,1,-22.866,-20.893,-2.14,-1.95,-2.13,-1.95,INF,-1,1,7,0
840,1,1,-18.950,-16.959,-1.77,-1.58,-1.77,-1.58,INF,-1,1,7,0
860,1,1,-20.260,-17.376,-1.89,-1.62,-1.89,-1.62,INF,-1,1,7,0
880,1,1,-18.796,-18.942,-1.76,-1.77,-1.76,-1.77,INF,-1,1,7,0
900,1,1,-19.334,-17.890,-1.81,-1.67,-1.81,-1.67,INF,-1,1,7,0
920,1,1,-19.661,-18.113,-1.84,-1.69,-1.84,-1.69,INF,-1,1,7,0
940,1,1,-20.947,-19.006,-1.96,-1.77,-1.96,-1.78,INF,-1,1,7,0
960,1,1,-20.309,-17.849,-1.90,-1.67,-1.90,-1.67,INF,-1,1,7,0
980,1,1,-20.611,-18.455,-1.93,-1.72,-1.92,-1.72,INF,-1,1,7,0
1000,1,1,-23.512,-18.509,-2.20,-1.73,-2.20,-1.73,INF,-1,1,7,0
1020,1,1,-0.389,-5.863,-0.04,-0.55,-0.04,-0.55,INF,-1,1,7,0
1040,1,1,2.554,-5.280,0.24,-0.49,0.24,-0.49,INF,-1,1,7,0
1060,1,1,1.167,-5.064,0.11,-0.47,0.11,-0.47,INF,-1,0,7,0
1080,1,1,1.252,-5.766,0.12,-0.54,0.12,-0.54,INF,-1,0,7,0
1100,1,1,1.412,-4.999,0.13,-0.47,0.13,-0.47,INF,-1,0,7,0
1120,1,1,1.426,-6.651,0.13,-0.62,0.13,-0.62,INF,-1,0,7,0
1140,1,1,1.503,-7.104,0.14,-0.66,0.14,-0.66,INF,-1,0,7,0
1160,1,1,1.147,-5.167,0.11,-0.48,0.11,-0.48,INF,-1,0,7,0
1180,1,1,1.914,-6.023,0.18,-0.56,0.18,-0.56,INF,-1,0,7,0
1200,1,1,0.014,-5.570,0.00,-0.52,0.00,-0.52,INF,-1,0,7,0
1220,1,1,1.603,-5.545,0.15,-0.52,0.15,-0.52,INF,-1,0,7,0
1240,1,1,2.911,-6.183,0.27,-0.58,0.27,-0.58,INF,-1,0,7,0
1260,1,1,1.941,-5.291,0.18,-0.49,0.18,-0.49,INF,-1,0,7,0
1280,1,1,0.430,-5.440,0.04,-0.51,0.04,-0.51,INF,-1,0,7,0
1300,1,1,2.192,-5.366,0.20,-0.50,0.20,-0.50,INF,-1,1,7,0
1320,1,1,2.874,-4.768,0.27,-0.45,0.27,-0.45,INF,-1,1,7,0
1340,1,1,1.594,-5.824,0.15,-0.54,0.15,-0.54,INF,-1,1,7,0
1360,1,1,-0.379,-6.325,-0.04,-0.59,-0.04,-0.59,INF,-1,1,7,0
1380,1,1,5.382,-2.969,0.50,-0.28,0.50,-0.28,INF,-1,1,7,0
1400,1,1,6.520,-4.239,0.61,-0.40,0.61,-0.40,INF,-1,1,7,0
1420,1,1,7.404,-2.200,0.69,-0.21,0.69,-0.21,INF,-1,1,7,0
1440,1,1,7.124,-0.460,0.67,-0.04,0.67,-0.04,INF,-1,1,7,0
1460,1,1,6.341,-1.907,0.59,-0.18,0.59,-0.18,INF,-1,1,7,0
1480,1,1,5.179,-3.147,0.48,-0.29,0.48,-0.29,INF,-1,1,7,0
1500,1,1,6.565,-2.578,0.61,-0.24,0.61,-0.24,INF,-1,1,7,0
1520,1,1,8.906,-1.226,0.83,-0.11,0.83,-0.11,INF,-1,1,7,0
1540,1,1,6.652,-1.386,0.62,-0.13,0.62,-0.13,INF,-1,1,7,0
1560,1,1,8.482,-0.406,0.79,-0.04,0.79,-0.04,INF,-1,1,7,0
1580,1,1,7.621,-1.434,0.71,-0.13,0.71,-0.13,INF,-1,1,7,0
1600,1,1,7.982,-1.927,0.75,-0.18,0.75,-0.18,INF,-1,1,7,0
1620,1,1,8.467,-0.313,0.79,-0.03,0.79,-0.03,INF,-1,1,7,0
1640,1,1,7.717,-1.689,0.72,-0.16,0.72,-0.16,INF,-1,1,7,0
1660,1,1,12.631,0.629,1.18,0.06,1.18,0.06,INF,-1,1,7,0
1680,1,1,11.629,-0.445,1.09,-0.04,1.09,-0.04,INF,-1,1,7,0
1700,1,1,11.151,0.912,1.04,0.09,1.04,0.09,INF,-1,0,7,0
1720,1,1,10.566,-0.387,0.99,-0.04,0.99,-0.04,INF,-1,0,7,0
1740,1,1,11.667,-0.841,1.09,-0.08,1.09,-0.08,INF,-1,0,7,0
1760,1,1,11.117,-2.021,1.04,-0.19,1.04,-0.19,INF,-1,0,7,0
1780,1,1,-21.875,-25.120,-2.04,-2.35,-2.04,-2.35,INF,-1,0,7,0
1800,1,1,-29.951,-28.706,-2.80,-2.68,-2.79,-2.68,INF,-1,0,7,0
1820,1,1,-27.311,-26.699,-2.55,-2.49,-2.55,-2.49,INF,-1,0,7,0
1840,1,1,-28.230,-28.764,-2.64,-2.68,-2.63,-2.69,INF,-1,0,7,0
1860,1,1,-27.895,-27.586,-2.61,-2.57,-2.60,-2.58,INF,-1,0,7,0
1880,1,1,-26.089,-27.212,-2.44,-2.54,-2.43,-2.54,INF,-1,0,7,0
1900,1,1,-26.687,-27.547,-2.49,-2.57,-2.49,-2.57,INF,-1,0,7,0
1920,1,1,-27.111,-28.352,-2.53,-2.65,-2.53,-2.65,INF,-1,0,7,0
1940,1,1,-28.685,-27.626,-2.68,-2.58,-2.68,-2.58,INF,-1,0,7,0
1960,1,1,-26.155,-27.921,-2.44,-2.61,-2.44,-2.61,INF,-1,0,7,0
1980,1,1,-25.884,-26.527,-2.42,-2.48,-2.42,-2.48,INF,-1,0,7,0
2000,1,1,-26.167,-27.216,-2.44,-2.54,-2.44,-2.54,INF,-1,0,7,0
2020,1,1,-26.904,-25.340,-2.51,-2.36,-2.51,-2.37,INF,-1,0,7,0
2040,1,1,-27.643,-18.682,-2.58,-1.74,-2.58,-1.75,INF,-1,0,7,0
2060,1,1,-28.692,-19.041,-2.68,-1.78,-2.68,-1.78,INF,-1,1,7,0
2080,1,1,-28.164,-20.506,-2.63,-1.91,-2.63,-1.92,INF,-1,1,7,0
2100,1,1,-28.015,-19.742,-2.62,-1.84,-2.62,-1.84,INF,-1,1,7,0
2120,1,1,-28.990,-18.750,-2.71,-1.75,-2.71,-1.75,INF,-1,1,7,0
2140,1,1,-28.834,-18.629,-2.69,-1.74,-2.69,-1.74,INF,-1,1,7,0
2160,1,1,-28.786,-18.608,-2.69,-1.74,-2.69,-1.74,INF,-1,1,7,0
2180,1,1,-27.261,-17.504,-2.55,-1.63,-2.55,-1.64,INF,-1,1,7,0
2200,1,1,-28.351,-19.403,-2.65,-1.81,-2.65,-1.81,INF,-1,1,7,0
2220,1,1,-29.363,-21.105,-2.74,-1.97,-2.74,-1.97,INF,-1,1,7,0
2240,1,1,-30.208,-19.955,-2.82,-1.86,-2.82,-1.86,INF,-1,1,7,0
2260,1,1,-27.593,-19.884,-2.58,-1.86,-2.58,-1.86,INF,-1,1,7,0
2280,1,1,-27.375,-19.233,-2.56,-1.80,-2.56,-1.80,INF,-1,1,7,0
2300,1,1,-27.067,-18.567,-2.53,-1.73,-2.53,-1.73,INF,-1,1,7,0
2320,1,1,-27.026,-19.648,-2.52,-1.83,-2.52,-1.84,INF,-1,1,7,0
2340,1,1,-27.703,-20.622,-2.59,-1.92,-2.59,-1.93,INF,-1,1,7,0
2360,1,1,-26.277,-20.077,-2.45,-1.87,-2.45,-1.88,INF,-1,1,7,0
2380,1,1,-27.049,-18.896,-2.53,-1.76,-2.53,-1.77,INF,-1,1,7,0
2400,1,1,-26.234,-18.475,-2.45,-1.72,-2.45,-1.73,INF,-1,1,7,0
2420,1,1,-24.495,-16.756,-2.29,-1.56,-2.29,-1.57,INF,-1,1,7,0
2440,1,1,5.518,-0.968,0.52,-0.09,0.52,-0.09,INF,-1,1,7,0
2460,1,1,9.366,-0.276,0.88,-0.03,0.88,-0.03,INF,-1,1,7,0
2480,1,1,9.370,-1.570,0.88,-0.15,0.88,-0.15,INF,-1,0,7,0
2500,1,1,7.490,0.397,0.70,0.04,0.70,0.04,INF,-1,0,7,0
2520,1,1,8.061,-1.217,0.75,-0.11,0.75,-0.11,INF,-1,0,7,0
2540,1,1,8.252,-2.414,0.77,-0.23,0.77,-0.23,INF,-1,0,7,0
2560,1,1,9.188,-2.344,0.86,-0.22,0.86,-0.22,INF,-1,0,7,0
2580,1,1,8.543,-1.656,0.80,-0.15,0.80,-0.15,INF,-1,0,7,0
2600,1,1,6.788,-1.399,0.63,-0.13,0.63,-0.13,INF,-1,0,7,0
2620,1,1,7.977,-2.066,0.75,-0.19,0.75,-0.19,INF,-1,0,7,0
2640,1,1,6.794,-0.780,0.64,-0.07,0.64,-0.07,INF,-1,0,7,0
2660,1,1,8.327,-0.731,0.78,-0.07,0.78,-0.07,INF,-1,0,7,0
2680,1,1,7.551,-0.468,0.71,-0.04,0.71,-0.04,INF,-1,0,7,0
2700,1,1,8.281,-0.360,0.77,-0.03,0.77,-0.03,INF,-1,0,7,0
2720,1,1,7.833,-2.556,0.73,-0.24,0.73,-0.24,INF,-1,1,7,0
2740,1,1,7.586,-2.669,0.71,-0.25,0.71,-0.25,INF,-1,1,7,0
2760,1,1,13.924,1.817,1.30,0.17,1.30,0.17,INF,-1,1,7,0
2780,1,1,17.327,3.077,1.62,0.29,1.62,0.29,INF,-1,1,7,0
2800,1,1,18.429,1.022,1.72,0.10,1.72,0.10,INF,-1,1,7,0
2820,1,1,15.425,1.676,1.44,0.16,1.44,0.16,INF,-1,1,7,0
2840,1,1,16.563,3.499,1.55,0.33,1.55,0.33,INF,-1,1,7,0
2860,1,1,17.555,3.345,1.64,0.31,1.64,0.31,INF,-1,1,7,0
2880,1,1,16.165,2.480,1.51,0.23,1.51,0.23,INF,-1,1,7,0
2900,1,1,16.879,0.312,1.58,0.03,1.58,0.03,INF,-1,1,7,0
2920,1,1,29.555,8.104,2.76,0.76,2.76,0.76,INF,-1,1,7,0
2940,1,1,47.770,11.876,4.46,1.11,4.46,1.11,INF,-1,1,7,0
2960,1,1,47.655,10.851,4.45,1.01,4.44,1.01,INF,-1,0,7,0
2980,1,1,47.507,10.032,4.43,0.93,4.43,0.94,INF,-1,0,7,0
3000,1,1,46.120,10.487,4.30,0.98,4.30,0.98,INF,-1,0,7,0
3020,1,1,48.300,10.926,4.51,1.02,4.50,1.02,INF,-1,0,7,0
3040,1,1,47.162,9.911,4.40,0.92,4.40,0.93,INF,-1,0,7,0
3060,1,1,48.652,9.603,4.54,0.89,4.54,0.90,INF,-1,0,7,0
3080,1,1,47.603,11.272,4.44,1.05,4.44,1.05,INF,-1,0,7,0
3100,1,1,47.992,10.580,4.48,0.99,4.48,0.99,INF,-1,0,7,0
3120,1,1,48.159,10.728,4.49,1.00,4.49,1.00,INF,-1,0,7,0
3140,1,1,46.723,10.517,4.36,0.98,4.36,0.98,INF,-1,0,7,0
3160,1,1,45.040,9.694,4.20,0.90,4.20,0.91,INF,-1,0,7,0
3180,1,1,46.008,11.536,4.29,1.08,4.29,1.08,INF,-1,0,7,0
3200,1,1,46.856,10.928,4.37,1.02,4.37,1.02,INF,-1,0,7,0
3220,1,1,47.658,11.573,4.45,1.08,4.44,1.08,INF,-1,1,7,0
3240,1,1,45.587,10.179,4.25,0.95,4.25,0.95,INF,-1,1,7,0
3260,1,1,46.188,10.815,4.31,1.01,4.31,1.01,INF,-1,1,7,0
3280,1,1,49.955,10.227,4.66,0.95,4.66,0.96,INF,-1,1,7,0
3300,1,1,54.093,11.927,5.04,1.11,5.04,1.11,INF,-1,1,7,0
3320,1,1,51.812,11.504,4.83,1.07,4.83,1.08,INF,-1,1,7,0
3340,1,1,53.021,12.440,4.94,1.16,4.94,1.16,INF,-1,1,7,0
3360,1,1,55.593,12.393,5.18,1.15,5.18,1.16,INF,-1,1,7,0
3380,1,1,53.099,12.691,4.95,1.18,4.95,1.19,INF,-1,1,7,0
3400,1,1,53.605,14.731,5.00,1.37,5.00,1.38,INF,-1,1,7,0
3420,1,1,51.030,10.469,4.76,0.98,4.76,0.98,INF,-1,1,7,0
3440,1,1,51.590,12.751,4.81,1.19,4.81,1.19,INF,-1,1,7,0
3460,1,1,53.330,13.314,4.97,1.24,4.97,1.24,INF,-1,1,7,0
3480,1,1,53.189,14.412,4.96,1.34,4.96,1.35,INF,-1,1,7,0
3500,1,1,52.146,13.193,4.86,1.23,4.86,1.23,INF,-1,1,7,0
3520,1,1,52.589,12.990,4.90,1.21,4.90,1.21,INF,-1,1,7,0
3540,1,1,51.775,12.986,4.83,1.21,4.83,1.21,INF,-1,1,7,0
3560,1,1,49.713,13.166,4.64,1.23,4.64,1.23,INF,-1,1,7,0
3580,1,1,66.854,-1.219,6.22,-0.11,6.22,-0.11,INF,-1,1,7,0
3600,1,1,67.766,-5.487,6.31,-0.51,6.31,-0.51,INF,-1,1,7,0
3620,1,1,67.344,-5.777,6.27,-0.54,6.27,-0.54,INF,-1,0,7,0
3640,1,1,67.643,-5.661,6.30,-0.53,6.30,-0.53,INF,-1,0,7,0
3660,1,1,66.807,-3.980,6.22,-0.37,6.22,-0.37,INF,-1,0,7,0
3680,1,1,66.076,-4.347,6.15,-0.40,6.15,-0.41,INF,-1,0,7,0
3700,1,1,64.934,-4.611,6.05,-0.43,6.05,-0.43,INF,-1,0,7,0
3720,1,1,66.071,-4.375,6.15,-0.41,6.15,-0.41,INF,-1,0,7,0
3740,1,1,64.817,-5.434,6.04,-0.51,6.04,-0.51,INF,-1,0,7,0
3760,1,1,66.212,-6.395,6.16,-0.59,6.16,-0.60,INF,-1,0,7,0
3780,1,1,65.140,-5.698,6.07,-0.53,6.07,-0.53,INF,-1,0,7,0
3800,1,1,65.944,-5.865,6.14,-0.54,6.14,-0.55,INF,-1,0,7,0
3820,1,1,65.931,-9.415,6.14,-0.87,6.14,-0.88,INF,-1,0,7,0
3840,1,1,64.013,-19.449,5.96,-1.81,5.96,-1.82,INF,-1,0,7,0
3860,1,1,65.212,-17.906,6.07,-1.66,6.07,-1.67,INF,-1,1,7,0
3880,1,1,64.784,-17.996,6.03,-1.67,6.03,-1.68,INF,-1,0,7,0
3900,1,1,66.161,-18.046,6.16,-1.68,6.16,-1.69,INF,-1,0,7,0
3920,1,1,64.920,-18.862,6.05,-1.75,6.04,-1.76,INF,-1,0,7,0
3940,1,1,64.900,-20.564,6.04,-1.91,6.04,-1.92,INF,-1,0,7,0
3960,1,1,63.940,-20.639,5.95,-1.92,5.95,-1.93,INF,-1,0,7,0
3980,1,1,61.913,-19.301,5.77,-1.79,5.76,-1.80,INF,-1,0,7,0
4000,1,1,63.427,-20.275,5.91,-1.88,5.90,-1.89,INF,-1,0,7,0
4020,1,1,63.083,-20.869,5.88,-1.94,5.87,-1.95,INF,-1,0,7,0
4040,1,1,63.831,-21.537,5.94,-2.00,5.94,-2.01,INF,-1,0,7,0
4060,1,1,63.937,-22.358,5.95,-2.08,5.95,-2.09,INF,-1,0,7,0
4080,1,1,64.851,-20.052,6.04,-1.86,6.04,-1.87,INF,-1,0,7,0
4100,1,1,64.097,-21.630,5.97,-2.01,5.97,-2.02,INF,-1,0,7,0
4120,1,1,64.031,-21.605,5.96,-2.01,5.96,-2.02,INF,-1,1,7,0
4140,1,1,64.071,-21.996,5.97,-2.04,5.96,-2.06,INF,-1,1,7,0
4160,1,1,64.292,-22.738,5.99,-2.11,5.98,-2.12,INF,-1,1,7,0
4180,1,1,56.893,-23.417,5.30,-2.18,5.30,-2.19,INF,-1,1,7,0
4200,1,1,51.558,-28.910,4.81,-2.69,4.80,-2.70,INF,-1,1,7,0
4220,1,1,52.053,-29.255,4.85,-2.72,4.85,-2.73,INF,-1,1,7,0
4240,1,1,51.163,-29.717,4.77,-2.77,4.77,-2.78,INF,-1,0,7,0
4260,1,1,52.173,-28.423,4.86,-2.65,4.86,-2.65,INF,-1,0,7,0
4280,1,1,52.054,-29.232,4.85,-2.72,4.85,-2.73,INF,-1,0,7,0
4300,1,1,53.557,-28.415,4.99,-2.64,4.99,-2.65,INF,-1,0,7,0
4320,1,1,52.120,-27.539,4.86,-2.56,4.85,-2.57,INF,-1,0,7,0
4340,1,1,53.668,-27.654,5.00,-2.57,5.00,-2.58,INF,-1,0,7,0
4360,1,1,53.432,-28.889,4.98,-2.69,4.98,-2.70,INF,-1,0,7,0
4380,1,1,50.623,-28.221,4.72,-2.63,4.72,-2.64,INF,-1,0,7,0
4400,1,1,52.222,-27.437,4.87,-2.55,4.86,-2.56,INF,-1,0,7,0
4420,1,1,52.046,-27.942,4.85,-2.60,4.85,-2.61,INF,-1,0,7,0
4440,1,1,52.111,-29.247,4.86,-2.72,4.85,-2.73,INF,-1,0,7,0
4460,1,1,53.415,-28.452,4.98,-2.65,4.97,-2.66,INF,-1,0,7,0
4480,1,1,52.118,-28.176,4.86,-2.62,4.85,-2.63,INF,-1,1,7,0
4500,1,1,53.881,-27.748,5.02,-2.58,5.02,-2.59,INF,-1,1,7,0
4520,1,1,52.679,-27.459,4.91,-2.56,4.91,-2.56,INF,-1,1,7,0
4540,1,1,44.123,-33.050,4.12,-3.08,4.11,-3.09,INF,-1,1,7,0
4560,1,1,44.336,-35.065,4.14,-3.27,4.13,-3.27,INF,-1,1,7,0
4580,1,1,43.879,-34.755,4.09,-3.24,4.09,-3.24,INF,-1,1,7,0
4600,1,1,44.257,-32.807,4.13,-3.06,4.12,-3.06,INF,-1,1,7,0
4620,1,1,44.762,-36.623,4.18,-3.41,4.17,-3.42,INF,-1,1,7,0
4640,1,1,44.708,-34.577,4.17,-3.22,4.16,-3.23,INF,-1,1,7,0
4660,1,1,44.943,-36.250,4.19,-3.38,4.19,-3.38,INF,-1,1,7,0
4680,1,1,42.762,-33.310,3.99,-3.10,3.98,-3.11,INF,-1,1,7,0
4700,1,1,45.017,-35.155,4.20,-3.27,4.19,-3.28,INF,-1,1,7,0
4720,1,1,45.389,-34.700,4.23,-3.23,4.23,-3.24,INF,-1,1,7,0
4740,1,1,45.781,-34.215,4.27,-3.19,4.26,-3.19,INF,-1,1,7,0
4760,1,1,45.729,-36.463,4.27,-3.39,4.26,-3.40,INF,-1,1,7,0
4780,1,1,44.937,-34.751,4.19,-3.24,4.19,-3.24,INF,-1,1,7,0
4800,1,1,45.886,-34.506,4.28,-3.21,4.27,-3.22,INF,-1,1,7,0
4820,1,1,43.992,-34.743,4.10,-3.24,4.10,-3.24,INF,-1,1,7,0
4840,1,1,43.969,-35.401,4.10,-3.30,4.10,-3.31,INF,-1,1,7,0
4860,1,1,44.095,-34.088,4.11,-3.17,4.11,-3.18,INF,-1,1,7,0
4880,1,1,46.476,-34.688,4.34,-3.23,4.33,-3.24,INF,-1,1,7,0
4900,1,1,45.590,-34.158,4.25,-3.18,4.25,-3.19,INF,-1,1,7,0
4920,1,1,46.095,-33.877,4.30,-3.15,4.29,-3.16,INF,-1,1,7,0
4940,1,1,45.744,-33.905,4.27,-3.16,4.26,-3.17,INF,-1,1,7,0
4960,1,1,44.880,-36.244,4.19,-3.37,4.18,-3.38,INF,-1,1,7,0
4980,1,1,45.129,-35.550,4.21,-3.31,4.20,-3.32,INF,-1,1,7,0
5000,1,1,45.184,-35.906,4.22,-3.34,4.21,-3.35,INF,-1,0,7,0
5020,1,1,45.127,-35.671,4.21,-3.32,4.20,-3.33,INF,-1,0,7,0
5040,1,1,42.245,-34.587,3.94,-3.22,3.94,-3.23,INF,-1,0,7,0
5060,1,1,21.378,-25.305,2.00,-2.36,2.00,-2.36,INF,-1,0,7,0
5080,1,1,20.015,-23.268,1.87,-2.17,1.87,-2.17,INF,-1,0,7,0
5100,1,1,18.961,-22.267,1.77,-2.08,1.77,-2.08,INF,-1,0,7,0
5120,1,1,20.562,-24.035,1.92,-2.24,1.92,-2.25,INF,-1,0,7,0
5140,1,1,20.966,-24.070,1.96,-2.25,1.96,-2.25,INF,-1,0,7,0
5160,1,1,19.718,-22.050,1.84,-2.06,1.84,-2.06,INF,-1,0,7,0
5180,1,1,19.887,-22.658,1.86,-2.12,1.86,-2.12,INF,-1,0,7,0
5200,1,1,20.523,-23.958,1.92,-2.24,1.92,-2.24,INF,-1,0,7,0
5220,1,1,20.432,-23.249,1.91,-2.17,1.91,-2.17,INF,-1,0,7,0
5240,1,1,20.535,-24.020,1.92,-2.24,1.92,-2.24,INF,-1,0,7,0
5260,1,1,20.075,-24.317,1.88,-2.27,1.87,-2.27,INF,-1,0,7,0
5280,1,1,19.419,-25.891,1.81,-2.42,1.81,-2.42,INF,-1,0,7,0
5300,1,1,18.632,-24.126,1.74,-2.25,1.74,-2.25,INF,-1,0,7,0
5320,1,1,19.378,-24.961,1.81,-2.33,1.81,-2.33,INF,-1,0,7,0
5340,1,1,18.442,-24.406,1.72,-2.28,1.72,-2.28,INF,-1,1,7,0
5360,1,1,5.226,-16.176,0.49,-1.51,0.49,-1.51,INF,-1,1,7,0
5380,1,1,6.325,-16.791,0.59,-1.57,0.59,-1.57,INF,-1,1,7,0
5400,1,1,5.368,-17.178,0.50,-1.61,0.50,-1.61,INF,-1,0,7,0
5420,1,1,7.359,-15.725,0.69,-1.47,0.69,-1.47,INF,-1,0,7,0
5440,1,1,4.101,-17.673,0.38,-1.65,0.38,-1.65,INF,-1,0,7,0
5460,1,1,7.125,-17.186,0.67,-1.61,0.67,-1.61,INF,-1,0,7,0
5480,1,1,7.277,-17.138,0.68,-1.60,0.68,-1.60,INF,-1,0,7,0
5500,1,1,6.437,-16.929,0.60,-1.58,0.60,-1.58,INF,-1,0,7,0
5520,1,1,6.988,-16.542,0.65,-1.55,0.65,-1.55,INF,-1,0,7,0
5540,1,1,7.873,-15.733,0.74,-1.47,0.74,-1.47,INF,-1,0,7,0
5560,1,1,7.473,-15.585,0.70,-1.46,0.70,-1.46,INF,-1,0,7,0
5580,1,1,8.054,-15.676,0.75,-1.46,0.75,-1.46,INF,-1,0,7,0
5600,1,1,8.823,-14.204,0.82,-1.33,0.82,-1.33,INF,-1,0,7,0
5620,1,1,7.534,-14.257,0.70,-1.33,0.70,-1.33,INF,-1,0,7,0
5640,1,1,7.646,-14.196,0.71,-1.33,0.71,-1.33,INF,-1,1,7,0
5660,1,1,7.213,-15.907,0.67,-1.49,0.67,-1.49,INF,-1,1,7,0
5680,1,1,6.944,-13.943,0.65,-1.30,0.65,-1.30,INF,-1,1,7,0
5700,1,1,8.922,-13.440,0.83,-1.26,0.83,-1.26,INF,-1,1,7,0
5720,1,1,8.695,-13.089,0.81,-1.22,0.81,-1.22,INF,-1,1,7,0
5740,1,1,7.351,-13.897,0.69,-1.30,0.69,-1.30,INF,-1,1,7,0
5760,1,1,10.015,-11.839,0.94,-1.11,0.94,-1.11,INF,-1,1,7,0
5780,1,1,7.659,-11.800,0.72,-1.10,0.72,-1.10,INF,-1,1,7,0
5800,1,1,4.514,-32.798,0.42,-3.06,0.42,-3.06,INF,-1,1,7,0
5820,1,1,1.880,-37.774,0.18,-3.53,0.18,-3.53,INF,-1,1,7,0
5840,1,1,0.610,-38.983,0.06,-3.64,0.06,-3.64,INF,-1,0,7,0
5860,1,1,2.453,-38.241,0.23,-3.57,0.23,-3.57,INF,-1,0,7,0
5880,1,1,1.975,-38.909,0.18,-3.63,0.18,-3.63,INF,-1,0,7,0
5900,1,1,0.664,-39.394,0.06,-3.68,0.06,-3.68,INF,-1,0,7,0
5920,1,1,0.892,-39.397,0.08,-3.68,0.08,-3.68,INF,-1,0,7,0
5940,1,1,0.693,-38.459,0.06,-3.59,0.06,-3.59,INF,-1,0,7,0
5960,1,1,0.209,-39.518,0.02,-3.69,0.02,-3.69,INF,-1,0,7,0
5980,1,1,-0.231,-40.295,-0.02,-3.76,-0.02,-3.76,INF,-1,0,7,0
6000,1,1,-1.040,-40.230,-0.10,-3.75,-0.10,-3.75,INF,-1,0,7,0
6020,1,1,0.374,-38.658,0.03,-3.61,0.03,-3.61,INF,-1,0,7,0
6040,1,1,-2.514,-38.257,-0.23,-3.57,-0.23,-3.57,INF,-1,0,7,0
6060,1,1,-0.554,-39.258,-0.05,-3.66,-0.05,-3.66,INF,-1,0,7,0
6080,1,1,1.603,-39.546,0.15,-3.69,0.15,-3.69,INF,-1,1,7,0
6100,1,1,-1.678,-38.067,-0.16,-3.55,-0.16,-3.55,INF,-1,1,7,0
6120,1,1,-2.257,-39.210,-0.21,-3.66,-0.21,-3.66,INF,-1,1,7,0
6140,1,1,1.767,-39.738,0.17,-3.71,0.16,-3.71,INF,-1,1,7,0
6160,1,1,-0.041,-39.057,0.00,-3.65,0.00,-3.65,INF,-1,1,7,0
6180,1,1,-0.561,-39.131,-0.05,-3.65,-0.05,-3.65,INF,-1,1,7,0
6200,1,1,-0.473,-40.386,-0.04,-3.77,-0.04,-3.77,INF,-1,1,7,0
6220,1,1,2.811,-39.673,0.26,-3.70,0.26,-3.70,INF,-1,1,7,0
6240,1,1,1.292,-39.321,0.12,-3.67,0.12,-3.67,INF,-1,1,7,0
6260,1,1,1.942,-40.004,0.18,-3.73,0.18,-3.73,INF,-1,1,7,0
6280,1,1,1.434,-39.844,0.13,-3.72,0.13,-3.72,INF,-1,1,7,0
6300,1,1,2.427,-40.804,0.23,-3.81,0.23,-3.81,INF,-1,1,7,0
6320,1,1,1.592,-39.929,0.15,-3.73,0.15,-3.73,INF,-1,1,7,0
6340,1,1,2.165,-40.412,0.20,-3.77,0.20,-3.77,INF,-1,1,7,0
6360,1,1,4.814,-40.721,0.45,-3.80,0.45,-3.80,INF,-1,1,7,0
6380,1,1,2.012,-39.272,0.19,-3.67,0.19,-3.67,INF,-1,1,7,0
6400,1,1,2.589,-39.182,0.24,-3.66,0.24,-3.66,INF,-1,1,7,0
6420,1,1,5.438,-40.290,0.51,-3.76,0.51,-3.76,INF,-1,1,7,0
6440,1,1,4.525,-40.086,0.42,-3.74,0.42,-3.74,INF,-1,1,7,0
6460,1,1,4.933,-38.092,0.46,-3.56,0.46,-3.56,INF,-1,1,7,0
6480,1,1,3.239,-37.936,0.30,-3.54,0.30,-3.54,INF,-1,1,7,0
6500,1,1,4.506,-39.021,0.42,-3.64,0.42,-3.64,INF,-1,1,7,0
6520,1,1,5.192,-38.388,0.49,-3.58,0.48,-3.58,INF,-1,1,7,0
6540,1,1,3.775,-37.959,0.35,-3.54,0.35,-3.54,INF,-1,1,7,0
6560,1,1,-11.686,-34.996,-1.09,-3.27,-1.09,-3.27,INF,-1,1,7,0
6580,1,1,-16.213,-35.322,-1.52,-3.30,-1.51,-3.30,INF,-1,1,7,0
6600,1,1,-15.452,-33.302,-1.44,-3.11,-1.44,-3.11,INF,-1,0,7,0
6620,1,1,-12.753,-32.688,-1.19,-3.05,-1.19,-3.05,INF,-1,0,7,0
6640,1,1,-13.650,-33.392,-1.28,-3.12,-1.27,-3.12,INF,-1,0,7,0
6660,1,1,-14.715,-31.871,-1.38,-2.98,-1.37,-2.98,INF,-1,0,7,0
6680,1,1,-12.962,-35.678,-1.21,-3.33,-1.21,-3.33,INF,-1,0,7,0
6700,1,1,-12.555,-33.494,-1.17,-3.13,-1.17,-3.13,INF,-1,0,7,0
6720,1,1,-13.591,-33.746,-1.27,-3.15,-1.27,-3.15,INF,-1,0,7,0
6740,1,1,-12.614,-33.133,-1.18,-3.09,-1.18,-3.09,INF,-1,0,7,0
6760,1,1,-11.593,-33.511,-1.08,-3.13,-1.08,-3.13,INF,-1,0,7,0
6780,1,1,-13.210,-33.904,-1.23,-3.16,-1.23,-3.17,INF,-1,0,7,0
6800,1,1,-14.773,-31.873,-1.38,-2.98,-1.38,-2.98,INF,-1,0,7,0
6820,1,1,-11.819,-31.619,-1.10,-2.95,-1.10,-2.95,INF,-1,0,7,0
6840,1,1,-12.783,-33.228,-1.19,-3.10,-1.19,-3.10,INF,-1,1,7,0
6860,1,1,-14.190,-31.476,-1.33,-2.94,-1.32,-2.94,INF,-1,1,7,0
6880,1,1,-13.165,-32.196,-1.23,-3.01,-1.23,-3.01,INF,-1,1,7,0
6900,1,1,-13.285,-33.198,-1.24,-3.10,-1.24,-3.10,INF,-1,1,7,0
6920,1,1,-11.530,-33.796,-1.08,-3.16,-1.08,-3.16,INF,-1,1,7,0
6940,1,1,-12.405,-31.823,-1.16,-2.97,-1.16,-2.97,INF,-1,1,7,0
6960,1,1,-19.308,-16.516,-1.80,-1.54,-1.80,-1.54,INF,-1,1,7,0
6980,1,1,-18.647,-15.821,-1.74,-1.48,-1.74,-1.48,INF,-1,1,7,0
7000,1,1,-19.570,-15.770,-1.83,-1.47,-1.83,-1.47,INF,-1,0,7,0
7020,1,1,-19.480,-16.302,-1.82,-1.52,-1.82,-1.52,INF,-1,0,7,0
7040,1,1,-20.119,-15.251,-1.88,-1.42,-1.88,-1.43,INF,-1,0,7,0
7060,1,1,-17.974,-14.503,-1.68,-1.35,-1.68,-1.36,INF,-1,0,7,0
7080,1,1,-18.202,-15.693,-1.70,-1.47,-1.70,-1.47,INF,-1,0,7,0
7100,1,1,-20.548,-16.173,-1.92,-1.51,-1.92,-1.51,INF,-1,0,7,0
7120,1,1,-18.456,-15.413,-1.72,-1.44,-1.72,-1.44,INF,-1,0,7,0
7140,1,1,-20.264,-17.763,-1.89,-1.66,-1.89,-1.66,INF,-1,0,7,0
7160,1,1,-18.168,-15.849,-1.70,-1.48,-1.70,-1.48,INF,-1,0,7,0
7180,1,1,-20.178,-14.894,-1.89,-1.39,-1.88,-1.39,INF,-1,0,7,0
7200,1,1,-30.564,-15.849,-2.85,-1.48,-2.85,-1.48,INF,-1,0,7,0
7220,1,1,-32.041,-17.339,-2.99,-1.62,-2.99,-1.62,INF,-1,0,7,0
7240,1,1,-32.950,-15.878,-3.08,-1.48,-3.08,-1.48,INF,-1,1,7,0
7260,1,1,-31.830,-16.131,-2.97,-1.51,-2.97,-1.51,INF,-1,0,7,0
7280,1,1,-31.808,-17.082,-2.97,-1.59,-2.97,-1.60,INF,-1,0,7,0
7300,1,1,-31.319,-14.990,-2.92,-1.40,-2.92,-1.40,INF,-1,0,7,0
7320,1,1,-31.064,-16.773,-2.90,-1.57,-2.90,-1.57,INF,-1,0,7,0
7340,1,1,-31.539,-16.712,-2.95,-1.56,-2.94,-1.56,INF,-1,0,7,0
7360,1,1,-32.626,-17.645,-3.05,-1.65,-3.05,-1.65,INF,-1,0,7,0
7380,1,1,-30.484,-18.253,-2.85,-1.70,-2.85,-1.71,INF,-1,0,7,0
7400,1,1,-33.496,-16.845,-3.13,-1.57,-3.13,-1.57,INF,-1,0,7,0
7420,1,1,-32.833,-16.504,-3.07,-1.54,-3.06,-1.54,INF,-1,0,7,0
7440,1,1,-31.122,-16.933,-2.91,-1.58,-2.91,-1.58,INF,-1,0,7,0
7460,1,1,-31.845,-16.686,-2.97,-1.56,-2.97,-1.56,INF,-1,0,7,0
7480,0,1,0.000,0.000,0.00,0.00,0.00,0.00,0.00,-1,0,7,0
7500,1,1,-30.200,-19.346,-2.82,-1.81,-2.82,-1.81,INF,-1,1,7,0
7520,1,1,-31.572,-17.877,-2.95,-1.67,-2.95,-1.67,INF,-1,1,7,0
7540,1,1,-28.961,-19.282,-2.70,-1.80,-2.70,-1.80,INF,-1,1,7,0
7560,1,1,-31.143,-18.800,-2.91,-1.75,-2.91,-1.76,INF,-1,1,7,0
7580,1,1,-30.240,-18.567,-2.82,-1.73,-2.82,-1.73,INF,-1,1,7,0
7600,1,1,-30.169,-17.749,-2.82,-1.66,-2.82,-1.66,INF,-1,1,7,0
7620,1,1,-31.455,-18.482,-2.94,-1.72,-2.94,-1.73,INF,-1,1,7,0
7640,1,1,-29.112,-17.296,-2.72,-1.61,-2.72,-1.62,INF,-1,1,7,0
7660,1,1,-29.836,-18.823,-2.79,-1.76,-2.79,-1.76,INF,-1,1,7,0
7680,1,1,-31.560,-17.550,-2.95,-1.64,-2.95,-1.64,INF,-1,1,7,0
7700,1,1,-28.522,-18.269,-2.66,-1.71,-2.66,-1.71,INF,-1,1,7,0
7720,1,1,-29.249,-17.915,-2.73,-1.67,-2.73,-1.67,INF,-1,1,7,0
7740,1,1,-29.663,-15.645,-2.77,-1.46,-2.77,-1.46,INF,-1,1,7,0
7760,1,1,-29.434,-16.899,-2.75,-1.58,-2.75,-1.58,INF,-1,1,7,0
7780,1,1,-31.521,-18.467,-2.94,-1.72,-2.94,-1.73,INF,-1,1,7,0
7800,1,1,-29.934,-18.008,-2.80,-1.68,-2.79,-1.68,INF,-1,1,7,0
7820,1,1,-31.507,-18.583,-2.94,-1.73,-2.94,-1.74,INF,-1,1,7,0
7840,1,1,-31.391,-17.085,-2.93,-1.59,-2.93,-1.60,INF,-1,1,7,0
7860,1,1,-29.280,-18.156,-2.73,-1.69,-2.73,-1.70,INF,-1,1,7,0
7880,1,1,-29.966,-18.117,-2.80,-1.69,-2.80,-1.69,INF,-1,1,7,0
7900,1,1,-29.130,-17.084,-2.72,-1.59,-2.72,-1.60,INF,-1,1,7,0
7920,1,1,-29.765,-15.211,-2.78,-1.42,-2.78,-1.42,INF,-1,1,7,0
7940,1,1,-30.352,-16.878,-2.83,-1.58,-2.83,-1.58,INF,-1,1,7,0
7960,1,1,-30.563,-15.865,-2.85,-1.48,-2.85,-1.48,INF,-1,1,7,0
7980,1,1,-31.999,-17.078,-2.99,-1.59,-2.99,-1.60,INF,-1,1,7,0
8000,1,1,-30.180,-16.592,-2.82,-1.55,-2.82,-1.55,INF,-1,1,7,0
8020,1,1,-21.923,-16.267,-2.05,-1.52,-2.05,-1.52,INF,-1,1,7,0
8040,1,1,-24.117,-15.580,-2.25,-1.45,-2.25,-1.46,INF,-1,1,7,0
8060,1,1,-24.337,-16.077,-2.27,-1.50,-2.27,-1.50,INF,-1,1,7,0
8080,1,1,-25.328,-16.525,-2.37,-1.54,-2.37,-1.54,INF,-1,1,7,0
8100,1,1,-25.028,-16.817,-2.34,-1.57,-2.34,-1.57,INF,-1,1,7,0
8120,1,1,-24.602,-17.784,-2.30,-1.66,-2.30,-1.66,INF,-1,1,7,0
8140,1,1,-26.248,-16.428,-2.45,-1.53,-2.45,-1.54,INF,-1,1,7,0
8160,1,1,-26.317,-16.832,-2.46,-1.57,-2.46,-1.57,INF,-1,1,7,0
8180,1,1,-23.652,-15.789,-2.21,-1.47,-2.21,-1.48,INF,-1,1,7,0
8200,1,1,-23.619,-16.194,-2.21,-1.51,-2.21,-1.51,INF,-1,1,7,0
8220,1,1,-23.438,-15.322,-2.19,-1.43,-2.19,-1.43,INF,-1,1,7,0
8240,1,1,-23.534,-14.570,-2.20,-1.36,-2.20,-1.36,INF,-1,1,7,0
8260,1,1,-24.131,-13.611,-2.25,-1.27,-2.25,-1.27,INF,-1,1,7,0
8280,1,1,-24.119,-12.772,-2.25,-1.19,-2.25,-1.19,INF,-1,1,7,0
8300,1,1,-24.533,-14.753,-2.29,-1.38,-2.29,-1.38,INF,-1,1,7,0
8320,1,1,-24.893,-16.215,-2.33,-1.51,-2.32,-1.52,INF,-1,1,7,0
8340,1,1,-24.045,-16.917,-2.25,-1.58,-2.25,-1.58,INF,-1,1,7,0
8360,1,1,-24.620,-14.706,-2.30,-1.37,-2.30,-1.37,INF,-1,1,7,0
8380,1,1,-24.821,-15.761,-2.32,-1.47,-2.32,-1.47,INF,-1,1,7,0
8400,1,1,-24.001,-15.329,-2.24,-1.43,-2.24,-1.43,INF,-1,1,7,0
8420,1,1,-24.400,-15.870,-2.28,-1.48,-2.28,-1.48,INF,-1,1,7,0
8440,1,1,-24.998,-15.888,-2.34,-1.48,-2.33,-1.48,INF,-1,1,7,0
8460,1,1,-25.250,-16.940,-2.36,-1.58,-2.36,-1.58,INF,-1,1,7,0
8480,1,1,-22.806,-17.302,-2.13,-1.62,-2.13,-1.62,INF,-1,1,7,0
8500,1,1,-24.775,-15.019,-2.31,-1.40,-2.31,-1.40,INF,-1,1,7,0
8520,1,1,-24.911,-15.017,-2.33,-1.40,-2.33,-1.40,INF,-1,1,7,0
8540,1,1,-22.716,-15.041,-2.12,-1.40,-2.12,-1.41,INF,-1,1,7,0
8560,1,1,-24.436,-14.370,-2.28,-1.34,-2.28,-1.34,INF,-1,1,7,0
8580,1,1,-24.544,-14.425,-2.29,-1.35,-2.29,-1.35,INF,-1,1,7,0
8600,1,1,-23.416,-16.304,-2.19,-1.52,-2.19,-1.52,INF,-1,1,7,0
8620,1,1,-23.197,-15.208,-2.17,-1.42,-2.17,-1.42,INF,-1,1,7,0
8640,1,1,-27.136,-15.943,-2.53,-1.49,-2.53,-1.49,INF,-1,1,7,0
8660,1,1,-25.515,-13.973,-2.38,-1.30,-2.38,-1.31,INF,-1,1,7,0
8680,1,1,-26.776,-14.959,-2.50,-1.40,-2.50,-1.40,INF,-1,1,7,0
8700,1,1,-27.146,-16.279,-2.54,-1.52,-2.53,-1.52,INF,-1,1,7,0
8720,1,1,-27.663,-16.160,-2.58,-1.51,-2.58,-1.51,INF,-1,1,7,0
8740,1,1,-27.729,-16.047,-2.59,-1.50,-2.59,-1.50,INF,-1,1,7,0
8760,1,1,-28.909,-16.668,-2.70,-1.56,-2.70,-1.56,INF,-1,1,7,0
8780,1,1,-28.181,-15.952,-2.63,-1.49,-2.63,-1.49,INF,-1,1,7,0
8800,1,1,-29.396,-16.016,-2.75,-1.49,-2.74,-1.50,INF,-1,1,7,0
8820,1,1,-10.588,-4.507,-0.99,-0.42,-0.99,-0.42,INF,-1,1,7,0
8840,1,1,-6.976,-2.240,-0.65,-0.21,-0.65,-0.21,INF,-1,1,7,0
8860,1,1,-7.086,-2.952,-0.66,-0.28,-0.66,-0.28,INF,-1,0,7,0
8880,1,1,-7.466,-2.668,-0.70,-0.25,-0.70,-0.25,INF,-1,0,7,0
8900,1,1,-8.287,-1.962,-0.77,-0.18,-0.77,-0.18,INF,-1,0,7,0
8920,1,1,-6.859,-2.327,-0.64,-0.22,-0.64,-0.22,INF,-1,0,7,0
8940,1,1,-6.707,-4.171,-0.63,-0.39,-0.63,-0.39,INF,-1,0,7,0
8960,1,1,-7.992,-2.776,-0.75,-0.26,-0.75,-0.26,INF,-1,0,7,0
8980,1,1,-8.155,-3.366,-0.76,-0.31,-0.76,-0.31,INF,-1,0,7,0
9000,1,1,-8.034,-4.125,-0.75,-0.39,-0.75,-0.39,INF,-1,0,7,0
9020,1,1,-6.773,-3.176,-0.63,-0.30,-0.63,-0.30,INF,-1,0,7,0
9040,1,1,-7.578,-3.522,-0.71,-0.33,-0.71,-0.33,INF,-1,0,7,0
9060,1,1,-7.075,-4.045,-0.66,-0.38,-0.66,-0.38,INF,-1,0,7,0
9080,1,1,3.256,-0.402,0.30,-0.04,0.30,-0.04,INF,-1,0,7,0
9100,1,1,3.422,-0.438,0.32,-0.04,0.32,-0.04,INF,-1,1,7,0
9120,1,1,2.051,-0.188,0.19,-0.02,0.19,-0.02,INF,-1,1,7,0
9140,1,1,3.764,-0.565,0.35,-0.05,0.35,-0.05,INF,-1,1,7,0
9160,1,1,4.049,-0.246,0.38,-0.02,0.38,-0.02,INF,-1,1,7,0
9180,1,1,3.023,0.390,0.28,0.04,0.28,0.04,INF,-1,1,7,0
9200,1,1,6.012,-0.075,0.56,-0.01,0.56,-0.01,INF,-1,1,7,0
9220,1,1,2.610,0.902,0.24,0.08,0.24,0.08,INF,-1,1,7,0
9240,1,1,3.710,0.093,0.35,0.01,0.35,0.01,INF,-1,1,7,0
9260,1,1,5.360,-0.156,0.50,-0.01,0.50,-0.01,INF,-1,1,7,0
9280,1,1,4.941,-0.646,0.46,-0.06,0.46,-0.06,INF,-1,0,7,0
9300,1,1,3.911,0.472,0.37,0.04,0.37,0.04,INF,-1,0,7,0
9320,1,1,40.393,7.821,3.77,0.73,3.77,0.73,INF,-1,0,7,0
9340,1,1,46.333,10.439,4.32,0.97,4.32,0.98,INF,-1,0,7,0
9360,1,1,46.256,8.948,4.32,0.83,4.31,0.84,INF,-1,0,7,0
9380,1,1,46.474,10.870,4.34,1.01,4.33,1.02,INF,-1,0,7,0
9400,1,1,45.625,10.630,4.26,0.99,4.26,0.99,INF,-1,0,7,0
9420,1,1,44.448,9.109,4.15,0.85,4.15,0.85,INF,-1,0,7,0
9440,1,1,44.677,10.687,4.17,1.00,4.17,1.00,INF,-1,0,7,0
9460,1,1,45.922,7.551,4.28,0.70,4.28,0.71,INF,-1,0,7,0
9480,1,1,45.057,8.689,4.20,0.81,4.20,0.81,INF,-1,0,7,0
9500,1,1,46.499,8.253,4.34,0.77,4.34,0.77,INF,-1,0,7,0
9520,1,1,45.727,10.525,4.27,0.98,4.27,0.98,INF,-1,0,7,0
9540,1,1,46.772,8.292,4.36,0.77,4.36,0.77,INF,-1,0,7,0
9560,1,1,47.241,7.674,4.41,0.72,4.41,0.72,INF,-1,0,7,0
9580,1,1,45.826,9.109,4.28,0.85,4.27,0.85,INF,-1,0,7,0
9600,1,1,47.876,8.818,4.47,0.82,4.47,0.82,INF,-1,1,7,0
9620,1,1,48.371,9.154,4.51,0.85,4.51,0.86,INF,-1,1,7,0
9640,1,1,47.068,10.104,4.39,0.94,4.39,0.94,INF,-1,1,7,0
9660,1,1,48.644,9.498,4.54,0.88,4.54,0.89,INF,-1,1,7,0
9680,1,1,47.916,9.354,4.47,0.87,4.47,0.87,INF,-1,1,7,0
9700,1,1,47.464,8.384,4.43,0.78,4.43,0.78,INF,-1,1,7,0
9720,1,1,48.333,8.257,4.51,0.77,4.51,0.77,INF,-1,1,7,0
9740,1,1,48.515,8.807,4.53,0.82,4.52,0.82,INF,-1,1,7,0
9760,1,1,48.057,8.369,4.48,0.78,4.48,0.78,INF,-1,1,7,0
9780,1,1,47.800,8.264,4.46,0.77,4.46,0.77,INF,-1,1,7,0
9800,1,1,47.855,8.821,4.46,0.82,4.46,0.82,INF,-1,1,7,0
9820,1,1,47.043,8.432,4.39,0.79,4.39,0.79,INF,-1,1,7,0
9840,1,1,48.248,8.802,4.50,0.82,4.50,0.82,INF,-1,1,7,0
9860,1,1,47.936,10.116,4.47,0.94,4.47,0.95,INF,-1,1,7,0
9880,1,1,48.236,10.368,4.50,0.97,4.50,0.97,INF,-1,1,7,0
9900,1,1,48.205,8.582,4.50,0.80,4.50,0.80,INF,-1,1,7,0
9920,1,1,10.686,2.081,1.00,0.19,1.00,0.19,INF,-1,1,7,0
9940,1,1,-1.376,0.151,-0.13,0.01,-0.13,0.01,INF,-1,1,7,0
9960,1,1,-1.701,0.643,-0.16,0.06,-0.16,0.06,INF,-1,0,7,0
9980,1,1,-0.426,-0.624,-0.04,-0.06,-0.04,-0.06,INF,-1,0,7,0
10000,1,1,-1.352,-0.254,-0.13,-0.02,-0.13,-0.02,INF,-1,0,7,0
10020,1,1,0.178,-1.475,0.02,-0.14,0.02,-0.14,INF,-1,0,7,0
10040,1,1,0.026,-0.717,0.00,-0.07,0.00,-0.07,INF,-1,0,7,0
10060,1,1,0.057,-0.073,0.01,-0.01,0.01,-0.01,INF,-1,0,7,0
10080,1,1,0.522,-0.977,0.05,-0.09,0.05,-0.09,INF,-1,0,7,0
10100,1,1,0.048,-1.559,0.00,-0.15,0.00,-0.15,INF,-1,0,7,0
10120,1,1,2.251,-1.307,0.21,-0.12,0.21,-0.12,INF,-1,0,7,0
10140,1,1,1.823,-1.823,0.17,-0.17,0.17,-0.17,INF,-1,0,7,0
10160,1,1,1.685,-2.362,0.16,-0.22,0.16,-0.22,INF,-1,0,7,0
10180,1,1,3.295,-1.481,0.31,-0.14,0.31,-0.14,INF,-1,0,7,0
10200,1,1,-40.762,5.858,-3.80,0.55,-3.80,0.55,INF,-1,0,7,0
10220,1,1,-57.339,16.198,-5.34,1.51,-5.34,1.51,INF,-1,1,7,0
10240,1,1,-58.751,19.662,-5.47,1.83,-5.47,1.84,INF,-1,0,7,0
10260,0,1,0.000,0.000,0.00,0.00,0.00,0.00,0.00,-1,0,7,0
10280,1,1,-57.345,18.628,-5.34,1.73,-5.34,1.74,INF,-1,0,7,0
10300,1,1,-57.505,17.972,-5.36,1.67,-5.36,1.68,INF,-1,0,7,0
10320,1,1,-56.777,17.824,-5.29,1.66,-5.29,1.67,INF,-1,0,7,0
10340,1,1,-56.965,17.475,-5.31,1.63,-5.31,1.63,INF,-1,0,7,0
10360,1,1,-56.571,18.013,-5.27,1.68,-5.27,1.68,INF,-1,0,7,0
10380,1,1,-55.655,16.592,-5.19,1.54,-5.19,1.55,INF,-1,0,7,0
10400,0,1,0.000,0.000,0.00,0.00,0.00,0.00,0.00,-1,0,7,0
10420,1,1,-52.878,17.960,-4.93,1.67,-4.93,1.68,INF,-1,0,7,0
10440,1,1,-53.261,18.306,-4.97,1.70,-4.96,1.71,INF,-1,0,7,0
10460,1,1,-53.255,19.614,-4.97,1.83,-4.96,1.83,INF,-1,0,7,0
10480,1,1,-53.117,19.834,-4.95,1.85,-4.95,1.85,INF,-1,0,7,0
10500,1,1,-53.676,17.858,-5.00,1.66,-5.00,1.67,INF,-1,1,7,0
10520,1,1,-56.673,19.471,-5.28,1.81,-5.28,1.82,INF,-1,1,7,0
10540,1,1,-16.931,-7.231,-1.58,-0.68,-1.58,-0.68,INF,-1,1,7,0
10560,1,1,-14.085,-5.468,-1.32,-0.51,-1.32,-0.51,INF,-1,1,7,0
10580,1,1,-14.988,-7.254,-1.40,-0.68,-1.40,-0.68,INF,-1,0,7,0
10600,1,1,-15.429,-6.737,-1.44,-0.63,-1.44,-0.63,INF,-1,0,7,0
10620,1,1,-14.271,-5.819,-1.33,-0.54,-1.33,-0.54,INF,-1,0,7,0
10640,1,1,-14.426,-6.007,-1.35,-0.56,-1.35,-0.56,INF,-1,0,7,0
10660,1,1,-12.504,-5.842,-1.17,-0.55,-1.17,-0.55,INF,-1,0,7,0
10680,1,1,-13.905,-5.291,-1.30,-0.49,-1.30,-0.49,INF,-1,0,7,0
10700,1,1,-14.822,-4.774,-1.39,-0.45,-1.39,-0.45,INF,-1,0,7,0
10720,1,1,-15.499,-6.420,-1.45,-0.60,-1.45,-0.60,INF,-1,0,7,0
10740,1,1,-16.265,-4.303,-1.52,-0.40,-1.52,-0.40,INF,-1,0,7,0
10760,1,1,-16.042,-5.345,-1.50,-0.50,-1.50,-0.50,INF,-1,0,7,0
10780,1,1,-15.858,-4.185,-1.48,-0.39,-1.48,-0.39,INF,-1,0,7,0
10800,1,1,-8.582,-1.756,-0.80,-0.16,-0.80,-0.16,INF,-1,0,7,0
10820,1,1,4.601,1.349,0.43,0.13,0.43,0.13,INF,-1,1,7,0
10840,1,1,6.395,-0.227,0.60,-0.02,0.60,-0.02,INF,-1,1,7,0
10860,1,1,6.018,-0.532,0.56,-0.05,0.56,-0.05,INF,-1,0,7,0
10880,1,1,4.168,-1.316,0.39,-0.12,0.39,-0.12,INF,-1,0,7,0
10900,1,1,5.974,-1.344,0.56,-0.13,0.56,-0.13,INF,-1,0,7,0
10920,1,1,3.132,-0.297,0.29,-0.03,0.29,-0.03,INF,-1,0,7,0
10940,1,1,5.186,-1.181,0.48,-0.11,0.48,-0.11,INF,-1,0,7,0
10960,1,1,4.957,0.266,0.46,0.02,0.46,0.02,INF,-1,0,7,0
10980,1,1,5.818,-0.656,0.54,-0.06,0.54,-0.06,INF,-1,0,7,0
11000,1,1,4.187,1.120,0.39,0.10,0.39,0.10,INF,-1,0,7,0
11020,1,1,5.679,0.491,0.53,0.05,0.53,0.05,INF,-1,0,7,0
11040,1,1,3.405,1.430,0.32,0.13,0.32,0.13,INF,-1,0,7,0
11060,1,1,3.577,0.562,0.33,0.05,0.33,0.05,INF,-1,0,7,0
11080,1,1,4.156,0.537,0.39,0.05,0.39,0.05,INF,-1,0,7,0
11100,1,1,4.878,0.587,0.46,0.05,0.46,0.05,INF,-1,1,7,0
11120,1,1,4.058,0.268,0.38,0.03,0.38,0.03,INF,-1,1,7,0
11140,1,1,4.651,-1.407,0.43,-0.13,0.43,-0.13,INF,-1,1,7,0
11160,1,1,3.669,-0.232,0.34,-0.02,0.34,-0.02,INF,-1,1,7,0
11180,1,1,-23.850,-13.213,-2.23,-1.23,-2.23,-1.23,INF,-1,1,7,0
11200,1,1,-29.468,-17.690,-2.75,-1.65,-2.75,-1.65,INF,-1,1,7,0
11220,1,1,-29.054,-18.590,-2.71,-1.74,-2.71,-1.74,INF,-1,0,7,0
11240,1,1,-29.003,-19.174,-2.71,-1.79,-2.71,-1.79,INF,-1,0,7,0
11260,1,1,-29.933,-18.412,-2.80,-1.72,-2.79,-1.72,INF,-1,0,7,0
11280,1,1,-30.109,-17.734,-2.81,-1.66,-2.81,-1.66,INF,-1,0,7,0
11300,1,1,-26.106,-17.507,-2.44,-1.63,-2.44,-1.64,INF,-1,0,7,0
11320,1,1,-29.304,-16.250,-2.74,-1.52,-2.74,-1.52,INF,-1,0,7,0
11340,1,1,-26.907,-18.677,-2.51,-1.74,-2.51,-1.75,INF,-1,0,7,0
11360,1,1,-27.867,-19.439,-2.60,-1.81,-2.60,-1.82,INF,-1,0,7,0
11380,1,1,-27.169,-17.965,-2.54,-1.68,-2.54,-1.68,INF,-1,0,7,0
11400,1,1,-26.933,-20.352,-2.52,-1.90,-2.51,-1.90,INF,-1,0,7,0
11420,1,1,-26.082,-19.164,-2.44,-1.79,-2.44,-1.79,INF,-1,0,7,0
11440,1,1,-27.560,-19.303,-2.57,-1.80,-2.57,-1.80,INF,-1,0,7,0
11460,1,1,-26.982,-20.014,-2.52,-1.87,-2.52,-1.87,INF,-1,1,7,0
11480,1,1,-26.930,-18.401,-2.52,-1.72,-2.51,-1.72,INF,-1,1,7,0
11500,1,1,-26.069,-19.441,-2.44,-1.81,-2.43,-1.82,INF,-1,1,7,0
11520,1,1,-29.174,-20.204,-2.72,-1.89,-2.72,-1.89,INF,-1,1,7,0
11540,1,1,-28.749,-20.982,-2.69,-1.96,-2.68,-1.96,INF,-1,1,7,0
11560,1,1,-28.861,-19.806,-2.70,-1.85,-2.69,-1.85,INF,-1,1,7,0
11580,1,1,-22.965,-17.888,-2.15,-1.67,-2.14,-1.67,INF,-1,1,7,0
11600,1,1,-21.363,-15.780,-2.00,-1.47,-2.00,-1.47,INF,-1,1,7,0
11620,1,1,-22.318,-16.692,-2.09,-1.56,-2.08,-1.56,INF,-1,1,7,0
11640,1,1,-23.534,-17.038,-2.20,-1.59,-2.20,-1.59,INF,-1,1,7,0
11660,1,1,-20.424,-15.073,-1.91,-1.41,-1.91,-1.41,INF,-1,1,7,0
11680,1,1,-21.109,-15.906,-1.97,-1.49,-1.97,-1.49,INF,-1,1,7,0
11700,1,1,-22.086,-17.226,-2.06,-1.61,-2.06,-1.61,INF,-1,1,7,0
11720,1,1,-22.446,-17.470,-2.10,-1.63,-2.10,-1.63,INF,-1,1,7,0
11740,1,1,-23.116,-15.599,-2.16,-1.46,-2.16,-1.46,INF,-1,1,7,0
11760,1,1,-22.317,-15.859,-2.09,-1.48,-2.08,-1.48,INF,-1,1,7,0
11780,1,1,-21.599,-17.292,-2.02,-1.61,-2.02,-1.62,INF,-1,1,7,0
11800,1,1,-23.566,-17.375,-2.20,-1.62,-2.20,-1.62,INF,-1,1,7,0
11820,1,1,-21.740,-17.973,-2.03,-1.68,-2.03,-1.68,INF,-1,1,7,0
11840,1,1,-24.611,-17.355,-2.30,-1.62,-2.30,-1.62,INF,-1,1,7,0
11860,1,1,-24.105,-17.216,-2.25,-1.61,-2.25,-1.61,INF,-1,1,7,0
11880,1,1,-24.348,-16.991,-2.27,-1.59,-2.27,-1.59,INF,-1,1,7,0
11900,1,1,-24.026,-17.187,-2.24,-1.60,-2.24,-1.61,INF,-1,1,7,0
11920,1,1,-22.876,-16.368,-2.14,-1.53,-2.14,-1.53,INF,-1,1,7,0
11940,1,1,-18.702,-12.610,-1.75,-1.18,-1.75,-1.18,INF,-1,1,7,0
11960,1,1,-2.172,-4.795,-0.20,-0.45,-0.20,-0.45,INF,-1,1,7,0
11980,1,1,0.701,-4.613,0.07,-0.43,0.07,-0.43,INF,-1,0,7,0
12000,1,1,0.344,-5.270,0.03,-0.49,0.03,-0.49,INF,-1,0,7,0
12020,1,1,0.060,-5.514,0.01,-0.52,0.01,-0.52,INF,-1,0,7,0
12040,1,1,1.117,-4.647,0.10,-0.43,0.10,-0.43,INF,-1,0,7,0
12060,1,1,2.912,-5.051,0.27,-0.47,0.27,-0.47,INF,-1,0,7,0
12080,1,1,1.558,-5.508,0.15,-0.51,0.15,-0.51,INF,-1,0,7,0
12100,1,1,1.554,-5.101,0.15,-0.48,0.15,-0.48,INF,-1,0,7,0
12120,1,1,2.528,-4.793,0.24,-0.45,0.24,-0.45,INF,-1,0,7,0
12140,1,1,1.799,-5.954,0.17,-0.56,0.17,-0.56,INF,-1,0,7,0
12160,1,1,4.260,-4.908,0.40,-0.46,0.40,-0.46,INF,-1,0,7,0
12180,1,1,1.712,-4.046,0.16,-0.38,0.16,-0.38,INF,-1,0,7,0
12200,1,1,2.583,-5.113,0.24,-0.48,0.24,-0.48,INF,-1,0,7,0
12220,1,1,2.341,-3.919,0.22,-0.37,0.22,-0.37,INF,-1,0,7,0
12240,1,1,3.057,-5.036,0.29,-0.47,0.29,-0.47,INF,-1,1,7,0
12260,1,1,5.081,-4.514,0.47,-0.42,0.47,-0.42,INF,-1,1,7,0
12280,1,1,4.614,-4.042,0.43,-0.38,0.43,-0.38,INF,-1,1,7,0
12300,1,1,3.838,-4.787,0.36,-0.45,0.36,-0.45,INF,-1,1,7,0
12320,1,1,6.164,-4.608,0.58,-0.43,0.58,-0.43,INF,-1,1,7,0
12340,1,1,4.996,-4.818,0.47,-0.45,0.47,-0.45,INF,-1,1,7,0
12360,1,1,3.310,-6.665,0.31,-0.62,0.31,-0.62,INF,-1,1,7,0
12380,1,1,4.669,-5.213,0.44,-0.49,0.44,-0.49,INF,-1,1,7,0
12400,1,1,-7.981,-7.303,-0.75,-0.68,-0.75,-0.68,INF,-1,1,7,0
12420,1,1,-9.144,-12.366,-0.85,-1.16,-0.85,-1.16,INF,-1,1,7,0
12440,1,1,-11.098,-13.329,-1.04,-1.25,-1.04,-1.25,INF,-1,1,7,0
12460,1,1,-9.978,-14.158,-0.93,-1.32,-0.93,-1.32,INF,-1,0,7,0
12480,1,1,-11.010,-12.569,-1.03,-1.17,-1.03,-1.17,INF,-1,0,7,0
12500,1,1,-12.935,-13.850,-1.21,-1.29,-1.21,-1.29,INF,-1,0,7,0
12520,1,1,-9.911,-13.987,-0.93,-1.31,-0.93,-1.31,INF,-1,0,7,0
12540,1,1,-10.124,-13.325,-0.95,-1.25,-0.95,-1.25,INF,-1,0,7,0
12560,1,1,-12.390,-11.664,-1.16,-1.09,-1.16,-1.09,INF,-1,0,7,0
12580,1,1,-11.269,-12.104,-1.05,-1.13,-1.05,-1.13,INF,-1,0,7,0
12600,1,1,-12.335,-12.870,-1.15,-1.20,-1.15,-1.20,INF,-1,0,7,0
12620,1,1,-11.765,-12.640,-1.10,-1.18,-1.10,-1.18,INF,-1,0,7,0
12640,1,1,-11.165,-14.010,-1.04,-1.31,-1.04,-1.31,INF,-1,0,7,0
12660,1,1,-11.124,-13.275,-1.04,-1.24,-1.04,-1.24,INF,-1,0,7,0
12680,1,1,-11.819,-14.573,-1.10,-1.36,-1.10,-1.36,INF,-1,0,7,0
12700,1,1,-13.404,-13.765,-1.25,-1.29,-1.25,-1.29,INF,-1,1,7,0
12720,1,1,-11.773,-14.060,-1.10,-1.31,-1.10,-1.31,INF,-1,1,7,0
12740,1,1,-12.014,-12.623,-1.12,-1.18,-1.12,-1.18,INF,-1,1,7,0
12760,1,1,-11.863,-13.742,-1.11,-1.28,-1.11,-1.28,INF,-1,1,7,0
12780,1,1,-11.391,-12.741,-1.06,-1.19,-1.06,-1.19,INF,-1,1,7,0
12800,1,1,-10.196,-13.548,-0.95,-1.27,-0.95,-1.27,INF,-1,1,7,0
12820,1,1,-12.337,-14.280,-1.15,-1.33,-1.15,-1.33,INF,-1,1,7,0
12840,1,1,8.089,-8.772,0.76,-0.82,0.76,-0.82,INF,-1,1,7,0
12860,1,1,26.329,-3.496,2.46,-0.33,2.46,-0.33,INF,-1,1,7,0
12880,1,1,30.768,-3.019,2.87,-0.28,2.87,-0.28,INF,-1,0,7,0
12900,1,1,29.576,-2.303,2.76,-0.21,2.76,-0.22,INF,-1,0,7,0
12920,1,1,29.842,-3.257,2.79,-0.30,2.79,-0.30,INF,-1,0,7,0
12940,1,1,28.836,-2.243,2.69,-0.21,2.69,-0.21,INF,-1,0,7,0
12960,1,1,29.355,-3.892,2.74,-0.36,2.74,-0.36,INF,-1,0,7,0
12980,1,1,30.851,-4.098,2.88,-0.38,2.88,-0.38,INF,-1,0,7,0
13000,1,1,30.181,-4.378,2.82,-0.41,2.82,-0.41,INF,-1,0,7,0
13020,1,1,29.932,-2.420,2.80,-0.23,2.80,-0.23,INF,-1,0,7,0
13040,1,1,30.621,-4.012,2.86,-0.37,2.86,-0.38,INF,-1,0,7,0
13060,1,1,29.004,-4.097,2.71,-0.38,2.71,-0.38,INF,-1,0,7,0
13080,1,1,29.401,-3.905,2.75,-0.36,2.75,-0.36,INF,-1,0,7,0
13100,1,1,31.478,-3.843,2.94,-0.36,2.94,-0.36,INF,-1,0,7,0
13120,1,1,31.547,-4.753,2.95,-0.44,2.95,-0.44,INF,-1,0,7,0
13140,1,1,31.540,-4.397,2.95,-0.41,2.95,-0.41,INF,-1,1,7,0
13160,1,1,30.653,-9.438,2.86,-0.88,2.86,-0.88,INF,-1,1,7,0
13180,1,1,27.918,-20.312,2.61,-1.90,2.61,-1.90,INF,-1,1,7,0
13200,1,1,27.810,-19.948,2.60,-1.86,2.60,-1.86,INF,-1,1,7,0
13220,1,1,27.931,-20.330,2.61,-1.90,2.61,-1.90,INF,-1,0,7,0
13240,1,1,28.146,-21.274,2.63,-1.99,2.63,-1.99,INF,-1,0,7,0
13260,1,1,27.196,-20.509,2.54,-1.91,2.54,-1.92,INF,-1,0,7,0
13280,1,1,29.697,-20.705,2.77,-1.93,2.77,-1.93,INF,-1,0,7,0
13300,1,1,27.859,-19.667,2.60,-1.84,2.60,-1.84,INF,-1,0,7,0
13320,1,1,28.904,-20.333,2.70,-1.90,2.70,-1.90,INF,-1,0,7,0
13340,1,1,28.958,-20.305,2.70,-1.90,2.70,-1.90,INF,-1,0,7,0
13360,1,1,27.586,-20.491,2.58,-1.91,2.58,-1.91,INF,-1,0,7,0
13380,1,1,27.586,-20.770,2.58,-1.94,2.58,-1.94,INF,-1,0,7,0
13400,1,1,27.771,-20.657,2.59,-1.93,2.59,-1.93,INF,-1,0,7,0
13420,1,1,29.639,-21.245,2.77,-1.98,2.77,-1.98,INF,-1,0,7,0
13440,1,1,27.550,-19.660,2.57,-1.84,2.57,-1.84,INF,-1,0,7,0
13460,1,1,29.022,-20.988,2.71,-1.96,2.71,-1.96,INF,-1,1,7,0
13480,1,1,26.085,-20.599,2.44,-1.92,2.44,-1.92,INF,-1,1,7,0
13500,1,1,16.332,-29.644,1.53,-2.77,1.52,-2.77,INF,-1,1,7,0
13520,1,1,10.535,-33.352,0.98,-3.11,0.98,-3.11,INF,-1,1,7,0
13540,1,1,9.871,-34.516,0.92,-3.22,0.92,-3.22,INF,-1,0,7,0
13560,1,1,9.310,-34.636,0.87,-3.23,0.87,-3.23,INF,-1,0,7,0
13580,1,1,8.938,-34.670,0.84,-3.24,0.83,-3.24,INF,-1,0,7,0
13600,1,1,8.468,-33.318,0.79,-3.11,0.79,-3.11,INF,-1,0,7,0
13620,1,1,9.966,-33.777,0.93,-3.15,0.93,-3.15,INF,-1,0,7,0
13640,1,1,10.708,-32.406,1.00,-3.03,1.00,-3.03,INF,-1,0,7,0
13660,1,1,8.242,-33.479,0.77,-3.13,0.77,-3.13,INF,-1,0,7,0
13680,1,1,9.921,-34.695,0.93,-3.24,0.93,-3.24,INF,-1,0,7,0
13700,1,1,8.649,-33.913,0.81,-3.17,0.81,-3.17,INF,-1,0,7,0
13720,1,1,9.499,-32.955,0.89,-3.08,0.89,-3.08,INF,-1,0,7,0
13740,1,1,8.149,-44.768,0.76,-4.18,0.76,-4.18,INF,-1,0,7,0
13760,1,1,4.512,-49.771,0.42,-4.64,0.42,-4.64,INF,-1,0,7,0
13780,1,1,3.126,-47.747,0.29,-4.45,0.29,-4.45,INF,-1,1,7,0
13800,1,1,6.559,-48.957,0.61,-4.57,0.61,-4.57,INF,-1,0,7,0
13820,1,1,4.202,-49.764,0.39,-4.64,0.39,-4.64,INF,-1,0,7,0
13840,1,1,4.522,-49.930,0.42,-4.66,0.42,-4.66,INF,-1,0,7,0
13860,1,1,5.295,-50.665,0.49,-4.72,0.49,-4.72,INF,-1,0,7,0
13880,1,1,5.158,-50.101,0.48,-4.67,0.48,-4.67,INF,-1,0,7,0
13900,1,1,3.856,-50.122,0.36,-4.67,0.36,-4.67,INF,-1,0,7,0
13920,1,1,5.471,-50.308,0.51,-4.69,0.51,-4.69,INF,-1,0,7,0
13940,1,1,5.027,-49.907,0.47,-4.65,0.47,-4.65,INF,-1,0,7,0
13960,1,1,4.161,-51.028,0.39,-4.76,0.39,-4.76,INF,-1,0,7,0
13980,1,1,4.518,-49.950,0.42,-4.66,0.42,-4.66,INF,-1,0,7,0
14000,1,1,5.410,-51.235,0.51,-4.78,0.50,-4.78,INF,-1,0,7,0
14020,1,1,3.297,-49.805,0.31,-4.64,0.31,-4.64,INF,-1,0,7,0
14040,1,1,3.837,-48.469,0.36,-4.52,0.36,-4.52,INF,-1,1,7,0
14060,1,1,4.225,-44.490,0.39,-4.15,0.39,-4.15,INF,-1,1,7,0
14080,1,1,8.006,-45.450,0.75,-4.24,0.75,-4.24,INF,-1,1,7,0
14100,1,1,8.974,-44.628,0.84,-4.16,0.84,-4.16,INF,-1,1,7,0
14120,1,1,7.461,-43.917,0.70,-4.10,0.70,-4.10,INF,-1,1,7,0
14140,1,1,6.957,-45.669,0.65,-4.26,0.65,-4.26,INF,-1,1,7,0
14160,1,1,5.178,-44.757,0.48,-4.18,0.48,-4.18,INF,-1,1,7,0
14180,1,1,5.026,-44.267,0.47,-4.13,0.47,-4.13,INF,-1,1,7,0
14200,1,1,6.168,-44.743,0.58,-4.17,0.57,-4.17,INF,-1,1,7,0
14220,1,1,34.589,-22.413,3.23,-2.09,3.23,-2.09,INF,-1,1,7,0
14240,1,1,47.594,-17.954,4.44,-1.67,4.44,-1.68,INF,-1,1,7,0
14260,1,1,48.737,-18.319,4.55,-1.71,4.54,-1.71,INF,-1,0,7,0
14280,1,1,49.350,-18.236,4.60,-1.70,4.60,-1.70,INF,-1,0,7,0
14300,1,1,48.615,-18.695,4.53,-1.74,4.53,-1.75,INF,-1,0,7,0
14320,1,1,45.920,-20.555,4.28,-1.92,4.28,-1.92,INF,-1,0,7,0
14340,1,1,48.395,-18.274,4.51,-1.70,4.51,-1.71,INF,-1,0,7,0
14360,1,1,48.743,-18.622,4.55,-1.73,4.54,-1.74,INF,-1,0,7,0
14380,1,1,47.418,-18.454,4.42,-1.72,4.42,-1.72,INF,-1,0,7,0
14400,1,1,46.114,-17.617,4.30,-1.64,4.30,-1.65,INF,-1,0,7,0
14420,1,1,46.173,-19.976,4.31,-1.86,4.31,-1.87,INF,-1,0,7,0
14440,1,1,47.388,-18.881,4.42,-1.76,4.42,-1.76,INF,-1,0,7,0
14460,1,1,46.776,-19.021,4.36,-1.77,4.36,-1.78,INF,-1,0,7,0
14480,1,1,47.622,-18.440,4.44,-1.72,4.44,-1.72,INF,-1,0,7,0
14500,1,1,45.881,-18.391,4.28,-1.71,4.28,-1.72,INF,-1,0,7,0
14520,1,1,49.717,-20.276,4.64,-1.89,4.63,-1.89,INF,-1,1,7,0
14540,1,1,46.831,-21.409,4.37,-1.99,4.37,-2.00,INF,-1,1,7,0
14560,1,1,48.590,-19.475,4.53,-1.81,4.53,-1.82,INF,-1,1,7,0
14580,1,1,49.082,-20.373,4.58,-1.90,4.58,-1.90,INF,-1,1,7,0
14600,1,1,46.169,-20.076,4.31,-1.87,4.30,-1.88,INF,-1,1,7,0
14620,1,1,33.323,-20.982,3.11,-1.96,3.11,-1.96,INF,-1,1,7,0
14640,1,1,12.129,-23.146,1.13,-2.16,1.13,-2.16,INF,-1,1,7,0
14660,1,1,8.218,-26.730,0.77,-2.50,0.77,-2.50,INF,-1,0,7,0
14680,1,1,9.309,-25.170,0.87,-2.35,0.87,-2.35,INF,-1,0,7,0
14700,1,1,9.136,-26.208,0.85,-2.45,0.85,-2.45,INF,-1,0,7,0
14720,1,1,7.703,-26.153,0.72,-2.44,0.72,-2.44,INF,-1,0,7,0
14740,1,1,7.588,-26.382,0.71,-2.46,0.71,-2.46,INF,-1,0,7,0
14760,1,1,8.885,-26.373,0.83,-2.46,0.83,-2.46,INF,-1,0,7,0
14780,1,1,7.597,-27.269,0.71,-2.55,0.71,-2.55,INF,-1,0,7,0
14800,1,1,9.340,-27.032,0.87,-2.52,0.87,-2.52,INF,-1,0,7,0
14820,1,1,9.194,-26.036,0.86,-2.43,0.86,-2.43,INF,-1,0,7,0
14840,1,1,7.994,-27.846,0.75,-2.60,0.75,-2.60,INF,-1,0,7,0
14860,1,1,9.070,-26.148,0.85,-2.44,0.85,-2.44,INF,-1,0,7,0
14880,1,1,5.528,-36.999,0.52,-3.45,0.52,-3.45,INF,-1,0,7,0
14900,1,1,7.329,-38.982,0.69,-3.64,0.68,-3.64,INF,-1,0,7,0
14920,1,1,6.699,-40.939,0.63,-3.82,0.62,-3.82,INF,-1,1,7,0
14940,1,1,6.536,-41.548,0.61,-3.88,0.61,-3.88,INF,-1,0,7,0
14960,1,1,8.112,-41.391,0.76,-3.86,0.76,-3.86,INF,-1,0,7,0
14980,1,1,9.495,-40.365,0.89,-3.77,0.89,-3.77,INF,-1,0,7,0
15000,1,1,9.223,-40.858,0.86,-3.81,0.86,-3.81,INF,-1,0,7,0
