"EyeTracker Toolbox version","3.250"
CalibrationParameters_A11,1.28571
CalibrationParameters_A12,0.03380
CalibrationParameters_A13,0.01512
CalibrationParameters_A21,0.08201
CalibrationParameters_A22,-1.23410
CalibrationParameters_A23,0.00518
CalibrationParameters_A31,-0.00032
CalibrationParameters_A32,-0.00804
CalibrationParameters_E11,-0.17982
CalibrationParameters_E12,0.00002
CalibrationParameters_E21,0.00019
CalibrationParameters_E22,0.19990
CalibrationParameters_X,-50.62176
CalibrationParameters_Y,-47.12715
CalibrationParameters_Rpc,78.60665
CalibrationParameters_MeanX,117.14113
CalibrationParameters_MeanY,137.70998
CalibrationParameters_ViewDist,613.00000
TimeStamp,Tracked,Calibrated,ScreenPositionXmm,ScreenPositionYmm,FicksLongitude,FicksLatitude,HelmholtzAzimuth,HelmholtzElevation,PupilDiameter,Region,Fixation,DigitalIO,Dropped
0,1,1,4.623,6.659,0.43,0.62,0.43,0.62,INF,-1,0,7,0
20,1,1,2.273,5.430,0.21,0.51,0.21,0.51,INF,-1,0,7,0
40,1,1,3.162,6.697,0.30,0.63,0.30,0.63,INF,-1,0,7,0
60,1,1,3.585,4.054,0.34,0.38,0.34,0.38,INF,-1,0,7,0
80,1,1,3.328,4.883,0.31,0.46,0.31,0.46,INF,-1,0,7,0
100,1,1,2.724,5.438,0.25,0.51,0.25,0.51,INF,-1,0,7,0
120,1,1,5.044,5.073,0.47,0.47,0.47,0.47,INF,-1,0,7,0
140,1,1,5.853,2.828,0.55,0.26,0.55,0.26,INF,-1,0,7,0
160,1,1,3.456,3.505,0.32,0.33,0.32,0.33,INF,-1,0,7,0
180,1,1,3.704,2.347,0.35,0.22,0.35,0.22,INF,-1,0,7,0
200,1,1,7.538,2.905,0.70,0.27,0.70,0.27,INF,-1,0,7,0
220,1,1,-11.132,20.565,-1.04,1.92,-1.04,1.92,INF,-1,0,7,0
240,1,1,-13.468,24.153,-1.26,2.26,-1.26,2.26,INF,-1,0,7,0
260,1,1,-14.376,24.634,-1.34,2.30,-1.34,2.30,INF,-1,0,7,0
280,1,1,-12.824,24.080,-1.20,2.25,-1.20,2.25,INF,-1,0,7,0
300,1,1,-10.808,21.591,-1.01,2.02,-1.01,2.02,INF,-1,0,7,0
320,1,1,-9.045,20.857,-0.85,1.95,-0.84,1.95,INF,-1,0,7,0
340,1,1,-8.378,21.155,-0.78,1.98,-0.78,1.98,INF,-1,0,7,0
360,1,1,-9.614,20.804,-0.90,1.94,-0.90,1.94,INF,-1,0,7,0
380,1,1,-7.887,20.183,-0.74,1.89,-0.74,1.89,INF,-1,0,7,0
400,1,1,-7.802,20.906,-0.73,1.95,-0.73,1.95,INF,-1,0,7,0
420,1,1,-8.721,21.210,-0.82,1.98,-0.81,1.98,INF,-1,1,7,0
440,1,1,-8.668,19.567,-0.81,1.83,-0.81,1.83,INF,-1,1,7,0
460,1,1,-9.653,19.554,-0.90,1.83,-0.90,1.83,INF,-1,1,7,0
480,1,1,-8.465,18.570,-0.79,1.73,-0.79,1.74,INF,-1,1,7,0
500,1,1,-9.426,20.876,-0.88,1.95,-0.88,1.95,INF,-1,1,7,0
520,1,1,-7.008,19.768,-0.65,1.85,-0.65,1.85,INF,-1,1,7,0
540,1,1,-7.525,18.399,-0.70,1.72,-0.70,1.72,INF,-1,1,7,0
560,1,1,-5.662,17.503,-0.53,1.64,-0.53,1.64,INF,-1,1,7,0
580,1,1,-4.525,16.942,-0.42,1.58,-0.42,1.58,INF,-1,1,7,0
600,1,1,-4.709,17.472,-0.44,1.63,-0.44,1.63,INF,-1,1,7,0
620,1,1,-4.584,17.323,-0.43,1.62,-0.43,1.62,INF,-1,1,7,0
640,1,1,-4.399,19.065,-0.41,1.78,-0.41,1.78,INF,-1,1,7,0
660,1,1,-3.670,18.922,-0.34,1.77,-0.34,1.77,INF,-1,1,7,0
680,1,1,-13.292,24.360,-1.24,2.28,-1.24,2.28,INF,-1,1,7,0
700,1,1,-13.340,24.505,-1.25,2.29,-1.25,2.29,INF,-1,1,7,0
720,1,1,-16.833,25.609,-1.57,2.39,-1.57,2.39,INF,-1,0,7,0
740,1,1,-15.146,24.253,-1.42,2.27,-1.41,2.27,INF,-1,0,7,0
760,1,1,-15.113,23.609,-1.41,2.20,-1.41,2.21,INF,-1,0,7,0
780,1,1,-14.687,22.750,-1.37,2.12,-1.37,2.13,INF,-1,0,7,0
800,1,1,-15.006,22.577,-1.40,2.11,-1.40,2.11,INF,-1,0,7,0
820,1,1,-13.873,24.542,-1.30,2.29,-1.30,2.29,INF,-1,0,7,0
840,1,1,-13.780,23.665,-1.29,2.21,-1.29,2.21,INF,-1,0,7,0
860,1,1,-13.763,25.557,-1.29,2.39,-1.29,2.39,INF,-1,0,7,0
880,1,1,-14.057,24.354,-1.31,2.27,-1.31,2.28,INF,-1,0,7,0
900,1,1,-13.583,23.717,-1.27,2.22,-1.27,2.22,INF,-1,0,7,0
920,1,1,-8.072,20.747,-0.75,1.94,-0.75,1.94,INF,-1,0,7,0
940,1,1,-7.499,20.955,-0.70,1.96,-0.70,1.96,INF,-1,0,7,0
960,1,1,-8.534,21.854,-0.80,2.04,-0.80,2.04,INF,-1,1,7,0
980,1,1,-8.580,20.397,-0.80,1.91,-0.80,1.91,INF,-1,1,7,0
1000,1,1,-6.277,21.177,-0.59,1.98,-0.59,1.98,INF,-1,1,7,0
1020,0,1,0.000,0.000,0.00,0.00,0.00,0.00,0.00,-1,1,7,0
1040,1,1,-9.110,21.188,-0.85,1.98,-0.85,1.98,INF,-1,1,7,0
1060,1,1,-8.945,18.894,-0.84,1.77,-0.84,1.77,INF,-1,1,7,0
1080,1,1,-7.847,19.439,-0.73,1.82,-0.73,1.82,INF,-1,1,7,0
1100,1,1,-7.988,20.915,-0.75,1.95,-0.75,1.95,INF,-1,1,7,0
1120,1,1,-6.951,21.197,-0.65,1.98,-0.65,1.98,INF,-1,1,7,0
1140,1,1,-9.983,22.543,-0.93,2.11,-0.93,2.11,INF,-1,1,7,0
1160,1,1,18.436,30.518,1.72,2.85,1.72,2.85,INF,-1,1,7,0
1180,1,1,20.921,28.922,1.95,2.70,1.95,2.70,INF,-1,1,7,0
1200,1,1,23.915,32.058,2.23,2.99,2.23,2.99,INF,-1,0,7,0
1220,1,1,22.523,31.380,2.10,2.93,2.10,2.93,INF,-1,0,7,0
1240,1,1,23.806,31.193,2.22,2.91,2.22,2.91,INF,-1,0,7,0
1260,1,1,22.089,31.207,2.06,2.91,2.06,2.91,INF,-1,0,7,0
1280,1,1,21.054,31.634,1.97,2.95,1.96,2.95,INF,-1,0,7,0
1300,1,1,20.382,32.716,1.90,3.05,1.90,3.05,INF,-1,0,7,0
1320,1,1,19.561,32.771,1.83,3.06,1.83,3.06,INF,-1,0,7,0
1340,1,1,24.150,34.062,2.26,3.18,2.25,3.18,INF,-1,0,7,0
1360,1,1,29.623,33.147,2.77,3.09,2.76,3.10,INF,-1,0,7,0
1380,1,1,30.283,33.394,2.83,3.11,2.82,3.12,INF,-1,0,7,0
1400,1,1,28.898,33.860,2.70,3.16,2.69,3.16,INF,-1,0,7,0
1420,1,1,28.968,33.953,2.71,3.17,2.70,3.17,INF,-1,0,7,0
1440,1,1,28.673,35.635,2.68,3.32,2.67,3.33,INF,-1,1,7,0
1460,1,1,29.178,34.158,2.73,3.19,2.72,3.19,INF,-1,1,7,0
1480,1,1,29.947,32.218,2.80,3.01,2.79,3.01,INF,-1,1,7,0
1500,1,1,29.256,35.737,2.73,3.33,2.73,3.34,INF,-1,1,7,0
1520,1,1,28.828,34.793,2.69,3.24,2.69,3.25,INF,-1,1,7,0
1540,1,1,28.200,34.511,2.63,3.22,2.63,3.22,INF,-1,1,7,0
1560,1,1,28.920,34.682,2.70,3.23,2.70,3.24,INF,-1,1,7,0
1580,1,1,28.587,34.986,2.67,3.26,2.67,3.27,INF,-1,1,7,0
1600,1,1,29.014,27.337,2.71,2.55,2.71,2.55,INF,-1,1,7,0
1620,1,1,27.127,20.795,2.53,1.94,2.53,1.94,INF,-1,1,7,0
1640,1,1,27.616,20.834,2.58,1.94,2.58,1.95,INF,-1,1,7,0
1660,1,1,27.628,21.173,2.58,1.98,2.58,1.98,INF,-1,0,7,0
1680,1,1,25.828,19.292,2.41,1.80,2.41,1.80,INF,-1,0,7,0
1700,1,1,26.087,20.460,2.44,1.91,2.44,1.91,INF,-1,0,7,0
1720,1,1,26.102,20.219,2.44,1.89,2.44,1.89,INF,-1,0,7,0
1740,1,1,27.228,20.299,2.54,1.89,2.54,1.90,INF,-1,0,7,0
1760,1,1,26.481,20.290,2.47,1.89,2.47,1.90,INF,-1,0,7,0
1780,1,1,25.226,21.311,2.36,1.99,2.36,1.99,INF,-1,0,7,0
1800,1,1,25.688,23.205,2.40,2.17,2.40,2.17,INF,-1,0,7,0
1820,1,1,25.100,20.568,2.34,1.92,2.34,1.92,INF,-1,0,7,0
1840,1,1,26.649,21.637,2.49,2.02,2.49,2.02,INF,-1,0,7,0
1860,1,1,24.686,23.831,2.31,2.22,2.30,2.23,INF,-1,0,7,0
1880,1,1,24.564,23.627,2.29,2.21,2.29,2.21,INF,-1,0,7,0
1900,1,1,26.149,20.600,2.44,1.92,2.44,1.92,INF,-1,1,7,0
1920,1,1,24.920,21.284,2.33,1.99,2.33,1.99,INF,-1,1,7,0
1940,1,1,23.891,19.653,2.23,1.83,2.23,1.84,INF,-1,1,7,0
1960,1,1,26.029,20.340,2.43,1.90,2.43,1.90,INF,-1,1,7,0
1980,1,1,24.691,18.864,2.31,1.76,2.31,1.76,INF,-1,1,7,0
2000,1,1,25.245,19.272,2.36,1.80,2.36,1.80,INF,-1,1,7,0
2020,1,1,24.648,19.593,2.30,1.83,2.30,1.83,INF,-1,1,7,0
2040,1,1,24.177,19.230,2.26,1.80,2.26,1.80,INF,-1,1,7,0
2060,1,1,25.652,20.047,2.40,1.87,2.39,1.87,INF,-1,1,7,0
2080,1,1,23.517,18.825,2.20,1.76,2.20,1.76,INF,-1,1,7,0
2100,1,1,25.664,19.150,2.40,1.79,2.40,1.79,INF,-1,1,7,0
2120,1,1,24.917,19.052,2.33,1.78,2.33,1.78,INF,-1,1,7,0
2140,1,1,13.987,18.891,1.31,1.76,1.31,1.77,INF,-1,1,7,0
2160,1,1,-2.559,21.159,-0.24,1.98,-0.24,1.98,INF,-1,1,7,0
2180,1,1,-14.309,25.756,-1.34,2.41,-1.34,2.41,INF,-1,0,7,0
2200,1,1,-13.004,26.757,-1.22,2.50,-1.21,2.50,INF,-1,0,7,0
2220,1,1,-16.257,27.280,-1.52,2.55,-1.52,2.55,INF,-1,0,7,0
2240,1,1,-16.916,25.879,-1.58,2.42,-1.58,2.42,INF,-1,0,7,0
2260,1,1,-16.137,25.972,-1.51,2.43,-1.51,2.43,INF,-1,0,7,0
2280,1,1,-14.673,24.350,-1.37,2.27,-1.37,2.27,INF,-1,0,7,0
2300,1,1,-18.300,25.357,-1.71,2.37,-1.71,2.37,INF,-1,0,7,0
2320,1,1,-17.150,25.969,-1.60,2.42,-1.60,2.43,INF,-1,0,7,0
2340,1,1,-18.007,24.840,-1.68,2.32,-1.68,2.32,INF,-1,0,7,0
2360,1,1,-22.737,30.928,-2.12,2.89,-2.12,2.89,INF,-1,0,7,0
2380,1,1,-26.786,33.558,-2.50,3.13,-2.50,3.13,INF,-1,0,7,0
2400,1,1,-25.834,36.551,-2.41,3.41,-2.41,3.41,INF,-1,0,7,0
2420,1,1,-24.914,36.292,-2.33,3.39,-2.32,3.39,INF,-1,0,7,0
2440,1,1,-25.220,35.826,-2.36,3.34,-2.35,3.34,INF,-1,0,7,0
2460,1,1,-25.204,32.899,-2.35,3.07,-2.35,3.07,INF,-1,1,7,0
2480,1,1,-24.799,32.849,-2.32,3.06,-2.31,3.07,INF,-1,1,7,0
2500,1,1,-25.780,33.969,-2.41,3.17,-2.40,3.17,INF,-1,1,7,0
2520,1,1,-24.435,33.869,-2.28,3.16,-2.28,3.16,INF,-1,1,7,0
2540,1,1,-25.755,31.211,-2.41,2.91,-2.40,2.91,INF,-1,1,7,0
2560,1,1,-25.086,31.006,-2.34,2.89,-2.34,2.90,INF,-1,1,7,0
2580,1,1,-24.564,32.306,-2.29,3.01,-2.29,3.02,INF,-1,1,7,0
2600,1,1,-25.497,32.180,-2.38,3.00,-2.38,3.01,INF,-1,1,7,0
2620,1,1,-20.703,33.731,-1.93,3.15,-1.93,3.15,INF,-1,1,7,0
2640,1,1,-18.033,38.679,-1.68,3.61,-1.68,3.61,INF,-1,1,7,0
2660,1,1,-16.224,35.866,-1.52,3.35,-1.51,3.35,INF,-1,1,7,0
2680,1,1,-16.171,36.297,-1.51,3.39,-1.51,3.39,INF,-1,1,7,0
2700,1,1,-13.950,37.347,-1.30,3.49,-1.30,3.49,INF,-1,1,7,0
2720,1,1,-14.678,36.890,-1.37,3.44,-1.37,3.44,INF,-1,1,7,0
2740,1,1,-16.428,35.333,-1.54,3.30,-1.53,3.30,INF,-1,1,7,0
2760,1,1,-16.174,37.349,-1.51,3.49,-1.51,3.49,INF,-1,1,7,0
2780,1,1,-16.153,35.133,-1.51,3.28,-1.51,3.28,INF,-1,1,7,0
2800,1,1,-16.215,36.589,-1.52,3.41,-1.51,3.42,INF,-1,1,7,0
2820,1,1,-15.324,35.332,-1.43,3.30,-1.43,3.30,INF,-1,1,7,0
2840,1,1,-17.307,37.463,-1.62,3.50,-1.61,3.50,INF,-1,1,7,0
2860,1,1,-23.781,39.390,-2.22,3.67,-2.22,3.68,INF,-1,1,7,0
2880,1,1,-23.047,39.843,-2.15,3.72,-2.15,3.72,INF,-1,1,7,0
2900,1,1,-24.405,40.734,-2.28,3.80,-2.27,3.80,INF,-1,0,7,0
2920,1,1,-24.260,38.887,-2.27,3.63,-2.26,3.63,INF,-1,0,7,0
2940,1,1,-21.704,39.241,-2.03,3.66,-2.02,3.66,INF,-1,0,7,0
2960,1,1,-23.069,37.953,-2.16,3.54,-2.15,3.54,INF,-1,0,7,0
2980,1,1,-22.516,35.897,-2.10,3.35,-2.10,3.35,INF,-1,0,7,0
3000,1,1,-23.396,32.420,-2.19,3.03,-2.18,3.03,INF,-1,0,7,0
3020,1,1,-22.994,31.287,-2.15,2.92,-2.15,2.92,INF,-1,0,7,0
3040,1,1,-23.144,28.803,-2.16,2.69,-2.16,2.69,INF,-1,0,7,0
3060,1,1,-22.753,25.592,-2.13,2.39,-2.12,2.39,INF,-1,0,7,0
3080,1,1,-23.054,25.325,-2.15,2.36,-2.15,2.37,INF,-1,0,7,0
3100,1,1,-20.939,27.180,-1.96,2.54,-1.95,2.54,INF,-1,0,7,0
3120,1,1,-21.239,26.657,-1.98,2.49,-1.98,2.49,INF,-1,0,7,0
3140,1,1,-22.021,26.009,-2.06,2.43,-2.06,2.43,INF,-1,1,7,0
3160,1,1,-21.631,27.475,-2.02,2.56,-2.02,2.57,INF,-1,1,7,0
3180,1,1,-25.102,27.700,-2.34,2.59,-2.34,2.59,INF,-1,1,7,0
3200,1,1,-34.826,27.689,-3.25,2.58,-3.25,2.59,INF,-1,1,7,0
3220,1,1,-45.289,28.674,-4.23,2.67,-4.22,2.68,INF,-1,1,7,0
3240,1,1,-52.270,29.387,-4.87,2.73,-4.87,2.74,INF,-1,0,7,0
3260,1,1,-56.161,30.916,-5.23,2.88,-5.23,2.89,INF,-1,0,7,0
3280,1,1,-54.944,30.027,-5.12,2.79,-5.12,2.80,INF,-1,0,7,0
3300,1,1,-54.335,29.034,-5.07,2.70,-5.06,2.71,INF,-1,0,7,0
3320,1,1,-56.130,28.992,-5.23,2.70,-5.23,2.71,INF,-1,0,7,0
3340,1,1,-55.149,28.727,-5.14,2.67,-5.14,2.68,INF,-1,0,7,0
3360,0,1,0.000,0.000,0.00,0.00,0.00,0.00,0.00,-1,0,7,0
3380,1,1,-54.216,29.569,-5.05,2.75,-5.05,2.76,INF,-1,0,7,0
3400,1,1,-55.265,26.531,-5.15,2.47,-5.15,2.48,INF,-1,0,7,0
3420,1,1,-55.536,28.385,-5.18,2.64,-5.17,2.65,INF,-1,0,7,0
3440,1,1,-53.854,29.171,-5.02,2.71,-5.02,2.72,INF,-1,0,7,0
3460,1,1,-54.405,27.279,-5.07,2.54,-5.07,2.55,INF,-1,0,7,0
3480,1,1,-53.458,30.053,-4.98,2.80,-4.98,2.81,INF,-1,0,7,0
3500,1,1,-56.016,27.029,-5.22,2.51,-5.22,2.52,INF,-1,1,7,0
3520,1,1,-55.548,27.472,-5.18,2.56,-5.17,2.57,INF,-1,1,7,0
3540,1,1,-55.600,27.269,-5.18,2.54,-5.18,2.55,INF,-1,1,7,0
3560,1,1,-57.392,27.860,-5.35,2.59,-5.34,2.60,INF,-1,1,7,0
3580,1,1,-56.068,27.466,-5.23,2.55,-5.22,2.57,INF,-1,1,7,0
3600,1,1,-56.581,26.051,-5.27,2.42,-5.27,2.43,INF,-1,1,7,0
3620,1,1,-54.760,27.578,-5.10,2.57,-5.10,2.58,INF,-1,1,7,0
3640,1,1,-55.097,27.423,-5.14,2.55,-5.13,2.56,INF,-1,1,7,0
3660,1,1,-55.841,26.328,-5.20,2.45,-5.20,2.46,INF,-1,1,7,0
3680,1,1,-55.940,26.624,-5.21,2.48,-5.21,2.49,INF,-1,1,7,0
3700,1,1,-56.047,27.356,-5.22,2.54,-5.22,2.56,INF,-1,1,7,0
3720,1,1,-55.700,27.624,-5.19,2.57,-5.19,2.58,INF,-1,1,7,0
3740,1,1,-52.399,25.521,-4.89,2.38,-4.88,2.38,INF,-1,1,7,0
3760,1,1,-55.372,26.330,-5.16,2.45,-5.16,2.46,INF,-1,1,7,0
3780,1,1,-54.166,24.812,-5.05,2.31,-5.05,2.32,INF,-1,1,7,0
3800,1,1,-45.846,22.107,-4.28,2.06,-4.27,2.07,INF,-1,1,7,0
3820,0,1,0.000,0.000,0.00,0.00,0.00,0.00,0.00,-1,1,7,0
3840,1,1,-13.729,16.929,-1.28,1.58,-1.28,1.58,INF,-1,1,7,0
3860,1,1,-14.297,16.435,-1.34,1.54,-1.34,1.54,INF,-1,1,7,0
3880,1,1,-14.239,17.778,-1.33,1.66,-1.33,1.66,INF,-1,0,7,0
3900,1,1,-13.240,18.084,-1.24,1.69,-1.24,1.69,INF,-1,0,7,0
3920,1,1,-13.499,17.753,-1.26,1.66,-1.26,1.66,INF,-1,0,7,0
3940,1,1,-14.566,17.928,-1.36,1.67,-1.36,1.68,INF,-1,0,7,0
3960,1,1,-13.166,16.518,-1.23,1.54,-1.23,1.54,INF,-1,0,7,0
3980,1,1,-14.317,19.859,-1.34,1.86,-1.34,1.86,INF,-1,0,7,0
4000,1,1,-13.324,21.031,-1.25,1.96,-1.24,1.96,INF,-1,0,7,0
4020,1,1,-13.710,23.060,-1.28,2.15,-1.28,2.15,INF,-1,0,7,0
4040,1,1,-3.897,27.314,-0.36,2.55,-0.36,2.55,INF,-1,0,7,0
4060,1,1,-4.107,26.947,-0.38,2.52,-0.38,2.52,INF,-1,0,7,0
4080,1,1,-2.999,26.937,-0.28,2.52,-0.28,2.52,INF,-1,0,7,0
4100,1,1,-3.144,27.005,-0.29,2.52,-0.29,2.52,INF,-1,0,7,0
4120,1,1,-1.800,26.610,-0.17,2.49,-0.17,2.49,INF,-1,1,7,0
4140,1,1,-2.296,26.960,-0.21,2.52,-0.21,2.52,INF,-1,1,7,0
4160,1,1,-3.536,25.533,-0.33,2.39,-0.33,2.39,INF,-1,1,7,0
4180,1,1,-1.864,26.708,-0.17,2.49,-0.17,2.49,INF,-1,1,7,0
4200,1,1,-3.706,26.022,-0.35,2.43,-0.35,2.43,INF,-1,1,7,0
4220,1,1,-3.345,26.599,-0.31,2.48,-0.31,2.48,INF,-1,1,7,0
4240,1,1,-3.668,23.490,-0.34,2.19,-0.34,2.19,INF,-1,1,7,0
4260,1,1,-4.132,24.636,-0.39,2.30,-0.39,2.30,INF,-1,1,7,0
4280,1,1,-3.968,23.553,-0.37,2.20,-0.37,2.20,INF,-1,1,7,0
4300,1,1,-4.011,25.075,-0.37,2.34,-0.37,2.34,INF,-1,1,7,0
4320,1,1,-4.055,22.609,-0.38,2.11,-0.38,2.11,INF,-1,1,7,0
4340,1,1,-4.171,24.131,-0.39,2.25,-0.39,2.25,INF,-1,1,7,0
4360,1,1,-3.974,24.030,-0.37,2.24,-0.37,2.24,INF,-1,1,7,0
4380,1,1,-2.859,20.458,-0.27,1.91,-0.27,1.91,INF,-1,1,7,0
4400,1,1,-3.960,20.781,-0.37,1.94,-0.37,1.94,INF,-1,1,7,0
4420,1,1,-6.216,19.246,-0.58,1.80,-0.58,1.80,INF,-1,1,7,0
4440,1,1,-3.449,2.811,-0.32,0.26,-0.32,0.26,INF,-1,1,7,0
4460,1,1,-2.614,-1.835,-0.24,-0.17,-0.24,-0.17,INF,-1,1,7,0
4480,1,1,-2.867,-2.663,-0.27,-0.25,-0.27,-0.25,INF,-1,0,7,0
4500,1,1,-2.762,-1.104,-0.26,-0.10,-0.26,-0.10,INF,-1,0,7,0
4520,1,1,-1.457,-1.701,-0.14,-0.16,-0.14,-0.16,INF,-1,0,7,0
4540,1,1,-3.451,-0.247,-0.32,-0.02,-0.32,-0.02,INF,-1,0,7,0
4560,1,1,-3.839,0.290,-0.36,0.03,-0.36,0.03,INF,-1,0,7,0
4580,1,1,-4.101,0.345,-0.38,0.03,-0.38,0.03,INF,-1,0,7,0
4600,1,1,-4.083,0.341,-0.38,0.03,-0.38,0.03,INF,-1,0,7,0
4620,1,1,-4.139,0.315,-0.39,0.03,-0.39,0.03,INF,-1,0,7,0
4640,1,1,-2.786,1.445,-0.26,0.14,-0.26,0.14,INF,-1,0,7,0
4660,1,1,-0.879,7.952,-0.08,0.74,-0.08,0.74,INF,-1,0,7,0
4680,1,1,-1.028,8.589,-0.10,0.80,-0.10,0.80,INF,-1,0,7,0
4700,1,1,0.293,8.584,0.03,0.80,0.03,0.80,INF,-1,0,7,0
4720,1,1,0.357,8.284,0.03,0.77,0.03,0.77,INF,-1,1,7,0
4740,1,1,-1.097,9.082,-0.10,0.85,-0.10,0.85,INF,-1,1,7,0
4760,1,1,-2.429,6.309,-0.23,0.59,-0.23,0.59,INF,-1,1,7,0
4780,1,1,-4.796,7.674,-0.45,0.72,-0.45,0.72,INF,-1,1,7,0
4800,1,1,-1.581,9.651,-0.15,0.90,-0.15,0.90,INF,-1,1,7,0
4820,1,1,-4.478,7.402,-0.42,0.69,-0.42,0.69,INF,-1,1,7,0
4840,1,1,-3.060,8.068,-0.29,0.75,-0.29,0.75,INF,-1,1,7,0
4860,1,1,-3.853,8.685,-0.36,0.81,-0.36,0.81,INF,-1,1,7,0
4880,1,1,-13.946,16.289,-1.30,1.52,-1.30,1.52,INF,-1,1,7,0
4900,1,1,-14.594,16.336,-1.36,1.53,-1.36,1.53,INF,-1,1,7,0
4920,1,1,-15.474,16.028,-1.45,1.50,-1.45,1.50,INF,-1,0,7,0
4940,0,1,0.000,0.000,0.00,0.00,0.00,0.00,0.00,-1,0,7,0
4960,1,1,-14.728,14.450,-1.38,1.35,-1.38,1.35,INF,-1,0,7,0
4980,1,1,-12.081,13.287,-1.13,1.24,-1.13,1.24,INF,-1,0,7,0
5000,1,1,-14.683,16.152,-1.37,1.51,-1.37,1.51,INF,-1,0,7,0
5020,1,1,-12.184,15.457,-1.14,1.44,-1.14,1.44,INF,-1,0,7,0
5040,1,1,-12.903,16.862,-1.21,1.58,-1.21,1.58,INF,-1,0,7,0
5060,1,1,-14.342,15.834,-1.34,1.48,-1.34,1.48,INF,-1,0,7,0
5080,1,1,-11.476,16.165,-1.07,1.51,-1.07,1.51,INF,-1,0,7,0
5100,1,1,-12.200,15.658,-1.14,1.46,-1.14,1.46,INF,-1,0,7,0
5120,1,1,-11.175,14.267,-1.04,1.33,-1.04,1.33,INF,-1,0,7,0
5140,1,1,-13.608,15.764,-1.27,1.47,-1.27,1.47,INF,-1,0,7,0
5160,1,1,-12.500,16.177,-1.17,1.51,-1.17,1.51,INF,-1,1,7,0
5180,1,1,-10.003,16.421,-0.93,1.53,-0.93,1.53,INF,-1,1,7,0
5200,1,1,-12.350,14.134,-1.15,1.32,-1.15,1.32,INF,-1,1,7,0
5220,1,1,-14.255,14.553,-1.33,1.36,-1.33,1.36,INF,-1,1,7,0
5240,1,1,-12.527,16.016,-1.17,1.50,-1.17,1.50,INF,-1,1,7,0
5260,1,1,-13.145,14.861,-1.23,1.39,-1.23,1.39,INF,-1,1,7,0
5280,1,1,-12.359,15.786,-1.16,1.47,-1.15,1.48,INF,-1,1,7,0
5300,1,1,-13.467,14.336,-1.26,1.34,-1.26,1.34,INF,-1,1,7,0
5320,1,1,-13.191,13.952,-1.23,1.30,-1.23,1.30,INF,-1,1,7,0
5340,1,1,-11.285,14.299,-1.05,1.34,-1.05,1.34,INF,-1,1,7,0
5360,1,1,-13.411,16.744,-1.25,1.56,-1.25,1.56,INF,-1,1,7,0
5380,1,1,-14.050,16.277,-1.31,1.52,-1.31,1.52,INF,-1,1,7,0
5400,1,1,-13.812,17.834,-1.29,1.67,-1.29,1.67,INF,-1,1,7,0
5420,1,1,-13.391,16.533,-1.25,1.54,-1.25,1.54,INF,-1,1,7,0
5440,1,1,-12.356,16.544,-1.15,1.55,-1.15,1.55,INF,-1,1,7,0
5460,1,1,-11.060,15.557,-1.03,1.45,-1.03,1.45,INF,-1,1,7,0
5480,1,1,-13.765,16.598,-1.29,1.55,-1.29,1.55,INF,-1,1,7,0
5500,1,1,-14.551,16.675,-1.36,1.56,-1.36,1.56,INF,-1,1,7,0
5520,1,1,-11.379,14.857,-1.06,1.39,-1.06,1.39,INF,-1,1,7,0
5540,1,1,-13.141,14.232,-1.23,1.33,-1.23,1.33,INF,-1,1,7,0
5560,1,1,-12.795,15.593,-1.20,1.46,-1.20,1.46,INF,-1,1,7,0
5580,1,1,-13.039,17.734,-1.22,1.66,-1.22,1.66,INF,-1,1,7,0
5600,1,1,-13.479,15.291,-1.26,1.43,-1.26,1.43,INF,-1,1,7,0
5620,1,1,-13.325,15.095,-1.25,1.41,-1.24,1.41,INF,-1,1,7,0
5640,1,1,-13.281,15.403,-1.24,1.44,-1.24,1.44,INF,-1,1,7,0
5660,1,1,-13.032,13.583,-1.22,1.27,-1.22,1.27,INF,-1,1,7,0
5680,1,1,-14.802,16.148,-1.38,1.51,-1.38,1.51,INF,-1,1,7,0
5700,1,1,-12.891,17.300,-1.20,1.62,-1.20,1.62,INF,-1,1,7,0
5720,1,1,-15.694,14.845,-1.47,1.39,-1.47,1.39,INF,-1,1,7,0
5740,1,1,-13.422,15.737,-1.25,1.47,-1.25,1.47,INF,-1,1,7,0
5760,1,1,-14.690,16.930,-1.37,1.58,-1.37,1.58,INF,-1,1,7,0
5780,1,1,-14.640,18.439,-1.37,1.72,-1.37,1.72,INF,-1,1,7,0
5800,1,1,-12.776,15.766,-1.19,1.47,-1.19,1.47,INF,-1,1,7,0
5820,1,1,-15.605,17.050,-1.46,1.59,-1.46,1.59,INF,-1,1,7,0
5840,1,1,-13.870,17.836,-1.30,1.67,-1.30,1.67,INF,-1,1,7,0
5860,1,1,-15.720,19.043,-1.47,1.78,-1.47,1.78,INF,-1,1,7,0
5880,1,1,-14.853,18.230,-1.39,1.70,-1.39,1.70,INF,-1,1,7,0
5900,1,1,-14.191,18.770,-1.33,1.75,-1.33,1.75,INF,-1,1,7,0
5920,1,1,-14.735,16.940,-1.38,1.58,-1.38,1.58,INF,-1,1,7,0
5940,1,1,-14.909,16.975,-1.39,1.59,-1.39,1.59,INF,-1,1,7,0
5960,1,1,-14.625,17.870,-1.37,1.67,-1.37,1.67,INF,-1,1,7,0
5980,1,1,-14.050,16.832,-1.31,1.57,-1.31,1.57,INF,-1,1,7,0
6000,1,1,-14.073,16.084,-1.32,1.50,-1.31,1.50,INF,-1,1,7,0
6020,1,1,-14.908,17.212,-1.39,1.61,-1.39,1.61,INF,-1,1,7,0
6040,1,1,-12.461,17.279,-1.16,1.61,-1.16,1.61,INF,-1,1,7,0
6060,1,1,-13.608,18.883,-1.27,1.76,-1.27,1.76,INF,-1,1,7,0
6080,1,1,-13.491,17.077,-1.26,1.60,-1.26,1.60,INF,-1,1,7,0
6100,1,1,-15.419,16.505,-1.44,1.54,-1.44,1.54,INF,-1,1,7,0
6120,1,1,-13.513,17.713,-1.26,1.65,-1.26,1.66,INF,-1,1,7,0
6140,1,1,-14.552,17.284,-1.36,1.61,-1.36,1.62,INF,-1,1,7,0
6160,1,1,-13.978,15.720,-1.31,1.47,-1.31,1.47,INF,-1,1,7,0
6180,1,1,-11.849,9.893,-1.11,0.92,-1.11,0.92,INF,-1,1,7,0
6200,1,1,-10.402,4.108,-0.97,0.38,-0.97,0.38,INF,-1,1,7,0
6220,1,1,-11.981,4.100,-1.12,0.38,-1.12,0.38,INF,-1,1,7,0
6240,1,1,-10.512,4.388,-0.98,0.41,-0.98,0.41,INF,-1,0,7,0
6260,1,1,-10.321,3.114,-0.96,0.29,-0.96,0.29,INF,-1,0,7,0
6280,1,1,-10.646,3.787,-1.00,0.35,-0.99,0.35,INF,-1,0,7,0
6300,1,1,-12.843,5.236,-1.20,0.49,-1.20,0.49,INF,-1,0,7,0
6320,1,1,-9.193,6.709,-0.86,0.63,-0.86,0.63,INF,-1,0,7,0
6340,1,1,-11.116,6.025,-1.04,0.56,-1.04,0.56,INF,-1,0,7,0
6360,1,1,-12.609,7.722,-1.18,0.72,-1.18,0.72,INF,-1,0,7,0
6380,1,1,-12.335,6.201,-1.15,0.58,-1.15,0.58,INF,-1,0,7,0
6400,1,1,-10.898,5.528,-1.02,0.52,-1.02,0.52,INF,-1,0,7,0
6420,1,1,-13.321,7.241,-1.24,0.68,-1.24,0.68,INF,-1,0,7,0
6440,1,1,-11.351,5.069,-1.06,0.47,-1.06,0.47,INF,-1,0,7,0
6460,1,1,-11.116,4.433,-1.04,0.41,-1.04,0.41,INF,-1,0,7,0
6480,1,1,-9.988,5.338,-0.93,0.50,-0.93,0.50,INF,-1,1,7,0
6500,1,1,-12.505,5.684,-1.17,0.53,-1.17,0.53,INF,-1,1,7,0
6520,1,1,-15.435,9.138,-1.44,0.85,-1.44,0.85,INF,-1,1,7,0
6540,1,1,-20.575,17.298,-1.92,1.62,-1.92,1.62,INF,-1,1,7,0
6560,1,1,-19.827,16.779,-1.85,1.57,-1.85,1.57,INF,-1,1,7,0
6580,1,1,-19.978,17.453,-1.87,1.63,-1.87,1.63,INF,-1,0,7,0
6600,1,1,-19.344,15.381,-1.81,1.44,-1.81,1.44,INF,-1,0,7,0
6620,1,1,-18.524,17.023,-1.73,1.59,-1.73,1.59,INF,-1,0,7,0
6640,1,1,-18.323,14.210,-1.71,1.33,-1.71,1.33,INF,-1,0,7,0
6660,1,1,-20.039,16.852,-1.87,1.57,-1.87,1.57,INF,-1,0,7,0
6680,1,1,-18.557,15.328,-1.73,1.43,-1.73,1.43,INF,-1,0,7,0
6700,1,1,-19.435,14.411,-1.82,1.35,-1.82,1.35,INF,-1,0,7,0
6720,1,1,-17.823,13.670,-1.67,1.28,-1.66,1.28,INF,-1,0,7,0
6740,1,1,-18.809,13.716,-1.76,1.28,-1.76,1.28,INF,-1,0,7,0
6760,1,1,-18.100,13.170,-1.69,1.23,-1.69,1.23,INF,-1,0,7,0
6780,1,1,-18.808,14.400,-1.76,1.35,-1.76,1.35,INF,-1,0,7,0
6800,1,1,-20.026,14.181,-1.87,1.32,-1.87,1.33,INF,-1,0,7,0
6820,1,1,-18.156,8.414,-1.70,0.79,-1.70,0.79,INF,-1,1,7,0
6840,1,1,-17.105,5.415,-1.60,0.51,-1.60,0.51,INF,-1,1,7,0
6860,1,1,-15.279,8.623,-1.43,0.81,-1.43,0.81,INF,-1,1,7,0
6880,1,1,-14.879,4.102,-1.39,0.38,-1.39,0.38,INF,-1,1,7,0
6900,1,1,-15.079,3.021,-1.41,0.28,-1.41,0.28,INF,-1,1,7,0
6920,1,1,-15.231,4.920,-1.42,0.46,-1.42,0.46,INF,-1,0,7,0
6940,1,1,-16.568,2.029,-1.55,0.19,-1.55,0.19,INF,-1,0,7,0
6960,1,1,-13.601,1.552,-1.27,0.15,-1.27,0.15,INF,-1,0,7,0
6980,1,1,-13.610,3.164,-1.27,0.30,-1.27,0.30,INF,-1,0,7,0
7000,1,1,-15.608,5.500,-1.46,0.51,-1.46,0.51,INF,-1,0,7,0
7020,1,1,-15.853,4.901,-1.48,0.46,-1.48,0.46,INF,-1,0,7,0
7040,1,1,-12.843,7.235,-1.20,0.68,-1.20,0.68,INF,-1,0,7,0
7060,1,1,-14.052,5.740,-1.31,0.54,-1.31,0.54,INF,-1,0,7,0
7080,1,1,-12.812,4.882,-1.20,0.46,-1.20,0.46,INF,-1,0,7,0
7100,1,1,-14.661,5.402,-1.37,0.50,-1.37,0.50,INF,-1,0,7,0
7120,1,1,-14.652,6.443,-1.37,0.60,-1.37,0.60,INF,-1,0,7,0
7140,1,1,-12.886,4.329,-1.20,0.40,-1.20,0.40,INF,-1,0,7,0
7160,1,1,-13.552,8.233,-1.27,0.77,-1.27,0.77,INF,-1,1,7,0
7180,1,1,-14.362,5.821,-1.34,0.54,-1.34,0.54,INF,-1,1,7,0
7200,1,1,-12.371,5.313,-1.16,0.50,-1.16,0.50,INF,-1,1,7,0
7220,1,1,-8.410,6.564,-0.79,0.61,-0.79,0.61,INF,-1,1,7,0
7240,1,1,-7.332,6.116,-0.69,0.57,-0.69,0.57,INF,-1,1,7,0
7260,1,1,-6.786,7.230,-0.63,0.68,-0.63,0.68,INF,-1,1,7,0
7280,1,1,-7.328,7.466,-0.68,0.70,-0.68,0.70,INF,-1,1,7,0
7300,1,1,-6.049,7.185,-0.57,0.67,-0.57,0.67,INF,-1,1,7,0
7320,1,1,-6.960,8.619,-0.65,0.81,-0.65,0.81,INF,-1,1,7,0
7340,1,1,-7.494,8.848,-0.70,0.83,-0.70,0.83,INF,-1,1,7,0
7360,1,1,-7.806,9.461,-0.73,0.88,-0.73,0.88,INF,-1,1,7,0
7380,1,1,-9.153,7.286,-0.86,0.68,-0.86,0.68,INF,-1,1,7,0
7400,1,1,-7.786,6.683,-0.73,0.62,-0.73,0.62,INF,-1,1,7,0
7420,1,1,-7.400,9.530,-0.69,0.89,-0.69,0.89,INF,-1,1,7,0
7440,1,1,-7.035,7.805,-0.66,0.73,-0.66,0.73,INF,-1,1,7,0
7460,1,1,-9.158,8.187,-0.86,0.77,-0.86,0.77,INF,-1,1,7,0
7480,1,1,-9.286,8.408,-0.87,0.79,-0.87,0.79,INF,-1,1,7,0
7500,1,1,-6.798,10.304,-0.64,0.96,-0.64,0.96,INF,-1,1,7,0
7520,1,1,-8.884,9.191,-0.83,0.86,-0.83,0.86,INF,-1,1,7,0
7540,1,1,-7.806,9.527,-0.73,0.89,-0.73,0.89,INF,-1,1,7,0
7560,1,1,-7.477,7.532,-0.70,0.70,-0.70,0.70,INF,-1,1,7,0
7580,1,1,0.114,-2.283,0.01,-0.21,0.01,-0.21,INF,-1,1,7,0
7600,0,1,0.000,0.000,0.00,0.00,0.00,0.00,0.00,-1,1,7,0
7620,0,1,0.000,0.000,0.00,0.00,0.00,0.00,0.00,-1,1,7,0
7640,0,1,0.000,0.000,0.00,0.00,0.00,0.00,0.00,-1,1,7,0
7660,0,1,0.000,0.000,0.00,0.00,0.00,0.00,0.00,-1,0,7,0
7680,0,1,0.000,0.000,0.00,0.00,0.00,0.00,0.00,-1,0,7,0
7700,0,1,0.000,0.000,0.00,0.00,0.00,0.00,0.00,-1,0,7,0
7720,0,1,0.000,0.000,0.00,0.00,0.00,0.00,0.00,-1,0,7,0
7740,0,1,0.000,0.000,0.00,0.00,0.00,0.00,0.00,-1,0,7,0
7760,0,1,0.000,0.000,0.00,0.00,0.00,0.00,0.00,-1,0,7,0
7780,0,1,0.000,0.000,0.00,0.00,0.00,0.00,0.00,-1,0,7,0
7800,1,1,-2.293,2.734,-0.21,0.26,-0.21,0.26,INF,-1,0,7,0
7820,1,1,-1.677,2.039,-0.16,0.19,-0.16,0.19,INF,-1,0,7,0
7840,1,1,-2.766,4.210,-0.26,0.39,-0.26,0.39,INF,-1,0,7,0
7860,1,1,-1.475,5.214,-0.14,0.49,-0.14,0.49,INF,-1,0,7,0
7880,1,1,-2.007,2.532,-0.19,0.24,-0.19,0.24,INF,-1,0,7,0
7900,1,1,-1.633,1.567,-0.15,0.15,-0.15,0.15,INF,-1,0,7,0
7920,1,1,-1.272,1.217,-0.12,0.11,-0.12,0.11,INF,-1,0,7,0
7940,1,1,-1.444,2.697,-0.13,0.25,-0.13,0.25,INF,-1,0,7,0
7960,1,1,-2.293,3.776,-0.21,0.35,-0.21,0.35,INF,-1,0,7,0
7980,1,1,-2.515,4.257,-0.24,0.40,-0.24,0.40,INF,-1,0,7,0
8000,1,1,-3.360,5.296,-0.31,0.49,-0.31,0.50,INF,-1,0,7,0
8020,1,1,-3.575,4.096,-0.33,0.38,-0.33,0.38,INF,-1,0,7,0
8040,1,1,-3.643,4.374,-0.34,0.41,-0.34,0.41,INF,-1,0,7,0
8060,1,1,-0.782,-14.549,-0.07,-1.36,-0.07,-1.36,INF,-1,0,7,0
8080,1,1,0.556,-24.456,0.05,-2.28,0.05,-2.28,INF,-1,1,7,0
8100,1,1,0.085,-27.750,0.01,-2.59,0.01,-2.59,INF,-1,0,7,0
8120,1,1,-1.801,-28.549,-0.17,-2.67,-0.17,-2.67,INF,-1,0,7,0
8140,1,1,-3.606,-29.781,-0.34,-2.78,-0.34,-2.78,INF,-1,0,7,0
8160,1,1,-2.945,-27.915,-0.28,-2.61,-0.27,-2.61,INF,-1,0,7,0
8180,1,1,-3.436,-29.062,-0.32,-2.71,-0.32,-2.71,INF,-1,0,7,0
8200,1,1,-2.669,-29.778,-0.25,-2.78,-0.25,-2.78,INF,-1,0,7,0
8220,1,1,-1.500,-30.848,-0.14,-2.88,-0.14,-2.88,INF,-1,0,7,0
8240,1,1,-2.933,-30.800,-0.27,-2.88,-0.27,-2.88,INF,-1,0,7,0
8260,1,1,-2.720,-31.090,-0.25,-2.90,-0.25,-2.90,INF,-1,0,7,0
8280,1,1,-10.173,-26.087,-0.95,-2.44,-0.95,-2.44,INF,-1,0,7,0
8300,1,1,-10.347,-28.003,-0.97,-2.62,-0.97,-2.62,INF,-1,0,7,0
8320,1,1,-9.312,-27.417,-0.87,-2.56,-0.87,-2.56,INF,-1,0,7,0
8340,1,1,-10.548,-29.128,-0.99,-2.72,-0.98,-2.72,INF,-1,0,7,0
8360,1,1,-9.940,-28.198,-0.93,-2.63,-0.93,-2.63,INF,-1,1,7,0
8380,1,1,-9.457,-29.203,-0.88,-2.73,-0.88,-2.73,INF,-1,1,7,0
8400,1,1,-7.870,-27.782,-0.74,-2.59,-0.73,-2.59,INF,-1,1,7,0
8420,1,1,-8.966,-30.007,-0.84,-2.80,-0.84,-2.80,INF,-1,1,7,0
8440,1,1,-8.831,-29.893,-0.83,-2.79,-0.82,-2.79,INF,-1,1,7,0
8460,1,1,-8.668,-30.473,-0.81,-2.85,-0.81,-2.85,INF,-1,1,7,0
8480,1,1,-8.224,-31.308,-0.77,-2.92,-0.77,-2.92,INF,-1,1,7,0
8500,1,1,-7.779,-30.388,-0.73,-2.84,-0.73,-2.84,INF,-1,1,7,0
8520,1,1,-8.559,-31.307,-0.80,-2.92,-0.80,-2.92,INF,-1,1,7,0
8540,1,1,-10.344,-33.069,-0.97,-3.09,-0.97,-3.09,INF,-1,1,7,0
8560,1,1,-8.904,-31.291,-0.83,-2.92,-0.83,-2.92,INF,-1,1,7,0
8580,1,1,-7.527,-31.099,-0.70,-2.90,-0.70,-2.90,INF,-1,1,7,0
8600,1,1,-8.059,-29.993,-0.75,-2.80,-0.75,-2.80,INF,-1,1,7,0
8620,1,1,-12.772,-30.265,-1.19,-2.83,-1.19,-2.83,INF,-1,1,7,0
8640,1,1,-16.133,-29.937,-1.51,-2.80,-1.51,-2.80,INF,-1,1,7,0
8660,1,1,-17.848,-29.734,-1.67,-2.78,-1.67,-2.78,INF,-1,1,7,0
8680,1,1,-16.889,-30.527,-1.58,-2.85,-1.58,-2.85,INF,-1,0,7,0
8700,1,1,-18.284,-30.516,-1.71,-2.85,-1.71,-2.85,INF,-1,0,7,0
8720,1,1,-17.905,-29.841,-1.67,-2.79,-1.67,-2.79,INF,-1,0,7,0
8740,1,1,-17.139,-29.822,-1.60,-2.78,-1.60,-2.79,INF,-1,0,7,0
8760,1,1,-16.349,-30.479,-1.53,-2.85,-1.53,-2.85,INF,-1,0,7,0
8780,1,1,-16.351,-28.922,-1.53,-2.70,-1.53,-2.70,INF,-1,0,7,0
8800,1,1,-16.107,-28.420,-1.51,-2.65,-1.50,-2.65,INF,-1,0,7,0
8820,1,1,-13.626,-29.642,-1.27,-2.77,-1.27,-2.77,INF,-1,0,7,0
8840,1,1,-17.064,-29.095,-1.59,-2.72,-1.59,-2.72,INF,-1,0,7,0
8860,1,1,-14.120,-30.803,-1.32,-2.88,-1.32,-2.88,INF,-1,0,7,0
8880,1,1,-13.786,-30.071,-1.29,-2.81,-1.29,-2.81,INF,-1,0,7,0
8900,1,1,-13.701,-29.663,-1.28,-2.77,-1.28,-2.77,INF,-1,0,7,0
8920,1,1,-14.749,-30.971,-1.38,-2.89,-1.38,-2.89,INF,-1,1,7,0
8940,1,1,-16.161,-28.879,-1.51,-2.70,-1.51,-2.70,INF,-1,1,7,0
8960,1,1,-5.462,-31.462,-0.51,-2.94,-0.51,-2.94,INF,-1,1,7,0
8980,1,1,38.239,-29.957,3.57,-2.79,3.57,-2.80,INF,-1,1,7,0
9000,1,1,42.548,-29.850,3.97,-2.78,3.97,-2.79,INF,-1,0,7,0
9020,1,1,44.961,-32.105,4.19,-2.99,4.19,-3.00,INF,-1,0,7,0
9040,1,1,43.624,-32.518,4.07,-3.03,4.06,-3.04,INF,-1,0,7,0
9060,1,1,41.238,-34.229,3.85,-3.19,3.84,-3.20,INF,-1,0,7,0
9080,1,1,42.345,-31.770,3.95,-2.96,3.95,-2.97,INF,-1,0,7,0
9100,1,1,41.019,-31.306,3.83,-2.92,3.82,-2.92,INF,-1,0,7,0
9120,1,1,42.090,-32.277,3.93,-3.01,3.92,-3.01,INF,-1,0,7,0
9140,1,1,41.947,-31.302,3.91,-2.92,3.91,-2.92,INF,-1,0,7,0
9160,1,1,43.139,-31.168,4.03,-2.90,4.02,-2.91,INF,-1,0,7,0
9180,1,1,41.304,-30.195,3.85,-2.81,3.85,-2.82,INF,-1,0,7,0
9200,1,1,40.823,-30.838,3.81,-2.87,3.81,-2.88,INF,-1,0,7,0
9220,1,1,39.969,-30.013,3.73,-2.80,3.73,-2.80,INF,-1,0,7,0
9240,1,1,39.977,-29.262,3.73,-2.73,3.73,-2.73,INF,-1,0,7,0
9260,1,1,40.275,-28.175,3.76,-2.63,3.76,-2.63,INF,-1,1,7,0
9280,1,1,39.384,-28.769,3.68,-2.68,3.67,-2.69,INF,-1,1,7,0
9300,1,1,42.097,-24.188,3.93,-2.25,3.93,-2.26,INF,-1,1,7,0
9320,1,1,45.008,-19.279,4.20,-1.80,4.20,-1.80,INF,-1,1,7,0
9340,1,1,45.310,-18.176,4.23,-1.69,4.23,-1.70,INF,-1,1,7,0
9360,1,1,46.569,-19.672,4.34,-1.83,4.34,-1.84,INF,-1,0,7,0
9380,1,1,45.423,-19.133,4.24,-1.78,4.24,-1.79,INF,-1,0,7,0
9400,1,1,45.837,-18.981,4.28,-1.77,4.27,-1.77,INF,-1,0,7,0
9420,1,1,44.756,-20.212,4.18,-1.88,4.17,-1.89,INF,-1,0,7,0
9440,1,1,46.977,-19.492,4.38,-1.82,4.38,-1.82,INF,-1,0,7,0
9460,1,1,43.822,-19.181,4.09,-1.79,4.09,-1.79,INF,-1,0,7,0
9480,1,1,46.214,-17.474,4.31,-1.63,4.31,-1.63,INF,-1,0,7,0
9500,1,1,31.227,2.209,2.92,0.21,2.92,0.21,INF,-1,0,7,0
9520,1,1,27.644,7.361,2.58,0.69,2.58,0.69,INF,-1,0,7,0
9540,1,1,27.761,6.781,2.59,0.63,2.59,0.63,INF,-1,0,7,0
9560,1,1,28.582,6.377,2.67,0.60,2.67,0.60,INF,-1,0,7,0
9580,1,1,27.800,5.855,2.60,0.55,2.60,0.55,INF,-1,0,7,0
9600,1,1,29.891,5.800,2.79,0.54,2.79,0.54,INF,-1,0,7,0
9620,1,1,29.741,6.569,2.78,0.61,2.78,0.61,INF,-1,0,7,0
9640,1,1,29.614,3.581,2.77,0.33,2.77,0.33,INF,-1,0,7,0
9660,1,1,29.695,5.190,2.77,0.48,2.77,0.49,INF,-1,0,7,0
9680,1,1,29.721,4.532,2.78,0.42,2.78,0.42,INF,-1,0,7,0
9700,1,1,29.146,5.470,2.72,0.51,2.72,0.51,INF,-1,0,7,0
9720,1,1,28.514,5.056,2.66,0.47,2.66,0.47,INF,-1,0,7,0
9740,1,1,29.297,4.649,2.74,0.43,2.74,0.43,INF,-1,0,7,0
9760,1,1,29.198,3.570,2.73,0.33,2.73,0.33,INF,-1,0,7,0
9780,1,1,28.321,4.113,2.65,0.38,2.65,0.38,INF,-1,1,7,0
9800,1,1,18.969,11.982,1.77,1.12,1.77,1.12,INF,-1,1,7,0
9820,1,1,12.769,20.627,1.19,1.93,1.19,1.93,INF,-1,1,7,0
9840,1,1,11.572,21.022,1.08,1.96,1.08,1.96,INF,-1,0,7,0
9860,1,1,9.869,19.819,0.92,1.85,0.92,1.85,INF,-1,0,7,0
9880,1,1,9.855,17.383,0.92,1.62,0.92,1.62,INF,-1,0,7,0
9900,1,1,10.566,17.167,0.99,1.60,0.99,1.60,INF,-1,0,7,0
9920,1,1,10.990,18.875,1.03,1.76,1.03,1.76,INF,-1,0,7,0
9940,1,1,10.205,18.153,0.95,1.70,0.95,1.70,INF,-1,0,7,0
9960,1,1,10.527,19.212,0.98,1.79,0.98,1.80,INF,-1,0,7,0
9980,1,1,9.106,17.981,0.85,1.68,0.85,1.68,INF,-1,0,7,0
10000,1,1,9.154,18.532,0.86,1.73,0.86,1.73,INF,-1,0,7,0
10020,1,1,11.800,18.962,1.10,1.77,1.10,1.77,INF,-1,0,7,0
10040,1,1,3.121,19.268,0.29,1.80,0.29,1.80,INF,-1,0,7,0
10060,1,1,-12.309,16.881,-1.15,1.58,-1.15,1.58,INF,-1,0,7,0
10080,1,1,-14.441,15.109,-1.35,1.41,-1.35,1.41,INF,-1,0,7,0
10100,1,1,-16.047,15.013,-1.50,1.40,-1.50,1.40,INF,-1,0,7,0
10120,1,1,-16.021,16.252,-1.50,1.52,-1.50,1.52,INF,-1,0,7,0
10140,1,1,-16.018,17.524,-1.50,1.64,-1.50,1.64,INF,-1,0,7,0
10160,1,1,-15.527,17.891,-1.45,1.67,-1.45,1.67,INF,-1,0,7,0
10180,1,1,-16.407,17.809,-1.53,1.66,-1.53,1.66,INF,-1,0,7,0
10200,1,1,-14.838,15.236,-1.39,1.42,-1.39,1.42,INF,-1,0,7,0
10220,1,1,-14.020,16.618,-1.31,1.55,-1.31,1.55,INF,-1,0,7,0
10240,1,1,-13.995,16.174,-1.31,1.51,-1.31,1.51,INF,-1,1,7,0
10260,1,1,-14.069,15.983,-1.31,1.49,-1.31,1.49,INF,-1,1,7,0
10280,1,1,-14.009,17.197,-1.31,1.61,-1.31,1.61,INF,-1,1,7,0
10300,1,1,-15.707,16.866,-1.47,1.58,-1.47,1.58,INF,-1,1,7,0
10320,1,1,-15.199,18.225,-1.42,1.70,-1.42,1.70,INF,-1,1,7,0
10340,1,1,-14.679,16.128,-1.37,1.51,-1.37,1.51,INF,-1,1,7,0
10360,1,1,-12.378,16.598,-1.16,1.55,-1.16,1.55,INF,-1,1,7,0
10380,1,1,-15.629,17.250,-1.46,1.61,-1.46,1.61,INF,-1,1,7,0
10400,1,1,-16.383,16.351,-1.53,1.53,-1.53,1.53,INF,-1,1,7,0
10420,1,1,-16.041,17.225,-1.50,1.61,-1.50,1.61,INF,-1,1,7,0
10440,1,1,-15.645,17.912,-1.46,1.67,-1.46,1.67,INF,-1,1,7,0
10460,1,1,-16.429,16.406,-1.54,1.53,-1.53,1.53,INF,-1,1,7,0
10480,1,1,-16.620,18.416,-1.55,1.72,-1.55,1.72,INF,-1,1,7,0
10500,1,1,-16.790,16.021,-1.57,1.50,-1.57,1.50,INF,-1,1,7,0
10520,1,1,-14.878,16.454,-1.39,1.54,-1.39,1.54,INF,-1,1,7,0
10540,1,1,-15.994,18.321,-1.49,1.71,-1.49,1.71,INF,-1,1,7,0
10560,1,1,-16.701,19.201,-1.56,1.79,-1.56,1.79,INF,-1,1,7,0
10580,1,1,-16.993,18.285,-1.59,1.71,-1.59,1.71,INF,-1,1,7,0
10600,1,1,-15.825,16.945,-1.48,1.58,-1.48,1.58,INF,-1,1,7,0
10620,1,1,-15.379,16.910,-1.44,1.58,-1.44,1.58,INF,-1,1,7,0
10640,1,1,-16.701,17.196,-1.56,1.61,-1.56,1.61,INF,-1,1,7,0
10660,1,1,-15.383,18.103,-1.44,1.69,-1.44,1.69,INF,-1,1,7,0
10680,1,1,-14.678,17.746,-1.37,1.66,-1.37,1.66,INF,-1,1,7,0
10700,1,1,-18.953,24.610,-1.77,2.30,-1.77,2.30,INF,-1,1,7,0
10720,1,1,-19.376,23.769,-1.81,2.22,-1.81,2.22,INF,-1,1,7,0
10740,1,1,-19.482,22.160,-1.82,2.07,-1.82,2.07,INF,-1,0,7,0
10760,1,1,-18.859,25.515,-1.76,2.38,-1.76,2.38,INF,-1,0,7,0
10780,1,1,-18.510,23.625,-1.73,2.21,-1.73,2.21,INF,-1,0,7,0
10800,1,1,-19.560,24.690,-1.83,2.31,-1.83,2.31,INF,-1,0,7,0
10820,1,1,-18.957,22.792,-1.77,2.13,-1.77,2.13,INF,-1,0,7,0
10840,1,1,-19.739,23.794,-1.84,2.22,-1.84,2.22,INF,-1,0,7,0
10860,1,1,-19.031,23.192,-1.78,2.17,-1.78,2.17,INF,-1,0,7,0
10880,1,1,-18.038,22.748,-1.69,2.12,-1.68,2.13,INF,-1,0,7,0
10900,1,1,-19.479,22.734,-1.82,2.12,-1.82,2.12,INF,-1,0,7,0
10920,1,1,-19.984,23.523,-1.87,2.20,-1.87,2.20,INF,-1,0,7,0
10940,1,1,-18.160,23.358,-1.70,2.18,-1.70,2.18,INF,-1,0,7,0
10960,1,1,-17.467,22.066,-1.63,2.06,-1.63,2.06,INF,-1,0,7,0
10980,1,1,-18.718,20.823,-1.75,1.94,-1.75,1.95,INF,-1,1,7,0
11000,0,1,0.000,0.000,0.00,0.00,0.00,0.00,0.00,-1,1,7,0
11020,1,1,-21.153,36.193,-1.98,3.38,-1.97,3.38,INF,-1,1,7,0
11040,1,1,-21.655,34.992,-2.02,3.27,-2.02,3.27,INF,-1,1,7,0
11060,1,1,-22.624,37.323,-2.11,3.48,-2.11,3.48,INF,-1,1,7,0
11080,1,1,-23.320,37.232,-2.18,3.47,-2.17,3.48,INF,-1,0,7,0
11100,1,1,-22.244,35.152,-2.08,3.28,-2.07,3.28,INF,-1,0,7,0
11120,1,1,-22.154,36.267,-2.07,3.38,-2.07,3.39,INF,-1,0,7,0
11140,1,1,-22.422,36.921,-2.09,3.44,-2.09,3.45,INF,-1,0,7,0
11160,1,1,-23.461,35.038,-2.19,3.27,-2.19,3.27,INF,-1,0,7,0
11180,1,1,-20.894,36.480,-1.95,3.40,-1.95,3.41,INF,-1,0,7,0
11200,1,1,-22.058,35.422,-2.06,3.31,-2.06,3.31,INF,-1,0,7,0
11220,1,1,-22.962,36.210,-2.15,3.38,-2.14,3.38,INF,-1,0,7,0
11240,1,1,-22.628,36.531,-2.11,3.41,-2.11,3.41,INF,-1,0,7,0
11260,1,1,-22.481,36.281,-2.10,3.38,-2.10,3.39,INF,-1,0,7,0
11280,1,1,-24.164,37.196,-2.26,3.47,-2.25,3.47,INF,-1,0,7,0
11300,1,1,-23.359,36.642,-2.18,3.42,-2.18,3.42,INF,-1,1,7,0
11320,1,1,-22.227,34.844,-2.08,3.25,-2.07,3.25,INF,-1,1,7,0
11340,1,1,-23.054,35.165,-2.15,3.28,-2.15,3.28,INF,-1,1,7,0
11360,1,1,-24.488,35.073,-2.29,3.27,-2.28,3.27,INF,-1,1,7,0
11380,1,1,-23.173,36.294,-2.16,3.39,-2.16,3.39,INF,-1,1,7,0
11400,1,1,-23.796,35.542,-2.22,3.32,-2.22,3.32,INF,-1,1,7,0
11420,1,1,-24.492,25.150,-2.29,2.35,-2.29,2.35,INF,-1,1,7,0
11440,1,1,-24.826,22.235,-2.32,2.08,-2.32,2.08,INF,-1,1,7,0
11460,1,1,-27.452,21.054,-2.56,1.97,-2.56,1.97,INF,-1,0,7,0
11480,1,1,-25.192,20.603,-2.35,1.92,-2.35,1.92,INF,-1,0,7,0
11500,1,1,-24.656,22.039,-2.30,2.06,-2.30,2.06,INF,-1,0,7,0
11520,1,1,-24.963,20.967,-2.33,1.96,-2.33,1.96,INF,-1,0,7,0
11540,1,1,-26.877,19.163,-2.51,1.79,-2.51,1.79,INF,-1,0,7,0
11560,1,1,-25.951,20.306,-2.42,1.90,-2.42,1.90,INF,-1,0,7,0
11580,1,1,-25.884,21.938,-2.42,2.05,-2.42,2.05,INF,-1,0,7,0
11600,1,1,-26.610,21.694,-2.49,2.02,-2.48,2.03,INF,-1,0,7,0
11620,1,1,-26.298,20.671,-2.46,1.93,-2.46,1.93,INF,-1,0,7,0
11640,1,1,-27.370,18.698,-2.56,1.75,-2.56,1.75,INF,-1,0,7,0
11660,1,1,-30.157,18.648,-2.82,1.74,-2.82,1.74,INF,-1,0,7,0
11680,1,1,-26.957,18.028,-2.52,1.68,-2.52,1.68,INF,-1,0,7,0
11700,1,1,-27.093,18.363,-2.53,1.71,-2.53,1.72,INF,-1,1,7,0
11720,1,1,-25.026,16.997,-2.34,1.59,-2.34,1.59,INF,-1,1,7,0
11740,1,1,-26.273,18.285,-2.45,1.71,-2.45,1.71,INF,-1,1,7,0
11760,1,1,-26.144,19.041,-2.44,1.78,-2.44,1.78,INF,-1,1,7,0
11780,1,1,-27.087,19.235,-2.53,1.80,-2.53,1.80,INF,-1,1,7,0
11800,1,1,-27.217,19.091,-2.54,1.78,-2.54,1.78,INF,-1,1,7,0
11820,1,1,-27.879,20.998,-2.60,1.96,-2.60,1.96,INF,-1,1,7,0
11840,1,1,-26.589,19.218,-2.48,1.79,-2.48,1.80,INF,-1,1,7,0
11860,1,1,-26.349,18.431,-2.46,1.72,-2.46,1.72,INF,-1,1,7,0
11880,1,1,-25.876,26.776,-2.42,2.50,-2.41,2.50,INF,-1,1,7,0
11900,1,1,-25.818,25.295,-2.41,2.36,-2.41,2.36,INF,-1,1,7,0
11920,1,1,-25.126,26.012,-2.35,2.43,-2.35,2.43,INF,-1,1,7,0
11940,1,1,-24.008,24.686,-2.24,2.30,-2.24,2.31,INF,-1,1,7,0
11960,1,1,-25.564,25.151,-2.39,2.35,-2.39,2.35,INF,-1,1,7,0
11980,1,1,-23.334,23.663,-2.18,2.21,-2.18,2.21,INF,-1,1,7,0
12000,1,1,-25.048,24.349,-2.34,2.27,-2.34,2.27,INF,-1,1,7,0
12020,1,1,-22.300,25.860,-2.08,2.41,-2.08,2.42,INF,-1,1,7,0
12040,1,1,-22.836,24.762,-2.13,2.31,-2.13,2.31,INF,-1,1,7,0
12060,1,1,-22.798,24.149,-2.13,2.25,-2.13,2.26,INF,-1,1,7,0
12080,1,1,-23.548,23.933,-2.20,2.23,-2.20,2.24,INF,-1,1,7,0
12100,1,1,-22.822,24.282,-2.13,2.27,-2.13,2.27,INF,-1,1,7,0
12120,1,1,-24.008,23.280,-2.24,2.17,-2.24,2.17,INF,-1,1,7,0
12140,1,1,-22.155,25.317,-2.07,2.36,-2.07,2.36,INF,-1,1,7,0
12160,1,1,-25.908,27.158,-2.42,2.53,-2.42,2.54,INF,-1,1,7,0
12180,1,1,-27.650,27.762,-2.58,2.59,-2.58,2.59,INF,-1,1,7,0
12200,1,1,-25.798,27.646,-2.41,2.58,-2.41,2.58,INF,-1,1,7,0
12220,1,1,-26.003,27.262,-2.43,2.54,-2.43,2.55,INF,-1,1,7,0
12240,1,1,-26.524,26.537,-2.48,2.48,-2.48,2.48,INF,-1,1,7,0
12260,1,1,-27.288,27.595,-2.55,2.57,-2.55,2.58,INF,-1,1,7,0
12280,1,1,-26.395,25.329,-2.47,2.36,-2.46,2.37,INF,-1,1,7,0
12300,1,1,-28.547,26.513,-2.67,2.47,-2.66,2.48,INF,-1,1,7,0
12320,1,1,-24.184,24.764,-2.26,2.31,-2.26,2.31,INF,-1,1,7,0
12340,1,1,-27.866,25.595,-2.60,2.39,-2.60,2.39,INF,-1,1,7,0
12360,1,1,-27.138,25.932,-2.53,2.42,-2.53,2.42,INF,-1,1,7,0
12380,1,1,-24.909,26.846,-2.33,2.51,-2.32,2.51,INF,-1,1,7,0
12400,1,1,-27.298,26.763,-2.55,2.50,-2.55,2.50,INF,-1,1,7,0
12420,1,1,-27.411,27.601,-2.56,2.58,-2.56,2.58,INF,-1,1,7,0
12440,1,1,-28.546,26.141,-2.67,2.44,-2.66,2.44,INF,-1,1,7,0
12460,1,1,-26.936,26.805,-2.52,2.50,-2.51,2.50,INF,-1,1,7,0
12480,1,1,-29.647,28.322,-2.77,2.64,-2.77,2.65,INF,-1,1,7,0
12500,1,1,-27.036,28.057,-2.53,2.62,-2.52,2.62,INF,-1,1,7,0
12520,1,1,-27.974,28.156,-2.61,2.63,-2.61,2.63,INF,-1,1,7,0
12540,1,1,-27.717,25.948,-2.59,2.42,-2.59,2.42,INF,-1,1,7,0
12560,1,1,-26.165,26.353,-2.44,2.46,-2.44,2.46,INF,-1,1,7,0
12580,1,1,-26.401,27.194,-2.47,2.54,-2.46,2.54,INF,-1,1,7,0
12600,1,1,-25.883,26.379,-2.42,2.46,-2.42,2.46,INF,-1,1,7,0
12620,1,1,-26.727,25.349,-2.50,2.37,-2.49,2.37,INF,-1,1,7,0
12640,1,1,-27.093,25.517,-2.53,2.38,-2.53,2.38,INF,-1,1,7,0
12660,1,1,-27.249,25.902,-2.55,2.42,-2.54,2.42,INF,-1,1,7,0
12680,0,1,0.000,0.000,0.00,0.00,0.00,0.00,0.00,-1,1,7,0
12700,1,1,-27.063,25.822,-2.53,2.41,-2.53,2.41,INF,-1,1,7,0
12720,0,1,0.000,0.000,0.00,0.00,0.00,0.00,0.00,-1,1,7,0
12740,1,1,-26.100,25.322,-2.44,2.36,-2.44,2.37,INF,-1,1,7,0
12760,1,1,-28.148,24.784,-2.63,2.31,-2.63,2.32,INF,-1,1,7,0
12780,1,1,-25.579,26.553,-2.39,2.48,-2.39,2.48,INF,-1,1,7,0
12800,1,1,-26.775,24.799,-2.50,2.31,-2.50,2.32,INF,-1,1,7,0
12820,1,1,-28.314,23.238,-2.64,2.17,-2.64,2.17,INF,-1,1,7,0
12840,1,1,-27.770,26.685,-2.59,2.49,-2.59,2.49,INF,-1,1,7,0
12860,1,1,-28.049,24.419,-2.62,2.28,-2.62,2.28,INF,-1,1,7,0
12880,1,1,-27.948,26.756,-2.61,2.50,-2.61,2.50,INF,-1,1,7,0
12900,1,1,-27.181,24.169,-2.54,2.26,-2.54,2.26,INF,-1,1,7,0
12920,1,1,-27.787,26.538,-2.60,2.48,-2.59,2.48,INF,-1,1,7,0
12940,1,1,-27.108,23.884,-2.53,2.23,-2.53,2.23,INF,-1,1,7,0
12960,1,1,-29.865,24.895,-2.79,2.32,-2.79,2.33,INF,-1,1,7,0
12980,1,1,-29.352,25.411,-2.74,2.37,-2.74,2.37,INF,-1,1,7,0
13000,1,1,-28.971,24.107,-2.71,2.25,-2.70,2.25,INF,-1,1,7,0
13020,1,1,-29.912,22.451,-2.79,2.09,-2.79,2.10,INF,-1,1,7,0
13040,0,1,0.000,0.000,0.00,0.00,0.00,0.00,0.00,-1,1,7,0
13060,1,1,-78.178,-31.672,-7.27,-2.93,-7.26,-2.96,INF,-1,1,7,0
13080,1,1,-80.810,-33.189,-7.51,-3.07,-7.50,-3.10,INF,-1,1,7,0
13100,1,1,-80.484,-35.244,-7.48,-3.26,-7.47,-3.29,INF,-1,1,7,0
13120,1,1,-81.033,-32.845,-7.53,-3.04,-7.52,-3.07,INF,-1,0,7,0
13140,1,1,-79.250,-33.015,-7.37,-3.06,-7.36,-3.08,INF,-1,0,7,0
13160,1,1,-80.227,-30.918,-7.46,-2.86,-7.45,-2.89,INF,-1,0,7,0
13180,1,1,-78.640,-30.677,-7.31,-2.84,-7.30,-2.86,INF,-1,0,7,0
13200,1,1,-77.469,-29.916,-7.20,-2.77,-7.19,-2.79,INF,-1,0,7,0
13220,1,1,-76.567,-29.375,-7.12,-2.72,-7.11,-2.74,INF,-1,0,7,0
13240,1,1,-79.152,-29.283,-7.36,-2.71,-7.35,-2.73,INF,-1,0,7,0
13260,1,1,-79.512,-30.592,-7.39,-2.83,-7.38,-2.86,INF,-1,0,7,0
13280,1,1,-77.830,-29.970,-7.24,-2.78,-7.23,-2.80,INF,-1,0,7,0
13300,1,1,-78.476,-31.347,-7.30,-2.90,-7.29,-2.93,INF,-1,0,7,0
13320,1,1,-80.019,-31.249,-7.44,-2.89,-7.43,-2.92,INF,-1,0,7,0
13340,1,1,-78.651,-31.564,-7.31,-2.92,-7.30,-2.95,INF,-1,1,7,0
13360,1,1,-79.824,-30.771,-7.42,-2.85,-7.41,-2.87,INF,-1,1,7,0
13380,1,1,-78.720,-33.387,-7.32,-3.09,-7.31,-3.12,INF,-1,1,7,0
13400,1,1,-79.469,-34.138,-7.39,-3.16,-7.38,-3.19,INF,-1,1,7,0
13420,1,1,-78.087,-35.319,-7.26,-3.27,-7.25,-3.30,INF,-1,1,7,0
13440,1,1,-79.270,-34.942,-7.37,-3.24,-7.36,-3.26,INF,-1,1,7,0
13460,1,1,-78.210,-36.237,-7.27,-3.36,-7.26,-3.38,INF,-1,1,7,0
13480,1,1,-78.104,-35.794,-7.26,-3.32,-7.25,-3.34,INF,-1,1,7,0
13500,1,1,-76.295,-36.186,-7.09,-3.35,-7.08,-3.38,INF,-1,1,7,0
13520,1,1,-76.710,-35.357,-7.13,-3.28,-7.12,-3.30,INF,-1,1,7,0
13540,1,1,-77.300,-35.904,-7.19,-3.33,-7.17,-3.35,INF,-1,1,7,0
13560,1,1,-74.732,-37.725,-6.95,-3.50,-6.94,-3.52,INF,-1,1,7,0
13580,1,1,-76.554,-37.664,-7.12,-3.49,-7.11,-3.52,INF,-1,1,7,0
13600,1,1,-76.197,-37.114,-7.09,-3.44,-7.07,-3.46,INF,-1,1,7,0
13620,1,1,-74.000,-38.190,-6.88,-3.54,-6.87,-3.56,INF,-1,1,7,0
13640,1,1,-74.334,-36.832,-6.91,-3.41,-6.90,-3.44,INF,-1,1,7,0
13660,1,1,-72.360,-37.610,-6.73,-3.49,-6.72,-3.51,INF,-1,1,7,0
13680,1,1,-72.527,-38.209,-6.75,-3.54,-6.73,-3.57,INF,-1,1,7,0
13700,1,1,-63.898,-32.834,-5.95,-3.05,-5.94,-3.07,INF,-1,1,7,0
13720,1,1,-62.217,-29.442,-5.80,-2.74,-5.79,-2.75,INF,-1,1,7,0
13740,1,1,-60.342,-29.316,-5.62,-2.72,-5.62,-2.74,INF,-1,0,7,0
13760,1,1,-58.495,-30.645,-5.45,-2.85,-5.44,-2.86,INF,-1,0,7,0
13780,1,1,-58.565,-27.904,-5.46,-2.59,-5.45,-2.61,INF,-1,0,7,0
13800,1,1,-55.972,-29.292,-5.22,-2.72,-5.21,-2.74,INF,-1,0,7,0
13820,1,1,-52.695,-21.091,-4.91,-1.96,-4.91,-1.97,INF,-1,0,7,0
13840,1,1,-41.884,-9.364,-3.91,-0.87,-3.91,-0.88,INF,-1,0,7,0
13860,1,1,-34.447,2.174,-3.22,0.20,-3.22,0.20,INF,-1,0,7,0
13880,1,1,-23.288,19.560,-2.18,1.83,-2.17,1.83,INF,-1,0,7,0
13900,1,1,-19.892,30.848,-1.86,2.88,-1.86,2.88,INF,-1,0,7,0
13920,1,1,-14.688,32.948,-1.37,3.08,-1.37,3.08,INF,-1,0,7,0
13940,1,1,-13.393,32.241,-1.25,3.01,-1.25,3.01,INF,-1,0,7,0
13960,1,1,-12.887,32.179,-1.20,3.00,-1.20,3.00,INF,-1,0,7,0
13980,1,1,-13.192,29.095,-1.23,2.72,-1.23,2.72,INF,-1,0,7,0
14000,0,1,0.000,0.000,0.00,0.00,0.00,0.00,0.00,-1,0,7,0
14020,1,1,-13.060,27.904,-1.22,2.61,-1.22,2.61,INF,-1,0,7,0
14040,1,1,-15.751,26.597,-1.47,2.48,-1.47,2.48,INF,-1,0,7,0
14060,1,1,-14.505,27.608,-1.36,2.58,-1.35,2.58,INF,-1,0,7,0
14080,1,1,-15.640,26.506,-1.46,2.48,-1.46,2.48,INF,-1,0,7,0
14100,1,1,-14.866,27.578,-1.39,2.58,-1.39,2.58,INF,-1,0,7,0
14120,1,1,-15.539,25.605,-1.45,2.39,-1.45,2.39,INF,-1,0,7,0
14140,1,1,-15.701,25.051,-1.47,2.34,-1.47,2.34,INF,-1,1,7,0
14160,1,1,-16.924,25.758,-1.58,2.41,-1.58,2.41,INF,-1,1,7,0
14180,1,1,-15.531,25.903,-1.45,2.42,-1.45,2.42,INF,-1,1,7,0
14200,1,1,-15.493,24.146,-1.45,2.25,-1.45,2.26,INF,-1,1,7,0
14220,1,1,-15.216,23.924,-1.42,2.23,-1.42,2.23,INF,-1,1,7,0
14240,1,1,-16.092,23.863,-1.50,2.23,-1.50,2.23,INF,-1,1,7,0
14260,0,1,0.000,0.000,0.00,0.00,0.00,0.00,0.00,-1,1,7,0
14280,0,1,0.000,0.000,0.00,0.00,0.00,0.00,0.00,-1,1,7,0
14300,1,1,-17.202,24.401,-1.61,2.28,-1.61,2.28,INF,-1,1,7,0
14320,1,1,-17.208,24.583,-1.61,2.30,-1.61,2.30,INF,-1,1,7,0
14340,1,1,-17.297,23.624,-1.62,2.21,-1.62,2.21,INF,-1,1,7,0
14360,1,1,-18.466,24.834,-1.73,2.32,-1.72,2.32,INF,-1,1,7,0
14380,1,1,-17.749,24.836,-1.66,2.32,-1.66,2.32,INF,-1,1,7,0
14400,1,1,-18.776,25.310,-1.75,2.36,-1.75,2.36,INF,-1,1,7,0
14420,1,1,-17.989,26.618,-1.68,2.49,-1.68,2.49,INF,-1,1,7,0
14440,1,1,-16.595,24.831,-1.55,2.32,-1.55,2.32,INF,-1,1,7,0
14460,1,1,-16.211,24.366,-1.51,2.28,-1.51,2.28,INF,-1,1,7,0
14480,1,1,-17.433,25.904,-1.63,2.42,-1.63,2.42,INF,-1,1,7,0
14500,1,1,-17.498,26.553,-1.64,2.48,-1.63,2.48,INF,-1,1,7,0
14520,1,1,-16.027,25.653,-1.50,2.40,-1.50,2.40,INF,-1,1,7,0
14540,1,1,-16.465,25.235,-1.54,2.36,-1.54,2.36,INF,-1,1,7,0
14560,1,1,-16.204,26.325,-1.51,2.46,-1.51,2.46,INF,-1,1,7,0
14580,1,1,-16.362,26.402,-1.53,2.47,-1.53,2.47,INF,-1,1,7,0
14600,0,1,0.000,0.000,0.00,0.00,0.00,0.00,0.00,-1,1,7,0
14620,1,1,-14.306,21.654,-1.34,2.02,-1.34,2.02,INF,-1,1,7,0
14640,0,1,0.000,0.000,0.00,0.00,0.00,0.00,0.00,-1,1,7,0
14660,0,1,0.000,0.000,0.00,0.00,0.00,0.00,0.00,-1,1,7,0
14680,0,1,0.000,0.000,0.00,0.00,0.00,0.00,0.00,-1,1,7,0
14700,1,1,-13.135,22.881,-1.23,2.14,-1.23,2.14,INF,-1,1,7,0
14720,0,1,0.000,0.000,0.00,0.00,0.00,0.00,0.00,-1,1,7,0
14740,1,1,-11.736,22.513,-1.10,2.10,-1.10,2.10,INF,-1,1,7,0
14760,1,1,-11.646,24.029,-1.09,2.24,-1.09,2.24,INF,-1,1,7,0
14780,1,1,-13.452,25.759,-1.26,2.41,-1.26,2.41,INF,-1,1,7,0
14800,0,1,0.000,0.000,0.00,0.00,0.00,0.00,0.00,-1,1,7,0
14820,0,1,0.000,0.000,0.00,0.00,0.00,0.00,0.00,-1,1,7,0
14840,1,1,-11.619,26.128,-1.09,2.44,-1.08,2.44,INF,-1,1,7,0
14860,1,1,-11.920,27.397,-1.11,2.56,-1.11,2.56,INF,-1,1,7,0
14880,1,1,-12.607,26.753,-1.18,2.50,-1.18,2.50,INF,-1,1,7,0
14900,1,1,-14.052,26.078,-1.31,2.44,-1.31,2.44,INF,-1,1,7,0
14920,1,1,-13.724,25.351,-1.28,2.37,-1.28,2.37,INF,-1,1,7,0
14940,0,1,0.000,0.000,0.00,0.00,0.00,0.00,0.00,-1,1,7,0
14960,0,1,0.000,0.000,0.00,0.00,0.00,0.00,0.00,-1,1,7,0
14980,1,1,-15.285,24.061,-1.43,2.25,-1.43,2.25,INF,-1,1,7,0
