"EyeTracker Toolbox version","3.250"
CalibrationParameters_A11,1.04580
CalibrationParameters_A12,0.05241
CalibrationParameters_A13,-0.03090
CalibrationParameters_A21,0.06645
CalibrationParameters_A22,-1.08439
CalibrationParameters_A23,0.02891
CalibrationParameters_A31,-0.00020
CalibrationParameters_A32,-0.00106
CalibrationParameters_E11,-0.17975
CalibrationParameters_E12,-0.00021
CalibrationParameters_E21,0.00003
CalibrationParameters_E22,0.20009
CalibrationParameters_X,-12.13538
CalibrationParameters_Y,-34.15856
CalibrationParameters_Rpc,92.48767
CalibrationParameters_MeanX,114.20335
CalibrationParameters_MeanY,162.71262
CalibrationParameters_ViewDist,613.00000
TimeStamp,Tracked,Calibrated,ScreenPositionXmm,ScreenPositionYmm,FicksLongitude,FicksLatitude,HelmholtzAzimuth,HelmholtzElevation,PupilDiameter,Region,Fixation,DigitalIO,Dropped
0,1,1,97.736,115.496,9.06,10.54,8.90,10.67,INF,-1,0,7,0
20,1,1,6.431,11.188,0.60,1.05,0.60,1.05,INF,-1,0,7,0
40,1,1,7.041,10.840,0.66,1.01,0.66,1.01,INF,-1,0,7,0
60,1,1,9.166,12.262,0.86,1.15,0.86,1.15,INF,-1,0,7,0
80,1,1,7.950,9.937,0.74,0.93,0.74,0.93,INF,-1,0,7,0
100,1,1,8.896,10.531,0.83,0.98,0.83,0.98,INF,-1,0,7,0
120,1,1,8.443,8.765,0.79,0.82,0.79,0.82,INF,-1,0,7,0
140,1,1,10.289,7.103,0.96,0.66,0.96,0.66,INF,-1,0,7,0
160,1,1,10.926,7.937,1.02,0.74,1.02,0.74,INF,-1,0,7,0
180,1,1,10.412,8.203,0.97,0.77,0.97,0.77,INF,-1,0,7,0
200,1,1,9.670,7.137,0.90,0.67,0.90,0.67,INF,-1,0,7,0
220,1,1,10.549,5.547,0.99,0.52,0.99,0.52,INF,-1,0,7,0
240,1,1,9.861,4.925,0.92,0.46,0.92,0.46,INF,-1,0,7,0
260,1,1,11.371,3.272,1.06,0.31,1.06,0.31,INF,-1,0,7,0
280,1,1,10.033,4.834,0.94,0.45,0.94,0.45,INF,-1,0,7,0
300,1,1,10.189,3.619,0.95,0.34,0.95,0.34,INF,-1,1,7,0
320,1,1,10.630,3.949,0.99,0.37,0.99,0.37,INF,-1,1,7,0
340,1,1,6.419,7.461,0.60,0.70,0.60,0.70,INF,-1,1,7,0
360,1,1,-6.294,22.477,-0.59,2.10,-0.59,2.10,INF,-1,1,7,0
380,1,1,-3.993,19.134,-0.37,1.79,-0.37,1.79,INF,-1,1,7,0
400,1,1,-5.134,18.614,-0.48,1.74,-0.48,1.74,INF,-1,0,7,0
420,1,1,-5.230,19.692,-0.49,1.84,-0.49,1.84,INF,-1,0,7,0
440,1,1,-4.659,17.991,-0.44,1.68,-0.44,1.68,INF,-1,0,7,0
460,1,1,-5.135,17.449,-0.48,1.63,-0.48,1.63,INF,-1,0,7,0
480,1,1,-3.597,17.043,-0.34,1.59,-0.34,1.59,INF,-1,0,7,0
500,1,1,-3.474,17.415,-0.32,1.63,-0.32,1.63,INF,-1,0,7,0
520,1,1,-3.123,15.686,-0.29,1.47,-0.29,1.47,INF,-1,0,7,0
540,1,1,19.282,11.395,1.80,1.06,1.80,1.06,INF,-1,0,7,0
560,1,1,15.269,10.271,1.43,0.96,1.43,0.96,INF,-1,0,7,0
580,1,1,17.320,10.096,1.62,0.94,1.62,0.94,INF,-1,0,7,0
600,1,1,16.180,9.664,1.51,0.90,1.51,0.90,INF,-1,0,7,0
620,1,1,16.203,9.287,1.51,0.87,1.51,0.87,INF,-1,0,7,0
640,1,1,17.878,10.006,1.67,0.93,1.67,0.94,INF,-1,0,7,0
660,1,1,16.463,11.072,1.54,1.03,1.54,1.03,INF,-1,0,7,0
680,1,1,17.092,10.614,1.60,0.99,1.60,0.99,INF,-1,0,7,0
700,1,1,16.929,10.214,1.58,0.95,1.58,0.95,INF,-1,0,7,0
720,1,1,16.067,10.809,1.50,1.01,1.50,1.01,INF,-1,1,7,0
740,1,1,17.047,11.205,1.59,1.05,1.59,1.05,INF,-1,1,7,0
760,1,1,16.441,11.725,1.54,1.10,1.54,1.10,INF,-1,1,7,0
780,1,1,17.392,11.540,1.63,1.08,1.62,1.08,INF,-1,1,7,0
800,1,1,17.184,9.379,1.61,0.88,1.61,0.88,INF,-1,1,7,0
820,1,1,19.773,6.249,1.85,0.58,1.85,0.58,INF,-1,1,7,0
840,1,1,20.442,4.561,1.91,0.43,1.91,0.43,INF,-1,1,7,0
860,1,1,19.488,6.126,1.82,0.57,1.82,0.57,INF,-1,0,7,0
880,1,1,20.156,4.961,1.88,0.46,1.88,0.46,INF,-1,0,7,0
900,1,1,20.396,5.027,1.91,0.47,1.91,0.47,INF,-1,0,7,0
920,1,1,20.072,3.922,1.88,0.37,1.88,0.37,INF,-1,0,7,0
940,1,1,22.119,0.214,2.07,0.02,2.07,0.02,INF,-1,0,7,0
960,0,1,0.000,0.000,0.00,0.00,0.00,0.00,0.00,-1,0,7,0
980,0,1,0.000,0.000,0.00,0.00,0.00,0.00,0.00,-1,0,7,0
1000,0,1,0.000,0.000,0.00,0.00,0.00,0.00,0.00,-1,0,7,0
1020,0,1,0.000,0.000,0.00,0.00,0.00,0.00,0.00,-1,0,7,0
1040,0,1,0.000,0.000,0.00,0.00,0.00,0.00,0.00,-1,0,7,0
1060,0,1,0.000,0.000,0.00,0.00,0.00,0.00,0.00,-1,0,7,0
1080,0,1,0.000,0.000,0.00,0.00,0.00,0.00,0.00,-1,0,7,0
1100,0,1,0.000,0.000,0.00,0.00,0.00,0.00,0.00,-1,0,7,0
1120,0,1,0.000,0.000,0.00,0.00,0.00,0.00,0.00,-1,0,7,0
1140,0,1,0.000,0.000,0.00,0.00,0.00,0.00,0.00,-1,0,7,0
1160,0,1,0.000,0.000,0.00,0.00,0.00,0.00,0.00,-1,0,7,0
1180,0,1,0.000,0.000,0.00,0.00,0.00,0.00,0.00,-1,0,7,0
1200,0,1,0.000,0.000,0.00,0.00,0.00,0.00,0.00,-1,0,7,0
1220,0,1,0.000,0.000,0.00,0.00,0.00,0.00,0.00,-1,0,7,0
1240,0,1,0.000,0.000,0.00,0.00,0.00,0.00,0.00,-1,0,7,0
1260,0,1,0.000,0.000,0.00,0.00,0.00,0.00,0.00,-1,0,7,0
1280,0,1,0.000,0.000,0.00,0.00,0.00,0.00,0.00,-1,0,7,0
1300,0,1,0.000,0.000,0.00,0.00,0.00,0.00,0.00,-1,0,7,0
1320,0,1,0.000,0.000,0.00,0.00,0.00,0.00,0.00,-1,0,7,0
1340,0,1,0.000,0.000,0.00,0.00,0.00,0.00,0.00,-1,0,7,0
1360,0,1,0.000,0.000,0.00,0.00,0.00,0.00,0.00,-1,0,7,0
1380,0,1,0.000,0.000,0.00,0.00,0.00,0.00,0.00,-1,0,7,0
1400,0,1,0.000,0.000,0.00,0.00,0.00,0.00,0.00,-1,0,7,0
1420,0,1,0.000,0.000,0.00,0.00,0.00,0.00,0.00,-1,0,7,0
1440,0,1,0.000,0.000,0.00,0.00,0.00,0.00,0.00,-1,0,7,0
1460,0,1,0.000,0.000,0.00,0.00,0.00,0.00,0.00,-1,0,7,0
1480,1,1,18.275,3.745,1.71,0.35,1.71,0.35,INF,-1,0,7,0
1500,1,1,17.959,5.230,1.68,0.49,1.68,0.49,INF,-1,0,7,0
1520,1,1,18.790,2.703,1.76,0.25,1.76,0.25,INF,-1,0,7,0
1540,1,1,17.795,4.378,1.66,0.41,1.66,0.41,INF,-1,0,7,0
1560,1,1,17.510,5.806,1.64,0.54,1.64,0.54,INF,-1,0,7,0
1580,1,1,16.933,5.704,1.58,0.53,1.58,0.53,INF,-1,0,7,0
1600,1,1,19.423,4.748,1.81,0.44,1.81,0.44,INF,-1,0,7,0
1620,1,1,17.360,4.976,1.62,0.46,1.62,0.47,INF,-1,0,7,0
1640,1,1,18.448,5.593,1.72,0.52,1.72,0.52,INF,-1,0,7,0
1660,1,1,17.699,5.554,1.65,0.52,1.65,0.52,INF,-1,0,7,0
1680,1,1,18.054,5.600,1.69,0.52,1.69,0.52,INF,-1,0,7,0
1700,1,1,15.560,8.177,1.45,0.76,1.45,0.76,INF,-1,0,7,0
1720,1,1,0.735,20.813,0.07,1.94,0.07,1.94,INF,-1,0,7,0
1740,1,1,0.939,20.952,0.09,1.96,0.09,1.96,INF,-1,0,7,0
1760,1,1,1.294,20.483,0.12,1.91,0.12,1.91,INF,-1,0,7,0
1780,1,1,1.570,21.224,0.15,1.98,0.15,1.98,INF,-1,0,7,0
1800,1,1,0.378,20.545,0.04,1.92,0.04,1.92,INF,-1,0,7,0
1820,1,1,1.675,18.238,0.16,1.70,0.16,1.70,INF,-1,0,7,0
1840,1,1,-0.251,19.061,-0.02,1.78,-0.02,1.78,INF,-1,0,7,0
1860,1,1,0.402,19.522,0.04,1.82,0.04,1.82,INF,-1,0,7,0
1880,1,1,1.053,19.981,0.10,1.87,0.10,1.87,INF,-1,1,7,0
1900,1,1,2.296,20.465,0.21,1.91,0.21,1.91,INF,-1,1,7,0
1920,1,1,2.428,20.596,0.23,1.92,0.23,1.92,INF,-1,1,7,0
1940,1,1,0.778,20.246,0.07,1.89,0.07,1.89,INF,-1,1,7,0
1960,1,1,1.174,19.832,0.11,1.85,0.11,1.85,INF,-1,1,7,0
1980,1,1,1.137,20.198,0.11,1.89,0.11,1.89,INF,-1,1,7,0
2000,1,1,0.728,21.274,0.07,1.99,0.07,1.99,INF,-1,1,7,0
2020,1,1,0.985,20.010,0.09,1.87,0.09,1.87,INF,-1,1,7,0
2040,1,1,0.634,19.656,0.06,1.84,0.06,1.84,INF,-1,1,7,0
2060,1,1,1.506,20.619,0.14,1.93,0.14,1.93,INF,-1,1,7,0
2080,1,1,1.995,19.446,0.19,1.82,0.19,1.82,INF,-1,1,7,0
2100,1,1,2.168,20.825,0.20,1.95,0.20,1.95,INF,-1,1,7,0
2120,1,1,2.951,18.938,0.28,1.77,0.28,1.77,INF,-1,1,7,0
2140,1,1,20.389,12.178,1.91,1.14,1.90,1.14,INF,-1,1,7,0
2160,1,1,16.182,8.026,1.51,0.75,1.51,0.75,INF,-1,1,7,0
2180,1,1,18.273,8.121,1.71,0.76,1.71,0.76,INF,-1,0,7,0
2200,1,1,17.909,9.424,1.67,0.88,1.67,0.88,INF,-1,0,7,0
2220,1,1,17.896,8.866,1.67,0.83,1.67,0.83,INF,-1,0,7,0
2240,1,1,16.995,8.335,1.59,0.78,1.59,0.78,INF,-1,0,7,0
2260,1,1,17.281,9.302,1.61,0.87,1.61,0.87,INF,-1,0,7,0
2280,1,1,19.101,8.825,1.78,0.82,1.78,0.82,INF,-1,0,7,0
2300,1,1,19.775,7.392,1.85,0.69,1.85,0.69,INF,-1,0,7,0
2320,1,1,16.728,9.753,1.56,0.91,1.56,0.91,INF,-1,0,7,0
2340,1,1,18.612,8.737,1.74,0.82,1.74,0.82,INF,-1,0,7,0
2360,1,1,18.005,9.298,1.68,0.87,1.68,0.87,INF,-1,0,7,0
2380,1,1,18.252,6.923,1.71,0.65,1.71,0.65,INF,-1,0,7,0
2400,1,1,17.522,7.192,1.64,0.67,1.64,0.67,INF,-1,0,7,0
2420,1,1,17.668,7.204,1.65,0.67,1.65,0.67,INF,-1,1,7,0
2440,1,1,19.190,4.955,1.79,0.46,1.79,0.46,INF,-1,1,7,0
2460,0,1,0.000,0.000,0.00,0.00,0.00,0.00,0.00,-1,1,7,0
2480,0,1,0.000,0.000,0.00,0.00,0.00,0.00,0.00,-1,1,7,0
2500,0,1,0.000,0.000,0.00,0.00,0.00,0.00,0.00,-1,1,7,0
2520,0,1,0.000,0.000,0.00,0.00,0.00,0.00,0.00,-1,1,7,0
2540,0,1,0.000,0.000,0.00,0.00,0.00,0.00,0.00,-1,0,7,0
2560,0,1,0.000,0.000,0.00,0.00,0.00,0.00,0.00,-1,0,7,0
2580,0,1,0.000,0.000,0.00,0.00,0.00,0.00,0.00,-1,0,7,0
2600,0,1,0.000,0.000,0.00,0.00,0.00,0.00,0.00,-1,0,7,0
2620,0,1,0.000,0.000,0.00,0.00,0.00,0.00,0.00,-1,0,7,0
2640,0,1,0.000,0.000,0.00,0.00,0.00,0.00,0.00,-1,0,7,0
2660,1,1,19.648,5.244,1.84,0.49,1.84,0.49,INF,-1,0,7,0
2680,1,1,18.553,5.213,1.73,0.49,1.73,0.49,INF,-1,0,7,0
2700,1,1,20.461,5.777,1.91,0.54,1.91,0.54,INF,-1,0,7,0
2720,1,1,19.800,6.909,1.85,0.65,1.85,0.65,INF,-1,0,7,0
2740,1,1,17.112,7.479,1.60,0.70,1.60,0.70,INF,-1,0,7,0
2760,1,1,18.529,6.148,1.73,0.57,1.73,0.57,INF,-1,0,7,0
2780,1,1,18.853,7.403,1.76,0.69,1.76,0.69,INF,-1,0,7,0
2800,1,1,17.835,7.117,1.67,0.66,1.67,0.67,INF,-1,0,7,0
2820,1,1,17.888,7.127,1.67,0.67,1.67,0.67,INF,-1,0,7,0
2840,1,1,16.972,6.954,1.59,0.65,1.59,0.65,INF,-1,0,7,0
2860,1,1,18.959,6.361,1.77,0.59,1.77,0.59,INF,-1,0,7,0
2880,1,1,18.784,6.522,1.76,0.61,1.76,0.61,INF,-1,0,7,0
2900,1,1,14.039,9.807,1.31,0.92,1.31,0.92,INF,-1,0,7,0
2920,1,1,16.424,10.241,1.53,0.96,1.53,0.96,INF,-1,0,7,0
2940,1,1,15.472,9.801,1.45,0.92,1.45,0.92,INF,-1,1,7,0
2960,1,1,14.249,9.486,1.33,0.89,1.33,0.89,INF,-1,1,7,0
2980,1,1,13.813,8.795,1.29,0.82,1.29,0.82,INF,-1,1,7,0
3000,1,1,13.607,7.798,1.27,0.73,1.27,0.73,INF,-1,1,7,0
3020,1,1,14.628,7.079,1.37,0.66,1.37,0.66,INF,-1,1,7,0
3040,1,1,13.591,7.871,1.27,0.74,1.27,0.74,INF,-1,1,7,0
3060,1,1,15.023,6.933,1.40,0.65,1.40,0.65,INF,-1,1,7,0
3080,1,1,13.457,4.736,1.26,0.44,1.26,0.44,INF,-1,1,7,0
3100,1,1,15.476,6.722,1.45,0.63,1.45,0.63,INF,-1,1,7,0
3120,1,1,13.605,5.751,1.27,0.54,1.27,0.54,INF,-1,1,7,0
3140,1,1,14.329,5.813,1.34,0.54,1.34,0.54,INF,-1,1,7,0
3160,1,1,15.081,5.925,1.41,0.55,1.41,0.55,INF,-1,1,7,0
3180,1,1,11.729,5.938,1.10,0.55,1.10,0.56,INF,-1,1,7,0
3200,1,1,11.516,6.469,1.08,0.60,1.08,0.60,INF,-1,1,7,0
3220,1,1,11.048,7.059,1.03,0.66,1.03,0.66,INF,-1,1,7,0
3240,1,1,11.248,7.193,1.05,0.67,1.05,0.67,INF,-1,1,7,0
3260,1,1,13.593,6.643,1.27,0.62,1.27,0.62,INF,-1,1,7,0
3280,1,1,12.868,4.833,1.20,0.45,1.20,0.45,INF,-1,1,7,0
3300,1,1,11.341,5.579,1.06,0.52,1.06,0.52,INF,-1,1,7,0
3320,1,1,11.588,5.348,1.08,0.50,1.08,0.50,INF,-1,1,7,0
3340,1,1,9.379,7.225,0.88,0.68,0.88,0.68,INF,-1,1,7,0
3360,1,1,11.184,5.201,1.05,0.49,1.05,0.49,INF,-1,1,7,0
3380,1,1,9.430,4.209,0.88,0.39,0.88,0.39,INF,-1,1,7,0
3400,1,1,10.086,5.993,0.94,0.56,0.94,0.56,INF,-1,1,7,0
3420,1,1,9.591,6.235,0.90,0.58,0.90,0.58,INF,-1,1,7,0
3440,1,1,10.312,5.028,0.96,0.47,0.96,0.47,INF,-1,1,7,0
3460,1,1,12.180,4.410,1.14,0.41,1.14,0.41,INF,-1,1,7,0
3480,1,1,10.875,5.848,1.02,0.55,1.02,0.55,INF,-1,1,7,0
3500,1,1,10.610,6.072,0.99,0.57,0.99,0.57,INF,-1,1,7,0
3520,1,1,11.147,5.935,1.04,0.55,1.04,0.55,INF,-1,1,7,0
3540,1,1,10.424,5.993,0.97,0.56,0.97,0.56,INF,-1,1,7,0
3560,1,1,2.950,6.708,0.28,0.63,0.28,0.63,INF,-1,1,7,0
3580,1,1,-22.852,19.871,-2.13,1.86,-2.13,1.86,INF,-1,1,7,0
3600,1,1,-21.990,17.777,-2.05,1.66,-2.05,1.66,INF,-1,0,7,0
3620,1,1,-24.678,18.093,-2.31,1.69,-2.30,1.69,INF,-1,0,7,0
3640,1,1,-21.564,15.040,-2.01,1.40,-2.01,1.41,INF,-1,0,7,0
3660,1,1,-24.141,17.824,-2.26,1.66,-2.25,1.67,INF,-1,0,7,0
3680,1,1,-22.513,17.158,-2.10,1.60,-2.10,1.60,INF,-1,0,7,0
3700,1,1,-22.867,15.491,-2.14,1.45,-2.14,1.45,INF,-1,0,7,0
3720,1,1,-24.162,17.312,-2.26,1.62,-2.26,1.62,INF,-1,0,7,0
3740,1,1,-23.784,16.898,-2.22,1.58,-2.22,1.58,INF,-1,0,7,0
3760,1,1,-25.050,16.127,-2.34,1.51,-2.34,1.51,INF,-1,0,7,0
3780,1,1,-25.870,16.489,-2.42,1.54,-2.42,1.54,INF,-1,0,7,0
3800,1,1,-22.642,15.150,-2.12,1.41,-2.11,1.42,INF,-1,0,7,0
3820,1,1,-23.544,15.235,-2.20,1.42,-2.20,1.42,INF,-1,0,7,0
3840,1,1,-24.832,17.886,-2.32,1.67,-2.32,1.67,INF,-1,0,7,0
3860,1,1,-26.751,17.346,-2.50,1.62,-2.50,1.62,INF,-1,1,7,0
3880,1,1,-26.170,14.918,-2.44,1.39,-2.44,1.39,INF,-1,1,7,0
3900,1,1,-24.592,15.803,-2.30,1.48,-2.30,1.48,INF,-1,1,7,0
3920,1,1,-26.483,16.444,-2.47,1.54,-2.47,1.54,INF,-1,1,7,0
3940,1,1,-26.244,16.417,-2.45,1.53,-2.45,1.53,INF,-1,1,7,0
3960,1,1,-10.657,12.370,-1.00,1.16,-1.00,1.16,INF,-1,1,7,0
3980,1,1,9.868,6.050,0.92,0.57,0.92,0.57,INF,-1,1,7,0
4000,1,1,7.573,7.145,0.71,0.67,0.71,0.67,INF,-1,0,7,0
4020,1,1,10.089,6.128,0.94,0.57,0.94,0.57,INF,-1,0,7,0
4040,1,1,9.178,7.666,0.86,0.72,0.86,0.72,INF,-1,0,7,0
4060,1,1,9.221,6.256,0.86,0.58,0.86,0.58,INF,-1,0,7,0
4080,1,1,8.159,6.581,0.76,0.61,0.76,0.62,INF,-1,0,7,0
4100,1,1,8.947,5.295,0.84,0.49,0.84,0.49,INF,-1,0,7,0
4120,1,1,7.823,6.200,0.73,0.58,0.73,0.58,INF,-1,0,7,0
4140,1,1,7.358,5.854,0.69,0.55,0.69,0.55,INF,-1,0,7,0
4160,1,1,7.739,5.459,0.72,0.51,0.72,0.51,INF,-1,0,7,0
4180,1,1,6.425,5.297,0.60,0.50,0.60,0.50,INF,-1,0,7,0
4200,1,1,9.003,3.093,0.84,0.29,0.84,0.29,INF,-1,0,7,0
4220,0,1,0.000,0.000,0.00,0.00,0.00,0.00,0.00,-1,0,7,0
4240,0,1,0.000,0.000,0.00,0.00,0.00,0.00,0.00,-1,0,7,0
4260,1,1,8.500,2.590,0.79,0.24,0.79,0.24,INF,-1,1,7,0
4280,1,1,7.554,9.820,0.71,0.92,0.71,0.92,INF,-1,1,7,0
4300,1,1,7.404,4.523,0.69,0.42,0.69,0.42,INF,-1,1,7,0
4320,1,1,7.504,2.391,0.70,0.22,0.70,0.22,INF,-1,1,7,0
4340,1,1,7.585,5.481,0.71,0.51,0.71,0.51,INF,-1,1,7,0
4360,1,1,7.621,4.887,0.71,0.46,0.71,0.46,INF,-1,1,7,0
4380,1,1,6.376,3.906,0.60,0.37,0.60,0.37,INF,-1,1,7,0
4400,1,1,7.322,4.318,0.68,0.40,0.68,0.40,INF,-1,1,7,0
4420,1,1,6.229,3.392,0.58,0.32,0.58,0.32,INF,-1,1,7,0
4440,1,1,6.396,4.222,0.60,0.39,0.60,0.39,INF,-1,1,7,0
4460,1,1,6.764,4.054,0.63,0.38,0.63,0.38,INF,-1,1,7,0
4480,1,1,6.427,3.475,0.60,0.32,0.60,0.32,INF,-1,1,7,0
4500,1,1,4.878,3.135,0.46,0.29,0.46,0.29,INF,-1,1,7,0
4520,1,1,6.221,3.287,0.58,0.31,0.58,0.31,INF,-1,1,7,0
4540,1,1,6.351,1.134,0.59,0.11,0.59,0.11,INF,-1,1,7,0
4560,1,1,5.459,0.580,0.51,0.05,0.51,0.05,INF,-1,1,7,0
4580,1,1,8.051,-0.312,0.75,-0.03,0.75,-0.03,INF,-1,1,7,0
4600,1,1,6.231,2.858,0.58,0.27,0.58,0.27,INF,-1,1,7,0
4620,1,1,4.746,2.104,0.44,0.20,0.44,0.20,INF,-1,1,7,0
4640,1,1,5.413,0.733,0.51,0.07,0.51,0.07,INF,-1,1,7,0
4660,1,1,5.337,0.479,0.50,0.04,0.50,0.04,INF,-1,1,7,0
4680,1,1,0.770,0.335,0.07,0.03,0.07,0.03,INF,-1,1,7,0
4700,1,1,-19.467,9.606,-1.82,0.90,-1.82,0.90,INF,-1,1,7,0
4720,1,1,-17.362,7.656,-1.62,0.72,-1.62,0.72,INF,-1,1,7,0
4740,1,1,-20.280,7.685,-1.89,0.72,-1.89,0.72,INF,-1,0,7,0
4760,1,1,-18.178,7.313,-1.70,0.68,-1.70,0.68,INF,-1,0,7,0
4780,1,1,-18.633,9.064,-1.74,0.85,-1.74,0.85,INF,-1,0,7,0
4800,1,1,-18.974,8.076,-1.77,0.75,-1.77,0.75,INF,-1,0,7,0
4820,1,1,-19.565,8.863,-1.83,0.83,-1.83,0.83,INF,-1,0,7,0
4840,1,1,-19.350,8.283,-1.81,0.77,-1.81,0.77,INF,-1,0,7,0
4860,1,1,-20.283,7.681,-1.90,0.72,-1.89,0.72,INF,-1,0,7,0
4880,1,1,-18.073,7.574,-1.69,0.71,-1.69,0.71,INF,-1,0,7,0
4900,1,1,-19.553,8.960,-1.83,0.84,-1.83,0.84,INF,-1,0,7,0
4920,1,1,-18.697,8.120,-1.75,0.76,-1.75,0.76,INF,-1,0,7,0
4940,1,1,-17.684,8.320,-1.65,0.78,-1.65,0.78,INF,-1,0,7,0
4960,1,1,-18.715,7.062,-1.75,0.66,-1.75,0.66,INF,-1,0,7,0
4980,1,1,-17.356,7.683,-1.62,0.72,-1.62,0.72,INF,-1,1,7,0
5000,1,1,-19.467,7.075,-1.82,0.66,-1.82,0.66,INF,-1,1,7,0
5020,1,1,-31.855,18.013,-2.97,1.68,-2.97,1.68,INF,-1,1,7,0
5040,1,1,-31.914,19.166,-2.98,1.79,-2.98,1.79,INF,-1,1,7,0
5060,1,1,-30.649,17.150,-2.86,1.60,-2.86,1.60,INF,-1,0,7,0
5080,1,1,-32.180,18.568,-3.01,1.73,-3.00,1.74,INF,-1,0,7,0
5100,1,1,-30.847,19.127,-2.88,1.78,-2.88,1.79,INF,-1,0,7,0
5120,1,1,-33.267,19.724,-3.11,1.84,-3.10,1.84,INF,-1,0,7,0
5140,1,1,-32.863,19.913,-3.07,1.86,-3.07,1.86,INF,-1,0,7,0
5160,1,1,-33.108,17.733,-3.09,1.65,-3.09,1.66,INF,-1,0,7,0
5180,1,1,-34.154,18.333,-3.19,1.71,-3.19,1.71,INF,-1,0,7,0
5200,1,1,-32.735,17.397,-3.06,1.62,-3.06,1.63,INF,-1,0,7,0
5220,1,1,-32.237,17.982,-3.01,1.68,-3.01,1.68,INF,-1,0,7,0
5240,1,1,-33.533,17.788,-3.13,1.66,-3.13,1.66,INF,-1,0,7,0
5260,1,1,-32.053,17.142,-2.99,1.60,-2.99,1.60,INF,-1,0,7,0
5280,1,1,-32.489,19.320,-3.03,1.80,-3.03,1.81,INF,-1,0,7,0
5300,1,1,-33.180,17.668,-3.10,1.65,-3.10,1.65,INF,-1,1,7,0
5320,1,1,-42.392,-5.012,-3.96,-0.47,-3.96,-0.47,INF,-1,1,7,0
5340,1,1,-37.062,-8.617,-3.46,-0.80,-3.46,-0.81,INF,-1,1,7,0
5360,1,1,-38.816,-8.602,-3.62,-0.80,-3.62,-0.80,INF,-1,0,7,0
5380,1,1,-38.065,-7.380,-3.55,-0.69,-3.55,-0.69,INF,-1,0,7,0
5400,1,1,-36.347,-8.631,-3.39,-0.81,-3.39,-0.81,INF,-1,0,7,0
5420,1,1,-38.413,-7.195,-3.59,-0.67,-3.59,-0.67,INF,-1,0,7,0
5440,1,1,-38.782,-6.054,-3.62,-0.56,-3.62,-0.57,INF,-1,0,7,0
5460,1,1,-37.306,-8.282,-3.48,-0.77,-3.48,-0.77,INF,-1,0,7,0
5480,1,1,-38.189,-7.298,-3.56,-0.68,-3.56,-0.68,INF,-1,0,7,0
5500,1,1,-37.958,-6.826,-3.54,-0.64,-3.54,-0.64,INF,-1,0,7,0
5520,1,1,-42.129,-22.343,-3.93,-2.08,-3.93,-2.09,INF,-1,0,7,0
5540,1,1,-40.099,-24.118,-3.74,-2.25,-3.74,-2.25,INF,-1,0,7,0
5560,1,1,-41.311,-24.604,-3.86,-2.29,-3.85,-2.30,INF,-1,0,7,0
5580,1,1,-40.794,-24.169,-3.81,-2.25,-3.80,-2.26,INF,-1,0,7,0
5600,1,1,-40.522,-24.302,-3.78,-2.27,-3.78,-2.27,INF,-1,0,7,0
5620,1,1,-40.690,-25.324,-3.80,-2.36,-3.79,-2.37,INF,-1,0,7,0
5640,1,1,-40.427,-25.305,-3.77,-2.36,-3.77,-2.36,INF,-1,1,7,0
5660,1,1,-41.209,-26.309,-3.85,-2.45,-3.84,-2.46,INF,-1,0,7,0
5680,1,1,-40.984,-27.137,-3.82,-2.53,-3.82,-2.53,INF,-1,0,7,0
5700,1,1,-41.564,-27.230,-3.88,-2.54,-3.88,-2.54,INF,-1,0,7,0
5720,1,1,-36.156,-29.349,-3.38,-2.74,-3.37,-2.74,INF,-1,0,7,0
5740,1,1,-32.287,-30.186,-3.02,-2.82,-3.01,-2.82,INF,-1,0,7,0
5760,1,1,-35.953,-30.025,-3.36,-2.80,-3.35,-2.80,INF,-1,0,7,0
5780,1,1,-36.347,-28.894,-3.39,-2.69,-3.39,-2.70,INF,-1,0,7,0
5800,1,1,-35.008,-29.429,-3.27,-2.74,-3.26,-2.75,INF,-1,0,7,0
5820,1,1,-35.093,-30.302,-3.28,-2.83,-3.27,-2.83,INF,-1,0,7,0
5840,1,1,-36.056,-30.390,-3.37,-2.83,-3.36,-2.84,INF,-1,0,7,0
5860,1,1,-34.225,-30.501,-3.20,-2.84,-3.19,-2.85,INF,-1,0,7,0
5880,1,1,-36.242,-30.832,-3.38,-2.87,-3.38,-2.88,INF,-1,0,7,0
5900,1,1,-34.185,-30.207,-3.19,-2.82,-3.19,-2.82,INF,-1,1,7,0
5920,1,1,-35.511,-29.730,-3.32,-2.77,-3.31,-2.78,INF,-1,1,7,0
5940,1,1,-36.745,-29.421,-3.43,-2.74,-3.43,-2.75,INF,-1,1,7,0
5960,1,1,-34.506,-32.013,-3.22,-2.98,-3.22,-2.99,INF,-1,1,7,0
5980,1,1,-17.528,-33.378,-1.64,-3.12,-1.64,-3.12,INF,-1,1,7,0
6000,1,1,-22.279,-33.357,-2.08,-3.11,-2.08,-3.11,INF,-1,1,7,0
6020,1,1,-19.655,-32.889,-1.84,-3.07,-1.83,-3.07,INF,-1,0,7,0
6040,1,1,-19.890,-32.679,-1.86,-3.05,-1.86,-3.05,INF,-1,0,7,0
6060,1,1,-19.250,-32.548,-1.80,-3.04,-1.80,-3.04,INF,-1,0,7,0
6080,1,1,-19.482,-32.938,-1.82,-3.07,-1.82,-3.08,INF,-1,0,7,0
6100,1,1,-20.687,-32.384,-1.93,-3.02,-1.93,-3.02,INF,-1,0,7,0
6120,1,1,-17.732,-32.836,-1.66,-3.06,-1.65,-3.07,INF,-1,0,7,0
6140,1,1,-20.407,-32.093,-1.91,-3.00,-1.90,-3.00,INF,-1,0,7,0
6160,1,1,-12.712,-37.037,-1.19,-3.46,-1.19,-3.46,INF,-1,0,7,0
6180,1,1,0.362,-38.028,0.03,-3.55,0.03,-3.55,INF,-1,0,7,0
6200,1,1,0.386,-40.388,0.04,-3.77,0.04,-3.77,INF,-1,0,7,0
6220,1,1,-2.040,-38.561,-0.19,-3.60,-0.19,-3.60,INF,-1,0,7,0
6240,1,1,-1.942,-39.104,-0.18,-3.65,-0.18,-3.65,INF,-1,0,7,0
6260,1,1,-0.836,-40.237,-0.08,-3.76,-0.08,-3.76,INF,-1,0,7,0
6280,1,1,1.910,-40.503,0.18,-3.78,0.18,-3.78,INF,-1,0,7,0
6300,1,1,-0.993,-39.212,-0.09,-3.66,-0.09,-3.66,INF,-1,1,7,0
6320,1,1,-1.794,-40.196,-0.17,-3.75,-0.17,-3.75,INF,-1,1,7,0
6340,1,1,-0.986,-40.182,-0.09,-3.75,-0.09,-3.75,INF,-1,1,7,0
6360,1,1,-2.048,-40.514,-0.19,-3.78,-0.19,-3.78,INF,-1,1,7,0
6380,1,1,-0.925,-39.127,-0.09,-3.65,-0.09,-3.65,INF,-1,1,7,0
6400,1,1,-0.255,-38.915,-0.02,-3.63,-0.02,-3.63,INF,-1,1,7,0
6420,1,1,-1.118,-39.391,-0.10,-3.68,-0.10,-3.68,INF,-1,1,7,0
6440,1,1,-1.040,-40.105,-0.10,-3.74,-0.10,-3.74,INF,-1,1,7,0
6460,1,1,-1.075,-40.034,-0.10,-3.74,-0.10,-3.74,INF,-1,1,7,0
6480,1,1,-0.905,-40.405,-0.08,-3.77,-0.08,-3.77,INF,-1,1,7,0
6500,1,1,-0.451,-40.003,-0.04,-3.73,-0.04,-3.73,INF,-1,1,7,0
6520,1,1,-1.428,-40.712,-0.13,-3.80,-0.13,-3.80,INF,-1,1,7,0
6540,1,1,-0.645,-40.144,-0.06,-3.75,-0.06,-3.75,INF,-1,1,7,0
6560,1,1,-3.285,-42.090,-0.31,-3.93,-0.31,-3.93,INF,-1,1,7,0
6580,1,1,-10.715,-35.665,-1.00,-3.33,-1.00,-3.33,INF,-1,1,7,0
6600,1,1,-9.946,-37.308,-0.93,-3.48,-0.93,-3.48,INF,-1,1,7,0
6620,1,1,-9.582,-36.597,-0.90,-3.42,-0.89,-3.42,INF,-1,1,7,0
6640,1,1,-8.808,-36.890,-0.82,-3.44,-0.82,-3.44,INF,-1,1,7,0
6660,1,1,-9.665,-37.903,-0.90,-3.54,-0.90,-3.54,INF,-1,1,7,0
6680,1,1,-9.936,-37.332,-0.93,-3.48,-0.93,-3.49,INF,-1,1,7,0
6700,1,1,-8.672,-38.480,-0.81,-3.59,-0.81,-3.59,INF,-1,1,7,0
6720,1,1,-5.599,-47.537,-0.52,-4.43,-0.52,-4.43,INF,-1,1,7,0
6740,0,1,0.000,0.000,0.00,0.00,0.00,0.00,0.00,-1,1,7,0
6760,0,1,0.000,0.000,0.00,0.00,0.00,0.00,0.00,-1,1,7,0
6780,0,1,0.000,0.000,0.00,0.00,0.00,0.00,0.00,-1,1,7,0
6800,0,1,0.000,0.000,0.00,0.00,0.00,0.00,0.00,-1,0,7,0
6820,0,1,0.000,0.000,0.00,0.00,0.00,0.00,0.00,-1,0,7,0
6840,0,1,0.000,0.000,0.00,0.00,0.00,0.00,0.00,-1,0,7,0
6860,0,1,0.000,0.000,0.00,0.00,0.00,0.00,0.00,-1,0,7,0
6880,0,1,0.000,0.000,0.00,0.00,0.00,0.00,0.00,-1,0,7,0
6900,0,1,0.000,0.000,0.00,0.00,0.00,0.00,0.00,-1,0,7,0
6920,0,1,0.000,0.000,0.00,0.00,0.00,0.00,0.00,-1,0,7,0
6940,0,1,0.000,0.000,0.00,0.00,0.00,0.00,0.00,-1,0,7,0
6960,0,1,0.000,0.000,0.00,0.00,0.00,0.00,0.00,-1,0,7,0
6980,1,1,18.472,-10.268,1.73,-0.96,1.73,-0.96,INF,-1,0,7,0
7000,1,1,19.140,-8.068,1.79,-0.75,1.79,-0.75,INF,-1,0,7,0
7020,1,1,18.514,-7.426,1.73,-0.69,1.73,-0.69,INF,-1,0,7,0
7040,1,1,20.589,-8.625,1.92,-0.81,1.92,-0.81,INF,-1,0,7,0
7060,1,1,20.064,-10.393,1.87,-0.97,1.87,-0.97,INF,-1,0,7,0
7080,1,1,21.275,-10.244,1.99,-0.96,1.99,-0.96,INF,-1,0,7,0
7100,1,1,41.778,-9.363,3.90,-0.87,3.90,-0.88,INF,-1,0,7,0
7120,1,1,38.856,-11.233,3.63,-1.05,3.63,-1.05,INF,-1,0,7,0
7140,1,1,39.781,-12.394,3.71,-1.16,3.71,-1.16,INF,-1,0,7,0
7160,1,1,38.382,-11.065,3.58,-1.03,3.58,-1.03,INF,-1,0,7,0
7180,1,1,39.452,-12.563,3.68,-1.17,3.68,-1.17,INF,-1,0,7,0
7200,1,1,38.287,-12.099,3.57,-1.13,3.57,-1.13,INF,-1,0,7,0
7220,1,1,39.838,-12.056,3.72,-1.12,3.72,-1.13,INF,-1,0,7,0
7240,1,1,38.580,-12.122,3.60,-1.13,3.60,-1.13,INF,-1,0,7,0
7260,1,1,40.821,-12.901,3.81,-1.20,3.81,-1.21,INF,-1,0,7,0
7280,1,1,40.367,-13.262,3.77,-1.24,3.77,-1.24,INF,-1,0,7,0
7300,1,1,39.109,-12.335,3.65,-1.15,3.65,-1.15,INF,-1,0,7,0
7320,1,1,39.671,-11.155,3.70,-1.04,3.70,-1.04,INF,-1,0,7,0
7340,1,1,39.738,-12.528,3.71,-1.17,3.71,-1.17,INF,-1,0,7,0
7360,1,1,36.607,-14.020,3.42,-1.31,3.42,-1.31,INF,-1,0,7,0
7380,1,1,-4.137,-37.969,-0.39,-3.54,-0.39,-3.54,INF,-1,1,7,0
7400,1,1,1.907,-39.442,0.18,-3.68,0.18,-3.68,INF,-1,1,7,0
7420,1,1,0.394,-40.282,0.04,-3.76,0.04,-3.76,INF,-1,0,7,0
7440,1,1,0.986,-39.194,0.09,-3.66,0.09,-3.66,INF,-1,0,7,0
7460,1,1,-1.217,-37.924,-0.11,-3.54,-0.11,-3.54,INF,-1,0,7,0
7480,1,1,0.379,-39.350,0.04,-3.67,0.04,-3.67,INF,-1,0,7,0
7500,1,1,0.373,-39.633,0.03,-3.70,0.03,-3.70,INF,-1,0,7,0
7520,1,1,0.855,-40.529,0.08,-3.78,0.08,-3.78,INF,-1,0,7,0
7540,1,1,0.330,-41.172,0.03,-3.84,0.03,-3.84,INF,-1,0,7,0
7560,1,1,0.343,-40.297,0.03,-3.76,0.03,-3.76,INF,-1,0,7,0
7580,1,1,-0.336,-42.118,-0.03,-3.93,-0.03,-3.93,INF,-1,0,7,0
7600,1,1,0.221,-40.810,0.02,-3.81,0.02,-3.81,INF,-1,0,7,0
7620,1,1,0.713,-40.270,0.07,-3.76,0.07,-3.76,INF,-1,0,7,0
7640,1,1,-0.420,-42.094,-0.04,-3.93,-0.04,-3.93,INF,-1,0,7,0
7660,1,1,-0.657,-41.856,-0.06,-3.91,-0.06,-3.91,INF,-1,1,7,0
7680,1,1,-0.014,-43.067,0.00,-4.02,0.00,-4.02,INF,-1,1,7,0
7700,1,1,-2.274,-40.420,-0.21,-3.77,-0.21,-3.77,INF,-1,1,7,0
7720,1,1,-15.925,-22.657,-1.49,-2.12,-1.49,-2.12,INF,-1,1,7,0
7740,1,1,-14.525,-22.011,-1.36,-2.06,-1.36,-2.06,INF,-1,1,7,0
7760,1,1,-14.991,-24.727,-1.40,-2.31,-1.40,-2.31,INF,-1,0,7,0
7780,1,1,-18.121,-22.333,-1.69,-2.09,-1.69,-2.09,INF,-1,0,7,0
7800,1,1,-16.263,-24.434,-1.52,-2.28,-1.52,-2.28,INF,-1,0,7,0
7820,1,1,-15.525,-23.587,-1.45,-2.20,-1.45,-2.20,INF,-1,0,7,0
7840,1,1,-17.214,-24.001,-1.61,-2.24,-1.61,-2.24,INF,-1,0,7,0
7860,1,1,-17.048,-23.586,-1.59,-2.20,-1.59,-2.20,INF,-1,0,7,0
7880,1,1,-16.925,-24.331,-1.58,-2.27,-1.58,-2.27,INF,-1,0,7,0
7900,1,1,-15.828,-25.346,-1.48,-2.37,-1.48,-2.37,INF,-1,0,7,0
7920,1,1,-15.168,-24.988,-1.42,-2.33,-1.42,-2.33,INF,-1,0,7,0
7940,1,1,-16.897,-25.801,-1.58,-2.41,-1.58,-2.41,INF,-1,0,7,0
7960,1,1,-14.719,-25.599,-1.38,-2.39,-1.37,-2.39,INF,-1,0,7,0
7980,1,1,-16.897,-23.269,-1.58,-2.17,-1.58,-2.17,INF,-1,0,7,0
8000,1,1,-29.387,-13.362,-2.74,-1.25,-2.74,-1.25,INF,-1,1,7,0
8020,1,1,-30.556,-11.173,-2.85,-1.04,-2.85,-1.04,INF,-1,1,7,0
8040,1,1,-31.609,-10.643,-2.95,-0.99,-2.95,-0.99,INF,-1,0,7,0
8060,1,1,-31.245,-12.019,-2.92,-1.12,-2.92,-1.12,INF,-1,0,7,0
8080,1,1,-31.312,-11.131,-2.92,-1.04,-2.92,-1.04,INF,-1,0,7,0
8100,1,1,-30.368,-11.902,-2.84,-1.11,-2.84,-1.11,INF,-1,0,7,0
8120,1,1,-30.283,-11.126,-2.83,-1.04,-2.83,-1.04,INF,-1,0,7,0
8140,1,1,-30.935,-10.833,-2.89,-1.01,-2.89,-1.01,INF,-1,0,7,0
8160,1,1,-29.606,-12.004,-2.77,-1.12,-2.76,-1.12,INF,-1,0,7,0
8180,1,1,-30.463,-11.181,-2.84,-1.04,-2.84,-1.04,INF,-1,0,7,0
8200,1,1,-30.854,-10.702,-2.88,-1.00,-2.88,-1.00,INF,-1,0,7,0
8220,1,1,-31.381,-13.562,-2.93,-1.27,-2.93,-1.27,INF,-1,0,7,0
8240,1,1,-40.604,-32.866,-3.79,-3.06,-3.78,-3.07,INF,-1,0,7,0
8260,1,1,-37.763,-33.680,-3.53,-3.14,-3.52,-3.14,INF,-1,0,7,0
8280,1,1,-38.449,-32.804,-3.59,-3.06,-3.58,-3.06,INF,-1,0,7,0
8300,1,1,-37.123,-34.035,-3.47,-3.17,-3.46,-3.18,INF,-1,0,7,0
8320,1,1,-37.409,-35.039,-3.49,-3.27,-3.49,-3.27,INF,-1,0,7,0
8340,1,1,-37.993,-35.445,-3.55,-3.30,-3.54,-3.31,INF,-1,0,7,0
8360,1,1,-36.864,-34.968,-3.44,-3.26,-3.44,-3.26,INF,-1,0,7,0
8380,1,1,-38.077,-35.356,-3.55,-3.29,-3.55,-3.30,INF,-1,0,7,0
8400,1,1,-37.084,-37.122,-3.46,-3.46,-3.46,-3.47,INF,-1,1,7,0
8420,1,1,-38.150,-35.045,-3.56,-3.27,-3.56,-3.27,INF,-1,0,7,0
8440,1,1,-38.267,-35.354,-3.57,-3.29,-3.57,-3.30,INF,-1,0,7,0
8460,1,1,-39.389,-33.936,-3.68,-3.16,-3.67,-3.17,INF,-1,0,7,0
8480,1,1,-37.500,-34.286,-3.50,-3.20,-3.50,-3.20,INF,-1,0,7,0
8500,1,1,-37.939,-35.582,-3.54,-3.32,-3.54,-3.32,INF,-1,0,7,0
8520,1,1,-36.910,-35.910,-3.45,-3.35,-3.44,-3.35,INF,-1,0,7,0
8540,1,1,-48.387,-37.700,-4.51,-3.51,-4.50,-3.52,INF,-1,0,7,0
8560,1,1,-54.594,-36.610,-5.09,-3.40,-5.08,-3.42,INF,-1,0,7,0
8580,1,1,-53.845,-36.003,-5.02,-3.35,-5.01,-3.36,INF,-1,0,7,0
8600,1,1,-55.071,-36.509,-5.13,-3.39,-5.12,-3.41,INF,-1,0,7,0
8620,1,1,-54.214,-37.424,-5.05,-3.48,-5.04,-3.49,INF,-1,0,7,0
8640,1,1,-55.451,-36.291,-5.17,-3.37,-5.16,-3.39,INF,-1,0,7,0
8660,1,1,-54.740,-37.516,-5.10,-3.49,-5.09,-3.50,INF,-1,1,7,0
8680,1,1,-54.779,-38.162,-5.11,-3.55,-5.10,-3.56,INF,-1,1,7,0
8700,1,1,-53.762,-38.468,-5.01,-3.58,-5.00,-3.59,INF,-1,1,7,0
8720,1,1,-54.806,-37.548,-5.11,-3.49,-5.10,-3.51,INF,-1,1,7,0
8740,1,1,-54.055,-37.862,-5.04,-3.52,-5.03,-3.53,INF,-1,1,7,0
8760,1,1,-59.531,-31.118,-5.55,-2.89,-5.54,-2.91,INF,-1,1,7,0
8780,1,1,-64.471,-13.491,-6.00,-1.25,-6.00,-1.26,INF,-1,1,7,0
8800,1,1,-61.847,-15.897,-5.76,-1.48,-5.76,-1.49,INF,-1,0,7,0
8820,1,1,-62.886,-15.408,-5.86,-1.43,-5.86,-1.44,INF,-1,0,7,0
8840,1,1,-62.108,-15.171,-5.79,-1.41,-5.78,-1.42,INF,-1,0,7,0
8860,1,1,-50.565,5.755,-4.72,0.54,-4.72,0.54,INF,-1,0,7,0
8880,1,1,-41.783,24.609,-3.90,2.29,-3.90,2.30,INF,-1,0,7,0
8900,1,1,-40.832,21.704,-3.81,2.02,-3.81,2.03,INF,-1,0,7,0
8920,1,1,-40.875,22.754,-3.81,2.12,-3.81,2.13,INF,-1,0,7,0
8940,1,1,-41.591,22.324,-3.88,2.08,-3.88,2.09,INF,-1,0,7,0
8960,1,1,-42.323,22.915,-3.95,2.14,-3.95,2.14,INF,-1,0,7,0
8980,1,1,-41.261,22.533,-3.85,2.10,-3.85,2.11,INF,-1,0,7,0
9000,1,1,-38.567,20.990,-3.60,1.96,-3.60,1.96,INF,-1,0,7,0
9020,1,1,-40.102,22.028,-3.74,2.05,-3.74,2.06,INF,-1,0,7,0
9040,1,1,-39.521,22.366,-3.69,2.09,-3.69,2.09,INF,-1,0,7,0
9060,1,1,-31.012,20.192,-2.90,1.88,-2.89,1.89,INF,-1,0,7,0
9080,1,1,30.855,22.408,2.88,2.09,2.88,2.09,INF,-1,0,7,0
9100,1,1,57.113,24.036,5.32,2.24,5.32,2.25,INF,-1,0,7,0
9120,1,1,56.160,23.985,5.23,2.23,5.23,2.24,INF,-1,0,7,0
9140,1,1,57.508,24.443,5.36,2.27,5.36,2.28,INF,-1,0,7,0
9160,1,1,57.844,23.931,5.39,2.23,5.39,2.24,INF,-1,0,7,0
9180,1,1,57.244,24.164,5.33,2.25,5.33,2.26,INF,-1,0,7,0
9200,1,1,57.717,24.050,5.38,2.24,5.37,2.25,INF,-1,0,7,0
9220,1,1,57.340,23.836,5.34,2.22,5.34,2.23,INF,-1,0,7,0
9240,1,1,57.144,24.247,5.33,2.26,5.32,2.27,INF,-1,0,7,0
9260,1,1,56.071,25.033,5.23,2.33,5.22,2.34,INF,-1,0,7,0
9280,1,1,55.603,24.629,5.18,2.29,5.18,2.30,INF,-1,0,7,0
9300,1,1,57.100,24.583,5.32,2.29,5.32,2.30,INF,-1,0,7,0
9320,1,1,57.277,23.910,5.34,2.22,5.33,2.23,INF,-1,0,7,0
9340,1,1,55.610,23.167,5.18,2.16,5.18,2.16,INF,-1,1,7,0
9360,1,1,36.009,33.637,3.36,3.14,3.36,3.14,INF,-1,1,7,0
9380,1,1,36.700,32.968,3.43,3.07,3.42,3.08,INF,-1,1,7,0
9400,1,1,35.825,33.186,3.34,3.09,3.34,3.10,INF,-1,0,7,0
9420,1,1,35.123,33.340,3.28,3.11,3.27,3.11,INF,-1,0,7,0
9440,1,1,34.918,32.535,3.26,3.03,3.26,3.04,INF,-1,0,7,0
9460,1,1,35.304,32.774,3.30,3.06,3.29,3.06,INF,-1,0,7,0
9480,1,1,33.563,32.216,3.13,3.00,3.13,3.01,INF,-1,0,7,0
9500,1,1,35.923,32.511,3.35,3.03,3.35,3.04,INF,-1,0,7,0
9520,1,1,35.344,31.058,3.30,2.90,3.30,2.90,INF,-1,0,7,0
9540,1,1,35.596,31.502,3.32,2.94,3.32,2.94,INF,-1,0,7,0
9560,1,1,34.953,31.516,3.26,2.94,3.26,2.94,INF,-1,0,7,0
9580,1,1,34.024,33.038,3.18,3.08,3.17,3.08,INF,-1,0,7,0
9600,1,1,35.277,33.127,3.29,3.09,3.29,3.09,INF,-1,0,7,0
9620,1,1,34.938,32.415,3.26,3.02,3.26,3.03,INF,-1,0,7,0
9640,1,1,34.607,30.971,3.23,2.89,3.23,2.89,INF,-1,1,7,0
9660,1,1,-4.703,11.237,-0.44,1.05,-0.44,1.05,INF,-1,1,7,0
9680,1,1,5.618,11.308,0.53,1.06,0.53,1.06,INF,-1,1,7,0
9700,1,1,3.233,12.056,0.30,1.13,0.30,1.13,INF,-1,0,7,0
9720,1,1,3.263,10.155,0.30,0.95,0.30,0.95,INF,-1,0,7,0
9740,1,1,3.474,11.905,0.32,1.11,0.32,1.11,INF,-1,0,7,0
9760,1,1,4.067,10.267,0.38,0.96,0.38,0.96,INF,-1,0,7,0
9780,1,1,4.381,9.830,0.41,0.92,0.41,0.92,INF,-1,0,7,0
9800,1,1,3.705,10.228,0.35,0.96,0.35,0.96,INF,-1,0,7,0
9820,1,1,5.444,8.489,0.51,0.79,0.51,0.79,INF,-1,0,7,0
9840,1,1,5.816,8.601,0.54,0.80,0.54,0.80,INF,-1,0,7,0
9860,1,1,11.672,3.389,1.09,0.32,1.09,0.32,INF,-1,0,7,0
9880,1,1,10.403,3.845,0.97,0.36,0.97,0.36,INF,-1,0,7,0
9900,1,1,10.680,3.409,1.00,0.32,1.00,0.32,INF,-1,0,7,0
9920,1,1,11.945,2.916,1.12,0.27,1.12,0.27,INF,-1,0,7,0
9940,1,1,10.280,3.162,0.96,0.30,0.96,0.30,INF,-1,0,7,0
9960,1,1,11.244,2.224,1.05,0.21,1.05,0.21,INF,-1,1,7,0
9980,1,1,11.718,2.225,1.10,0.21,1.10,0.21,INF,-1,1,7,0
10000,1,1,12.661,1.630,1.18,0.15,1.18,0.15,INF,-1,1,7,0
10020,1,1,10.692,2.031,1.00,0.19,1.00,0.19,INF,-1,1,7,0
10040,1,1,11.015,1.956,1.03,0.18,1.03,0.18,INF,-1,1,7,0
10060,1,1,11.058,2.101,1.03,0.20,1.03,0.20,INF,-1,1,7,0
10080,1,1,12.079,1.099,1.13,0.10,1.13,0.10,INF,-1,1,7,0
10100,1,1,11.397,1.711,1.07,0.16,1.07,0.16,INF,-1,1,7,0
10120,1,1,10.822,1.853,1.01,0.17,1.01,0.17,INF,-1,1,7,0
10140,1,1,12.051,1.865,1.13,0.17,1.13,0.17,INF,-1,1,7,0
10160,1,1,13.101,1.189,1.22,0.11,1.22,0.11,INF,-1,1,7,0
10180,1,1,11.438,0.391,1.07,0.04,1.07,0.04,INF,-1,1,7,0
10200,1,1,11.991,2.668,1.12,0.25,1.12,0.25,INF,-1,1,7,0
10220,1,1,12.514,6.362,1.17,0.59,1.17,0.59,INF,-1,1,7,0
10240,1,1,11.273,5.120,1.05,0.48,1.05,0.48,INF,-1,1,7,0
10260,1,1,10.778,6.415,1.01,0.60,1.01,0.60,INF,-1,1,7,0
10280,1,1,11.478,7.045,1.07,0.66,1.07,0.66,INF,-1,1,7,0
10300,1,1,10.786,6.751,1.01,0.63,1.01,0.63,INF,-1,1,7,0
10320,1,1,12.149,6.896,1.14,0.64,1.14,0.64,INF,-1,1,7,0
10340,1,1,12.198,6.140,1.14,0.57,1.14,0.57,INF,-1,1,7,0
10360,1,1,13.070,6.008,1.22,0.56,1.22,0.56,INF,-1,1,7,0
10380,1,1,12.186,6.876,1.14,0.64,1.14,0.64,INF,-1,1,7,0
10400,1,1,12.606,6.508,1.18,0.61,1.18,0.61,INF,-1,1,7,0
10420,1,1,12.811,7.190,1.20,0.67,1.20,0.67,INF,-1,1,7,0
10440,1,1,11.474,6.765,1.07,0.63,1.07,0.63,INF,-1,1,7,0
10460,1,1,12.276,6.210,1.15,0.58,1.15,0.58,INF,-1,1,7,0
10480,1,1,14.001,2.956,1.31,0.28,1.31,0.28,INF,-1,1,7,0
10500,0,1,0.000,0.000,0.00,0.00,0.00,0.00,0.00,-1,1,7,0
10520,0,1,0.000,0.000,0.00,0.00,0.00,0.00,0.00,-1,1,7,0
10540,0,1,0.000,0.000,0.00,0.00,0.00,0.00,0.00,-1,1,7,0
10560,0,1,0.000,0.000,0.00,0.00,0.00,0.00,0.00,-1,1,7,0
10580,0,1,0.000,0.000,0.00,0.00,0.00,0.00,0.00,-1,0,7,0
10600,0,1,0.000,0.000,0.00,0.00,0.00,0.00,0.00,-1,0,7,0
10620,0,1,0.000,0.000,0.00,0.00,0.00,0.00,0.00,-1,0,7,0
10640,0,1,0.000,0.000,0.00,0.00,0.00,0.00,0.00,-1,0,7,0
10660,0,1,0.000,0.000,0.00,0.00,0.00,0.00,0.00,-1,0,7,0
10680,0,1,0.000,0.000,0.00,0.00,0.00,0.00,0.00,-1,0,7,0
10700,1,1,12.996,9.018,1.21,0.84,1.21,0.84,INF,-1,0,7,0
10720,1,1,11.844,9.818,1.11,0.92,1.11,0.92,INF,-1,0,7,0
10740,1,1,13.396,9.145,1.25,0.85,1.25,0.85,INF,-1,0,7,0
10760,1,1,13.158,9.937,1.23,0.93,1.23,0.93,INF,-1,0,7,0
10780,1,1,12.345,9.484,1.15,0.89,1.15,0.89,INF,-1,0,7,0
10800,1,1,13.513,10.617,1.26,0.99,1.26,0.99,INF,-1,0,7,0
10820,1,1,13.641,9.501,1.27,0.89,1.27,0.89,INF,-1,0,7,0
10840,1,1,2.901,8.271,0.27,0.77,0.27,0.77,INF,-1,0,7,0
10860,1,1,-5.917,11.144,-0.55,1.04,-0.55,1.04,INF,-1,0,7,0
10880,1,1,-3.117,11.729,-0.29,1.10,-0.29,1.10,INF,-1,0,7,0
10900,1,1,-5.547,10.600,-0.52,0.99,-0.52,0.99,INF,-1,0,7,0
10920,1,1,-5.800,10.534,-0.54,0.98,-0.54,0.98,INF,-1,0,7,0
10940,1,1,-5.754,11.183,-0.54,1.05,-0.54,1.05,INF,-1,0,7,0
10960,1,1,-3.512,9.855,-0.33,0.92,-0.33,0.92,INF,-1,0,7,0
10980,1,1,-6.367,11.093,-0.60,1.04,-0.59,1.04,INF,-1,1,7,0
11000,1,1,-5.824,11.039,-0.54,1.03,-0.54,1.03,INF,-1,1,7,0
11020,1,1,-4.360,10.256,-0.41,0.96,-0.41,0.96,INF,-1,1,7,0
11040,1,1,-5.144,12.388,-0.48,1.16,-0.48,1.16,INF,-1,1,7,0
11060,1,1,-6.049,12.231,-0.57,1.14,-0.57,1.14,INF,-1,1,7,0
11080,1,1,-7.410,11.402,-0.69,1.07,-0.69,1.07,INF,-1,1,7,0
11100,1,1,-26.368,18.327,-2.46,1.71,-2.46,1.71,INF,-1,1,7,0
11120,1,1,-27.797,22.511,-2.60,2.10,-2.59,2.10,INF,-1,0,7,0
11140,1,1,-26.721,20.947,-2.50,1.96,-2.49,1.96,INF,-1,0,7,0
11160,1,1,-25.572,21.491,-2.39,2.01,-2.39,2.01,INF,-1,0,7,0
11180,1,1,-28.453,20.946,-2.66,1.95,-2.66,1.96,INF,-1,0,7,0
11200,1,1,-26.730,20.541,-2.50,1.92,-2.50,1.92,INF,-1,0,7,0
11220,1,1,-27.336,20.130,-2.55,1.88,-2.55,1.88,INF,-1,0,7,0
11240,1,1,-27.798,19.560,-2.60,1.83,-2.60,1.83,INF,-1,0,7,0
11260,1,1,-28.442,21.140,-2.66,1.97,-2.65,1.98,INF,-1,0,7,0
11280,1,1,-26.667,19.242,-2.49,1.80,-2.49,1.80,INF,-1,0,7,0
11300,1,1,-27.716,19.950,-2.59,1.86,-2.59,1.86,INF,-1,0,7,0
11320,1,1,-27.218,19.875,-2.54,1.86,-2.54,1.86,INF,-1,0,7,0
11340,1,1,-29.104,19.544,-2.72,1.82,-2.72,1.83,INF,-1,0,7,0
11360,1,1,-28.709,20.251,-2.68,1.89,-2.68,1.89,INF,-1,0,7,0
11380,1,1,-28.842,19.745,-2.69,1.84,-2.69,1.84,INF,-1,1,7,0
11400,1,1,-27.616,19.526,-2.58,1.82,-2.58,1.82,INF,-1,1,7,0
11420,1,1,-37.974,19.777,-3.54,1.84,-3.54,1.85,INF,-1,1,7,0
11440,1,1,-36.376,20.693,-3.40,1.93,-3.39,1.93,INF,-1,1,7,0
11460,1,1,-37.424,20.100,-3.49,1.87,-3.49,1.88,INF,-1,1,7,0
11480,1,1,-36.297,18.503,-3.39,1.73,-3.39,1.73,INF,-1,1,7,0
11500,1,1,-34.860,18.069,-3.25,1.69,-3.25,1.69,INF,-1,1,7,0
11520,1,1,-35.352,16.581,-3.30,1.55,-3.30,1.55,INF,-1,1,7,0
11540,1,1,-35.419,17.835,-3.31,1.66,-3.31,1.67,INF,-1,1,7,0
11560,1,1,-36.330,17.175,-3.39,1.60,-3.39,1.60,INF,-1,1,7,0
11580,1,1,-36.169,16.398,-3.38,1.53,-3.38,1.53,INF,-1,1,7,0
11600,1,1,-34.534,16.035,-3.22,1.50,-3.22,1.50,INF,-1,1,7,0
11620,1,1,-34.661,16.941,-3.24,1.58,-3.23,1.58,INF,-1,1,7,0
11640,1,1,-34.607,15.718,-3.23,1.47,-3.23,1.47,INF,-1,1,7,0
11660,1,1,-34.176,16.941,-3.19,1.58,-3.19,1.58,INF,-1,1,7,0
11680,1,1,-32.714,15.838,-3.05,1.48,-3.05,1.48,INF,-1,1,7,0
11700,1,1,-33.384,15.126,-3.12,1.41,-3.12,1.41,INF,-1,1,7,0
11720,1,1,-33.619,14.703,-3.14,1.37,-3.14,1.37,INF,-1,1,7,0
11740,1,1,-35.756,8.096,-3.34,0.76,-3.34,0.76,INF,-1,1,7,0
11760,1,1,-36.505,1.243,-3.41,0.12,-3.41,0.12,INF,-1,1,7,0
11780,1,1,-34.675,-0.185,-3.24,-0.02,-3.24,-0.02,INF,-1,0,7,0
11800,1,1,-35.284,0.275,-3.29,0.03,-3.29,0.03,INF,-1,0,7,0
11820,1,1,-34.422,-1.043,-3.21,-0.10,-3.21,-0.10,INF,-1,0,7,0
11840,1,1,-33.676,-0.496,-3.14,-0.05,-3.14,-0.05,INF,-1,0,7,0
11860,1,1,-34.572,-0.455,-3.23,-0.04,-3.23,-0.04,INF,-1,0,7,0
11880,1,1,-34.620,0.184,-3.23,0.02,-3.23,0.02,INF,-1,0,7,0
11900,1,1,-34.245,-0.228,-3.20,-0.02,-3.20,-0.02,INF,-1,0,7,0
11920,1,1,-34.509,-0.712,-3.22,-0.07,-3.22,-0.07,INF,-1,0,7,0
11940,1,1,-32.951,0.700,-3.08,0.07,-3.08,0.07,INF,-1,0,7,0
11960,1,1,-33.344,0.322,-3.11,0.03,-3.11,0.03,INF,-1,0,7,0
11980,1,1,-26.403,11.364,-2.47,1.06,-2.47,1.06,INF,-1,0,7,0
12000,1,1,-24.324,19.059,-2.27,1.78,-2.27,1.78,INF,-1,0,7,0
12020,1,1,-24.019,16.624,-2.24,1.55,-2.24,1.55,INF,-1,1,7,0
12040,1,1,-25.146,17.506,-2.35,1.63,-2.35,1.64,INF,-1,0,7,0
12060,1,1,-23.158,17.179,-2.16,1.60,-2.16,1.61,INF,-1,0,7,0
12080,1,1,-25.583,16.131,-2.39,1.51,-2.39,1.51,INF,-1,0,7,0
12100,1,1,-24.985,17.179,-2.33,1.60,-2.33,1.61,INF,-1,0,7,0
12120,1,1,-24.673,16.533,-2.30,1.54,-2.30,1.54,INF,-1,0,7,0
12140,1,1,-24.331,16.093,-2.27,1.50,-2.27,1.50,INF,-1,0,7,0
12160,1,1,-24.480,16.756,-2.29,1.56,-2.29,1.57,INF,-1,0,7,0
12180,1,1,-26.273,17.758,-2.45,1.66,-2.45,1.66,INF,-1,0,7,0
12200,1,1,-24.226,15.659,-2.26,1.46,-2.26,1.46,INF,-1,0,7,0
12220,1,1,-23.844,16.218,-2.23,1.51,-2.23,1.52,INF,-1,0,7,0
12240,1,1,-23.198,17.011,-2.17,1.59,-2.17,1.59,INF,-1,0,7,0
12260,1,1,-23.884,15.814,-2.23,1.48,-2.23,1.48,INF,-1,0,7,0
12280,1,1,-24.027,17.760,-2.24,1.66,-2.24,1.66,INF,-1,1,7,0
12300,1,1,-24.397,16.965,-2.28,1.58,-2.28,1.59,INF,-1,1,7,0
12320,1,1,-24.729,16.084,-2.31,1.50,-2.31,1.50,INF,-1,1,7,0
12340,1,1,-23.574,14.508,-2.20,1.35,-2.20,1.36,INF,-1,1,7,0
12360,1,1,-25.023,17.032,-2.34,1.59,-2.34,1.59,INF,-1,1,7,0
12380,1,1,-24.020,18.388,-2.24,1.72,-2.24,1.72,INF,-1,1,7,0
12400,1,1,-25.093,14.325,-2.34,1.34,-2.34,1.34,INF,-1,1,7,0
12420,1,1,-22.391,8.675,-2.09,0.81,-2.09,0.81,INF,-1,1,7,0
12440,1,1,-25.071,4.051,-2.34,0.38,-2.34,0.38,INF,-1,1,7,0
12460,1,1,-24.098,3.537,-2.25,0.33,-2.25,0.33,INF,-1,1,7,0
12480,1,1,-23.026,1.867,-2.15,0.17,-2.15,0.17,INF,-1,0,7,0
12500,1,1,-23.809,2.555,-2.22,0.24,-2.22,0.24,INF,-1,0,7,0
12520,1,1,-23.829,3.321,-2.23,0.31,-2.23,0.31,INF,-1,0,7,0
12540,1,1,-22.963,2.447,-2.15,0.23,-2.15,0.23,INF,-1,0,7,0
12560,1,1,-22.606,3.192,-2.11,0.30,-2.11,0.30,INF,-1,0,7,0
12580,1,1,-24.218,3.416,-2.26,0.32,-2.26,0.32,INF,-1,0,7,0
12600,1,1,-24.362,4.144,-2.28,0.39,-2.28,0.39,INF,-1,0,7,0
12620,1,1,-22.776,1.726,-2.13,0.16,-2.13,0.16,INF,-1,0,7,0
12640,1,1,-27.842,2.072,-2.60,0.19,-2.60,0.19,INF,-1,0,7,0
12660,1,1,-33.094,3.277,-3.09,0.31,-3.09,0.31,INF,-1,0,7,0
12680,1,1,-33.308,3.647,-3.11,0.34,-3.11,0.34,INF,-1,0,7,0
12700,1,1,-33.268,1.672,-3.11,0.16,-3.11,0.16,INF,-1,0,7,0
12720,1,1,-32.679,1.570,-3.05,0.15,-3.05,0.15,INF,-1,1,7,0
12740,1,1,-34.421,2.644,-3.21,0.25,-3.21,0.25,INF,-1,1,7,0
12760,1,1,-34.351,2.039,-3.21,0.19,-3.21,0.19,INF,-1,1,7,0
12780,1,1,-33.452,2.312,-3.12,0.22,-3.12,0.22,INF,-1,1,7,0
12800,1,1,-32.650,1.873,-3.05,0.17,-3.05,0.18,INF,-1,1,7,0
12820,1,1,-33.425,1.476,-3.12,0.14,-3.12,0.14,INF,-1,1,7,0
12840,1,1,-32.501,1.850,-3.03,0.17,-3.03,0.17,INF,-1,1,7,0
12860,1,1,-31.714,1.075,-2.96,0.10,-2.96,0.10,INF,-1,1,7,0
12880,1,1,-33.246,2.050,-3.10,0.19,-3.10,0.19,INF,-1,1,7,0
12900,1,1,-33.396,3.469,-3.12,0.32,-3.12,0.32,INF,-1,1,7,0
12920,1,1,-33.248,1.126,-3.10,0.11,-3.10,0.11,INF,-1,1,7,0
12940,1,1,-33.115,1.230,-3.09,0.11,-3.09,0.11,INF,-1,1,7,0
12960,1,1,-33.259,1.979,-3.11,0.18,-3.11,0.18,INF,-1,1,7,0
12980,1,1,-32.021,1.103,-2.99,0.10,-2.99,0.10,INF,-1,1,7,0
13000,1,1,-29.674,-1.125,-2.77,-0.11,-2.77,-0.11,INF,-1,1,7,0
13020,1,1,-27.807,-5.898,-2.60,-0.55,-2.60,-0.55,INF,-1,1,7,0
13040,1,1,-27.189,-5.472,-2.54,-0.51,-2.54,-0.51,INF,-1,1,7,0
13060,1,1,-26.340,-5.237,-2.46,-0.49,-2.46,-0.49,INF,-1,1,7,0
13080,1,1,-26.203,-5.378,-2.45,-0.50,-2.45,-0.50,INF,-1,1,7,0
13100,1,1,-27.170,-7.037,-2.54,-0.66,-2.54,-0.66,INF,-1,1,7,0
13120,1,1,-26.533,-4.735,-2.48,-0.44,-2.48,-0.44,INF,-1,1,7,0
13140,1,1,-26.987,-6.888,-2.52,-0.64,-2.52,-0.64,INF,-1,1,7,0
13160,1,1,-25.209,-6.297,-2.35,-0.59,-2.35,-0.59,INF,-1,1,7,0
13180,1,1,-25.927,-6.573,-2.42,-0.61,-2.42,-0.61,INF,-1,1,7,0
13200,1,1,-26.998,-6.208,-2.52,-0.58,-2.52,-0.58,INF,-1,1,7,0
13220,1,1,-24.810,-6.386,-2.32,-0.60,-2.32,-0.60,INF,-1,1,7,0
13240,1,1,-26.117,-6.476,-2.44,-0.60,-2.44,-0.61,INF,-1,1,7,0
13260,1,1,-26.507,-6.083,-2.48,-0.57,-2.48,-0.57,INF,-1,1,7,0
13280,1,1,-25.788,-6.208,-2.41,-0.58,-2.41,-0.58,INF,-1,1,7,0
13300,1,1,-1.780,5.874,-0.17,0.55,-0.17,0.55,INF,-1,1,7,0
13320,1,1,0.852,8.920,0.08,0.83,0.08,0.83,INF,-1,1,7,0
13340,1,1,0.115,7.665,0.01,0.72,0.01,0.72,INF,-1,0,7,0
13360,1,1,-0.098,8.372,-0.01,0.78,-0.01,0.78,INF,-1,0,7,0
13380,1,1,1.587,7.104,0.15,0.66,0.15,0.66,INF,-1,0,7,0
13400,1,1,1.563,7.460,0.15,0.70,0.15,0.70,INF,-1,0,7,0
13420,1,1,2.294,7.053,0.21,0.66,0.21,0.66,INF,-1,0,7,0
13440,1,1,2.820,7.525,0.26,0.70,0.26,0.70,INF,-1,0,7,0
13460,1,1,1.123,8.375,0.10,0.78,0.10,0.78,INF,-1,0,7,0
13480,1,1,1.788,8.193,0.17,0.77,0.17,0.77,INF,-1,0,7,0
13500,1,1,10.335,3.649,0.97,0.34,0.97,0.34,INF,-1,0,7,0
13520,1,1,11.671,1.039,1.09,0.10,1.09,0.10,INF,-1,0,7,0
13540,1,1,10.605,1.821,0.99,0.17,0.99,0.17,INF,-1,0,7,0
13560,1,1,9.828,2.292,0.92,0.21,0.92,0.21,INF,-1,0,7,0
13580,1,1,9.660,2.074,0.90,0.19,0.90,0.19,INF,-1,1,7,0
13600,1,1,11.478,1.844,1.07,0.17,1.07,0.17,INF,-1,1,7,0
13620,1,1,10.799,1.739,1.01,0.16,1.01,0.16,INF,-1,1,7,0
13640,1,1,10.718,1.178,1.00,0.11,1.00,0.11,INF,-1,1,7,0
13660,1,1,10.630,0.585,0.99,0.05,0.99,0.05,INF,-1,1,7,0
13680,1,1,11.236,1.261,1.05,0.12,1.05,0.12,INF,-1,1,7,0
13700,1,1,10.658,1.421,1.00,0.13,1.00,0.13,INF,-1,1,7,0
13720,1,1,11.178,0.230,1.04,0.02,1.04,0.02,INF,-1,1,7,0
13740,1,1,13.685,0.399,1.28,0.04,1.28,0.04,INF,-1,1,7,0
13760,1,1,18.982,4.919,1.77,0.46,1.77,0.46,INF,-1,1,7,0
13780,1,1,19.780,2.368,1.85,0.22,1.85,0.22,INF,-1,0,7,0
13800,1,1,18.879,4.238,1.76,0.40,1.76,0.40,INF,-1,0,7,0
13820,1,1,18.188,4.054,1.70,0.38,1.70,0.38,INF,-1,0,7,0
13840,1,1,19.525,2.545,1.82,0.24,1.82,0.24,INF,-1,0,7,0
13860,1,1,19.200,3.149,1.79,0.29,1.79,0.29,INF,-1,0,7,0
13880,1,1,19.527,3.205,1.82,0.30,1.82,0.30,INF,-1,0,7,0
13900,1,1,18.056,4.012,1.69,0.37,1.69,0.38,INF,-1,0,7,0
13920,1,1,20.721,2.470,1.94,0.23,1.94,0.23,INF,-1,0,7,0
13940,1,1,18.705,4.320,1.75,0.40,1.75,0.40,INF,-1,0,7,0
13960,1,1,19.439,3.009,1.82,0.28,1.82,0.28,INF,-1,0,7,0
13980,1,1,17.377,2.433,1.62,0.23,1.62,0.23,INF,-1,0,7,0
14000,1,1,10.273,2.867,0.96,0.27,0.96,0.27,INF,-1,0,7,0
14020,1,1,10.790,3.371,1.01,0.32,1.01,0.32,INF,-1,1,7,0
14040,1,1,10.948,2.735,1.02,0.26,1.02,0.26,INF,-1,1,7,0
14060,1,1,12.871,2.066,1.20,0.19,1.20,0.19,INF,-1,1,7,0
14080,1,1,11.107,2.702,1.04,0.25,1.04,0.25,INF,-1,1,7,0
14100,1,1,10.874,3.167,1.02,0.30,1.02,0.30,INF,-1,1,7,0
14120,1,1,10.013,3.910,0.94,0.37,0.94,0.37,INF,-1,1,7,0
14140,1,1,10.478,5.097,0.98,0.48,0.98,0.48,INF,-1,1,7,0
14160,1,1,10.007,5.236,0.94,0.49,0.94,0.49,INF,-1,1,7,0
14180,1,1,10.681,4.423,1.00,0.41,1.00,0.41,INF,-1,1,7,0
14200,1,1,10.367,3.842,0.97,0.36,0.97,0.36,INF,-1,1,7,0
14220,1,1,11.211,3.730,1.05,0.35,1.05,0.35,INF,-1,1,7,0
14240,1,1,8.952,3.068,0.84,0.29,0.84,0.29,INF,-1,1,7,0
14260,1,1,11.068,4.026,1.03,0.38,1.03,0.38,INF,-1,1,7,0
14280,1,1,11.290,3.714,1.06,0.35,1.06,0.35,INF,-1,1,7,0
14300,1,1,10.570,-5.127,0.99,-0.48,0.99,-0.48,INF,-1,1,7,0
14320,0,1,0.000,0.000,0.00,0.00,0.00,0.00,0.00,-1,1,7,0
14340,0,1,0.000,0.000,0.00,0.00,0.00,0.00,0.00,-1,1,7,0
14360,0,1,0.000,0.000,0.00,0.00,0.00,0.00,0.00,-1,1,7,0
14380,0,1,0.000,0.000,0.00,0.00,0.00,0.00,0.00,-1,0,7,0
14400,0,1,0.000,0.000,0.00,0.00,0.00,0.00,0.00,-1,0,7,0
14420,0,1,0.000,0.000,0.00,0.00,0.00,0.00,0.00,-1,0,7,0
14440,0,1,0.000,0.000,0.00,0.00,0.00,0.00,0.00,-1,0,7,0
14460,0,1,0.000,0.000,0.00,0.00,0.00,0.00,0.00,-1,0,7,0
14480,0,1,0.000,0.000,0.00,0.00,0.00,0.00,0.00,-1,0,7,0
14500,0,1,0.000,0.000,0.00,0.00,0.00,0.00,0.00,-1,0,7,0
14520,0,1,0.000,0.000,0.00,0.00,0.00,0.00,0.00,-1,0,7,0
14540,0,1,0.000,0.000,0.00,0.00,0.00,0.00,0.00,-1,0,7,0
14560,0,1,0.000,0.000,0.00,0.00,0.00,0.00,0.00,-1,0,7,0
14580,0,1,0.000,0.000,0.00,0.00,0.00,0.00,0.00,-1,0,7,0
14600,1,1,14.310,8.072,1.34,0.75,1.34,0.75,INF,-1,0,7,0
14620,1,1,14.951,7.710,1.40,0.72,1.40,0.72,INF,-1,0,7,0
14640,1,1,15.932,6.357,1.49,0.59,1.49,0.59,INF,-1,0,7,0
14660,1,1,15.582,6.306,1.46,0.59,1.46,0.59,INF,-1,0,7,0
14680,1,1,15.824,8.073,1.48,0.75,1.48,0.75,INF,-1,0,7,0
14700,1,1,16.073,6.599,1.50,0.62,1.50,0.62,INF,-1,0,7,0
14720,1,1,17.146,6.797,1.60,0.64,1.60,0.64,INF,-1,0,7,0
14740,1,1,15.127,5.884,1.41,0.55,1.41,0.55,INF,-1,0,7,0
14760,1,1,15.466,6.368,1.45,0.59,1.45,0.60,INF,-1,0,7,0
14780,1,1,15.490,5.582,1.45,0.52,1.45,0.52,INF,-1,0,7,0
14800,1,1,17.602,2.430,1.64,0.23,1.64,0.23,INF,-1,0,7,0
14820,1,1,14.853,3.503,1.39,0.33,1.39,0.33,INF,-1,0,7,0
14840,1,1,18.511,3.180,1.73,0.30,1.73,0.30,INF,-1,0,7,0
14860,1,1,16.808,3.066,1.57,0.29,1.57,0.29,INF,-1,0,7,0
14880,1,1,18.066,1.883,1.69,0.18,1.69,0.18,INF,-1,1,7,0
14900,1,1,17.874,2.533,1.67,0.24,1.67,0.24,INF,-1,1,7,0
14920,1,1,17.010,3.886,1.59,0.36,1.59,0.36,INF,-1,1,7,0
14940,1,1,18.573,2.195,1.74,0.21,1.74,0.21,INF,-1,1,7,0
14960,1,1,16.611,4.033,1.55,0.38,1.55,0.38,INF,-1,1,7,0
14980,1,1,17.348,3.080,1.62,0.29,1.62,0.29,INF,-1,1,7,0
15000,1,1,16.602,2.922,1.55,0.27,1.55,0.27,INF,-1,1,7,0
