"EyeTracker Toolbox version","3.250"
CalibrationParameters_A11,1.06139
CalibrationParameters_A12,0.07899
CalibrationParameters_A13,-0.00630
CalibrationParameters_A21,0.06327
CalibrationParameters_A22,-1.10462
CalibrationParameters_A23,-0.00499
CalibrationParameters_A31,-0.00005
CalibrationParameters_A32,-0.00123
CalibrationParameters_E11,-0.18007
CalibrationParameters_E12,-0.00027
CalibrationParameters_E21,-0.00009
CalibrationParameters_E22,0.19996
CalibrationParameters_X,-20.58965
CalibrationParameters_Y,-35.74684
CalibrationParameters_Rpc,90.93409
CalibrationParameters_MeanX,128.01451
CalibrationParameters_MeanY,159.84193
CalibrationParameters_ViewDist,613.00000
TimeStamp,Tracked,Calibrated,ScreenPositionXmm,ScreenPositionYmm,FicksLongitude,FicksLatitude,HelmholtzAzimuth,HelmholtzElevation,PupilDiameter,Region,Fixation,DigitalIO,Dropped
0,0,1,0.000,0.000,0.00,0.00,0.00,0.00,0.00,-1,0,7,0
20,0,1,0.000,0.000,0.00,0.00,0.00,0.00,0.00,-1,0,7,0
40,1,1,-20.638,13.173,-1.93,1.23,-1.93,1.23,INF,-1,0,7,0
60,1,1,-19.009,12.887,-1.78,1.20,-1.78,1.20,INF,-1,0,7,0
80,1,1,-18.345,17.735,-1.71,1.66,-1.71,1.66,INF,-1,0,7,0
100,1,1,-19.507,16.300,-1.82,1.52,-1.82,1.52,INF,-1,0,7,0
120,1,1,-19.822,15.642,-1.85,1.46,-1.85,1.46,INF,-1,0,7,0
140,1,1,-17.973,14.877,-1.68,1.39,-1.68,1.39,INF,-1,0,7,0
160,1,1,-18.230,13.934,-1.70,1.30,-1.70,1.30,INF,-1,0,7,0
180,0,1,0.000,0.000,0.00,0.00,0.00,0.00,0.00,-1,0,7,0
200,1,1,-16.661,10.500,-1.56,0.98,-1.56,0.98,INF,-1,0,7,0
220,1,1,2.955,9.125,0.28,0.85,0.28,0.85,INF,-1,0,7,0
240,1,1,-0.946,9.731,-0.09,0.91,-0.09,0.91,INF,-1,0,7,0
260,1,1,0.189,7.831,0.02,0.73,0.02,0.73,INF,-1,0,7,0
280,1,1,0.686,8.261,0.06,0.77,0.06,0.77,INF,-1,0,7,0
300,1,1,0.227,7.671,0.02,0.72,0.02,0.72,INF,-1,0,7,0
320,1,1,1.066,7.504,0.10,0.70,0.10,0.70,INF,-1,0,7,0
340,1,1,0.924,6.847,0.09,0.64,0.09,0.64,INF,-1,0,7,0
360,1,1,1.669,5.663,0.16,0.53,0.16,0.53,INF,-1,0,7,0
380,1,1,2.055,5.003,0.19,0.47,0.19,0.47,INF,-1,0,7,0
400,1,1,3.240,4.646,0.30,0.43,0.30,0.43,INF,-1,0,7,0
420,1,1,2.862,4.597,0.27,0.43,0.27,0.43,INF,-1,0,7,0
440,1,1,2.111,3.181,0.20,0.30,0.20,0.30,INF,-1,0,7,0
460,1,1,24.861,14.694,2.32,1.37,2.32,1.37,INF,-1,0,7,0
480,1,1,22.670,13.530,2.12,1.26,2.12,1.26,INF,-1,0,7,0
500,1,1,24.568,12.803,2.30,1.20,2.29,1.20,INF,-1,0,7,0
520,1,1,23.443,12.805,2.19,1.20,2.19,1.20,INF,-1,0,7,0
540,1,1,24.984,11.326,2.33,1.06,2.33,1.06,INF,-1,0,7,0
560,1,1,24.486,11.533,2.29,1.08,2.29,1.08,INF,-1,0,7,0
580,1,1,24.999,11.946,2.34,1.12,2.33,1.12,INF,-1,0,7,0
600,1,1,25.383,10.553,2.37,0.99,2.37,0.99,INF,-1,0,7,0
620,1,1,25.261,9.184,2.36,0.86,2.36,0.86,INF,-1,1,7,0
640,1,1,24.673,10.059,2.30,0.94,2.30,0.94,INF,-1,1,7,0
660,1,1,25.556,8.410,2.39,0.79,2.39,0.79,INF,-1,1,7,0
680,1,1,23.133,4.974,2.16,0.46,2.16,0.46,INF,-1,1,7,0
700,0,1,0.000,0.000,0.00,0.00,0.00,0.00,0.00,-1,1,7,0
720,0,1,0.000,0.000,0.00,0.00,0.00,0.00,0.00,-1,1,7,0
740,0,1,0.000,0.000,0.00,0.00,0.00,0.00,0.00,-1,1,7,0
760,0,1,0.000,0.000,0.00,0.00,0.00,0.00,0.00,-1,1,7,0
780,0,1,0.000,0.000,0.00,0.00,0.00,0.00,0.00,-1,0,7,0
800,0,1,0.000,0.000,0.00,0.00,0.00,0.00,0.00,-1,0,7,0
820,0,1,0.000,0.000,0.00,0.00,0.00,0.00,0.00,-1,0,7,0
840,0,1,0.000,0.000,0.00,0.00,0.00,0.00,0.00,-1,0,7,0
860,0,1,0.000,0.000,0.00,0.00,0.00,0.00,0.00,-1,0,7,0
880,0,1,0.000,0.000,0.00,0.00,0.00,0.00,0.00,-1,0,7,0
900,0,1,0.000,0.000,0.00,0.00,0.00,0.00,0.00,-1,0,7,0
920,0,1,0.000,0.000,0.00,0.00,0.00,0.00,0.00,-1,0,7,0
940,0,1,0.000,0.000,0.00,0.00,0.00,0.00,0.00,-1,0,7,0
960,0,1,0.000,0.000,0.00,0.00,0.00,0.00,0.00,-1,0,7,0
980,0,1,0.000,0.000,0.00,0.00,0.00,0.00,0.00,-1,0,7,0
1000,0,1,0.000,0.000,0.00,0.00,0.00,0.00,0.00,-1,0,7,0
1020,0,1,0.000,0.000,0.00,0.00,0.00,0.00,0.00,-1,0,7,0
1040,0,1,0.000,0.000,0.00,0.00,0.00,0.00,0.00,-1,0,7,0
1060,0,1,0.000,0.000,0.00,0.00,0.00,0.00,0.00,-1,0,7,0
1080,0,1,0.000,0.000,0.00,0.00,0.00,0.00,0.00,-1,0,7,0
1100,0,1,0.000,0.000,0.00,0.00,0.00,0.00,0.00,-1,0,7,0
1120,0,1,0.000,0.000,0.00,0.00,0.00,0.00,0.00,-1,0,7,0
1140,0,1,0.000,0.000,0.00,0.00,0.00,0.00,0.00,-1,0,7,0
1160,0,1,0.000,0.000,0.00,0.00,0.00,0.00,0.00,-1,0,7,0
1180,0,1,0.000,0.000,0.00,0.00,0.00,0.00,0.00,-1,0,7,0
1200,0,1,0.000,0.000,0.00,0.00,0.00,0.00,0.00,-1,0,7,0
1220,0,1,0.000,0.000,0.00,0.00,0.00,0.00,0.00,-1,0,7,0
1240,0,1,0.000,0.000,0.00,0.00,0.00,0.00,0.00,-1,0,7,0
1260,0,1,0.000,0.000,0.00,0.00,0.00,0.00,0.00,-1,0,7,0
1280,0,1,0.000,0.000,0.00,0.00,0.00,0.00,0.00,-1,0,7,0
1300,0,1,0.000,0.000,0.00,0.00,0.00,0.00,0.00,-1,0,7,0
1320,0,1,0.000,0.000,0.00,0.00,0.00,0.00,0.00,-1,0,7,0
1340,0,1,0.000,0.000,0.00,0.00,0.00,0.00,0.00,-1,0,7,0
1360,0,1,0.000,0.000,0.00,0.00,0.00,0.00,0.00,-1,0,7,0
1380,0,1,0.000,0.000,0.00,0.00,0.00,0.00,0.00,-1,0,7,0
1400,0,1,0.000,0.000,0.00,0.00,0.00,0.00,0.00,-1,0,7,0
1420,0,1,0.000,0.000,0.00,0.00,0.00,0.00,0.00,-1,0,7,0
1440,0,1,0.000,0.000,0.00,0.00,0.00,0.00,0.00,-1,0,7,0
1460,0,1,0.000,0.000,0.00,0.00,0.00,0.00,0.00,-1,0,7,0
1480,0,1,0.000,0.000,0.00,0.00,0.00,0.00,0.00,-1,0,7,0
1500,0,1,0.000,0.000,0.00,0.00,0.00,0.00,0.00,-1,0,7,0
1520,0,1,0.000,0.000,0.00,0.00,0.00,0.00,0.00,-1,0,7,0
1540,0,1,0.000,0.000,0.00,0.00,0.00,0.00,0.00,-1,0,7,0
1560,0,1,0.000,0.000,0.00,0.00,0.00,0.00,0.00,-1,0,7,0
1580,0,1,0.000,0.000,0.00,0.00,0.00,0.00,0.00,-1,0,7,0
1600,0,1,0.000,0.000,0.00,0.00,0.00,0.00,0.00,-1,0,7,0
1620,0,1,0.000,0.000,0.00,0.00,0.00,0.00,0.00,-1,0,7,0
1640,0,1,0.000,0.000,0.00,0.00,0.00,0.00,0.00,-1,0,7,0
1660,0,1,0.000,0.000,0.00,0.00,0.00,0.00,0.00,-1,0,7,0
1680,0,1,0.000,0.000,0.00,0.00,0.00,0.00,0.00,-1,0,7,0
1700,1,1,-51.040,26.415,-4.76,2.46,-4.76,2.47,INF,-1,0,7,0
1720,1,1,-51.179,26.731,-4.77,2.49,-4.77,2.50,INF,-1,0,7,0
1740,1,1,-51.128,26.115,-4.77,2.43,-4.76,2.44,INF,-1,0,7,0
1760,1,1,-51.107,25.934,-4.77,2.41,-4.76,2.42,INF,-1,0,7,0
1780,1,1,-51.785,25.868,-4.83,2.41,-4.82,2.42,INF,-1,0,7,0
1800,1,1,-50.140,25.568,-4.68,2.38,-4.67,2.39,INF,-1,0,7,0
1820,1,1,-50.551,25.489,-4.71,2.37,-4.71,2.38,INF,-1,0,7,0
1840,1,1,-50.923,24.376,-4.75,2.27,-4.74,2.28,INF,-1,0,7,0
1860,1,1,-50.331,24.550,-4.69,2.29,-4.69,2.29,INF,-1,0,7,0
1880,1,1,-50.922,25.272,-4.75,2.35,-4.74,2.36,INF,-1,0,7,0
1900,1,1,-63.173,28.180,-5.88,2.62,-5.88,2.63,INF,-1,0,7,0
1920,1,1,-60.684,28.814,-5.65,2.68,-5.65,2.69,INF,-1,0,7,0
1940,1,1,-61.001,29.023,-5.68,2.70,-5.68,2.71,INF,-1,0,7,0
1960,1,1,-60.915,28.791,-5.67,2.68,-5.67,2.69,INF,-1,0,7,0
1980,1,1,-60.487,28.737,-5.64,2.67,-5.63,2.68,INF,-1,1,7,0
2000,1,1,-60.455,28.816,-5.63,2.68,-5.63,2.69,INF,-1,1,7,0
2020,1,1,-60.248,29.373,-5.61,2.73,-5.61,2.74,INF,-1,1,7,0
2040,1,1,-59.641,29.518,-5.56,2.74,-5.55,2.76,INF,-1,1,7,0
2060,1,1,-59.431,28.428,-5.54,2.64,-5.53,2.66,INF,-1,1,7,0
2080,1,1,-59.386,28.959,-5.53,2.69,-5.53,2.70,INF,-1,1,7,0
2100,1,1,-59.351,28.735,-5.53,2.67,-5.52,2.68,INF,-1,1,7,0
2120,1,1,-58.909,28.975,-5.49,2.69,-5.48,2.71,INF,-1,1,7,0
2140,1,1,-58.624,27.538,-5.46,2.56,-5.46,2.57,INF,-1,1,7,0
2160,1,1,-51.284,26.006,-4.78,2.42,-4.78,2.43,INF,-1,1,7,0
2180,1,1,-50.935,22.977,-4.75,2.14,-4.75,2.15,INF,-1,1,7,0
2200,1,1,-50.234,23.602,-4.68,2.20,-4.68,2.20,INF,-1,1,7,0
2220,1,1,-49.025,22.614,-4.57,2.11,-4.57,2.11,INF,-1,1,7,0
2240,1,1,-49.694,23.818,-4.63,2.22,-4.63,2.23,INF,-1,1,7,0
2260,1,1,-50.395,22.619,-4.70,2.11,-4.70,2.11,INF,-1,1,7,0
2280,1,1,-49.421,22.294,-4.61,2.08,-4.61,2.08,INF,-1,1,7,0
2300,1,1,-48.635,23.233,-4.54,2.16,-4.53,2.17,INF,-1,1,7,0
2320,1,1,-48.269,23.847,-4.50,2.22,-4.50,2.23,INF,-1,1,7,0
2340,1,1,-48.883,24.354,-4.56,2.27,-4.56,2.28,INF,-1,1,7,0
2360,1,1,-15.219,-24.669,-1.42,-2.30,-1.42,-2.30,INF,-1,1,7,0
2380,1,1,-22.939,-21.115,-2.14,-1.97,-2.14,-1.97,INF,-1,1,7,0
2400,1,1,-20.176,-22.142,-1.89,-2.07,-1.88,-2.07,INF,-1,0,7,0
2420,1,1,-20.937,-21.312,-1.96,-1.99,-1.95,-1.99,INF,-1,0,7,0
2440,1,1,-19.505,-21.826,-1.82,-2.04,-1.82,-2.04,INF,-1,0,7,0
2460,1,1,-20.899,-21.715,-1.95,-2.03,-1.95,-2.03,INF,-1,0,7,0
2480,1,1,-21.439,-22.029,-2.00,-2.06,-2.00,-2.06,INF,-1,0,7,0
2500,1,1,12.668,1.412,1.18,0.13,1.18,0.13,INF,-1,0,7,0
2520,1,1,22.773,8.753,2.13,0.82,2.13,0.82,INF,-1,0,7,0
2540,1,1,23.277,8.346,2.17,0.78,2.17,0.78,INF,-1,0,7,0
2560,1,1,22.886,6.829,2.14,0.64,2.14,0.64,INF,-1,0,7,0
2580,1,1,24.781,6.641,2.31,0.62,2.31,0.62,INF,-1,0,7,0
2600,1,1,24.749,7.096,2.31,0.66,2.31,0.66,INF,-1,0,7,0
2620,1,1,24.061,6.598,2.25,0.62,2.25,0.62,INF,-1,0,7,0
2640,1,1,24.286,6.098,2.27,0.57,2.27,0.57,INF,-1,0,7,0
2660,1,1,24.951,5.679,2.33,0.53,2.33,0.53,INF,-1,0,7,0
2680,1,1,23.670,5.559,2.21,0.52,2.21,0.52,INF,-1,0,7,0
2700,1,1,24.356,5.551,2.28,0.52,2.28,0.52,INF,-1,0,7,0
2720,1,1,25.685,5.397,2.40,0.50,2.40,0.50,INF,-1,0,7,0
2740,1,1,18.471,16.875,1.73,1.58,1.73,1.58,INF,-1,0,7,0
2760,1,1,18.033,16.959,1.69,1.58,1.68,1.58,INF,-1,0,7,0
2780,1,1,18.300,16.374,1.71,1.53,1.71,1.53,INF,-1,1,7,0
2800,1,1,19.068,16.265,1.78,1.52,1.78,1.52,INF,-1,1,7,0
2820,1,1,18.212,16.062,1.70,1.50,1.70,1.50,INF,-1,1,7,0
2840,1,1,17.292,16.374,1.62,1.53,1.62,1.53,INF,-1,1,7,0
2860,1,1,18.457,16.544,1.72,1.55,1.72,1.55,INF,-1,1,7,0
2880,1,1,18.821,16.414,1.76,1.53,1.76,1.53,INF,-1,1,7,0
2900,1,1,18.533,15.217,1.73,1.42,1.73,1.42,INF,-1,1,7,0
2920,1,1,18.541,15.208,1.73,1.42,1.73,1.42,INF,-1,1,7,0
2940,1,1,18.983,15.512,1.77,1.45,1.77,1.45,INF,-1,1,7,0
2960,1,1,17.482,15.805,1.63,1.48,1.63,1.48,INF,-1,1,7,0
2980,1,1,17.685,14.790,1.65,1.38,1.65,1.38,INF,-1,1,7,0
3000,1,1,1.659,13.411,0.16,1.25,0.15,1.25,INF,-1,1,7,0
3020,1,1,-2.698,15.617,-0.25,1.46,-0.25,1.46,INF,-1,1,7,0
3040,1,1,-1.600,15.960,-0.15,1.49,-0.15,1.49,INF,-1,0,7,0
3060,1,1,-2.144,14.977,-0.20,1.40,-0.20,1.40,INF,-1,0,7,0
3080,1,1,-2.795,15.185,-0.26,1.42,-0.26,1.42,INF,-1,0,7,0
3100,1,1,-1.229,14.148,-0.11,1.32,-0.11,1.32,INF,-1,0,7,0
3120,1,1,-1.487,14.428,-0.14,1.35,-0.14,1.35,INF,-1,0,7,0
3140,0,1,0.000,0.000,0.00,0.00,0.00,0.00,0.00,-1,0,7,0
3160,1,1,-1.904,12.897,-0.18,1.21,-0.18,1.21,INF,-1,0,7,0
3180,1,1,-1.725,14.126,-0.16,1.32,-0.16,1.32,INF,-1,0,7,0
3200,1,1,-2.296,13.949,-0.21,1.30,-0.21,1.30,INF,-1,0,7,0
3220,1,1,-2.764,13.929,-0.26,1.30,-0.26,1.30,INF,-1,0,7,0
3240,1,1,-2.166,13.230,-0.20,1.24,-0.20,1.24,INF,-1,0,7,0
3260,1,1,-2.304,13.054,-0.22,1.22,-0.22,1.22,INF,-1,0,7,0
3280,1,1,-2.644,12.870,-0.25,1.20,-0.25,1.20,INF,-1,1,7,0
3300,1,1,-0.192,9.826,-0.02,0.92,-0.02,0.92,INF,-1,1,7,0
3320,0,1,0.000,0.000,0.00,0.00,0.00,0.00,0.00,-1,1,7,0
3340,0,1,0.000,0.000,0.00,0.00,0.00,0.00,0.00,-1,1,7,0
3360,0,1,0.000,0.000,0.00,0.00,0.00,0.00,0.00,-1,1,7,0
3380,0,1,0.000,0.000,0.00,0.00,0.00,0.00,0.00,-1,1,7,0
3400,0,1,0.000,0.000,0.00,0.00,0.00,0.00,0.00,-1,0,7,0
3420,0,1,0.000,0.000,0.00,0.00,0.00,0.00,0.00,-1,0,7,0
3440,0,1,0.000,0.000,0.00,0.00,0.00,0.00,0.00,-1,0,7,0
3460,0,1,0.000,0.000,0.00,0.00,0.00,0.00,0.00,-1,0,7,0
3480,0,1,0.000,0.000,0.00,0.00,0.00,0.00,0.00,-1,0,7,0
3500,1,1,-183.016,-269.115,-16.62,-22.81,-15.29,-23.70,INF,-1,0,7,0
3520,0,1,0.000,0.000,0.00,0.00,0.00,0.00,0.00,-1,0,7,0
3540,0,1,0.000,0.000,0.00,0.00,0.00,0.00,0.00,-1,0,7,0
3560,0,1,0.000,0.000,0.00,0.00,0.00,0.00,0.00,-1,0,7,0
3580,0,1,0.000,0.000,0.00,0.00,0.00,0.00,0.00,-1,0,7,0
3600,0,1,0.000,0.000,0.00,0.00,0.00,0.00,0.00,-1,0,7,0
3620,0,1,0.000,0.000,0.00,0.00,0.00,0.00,0.00,-1,0,7,0
3640,0,1,0.000,0.000,0.00,0.00,0.00,0.00,0.00,-1,0,7,0
3660,0,1,0.000,0.000,0.00,0.00,0.00,0.00,0.00,-1,0,7,0
3680,0,1,0.000,0.000,0.00,0.00,0.00,0.00,0.00,-1,0,7,0
3700,1,1,24.479,20.159,2.29,1.88,2.29,1.88,INF,-1,0,7,0
3720,1,1,25.569,22.478,2.39,2.10,2.39,2.10,INF,-1,0,7,0
3740,1,1,25.265,23.220,2.36,2.17,2.36,2.17,INF,-1,0,7,0
3760,1,1,26.222,22.928,2.45,2.14,2.45,2.14,INF,-1,0,7,0
3780,1,1,27.047,21.675,2.53,2.02,2.52,2.03,INF,-1,0,7,0
3800,1,1,35.762,22.893,3.34,2.14,3.34,2.14,INF,-1,0,7,0
3820,1,1,40.305,22.758,3.76,2.12,3.76,2.13,INF,-1,0,7,0
3840,1,1,40.305,21.243,3.76,1.98,3.76,1.98,INF,-1,0,7,0
3860,1,1,40.849,20.483,3.81,1.91,3.81,1.91,INF,-1,0,7,0
3880,1,1,41.820,20.977,3.90,1.96,3.90,1.96,INF,-1,0,7,0
3900,1,1,42.599,20.313,3.98,1.89,3.97,1.90,INF,-1,0,7,0
3920,1,1,42.500,20.234,3.97,1.89,3.96,1.89,INF,-1,0,7,0
3940,1,1,42.829,20.240,4.00,1.89,3.99,1.89,INF,-1,0,7,0
3960,1,1,48.986,15.136,4.57,1.41,4.57,1.41,INF,-1,0,7,0
3980,1,1,59.824,11.904,5.57,1.11,5.57,1.11,INF,-1,0,7,0
4000,1,1,58.455,11.432,5.45,1.06,5.45,1.07,INF,-1,0,7,0
4020,1,1,59.998,12.021,5.59,1.12,5.59,1.12,INF,-1,0,7,0
4040,1,1,60.870,11.920,5.67,1.11,5.67,1.11,INF,-1,0,7,0
4060,1,1,60.514,11.840,5.64,1.10,5.64,1.11,INF,-1,0,7,0
4080,1,1,60.630,12.331,5.65,1.15,5.65,1.15,INF,-1,0,7,0
4100,1,1,61.295,11.821,5.71,1.10,5.71,1.10,INF,-1,0,7,0
4120,1,1,60.642,10.780,5.65,1.00,5.65,1.01,INF,-1,1,7,0
4140,1,1,57.097,6.905,5.32,0.64,5.32,0.65,INF,-1,1,7,0
4160,1,1,47.670,4.414,4.45,0.41,4.45,0.41,INF,-1,1,7,0
4180,1,1,49.325,4.359,4.60,0.41,4.60,0.41,INF,-1,1,7,0
4200,1,1,48.032,3.838,4.48,0.36,4.48,0.36,INF,-1,0,7,0
4220,1,1,47.019,2.899,4.39,0.27,4.39,0.27,INF,-1,0,7,0
4240,1,1,46.663,2.864,4.35,0.27,4.35,0.27,INF,-1,0,7,0
4260,1,1,48.039,1.617,4.48,0.15,4.48,0.15,INF,-1,0,7,0
4280,1,1,46.558,2.024,4.34,0.19,4.34,0.19,INF,-1,0,7,0
4300,1,1,47.041,2.057,4.39,0.19,4.39,0.19,INF,-1,0,7,0
4320,1,1,47.235,1.662,4.41,0.15,4.41,0.16,INF,-1,0,7,0
4340,1,1,47.939,1.516,4.47,0.14,4.47,0.14,INF,-1,0,7,0
4360,1,1,46.715,0.724,4.36,0.07,4.36,0.07,INF,-1,0,7,0
4380,1,1,46.420,0.633,4.33,0.06,4.33,0.06,INF,-1,0,7,0
4400,1,1,43.259,-3.106,4.04,-0.29,4.04,-0.29,INF,-1,0,7,0
4420,1,1,31.333,-8.229,2.93,-0.77,2.93,-0.77,INF,-1,0,7,0
4440,1,1,32.528,-7.857,3.04,-0.73,3.04,-0.73,INF,-1,1,7,0
4460,1,1,32.195,-9.612,3.01,-0.90,3.01,-0.90,INF,-1,0,7,0
4480,1,1,31.431,-9.628,2.94,-0.90,2.93,-0.90,INF,-1,0,7,0
4500,1,1,31.087,-9.513,2.90,-0.89,2.90,-0.89,INF,-1,0,7,0
4520,1,1,31.596,-9.337,2.95,-0.87,2.95,-0.87,INF,-1,0,7,0
4540,1,1,30.449,-9.356,2.84,-0.87,2.84,-0.87,INF,-1,0,7,0
4560,1,1,29.209,-9.553,2.73,-0.89,2.73,-0.89,INF,-1,0,7,0
4580,1,1,30.273,-10.611,2.83,-0.99,2.83,-0.99,INF,-1,0,7,0
4600,1,1,29.884,-10.631,2.79,-0.99,2.79,-0.99,INF,-1,0,7,0
4620,1,1,28.705,-8.845,2.68,-0.83,2.68,-0.83,INF,-1,0,7,0
4640,1,1,30.223,-9.232,2.82,-0.86,2.82,-0.86,INF,-1,0,7,0
4660,1,1,29.554,-8.277,2.76,-0.77,2.76,-0.77,INF,-1,0,7,0
4680,1,1,28.940,-9.950,2.70,-0.93,2.70,-0.93,INF,-1,0,7,0
4700,1,1,28.964,-10.845,2.71,-1.01,2.70,-1.01,INF,-1,1,7,0
4720,1,1,28.218,-9.828,2.64,-0.92,2.64,-0.92,INF,-1,1,7,0
4740,1,1,29.065,-10.855,2.71,-1.01,2.71,-1.01,INF,-1,1,7,0
4760,1,1,28.561,-9.958,2.67,-0.93,2.67,-0.93,INF,-1,1,7,0
4780,1,1,28.919,-10.498,2.70,-0.98,2.70,-0.98,INF,-1,1,7,0
4800,1,1,28.010,-9.741,2.62,-0.91,2.62,-0.91,INF,-1,1,7,0
4820,1,1,28.921,-10.666,2.70,-1.00,2.70,-1.00,INF,-1,1,7,0
4840,1,1,27.635,-12.139,2.58,-1.13,2.58,-1.13,INF,-1,1,7,0
4860,0,1,0.000,0.000,0.00,0.00,0.00,0.00,0.00,-1,1,7,0
4880,0,1,0.000,0.000,0.00,0.00,0.00,0.00,0.00,-1,1,7,0
4900,0,1,0.000,0.000,0.00,0.00,0.00,0.00,0.00,-1,1,7,0
4920,0,1,0.000,0.000,0.00,0.00,0.00,0.00,0.00,-1,1,7,0
4940,0,1,0.000,0.000,0.00,0.00,0.00,0.00,0.00,-1,0,7,0
4960,0,1,0.000,0.000,0.00,0.00,0.00,0.00,0.00,-1,0,7,0
4980,0,1,0.000,0.000,0.00,0.00,0.00,0.00,0.00,-1,0,7,0
5000,0,1,0.000,0.000,0.00,0.00,0.00,0.00,0.00,-1,0,7,0
5020,0,1,0.000,0.000,0.00,0.00,0.00,0.00,0.00,-1,0,7,0
5040,0,1,0.000,0.000,0.00,0.00,0.00,0.00,0.00,-1,0,7,0
5060,0,1,0.000,0.000,0.00,0.00,0.00,0.00,0.00,-1,0,7,0
5080,0,1,0.000,0.000,0.00,0.00,0.00,0.00,0.00,-1,0,7,0
5100,0,1,0.000,0.000,0.00,0.00,0.00,0.00,0.00,-1,0,7,0
5120,0,1,0.000,0.000,0.00,0.00,0.00,0.00,0.00,-1,0,7,0
5140,0,1,0.000,0.000,0.00,0.00,0.00,0.00,0.00,-1,0,7,0
5160,0,1,0.000,0.000,0.00,0.00,0.00,0.00,0.00,-1,0,7,0
5180,0,1,0.000,0.000,0.00,0.00,0.00,0.00,0.00,-1,0,7,0
5200,0,1,0.000,0.000,0.00,0.00,0.00,0.00,0.00,-1,0,7,0
5220,0,1,0.000,0.000,0.00,0.00,0.00,0.00,0.00,-1,0,7,0
5240,0,1,0.000,0.000,0.00,0.00,0.00,0.00,0.00,-1,0,7,0
5260,0,1,0.000,0.000,0.00,0.00,0.00,0.00,0.00,-1,0,7,0
5280,0,1,0.000,0.000,0.00,0.00,0.00,0.00,0.00,-1,0,7,0
5300,0,1,0.000,0.000,0.00,0.00,0.00,0.00,0.00,-1,0,7,0
5320,1,1,36.526,19.998,3.41,1.87,3.41,1.87,INF,-1,0,7,0
5340,1,1,36.017,20.186,3.36,1.88,3.36,1.89,INF,-1,0,7,0
5360,1,1,36.269,19.228,3.39,1.79,3.38,1.80,INF,-1,0,7,0
5380,1,1,35.219,18.445,3.29,1.72,3.29,1.72,INF,-1,0,7,0
5400,1,1,35.250,17.320,3.29,1.62,3.29,1.62,INF,-1,0,7,0
5420,1,1,35.228,17.782,3.29,1.66,3.29,1.66,INF,-1,0,7,0
5440,1,1,35.598,17.503,3.32,1.63,3.32,1.64,INF,-1,0,7,0
5460,1,1,30.604,15.441,2.86,1.44,2.86,1.44,INF,-1,0,7,0
5480,1,1,13.010,17.825,1.22,1.67,1.22,1.67,INF,-1,0,7,0
5500,1,1,16.118,17.190,1.51,1.61,1.51,1.61,INF,-1,0,7,0
5520,1,1,13.548,17.171,1.27,1.60,1.27,1.60,INF,-1,0,7,0
5540,1,1,14.022,17.167,1.31,1.60,1.31,1.60,INF,-1,0,7,0
5560,1,1,13.269,16.493,1.24,1.54,1.24,1.54,INF,-1,0,7,0
5580,1,1,13.157,15.881,1.23,1.48,1.23,1.48,INF,-1,0,7,0
5600,1,1,13.484,15.654,1.26,1.46,1.26,1.46,INF,-1,0,7,0
5620,1,1,12.097,14.326,1.13,1.34,1.13,1.34,INF,-1,0,7,0
5640,1,1,12.796,15.627,1.20,1.46,1.20,1.46,INF,-1,0,7,0
5660,1,1,12.717,15.295,1.19,1.43,1.19,1.43,INF,-1,0,7,0
5680,1,1,13.245,14.400,1.24,1.35,1.24,1.35,INF,-1,0,7,0
5700,1,1,13.059,15.119,1.22,1.41,1.22,1.41,INF,-1,0,7,0
5720,1,1,11.654,14.879,1.09,1.39,1.09,1.39,INF,-1,0,7,0
5740,1,1,11.500,15.277,1.07,1.43,1.07,1.43,INF,-1,1,7,0
5760,1,1,12.528,14.256,1.17,1.33,1.17,1.33,INF,-1,1,7,0
5780,1,1,12.344,14.548,1.15,1.36,1.15,1.36,INF,-1,1,7,0
5800,1,1,11.939,15.835,1.12,1.48,1.12,1.48,INF,-1,1,7,0
5820,1,1,11.754,14.572,1.10,1.36,1.10,1.36,INF,-1,1,7,0
5840,1,1,10.963,14.452,1.02,1.35,1.02,1.35,INF,-1,1,7,0
5860,1,1,12.064,13.037,1.13,1.22,1.13,1.22,INF,-1,1,7,0
5880,1,1,12.906,14.400,1.21,1.35,1.21,1.35,INF,-1,1,7,0
5900,1,1,27.212,14.279,2.54,1.33,2.54,1.33,INF,-1,1,7,0
5920,1,1,45.035,18.219,4.20,1.70,4.20,1.70,INF,-1,1,7,0
5940,1,1,47.304,17.262,4.41,1.61,4.41,1.61,INF,-1,0,7,0
5960,1,1,48.356,16.283,4.51,1.52,4.51,1.52,INF,-1,0,7,0
5980,1,1,48.408,16.567,4.52,1.54,4.51,1.55,INF,-1,0,7,0
6000,1,1,48.729,15.878,4.55,1.48,4.54,1.48,INF,-1,0,7,0
6020,1,1,49.413,15.470,4.61,1.44,4.61,1.45,INF,-1,0,7,0
6040,1,1,48.642,16.387,4.54,1.53,4.54,1.53,INF,-1,0,7,0
6060,1,1,49.292,15.643,4.60,1.46,4.60,1.46,INF,-1,0,7,0
6080,1,1,48.617,14.811,4.53,1.38,4.53,1.38,INF,-1,0,7,0
6100,1,1,48.277,14.092,4.50,1.31,4.50,1.32,INF,-1,0,7,0
6120,1,1,47.718,14.749,4.45,1.37,4.45,1.38,INF,-1,0,7,0
6140,1,1,47.994,14.851,4.48,1.38,4.48,1.39,INF,-1,0,7,0
6160,1,1,61.678,12.300,5.75,1.14,5.74,1.15,INF,-1,0,7,0
6180,1,1,59.747,12.646,5.57,1.18,5.57,1.18,INF,-1,0,7,0
6200,1,1,60.820,12.301,5.67,1.14,5.67,1.15,INF,-1,1,7,0
6220,1,1,61.307,13.595,5.71,1.26,5.71,1.27,INF,-1,1,7,0
6240,1,1,60.782,12.803,5.66,1.19,5.66,1.20,INF,-1,0,7,0
6260,1,1,60.494,12.027,5.64,1.12,5.63,1.12,INF,-1,0,7,0
6280,1,1,61.815,12.754,5.76,1.19,5.76,1.19,INF,-1,0,7,0
6300,1,1,61.866,12.135,5.76,1.13,5.76,1.13,INF,-1,0,7,0
6320,1,1,61.688,11.791,5.75,1.10,5.75,1.10,INF,-1,0,7,0
6340,1,1,60.541,11.299,5.64,1.05,5.64,1.06,INF,-1,0,7,0
6360,1,1,60.160,10.960,5.61,1.02,5.60,1.02,INF,-1,0,7,0
6380,1,1,61.602,11.108,5.74,1.03,5.74,1.04,INF,-1,0,7,0
6400,1,1,61.324,11.550,5.71,1.07,5.71,1.08,INF,-1,0,7,0
6420,1,1,60.883,10.678,5.67,0.99,5.67,1.00,INF,-1,0,7,0
6440,1,1,62.275,11.417,5.80,1.06,5.80,1.07,INF,-1,0,7,0
6460,1,1,62.022,11.052,5.78,1.03,5.78,1.03,INF,-1,0,7,0
6480,1,1,61.463,9.784,5.73,0.91,5.72,0.91,INF,-1,1,7,0
6500,1,1,60.517,10.624,5.64,0.99,5.64,0.99,INF,-1,1,7,0
6520,1,1,62.009,7.828,5.78,0.73,5.78,0.73,INF,-1,1,7,0
6540,0,1,0.000,0.000,0.00,0.00,0.00,0.00,0.00,-1,1,7,0
6560,0,1,0.000,0.000,0.00,0.00,0.00,0.00,0.00,-1,1,7,0
6580,0,1,0.000,0.000,0.00,0.00,0.00,0.00,0.00,-1,1,7,0
6600,0,1,0.000,0.000,0.00,0.00,0.00,0.00,0.00,-1,1,7,0
6620,0,1,0.000,0.000,0.00,0.00,0.00,0.00,0.00,-1,0,7,0
6640,0,1,0.000,0.000,0.00,0.00,0.00,0.00,0.00,-1,0,7,0
6660,0,1,0.000,0.000,0.00,0.00,0.00,0.00,0.00,-1,0,7,0
6680,0,1,0.000,0.000,0.00,0.00,0.00,0.00,0.00,-1,0,7,0
6700,0,1,0.000,0.000,0.00,0.00,0.00,0.00,0.00,-1,0,7,0
6720,0,1,0.000,0.000,0.00,0.00,0.00,0.00,0.00,-1,0,7,0
6740,0,1,0.000,0.000,0.00,0.00,0.00,0.00,0.00,-1,0,7,0
6760,0,1,0.000,0.000,0.00,0.00,0.00,0.00,0.00,-1,0,7,0
6780,0,1,0.000,0.000,0.00,0.00,0.00,0.00,0.00,-1,0,7,0
6800,0,1,0.000,0.000,0.00,0.00,0.00,0.00,0.00,-1,0,7,0
6820,0,1,0.000,0.000,0.00,0.00,0.00,0.00,0.00,-1,0,7,0
6840,0,1,0.000,0.000,0.00,0.00,0.00,0.00,0.00,-1,0,7,0
6860,0,1,0.000,0.000,0.00,0.00,0.00,0.00,0.00,-1,0,7,0
6880,0,1,0.000,0.000,0.00,0.00,0.00,0.00,0.00,-1,0,7,0
6900,0,1,0.000,0.000,0.00,0.00,0.00,0.00,0.00,-1,0,7,0
6920,0,1,0.000,0.000,0.00,0.00,0.00,0.00,0.00,-1,0,7,0
6940,0,1,0.000,0.000,0.00,0.00,0.00,0.00,0.00,-1,0,7,0
6960,0,1,0.000,0.000,0.00,0.00,0.00,0.00,0.00,-1,0,7,0
6980,0,1,0.000,0.000,0.00,0.00,0.00,0.00,0.00,-1,0,7,0
7000,0,1,0.000,0.000,0.00,0.00,0.00,0.00,0.00,-1,0,7,0
7020,0,1,0.000,0.000,0.00,0.00,0.00,0.00,0.00,-1,0,7,0
7040,0,1,0.000,0.000,0.00,0.00,0.00,0.00,0.00,-1,0,7,0
7060,0,1,0.000,0.000,0.00,0.00,0.00,0.00,0.00,-1,0,7,0
7080,0,1,0.000,0.000,0.00,0.00,0.00,0.00,0.00,-1,0,7,0
7100,1,1,-114.004,9.448,-10.54,0.87,-10.53,0.88,INF,-1,0,7,0
7120,0,1,0.000,0.000,0.00,0.00,0.00,0.00,0.00,-1,0,7,0
7140,0,1,0.000,0.000,0.00,0.00,0.00,0.00,0.00,-1,0,7,0
7160,0,1,0.000,0.000,0.00,0.00,0.00,0.00,0.00,-1,0,7,0
7180,0,1,0.000,0.000,0.00,0.00,0.00,0.00,0.00,-1,0,7,0
7200,0,1,0.000,0.000,0.00,0.00,0.00,0.00,0.00,-1,0,7,0
7220,0,1,0.000,0.000,0.00,0.00,0.00,0.00,0.00,-1,0,7,0
7240,0,1,0.000,0.000,0.00,0.00,0.00,0.00,0.00,-1,0,7,0
7260,0,1,0.000,0.000,0.00,0.00,0.00,0.00,0.00,-1,0,7,0
7280,0,1,0.000,0.000,0.00,0.00,0.00,0.00,0.00,-1,0,7,0
7300,0,1,0.000,0.000,0.00,0.00,0.00,0.00,0.00,-1,0,7,0
7320,0,1,0.000,0.000,0.00,0.00,0.00,0.00,0.00,-1,0,7,0
7340,1,1,-32.307,-99.072,-3.02,-9.17,-2.98,-9.18,INF,-1,0,7,0
7360,0,1,0.000,0.000,0.00,0.00,0.00,0.00,0.00,-1,0,7,0
7380,0,1,0.000,0.000,0.00,0.00,0.00,0.00,0.00,-1,0,7,0
7400,0,1,0.000,0.000,0.00,0.00,0.00,0.00,0.00,-1,0,7,0
7420,0,1,0.000,0.000,0.00,0.00,0.00,0.00,0.00,-1,0,7,0
7440,0,1,0.000,0.000,0.00,0.00,0.00,0.00,0.00,-1,0,7,0
7460,0,1,0.000,0.000,0.00,0.00,0.00,0.00,0.00,-1,0,7,0
7480,0,1,0.000,0.000,0.00,0.00,0.00,0.00,0.00,-1,0,7,0
7500,0,1,0.000,0.000,0.00,0.00,0.00,0.00,0.00,-1,0,7,0
7520,1,1,-20.566,-133.597,-1.92,-12.29,-1.88,-12.29,INF,-1,0,7,0
7540,0,1,0.000,0.000,0.00,0.00,0.00,0.00,0.00,-1,0,7,0
7560,0,1,0.000,0.000,0.00,0.00,0.00,0.00,0.00,-1,0,7,0
7580,0,1,0.000,0.000,0.00,0.00,0.00,0.00,0.00,-1,0,7,0
7600,0,1,0.000,0.000,0.00,0.00,0.00,0.00,0.00,-1,0,7,0
7620,0,1,0.000,0.000,0.00,0.00,0.00,0.00,0.00,-1,0,7,0
7640,0,1,0.000,0.000,0.00,0.00,0.00,0.00,0.00,-1,0,7,0
7660,0,1,0.000,0.000,0.00,0.00,0.00,0.00,0.00,-1,0,7,0
7680,0,1,0.000,0.000,0.00,0.00,0.00,0.00,0.00,-1,0,7,0
7700,0,1,0.000,0.000,0.00,0.00,0.00,0.00,0.00,-1,0,7,0
7720,0,1,0.000,0.000,0.00,0.00,0.00,0.00,0.00,-1,0,7,0
7740,0,1,0.000,0.000,0.00,0.00,0.00,0.00,0.00,-1,0,7,0
7760,0,1,0.000,0.000,0.00,0.00,0.00,0.00,0.00,-1,0,7,0
7780,0,1,0.000,0.000,0.00,0.00,0.00,0.00,0.00,-1,0,7,0
7800,0,1,0.000,0.000,0.00,0.00,0.00,0.00,0.00,-1,0,7,0
7820,0,1,0.000,0.000,0.00,0.00,0.00,0.00,0.00,-1,0,7,0
7840,0,1,0.000,0.000,0.00,0.00,0.00,0.00,0.00,-1,0,7,0
7860,0,1,0.000,0.000,0.00,0.00,0.00,0.00,0.00,-1,0,7,0
7880,0,1,0.000,0.000,0.00,0.00,0.00,0.00,0.00,-1,0,7,0
7900,0,1,0.000,0.000,0.00,0.00,0.00,0.00,0.00,-1,0,7,0
7920,0,1,0.000,0.000,0.00,0.00,0.00,0.00,0.00,-1,0,7,0
7940,0,1,0.000,0.000,0.00,0.00,0.00,0.00,0.00,-1,0,7,0
7960,0,1,0.000,0.000,0.00,0.00,0.00,0.00,0.00,-1,0,7,0
7980,0,1,0.000,0.000,0.00,0.00,0.00,0.00,0.00,-1,0,7,0
8000,0,1,0.000,0.000,0.00,0.00,0.00,0.00,0.00,-1,0,7,0
8020,0,1,0.000,0.000,0.00,0.00,0.00,0.00,0.00,-1,0,7,0
8040,0,1,0.000,0.000,0.00,0.00,0.00,0.00,0.00,-1,0,7,0
8060,0,1,0.000,0.000,0.00,0.00,0.00,0.00,0.00,-1,0,7,0
8080,0,1,0.000,0.000,0.00,0.00,0.00,0.00,0.00,-1,0,7,0
8100,0,1,0.000,0.000,0.00,0.00,0.00,0.00,0.00,-1,0,7,0
8120,1,1,55.466,-4.634,5.17,-0.43,5.17,-0.43,INF,-1,0,7,0
8140,1,1,57.249,-4.967,5.34,-0.46,5.34,-0.46,INF,-1,0,7,0
8160,1,1,57.842,-4.153,5.39,-0.39,5.39,-0.39,INF,-1,0,7,0
8180,1,1,58.256,-5.352,5.43,-0.50,5.43,-0.50,INF,-1,0,7,0
8200,1,1,59.689,-6.367,5.56,-0.59,5.56,-0.60,INF,-1,0,7,0
8220,1,1,66.818,6.762,6.22,0.63,6.22,0.63,INF,-1,0,7,0
8240,1,1,68.618,7.651,6.39,0.71,6.39,0.72,INF,-1,0,7,0
8260,1,1,69.488,5.615,6.47,0.52,6.47,0.52,INF,-1,0,7,0
8280,1,1,71.163,5.608,6.62,0.52,6.62,0.52,INF,-1,0,7,0
8300,1,1,71.334,5.614,6.64,0.52,6.64,0.52,INF,-1,0,7,0
8320,1,1,72.212,5.391,6.72,0.50,6.72,0.50,INF,-1,0,7,0
8340,1,1,72.574,6.857,6.75,0.64,6.75,0.64,INF,-1,0,7,0
8360,1,1,70.644,8.416,6.57,0.78,6.57,0.79,INF,-1,0,7,0
8380,1,1,61.941,13.914,5.77,1.29,5.77,1.30,INF,-1,0,7,0
8400,1,1,56.057,14.807,5.22,1.38,5.22,1.38,INF,-1,0,7,0
8420,1,1,43.840,13.515,4.09,1.26,4.09,1.26,INF,-1,0,7,0
8440,1,1,29.541,17.352,2.76,1.62,2.76,1.62,INF,-1,0,7,0
8460,1,1,24.827,17.185,2.32,1.60,2.32,1.61,INF,-1,0,7,0
8480,1,1,23.509,17.246,2.20,1.61,2.20,1.61,INF,-1,0,7,0
8500,1,1,22.472,15.202,2.10,1.42,2.10,1.42,INF,-1,0,7,0
8520,1,1,21.396,16.304,2.00,1.52,2.00,1.52,INF,-1,0,7,0
8540,1,1,16.322,17.518,1.53,1.64,1.52,1.64,INF,-1,0,7,0
8560,1,1,15.547,17.528,1.45,1.64,1.45,1.64,INF,-1,0,7,0
8580,0,1,0.000,0.000,0.00,0.00,0.00,0.00,0.00,-1,0,7,0
8600,1,1,15.654,13.946,1.46,1.30,1.46,1.30,INF,-1,0,7,0
8620,1,1,14.716,18.474,1.38,1.73,1.37,1.73,INF,-1,0,7,0
8640,1,1,14.265,18.570,1.33,1.73,1.33,1.74,INF,-1,0,7,0
8660,1,1,10.165,15.408,0.95,1.44,0.95,1.44,INF,-1,0,7,0
8680,1,1,4.658,19.737,0.44,1.84,0.44,1.84,INF,-1,1,7,0
8700,1,1,3.699,18.899,0.35,1.77,0.35,1.77,INF,-1,0,7,0
8720,1,1,2.680,17.830,0.25,1.67,0.25,1.67,INF,-1,0,7,0
8740,1,1,1.244,17.227,0.12,1.61,0.12,1.61,INF,-1,0,7,0
8760,1,1,2.079,18.272,0.19,1.71,0.19,1.71,INF,-1,0,7,0
8780,1,1,0.677,17.138,0.06,1.60,0.06,1.60,INF,-1,0,7,0
8800,1,1,0.317,14.736,0.03,1.38,0.03,1.38,INF,-1,0,7,0
8820,1,1,-0.376,15.970,-0.04,1.49,-0.04,1.49,INF,-1,0,7,0
8840,1,1,-1.302,16.258,-0.12,1.52,-0.12,1.52,INF,-1,0,7,0
8860,1,1,-1.911,15.803,-0.18,1.48,-0.18,1.48,INF,-1,0,7,0
8880,1,1,-13.325,19.079,-1.25,1.78,-1.24,1.78,INF,-1,0,7,0
8900,1,1,-11.893,21.540,-1.11,2.01,-1.11,2.01,INF,-1,0,7,0
8920,1,1,-12.035,18.451,-1.12,1.72,-1.12,1.72,INF,-1,0,7,0
8940,1,1,-12.277,19.466,-1.15,1.82,-1.15,1.82,INF,-1,0,7,0
8960,1,1,-12.202,20.282,-1.14,1.89,-1.14,1.90,INF,-1,1,7,0
8980,1,1,-12.397,19.677,-1.16,1.84,-1.16,1.84,INF,-1,1,7,0
9000,1,1,-12.977,18.643,-1.21,1.74,-1.21,1.74,INF,-1,1,7,0
9020,1,1,-13.314,16.333,-1.24,1.53,-1.24,1.53,INF,-1,1,7,0
9040,1,1,-12.924,16.671,-1.21,1.56,-1.21,1.56,INF,-1,1,7,0
9060,1,1,-13.755,18.555,-1.29,1.73,-1.28,1.73,INF,-1,1,7,0
9080,1,1,-13.031,17.511,-1.22,1.64,-1.22,1.64,INF,-1,1,7,0
9100,1,1,-13.173,17.363,-1.23,1.62,-1.23,1.62,INF,-1,1,7,0
9120,1,1,-14.243,15.257,-1.33,1.43,-1.33,1.43,INF,-1,1,7,0
9140,1,1,-15.430,19.163,-1.44,1.79,-1.44,1.79,INF,-1,1,7,0
9160,1,1,-18.910,19.234,-1.77,1.80,-1.77,1.80,INF,-1,0,7,0
9180,1,1,-17.588,19.969,-1.64,1.87,-1.64,1.87,INF,-1,0,7,0
9200,0,1,0.000,0.000,0.00,0.00,0.00,0.00,0.00,-1,0,7,0
9220,1,1,-18.234,19.182,-1.70,1.79,-1.70,1.79,INF,-1,0,7,0
9240,1,1,-18.513,19.660,-1.73,1.84,-1.73,1.84,INF,-1,0,7,0
9260,1,1,-19.027,19.268,-1.78,1.80,-1.78,1.80,INF,-1,0,7,0
9280,1,1,-20.404,16.322,-1.91,1.52,-1.91,1.53,INF,-1,0,7,0
9300,1,1,-20.555,18.360,-1.92,1.71,-1.92,1.72,INF,-1,0,7,0
9320,1,1,-19.677,17.536,-1.84,1.64,-1.84,1.64,INF,-1,0,7,0
9340,1,1,-19.949,19.203,-1.86,1.79,-1.86,1.79,INF,-1,0,7,0
9360,1,1,-19.788,17.215,-1.85,1.61,-1.85,1.61,INF,-1,0,7,0
9380,1,1,-21.856,17.389,-2.04,1.62,-2.04,1.62,INF,-1,0,7,0
9400,1,1,-26.903,18.596,-2.51,1.74,-2.51,1.74,INF,-1,1,7,0
9420,1,1,-25.787,19.005,-2.41,1.77,-2.41,1.78,INF,-1,1,7,0
9440,1,1,-26.517,16.658,-2.48,1.56,-2.48,1.56,INF,-1,1,7,0
9460,1,1,-26.455,16.378,-2.47,1.53,-2.47,1.53,INF,-1,1,7,0
9480,1,1,-27.222,17.807,-2.54,1.66,-2.54,1.66,INF,-1,1,7,0
9500,1,1,-26.666,18.925,-2.49,1.77,-2.49,1.77,INF,-1,1,7,0
9520,1,1,-25.670,16.489,-2.40,1.54,-2.40,1.54,INF,-1,1,7,0
9540,1,1,-27.569,17.843,-2.58,1.67,-2.57,1.67,INF,-1,1,7,0
9560,1,1,-25.380,15.727,-2.37,1.47,-2.37,1.47,INF,-1,1,7,0
9580,1,1,-17.130,18.429,-1.60,1.72,-1.60,1.72,INF,-1,1,7,0
9600,1,1,-17.147,16.029,-1.60,1.50,-1.60,1.50,INF,-1,1,7,0
9620,1,1,-16.790,14.905,-1.57,1.39,-1.57,1.39,INF,-1,1,7,0
9640,1,1,-14.713,16.681,-1.37,1.56,-1.37,1.56,INF,-1,1,7,0
9660,1,1,-13.314,17.863,-1.24,1.67,-1.24,1.67,INF,-1,1,7,0
9680,1,1,-11.883,15.895,-1.11,1.49,-1.11,1.49,INF,-1,1,7,0
9700,1,1,-11.171,14.208,-1.04,1.33,-1.04,1.33,INF,-1,1,7,0
9720,1,1,-0.631,12.161,-0.06,1.14,-0.06,1.14,INF,-1,1,7,0
9740,1,1,8.346,16.796,0.78,1.57,0.78,1.57,INF,-1,1,7,0
9760,1,1,11.345,19.603,1.06,1.83,1.06,1.83,INF,-1,0,7,0
9780,1,1,12.190,19.451,1.14,1.82,1.14,1.82,INF,-1,0,7,0
9800,1,1,13.304,18.154,1.24,1.70,1.24,1.70,INF,-1,0,7,0
9820,1,1,15.236,20.281,1.42,1.89,1.42,1.89,INF,-1,0,7,0
9840,1,1,23.260,18.172,2.17,1.70,2.17,1.70,INF,-1,0,7,0
9860,1,1,26.409,19.400,2.47,1.81,2.47,1.81,INF,-1,0,7,0
9880,1,1,27.904,20.316,2.61,1.90,2.60,1.90,INF,-1,0,7,0
9900,1,1,28.462,20.172,2.66,1.88,2.66,1.88,INF,-1,0,7,0
9920,1,1,29.792,19.302,2.78,1.80,2.78,1.80,INF,-1,0,7,0
9940,1,1,30.520,19.965,2.85,1.86,2.85,1.87,INF,-1,0,7,0
9960,1,1,31.996,21.340,2.99,1.99,2.99,1.99,INF,-1,0,7,0
9980,1,1,32.240,17.190,3.01,1.60,3.01,1.61,INF,-1,0,7,0
10000,1,1,30.767,18.277,2.87,1.71,2.87,1.71,INF,-1,0,7,0
10020,1,1,32.027,21.739,2.99,2.03,2.99,2.03,INF,-1,0,7,0
10040,1,1,31.590,21.330,2.95,1.99,2.95,1.99,INF,-1,0,7,0
10060,1,1,32.323,19.789,3.02,1.85,3.02,1.85,INF,-1,1,7,0
10080,1,1,32.275,18.864,3.01,1.76,3.01,1.76,INF,-1,1,7,0
10100,1,1,31.158,21.645,2.91,2.02,2.91,2.02,INF,-1,1,7,0
10120,1,1,32.272,21.074,3.01,1.97,3.01,1.97,INF,-1,1,7,0
10140,1,1,32.372,16.893,3.02,1.58,3.02,1.58,INF,-1,1,7,0
10160,1,1,32.686,19.688,3.05,1.84,3.05,1.84,INF,-1,1,7,0
10180,1,1,33.176,17.880,3.10,1.67,3.10,1.67,INF,-1,1,7,0
10200,1,1,41.730,18.018,3.89,1.68,3.89,1.68,INF,-1,1,7,0
10220,1,1,45.226,18.597,4.22,1.73,4.22,1.74,INF,-1,1,7,0
10240,1,1,43.624,17.442,4.07,1.63,4.07,1.63,INF,-1,0,7,0
10260,1,1,44.641,15.870,4.17,1.48,4.16,1.48,INF,-1,0,7,0
10280,1,1,46.067,18.639,4.30,1.74,4.30,1.74,INF,-1,0,7,0
10300,1,1,45.896,18.826,4.28,1.75,4.28,1.76,INF,-1,0,7,0
10320,1,1,48.327,16.363,4.51,1.52,4.51,1.53,INF,-1,0,7,0
10340,1,1,54.590,13.645,5.09,1.27,5.09,1.28,INF,-1,0,7,0
10360,1,1,59.325,14.099,5.53,1.31,5.53,1.32,INF,-1,0,7,0
10380,1,1,60.186,14.605,5.61,1.36,5.61,1.36,INF,-1,0,7,0
10400,1,1,61.864,13.101,5.76,1.22,5.76,1.22,INF,-1,0,7,0
10420,1,1,62.473,8.604,5.82,0.80,5.82,0.80,INF,-1,0,7,0
10440,1,1,62.081,8.910,5.78,0.83,5.78,0.83,INF,-1,0,7,0
10460,1,1,67.642,3.542,6.30,0.33,6.30,0.33,INF,-1,0,7,0
10480,1,1,63.533,11.385,5.92,1.06,5.92,1.06,INF,-1,0,7,0
10500,1,1,70.032,-0.672,6.52,-0.06,6.52,-0.06,INF,-1,1,7,0
10520,1,1,71.400,-0.180,6.64,-0.02,6.64,-0.02,INF,-1,1,7,0
10540,1,1,73.004,1.538,6.79,0.14,6.79,0.14,INF,-1,0,7,0
10560,1,1,63.525,8.669,5.92,0.81,5.92,0.81,INF,-1,0,7,0
10580,0,1,0.000,0.000,0.00,0.00,0.00,0.00,0.00,-1,0,7,0
10600,1,1,67.711,7.593,6.30,0.71,6.30,0.71,INF,-1,0,7,0
10620,1,1,68.670,-2.278,6.39,-0.21,6.39,-0.21,INF,-1,0,7,0
10640,1,1,63.840,6.890,5.95,0.64,5.95,0.64,INF,-1,0,7,0
10660,1,1,69.167,-0.761,6.44,-0.07,6.44,-0.07,INF,-1,0,7,0
10680,1,1,61.775,9.184,5.75,0.85,5.75,0.86,INF,-1,0,7,0
10700,1,1,58.604,9.699,5.46,0.90,5.46,0.91,INF,-1,0,7,0
10720,1,1,56.501,7.241,5.27,0.67,5.27,0.68,INF,-1,0,7,0
10740,1,1,54.393,14.746,5.07,1.37,5.07,1.38,INF,-1,0,7,0
10760,1,1,43.274,13.535,4.04,1.26,4.04,1.26,INF,-1,0,7,0
10780,1,1,42.428,16.938,3.96,1.58,3.96,1.58,INF,-1,0,7,0
10800,1,1,40.063,13.635,3.74,1.27,3.74,1.27,INF,-1,0,7,0
10820,1,1,39.751,16.198,3.71,1.51,3.71,1.51,INF,-1,0,7,0
10840,1,1,39.463,13.065,3.68,1.22,3.68,1.22,INF,-1,0,7,0
10860,1,1,39.992,13.625,3.73,1.27,3.73,1.27,INF,-1,0,7,0
10880,1,1,40.732,13.524,3.80,1.26,3.80,1.26,INF,-1,0,7,0
10900,1,1,38.437,16.747,3.59,1.56,3.59,1.56,INF,-1,0,7,0
10920,1,1,37.337,18.156,3.49,1.69,3.48,1.70,INF,-1,1,7,0
10940,1,1,37.715,17.394,3.52,1.62,3.52,1.63,INF,-1,0,7,0
10960,1,1,36.922,16.737,3.45,1.56,3.45,1.56,INF,-1,0,7,0
10980,1,1,37.848,12.010,3.53,1.12,3.53,1.12,INF,-1,0,7,0
11000,1,1,35.548,17.672,3.32,1.65,3.32,1.65,INF,-1,0,7,0
11020,1,1,34.296,12.602,3.20,1.18,3.20,1.18,INF,-1,0,7,0
11040,1,1,34.803,6.401,3.25,0.60,3.25,0.60,INF,-1,0,7,0
11060,1,1,34.298,8.275,3.20,0.77,3.20,0.77,INF,-1,0,7,0
11080,1,1,36.223,12.342,3.38,1.15,3.38,1.15,INF,-1,0,7,0
11100,1,1,42.571,5.585,3.97,0.52,3.97,0.52,INF,-1,0,7,0
11120,0,1,0.000,0.000,0.00,0.00,0.00,0.00,0.00,-1,0,7,0
11140,1,1,56.981,1.811,5.31,0.17,5.31,0.17,INF,-1,0,7,0
11160,1,1,58.319,5.386,5.43,0.50,5.43,0.50,INF,-1,0,7,0
11180,1,1,62.195,-1.765,5.79,-0.16,5.79,-0.16,INF,-1,1,7,0
11200,0,1,0.000,0.000,0.00,0.00,0.00,0.00,0.00,-1,0,7,0
11220,1,1,69.290,-2.921,6.45,-0.27,6.45,-0.27,INF,-1,0,7,0
11240,1,1,70.243,4.346,6.54,0.40,6.54,0.41,INF,-1,0,7,0
11260,1,1,69.120,0.197,6.43,0.02,6.43,0.02,INF,-1,0,7,0
11280,1,1,66.513,2.666,6.19,0.25,6.19,0.25,INF,-1,0,7,0
11300,1,1,65.818,13.247,6.13,1.23,6.13,1.24,INF,-1,0,7,0
11320,1,1,63.827,15.841,5.94,1.47,5.94,1.48,INF,-1,0,7,0
11340,1,1,63.592,13.351,5.92,1.24,5.92,1.25,INF,-1,0,7,0
11360,1,1,61.128,17.887,5.69,1.66,5.69,1.67,INF,-1,0,7,0
11380,1,1,61.319,18.616,5.71,1.73,5.71,1.74,INF,-1,0,7,0
11400,1,1,65.462,18.600,6.10,1.73,6.09,1.74,INF,-1,0,7,0
11420,1,1,67.368,22.010,6.27,2.04,6.27,2.06,INF,-1,0,7,0
11440,1,1,66.830,19.576,6.22,1.82,6.22,1.83,INF,-1,1,7,0
11460,1,1,67.553,18.686,6.29,1.74,6.29,1.75,INF,-1,1,7,0
11480,1,1,69.183,20.053,6.44,1.86,6.44,1.87,INF,-1,1,7,0
11500,1,1,68.396,18.596,6.37,1.73,6.36,1.74,INF,-1,1,7,0
11520,1,1,69.423,16.779,6.46,1.56,6.46,1.57,INF,-1,1,7,0
11540,1,1,70.866,19.656,6.59,1.82,6.59,1.84,INF,-1,1,7,0
11560,1,1,70.620,17.336,6.57,1.61,6.57,1.62,INF,-1,1,7,0
11580,1,1,58.967,2.421,5.49,0.23,5.49,0.23,INF,-1,1,7,0
11600,1,1,40.208,-27.564,3.75,-2.57,3.75,-2.57,INF,-1,1,7,0
11620,0,1,0.000,0.000,0.00,0.00,0.00,0.00,0.00,-1,1,7,0
11640,0,1,0.000,0.000,0.00,0.00,0.00,0.00,0.00,-1,1,7,0
11660,0,1,0.000,0.000,0.00,0.00,0.00,0.00,0.00,-1,0,7,0
11680,0,1,0.000,0.000,0.00,0.00,0.00,0.00,0.00,-1,0,7,0
11700,0,1,0.000,0.000,0.00,0.00,0.00,0.00,0.00,-1,0,7,0
11720,0,1,0.000,0.000,0.00,0.00,0.00,0.00,0.00,-1,0,7,0
11740,0,1,0.000,0.000,0.00,0.00,0.00,0.00,0.00,-1,0,7,0
11760,0,1,0.000,0.000,0.00,0.00,0.00,0.00,0.00,-1,0,7,0
11780,0,1,0.000,0.000,0.00,0.00,0.00,0.00,0.00,-1,0,7,0
11800,0,1,0.000,0.000,0.00,0.00,0.00,0.00,0.00,-1,0,7,0
11820,0,1,0.000,0.000,0.00,0.00,0.00,0.00,0.00,-1,0,7,0
11840,0,1,0.000,0.000,0.00,0.00,0.00,0.00,0.00,-1,0,7,0
11860,0,1,0.000,0.000,0.00,0.00,0.00,0.00,0.00,-1,0,7,0
11880,0,1,0.000,0.000,0.00,0.00,0.00,0.00,0.00,-1,0,7,0
11900,0,1,0.000,0.000,0.00,0.00,0.00,0.00,0.00,-1,0,7,0
11920,1,1,-12.461,-13.760,-1.16,-1.29,-1.16,-1.29,INF,-1,0,7,0
11940,1,1,-8.161,-39.223,-0.76,-3.66,-0.76,-3.66,INF,-1,0,7,0
11960,0,1,0.000,0.000,0.00,0.00,0.00,0.00,0.00,-1,0,7,0
11980,1,1,-10.520,-4.501,-0.98,-0.42,-0.98,-0.42,INF,-1,0,7,0
12000,1,1,-13.535,1.976,-1.26,0.18,-1.26,0.18,INF,-1,0,7,0
12020,1,1,-15.040,2.741,-1.41,0.26,-1.41,0.26,INF,-1,0,7,0
12040,1,1,-20.207,4.809,-1.89,0.45,-1.89,0.45,INF,-1,0,7,0
12060,0,1,0.000,0.000,0.00,0.00,0.00,0.00,0.00,-1,0,7,0
12080,0,1,0.000,0.000,0.00,0.00,0.00,0.00,0.00,-1,0,7,0
12100,0,1,0.000,0.000,0.00,0.00,0.00,0.00,0.00,-1,0,7,0
12120,0,1,0.000,0.000,0.00,0.00,0.00,0.00,0.00,-1,0,7,0
12140,0,1,0.000,0.000,0.00,0.00,0.00,0.00,0.00,-1,0,7,0
12160,0,1,0.000,0.000,0.00,0.00,0.00,0.00,0.00,-1,0,7,0
12180,0,1,0.000,0.000,0.00,0.00,0.00,0.00,0.00,-1,0,7,0
12200,0,1,0.000,0.000,0.00,0.00,0.00,0.00,0.00,-1,0,7,0
12220,0,1,0.000,0.000,0.00,0.00,0.00,0.00,0.00,-1,0,7,0
12240,0,1,0.000,0.000,0.00,0.00,0.00,0.00,0.00,-1,0,7,0
12260,0,1,0.000,0.000,0.00,0.00,0.00,0.00,0.00,-1,0,7,0
12280,0,1,0.000,0.000,0.00,0.00,0.00,0.00,0.00,-1,0,7,0
12300,0,1,0.000,0.000,0.00,0.00,0.00,0.00,0.00,-1,0,7,0
12320,0,1,0.000,0.000,0.00,0.00,0.00,0.00,0.00,-1,0,7,0
12340,0,1,0.000,0.000,0.00,0.00,0.00,0.00,0.00,-1,0,7,0
12360,0,1,0.000,0.000,0.00,0.00,0.00,0.00,0.00,-1,0,7,0
12380,0,1,0.000,0.000,0.00,0.00,0.00,0.00,0.00,-1,0,7,0
12400,0,1,0.000,0.000,0.00,0.00,0.00,0.00,0.00,-1,0,7,0
12420,0,1,0.000,0.000,0.00,0.00,0.00,0.00,0.00,-1,0,7,0
12440,0,1,0.000,0.000,0.00,0.00,0.00,0.00,0.00,-1,0,7,0
12460,0,1,0.000,0.000,0.00,0.00,0.00,0.00,0.00,-1,0,7,0
12480,0,1,0.000,0.000,0.00,0.00,0.00,0.00,0.00,-1,0,7,0
12500,0,1,0.000,0.000,0.00,0.00,0.00,0.00,0.00,-1,0,7,0
12520,0,1,0.000,0.000,0.00,0.00,0.00,0.00,0.00,-1,0,7,0
12540,0,1,0.000,0.000,0.00,0.00,0.00,0.00,0.00,-1,0,7,0
12560,0,1,0.000,0.000,0.00,0.00,0.00,0.00,0.00,-1,0,7,0
12580,0,1,0.000,0.000,0.00,0.00,0.00,0.00,0.00,-1,0,7,0
12600,0,1,0.000,0.000,0.00,0.00,0.00,0.00,0.00,-1,0,7,0
12620,0,1,0.000,0.000,0.00,0.00,0.00,0.00,0.00,-1,0,7,0
12640,0,1,0.000,0.000,0.00,0.00,0.00,0.00,0.00,-1,0,7,0
12660,1,1,-26.217,33.389,-2.45,3.11,-2.45,3.12,INF,-1,0,7,0
12680,1,1,-27.124,31.420,-2.53,2.93,-2.53,2.93,INF,-1,0,7,0
12700,1,1,-28.888,31.410,-2.70,2.93,-2.69,2.93,INF,-1,0,7,0
12720,1,1,-41.627,27.403,-3.88,2.55,-3.88,2.56,INF,-1,0,7,0
12740,1,1,-39.171,24.990,-3.66,2.33,-3.65,2.33,INF,-1,0,7,0
12760,1,1,-38.649,25.433,-3.61,2.37,-3.60,2.38,INF,-1,0,7,0
12780,0,1,0.000,0.000,0.00,0.00,0.00,0.00,0.00,-1,0,7,0
12800,1,1,-38.811,23.422,-3.62,2.18,-3.62,2.19,INF,-1,0,7,0
12820,1,1,-37.311,22.142,-3.48,2.06,-3.48,2.07,INF,-1,0,7,0
12840,1,1,-38.404,23.427,-3.58,2.18,-3.58,2.19,INF,-1,0,7,0
12860,1,1,-37.390,22.677,-3.49,2.11,-3.49,2.12,INF,-1,0,7,0
12880,1,1,-38.233,20.549,-3.57,1.92,-3.57,1.92,INF,-1,0,7,0
12900,1,1,-37.884,20.164,-3.54,1.88,-3.53,1.88,INF,-1,0,7,0
12920,1,1,-37.178,17.920,-3.47,1.67,-3.47,1.67,INF,-1,0,7,0
12940,1,1,-48.636,15.490,-4.54,1.44,-4.53,1.45,INF,-1,0,7,0
12960,1,1,-48.470,10.030,-4.52,0.93,-4.52,0.94,INF,-1,0,7,0
12980,1,1,-47.305,11.839,-4.41,1.10,-4.41,1.11,INF,-1,0,7,0
13000,1,1,-47.457,10.385,-4.43,0.97,-4.43,0.97,INF,-1,1,7,0
13020,1,1,-47.287,10.302,-4.41,0.96,-4.41,0.96,INF,-1,1,7,0
13040,1,1,-46.437,9.268,-4.33,0.86,-4.33,0.87,INF,-1,0,7,0
13060,1,1,-46.469,10.140,-4.34,0.94,-4.33,0.95,INF,-1,0,7,0
13080,1,1,-46.638,9.140,-4.35,0.85,-4.35,0.85,INF,-1,0,7,0
13100,1,1,-46.806,8.084,-4.37,0.75,-4.37,0.76,INF,-1,0,7,0
13120,1,1,-47.526,6.991,-4.43,0.65,-4.43,0.65,INF,-1,0,7,0
13140,1,1,-47.654,6.919,-4.45,0.64,-4.44,0.65,INF,-1,0,7,0
13160,1,1,-57.574,25.463,-5.37,2.37,-5.36,2.38,INF,-1,0,7,0
13180,1,1,-58.034,28.960,-5.41,2.69,-5.40,2.70,INF,-1,0,7,0
13200,1,1,-57.238,26.049,-5.33,2.42,-5.33,2.43,INF,-1,0,7,0
13220,1,1,-58.246,24.371,-5.43,2.27,-5.42,2.28,INF,-1,0,7,0
13240,1,1,-56.980,22.337,-5.31,2.08,-5.31,2.09,INF,-1,0,7,0
13260,1,1,-55.337,22.679,-5.16,2.11,-5.15,2.12,INF,-1,0,7,0
13280,1,1,-55.453,21.265,-5.17,1.98,-5.17,1.99,INF,-1,0,7,0
13300,1,1,-56.175,21.187,-5.24,1.97,-5.23,1.98,INF,-1,0,7,0
13320,1,1,-53.542,23.912,-4.99,2.23,-4.99,2.23,INF,-1,1,7,0
13340,1,1,-45.490,27.375,-4.24,2.55,-4.24,2.56,INF,-1,1,7,0
13360,1,1,-46.927,27.116,-4.38,2.53,-4.37,2.53,INF,-1,1,7,0
13380,1,1,-46.394,26.588,-4.33,2.48,-4.32,2.48,INF,-1,0,7,0
13400,1,1,-45.998,25.919,-4.29,2.41,-4.29,2.42,INF,-1,0,7,0
13420,1,1,-46.102,26.812,-4.30,2.50,-4.30,2.50,INF,-1,0,7,0
13440,1,1,-46.268,25.132,-4.32,2.34,-4.31,2.35,INF,-1,0,7,0
13460,1,1,-45.479,25.574,-4.24,2.38,-4.24,2.39,INF,-1,0,7,0
13480,1,1,-45.372,24.409,-4.23,2.27,-4.23,2.28,INF,-1,0,7,0
13500,1,1,-42.543,23.085,-3.97,2.15,-3.97,2.16,INF,-1,0,7,0
13520,1,1,-34.503,21.277,-3.22,1.98,-3.22,1.99,INF,-1,0,7,0
13540,1,1,-35.140,20.447,-3.28,1.91,-3.28,1.91,INF,-1,0,7,0
13560,0,1,0.000,0.000,0.00,0.00,0.00,0.00,0.00,-1,0,7,0
13580,1,1,-33.688,19.670,-3.15,1.84,-3.14,1.84,INF,-1,0,7,0
13600,1,1,-33.749,18.256,-3.15,1.70,-3.15,1.71,INF,-1,0,7,0
13620,1,1,-32.330,18.677,-3.02,1.74,-3.02,1.75,INF,-1,1,7,0
13640,1,1,-32.186,17.308,-3.01,1.62,-3.00,1.62,INF,-1,0,7,0
13660,1,1,-32.229,17.171,-3.01,1.60,-3.01,1.60,INF,-1,0,7,0
13680,1,1,-31.644,17.529,-2.96,1.64,-2.95,1.64,INF,-1,0,7,0
13700,1,1,-30.529,17.162,-2.85,1.60,-2.85,1.60,INF,-1,0,7,0
13720,1,1,-29.804,16.668,-2.78,1.56,-2.78,1.56,INF,-1,0,7,0
13740,1,1,-30.514,16.718,-2.85,1.56,-2.85,1.56,INF,-1,0,7,0
13760,1,1,-29.779,12.289,-2.78,1.15,-2.78,1.15,INF,-1,0,7,0
13780,1,1,-28.497,12.672,-2.66,1.18,-2.66,1.18,INF,-1,0,7,0
13800,1,1,-29.344,14.589,-2.74,1.36,-2.74,1.36,INF,-1,0,7,0
13820,1,1,-29.266,11.340,-2.73,1.06,-2.73,1.06,INF,-1,0,7,0
13840,1,1,-29.198,12.849,-2.73,1.20,-2.73,1.20,INF,-1,0,7,0
13860,1,1,-28.984,13.920,-2.71,1.30,-2.71,1.30,INF,-1,0,7,0
13880,1,1,-29.687,12.995,-2.77,1.21,-2.77,1.21,INF,-1,1,7,0
13900,1,1,-29.275,12.664,-2.73,1.18,-2.73,1.18,INF,-1,1,7,0
13920,1,1,-35.085,18.501,-3.28,1.73,-3.27,1.73,INF,-1,1,7,0
13940,1,1,-33.043,18.631,-3.09,1.74,-3.08,1.74,INF,-1,1,7,0
13960,1,1,-33.308,17.806,-3.11,1.66,-3.11,1.66,INF,-1,1,7,0
13980,1,1,-33.694,16.862,-3.15,1.57,-3.14,1.58,INF,-1,1,7,0
14000,1,1,-34.131,16.364,-3.19,1.53,-3.19,1.53,INF,-1,1,7,0
14020,1,1,-34.206,15.348,-3.19,1.43,-3.19,1.43,INF,-1,1,7,0
14040,1,1,-33.287,15.283,-3.11,1.43,-3.11,1.43,INF,-1,1,7,0
14060,1,1,-33.089,16.312,-3.09,1.52,-3.09,1.52,INF,-1,1,7,0
14080,1,1,-33.084,16.939,-3.09,1.58,-3.09,1.58,INF,-1,1,7,0
14100,1,1,-34.171,14.845,-3.19,1.39,-3.19,1.39,INF,-1,1,7,0
14120,1,1,-32.867,14.949,-3.07,1.40,-3.07,1.40,INF,-1,1,7,0
14140,1,1,-32.968,13.115,-3.08,1.22,-3.08,1.23,INF,-1,1,7,0
14160,1,1,-32.708,12.990,-3.05,1.21,-3.05,1.21,INF,-1,1,7,0
14180,1,1,-35.023,14.794,-3.27,1.38,-3.27,1.38,INF,-1,1,7,0
14200,1,1,-45.754,21.217,-4.27,1.98,-4.27,1.98,INF,-1,1,7,0
14220,1,1,-42.578,19.187,-3.97,1.79,-3.97,1.79,INF,-1,1,7,0
14240,1,1,-41.973,18.971,-3.92,1.77,-3.92,1.77,INF,-1,0,7,0
14260,1,1,-42.366,18.879,-3.95,1.76,-3.95,1.76,INF,-1,0,7,0
14280,1,1,-42.444,19.782,-3.96,1.84,-3.96,1.85,INF,-1,0,7,0
14300,1,1,-42.694,18.268,-3.98,1.70,-3.98,1.71,INF,-1,0,7,0
14320,1,1,-42.669,18.251,-3.98,1.70,-3.98,1.71,INF,-1,0,7,0
14340,1,1,-42.582,19.296,-3.97,1.80,-3.97,1.80,INF,-1,0,7,0
14360,0,1,0.000,0.000,0.00,0.00,0.00,0.00,0.00,-1,0,7,0
14380,1,1,-54.153,16.984,-5.05,1.58,-5.05,1.59,INF,-1,0,7,0
14400,1,1,-52.847,20.433,-4.93,1.90,-4.92,1.91,INF,-1,0,7,0
14420,1,1,-52.170,18.244,-4.86,1.70,-4.86,1.70,INF,-1,0,7,0
14440,1,1,-52.167,19.519,-4.86,1.82,-4.86,1.82,INF,-1,0,7,0
14460,1,1,-52.820,19.260,-4.92,1.79,-4.92,1.80,INF,-1,0,7,0
14480,1,1,-52.155,17.864,-4.86,1.66,-4.86,1.67,INF,-1,1,7,0
14500,1,1,-45.209,17.234,-4.22,1.61,-4.22,1.61,INF,-1,1,7,0
14520,1,1,-39.733,18.231,-3.71,1.70,-3.71,1.70,INF,-1,1,7,0
14540,1,1,-40.491,18.776,-3.78,1.75,-3.78,1.75,INF,-1,1,7,0
14560,1,1,-40.506,18.531,-3.78,1.73,-3.78,1.73,INF,-1,1,7,0
14580,1,1,-39.511,15.057,-3.69,1.40,-3.69,1.41,INF,-1,1,7,0
14600,1,1,-38.252,15.324,-3.57,1.43,-3.57,1.43,INF,-1,1,7,0
14620,1,1,-40.279,10.191,-3.76,0.95,-3.76,0.95,INF,-1,1,7,0
14640,0,1,0.000,0.000,0.00,0.00,0.00,0.00,0.00,-1,1,7,0
14660,0,1,0.000,0.000,0.00,0.00,0.00,0.00,0.00,-1,1,7,0
14680,1,1,-27.077,8.259,-2.53,0.77,-2.53,0.77,INF,-1,1,7,0
14700,1,1,-27.564,6.960,-2.57,0.65,-2.57,0.65,INF,-1,0,7,0
14720,1,1,-27.253,6.442,-2.55,0.60,-2.55,0.60,INF,-1,0,7,0
14740,1,1,-25.475,8.100,-2.38,0.76,-2.38,0.76,INF,-1,0,7,0
14760,1,1,-25.963,5.434,-2.43,0.51,-2.43,0.51,INF,-1,0,7,0
14780,1,1,-25.624,10.940,-2.39,1.02,-2.39,1.02,INF,-1,0,7,0
14800,1,1,-26.084,6.817,-2.44,0.64,-2.44,0.64,INF,-1,0,7,0
14820,1,1,-26.533,5.597,-2.48,0.52,-2.48,0.52,INF,-1,0,7,0
14840,1,1,-25.682,7.348,-2.40,0.69,-2.40,0.69,INF,-1,0,7,0
14860,1,1,-25.881,8.685,-2.42,0.81,-2.42,0.81,INF,-1,0,7,0
14880,1,1,-25.297,3.854,-2.36,0.36,-2.36,0.36,INF,-1,0,7,0
14900,1,1,-14.807,-7.542,-1.38,-0.70,-1.38,-0.70,INF,-1,0,7,0
14920,1,1,-15.718,-5.747,-1.47,-0.54,-1.47,-0.54,INF,-1,0,7,0
14940,1,1,-15.610,-5.058,-1.46,-0.47,-1.46,-0.47,INF,-1,0,7,0
14960,1,1,-15.316,-6.076,-1.43,-0.57,-1.43,-0.57,INF,-1,0,7,0
14980,1,1,-14.894,-5.022,-1.39,-0.47,-1.39,-0.47,INF,-1,0,7,0
15000,1,1,-16.010,-8.362,-1.50,-0.78,-1.50,-0.78,INF,-1,1,7,0
