"EyeTracker Toolbox version","3.250"
CalibrationParameters_A11,1.06848
CalibrationParameters_A12,0.05651
CalibrationParameters_A13,-0.01968
CalibrationParameters_A21,0.05548
CalibrationParameters_A22,-1.08502
CalibrationParameters_A23,-0.00382
CalibrationParameters_A31,-0.00013
CalibrationParameters_A32,0.00000
CalibrationParameters_E11,-0.18010
CalibrationParameters_E12,0.00007
CalibrationParameters_E21,0.00003
CalibrationParameters_E22,0.20002
CalibrationParameters_X,-32.65324
CalibrationParameters_Y,-3.66836
CalibrationParameters_Rpc,71.67885
CalibrationParameters_MeanX,155.29764
CalibrationParameters_MeanY,109.87297
CalibrationParameters_ViewDist,613.00000
TimeStamp,Tracked,Calibrated,ScreenPositionXmm,ScreenPositionYmm,FicksLongitude,FicksLatitude,HelmholtzAzimuth,HelmholtzElevation,PupilDiameter,Region,Fixation,DigitalIO,Dropped
0,1,1,-6.474,2.723,-0.61,0.25,-0.61,0.25,INF,-1,0,7,0
20,1,1,-6.631,0.657,-0.62,0.06,-0.62,0.06,INF,-1,0,7,0
40,1,1,-9.348,1.032,-0.87,0.10,-0.87,0.10,INF,-1,0,7,0
60,1,1,-4.932,1.450,-0.46,0.14,-0.46,0.14,INF,-1,0,7,0
80,1,1,-6.649,1.374,-0.62,0.13,-0.62,0.13,INF,-1,0,7,0
100,1,1,-9.009,2.492,-0.84,0.23,-0.84,0.23,INF,-1,0,7,0
120,1,1,-5.970,1.245,-0.56,0.12,-0.56,0.12,INF,-1,0,7,0
140,1,1,-8.156,0.282,-0.76,0.03,-0.76,0.03,INF,-1,0,7,0
160,1,1,-16.127,2.086,-1.51,0.19,-1.51,0.19,INF,-1,0,7,0
180,1,1,-22.114,-0.330,-2.07,-0.03,-2.07,-0.03,INF,-1,0,7,0
200,1,1,-19.401,-0.674,-1.81,-0.06,-1.81,-0.06,INF,-1,0,7,0
220,1,1,-17.454,-1.222,-1.63,-0.11,-1.63,-0.11,INF,-1,0,7,0
240,1,1,-20.657,-0.827,-1.93,-0.08,-1.93,-0.08,INF,-1,0,7,0
260,1,1,-21.095,0.625,-1.97,0.06,-1.97,0.06,INF,-1,0,7,0
280,1,1,-21.530,-1.487,-2.01,-0.14,-2.01,-0.14,INF,-1,1,7,0
300,1,1,-15.955,-0.792,-1.49,-0.07,-1.49,-0.07,INF,-1,1,7,0
320,1,1,5.715,3.172,0.53,0.30,0.53,0.30,INF,-1,1,7,0
340,1,1,35.980,13.560,3.36,1.27,3.36,1.27,INF,-1,1,7,0
360,1,1,36.072,9.382,3.37,0.88,3.37,0.88,INF,-1,0,7,0
380,1,1,31.304,10.299,2.92,0.96,2.92,0.96,INF,-1,0,7,0
400,1,1,37.539,8.290,3.50,0.77,3.50,0.77,INF,-1,0,7,0
420,1,1,32.189,9.477,3.01,0.88,3.01,0.89,INF,-1,0,7,0
440,1,1,37.472,8.853,3.50,0.83,3.50,0.83,INF,-1,0,7,0
460,1,1,36.376,7.614,3.40,0.71,3.40,0.71,INF,-1,0,7,0
480,1,1,33.512,9.809,3.13,0.92,3.13,0.92,INF,-1,0,7,0
500,1,1,33.892,6.005,3.16,0.56,3.16,0.56,INF,-1,0,7,0
520,1,1,35.311,8.994,3.30,0.84,3.30,0.84,INF,-1,0,7,0
540,1,1,37.297,8.999,3.48,0.84,3.48,0.84,INF,-1,0,7,0
560,1,1,32.896,10.923,3.07,1.02,3.07,1.02,INF,-1,0,7,0
580,1,1,31.641,9.838,2.95,0.92,2.95,0.92,INF,-1,0,7,0
600,1,1,-16.587,-4.118,-1.55,-0.38,-1.55,-0.38,INF,-1,0,7,0
620,1,1,-17.474,-6.532,-1.63,-0.61,-1.63,-0.61,INF,-1,1,7,0
640,1,1,-20.969,-4.203,-1.96,-0.39,-1.96,-0.39,INF,-1,0,7,0
660,1,1,-20.678,-9.007,-1.93,-0.84,-1.93,-0.84,INF,-1,0,7,0
680,1,1,-21.175,-5.014,-1.98,-0.47,-1.98,-0.47,INF,-1,0,7,0
700,1,1,-19.437,-6.595,-1.82,-0.62,-1.82,-0.62,INF,-1,0,7,0
720,1,1,-20.675,-6.062,-1.93,-0.57,-1.93,-0.57,INF,-1,0,7,0
740,1,1,-18.438,-4.582,-1.72,-0.43,-1.72,-0.43,INF,-1,0,7,0
760,1,1,-17.032,-4.378,-1.59,-0.41,-1.59,-0.41,INF,-1,0,7,0
780,1,1,-19.491,-6.086,-1.82,-0.57,-1.82,-0.57,INF,-1,0,7,0
800,1,1,-16.447,-3.414,-1.54,-0.32,-1.54,-0.32,INF,-1,0,7,0
820,1,1,-15.646,-8.396,-1.46,-0.78,-1.46,-0.78,INF,-1,0,7,0
840,1,1,-19.356,-5.430,-1.81,-0.51,-1.81,-0.51,INF,-1,0,7,0
860,1,1,-20.512,-4.885,-1.92,-0.46,-1.92,-0.46,INF,-1,0,7,0
880,1,1,-17.537,-8.623,-1.64,-0.81,-1.64,-0.81,INF,-1,1,7,0
900,1,1,-16.668,-4.784,-1.56,-0.45,-1.56,-0.45,INF,-1,1,7,0
920,1,1,-15.753,-8.086,-1.47,-0.76,-1.47,-0.76,INF,-1,1,7,0
940,1,1,-13.182,-7.691,-1.23,-0.72,-1.23,-0.72,INF,-1,1,7,0
960,1,1,-15.504,-7.958,-1.45,-0.74,-1.45,-0.74,INF,-1,1,7,0
980,1,1,-18.656,-0.766,-1.74,-0.07,-1.74,-0.07,INF,-1,1,7,0
1000,1,1,-17.027,-5.054,-1.59,-0.47,-1.59,-0.47,INF,-1,1,7,0
1020,1,1,-16.083,-4.933,-1.50,-0.46,-1.50,-0.46,INF,-1,1,7,0
1040,1,1,-17.449,-5.156,-1.63,-0.48,-1.63,-0.48,INF,-1,1,7,0
1060,1,1,-17.551,-5.438,-1.64,-0.51,-1.64,-0.51,INF,-1,1,7,0
1080,1,1,-16.844,-7.119,-1.57,-0.67,-1.57,-0.67,INF,-1,1,7,0
1100,1,1,-12.167,-8.753,-1.14,-0.82,-1.14,-0.82,INF,-1,1,7,0
1120,1,1,-24.086,-2.431,-2.25,-0.23,-2.25,-0.23,INF,-1,1,7,0
1140,1,1,-29.451,-0.908,-2.75,-0.08,-2.75,-0.08,INF,-1,1,7,0
1160,1,1,-30.045,-1.953,-2.81,-0.18,-2.81,-0.18,INF,-1,1,7,0
1180,1,1,-31.670,-2.381,-2.96,-0.22,-2.96,-0.22,INF,-1,0,7,0
1200,1,1,-29.484,-1.331,-2.75,-0.12,-2.75,-0.12,INF,-1,0,7,0
1220,1,1,-34.221,-5.131,-3.20,-0.48,-3.20,-0.48,INF,-1,0,7,0
1240,1,1,-33.876,0.887,-3.16,0.08,-3.16,0.08,INF,-1,0,7,0
1260,1,1,-39.249,-2.335,-3.66,-0.22,-3.66,-0.22,INF,-1,0,7,0
1280,1,1,-38.678,5.021,-3.61,0.47,-3.61,0.47,INF,-1,0,7,0
1300,1,1,-34.439,-1.843,-3.22,-0.17,-3.22,-0.17,INF,-1,0,7,0
1320,1,1,-36.943,-0.525,-3.45,-0.05,-3.45,-0.05,INF,-1,0,7,0
1340,1,1,-31.789,-2.520,-2.97,-0.24,-2.97,-0.24,INF,-1,0,7,0
1360,1,1,-37.237,-2.272,-3.48,-0.21,-3.48,-0.21,INF,-1,0,7,0
1380,1,1,-45.318,0.432,-4.23,0.04,-4.23,0.04,INF,-1,0,7,0
1400,1,1,-45.426,-0.527,-4.24,-0.05,-4.24,-0.05,INF,-1,0,7,0
1420,1,1,-43.878,0.377,-4.09,0.04,-4.09,0.04,INF,-1,1,7,0
1440,1,1,-44.024,-0.194,-4.11,-0.02,-4.11,-0.02,INF,-1,1,7,0
1460,1,1,-48.413,1.106,-4.52,0.10,-4.52,0.10,INF,-1,1,7,0
1480,1,1,-43.707,1.316,-4.08,0.12,-4.08,0.12,INF,-1,1,7,0
1500,1,1,-46.900,-3.938,-4.38,-0.37,-4.38,-0.37,INF,-1,1,7,0
1520,1,1,-47.202,2.900,-4.40,0.27,-4.40,0.27,INF,-1,1,7,0
1540,1,1,-47.469,-1.920,-4.43,-0.18,-4.43,-0.18,INF,-1,0,7,0
1560,1,1,-50.441,-0.793,-4.70,-0.07,-4.70,-0.07,INF,-1,0,7,0
1580,1,1,-48.529,0.948,-4.53,0.09,-4.53,0.09,INF,-1,0,7,0
1600,1,1,-52.289,0.279,-4.88,0.03,-4.88,0.03,INF,-1,0,7,0
1620,1,1,-50.427,1.294,-4.70,0.12,-4.70,0.12,INF,-1,0,7,0
1640,1,1,-51.219,0.471,-4.78,0.04,-4.78,0.04,INF,-1,0,7,0
1660,1,1,-50.277,-1.347,-4.69,-0.13,-4.69,-0.13,INF,-1,0,7,0
1680,1,1,-53.676,2.234,-5.00,0.21,-5.00,0.21,INF,-1,0,7,0
1700,1,1,-51.967,4.321,-4.85,0.40,-4.85,0.40,INF,-1,0,7,0
1720,1,1,-48.422,0.681,-4.52,0.06,-4.52,0.06,INF,-1,0,7,0
1740,1,1,-50.420,4.681,-4.70,0.44,-4.70,0.44,INF,-1,0,7,0
1760,1,1,-48.279,0.973,-4.50,0.09,-4.50,0.09,INF,-1,0,7,0
1780,1,1,-51.655,1.998,-4.82,0.19,-4.82,0.19,INF,-1,1,7,0
1800,1,1,-43.584,2.333,-4.07,0.22,-4.07,0.22,INF,-1,1,7,0
1820,1,1,-47.456,2.261,-4.43,0.21,-4.43,0.21,INF,-1,1,7,0
1840,1,1,-49.472,-1.811,-4.61,-0.17,-4.61,-0.17,INF,-1,1,7,0
1860,1,1,-48.054,0.800,-4.48,0.07,-4.48,0.07,INF,-1,1,7,0
1880,1,1,-44.111,1.651,-4.12,0.15,-4.12,0.15,INF,-1,1,7,0
1900,1,1,-35.223,3.174,-3.29,0.30,-3.29,0.30,INF,-1,1,7,0
1920,1,1,-34.757,4.907,-3.25,0.46,-3.25,0.46,INF,-1,1,7,0
1940,1,1,-37.928,0.924,-3.54,0.09,-3.54,0.09,INF,-1,0,7,0
1960,1,1,-34.446,3.410,-3.22,0.32,-3.22,0.32,INF,-1,0,7,0
1980,1,1,-35.829,1.789,-3.35,0.17,-3.34,0.17,INF,-1,0,7,0
2000,1,1,-35.100,3.410,-3.28,0.32,-3.28,0.32,INF,-1,0,7,0
2020,1,1,-34.630,3.178,-3.23,0.30,-3.23,0.30,INF,-1,0,7,0
2040,1,1,-36.252,4.215,-3.38,0.39,-3.38,0.39,INF,-1,0,7,0
2060,1,1,-32.917,2.574,-3.07,0.24,-3.07,0.24,INF,-1,0,7,0
2080,1,1,-34.547,5.069,-3.23,0.47,-3.23,0.47,INF,-1,0,7,0
2100,1,1,-31.913,0.655,-2.98,0.06,-2.98,0.06,INF,-1,0,7,0
2120,1,1,-25.957,0.461,-2.42,0.04,-2.42,0.04,INF,-1,0,7,0
2140,1,1,-31.486,3.530,-2.94,0.33,-2.94,0.33,INF,-1,0,7,0
2160,1,1,-28.493,2.637,-2.66,0.25,-2.66,0.25,INF,-1,0,7,0
2180,1,1,-29.658,-1.083,-2.77,-0.10,-2.77,-0.10,INF,-1,1,7,0
2200,1,1,-33.145,3.122,-3.09,0.29,-3.09,0.29,INF,-1,1,7,0
2220,1,1,-30.796,1.311,-2.88,0.12,-2.88,0.12,INF,-1,1,7,0
2240,0,1,0.000,0.000,0.00,0.00,0.00,0.00,0.00,-1,1,7,0
2260,1,1,-27.183,2.629,-2.54,0.25,-2.54,0.25,INF,-1,1,7,0
2280,1,1,-27.129,1.017,-2.53,0.09,-2.53,0.10,INF,-1,1,7,0
2300,1,1,-23.956,1.896,-2.24,0.18,-2.24,0.18,INF,-1,1,7,0
2320,1,1,-23.597,0.165,-2.20,0.02,-2.20,0.02,INF,-1,1,7,0
2340,1,1,-25.855,0.268,-2.42,0.03,-2.42,0.03,INF,-1,1,7,0
2360,1,1,-24.572,-1.197,-2.30,-0.11,-2.30,-0.11,INF,-1,1,7,0
2380,1,1,-21.583,-3.389,-2.02,-0.32,-2.02,-0.32,INF,-1,1,7,0
2400,1,1,-26.488,0.676,-2.47,0.06,-2.47,0.06,INF,-1,1,7,0
2420,1,1,-28.617,-0.555,-2.67,-0.05,-2.67,-0.05,INF,-1,1,7,0
2440,1,1,-27.186,-1.856,-2.54,-0.17,-2.54,-0.17,INF,-1,1,7,0
2460,1,1,-19.134,-0.428,-1.79,-0.04,-1.79,-0.04,INF,-1,1,7,0
2480,1,1,-15.809,-0.789,-1.48,-0.07,-1.48,-0.07,INF,-1,1,7,0
2500,1,1,-17.446,-0.415,-1.63,-0.04,-1.63,-0.04,INF,-1,0,7,0
2520,1,1,-14.001,0.493,-1.31,0.05,-1.31,0.05,INF,-1,0,7,0
2540,1,1,-14.263,-2.344,-1.33,-0.22,-1.33,-0.22,INF,-1,0,7,0
2560,1,1,-15.740,-2.161,-1.47,-0.20,-1.47,-0.20,INF,-1,0,7,0
2580,1,1,-5.095,-0.159,-0.48,-0.01,-0.48,-0.01,INF,-1,0,7,0
2600,1,1,16.047,1.958,1.50,0.18,1.50,0.18,INF,-1,0,7,0
2620,1,1,22.710,3.739,2.12,0.35,2.12,0.35,INF,-1,0,7,0
2640,1,1,19.160,5.267,1.79,0.49,1.79,0.49,INF,-1,0,7,0
2660,1,1,19.416,1.701,1.81,0.16,1.81,0.16,INF,-1,0,7,0
2680,1,1,21.902,-0.082,2.05,-0.01,2.05,-0.01,INF,-1,0,7,0
2700,1,1,21.157,1.084,1.98,0.10,1.98,0.10,INF,-1,0,7,0
2720,1,1,21.461,-0.611,2.01,-0.06,2.01,-0.06,INF,-1,0,7,0
2740,1,1,22.274,1.861,2.08,0.17,2.08,0.17,INF,-1,0,7,0
2760,1,1,21.709,2.202,2.03,0.21,2.03,0.21,INF,-1,0,7,0
2780,1,1,23.844,7.638,2.23,0.71,2.23,0.71,INF,-1,0,7,0
2800,1,1,20.820,10.116,1.95,0.94,1.95,0.95,INF,-1,0,7,0
2820,1,1,20.817,8.842,1.95,0.83,1.94,0.83,INF,-1,0,7,0
2840,1,1,23.302,8.180,2.18,0.76,2.18,0.76,INF,-1,0,7,0
2860,1,1,19.037,8.041,1.78,0.75,1.78,0.75,INF,-1,1,7,0
2880,1,1,23.553,7.645,2.20,0.71,2.20,0.71,INF,-1,1,7,0
2900,1,1,23.881,6.944,2.23,0.65,2.23,0.65,INF,-1,1,7,0
2920,1,1,22.732,7.503,2.12,0.70,2.12,0.70,INF,-1,1,7,0
2940,1,1,29.427,12.352,2.75,1.15,2.75,1.15,INF,-1,1,7,0
2960,1,1,42.930,18.133,4.01,1.69,4.00,1.69,INF,-1,1,7,0
2980,1,1,36.690,17.026,3.43,1.59,3.42,1.59,INF,-1,0,7,0
3000,1,1,35.034,17.936,3.27,1.67,3.27,1.68,INF,-1,0,7,0
3020,1,1,45.460,17.518,4.24,1.63,4.24,1.64,INF,-1,0,7,0
3040,1,1,43.842,17.810,4.09,1.66,4.09,1.66,INF,-1,0,7,0
3060,1,1,39.756,17.554,3.71,1.64,3.71,1.64,INF,-1,0,7,0
3080,1,1,41.394,17.093,3.86,1.59,3.86,1.60,INF,-1,0,7,0
3100,1,1,41.016,15.533,3.83,1.45,3.83,1.45,INF,-1,0,7,0
3120,1,1,44.847,16.154,4.18,1.51,4.18,1.51,INF,-1,0,7,0
3140,1,1,35.069,16.642,3.27,1.55,3.27,1.56,INF,-1,0,7,0
3160,1,1,38.906,15.924,3.63,1.49,3.63,1.49,INF,-1,0,7,0
3180,1,1,34.246,16.227,3.20,1.51,3.20,1.52,INF,-1,0,7,0
3200,1,1,39.882,12.937,3.72,1.21,3.72,1.21,INF,-1,0,7,0
3220,1,1,39.136,15.869,3.65,1.48,3.65,1.48,INF,-1,0,7,0
3240,1,1,41.930,14.804,3.91,1.38,3.91,1.38,INF,-1,1,7,0
3260,1,1,38.382,15.386,3.58,1.44,3.58,1.44,INF,-1,1,7,0
3280,1,1,30.634,16.002,2.86,1.49,2.86,1.50,INF,-1,1,7,0
3300,1,1,29.022,0.882,2.71,0.08,2.71,0.08,INF,-1,1,7,0
3320,0,1,0.000,0.000,0.00,0.00,0.00,0.00,0.00,-1,1,7,0
3340,0,1,0.000,0.000,0.00,0.00,0.00,0.00,0.00,-1,1,7,0
3360,0,1,0.000,0.000,0.00,0.00,0.00,0.00,0.00,-1,1,7,0
3380,0,1,0.000,0.000,0.00,0.00,0.00,0.00,0.00,-1,0,7,0
3400,0,1,0.000,0.000,0.00,0.00,0.00,0.00,0.00,-1,0,7,0
3420,0,1,0.000,0.000,0.00,0.00,0.00,0.00,0.00,-1,0,7,0
3440,0,1,0.000,0.000,0.00,0.00,0.00,0.00,0.00,-1,0,7,0
3460,0,1,0.000,0.000,0.00,0.00,0.00,0.00,0.00,-1,0,7,0
3480,0,1,0.000,0.000,0.00,0.00,0.00,0.00,0.00,-1,0,7,0
3500,0,1,0.000,0.000,0.00,0.00,0.00,0.00,0.00,-1,0,7,0
3520,1,1,-76.349,-65.081,-7.10,-6.01,-7.06,-6.06,INF,-1,0,7,0
3540,1,1,-54.167,-2.069,-5.05,-0.19,-5.05,-0.19,INF,-1,0,7,0
3560,1,1,-52.951,1.934,-4.94,0.18,-4.94,0.18,INF,-1,0,7,0
3580,1,1,-52.758,2.453,-4.92,0.23,-4.92,0.23,INF,-1,0,7,0
3600,1,1,-50.987,2.421,-4.75,0.23,-4.75,0.23,INF,-1,0,7,0
3620,1,1,-52.159,2.489,-4.86,0.23,-4.86,0.23,INF,-1,0,7,0
3640,1,1,-38.969,0.043,-3.64,0.00,-3.64,0.00,INF,-1,0,7,0
3660,1,1,-37.782,0.456,-3.53,0.04,-3.53,0.04,INF,-1,0,7,0
3680,1,1,-35.762,-1.199,-3.34,-0.11,-3.34,-0.11,INF,-1,0,7,0
3700,1,1,-39.876,1.676,-3.72,0.16,-3.72,0.16,INF,-1,0,7,0
3720,1,1,-37.850,2.869,-3.53,0.27,-3.53,0.27,INF,-1,0,7,0
3740,1,1,-37.076,1.160,-3.46,0.11,-3.46,0.11,INF,-1,0,7,0
3760,1,1,-35.185,1.141,-3.29,0.11,-3.29,0.11,INF,-1,0,7,0
3780,1,1,-36.164,0.224,-3.38,0.02,-3.38,0.02,INF,-1,0,7,0
3800,1,1,-37.100,4.043,-3.46,0.38,-3.46,0.38,INF,-1,0,7,0
3820,1,1,-45.602,4.761,-4.25,0.44,-4.25,0.44,INF,-1,1,7,0
3840,1,1,-45.068,5.438,-4.20,0.51,-4.20,0.51,INF,-1,1,7,0
3860,1,1,-45.558,3.313,-4.25,0.31,-4.25,0.31,INF,-1,1,7,0
3880,1,1,-44.091,2.371,-4.11,0.22,-4.11,0.22,INF,-1,1,7,0
3900,1,1,-45.857,4.324,-4.28,0.40,-4.28,0.40,INF,-1,1,7,0
3920,1,1,-42.618,3.279,-3.98,0.31,-3.98,0.31,INF,-1,1,7,0
3940,1,1,-42.726,4.455,-3.99,0.42,-3.99,0.42,INF,-1,1,7,0
3960,1,1,-44.953,4.375,-4.19,0.41,-4.19,0.41,INF,-1,1,7,0
3980,1,1,-42.908,1.605,-4.00,0.15,-4.00,0.15,INF,-1,1,7,0
4000,1,1,-42.648,4.829,-3.98,0.45,-3.98,0.45,INF,-1,1,7,0
4020,1,1,-45.112,2.384,-4.21,0.22,-4.21,0.22,INF,-1,1,7,0
4040,1,1,-44.476,2.144,-4.15,0.20,-4.15,0.20,INF,-1,1,7,0
4060,1,1,-43.682,3.238,-4.08,0.30,-4.08,0.30,INF,-1,1,7,0
4080,1,1,-44.514,3.073,-4.15,0.29,-4.15,0.29,INF,-1,1,7,0
4100,1,1,-44.784,3.521,-4.18,0.33,-4.18,0.33,INF,-1,1,7,0
4120,1,1,-42.223,2.068,-3.94,0.19,-3.94,0.19,INF,-1,1,7,0
4140,1,1,-44.497,3.110,-4.15,0.29,-4.15,0.29,INF,-1,1,7,0
4160,1,1,-45.630,1.876,-4.26,0.17,-4.26,0.18,INF,-1,1,7,0
4180,1,1,-43.998,2.084,-4.11,0.19,-4.11,0.19,INF,-1,1,7,0
4200,1,1,-41.809,2.342,-3.90,0.22,-3.90,0.22,INF,-1,1,7,0
4220,1,1,-47.924,2.168,-4.47,0.20,-4.47,0.20,INF,-1,1,7,0
4240,1,1,-47.660,1.260,-4.45,0.12,-4.45,0.12,INF,-1,1,7,0
4260,1,1,-47.344,2.427,-4.42,0.23,-4.42,0.23,INF,-1,1,7,0
4280,1,1,-46.599,-1.062,-4.35,-0.10,-4.35,-0.10,INF,-1,1,7,0
4300,1,1,-48.462,0.539,-4.52,0.05,-4.52,0.05,INF,-1,1,7,0
4320,1,1,-46.229,2.380,-4.31,0.22,-4.31,0.22,INF,-1,1,7,0
4340,1,1,-42.035,-0.605,-3.92,-0.06,-3.92,-0.06,INF,-1,1,7,0
4360,1,1,-45.435,1.030,-4.24,0.10,-4.24,0.10,INF,-1,1,7,0
4380,1,1,-45.250,1.403,-4.22,0.13,-4.22,0.13,INF,-1,1,7,0
4400,1,1,-48.059,0.868,-4.48,0.08,-4.48,0.08,INF,-1,1,7,0
4420,1,1,-49.328,0.772,-4.60,0.07,-4.60,0.07,INF,-1,1,7,0
4440,1,1,-49.384,0.707,-4.61,0.07,-4.61,0.07,INF,-1,1,7,0
4460,1,1,-49.302,2.345,-4.60,0.22,-4.60,0.22,INF,-1,1,7,0
4480,1,1,-48.257,1.623,-4.50,0.15,-4.50,0.15,INF,-1,1,7,0
4500,1,1,-45.694,-1.104,-4.26,-0.10,-4.26,-0.10,INF,-1,1,7,0
4520,1,1,-47.901,-0.529,-4.47,-0.05,-4.47,-0.05,INF,-1,1,7,0
4540,1,1,-48.758,2.080,-4.55,0.19,-4.55,0.19,INF,-1,1,7,0
4560,1,1,-48.089,-1.783,-4.49,-0.17,-4.49,-0.17,INF,-1,1,7,0
4580,1,1,-45.908,-3.112,-4.28,-0.29,-4.28,-0.29,INF,-1,1,7,0
4600,1,1,-46.457,-1.223,-4.33,-0.11,-4.33,-0.11,INF,-1,1,7,0
4620,1,1,-47.701,-2.218,-4.45,-0.21,-4.45,-0.21,INF,-1,1,7,0
4640,1,1,-45.733,-4.162,-4.27,-0.39,-4.27,-0.39,INF,-1,1,7,0
4660,1,1,-46.033,1.415,-4.29,0.13,-4.29,0.13,INF,-1,1,7,0
4680,1,1,-48.252,2.833,-4.50,0.26,-4.50,0.26,INF,-1,1,7,0
4700,1,1,-46.907,0.164,-4.38,0.02,-4.38,0.02,INF,-1,1,7,0
4720,1,1,-44.477,-0.175,-4.15,-0.02,-4.15,-0.02,INF,-1,1,7,0
4740,1,1,-46.382,-1.362,-4.33,-0.13,-4.33,-0.13,INF,-1,1,7,0
4760,1,1,-46.359,-3.029,-4.32,-0.28,-4.32,-0.28,INF,-1,1,7,0
4780,1,1,-48.635,-1.455,-4.54,-0.14,-4.54,-0.14,INF,-1,1,7,0
4800,1,1,-47.429,-4.437,-4.42,-0.41,-4.42,-0.41,INF,-1,1,7,0
4820,1,1,-46.903,-1.300,-4.38,-0.12,-4.38,-0.12,INF,-1,1,7,0
4840,1,1,-47.157,-0.578,-4.40,-0.05,-4.40,-0.05,INF,-1,1,7,0
4860,1,1,-47.758,-1.985,-4.45,-0.18,-4.45,-0.19,INF,-1,1,7,0
4880,1,1,-44.780,-0.010,-4.18,0.00,-4.18,0.00,INF,-1,1,7,0
4900,1,1,-45.957,-3.388,-4.29,-0.32,-4.29,-0.32,INF,-1,1,7,0
4920,1,1,-44.688,-1.518,-4.17,-0.14,-4.17,-0.14,INF,-1,1,7,0
4940,1,1,-46.039,-1.934,-4.30,-0.18,-4.30,-0.18,INF,-1,1,7,0
4960,1,1,-42.841,-0.738,-4.00,-0.07,-4.00,-0.07,INF,-1,1,7,0
4980,1,1,-46.864,-1.665,-4.37,-0.16,-4.37,-0.16,INF,-1,1,7,0
5000,1,1,-43.447,-2.963,-4.05,-0.28,-4.05,-0.28,INF,-1,1,7,0
5020,1,1,-43.466,-2.044,-4.06,-0.19,-4.06,-0.19,INF,-1,1,7,0
5040,1,1,-44.297,0.477,-4.13,0.04,-4.13,0.04,INF,-1,1,7,0
5060,1,1,-42.781,-1.516,-3.99,-0.14,-3.99,-0.14,INF,-1,1,7,0
5080,1,1,-39.217,-2.183,-3.66,-0.20,-3.66,-0.20,INF,-1,1,7,0
5100,1,1,-42.171,-0.423,-3.94,-0.04,-3.94,-0.04,INF,-1,1,7,0
5120,1,1,-39.917,-0.386,-3.73,-0.04,-3.73,-0.04,INF,-1,1,7,0
5140,1,1,-41.753,0.903,-3.90,0.08,-3.90,0.08,INF,-1,1,7,0
5160,1,1,-37.958,-0.208,-3.54,-0.02,-3.54,-0.02,INF,-1,1,7,0
5180,1,1,-37.733,-0.027,-3.52,0.00,-3.52,0.00,INF,-1,1,7,0
5200,1,1,-32.014,-0.375,-2.99,-0.04,-2.99,-0.04,INF,-1,1,7,0
5220,1,1,-28.679,-2.315,-2.68,-0.22,-2.68,-0.22,INF,-1,1,7,0
5240,1,1,-30.744,-1.531,-2.87,-0.14,-2.87,-0.14,INF,-1,0,7,0
5260,1,1,-30.291,-6.226,-2.83,-0.58,-2.83,-0.58,INF,-1,0,7,0
5280,1,1,-29.493,-2.640,-2.75,-0.25,-2.75,-0.25,INF,-1,0,7,0
5300,1,1,-34.973,-0.620,-3.27,-0.06,-3.27,-0.06,INF,-1,0,7,0
5320,1,1,-35.509,-0.050,-3.32,0.00,-3.32,0.00,INF,-1,0,7,0
5340,1,1,-31.828,-0.721,-2.97,-0.07,-2.97,-0.07,INF,-1,0,7,0
5360,1,1,-30.107,-4.314,-2.81,-0.40,-2.81,-0.40,INF,-1,0,7,0
5380,1,1,-30.880,-2.645,-2.88,-0.25,-2.88,-0.25,INF,-1,0,7,0
5400,1,1,-32.496,-2.311,-3.03,-0.22,-3.03,-0.22,INF,-1,0,7,0
5420,1,1,-22.364,-1.553,-2.09,-0.15,-2.09,-0.15,INF,-1,0,7,0
5440,1,1,-23.247,-0.869,-2.17,-0.08,-2.17,-0.08,INF,-1,0,7,0
5460,1,1,-24.919,-1.721,-2.33,-0.16,-2.33,-0.16,INF,-1,0,7,0
5480,1,1,-23.939,-1.893,-2.24,-0.18,-2.24,-0.18,INF,-1,1,7,0
5500,1,1,-20.792,-4.255,-1.94,-0.40,-1.94,-0.40,INF,-1,1,7,0
5520,1,1,-22.079,-3.585,-2.06,-0.33,-2.06,-0.34,INF,-1,1,7,0
5540,1,1,-24.229,-1.594,-2.26,-0.15,-2.26,-0.15,INF,-1,1,7,0
5560,1,1,-25.939,-3.021,-2.42,-0.28,-2.42,-0.28,INF,-1,1,7,0
5580,1,1,-23.679,-5.531,-2.21,-0.52,-2.21,-0.52,INF,-1,1,7,0
5600,1,1,-17.533,-4.003,-1.64,-0.37,-1.64,-0.37,INF,-1,1,7,0
5620,1,1,-21.889,-3.534,-2.05,-0.33,-2.04,-0.33,INF,-1,1,7,0
5640,1,1,-21.312,-4.487,-1.99,-0.42,-1.99,-0.42,INF,-1,1,7,0
5660,1,1,-25.045,-4.672,-2.34,-0.44,-2.34,-0.44,INF,-1,1,7,0
5680,1,1,-25.189,-3.329,-2.35,-0.31,-2.35,-0.31,INF,-1,1,7,0
5700,1,1,-24.758,-5.533,-2.31,-0.52,-2.31,-0.52,INF,-1,1,7,0
5720,1,1,-22.473,-4.400,-2.10,-0.41,-2.10,-0.41,INF,-1,1,7,0
5740,1,1,-22.154,-4.193,-2.07,-0.39,-2.07,-0.39,INF,-1,1,7,0
5760,1,1,-26.562,-1.902,-2.48,-0.18,-2.48,-0.18,INF,-1,1,7,0
5780,1,1,-27.082,-3.613,-2.53,-0.34,-2.53,-0.34,INF,-1,1,7,0
5800,1,1,-27.951,-3.621,-2.61,-0.34,-2.61,-0.34,INF,-1,1,7,0
5820,1,1,-29.179,-3.987,-2.73,-0.37,-2.73,-0.37,INF,-1,1,7,0
5840,1,1,-25.950,-3.583,-2.42,-0.33,-2.42,-0.33,INF,-1,1,7,0
5860,1,1,-29.071,-1.588,-2.72,-0.15,-2.72,-0.15,INF,-1,1,7,0
5880,1,1,-27.915,-2.460,-2.61,-0.23,-2.61,-0.23,INF,-1,1,7,0
5900,1,1,-27.613,-2.276,-2.58,-0.21,-2.58,-0.21,INF,-1,1,7,0
5920,1,1,-29.743,-2.654,-2.78,-0.25,-2.78,-0.25,INF,-1,1,7,0
5940,1,1,-24.917,-3.999,-2.33,-0.37,-2.33,-0.37,INF,-1,1,7,0
5960,1,1,-23.264,-2.659,-2.17,-0.25,-2.17,-0.25,INF,-1,1,7,0
5980,1,1,-25.367,-2.691,-2.37,-0.25,-2.37,-0.25,INF,-1,1,7,0
6000,1,1,-24.893,-2.257,-2.33,-0.21,-2.33,-0.21,INF,-1,1,7,0
6020,1,1,-23.551,-5.032,-2.20,-0.47,-2.20,-0.47,INF,-1,1,7,0
6040,1,1,-25.111,-2.688,-2.35,-0.25,-2.35,-0.25,INF,-1,1,7,0
6060,1,1,-23.999,-3.154,-2.24,-0.29,-2.24,-0.29,INF,-1,1,7,0
6080,1,1,-26.526,-0.354,-2.48,-0.03,-2.48,-0.03,INF,-1,1,7,0
6100,1,1,-23.012,-4.771,-2.15,-0.45,-2.15,-0.45,INF,-1,1,7,0
6120,1,1,-24.983,-1.075,-2.33,-0.10,-2.33,-0.10,INF,-1,1,7,0
6140,1,1,-28.488,-2.278,-2.66,-0.21,-2.66,-0.21,INF,-1,1,7,0
6160,1,1,-35.367,-2.966,-3.30,-0.28,-3.30,-0.28,INF,-1,1,7,0
6180,1,1,-38.472,-3.235,-3.59,-0.30,-3.59,-0.30,INF,-1,1,7,0
6200,1,1,-34.161,-1.740,-3.19,-0.16,-3.19,-0.16,INF,-1,1,7,0
6220,1,1,-34.829,-1.417,-3.25,-0.13,-3.25,-0.13,INF,-1,1,7,0
6240,1,1,-33.036,-2.408,-3.08,-0.22,-3.08,-0.23,INF,-1,1,7,0
6260,1,1,-31.728,-5.459,-2.96,-0.51,-2.96,-0.51,INF,-1,1,7,0
6280,1,1,-33.281,-4.439,-3.11,-0.41,-3.11,-0.41,INF,-1,1,7,0
6300,1,1,-34.144,-1.718,-3.19,-0.16,-3.19,-0.16,INF,-1,1,7,0
6320,1,1,-28.951,-1.716,-2.70,-0.16,-2.70,-0.16,INF,-1,1,7,0
6340,1,1,-6.455,3.837,-0.60,0.36,-0.60,0.36,INF,-1,1,7,0
6360,1,1,38.205,12.614,3.57,1.18,3.57,1.18,INF,-1,1,7,0
6380,1,1,52.564,11.314,4.90,1.05,4.90,1.06,INF,-1,0,7,0
6400,1,1,50.053,11.335,4.67,1.06,4.67,1.06,INF,-1,0,7,0
6420,1,1,42.900,8.081,4.00,0.75,4.00,0.76,INF,-1,0,7,0
6440,1,1,50.244,10.297,4.69,0.96,4.69,0.96,INF,-1,0,7,0
6460,1,1,45.620,9.634,4.26,0.90,4.26,0.90,INF,-1,0,7,0
6480,1,1,49.063,8.057,4.58,0.75,4.58,0.75,INF,-1,0,7,0
6500,1,1,45.427,8.896,4.24,0.83,4.24,0.83,INF,-1,0,7,0
6520,1,1,43.604,10.045,4.07,0.94,4.07,0.94,INF,-1,0,7,0
6540,1,1,38.242,13.978,3.57,1.30,3.57,1.31,INF,-1,0,7,0
6560,1,1,42.011,12.734,3.92,1.19,3.92,1.19,INF,-1,0,7,0
6580,1,1,40.567,13.946,3.79,1.30,3.79,1.30,INF,-1,0,7,0
6600,1,1,38.130,12.909,3.56,1.20,3.56,1.21,INF,-1,0,7,0
6620,1,1,42.697,12.755,3.98,1.19,3.98,1.19,INF,-1,0,7,0
6640,1,1,37.372,14.073,3.49,1.31,3.49,1.32,INF,-1,1,7,0
6660,1,1,38.140,14.691,3.56,1.37,3.56,1.37,INF,-1,1,7,0
6680,1,1,39.498,11.566,3.69,1.08,3.69,1.08,INF,-1,1,7,0
6700,1,1,38.410,12.645,3.59,1.18,3.58,1.18,INF,-1,1,7,0
6720,1,1,35.027,11.321,3.27,1.06,3.27,1.06,INF,-1,1,7,0
6740,1,1,40.489,11.182,3.78,1.04,3.78,1.05,INF,-1,1,7,0
6760,1,1,39.915,10.607,3.73,0.99,3.72,0.99,INF,-1,1,7,0
6780,1,1,45.871,9.412,4.28,0.88,4.28,0.88,INF,-1,1,7,0
6800,1,1,41.736,12.391,3.89,1.16,3.89,1.16,INF,-1,1,7,0
6820,1,1,35.747,13.540,3.34,1.26,3.34,1.27,INF,-1,1,7,0
6840,1,1,35.740,11.561,3.34,1.08,3.34,1.08,INF,-1,1,7,0
6860,1,1,39.994,11.978,3.73,1.12,3.73,1.12,INF,-1,1,7,0
6880,1,1,35.655,13.284,3.33,1.24,3.33,1.24,INF,-1,1,7,0
6900,1,1,38.120,12.616,3.56,1.18,3.56,1.18,INF,-1,1,7,0
6920,1,1,39.256,12.802,3.66,1.19,3.66,1.20,INF,-1,1,7,0
6940,1,1,41.420,11.456,3.87,1.07,3.86,1.07,INF,-1,1,7,0
6960,1,1,35.736,14.782,3.34,1.38,3.34,1.38,INF,-1,1,7,0
6980,1,1,39.389,11.643,3.68,1.09,3.68,1.09,INF,-1,1,7,0
7000,1,1,39.289,13.899,3.67,1.30,3.67,1.30,INF,-1,1,7,0
7020,1,1,41.741,11.060,3.90,1.03,3.89,1.03,INF,-1,1,7,0
7040,1,1,32.330,10.501,3.02,0.98,3.02,0.98,INF,-1,1,7,0
7060,1,1,14.560,-4.682,1.36,-0.44,1.36,-0.44,INF,-1,1,7,0
7080,0,1,0.000,0.000,0.00,0.00,0.00,0.00,0.00,-1,1,7,0
7100,0,1,0.000,0.000,0.00,0.00,0.00,0.00,0.00,-1,1,7,0
7120,0,1,0.000,0.000,0.00,0.00,0.00,0.00,0.00,-1,0,7,0
7140,0,1,0.000,0.000,0.00,0.00,0.00,0.00,0.00,-1,0,7,0
7160,0,1,0.000,0.000,0.00,0.00,0.00,0.00,0.00,-1,0,7,0
7180,0,1,0.000,0.000,0.00,0.00,0.00,0.00,0.00,-1,0,7,0
7200,0,1,0.000,0.000,0.00,0.00,0.00,0.00,0.00,-1,0,7,0
7220,0,1,0.000,0.000,0.00,0.00,0.00,0.00,0.00,-1,0,7,0
7240,0,1,0.000,0.000,0.00,0.00,0.00,0.00,0.00,-1,0,7,0
7260,0,1,0.000,0.000,0.00,0.00,0.00,0.00,0.00,-1,0,7,0
7280,0,1,0.000,0.000,0.00,0.00,0.00,0.00,0.00,-1,0,7,0
7300,0,1,0.000,0.000,0.00,0.00,0.00,0.00,0.00,-1,0,7,0
7320,0,1,0.000,0.000,0.00,0.00,0.00,0.00,0.00,-1,0,7,0
7340,0,1,0.000,0.000,0.00,0.00,0.00,0.00,0.00,-1,0,7,0
7360,1,1,-34.506,-48.974,-3.22,-4.56,-3.21,-4.57,INF,-1,0,7,0
7380,1,1,-33.119,-25.600,-3.09,-2.39,-3.09,-2.39,INF,-1,0,7,0
7400,1,1,-29.615,-23.050,-2.77,-2.15,-2.76,-2.15,INF,-1,0,7,0
7420,1,1,-27.936,-22.668,-2.61,-2.12,-2.61,-2.12,INF,-1,0,7,0
7440,1,1,-25.508,-20.105,-2.38,-1.88,-2.38,-1.88,INF,-1,0,7,0
7460,1,1,-26.153,-17.295,-2.44,-1.61,-2.44,-1.62,INF,-1,0,7,0
7480,1,1,-28.470,-16.634,-2.66,-1.55,-2.66,-1.55,INF,-1,0,7,0
7500,1,1,-31.211,-16.413,-2.91,-1.53,-2.91,-1.53,INF,-1,0,7,0
7520,1,1,-30.524,-13.524,-2.85,-1.26,-2.85,-1.26,INF,-1,0,7,0
7540,1,1,-32.044,-14.889,-2.99,-1.39,-2.99,-1.39,INF,-1,0,7,0
7560,1,1,-30.178,-13.624,-2.82,-1.27,-2.82,-1.27,INF,-1,0,7,0
7580,1,1,-29.401,-13.070,-2.75,-1.22,-2.75,-1.22,INF,-1,0,7,0
7600,1,1,-31.338,-14.334,-2.93,-1.34,-2.93,-1.34,INF,-1,0,7,0
7620,1,1,-29.657,-13.229,-2.77,-1.23,-2.77,-1.24,INF,-1,0,7,0
7640,1,1,-28.217,-15.236,-2.64,-1.42,-2.63,-1.42,INF,-1,0,7,0
7660,1,1,-34.128,-10.998,-3.19,-1.03,-3.19,-1.03,INF,-1,1,7,0
7680,1,1,-32.816,-8.537,-3.06,-0.80,-3.06,-0.80,INF,-1,1,7,0
7700,1,1,-34.687,-9.925,-3.24,-0.93,-3.24,-0.93,INF,-1,1,7,0
7720,1,1,-35.484,-9.110,-3.31,-0.85,-3.31,-0.85,INF,-1,1,7,0
7740,1,1,-29.722,-9.441,-2.78,-0.88,-2.78,-0.88,INF,-1,1,7,0
7760,1,1,-31.469,-9.376,-2.94,-0.88,-2.94,-0.88,INF,-1,1,7,0
7780,1,1,-29.710,-12.596,-2.77,-1.18,-2.77,-1.18,INF,-1,1,7,0
7800,1,1,-34.669,-8.278,-3.24,-0.77,-3.24,-0.77,INF,-1,1,7,0
7820,1,1,-31.669,-8.214,-2.96,-0.77,-2.96,-0.77,INF,-1,1,7,0
7840,1,1,-32.164,-8.361,-3.00,-0.78,-3.00,-0.78,INF,-1,1,7,0
7860,1,1,-31.241,-8.597,-2.92,-0.80,-2.92,-0.80,INF,-1,1,7,0
7880,1,1,-34.645,-8.777,-3.23,-0.82,-3.23,-0.82,INF,-1,1,7,0
7900,1,1,-33.002,-9.901,-3.08,-0.92,-3.08,-0.93,INF,-1,1,7,0
7920,1,1,-31.229,-8.997,-2.92,-0.84,-2.92,-0.84,INF,-1,1,7,0
7940,1,1,-23.056,-8.092,-2.15,-0.76,-2.15,-0.76,INF,-1,1,7,0
7960,1,1,-15.404,-11.735,-1.44,-1.10,-1.44,-1.10,INF,-1,1,7,0
7980,1,1,-16.769,-10.795,-1.57,-1.01,-1.57,-1.01,INF,-1,0,7,0
8000,1,1,-18.897,-11.898,-1.77,-1.11,-1.77,-1.11,INF,-1,0,7,0
8020,1,1,-18.493,-11.316,-1.73,-1.06,-1.73,-1.06,INF,-1,0,7,0
8040,1,1,-15.881,-11.303,-1.48,-1.06,-1.48,-1.06,INF,-1,0,7,0
8060,1,1,-16.542,-11.033,-1.55,-1.03,-1.55,-1.03,INF,-1,0,7,0
8080,1,1,-15.894,-16.075,-1.49,-1.50,-1.48,-1.50,INF,-1,0,7,0
8100,1,1,-18.544,-13.816,-1.73,-1.29,-1.73,-1.29,INF,-1,0,7,0
8120,1,1,-23.256,-12.003,-2.17,-1.12,-2.17,-1.12,INF,-1,0,7,0
8140,1,1,-21.867,-10.407,-2.04,-0.97,-2.04,-0.97,INF,-1,0,7,0
8160,1,1,-22.357,-12.491,-2.09,-1.17,-2.09,-1.17,INF,-1,0,7,0
8180,1,1,-22.381,-12.768,-2.09,-1.19,-2.09,-1.19,INF,-1,0,7,0
8200,1,1,-21.056,-11.955,-1.97,-1.12,-1.97,-1.12,INF,-1,0,7,0
8220,1,1,-21.494,-12.369,-2.01,-1.16,-2.01,-1.16,INF,-1,1,7,0
8240,1,1,-21.368,-10.824,-2.00,-1.01,-2.00,-1.01,INF,-1,1,7,0
8260,1,1,-18.615,-12.817,-1.74,-1.20,-1.74,-1.20,INF,-1,1,7,0
8280,1,1,-21.945,-13.231,-2.05,-1.24,-2.05,-1.24,INF,-1,1,7,0
8300,1,1,-23.436,-12.794,-2.19,-1.19,-2.19,-1.20,INF,-1,1,7,0
8320,1,1,-23.523,-13.688,-2.20,-1.28,-2.20,-1.28,INF,-1,1,7,0
8340,1,1,-25.242,-12.602,-2.36,-1.18,-2.36,-1.18,INF,-1,1,7,0
8360,1,1,-25.940,-14.130,-2.42,-1.32,-2.42,-1.32,INF,-1,1,7,0
8380,1,1,-23.656,-12.642,-2.21,-1.18,-2.21,-1.18,INF,-1,1,7,0
8400,1,1,-25.419,-14.491,-2.37,-1.35,-2.37,-1.35,INF,-1,1,7,0
8420,1,1,-22.731,-13.639,-2.12,-1.27,-2.12,-1.27,INF,-1,1,7,0
8440,1,1,-23.967,-13.052,-2.24,-1.22,-2.24,-1.22,INF,-1,1,7,0
8460,1,1,-24.377,-14.123,-2.28,-1.32,-2.28,-1.32,INF,-1,1,7,0
8480,1,1,-24.099,-13.555,-2.25,-1.27,-2.25,-1.27,INF,-1,1,7,0
8500,1,1,-21.051,-12.375,-1.97,-1.16,-1.97,-1.16,INF,-1,1,7,0
8520,1,1,-23.577,-12.873,-2.20,-1.20,-2.20,-1.20,INF,-1,1,7,0
8540,1,1,-24.744,-12.576,-2.31,-1.17,-2.31,-1.18,INF,-1,1,7,0
8560,1,1,-25.100,-12.359,-2.34,-1.15,-2.34,-1.15,INF,-1,1,7,0
8580,1,1,-24.447,-12.977,-2.28,-1.21,-2.28,-1.21,INF,-1,1,7,0
8600,1,1,-23.545,-15.212,-2.20,-1.42,-2.20,-1.42,INF,-1,1,7,0
8620,1,1,-23.556,-13.354,-2.20,-1.25,-2.20,-1.25,INF,-1,1,7,0
8640,1,1,-22.363,-12.170,-2.09,-1.14,-2.09,-1.14,INF,-1,1,7,0
8660,1,1,-24.887,-14.528,-2.32,-1.36,-2.32,-1.36,INF,-1,1,7,0
8680,1,1,-24.319,-14.343,-2.27,-1.34,-2.27,-1.34,INF,-1,1,7,0
8700,1,1,-21.430,-12.549,-2.00,-1.17,-2.00,-1.17,INF,-1,1,7,0
8720,1,1,-20.911,-12.668,-1.95,-1.18,-1.95,-1.18,INF,-1,1,7,0
8740,1,1,-16.831,-13.996,-1.57,-1.31,-1.57,-1.31,INF,-1,1,7,0
8760,1,1,-22.065,-12.566,-2.06,-1.17,-2.06,-1.17,INF,-1,1,7,0
8780,1,1,-17.524,-12.961,-1.64,-1.21,-1.64,-1.21,INF,-1,1,7,0
8800,1,1,-20.520,-12.168,-1.92,-1.14,-1.92,-1.14,INF,-1,1,7,0
8820,1,1,-17.651,-11.260,-1.65,-1.05,-1.65,-1.05,INF,-1,1,7,0
8840,1,1,-19.510,-11.243,-1.82,-1.05,-1.82,-1.05,INF,-1,1,7,0
8860,1,1,-26.821,-10.170,-2.51,-0.95,-2.50,-0.95,INF,-1,1,7,0
8880,1,1,-22.849,-11.250,-2.13,-1.05,-2.13,-1.05,INF,-1,1,7,0
8900,1,1,-27.438,-8.648,-2.56,-0.81,-2.56,-0.81,INF,-1,1,7,0
8920,1,1,-24.001,-10.245,-2.24,-0.96,-2.24,-0.96,INF,-1,1,7,0
8940,1,1,-24.452,-11.052,-2.28,-1.03,-2.28,-1.03,INF,-1,1,7,0
8960,1,1,-22.638,-10.190,-2.12,-0.95,-2.11,-0.95,INF,-1,1,7,0
8980,1,1,-22.909,-8.743,-2.14,-0.82,-2.14,-0.82,INF,-1,1,7,0
9000,1,1,-23.013,-10.086,-2.15,-0.94,-2.15,-0.94,INF,-1,1,7,0
9020,1,1,-20.628,-14.360,-1.93,-1.34,-1.93,-1.34,INF,-1,1,7,0
9040,1,1,-23.226,-10.080,-2.17,-0.94,-2.17,-0.94,INF,-1,1,7,0
9060,1,1,-26.473,-9.202,-2.47,-0.86,-2.47,-0.86,INF,-1,1,7,0
9080,1,1,-31.742,-7.930,-2.96,-0.74,-2.96,-0.74,INF,-1,1,7,0
9100,1,1,-33.486,-4.412,-3.13,-0.41,-3.13,-0.41,INF,-1,1,7,0
9120,1,1,-33.560,-6.497,-3.13,-0.61,-3.13,-0.61,INF,-1,0,7,0
9140,1,1,-33.867,-5.653,-3.16,-0.53,-3.16,-0.53,INF,-1,0,7,0
9160,1,1,-30.858,-5.655,-2.88,-0.53,-2.88,-0.53,INF,-1,0,7,0
9180,1,1,-32.457,-7.418,-3.03,-0.69,-3.03,-0.69,INF,-1,0,7,0
9200,1,1,-30.630,-9.450,-2.86,-0.88,-2.86,-0.88,INF,-1,0,7,0
9220,1,1,-32.691,-8.923,-3.05,-0.83,-3.05,-0.83,INF,-1,0,7,0
9240,1,1,-31.965,-6.511,-2.98,-0.61,-2.98,-0.61,INF,-1,0,7,0
9260,1,1,-26.540,-7.548,-2.48,-0.70,-2.48,-0.71,INF,-1,0,7,0
9280,1,1,-45.916,-7.101,-4.28,-0.66,-4.28,-0.66,INF,-1,0,7,0
9300,1,1,-50.082,-2.825,-4.67,-0.26,-4.67,-0.26,INF,-1,0,7,0
9320,1,1,-47.649,-2.774,-4.44,-0.26,-4.44,-0.26,INF,-1,0,7,0
9340,1,1,-46.673,-4.847,-4.35,-0.45,-4.35,-0.45,INF,-1,0,7,0
9360,1,1,-47.453,-6.242,-4.43,-0.58,-4.43,-0.58,INF,-1,1,7,0
9380,1,1,-50.149,-1.471,-4.68,-0.14,-4.68,-0.14,INF,-1,1,7,0
9400,1,1,-51.593,-3.920,-4.81,-0.37,-4.81,-0.37,INF,-1,0,7,0
9420,1,1,-49.028,-2.792,-4.57,-0.26,-4.57,-0.26,INF,-1,0,7,0
9440,1,1,-48.578,-2.678,-4.53,-0.25,-4.53,-0.25,INF,-1,0,7,0
9460,1,1,-48.113,-2.701,-4.49,-0.25,-4.49,-0.25,INF,-1,0,7,0
9480,1,1,-45.490,-3.324,-4.24,-0.31,-4.24,-0.31,INF,-1,0,7,0
9500,1,1,-44.802,-3.243,-4.18,-0.30,-4.18,-0.30,INF,-1,0,7,0
9520,1,1,-41.940,-5.611,-3.91,-0.52,-3.91,-0.52,INF,-1,0,7,0
9540,1,1,-44.055,-9.138,-4.11,-0.85,-4.11,-0.85,INF,-1,0,7,0
9560,1,1,-48.109,-5.753,-4.49,-0.54,-4.49,-0.54,INF,-1,0,7,0
9580,1,1,-46.674,-2.419,-4.35,-0.23,-4.35,-0.23,INF,-1,0,7,0
9600,1,1,-47.032,-3.756,-4.39,-0.35,-4.39,-0.35,INF,-1,0,7,0
9620,1,1,-45.550,-7.234,-4.25,-0.67,-4.25,-0.68,INF,-1,0,7,0
9640,1,1,-46.870,-4.977,-4.37,-0.46,-4.37,-0.47,INF,-1,1,7,0
9660,1,1,-46.113,-2.016,-4.30,-0.19,-4.30,-0.19,INF,-1,1,7,0
9680,1,1,-46.472,-5.797,-4.34,-0.54,-4.34,-0.54,INF,-1,1,7,0
9700,1,1,-47.613,-4.584,-4.44,-0.43,-4.44,-0.43,INF,-1,1,7,0
9720,1,1,-47.515,-3.845,-4.43,-0.36,-4.43,-0.36,INF,-1,1,7,0
9740,1,1,-45.733,-6.223,-4.27,-0.58,-4.27,-0.58,INF,-1,1,7,0
9760,1,1,-46.823,-3.733,-4.37,-0.35,-4.37,-0.35,INF,-1,1,7,0
9780,1,1,-49.170,-4.902,-4.59,-0.46,-4.59,-0.46,INF,-1,1,7,0
9800,1,1,-46.610,-8.185,-4.35,-0.76,-4.35,-0.77,INF,-1,1,7,0
9820,1,1,-46.951,-5.890,-4.38,-0.55,-4.38,-0.55,INF,-1,1,7,0
9840,1,1,-46.434,-6.674,-4.33,-0.62,-4.33,-0.62,INF,-1,1,7,0
9860,1,1,-44.675,-4.069,-4.17,-0.38,-4.17,-0.38,INF,-1,1,7,0
9880,1,1,-44.167,-3.723,-4.12,-0.35,-4.12,-0.35,INF,-1,1,7,0
9900,1,1,-38.676,-3.497,-3.61,-0.33,-3.61,-0.33,INF,-1,1,7,0
9920,1,1,-36.232,-2.875,-3.38,-0.27,-3.38,-0.27,INF,-1,1,7,0
9940,1,1,-40.092,-2.646,-3.74,-0.25,-3.74,-0.25,INF,-1,1,7,0
9960,1,1,-40.584,0.417,-3.79,0.04,-3.79,0.04,INF,-1,1,7,0
9980,1,1,-42.181,-1.918,-3.94,-0.18,-3.94,-0.18,INF,-1,1,7,0
10000,1,1,-40.520,-0.858,-3.78,-0.08,-3.78,-0.08,INF,-1,1,7,0
10020,1,1,-39.190,-2.122,-3.66,-0.20,-3.66,-0.20,INF,-1,1,7,0
10040,1,1,-36.051,1.307,-3.37,0.12,-3.37,0.12,INF,-1,1,7,0
10060,1,1,-35.365,-0.553,-3.30,-0.05,-3.30,-0.05,INF,-1,1,7,0
10080,1,1,-36.262,-5.943,-3.39,-0.55,-3.39,-0.56,INF,-1,0,7,0
10100,1,1,-37.405,1.870,-3.49,0.17,-3.49,0.17,INF,-1,0,7,0
10120,1,1,-38.208,1.745,-3.57,0.16,-3.57,0.16,INF,-1,0,7,0
10140,1,1,-32.587,0.064,-3.04,0.01,-3.04,0.01,INF,-1,0,7,0
10160,1,1,-42.925,1.867,-4.01,0.17,-4.01,0.17,INF,-1,0,7,0
10180,1,1,-37.878,-0.026,-3.54,0.00,-3.54,0.00,INF,-1,0,7,0
10200,1,1,-37.882,3.567,-3.54,0.33,-3.54,0.33,INF,-1,0,7,0
10220,1,1,-32.606,0.346,-3.04,0.03,-3.04,0.03,INF,-1,0,7,0
10240,1,1,-39.197,1.111,-3.66,0.10,-3.66,0.10,INF,-1,0,7,0
10260,1,1,-30.971,-0.180,-2.89,-0.02,-2.89,-0.02,INF,-1,0,7,0
10280,1,1,-36.605,-0.617,-3.42,-0.06,-3.42,-0.06,INF,-1,0,7,0
10300,1,1,-37.479,0.716,-3.50,0.07,-3.50,0.07,INF,-1,0,7,0
10320,1,1,-33.705,1.373,-3.15,0.13,-3.15,0.13,INF,-1,1,7,0
10340,1,1,-40.213,-3.071,-3.75,-0.29,-3.75,-0.29,INF,-1,1,7,0
10360,1,1,-40.200,-0.206,-3.75,-0.02,-3.75,-0.02,INF,-1,1,7,0
10380,1,1,-38.674,2.276,-3.61,0.21,-3.61,0.21,INF,-1,1,7,0
10400,1,1,-33.252,-1.943,-3.10,-0.18,-3.10,-0.18,INF,-1,1,7,0
10420,1,1,-16.222,5.902,-1.52,0.55,-1.52,0.55,INF,-1,1,7,0
10440,1,1,-17.027,5.041,-1.59,0.47,-1.59,0.47,INF,-1,1,7,0
10460,1,1,-14.561,6.592,-1.36,0.62,-1.36,0.62,INF,-1,0,7,0
10480,1,1,-19.759,5.641,-1.85,0.53,-1.85,0.53,INF,-1,0,7,0
10500,1,1,-20.721,3.214,-1.94,0.30,-1.94,0.30,INF,-1,0,7,0
10520,1,1,-15.040,4.303,-1.41,0.40,-1.41,0.40,INF,-1,0,7,0
10540,1,1,-14.181,1.885,-1.33,0.18,-1.33,0.18,INF,-1,0,7,0
10560,1,1,-15.242,3.892,-1.42,0.36,-1.42,0.36,INF,-1,0,7,0
10580,1,1,-14.854,3.261,-1.39,0.30,-1.39,0.30,INF,-1,0,7,0
10600,1,1,-16.417,5.279,-1.53,0.49,-1.53,0.49,INF,-1,0,7,0
10620,1,1,-13.974,4.395,-1.31,0.41,-1.31,0.41,INF,-1,0,7,0
10640,1,1,-19.204,0.600,-1.79,0.06,-1.79,0.06,INF,-1,0,7,0
10660,1,1,-15.750,1.740,-1.47,0.16,-1.47,0.16,INF,-1,0,7,0
10680,1,1,-17.796,6.593,-1.66,0.62,-1.66,0.62,INF,-1,0,7,0
10700,1,1,-17.487,0.752,-1.63,0.07,-1.63,0.07,INF,-1,1,7,0
10720,1,1,-12.974,-1.556,-1.21,-0.15,-1.21,-0.15,INF,-1,1,7,0
10740,1,1,-13.692,1.075,-1.28,0.10,-1.28,0.10,INF,-1,1,7,0
10760,1,1,-17.914,4.168,-1.67,0.39,-1.67,0.39,INF,-1,1,7,0
10780,1,1,-16.109,5.708,-1.51,0.53,-1.51,0.53,INF,-1,1,7,0
10800,1,1,-10.370,-2.160,-0.97,-0.20,-0.97,-0.20,INF,-1,1,7,0
10820,1,1,-10.292,5.055,-0.96,0.47,-0.96,0.47,INF,-1,1,7,0
10840,1,1,-6.468,5.136,-0.60,0.48,-0.60,0.48,INF,-1,1,7,0
10860,1,1,-2.122,6.040,-0.20,0.56,-0.20,0.56,INF,-1,1,7,0
10880,1,1,-1.394,4.165,-0.13,0.39,-0.13,0.39,INF,-1,0,7,0
10900,1,1,-6.366,-0.202,-0.59,-0.02,-0.59,-0.02,INF,-1,0,7,0
10920,1,1,2.831,2.647,0.26,0.25,0.26,0.25,INF,-1,0,7,0
10940,1,1,-5.479,3.047,-0.51,0.28,-0.51,0.28,INF,-1,0,7,0
10960,1,1,-5.547,-0.184,-0.52,-0.02,-0.52,-0.02,INF,-1,0,7,0
10980,1,1,-4.039,0.077,-0.38,0.01,-0.38,0.01,INF,-1,0,7,0
11000,1,1,-1.231,4.537,-0.12,0.42,-0.12,0.42,INF,-1,0,7,0
11020,1,1,2.177,3.164,0.20,0.30,0.20,0.30,INF,-1,0,7,0
11040,1,1,-1.785,7.913,-0.17,0.74,-0.17,0.74,INF,-1,0,7,0
11060,1,1,-0.314,4.961,-0.03,0.46,-0.03,0.46,INF,-1,0,7,0
11080,1,1,-1.047,2.352,-0.10,0.22,-0.10,0.22,INF,-1,0,7,0
11100,1,1,-3.667,3.438,-0.34,0.32,-0.34,0.32,INF,-1,0,7,0
11120,1,1,-8.759,7.338,-0.82,0.69,-0.82,0.69,INF,-1,1,7,0
11140,1,1,-6.409,8.012,-0.60,0.75,-0.60,0.75,INF,-1,1,7,0
11160,1,1,-15.015,2.451,-1.40,0.23,-1.40,0.23,INF,-1,1,7,0
11180,1,1,-11.101,4.870,-1.04,0.46,-1.04,0.46,INF,-1,1,7,0
11200,1,1,-17.887,5.681,-1.67,0.53,-1.67,0.53,INF,-1,1,7,0
11220,1,1,-14.383,7.762,-1.34,0.73,-1.34,0.73,INF,-1,1,7,0
11240,1,1,-16.547,6.579,-1.55,0.61,-1.55,0.61,INF,-1,0,7,0
11260,1,1,-10.767,5.154,-1.01,0.48,-1.01,0.48,INF,-1,0,7,0
11280,1,1,-13.810,8.789,-1.29,0.82,-1.29,0.82,INF,-1,0,7,0
11300,1,1,-13.315,3.029,-1.24,0.28,-1.24,0.28,INF,-1,0,7,0
11320,1,1,-12.196,3.777,-1.14,0.35,-1.14,0.35,INF,-1,0,7,0
11340,1,1,-16.721,6.894,-1.56,0.64,-1.56,0.64,INF,-1,0,7,0
11360,1,1,-15.273,6.210,-1.43,0.58,-1.43,0.58,INF,-1,0,7,0
11380,1,1,-10.576,6.302,-0.99,0.59,-0.99,0.59,INF,-1,0,7,0
11400,1,1,-11.519,4.830,-1.08,0.45,-1.08,0.45,INF,-1,0,7,0
11420,1,1,-14.768,6.468,-1.38,0.60,-1.38,0.60,INF,-1,0,7,0
11440,1,1,-15.597,8.118,-1.46,0.76,-1.46,0.76,INF,-1,0,7,0
11460,1,1,-13.369,9.344,-1.25,0.87,-1.25,0.87,INF,-1,0,7,0
11480,1,1,-6.478,4.881,-0.61,0.46,-0.61,0.46,INF,-1,1,7,0
11500,1,1,-8.520,3.204,-0.80,0.30,-0.80,0.30,INF,-1,1,7,0
11520,1,1,-9.023,-1.344,-0.84,-0.13,-0.84,-0.13,INF,-1,1,7,0
11540,1,1,-12.290,2.124,-1.15,0.20,-1.15,0.20,INF,-1,1,7,0
11560,1,1,-15.641,1.712,-1.46,0.16,-1.46,0.16,INF,-1,1,7,0
11580,1,1,-15.222,3.827,-1.42,0.36,-1.42,0.36,INF,-1,1,7,0
11600,1,1,-16.283,1.390,-1.52,0.13,-1.52,0.13,INF,-1,1,7,0
11620,1,1,-17.191,1.636,-1.61,0.15,-1.61,0.15,INF,-1,1,7,0
11640,1,1,-20.286,3.565,-1.90,0.33,-1.90,0.33,INF,-1,1,7,0
11660,1,1,-15.723,0.901,-1.47,0.08,-1.47,0.08,INF,-1,1,7,0
11680,1,1,-19.582,4.584,-1.83,0.43,-1.83,0.43,INF,-1,1,7,0
11700,1,1,-11.367,2.258,-1.06,0.21,-1.06,0.21,INF,-1,1,7,0
11720,1,1,-20.933,6.772,-1.96,0.63,-1.96,0.63,INF,-1,1,7,0
11740,1,1,-13.108,6.570,-1.22,0.61,-1.22,0.61,INF,-1,1,7,0
11760,1,1,-12.573,4.429,-1.17,0.41,-1.17,0.41,INF,-1,1,7,0
11780,1,1,-11.046,6.039,-1.03,0.56,-1.03,0.56,INF,-1,1,7,0
11800,1,1,-12.312,5.942,-1.15,0.56,-1.15,0.56,INF,-1,1,7,0
11820,1,1,-5.949,1.040,-0.56,0.10,-0.56,0.10,INF,-1,1,7,0
11840,1,1,-16.035,1.134,-1.50,0.11,-1.50,0.11,INF,-1,1,7,0
11860,1,1,-1.902,-0.061,-0.18,-0.01,-0.18,-0.01,INF,-1,1,7,0
11880,1,1,-3.691,4.630,-0.35,0.43,-0.34,0.43,INF,-1,1,7,0
11900,1,1,-8.664,4.200,-0.81,0.39,-0.81,0.39,INF,-1,1,7,0
11920,1,1,-7.480,2.989,-0.70,0.28,-0.70,0.28,INF,-1,1,7,0
11940,1,1,-9.912,5.586,-0.93,0.52,-0.93,0.52,INF,-1,1,7,0
11960,1,1,-6.189,1.977,-0.58,0.18,-0.58,0.18,INF,-1,1,7,0
11980,1,1,-9.899,-0.225,-0.93,-0.02,-0.93,-0.02,INF,-1,1,7,0
12000,1,1,-4.930,-0.013,-0.46,0.00,-0.46,0.00,INF,-1,1,7,0
12020,1,1,-7.959,-1.787,-0.74,-0.17,-0.74,-0.17,INF,-1,1,7,0
12040,1,1,-3.559,-0.446,-0.33,-0.04,-0.33,-0.04,INF,-1,1,7,0
12060,1,1,-3.235,-0.562,-0.30,-0.05,-0.30,-0.05,INF,-1,1,7,0
12080,1,1,-3.041,1.719,-0.28,0.16,-0.28,0.16,INF,-1,0,7,0
12100,1,1,-3.716,-0.118,-0.35,-0.01,-0.35,-0.01,INF,-1,0,7,0
12120,1,1,-0.797,-30.190,-0.07,-2.82,-0.07,-2.82,INF,-1,0,7,0
12140,0,1,0.000,0.000,0.00,0.00,0.00,0.00,0.00,-1,0,7,0
12160,0,1,0.000,0.000,0.00,0.00,0.00,0.00,0.00,-1,0,7,0
12180,0,1,0.000,0.000,0.00,0.00,0.00,0.00,0.00,-1,0,7,0
12200,0,1,0.000,0.000,0.00,0.00,0.00,0.00,0.00,-1,0,7,0
12220,0,1,0.000,0.000,0.00,0.00,0.00,0.00,0.00,-1,0,7,0
12240,0,1,0.000,0.000,0.00,0.00,0.00,0.00,0.00,-1,0,7,0
12260,0,1,0.000,0.000,0.00,0.00,0.00,0.00,0.00,-1,0,7,0
12280,0,1,0.000,0.000,0.00,0.00,0.00,0.00,0.00,-1,0,7,0
12300,0,1,0.000,0.000,0.00,0.00,0.00,0.00,0.00,-1,0,7,0
12320,0,1,0.000,0.000,0.00,0.00,0.00,0.00,0.00,-1,0,7,0
12340,0,1,0.000,0.000,0.00,0.00,0.00,0.00,0.00,-1,0,7,0
12360,0,1,0.000,0.000,0.00,0.00,0.00,0.00,0.00,-1,0,7,0
12380,0,1,0.000,0.000,0.00,0.00,0.00,0.00,0.00,-1,0,7,0
12400,0,1,0.000,0.000,0.00,0.00,0.00,0.00,0.00,-1,0,7,0
12420,1,1,-14.305,-0.727,-1.34,-0.07,-1.34,-0.07,INF,-1,0,7,0
12440,1,1,-17.081,-3.907,-1.60,-0.36,-1.60,-0.37,INF,-1,0,7,0
12460,1,1,-18.285,-2.889,-1.71,-0.27,-1.71,-0.27,INF,-1,0,7,0
12480,1,1,-18.391,-2.986,-1.72,-0.28,-1.72,-0.28,INF,-1,0,7,0
12500,1,1,-18.530,-3.011,-1.73,-0.28,-1.73,-0.28,INF,-1,0,7,0
12520,1,1,-20.808,-2.290,-1.94,-0.21,-1.94,-0.21,INF,-1,0,7,0
12540,1,1,-17.826,-1.711,-1.67,-0.16,-1.67,-0.16,INF,-1,0,7,0
12560,1,1,-26.960,-1.563,-2.52,-0.15,-2.52,-0.15,INF,-1,0,7,0
12580,1,1,-31.764,-5.073,-2.97,-0.47,-2.97,-0.47,INF,-1,0,7,0
12600,1,1,-32.051,-2.819,-2.99,-0.26,-2.99,-0.26,INF,-1,0,7,0
12620,0,1,0.000,0.000,0.00,0.00,0.00,0.00,0.00,-1,0,7,0
12640,1,1,-27.286,-9.525,-2.55,-0.89,-2.55,-0.89,INF,-1,0,7,0
12660,1,1,-29.540,-6.767,-2.76,-0.63,-2.76,-0.63,INF,-1,0,7,0
12680,1,1,-29.250,-5.847,-2.73,-0.55,-2.73,-0.55,INF,-1,0,7,0
12700,1,1,-26.615,-4.361,-2.49,-0.41,-2.49,-0.41,INF,-1,1,7,0
12720,1,1,-27.959,-3.678,-2.61,-0.34,-2.61,-0.34,INF,-1,1,7,0
12740,1,1,-32.587,-2.164,-3.04,-0.20,-3.04,-0.20,INF,-1,1,7,0
12760,1,1,-31.013,-4.941,-2.90,-0.46,-2.90,-0.46,INF,-1,1,7,0
12780,1,1,-30.518,-4.047,-2.85,-0.38,-2.85,-0.38,INF,-1,1,7,0
12800,1,1,-35.044,-3.661,-3.27,-0.34,-3.27,-0.34,INF,-1,1,7,0
12820,1,1,-31.875,-5.257,-2.98,-0.49,-2.98,-0.49,INF,-1,1,7,0
12840,1,1,-35.058,-4.114,-3.27,-0.38,-3.27,-0.38,INF,-1,1,7,0
12860,1,1,-34.696,-3.962,-3.24,-0.37,-3.24,-0.37,INF,-1,1,7,0
12880,1,1,-30.229,-4.312,-2.82,-0.40,-2.82,-0.40,INF,-1,1,7,0
12900,1,1,-31.461,-3.418,-2.94,-0.32,-2.94,-0.32,INF,-1,1,7,0
12920,1,1,-32.938,-2.195,-3.08,-0.20,-3.08,-0.21,INF,-1,1,7,0
12940,1,1,-33.272,-2.175,-3.11,-0.20,-3.11,-0.20,INF,-1,1,7,0
12960,1,1,-36.071,-5.026,-3.37,-0.47,-3.37,-0.47,INF,-1,1,7,0
12980,1,1,-31.248,-4.154,-2.92,-0.39,-2.92,-0.39,INF,-1,1,7,0
13000,1,1,-33.945,-5.117,-3.17,-0.48,-3.17,-0.48,INF,-1,1,7,0
13020,1,1,-33.745,-5.924,-3.15,-0.55,-3.15,-0.55,INF,-1,1,7,0
13040,1,1,-26.186,-2.068,-2.45,-0.19,-2.45,-0.19,INF,-1,1,7,0
13060,1,1,-29.929,-6.598,-2.80,-0.62,-2.80,-0.62,INF,-1,1,7,0
13080,1,1,-32.111,-3.079,-3.00,-0.29,-3.00,-0.29,INF,-1,1,7,0
13100,1,1,-30.776,-4.792,-2.87,-0.45,-2.87,-0.45,INF,-1,1,7,0
13120,1,1,-31.052,-7.513,-2.90,-0.70,-2.90,-0.70,INF,-1,1,7,0
13140,1,1,-38.566,-5.860,-3.60,-0.55,-3.60,-0.55,INF,-1,1,7,0
13160,1,1,-39.977,-3.063,-3.73,-0.29,-3.73,-0.29,INF,-1,1,7,0
13180,1,1,-45.059,-3.023,-4.20,-0.28,-4.20,-0.28,INF,-1,0,7,0
13200,1,1,-40.784,-1.748,-3.81,-0.16,-3.81,-0.16,INF,-1,0,7,0
13220,1,1,-37.700,-4.820,-3.52,-0.45,-3.52,-0.45,INF,-1,0,7,0
13240,1,1,-40.857,-5.500,-3.81,-0.51,-3.81,-0.51,INF,-1,0,7,0
13260,1,1,-42.635,-5.033,-3.98,-0.47,-3.98,-0.47,INF,-1,0,7,0
13280,1,1,-38.786,-4.720,-3.62,-0.44,-3.62,-0.44,INF,-1,0,7,0
13300,1,1,-38.758,-3.831,-3.62,-0.36,-3.62,-0.36,INF,-1,0,7,0
13320,1,1,-42.420,-3.933,-3.96,-0.37,-3.96,-0.37,INF,-1,0,7,0
13340,1,1,-42.205,-5.662,-3.94,-0.53,-3.94,-0.53,INF,-1,0,7,0
13360,1,1,-36.562,-5.532,-3.41,-0.52,-3.41,-0.52,INF,-1,0,7,0
13380,1,1,-40.524,-1.886,-3.78,-0.18,-3.78,-0.18,INF,-1,0,7,0
13400,1,1,-37.549,-5.802,-3.51,-0.54,-3.51,-0.54,INF,-1,0,7,0
13420,1,1,-37.762,-4.035,-3.53,-0.38,-3.52,-0.38,INF,-1,1,7,0
13440,1,1,-38.237,-4.634,-3.57,-0.43,-3.57,-0.43,INF,-1,1,7,0
13460,1,1,-37.106,-6.222,-3.46,-0.58,-3.46,-0.58,INF,-1,1,7,0
13480,1,1,-35.550,-7.246,-3.32,-0.68,-3.32,-0.68,INF,-1,1,7,0
13500,1,1,-34.619,-7.194,-3.23,-0.67,-3.23,-0.67,INF,-1,1,7,0
13520,1,1,-37.430,-8.447,-3.49,-0.79,-3.49,-0.79,INF,-1,1,7,0
13540,1,1,-37.132,-6.050,-3.47,-0.56,-3.47,-0.57,INF,-1,1,7,0
13560,1,1,-35.971,-3.226,-3.36,-0.30,-3.36,-0.30,INF,-1,1,7,0
13580,1,1,-23.412,-4.944,-2.19,-0.46,-2.19,-0.46,INF,-1,1,7,0
13600,1,1,-24.052,-4.567,-2.25,-0.43,-2.25,-0.43,INF,-1,1,7,0
13620,1,1,-24.000,-4.035,-2.24,-0.38,-2.24,-0.38,INF,-1,0,7,0
13640,1,1,-23.222,-4.853,-2.17,-0.45,-2.17,-0.45,INF,-1,0,7,0
13660,1,1,-22.247,-9.316,-2.08,-0.87,-2.08,-0.87,INF,-1,0,7,0
13680,1,1,-26.407,1.032,-2.47,0.10,-2.47,0.10,INF,-1,0,7,0
13700,1,1,-18.874,-1.881,-1.76,-0.18,-1.76,-0.18,INF,-1,0,7,0
13720,1,1,-20.510,-1.817,-1.92,-0.17,-1.92,-0.17,INF,-1,0,7,0
13740,1,1,-23.119,-1.775,-2.16,-0.17,-2.16,-0.17,INF,-1,0,7,0
13760,0,1,0.000,0.000,0.00,0.00,0.00,0.00,0.00,-1,0,7,0
13780,1,1,-23.351,-4.492,-2.18,-0.42,-2.18,-0.42,INF,-1,0,7,0
13800,1,1,-25.828,-5.582,-2.41,-0.52,-2.41,-0.52,INF,-1,0,7,0
13820,1,1,-22.099,-0.156,-2.06,-0.01,-2.06,-0.01,INF,-1,0,7,0
13840,1,1,-26.713,-3.320,-2.50,-0.31,-2.50,-0.31,INF,-1,0,7,0
13860,1,1,-21.501,0.721,-2.01,0.07,-2.01,0.07,INF,-1,1,7,0
13880,1,1,-21.856,0.277,-2.04,0.03,-2.04,0.03,INF,-1,1,7,0
13900,1,1,-19.030,-2.049,-1.78,-0.19,-1.78,-0.19,INF,-1,1,7,0
13920,1,1,-19.532,-0.992,-1.82,-0.09,-1.82,-0.09,INF,-1,1,7,0
13940,1,1,-22.701,-0.885,-2.12,-0.08,-2.12,-0.08,INF,-1,1,7,0
13960,1,1,-21.008,-1.610,-1.96,-0.15,-1.96,-0.15,INF,-1,1,7,0
13980,1,1,-23.465,-1.161,-2.19,-0.11,-2.19,-0.11,INF,-1,1,7,0
14000,1,1,-23.664,-4.830,-2.21,-0.45,-2.21,-0.45,INF,-1,1,7,0
14020,1,1,-24.995,-2.486,-2.33,-0.23,-2.33,-0.23,INF,-1,1,7,0
14040,1,1,-14.210,-6.736,-1.33,-0.63,-1.33,-0.63,INF,-1,1,7,0
14060,1,1,-21.274,-3.809,-1.99,-0.36,-1.99,-0.36,INF,-1,1,7,0
14080,1,1,-18.390,-6.469,-1.72,-0.60,-1.72,-0.60,INF,-1,1,7,0
14100,1,1,-16.480,-4.746,-1.54,-0.44,-1.54,-0.44,INF,-1,1,7,0
14120,1,1,-20.686,-4.255,-1.93,-0.40,-1.93,-0.40,INF,-1,1,7,0
14140,1,1,-20.207,-3.516,-1.89,-0.33,-1.89,-0.33,INF,-1,1,7,0
14160,1,1,-18.063,-1.898,-1.69,-0.18,-1.69,-0.18,INF,-1,1,7,0
14180,0,1,0.000,0.000,0.00,0.00,0.00,0.00,0.00,-1,1,7,0
14200,1,1,-12.139,-3.768,-1.13,-0.35,-1.13,-0.35,INF,-1,1,7,0
14220,1,1,-10.564,-3.158,-0.99,-0.30,-0.99,-0.30,INF,-1,1,7,0
14240,1,1,-13.398,-5.533,-1.25,-0.52,-1.25,-0.52,INF,-1,1,7,0
14260,1,1,-11.099,-3.978,-1.04,-0.37,-1.04,-0.37,INF,-1,0,7,0
14280,1,1,-10.338,-6.338,-0.97,-0.59,-0.97,-0.59,INF,-1,0,7,0
14300,1,1,-9.372,-4.581,-0.88,-0.43,-0.88,-0.43,INF,-1,0,7,0
14320,1,1,-7.453,-4.829,-0.70,-0.45,-0.70,-0.45,INF,-1,0,7,0
14340,1,1,-12.832,-6.280,-1.20,-0.59,-1.20,-0.59,INF,-1,0,7,0
14360,1,1,-9.592,-7.780,-0.90,-0.73,-0.90,-0.73,INF,-1,0,7,0
14380,1,1,-7.826,-8.355,-0.73,-0.78,-0.73,-0.78,INF,-1,0,7,0
14400,1,1,-6.592,-5.368,-0.62,-0.50,-0.62,-0.50,INF,-1,0,7,0
14420,1,1,-12.882,-2.381,-1.20,-0.22,-1.20,-0.22,INF,-1,0,7,0
14440,1,1,-11.357,-2.923,-1.06,-0.27,-1.06,-0.27,INF,-1,0,7,0
14460,1,1,-10.582,-3.509,-0.99,-0.33,-0.99,-0.33,INF,-1,0,7,0
14480,1,1,-20.199,-4.576,-1.89,-0.43,-1.89,-0.43,INF,-1,1,7,0
14500,1,1,-18.225,-4.190,-1.70,-0.39,-1.70,-0.39,INF,-1,1,7,0
14520,1,1,-12.190,-5.200,-1.14,-0.49,-1.14,-0.49,INF,-1,1,7,0
14540,1,1,-15.786,-3.766,-1.48,-0.35,-1.48,-0.35,INF,-1,1,7,0
14560,1,1,-12.528,-6.000,-1.17,-0.56,-1.17,-0.56,INF,-1,1,7,0
14580,1,1,-23.533,-6.037,-2.20,-0.56,-2.20,-0.56,INF,-1,1,7,0
14600,1,1,-18.153,-6.603,-1.70,-0.62,-1.70,-0.62,INF,-1,1,7,0
14620,1,1,-6.651,-5.176,-0.62,-0.48,-0.62,-0.48,INF,-1,1,7,0
14640,1,1,11.872,-1.265,1.11,-0.12,1.11,-0.12,INF,-1,1,7,0
14660,1,1,15.854,4.322,1.48,0.40,1.48,0.40,INF,-1,1,7,0
14680,1,1,11.910,-3.983,1.11,-0.37,1.11,-0.37,INF,-1,0,7,0
14700,1,1,10.496,0.906,0.98,0.08,0.98,0.08,INF,-1,0,7,0
14720,1,1,15.758,1.571,1.47,0.15,1.47,0.15,INF,-1,0,7,0
14740,1,1,11.476,0.135,1.07,0.01,1.07,0.01,INF,-1,0,7,0
14760,1,1,14.971,-0.893,1.40,-0.08,1.40,-0.08,INF,-1,0,7,0
14780,1,1,15.594,-0.079,1.46,-0.01,1.46,-0.01,INF,-1,0,7,0
14800,1,1,15.331,-5.635,1.43,-0.53,1.43,-0.53,INF,-1,0,7,0
14820,1,1,13.907,-2.139,1.30,-0.20,1.30,-0.20,INF,-1,0,7,0
14840,1,1,7.703,-5.145,0.72,-0.48,0.72,-0.48,INF,-1,0,7,0
14860,1,1,10.534,-1.436,0.98,-0.13,0.98,-0.13,INF,-1,0,7,0
14880,1,1,11.412,-4.434,1.07,-0.41,1.07,-0.41,INF,-1,0,7,0
14900,1,1,14.245,-2.635,1.33,-0.25,1.33,-0.25,INF,-1,0,7,0
14920,1,1,9.131,-3.428,0.85,-0.32,0.85,-0.32,INF,-1,1,7,0
14940,1,1,7.003,-3.742,0.65,-0.35,0.65,-0.35,INF,-1,1,7,0
14960,1,1,11.433,-5.793,1.07,-0.54,1.07,-0.54,INF,-1,1,7,0
14980,1,1,2.036,-1.030,0.19,-0.10,0.19,-0.10,INF,-1,1,7,0
