"EyeTracker Toolbox version","3.250"
CalibrationParameters_A11,1.05274
CalibrationParameters_A12,0.04052
CalibrationParameters_A13,-0.05700
CalibrationParameters_A21,0.08991
CalibrationParameters_A22,-1.06918
CalibrationParameters_A23,0.02066
CalibrationParameters_A31,-0.00038
CalibrationParameters_A32,-0.00017
CalibrationParameters_E11,-0.18007
CalibrationParameters_E12,-0.00002
CalibrationParameters_E21,-0.00019
CalibrationParameters_E22,0.20006
CalibrationParameters_X,-27.86099
CalibrationParameters_Y,-2.06536
CalibrationParameters_Rpc,70.58650
CalibrationParameters_MeanX,138.35862
CalibrationParameters_MeanY,99.34748
CalibrationParameters_ViewDist,613.00000
TimeStamp,Tracked,Calibrated,ScreenPositionXmm,ScreenPositionYmm,FicksLongitude,FicksLatitude,HelmholtzAzimuth,HelmholtzElevation,PupilDiameter,Region,Fixation,DigitalIO,Dropped
0,1,1,7.400,14.194,0.69,1.33,0.69,1.33,INF,-1,0,7,0
20,1,1,1.674,15.921,0.16,1.49,0.16,1.49,INF,-1,0,7,0
40,1,1,1.143,16.579,0.11,1.55,0.11,1.55,INF,-1,0,7,0
60,1,1,3.899,14.535,0.36,1.36,0.36,1.36,INF,-1,0,7,0
80,1,1,4.926,16.180,0.46,1.51,0.46,1.51,INF,-1,0,7,0
100,1,1,1.820,17.628,0.17,1.65,0.17,1.65,INF,-1,0,7,0
120,1,1,2.304,13.501,0.22,1.26,0.22,1.26,INF,-1,0,7,0
140,1,1,-9.323,8.943,-0.87,0.84,-0.87,0.84,INF,-1,0,7,0
160,1,1,-13.286,5.179,-1.24,0.48,-1.24,0.48,INF,-1,0,7,0
180,1,1,-7.485,5.262,-0.70,0.49,-0.70,0.49,INF,-1,0,7,0
200,1,1,-12.926,5.244,-1.21,0.49,-1.21,0.49,INF,-1,0,7,0
220,1,1,-10.299,6.799,-0.96,0.64,-0.96,0.64,INF,-1,0,7,0
240,1,1,-10.942,5.776,-1.02,0.54,-1.02,0.54,INF,-1,0,7,0
260,1,1,-13.131,5.188,-1.23,0.48,-1.23,0.48,INF,-1,0,7,0
280,1,1,-10.897,3.534,-1.02,0.33,-1.02,0.33,INF,-1,0,7,0
300,1,1,-10.577,2.979,-0.99,0.28,-0.99,0.28,INF,-1,1,7,0
320,1,1,-11.356,4.084,-1.06,0.38,-1.06,0.38,INF,-1,1,7,0
340,1,1,-11.149,1.578,-1.04,0.15,-1.04,0.15,INF,-1,1,7,0
360,1,1,-10.844,0.874,-1.01,0.08,-1.01,0.08,INF,-1,1,7,0
380,1,1,-13.429,2.225,-1.25,0.21,-1.25,0.21,INF,-1,1,7,0
400,1,1,-12.122,0.790,-1.13,0.07,-1.13,0.07,INF,-1,0,7,0
420,1,1,-14.211,-0.802,-1.33,-0.07,-1.33,-0.07,INF,-1,0,7,0
440,1,1,-16.569,-5.092,-1.55,-0.48,-1.55,-0.48,INF,-1,0,7,0
460,1,1,-14.389,-2.540,-1.34,-0.24,-1.34,-0.24,INF,-1,0,7,0
480,1,1,-14.509,-5.770,-1.36,-0.54,-1.36,-0.54,INF,-1,0,7,0
500,1,1,-18.812,-5.338,-1.76,-0.50,-1.76,-0.50,INF,-1,0,7,0
520,1,1,-17.094,-3.380,-1.60,-0.32,-1.60,-0.32,INF,-1,0,7,0
540,1,1,-17.320,-7.539,-1.62,-0.70,-1.62,-0.70,INF,-1,0,7,0
560,1,1,-14.217,-4.732,-1.33,-0.44,-1.33,-0.44,INF,-1,0,7,0
580,1,1,-16.965,-4.921,-1.59,-0.46,-1.59,-0.46,INF,-1,0,7,0
600,1,1,-14.269,-2.989,-1.33,-0.28,-1.33,-0.28,INF,-1,0,7,0
620,1,1,-17.355,-4.489,-1.62,-0.42,-1.62,-0.42,INF,-1,0,7,0
640,1,1,-15.342,-4.650,-1.43,-0.43,-1.43,-0.43,INF,-1,1,7,0
660,1,1,-18.258,-3.977,-1.71,-0.37,-1.71,-0.37,INF,-1,1,7,0
680,1,1,-18.238,-5.234,-1.70,-0.49,-1.70,-0.49,INF,-1,1,7,0
700,1,1,-16.757,-5.831,-1.57,-0.54,-1.57,-0.54,INF,-1,1,7,0
720,1,1,-16.072,-3.310,-1.50,-0.31,-1.50,-0.31,INF,-1,1,7,0
740,1,1,-16.753,-5.367,-1.57,-0.50,-1.57,-0.50,INF,-1,1,7,0
760,1,1,-16.520,-3.888,-1.54,-0.36,-1.54,-0.36,INF,-1,1,7,0
780,1,1,-18.208,-5.146,-1.70,-0.48,-1.70,-0.48,INF,-1,1,7,0
800,1,1,-17.799,-4.484,-1.66,-0.42,-1.66,-0.42,INF,-1,1,7,0
820,1,1,-17.328,-4.706,-1.62,-0.44,-1.62,-0.44,INF,-1,1,7,0
840,1,1,-16.639,-1.865,-1.55,-0.17,-1.55,-0.17,INF,-1,1,7,0
860,1,1,-18.587,-5.314,-1.74,-0.50,-1.74,-0.50,INF,-1,1,7,0
880,1,1,-18.575,-5.577,-1.74,-0.52,-1.74,-0.52,INF,-1,1,7,0
900,1,1,-18.516,-4.589,-1.73,-0.43,-1.73,-0.43,INF,-1,1,7,0
920,1,1,-17.419,-4.853,-1.63,-0.45,-1.63,-0.45,INF,-1,1,7,0
940,1,1,-16.404,-6.631,-1.53,-0.62,-1.53,-0.62,INF,-1,1,7,0
960,1,1,-18.913,-4.253,-1.77,-0.40,-1.77,-0.40,INF,-1,1,7,0
980,1,1,-18.259,-5.167,-1.71,-0.48,-1.71,-0.48,INF,-1,1,7,0
1000,1,1,-16.684,-4.537,-1.56,-0.42,-1.56,-0.42,INF,-1,1,7,0
1020,1,1,-17.904,-5.731,-1.67,-0.54,-1.67,-0.54,INF,-1,1,7,0
1040,1,1,-17.546,-4.771,-1.64,-0.45,-1.64,-0.45,INF,-1,1,7,0
1060,1,1,-17.740,-3.495,-1.66,-0.33,-1.66,-0.33,INF,-1,1,7,0
1080,1,1,-18.128,-6.771,-1.69,-0.63,-1.69,-0.63,INF,-1,1,7,0
1100,1,1,-18.000,-5.605,-1.68,-0.52,-1.68,-0.52,INF,-1,1,7,0
1120,1,1,-18.672,-5.865,-1.74,-0.55,-1.74,-0.55,INF,-1,1,7,0
1140,1,1,-18.254,-3.372,-1.71,-0.32,-1.71,-0.32,INF,-1,1,7,0
1160,1,1,-19.271,-4.776,-1.80,-0.45,-1.80,-0.45,INF,-1,1,7,0
1180,1,1,-14.888,-11.986,-1.39,-1.12,-1.39,-1.12,INF,-1,1,7,0
1200,1,1,-17.528,-7.533,-1.64,-0.70,-1.64,-0.70,INF,-1,1,7,0
1220,1,1,-18.740,-5.464,-1.75,-0.51,-1.75,-0.51,INF,-1,1,7,0
1240,1,1,-14.779,-9.269,-1.38,-0.87,-1.38,-0.87,INF,-1,1,7,0
1260,1,1,-15.948,-8.510,-1.49,-0.80,-1.49,-0.80,INF,-1,1,7,0
1280,1,1,-14.271,-9.054,-1.33,-0.85,-1.33,-0.85,INF,-1,1,7,0
1300,1,1,-19.080,-7.855,-1.78,-0.73,-1.78,-0.73,INF,-1,1,7,0
1320,1,1,-19.695,-6.318,-1.84,-0.59,-1.84,-0.59,INF,-1,1,7,0
1340,1,1,-21.117,-5.730,-1.97,-0.54,-1.97,-0.54,INF,-1,1,7,0
1360,1,1,-22.159,-5.342,-2.07,-0.50,-2.07,-0.50,INF,-1,1,7,0
1380,1,1,-19.625,-7.382,-1.83,-0.69,-1.83,-0.69,INF,-1,1,7,0
1400,1,1,-20.127,-6.448,-1.88,-0.60,-1.88,-0.60,INF,-1,1,7,0
1420,1,1,-20.430,-6.280,-1.91,-0.59,-1.91,-0.59,INF,-1,1,7,0
1440,1,1,-19.122,-6.048,-1.79,-0.57,-1.79,-0.57,INF,-1,1,7,0
1460,1,1,-20.912,-3.782,-1.95,-0.35,-1.95,-0.35,INF,-1,1,7,0
1480,1,1,-20.967,-6.986,-1.96,-0.65,-1.96,-0.65,INF,-1,1,7,0
1500,1,1,-18.652,-3.595,-1.74,-0.34,-1.74,-0.34,INF,-1,1,7,0
1520,1,1,-21.052,-4.083,-1.97,-0.38,-1.97,-0.38,INF,-1,1,7,0
1540,1,1,-16.786,-6.883,-1.57,-0.64,-1.57,-0.64,INF,-1,1,7,0
1560,1,1,-13.882,-4.214,-1.30,-0.39,-1.30,-0.39,INF,-1,1,7,0
1580,1,1,-9.796,-3.257,-0.92,-0.30,-0.92,-0.30,INF,-1,1,7,0
1600,1,1,-9.147,-4.459,-0.85,-0.42,-0.85,-0.42,INF,-1,1,7,0
1620,1,1,-16.772,-1.376,-1.57,-0.13,-1.57,-0.13,INF,-1,1,7,0
1640,1,1,-13.089,-3.812,-1.22,-0.36,-1.22,-0.36,INF,-1,1,7,0
1660,1,1,-11.597,-0.076,-1.08,-0.01,-1.08,-0.01,INF,-1,1,7,0
1680,1,1,-14.641,-5.116,-1.37,-0.48,-1.37,-0.48,INF,-1,1,7,0
1700,1,1,-12.774,-1.890,-1.19,-0.18,-1.19,-0.18,INF,-1,1,7,0
1720,1,1,-10.105,-4.246,-0.94,-0.40,-0.94,-0.40,INF,-1,1,7,0
1740,1,1,-12.985,-3.549,-1.21,-0.33,-1.21,-0.33,INF,-1,1,7,0
1760,1,1,-14.985,-3.469,-1.40,-0.32,-1.40,-0.32,INF,-1,1,7,0
1780,1,1,-13.361,-1.227,-1.25,-0.11,-1.25,-0.11,INF,-1,1,7,0
1800,1,1,-11.945,-3.272,-1.12,-0.31,-1.12,-0.31,INF,-1,1,7,0
1820,1,1,-13.325,-6.633,-1.25,-0.62,-1.25,-0.62,INF,-1,1,7,0
1840,1,1,-12.379,-1.399,-1.16,-0.13,-1.16,-0.13,INF,-1,1,7,0
1860,1,1,-13.466,-1.883,-1.26,-0.18,-1.26,-0.18,INF,-1,1,7,0
1880,1,1,-11.821,-41.094,-1.10,-3.83,-1.10,-3.84,INF,-1,1,7,0
1900,0,1,0.000,0.000,0.00,0.00,0.00,0.00,0.00,-1,1,7,0
1920,0,1,0.000,0.000,0.00,0.00,0.00,0.00,0.00,-1,1,7,0
1940,0,1,0.000,0.000,0.00,0.00,0.00,0.00,0.00,-1,1,7,0
1960,0,1,0.000,0.000,0.00,0.00,0.00,0.00,0.00,-1,0,7,0
1980,0,1,0.000,0.000,0.00,0.00,0.00,0.00,0.00,-1,0,7,0
2000,0,1,0.000,0.000,0.00,0.00,0.00,0.00,0.00,-1,0,7,0
2020,0,1,0.000,0.000,0.00,0.00,0.00,0.00,0.00,-1,0,7,0
2040,0,1,0.000,0.000,0.00,0.00,0.00,0.00,0.00,-1,0,7,0
2060,0,1,0.000,0.000,0.00,0.00,0.00,0.00,0.00,-1,0,7,0
2080,0,1,0.000,0.000,0.00,0.00,0.00,0.00,0.00,-1,0,7,0
2100,0,1,0.000,0.000,0.00,0.00,0.00,0.00,0.00,-1,0,7,0
2120,0,1,0.000,0.000,0.00,0.00,0.00,0.00,0.00,-1,0,7,0
2140,1,1,-18.606,-23.782,-1.74,-2.22,-1.74,-2.22,INF,-1,0,7,0
2160,1,1,-17.017,5.668,-1.59,0.53,-1.59,0.53,INF,-1,0,7,0
2180,1,1,-18.457,-3.918,-1.72,-0.37,-1.72,-0.37,INF,-1,0,7,0
2200,1,1,-16.312,4.632,-1.52,0.43,-1.52,0.43,INF,-1,0,7,0
2220,1,1,-17.584,5.565,-1.64,0.52,-1.64,0.52,INF,-1,0,7,0
2240,1,1,-21.605,4.084,-2.02,0.38,-2.02,0.38,INF,-1,0,7,0
2260,1,1,-20.879,5.192,-1.95,0.49,-1.95,0.49,INF,-1,0,7,0
2280,1,1,-20.946,5.416,-1.96,0.51,-1.96,0.51,INF,-1,0,7,0
2300,1,1,-21.013,6.538,-1.96,0.61,-1.96,0.61,INF,-1,0,7,0
2320,1,1,-17.744,4.955,-1.66,0.46,-1.66,0.46,INF,-1,0,7,0
2340,1,1,-17.527,5.174,-1.64,0.48,-1.64,0.48,INF,-1,0,7,0
2360,1,1,-18.083,4.064,-1.69,0.38,-1.69,0.38,INF,-1,0,7,0
2380,1,1,-21.960,7.804,-2.05,0.73,-2.05,0.73,INF,-1,0,7,0
2400,1,1,-19.918,4.021,-1.86,0.38,-1.86,0.38,INF,-1,0,7,0
2420,1,1,-21.911,7.558,-2.05,0.71,-2.05,0.71,INF,-1,0,7,0
2440,1,1,-19.170,7.433,-1.79,0.69,-1.79,0.69,INF,-1,1,7,0
2460,1,1,-19.206,5.117,-1.79,0.48,-1.79,0.48,INF,-1,1,7,0
2480,1,1,-20.829,6.820,-1.95,0.64,-1.95,0.64,INF,-1,1,7,0
2500,1,1,-19.757,7.591,-1.85,0.71,-1.85,0.71,INF,-1,1,7,0
2520,1,1,-21.904,7.234,-2.05,0.68,-2.05,0.68,INF,-1,1,7,0
2540,1,1,-17.847,8.049,-1.67,0.75,-1.67,0.75,INF,-1,1,7,0
2560,1,1,-17.076,6.970,-1.60,0.65,-1.60,0.65,INF,-1,1,7,0
2580,1,1,-20.247,9.862,-1.89,0.92,-1.89,0.92,INF,-1,1,7,0
2600,1,1,-14.894,5.926,-1.39,0.55,-1.39,0.55,INF,-1,1,7,0
2620,1,1,-18.297,1.793,-1.71,0.17,-1.71,0.17,INF,-1,1,7,0
2640,1,1,-16.061,5.483,-1.50,0.51,-1.50,0.51,INF,-1,1,7,0
2660,1,1,-19.279,1.925,-1.80,0.18,-1.80,0.18,INF,-1,1,7,0
2680,1,1,-18.482,4.269,-1.73,0.40,-1.73,0.40,INF,-1,1,7,0
2700,1,1,-18.245,2.494,-1.70,0.23,-1.70,0.23,INF,-1,1,7,0
2720,1,1,-20.116,1.855,-1.88,0.17,-1.88,0.17,INF,-1,1,7,0
2740,1,1,-21.156,3.222,-1.98,0.30,-1.98,0.30,INF,-1,1,7,0
2760,1,1,-15.152,-1.070,-1.42,-0.10,-1.42,-0.10,INF,-1,1,7,0
2780,1,1,1.971,-2.839,0.18,-0.27,0.18,-0.27,INF,-1,1,7,0
2800,1,1,-0.675,-2.394,-0.06,-0.22,-0.06,-0.22,INF,-1,1,7,0
2820,1,1,2.342,-2.023,0.22,-0.19,0.22,-0.19,INF,-1,0,7,0
2840,1,1,2.412,-3.597,0.23,-0.34,0.23,-0.34,INF,-1,0,7,0
2860,1,1,4.256,-5.334,0.40,-0.50,0.40,-0.50,INF,-1,0,7,0
2880,1,1,4.854,-5.803,0.45,-0.54,0.45,-0.54,INF,-1,0,7,0
2900,1,1,2.050,-6.518,0.19,-0.61,0.19,-0.61,INF,-1,0,7,0
2920,1,1,1.760,-3.827,0.16,-0.36,0.16,-0.36,INF,-1,0,7,0
2940,1,1,-1.533,-2.621,-0.14,-0.24,-0.14,-0.24,INF,-1,0,7,0
2960,1,1,12.496,-8.518,1.17,-0.80,1.17,-0.80,INF,-1,0,7,0
2980,1,1,23.468,-15.852,2.19,-1.48,2.19,-1.48,INF,-1,0,7,0
3000,1,1,22.077,-14.216,2.06,-1.33,2.06,-1.33,INF,-1,0,7,0
3020,1,1,21.993,-11.357,2.05,-1.06,2.05,-1.06,INF,-1,0,7,0
3040,1,1,22.339,-12.233,2.09,-1.14,2.09,-1.14,INF,-1,0,7,0
3060,1,1,20.976,-11.148,1.96,-1.04,1.96,-1.04,INF,-1,0,7,0
3080,1,1,25.801,-13.414,2.41,-1.25,2.41,-1.25,INF,-1,0,7,0
3100,1,1,22.444,-13.937,2.10,-1.30,2.10,-1.30,INF,-1,1,7,0
3120,1,1,21.312,-12.559,1.99,-1.17,1.99,-1.17,INF,-1,1,7,0
3140,1,1,18.881,-12.057,1.76,-1.13,1.76,-1.13,INF,-1,1,7,0
3160,1,1,29.008,-11.949,2.71,-1.12,2.71,-1.12,INF,-1,1,7,0
3180,1,1,32.561,-12.091,3.04,-1.13,3.04,-1.13,INF,-1,1,7,0
3200,1,1,28.784,-11.570,2.69,-1.08,2.69,-1.08,INF,-1,0,7,0
3220,1,1,32.302,-8.631,3.02,-0.81,3.02,-0.81,INF,-1,0,7,0
3240,1,1,33.557,-10.083,3.13,-0.94,3.13,-0.94,INF,-1,0,7,0
3260,1,1,33.348,-10.188,3.11,-0.95,3.11,-0.95,INF,-1,0,7,0
3280,1,1,30.478,-11.576,2.85,-1.08,2.85,-1.08,INF,-1,0,7,0
3300,1,1,32.690,-10.672,3.05,-1.00,3.05,-1.00,INF,-1,0,7,0
3320,1,1,35.598,-11.414,3.32,-1.06,3.32,-1.07,INF,-1,0,7,0
3340,1,1,35.983,-8.927,3.36,-0.83,3.36,-0.83,INF,-1,0,7,0
3360,1,1,34.832,-12.406,3.25,-1.16,3.25,-1.16,INF,-1,0,7,0
3380,1,1,31.128,-8.851,2.91,-0.83,2.91,-0.83,INF,-1,0,7,0
3400,1,1,34.961,-9.740,3.26,-0.91,3.26,-0.91,INF,-1,0,7,0
3420,1,1,18.194,-5.850,1.70,-0.55,1.70,-0.55,INF,-1,0,7,0
3440,1,1,21.932,-5.757,2.05,-0.54,2.05,-0.54,INF,-1,1,7,0
3460,1,1,18.927,-3.531,1.77,-0.33,1.77,-0.33,INF,-1,0,7,0
3480,1,1,21.023,-6.235,1.96,-0.58,1.96,-0.58,INF,-1,0,7,0
3500,1,1,23.074,-4.416,2.16,-0.41,2.16,-0.41,INF,-1,0,7,0
3520,1,1,23.149,-7.850,2.16,-0.73,2.16,-0.73,INF,-1,0,7,0
3540,1,1,21.385,-4.212,2.00,-0.39,2.00,-0.39,INF,-1,0,7,0
3560,1,1,18.834,-5.355,1.76,-0.50,1.76,-0.50,INF,-1,0,7,0
3580,1,1,26.423,-7.918,2.47,-0.74,2.47,-0.74,INF,-1,0,7,0
3600,1,1,24.431,-5.056,2.28,-0.47,2.28,-0.47,INF,-1,0,7,0
3620,1,1,21.707,-4.894,2.03,-0.46,2.03,-0.46,INF,-1,0,7,0
3640,1,1,23.520,-6.940,2.20,-0.65,2.20,-0.65,INF,-1,0,7,0
3660,1,1,25.896,-5.691,2.42,-0.53,2.42,-0.53,INF,-1,0,7,0
3680,1,1,21.633,-7.103,2.02,-0.66,2.02,-0.66,INF,-1,0,7,0
3700,1,1,25.920,-8.754,2.42,-0.82,2.42,-0.82,INF,-1,1,7,0
3720,1,1,21.146,-7.907,1.98,-0.74,1.98,-0.74,INF,-1,1,7,0
3740,1,1,25.606,-7.248,2.39,-0.68,2.39,-0.68,INF,-1,1,7,0
3760,1,1,22.907,-8.733,2.14,-0.82,2.14,-0.82,INF,-1,1,7,0
3780,1,1,21.699,-4.488,2.03,-0.42,2.03,-0.42,INF,-1,1,7,0
3800,1,1,22.402,-6.640,2.09,-0.62,2.09,-0.62,INF,-1,1,7,0
3820,1,1,26.203,-8.116,2.45,-0.76,2.45,-0.76,INF,-1,1,7,0
3840,1,1,36.132,-9.689,3.37,-0.90,3.37,-0.91,INF,-1,1,7,0
3860,1,1,36.212,-8.642,3.38,-0.81,3.38,-0.81,INF,-1,1,7,0
3880,1,1,35.362,-7.935,3.30,-0.74,3.30,-0.74,INF,-1,0,7,0
3900,1,1,35.287,-9.189,3.29,-0.86,3.29,-0.86,INF,-1,0,7,0
3920,1,1,35.852,-8.602,3.35,-0.80,3.35,-0.80,INF,-1,0,7,0
3940,1,1,35.366,-10.268,3.30,-0.96,3.30,-0.96,INF,-1,0,7,0
3960,1,1,36.299,-10.283,3.39,-0.96,3.39,-0.96,INF,-1,0,7,0
3980,1,1,37.514,-8.943,3.50,-0.83,3.50,-0.84,INF,-1,0,7,0
4000,1,1,37.338,-11.773,3.49,-1.10,3.48,-1.10,INF,-1,0,7,0
4020,1,1,37.749,-10.782,3.52,-1.01,3.52,-1.01,INF,-1,0,7,0
4040,1,1,37.406,-8.831,3.49,-0.82,3.49,-0.83,INF,-1,0,7,0
4060,1,1,40.604,-13.813,3.79,-1.29,3.79,-1.29,INF,-1,0,7,0
4080,1,1,39.468,-9.233,3.68,-0.86,3.68,-0.86,INF,-1,0,7,0
4100,1,1,38.797,-9.519,3.62,-0.89,3.62,-0.89,INF,-1,0,7,0
4120,1,1,41.266,-10.307,3.85,-0.96,3.85,-0.96,INF,-1,1,7,0
4140,1,1,40.742,-11.406,3.80,-1.06,3.80,-1.07,INF,-1,1,7,0
4160,1,1,43.681,-10.477,4.08,-0.98,4.08,-0.98,INF,-1,1,7,0
4180,1,1,37.009,-10.678,3.45,-1.00,3.45,-1.00,INF,-1,1,7,0
4200,1,1,41.925,-9.423,3.91,-0.88,3.91,-0.88,INF,-1,1,7,0
4220,1,1,39.963,-10.093,3.73,-0.94,3.73,-0.94,INF,-1,1,7,0
4240,1,1,38.908,-9.642,3.63,-0.90,3.63,-0.90,INF,-1,1,7,0
4260,1,1,45.292,-10.075,4.23,-0.94,4.23,-0.94,INF,-1,1,7,0
4280,1,1,37.385,-7.501,3.49,-0.70,3.49,-0.70,INF,-1,1,7,0
4300,1,1,45.757,-8.646,4.27,-0.81,4.27,-0.81,INF,-1,1,7,0
4320,1,1,36.450,-9.896,3.40,-0.92,3.40,-0.92,INF,-1,1,7,0
4340,1,1,11.439,-11.437,1.07,-1.07,1.07,-1.07,INF,-1,1,7,0
4360,1,1,9.948,-10.611,0.93,-0.99,0.93,-0.99,INF,-1,1,7,0
4380,1,1,11.549,-8.629,1.08,-0.81,1.08,-0.81,INF,-1,0,7,0
4400,1,1,16.481,-11.697,1.54,-1.09,1.54,-1.09,INF,-1,0,7,0
4420,1,1,15.165,-8.615,1.42,-0.80,1.42,-0.81,INF,-1,0,7,0
4440,1,1,11.851,-9.629,1.11,-0.90,1.11,-0.90,INF,-1,0,7,0
4460,1,1,15.875,-10.150,1.48,-0.95,1.48,-0.95,INF,-1,0,7,0
4480,1,1,7.558,-10.551,0.71,-0.99,0.71,-0.99,INF,-1,0,7,0
4500,1,1,13.677,-11.161,1.28,-1.04,1.28,-1.04,INF,-1,0,7,0
4520,1,1,17.192,-11.512,1.61,-1.08,1.61,-1.08,INF,-1,0,7,0
4540,1,1,13.724,-10.499,1.28,-0.98,1.28,-0.98,INF,-1,0,7,0
4560,1,1,12.489,-7.896,1.17,-0.74,1.17,-0.74,INF,-1,0,7,0
4580,1,1,11.217,-11.365,1.05,-1.06,1.05,-1.06,INF,-1,0,7,0
4600,1,1,10.821,-7.094,1.01,-0.66,1.01,-0.66,INF,-1,0,7,0
4620,1,1,-10.000,-7.409,-0.93,-0.69,-0.93,-0.69,INF,-1,1,7,0
4640,1,1,-2.619,-2.117,-0.24,-0.20,-0.24,-0.20,INF,-1,1,7,0
4660,1,1,-5.567,-6.271,-0.52,-0.59,-0.52,-0.59,INF,-1,0,7,0
4680,1,1,-0.935,-5.787,-0.09,-0.54,-0.09,-0.54,INF,-1,0,7,0
4700,1,1,-1.323,-6.607,-0.12,-0.62,-0.12,-0.62,INF,-1,0,7,0
4720,1,1,-2.534,-6.230,-0.24,-0.58,-0.24,-0.58,INF,-1,0,7,0
4740,1,1,-1.449,-3.516,-0.14,-0.33,-0.14,-0.33,INF,-1,0,7,0
4760,1,1,-5.815,-2.505,-0.54,-0.23,-0.54,-0.23,INF,-1,0,7,0
4780,1,1,-2.411,-2.812,-0.23,-0.26,-0.23,-0.26,INF,-1,0,7,0
4800,1,1,-3.990,-5.422,-0.37,-0.51,-0.37,-0.51,INF,-1,0,7,0
4820,1,1,-4.018,-3.286,-0.38,-0.31,-0.38,-0.31,INF,-1,0,7,0
4840,1,1,-7.095,-3.460,-0.66,-0.32,-0.66,-0.32,INF,-1,0,7,0
4860,1,1,-1.479,-4.791,-0.14,-0.45,-0.14,-0.45,INF,-1,0,7,0
4880,1,1,-6.623,0.359,-0.62,0.03,-0.62,0.03,INF,-1,0,7,0
4900,1,1,-8.516,3.264,-0.80,0.31,-0.80,0.31,INF,-1,1,7,0
4920,1,1,-0.752,-0.325,-0.07,-0.03,-0.07,-0.03,INF,-1,1,7,0
4940,1,1,-5.457,-2.366,-0.51,-0.22,-0.51,-0.22,INF,-1,1,7,0
4960,1,1,-5.666,-0.079,-0.53,-0.01,-0.53,-0.01,INF,-1,1,7,0
4980,1,1,-3.275,-0.783,-0.31,-0.07,-0.31,-0.07,INF,-1,1,7,0
5000,1,1,-4.148,-1.223,-0.39,-0.11,-0.39,-0.11,INF,-1,1,7,0
5020,1,1,-4.274,-4.837,-0.40,-0.45,-0.40,-0.45,INF,-1,1,7,0
5040,1,1,-7.753,0.270,-0.72,0.03,-0.72,0.03,INF,-1,1,7,0
5060,1,1,-4.779,-0.279,-0.45,-0.03,-0.45,-0.03,INF,-1,1,7,0
5080,1,1,-5.155,0.208,-0.48,0.02,-0.48,0.02,INF,-1,1,7,0
5100,1,1,-5.128,0.070,-0.48,0.01,-0.48,0.01,INF,-1,1,7,0
5120,1,1,-8.115,-1.297,-0.76,-0.12,-0.76,-0.12,INF,-1,1,7,0
5140,1,1,-16.400,-0.183,-1.53,-0.02,-1.53,-0.02,INF,-1,1,7,0
5160,1,1,-32.268,5.643,-3.01,0.53,-3.01,0.53,INF,-1,1,7,0
5180,1,1,-37.449,4.570,-3.50,0.43,-3.50,0.43,INF,-1,0,7,0
5200,1,1,-33.685,4.277,-3.15,0.40,-3.15,0.40,INF,-1,0,7,0
5220,1,1,-36.954,3.826,-3.45,0.36,-3.45,0.36,INF,-1,0,7,0
5240,1,1,-31.832,1.040,-2.97,0.10,-2.97,0.10,INF,-1,0,7,0
5260,1,1,-35.116,3.705,-3.28,0.35,-3.28,0.35,INF,-1,0,7,0
5280,1,1,-33.877,3.292,-3.16,0.31,-3.16,0.31,INF,-1,0,7,0
5300,1,1,-32.718,2.026,-3.06,0.19,-3.06,0.19,INF,-1,0,7,0
5320,0,1,0.000,0.000,0.00,0.00,0.00,0.00,0.00,-1,0,7,0
5340,1,1,-34.731,6.463,-3.24,0.60,-3.24,0.60,INF,-1,0,7,0
5360,1,1,-38.906,4.139,-3.63,0.39,-3.63,0.39,INF,-1,0,7,0
5380,1,1,-31.632,4.722,-2.95,0.44,-2.95,0.44,INF,-1,0,7,0
5400,1,1,-31.508,6.680,-2.94,0.62,-2.94,0.62,INF,-1,0,7,0
5420,1,1,-35.498,4.716,-3.31,0.44,-3.31,0.44,INF,-1,0,7,0
5440,1,1,-30.416,8.774,-2.84,0.82,-2.84,0.82,INF,-1,1,7,0
5460,1,1,-31.935,3.073,-2.98,0.29,-2.98,0.29,INF,-1,1,7,0
5480,1,1,-29.238,5.428,-2.73,0.51,-2.73,0.51,INF,-1,1,7,0
5500,1,1,-32.726,4.661,-3.06,0.44,-3.06,0.44,INF,-1,1,7,0
5520,1,1,-34.106,6.874,-3.18,0.64,-3.18,0.64,INF,-1,1,7,0
5540,1,1,-28.314,4.087,-2.64,0.38,-2.64,0.38,INF,-1,1,7,0
5560,1,1,-30.665,8.098,-2.86,0.76,-2.86,0.76,INF,-1,1,7,0
5580,1,1,-31.229,4.669,-2.92,0.44,-2.92,0.44,INF,-1,1,7,0
5600,0,1,0.000,0.000,0.00,0.00,0.00,0.00,0.00,-1,1,7,0
5620,0,1,0.000,0.000,0.00,0.00,0.00,0.00,0.00,-1,1,7,0
5640,0,1,0.000,0.000,0.00,0.00,0.00,0.00,0.00,-1,1,7,0
5660,0,1,0.000,0.000,0.00,0.00,0.00,0.00,0.00,-1,1,7,0
5680,0,1,0.000,0.000,0.00,0.00,0.00,0.00,0.00,-1,0,7,0
5700,0,1,0.000,0.000,0.00,0.00,0.00,0.00,0.00,-1,0,7,0
5720,0,1,0.000,0.000,0.00,0.00,0.00,0.00,0.00,-1,0,7,0
5740,0,1,0.000,0.000,0.00,0.00,0.00,0.00,0.00,-1,0,7,0
5760,0,1,0.000,0.000,0.00,0.00,0.00,0.00,0.00,-1,0,7,0
5780,0,1,0.000,0.000,0.00,0.00,0.00,0.00,0.00,-1,0,7,0
5800,0,1,0.000,0.000,0.00,0.00,0.00,0.00,0.00,-1,0,7,0
5820,0,1,0.000,0.000,0.00,0.00,0.00,0.00,0.00,-1,0,7,0
5840,1,1,-26.701,-31.172,-2.49,-2.91,-2.49,-2.91,INF,-1,0,7,0
5860,1,1,-25.288,-5.982,-2.36,-0.56,-2.36,-0.56,INF,-1,0,7,0
5880,1,1,-29.265,0.017,-2.73,0.00,-2.73,0.00,INF,-1,0,7,0
5900,1,1,-26.213,4.807,-2.45,0.45,-2.45,0.45,INF,-1,0,7,0
5920,1,1,-24.143,2.893,-2.26,0.27,-2.26,0.27,INF,-1,0,7,0
5940,1,1,-24.765,3.519,-2.31,0.33,-2.31,0.33,INF,-1,0,7,0
5960,1,1,-26.916,8.492,-2.51,0.79,-2.51,0.79,INF,-1,0,7,0
5980,1,1,-21.571,9.217,-2.02,0.86,-2.02,0.86,INF,-1,0,7,0
6000,1,1,-25.104,4.664,-2.35,0.44,-2.35,0.44,INF,-1,0,7,0
6020,1,1,-25.361,9.206,-2.37,0.86,-2.37,0.86,INF,-1,0,7,0
6040,1,1,-25.995,7.395,-2.43,0.69,-2.43,0.69,INF,-1,0,7,0
6060,1,1,-26.525,5.535,-2.48,0.52,-2.48,0.52,INF,-1,0,7,0
6080,1,1,-25.859,6.752,-2.42,0.63,-2.42,0.63,INF,-1,0,7,0
6100,1,1,-26.838,7.261,-2.51,0.68,-2.51,0.68,INF,-1,0,7,0
6120,1,1,-28.495,6.257,-2.66,0.58,-2.66,0.58,INF,-1,0,7,0
6140,1,1,-21.230,5.926,-1.98,0.55,-1.98,0.55,INF,-1,0,7,0
6160,1,1,-20.557,5.880,-1.92,0.55,-1.92,0.55,INF,-1,1,7,0
6180,1,1,-21.178,2.207,-1.98,0.21,-1.98,0.21,INF,-1,1,7,0
6200,1,1,-24.943,9.416,-2.33,0.88,-2.33,0.88,INF,-1,1,7,0
6220,1,1,-22.441,4.360,-2.10,0.41,-2.10,0.41,INF,-1,1,7,0
6240,1,1,-20.967,7.421,-1.96,0.69,-1.96,0.69,INF,-1,1,7,0
6260,1,1,-27.447,5.960,-2.56,0.56,-2.56,0.56,INF,-1,1,7,0
6280,1,1,-33.581,10.252,-3.14,0.96,-3.14,0.96,INF,-1,1,7,0
6300,1,1,-29.763,7.207,-2.78,0.67,-2.78,0.67,INF,-1,1,7,0
6320,1,1,-31.861,8.056,-2.98,0.75,-2.98,0.75,INF,-1,1,7,0
6340,1,1,-29.294,10.423,-2.74,0.97,-2.74,0.97,INF,-1,1,7,0
6360,1,1,-32.275,7.532,-3.01,0.70,-3.01,0.70,INF,-1,1,7,0
6380,1,1,-30.131,7.048,-2.81,0.66,-2.81,0.66,INF,-1,1,7,0
6400,1,1,-33.500,9.116,-3.13,0.85,-3.13,0.85,INF,-1,1,7,0
6420,1,1,-30.185,8.703,-2.82,0.81,-2.82,0.81,INF,-1,1,7,0
6440,1,1,-34.269,10.816,-3.20,1.01,-3.20,1.01,INF,-1,1,7,0
6460,1,1,-33.197,5.261,-3.10,0.49,-3.10,0.49,INF,-1,1,7,0
6480,0,1,0.000,0.000,0.00,0.00,0.00,0.00,0.00,-1,1,7,0
6500,1,1,-29.542,7.789,-2.76,0.73,-2.76,0.73,INF,-1,1,7,0
6520,1,1,-30.686,5.846,-2.87,0.55,-2.87,0.55,INF,-1,1,7,0
6540,1,1,-31.054,7.004,-2.90,0.65,-2.90,0.65,INF,-1,1,7,0
6560,1,1,-32.667,8.784,-3.05,0.82,-3.05,0.82,INF,-1,1,7,0
6580,1,1,-24.188,2.770,-2.26,0.26,-2.26,0.26,INF,-1,1,7,0
6600,1,1,-24.307,4.686,-2.27,0.44,-2.27,0.44,INF,-1,1,7,0
6620,1,1,-20.690,4.606,-1.93,0.43,-1.93,0.43,INF,-1,1,7,0
6640,1,1,-18.836,2.059,-1.76,0.19,-1.76,0.19,INF,-1,1,7,0
6660,1,1,-19.762,1.644,-1.85,0.15,-1.85,0.15,INF,-1,1,7,0
6680,1,1,-21.131,3.621,-1.97,0.34,-1.97,0.34,INF,-1,1,7,0
6700,1,1,-20.612,4.220,-1.93,0.39,-1.93,0.39,INF,-1,1,7,0
6720,1,1,-17.717,1.704,-1.66,0.16,-1.66,0.16,INF,-1,1,7,0
6740,1,1,-16.747,1.250,-1.56,0.12,-1.56,0.12,INF,-1,1,7,0
6760,1,1,-20.279,3.041,-1.89,0.28,-1.89,0.28,INF,-1,1,7,0
6780,1,1,-20.278,2.568,-1.89,0.24,-1.89,0.24,INF,-1,1,7,0
6800,1,1,-20.121,1.750,-1.88,0.16,-1.88,0.16,INF,-1,1,7,0
6820,1,1,-18.108,3.405,-1.69,0.32,-1.69,0.32,INF,-1,1,7,0
6840,1,1,-21.067,3.876,-1.97,0.36,-1.97,0.36,INF,-1,1,7,0
6860,1,1,-21.638,4.226,-2.02,0.39,-2.02,0.39,INF,-1,1,7,0
6880,1,1,-20.993,0.844,-1.96,0.08,-1.96,0.08,INF,-1,1,7,0
6900,1,1,-25.625,3.740,-2.39,0.35,-2.39,0.35,INF,-1,1,7,0
6920,1,1,-24.922,4.752,-2.33,0.44,-2.33,0.44,INF,-1,1,7,0
6940,1,1,-20.230,5.558,-1.89,0.52,-1.89,0.52,INF,-1,1,7,0
6960,1,1,-22.705,7.351,-2.12,0.69,-2.12,0.69,INF,-1,1,7,0
6980,1,1,-22.988,3.098,-2.15,0.29,-2.15,0.29,INF,-1,1,7,0
7000,1,1,-23.815,4.788,-2.22,0.45,-2.22,0.45,INF,-1,1,7,0
7020,1,1,-27.507,3.622,-2.57,0.34,-2.57,0.34,INF,-1,1,7,0
7040,1,1,-25.881,2.911,-2.42,0.27,-2.42,0.27,INF,-1,1,7,0
7060,1,1,-24.821,2.774,-2.32,0.26,-2.32,0.26,INF,-1,1,7,0
7080,1,1,-23.000,1.574,-2.15,0.15,-2.15,0.15,INF,-1,1,7,0
7100,1,1,-23.300,1.725,-2.18,0.16,-2.18,0.16,INF,-1,1,7,0
7120,1,1,-18.651,0.233,-1.74,0.02,-1.74,0.02,INF,-1,1,7,0
7140,1,1,-5.864,1.166,-0.55,0.11,-0.55,0.11,INF,-1,1,7,0
7160,1,1,-4.869,-0.937,-0.46,-0.09,-0.46,-0.09,INF,-1,1,7,0
7180,1,1,-5.242,1.454,-0.49,0.14,-0.49,0.14,INF,-1,0,7,0
7200,1,1,-9.167,-0.292,-0.86,-0.03,-0.86,-0.03,INF,-1,0,7,0
7220,1,1,-7.556,0.165,-0.71,0.02,-0.71,0.02,INF,-1,0,7,0
7240,1,1,-6.974,-1.781,-0.65,-0.17,-0.65,-0.17,INF,-1,0,7,0
7260,1,1,-2.204,-3.952,-0.21,-0.37,-0.21,-0.37,INF,-1,0,7,0
7280,1,1,-4.730,-3.023,-0.44,-0.28,-0.44,-0.28,INF,-1,0,7,0
7300,1,1,-4.450,-1.191,-0.42,-0.11,-0.42,-0.11,INF,-1,0,7,0
7320,1,1,-2.971,-1.777,-0.28,-0.17,-0.28,-0.17,INF,-1,0,7,0
7340,1,1,-5.640,-3.294,-0.53,-0.31,-0.53,-0.31,INF,-1,0,7,0
7360,1,1,-5.808,-1.336,-0.54,-0.12,-0.54,-0.12,INF,-1,0,7,0
7380,1,1,-5.132,-1.174,-0.48,-0.11,-0.48,-0.11,INF,-1,0,7,0
7400,1,1,-4.014,-1.692,-0.38,-0.16,-0.38,-0.16,INF,-1,0,7,0
7420,1,1,-2.677,-4.004,-0.25,-0.37,-0.25,-0.37,INF,-1,1,7,0
7440,1,1,-1.737,-4.732,-0.16,-0.44,-0.16,-0.44,INF,-1,1,7,0
7460,1,1,-2.252,0.007,-0.21,0.00,-0.21,0.00,INF,-1,1,7,0
7480,1,1,-0.041,-1.492,0.00,-0.14,0.00,-0.14,INF,-1,1,7,0
7500,1,1,-1.614,-2.208,-0.15,-0.21,-0.15,-0.21,INF,-1,1,7,0
7520,1,1,1.506,-4.628,0.14,-0.43,0.14,-0.43,INF,-1,1,7,0
7540,1,1,0.324,-0.964,0.03,-0.09,0.03,-0.09,INF,-1,1,7,0
7560,1,1,-1.681,-1.675,-0.16,-0.16,-0.16,-0.16,INF,-1,1,7,0
7580,1,1,-0.491,-1.892,-0.05,-0.18,-0.05,-0.18,INF,-1,1,7,0
7600,1,1,0.159,-1.803,0.01,-0.17,0.01,-0.17,INF,-1,1,7,0
7620,1,1,5.479,-1.112,0.51,-0.10,0.51,-0.10,INF,-1,1,7,0
7640,1,1,0.747,-0.188,0.07,-0.02,0.07,-0.02,INF,-1,1,7,0
7660,1,1,-1.195,-0.896,-0.11,-0.08,-0.11,-0.08,INF,-1,1,7,0
7680,1,1,2.253,-1.388,0.21,-0.13,0.21,-0.13,INF,-1,1,7,0
7700,1,1,3.900,-4.306,0.36,-0.40,0.36,-0.40,INF,-1,1,7,0
7720,1,1,-0.431,-1.112,-0.04,-0.10,-0.04,-0.10,INF,-1,1,7,0
7740,1,1,1.822,-3.161,0.17,-0.30,0.17,-0.30,INF,-1,1,7,0
7760,1,1,3.467,-5.526,0.32,-0.52,0.32,-0.52,INF,-1,1,7,0
7780,1,1,0.131,-2.165,0.01,-0.20,0.01,-0.20,INF,-1,1,7,0
7800,1,1,1.525,-4.314,0.14,-0.40,0.14,-0.40,INF,-1,1,7,0
7820,1,1,8.975,-1.608,0.84,-0.15,0.84,-0.15,INF,-1,1,7,0
7840,1,1,3.928,-2.580,0.37,-0.24,0.37,-0.24,INF,-1,1,7,0
7860,1,1,9.660,-4.655,0.90,-0.44,0.90,-0.44,INF,-1,1,7,0
7880,1,1,3.312,-2.412,0.31,-0.23,0.31,-0.23,INF,-1,1,7,0
7900,1,1,6.767,-2.721,0.63,-0.25,0.63,-0.25,INF,-1,1,7,0
7920,1,1,4.200,-3.098,0.39,-0.29,0.39,-0.29,INF,-1,1,7,0
7940,1,1,5.707,-2.626,0.53,-0.25,0.53,-0.25,INF,-1,1,7,0
7960,1,1,6.310,-2.849,0.59,-0.27,0.59,-0.27,INF,-1,1,7,0
7980,1,1,4.772,-2.365,0.45,-0.22,0.45,-0.22,INF,-1,1,7,0
8000,1,1,8.843,-0.385,0.83,-0.04,0.83,-0.04,INF,-1,1,7,0
8020,1,1,7.530,-2.844,0.70,-0.27,0.70,-0.27,INF,-1,1,7,0
8040,1,1,6.570,-3.480,0.61,-0.33,0.61,-0.33,INF,-1,0,7,0
8060,1,1,6.442,-1.778,0.60,-0.17,0.60,-0.17,INF,-1,0,7,0
8080,1,1,6.692,-2.492,0.63,-0.23,0.63,-0.23,INF,-1,0,7,0
8100,1,1,7.218,-2.149,0.67,-0.20,0.67,-0.20,INF,-1,0,7,0
8120,1,1,16.868,-7.391,1.58,-0.69,1.58,-0.69,INF,-1,0,7,0
8140,1,1,16.024,-8.525,1.50,-0.80,1.50,-0.80,INF,-1,0,7,0
8160,1,1,15.756,-7.614,1.47,-0.71,1.47,-0.71,INF,-1,0,7,0
8180,1,1,16.582,-6.483,1.55,-0.61,1.55,-0.61,INF,-1,0,7,0
8200,1,1,17.614,-4.717,1.65,-0.44,1.65,-0.44,INF,-1,0,7,0
8220,1,1,16.635,-4.668,1.55,-0.44,1.55,-0.44,INF,-1,0,7,0
8240,1,1,13.400,-1.591,1.25,-0.15,1.25,-0.15,INF,-1,0,7,0
8260,1,1,14.854,-3.852,1.39,-0.36,1.39,-0.36,INF,-1,0,7,0
8280,1,1,15.568,-3.770,1.45,-0.35,1.45,-0.35,INF,-1,1,7,0
8300,1,1,14.377,-6.051,1.34,-0.57,1.34,-0.57,INF,-1,1,7,0
8320,1,1,16.353,-5.781,1.53,-0.54,1.53,-0.54,INF,-1,1,7,0
8340,1,1,17.290,-5.320,1.62,-0.50,1.62,-0.50,INF,-1,1,7,0
8360,1,1,16.377,-1.940,1.53,-0.18,1.53,-0.18,INF,-1,1,7,0
8380,1,1,15.021,-4.457,1.40,-0.42,1.40,-0.42,INF,-1,1,7,0
8400,1,1,15.310,-2.297,1.43,-0.21,1.43,-0.21,INF,-1,1,7,0
8420,1,1,14.906,-1.845,1.39,-0.17,1.39,-0.17,INF,-1,1,7,0
8440,1,1,18.423,-7.378,1.72,-0.69,1.72,-0.69,INF,-1,1,7,0
8460,1,1,18.100,-4.938,1.69,-0.46,1.69,-0.46,INF,-1,1,7,0
8480,1,1,18.090,-3.381,1.69,-0.32,1.69,-0.32,INF,-1,1,7,0
8500,1,1,17.351,-4.673,1.62,-0.44,1.62,-0.44,INF,-1,1,7,0
8520,1,1,17.550,-1.428,1.64,-0.13,1.64,-0.13,INF,-1,1,7,0
8540,1,1,18.202,-4.341,1.70,-0.41,1.70,-0.41,INF,-1,1,7,0
8560,1,1,19.199,-2.855,1.79,-0.27,1.79,-0.27,INF,-1,1,7,0
8580,1,1,18.968,-4.838,1.77,-0.45,1.77,-0.45,INF,-1,1,7,0
8600,1,1,18.169,-2.614,1.70,-0.24,1.70,-0.24,INF,-1,1,7,0
8620,1,1,19.377,-3.459,1.81,-0.32,1.81,-0.32,INF,-1,1,7,0
8640,1,1,18.396,-4.853,1.72,-0.45,1.72,-0.45,INF,-1,1,7,0
8660,1,1,15.148,-5.549,1.42,-0.52,1.42,-0.52,INF,-1,1,7,0
8680,1,1,18.356,-0.206,1.72,-0.02,1.72,-0.02,INF,-1,1,7,0
8700,1,1,21.404,-2.457,2.00,-0.23,2.00,-0.23,INF,-1,1,7,0
8720,1,1,17.679,-4.445,1.65,-0.42,1.65,-0.42,INF,-1,1,7,0
8740,1,1,15.842,-5.689,1.48,-0.53,1.48,-0.53,INF,-1,1,7,0
8760,1,1,18.795,-6.284,1.76,-0.59,1.76,-0.59,INF,-1,1,7,0
8780,1,1,15.155,-5.333,1.42,-0.50,1.42,-0.50,INF,-1,1,7,0
8800,1,1,17.655,-7.811,1.65,-0.73,1.65,-0.73,INF,-1,1,7,0
8820,1,1,14.421,-3.365,1.35,-0.31,1.35,-0.31,INF,-1,1,7,0
8840,1,1,19.486,-7.179,1.82,-0.67,1.82,-0.67,INF,-1,1,7,0
8860,1,1,15.182,-3.694,1.42,-0.35,1.42,-0.35,INF,-1,1,7,0
8880,1,1,13.655,-6.586,1.28,-0.62,1.28,-0.62,INF,-1,1,7,0
8900,1,1,16.732,-5.348,1.56,-0.50,1.56,-0.50,INF,-1,1,7,0
8920,1,1,14.954,-5.099,1.40,-0.48,1.40,-0.48,INF,-1,1,7,0
8940,1,1,16.867,-5.042,1.58,-0.47,1.58,-0.47,INF,-1,1,7,0
8960,1,1,16.463,-4.288,1.54,-0.40,1.54,-0.40,INF,-1,1,7,0
8980,1,1,14.556,-3.190,1.36,-0.30,1.36,-0.30,INF,-1,1,7,0
9000,1,1,15.067,-4.605,1.41,-0.43,1.41,-0.43,INF,-1,1,7,0
9020,1,1,17.818,-4.815,1.66,-0.45,1.66,-0.45,INF,-1,1,7,0
9040,1,1,19.760,-6.775,1.85,-0.63,1.85,-0.63,INF,-1,1,7,0
9060,1,1,15.327,-4.355,1.43,-0.41,1.43,-0.41,INF,-1,1,7,0
9080,1,1,19.930,-5.714,1.86,-0.53,1.86,-0.53,INF,-1,1,7,0
9100,1,1,16.252,-5.249,1.52,-0.49,1.52,-0.49,INF,-1,1,7,0
9120,1,1,18.850,-2.978,1.76,-0.28,1.76,-0.28,INF,-1,1,7,0
9140,1,1,20.918,-4.478,1.95,-0.42,1.95,-0.42,INF,-1,1,7,0
9160,1,1,19.128,-5.751,1.79,-0.54,1.79,-0.54,INF,-1,1,7,0
9180,1,1,20.612,-5.551,1.93,-0.52,1.93,-0.52,INF,-1,1,7,0
9200,1,1,21.494,-5.973,2.01,-0.56,2.01,-0.56,INF,-1,1,7,0
9220,1,1,19.095,-5.248,1.78,-0.49,1.78,-0.49,INF,-1,1,7,0
9240,1,1,17.045,-8.108,1.59,-0.76,1.59,-0.76,INF,-1,1,7,0
9260,1,1,19.409,-5.014,1.81,-0.47,1.81,-0.47,INF,-1,1,7,0
9280,1,1,20.256,-6.890,1.89,-0.64,1.89,-0.64,INF,-1,1,7,0
9300,1,1,19.657,-8.247,1.84,-0.77,1.84,-0.77,INF,-1,1,7,0
9320,1,1,19.113,-8.905,1.79,-0.83,1.79,-0.83,INF,-1,1,7,0
9340,1,1,18.419,-6.741,1.72,-0.63,1.72,-0.63,INF,-1,1,7,0
9360,1,1,11.047,-7.784,1.03,-0.73,1.03,-0.73,INF,-1,1,7,0
9380,1,1,18.599,-5.292,1.74,-0.49,1.74,-0.49,INF,-1,1,7,0
9400,1,1,16.586,-6.796,1.55,-0.63,1.55,-0.64,INF,-1,1,7,0
9420,1,1,19.730,-7.367,1.84,-0.69,1.84,-0.69,INF,-1,1,7,0
9440,1,1,17.254,-6.763,1.61,-0.63,1.61,-0.63,INF,-1,1,7,0
9460,1,1,18.871,-7.394,1.76,-0.69,1.76,-0.69,INF,-1,1,7,0
9480,1,1,18.437,-6.488,1.72,-0.61,1.72,-0.61,INF,-1,1,7,0
9500,1,1,17.306,-6.414,1.62,-0.60,1.62,-0.60,INF,-1,1,7,0
9520,1,1,18.738,-10.643,1.75,-0.99,1.75,-0.99,INF,-1,1,7,0
9540,1,1,16.957,-9.025,1.58,-0.84,1.58,-0.84,INF,-1,1,7,0
9560,1,1,17.147,-5.311,1.60,-0.50,1.60,-0.50,INF,-1,1,7,0
9580,1,1,16.748,-6.451,1.56,-0.60,1.56,-0.60,INF,-1,1,7,0
9600,1,1,20.101,-5.185,1.88,-0.48,1.88,-0.48,INF,-1,1,7,0
9620,1,1,22.279,-4.763,2.08,-0.44,2.08,-0.45,INF,-1,1,7,0
9640,1,1,17.305,-3.886,1.62,-0.36,1.62,-0.36,INF,-1,1,7,0
9660,1,1,22.976,-8.725,2.15,-0.81,2.15,-0.82,INF,-1,1,7,0
9680,1,1,19.607,-4.208,1.83,-0.39,1.83,-0.39,INF,-1,1,7,0
9700,1,1,17.190,-4.466,1.61,-0.42,1.61,-0.42,INF,-1,1,7,0
9720,1,1,21.874,-7.567,2.04,-0.71,2.04,-0.71,INF,-1,1,7,0
9740,1,1,19.032,-2.358,1.78,-0.22,1.78,-0.22,INF,-1,1,7,0
9760,1,1,20.524,-7.014,1.92,-0.66,1.92,-0.66,INF,-1,1,7,0
9780,1,1,19.948,-7.625,1.86,-0.71,1.86,-0.71,INF,-1,1,7,0
9800,1,1,17.457,-3.050,1.63,-0.28,1.63,-0.29,INF,-1,1,7,0
9820,1,1,18.601,-3.877,1.74,-0.36,1.74,-0.36,INF,-1,1,7,0
9840,1,1,20.787,-3.435,1.94,-0.32,1.94,-0.32,INF,-1,1,7,0
9860,1,1,18.723,-4.327,1.75,-0.40,1.75,-0.40,INF,-1,1,7,0
9880,1,1,20.760,-4.442,1.94,-0.41,1.94,-0.42,INF,-1,1,7,0
9900,1,1,21.110,-7.277,1.97,-0.68,1.97,-0.68,INF,-1,1,7,0
9920,1,1,17.595,-3.766,1.64,-0.35,1.64,-0.35,INF,-1,1,7,0
9940,1,1,20.193,-3.897,1.89,-0.36,1.89,-0.36,INF,-1,1,7,0
9960,1,1,19.552,-4.952,1.83,-0.46,1.83,-0.46,INF,-1,1,7,0
9980,1,1,21.630,-3.732,2.02,-0.35,2.02,-0.35,INF,-1,1,7,0
10000,1,1,14.878,-4.998,1.39,-0.47,1.39,-0.47,INF,-1,1,7,0
10020,1,1,13.388,-4.436,1.25,-0.41,1.25,-0.41,INF,-1,1,7,0
10040,1,1,20.704,-7.657,1.93,-0.72,1.93,-0.72,INF,-1,1,7,0
10060,1,1,18.004,-3.516,1.68,-0.33,1.68,-0.33,INF,-1,1,7,0
10080,1,1,17.966,-6.375,1.68,-0.60,1.68,-0.60,INF,-1,1,7,0
10100,1,1,16.477,-5.479,1.54,-0.51,1.54,-0.51,INF,-1,1,7,0
10120,1,1,18.867,-3.597,1.76,-0.34,1.76,-0.34,INF,-1,1,7,0
10140,1,1,16.938,-5.273,1.58,-0.49,1.58,-0.49,INF,-1,1,7,0
10160,1,1,19.198,-5.557,1.79,-0.52,1.79,-0.52,INF,-1,1,7,0
10180,1,1,16.477,-2.760,1.54,-0.26,1.54,-0.26,INF,-1,1,7,0
10200,1,1,16.876,-4.935,1.58,-0.46,1.58,-0.46,INF,-1,1,7,0
10220,1,1,14.502,-3.870,1.36,-0.36,1.36,-0.36,INF,-1,1,7,0
10240,1,1,13.755,-5.809,1.29,-0.54,1.29,-0.54,INF,-1,1,7,0
10260,1,1,16.298,-6.195,1.52,-0.58,1.52,-0.58,INF,-1,1,7,0
10280,1,1,16.186,-1.293,1.51,-0.12,1.51,-0.12,INF,-1,1,7,0
10300,1,1,14.421,-3.643,1.35,-0.34,1.35,-0.34,INF,-1,1,7,0
10320,1,1,15.753,-6.584,1.47,-0.62,1.47,-0.62,INF,-1,1,7,0
10340,1,1,15.497,-4.858,1.45,-0.45,1.45,-0.45,INF,-1,1,7,0
10360,1,1,12.375,-3.318,1.16,-0.31,1.16,-0.31,INF,-1,1,7,0
10380,1,1,13.861,-4.055,1.30,-0.38,1.30,-0.38,INF,-1,1,7,0
10400,1,1,17.972,-6.456,1.68,-0.60,1.68,-0.60,INF,-1,1,7,0
10420,1,1,14.607,-3.817,1.37,-0.36,1.36,-0.36,INF,-1,1,7,0
10440,1,1,13.694,-5.458,1.28,-0.51,1.28,-0.51,INF,-1,1,7,0
10460,1,1,15.573,-5.094,1.46,-0.48,1.46,-0.48,INF,-1,1,7,0
10480,1,1,7.055,-3.001,0.66,-0.28,0.66,-0.28,INF,-1,1,7,0
10500,1,1,-1.707,-31.657,-0.16,-2.96,-0.16,-2.96,INF,-1,1,7,0
10520,0,1,0.000,0.000,0.00,0.00,0.00,0.00,0.00,-1,1,7,0
10540,0,1,0.000,0.000,0.00,0.00,0.00,0.00,0.00,-1,1,7,0
10560,0,1,0.000,0.000,0.00,0.00,0.00,0.00,0.00,-1,1,7,0
10580,0,1,0.000,0.000,0.00,0.00,0.00,0.00,0.00,-1,0,7,0
10600,0,1,0.000,0.000,0.00,0.00,0.00,0.00,0.00,-1,0,7,0
10620,0,1,0.000,0.000,0.00,0.00,0.00,0.00,0.00,-1,0,7,0
10640,0,1,0.000,0.000,0.00,0.00,0.00,0.00,0.00,-1,0,7,0
10660,0,1,0.000,0.000,0.00,0.00,0.00,0.00,0.00,-1,0,7,0
10680,0,1,0.000,0.000,0.00,0.00,0.00,0.00,0.00,-1,0,7,0
10700,0,1,0.000,0.000,0.00,0.00,0.00,0.00,INF,-1,0,7,0
10720,0,1,0.000,0.000,0.00,0.00,0.00,0.00,0.00,-1,0,7,0
10740,1,1,147.848,-262.663,13.56,-22.61,12.50,-23.19,INF,-1,0,7,0
10760,0,1,0.000,0.000,0.00,0.00,0.00,0.00,0.00,-1,0,7,0
10780,0,1,0.000,0.000,0.00,0.00,0.00,0.00,0.00,-1,0,7,0
10800,0,1,0.000,0.000,0.00,0.00,0.00,0.00,0.00,-1,0,7,0
10820,1,1,19.147,-7.619,1.79,-0.71,1.79,-0.71,INF,-1,0,7,0
10840,1,1,16.773,-1.951,1.57,-0.18,1.57,-0.18,INF,-1,0,7,0
10860,1,1,17.671,-7.704,1.65,-0.72,1.65,-0.72,INF,-1,0,7,0
10880,1,1,17.698,-5.307,1.65,-0.50,1.65,-0.50,INF,-1,0,7,0
10900,1,1,20.429,-10.352,1.91,-0.97,1.91,-0.97,INF,-1,0,7,0
10920,1,1,17.320,-4.481,1.62,-0.42,1.62,-0.42,INF,-1,0,7,0
10940,1,1,17.812,-6.164,1.66,-0.58,1.66,-0.58,INF,-1,0,7,0
10960,1,1,19.771,-7.133,1.85,-0.67,1.85,-0.67,INF,-1,0,7,0
10980,1,1,18.282,-6.397,1.71,-0.60,1.71,-0.60,INF,-1,0,7,0
11000,1,1,17.370,-6.181,1.62,-0.58,1.62,-0.58,INF,-1,0,7,0
11020,1,1,16.905,-6.175,1.58,-0.58,1.58,-0.58,INF,-1,0,7,0
11040,1,1,14.672,-4.426,1.37,-0.41,1.37,-0.41,INF,-1,0,7,0
11060,1,1,17.960,-7.807,1.68,-0.73,1.68,-0.73,INF,-1,0,7,0
11080,1,1,15.723,-6.780,1.47,-0.63,1.47,-0.63,INF,-1,0,7,0
11100,1,1,19.026,-5.204,1.78,-0.49,1.78,-0.49,INF,-1,1,7,0
11120,1,1,19.844,-6.659,1.85,-0.62,1.85,-0.62,INF,-1,1,7,0
11140,1,1,20.326,-4.940,1.90,-0.46,1.90,-0.46,INF,-1,1,7,0
11160,1,1,21.006,-6.200,1.96,-0.58,1.96,-0.58,INF,-1,1,7,0
11180,1,1,20.139,-4.581,1.88,-0.43,1.88,-0.43,INF,-1,1,7,0
11200,1,1,19.865,-5.338,1.86,-0.50,1.86,-0.50,INF,-1,1,7,0
11220,1,1,16.750,-5.856,1.57,-0.55,1.57,-0.55,INF,-1,1,7,0
11240,1,1,18.670,-3.861,1.74,-0.36,1.74,-0.36,INF,-1,1,7,0
11260,1,1,20.345,-5.124,1.90,-0.48,1.90,-0.48,INF,-1,1,7,0
11280,1,1,19.419,-5.362,1.81,-0.50,1.81,-0.50,INF,-1,1,7,0
11300,1,1,19.079,-6.390,1.78,-0.60,1.78,-0.60,INF,-1,1,7,0
11320,1,1,17.838,-3.578,1.67,-0.33,1.67,-0.33,INF,-1,1,7,0
11340,1,1,18.056,-4.942,1.69,-0.46,1.69,-0.46,INF,-1,1,7,0
11360,1,1,20.981,-5.045,1.96,-0.47,1.96,-0.47,INF,-1,1,7,0
11380,1,1,14.258,-7.303,1.33,-0.68,1.33,-0.68,INF,-1,1,7,0
11400,1,1,14.846,-8.084,1.39,-0.76,1.39,-0.76,INF,-1,1,7,0
11420,1,1,14.539,-7.439,1.36,-0.70,1.36,-0.70,INF,-1,1,7,0
11440,1,1,15.449,-9.951,1.44,-0.93,1.44,-0.93,INF,-1,1,7,0
11460,1,1,17.575,-6.540,1.64,-0.61,1.64,-0.61,INF,-1,1,7,0
11480,1,1,17.831,-6.129,1.67,-0.57,1.67,-0.57,INF,-1,1,7,0
11500,1,1,13.306,-6.821,1.24,-0.64,1.24,-0.64,INF,-1,1,7,0
11520,1,1,14.504,-6.678,1.36,-0.62,1.36,-0.62,INF,-1,1,7,0
11540,1,1,14.359,-8.657,1.34,-0.81,1.34,-0.81,INF,-1,1,7,0
11560,1,1,14.412,-8.993,1.35,-0.84,1.35,-0.84,INF,-1,1,7,0
11580,1,1,17.573,-10.761,1.64,-1.01,1.64,-1.01,INF,-1,1,7,0
11600,1,1,15.423,-11.139,1.44,-1.04,1.44,-1.04,INF,-1,1,7,0
11620,1,1,18.203,-11.457,1.70,-1.07,1.70,-1.07,INF,-1,1,7,0
11640,1,1,13.696,-10.674,1.28,-1.00,1.28,-1.00,INF,-1,1,7,0
11660,1,1,13.914,-10.797,1.30,-1.01,1.30,-1.01,INF,-1,1,7,0
11680,1,1,13.932,-10.133,1.30,-0.95,1.30,-0.95,INF,-1,1,7,0
11700,1,1,14.094,-8.853,1.32,-0.83,1.32,-0.83,INF,-1,1,7,0
11720,1,1,15.862,-8.176,1.48,-0.76,1.48,-0.76,INF,-1,1,7,0
11740,1,1,11.900,-8.065,1.11,-0.75,1.11,-0.75,INF,-1,1,7,0
11760,1,1,14.112,-6.174,1.32,-0.58,1.32,-0.58,INF,-1,1,7,0
11780,1,1,15.070,-6.513,1.41,-0.61,1.41,-0.61,INF,-1,1,7,0
11800,1,1,9.947,-5.012,0.93,-0.47,0.93,-0.47,INF,-1,1,7,0
11820,1,1,15.118,-6.523,1.41,-0.61,1.41,-0.61,INF,-1,1,7,0
11840,1,1,16.100,-6.141,1.50,-0.57,1.50,-0.57,INF,-1,1,7,0
11860,1,1,15.379,-8.901,1.44,-0.83,1.44,-0.83,INF,-1,1,7,0
11880,1,1,14.790,-6.582,1.38,-0.62,1.38,-0.62,INF,-1,1,7,0
11900,1,1,11.671,-5.164,1.09,-0.48,1.09,-0.48,INF,-1,1,7,0
11920,1,1,12.252,-6.723,1.15,-0.63,1.14,-0.63,INF,-1,1,7,0
11940,1,1,12.676,-6.306,1.18,-0.59,1.18,-0.59,INF,-1,1,7,0
11960,1,1,18.107,-6.892,1.69,-0.64,1.69,-0.64,INF,-1,1,7,0
11980,1,1,14.288,-6.656,1.34,-0.62,1.34,-0.62,INF,-1,1,7,0
12000,1,1,14.828,-6.185,1.39,-0.58,1.39,-0.58,INF,-1,1,7,0
12020,1,1,15.686,-5.659,1.47,-0.53,1.47,-0.53,INF,-1,1,7,0
12040,1,1,15.446,-5.511,1.44,-0.51,1.44,-0.52,INF,-1,1,7,0
12060,1,1,16.227,-4.413,1.52,-0.41,1.52,-0.41,INF,-1,1,7,0
12080,1,1,15.177,-8.104,1.42,-0.76,1.42,-0.76,INF,-1,1,7,0
12100,1,1,17.090,-6.579,1.60,-0.61,1.60,-0.61,INF,-1,1,7,0
12120,1,1,13.326,-4.957,1.25,-0.46,1.25,-0.46,INF,-1,1,7,0
12140,1,1,15.533,-6.433,1.45,-0.60,1.45,-0.60,INF,-1,1,7,0
12160,1,1,15.331,-3.516,1.43,-0.33,1.43,-0.33,INF,-1,1,7,0
12180,1,1,16.392,-4.723,1.53,-0.44,1.53,-0.44,INF,-1,1,7,0
12200,1,1,18.094,-8.971,1.69,-0.84,1.69,-0.84,INF,-1,1,7,0
12220,1,1,16.430,-6.991,1.54,-0.65,1.54,-0.65,INF,-1,1,7,0
12240,1,1,14.743,-5.769,1.38,-0.54,1.38,-0.54,INF,-1,1,7,0
12260,1,1,12.937,-4.385,1.21,-0.41,1.21,-0.41,INF,-1,1,7,0
12280,1,1,13.397,-3.486,1.25,-0.33,1.25,-0.33,INF,-1,1,7,0
12300,1,1,13.796,-4.940,1.29,-0.46,1.29,-0.46,INF,-1,1,7,0
12320,1,1,13.332,-5.483,1.25,-0.51,1.25,-0.51,INF,-1,1,7,0
12340,1,1,13.027,-5.293,1.22,-0.49,1.22,-0.49,INF,-1,1,7,0
12360,1,1,15.064,-6.139,1.41,-0.57,1.41,-0.57,INF,-1,1,7,0
12380,1,1,15.413,-4.030,1.44,-0.38,1.44,-0.38,INF,-1,1,7,0
12400,1,1,11.099,-4.904,1.04,-0.46,1.04,-0.46,INF,-1,1,7,0
12420,1,1,14.838,-2.504,1.39,-0.23,1.39,-0.23,INF,-1,1,7,0
12440,1,1,14.759,-1.461,1.38,-0.14,1.38,-0.14,INF,-1,1,7,0
12460,1,1,15.587,-3.290,1.46,-0.31,1.46,-0.31,INF,-1,1,7,0
12480,1,1,17.773,-4.843,1.66,-0.45,1.66,-0.45,INF,-1,1,7,0
12500,1,1,13.885,-4.308,1.30,-0.40,1.30,-0.40,INF,-1,1,7,0
12520,1,1,14.230,-6.142,1.33,-0.57,1.33,-0.57,INF,-1,1,7,0
12540,1,1,14.232,-3.555,1.33,-0.33,1.33,-0.33,INF,-1,1,7,0
12560,1,1,12.077,-2.564,1.13,-0.24,1.13,-0.24,INF,-1,1,7,0
12580,1,1,13.151,-4.667,1.23,-0.44,1.23,-0.44,INF,-1,1,7,0
12600,1,1,13.692,-2.970,1.28,-0.28,1.28,-0.28,INF,-1,1,7,0
12620,1,1,12.047,-2.726,1.13,-0.25,1.13,-0.25,INF,-1,1,7,0
12640,1,1,12.928,-2.664,1.21,-0.25,1.21,-0.25,INF,-1,1,7,0
12660,1,1,14.157,-4.601,1.32,-0.43,1.32,-0.43,INF,-1,1,7,0
12680,1,1,14.848,-4.366,1.39,-0.41,1.39,-0.41,INF,-1,1,7,0
12700,1,1,14.865,-3.810,1.39,-0.36,1.39,-0.36,INF,-1,1,7,0
12720,1,1,16.509,-5.326,1.54,-0.50,1.54,-0.50,INF,-1,1,7,0
12740,1,1,16.095,-3.616,1.50,-0.34,1.50,-0.34,INF,-1,1,7,0
12760,1,1,17.208,-4.921,1.61,-0.46,1.61,-0.46,INF,-1,1,7,0
12780,1,1,14.747,-4.740,1.38,-0.44,1.38,-0.44,INF,-1,1,7,0
12800,1,1,13.058,-2.952,1.22,-0.28,1.22,-0.28,INF,-1,1,7,0
12820,1,1,14.560,-2.470,1.36,-0.23,1.36,-0.23,INF,-1,1,7,0
12840,1,1,17.229,-2.107,1.61,-0.20,1.61,-0.20,INF,-1,1,7,0
12860,1,1,14.818,-4.870,1.38,-0.46,1.38,-0.46,INF,-1,1,7,0
12880,1,1,-9.398,-1.326,-0.88,-0.12,-0.88,-0.12,INF,-1,1,7,0
12900,1,1,-5.740,1.961,-0.54,0.18,-0.54,0.18,INF,-1,1,7,0
12920,1,1,-6.116,0.849,-0.57,0.08,-0.57,0.08,INF,-1,0,7,0
12940,1,1,-5.940,-1.017,-0.56,-0.10,-0.56,-0.10,INF,-1,0,7,0
12960,1,1,-8.905,1.130,-0.83,0.11,-0.83,0.11,INF,-1,0,7,0
12980,1,1,-8.235,1.246,-0.77,0.12,-0.77,0.12,INF,-1,0,7,0
13000,1,1,-6.303,1.717,-0.59,0.16,-0.59,0.16,INF,-1,0,7,0
13020,1,1,-5.982,1.013,-0.56,0.09,-0.56,0.09,INF,-1,0,7,0
13040,1,1,-7.108,1.724,-0.66,0.16,-0.66,0.16,INF,-1,0,7,0
13060,1,1,-5.112,0.255,-0.48,0.02,-0.48,0.02,INF,-1,0,7,0
13080,1,1,-5.948,-2.719,-0.56,-0.25,-0.56,-0.25,INF,-1,0,7,0
13100,1,1,-5.694,1.060,-0.53,0.10,-0.53,0.10,INF,-1,0,7,0
13120,1,1,-6.194,1.083,-0.58,0.10,-0.58,0.10,INF,-1,0,7,0
13140,1,1,-4.708,3.432,-0.44,0.32,-0.44,0.32,INF,-1,0,7,0
13160,1,1,-1.909,-0.883,-0.18,-0.08,-0.18,-0.08,INF,-1,1,7,0
13180,1,1,-2.816,0.103,-0.26,0.01,-0.26,0.01,INF,-1,1,7,0
13200,1,1,-4.603,1.256,-0.43,0.12,-0.43,0.12,INF,-1,1,7,0
13220,1,1,-3.996,0.933,-0.37,0.09,-0.37,0.09,INF,-1,1,7,0
13240,1,1,-1.787,0.847,-0.17,0.08,-0.17,0.08,INF,-1,1,7,0
13260,1,1,-3.930,-0.509,-0.37,-0.05,-0.37,-0.05,INF,-1,1,7,0
13280,1,1,-3.936,0.596,-0.37,0.06,-0.37,0.06,INF,-1,1,7,0
13300,1,1,-2.792,-0.363,-0.26,-0.03,-0.26,-0.03,INF,-1,1,7,0
13320,1,1,-3.303,-0.653,-0.31,-0.06,-0.31,-0.06,INF,-1,1,7,0
13340,1,1,-2.464,0.628,-0.23,0.06,-0.23,0.06,INF,-1,1,7,0
13360,1,1,-1.180,-1.335,-0.11,-0.12,-0.11,-0.12,INF,-1,1,7,0
13380,1,1,-1.796,-0.460,-0.17,-0.04,-0.17,-0.04,INF,-1,1,7,0
13400,1,1,-3.317,-1.298,-0.31,-0.12,-0.31,-0.12,INF,-1,1,7,0
13420,1,1,0.034,-1.335,0.00,-0.12,0.00,-0.12,INF,-1,1,7,0
13440,1,1,-3.004,-1.216,-0.28,-0.11,-0.28,-0.11,INF,-1,1,7,0
13460,1,1,-4.752,0.103,-0.44,0.01,-0.44,0.01,INF,-1,1,7,0
13480,1,1,-1.545,-1.581,-0.14,-0.15,-0.14,-0.15,INF,-1,1,7,0
13500,1,1,-0.842,-1.028,-0.08,-0.10,-0.08,-0.10,INF,-1,1,7,0
13520,1,1,-0.314,1.562,-0.03,0.15,-0.03,0.15,INF,-1,1,7,0
13540,1,1,-2.228,1.774,-0.21,0.17,-0.21,0.17,INF,-1,1,7,0
13560,1,1,-0.249,-0.572,-0.02,-0.05,-0.02,-0.05,INF,-1,1,7,0
13580,1,1,-0.911,0.523,-0.09,0.05,-0.09,0.05,INF,-1,1,7,0
13600,1,1,0.378,0.914,0.04,0.09,0.04,0.09,INF,-1,1,7,0
13620,1,1,-6.492,1.282,-0.61,0.12,-0.61,0.12,INF,-1,1,7,0
13640,1,1,-15.273,0.289,-1.43,0.03,-1.43,0.03,INF,-1,1,7,0
13660,1,1,-14.087,2.065,-1.32,0.19,-1.32,0.19,INF,-1,1,7,0
13680,1,1,-11.699,3.757,-1.09,0.35,-1.09,0.35,INF,-1,1,7,0
13700,1,1,-15.195,4.611,-1.42,0.43,-1.42,0.43,INF,-1,1,7,0
13720,1,1,-13.362,4.923,-1.25,0.46,-1.25,0.46,INF,-1,1,7,0
13740,1,1,-13.588,4.280,-1.27,0.40,-1.27,0.40,INF,-1,1,7,0
13760,1,1,-15.807,4.131,-1.48,0.39,-1.48,0.39,INF,-1,1,7,0
13780,1,1,-15.208,4.299,-1.42,0.40,-1.42,0.40,INF,-1,1,7,0
13800,1,1,-13.668,2.442,-1.28,0.23,-1.28,0.23,INF,-1,1,7,0
13820,1,1,-13.813,3.743,-1.29,0.35,-1.29,0.35,INF,-1,1,7,0
13840,1,1,-14.065,5.012,-1.31,0.47,-1.31,0.47,INF,-1,1,7,0
13860,1,1,-15.999,2.016,-1.50,0.19,-1.50,0.19,INF,-1,1,7,0
13880,1,1,-13.160,3.771,-1.23,0.35,-1.23,0.35,INF,-1,1,7,0
13900,1,1,-11.833,4.506,-1.11,0.42,-1.11,0.42,INF,-1,1,7,0
13920,1,1,-17.014,3.611,-1.59,0.34,-1.59,0.34,INF,-1,1,7,0
13940,1,1,-22.525,3.168,-2.10,0.30,-2.10,0.30,INF,-1,1,7,0
13960,1,1,-32.264,3.234,-3.01,0.30,-3.01,0.30,INF,-1,0,7,0
13980,1,1,-28.598,2.857,-2.67,0.27,-2.67,0.27,INF,-1,0,7,0
14000,1,1,-27.751,5.426,-2.59,0.51,-2.59,0.51,INF,-1,0,7,0
14020,1,1,-26.668,3.406,-2.49,0.32,-2.49,0.32,INF,-1,0,7,0
14040,1,1,-27.864,5.163,-2.60,0.48,-2.60,0.48,INF,-1,0,7,0
14060,1,1,-27.835,5.453,-2.60,0.51,-2.60,0.51,INF,-1,0,7,0
14080,1,1,-31.280,4.797,-2.92,0.45,-2.92,0.45,INF,-1,0,7,0
14100,1,1,-30.962,3.472,-2.89,0.32,-2.89,0.32,INF,-1,0,7,0
14120,1,1,-31.574,4.381,-2.95,0.41,-2.95,0.41,INF,-1,0,7,0
14140,1,1,-28.726,3.920,-2.68,0.37,-2.68,0.37,INF,-1,0,7,0
14160,1,1,-29.505,2.763,-2.76,0.26,-2.76,0.26,INF,-1,0,7,0
14180,1,1,-31.628,4.378,-2.95,0.41,-2.95,0.41,INF,-1,0,7,0
14200,1,1,-31.127,5.560,-2.91,0.52,-2.91,0.52,INF,-1,0,7,0
14220,1,1,-29.494,3.112,-2.75,0.29,-2.75,0.29,INF,-1,1,7,0
14240,1,1,-24.303,4.977,-2.27,0.46,-2.27,0.47,INF,-1,1,7,0
14260,1,1,-23.028,4.727,-2.15,0.44,-2.15,0.44,INF,-1,1,7,0
14280,1,1,-25.185,3.698,-2.35,0.35,-2.35,0.35,INF,-1,1,7,0
14300,1,1,-20.871,4.588,-1.95,0.43,-1.95,0.43,INF,-1,1,7,0
14320,1,1,-23.852,4.884,-2.23,0.46,-2.23,0.46,INF,-1,1,7,0
14340,1,1,-22.061,6.278,-2.06,0.59,-2.06,0.59,INF,-1,1,7,0
14360,1,1,-22.979,4.594,-2.15,0.43,-2.15,0.43,INF,-1,1,7,0
14380,1,1,-20.798,5.245,-1.94,0.49,-1.94,0.49,INF,-1,1,7,0
14400,1,1,-21.718,5.158,-2.03,0.48,-2.03,0.48,INF,-1,1,7,0
14420,1,1,-22.526,5.101,-2.10,0.48,-2.10,0.48,INF,-1,1,7,0
14440,1,1,-19.412,6.453,-1.81,0.60,-1.81,0.60,INF,-1,1,7,0
14460,1,1,-27.492,-36.397,-2.57,-3.39,-2.56,-3.40,INF,-1,1,7,0
14480,0,1,0.000,0.000,0.00,0.00,0.00,0.00,0.00,-1,1,7,0
14500,0,1,0.000,0.000,0.00,0.00,0.00,0.00,0.00,-1,1,7,0
14520,0,1,0.000,0.000,0.00,0.00,0.00,0.00,0.00,-1,0,7,0
14540,0,1,0.000,0.000,0.00,0.00,0.00,0.00,0.00,-1,0,7,0
14560,0,1,0.000,0.000,0.00,0.00,0.00,0.00,0.00,-1,0,7,0
14580,0,1,0.000,0.000,0.00,0.00,0.00,0.00,0.00,-1,0,7,0
14600,0,1,0.000,0.000,0.00,0.00,0.00,0.00,0.00,-1,0,7,0
14620,0,1,0.000,0.000,0.00,0.00,0.00,0.00,0.00,-1,0,7,0
14640,0,1,0.000,0.000,0.00,0.00,0.00,0.00,0.00,-1,0,7,0
14660,0,1,0.000,0.000,0.00,0.00,0.00,0.00,0.00,-1,0,7,0
14680,0,1,0.000,0.000,0.00,0.00,0.00,0.00,0.00,-1,0,7,0
14700,0,1,0.000,0.000,0.00,0.00,0.00,0.00,0.00,-1,0,7,0
14720,0,1,0.000,0.000,0.00,0.00,0.00,0.00,0.00,-1,0,7,0
14740,1,1,-7.303,2.383,-0.68,0.22,-0.68,0.22,INF,-1,0,7,0
14760,1,1,-9.284,4.931,-0.87,0.46,-0.87,0.46,INF,-1,0,7,0
14780,1,1,-11.012,4.731,-1.03,0.44,-1.03,0.44,INF,-1,0,7,0
14800,1,1,-9.236,5.810,-0.86,0.54,-0.86,0.54,INF,-1,0,7,0
14820,1,1,-10.590,6.569,-0.99,0.61,-0.99,0.61,INF,-1,0,7,0
14840,1,1,-11.403,5.741,-1.07,0.54,-1.07,0.54,INF,-1,0,7,0
14860,1,1,-8.613,7.568,-0.81,0.71,-0.80,0.71,INF,-1,0,7,0
14880,1,1,-8.470,2.471,-0.79,0.23,-0.79,0.23,INF,-1,0,7,0
14900,1,1,-10.439,4.354,-0.98,0.41,-0.98,0.41,INF,-1,0,7,0
14920,1,1,-11.041,7.264,-1.03,0.68,-1.03,0.68,INF,-1,0,7,0
14940,1,1,-11.015,8.188,-1.03,0.77,-1.03,0.77,INF,-1,0,7,0
14960,1,1,-9.122,6.462,-0.85,0.60,-0.85,0.60,INF,-1,0,7,0
14980,1,1,-10.502,8.321,-0.98,0.78,-0.98,0.78,INF,-1,0,7,0
