"EyeTracker Toolbox version","3.250"
CalibrationParameters_A11,1.10226
CalibrationParameters_A12,0.07846
CalibrationParameters_A13,0.03723
CalibrationParameters_A21,0.07064
CalibrationParameters_A22,-1.13745
CalibrationParameters_A23,-0.00501
CalibrationParameters_A31,0.00034
CalibrationParameters_A32,-0.00363
CalibrationParameters_E11,-0.17989
CalibrationParameters_E12,0.00002
CalibrationParameters_E21,0.00012
CalibrationParameters_E22,0.19986
CalibrationParameters_X,-23.32425
CalibrationParameters_Y,-41.41842
CalibrationParameters_Rpc,71.07498
CalibrationParameters_MeanX,149.10135
CalibrationParameters_MeanY,103.90500
CalibrationParameters_ViewDist,613.00000
TimeStamp,Tracked,Calibrated,ScreenPositionXmm,ScreenPositionYmm,FicksLongitude,FicksLatitude,HelmholtzAzimuth,HelmholtzElevation,PupilDiameter,Region,Fixation,DigitalIO,Dropped
0,0,1,0.000,0.000,0.00,0.00,0.00,0.00,0.00,-1,0,7,0
20,0,1,0.000,0.000,0.00,0.00,0.00,0.00,0.00,-1,0,7,0
40,0,1,0.000,0.000,0.00,0.00,0.00,0.00,0.00,-1,0,7,0
60,0,1,0.000,0.000,0.00,0.00,0.00,0.00,0.00,-1,0,7,0
80,0,1,0.000,0.000,0.00,0.00,0.00,0.00,0.00,-1,0,7,0
100,0,1,0.000,0.000,0.00,0.00,0.00,0.00,0.00,-1,0,7,0
120,1,1,-12.674,19.232,-1.18,1.80,-1.18,1.80,INF,-1,0,7,0
140,1,1,-8.231,25.088,-0.77,2.34,-0.77,2.34,INF,-1,0,7,0
160,1,1,-9.392,25.577,-0.88,2.39,-0.88,2.39,INF,-1,0,7,0
180,1,1,-9.508,26.389,-0.89,2.46,-0.89,2.46,INF,-1,0,7,0
200,1,1,-9.246,25.933,-0.86,2.42,-0.86,2.42,INF,-1,0,7,0
220,1,1,-8.809,25.676,-0.82,2.40,-0.82,2.40,INF,-1,0,7,0
240,1,1,-8.309,24.947,-0.78,2.33,-0.78,2.33,INF,-1,0,7,0
260,1,1,-8.532,26.316,-0.80,2.46,-0.80,2.46,INF,-1,0,7,0
280,1,1,-9.763,10.594,-0.91,0.99,-0.91,0.99,INF,-1,0,7,0
300,1,1,-7.301,13.733,-0.68,1.28,-0.68,1.28,INF,-1,0,7,0
320,1,1,-7.903,12.822,-0.74,1.20,-0.74,1.20,INF,-1,0,7,0
340,1,1,-9.071,13.650,-0.85,1.28,-0.85,1.28,INF,-1,0,7,0
360,1,1,-9.443,14.138,-0.88,1.32,-0.88,1.32,INF,-1,0,7,0
380,1,1,-8.855,12.681,-0.83,1.18,-0.83,1.19,INF,-1,0,7,0
400,1,1,-9.786,12.744,-0.91,1.19,-0.91,1.19,INF,-1,1,7,0
420,1,1,-9.421,11.279,-0.88,1.05,-0.88,1.05,INF,-1,1,7,0
440,1,1,-23.549,6.933,-2.20,0.65,-2.20,0.65,INF,-1,1,7,0
460,1,1,-20.322,8.544,-1.90,0.80,-1.90,0.80,INF,-1,1,7,0
480,1,1,-20.907,6.564,-1.95,0.61,-1.95,0.61,INF,-1,0,7,0
500,1,1,-20.958,8.194,-1.96,0.77,-1.96,0.77,INF,-1,0,7,0
520,1,1,-20.720,8.828,-1.94,0.82,-1.94,0.83,INF,-1,0,7,0
540,1,1,-20.469,7.190,-1.91,0.67,-1.91,0.67,INF,-1,0,7,0
560,1,1,-21.198,6.395,-1.98,0.60,-1.98,0.60,INF,-1,0,7,0
580,1,1,-20.244,6.459,-1.89,0.60,-1.89,0.60,INF,-1,0,7,0
600,1,1,-20.760,7.619,-1.94,0.71,-1.94,0.71,INF,-1,0,7,0
620,1,1,-19.659,8.044,-1.84,0.75,-1.84,0.75,INF,-1,0,7,0
640,1,1,-21.294,7.308,-1.99,0.68,-1.99,0.68,INF,-1,0,7,0
660,1,1,-20.695,5.967,-1.93,0.56,-1.93,0.56,INF,-1,0,7,0
680,0,1,0.000,0.000,0.00,0.00,0.00,0.00,0.00,-1,0,7,0
700,1,1,-20.173,7.349,-1.88,0.69,-1.88,0.69,INF,-1,0,7,0
720,1,1,-19.868,6.312,-1.86,0.59,-1.86,0.59,INF,-1,1,7,0
740,1,1,-54.065,13.847,-5.04,1.29,-5.04,1.29,INF,-1,1,7,0
760,1,1,-50.211,13.177,-4.68,1.23,-4.68,1.23,INF,-1,1,7,0
780,1,1,-50.144,12.825,-4.68,1.19,-4.68,1.20,INF,-1,0,7,0
800,1,1,-50.325,13.099,-4.69,1.22,-4.69,1.22,INF,-1,0,7,0
820,1,1,-51.013,12.372,-4.76,1.15,-4.76,1.16,INF,-1,0,7,0
840,1,1,-50.450,11.631,-4.70,1.08,-4.70,1.09,INF,-1,0,7,0
860,1,1,-50.171,11.909,-4.68,1.11,-4.68,1.11,INF,-1,0,7,0
880,1,1,-51.336,12.264,-4.79,1.14,-4.79,1.15,INF,-1,0,7,0
900,1,1,-50.730,11.585,-4.73,1.08,-4.73,1.08,INF,-1,0,7,0
920,1,1,-51.132,10.948,-4.77,1.02,-4.77,1.02,INF,-1,0,7,0
940,1,1,-51.140,12.334,-4.77,1.15,-4.77,1.15,INF,-1,0,7,0
960,1,1,-50.969,11.216,-4.75,1.04,-4.75,1.05,INF,-1,0,7,0
980,1,1,-51.455,10.461,-4.80,0.97,-4.80,0.98,INF,-1,0,7,0
1000,1,1,-51.755,11.435,-4.83,1.06,-4.83,1.07,INF,-1,0,7,0
1020,1,1,-50.538,9.104,-4.71,0.85,-4.71,0.85,INF,-1,1,7,0
1040,1,1,-46.600,9.104,-4.35,0.85,-4.35,0.85,INF,-1,1,7,0
1060,1,1,-46.360,9.148,-4.32,0.85,-4.32,0.85,INF,-1,1,7,0
1080,1,1,-47.078,7.712,-4.39,0.72,-4.39,0.72,INF,-1,1,7,0
1100,1,1,-46.779,7.015,-4.36,0.65,-4.36,0.66,INF,-1,1,7,0
1120,1,1,-46.065,8.855,-4.30,0.83,-4.30,0.83,INF,-1,1,7,0
1140,1,1,-46.766,8.572,-4.36,0.80,-4.36,0.80,INF,-1,1,7,0
1160,1,1,-45.931,7.809,-4.29,0.73,-4.28,0.73,INF,-1,1,7,0
1180,1,1,-46.635,9.542,-4.35,0.89,-4.35,0.89,INF,-1,1,7,0
1200,1,1,-12.441,-1.230,-1.16,-0.11,-1.16,-0.11,INF,-1,1,7,0
1220,1,1,-16.321,2.119,-1.53,0.20,-1.53,0.20,INF,-1,1,7,0
1240,1,1,-13.570,2.642,-1.27,0.25,-1.27,0.25,INF,-1,0,7,0
1260,1,1,-13.149,1.619,-1.23,0.15,-1.23,0.15,INF,-1,0,7,0
1280,1,1,-12.462,1.203,-1.16,0.11,-1.16,0.11,INF,-1,0,7,0
1300,1,1,-13.959,1.094,-1.30,0.10,-1.30,0.10,INF,-1,0,7,0
1320,1,1,-12.128,1.584,-1.13,0.15,-1.13,0.15,INF,-1,0,7,0
1340,1,1,-13.494,-0.768,-1.26,-0.07,-1.26,-0.07,INF,-1,0,7,0
1360,1,1,-12.546,-1.018,-1.17,-0.10,-1.17,-0.10,INF,-1,0,7,0
1380,1,1,-13.091,-0.689,-1.22,-0.06,-1.22,-0.06,INF,-1,0,7,0
1400,1,1,-12.733,-1.749,-1.19,-0.16,-1.19,-0.16,INF,-1,0,7,0
1420,1,1,-14.760,-6.731,-1.38,-0.63,-1.38,-0.63,INF,-1,0,7,0
1440,1,1,-13.403,-5.837,-1.25,-0.55,-1.25,-0.55,INF,-1,0,7,0
1460,1,1,-14.352,-8.947,-1.34,-0.84,-1.34,-0.84,INF,-1,0,7,0
1480,1,1,-13.228,-9.610,-1.24,-0.90,-1.24,-0.90,INF,-1,1,7,0
1500,1,1,-14.796,-9.294,-1.38,-0.87,-1.38,-0.87,INF,-1,1,7,0
1520,1,1,-13.349,-9.597,-1.25,-0.90,-1.25,-0.90,INF,-1,1,7,0
1540,1,1,-14.075,-8.901,-1.32,-0.83,-1.32,-0.83,INF,-1,1,7,0
1560,1,1,-13.704,-9.312,-1.28,-0.87,-1.28,-0.87,INF,-1,1,7,0
1580,1,1,-14.805,-9.745,-1.38,-0.91,-1.38,-0.91,INF,-1,1,7,0
1600,1,1,-14.269,-10.499,-1.33,-0.98,-1.33,-0.98,INF,-1,1,7,0
1620,1,1,-14.944,-10.042,-1.40,-0.94,-1.40,-0.94,INF,-1,1,7,0
1640,1,1,-14.225,-10.355,-1.33,-0.97,-1.33,-0.97,INF,-1,1,7,0
1660,1,1,-14.793,-9.960,-1.38,-0.93,-1.38,-0.93,INF,-1,1,7,0
1680,1,1,-15.905,-10.476,-1.49,-0.98,-1.49,-0.98,INF,-1,1,7,0
1700,1,1,-15.387,-9.255,-1.44,-0.86,-1.44,-0.86,INF,-1,1,7,0
1720,1,1,-14.398,-9.842,-1.35,-0.92,-1.35,-0.92,INF,-1,1,7,0
1740,1,1,-16.087,-18.222,-1.50,-1.70,-1.50,-1.70,INF,-1,1,7,0
1760,1,1,-15.197,-16.193,-1.42,-1.51,-1.42,-1.51,INF,-1,1,7,0
1780,1,1,-13.932,-16.861,-1.30,-1.58,-1.30,-1.58,INF,-1,0,7,0
1800,1,1,-14.300,-17.374,-1.34,-1.62,-1.34,-1.62,INF,-1,0,7,0
1820,1,1,-14.170,-15.933,-1.32,-1.49,-1.32,-1.49,INF,-1,0,7,0
1840,0,1,0.000,0.000,0.00,0.00,0.00,0.00,0.00,-1,0,7,0
1860,1,1,-14.997,-17.722,-1.40,-1.66,-1.40,-1.66,INF,-1,0,7,0
1880,1,1,-13.717,-16.654,-1.28,-1.56,-1.28,-1.56,INF,-1,0,7,0
1900,1,1,-14.097,-16.099,-1.32,-1.50,-1.32,-1.50,INF,-1,0,7,0
1920,1,1,-14.735,-17.489,-1.38,-1.63,-1.38,-1.63,INF,-1,0,7,0
1940,1,1,-15.364,-17.056,-1.44,-1.59,-1.44,-1.59,INF,-1,0,7,0
1960,1,1,-13.052,-22.900,-1.22,-2.14,-1.22,-2.14,INF,-1,0,7,0
1980,1,1,-10.335,-29.524,-0.97,-2.76,-0.96,-2.76,INF,-1,0,7,0
2000,1,1,-11.602,-29.170,-1.08,-2.72,-1.08,-2.72,INF,-1,0,7,0
2020,1,1,-12.549,-30.013,-1.17,-2.80,-1.17,-2.80,INF,-1,1,7,0
2040,1,1,-11.273,-30.209,-1.05,-2.82,-1.05,-2.82,INF,-1,1,7,0
2060,1,1,-10.945,-29.995,-1.02,-2.80,-1.02,-2.80,INF,-1,1,7,0
2080,1,1,-9.837,-30.455,-0.92,-2.84,-0.92,-2.84,INF,-1,1,7,0
2100,1,1,-11.253,-28.656,-1.05,-2.68,-1.05,-2.68,INF,-1,1,7,0
2120,1,1,-11.487,-29.751,-1.07,-2.78,-1.07,-2.78,INF,-1,1,7,0
2140,1,1,-10.435,-30.906,-0.98,-2.89,-0.97,-2.89,INF,-1,1,7,0
2160,1,1,-10.832,-29.853,-1.01,-2.79,-1.01,-2.79,INF,-1,1,7,0
2180,1,1,-11.287,-31.420,-1.05,-2.93,-1.05,-2.93,INF,-1,1,7,0
2200,1,1,-11.501,-31.928,-1.07,-2.98,-1.07,-2.98,INF,-1,1,7,0
2220,1,1,-11.515,-30.153,-1.08,-2.82,-1.07,-2.82,INF,-1,1,7,0
2240,1,1,28.291,-4.417,2.64,-0.41,2.64,-0.41,INF,-1,1,7,0
2260,1,1,28.844,-6.644,2.69,-0.62,2.69,-0.62,INF,-1,1,7,0
2280,1,1,28.116,-5.500,2.63,-0.51,2.63,-0.51,INF,-1,0,7,0
2300,1,1,28.316,-6.764,2.64,-0.63,2.64,-0.63,INF,-1,0,7,0
2320,1,1,28.791,-5.462,2.69,-0.51,2.69,-0.51,INF,-1,0,7,0
2340,1,1,29.087,-7.564,2.72,-0.71,2.72,-0.71,INF,-1,0,7,0
2360,1,1,30.252,-4.707,2.83,-0.44,2.83,-0.44,INF,-1,0,7,0
2380,1,1,29.302,-5.062,2.74,-0.47,2.74,-0.47,INF,-1,0,7,0
2400,1,1,30.860,-8.024,2.88,-0.75,2.88,-0.75,INF,-1,0,7,0
2420,1,1,29.552,-9.197,2.76,-0.86,2.76,-0.86,INF,-1,0,7,0
2440,1,1,39.647,-41.713,3.70,-3.88,3.69,-3.89,INF,-1,0,7,0
2460,1,1,36.100,-50.347,3.37,-4.69,3.36,-4.70,INF,-1,0,7,0
2480,1,1,39.368,-50.255,3.67,-4.68,3.66,-4.69,INF,-1,0,7,0
2500,1,1,37.545,-50.506,3.50,-4.70,3.49,-4.71,INF,-1,0,7,0
2520,1,1,40.398,-49.756,3.77,-4.63,3.76,-4.64,INF,-1,0,7,0
2540,1,1,39.503,-46.821,3.69,-4.36,3.68,-4.37,INF,-1,0,7,0
2560,1,1,40.003,-47.761,3.73,-4.45,3.72,-4.46,INF,-1,0,7,0
2580,1,1,39.216,-48.909,3.66,-4.55,3.65,-4.56,INF,-1,0,7,0
2600,1,1,38.855,-49.829,3.63,-4.64,3.61,-4.65,INF,-1,0,7,0
2620,1,1,39.531,-48.607,3.69,-4.52,3.68,-4.53,INF,-1,0,7,0
2640,1,1,37.905,-49.075,3.54,-4.57,3.53,-4.58,INF,-1,0,7,0
2660,1,1,40.852,-49.633,3.81,-4.62,3.80,-4.63,INF,-1,0,7,0
2680,1,1,20.968,-27.702,1.96,-2.59,1.96,-2.59,INF,-1,0,7,0
2700,1,1,22.121,-28.224,2.07,-2.63,2.06,-2.64,INF,-1,0,7,0
2720,1,1,20.495,-29.414,1.91,-2.75,1.91,-2.75,INF,-1,0,7,0
2740,1,1,20.248,-30.957,1.89,-2.89,1.89,-2.89,INF,-1,0,7,0
2760,1,1,19.017,-31.303,1.78,-2.92,1.77,-2.92,INF,-1,0,7,0
2780,1,1,20.412,-31.246,1.91,-2.92,1.90,-2.92,INF,-1,0,7,0
2800,1,1,19.467,-31.879,1.82,-2.98,1.82,-2.98,INF,-1,0,7,0
2820,1,1,21.229,-28.740,1.98,-2.68,1.98,-2.68,INF,-1,0,7,0
2840,1,1,19.300,-23.502,1.80,-2.19,1.80,-2.20,INF,-1,0,7,0
2860,1,1,15.150,-15.609,1.42,-1.46,1.42,-1.46,INF,-1,1,7,0
2880,1,1,14.298,-17.644,1.34,-1.65,1.34,-1.65,INF,-1,0,7,0
2900,1,1,14.862,-17.355,1.39,-1.62,1.39,-1.62,INF,-1,0,7,0
2920,1,1,15.720,-16.920,1.47,-1.58,1.47,-1.58,INF,-1,0,7,0
2940,1,1,15.474,-17.331,1.45,-1.62,1.45,-1.62,INF,-1,0,7,0
2960,1,1,14.776,-16.459,1.38,-1.54,1.38,-1.54,INF,-1,0,7,0
2980,1,1,15.627,-16.090,1.46,-1.50,1.46,-1.50,INF,-1,0,7,0
3000,1,1,16.396,-16.722,1.53,-1.56,1.53,-1.56,INF,-1,0,7,0
3020,1,1,15.536,-18.256,1.45,-1.71,1.45,-1.71,INF,-1,0,7,0
3040,1,1,15.717,-15.801,1.47,-1.48,1.47,-1.48,INF,-1,0,7,0
3060,1,1,15.692,-16.644,1.47,-1.55,1.47,-1.56,INF,-1,0,7,0
3080,1,1,21.429,-5.664,2.00,-0.53,2.00,-0.53,INF,-1,0,7,0
3100,1,1,28.240,13.079,2.64,1.22,2.64,1.22,INF,-1,0,7,0
3120,1,1,29.992,11.638,2.80,1.09,2.80,1.09,INF,-1,0,7,0
3140,1,1,29.031,14.680,2.71,1.37,2.71,1.37,INF,-1,0,7,0
3160,1,1,28.664,13.404,2.68,1.25,2.68,1.25,INF,-1,0,7,0
3180,1,1,29.060,13.364,2.71,1.25,2.71,1.25,INF,-1,0,7,0
3200,1,1,29.528,15.370,2.76,1.43,2.76,1.44,INF,-1,0,7,0
3220,1,1,29.114,14.627,2.72,1.37,2.72,1.37,INF,-1,0,7,0
3240,1,1,29.308,14.872,2.74,1.39,2.74,1.39,INF,-1,0,7,0
3260,1,1,29.962,15.053,2.80,1.41,2.80,1.41,INF,-1,0,7,0
3280,1,1,29.530,15.029,2.76,1.40,2.76,1.40,INF,-1,0,7,0
3300,1,1,29.165,15.135,2.72,1.41,2.72,1.41,INF,-1,1,7,0
3320,1,1,28.756,15.975,2.69,1.49,2.68,1.49,INF,-1,1,7,0
3340,1,1,29.206,12.490,2.73,1.17,2.73,1.17,INF,-1,1,7,0
3360,1,1,29.281,15.275,2.73,1.43,2.73,1.43,INF,-1,1,7,0
3380,1,1,28.809,19.337,2.69,1.80,2.69,1.81,INF,-1,1,7,0
3400,1,1,25.464,32.877,2.38,3.07,2.38,3.07,INF,-1,1,7,0
3420,1,1,20.491,34.534,1.91,3.22,1.91,3.22,INF,-1,0,7,0
3440,1,1,21.834,33.649,2.04,3.14,2.04,3.14,INF,-1,0,7,0
3460,1,1,24.006,34.289,2.24,3.20,2.24,3.20,INF,-1,0,7,0
3480,1,1,21.459,36.504,2.00,3.41,2.00,3.41,INF,-1,0,7,0
3500,1,1,21.560,34.710,2.01,3.24,2.01,3.24,INF,-1,0,7,0
3520,1,1,22.598,34.537,2.11,3.22,2.11,3.22,INF,-1,0,7,0
3540,1,1,22.917,36.207,2.14,3.38,2.14,3.38,INF,-1,0,7,0
3560,1,1,22.954,35.652,2.14,3.33,2.14,3.33,INF,-1,0,7,0
3580,1,1,24.662,35.769,2.30,3.34,2.30,3.34,INF,-1,0,7,0
3600,1,1,23.032,35.313,2.15,3.29,2.15,3.30,INF,-1,0,7,0
3620,1,1,22.138,32.773,2.07,3.06,2.07,3.06,INF,-1,0,7,0
3640,1,1,25.239,35.307,2.36,3.29,2.35,3.30,INF,-1,0,7,0
3660,1,1,24.089,34.062,2.25,3.18,2.25,3.18,INF,-1,0,7,0
3680,1,1,24.656,33.503,2.30,3.13,2.30,3.13,INF,-1,1,7,0
3700,1,1,18.869,38.188,1.76,3.56,1.76,3.56,INF,-1,1,7,0
3720,1,1,-3.433,38.760,-0.32,3.62,-0.32,3.62,INF,-1,1,7,0
3740,1,1,-2.299,37.918,-0.21,3.54,-0.21,3.54,INF,-1,1,7,0
3760,1,1,-1.443,38.800,-0.13,3.62,-0.13,3.62,INF,-1,0,7,0
3780,1,1,-3.172,37.154,-0.30,3.47,-0.30,3.47,INF,-1,0,7,0
3800,1,1,-3.119,38.263,-0.29,3.57,-0.29,3.57,INF,-1,0,7,0
3820,1,1,-3.479,36.679,-0.33,3.42,-0.32,3.42,INF,-1,0,7,0
3840,1,1,-3.911,36.722,-0.37,3.43,-0.36,3.43,INF,-1,0,7,0
3860,1,1,-4.585,36.466,-0.43,3.40,-0.43,3.40,INF,-1,0,7,0
3880,1,1,-3.768,36.659,-0.35,3.42,-0.35,3.42,INF,-1,0,7,0
3900,1,1,-4.589,36.066,-0.43,3.37,-0.43,3.37,INF,-1,0,7,0
3920,1,1,-3.235,35.454,-0.30,3.31,-0.30,3.31,INF,-1,0,7,0
3940,1,1,-3.272,35.931,-0.31,3.35,-0.31,3.35,INF,-1,0,7,0
3960,1,1,0.868,34.010,0.08,3.18,0.08,3.18,INF,-1,0,7,0
3980,1,1,-41.759,38.322,-3.90,3.57,-3.89,3.58,INF,-1,0,7,0
4000,1,1,-37.231,38.076,-3.48,3.55,-3.47,3.55,INF,-1,1,7,0
4020,1,1,-39.123,38.006,-3.65,3.54,-3.64,3.55,INF,-1,0,7,0
4040,1,1,-38.750,37.048,-3.62,3.45,-3.61,3.46,INF,-1,0,7,0
4060,1,1,-38.382,37.803,-3.58,3.52,-3.58,3.53,INF,-1,0,7,0
4080,1,1,-38.476,37.661,-3.59,3.51,-3.58,3.52,INF,-1,0,7,0
4100,1,1,-38.152,35.934,-3.56,3.35,-3.56,3.35,INF,-1,0,7,0
4120,1,1,-40.435,36.759,-3.77,3.42,-3.77,3.43,INF,-1,0,7,0
4140,1,1,-39.623,36.385,-3.70,3.39,-3.69,3.40,INF,-1,0,7,0
4160,1,1,-39.721,36.884,-3.71,3.44,-3.70,3.44,INF,-1,0,7,0
4180,1,1,-39.633,37.311,-3.70,3.48,-3.69,3.48,INF,-1,0,7,0
4200,1,1,-38.541,38.225,-3.60,3.56,-3.59,3.57,INF,-1,0,7,0
4220,1,1,-37.219,38.660,-3.47,3.60,-3.47,3.61,INF,-1,0,7,0
4240,1,1,-38.480,37.977,-3.59,3.54,-3.59,3.55,INF,-1,0,7,0
4260,1,1,-37.828,37.715,-3.53,3.51,-3.52,3.52,INF,-1,1,7,0
4280,1,1,-38.882,37.365,-3.63,3.48,-3.62,3.49,INF,-1,1,7,0
4300,1,1,-39.371,37.451,-3.67,3.49,-3.67,3.50,INF,-1,1,7,0
4320,1,1,-39.503,35.818,-3.69,3.34,-3.68,3.34,INF,-1,1,7,0
4340,1,1,-39.830,36.910,-3.72,3.44,-3.71,3.45,INF,-1,1,7,0
4360,1,1,-37.936,38.558,-3.54,3.59,-3.53,3.60,INF,-1,1,7,0
4380,1,1,-40.040,36.912,-3.74,3.44,-3.73,3.45,INF,-1,1,7,0
4400,1,1,-39.943,38.472,-3.73,3.58,-3.72,3.59,INF,-1,1,7,0
4420,1,1,-41.188,37.498,-3.84,3.49,-3.84,3.50,INF,-1,1,7,0
4440,1,1,-39.696,37.645,-3.71,3.51,-3.70,3.51,INF,-1,1,7,0
4460,1,1,-39.390,37.741,-3.68,3.52,-3.67,3.52,INF,-1,1,7,0
4480,1,1,-21.026,29.295,-1.96,2.73,-1.96,2.74,INF,-1,1,7,0
4500,1,1,-21.755,29.585,-2.03,2.76,-2.03,2.76,INF,-1,1,7,0
4520,1,1,-21.043,30.756,-1.97,2.87,-1.96,2.87,INF,-1,0,7,0
4540,1,1,-21.496,29.790,-2.01,2.78,-2.01,2.78,INF,-1,0,7,0
4560,1,1,-19.881,28.831,-1.86,2.69,-1.86,2.69,INF,-1,0,7,0
4580,1,1,-19.904,29.576,-1.86,2.76,-1.86,2.76,INF,-1,0,7,0
4600,1,1,-19.827,29.465,-1.85,2.75,-1.85,2.75,INF,-1,0,7,0
4620,1,1,-19.977,27.602,-1.87,2.58,-1.86,2.58,INF,-1,0,7,0
4640,1,1,-19.169,29.517,-1.79,2.76,-1.79,2.76,INF,-1,0,7,0
4660,1,1,-18.946,27.751,-1.77,2.59,-1.77,2.59,INF,-1,0,7,0
4680,1,1,-18.296,27.822,-1.71,2.60,-1.71,2.60,INF,-1,0,7,0
4700,1,1,-19.528,28.856,-1.82,2.69,-1.82,2.70,INF,-1,0,7,0
4720,1,1,-17.492,29.848,-1.63,2.79,-1.63,2.79,INF,-1,0,7,0
4740,1,1,-19.255,25.926,-1.80,2.42,-1.80,2.42,INF,-1,0,7,0
4760,1,1,-20.933,31.018,-1.96,2.90,-1.95,2.90,INF,-1,1,7,0
4780,1,1,27.189,-15.939,2.54,-1.49,2.54,-1.49,INF,-1,1,7,0
4800,1,1,25.667,-17.449,2.40,-1.63,2.40,-1.63,INF,-1,1,7,0
4820,1,1,25.619,-17.743,2.39,-1.66,2.39,-1.66,INF,-1,0,7,0
4840,1,1,26.077,-18.508,2.44,-1.73,2.43,-1.73,INF,-1,0,7,0
4860,1,1,26.823,-20.135,2.51,-1.88,2.50,-1.88,INF,-1,0,7,0
4880,1,1,25.824,-18.445,2.41,-1.72,2.41,-1.72,INF,-1,0,7,0
4900,1,1,25.705,-18.757,2.40,-1.75,2.40,-1.75,INF,-1,0,7,0
4920,1,1,26.014,-19.530,2.43,-1.82,2.43,-1.82,INF,-1,0,7,0
4940,1,1,26.687,-19.514,2.49,-1.82,2.49,-1.82,INF,-1,0,7,0
4960,1,1,27.547,-16.820,2.57,-1.57,2.57,-1.57,INF,-1,0,7,0
4980,1,1,25.663,-17.986,2.40,-1.68,2.40,-1.68,INF,-1,0,7,0
5000,1,1,18.973,-4.056,1.77,-0.38,1.77,-0.38,INF,-1,0,7,0
5020,1,1,18.792,-6.448,1.76,-0.60,1.76,-0.60,INF,-1,0,7,0
5040,1,1,18.738,-8.518,1.75,-0.80,1.75,-0.80,INF,-1,0,7,0
5060,1,1,19.089,-7.373,1.78,-0.69,1.78,-0.69,INF,-1,1,7,0
5080,1,1,16.916,-6.165,1.58,-0.58,1.58,-0.58,INF,-1,1,7,0
5100,1,1,16.879,-4.832,1.58,-0.45,1.58,-0.45,INF,-1,1,7,0
5120,1,1,17.001,-5.803,1.59,-0.54,1.59,-0.54,INF,-1,0,7,0
5140,1,1,15.118,-4.559,1.41,-0.43,1.41,-0.43,INF,-1,0,7,0
5160,1,1,16.458,-3.862,1.54,-0.36,1.54,-0.36,INF,-1,0,7,0
5180,1,1,16.648,-3.512,1.56,-0.33,1.56,-0.33,INF,-1,0,7,0
5200,1,1,16.187,-3.287,1.51,-0.31,1.51,-0.31,INF,-1,0,7,0
5220,1,1,15.789,-3.046,1.48,-0.28,1.48,-0.28,INF,-1,0,7,0
5240,1,1,15.588,-4.770,1.46,-0.45,1.46,-0.45,INF,-1,0,7,0
5260,1,1,16.852,-3.188,1.57,-0.30,1.57,-0.30,INF,-1,0,7,0
5280,1,1,16.237,-1.591,1.52,-0.15,1.52,-0.15,INF,-1,0,7,0
5300,1,1,15.229,-0.889,1.42,-0.08,1.42,-0.08,INF,-1,0,7,0
5320,1,1,15.036,-1.479,1.41,-0.14,1.41,-0.14,INF,-1,0,7,0
5340,1,1,16.959,-1.097,1.58,-0.10,1.58,-0.10,INF,-1,0,7,0
5360,1,1,17.343,-0.511,1.62,-0.05,1.62,-0.05,INF,-1,1,7,0
5380,1,1,18.545,1.355,1.73,0.13,1.73,0.13,INF,-1,1,7,0
5400,1,1,18.097,-0.819,1.69,-0.08,1.69,-0.08,INF,-1,1,7,0
5420,1,1,17.461,-0.862,1.63,-0.08,1.63,-0.08,INF,-1,1,7,0
5440,1,1,17.608,-2.198,1.65,-0.21,1.65,-0.21,INF,-1,1,7,0
5460,1,1,18.781,0.721,1.75,0.07,1.75,0.07,INF,-1,1,7,0
5480,1,1,17.373,0.906,1.62,0.08,1.62,0.08,INF,-1,1,7,0
5500,1,1,17.006,-0.564,1.59,-0.05,1.59,-0.05,INF,-1,1,7,0
5520,1,1,17.463,-2.056,1.63,-0.19,1.63,-0.19,INF,-1,1,7,0
5540,1,1,17.330,-1.429,1.62,-0.13,1.62,-0.13,INF,-1,1,7,0
5560,1,1,16.532,-1.433,1.54,-0.13,1.54,-0.13,INF,-1,1,7,0
5580,1,1,18.008,-1.873,1.68,-0.18,1.68,-0.18,INF,-1,1,7,0
5600,1,1,17.653,-3.692,1.65,-0.34,1.65,-0.35,INF,-1,1,7,0
5620,1,1,16.769,-2.590,1.57,-0.24,1.57,-0.24,INF,-1,1,7,0
5640,1,1,18.238,-1.465,1.70,-0.14,1.70,-0.14,INF,-1,1,7,0
5660,1,1,17.227,-2.565,1.61,-0.24,1.61,-0.24,INF,-1,1,7,0
5680,1,1,17.359,-3.117,1.62,-0.29,1.62,-0.29,INF,-1,1,7,0
5700,1,1,17.921,-1.593,1.67,-0.15,1.67,-0.15,INF,-1,1,7,0
5720,1,1,16.195,-3.464,1.51,-0.32,1.51,-0.32,INF,-1,1,7,0
5740,1,1,16.515,-2.698,1.54,-0.25,1.54,-0.25,INF,-1,1,7,0
5760,1,1,13.317,-2.587,1.24,-0.24,1.24,-0.24,INF,-1,1,7,0
5780,1,1,14.120,-1.785,1.32,-0.17,1.32,-0.17,INF,-1,1,7,0
5800,1,1,13.932,-3.139,1.30,-0.29,1.30,-0.29,INF,-1,1,7,0
5820,1,1,15.214,-2.664,1.42,-0.25,1.42,-0.25,INF,-1,1,7,0
5840,1,1,14.234,-1.135,1.33,-0.11,1.33,-0.11,INF,-1,1,7,0
5860,1,1,15.519,-2.014,1.45,-0.19,1.45,-0.19,INF,-1,1,7,0
5880,1,1,15.928,0.727,1.49,0.07,1.49,0.07,INF,-1,1,7,0
5900,1,1,14.651,-1.648,1.37,-0.15,1.37,-0.15,INF,-1,1,7,0
5920,1,1,14.260,-2.850,1.33,-0.27,1.33,-0.27,INF,-1,1,7,0
5940,1,1,14.675,-3.000,1.37,-0.28,1.37,-0.28,INF,-1,1,7,0
5960,1,1,13.554,-0.578,1.27,-0.05,1.27,-0.05,INF,-1,1,7,0
5980,1,1,13.541,-3.521,1.27,-0.33,1.27,-0.33,INF,-1,1,7,0
6000,1,1,15.011,-1.598,1.40,-0.15,1.40,-0.15,INF,-1,1,7,0
6020,1,1,13.211,-4.547,1.23,-0.42,1.23,-0.42,INF,-1,1,7,0
6040,1,1,12.953,-1.177,1.21,-0.11,1.21,-0.11,INF,-1,1,7,0
6060,1,1,14.704,-3.815,1.37,-0.36,1.37,-0.36,INF,-1,1,7,0
6080,1,1,19.314,-1.378,1.80,-0.13,1.80,-0.13,INF,-1,1,7,0
6100,1,1,19.263,-1.825,1.80,-0.17,1.80,-0.17,INF,-1,1,7,0
6120,1,1,18.800,-1.850,1.76,-0.17,1.76,-0.17,INF,-1,1,7,0
6140,1,1,18.466,-1.988,1.73,-0.19,1.73,-0.19,INF,-1,1,7,0
6160,1,1,17.877,-1.906,1.67,-0.18,1.67,-0.18,INF,-1,1,7,0
6180,1,1,16.301,-1.845,1.52,-0.17,1.52,-0.17,INF,-1,1,7,0
6200,1,1,17.747,-2.888,1.66,-0.27,1.66,-0.27,INF,-1,1,7,0
6220,1,1,16.529,-4.778,1.54,-0.45,1.54,-0.45,INF,-1,1,7,0
6240,1,1,15.761,-4.323,1.47,-0.40,1.47,-0.40,INF,-1,1,7,0
6260,1,1,16.408,-2.989,1.53,-0.28,1.53,-0.28,INF,-1,1,7,0
6280,1,1,17.386,-4.168,1.62,-0.39,1.62,-0.39,INF,-1,1,7,0
6300,1,1,16.907,-4.559,1.58,-0.43,1.58,-0.43,INF,-1,1,7,0
6320,1,1,18.024,-2.482,1.68,-0.23,1.68,-0.23,INF,-1,1,7,0
6340,1,1,18.001,-4.839,1.68,-0.45,1.68,-0.45,INF,-1,1,7,0
6360,1,1,17.889,-4.076,1.67,-0.38,1.67,-0.38,INF,-1,1,7,0
6380,1,1,18.253,-3.499,1.71,-0.33,1.71,-0.33,INF,-1,1,7,0
6400,1,1,18.246,-2.861,1.70,-0.27,1.70,-0.27,INF,-1,1,7,0
6420,1,1,17.953,-0.901,1.68,-0.08,1.68,-0.08,INF,-1,1,7,0
6440,1,1,18.308,-0.749,1.71,-0.07,1.71,-0.07,INF,-1,1,7,0
6460,1,1,13.401,-0.484,1.25,-0.05,1.25,-0.05,INF,-1,1,7,0
6480,1,1,13.330,-3.622,1.25,-0.34,1.25,-0.34,INF,-1,1,7,0
6500,1,1,11.357,-4.548,1.06,-0.43,1.06,-0.43,INF,-1,1,7,0
6520,1,1,11.334,-2.860,1.06,-0.27,1.06,-0.27,INF,-1,1,7,0
6540,1,1,13.358,-4.925,1.25,-0.46,1.25,-0.46,INF,-1,1,7,0
6560,1,1,11.881,-2.804,1.11,-0.26,1.11,-0.26,INF,-1,1,7,0
6580,1,1,11.848,-3.939,1.11,-0.37,1.11,-0.37,INF,-1,1,7,0
6600,1,1,12.894,-3.492,1.20,-0.33,1.20,-0.33,INF,-1,1,7,0
6620,1,1,13.346,-4.429,1.25,-0.41,1.25,-0.41,INF,-1,1,7,0
6640,1,1,14.839,-3.231,1.39,-0.30,1.39,-0.30,INF,-1,1,7,0
6660,1,1,15.057,-3.589,1.41,-0.34,1.41,-0.34,INF,-1,1,7,0
6680,1,1,11.859,-5.978,1.11,-0.56,1.11,-0.56,INF,-1,1,7,0
6700,1,1,9.940,-2.298,0.93,-0.21,0.93,-0.21,INF,-1,1,7,0
6720,1,1,10.394,-3.075,0.97,-0.29,0.97,-0.29,INF,-1,1,7,0
6740,1,1,12.164,-1.069,1.14,-0.10,1.14,-0.10,INF,-1,1,7,0
6760,1,1,12.219,-2.615,1.14,-0.24,1.14,-0.24,INF,-1,1,7,0
6780,1,1,10.936,-2.766,1.02,-0.26,1.02,-0.26,INF,-1,1,7,0
6800,1,1,11.731,-3.825,1.10,-0.36,1.10,-0.36,INF,-1,1,7,0
6820,1,1,12.553,-1.832,1.17,-0.17,1.17,-0.17,INF,-1,1,7,0
6840,1,1,11.810,-2.826,1.10,-0.26,1.10,-0.26,INF,-1,1,7,0
6860,1,1,12.012,-2.339,1.12,-0.22,1.12,-0.22,INF,-1,1,7,0
6880,1,1,12.202,-3.403,1.14,-0.32,1.14,-0.32,INF,-1,1,7,0
6900,1,1,11.226,-5.097,1.05,-0.48,1.05,-0.48,INF,-1,1,7,0
6920,1,1,11.132,-2.038,1.04,-0.19,1.04,-0.19,INF,-1,1,7,0
6940,1,1,12.787,-1.549,1.20,-0.14,1.20,-0.14,INF,-1,1,7,0
6960,1,1,12.469,-0.016,1.17,0.00,1.17,0.00,INF,-1,1,7,0
6980,1,1,12.738,-2.987,1.19,-0.28,1.19,-0.28,INF,-1,1,7,0
7000,1,1,12.961,-2.697,1.21,-0.25,1.21,-0.25,INF,-1,1,7,0
7020,1,1,12.553,-3.051,1.17,-0.29,1.17,-0.29,INF,-1,1,7,0
7040,1,1,12.345,-0.839,1.15,-0.08,1.15,-0.08,INF,-1,1,7,0
7060,1,1,13.099,-3.119,1.22,-0.29,1.22,-0.29,INF,-1,1,7,0
7080,1,1,14.434,-2.997,1.35,-0.28,1.35,-0.28,INF,-1,1,7,0
7100,1,1,14.134,-2.207,1.32,-0.21,1.32,-0.21,INF,-1,1,7,0
7120,1,1,14.454,-1.668,1.35,-0.16,1.35,-0.16,INF,-1,1,7,0
7140,1,1,14.888,-2.248,1.39,-0.21,1.39,-0.21,INF,-1,1,7,0
7160,1,1,14.589,-1.685,1.36,-0.16,1.36,-0.16,INF,-1,1,7,0
7180,1,1,14.113,-3.559,1.32,-0.33,1.32,-0.33,INF,-1,1,7,0
7200,1,1,13.562,-3.990,1.27,-0.37,1.27,-0.37,INF,-1,1,7,0
7220,1,1,12.172,-3.368,1.14,-0.31,1.14,-0.31,INF,-1,1,7,0
7240,1,1,13.481,-3.608,1.26,-0.34,1.26,-0.34,INF,-1,1,7,0
7260,1,1,14.762,-3.667,1.38,-0.34,1.38,-0.34,INF,-1,1,7,0
7280,1,1,14.120,-3.652,1.32,-0.34,1.32,-0.34,INF,-1,1,7,0
7300,1,1,13.562,-3.392,1.27,-0.32,1.27,-0.32,INF,-1,1,7,0
7320,1,1,13.176,-4.531,1.23,-0.42,1.23,-0.42,INF,-1,1,7,0
7340,1,1,14.669,-3.272,1.37,-0.31,1.37,-0.31,INF,-1,1,7,0
7360,1,1,20.022,-14.657,1.87,-1.37,1.87,-1.37,INF,-1,1,7,0
7380,1,1,20.833,-15.351,1.95,-1.43,1.95,-1.43,INF,-1,1,7,0
7400,1,1,21.520,-16.062,2.01,-1.50,2.01,-1.50,INF,-1,0,7,0
7420,1,1,20.159,-15.626,1.88,-1.46,1.88,-1.46,INF,-1,0,7,0
7440,1,1,18.090,-17.036,1.69,-1.59,1.69,-1.59,INF,-1,0,7,0
7460,1,1,19.792,-17.059,1.85,-1.59,1.85,-1.59,INF,-1,0,7,0
7480,1,1,19.652,-16.545,1.84,-1.55,1.84,-1.55,INF,-1,0,7,0
7500,1,1,20.364,-16.154,1.90,-1.51,1.90,-1.51,INF,-1,0,7,0
7520,1,1,18.974,-17.161,1.77,-1.60,1.77,-1.60,INF,-1,0,7,0
7540,1,1,20.302,-16.413,1.90,-1.53,1.90,-1.53,INF,-1,0,7,0
7560,1,1,20.113,-14.934,1.88,-1.39,1.88,-1.40,INF,-1,0,7,0
7580,1,1,16.732,-10.432,1.56,-0.97,1.56,-0.97,INF,-1,0,7,0
7600,1,1,17.399,-12.420,1.63,-1.16,1.63,-1.16,INF,-1,0,7,0
7620,1,1,16.263,-9.981,1.52,-0.93,1.52,-0.93,INF,-1,0,7,0
7640,1,1,16.418,-10.852,1.53,-1.01,1.53,-1.01,INF,-1,1,7,0
7660,1,1,16.621,-9.101,1.55,-0.85,1.55,-0.85,INF,-1,1,7,0
7680,1,1,15.993,-10.281,1.49,-0.96,1.49,-0.96,INF,-1,1,7,0
7700,1,1,16.248,-8.787,1.52,-0.82,1.52,-0.82,INF,-1,1,7,0
7720,1,1,15.505,-8.709,1.45,-0.81,1.45,-0.81,INF,-1,1,7,0
7740,1,1,15.153,-8.907,1.42,-0.83,1.42,-0.83,INF,-1,1,7,0
7760,1,1,15.426,-9.675,1.44,-0.90,1.44,-0.90,INF,-1,1,7,0
7780,1,1,15.857,-9.877,1.48,-0.92,1.48,-0.92,INF,-1,1,7,0
7800,1,1,15.917,-8.264,1.49,-0.77,1.49,-0.77,INF,-1,1,7,0
7820,1,1,15.739,-11.087,1.47,-1.04,1.47,-1.04,INF,-1,1,7,0
7840,1,1,16.065,-10.622,1.50,-0.99,1.50,-0.99,INF,-1,1,7,0
7860,1,1,16.543,-11.075,1.55,-1.03,1.55,-1.04,INF,-1,1,7,0
7880,1,1,15.319,-10.343,1.43,-0.97,1.43,-0.97,INF,-1,1,7,0
7900,1,1,15.751,-8.641,1.47,-0.81,1.47,-0.81,INF,-1,1,7,0
7920,1,1,18.377,-10.236,1.72,-0.96,1.72,-0.96,INF,-1,1,7,0
7940,1,1,17.255,-10.019,1.61,-0.94,1.61,-0.94,INF,-1,1,7,0
7960,1,1,18.495,-9.664,1.73,-0.90,1.73,-0.90,INF,-1,1,7,0
7980,1,1,16.972,-9.992,1.59,-0.93,1.59,-0.93,INF,-1,1,7,0
8000,1,1,15.272,-22.405,1.43,-2.09,1.43,-2.09,INF,-1,1,7,0
8020,1,1,15.191,-29.144,1.42,-2.72,1.42,-2.72,INF,-1,1,7,0
8040,1,1,15.255,-26.692,1.43,-2.49,1.42,-2.49,INF,-1,1,7,0
8060,1,1,16.381,-28.353,1.53,-2.65,1.53,-2.65,INF,-1,0,7,0
8080,1,1,16.153,-28.920,1.51,-2.70,1.51,-2.70,INF,-1,0,7,0
8100,1,1,15.982,-27.259,1.49,-2.55,1.49,-2.55,INF,-1,0,7,0
8120,1,1,16.061,-27.008,1.50,-2.52,1.50,-2.52,INF,-1,0,7,0
8140,1,1,16.035,-27.064,1.50,-2.53,1.50,-2.53,INF,-1,0,7,0
8160,1,1,15.698,-28.588,1.47,-2.67,1.47,-2.67,INF,-1,0,7,0
8180,1,1,16.166,-26.651,1.51,-2.49,1.51,-2.49,INF,-1,0,7,0
8200,1,1,17.631,-28.569,1.65,-2.67,1.65,-2.67,INF,-1,0,7,0
8220,1,1,17.700,-27.228,1.65,-2.54,1.65,-2.54,INF,-1,0,7,0
8240,1,1,20.210,-26.137,1.89,-2.44,1.89,-2.44,INF,-1,0,7,0
8260,1,1,19.189,-26.926,1.79,-2.51,1.79,-2.52,INF,-1,0,7,0
8280,1,1,19.754,-25.406,1.85,-2.37,1.84,-2.37,INF,-1,0,7,0
8300,1,1,19.259,-23.591,1.80,-2.20,1.80,-2.20,INF,-1,1,7,0
8320,1,1,19.572,-24.293,1.83,-2.27,1.83,-2.27,INF,-1,1,7,0
8340,1,1,17.989,-24.839,1.68,-2.32,1.68,-2.32,INF,-1,1,7,0
8360,1,1,18.212,-24.929,1.70,-2.33,1.70,-2.33,INF,-1,1,7,0
8380,1,1,19.557,-25.508,1.83,-2.38,1.83,-2.38,INF,-1,1,7,0
8400,1,1,18.169,-25.114,1.70,-2.35,1.70,-2.35,INF,-1,1,7,0
8420,1,1,10.881,-29.492,1.02,-2.75,1.02,-2.75,INF,-1,1,7,0
8440,1,1,-40.484,3.356,-3.78,0.31,-3.78,0.31,INF,-1,1,7,0
8460,1,1,-34.263,2.291,-3.20,0.21,-3.20,0.21,INF,-1,1,7,0
8480,1,1,-34.892,3.148,-3.26,0.29,-3.26,0.29,INF,-1,0,7,0
8500,1,1,-35.084,2.436,-3.28,0.23,-3.28,0.23,INF,-1,0,7,0
8520,1,1,-35.850,1.782,-3.35,0.17,-3.35,0.17,INF,-1,0,7,0
8540,1,1,-35.752,4.629,-3.34,0.43,-3.34,0.43,INF,-1,0,7,0
8560,1,1,-34.543,4.785,-3.23,0.45,-3.23,0.45,INF,-1,0,7,0
8580,1,1,-35.233,4.558,-3.29,0.43,-3.29,0.43,INF,-1,0,7,0
8600,1,1,-35.202,1.423,-3.29,0.13,-3.29,0.13,INF,-1,0,7,0
8620,1,1,-35.965,1.226,-3.36,0.11,-3.36,0.11,INF,-1,0,7,0
8640,1,1,-34.380,1.928,-3.21,0.18,-3.21,0.18,INF,-1,0,7,0
8660,1,1,-34.969,1.830,-3.26,0.17,-3.26,0.17,INF,-1,0,7,0
8680,1,1,-34.950,4.522,-3.26,0.42,-3.26,0.42,INF,-1,0,7,0
8700,1,1,-41.000,11.559,-3.83,1.08,-3.83,1.08,INF,-1,0,7,0
8720,1,1,-43.082,12.866,-4.02,1.20,-4.02,1.20,INF,-1,1,7,0
8740,1,1,-43.159,13.152,-4.03,1.23,-4.03,1.23,INF,-1,1,7,0
8760,1,1,-42.973,12.797,-4.01,1.19,-4.01,1.20,INF,-1,0,7,0
8780,1,1,-42.446,12.328,-3.96,1.15,-3.96,1.15,INF,-1,0,7,0
8800,1,1,-42.422,13.235,-3.96,1.23,-3.96,1.24,INF,-1,0,7,0
8820,1,1,-40.054,12.536,-3.74,1.17,-3.74,1.17,INF,-1,0,7,0
8840,1,1,-42.338,10.633,-3.95,0.99,-3.95,0.99,INF,-1,0,7,0
8860,1,1,-42.435,11.580,-3.96,1.08,-3.96,1.08,INF,-1,0,7,0
8880,1,1,-41.576,13.251,-3.88,1.24,-3.88,1.24,INF,-1,0,7,0
8900,1,1,-41.069,12.037,-3.83,1.12,-3.83,1.12,INF,-1,0,7,0
8920,1,1,-42.864,11.645,-4.00,1.09,-4.00,1.09,INF,-1,0,7,0
8940,1,1,-41.344,12.436,-3.86,1.16,-3.86,1.16,INF,-1,0,7,0
8960,1,1,-41.590,11.055,-3.88,1.03,-3.88,1.03,INF,-1,0,7,0
8980,1,1,-41.843,13.277,-3.90,1.24,-3.90,1.24,INF,-1,0,7,0
9000,1,1,-44.673,22.992,-4.17,2.14,-4.17,2.15,INF,-1,1,7,0
9020,1,1,-44.082,32.574,-4.11,3.03,-4.11,3.04,INF,-1,1,7,0
9040,1,1,-44.480,30.415,-4.15,2.83,-4.15,2.84,INF,-1,0,7,0
9060,1,1,-44.739,30.426,-4.17,2.83,-4.17,2.84,INF,-1,0,7,0
9080,1,1,-44.218,31.262,-4.13,2.91,-4.12,2.92,INF,-1,0,7,0
9100,1,1,-44.763,29.399,-4.18,2.74,-4.17,2.75,INF,-1,0,7,0
9120,1,1,-44.481,31.737,-4.15,2.96,-4.14,2.96,INF,-1,0,7,0
9140,1,1,-45.172,31.673,-4.21,2.95,-4.21,2.96,INF,-1,0,7,0
9160,1,1,-45.431,30.835,-4.24,2.87,-4.23,2.88,INF,-1,0,7,0
9180,1,1,-45.640,29.095,-4.26,2.71,-4.25,2.72,INF,-1,0,7,0
9200,1,1,-45.284,30.836,-4.22,2.87,-4.22,2.88,INF,-1,0,7,0
9220,1,1,-44.437,30.465,-4.15,2.84,-4.14,2.85,INF,-1,0,7,0
9240,1,1,-45.088,29.933,-4.21,2.79,-4.20,2.80,INF,-1,0,7,0
9260,1,1,-44.792,29.532,-4.18,2.75,-4.17,2.76,INF,-1,0,7,0
9280,1,1,-45.499,27.421,-4.24,2.55,-4.24,2.56,INF,-1,1,7,0
9300,1,1,-45.725,28.943,-4.27,2.70,-4.26,2.70,INF,-1,1,7,0
9320,1,1,-45.991,27.792,-4.29,2.59,-4.29,2.60,INF,-1,1,7,0
9340,1,1,-46.294,28.841,-4.32,2.69,-4.31,2.69,INF,-1,1,7,0
9360,1,1,-45.013,28.923,-4.20,2.69,-4.20,2.70,INF,-1,1,7,0
9380,1,1,-45.163,29.087,-4.21,2.71,-4.21,2.72,INF,-1,1,7,0
9400,1,1,-60.734,25.425,-5.66,2.36,-5.65,2.38,INF,-1,1,7,0
9420,1,1,-59.365,24.031,-5.53,2.23,-5.53,2.24,INF,-1,1,7,0
9440,1,1,-59.874,22.432,-5.58,2.09,-5.57,2.10,INF,-1,0,7,0
9460,1,1,-60.348,20.871,-5.62,1.94,-5.62,1.95,INF,-1,0,7,0
9480,1,1,-58.964,23.360,-5.49,2.17,-5.49,2.18,INF,-1,0,7,0
9500,1,1,-58.699,24.603,-5.47,2.29,-5.47,2.30,INF,-1,0,7,0
9520,1,1,-59.330,20.765,-5.53,1.93,-5.53,1.94,INF,-1,0,7,0
9540,1,1,-59.014,20.935,-5.50,1.95,-5.50,1.96,INF,-1,0,7,0
9560,1,1,-59.529,21.594,-5.55,2.01,-5.54,2.02,INF,-1,0,7,0
9580,1,1,-60.149,21.511,-5.60,2.00,-5.60,2.01,INF,-1,0,7,0
9600,1,1,-60.096,23.364,-5.60,2.17,-5.60,2.18,INF,-1,0,7,0
9620,1,1,-61.551,21.304,-5.73,1.98,-5.73,1.99,INF,-1,0,7,0
9640,1,1,-62.057,21.407,-5.78,1.99,-5.78,2.00,INF,-1,0,7,0
9660,1,1,-60.734,22.070,-5.66,2.05,-5.65,2.06,INF,-1,0,7,0
9680,1,1,-60.794,21.051,-5.66,1.96,-5.66,1.97,INF,-1,1,7,0
9700,1,1,-62.090,23.134,-5.78,2.15,-5.78,2.16,INF,-1,1,7,0
9720,1,1,-61.500,21.725,-5.73,2.02,-5.73,2.03,INF,-1,1,7,0
9740,1,1,-60.285,21.706,-5.62,2.02,-5.61,2.03,INF,-1,1,7,0
9760,1,1,-61.300,21.732,-5.71,2.02,-5.71,2.03,INF,-1,1,7,0
9780,1,1,-60.093,21.833,-5.60,2.03,-5.60,2.04,INF,-1,1,7,0
9800,1,1,-60.765,21.513,-5.66,2.00,-5.66,2.01,INF,-1,1,7,0
9820,1,1,-59.501,21.208,-5.54,1.97,-5.54,1.98,INF,-1,1,7,0
9840,1,1,-59.930,22.321,-5.58,2.08,-5.58,2.09,INF,-1,1,7,0
9860,1,1,-59.263,22.877,-5.52,2.13,-5.52,2.14,INF,-1,1,7,0
9880,1,1,-60.094,21.958,-5.60,2.04,-5.60,2.05,INF,-1,1,7,0
9900,1,1,-60.676,20.495,-5.65,1.91,-5.65,1.91,INF,-1,1,7,0
9920,1,1,-59.457,22.103,-5.54,2.06,-5.54,2.07,INF,-1,1,7,0
9940,1,1,-59.605,21.743,-5.55,2.02,-5.55,2.03,INF,-1,1,7,0
9960,1,1,-59.008,20.996,-5.50,1.95,-5.50,1.96,INF,-1,1,7,0
9980,1,1,-59.803,22.407,-5.57,2.08,-5.57,2.09,INF,-1,1,7,0
10000,1,1,-45.233,53.417,-4.22,4.97,-4.20,4.98,INF,-1,1,7,0
10020,1,1,-42.957,53.544,-4.01,4.98,-3.99,4.99,INF,-1,1,7,0
10040,1,1,-43.195,51.811,-4.03,4.82,-4.02,4.83,INF,-1,0,7,0
10060,1,1,-44.582,52.307,-4.16,4.86,-4.14,4.88,INF,-1,0,7,0
10080,1,1,-42.439,52.385,-3.96,4.87,-3.95,4.88,INF,-1,0,7,0
10100,1,1,-45.237,51.023,-4.22,4.75,-4.21,4.76,INF,-1,0,7,0
10120,1,1,-43.823,51.956,-4.09,4.83,-4.07,4.84,INF,-1,0,7,0
10140,1,1,-44.208,53.030,-4.12,4.93,-4.11,4.94,INF,-1,0,7,0
10160,1,1,-40.725,46.665,-3.80,4.34,-3.79,4.35,INF,-1,0,7,0
10180,1,1,-38.932,46.717,-3.63,4.35,-3.62,4.36,INF,-1,0,7,0
10200,1,1,-39.629,44.375,-3.70,4.13,-3.69,4.14,INF,-1,0,7,0
10220,1,1,-39.255,45.026,-3.66,4.19,-3.65,4.20,INF,-1,0,7,0
10240,1,1,-38.869,43.390,-3.63,4.04,-3.62,4.05,INF,-1,0,7,0
10260,1,1,-39.386,43.672,-3.68,4.07,-3.67,4.07,INF,-1,0,7,0
10280,1,1,-38.603,43.924,-3.60,4.09,-3.59,4.10,INF,-1,1,7,0
10300,1,1,-38.907,43.854,-3.63,4.08,-3.62,4.09,INF,-1,1,7,0
10320,1,1,-38.190,43.727,-3.56,4.07,-3.56,4.08,INF,-1,1,7,0
10340,1,1,-39.465,42.049,-3.68,3.92,-3.68,3.92,INF,-1,1,7,0
10360,1,1,-39.464,40.788,-3.68,3.80,-3.68,3.81,INF,-1,1,7,0
10380,1,1,-38.921,43.510,-3.63,4.05,-3.62,4.06,INF,-1,1,7,0
10400,1,1,-38.500,42.680,-3.59,3.97,-3.59,3.98,INF,-1,1,7,0
10420,1,1,-37.207,42.574,-3.47,3.97,-3.47,3.97,INF,-1,1,7,0
10440,1,1,-39.727,41.873,-3.71,3.90,-3.70,3.91,INF,-1,1,7,0
10460,1,1,-21.096,24.358,-1.97,2.27,-1.97,2.28,INF,-1,1,7,0
10480,1,1,18.269,-9.847,1.71,-0.92,1.71,-0.92,INF,-1,1,7,0
10500,1,1,17.586,-10.436,1.64,-0.97,1.64,-0.98,INF,-1,0,7,0
10520,1,1,18.240,-10.739,1.70,-1.00,1.70,-1.00,INF,-1,0,7,0
10540,1,1,18.358,-9.898,1.72,-0.92,1.72,-0.93,INF,-1,0,7,0
10560,1,1,17.435,-11.053,1.63,-1.03,1.63,-1.03,INF,-1,0,7,0
10580,1,1,17.130,-11.686,1.60,-1.09,1.60,-1.09,INF,-1,0,7,0
10600,1,1,18.482,-8.999,1.73,-0.84,1.73,-0.84,INF,-1,0,7,0
10620,1,1,17.357,-11.108,1.62,-1.04,1.62,-1.04,INF,-1,0,7,0
10640,1,1,18.661,-9.662,1.74,-0.90,1.74,-0.90,INF,-1,0,7,0
10660,1,1,17.042,-11.307,1.59,-1.06,1.59,-1.06,INF,-1,0,7,0
10680,1,1,17.573,-10.324,1.64,-0.96,1.64,-0.96,INF,-1,0,7,0
10700,1,1,17.789,-10.031,1.66,-0.94,1.66,-0.94,INF,-1,0,7,0
10720,1,1,16.594,-10.248,1.55,-0.96,1.55,-0.96,INF,-1,0,7,0
10740,1,1,17.028,-8.999,1.59,-0.84,1.59,-0.84,INF,-1,0,7,0
10760,1,1,18.117,-7.252,1.69,-0.68,1.69,-0.68,INF,-1,1,7,0
10780,1,1,17.828,-11.492,1.67,-1.07,1.67,-1.07,INF,-1,1,7,0
10800,1,1,17.419,-10.419,1.63,-0.97,1.63,-0.97,INF,-1,1,7,0
10820,1,1,17.243,-9.043,1.61,-0.84,1.61,-0.85,INF,-1,1,7,0
10840,1,1,16.898,-8.656,1.58,-0.81,1.58,-0.81,INF,-1,1,7,0
10860,1,1,8.427,1.259,0.79,0.12,0.79,0.12,INF,-1,1,7,0
10880,1,1,-14.354,10.369,-1.34,0.97,-1.34,0.97,INF,-1,1,7,0
10900,1,1,-12.643,9.573,-1.18,0.89,-1.18,0.89,INF,-1,0,7,0
10920,1,1,-12.354,10.465,-1.15,0.98,-1.15,0.98,INF,-1,0,7,0
10940,1,1,-13.509,13.187,-1.26,1.23,-1.26,1.23,INF,-1,0,7,0
10960,1,1,-12.270,12.478,-1.15,1.17,-1.15,1.17,INF,-1,0,7,0
10980,1,1,-13.211,12.148,-1.23,1.13,-1.23,1.14,INF,-1,0,7,0
11000,1,1,-12.763,12.008,-1.19,1.12,-1.19,1.12,INF,-1,0,7,0
11020,1,1,-11.728,11.269,-1.10,1.05,-1.10,1.05,INF,-1,0,7,0
11040,1,1,-12.076,11.501,-1.13,1.07,-1.13,1.07,INF,-1,0,7,0
11060,1,1,-13.264,11.179,-1.24,1.04,-1.24,1.04,INF,-1,0,7,0
11080,1,1,-13.722,12.763,-1.28,1.19,-1.28,1.19,INF,-1,0,7,0
11100,1,1,-11.934,12.624,-1.12,1.18,-1.12,1.18,INF,-1,0,7,0
11120,1,1,-35.987,15.644,-3.36,1.46,-3.36,1.46,INF,-1,0,7,0
11140,1,1,-40.776,17.632,-3.81,1.64,-3.80,1.65,INF,-1,0,7,0
11160,1,1,-41.107,17.139,-3.84,1.60,-3.83,1.60,INF,-1,0,7,0
11180,1,1,-41.183,16.149,-3.84,1.51,-3.84,1.51,INF,-1,0,7,0
11200,1,1,-41.194,16.589,-3.84,1.55,-3.84,1.55,INF,-1,0,7,0
11220,1,1,-41.258,16.847,-3.85,1.57,-3.85,1.57,INF,-1,0,7,0
11240,1,1,-41.375,16.131,-3.86,1.50,-3.86,1.51,INF,-1,0,7,0
11260,1,1,-40.166,16.430,-3.75,1.53,-3.75,1.54,INF,-1,0,7,0
11280,1,1,-40.943,16.593,-3.82,1.55,-3.82,1.55,INF,-1,0,7,0
11300,1,1,-39.951,15.687,-3.73,1.46,-3.73,1.47,INF,-1,0,7,0
11320,1,1,-41.216,15.412,-3.85,1.44,-3.85,1.44,INF,-1,1,7,0
11340,1,1,-40.705,16.346,-3.80,1.52,-3.80,1.53,INF,-1,1,7,0
11360,1,1,-39.793,16.539,-3.71,1.54,-3.71,1.55,INF,-1,1,7,0
11380,1,1,-40.871,15.713,-3.81,1.47,-3.81,1.47,INF,-1,1,7,0
11400,1,1,-40.187,17.716,-3.75,1.65,-3.75,1.66,INF,-1,1,7,0
11420,1,1,-46.208,12.203,-4.31,1.14,-4.31,1.14,INF,-1,1,7,0
11440,1,1,-46.999,5.081,-4.38,0.47,-4.38,0.47,INF,-1,1,7,0
11460,1,1,-46.692,6.292,-4.36,0.59,-4.36,0.59,INF,-1,0,7,0
11480,1,1,-46.402,5.989,-4.33,0.56,-4.33,0.56,INF,-1,0,7,0
11500,1,1,-45.629,6.555,-4.26,0.61,-4.26,0.61,INF,-1,0,7,0
11520,1,1,-46.894,6.160,-4.37,0.57,-4.37,0.58,INF,-1,0,7,0
11540,1,1,-46.999,7.501,-4.38,0.70,-4.38,0.70,INF,-1,0,7,0
11560,1,1,-47.480,6.514,-4.43,0.61,-4.43,0.61,INF,-1,0,7,0
11580,1,1,-46.913,5.293,-4.38,0.49,-4.38,0.49,INF,-1,0,7,0
11600,1,1,-46.251,5.228,-4.31,0.49,-4.31,0.49,INF,-1,0,7,0
11620,1,1,-44.735,6.408,-4.17,0.60,-4.17,0.60,INF,-1,0,7,0
11640,1,1,-44.054,5.200,-4.11,0.48,-4.11,0.49,INF,-1,0,7,0
11660,1,1,-44.963,7.602,-4.20,0.71,-4.19,0.71,INF,-1,0,7,0
11680,1,1,-44.124,4.926,-4.12,0.46,-4.12,0.46,INF,-1,0,7,0
11700,1,1,-45.567,6.268,-4.25,0.58,-4.25,0.59,INF,-1,1,7,0
11720,1,1,-44.977,5.259,-4.20,0.49,-4.20,0.49,INF,-1,1,7,0
11740,1,1,-45.088,5.667,-4.21,0.53,-4.21,0.53,INF,-1,1,7,0
11760,1,1,-45.641,6.403,-4.26,0.60,-4.26,0.60,INF,-1,1,7,0
11780,1,1,-45.572,5.091,-4.25,0.47,-4.25,0.48,INF,-1,1,7,0
11800,1,1,-46.161,5.597,-4.31,0.52,-4.31,0.52,INF,-1,1,7,0
11820,1,1,-45.055,7.362,-4.20,0.69,-4.20,0.69,INF,-1,1,7,0
11840,1,1,-43.894,7.781,-4.10,0.73,-4.10,0.73,INF,-1,1,7,0
11860,1,1,-44.459,6.245,-4.15,0.58,-4.15,0.58,INF,-1,1,7,0
11880,1,1,-48.930,0.068,-4.56,0.01,-4.56,0.01,INF,-1,1,7,0
11900,1,1,-48.448,-1.861,-4.52,-0.17,-4.52,-0.17,INF,-1,1,7,0
11920,1,1,-49.599,-2.347,-4.63,-0.22,-4.63,-0.22,INF,-1,1,7,0
11940,1,1,-48.941,-1.332,-4.56,-0.12,-4.56,-0.12,INF,-1,1,7,0
11960,1,1,-49.189,-2.179,-4.59,-0.20,-4.59,-0.20,INF,-1,1,7,0
11980,1,1,-49.481,-2.016,-4.61,-0.19,-4.61,-0.19,INF,-1,1,7,0
12000,1,1,-49.691,-2.379,-4.63,-0.22,-4.63,-0.22,INF,-1,1,7,0
12020,1,1,-48.423,-1.036,-4.52,-0.10,-4.52,-0.10,INF,-1,1,7,0
12040,1,1,-47.101,-2.517,-4.39,-0.23,-4.39,-0.24,INF,-1,1,7,0
12060,1,1,-47.233,-2.615,-4.41,-0.24,-4.41,-0.24,INF,-1,1,7,0
12080,1,1,-46.691,-2.994,-4.36,-0.28,-4.36,-0.28,INF,-1,1,7,0
12100,1,1,-47.741,-3.123,-4.45,-0.29,-4.45,-0.29,INF,-1,1,7,0
12120,1,1,-46.757,-2.969,-4.36,-0.28,-4.36,-0.28,INF,-1,1,7,0
12140,1,1,-44.428,11.654,-4.15,1.09,-4.14,1.09,INF,-1,1,7,0
12160,1,1,-46.851,11.602,-4.37,1.08,-4.37,1.08,INF,-1,1,7,0
12180,1,1,-46.548,13.034,-4.34,1.21,-4.34,1.22,INF,-1,1,7,0
12200,1,1,-46.923,11.289,-4.38,1.05,-4.38,1.05,INF,-1,1,7,0
12220,1,1,-47.728,11.089,-4.45,1.03,-4.45,1.04,INF,-1,1,7,0
12240,1,1,-44.472,12.785,-4.15,1.19,-4.15,1.19,INF,-1,1,7,0
12260,1,1,-46.409,12.214,-4.33,1.14,-4.33,1.14,INF,-1,1,7,0
12280,1,1,-46.143,11.633,-4.30,1.08,-4.30,1.09,INF,-1,1,7,0
12300,1,1,-48.407,13.895,-4.52,1.29,-4.51,1.30,INF,-1,1,7,0
12320,1,1,-46.555,11.561,-4.34,1.08,-4.34,1.08,INF,-1,1,7,0
12340,1,1,-47.347,10.567,-4.42,0.98,-4.42,0.99,INF,-1,1,7,0
12360,1,1,-46.401,9.996,-4.33,0.93,-4.33,0.93,INF,-1,1,7,0
12380,1,1,-46.799,10.930,-4.37,1.02,-4.37,1.02,INF,-1,1,7,0
12400,1,1,-46.370,11.622,-4.33,1.08,-4.33,1.09,INF,-1,1,7,0
12420,1,1,-46.679,8.472,-4.35,0.79,-4.35,0.79,INF,-1,1,7,0
12440,1,1,-46.210,8.963,-4.31,0.84,-4.31,0.84,INF,-1,1,7,0
12460,1,1,-48.886,9.682,-4.56,0.90,-4.56,0.90,INF,-1,1,7,0
12480,1,1,-19.454,7.534,-1.82,0.70,-1.82,0.70,INF,-1,1,7,0
12500,1,1,-23.295,9.553,-2.18,0.89,-2.18,0.89,INF,-1,1,7,0
12520,1,1,-22.550,8.609,-2.11,0.80,-2.11,0.80,INF,-1,0,7,0
12540,1,1,-22.405,9.344,-2.09,0.87,-2.09,0.87,INF,-1,0,7,0
12560,1,1,-22.947,9.052,-2.14,0.85,-2.14,0.85,INF,-1,0,7,0
12580,1,1,-23.808,7.709,-2.22,0.72,-2.22,0.72,INF,-1,0,7,0
12600,1,1,-23.220,8.143,-2.17,0.76,-2.17,0.76,INF,-1,0,7,0
12620,1,1,-22.661,8.842,-2.12,0.83,-2.12,0.83,INF,-1,0,7,0
12640,1,1,-24.518,9.390,-2.29,0.88,-2.29,0.88,INF,-1,0,7,0
12660,1,1,-23.655,9.902,-2.21,0.92,-2.21,0.93,INF,-1,0,7,0
12680,1,1,-23.598,9.752,-2.20,0.91,-2.20,0.91,INF,-1,0,7,0
12700,1,1,-23.964,9.229,-2.24,0.86,-2.24,0.86,INF,-1,0,7,0
12720,1,1,-23.993,9.274,-2.24,0.87,-2.24,0.87,INF,-1,0,7,0
12740,0,1,0.000,0.000,0.00,0.00,0.00,0.00,0.00,-1,0,7,0
12760,1,1,-4.433,28.465,-0.41,2.66,-0.41,2.66,INF,-1,1,7,0
12780,1,1,-7.079,27.031,-0.66,2.52,-0.66,2.52,INF,-1,1,7,0
12800,1,1,-7.768,26.272,-0.73,2.45,-0.73,2.45,INF,-1,1,7,0
12820,1,1,-7.190,27.787,-0.67,2.60,-0.67,2.60,INF,-1,0,7,0
12840,1,1,-7.333,26.763,-0.69,2.50,-0.68,2.50,INF,-1,0,7,0
12860,1,1,-8.075,26.453,-0.75,2.47,-0.75,2.47,INF,-1,0,7,0
12880,1,1,-6.920,26.589,-0.65,2.48,-0.65,2.48,INF,-1,0,7,0
12900,1,1,-7.621,26.659,-0.71,2.49,-0.71,2.49,INF,-1,0,7,0
12920,1,1,-8.533,25.758,-0.80,2.41,-0.80,2.41,INF,-1,0,7,0
12940,1,1,-7.787,26.750,-0.73,2.50,-0.73,2.50,INF,-1,0,7,0
12960,1,1,-8.500,25.595,-0.79,2.39,-0.79,2.39,INF,-1,0,7,0
12980,1,1,-7.889,27.117,-0.74,2.53,-0.74,2.53,INF,-1,0,7,0
13000,1,1,29.350,20.988,2.74,1.96,2.74,1.96,INF,-1,0,7,0
13020,1,1,27.051,21.436,2.53,2.00,2.53,2.00,INF,-1,0,7,0
13040,1,1,27.416,22.689,2.56,2.12,2.56,2.12,INF,-1,0,7,0
13060,1,1,26.889,22.772,2.51,2.13,2.51,2.13,INF,-1,0,7,0
13080,1,1,27.122,22.651,2.53,2.11,2.53,2.12,INF,-1,0,7,0
13100,1,1,28.083,22.628,2.62,2.11,2.62,2.11,INF,-1,0,7,0
13120,1,1,28.068,22.019,2.62,2.05,2.62,2.06,INF,-1,0,7,0
13140,1,1,27.914,19.114,2.61,1.78,2.61,1.79,INF,-1,0,7,0
13160,1,1,28.277,22.492,2.64,2.10,2.64,2.10,INF,-1,0,7,0
13180,1,1,27.959,20.891,2.61,1.95,2.61,1.95,INF,-1,0,7,0
13200,1,1,27.258,18.601,2.55,1.74,2.54,1.74,INF,-1,1,7,0
13220,1,1,28.981,10.619,2.71,0.99,2.71,0.99,INF,-1,1,7,0
13240,1,1,28.991,12.767,2.71,1.19,2.71,1.19,INF,-1,1,7,0
13260,1,1,27.780,12.771,2.59,1.19,2.59,1.19,INF,-1,0,7,0
13280,1,1,30.375,15.301,2.84,1.43,2.84,1.43,INF,-1,0,7,0
13300,1,1,30.877,15.071,2.88,1.41,2.88,1.41,INF,-1,0,7,0
13320,1,1,30.249,13.542,2.83,1.26,2.82,1.27,INF,-1,0,7,0
13340,1,1,28.804,12.708,2.69,1.19,2.69,1.19,INF,-1,0,7,0
13360,1,1,30.327,14.314,2.83,1.34,2.83,1.34,INF,-1,0,7,0
13380,1,1,29.275,14.336,2.73,1.34,2.73,1.34,INF,-1,0,7,0
13400,1,1,29.981,13.834,2.80,1.29,2.80,1.29,INF,-1,0,7,0
13420,1,1,30.072,14.514,2.81,1.35,2.81,1.36,INF,-1,0,7,0
13440,1,1,29.007,12.502,2.71,1.17,2.71,1.17,INF,-1,0,7,0
13460,1,1,30.115,14.357,2.81,1.34,2.81,1.34,INF,-1,0,7,0
13480,1,1,30.170,12.052,2.82,1.12,2.82,1.13,INF,-1,0,7,0
13500,1,1,29.126,13.621,2.72,1.27,2.72,1.27,INF,-1,1,7,0
13520,1,1,29.590,14.399,2.76,1.34,2.76,1.35,INF,-1,1,7,0
13540,1,1,29.477,13.819,2.75,1.29,2.75,1.29,INF,-1,1,7,0
13560,1,1,29.046,16.425,2.71,1.53,2.71,1.53,INF,-1,1,7,0
13580,1,1,28.267,14.236,2.64,1.33,2.64,1.33,INF,-1,1,7,0
13600,1,1,28.132,15.304,2.63,1.43,2.63,1.43,INF,-1,1,7,0
13620,1,1,28.521,14.085,2.66,1.31,2.66,1.32,INF,-1,1,7,0
13640,1,1,27.032,11.663,2.52,1.09,2.52,1.09,INF,-1,1,7,0
13660,1,1,27.078,13.137,2.53,1.23,2.53,1.23,INF,-1,1,7,0
13680,1,1,28.293,11.720,2.64,1.09,2.64,1.10,INF,-1,1,7,0
13700,1,1,28.424,11.817,2.65,1.10,2.65,1.10,INF,-1,1,7,0
13720,1,1,27.974,11.373,2.61,1.06,2.61,1.06,INF,-1,1,7,0
13740,1,1,28.042,12.455,2.62,1.16,2.62,1.16,INF,-1,1,7,0
13760,1,1,28.368,12.054,2.65,1.13,2.65,1.13,INF,-1,1,7,0
13780,1,1,29.740,12.564,2.78,1.17,2.78,1.17,INF,-1,1,7,0
13800,1,1,29.580,10.324,2.76,0.96,2.76,0.96,INF,-1,1,7,0
13820,1,1,31.059,9.581,2.90,0.89,2.90,0.90,INF,-1,1,7,0
13840,1,1,29.903,12.440,2.79,1.16,2.79,1.16,INF,-1,1,7,0
13860,1,1,28.451,13.898,2.66,1.30,2.66,1.30,INF,-1,1,7,0
13880,1,1,29.594,12.754,2.76,1.19,2.76,1.19,INF,-1,1,7,0
13900,1,1,29.764,11.559,2.78,1.08,2.78,1.08,INF,-1,1,7,0
13920,1,1,29.401,10.288,2.75,0.96,2.75,0.96,INF,-1,1,7,0
13940,1,1,35.035,5.755,3.27,0.54,3.27,0.54,INF,-1,1,7,0
13960,1,1,35.265,6.467,3.29,0.60,3.29,0.60,INF,-1,1,7,0
13980,1,1,33.018,5.545,3.08,0.52,3.08,0.52,INF,-1,1,7,0
14000,1,1,35.122,6.488,3.28,0.61,3.28,0.61,INF,-1,1,7,0
14020,1,1,33.594,7.406,3.14,0.69,3.14,0.69,INF,-1,1,7,0
14040,1,1,34.949,7.830,3.26,0.73,3.26,0.73,INF,-1,1,7,0
14060,1,1,33.829,6.825,3.16,0.64,3.16,0.64,INF,-1,1,7,0
14080,1,1,33.427,5.405,3.12,0.50,3.12,0.51,INF,-1,1,7,0
14100,1,1,33.436,7.950,3.12,0.74,3.12,0.74,INF,-1,1,7,0
14120,1,1,37.043,8.177,3.46,0.76,3.46,0.76,INF,-1,1,7,0
14140,1,1,-17.994,-7.177,-1.68,-0.67,-1.68,-0.67,INF,-1,1,7,0
14160,1,1,-25.433,-12.198,-2.38,-1.14,-2.38,-1.14,INF,-1,1,7,0
14180,1,1,-23.472,-11.106,-2.19,-1.04,-2.19,-1.04,INF,-1,0,7,0
14200,1,1,-23.650,-9.034,-2.21,-0.84,-2.21,-0.84,INF,-1,0,7,0
14220,1,1,-25.619,-11.778,-2.39,-1.10,-2.39,-1.10,INF,-1,0,7,0
14240,1,1,-24.776,-13.078,-2.31,-1.22,-2.31,-1.22,INF,-1,0,7,0
14260,1,1,-24.868,-12.881,-2.32,-1.20,-2.32,-1.20,INF,-1,0,7,0
14280,1,1,-25.140,-13.568,-2.35,-1.27,-2.35,-1.27,INF,-1,0,7,0
14300,1,1,-24.087,-13.465,-2.25,-1.26,-2.25,-1.26,INF,-1,0,7,0
14320,1,1,-24.290,-13.798,-2.27,-1.29,-2.27,-1.29,INF,-1,0,7,0
14340,1,1,-24.419,-14.767,-2.28,-1.38,-2.28,-1.38,INF,-1,0,7,0
14360,1,1,-25.349,-14.250,-2.37,-1.33,-2.37,-1.33,INF,-1,0,7,0
14380,1,1,-24.809,-13.534,-2.32,-1.26,-2.32,-1.26,INF,-1,0,7,0
14400,1,1,-24.345,-13.369,-2.27,-1.25,-2.27,-1.25,INF,-1,0,7,0
14420,1,1,-23.089,-12.873,-2.16,-1.20,-2.16,-1.20,INF,-1,1,7,0
14440,1,1,-16.175,-33.521,-1.51,-3.13,-1.51,-3.13,INF,-1,1,7,0
14460,1,1,-14.584,-37.005,-1.36,-3.45,-1.36,-3.45,INF,-1,1,7,0
14480,1,1,-14.665,-35.411,-1.37,-3.31,-1.37,-3.31,INF,-1,0,7,0
14500,1,1,-13.816,-35.033,-1.29,-3.27,-1.29,-3.27,INF,-1,0,7,0
14520,1,1,-14.168,-35.160,-1.32,-3.28,-1.32,-3.28,INF,-1,0,7,0
14540,1,1,-15.315,-35.961,-1.43,-3.36,-1.43,-3.36,INF,-1,0,7,0
14560,1,1,-14.440,-37.430,-1.35,-3.49,-1.35,-3.49,INF,-1,0,7,0
14580,1,1,-13.323,-36.664,-1.25,-3.42,-1.24,-3.42,INF,-1,0,7,0
14600,1,1,-15.421,-35.888,-1.44,-3.35,-1.44,-3.35,INF,-1,0,7,0
14620,1,1,-14.454,-33.843,-1.35,-3.16,-1.35,-3.16,INF,-1,0,7,0
14640,1,1,-15.079,-35.055,-1.41,-3.27,-1.41,-3.27,INF,-1,0,7,0
14660,1,1,-15.864,-34.601,-1.48,-3.23,-1.48,-3.23,INF,-1,0,7,0
14680,1,1,-15.420,-36.592,-1.44,-3.42,-1.44,-3.42,INF,-1,0,7,0
14700,1,1,-15.682,-35.733,-1.47,-3.34,-1.46,-3.34,INF,-1,0,7,0
14720,1,1,-14.497,-35.874,-1.35,-3.35,-1.35,-3.35,INF,-1,1,7,0
14740,1,1,-14.676,-35.671,-1.37,-3.33,-1.37,-3.33,INF,-1,1,7,0
14760,1,1,-13.508,-34.188,-1.26,-3.19,-1.26,-3.19,INF,-1,1,7,0
14780,1,1,-0.498,-38.395,-0.05,-3.58,-0.05,-3.58,INF,-1,1,7,0
14800,1,1,49.439,-38.818,4.61,-3.61,4.60,-3.62,INF,-1,1,7,0
14820,1,1,45.039,-41.041,4.20,-3.82,4.19,-3.83,INF,-1,0,7,0
14840,1,1,47.281,-40.267,4.41,-3.75,4.40,-3.76,INF,-1,0,7,0
14860,1,1,45.929,-40.481,4.28,-3.77,4.28,-3.78,INF,-1,0,7,0
14880,1,1,45.737,-39.849,4.27,-3.71,4.26,-3.72,INF,-1,0,7,0
14900,1,1,44.501,-40.005,4.15,-3.72,4.14,-3.73,INF,-1,0,7,0
14920,1,1,45.500,-40.021,4.24,-3.73,4.24,-3.74,INF,-1,0,7,0
14940,1,1,45.388,-40.816,4.23,-3.80,4.23,-3.81,INF,-1,0,7,0
14960,1,1,45.513,-39.252,4.25,-3.65,4.24,-3.66,INF,-1,0,7,0
14980,1,1,45.191,-39.598,4.22,-3.69,4.21,-3.70,INF,-1,0,7,0
