"EyeTracker Toolbox version","3.250"
CalibrationParameters_A11,1.08195
CalibrationParameters_A12,0.09513
CalibrationParameters_A13,0.00604
CalibrationParameters_A21,0.07832
CalibrationParameters_A22,-1.12514
CalibrationParameters_A23,0.03560
CalibrationParameters_A31,0.00034
CalibrationParameters_A32,-0.00703
CalibrationParameters_E11,-0.17975
CalibrationParameters_E12,-0.00030
CalibrationParameters_E21,0.00011
CalibrationParameters_E22,0.19979
CalibrationParameters_X,-10.23336
CalibrationParameters_Y,-44.44646
CalibrationParameters_Rpc,70.96640
CalibrationParameters_MeanX,144.95404
CalibrationParameters_MeanY,76.45121
CalibrationParameters_ViewDist,613.00000
TimeStamp,Tracked,Calibrated,ScreenPositionXmm,ScreenPositionYmm,FicksLongitude,FicksLatitude,HelmholtzAzimuth,HelmholtzElevation,PupilDiameter,Region,Fixation,DigitalIO,Dropped
0,1,1,-32.257,-21.934,-3.01,-2.05,-3.01,-2.05,INF,-1,0,7,0
20,1,1,-31.744,-26.143,-2.96,-2.44,-2.96,-2.44,INF,-1,0,7,0
40,0,1,0.000,0.000,0.00,0.00,0.00,0.00,0.00,-1,0,7,0
60,0,1,0.000,0.000,0.00,0.00,0.00,0.00,0.00,-1,0,7,0
80,0,1,0.000,0.000,0.00,0.00,0.00,0.00,0.00,-1,0,7,0
100,0,1,0.000,0.000,0.00,0.00,0.00,0.00,0.00,-1,0,7,0
120,0,1,0.000,0.000,0.00,0.00,0.00,0.00,0.00,-1,0,7,0
140,0,1,0.000,0.000,0.00,0.00,0.00,0.00,0.00,-1,0,7,0
160,0,1,0.000,0.000,0.00,0.00,0.00,0.00,0.00,-1,0,7,0
180,0,1,0.000,0.000,0.00,0.00,0.00,0.00,0.00,-1,0,7,0
200,0,1,0.000,0.000,0.00,0.00,0.00,0.00,0.00,-1,0,7,0
220,0,1,0.000,0.000,0.00,0.00,0.00,0.00,0.00,-1,0,7,0
240,1,1,2.157,-83.942,0.20,-7.80,0.20,-7.80,INF,-1,0,7,0
260,1,1,-10.197,-24.658,-0.95,-2.30,-0.95,-2.30,INF,-1,0,7,0
280,1,1,-14.202,-16.900,-1.33,-1.58,-1.33,-1.58,INF,-1,0,7,0
300,1,1,-13.831,-17.855,-1.29,-1.67,-1.29,-1.67,INF,-1,0,7,0
320,1,1,-17.731,-18.100,-1.66,-1.69,-1.66,-1.69,INF,-1,0,7,0
340,1,1,-16.904,-19.187,-1.58,-1.79,-1.58,-1.79,INF,-1,0,7,0
360,1,1,-17.814,-19.511,-1.66,-1.82,-1.66,-1.82,INF,-1,0,7,0
380,1,1,-18.050,-19.697,-1.69,-1.84,-1.69,-1.84,INF,-1,0,7,0
400,1,1,-18.901,-19.326,-1.77,-1.80,-1.77,-1.81,INF,-1,0,7,0
420,1,1,-19.182,-19.565,-1.79,-1.83,-1.79,-1.83,INF,-1,0,7,0
440,1,1,-17.191,-19.765,-1.61,-1.85,-1.61,-1.85,INF,-1,0,7,0
460,1,1,-18.138,-19.943,-1.69,-1.86,-1.69,-1.86,INF,-1,0,7,0
480,1,1,-19.413,-21.307,-1.81,-1.99,-1.81,-1.99,INF,-1,0,7,0
500,1,1,-19.149,-20.507,-1.79,-1.92,-1.79,-1.92,INF,-1,0,7,0
520,1,1,-9.007,15.730,-0.84,1.47,-0.84,1.47,INF,-1,0,7,0
540,1,1,-11.639,3.795,-1.09,0.35,-1.09,0.35,INF,-1,1,7,0
560,1,1,-11.931,3.625,-1.12,0.34,-1.12,0.34,INF,-1,0,7,0
580,1,1,-11.921,4.962,-1.11,0.46,-1.11,0.46,INF,-1,0,7,0
600,1,1,-12.246,2.837,-1.14,0.27,-1.14,0.27,INF,-1,0,7,0
620,1,1,-12.714,3.555,-1.19,0.33,-1.19,0.33,INF,-1,0,7,0
640,1,1,-10.991,3.947,-1.03,0.37,-1.03,0.37,INF,-1,0,7,0
660,1,1,-11.294,3.877,-1.06,0.36,-1.06,0.36,INF,-1,0,7,0
680,1,1,-11.264,5.557,-1.05,0.52,-1.05,0.52,INF,-1,0,7,0
700,1,1,-10.576,4.887,-0.99,0.46,-0.99,0.46,INF,-1,0,7,0
720,1,1,-10.420,3.848,-0.97,0.36,-0.97,0.36,INF,-1,0,7,0
740,1,1,-10.475,5.465,-0.98,0.51,-0.98,0.51,INF,-1,0,7,0
760,1,1,-10.529,4.337,-0.98,0.41,-0.98,0.41,INF,-1,0,7,0
780,1,1,-9.310,4.691,-0.87,0.44,-0.87,0.44,INF,-1,0,7,0
800,1,1,1.612,6.642,0.15,0.62,0.15,0.62,INF,-1,0,7,0
820,1,1,-0.414,5.998,-0.04,0.56,-0.04,0.56,INF,-1,1,7,0
840,1,1,0.511,6.951,0.05,0.65,0.05,0.65,INF,-1,1,7,0
860,1,1,1.459,5.982,0.14,0.56,0.14,0.56,INF,-1,1,7,0
880,1,1,1.016,6.286,0.09,0.59,0.09,0.59,INF,-1,0,7,0
900,1,1,-0.043,6.402,0.00,0.60,0.00,0.60,INF,-1,0,7,0
920,1,1,-0.480,6.251,-0.04,0.58,-0.04,0.58,INF,-1,0,7,0
940,1,1,0.322,5.583,0.03,0.52,0.03,0.52,INF,-1,0,7,0
960,1,1,-0.215,5.487,-0.02,0.51,-0.02,0.51,INF,-1,0,7,0
980,1,1,-2.832,4.193,-0.26,0.39,-0.26,0.39,INF,-1,0,7,0
1000,1,1,-7.345,4.231,-0.69,0.40,-0.69,0.40,INF,-1,0,7,0
1020,1,1,-6.618,3.901,-0.62,0.36,-0.62,0.36,INF,-1,0,7,0
1040,1,1,-6.740,4.619,-0.63,0.43,-0.63,0.43,INF,-1,0,7,0
1060,1,1,-6.688,3.827,-0.63,0.36,-0.63,0.36,INF,-1,0,7,0
1080,1,1,-5.635,4.161,-0.53,0.39,-0.53,0.39,INF,-1,0,7,0
1100,1,1,-6.146,5.797,-0.57,0.54,-0.57,0.54,INF,-1,0,7,0
1120,1,1,-5.449,4.454,-0.51,0.42,-0.51,0.42,INF,-1,1,7,0
1140,1,1,-4.969,5.038,-0.46,0.47,-0.46,0.47,INF,-1,1,7,0
1160,1,1,-5.895,4.927,-0.55,0.46,-0.55,0.46,INF,-1,1,7,0
1180,1,1,-5.158,3.788,-0.48,0.35,-0.48,0.35,INF,-1,1,7,0
1200,1,1,-5.343,5.273,-0.50,0.49,-0.50,0.49,INF,-1,1,7,0
1220,1,1,-6.164,4.518,-0.58,0.42,-0.58,0.42,INF,-1,1,7,0
1240,1,1,-6.046,3.667,-0.57,0.34,-0.57,0.34,INF,-1,1,7,0
1260,1,1,-5.933,4.083,-0.55,0.38,-0.55,0.38,INF,-1,1,7,0
1280,1,1,-5.345,5.673,-0.50,0.53,-0.50,0.53,INF,-1,1,7,0
1300,1,1,-5.852,3.569,-0.55,0.33,-0.55,0.33,INF,-1,1,7,0
1320,1,1,-6.972,3.874,-0.65,0.36,-0.65,0.36,INF,-1,1,7,0
1340,1,1,-5.331,4.917,-0.50,0.46,-0.50,0.46,INF,-1,1,7,0
1360,1,1,0.685,5.755,0.06,0.54,0.06,0.54,INF,-1,1,7,0
1380,1,1,-1.054,5.300,-0.10,0.50,-0.10,0.50,INF,-1,1,7,0
1400,1,1,-0.864,6.739,-0.08,0.63,-0.08,0.63,INF,-1,1,7,0
1420,1,1,0.483,6.158,0.05,0.58,0.05,0.58,INF,-1,1,7,0
1440,1,1,-0.332,5.589,-0.03,0.52,-0.03,0.52,INF,-1,1,7,0
1460,1,1,1.179,4.079,0.11,0.38,0.11,0.38,INF,-1,1,7,0
1480,1,1,-0.007,4.415,0.00,0.41,0.00,0.41,INF,-1,1,7,0
1500,1,1,0.489,5.205,0.05,0.49,0.05,0.49,INF,-1,1,7,0
1520,1,1,1.372,5.715,0.13,0.53,0.13,0.53,INF,-1,1,7,0
1540,1,1,-0.839,3.585,-0.08,0.34,-0.08,0.34,INF,-1,1,7,0
1560,1,1,36.577,8.472,3.41,0.79,3.41,0.79,INF,-1,1,7,0
1580,1,1,25.197,7.904,2.35,0.74,2.35,0.74,INF,-1,1,7,0
1600,1,1,24.411,7.904,2.28,0.74,2.28,0.74,INF,-1,0,7,0
1620,1,1,25.525,8.388,2.38,0.78,2.38,0.78,INF,-1,0,7,0
1640,1,1,25.511,9.143,2.38,0.85,2.38,0.85,INF,-1,0,7,0
1660,1,1,25.708,9.661,2.40,0.90,2.40,0.90,INF,-1,0,7,0
1680,1,1,25.519,9.158,2.38,0.86,2.38,0.86,INF,-1,0,7,0
1700,1,1,26.030,8.501,2.43,0.79,2.43,0.79,INF,-1,0,7,0
1720,1,1,25.273,7.500,2.36,0.70,2.36,0.70,INF,-1,0,7,0
1740,1,1,26.312,7.614,2.46,0.71,2.46,0.71,INF,-1,0,7,0
1760,1,1,26.789,9.741,2.50,0.91,2.50,0.91,INF,-1,0,7,0
1780,1,1,26.488,7.924,2.47,0.74,2.47,0.74,INF,-1,0,7,0
1800,1,1,26.389,8.553,2.47,0.80,2.46,0.80,INF,-1,0,7,0
1820,1,1,25.732,7.614,2.40,0.71,2.40,0.71,INF,-1,0,7,0
1840,1,1,24.947,6.046,2.33,0.56,2.33,0.57,INF,-1,0,7,0
1860,1,1,25.077,7.361,2.34,0.69,2.34,0.69,INF,-1,1,7,0
1880,1,1,26.061,7.739,2.43,0.72,2.43,0.72,INF,-1,1,7,0
1900,1,1,26.515,7.253,2.48,0.68,2.48,0.68,INF,-1,1,7,0
1920,1,1,24.820,6.941,2.32,0.65,2.32,0.65,INF,-1,1,7,0
1940,1,1,17.894,7.420,1.67,0.69,1.67,0.69,INF,-1,1,7,0
1960,1,1,19.015,6.474,1.78,0.60,1.78,0.61,INF,-1,1,7,0
1980,1,1,17.921,7.997,1.67,0.75,1.67,0.75,INF,-1,1,7,0
2000,1,1,18.380,7.087,1.72,0.66,1.72,0.66,INF,-1,1,7,0
2020,1,1,19.124,7.861,1.79,0.73,1.79,0.73,INF,-1,1,7,0
2040,1,1,18.574,7.734,1.74,0.72,1.74,0.72,INF,-1,1,7,0
2060,1,1,18.592,8.154,1.74,0.76,1.74,0.76,INF,-1,1,7,0
2080,1,1,19.689,7.080,1.84,0.66,1.84,0.66,INF,-1,1,7,0
2100,1,1,19.077,5.817,1.78,0.54,1.78,0.54,INF,-1,1,7,0
2120,1,1,18.906,7.483,1.77,0.70,1.77,0.70,INF,-1,1,7,0
2140,1,1,19.768,7.218,1.85,0.67,1.85,0.67,INF,-1,1,7,0
2160,1,1,18.672,6.218,1.74,0.58,1.74,0.58,INF,-1,1,7,0
2180,1,1,18.491,5.966,1.73,0.56,1.73,0.56,INF,-1,1,7,0
2200,1,1,18.794,3.380,1.76,0.32,1.76,0.32,INF,-1,1,7,0
2220,1,1,19.325,4.727,1.81,0.44,1.81,0.44,INF,-1,1,7,0
2240,1,1,-8.549,4.526,-0.80,0.42,-0.80,0.42,INF,-1,1,7,0
2260,1,1,-5.035,4.797,-0.47,0.45,-0.47,0.45,INF,-1,1,7,0
2280,1,1,-5.996,4.316,-0.56,0.40,-0.56,0.40,INF,-1,0,7,0
2300,1,1,-6.144,4.547,-0.57,0.42,-0.57,0.42,INF,-1,0,7,0
2320,1,1,-6.923,3.259,-0.65,0.30,-0.65,0.30,INF,-1,0,7,0
2340,1,1,-6.281,4.775,-0.59,0.45,-0.59,0.45,INF,-1,0,7,0
2360,1,1,-6.288,4.033,-0.59,0.38,-0.59,0.38,INF,-1,0,7,0
2380,1,1,-5.628,5.308,-0.53,0.50,-0.53,0.50,INF,-1,0,7,0
2400,1,1,-5.581,4.976,-0.52,0.47,-0.52,0.47,INF,-1,0,7,0
2420,1,1,-7.025,7.149,-0.66,0.67,-0.66,0.67,INF,-1,0,7,0
2440,1,1,-10.691,6.221,-1.00,0.58,-1.00,0.58,INF,-1,0,7,0
2460,1,1,-8.740,8.273,-0.82,0.77,-0.82,0.77,INF,-1,0,7,0
2480,1,1,-9.505,6.572,-0.89,0.61,-0.89,0.61,INF,-1,0,7,0
2500,1,1,-8.868,6.830,-0.83,0.64,-0.83,0.64,INF,-1,0,7,0
2520,1,1,-9.336,6.444,-0.87,0.60,-0.87,0.60,INF,-1,1,7,0
2540,1,1,-8.957,6.325,-0.84,0.59,-0.84,0.59,INF,-1,1,7,0
2560,1,1,-9.418,6.379,-0.88,0.60,-0.88,0.60,INF,-1,1,7,0
2580,1,1,-9.082,5.365,-0.85,0.50,-0.85,0.50,INF,-1,1,7,0
2600,1,1,-9.839,4.873,-0.92,0.46,-0.92,0.46,INF,-1,1,7,0
2620,1,1,-8.995,5.212,-0.84,0.49,-0.84,0.49,INF,-1,1,7,0
2640,1,1,-4.433,-0.228,-0.41,-0.02,-0.41,-0.02,INF,-1,1,7,0
2660,1,1,20.897,9.626,1.95,0.90,1.95,0.90,INF,-1,1,7,0
2680,1,1,18.817,8.809,1.76,0.82,1.76,0.82,INF,-1,1,7,0
2700,1,1,19.553,8.321,1.83,0.78,1.83,0.78,INF,-1,0,7,0
2720,1,1,19.770,9.402,1.85,0.88,1.85,0.88,INF,-1,0,7,0
2740,1,1,19.801,9.478,1.85,0.89,1.85,0.89,INF,-1,0,7,0
2760,1,1,20.413,10.407,1.91,0.97,1.91,0.97,INF,-1,0,7,0
2780,1,1,20.259,9.710,1.89,0.91,1.89,0.91,INF,-1,0,7,0
2800,1,1,20.449,9.142,1.91,0.85,1.91,0.85,INF,-1,0,7,0
2820,1,1,20.562,7.804,1.92,0.73,1.92,0.73,INF,-1,0,7,0
2840,1,1,20.705,7.527,1.93,0.70,1.93,0.70,INF,-1,0,7,0
2860,1,1,21.249,5.755,1.99,0.54,1.99,0.54,INF,-1,0,7,0
2880,1,1,19.809,7.226,1.85,0.68,1.85,0.68,INF,-1,0,7,0
2900,1,1,22.166,7.585,2.07,0.71,2.07,0.71,INF,-1,0,7,0
2920,1,1,21.093,6.474,1.97,0.60,1.97,0.61,INF,-1,0,7,0
2940,1,1,22.448,7.879,2.10,0.74,2.10,0.74,INF,-1,1,7,0
2960,1,1,21.519,7.269,2.01,0.68,2.01,0.68,INF,-1,1,7,0
2980,1,1,22.393,6.003,2.09,0.56,2.09,0.56,INF,-1,1,7,0
3000,1,1,12.003,-25.302,1.12,-2.36,1.12,-2.36,INF,-1,1,7,0
3020,1,1,17.416,-25.253,1.63,-2.36,1.63,-2.36,INF,-1,1,7,0
3040,1,1,17.359,-26.121,1.62,-2.44,1.62,-2.44,INF,-1,0,7,0
3060,1,1,17.200,-26.610,1.61,-2.48,1.61,-2.49,INF,-1,0,7,0
3080,1,1,17.837,-27.143,1.67,-2.53,1.67,-2.54,INF,-1,0,7,0
3100,1,1,17.897,-28.867,1.67,-2.69,1.67,-2.70,INF,-1,0,7,0
3120,1,1,18.765,-27.993,1.75,-2.61,1.75,-2.61,INF,-1,0,7,0
3140,1,1,18.850,-27.542,1.76,-2.57,1.76,-2.57,INF,-1,0,7,0
3160,1,1,18.055,-27.308,1.69,-2.55,1.69,-2.55,INF,-1,0,7,0
3180,1,1,17.749,-29.147,1.66,-2.72,1.66,-2.72,INF,-1,0,7,0
3200,1,1,17.608,-29.543,1.65,-2.76,1.64,-2.76,INF,-1,0,7,0
3220,1,1,18.642,-28.212,1.74,-2.63,1.74,-2.64,INF,-1,0,7,0
3240,1,1,18.623,-29.307,1.74,-2.74,1.74,-2.74,INF,-1,0,7,0
3260,1,1,17.968,-28.858,1.68,-2.69,1.68,-2.70,INF,-1,0,7,0
3280,1,1,17.691,-29.104,1.65,-2.72,1.65,-2.72,INF,-1,1,7,0
3300,1,1,18.116,-30.167,1.69,-2.82,1.69,-2.82,INF,-1,1,7,0
3320,1,1,17.185,-29.297,1.61,-2.74,1.60,-2.74,INF,-1,1,7,0
3340,1,1,19.412,-29.267,1.81,-2.73,1.81,-2.73,INF,-1,1,7,0
3360,1,1,18.326,-30.188,1.71,-2.82,1.71,-2.82,INF,-1,1,7,0
3380,1,1,18.530,-29.097,1.73,-2.72,1.73,-2.72,INF,-1,1,7,0
3400,1,1,18.851,-28.979,1.76,-2.71,1.76,-2.71,INF,-1,1,7,0
3420,1,1,18.903,-29.359,1.77,-2.74,1.76,-2.74,INF,-1,1,7,0
3440,1,1,18.894,-30.873,1.77,-2.88,1.76,-2.88,INF,-1,1,7,0
3460,1,1,8.888,-31.676,0.83,-2.96,0.83,-2.96,INF,-1,1,7,0
3480,1,1,5.276,-31.239,0.49,-2.92,0.49,-2.92,INF,-1,1,7,0
3500,1,1,5.171,-30.487,0.48,-2.85,0.48,-2.85,INF,-1,1,7,0
3520,1,1,5.673,-31.442,0.53,-2.94,0.53,-2.94,INF,-1,0,7,0
3540,1,1,4.824,-30.460,0.45,-2.84,0.45,-2.84,INF,-1,0,7,0
3560,1,1,5.230,-30.429,0.49,-2.84,0.49,-2.84,INF,-1,0,7,0
3580,1,1,5.106,-31.619,0.48,-2.95,0.48,-2.95,INF,-1,0,7,0
3600,1,1,5.266,-31.726,0.49,-2.96,0.49,-2.96,INF,-1,0,7,0
3620,1,1,5.326,-31.220,0.50,-2.92,0.50,-2.92,INF,-1,0,7,0
3640,1,1,5.649,-31.544,0.53,-2.95,0.53,-2.95,INF,-1,0,7,0
3660,1,1,6.605,-32.974,0.62,-3.08,0.62,-3.08,INF,-1,0,7,0
3680,1,1,-14.110,0.447,-1.32,0.04,-1.32,0.04,INF,-1,0,7,0
3700,1,1,-10.366,-0.198,-0.97,-0.02,-0.97,-0.02,INF,-1,0,7,0
3720,1,1,-9.894,0.134,-0.92,0.01,-0.92,0.01,INF,-1,0,7,0
3740,1,1,-11.511,-0.228,-1.08,-0.02,-1.08,-0.02,INF,-1,0,7,0
3760,1,1,-12.203,-0.260,-1.14,-0.02,-1.14,-0.02,INF,-1,0,7,0
3780,1,1,-12.003,0.904,-1.12,0.08,-1.12,0.08,INF,-1,0,7,0
3800,1,1,-11.147,0.665,-1.04,0.06,-1.04,0.06,INF,-1,0,7,0
3820,1,1,-10.715,-0.416,-1.00,-0.04,-1.00,-0.04,INF,-1,0,7,0
3840,1,1,-10.996,-1.753,-1.03,-0.16,-1.03,-0.16,INF,-1,0,7,0
3860,1,1,-11.868,-0.466,-1.11,-0.04,-1.11,-0.04,INF,-1,0,7,0
3880,1,1,-12.383,2.001,-1.16,0.19,-1.16,0.19,INF,-1,0,7,0
3900,1,1,-14.900,2.191,-1.39,0.20,-1.39,0.20,INF,-1,0,7,0
3920,1,1,-13.467,1.826,-1.26,0.17,-1.26,0.17,INF,-1,0,7,0
3940,1,1,-14.025,2.024,-1.31,0.19,-1.31,0.19,INF,-1,0,7,0
3960,1,1,-14.206,0.386,-1.33,0.04,-1.33,0.04,INF,-1,1,7,0
3980,1,1,-14.625,1.131,-1.37,0.11,-1.37,0.11,INF,-1,1,7,0
4000,1,1,-14.962,0.534,-1.40,0.05,-1.40,0.05,INF,-1,1,7,0
4020,1,1,-13.684,1.700,-1.28,0.16,-1.28,0.16,INF,-1,1,7,0
4040,1,1,-14.201,1.652,-1.33,0.15,-1.33,0.15,INF,-1,1,7,0
4060,1,1,-15.701,1.352,-1.47,0.13,-1.47,0.13,INF,-1,1,7,0
4080,1,1,-28.311,0.130,-2.64,0.01,-2.64,0.01,INF,-1,1,7,0
4100,1,1,-26.249,0.958,-2.45,0.09,-2.45,0.09,INF,-1,1,7,0
4120,1,1,-27.048,1.107,-2.53,0.10,-2.53,0.10,INF,-1,0,7,0
4140,1,1,-28.022,0.674,-2.62,0.06,-2.62,0.06,INF,-1,0,7,0
4160,1,1,-27.927,2.175,-2.61,0.20,-2.61,0.20,INF,-1,0,7,0
4180,1,1,-27.189,0.187,-2.54,0.02,-2.54,0.02,INF,-1,0,7,0
4200,1,1,-27.891,1.536,-2.61,0.14,-2.61,0.14,INF,-1,0,7,0
4220,1,1,-28.365,-0.085,-2.65,-0.01,-2.65,-0.01,INF,-1,0,7,0
4240,1,1,-27.798,0.174,-2.60,0.02,-2.60,0.02,INF,-1,0,7,0
4260,1,1,-27.032,-0.262,-2.52,-0.02,-2.52,-0.02,INF,-1,0,7,0
4280,1,1,-57.408,-12.817,-5.35,-1.19,-5.35,-1.20,INF,-1,0,7,0
4300,1,1,-55.922,-13.067,-5.21,-1.22,-5.21,-1.22,INF,-1,0,7,0
4320,1,1,-55.870,-12.730,-5.21,-1.18,-5.21,-1.19,INF,-1,0,7,0
4340,1,1,-55.729,-12.734,-5.19,-1.19,-5.19,-1.19,INF,-1,0,7,0
4360,1,1,-55.332,-13.478,-5.16,-1.25,-5.16,-1.26,INF,-1,0,7,0
4380,1,1,-56.454,-13.726,-5.26,-1.28,-5.26,-1.28,INF,-1,0,7,0
4400,1,1,-56.258,-13.993,-5.24,-1.30,-5.24,-1.31,INF,-1,0,7,0
4420,1,1,-55.701,-13.118,-5.19,-1.22,-5.19,-1.23,INF,-1,0,7,0
4440,1,1,-54.769,-13.759,-5.11,-1.28,-5.10,-1.29,INF,-1,0,7,0
4460,1,1,-55.153,-14.864,-5.14,-1.38,-5.14,-1.39,INF,-1,0,7,0
4480,1,1,-55.121,-15.066,-5.14,-1.40,-5.14,-1.41,INF,-1,0,7,0
4500,1,1,-55.991,-14.517,-5.22,-1.35,-5.22,-1.36,INF,-1,1,7,0
4520,1,1,-56.657,-15.407,-5.28,-1.43,-5.28,-1.44,INF,-1,1,7,0
4540,1,1,-55.662,-16.370,-5.19,-1.52,-5.19,-1.53,INF,-1,1,7,0
4560,1,1,-69.109,-38.987,-6.43,-3.62,-6.42,-3.64,INF,-1,1,7,0
4580,1,1,-63.173,-39.850,-5.88,-3.70,-5.87,-3.72,INF,-1,1,7,0
4600,1,1,-64.564,-39.029,-6.01,-3.62,-6.00,-3.64,INF,-1,0,7,0
4620,1,1,-63.903,-40.356,-5.95,-3.75,-5.94,-3.77,INF,-1,0,7,0
4640,1,1,-63.699,-39.197,-5.93,-3.64,-5.92,-3.66,INF,-1,0,7,0
4660,1,1,-63.531,-39.532,-5.92,-3.67,-5.90,-3.69,INF,-1,0,7,0
4680,1,1,-64.606,-39.786,-6.02,-3.69,-6.00,-3.71,INF,-1,0,7,0
4700,1,1,-64.302,-40.003,-5.99,-3.71,-5.98,-3.73,INF,-1,0,7,0
4720,1,1,-62.721,-39.676,-5.84,-3.68,-5.83,-3.70,INF,-1,0,7,0
4740,1,1,-63.884,-39.023,-5.95,-3.62,-5.94,-3.64,INF,-1,0,7,0
4760,1,1,-62.744,-39.645,-5.84,-3.68,-5.83,-3.70,INF,-1,0,7,0
4780,1,1,-63.025,-40.077,-5.87,-3.72,-5.86,-3.74,INF,-1,0,7,0
4800,1,1,-62.990,-39.236,-5.87,-3.64,-5.86,-3.66,INF,-1,0,7,0
4820,1,1,-63.699,-39.778,-5.93,-3.69,-5.92,-3.71,INF,-1,0,7,0
4840,1,1,-63.896,-39.378,-5.95,-3.66,-5.94,-3.68,INF,-1,1,7,0
4860,1,1,-58.681,-39.141,-5.47,-3.64,-5.46,-3.65,INF,-1,1,7,0
4880,1,1,-60.126,-39.612,-5.60,-3.68,-5.59,-3.70,INF,-1,1,7,0
4900,1,1,-59.030,-39.874,-5.50,-3.70,-5.49,-3.72,INF,-1,1,7,0
4920,1,1,-59.090,-39.631,-5.51,-3.68,-5.49,-3.70,INF,-1,1,7,0
4940,1,1,-59.002,-39.399,-5.50,-3.66,-5.49,-3.68,INF,-1,1,7,0
4960,1,1,-58.533,-39.719,-5.45,-3.69,-5.44,-3.71,INF,-1,1,7,0
4980,1,1,-58.838,-40.105,-5.48,-3.73,-5.47,-3.74,INF,-1,1,7,0
5000,1,1,-58.969,-40.668,-5.49,-3.78,-5.48,-3.80,INF,-1,1,7,0
5020,1,1,-57.821,-41.008,-5.39,-3.81,-5.38,-3.83,INF,-1,1,7,0
5040,1,1,-58.365,-39.317,-5.44,-3.65,-5.43,-3.67,INF,-1,1,7,0
5060,1,1,-58.742,-40.838,-5.47,-3.79,-5.46,-3.81,INF,-1,1,7,0
5080,1,1,-58.296,-41.138,-5.43,-3.82,-5.42,-3.84,INF,-1,1,7,0
5100,1,1,-57.947,-41.367,-5.40,-3.84,-5.39,-3.86,INF,-1,1,7,0
5120,1,1,-59.063,-40.378,-5.50,-3.75,-5.49,-3.77,INF,-1,1,7,0
5140,1,1,-58.649,-39.436,-5.47,-3.66,-5.45,-3.68,INF,-1,1,7,0
5160,1,1,-58.285,-39.610,-5.43,-3.68,-5.42,-3.70,INF,-1,1,7,0
5180,1,1,-58.683,-39.583,-5.47,-3.68,-5.46,-3.69,INF,-1,1,7,0
5200,1,1,-57.748,-40.200,-5.38,-3.74,-5.37,-3.75,INF,-1,1,7,0
5220,1,1,-58.302,-39.286,-5.43,-3.65,-5.42,-3.67,INF,-1,1,7,0
5240,1,1,-57.434,-40.621,-5.35,-3.77,-5.34,-3.79,INF,-1,1,7,0
5260,1,1,-57.132,-39.700,-5.32,-3.69,-5.31,-3.71,INF,-1,1,7,0
5280,1,1,-53.793,-36.195,-5.02,-3.37,-5.01,-3.38,INF,-1,1,7,0
5300,1,1,-54.007,-36.895,-5.03,-3.43,-5.03,-3.44,INF,-1,1,7,0
5320,1,1,-54.916,-36.873,-5.12,-3.43,-5.11,-3.44,INF,-1,1,7,0
5340,1,1,-54.054,-36.792,-5.04,-3.42,-5.03,-3.43,INF,-1,1,7,0
5360,1,1,-55.314,-35.998,-5.16,-3.35,-5.15,-3.36,INF,-1,1,7,0
5380,1,1,-54.667,-36.644,-5.10,-3.41,-5.09,-3.42,INF,-1,1,7,0
5400,1,1,-54.350,-37.885,-5.07,-3.52,-5.06,-3.54,INF,-1,1,7,0
5420,1,1,-55.471,-36.053,-5.17,-3.35,-5.16,-3.37,INF,-1,1,7,0
5440,1,1,-55.424,-35.916,-5.17,-3.34,-5.16,-3.35,INF,-1,1,7,0
5460,1,1,-54.464,-37.529,-5.08,-3.49,-5.07,-3.50,INF,-1,1,7,0
5480,1,1,-55.085,-37.026,-5.13,-3.44,-5.13,-3.46,INF,-1,1,7,0
5500,1,1,-54.900,-38.082,-5.12,-3.54,-5.11,-3.55,INF,-1,1,7,0
5520,1,1,-55.308,-37.944,-5.16,-3.53,-5.15,-3.54,INF,-1,1,7,0
5540,1,1,-54.743,-36.866,-5.10,-3.43,-5.09,-3.44,INF,-1,1,7,0
5560,1,1,-55.507,-36.520,-5.17,-3.40,-5.16,-3.41,INF,-1,1,7,0
5580,1,1,-55.086,-37.929,-5.13,-3.53,-5.13,-3.54,INF,-1,1,7,0
5600,1,1,-56.112,-36.616,-5.23,-3.40,-5.22,-3.42,INF,-1,1,7,0
5620,1,1,-55.777,-36.669,-5.20,-3.41,-5.19,-3.42,INF,-1,1,7,0
5640,1,1,-56.065,-38.314,-5.23,-3.56,-5.22,-3.58,INF,-1,1,7,0
5660,1,1,-56.974,-37.635,-5.31,-3.50,-5.30,-3.51,INF,-1,1,7,0
5680,1,1,-59.581,-38.764,-5.55,-3.60,-5.54,-3.62,INF,-1,1,7,0
5700,1,1,-58.013,-39.628,-5.41,-3.68,-5.40,-3.70,INF,-1,1,7,0
5720,1,1,-59.106,-39.145,-5.51,-3.64,-5.50,-3.65,INF,-1,1,7,0
5740,1,1,-58.614,-38.922,-5.46,-3.62,-5.45,-3.63,INF,-1,1,7,0
5760,1,1,-59.094,-38.768,-5.51,-3.60,-5.50,-3.62,INF,-1,1,7,0
5780,1,1,-58.007,-38.440,-5.41,-3.57,-5.40,-3.59,INF,-1,1,7,0
5800,1,1,-65.862,-42.177,-6.13,-3.91,-6.12,-3.94,INF,-1,1,7,0
5820,1,1,16.354,-39.235,1.53,-3.66,1.53,-3.66,INF,-1,1,7,0
5840,1,1,-1.720,-38.305,-0.16,-3.58,-0.16,-3.58,INF,-1,1,7,0
5860,1,1,1.347,-38.694,0.13,-3.61,0.13,-3.61,INF,-1,0,7,0
5880,1,1,1.290,-38.753,0.12,-3.62,0.12,-3.62,INF,-1,0,7,0
5900,1,1,1.391,-39.368,0.13,-3.67,0.13,-3.67,INF,-1,0,7,0
5920,1,1,-0.216,-39.240,-0.02,-3.66,-0.02,-3.66,INF,-1,0,7,0
5940,1,1,1.143,-38.738,0.11,-3.62,0.11,-3.62,INF,-1,0,7,0
5960,1,1,0.508,-38.486,0.05,-3.59,0.05,-3.59,INF,-1,0,7,0
5980,1,1,-0.215,-39.227,-0.02,-3.66,-0.02,-3.66,INF,-1,0,7,0
6000,1,1,1.412,-38.020,0.13,-3.55,0.13,-3.55,INF,-1,0,7,0
6020,1,1,1.740,-37.111,0.16,-3.46,0.16,-3.46,INF,-1,0,7,0
6040,1,1,1.669,-37.248,0.16,-3.48,0.16,-3.48,INF,-1,0,7,0
6060,1,1,2.715,-36.893,0.25,-3.44,0.25,-3.44,INF,-1,0,7,0
6080,1,1,2.532,-38.013,0.24,-3.55,0.24,-3.55,INF,-1,0,7,0
6100,1,1,2.593,-37.219,0.24,-3.47,0.24,-3.47,INF,-1,0,7,0
6120,1,1,1.266,-38.286,0.12,-3.57,0.12,-3.57,INF,-1,1,7,0
6140,1,1,1.302,-38.320,0.12,-3.58,0.12,-3.58,INF,-1,1,7,0
6160,1,1,1.509,-39.228,0.14,-3.66,0.14,-3.66,INF,-1,1,7,0
6180,1,1,0.007,-38.661,0.00,-3.61,0.00,-3.61,INF,-1,1,7,0
6200,1,1,1.275,-38.049,0.12,-3.55,0.12,-3.55,INF,-1,1,7,0
6220,1,1,0.269,-39.702,0.03,-3.71,0.03,-3.71,INF,-1,1,7,0
6240,1,1,0.517,-38.212,0.05,-3.57,0.05,-3.57,INF,-1,1,7,0
6260,1,1,23.244,-44.529,2.17,-4.15,2.17,-4.15,INF,-1,1,7,0
6280,1,1,20.324,-40.735,1.90,-3.80,1.89,-3.80,INF,-1,1,7,0
6300,1,1,20.255,-43.455,1.89,-4.05,1.89,-4.05,INF,-1,0,7,0
6320,1,1,21.380,-42.015,2.00,-3.92,1.99,-3.92,INF,-1,0,7,0
6340,1,1,20.393,-42.354,1.91,-3.95,1.90,-3.95,INF,-1,0,7,0
6360,1,1,19.914,-42.843,1.86,-4.00,1.86,-4.00,INF,-1,0,7,0
6380,1,1,21.654,-41.870,2.02,-3.90,2.02,-3.91,INF,-1,0,7,0
6400,1,1,21.057,-42.889,1.97,-4.00,1.96,-4.00,INF,-1,0,7,0
6420,1,1,21.439,-42.762,2.00,-3.99,2.00,-3.99,INF,-1,0,7,0
6440,1,1,20.927,-41.017,1.96,-3.83,1.95,-3.83,INF,-1,0,7,0
6460,1,1,20.675,-42.446,1.93,-3.96,1.93,-3.96,INF,-1,0,7,0
6480,1,1,20.382,-42.943,1.90,-4.01,1.90,-4.01,INF,-1,0,7,0
6500,1,1,21.602,-43.511,2.02,-4.06,2.01,-4.06,INF,-1,0,7,0
6520,1,1,21.550,-44.396,2.01,-4.14,2.01,-4.14,INF,-1,0,7,0
6540,1,1,21.224,-43.758,1.98,-4.08,1.98,-4.08,INF,-1,1,7,0
6560,1,1,21.000,-42.813,1.96,-3.99,1.96,-4.00,INF,-1,1,7,0
6580,1,1,21.445,-44.621,2.00,-4.16,2.00,-4.16,INF,-1,1,7,0
6600,1,1,21.459,-42.916,2.00,-4.00,2.00,-4.00,INF,-1,1,7,0
6620,1,1,21.073,-43.780,1.97,-4.08,1.96,-4.09,INF,-1,1,7,0
6640,1,1,21.261,-43.619,1.99,-4.07,1.98,-4.07,INF,-1,1,7,0
6660,1,1,22.055,-42.476,2.06,-3.96,2.06,-3.96,INF,-1,1,7,0
6680,1,1,21.327,-43.040,1.99,-4.01,1.99,-4.02,INF,-1,1,7,0
6700,1,1,22.734,-42.492,2.12,-3.96,2.12,-3.97,INF,-1,1,7,0
6720,1,1,21.160,-43.327,1.98,-4.04,1.97,-4.04,INF,-1,1,7,0
6740,1,1,21.942,-44.134,2.05,-4.12,2.04,-4.12,INF,-1,1,7,0
6760,1,1,16.573,-44.555,1.55,-4.16,1.54,-4.16,INF,-1,1,7,0
6780,1,1,10.223,-44.517,0.96,-4.15,0.95,-4.15,INF,-1,1,7,0
6800,1,1,10.657,-44.807,1.00,-4.18,0.99,-4.18,INF,-1,1,7,0
6820,1,1,10.581,-43.314,0.99,-4.04,0.99,-4.04,INF,-1,0,7,0
6840,1,1,11.194,-43.839,1.05,-4.09,1.04,-4.09,INF,-1,0,7,0
6860,1,1,9.989,-43.522,0.93,-4.06,0.93,-4.06,INF,-1,0,7,0
6880,1,1,10.519,-43.776,0.98,-4.08,0.98,-4.08,INF,-1,0,7,0
6900,1,1,10.940,-42.919,1.02,-4.00,1.02,-4.01,INF,-1,0,7,0
6920,1,1,10.114,-43.354,0.95,-4.04,0.94,-4.05,INF,-1,0,7,0
6940,1,1,10.192,-44.143,0.95,-4.12,0.95,-4.12,INF,-1,0,7,0
6960,1,1,10.815,-44.119,1.01,-4.12,1.01,-4.12,INF,-1,0,7,0
6980,1,1,11.623,-44.096,1.09,-4.11,1.08,-4.11,INF,-1,0,7,0
7000,1,1,18.809,-42.512,1.76,-3.97,1.75,-3.97,INF,-1,0,7,0
7020,1,1,20.467,-39.051,1.91,-3.64,1.91,-3.65,INF,-1,0,7,0
7040,1,1,19.877,-39.273,1.86,-3.66,1.85,-3.67,INF,-1,0,7,0
7060,1,1,20.327,-41.044,1.90,-3.83,1.89,-3.83,INF,-1,1,7,0
7080,1,1,19.404,-41.027,1.81,-3.83,1.81,-3.83,INF,-1,1,7,0
7100,1,1,20.015,-39.365,1.87,-3.67,1.87,-3.67,INF,-1,1,7,0
7120,1,1,19.422,-41.224,1.81,-3.85,1.81,-3.85,INF,-1,1,7,0
7140,1,1,20.820,-41.918,1.95,-3.91,1.94,-3.91,INF,-1,1,7,0
7160,1,1,20.595,-40.891,1.92,-3.81,1.92,-3.82,INF,-1,1,7,0
7180,1,1,21.672,-39.739,2.02,-3.71,2.02,-3.71,INF,-1,1,7,0
7200,1,1,30.509,-39.921,2.85,-3.72,2.84,-3.73,INF,-1,1,7,0
7220,1,1,28.729,-38.406,2.68,-3.58,2.68,-3.59,INF,-1,1,7,0
7240,1,1,28.205,-39.079,2.63,-3.64,2.63,-3.65,INF,-1,0,7,0
7260,1,1,27.610,-38.109,2.58,-3.55,2.57,-3.56,INF,-1,0,7,0
7280,1,1,27.597,-39.656,2.58,-3.70,2.57,-3.70,INF,-1,0,7,0
7300,1,1,26.992,-39.575,2.52,-3.69,2.52,-3.69,INF,-1,0,7,0
7320,1,1,28.237,-39.435,2.64,-3.68,2.63,-3.68,INF,-1,0,7,0
7340,1,1,27.152,-37.593,2.54,-3.51,2.53,-3.51,INF,-1,0,7,0
7360,1,1,26.024,-31.737,2.43,-2.96,2.43,-2.96,INF,-1,0,7,0
7380,1,1,26.037,-30.680,2.43,-2.86,2.43,-2.87,INF,-1,0,7,0
7400,1,1,25.164,-30.431,2.35,-2.84,2.35,-2.84,INF,-1,0,7,0
7420,1,1,23.725,-31.177,2.22,-2.91,2.21,-2.91,INF,-1,0,7,0
7440,1,1,25.228,-30.128,2.36,-2.81,2.35,-2.81,INF,-1,0,7,0
7460,1,1,24.271,-31.456,2.27,-2.94,2.26,-2.94,INF,-1,0,7,0
7480,1,1,23.652,-31.854,2.21,-2.97,2.21,-2.97,INF,-1,1,7,0
7500,1,1,23.552,-30.510,2.20,-2.85,2.20,-2.85,INF,-1,1,7,0
7520,1,1,24.132,-31.724,2.25,-2.96,2.25,-2.96,INF,-1,1,7,0
7540,1,1,24.052,-32.120,2.25,-3.00,2.24,-3.00,INF,-1,1,7,0
7560,1,1,24.464,-30.835,2.29,-2.88,2.28,-2.88,INF,-1,1,7,0
7580,1,1,22.796,-30.563,2.13,-2.85,2.13,-2.85,INF,-1,1,7,0
7600,1,1,23.312,-30.070,2.18,-2.81,2.18,-2.81,INF,-1,1,7,0
7620,1,1,23.279,-31.026,2.17,-2.90,2.17,-2.90,INF,-1,1,7,0
7640,1,1,33.936,-32.877,3.17,-3.07,3.16,-3.07,INF,-1,1,7,0
7660,1,1,33.014,-31.308,3.08,-2.92,3.08,-2.92,INF,-1,1,7,0
7680,1,1,33.334,-31.640,3.11,-2.95,3.11,-2.95,INF,-1,1,7,0
7700,1,1,32.301,-32.077,3.02,-2.99,3.01,-3.00,INF,-1,1,7,0
7720,1,1,32.820,-32.633,3.06,-3.04,3.06,-3.05,INF,-1,1,7,0
7740,1,1,32.657,-32.750,3.05,-3.05,3.05,-3.06,INF,-1,1,7,0
7760,1,1,33.622,-31.776,3.14,-2.96,3.14,-2.97,INF,-1,1,7,0
7780,1,1,33.274,-32.157,3.11,-3.00,3.10,-3.00,INF,-1,1,7,0
7800,1,1,34.016,-32.391,3.18,-3.02,3.17,-3.02,INF,-1,1,7,0
7820,1,1,34.814,-32.765,3.25,-3.05,3.25,-3.06,INF,-1,1,7,0
7840,1,1,34.848,-32.325,3.25,-3.01,3.25,-3.02,INF,-1,1,7,0
7860,1,1,34.894,-32.577,3.26,-3.04,3.25,-3.04,INF,-1,1,7,0
7880,1,1,35.281,-33.201,3.29,-3.10,3.29,-3.10,INF,-1,1,7,0
7900,1,1,36.339,-33.565,3.39,-3.13,3.39,-3.13,INF,-1,1,7,0
7920,1,1,35.877,-32.574,3.35,-3.04,3.34,-3.04,INF,-1,1,7,0
7940,1,1,36.434,-31.732,3.40,-2.96,3.40,-2.96,INF,-1,1,7,0
7960,1,1,35.582,-33.778,3.32,-3.15,3.32,-3.15,INF,-1,1,7,0
7980,1,1,35.499,-30.624,3.31,-2.86,3.31,-2.86,INF,-1,1,7,0
8000,1,1,34.892,-34.362,3.26,-3.20,3.25,-3.21,INF,-1,1,7,0
8020,1,1,35.642,-33.957,3.33,-3.17,3.32,-3.17,INF,-1,1,7,0
8040,1,1,33.586,-33.191,3.14,-3.09,3.13,-3.10,INF,-1,1,7,0
8060,1,1,34.322,-32.755,3.20,-3.05,3.20,-3.06,INF,-1,1,7,0
8080,1,1,34.722,-34.313,3.24,-3.20,3.24,-3.20,INF,-1,1,7,0
8100,1,1,34.917,-33.469,3.26,-3.12,3.26,-3.13,INF,-1,1,7,0
8120,1,1,34.686,-33.681,3.24,-3.14,3.23,-3.14,INF,-1,1,7,0
8140,1,1,34.387,-33.063,3.21,-3.08,3.21,-3.09,INF,-1,1,7,0
8160,1,1,33.891,-35.499,3.16,-3.31,3.16,-3.31,INF,-1,1,7,0
8180,1,1,34.910,-36.687,3.26,-3.42,3.25,-3.42,INF,-1,1,7,0
8200,1,1,35.407,-34.097,3.31,-3.18,3.30,-3.18,INF,-1,1,7,0
8220,1,1,40.355,-34.884,3.77,-3.25,3.76,-3.26,INF,-1,1,7,0
8240,1,1,37.885,-34.671,3.54,-3.23,3.53,-3.24,INF,-1,1,7,0
8260,1,1,37.556,-36.106,3.51,-3.36,3.50,-3.37,INF,-1,0,7,0
8280,1,1,38.687,-35.968,3.61,-3.35,3.60,-3.36,INF,-1,0,7,0
8300,1,1,39.571,-34.596,3.69,-3.22,3.69,-3.23,INF,-1,0,7,0
8320,1,1,38.616,-32.693,3.60,-3.05,3.60,-3.05,INF,-1,0,7,0
8340,1,1,39.371,-34.245,3.67,-3.19,3.67,-3.20,INF,-1,0,7,0
8360,1,1,39.335,-33.469,3.67,-3.12,3.67,-3.13,INF,-1,0,7,0
8380,1,1,38.125,-33.530,3.56,-3.12,3.55,-3.13,INF,-1,0,7,0
8400,1,1,38.880,-33.272,3.63,-3.10,3.62,-3.11,INF,-1,0,7,0
8420,1,1,38.997,-33.885,3.64,-3.16,3.63,-3.16,INF,-1,0,7,0
8440,1,1,38.941,-35.053,3.63,-3.27,3.63,-3.27,INF,-1,0,7,0
8460,1,1,38.598,-34.962,3.60,-3.26,3.60,-3.26,INF,-1,0,7,0
8480,1,1,39.315,-35.299,3.67,-3.29,3.66,-3.30,INF,-1,0,7,0
8500,1,1,38.822,-35.948,3.62,-3.35,3.62,-3.36,INF,-1,1,7,0
8520,1,1,37.480,-35.387,3.50,-3.30,3.49,-3.30,INF,-1,1,7,0
8540,1,1,41.372,-37.747,3.86,-3.52,3.85,-3.52,INF,-1,1,7,0
8560,1,1,-12.700,-5.575,-1.19,-0.52,-1.19,-0.52,INF,-1,1,7,0
8580,1,1,-5.128,-8.271,-0.48,-0.77,-0.48,-0.77,INF,-1,1,7,0
8600,1,1,-5.160,-6.892,-0.48,-0.64,-0.48,-0.64,INF,-1,0,7,0
8620,1,1,-6.184,-6.674,-0.58,-0.62,-0.58,-0.62,INF,-1,0,7,0
8640,1,1,-5.982,-7.079,-0.56,-0.66,-0.56,-0.66,INF,-1,0,7,0
8660,1,1,-5.534,-6.271,-0.52,-0.59,-0.52,-0.59,INF,-1,0,7,0
8680,1,1,-4.814,-6.647,-0.45,-0.62,-0.45,-0.62,INF,-1,0,7,0
8700,1,1,-3.926,-5.080,-0.37,-0.47,-0.37,-0.47,INF,-1,0,7,0
8720,1,1,-4.238,-6.005,-0.40,-0.56,-0.40,-0.56,INF,-1,0,7,0
8740,1,1,-4.740,-7.345,-0.44,-0.69,-0.44,-0.69,INF,-1,0,7,0
8760,1,1,-3.578,-6.914,-0.33,-0.65,-0.33,-0.65,INF,-1,0,7,0
8780,1,1,-3.553,-6.809,-0.33,-0.64,-0.33,-0.64,INF,-1,0,7,0
8800,1,1,-3.676,-7.728,-0.34,-0.72,-0.34,-0.72,INF,-1,0,7,0
8820,1,1,-8.552,-3.705,-0.80,-0.35,-0.80,-0.35,INF,-1,0,7,0
8840,1,1,-11.763,1.842,-1.10,0.17,-1.10,0.17,INF,-1,1,7,0
8860,1,1,-12.116,-0.563,-1.13,-0.05,-1.13,-0.05,INF,-1,1,7,0
8880,1,1,-11.187,1.423,-1.05,0.13,-1.05,0.13,INF,-1,1,7,0
8900,1,1,-11.965,1.443,-1.12,0.13,-1.12,0.13,INF,-1,1,7,0
8920,1,1,-12.762,0.503,-1.19,0.05,-1.19,0.05,INF,-1,1,7,0
8940,1,1,-12.169,1.425,-1.14,0.13,-1.14,0.13,INF,-1,1,7,0
8960,1,1,-11.684,-0.345,-1.09,-0.03,-1.09,-0.03,INF,-1,1,7,0
8980,1,1,-11.808,-0.252,-1.10,-0.02,-1.10,-0.02,INF,-1,1,7,0
9000,1,1,-12.418,-0.161,-1.16,-0.02,-1.16,-0.02,INF,-1,1,7,0
9020,1,1,-12.275,-0.696,-1.15,-0.06,-1.15,-0.07,INF,-1,1,7,0
9040,1,1,-12.608,-0.016,-1.18,0.00,-1.18,0.00,INF,-1,1,7,0
9060,1,1,-12.811,-0.755,-1.20,-0.07,-1.20,-0.07,INF,-1,1,7,0
9080,1,1,-13.855,-0.316,-1.29,-0.03,-1.29,-0.03,INF,-1,1,7,0
9100,1,1,-12.350,-0.057,-1.15,-0.01,-1.15,-0.01,INF,-1,1,7,0
9120,1,1,-9.006,3.591,-0.84,0.34,-0.84,0.34,INF,-1,1,7,0
9140,1,1,-9.587,3.848,-0.90,0.36,-0.90,0.36,INF,-1,1,7,0
9160,1,1,-10.699,2.430,-1.00,0.23,-1.00,0.23,INF,-1,1,7,0
9180,1,1,-10.996,3.628,-1.03,0.34,-1.03,0.34,INF,-1,1,7,0
9200,1,1,-9.288,2.553,-0.87,0.24,-0.87,0.24,INF,-1,1,7,0
9220,1,1,-11.279,2.031,-1.05,0.19,-1.05,0.19,INF,-1,1,7,0
9240,1,1,-10.386,1.459,-0.97,0.14,-0.97,0.14,INF,-1,1,7,0
9260,1,1,-9.655,2.988,-0.90,0.28,-0.90,0.28,INF,-1,1,7,0
9280,1,1,-10.112,3.173,-0.95,0.30,-0.95,0.30,INF,-1,1,7,0
9300,1,1,-10.521,2.403,-0.98,0.22,-0.98,0.22,INF,-1,1,7,0
9320,1,1,-11.026,1.599,-1.03,0.15,-1.03,0.15,INF,-1,1,7,0
9340,1,1,-10.400,2.132,-0.97,0.20,-0.97,0.20,INF,-1,1,7,0
9360,1,1,-9.137,3.618,-0.85,0.34,-0.85,0.34,INF,-1,1,7,0
9380,1,1,-9.019,3.448,-0.84,0.32,-0.84,0.32,INF,-1,1,7,0
9400,1,1,-9.680,3.095,-0.90,0.29,-0.90,0.29,INF,-1,1,7,0
9420,1,1,-10.443,1.851,-0.98,0.17,-0.98,0.17,INF,-1,1,7,0
9440,1,1,-9.225,2.235,-0.86,0.21,-0.86,0.21,INF,-1,1,7,0
9460,1,1,-9.736,1.646,-0.91,0.15,-0.91,0.15,INF,-1,1,7,0
9480,1,1,-8.888,1.704,-0.83,0.16,-0.83,0.16,INF,-1,1,7,0
9500,1,1,-10.042,1.536,-0.94,0.14,-0.94,0.14,INF,-1,1,7,0
9520,1,1,-8.999,1.833,-0.84,0.17,-0.84,0.17,INF,-1,1,7,0
9540,1,1,-9.003,0.892,-0.84,0.08,-0.84,0.08,INF,-1,1,7,0
9560,1,1,-9.206,1.354,-0.86,0.13,-0.86,0.13,INF,-1,1,7,0
9580,1,1,-8.580,2.743,-0.80,0.26,-0.80,0.26,INF,-1,1,7,0
9600,1,1,-8.734,2.761,-0.82,0.26,-0.82,0.26,INF,-1,1,7,0
9620,1,1,-9.536,1.579,-0.89,0.15,-0.89,0.15,INF,-1,1,7,0
9640,1,1,-9.531,1.517,-0.89,0.14,-0.89,0.14,INF,-1,1,7,0
9660,1,1,-8.281,2.173,-0.77,0.20,-0.77,0.20,INF,-1,1,7,0
9680,1,1,-7.784,1.942,-0.73,0.18,-0.73,0.18,INF,-1,1,7,0
9700,1,1,-7.701,1.620,-0.72,0.15,-0.72,0.15,INF,-1,1,7,0
9720,1,1,-8.403,1.448,-0.79,0.14,-0.79,0.14,INF,-1,1,7,0
9740,1,1,-9.964,0.607,-0.93,0.06,-0.93,0.06,INF,-1,1,7,0
9760,1,1,-21.256,-1.374,-1.99,-0.13,-1.99,-0.13,INF,-1,1,7,0
9780,1,1,-19.611,0.350,-1.83,0.03,-1.83,0.03,INF,-1,1,7,0
9800,1,1,-18.395,-0.335,-1.72,-0.03,-1.72,-0.03,INF,-1,0,7,0
9820,1,1,-18.657,0.637,-1.74,0.06,-1.74,0.06,INF,-1,0,7,0
9840,1,1,-19.067,0.073,-1.78,0.01,-1.78,0.01,INF,-1,0,7,0
9860,1,1,-19.506,0.078,-1.82,0.01,-1.82,0.01,INF,-1,0,7,0
9880,1,1,-19.910,0.232,-1.86,0.02,-1.86,0.02,INF,-1,0,7,0
9900,1,1,-19.678,0.599,-1.84,0.06,-1.84,0.06,INF,-1,0,7,0
9920,1,1,-19.600,1.854,-1.83,0.17,-1.83,0.17,INF,-1,0,7,0
9940,1,1,-19.608,0.992,-1.83,0.09,-1.83,0.09,INF,-1,0,7,0
9960,1,1,-18.868,0.825,-1.76,0.08,-1.76,0.08,INF,-1,0,7,0
9980,1,1,-18.749,-0.323,-1.75,-0.03,-1.75,-0.03,INF,-1,0,7,0
10000,1,1,-18.916,-0.650,-1.77,-0.06,-1.77,-0.06,INF,-1,0,7,0
10020,1,1,-18.348,-0.151,-1.71,-0.01,-1.71,-0.01,INF,-1,0,7,0
10040,1,1,-18.627,0.013,-1.74,0.00,-1.74,0.00,INF,-1,1,7,0
10060,1,1,-19.251,0.108,-1.80,0.01,-1.80,0.01,INF,-1,1,7,0
10080,1,1,-18.180,0.483,-1.70,0.05,-1.70,0.05,INF,-1,1,7,0
10100,1,1,-19.629,-0.169,-1.83,-0.02,-1.83,-0.02,INF,-1,1,7,0
10120,1,1,-19.632,-1.892,-1.83,-0.18,-1.83,-0.18,INF,-1,1,7,0
10140,1,1,-19.317,-0.687,-1.80,-0.06,-1.80,-0.06,INF,-1,1,7,0
10160,1,1,-20.032,-1.093,-1.87,-0.10,-1.87,-0.10,INF,-1,1,7,0
10180,1,1,-18.025,-0.577,-1.68,-0.05,-1.68,-0.05,INF,-1,1,7,0
10200,1,1,-19.568,-1.100,-1.83,-0.10,-1.83,-0.10,INF,-1,1,7,0
10220,1,1,-20.074,0.085,-1.88,0.01,-1.88,0.01,INF,-1,1,7,0
10240,1,1,-18.213,-1.616,-1.70,-0.15,-1.70,-0.15,INF,-1,1,7,0
10260,1,1,-19.067,-1.016,-1.78,-0.09,-1.78,-0.09,INF,-1,1,7,0
10280,1,1,-18.312,-0.180,-1.71,-0.02,-1.71,-0.02,INF,-1,1,7,0
10300,1,1,-18.538,1.214,-1.73,0.11,-1.73,0.11,INF,-1,1,7,0
10320,1,1,-18.168,-0.035,-1.70,0.00,-1.70,0.00,INF,-1,1,7,0
10340,1,1,-16.442,0.813,-1.54,0.08,-1.54,0.08,INF,-1,1,7,0
10360,1,1,-16.995,-0.199,-1.59,-0.02,-1.59,-0.02,INF,-1,1,7,0
10380,1,1,-17.376,0.262,-1.62,0.02,-1.62,0.02,INF,-1,1,7,0
10400,1,1,-15.704,-2.214,-1.47,-0.21,-1.47,-0.21,INF,-1,1,7,0
10420,1,1,-15.507,-2.801,-1.45,-0.26,-1.45,-0.26,INF,-1,1,7,0
10440,1,1,-14.092,-5.982,-1.32,-0.56,-1.32,-0.56,INF,-1,1,7,0
10460,1,1,-6.805,-51.376,-0.64,-4.79,-0.63,-4.79,INF,-1,1,7,0
10480,0,1,0.000,0.000,0.00,0.00,0.00,0.00,0.00,-1,1,7,0
10500,0,1,0.000,0.000,0.00,0.00,0.00,0.00,0.00,-1,1,7,0
10520,0,1,0.000,0.000,0.00,0.00,0.00,0.00,0.00,-1,1,7,0
10540,0,1,0.000,0.000,0.00,0.00,0.00,0.00,0.00,-1,0,7,0
10560,0,1,0.000,0.000,0.00,0.00,0.00,0.00,0.00,-1,0,7,0
10580,0,1,0.000,0.000,0.00,0.00,0.00,0.00,0.00,-1,0,7,0
10600,0,1,0.000,0.000,0.00,0.00,0.00,0.00,0.00,-1,0,7,0
10620,0,1,0.000,0.000,0.00,0.00,0.00,0.00,0.00,-1,0,7,0
10640,1,1,-54.133,-178.767,-5.05,-16.20,-4.85,-16.26,INF,-1,0,7,0
10660,0,1,0.000,0.000,0.00,0.00,0.00,0.00,0.00,-1,0,7,0
10680,0,1,0.000,0.000,0.00,0.00,0.00,0.00,0.00,-1,0,7,0
10700,1,1,-1.252,0.510,-0.12,0.05,-0.12,0.05,INF,-1,0,7,0
10720,1,1,-3.358,3.896,-0.31,0.36,-0.31,0.36,INF,-1,0,7,0
10740,1,1,-4.338,5.170,-0.41,0.48,-0.41,0.48,INF,-1,0,7,0
10760,1,1,-4.852,3.396,-0.45,0.32,-0.45,0.32,INF,-1,0,7,0
10780,1,1,-5.643,2.631,-0.53,0.25,-0.53,0.25,INF,-1,0,7,0
10800,1,1,-6.295,4.045,-0.59,0.38,-0.59,0.38,INF,-1,0,7,0
10820,1,1,-6.240,2.431,-0.58,0.23,-0.58,0.23,INF,-1,0,7,0
10840,1,1,-6.556,1.919,-0.61,0.18,-0.61,0.18,INF,-1,0,7,0
10860,1,1,-6.167,2.627,-0.58,0.25,-0.58,0.25,INF,-1,0,7,0
10880,1,1,-6.722,2.079,-0.63,0.19,-0.63,0.19,INF,-1,0,7,0
10900,1,1,-6.633,1.251,-0.62,0.12,-0.62,0.12,INF,-1,0,7,0
10920,1,1,-6.455,3.008,-0.60,0.28,-0.60,0.28,INF,-1,0,7,0
10940,1,1,-6.445,2.999,-0.60,0.28,-0.60,0.28,INF,-1,0,7,0
10960,1,1,-6.757,4.072,-0.63,0.38,-0.63,0.38,INF,-1,0,7,0
10980,1,1,-5.595,5.304,-0.52,0.50,-0.52,0.50,INF,-1,1,7,0
11000,1,1,-6.998,4.507,-0.65,0.42,-0.65,0.42,INF,-1,1,7,0
11020,1,1,-6.759,4.690,-0.63,0.44,-0.63,0.44,INF,-1,1,7,0
11040,1,1,-8.393,4.395,-0.78,0.41,-0.78,0.41,INF,-1,1,7,0
11060,1,1,-8.013,3.521,-0.75,0.33,-0.75,0.33,INF,-1,1,7,0
11080,1,1,-7.159,4.080,-0.67,0.38,-0.67,0.38,INF,-1,1,7,0
11100,1,1,-6.629,4.323,-0.62,0.40,-0.62,0.40,INF,-1,1,7,0
11120,1,1,-7.885,6.455,-0.74,0.60,-0.74,0.60,INF,-1,1,7,0
11140,1,1,-7.459,4.598,-0.70,0.43,-0.70,0.43,INF,-1,1,7,0
11160,1,1,-7.782,5.564,-0.73,0.52,-0.73,0.52,INF,-1,1,7,0
11180,1,1,-7.918,6.087,-0.74,0.57,-0.74,0.57,INF,-1,1,7,0
11200,1,1,-8.323,7.188,-0.78,0.67,-0.78,0.67,INF,-1,1,7,0
11220,1,1,-8.298,5.907,-0.78,0.55,-0.78,0.55,INF,-1,1,7,0
11240,1,1,-7.963,6.948,-0.74,0.65,-0.74,0.65,INF,-1,1,7,0
11260,1,1,-8.457,7.400,-0.79,0.69,-0.79,0.69,INF,-1,1,7,0
11280,1,1,-7.392,6.277,-0.69,0.59,-0.69,0.59,INF,-1,1,7,0
11300,1,1,-8.404,5.373,-0.79,0.50,-0.79,0.50,INF,-1,1,7,0
11320,1,1,-8.388,5.250,-0.78,0.49,-0.78,0.49,INF,-1,1,7,0
11340,1,1,-7.405,5.986,-0.69,0.56,-0.69,0.56,INF,-1,1,7,0
11360,1,1,-8.009,5.292,-0.75,0.49,-0.75,0.49,INF,-1,1,7,0
11380,1,1,-7.921,5.003,-0.74,0.47,-0.74,0.47,INF,-1,1,7,0
11400,1,1,-8.348,4.328,-0.78,0.40,-0.78,0.40,INF,-1,1,7,0
11420,1,1,-7.241,5.078,-0.68,0.47,-0.68,0.47,INF,-1,1,7,0
11440,1,1,-6.548,5.239,-0.61,0.49,-0.61,0.49,INF,-1,1,7,0
11460,1,1,-7.228,6.004,-0.68,0.56,-0.68,0.56,INF,-1,1,7,0
11480,1,1,-6.576,4.949,-0.61,0.46,-0.61,0.46,INF,-1,1,7,0
11500,1,1,-7.409,4.541,-0.69,0.42,-0.69,0.42,INF,-1,1,7,0
11520,1,1,-7.383,3.707,-0.69,0.35,-0.69,0.35,INF,-1,1,7,0
11540,1,1,-7.705,4.437,-0.72,0.41,-0.72,0.41,INF,-1,1,7,0
11560,1,1,-8.190,4.321,-0.77,0.40,-0.77,0.40,INF,-1,1,7,0
11580,1,1,-8.503,2.494,-0.79,0.23,-0.79,0.23,INF,-1,1,7,0
11600,1,1,-8.997,2.978,-0.84,0.28,-0.84,0.28,INF,-1,1,7,0
11620,1,1,-8.554,3.926,-0.80,0.37,-0.80,0.37,INF,-1,1,7,0
11640,1,1,-11.659,5.763,-1.09,0.54,-1.09,0.54,INF,-1,1,7,0
11660,1,1,-11.121,5.368,-1.04,0.50,-1.04,0.50,INF,-1,1,7,0
11680,1,1,-10.643,5.824,-0.99,0.54,-0.99,0.54,INF,-1,1,7,0
11700,1,1,-11.230,6.420,-1.05,0.60,-1.05,0.60,INF,-1,1,7,0
11720,1,1,-11.002,5.446,-1.03,0.51,-1.03,0.51,INF,-1,1,7,0
11740,1,1,-11.245,5.598,-1.05,0.52,-1.05,0.52,INF,-1,1,7,0
11760,1,1,-10.197,5.963,-0.95,0.56,-0.95,0.56,INF,-1,1,7,0
11780,1,1,-10.407,5.687,-0.97,0.53,-0.97,0.53,INF,-1,1,7,0
11800,1,1,-11.739,5.052,-1.10,0.47,-1.10,0.47,INF,-1,1,7,0
11820,1,1,-11.647,5.639,-1.09,0.53,-1.09,0.53,INF,-1,1,7,0
11840,1,1,-11.979,4.324,-1.12,0.40,-1.12,0.40,INF,-1,1,7,0
11860,1,1,-11.967,5.036,-1.12,0.47,-1.12,0.47,INF,-1,1,7,0
11880,1,1,-12.465,4.339,-1.16,0.41,-1.16,0.41,INF,-1,1,7,0
11900,1,1,-11.973,3.888,-1.12,0.36,-1.12,0.36,INF,-1,1,7,0
11920,1,1,-5.450,5.641,-0.51,0.53,-0.51,0.53,INF,-1,1,7,0
11940,1,1,-7.896,4.738,-0.74,0.44,-0.74,0.44,INF,-1,1,7,0
11960,1,1,-7.497,5.690,-0.70,0.53,-0.70,0.53,INF,-1,1,7,0
11980,1,1,-7.568,5.421,-0.71,0.51,-0.71,0.51,INF,-1,1,7,0
12000,1,1,-7.154,5.205,-0.67,0.49,-0.67,0.49,INF,-1,1,7,0
12020,1,1,-6.703,4.558,-0.63,0.43,-0.63,0.43,INF,-1,1,7,0
12040,1,1,-7.968,3.273,-0.74,0.31,-0.74,0.31,INF,-1,1,7,0
12060,1,1,-8.859,3.763,-0.83,0.35,-0.83,0.35,INF,-1,1,7,0
12080,1,1,-7.707,3.989,-0.72,0.37,-0.72,0.37,INF,-1,1,7,0
12100,1,1,-6.641,3.921,-0.62,0.37,-0.62,0.37,INF,-1,1,7,0
12120,1,1,-9.240,1.604,-0.86,0.15,-0.86,0.15,INF,-1,1,7,0
12140,1,1,20.156,-12.499,1.88,-1.17,1.88,-1.17,INF,-1,1,7,0
12160,1,1,48.971,-26.414,4.57,-2.46,4.56,-2.47,INF,-1,1,7,0
12180,1,1,69.339,-43.954,6.45,-4.08,6.44,-4.10,INF,-1,0,7,0
12200,1,1,70.631,-46.441,6.57,-4.30,6.55,-4.33,INF,-1,0,7,0
12220,1,1,68.687,-45.881,6.39,-4.25,6.38,-4.28,INF,-1,0,7,0
12240,1,1,66.980,-45.323,6.24,-4.20,6.22,-4.23,INF,-1,0,7,0
12260,1,1,66.970,-45.232,6.23,-4.20,6.22,-4.22,INF,-1,0,7,0
12280,1,1,66.726,-45.754,6.21,-4.24,6.20,-4.27,INF,-1,0,7,0
12300,1,1,62.800,-40.076,5.85,-3.72,5.84,-3.74,INF,-1,0,7,0
12320,1,1,47.890,-31.699,4.47,-2.95,4.46,-2.96,INF,-1,0,7,0
12340,1,1,39.274,-26.018,3.67,-2.43,3.66,-2.43,INF,-1,0,7,0
12360,1,1,39.669,-24.768,3.70,-2.31,3.70,-2.31,INF,-1,0,7,0
12380,1,1,38.026,-26.868,3.55,-2.50,3.55,-2.51,INF,-1,0,7,0
12400,1,1,37.963,-26.876,3.54,-2.51,3.54,-2.51,INF,-1,0,7,0
12420,1,1,37.021,-28.006,3.46,-2.61,3.45,-2.62,INF,-1,0,7,0
12440,1,1,37.047,-29.263,3.46,-2.73,3.45,-2.73,INF,-1,0,7,0
12460,1,1,37.204,-28.855,3.47,-2.69,3.47,-2.70,INF,-1,0,7,0
12480,1,1,36.932,-30.068,3.45,-2.80,3.44,-2.81,INF,-1,0,7,0
12500,1,1,36.050,-28.887,3.37,-2.69,3.36,-2.70,INF,-1,0,7,0
12520,1,1,35.828,-29.656,3.34,-2.77,3.34,-2.77,INF,-1,0,7,0
12540,1,1,36.431,-31.250,3.40,-2.91,3.40,-2.92,INF,-1,0,7,0
12560,1,1,36.747,-32.049,3.43,-2.99,3.43,-2.99,INF,-1,0,7,0
12580,1,1,36.233,-31.357,3.38,-2.92,3.38,-2.93,INF,-1,0,7,0
12600,1,1,36.132,-31.653,3.37,-2.95,3.37,-2.96,INF,-1,1,7,0
12620,1,1,36.839,-32.104,3.44,-2.99,3.43,-3.00,INF,-1,1,7,0
12640,1,1,36.052,-31.548,3.37,-2.94,3.36,-2.95,INF,-1,1,7,0
12660,1,1,36.868,-32.633,3.44,-3.04,3.44,-3.05,INF,-1,1,7,0
12680,1,1,35.704,-31.870,3.33,-2.97,3.33,-2.98,INF,-1,1,7,0
12700,1,1,35.988,-33.552,3.36,-3.13,3.35,-3.13,INF,-1,1,7,0
12720,1,1,31.638,-29.704,2.95,-2.77,2.95,-2.77,INF,-1,1,7,0
12740,1,1,22.379,-21.069,2.09,-1.97,2.09,-1.97,INF,-1,1,7,0
12760,1,1,24.320,-23.506,2.27,-2.19,2.27,-2.20,INF,-1,1,7,0
12780,1,1,25.978,-23.584,2.43,-2.20,2.42,-2.20,INF,-1,0,7,0
12800,1,1,24.846,-23.775,2.32,-2.22,2.32,-2.22,INF,-1,0,7,0
12820,1,1,24.803,-23.660,2.32,-2.21,2.32,-2.21,INF,-1,0,7,0
12840,1,1,24.766,-23.662,2.31,-2.21,2.31,-2.21,INF,-1,0,7,0
12860,1,1,24.606,-24.785,2.30,-2.31,2.30,-2.32,INF,-1,0,7,0
12880,1,1,23.204,-24.467,2.17,-2.28,2.17,-2.29,INF,-1,0,7,0
12900,1,1,24.769,-22.893,2.31,-2.14,2.31,-2.14,INF,-1,0,7,0
12920,1,1,24.212,-23.776,2.26,-2.22,2.26,-2.22,INF,-1,0,7,0
12940,1,1,24.555,-23.829,2.29,-2.22,2.29,-2.23,INF,-1,0,7,0
12960,1,1,23.442,-22.700,2.19,-2.12,2.19,-2.12,INF,-1,0,7,0
12980,1,1,23.637,-24.705,2.21,-2.31,2.21,-2.31,INF,-1,0,7,0
13000,1,1,24.862,-23.618,2.32,-2.20,2.32,-2.21,INF,-1,0,7,0
13020,1,1,24.095,-22.325,2.25,-2.08,2.25,-2.09,INF,-1,1,7,0
13040,1,1,24.439,-22.751,2.28,-2.12,2.28,-2.13,INF,-1,1,7,0
13060,1,1,24.398,-23.015,2.28,-2.15,2.28,-2.15,INF,-1,1,7,0
13080,1,1,19.614,-18.706,1.83,-1.75,1.83,-1.75,INF,-1,1,7,0
13100,1,1,20.106,-19.220,1.88,-1.79,1.88,-1.80,INF,-1,1,7,0
13120,1,1,19.253,-20.027,1.80,-1.87,1.80,-1.87,INF,-1,1,7,0
13140,1,1,19.692,-20.608,1.84,-1.92,1.84,-1.93,INF,-1,1,7,0
13160,1,1,19.474,-19.960,1.82,-1.86,1.82,-1.86,INF,-1,1,7,0
13180,1,1,19.851,-21.292,1.85,-1.99,1.85,-1.99,INF,-1,1,7,0
13200,1,1,19.877,-20.749,1.86,-1.94,1.86,-1.94,INF,-1,1,7,0
13220,1,1,20.311,-19.997,1.90,-1.87,1.90,-1.87,INF,-1,1,7,0
13240,1,1,19.801,-21.859,1.85,-2.04,1.85,-2.04,INF,-1,1,7,0
13260,1,1,20.616,-20.213,1.93,-1.89,1.93,-1.89,INF,-1,1,7,0
13280,1,1,20.548,-20.262,1.92,-1.89,1.92,-1.89,INF,-1,1,7,0
13300,1,1,21.242,-19.104,1.98,-1.78,1.98,-1.79,INF,-1,1,7,0
13320,1,1,5.326,3.919,0.50,0.37,0.50,0.37,INF,-1,1,7,0
13340,1,1,4.743,3.376,0.44,0.32,0.44,0.32,INF,-1,1,7,0
13360,1,1,3.369,0.553,0.31,0.05,0.31,0.05,INF,-1,0,7,0
13380,1,1,3.328,1.714,0.31,0.16,0.31,0.16,INF,-1,0,7,0
13400,1,1,3.248,2.339,0.30,0.22,0.30,0.22,INF,-1,0,7,0
13420,1,1,3.781,2.387,0.35,0.22,0.35,0.22,INF,-1,0,7,0
13440,1,1,3.775,0.918,0.35,0.09,0.35,0.09,INF,-1,0,7,0
13460,1,1,3.395,0.279,0.32,0.03,0.32,0.03,INF,-1,0,7,0
13480,1,1,4.188,1.401,0.39,0.13,0.39,0.13,INF,-1,0,7,0
13500,1,1,3.839,0.876,0.36,0.08,0.36,0.08,INF,-1,0,7,0
13520,1,1,2.512,2.093,0.23,0.20,0.23,0.20,INF,-1,0,7,0
13540,1,1,3.438,1.656,0.32,0.15,0.32,0.15,INF,-1,0,7,0
13560,1,1,3.439,1.424,0.32,0.13,0.32,0.13,INF,-1,0,7,0
13580,1,1,3.860,1.736,0.36,0.16,0.36,0.16,INF,-1,0,7,0
13600,1,1,3.299,2.180,0.31,0.20,0.31,0.20,INF,-1,1,7,0
13620,1,1,-5.893,3.219,-0.55,0.30,-0.55,0.30,INF,-1,1,7,0
13640,1,1,-7.285,3.096,-0.68,0.29,-0.68,0.29,INF,-1,1,7,0
13660,1,1,-6.765,3.561,-0.63,0.33,-0.63,0.33,INF,-1,1,7,0
13680,1,1,-6.138,3.142,-0.57,0.29,-0.57,0.29,INF,-1,1,7,0
13700,1,1,-7.098,3.741,-0.66,0.35,-0.66,0.35,INF,-1,1,7,0
13720,1,1,-5.843,3.069,-0.55,0.29,-0.55,0.29,INF,-1,1,7,0
13740,1,1,-6.464,3.778,-0.60,0.35,-0.60,0.35,INF,-1,1,7,0
13760,1,1,-5.920,3.924,-0.55,0.37,-0.55,0.37,INF,-1,1,7,0
13780,1,1,-5.953,2.892,-0.56,0.27,-0.56,0.27,INF,-1,1,7,0
13800,1,1,-6.527,3.317,-0.61,0.31,-0.61,0.31,INF,-1,1,7,0
13820,1,1,-6.115,2.931,-0.57,0.27,-0.57,0.27,INF,-1,1,7,0
13840,1,1,-4.914,4.048,-0.46,0.38,-0.46,0.38,INF,-1,1,7,0
13860,1,1,-3.835,3.641,-0.36,0.34,-0.36,0.34,INF,-1,1,7,0
13880,1,1,-4.307,2.744,-0.40,0.26,-0.40,0.26,INF,-1,1,7,0
13900,1,1,-4.688,4.433,-0.44,0.41,-0.44,0.41,INF,-1,1,7,0
13920,1,1,-3.197,4.087,-0.30,0.38,-0.30,0.38,INF,-1,1,7,0
13940,1,1,-3.971,4.504,-0.37,0.42,-0.37,0.42,INF,-1,1,7,0
13960,1,1,-3.774,5.043,-0.35,0.47,-0.35,0.47,INF,-1,1,7,0
13980,1,1,-3.890,4.293,-0.36,0.40,-0.36,0.40,INF,-1,1,7,0
14000,1,1,-3.922,3.853,-0.37,0.36,-0.37,0.36,INF,-1,1,7,0
14020,1,1,-3.960,5.155,-0.37,0.48,-0.37,0.48,INF,-1,1,7,0
14040,1,1,-5.013,4.402,-0.47,0.41,-0.47,0.41,INF,-1,1,7,0
14060,1,1,-3.770,4.594,-0.35,0.43,-0.35,0.43,INF,-1,1,7,0
14080,1,1,5.056,5.661,0.47,0.53,0.47,0.53,INF,-1,1,7,0
14100,1,1,2.467,5.432,0.23,0.51,0.23,0.51,INF,-1,1,7,0
14120,1,1,2.013,7.744,0.19,0.72,0.19,0.72,INF,-1,1,7,0
14140,1,1,2.628,7.580,0.25,0.71,0.25,0.71,INF,-1,1,7,0
14160,1,1,2.876,7.483,0.27,0.70,0.27,0.70,INF,-1,1,7,0
14180,1,1,2.789,6.950,0.26,0.65,0.26,0.65,INF,-1,1,7,0
14200,1,1,2.801,6.515,0.26,0.61,0.26,0.61,INF,-1,1,7,0
14220,1,1,2.332,6.310,0.22,0.59,0.22,0.59,INF,-1,1,7,0
14240,1,1,2.203,5.204,0.21,0.49,0.21,0.49,INF,-1,1,7,0
14260,1,1,1.167,6.632,0.11,0.62,0.11,0.62,INF,-1,1,7,0
14280,1,1,1.692,5.775,0.16,0.54,0.16,0.54,INF,-1,1,7,0
14300,1,1,3.255,7.288,0.30,0.68,0.30,0.68,INF,-1,1,7,0
14320,1,1,2.322,6.347,0.22,0.59,0.22,0.59,INF,-1,1,7,0
14340,1,1,3.439,6.540,0.32,0.61,0.32,0.61,INF,-1,1,7,0
14360,1,1,5.505,4.750,0.51,0.44,0.51,0.44,INF,-1,1,7,0
14380,1,1,4.848,5.620,0.45,0.53,0.45,0.53,INF,-1,1,7,0
14400,1,1,5.567,6.499,0.52,0.61,0.52,0.61,INF,-1,1,7,0
14420,1,1,5.534,8.588,0.52,0.80,0.52,0.80,INF,-1,1,7,0
14440,1,1,5.566,7.583,0.52,0.71,0.52,0.71,INF,-1,1,7,0
14460,1,1,6.095,7.487,0.57,0.70,0.57,0.70,INF,-1,1,7,0
14480,1,1,4.042,7.226,0.38,0.68,0.38,0.68,INF,-1,1,7,0
14500,1,1,4.806,6.456,0.45,0.60,0.45,0.60,INF,-1,1,7,0
14520,1,1,4.582,6.576,0.43,0.61,0.43,0.61,INF,-1,1,7,0
14540,1,1,4.615,6.124,0.43,0.57,0.43,0.57,INF,-1,1,7,0
14560,1,1,3.994,6.804,0.37,0.64,0.37,0.64,INF,-1,1,7,0
14580,1,1,5.510,6.484,0.51,0.61,0.51,0.61,INF,-1,1,7,0
14600,1,1,6.088,6.662,0.57,0.62,0.57,0.62,INF,-1,1,7,0
14620,1,1,6.057,5.361,0.57,0.50,0.57,0.50,INF,-1,1,7,0
14640,1,1,7.530,6.225,0.70,0.58,0.70,0.58,INF,-1,1,7,0
14660,1,1,-11.009,4.177,-1.03,0.39,-1.03,0.39,INF,-1,1,7,0
14680,1,1,-10.620,3.912,-0.99,0.37,-0.99,0.37,INF,-1,1,7,0
14700,1,1,-9.162,3.555,-0.86,0.33,-0.86,0.33,INF,-1,0,7,0
14720,1,1,-9.292,2.463,-0.87,0.23,-0.87,0.23,INF,-1,0,7,0
14740,1,1,-8.309,4.060,-0.78,0.38,-0.78,0.38,INF,-1,0,7,0
14760,1,1,-9.147,3.250,-0.85,0.30,-0.85,0.30,INF,-1,0,7,0
14780,1,1,-9.767,2.811,-0.91,0.26,-0.91,0.26,INF,-1,0,7,0
14800,1,1,-8.943,2.219,-0.84,0.21,-0.84,0.21,INF,-1,0,7,0
14820,1,1,-9.046,3.551,-0.85,0.33,-0.85,0.33,INF,-1,0,7,0
14840,1,1,-8.348,3.528,-0.78,0.33,-0.78,0.33,INF,-1,0,7,0
14860,1,1,-8.748,2.758,-0.82,0.26,-0.82,0.26,INF,-1,0,7,0
14880,1,1,-8.656,2.363,-0.81,0.22,-0.81,0.22,INF,-1,0,7,0
14900,1,1,-8.762,2.134,-0.82,0.20,-0.82,0.20,INF,-1,0,7,0
14920,1,1,-8.310,5.250,-0.78,0.49,-0.78,0.49,INF,-1,0,7,0
14940,1,1,-8.232,4.836,-0.77,0.45,-0.77,0.45,INF,-1,1,7,0
14960,1,1,-7.928,5.148,-0.74,0.48,-0.74,0.48,INF,-1,1,7,0
14980,1,1,-7.338,5.498,-0.69,0.51,-0.69,0.51,INF,-1,1,7,0
15000,1,1,-8.530,5.123,-0.80,0.48,-0.80,0.48,INF,-1,1,7,0
