"EyeTracker Toolbox version","3.250"
CalibrationParameters_A11,1.08931
CalibrationParameters_A12,0.08358
CalibrationParameters_A13,-0.03391
CalibrationParameters_A21,0.06308
CalibrationParameters_A22,-1.11762
CalibrationParameters_A23,0.04315
CalibrationParameters_A31,-0.00008
CalibrationParameters_A32,-0.00378
CalibrationParameters_E11,-0.17999
CalibrationParameters_E12,0.00008
CalibrationParameters_E21,-0.00038
CalibrationParameters_E22,0.19990
CalibrationParameters_X,-16.95210
CalibrationParameters_Y,-41.96953
CalibrationParameters_Rpc,70.65852
CalibrationParameters_MeanX,159.79620
CalibrationParameters_MeanY,119.74409
CalibrationParameters_ViewDist,613.00000
TimeStamp,Tracked,Calibrated,ScreenPositionXmm,ScreenPositionYmm,FicksLongitude,FicksLatitude,HelmholtzAzimuth,HelmholtzElevation,PupilDiameter,Region,Fixation,DigitalIO,Dropped
0,1,1,-21.977,-1.977,-2.05,-0.18,-2.05,-0.18,INF,-1,0,7,0
20,1,1,-20.595,-1.271,-1.92,-0.12,-1.92,-0.12,INF,-1,0,7,0
40,1,1,-22.589,-1.878,-2.11,-0.18,-2.11,-0.18,INF,-1,0,7,0
60,1,1,-22.169,-2.285,-2.07,-0.21,-2.07,-0.21,INF,-1,0,7,0
80,1,1,-21.376,-0.323,-2.00,-0.03,-2.00,-0.03,INF,-1,0,7,0
100,1,1,-19.907,-1.714,-1.86,-0.16,-1.86,-0.16,INF,-1,0,7,0
120,1,1,-21.465,-0.824,-2.01,-0.08,-2.01,-0.08,INF,-1,0,7,0
140,1,1,-22.162,-0.950,-2.07,-0.09,-2.07,-0.09,INF,-1,0,7,0
160,1,1,-20.799,-1.479,-1.94,-0.14,-1.94,-0.14,INF,-1,0,7,0
180,1,1,-22.213,-1.177,-2.08,-0.11,-2.08,-0.11,INF,-1,0,7,0
200,1,1,0.086,-14.016,0.01,-1.31,0.01,-1.31,INF,-1,0,7,0
220,1,1,4.415,-25.493,0.41,-2.38,0.41,-2.38,INF,-1,0,7,0
240,1,1,4.686,-25.697,0.44,-2.40,0.44,-2.40,INF,-1,0,7,0
260,1,1,4.745,-27.065,0.44,-2.53,0.44,-2.53,INF,-1,0,7,0
280,1,1,3.883,-26.114,0.36,-2.44,0.36,-2.44,INF,-1,0,7,0
300,1,1,4.422,-25.654,0.41,-2.40,0.41,-2.40,INF,-1,0,7,0
320,1,1,4.502,-24.447,0.42,-2.28,0.42,-2.28,INF,-1,0,7,0
340,1,1,4.789,-25.966,0.45,-2.43,0.45,-2.43,INF,-1,0,7,0
360,1,1,3.526,-25.855,0.33,-2.42,0.33,-2.42,INF,-1,0,7,0
380,1,1,5.050,-26.746,0.47,-2.50,0.47,-2.50,INF,-1,0,7,0
400,1,1,4.487,-25.273,0.42,-2.36,0.42,-2.36,INF,-1,0,7,0
420,1,1,4.536,-25.239,0.42,-2.36,0.42,-2.36,INF,-1,0,7,0
440,1,1,4.517,-27.820,0.42,-2.60,0.42,-2.60,INF,-1,0,7,0
460,1,1,-10.484,-30.960,-0.98,-2.89,-0.98,-2.89,INF,-1,0,7,0
480,1,1,-8.745,-31.621,-0.82,-2.95,-0.82,-2.95,INF,-1,1,7,0
500,1,1,-9.571,-33.085,-0.89,-3.09,-0.89,-3.09,INF,-1,0,7,0
520,1,1,-9.717,-30.706,-0.91,-2.87,-0.91,-2.87,INF,-1,0,7,0
540,1,1,-10.382,-31.251,-0.97,-2.92,-0.97,-2.92,INF,-1,0,7,0
560,1,1,-9.477,-31.309,-0.89,-2.92,-0.88,-2.92,INF,-1,0,7,0
580,1,1,-10.244,-31.520,-0.96,-2.94,-0.96,-2.94,INF,-1,0,7,0
600,1,1,-8.664,-30.433,-0.81,-2.84,-0.81,-2.84,INF,-1,0,7,0
620,1,1,-8.033,-30.193,-0.75,-2.82,-0.75,-2.82,INF,-1,0,7,0
640,1,1,-8.602,-32.203,-0.80,-3.01,-0.80,-3.01,INF,-1,0,7,0
660,1,1,-8.399,-32.660,-0.79,-3.05,-0.78,-3.05,INF,-1,0,7,0
680,1,1,-8.898,-30.838,-0.83,-2.88,-0.83,-2.88,INF,-1,0,7,0
700,1,1,-7.884,-32.079,-0.74,-3.00,-0.74,-3.00,INF,-1,0,7,0
720,1,1,-9.435,-30.785,-0.88,-2.87,-0.88,-2.88,INF,-1,0,7,0
740,1,1,-8.293,-31.649,-0.78,-2.96,-0.77,-2.96,INF,-1,1,7,0
760,1,1,-8.983,-31.343,-0.84,-2.93,-0.84,-2.93,INF,-1,1,7,0
780,1,1,-8.297,-30.177,-0.78,-2.82,-0.77,-2.82,INF,-1,1,7,0
800,1,1,-9.606,-30.661,-0.90,-2.86,-0.90,-2.86,INF,-1,1,7,0
820,1,1,-9.683,-32.722,-0.91,-3.06,-0.90,-3.06,INF,-1,1,7,0
840,1,1,-9.910,-30.669,-0.93,-2.86,-0.92,-2.86,INF,-1,1,7,0
860,1,1,-9.364,-29.829,-0.88,-2.79,-0.87,-2.79,INF,-1,1,7,0
880,1,1,-8.947,-30.361,-0.84,-2.84,-0.84,-2.84,INF,-1,1,7,0
900,1,1,-10.244,-29.486,-0.96,-2.75,-0.96,-2.75,INF,-1,1,7,0
920,1,1,-9.228,-30.485,-0.86,-2.85,-0.86,-2.85,INF,-1,1,7,0
940,1,1,-11.475,-30.157,-1.07,-2.82,-1.07,-2.82,INF,-1,1,7,0
960,1,1,-9.942,-29.609,-0.93,-2.76,-0.93,-2.77,INF,-1,1,7,0
980,1,1,-10.113,-31.894,-0.95,-2.98,-0.94,-2.98,INF,-1,1,7,0
1000,1,1,-9.962,-30.079,-0.93,-2.81,-0.93,-2.81,INF,-1,1,7,0
1020,1,1,-10.552,-32.281,-0.99,-3.01,-0.98,-3.01,INF,-1,1,7,0
1040,1,1,-11.304,-30.649,-1.06,-2.86,-1.06,-2.86,INF,-1,1,7,0
1060,1,1,-10.146,-29.204,-0.95,-2.73,-0.95,-2.73,INF,-1,1,7,0
1080,1,1,-10.796,-28.750,-1.01,-2.68,-1.01,-2.69,INF,-1,1,7,0
1100,1,1,-11.371,-29.714,-1.06,-2.77,-1.06,-2.78,INF,-1,1,7,0
1120,1,1,-11.863,-31.417,-1.11,-2.93,-1.11,-2.93,INF,-1,1,7,0
1140,1,1,-11.568,-31.389,-1.08,-2.93,-1.08,-2.93,INF,-1,1,7,0
1160,1,1,-10.654,-31.401,-1.00,-2.93,-0.99,-2.93,INF,-1,1,7,0
1180,1,1,-9.855,-30.504,-0.92,-2.85,-0.92,-2.85,INF,-1,1,7,0
1200,1,1,-9.986,-29.467,-0.93,-2.75,-0.93,-2.75,INF,-1,1,7,0
1220,1,1,-9.193,-30.071,-0.86,-2.81,-0.86,-2.81,INF,-1,1,7,0
1240,1,1,-9.849,-28.867,-0.92,-2.70,-0.92,-2.70,INF,-1,1,7,0
1260,1,1,-8.685,-31.978,-0.81,-2.99,-0.81,-2.99,INF,-1,1,7,0
1280,1,1,-9.197,-28.914,-0.86,-2.70,-0.86,-2.70,INF,-1,1,7,0
1300,1,1,-9.367,-28.319,-0.88,-2.64,-0.87,-2.65,INF,-1,1,7,0
1320,1,1,-9.453,-31.094,-0.88,-2.90,-0.88,-2.90,INF,-1,1,7,0
1340,1,1,-8.902,-29.005,-0.83,-2.71,-0.83,-2.71,INF,-1,1,7,0
1360,1,1,-8.591,-28.442,-0.80,-2.66,-0.80,-2.66,INF,-1,1,7,0
1380,1,1,-8.336,-28.473,-0.78,-2.66,-0.78,-2.66,INF,-1,1,7,0
1400,1,1,-8.481,-27.987,-0.79,-2.61,-0.79,-2.61,INF,-1,1,7,0
1420,1,1,-7.277,-28.408,-0.68,-2.65,-0.68,-2.65,INF,-1,1,7,0
1440,1,1,-8.679,-27.645,-0.81,-2.58,-0.81,-2.58,INF,-1,1,7,0
1460,1,1,-6.512,-29.004,-0.61,-2.71,-0.61,-2.71,INF,-1,1,7,0
1480,1,1,-7.853,-27.022,-0.73,-2.52,-0.73,-2.52,INF,-1,1,7,0
1500,1,1,-6.812,-25.751,-0.64,-2.41,-0.64,-2.41,INF,-1,1,7,0
1520,1,1,-12.076,-27.523,-1.13,-2.57,-1.13,-2.57,INF,-1,1,7,0
1540,1,1,-9.023,-27.700,-0.84,-2.59,-0.84,-2.59,INF,-1,1,7,0
1560,1,1,-8.966,-26.587,-0.84,-2.48,-0.84,-2.48,INF,-1,1,7,0
1580,1,1,-11.175,-27.853,-1.04,-2.60,-1.04,-2.60,INF,-1,1,7,0
1600,1,1,-10.621,-29.202,-0.99,-2.73,-0.99,-2.73,INF,-1,1,7,0
1620,1,1,-10.945,-29.501,-1.02,-2.75,-1.02,-2.76,INF,-1,1,7,0
1640,1,1,-10.175,-29.970,-0.95,-2.80,-0.95,-2.80,INF,-1,1,7,0
1660,1,1,-9.507,-28.971,-0.89,-2.71,-0.89,-2.71,INF,-1,1,7,0
1680,1,1,-11.312,-29.941,-1.06,-2.80,-1.06,-2.80,INF,-1,1,7,0
1700,1,1,-10.710,-29.315,-1.00,-2.74,-1.00,-2.74,INF,-1,1,7,0
1720,1,1,-11.222,-31.137,-1.05,-2.91,-1.05,-2.91,INF,-1,1,7,0
1740,1,1,-8.607,-6.072,-0.80,-0.57,-0.80,-0.57,INF,-1,1,7,0
1760,1,1,-9.391,1.242,-0.88,0.12,-0.88,0.12,INF,-1,1,7,0
1780,1,1,-10.831,-1.239,-1.01,-0.12,-1.01,-0.12,INF,-1,0,7,0
1800,1,1,-9.854,-0.001,-0.92,0.00,-0.92,0.00,INF,-1,0,7,0
1820,1,1,-10.826,-0.906,-1.01,-0.08,-1.01,-0.08,INF,-1,0,7,0
1840,1,1,-11.265,-0.149,-1.05,-0.01,-1.05,-0.01,INF,-1,0,7,0
1860,1,1,-10.338,-0.803,-0.97,-0.08,-0.97,-0.08,INF,-1,0,7,0
1880,1,1,-10.265,-1.829,-0.96,-0.17,-0.96,-0.17,INF,-1,0,7,0
1900,1,1,-11.555,-2.464,-1.08,-0.23,-1.08,-0.23,INF,-1,0,7,0
1920,1,1,-11.536,-1.178,-1.08,-0.11,-1.08,-0.11,INF,-1,0,7,0
1940,1,1,-11.542,-0.643,-1.08,-0.06,-1.08,-0.06,INF,-1,0,7,0
1960,1,1,-12.140,-2.530,-1.13,-0.24,-1.13,-0.24,INF,-1,0,7,0
1980,1,1,-11.845,-1.082,-1.11,-0.10,-1.11,-0.10,INF,-1,0,7,0
2000,1,1,-12.732,-2.392,-1.19,-0.22,-1.19,-0.22,INF,-1,0,7,0
2020,1,1,-12.317,-1.589,-1.15,-0.15,-1.15,-0.15,INF,-1,1,7,0
2040,1,1,-12.091,-0.582,-1.13,-0.05,-1.13,-0.05,INF,-1,1,7,0
2060,1,1,-11.883,-0.946,-1.11,-0.09,-1.11,-0.09,INF,-1,1,7,0
2080,1,1,-12.972,-2.844,-1.21,-0.27,-1.21,-0.27,INF,-1,1,7,0
2100,1,1,-11.494,-0.576,-1.07,-0.05,-1.07,-0.05,INF,-1,1,7,0
2120,1,1,-12.342,-0.659,-1.15,-0.06,-1.15,-0.06,INF,-1,1,7,0
2140,1,1,-14.747,-11.128,-1.38,-1.04,-1.38,-1.04,INF,-1,1,7,0
2160,1,1,-13.264,-20.622,-1.24,-1.93,-1.24,-1.93,INF,-1,1,7,0
2180,1,1,-13.474,-19.393,-1.26,-1.81,-1.26,-1.81,INF,-1,0,7,0
2200,1,1,-13.798,-19.052,-1.29,-1.78,-1.29,-1.78,INF,-1,0,7,0
2220,1,1,-13.214,-18.684,-1.23,-1.75,-1.23,-1.75,INF,-1,0,7,0
2240,1,1,-12.450,-18.752,-1.16,-1.75,-1.16,-1.75,INF,-1,0,7,0
2260,1,1,-12.659,-18.554,-1.18,-1.73,-1.18,-1.73,INF,-1,0,7,0
2280,1,1,-12.090,-18.874,-1.13,-1.76,-1.13,-1.76,INF,-1,0,7,0
2300,1,1,-12.679,-18.034,-1.18,-1.68,-1.18,-1.69,INF,-1,0,7,0
2320,1,1,-12.095,-19.124,-1.13,-1.79,-1.13,-1.79,INF,-1,0,7,0
2340,1,1,-12.628,-19.096,-1.18,-1.78,-1.18,-1.78,INF,-1,0,7,0
2360,1,1,-12.076,-19.143,-1.13,-1.79,-1.13,-1.79,INF,-1,0,7,0
2380,1,1,-12.336,-17.510,-1.15,-1.64,-1.15,-1.64,INF,-1,0,7,0
2400,1,1,-12.263,-18.369,-1.15,-1.72,-1.15,-1.72,INF,-1,0,7,0
2420,1,1,-12.249,-19.505,-1.14,-1.82,-1.14,-1.82,INF,-1,1,7,0
2440,1,1,-11.755,-19.109,-1.10,-1.79,-1.10,-1.79,INF,-1,1,7,0
2460,1,1,-11.685,-17.999,-1.09,-1.68,-1.09,-1.68,INF,-1,1,7,0
2480,1,1,-12.527,-18.259,-1.17,-1.71,-1.17,-1.71,INF,-1,1,7,0
2500,1,1,-13.164,-19.167,-1.23,-1.79,-1.23,-1.79,INF,-1,1,7,0
2520,1,1,-12.803,-18.883,-1.20,-1.76,-1.20,-1.76,INF,-1,1,7,0
2540,1,1,-12.399,-19.620,-1.16,-1.83,-1.16,-1.83,INF,-1,1,7,0
2560,1,1,0.595,-22.365,0.06,-2.09,0.06,-2.09,INF,-1,1,7,0
2580,1,1,0.031,-21.236,0.00,-1.98,0.00,-1.98,INF,-1,1,7,0
2600,1,1,-2.217,-22.853,-0.21,-2.14,-0.21,-2.14,INF,-1,0,7,0
2620,1,1,-1.596,-20.115,-0.15,-1.88,-0.15,-1.88,INF,-1,0,7,0
2640,1,1,-2.145,-20.967,-0.20,-1.96,-0.20,-1.96,INF,-1,0,7,0
2660,1,1,-1.565,-21.621,-0.15,-2.02,-0.15,-2.02,INF,-1,0,7,0
2680,1,1,-0.469,-19.295,-0.04,-1.80,-0.04,-1.80,INF,-1,0,7,0
2700,1,1,-0.541,-21.635,-0.05,-2.02,-0.05,-2.02,INF,-1,0,7,0
2720,1,1,-0.685,-21.338,-0.06,-1.99,-0.06,-1.99,INF,-1,0,7,0
2740,1,1,-0.604,-20.939,-0.06,-1.96,-0.06,-1.96,INF,-1,0,7,0
2760,1,1,-0.914,-21.160,-0.09,-1.98,-0.09,-1.98,INF,-1,0,7,0
2780,1,1,-0.552,-22.326,-0.05,-2.09,-0.05,-2.09,INF,-1,0,7,0
2800,1,1,-0.837,-19.681,-0.08,-1.84,-0.08,-1.84,INF,-1,0,7,0
2820,1,1,-0.196,-21.359,-0.02,-2.00,-0.02,-2.00,INF,-1,0,7,0
2840,1,1,-1.211,-20.717,-0.11,-1.94,-0.11,-1.94,INF,-1,1,7,0
2860,1,1,-1.831,-20.568,-0.17,-1.92,-0.17,-1.92,INF,-1,1,7,0
2880,1,1,-0.618,-20.572,-0.06,-1.92,-0.06,-1.92,INF,-1,1,7,0
2900,1,1,-1.613,-21.140,-0.15,-1.98,-0.15,-1.98,INF,-1,1,7,0
2920,1,1,0.018,-20.409,0.00,-1.91,0.00,-1.91,INF,-1,1,7,0
2940,1,1,-0.875,-20.511,-0.08,-1.92,-0.08,-1.92,INF,-1,1,7,0
2960,1,1,-1.157,-20.484,-0.11,-1.91,-0.11,-1.91,INF,-1,1,7,0
2980,1,1,-1.562,-21.097,-0.15,-1.97,-0.15,-1.97,INF,-1,1,7,0
3000,1,1,-0.713,-18.388,-0.07,-1.72,-0.07,-1.72,INF,-1,1,7,0
3020,1,1,-1.140,-21.449,-0.11,-2.00,-0.11,-2.00,INF,-1,1,7,0
3040,1,1,-9.746,-26.093,-0.91,-2.44,-0.91,-2.44,INF,-1,1,7,0
3060,1,1,-8.660,-25.571,-0.81,-2.39,-0.81,-2.39,INF,-1,1,7,0
3080,1,1,-9.422,-24.168,-0.88,-2.26,-0.88,-2.26,INF,-1,1,7,0
3100,1,1,-8.864,-24.885,-0.83,-2.32,-0.83,-2.32,INF,-1,1,7,0
3120,1,1,-8.055,-25.550,-0.75,-2.39,-0.75,-2.39,INF,-1,1,7,0
3140,1,1,-7.659,-26.606,-0.72,-2.49,-0.72,-2.49,INF,-1,1,7,0
3160,1,1,-7.877,-24.938,-0.74,-2.33,-0.74,-2.33,INF,-1,1,7,0
3180,1,1,-7.185,-24.616,-0.67,-2.30,-0.67,-2.30,INF,-1,1,7,0
3200,1,1,-8.070,-25.476,-0.75,-2.38,-0.75,-2.38,INF,-1,1,7,0
3220,1,1,-8.837,-26.281,-0.83,-2.45,-0.83,-2.45,INF,-1,1,7,0
3240,1,1,-8.304,-25.266,-0.78,-2.36,-0.78,-2.36,INF,-1,1,7,0
3260,1,1,-7.366,-25.414,-0.69,-2.37,-0.69,-2.37,INF,-1,1,7,0
3280,1,1,-7.866,-25.578,-0.74,-2.39,-0.73,-2.39,INF,-1,1,7,0
3300,1,1,-7.917,-25.656,-0.74,-2.40,-0.74,-2.40,INF,-1,1,7,0
3320,1,1,-7.857,-25.709,-0.73,-2.40,-0.73,-2.40,INF,-1,1,7,0
3340,1,1,-7.544,-26.090,-0.71,-2.44,-0.70,-2.44,INF,-1,1,7,0
3360,1,1,-7.305,-24.203,-0.68,-2.26,-0.68,-2.26,INF,-1,1,7,0
3380,1,1,-7.983,-25.229,-0.75,-2.36,-0.75,-2.36,INF,-1,1,7,0
3400,1,1,-8.035,-25.251,-0.75,-2.36,-0.75,-2.36,INF,-1,1,7,0
3420,1,1,-8.458,-25.557,-0.79,-2.39,-0.79,-2.39,INF,-1,1,7,0
3440,1,1,-8.271,-24.943,-0.77,-2.33,-0.77,-2.33,INF,-1,1,7,0
3460,1,1,-8.769,-25.469,-0.82,-2.38,-0.82,-2.38,INF,-1,1,7,0
3480,1,1,-8.714,-24.584,-0.81,-2.30,-0.81,-2.30,INF,-1,1,7,0
3500,1,1,-9.413,-25.026,-0.88,-2.34,-0.88,-2.34,INF,-1,1,7,0
3520,1,1,-7.826,-22.682,-0.73,-2.12,-0.73,-2.12,INF,-1,1,7,0
3540,1,1,-8.895,-24.589,-0.83,-2.30,-0.83,-2.30,INF,-1,1,7,0
3560,1,1,-9.023,-23.771,-0.84,-2.22,-0.84,-2.22,INF,-1,1,7,0
3580,1,1,-9.627,-25.097,-0.90,-2.34,-0.90,-2.34,INF,-1,1,7,0
3600,1,1,-8.962,-25.385,-0.84,-2.37,-0.84,-2.37,INF,-1,1,7,0
3620,1,1,-8.812,-23.531,-0.82,-2.20,-0.82,-2.20,INF,-1,1,7,0
3640,1,1,-9.016,-24.608,-0.84,-2.30,-0.84,-2.30,INF,-1,1,7,0
3660,1,1,-8.515,-23.956,-0.80,-2.24,-0.80,-2.24,INF,-1,1,7,0
3680,1,1,-8.973,-22.804,-0.84,-2.13,-0.84,-2.13,INF,-1,1,7,0
3700,1,1,-8.964,-23.936,-0.84,-2.24,-0.84,-2.24,INF,-1,1,7,0
3720,1,1,-9.090,-24.150,-0.85,-2.26,-0.85,-2.26,INF,-1,1,7,0
3740,1,1,-9.608,-22.446,-0.90,-2.10,-0.90,-2.10,INF,-1,1,7,0
3760,1,1,-10.003,-23.135,-0.93,-2.16,-0.93,-2.16,INF,-1,1,7,0
3780,1,1,-9.628,-23.820,-0.90,-2.22,-0.90,-2.23,INF,-1,1,7,0
3800,1,1,4.156,-23.220,0.39,-2.17,0.39,-2.17,INF,-1,1,7,0
3820,1,1,3.986,-23.881,0.37,-2.23,0.37,-2.23,INF,-1,1,7,0
3840,1,1,2.801,-25.366,0.26,-2.37,0.26,-2.37,INF,-1,1,7,0
3860,1,1,3.731,-22.882,0.35,-2.14,0.35,-2.14,INF,-1,1,7,0
3880,1,1,5.044,-22.512,0.47,-2.10,0.47,-2.10,INF,-1,1,7,0
3900,1,1,3.731,-23.523,0.35,-2.20,0.35,-2.20,INF,-1,1,7,0
3920,1,1,2.967,-23.418,0.28,-2.19,0.28,-2.19,INF,-1,1,7,0
3940,1,1,3.383,-23.670,0.32,-2.21,0.32,-2.21,INF,-1,1,7,0
3960,1,1,2.872,-24.151,0.27,-2.26,0.27,-2.26,INF,-1,1,7,0
3980,1,1,3.635,-24.288,0.34,-2.27,0.34,-2.27,INF,-1,1,7,0
4000,1,1,14.221,-24.434,1.33,-2.28,1.33,-2.28,INF,-1,1,7,0
4020,1,1,13.147,-24.694,1.23,-2.31,1.23,-2.31,INF,-1,1,7,0
4040,1,1,14.094,-23.231,1.32,-2.17,1.32,-2.17,INF,-1,0,7,0
4060,1,1,12.766,-24.911,1.19,-2.33,1.19,-2.33,INF,-1,0,7,0
4080,1,1,13.775,-22.744,1.29,-2.12,1.29,-2.12,INF,-1,0,7,0
4100,1,1,13.777,-23.344,1.29,-2.18,1.29,-2.18,INF,-1,0,7,0
4120,1,1,12.731,-24.213,1.19,-2.26,1.19,-2.26,INF,-1,0,7,0
4140,1,1,13.791,-24.642,1.29,-2.30,1.29,-2.30,INF,-1,0,7,0
4160,1,1,11.221,-23.488,1.05,-2.19,1.05,-2.19,INF,-1,0,7,0
4180,1,1,13.091,-22.888,1.22,-2.14,1.22,-2.14,INF,-1,0,7,0
4200,1,1,13.653,-23.678,1.28,-2.21,1.27,-2.21,INF,-1,0,7,0
4220,1,1,8.829,-23.519,0.83,-2.20,0.82,-2.20,INF,-1,0,7,0
4240,1,1,6.885,-24.786,0.64,-2.32,0.64,-2.32,INF,-1,0,7,0
4260,1,1,8.246,-23.935,0.77,-2.24,0.77,-2.24,INF,-1,0,7,0
4280,1,1,8.309,-23.362,0.78,-2.18,0.78,-2.18,INF,-1,1,7,0
4300,1,1,7.338,-23.518,0.69,-2.20,0.69,-2.20,INF,-1,1,7,0
4320,1,1,8.799,-23.945,0.82,-2.24,0.82,-2.24,INF,-1,1,7,0
4340,1,1,7.251,-23.617,0.68,-2.21,0.68,-2.21,INF,-1,1,7,0
4360,1,1,7.034,-25.376,0.66,-2.37,0.66,-2.37,INF,-1,1,7,0
4380,1,1,6.505,-25.726,0.61,-2.40,0.61,-2.40,INF,-1,1,7,0
4400,1,1,6.812,-24.690,0.64,-2.31,0.64,-2.31,INF,-1,1,7,0
4420,1,1,5.119,-25.877,0.48,-2.42,0.48,-2.42,INF,-1,1,7,0
4440,1,1,7.105,-24.364,0.66,-2.28,0.66,-2.28,INF,-1,1,7,0
4460,1,1,7.511,-24.372,0.70,-2.28,0.70,-2.28,INF,-1,1,7,0
4480,1,1,7.585,-24.268,0.71,-2.27,0.71,-2.27,INF,-1,1,7,0
4500,1,1,7.933,-24.672,0.74,-2.30,0.74,-2.30,INF,-1,1,7,0
4520,1,1,7.020,-25.435,0.66,-2.38,0.66,-2.38,INF,-1,1,7,0
4540,1,1,6.961,-26.699,0.65,-2.49,0.65,-2.49,INF,-1,1,7,0
4560,1,1,7.374,-26.631,0.69,-2.49,0.69,-2.49,INF,-1,1,7,0
4580,1,1,18.134,-25.355,1.69,-2.37,1.69,-2.37,INF,-1,1,7,0
4600,1,1,16.601,-24.358,1.55,-2.27,1.55,-2.28,INF,-1,1,7,0
4620,1,1,16.105,-24.832,1.50,-2.32,1.50,-2.32,INF,-1,1,7,0
4640,1,1,14.779,-25.056,1.38,-2.34,1.38,-2.34,INF,-1,1,7,0
4660,1,1,14.429,-25.378,1.35,-2.37,1.35,-2.37,INF,-1,1,7,0
4680,1,1,15.012,-24.608,1.40,-2.30,1.40,-2.30,INF,-1,1,7,0
4700,1,1,16.479,-24.995,1.54,-2.33,1.54,-2.33,INF,-1,1,7,0
4720,1,1,15.930,-25.737,1.49,-2.40,1.49,-2.40,INF,-1,1,7,0
4740,1,1,17.082,-22.296,1.60,-2.08,1.60,-2.08,INF,-1,1,7,0
4760,1,1,16.517,-24.947,1.54,-2.33,1.54,-2.33,INF,-1,1,7,0
4780,1,1,16.669,-24.886,1.56,-2.32,1.56,-2.32,INF,-1,1,7,0
4800,1,1,15.244,-25.905,1.42,-2.42,1.42,-2.42,INF,-1,1,7,0
4820,1,1,15.065,-24.571,1.41,-2.29,1.41,-2.30,INF,-1,1,7,0
4840,1,1,16.468,-24.645,1.54,-2.30,1.54,-2.30,INF,-1,1,7,0
4860,1,1,16.451,-22.937,1.54,-2.14,1.54,-2.14,INF,-1,1,7,0
4880,1,1,16.659,-24.029,1.56,-2.24,1.56,-2.24,INF,-1,1,7,0
4900,1,1,15.222,-25.022,1.42,-2.34,1.42,-2.34,INF,-1,1,7,0
4920,1,1,14.590,-25.587,1.36,-2.39,1.36,-2.39,INF,-1,1,7,0
4940,1,1,14.305,-25.419,1.34,-2.37,1.34,-2.37,INF,-1,1,7,0
4960,1,1,14.242,-24.371,1.33,-2.28,1.33,-2.28,INF,-1,1,7,0
4980,1,1,15.435,-25.010,1.44,-2.34,1.44,-2.34,INF,-1,1,7,0
5000,1,1,15.487,-23.360,1.45,-2.18,1.45,-2.18,INF,-1,1,7,0
5020,1,1,15.124,-23.668,1.41,-2.21,1.41,-2.21,INF,-1,1,7,0
5040,1,1,-11.799,-25.731,-1.10,-2.40,-1.10,-2.40,INF,-1,1,7,0
5060,1,1,-9.355,-28.630,-0.87,-2.67,-0.87,-2.67,INF,-1,1,7,0
5080,1,1,-9.362,-28.810,-0.87,-2.69,-0.87,-2.69,INF,-1,0,7,0
5100,1,1,-10.246,-28.578,-0.96,-2.67,-0.96,-2.67,INF,-1,0,7,0
5120,1,1,-9.752,-28.976,-0.91,-2.71,-0.91,-2.71,INF,-1,0,7,0
5140,1,1,-10.722,-29.097,-1.00,-2.72,-1.00,-2.72,INF,-1,0,7,0
5160,1,1,-9.688,-28.244,-0.91,-2.64,-0.90,-2.64,INF,-1,0,7,0
5180,1,1,-8.808,-27.190,-0.82,-2.54,-0.82,-2.54,INF,-1,0,7,0
5200,1,1,-9.256,-27.841,-0.87,-2.60,-0.86,-2.60,INF,-1,0,7,0
5220,1,1,-9.136,-28.270,-0.85,-2.64,-0.85,-2.64,INF,-1,0,7,0
5240,1,1,-10.167,-28.018,-0.95,-2.62,-0.95,-2.62,INF,-1,0,7,0
5260,1,1,-10.063,-29.790,-0.94,-2.78,-0.94,-2.78,INF,-1,0,7,0
5280,1,1,-9.254,-28.640,-0.86,-2.67,-0.86,-2.67,INF,-1,0,7,0
5300,1,1,-9.473,-28.474,-0.89,-2.66,-0.88,-2.66,INF,-1,0,7,0
5320,1,1,-9.405,-29.106,-0.88,-2.72,-0.88,-2.72,INF,-1,1,7,0
5340,1,1,-9.020,-28.368,-0.84,-2.65,-0.84,-2.65,INF,-1,1,7,0
5360,1,1,-9.653,-28.797,-0.90,-2.69,-0.90,-2.69,INF,-1,1,7,0
5380,1,1,-10.064,-28.647,-0.94,-2.68,-0.94,-2.68,INF,-1,1,7,0
5400,1,1,-8.604,-26.303,-0.80,-2.46,-0.80,-2.46,INF,-1,1,7,0
5420,1,1,-5.107,-8.491,-0.48,-0.79,-0.48,-0.79,INF,-1,1,7,0
5440,1,1,-7.702,-10.077,-0.72,-0.94,-0.72,-0.94,INF,-1,1,7,0
5460,1,1,-7.369,-8.425,-0.69,-0.79,-0.69,-0.79,INF,-1,0,7,0
5480,1,1,-8.446,-9.053,-0.79,-0.85,-0.79,-0.85,INF,-1,0,7,0
5500,1,1,-7.379,-9.463,-0.69,-0.88,-0.69,-0.88,INF,-1,0,7,0
5520,1,1,-8.019,-9.860,-0.75,-0.92,-0.75,-0.92,INF,-1,0,7,0
5540,1,1,-6.451,-9.142,-0.60,-0.85,-0.60,-0.85,INF,-1,0,7,0
5560,1,1,-8.789,-9.505,-0.82,-0.89,-0.82,-0.89,INF,-1,0,7,0
5580,1,1,-7.941,-7.653,-0.74,-0.72,-0.74,-0.72,INF,-1,0,7,0
5600,1,1,-7.930,-0.527,-0.74,-0.05,-0.74,-0.05,INF,-1,0,7,0
5620,1,1,-7.966,-0.341,-0.74,-0.03,-0.74,-0.03,INF,-1,0,7,0
5640,1,1,-7.792,-0.071,-0.73,-0.01,-0.73,-0.01,INF,-1,0,7,0
5660,1,1,-6.758,0.631,-0.63,0.06,-0.63,0.06,INF,-1,0,7,0
5680,1,1,-6.879,0.409,-0.64,0.04,-0.64,0.04,INF,-1,0,7,0
5700,1,1,-7.130,-0.480,-0.67,-0.04,-0.67,-0.04,INF,-1,1,7,0
5720,1,1,-7.017,1.561,-0.66,0.15,-0.66,0.15,INF,-1,1,7,0
5740,1,1,-8.644,0.832,-0.81,0.08,-0.81,0.08,INF,-1,1,7,0
5760,1,1,-7.077,2.367,-0.66,0.22,-0.66,0.22,INF,-1,1,7,0
5780,1,1,-6.951,-0.418,-0.65,-0.04,-0.65,-0.04,INF,-1,1,7,0
5800,1,1,-7.553,0.294,-0.71,0.03,-0.71,0.03,INF,-1,1,7,0
5820,1,1,-4.403,9.072,-0.41,0.85,-0.41,0.85,INF,-1,1,7,0
5840,1,1,-3.741,10.883,-0.35,1.02,-0.35,1.02,INF,-1,1,7,0
5860,1,1,-3.820,11.023,-0.36,1.03,-0.36,1.03,INF,-1,0,7,0
5880,1,1,-4.138,11.958,-0.39,1.12,-0.39,1.12,INF,-1,0,7,0
5900,1,1,-3.229,11.610,-0.30,1.09,-0.30,1.09,INF,-1,0,7,0
5920,1,1,-3.475,10.434,-0.32,0.98,-0.32,0.98,INF,-1,0,7,0
5940,1,1,-3.850,10.514,-0.36,0.98,-0.36,0.98,INF,-1,0,7,0
5960,1,1,-6.034,9.317,-0.56,0.87,-0.56,0.87,INF,-1,0,7,0
5980,1,1,-3.440,8.972,-0.32,0.84,-0.32,0.84,INF,-1,0,7,0
6000,1,1,-3.481,10.807,-0.33,1.01,-0.33,1.01,INF,-1,0,7,0
6020,1,1,-4.131,9.666,-0.39,0.90,-0.39,0.90,INF,-1,0,7,0
6040,1,1,-3.545,10.973,-0.33,1.03,-0.33,1.03,INF,-1,0,7,0
6060,1,1,7.197,11.154,0.67,1.04,0.67,1.04,INF,-1,0,7,0
6080,1,1,5.992,11.330,0.56,1.06,0.56,1.06,INF,-1,0,7,0
6100,1,1,5.372,9.290,0.50,0.87,0.50,0.87,INF,-1,1,7,0
6120,1,1,5.340,9.128,0.50,0.85,0.50,0.85,INF,-1,1,7,0
6140,1,1,5.162,10.600,0.48,0.99,0.48,0.99,INF,-1,1,7,0
6160,1,1,5.891,10.116,0.55,0.95,0.55,0.95,INF,-1,1,7,0
6180,1,1,6.691,11.235,0.63,1.05,0.63,1.05,INF,-1,1,7,0
6200,1,1,6.923,11.755,0.65,1.10,0.65,1.10,INF,-1,1,7,0
6220,1,1,5.718,10.611,0.53,0.99,0.53,0.99,INF,-1,1,7,0
6240,1,1,5.272,10.105,0.49,0.94,0.49,0.94,INF,-1,1,7,0
6260,1,1,6.101,10.315,0.57,0.96,0.57,0.96,INF,-1,1,7,0
6280,1,1,4.943,10.173,0.46,0.95,0.46,0.95,INF,-1,1,7,0
6300,1,1,6.430,10.942,0.60,1.02,0.60,1.02,INF,-1,1,7,0
6320,1,1,-4.352,2.148,-0.41,0.20,-0.41,0.20,INF,-1,1,7,0
6340,1,1,-10.770,-25.203,-1.01,-2.35,-1.01,-2.35,INF,-1,1,7,0
6360,1,1,-7.990,-23.369,-0.75,-2.18,-0.75,-2.18,INF,-1,1,7,0
6380,1,1,-8.774,-23.685,-0.82,-2.21,-0.82,-2.21,INF,-1,0,7,0
6400,1,1,-9.033,-24.111,-0.84,-2.25,-0.84,-2.25,INF,-1,0,7,0
6420,1,1,-7.344,-23.678,-0.69,-2.21,-0.69,-2.21,INF,-1,0,7,0
6440,1,1,-8.353,-23.455,-0.78,-2.19,-0.78,-2.19,INF,-1,0,7,0
6460,1,1,-8.294,-23.471,-0.78,-2.19,-0.77,-2.19,INF,-1,0,7,0
6480,1,1,-7.111,-23.164,-0.66,-2.16,-0.66,-2.16,INF,-1,0,7,0
6500,1,1,-7.532,-23.333,-0.70,-2.18,-0.70,-2.18,INF,-1,0,7,0
6520,1,1,-8.143,-21.973,-0.76,-2.05,-0.76,-2.05,INF,-1,0,7,0
6540,1,1,-8.397,-23.521,-0.78,-2.20,-0.78,-2.20,INF,-1,0,7,0
6560,1,1,-7.655,-23.298,-0.72,-2.18,-0.71,-2.18,INF,-1,0,7,0
6580,1,1,-6.688,-22.121,-0.63,-2.07,-0.62,-2.07,INF,-1,0,7,0
6600,1,1,-7.768,-24.396,-0.73,-2.28,-0.73,-2.28,INF,-1,0,7,0
6620,1,1,-6.827,-24.989,-0.64,-2.33,-0.64,-2.33,INF,-1,1,7,0
6640,1,1,-3.954,-24.280,-0.37,-2.27,-0.37,-2.27,INF,-1,1,7,0
6660,1,1,-2.519,-25.596,-0.24,-2.39,-0.24,-2.39,INF,-1,1,7,0
6680,1,1,-3.637,-25.831,-0.34,-2.41,-0.34,-2.41,INF,-1,1,7,0
6700,1,1,-3.738,-26.769,-0.35,-2.50,-0.35,-2.50,INF,-1,1,7,0
6720,1,1,-12.400,-34.259,-1.16,-3.20,-1.16,-3.20,INF,-1,1,7,0
6740,1,1,-11.959,-34.287,-1.12,-3.20,-1.12,-3.20,INF,-1,1,7,0
6760,1,1,-11.586,-34.024,-1.08,-3.18,-1.08,-3.18,INF,-1,0,7,0
6780,1,1,-11.388,-34.772,-1.06,-3.25,-1.06,-3.25,INF,-1,0,7,0
6800,1,1,-10.921,-35.063,-1.02,-3.27,-1.02,-3.27,INF,-1,0,7,0
6820,1,1,-10.080,-35.266,-0.94,-3.29,-0.94,-3.29,INF,-1,0,7,0
6840,1,1,-10.802,-33.927,-1.01,-3.17,-1.01,-3.17,INF,-1,0,7,0
6860,1,1,-10.684,-35.822,-1.00,-3.34,-1.00,-3.34,INF,-1,0,7,0
6880,1,1,-11.413,-34.990,-1.07,-3.27,-1.06,-3.27,INF,-1,0,7,0
6900,1,1,-10.150,-32.938,-0.95,-3.08,-0.95,-3.08,INF,-1,0,7,0
6920,1,1,-10.485,-34.608,-0.98,-3.23,-0.98,-3.23,INF,-1,0,7,0
6940,1,1,-11.276,-33.332,-1.05,-3.11,-1.05,-3.11,INF,-1,0,7,0
6960,1,1,-11.693,-34.764,-1.09,-3.25,-1.09,-3.25,INF,-1,0,7,0
6980,1,1,-26.828,-27.895,-2.51,-2.60,-2.50,-2.61,INF,-1,0,7,0
7000,1,1,-46.854,-12.584,-4.37,-1.17,-4.37,-1.18,INF,-1,1,7,0
7020,1,1,-44.036,-13.055,-4.11,-1.22,-4.11,-1.22,INF,-1,0,7,0
7040,1,1,-44.639,-13.030,-4.16,-1.21,-4.16,-1.22,INF,-1,0,7,0
7060,1,1,-45.109,-12.687,-4.21,-1.18,-4.21,-1.19,INF,-1,0,7,0
7080,1,1,-45.091,-12.071,-4.21,-1.13,-4.21,-1.13,INF,-1,0,7,0
7100,1,1,-46.357,-12.599,-4.32,-1.17,-4.32,-1.18,INF,-1,0,7,0
7120,1,1,-44.278,-12.057,-4.13,-1.12,-4.13,-1.13,INF,-1,0,7,0
7140,1,1,-44.890,-11.453,-4.19,-1.07,-4.19,-1.07,INF,-1,0,7,0
7160,1,1,-45.008,-11.275,-4.20,-1.05,-4.20,-1.05,INF,-1,0,7,0
7180,1,1,-44.784,-12.303,-4.18,-1.15,-4.18,-1.15,INF,-1,0,7,0
7200,1,1,-45.623,-12.544,-4.26,-1.17,-4.26,-1.17,INF,-1,0,7,0
7220,1,1,-51.491,-3.283,-4.80,-0.31,-4.80,-0.31,INF,-1,0,7,0
7240,1,1,-53.169,3.747,-4.96,0.35,-4.96,0.35,INF,-1,0,7,0
7260,1,1,-52.622,4.066,-4.91,0.38,-4.91,0.38,INF,-1,0,7,0
7280,1,1,-52.338,3.484,-4.88,0.32,-4.88,0.33,INF,-1,0,7,0
7300,1,1,-52.873,3.621,-4.93,0.34,-4.93,0.34,INF,-1,0,7,0
7320,1,1,-54.429,2.506,-5.07,0.23,-5.07,0.23,INF,-1,0,7,0
7340,1,1,-53.306,2.663,-4.97,0.25,-4.97,0.25,INF,-1,1,7,0
7360,1,1,-54.479,2.261,-5.08,0.21,-5.08,0.21,INF,-1,1,7,0
7380,1,1,-52.542,3.087,-4.90,0.29,-4.90,0.29,INF,-1,1,7,0
7400,1,1,-53.972,3.212,-5.03,0.30,-5.03,0.30,INF,-1,1,7,0
7420,1,1,-53.600,3.505,-5.00,0.33,-5.00,0.33,INF,-1,1,7,0
7440,1,1,-59.118,6.913,-5.51,0.64,-5.51,0.65,INF,-1,0,7,0
7460,1,1,-60.780,9.397,-5.66,0.87,-5.66,0.88,INF,-1,0,7,0
7480,1,1,-60.744,8.949,-5.66,0.83,-5.66,0.84,INF,-1,0,7,0
7500,1,1,-59.735,9.161,-5.57,0.85,-5.57,0.86,INF,-1,0,7,0
7520,1,1,-61.099,8.305,-5.69,0.77,-5.69,0.78,INF,-1,0,7,0
7540,1,1,-61.168,8.113,-5.70,0.75,-5.70,0.76,INF,-1,0,7,0
7560,1,1,-60.739,8.975,-5.66,0.83,-5.66,0.84,INF,-1,0,7,0
7580,1,1,-59.282,8.853,-5.52,0.82,-5.52,0.83,INF,-1,0,7,0
7600,1,1,-59.650,8.852,-5.56,0.82,-5.56,0.83,INF,-1,0,7,0
7620,1,1,-59.837,8.085,-5.58,0.75,-5.57,0.76,INF,-1,0,7,0
7640,1,1,-59.427,8.079,-5.54,0.75,-5.54,0.76,INF,-1,0,7,0
7660,1,1,-59.957,8.639,-5.59,0.80,-5.59,0.81,INF,-1,0,7,0
7680,1,1,-59.835,8.113,-5.58,0.75,-5.57,0.76,INF,-1,1,7,0
7700,1,1,-59.888,9.146,-5.58,0.85,-5.58,0.85,INF,-1,1,7,0
7720,1,1,-30.415,4.303,-2.84,0.40,-2.84,0.40,INF,-1,1,7,0
7740,1,1,57.847,8.234,5.39,0.77,5.39,0.77,INF,-1,1,7,0
7760,1,1,41.411,8.250,3.86,0.77,3.86,0.77,INF,-1,0,7,0
7780,1,1,43.985,9.292,4.10,0.87,4.10,0.87,INF,-1,0,7,0
7800,1,1,43.404,10.649,4.05,0.99,4.05,1.00,INF,-1,0,7,0
7820,1,1,42.121,11.062,3.93,1.03,3.93,1.03,INF,-1,0,7,0
7840,1,1,42.695,8.682,3.98,0.81,3.98,0.81,INF,-1,0,7,0
7860,1,1,43.257,9.518,4.04,0.89,4.04,0.89,INF,-1,0,7,0
7880,1,1,42.950,10.004,4.01,0.93,4.01,0.93,INF,-1,0,7,0
7900,1,1,42.176,11.262,3.94,1.05,3.94,1.05,INF,-1,0,7,0
7920,1,1,43.260,11.099,4.04,1.03,4.04,1.04,INF,-1,0,7,0
7940,1,1,42.434,11.179,3.96,1.04,3.96,1.04,INF,-1,0,7,0
7960,1,1,43.249,11.090,4.04,1.03,4.04,1.04,INF,-1,0,7,0
7980,1,1,44.175,12.969,4.12,1.21,4.12,1.21,INF,-1,0,7,0
8000,1,1,49.628,23.198,4.63,2.16,4.63,2.17,INF,-1,0,7,0
8020,1,1,50.234,22.489,4.68,2.09,4.68,2.10,INF,-1,0,7,0
8040,1,1,49.894,23.120,4.65,2.15,4.65,2.16,INF,-1,0,7,0
8060,1,1,49.896,24.503,4.65,2.28,4.65,2.29,INF,-1,0,7,0
8080,1,1,49.921,22.616,4.66,2.11,4.65,2.11,INF,-1,1,7,0
8100,1,1,51.035,23.089,4.76,2.15,4.76,2.16,INF,-1,1,7,0
8120,1,1,50.172,21.951,4.68,2.04,4.68,2.05,INF,-1,1,7,0
8140,1,1,49.618,22.324,4.63,2.08,4.62,2.09,INF,-1,1,7,0
8160,1,1,51.819,23.769,4.83,2.21,4.83,2.22,INF,-1,1,7,0
8180,1,1,51.095,22.548,4.76,2.10,4.76,2.11,INF,-1,1,7,0
8200,1,1,50.211,21.653,4.68,2.02,4.68,2.02,INF,-1,1,7,0
8220,1,1,48.282,22.424,4.50,2.09,4.50,2.09,INF,-1,1,7,0
8240,1,1,48.167,22.459,4.49,2.09,4.49,2.10,INF,-1,1,7,0
8260,1,1,49.206,21.610,4.59,2.01,4.59,2.02,INF,-1,1,7,0
8280,1,1,50.958,27.160,4.75,2.53,4.75,2.54,INF,-1,1,7,0
8300,1,1,50.780,26.786,4.74,2.49,4.73,2.50,INF,-1,1,7,0
8320,1,1,52.079,26.727,4.86,2.49,4.85,2.50,INF,-1,0,7,0
8340,1,1,51.198,27.244,4.77,2.54,4.77,2.54,INF,-1,0,7,0
8360,1,1,49.843,24.693,4.65,2.30,4.64,2.31,INF,-1,0,7,0
8380,1,1,51.702,25.074,4.82,2.33,4.82,2.34,INF,-1,0,7,0
8400,1,1,51.139,27.095,4.77,2.52,4.76,2.53,INF,-1,0,7,0
8420,1,1,50.294,25.556,4.69,2.38,4.69,2.39,INF,-1,0,7,0
8440,1,1,52.732,26.454,4.92,2.46,4.91,2.47,INF,-1,0,7,0
8460,1,1,51.746,26.511,4.83,2.47,4.82,2.48,INF,-1,0,7,0
8480,1,1,52.497,24.449,4.89,2.28,4.89,2.28,INF,-1,0,7,0
8500,1,1,51.799,25.464,4.83,2.37,4.83,2.38,INF,-1,0,7,0
8520,1,1,51.708,26.314,4.82,2.45,4.82,2.46,INF,-1,0,7,0
8540,1,1,52.125,26.389,4.86,2.46,4.86,2.46,INF,-1,0,7,0
8560,1,1,16.301,2.720,1.52,0.25,1.52,0.25,INF,-1,1,7,0
8580,1,1,10.898,-29.755,1.02,-2.78,1.02,-2.78,INF,-1,1,7,0
8600,1,1,14.035,-26.437,1.31,-2.47,1.31,-2.47,INF,-1,0,7,0
8620,1,1,11.100,-30.119,1.04,-2.81,1.04,-2.81,INF,-1,0,7,0
8640,1,1,11.263,-30.088,1.05,-2.81,1.05,-2.81,INF,-1,0,7,0
8660,1,1,11.208,-30.835,1.05,-2.88,1.05,-2.88,INF,-1,0,7,0
8680,1,1,11.243,-30.021,1.05,-2.80,1.05,-2.80,INF,-1,0,7,0
8700,1,1,10.154,-31.356,0.95,-2.93,0.95,-2.93,INF,-1,0,7,0
8720,1,1,10.662,-32.305,1.00,-3.02,1.00,-3.02,INF,-1,0,7,0
8740,1,1,10.871,-30.036,1.02,-2.80,1.01,-2.81,INF,-1,0,7,0
8760,1,1,11.425,-30.683,1.07,-2.86,1.07,-2.87,INF,-1,0,7,0
8780,1,1,11.152,-31.457,1.04,-2.94,1.04,-2.94,INF,-1,0,7,0
8800,1,1,10.630,-31.606,0.99,-2.95,0.99,-2.95,INF,-1,0,7,0
8820,1,1,11.186,-31.363,1.05,-2.93,1.04,-2.93,INF,-1,0,7,0
8840,1,1,10.458,-32.547,0.98,-3.04,0.98,-3.04,INF,-1,0,7,0
8860,1,1,12.062,-29.814,1.13,-2.78,1.13,-2.78,INF,-1,1,7,0
8880,1,1,12.370,-34.089,1.16,-3.18,1.15,-3.18,INF,-1,1,7,0
8900,1,1,-45.518,-17.045,-4.25,-1.59,-4.25,-1.59,INF,-1,1,7,0
8920,1,1,-52.732,-7.518,-4.92,-0.70,-4.92,-0.70,INF,-1,1,7,0
8940,1,1,-54.488,-6.751,-5.08,-0.63,-5.08,-0.63,INF,-1,0,7,0
8960,1,1,-54.528,-5.998,-5.08,-0.56,-5.08,-0.56,INF,-1,0,7,0
8980,1,1,-54.699,-6.214,-5.10,-0.58,-5.10,-0.58,INF,-1,0,7,0
9000,1,1,-55.709,-5.338,-5.19,-0.50,-5.19,-0.50,INF,-1,0,7,0
9020,1,1,-53.848,-5.687,-5.02,-0.53,-5.02,-0.53,INF,-1,0,7,0
9040,1,1,-53.514,-5.641,-4.99,-0.53,-4.99,-0.53,INF,-1,0,7,0
9060,1,1,-53.025,-6.381,-4.94,-0.59,-4.94,-0.60,INF,-1,0,7,0
9080,1,1,-52.151,-6.280,-4.86,-0.58,-4.86,-0.59,INF,-1,0,7,0
9100,1,1,-52.728,-6.324,-4.92,-0.59,-4.92,-0.59,INF,-1,0,7,0
9120,1,1,-52.695,-7.049,-4.91,-0.66,-4.91,-0.66,INF,-1,0,7,0
9140,1,1,-52.878,-6.857,-4.93,-0.64,-4.93,-0.64,INF,-1,0,7,0
9160,1,1,-53.517,-7.231,-4.99,-0.67,-4.99,-0.68,INF,-1,0,7,0
9180,1,1,-53.089,-7.780,-4.95,-0.72,-4.95,-0.73,INF,-1,0,7,0
9200,1,1,-53.116,-5.972,-4.95,-0.56,-4.95,-0.56,INF,-1,1,7,0
9220,1,1,-52.661,-7.029,-4.91,-0.65,-4.91,-0.66,INF,-1,1,7,0
9240,1,1,-53.170,-5.483,-4.96,-0.51,-4.96,-0.51,INF,-1,1,7,0
9260,1,1,-52.897,-6.433,-4.93,-0.60,-4.93,-0.60,INF,-1,1,7,0
9280,1,1,-51.415,-6.507,-4.79,-0.61,-4.79,-0.61,INF,-1,1,7,0
9300,1,1,-53.651,-6.251,-5.00,-0.58,-5.00,-0.58,INF,-1,1,7,0
9320,1,1,-51.953,-6.048,-4.84,-0.56,-4.84,-0.57,INF,-1,1,7,0
9340,1,1,-56.944,-1.294,-5.31,-0.12,-5.31,-0.12,INF,-1,1,7,0
9360,1,1,-60.099,3.081,-5.60,0.29,-5.60,0.29,INF,-1,1,7,0
9380,1,1,-57.849,3.196,-5.39,0.30,-5.39,0.30,INF,-1,1,7,0
9400,1,1,-59.051,5.036,-5.50,0.47,-5.50,0.47,INF,-1,0,7,0
9420,1,1,-59.018,5.211,-5.50,0.48,-5.50,0.49,INF,-1,0,7,0
9440,1,1,-60.787,4.248,-5.66,0.40,-5.66,0.40,INF,-1,0,7,0
9460,1,1,-58.617,4.817,-5.46,0.45,-5.46,0.45,INF,-1,0,7,0
9480,1,1,-60.060,4.018,-5.60,0.37,-5.60,0.38,INF,-1,0,7,0
9500,1,1,-61.115,4.128,-5.69,0.38,-5.69,0.39,INF,-1,0,7,0
9520,1,1,-60.476,4.268,-5.63,0.40,-5.63,0.40,INF,-1,0,7,0
9540,1,1,-61.201,5.385,-5.70,0.50,-5.70,0.50,INF,-1,0,7,0
9560,1,1,-60.717,5.055,-5.66,0.47,-5.66,0.47,INF,-1,0,7,0
9580,1,1,-61.035,3.978,-5.69,0.37,-5.69,0.37,INF,-1,0,7,0
9600,1,1,-60.396,3.902,-5.63,0.36,-5.63,0.36,INF,-1,0,7,0
9620,1,1,-60.145,4.618,-5.60,0.43,-5.60,0.43,INF,-1,0,7,0
9640,1,1,-60.275,3.884,-5.62,0.36,-5.62,0.36,INF,-1,1,7,0
9660,1,1,-60.163,5.773,-5.61,0.54,-5.61,0.54,INF,-1,1,7,0
9680,1,1,-60.672,5.248,-5.65,0.49,-5.65,0.49,INF,-1,1,7,0
9700,1,1,-61.191,6.604,-5.70,0.61,-5.70,0.62,INF,-1,1,7,0
9720,1,1,-63.793,9.053,-5.94,0.84,-5.94,0.85,INF,-1,1,7,0
9740,1,1,-65.788,14.003,-6.13,1.30,-6.12,1.31,INF,-1,1,7,0
9760,1,1,-64.172,14.774,-5.98,1.37,-5.97,1.38,INF,-1,1,7,0
9780,1,1,-65.976,15.435,-6.14,1.43,-6.14,1.44,INF,-1,0,7,0
9800,1,1,-66.171,13.971,-6.16,1.30,-6.16,1.31,INF,-1,0,7,0
9820,1,1,-65.944,12.934,-6.14,1.20,-6.14,1.21,INF,-1,0,7,0
9840,1,1,-65.373,12.593,-6.09,1.17,-6.09,1.18,INF,-1,0,7,0
9860,1,1,-66.345,14.987,-6.18,1.39,-6.18,1.40,INF,-1,0,7,0
9880,1,1,-66.653,13.521,-6.21,1.26,-6.20,1.26,INF,-1,0,7,0
9900,1,1,-65.771,13.619,-6.12,1.27,-6.12,1.27,INF,-1,0,7,0
9920,1,1,-64.371,24.401,-5.99,2.27,-5.99,2.28,INF,-1,0,7,0
9940,1,1,-65.753,25.047,-6.12,2.33,-6.12,2.34,INF,-1,0,7,0
9960,1,1,-65.485,24.895,-6.10,2.31,-6.09,2.33,INF,-1,0,7,0
9980,1,1,-66.285,24.742,-6.17,2.30,-6.17,2.31,INF,-1,0,7,0
10000,1,1,-66.139,24.723,-6.16,2.30,-6.15,2.31,INF,-1,0,7,0
10020,1,1,-67.198,26.093,-6.26,2.42,-6.25,2.44,INF,-1,1,7,0
10040,1,1,-66.058,24.992,-6.15,2.32,-6.15,2.33,INF,-1,1,7,0
10060,1,1,-66.697,26.052,-6.21,2.42,-6.20,2.43,INF,-1,1,7,0
10080,1,1,-66.783,25.530,-6.22,2.37,-6.21,2.38,INF,-1,1,7,0
10100,1,1,-67.538,26.011,-6.29,2.42,-6.28,2.43,INF,-1,1,7,0
10120,1,1,-67.913,25.738,-6.32,2.39,-6.32,2.40,INF,-1,1,7,0
10140,1,1,-67.173,26.075,-6.25,2.42,-6.25,2.44,INF,-1,1,7,0
10160,1,1,-67.039,25.475,-6.24,2.37,-6.24,2.38,INF,-1,1,7,0
10180,1,1,-64.417,19.127,-6.00,1.78,-6.00,1.79,INF,-1,1,7,0
10200,1,1,-14.443,-6.977,-1.35,-0.65,-1.35,-0.65,INF,-1,1,7,0
10220,1,1,-12.944,-11.607,-1.21,-1.08,-1.21,-1.08,INF,-1,1,7,0
10240,1,1,-13.727,-10.327,-1.28,-0.96,-1.28,-0.97,INF,-1,0,7,0
10260,1,1,-14.090,-12.189,-1.32,-1.14,-1.32,-1.14,INF,-1,0,7,0
10280,1,1,-13.726,-11.544,-1.28,-1.08,-1.28,-1.08,INF,-1,0,7,0
10300,1,1,-14.547,-12.393,-1.36,-1.16,-1.36,-1.16,INF,-1,0,7,0
10320,1,1,-13.659,-11.958,-1.28,-1.12,-1.28,-1.12,INF,-1,0,7,0
10340,1,1,-14.275,-12.217,-1.33,-1.14,-1.33,-1.14,INF,-1,0,7,0
10360,1,1,-12.609,-11.277,-1.18,-1.05,-1.18,-1.05,INF,-1,0,7,0
10380,1,1,-12.415,-10.186,-1.16,-0.95,-1.16,-0.95,INF,-1,0,7,0
10400,1,1,11.183,-24.318,1.05,-2.27,1.04,-2.27,INF,-1,0,7,0
10420,1,1,9.113,-22.691,0.85,-2.12,0.85,-2.12,INF,-1,0,7,0
10440,1,1,8.681,-22.264,0.81,-2.08,0.81,-2.08,INF,-1,0,7,0
10460,1,1,8.707,-22.558,0.81,-2.11,0.81,-2.11,INF,-1,0,7,0
10480,1,1,7.248,-24.804,0.68,-2.32,0.68,-2.32,INF,-1,0,7,0
10500,1,1,7.510,-25.055,0.70,-2.34,0.70,-2.34,INF,-1,0,7,0
10520,1,1,9.343,-23.705,0.87,-2.21,0.87,-2.21,INF,-1,0,7,0
10540,1,1,8.372,-23.273,0.78,-2.17,0.78,-2.17,INF,-1,0,7,0
10560,1,1,8.780,-23.416,0.82,-2.19,0.82,-2.19,INF,-1,1,7,0
10580,1,1,9.400,-23.573,0.88,-2.20,0.88,-2.20,INF,-1,1,7,0
10600,1,1,9.270,-23.791,0.87,-2.22,0.87,-2.22,INF,-1,0,7,0
10620,1,1,8.111,-24.166,0.76,-2.26,0.76,-2.26,INF,-1,0,7,0
10640,1,1,7.864,-24.525,0.74,-2.29,0.73,-2.29,INF,-1,0,7,0
10660,1,1,21.455,-24.116,2.00,-2.25,2.00,-2.25,INF,-1,0,7,0
10680,1,1,19.401,-23.187,1.81,-2.17,1.81,-2.17,INF,-1,0,7,0
10700,1,1,20.009,-23.653,1.87,-2.21,1.87,-2.21,INF,-1,0,7,0
10720,1,1,20.781,-23.489,1.94,-2.19,1.94,-2.19,INF,-1,0,7,0
10740,1,1,20.687,-23.417,1.93,-2.19,1.93,-2.19,INF,-1,0,7,0
10760,1,1,20.100,-23.686,1.88,-2.21,1.88,-2.21,INF,-1,0,7,0
10780,1,1,20.092,-22.830,1.88,-2.13,1.88,-2.13,INF,-1,0,7,0
10800,1,1,21.358,-23.404,2.00,-2.19,1.99,-2.19,INF,-1,0,7,0
10820,1,1,20.908,-23.576,1.95,-2.20,1.95,-2.20,INF,-1,0,7,0
10840,1,1,21.430,-22.515,2.00,-2.10,2.00,-2.10,INF,-1,1,7,0
10860,1,1,21.611,-22.893,2.02,-2.14,2.02,-2.14,INF,-1,1,7,0
10880,1,1,19.909,-24.276,1.86,-2.27,1.86,-2.27,INF,-1,1,7,0
10900,1,1,20.882,-23.944,1.95,-2.24,1.95,-2.24,INF,-1,1,7,0
10920,1,1,21.637,-23.591,2.02,-2.20,2.02,-2.20,INF,-1,1,7,0
10940,1,1,22.146,-24.153,2.07,-2.25,2.07,-2.26,INF,-1,1,7,0
10960,1,1,22.886,-23.285,2.14,-2.17,2.14,-2.18,INF,-1,1,7,0
10980,1,1,21.585,-21.840,2.02,-2.04,2.02,-2.04,INF,-1,1,7,0
11000,1,1,19.962,-23.629,1.87,-2.21,1.86,-2.21,INF,-1,1,7,0
11020,1,1,20.544,-23.899,1.92,-2.23,1.92,-2.23,INF,-1,1,7,0
11040,1,1,-3.740,-25.242,-0.35,-2.36,-0.35,-2.36,INF,-1,1,7,0
11060,1,1,-5.115,-26.384,-0.48,-2.46,-0.48,-2.46,INF,-1,1,7,0
11080,1,1,-3.266,-26.139,-0.31,-2.44,-0.31,-2.44,INF,-1,0,7,0
11100,1,1,-4.876,-26.482,-0.46,-2.47,-0.46,-2.47,INF,-1,0,7,0
11120,1,1,-3.967,-26.602,-0.37,-2.48,-0.37,-2.48,INF,-1,0,7,0
11140,1,1,-3.695,-25.995,-0.35,-2.43,-0.35,-2.43,INF,-1,0,7,0
11160,1,1,-4.775,-27.108,-0.45,-2.53,-0.45,-2.53,INF,-1,0,7,0
11180,1,1,-4.401,-27.085,-0.41,-2.53,-0.41,-2.53,INF,-1,0,7,0
11200,1,1,-5.045,-25.843,-0.47,-2.41,-0.47,-2.41,INF,-1,0,7,0
11220,1,1,-3.598,-26.656,-0.34,-2.49,-0.34,-2.49,INF,-1,0,7,0
11240,1,1,-4.481,-26.638,-0.42,-2.49,-0.42,-2.49,INF,-1,0,7,0
11260,1,1,-4.216,-26.679,-0.39,-2.49,-0.39,-2.49,INF,-1,0,7,0
11280,1,1,-3.572,-25.906,-0.33,-2.42,-0.33,-2.42,INF,-1,0,7,0
11300,1,1,-4.494,-25.333,-0.42,-2.37,-0.42,-2.37,INF,-1,0,7,0
11320,1,1,-3.851,-24.939,-0.36,-2.33,-0.36,-2.33,INF,-1,1,7,0
11340,1,1,-4.257,-24.114,-0.40,-2.25,-0.40,-2.25,INF,-1,1,7,0
11360,1,1,-4.002,-26.252,-0.37,-2.45,-0.37,-2.45,INF,-1,1,7,0
11380,1,1,-11.924,-26.670,-1.11,-2.49,-1.11,-2.49,INF,-1,1,7,0
11400,1,1,-12.133,-27.781,-1.13,-2.59,-1.13,-2.59,INF,-1,1,7,0
11420,1,1,-12.731,-26.961,-1.19,-2.52,-1.19,-2.52,INF,-1,1,7,0
11440,1,1,-13.039,-27.108,-1.22,-2.53,-1.22,-2.53,INF,-1,1,7,0
11460,1,1,-10.199,-26.821,-0.95,-2.50,-0.95,-2.51,INF,-1,1,7,0
11480,1,1,-11.326,-26.317,-1.06,-2.46,-1.06,-2.46,INF,-1,1,7,0
11500,1,1,-11.451,-26.886,-1.07,-2.51,-1.07,-2.51,INF,-1,1,7,0
11520,1,1,-11.159,-25.422,-1.04,-2.37,-1.04,-2.37,INF,-1,1,7,0
11540,1,1,-10.919,-25.899,-1.02,-2.42,-1.02,-2.42,INF,-1,1,7,0
11560,1,1,-10.993,-26.116,-1.03,-2.44,-1.03,-2.44,INF,-1,1,7,0
11580,1,1,-11.095,-25.603,-1.04,-2.39,-1.04,-2.39,INF,-1,1,7,0
11600,1,1,-26.582,-13.770,-2.48,-1.29,-2.48,-1.29,INF,-1,1,7,0
11620,1,1,-38.266,-8.453,-3.57,-0.79,-3.57,-0.79,INF,-1,1,7,0
11640,1,1,-36.546,-9.561,-3.41,-0.89,-3.41,-0.89,INF,-1,0,7,0
11660,1,1,-36.706,-9.940,-3.43,-0.93,-3.43,-0.93,INF,-1,0,7,0
11680,1,1,-37.384,-9.552,-3.49,-0.89,-3.49,-0.89,INF,-1,0,7,0
11700,1,1,-37.052,-10.481,-3.46,-0.98,-3.46,-0.98,INF,-1,0,7,0
11720,1,1,-36.862,-9.068,-3.44,-0.85,-3.44,-0.85,INF,-1,0,7,0
11740,1,1,-36.225,-9.533,-3.38,-0.89,-3.38,-0.89,INF,-1,0,7,0
11760,1,1,-36.573,-10.009,-3.41,-0.93,-3.41,-0.94,INF,-1,0,7,0
11780,1,1,-36.090,-9.029,-3.37,-0.84,-3.37,-0.84,INF,-1,0,7,0
11800,1,1,-36.875,-9.859,-3.44,-0.92,-3.44,-0.92,INF,-1,0,7,0
11820,1,1,-35.439,-10.870,-3.31,-1.01,-3.31,-1.02,INF,-1,0,7,0
11840,1,1,-36.998,-10.146,-3.45,-0.95,-3.45,-0.95,INF,-1,0,7,0
11860,1,1,-35.128,-8.465,-3.28,-0.79,-3.28,-0.79,INF,-1,0,7,0
11880,1,1,-35.982,-9.382,-3.36,-0.88,-3.36,-0.88,INF,-1,0,7,0
11900,1,1,-37.317,-6.508,-3.48,-0.61,-3.48,-0.61,INF,-1,1,7,0
11920,1,1,-48.702,-2.031,-4.54,-0.19,-4.54,-0.19,INF,-1,1,7,0
11940,1,1,-48.360,1.714,-4.51,0.16,-4.51,0.16,INF,-1,1,7,0
11960,1,1,-49.503,0.254,-4.62,0.02,-4.62,0.02,INF,-1,0,7,0
11980,1,1,-50.292,-1.039,-4.69,-0.10,-4.69,-0.10,INF,-1,0,7,0
12000,1,1,-49.366,0.516,-4.60,0.05,-4.60,0.05,INF,-1,0,7,0
12020,1,1,-49.567,0.219,-4.62,0.02,-4.62,0.02,INF,-1,0,7,0
12040,1,1,-49.307,-0.077,-4.60,-0.01,-4.60,-0.01,INF,-1,0,7,0
12060,1,1,-50.569,0.077,-4.72,0.01,-4.72,0.01,INF,-1,0,7,0
12080,1,1,-51.088,-0.787,-4.76,-0.07,-4.76,-0.07,INF,-1,0,7,0
12100,1,1,-50.917,-0.995,-4.75,-0.09,-4.75,-0.09,INF,-1,0,7,0
12120,1,1,-49.842,-1.311,-4.65,-0.12,-4.65,-0.12,INF,-1,0,7,0
12140,1,1,-50.072,0.081,-4.67,0.01,-4.67,0.01,INF,-1,0,7,0
12160,1,1,-49.537,-1.345,-4.62,-0.13,-4.62,-0.13,INF,-1,0,7,0
12180,1,1,-62.197,-3.698,-5.79,-0.34,-5.79,-0.35,INF,-1,0,7,0
12200,1,1,-60.622,-2.943,-5.65,-0.27,-5.65,-0.28,INF,-1,1,7,0
12220,1,1,-60.379,-3.144,-5.63,-0.29,-5.63,-0.29,INF,-1,1,7,0
12240,1,1,-61.398,-2.858,-5.72,-0.27,-5.72,-0.27,INF,-1,1,7,0
12260,1,1,-60.991,-3.466,-5.68,-0.32,-5.68,-0.32,INF,-1,1,7,0
12280,1,1,-61.086,-3.064,-5.69,-0.28,-5.69,-0.29,INF,-1,0,7,0
12300,1,1,-60.243,-2.167,-5.61,-0.20,-5.61,-0.20,INF,-1,0,7,0
12320,1,1,-60.590,-3.123,-5.64,-0.29,-5.64,-0.29,INF,-1,0,7,0
12340,1,1,-61.315,-2.865,-5.71,-0.27,-5.71,-0.27,INF,-1,0,7,0
12360,1,1,-60.887,-1.527,-5.67,-0.14,-5.67,-0.14,INF,-1,0,7,0
12380,1,1,-59.280,-1.457,-5.52,-0.14,-5.52,-0.14,INF,-1,0,7,0
12400,1,1,-60.719,-3.026,-5.66,-0.28,-5.66,-0.28,INF,-1,0,7,0
12420,1,1,-60.126,-2.803,-5.60,-0.26,-5.60,-0.26,INF,-1,0,7,0
12440,1,1,-65.182,0.510,-6.07,0.05,-6.07,0.05,INF,-1,0,7,0
12460,1,1,-65.006,2.159,-6.05,0.20,-6.05,0.20,INF,-1,0,7,0
12480,1,1,-66.552,1.213,-6.20,0.11,-6.20,0.11,INF,-1,0,7,0
12500,1,1,-65.401,1.519,-6.09,0.14,-6.09,0.14,INF,-1,0,7,0
12520,1,1,-65.293,2.778,-6.08,0.26,-6.08,0.26,INF,-1,1,7,0
12540,1,1,-65.854,1.863,-6.13,0.17,-6.13,0.17,INF,-1,1,7,0
12560,1,1,-66.060,1.542,-6.15,0.14,-6.15,0.14,INF,-1,1,7,0
12580,1,1,-66.256,2.157,-6.17,0.20,-6.17,0.20,INF,-1,1,7,0
12600,1,1,-64.758,2.467,-6.03,0.23,-6.03,0.23,INF,-1,1,7,0
12620,1,1,-65.284,1.379,-6.08,0.13,-6.08,0.13,INF,-1,1,7,0
12640,1,1,-65.831,1.024,-6.13,0.10,-6.13,0.10,INF,-1,1,7,0
12660,1,1,-66.366,0.562,-6.18,0.05,-6.18,0.05,INF,-1,1,7,0
12680,1,1,-65.982,0.476,-6.14,0.04,-6.14,0.04,INF,-1,1,7,0
12700,1,1,-65.755,0.336,-6.12,0.03,-6.12,0.03,INF,-1,1,7,0
12720,1,1,-65.893,1.718,-6.14,0.16,-6.14,0.16,INF,-1,1,7,0
12740,1,1,-66.257,2.125,-6.17,0.20,-6.17,0.20,INF,-1,1,7,0
12760,1,1,-64.638,11.233,-6.02,1.04,-6.02,1.05,INF,-1,1,7,0
12780,1,1,-64.898,11.908,-6.04,1.11,-6.04,1.11,INF,-1,1,7,0
12800,1,1,-65.644,13.617,-6.11,1.27,-6.11,1.27,INF,-1,0,7,0
12820,1,1,-63.964,12.233,-5.96,1.14,-5.96,1.14,INF,-1,0,7,0
12840,1,1,-65.512,11.409,-6.10,1.06,-6.10,1.07,INF,-1,0,7,0
12860,1,1,-65.517,12.123,-6.10,1.13,-6.10,1.13,INF,-1,0,7,0
12880,1,1,-65.511,11.657,-6.10,1.08,-6.10,1.09,INF,-1,0,7,0
12900,1,1,-65.210,11.625,-6.07,1.08,-6.07,1.09,INF,-1,0,7,0
12920,1,1,-65.030,12.198,-6.06,1.13,-6.05,1.14,INF,-1,0,7,0
12940,1,1,-65.400,12.576,-6.09,1.17,-6.09,1.18,INF,-1,0,7,0
12960,1,1,-64.456,12.957,-6.00,1.20,-6.00,1.21,INF,-1,0,7,0
12980,1,1,-63.897,12.937,-5.95,1.20,-5.95,1.21,INF,-1,0,7,0
13000,1,1,-64.258,13.268,-5.98,1.23,-5.98,1.24,INF,-1,0,7,0
13020,1,1,-64.617,12.279,-6.02,1.14,-6.02,1.15,INF,-1,0,7,0
13040,1,1,-64.501,12.117,-6.01,1.13,-6.01,1.13,INF,-1,1,7,0
13060,1,1,-64.088,13.394,-5.97,1.24,-5.97,1.25,INF,-1,1,7,0
13080,1,1,-64.199,13.730,-5.98,1.28,-5.98,1.28,INF,-1,1,7,0
13100,1,1,-63.176,12.960,-5.88,1.20,-5.88,1.21,INF,-1,1,7,0
13120,1,1,-63.460,12.362,-5.91,1.15,-5.91,1.16,INF,-1,1,7,0
13140,1,1,-63.661,11.053,-5.93,1.03,-5.93,1.03,INF,-1,1,7,0
13160,1,1,-58.746,9.713,-5.47,0.90,-5.47,0.91,INF,-1,1,7,0
13180,1,1,-27.574,-4.301,-2.58,-0.40,-2.58,-0.40,INF,-1,1,7,0
13200,1,1,-29.666,-4.499,-2.77,-0.42,-2.77,-0.42,INF,-1,1,7,0
13220,1,1,-28.939,-3.586,-2.70,-0.33,-2.70,-0.34,INF,-1,0,7,0
13240,1,1,-29.227,-4.775,-2.73,-0.45,-2.73,-0.45,INF,-1,0,7,0
13260,1,1,-28.640,-4.187,-2.67,-0.39,-2.67,-0.39,INF,-1,0,7,0
13280,1,1,-29.217,-3.808,-2.73,-0.36,-2.73,-0.36,INF,-1,0,7,0
13300,1,1,-29.231,-2.574,-2.73,-0.24,-2.73,-0.24,INF,-1,0,7,0
13320,1,1,-28.240,-4.217,-2.64,-0.39,-2.64,-0.39,INF,-1,0,7,0
13340,1,1,-27.667,-3.785,-2.58,-0.35,-2.58,-0.35,INF,-1,0,7,0
13360,1,1,-29.309,-4.818,-2.74,-0.45,-2.74,-0.45,INF,-1,0,7,0
13380,1,1,-28.294,-3.630,-2.64,-0.34,-2.64,-0.34,INF,-1,0,7,0
13400,1,1,-28.473,-4.923,-2.66,-0.46,-2.66,-0.46,INF,-1,0,7,0
13420,1,1,-28.682,-4.465,-2.68,-0.42,-2.68,-0.42,INF,-1,0,7,0
13440,1,1,-27.338,-4.609,-2.55,-0.43,-2.55,-0.43,INF,-1,0,7,0
13460,1,1,-28.367,-3.794,-2.65,-0.35,-2.65,-0.35,INF,-1,1,7,0
13480,1,1,-28.191,-2.849,-2.63,-0.27,-2.63,-0.27,INF,-1,1,7,0
13500,1,1,-7.515,-35.431,-0.70,-3.31,-0.70,-3.31,INF,-1,1,7,0
13520,1,1,-9.242,-32.399,-0.86,-3.03,-0.86,-3.03,INF,-1,1,7,0
13540,1,1,-9.067,-32.147,-0.85,-3.00,-0.85,-3.00,INF,-1,0,7,0
13560,1,1,-9.123,-33.858,-0.85,-3.16,-0.85,-3.16,INF,-1,0,7,0
13580,1,1,-9.320,-31.764,-0.87,-2.97,-0.87,-2.97,INF,-1,0,7,0
13600,1,1,-10.165,-33.266,-0.95,-3.11,-0.95,-3.11,INF,-1,0,7,0
13620,1,1,-8.479,-32.885,-0.79,-3.07,-0.79,-3.07,INF,-1,0,7,0
13640,1,1,-10.267,-33.458,-0.96,-3.12,-0.96,-3.12,INF,-1,0,7,0
13660,1,1,-9.242,-32.881,-0.86,-3.07,-0.86,-3.07,INF,-1,0,7,0
13680,1,1,-10.025,-32.451,-0.94,-3.03,-0.94,-3.03,INF,-1,0,7,0
13700,1,1,-10.008,-34.536,-0.94,-3.22,-0.93,-3.22,INF,-1,0,7,0
13720,1,1,-8.965,-33.197,-0.84,-3.10,-0.84,-3.10,INF,-1,0,7,0
13740,1,1,-9.721,-33.445,-0.91,-3.12,-0.91,-3.12,INF,-1,0,7,0
13760,1,1,-10.748,-33.745,-1.00,-3.15,-1.00,-3.15,INF,-1,0,7,0
13780,1,1,-10.128,-34.034,-0.95,-3.18,-0.95,-3.18,INF,-1,1,7,0
13800,1,1,-9.639,-33.556,-0.90,-3.13,-0.90,-3.13,INF,-1,1,7,0
13820,1,1,-9.485,-33.815,-0.89,-3.16,-0.89,-3.16,INF,-1,1,7,0
13840,1,1,-10.530,-34.066,-0.98,-3.18,-0.98,-3.18,INF,-1,1,7,0
13860,1,1,-9.413,-34.100,-0.88,-3.18,-0.88,-3.18,INF,-1,1,7,0
13880,1,1,-9.468,-34.873,-0.88,-3.26,-0.88,-3.26,INF,-1,1,7,0
13900,1,1,-9.078,-34.502,-0.85,-3.22,-0.85,-3.22,INF,-1,1,7,0
13920,1,1,-8.987,-35.410,-0.84,-3.31,-0.84,-3.31,INF,-1,1,7,0
13940,1,1,-9.288,-34.223,-0.87,-3.20,-0.87,-3.20,INF,-1,1,7,0
13960,1,1,-8.482,-35.194,-0.79,-3.29,-0.79,-3.29,INF,-1,1,7,0
13980,1,1,-9.107,-36.022,-0.85,-3.36,-0.85,-3.36,INF,-1,1,7,0
14000,1,1,-8.889,-36.118,-0.83,-3.37,-0.83,-3.37,INF,-1,1,7,0
14020,1,1,7.828,-31.593,0.73,-2.95,0.73,-2.95,INF,-1,1,7,0
14040,1,1,3.157,-28.843,0.30,-2.69,0.29,-2.69,INF,-1,1,7,0
14060,1,1,3.739,-29.224,0.35,-2.73,0.35,-2.73,INF,-1,0,7,0
14080,1,1,4.987,-30.694,0.47,-2.87,0.47,-2.87,INF,-1,0,7,0
14100,1,1,5.243,-30.454,0.49,-2.84,0.49,-2.84,INF,-1,0,7,0
14120,1,1,4.374,-29.946,0.41,-2.80,0.41,-2.80,INF,-1,0,7,0
14140,1,1,4.239,-29.306,0.40,-2.74,0.40,-2.74,INF,-1,0,7,0
14160,1,1,4.675,-31.074,0.44,-2.90,0.44,-2.90,INF,-1,0,7,0
14180,1,1,4.345,-30.626,0.41,-2.86,0.41,-2.86,INF,-1,0,7,0
14200,1,1,3.695,-31.424,0.35,-2.93,0.34,-2.93,INF,-1,0,7,0
14220,1,1,3.605,-31.266,0.34,-2.92,0.34,-2.92,INF,-1,0,7,0
14240,1,1,5.131,-31.010,0.48,-2.90,0.48,-2.90,INF,-1,0,7,0
14260,1,1,4.618,-30.871,0.43,-2.88,0.43,-2.88,INF,-1,0,7,0
14280,1,1,4.855,-29.387,0.45,-2.74,0.45,-2.74,INF,-1,0,7,0
14300,1,1,4.551,-29.724,0.43,-2.78,0.42,-2.78,INF,-1,1,7,0
14320,1,1,3.409,-30.575,0.32,-2.86,0.32,-2.86,INF,-1,1,7,0
14340,1,1,-20.780,-33.081,-1.94,-3.09,-1.94,-3.09,INF,-1,1,7,0
14360,1,1,-23.767,-33.073,-2.22,-3.09,-2.22,-3.09,INF,-1,1,7,0
14380,1,1,-20.182,-28.667,-1.89,-2.68,-1.88,-2.68,INF,-1,0,7,0
14400,1,1,-21.453,-29.269,-2.00,-2.73,-2.00,-2.73,INF,-1,0,7,0
14420,0,1,0.000,0.000,0.00,0.00,0.00,0.00,0.00,-1,0,7,0
14440,0,1,0.000,0.000,0.00,0.00,0.00,0.00,0.00,-1,0,7,0
14460,0,1,0.000,0.000,0.00,0.00,0.00,0.00,0.00,-1,0,7,0
14480,0,1,0.000,0.000,0.00,0.00,0.00,0.00,0.00,-1,0,7,0
14500,0,1,0.000,0.000,0.00,0.00,0.00,0.00,0.00,-1,0,7,0
14520,0,1,0.000,0.000,0.00,0.00,0.00,0.00,0.00,-1,0,7,0
14540,0,1,0.000,0.000,0.00,0.00,0.00,0.00,INF,-1,0,7,0
14560,1,1,-67.893,-177.002,-6.32,-16.01,-6.07,-16.11,INF,-1,0,7,0
14580,0,1,0.000,0.000,0.00,0.00,0.00,0.00,0.00,-1,0,7,0
14600,1,1,-118.710,-136.374,-10.96,-12.32,-10.70,-12.54,INF,-1,0,7,0
14620,0,1,0.000,0.000,0.00,0.00,0.00,0.00,0.00,-1,0,7,0
14640,1,1,-21.423,-20.299,-2.00,-1.90,-2.00,-1.90,INF,-1,0,7,0
14660,1,1,-23.513,-19.885,-2.20,-1.86,-2.20,-1.86,INF,-1,0,7,0
14680,1,1,-22.467,-17.155,-2.10,-1.60,-2.10,-1.60,INF,-1,0,7,0
14700,1,1,-23.047,-18.626,-2.15,-1.74,-2.15,-1.74,INF,-1,0,7,0
14720,1,1,-22.922,-18.825,-2.14,-1.76,-2.14,-1.76,INF,-1,0,7,0
14740,1,1,-23.039,-17.589,-2.15,-1.64,-2.15,-1.64,INF,-1,0,7,0
14760,1,1,-23.428,-17.917,-2.19,-1.67,-2.19,-1.67,INF,-1,0,7,0
14780,1,1,-24.300,-18.112,-2.27,-1.69,-2.27,-1.69,INF,-1,0,7,0
14800,1,1,-24.385,-17.866,-2.28,-1.67,-2.28,-1.67,INF,-1,0,7,0
14820,1,1,-24.374,-17.210,-2.28,-1.61,-2.28,-1.61,INF,-1,0,7,0
14840,1,1,-24.174,-17.365,-2.26,-1.62,-2.26,-1.62,INF,-1,0,7,0
14860,1,1,-24.363,-16.244,-2.28,-1.52,-2.28,-1.52,INF,-1,0,7,0
14880,1,1,-24.312,-17.751,-2.27,-1.66,-2.27,-1.66,INF,-1,0,7,0
14900,1,1,-38.176,-13.457,-3.56,-1.26,-3.56,-1.26,INF,-1,0,7,0
14920,1,1,-43.056,-8.998,-4.02,-0.84,-4.02,-0.84,INF,-1,1,7,0
14940,1,1,-43.615,-8.498,-4.07,-0.79,-4.07,-0.79,INF,-1,0,7,0
14960,1,1,-43.735,-7.131,-4.08,-0.66,-4.08,-0.67,INF,-1,0,7,0
14980,1,1,-43.124,-8.261,-4.02,-0.77,-4.02,-0.77,INF,-1,0,7,0
15000,1,1,-44.215,-8.378,-4.13,-0.78,-4.13,-0.78,INF,-1,0,7,0
