"EyeTracker Toolbox version","3.250"
CalibrationParameters_A11,1.07913
CalibrationParameters_A12,0.08264
CalibrationParameters_A13,-0.00995
CalibrationParameters_A21,0.06658
CalibrationParameters_A22,-1.11630
CalibrationParameters_A23,-0.00242
CalibrationParameters_A31,0.00006
CalibrationParameters_A32,-0.00394
CalibrationParameters_E11,-0.18006
CalibrationParameters_E12,0.00018
CalibrationParameters_E21,0.00005
CalibrationParameters_E22,0.19999
CalibrationParameters_X,-10.91774
CalibrationParameters_Y,-41.49003
CalibrationParameters_Rpc,71.63072
CalibrationParameters_MeanX,143.60548
CalibrationParameters_MeanY,124.96748
CalibrationParameters_ViewDist,613.00000
TimeStamp,Tracked,Calibrated,ScreenPositionXmm,ScreenPositionYmm,FicksLongitude,FicksLatitude,HelmholtzAzimuth,HelmholtzElevation,PupilDiameter,Region,Fixation,DigitalIO,Dropped
0,1,1,-7.373,0.098,-0.69,0.01,-0.69,0.01,INF,-1,0,7,0
20,1,1,-6.637,1.159,-0.62,0.11,-0.62,0.11,INF,-1,0,7,0
40,1,1,-6.695,-0.956,-0.63,-0.09,-0.63,-0.09,INF,-1,0,7,0
60,1,1,-6.828,-0.626,-0.64,-0.06,-0.64,-0.06,INF,-1,0,7,0
80,1,1,-14.491,-4.058,-1.35,-0.38,-1.35,-0.38,INF,-1,0,7,0
100,1,1,-13.397,-6.547,-1.25,-0.61,-1.25,-0.61,INF,-1,0,7,0
120,1,1,-13.257,-6.255,-1.24,-0.58,-1.24,-0.58,INF,-1,0,7,0
140,1,1,-13.624,-7.235,-1.27,-0.68,-1.27,-0.68,INF,-1,0,7,0
160,1,1,-13.927,-6.320,-1.30,-0.59,-1.30,-0.59,INF,-1,0,7,0
180,1,1,-14.016,-6.920,-1.31,-0.65,-1.31,-0.65,INF,-1,0,7,0
200,1,1,-14.387,-7.224,-1.34,-0.67,-1.34,-0.68,INF,-1,0,7,0
220,1,1,-13.882,-7.066,-1.30,-0.66,-1.30,-0.66,INF,-1,0,7,0
240,1,1,-14.735,-6.247,-1.38,-0.58,-1.38,-0.58,INF,-1,0,7,0
260,1,1,-14.713,-7.048,-1.37,-0.66,-1.37,-0.66,INF,-1,0,7,0
280,1,1,-14.599,-7.036,-1.36,-0.66,-1.36,-0.66,INF,-1,1,7,0
300,1,1,-13.470,-6.514,-1.26,-0.61,-1.26,-0.61,INF,-1,1,7,0
320,1,1,-0.616,1.159,-0.06,0.11,-0.06,0.11,INF,-1,1,7,0
340,1,1,-5.492,-0.854,-0.51,-0.08,-0.51,-0.08,INF,-1,1,7,0
360,1,1,-5.124,-1.961,-0.48,-0.18,-0.48,-0.18,INF,-1,1,7,0
380,1,1,-6.860,-2.631,-0.64,-0.25,-0.64,-0.25,INF,-1,1,7,0
400,1,1,-5.526,-2.833,-0.52,-0.26,-0.52,-0.26,INF,-1,1,7,0
420,1,1,-4.227,-2.632,-0.40,-0.25,-0.40,-0.25,INF,-1,1,7,0
440,1,1,-5.786,-1.786,-0.54,-0.17,-0.54,-0.17,INF,-1,1,7,0
460,1,1,-5.435,-3.716,-0.51,-0.35,-0.51,-0.35,INF,-1,1,7,0
480,1,1,-5.210,-2.699,-0.49,-0.25,-0.49,-0.25,INF,-1,1,7,0
500,1,1,-5.278,-3.403,-0.49,-0.32,-0.49,-0.32,INF,-1,1,7,0
520,1,1,-3.759,-2.729,-0.35,-0.26,-0.35,-0.26,INF,-1,1,7,0
540,1,1,-5.593,-3.598,-0.52,-0.34,-0.52,-0.34,INF,-1,1,7,0
560,1,1,-4.849,-3.348,-0.45,-0.31,-0.45,-0.31,INF,-1,1,7,0
580,1,1,-12.704,-6.694,-1.19,-0.63,-1.19,-0.63,INF,-1,1,7,0
600,1,1,-38.214,-20.718,-3.57,-1.93,-3.57,-1.94,INF,-1,1,7,0
620,1,1,-34.422,-17.834,-3.21,-1.66,-3.21,-1.67,INF,-1,1,7,0
640,1,1,-35.685,-18.197,-3.33,-1.70,-3.33,-1.70,INF,-1,0,7,0
660,1,1,-35.548,-18.057,-3.32,-1.68,-3.32,-1.69,INF,-1,0,7,0
680,1,1,-35.681,-17.980,-3.33,-1.68,-3.33,-1.68,INF,-1,0,7,0
700,1,1,-35.447,-18.089,-3.31,-1.69,-3.31,-1.69,INF,-1,0,7,0
720,1,1,-35.599,-17.642,-3.32,-1.65,-3.32,-1.65,INF,-1,0,7,0
740,1,1,-35.219,-18.044,-3.29,-1.68,-3.29,-1.69,INF,-1,0,7,0
760,1,1,-35.527,-17.610,-3.32,-1.64,-3.32,-1.65,INF,-1,0,7,0
780,1,1,-34.992,-17.201,-3.27,-1.60,-3.27,-1.61,INF,-1,0,7,0
800,1,1,-35.406,-17.459,-3.31,-1.63,-3.30,-1.63,INF,-1,0,7,0
820,1,1,-25.805,-12.024,-2.41,-1.12,-2.41,-1.12,INF,-1,0,7,0
840,1,1,-28.698,-14.196,-2.68,-1.33,-2.68,-1.33,INF,-1,0,7,0
860,1,1,-26.729,-13.218,-2.50,-1.23,-2.50,-1.24,INF,-1,0,7,0
880,1,1,-28.788,-14.055,-2.69,-1.31,-2.69,-1.31,INF,-1,1,7,0
900,1,1,-28.573,-15.367,-2.67,-1.43,-2.67,-1.44,INF,-1,1,7,0
920,1,1,-29.751,-14.352,-2.78,-1.34,-2.78,-1.34,INF,-1,1,7,0
940,1,1,-27.988,-14.626,-2.61,-1.37,-2.61,-1.37,INF,-1,1,7,0
960,1,1,-29.194,-15.356,-2.73,-1.43,-2.73,-1.43,INF,-1,1,7,0
980,1,1,-27.567,-14.477,-2.57,-1.35,-2.57,-1.35,INF,-1,1,7,0
1000,1,1,-27.926,-15.291,-2.61,-1.43,-2.61,-1.43,INF,-1,1,7,0
1020,1,1,-28.094,-14.610,-2.62,-1.36,-2.62,-1.37,INF,-1,1,7,0
1040,1,1,-27.074,-14.303,-2.53,-1.34,-2.53,-1.34,INF,-1,1,7,0
1060,1,1,-29.448,-11.181,-2.75,-1.04,-2.75,-1.04,INF,-1,1,7,0
1080,1,1,-28.832,-11.961,-2.69,-1.12,-2.69,-1.12,INF,-1,1,7,0
1100,1,1,-29.784,-11.708,-2.78,-1.09,-2.78,-1.09,INF,-1,1,7,0
1120,1,1,-30.492,-11.694,-2.85,-1.09,-2.85,-1.09,INF,-1,1,7,0
1140,1,1,-29.654,-12.615,-2.77,-1.18,-2.77,-1.18,INF,-1,1,7,0
1160,1,1,-29.053,-12.184,-2.71,-1.14,-2.71,-1.14,INF,-1,1,7,0
1180,1,1,-29.235,-12.008,-2.73,-1.12,-2.73,-1.12,INF,-1,1,7,0
1200,1,1,-30.386,-13.208,-2.84,-1.23,-2.84,-1.23,INF,-1,1,7,0
1220,1,1,-29.642,-12.953,-2.77,-1.21,-2.77,-1.21,INF,-1,1,7,0
1240,1,1,-29.507,-11.810,-2.76,-1.10,-2.76,-1.10,INF,-1,1,7,0
1260,1,1,-29.916,-11.617,-2.79,-1.08,-2.79,-1.09,INF,-1,1,7,0
1280,1,1,-28.907,-13.348,-2.70,-1.25,-2.70,-1.25,INF,-1,1,7,0
1300,1,1,-30.122,-12.592,-2.81,-1.18,-2.81,-1.18,INF,-1,1,7,0
1320,1,1,-30.630,-13.842,-2.86,-1.29,-2.86,-1.29,INF,-1,1,7,0
1340,1,1,-32.461,-14.187,-3.03,-1.32,-3.03,-1.33,INF,-1,1,7,0
1360,1,1,27.350,-2.190,2.55,-0.20,2.55,-0.20,INF,-1,1,7,0
1380,1,1,7.808,-5.516,0.73,-0.52,0.73,-0.52,INF,-1,1,7,0
1400,1,1,13.192,-4.321,1.23,-0.40,1.23,-0.40,INF,-1,0,7,0
1420,1,1,12.476,-4.505,1.17,-0.42,1.17,-0.42,INF,-1,0,7,0
1440,1,1,12.921,-3.952,1.21,-0.37,1.21,-0.37,INF,-1,0,7,0
1460,1,1,13.576,-6.430,1.27,-0.60,1.27,-0.60,INF,-1,0,7,0
1480,1,1,13.368,-4.364,1.25,-0.41,1.25,-0.41,INF,-1,0,7,0
1500,1,1,13.462,-5.849,1.26,-0.55,1.26,-0.55,INF,-1,0,7,0
1520,1,1,13.372,-5.823,1.25,-0.54,1.25,-0.54,INF,-1,0,7,0
1540,1,1,12.767,-4.870,1.19,-0.46,1.19,-0.46,INF,-1,0,7,0
1560,1,1,14.134,-7.207,1.32,-0.67,1.32,-0.67,INF,-1,0,7,0
1580,1,1,13.499,-5.464,1.26,-0.51,1.26,-0.51,INF,-1,0,7,0
1600,1,1,12.399,-6.908,1.16,-0.65,1.16,-0.65,INF,-1,0,7,0
1620,1,1,11.783,-7.116,1.10,-0.66,1.10,-0.67,INF,-1,0,7,0
1640,1,1,13.091,-5.766,1.22,-0.54,1.22,-0.54,INF,-1,0,7,0
1660,1,1,12.435,-6.922,1.16,-0.65,1.16,-0.65,INF,-1,1,7,0
1680,1,1,12.530,-4.960,1.17,-0.46,1.17,-0.46,INF,-1,1,7,0
1700,1,1,12.252,-5.791,1.14,-0.54,1.14,-0.54,INF,-1,1,7,0
1720,1,1,9.903,-2.704,0.93,-0.25,0.93,-0.25,INF,-1,1,7,0
1740,1,1,9.289,-4.047,0.87,-0.38,0.87,-0.38,INF,-1,1,7,0
1760,1,1,9.849,-2.325,0.92,-0.22,0.92,-0.22,INF,-1,1,7,0
1780,1,1,9.505,-3.172,0.89,-0.30,0.89,-0.30,INF,-1,1,7,0
1800,1,1,9.580,-4.829,0.90,-0.45,0.90,-0.45,INF,-1,1,7,0
1820,1,1,9.291,-3.468,0.87,-0.32,0.87,-0.32,INF,-1,1,7,0
1840,1,1,9.799,-4.324,0.92,-0.40,0.92,-0.40,INF,-1,1,7,0
1860,1,1,9.228,-4.189,0.86,-0.39,0.86,-0.39,INF,-1,1,7,0
1880,1,1,9.799,-3.647,0.92,-0.34,0.92,-0.34,INF,-1,1,7,0
1900,1,1,11.499,-4.214,1.07,-0.39,1.07,-0.39,INF,-1,1,7,0
1920,1,1,10.351,-3.743,0.97,-0.35,0.97,-0.35,INF,-1,1,7,0
1940,1,1,9.179,-3.835,0.86,-0.36,0.86,-0.36,INF,-1,1,7,0
1960,1,1,10.769,-5.070,1.01,-0.47,1.01,-0.47,INF,-1,1,7,0
1980,1,1,11.020,-6.274,1.03,-0.59,1.03,-0.59,INF,-1,1,7,0
2000,1,1,10.942,-6.041,1.02,-0.56,1.02,-0.56,INF,-1,1,7,0
2020,1,1,9.467,-4.314,0.88,-0.40,0.88,-0.40,INF,-1,1,7,0
2040,1,1,10.078,-5.907,0.94,-0.55,0.94,-0.55,INF,-1,1,7,0
2060,1,1,15.419,-6.152,1.44,-0.57,1.44,-0.57,INF,-1,1,7,0
2080,1,1,14.519,-7.197,1.36,-0.67,1.36,-0.67,INF,-1,1,7,0
2100,1,1,14.526,-7.291,1.36,-0.68,1.36,-0.68,INF,-1,1,7,0
2120,1,1,15.167,-6.775,1.42,-0.63,1.42,-0.63,INF,-1,1,7,0
2140,1,1,14.756,-5.958,1.38,-0.56,1.38,-0.56,INF,-1,1,7,0
2160,1,1,15.080,-6.690,1.41,-0.63,1.41,-0.63,INF,-1,1,7,0
2180,1,1,13.850,-6.530,1.29,-0.61,1.29,-0.61,INF,-1,1,7,0
2200,1,1,14.067,-6.687,1.31,-0.62,1.31,-0.62,INF,-1,1,7,0
2220,1,1,14.543,-6.902,1.36,-0.64,1.36,-0.65,INF,-1,1,7,0
2240,1,1,15.118,-6.608,1.41,-0.62,1.41,-0.62,INF,-1,1,7,0
2260,1,1,14.567,-7.226,1.36,-0.68,1.36,-0.68,INF,-1,1,7,0
2280,1,1,14.142,-6.136,1.32,-0.57,1.32,-0.57,INF,-1,1,7,0
2300,1,1,14.981,-6.428,1.40,-0.60,1.40,-0.60,INF,-1,1,7,0
2320,1,1,16.392,-5.548,1.53,-0.52,1.53,-0.52,INF,-1,1,7,0
2340,1,1,14.468,-4.506,1.35,-0.42,1.35,-0.42,INF,-1,1,7,0
2360,1,1,14.846,-5.404,1.39,-0.50,1.39,-0.51,INF,-1,1,7,0
2380,1,1,12.068,-6.125,1.13,-0.57,1.13,-0.57,INF,-1,1,7,0
2400,1,1,-5.879,-8.289,-0.55,-0.77,-0.55,-0.77,INF,-1,1,7,0
2420,1,1,-13.622,-10.743,-1.27,-1.00,-1.27,-1.00,INF,-1,1,7,0
2440,1,1,-24.121,-14.267,-2.25,-1.33,-2.25,-1.33,INF,-1,0,7,0
2460,1,1,-24.819,-15.722,-2.32,-1.47,-2.32,-1.47,INF,-1,0,7,0
2480,1,1,-25.222,-14.793,-2.36,-1.38,-2.36,-1.38,INF,-1,0,7,0
2500,1,1,-25.962,-16.012,-2.43,-1.49,-2.42,-1.50,INF,-1,0,7,0
2520,1,1,-25.499,-15.567,-2.38,-1.45,-2.38,-1.45,INF,-1,0,7,0
2540,1,1,-24.856,-14.073,-2.32,-1.31,-2.32,-1.32,INF,-1,0,7,0
2560,1,1,-24.845,-14.866,-2.32,-1.39,-2.32,-1.39,INF,-1,0,7,0
2580,1,1,-25.542,-15.070,-2.39,-1.41,-2.39,-1.41,INF,-1,0,7,0
2600,1,1,-25.548,-15.494,-2.39,-1.45,-2.39,-1.45,INF,-1,0,7,0
2620,1,1,-25.452,-16.481,-2.38,-1.54,-2.38,-1.54,INF,-1,0,7,0
2640,1,1,-25.495,-15.384,-2.38,-1.44,-2.38,-1.44,INF,-1,0,7,0
2660,1,1,-25.373,-16.798,-2.37,-1.57,-2.37,-1.57,INF,-1,0,7,0
2680,1,1,-25.988,-16.425,-2.43,-1.53,-2.43,-1.53,INF,-1,0,7,0
2700,1,1,-26.008,-15.438,-2.43,-1.44,-2.43,-1.44,INF,-1,0,7,0
2720,1,1,-25.604,-17.939,-2.39,-1.67,-2.39,-1.68,INF,-1,1,7,0
2740,1,1,-25.785,-16.958,-2.41,-1.58,-2.41,-1.58,INF,-1,1,7,0
2760,1,1,-25.696,-17.323,-2.40,-1.62,-2.40,-1.62,INF,-1,1,7,0
2780,1,1,-26.949,-16.969,-2.52,-1.58,-2.52,-1.59,INF,-1,1,7,0
2800,1,1,-30.388,-20.085,-2.84,-1.87,-2.84,-1.88,INF,-1,1,7,0
2820,1,1,-30.193,-20.136,-2.82,-1.88,-2.82,-1.88,INF,-1,1,7,0
2840,1,1,-29.920,-19.860,-2.79,-1.85,-2.79,-1.86,INF,-1,1,7,0
2860,1,1,-29.586,-18.947,-2.76,-1.77,-2.76,-1.77,INF,-1,1,7,0
2880,1,1,-29.658,-18.388,-2.77,-1.72,-2.77,-1.72,INF,-1,1,7,0
2900,1,1,-29.466,-18.633,-2.75,-1.74,-2.75,-1.74,INF,-1,1,7,0
2920,1,1,-30.229,-17.771,-2.82,-1.66,-2.82,-1.66,INF,-1,1,7,0
2940,1,1,-30.163,-19.120,-2.82,-1.78,-2.82,-1.79,INF,-1,1,7,0
2960,1,1,-30.050,-19.290,-2.81,-1.80,-2.81,-1.80,INF,-1,1,7,0
2980,1,1,-29.497,-20.314,-2.75,-1.90,-2.75,-1.90,INF,-1,1,7,0
3000,1,1,-28.968,-19.108,-2.71,-1.78,-2.70,-1.79,INF,-1,1,7,0
3020,1,1,-28.144,-19.518,-2.63,-1.82,-2.63,-1.82,INF,-1,1,7,0
3040,1,1,-28.264,-19.656,-2.64,-1.83,-2.64,-1.84,INF,-1,1,7,0
3060,1,1,-29.383,-18.737,-2.74,-1.75,-2.74,-1.75,INF,-1,1,7,0
3080,1,1,-32.907,-19.391,-3.07,-1.81,-3.07,-1.81,INF,-1,1,7,0
3100,1,1,-31.910,-19.803,-2.98,-1.85,-2.98,-1.85,INF,-1,1,7,0
3120,1,1,-32.111,-19.354,-3.00,-1.81,-3.00,-1.81,INF,-1,1,7,0
3140,1,1,-31.913,-18.718,-2.98,-1.75,-2.98,-1.75,INF,-1,1,7,0
3160,1,1,-31.471,-18.924,-2.94,-1.77,-2.94,-1.77,INF,-1,1,7,0
3180,1,1,-31.324,-18.409,-2.93,-1.72,-2.92,-1.72,INF,-1,1,7,0
3200,1,1,-31.738,-18.391,-2.96,-1.72,-2.96,-1.72,INF,-1,1,7,0
3220,1,1,-32.325,-19.466,-3.02,-1.82,-3.02,-1.82,INF,-1,1,7,0
3240,1,1,-31.794,-18.846,-2.97,-1.76,-2.97,-1.76,INF,-1,1,7,0
3260,1,1,-30.646,-16.568,-2.86,-1.55,-2.86,-1.55,INF,-1,1,7,0
3280,1,1,-31.065,-17.634,-2.90,-1.65,-2.90,-1.65,INF,-1,1,7,0
3300,1,1,-30.607,-18.188,-2.86,-1.70,-2.86,-1.70,INF,-1,1,7,0
3320,1,1,-30.808,-17.717,-2.88,-1.65,-2.88,-1.66,INF,-1,1,7,0
3340,1,1,-30.247,-16.935,-2.82,-1.58,-2.82,-1.58,INF,-1,1,7,0
3360,1,1,-29.568,-18.069,-2.76,-1.69,-2.76,-1.69,INF,-1,1,7,0
3380,1,1,-30.285,-17.567,-2.83,-1.64,-2.83,-1.64,INF,-1,1,7,0
3400,1,1,-30.428,-18.235,-2.84,-1.70,-2.84,-1.70,INF,-1,1,7,0
3420,1,1,-29.825,-17.602,-2.79,-1.64,-2.78,-1.64,INF,-1,1,7,0
3440,1,1,-30.263,-17.075,-2.83,-1.59,-2.83,-1.60,INF,-1,1,7,0
3460,1,1,-30.511,-18.395,-2.85,-1.72,-2.85,-1.72,INF,-1,1,7,0
3480,1,1,-30.587,-18.312,-2.86,-1.71,-2.86,-1.71,INF,-1,1,7,0
3500,1,1,-30.279,-19.076,-2.83,-1.78,-2.83,-1.78,INF,-1,1,7,0
3520,1,1,-31.509,-17.715,-2.94,-1.65,-2.94,-1.66,INF,-1,1,7,0
3540,1,1,-31.138,-17.767,-2.91,-1.66,-2.91,-1.66,INF,-1,1,7,0
3560,1,1,-30.981,-18.091,-2.89,-1.69,-2.89,-1.69,INF,-1,1,7,0
3580,1,1,-30.114,-17.761,-2.81,-1.66,-2.81,-1.66,INF,-1,1,7,0
3600,1,1,-30.892,-17.919,-2.88,-1.67,-2.88,-1.67,INF,-1,1,7,0
3620,1,1,-30.346,-18.091,-2.83,-1.69,-2.83,-1.69,INF,-1,1,7,0
3640,1,1,-29.658,-17.398,-2.77,-1.62,-2.77,-1.63,INF,-1,1,7,0
3660,1,1,-29.006,-17.325,-2.71,-1.62,-2.71,-1.62,INF,-1,1,7,0
3680,1,1,-29.709,-16.873,-2.77,-1.57,-2.77,-1.58,INF,-1,1,7,0
3700,1,1,-30.516,-18.831,-2.85,-1.76,-2.85,-1.76,INF,-1,1,7,0
3720,1,1,-29.430,-17.431,-2.75,-1.63,-2.75,-1.63,INF,-1,1,7,0
3740,1,1,-29.284,-18.309,-2.74,-1.71,-2.73,-1.71,INF,-1,1,7,0
3760,1,1,-31.117,-17.806,-2.91,-1.66,-2.90,-1.66,INF,-1,1,7,0
3780,1,1,-29.607,-17.306,-2.77,-1.62,-2.76,-1.62,INF,-1,1,7,0
3800,1,1,-29.777,-19.083,-2.78,-1.78,-2.78,-1.78,INF,-1,1,7,0
3820,1,1,-22.389,-20.912,-2.09,-1.95,-2.09,-1.95,INF,-1,1,7,0
3840,1,1,-23.001,-19.379,-2.15,-1.81,-2.15,-1.81,INF,-1,1,7,0
3860,1,1,-22.236,-18.927,-2.08,-1.77,-2.08,-1.77,INF,-1,1,7,0
3880,1,1,-23.574,-20.338,-2.20,-1.90,-2.20,-1.90,INF,-1,1,7,0
3900,1,1,-22.993,-20.067,-2.15,-1.87,-2.15,-1.87,INF,-1,1,7,0
3920,1,1,-23.306,-20.571,-2.18,-1.92,-2.18,-1.92,INF,-1,1,7,0
3940,1,1,-22.691,-20.822,-2.12,-1.94,-2.12,-1.95,INF,-1,1,7,0
3960,1,1,-23.219,-21.288,-2.17,-1.99,-2.17,-1.99,INF,-1,1,7,0
3980,1,1,-22.811,-20.708,-2.13,-1.93,-2.13,-1.93,INF,-1,1,7,0
4000,1,1,-22.834,-21.896,-2.13,-2.04,-2.13,-2.05,INF,-1,1,7,0
4020,1,1,-22.486,-21.959,-2.10,-2.05,-2.10,-2.05,INF,-1,1,7,0
4040,1,1,-23.033,-20.994,-2.15,-1.96,-2.15,-1.96,INF,-1,1,7,0
4060,1,1,-23.207,-21.092,-2.17,-1.97,-2.17,-1.97,INF,-1,1,7,0
4080,1,1,-22.264,-22.621,-2.08,-2.11,-2.08,-2.11,INF,-1,1,7,0
4100,1,1,-24.143,-21.925,-2.26,-2.05,-2.25,-2.05,INF,-1,1,7,0
4120,1,1,-29.102,-26.681,-2.72,-2.49,-2.72,-2.49,INF,-1,1,7,0
4140,1,1,-27.276,-26.181,-2.55,-2.44,-2.55,-2.45,INF,-1,1,7,0
4160,1,1,-29.102,-26.465,-2.72,-2.47,-2.72,-2.47,INF,-1,0,7,0
4180,1,1,-28.193,-24.647,-2.63,-2.30,-2.63,-2.30,INF,-1,0,7,0
4200,1,1,-27.210,-25.850,-2.54,-2.41,-2.54,-2.41,INF,-1,0,7,0
4220,1,1,-27.690,-25.116,-2.59,-2.34,-2.58,-2.35,INF,-1,0,7,0
4240,1,1,-28.857,-25.358,-2.70,-2.37,-2.69,-2.37,INF,-1,0,7,0
4260,1,1,-28.507,-26.535,-2.66,-2.48,-2.66,-2.48,INF,-1,0,7,0
4280,1,1,-27.344,-25.139,-2.55,-2.35,-2.55,-2.35,INF,-1,0,7,0
4300,1,1,-27.854,-24.559,-2.60,-2.29,-2.60,-2.29,INF,-1,0,7,0
4320,1,1,-27.043,-25.024,-2.53,-2.34,-2.52,-2.34,INF,-1,0,7,0
4340,1,1,-9.706,-19.705,-0.91,-1.84,-0.91,-1.84,INF,-1,0,7,0
4360,1,1,-16.446,-20.114,-1.54,-1.88,-1.54,-1.88,INF,-1,0,7,0
4380,1,1,-15.025,-21.261,-1.40,-1.99,-1.40,-1.99,INF,-1,0,7,0
4400,1,1,-15.138,-19.973,-1.41,-1.87,-1.41,-1.87,INF,-1,1,7,0
4420,1,1,-14.531,-21.248,-1.36,-1.98,-1.36,-1.99,INF,-1,1,7,0
4440,1,1,-14.975,-20.627,-1.40,-1.93,-1.40,-1.93,INF,-1,1,7,0
4460,1,1,-14.230,-20.632,-1.33,-1.93,-1.33,-1.93,INF,-1,1,7,0
4480,1,1,-14.390,-20.045,-1.34,-1.87,-1.34,-1.87,INF,-1,1,7,0
4500,1,1,-14.355,-21.097,-1.34,-1.97,-1.34,-1.97,INF,-1,0,7,0
4520,1,1,-13.832,-20.739,-1.29,-1.94,-1.29,-1.94,INF,-1,0,7,0
4540,1,1,-13.795,-19.615,-1.29,-1.83,-1.29,-1.83,INF,-1,0,7,0
4560,1,1,-12.253,-18.897,-1.15,-1.77,-1.14,-1.77,INF,-1,0,7,0
4580,1,1,-10.974,-18.036,-1.03,-1.68,-1.03,-1.69,INF,-1,0,7,0
4600,1,1,-10.681,-20.417,-1.00,-1.91,-1.00,-1.91,INF,-1,0,7,0
4620,1,1,-11.752,-19.735,-1.10,-1.84,-1.10,-1.84,INF,-1,0,7,0
4640,1,1,-11.580,-17.754,-1.08,-1.66,-1.08,-1.66,INF,-1,0,7,0
4660,1,1,-10.632,-19.438,-0.99,-1.82,-0.99,-1.82,INF,-1,0,7,0
4680,1,1,-11.052,-19.580,-1.03,-1.83,-1.03,-1.83,INF,-1,0,7,0
4700,1,1,-11.454,-19.763,-1.07,-1.85,-1.07,-1.85,INF,-1,0,7,0
4720,1,1,-11.764,-19.110,-1.10,-1.79,-1.10,-1.79,INF,-1,0,7,0
4740,1,1,-10.702,-19.005,-1.00,-1.78,-1.00,-1.78,INF,-1,1,7,0
4760,1,1,-11.590,-17.983,-1.08,-1.68,-1.08,-1.68,INF,-1,1,7,0
4780,1,1,-11.346,-17.676,-1.06,-1.65,-1.06,-1.65,INF,-1,1,7,0
4800,1,1,-10.903,-17.671,-1.02,-1.65,-1.02,-1.65,INF,-1,1,7,0
4820,1,1,-11.135,-18.540,-1.04,-1.73,-1.04,-1.73,INF,-1,1,7,0
4840,1,1,-10.710,-17.050,-1.00,-1.59,-1.00,-1.59,INF,-1,1,7,0
4860,1,1,-10.629,-7.316,-0.99,-0.68,-0.99,-0.68,INF,-1,1,7,0
4880,1,1,-10.650,-10.708,-1.00,-1.00,-1.00,-1.00,INF,-1,1,7,0
4900,1,1,-10.094,-10.078,-0.94,-0.94,-0.94,-0.94,INF,-1,1,7,0
4920,1,1,-10.751,-10.195,-1.00,-0.95,-1.00,-0.95,INF,-1,1,7,0
4940,1,1,-10.296,-11.342,-0.96,-1.06,-0.96,-1.06,INF,-1,1,7,0
4960,1,1,-11.891,-10.579,-1.11,-0.99,-1.11,-0.99,INF,-1,1,7,0
4980,1,1,-11.311,-11.078,-1.06,-1.04,-1.06,-1.04,INF,-1,1,7,0
5000,1,1,-10.011,-11.989,-0.94,-1.12,-0.94,-1.12,INF,-1,1,7,0
5020,1,1,8.143,-3.519,0.76,-0.33,0.76,-0.33,INF,-1,1,7,0
5040,1,1,3.777,-5.054,0.35,-0.47,0.35,-0.47,INF,-1,1,7,0
5060,1,1,4.885,-5.557,0.46,-0.52,0.46,-0.52,INF,-1,0,7,0
5080,1,1,4.308,-5.756,0.40,-0.54,0.40,-0.54,INF,-1,0,7,0
5100,1,1,4.904,-6.013,0.46,-0.56,0.46,-0.56,INF,-1,0,7,0
5120,1,1,3.979,-6.375,0.37,-0.60,0.37,-0.60,INF,-1,0,7,0
5140,1,1,4.809,-7.105,0.45,-0.66,0.45,-0.66,INF,-1,0,7,0
5160,1,1,4.999,-7.625,0.47,-0.71,0.47,-0.71,INF,-1,0,7,0
5180,1,1,4.174,-5.684,0.39,-0.53,0.39,-0.53,INF,-1,0,7,0
5200,1,1,4.018,-5.013,0.38,-0.47,0.38,-0.47,INF,-1,0,7,0
5220,1,1,4.284,-4.761,0.40,-0.45,0.40,-0.45,INF,-1,0,7,0
5240,1,1,3.681,-5.730,0.34,-0.54,0.34,-0.54,INF,-1,0,7,0
5260,1,1,4.184,-5.827,0.39,-0.54,0.39,-0.54,INF,-1,0,7,0
5280,1,1,3.569,-6.226,0.33,-0.58,0.33,-0.58,INF,-1,0,7,0
5300,1,1,3.737,-6.375,0.35,-0.60,0.35,-0.60,INF,-1,1,7,0
5320,1,1,4.401,-5.883,0.41,-0.55,0.41,-0.55,INF,-1,1,7,0
5340,1,1,5.056,-5.723,0.47,-0.53,0.47,-0.53,INF,-1,1,7,0
5360,1,1,4.303,-6.178,0.40,-0.58,0.40,-0.58,INF,-1,1,7,0
5380,1,1,3.578,-6.566,0.33,-0.61,0.33,-0.61,INF,-1,1,7,0
5400,1,1,4.546,-6.833,0.42,-0.64,0.42,-0.64,INF,-1,1,7,0
5420,1,1,6.375,-6.840,0.60,-0.64,0.60,-0.64,INF,-1,1,7,0
5440,1,1,6.885,-6.271,0.64,-0.59,0.64,-0.59,INF,-1,1,7,0
5460,1,1,7.974,-6.752,0.75,-0.63,0.75,-0.63,INF,-1,1,7,0
5480,1,1,6.760,-7.421,0.63,-0.69,0.63,-0.69,INF,-1,1,7,0
5500,1,1,6.979,-8.537,0.65,-0.80,0.65,-0.80,INF,-1,1,7,0
5520,1,1,7.029,-7.416,0.66,-0.69,0.66,-0.69,INF,-1,1,7,0
5540,1,1,7.348,-8.135,0.69,-0.76,0.69,-0.76,INF,-1,1,7,0
5560,1,1,7.075,-7.504,0.66,-0.70,0.66,-0.70,INF,-1,1,7,0
5580,1,1,7.095,-7.481,0.66,-0.70,0.66,-0.70,INF,-1,1,7,0
5600,1,1,6.734,-9.680,0.63,-0.90,0.63,-0.90,INF,-1,1,7,0
5620,1,1,7.100,-8.080,0.66,-0.76,0.66,-0.76,INF,-1,1,7,0
5640,1,1,7.488,-9.221,0.70,-0.86,0.70,-0.86,INF,-1,1,7,0
5660,1,1,7.297,-9.101,0.68,-0.85,0.68,-0.85,INF,-1,1,7,0
5680,1,1,6.979,-9.090,0.65,-0.85,0.65,-0.85,INF,-1,1,7,0
5700,1,1,6.423,-9.885,0.60,-0.92,0.60,-0.92,INF,-1,1,7,0
5720,1,1,6.740,-10.132,0.63,-0.95,0.63,-0.95,INF,-1,1,7,0
5740,1,1,7.678,-8.688,0.72,-0.81,0.72,-0.81,INF,-1,1,7,0
5760,1,1,7.037,-8.379,0.66,-0.78,0.66,-0.78,INF,-1,1,7,0
5780,1,1,7.101,-9.287,0.66,-0.87,0.66,-0.87,INF,-1,1,7,0
5800,1,1,8.108,-9.294,0.76,-0.87,0.76,-0.87,INF,-1,1,7,0
5820,1,1,7.438,-9.022,0.70,-0.84,0.70,-0.84,INF,-1,1,7,0
5840,1,1,8.270,-9.150,0.77,-0.86,0.77,-0.86,INF,-1,1,7,0
5860,1,1,8.017,-10.032,0.75,-0.94,0.75,-0.94,INF,-1,1,7,0
5880,1,1,6.477,-9.529,0.61,-0.89,0.61,-0.89,INF,-1,1,7,0
5900,1,1,19.624,-9.430,1.83,-0.88,1.83,-0.88,INF,-1,1,7,0
5920,1,1,27.159,-5.091,2.54,-0.48,2.54,-0.48,INF,-1,1,7,0
5940,1,1,25.651,-5.619,2.40,-0.52,2.40,-0.53,INF,-1,0,7,0
5960,1,1,25.945,-6.570,2.42,-0.61,2.42,-0.61,INF,-1,0,7,0
5980,1,1,26.534,-5.883,2.48,-0.55,2.48,-0.55,INF,-1,0,7,0
6000,1,1,26.348,-6.811,2.46,-0.64,2.46,-0.64,INF,-1,0,7,0
6020,1,1,27.605,-6.273,2.58,-0.59,2.58,-0.59,INF,-1,0,7,0
6040,1,1,26.505,-5.467,2.48,-0.51,2.48,-0.51,INF,-1,0,7,0
6060,1,1,28.441,-6.167,2.66,-0.58,2.66,-0.58,INF,-1,0,7,0
6080,1,1,43.331,-5.304,4.04,-0.49,4.04,-0.50,INF,-1,0,7,0
6100,1,1,43.257,-4.336,4.04,-0.40,4.04,-0.41,INF,-1,0,7,0
6120,1,1,43.612,-5.607,4.07,-0.52,4.07,-0.52,INF,-1,0,7,0
6140,1,1,43.634,-4.203,4.07,-0.39,4.07,-0.39,INF,-1,0,7,0
6160,1,1,42.792,-5.585,3.99,-0.52,3.99,-0.52,INF,-1,0,7,0
6180,1,1,42.706,-5.397,3.99,-0.50,3.99,-0.50,INF,-1,0,7,0
6200,1,1,42.427,-5.420,3.96,-0.51,3.96,-0.51,INF,-1,1,7,0
6220,1,1,42.599,-5.379,3.98,-0.50,3.98,-0.50,INF,-1,1,7,0
6240,1,1,42.130,-4.809,3.93,-0.45,3.93,-0.45,INF,-1,1,7,0
6260,1,1,42.637,-4.422,3.98,-0.41,3.98,-0.41,INF,-1,1,7,0
6280,1,1,43.656,-4.398,4.07,-0.41,4.07,-0.41,INF,-1,1,7,0
6300,1,1,41.986,-5.478,3.92,-0.51,3.92,-0.51,INF,-1,1,7,0
6320,1,1,42.263,-4.020,3.94,-0.37,3.94,-0.38,INF,-1,1,7,0
6340,1,1,40.959,-5.272,3.82,-0.49,3.82,-0.49,INF,-1,1,7,0
6360,1,1,41.683,-5.157,3.89,-0.48,3.89,-0.48,INF,-1,1,7,0
6380,1,1,42.514,-5.691,3.97,-0.53,3.97,-0.53,INF,-1,1,7,0
6400,1,1,41.873,-4.537,3.91,-0.42,3.91,-0.42,INF,-1,1,7,0
6420,1,1,42.172,-5.304,3.94,-0.49,3.94,-0.50,INF,-1,1,7,0
6440,1,1,46.947,-5.294,4.38,-0.49,4.38,-0.49,INF,-1,1,7,0
6460,1,1,46.380,-3.694,4.33,-0.34,4.33,-0.35,INF,-1,1,7,0
6480,1,1,46.516,-5.254,4.34,-0.49,4.34,-0.49,INF,-1,0,7,0
6500,1,1,46.751,-4.471,4.36,-0.42,4.36,-0.42,INF,-1,0,7,0
6520,1,1,46.481,-4.997,4.34,-0.47,4.34,-0.47,INF,-1,0,7,0
6540,1,1,46.521,-5.215,4.34,-0.49,4.34,-0.49,INF,-1,0,7,0
6560,1,1,46.513,-4.881,4.34,-0.45,4.34,-0.46,INF,-1,0,7,0
6580,1,1,47.102,-4.322,4.39,-0.40,4.39,-0.40,INF,-1,0,7,0
6600,1,1,46.945,-6.275,4.38,-0.58,4.38,-0.59,INF,-1,0,7,0
6620,1,1,44.100,-7.634,4.11,-0.71,4.11,-0.71,INF,-1,0,7,0
6640,1,1,43.682,-14.898,4.08,-1.39,4.07,-1.39,INF,-1,0,7,0
6660,1,1,44.885,-10.102,4.19,-0.94,4.19,-0.94,INF,-1,0,7,0
6680,1,1,43.676,-13.499,4.08,-1.26,4.07,-1.26,INF,-1,0,7,0
6700,1,1,44.505,-12.316,4.15,-1.15,4.15,-1.15,INF,-1,0,7,0
6720,1,1,44.558,-13.412,4.16,-1.25,4.16,-1.25,INF,-1,1,7,0
6740,1,1,44.318,-13.236,4.14,-1.23,4.13,-1.24,INF,-1,1,7,0
6760,1,1,45.445,-12.116,4.24,-1.13,4.24,-1.13,INF,-1,1,7,0
6780,1,1,45.420,-13.383,4.24,-1.25,4.24,-1.25,INF,-1,1,7,0
6800,1,1,46.135,-13.052,4.30,-1.22,4.30,-1.22,INF,-1,1,7,0
6820,1,1,44.686,-14.221,4.17,-1.33,4.17,-1.33,INF,-1,1,7,0
6840,1,1,45.103,-13.998,4.21,-1.30,4.21,-1.31,INF,-1,1,7,0
6860,1,1,45.770,-13.626,4.27,-1.27,4.27,-1.27,INF,-1,1,7,0
6880,1,1,46.535,-13.844,4.34,-1.29,4.34,-1.29,INF,-1,1,7,0
6900,1,1,46.083,-13.440,4.30,-1.25,4.30,-1.26,INF,-1,1,7,0
6920,1,1,45.176,-14.157,4.21,-1.32,4.21,-1.32,INF,-1,1,7,0
6940,1,1,46.037,-14.842,4.29,-1.38,4.29,-1.39,INF,-1,1,7,0
6960,1,1,45.617,-14.624,4.26,-1.36,4.25,-1.37,INF,-1,1,7,0
6980,1,1,46.546,-13.920,4.34,-1.30,4.34,-1.30,INF,-1,1,7,0
7000,1,1,46.150,-14.338,4.31,-1.34,4.30,-1.34,INF,-1,1,7,0
7020,1,1,46.333,-13.934,4.32,-1.30,4.32,-1.30,INF,-1,1,7,0
7040,1,1,45.584,-14.762,4.25,-1.38,4.25,-1.38,INF,-1,1,7,0
7060,1,1,46.083,-14.859,4.30,-1.38,4.30,-1.39,INF,-1,1,7,0
7080,1,1,45.856,-15.116,4.28,-1.41,4.28,-1.41,INF,-1,1,7,0
7100,1,1,46.687,-14.773,4.36,-1.38,4.35,-1.38,INF,-1,1,7,0
7120,1,1,46.052,-15.447,4.30,-1.44,4.29,-1.44,INF,-1,1,7,0
7140,1,1,5.485,-15.230,0.51,-1.42,0.51,-1.42,INF,-1,1,7,0
7160,1,1,-1.778,-14.870,-0.17,-1.39,-0.17,-1.39,INF,-1,1,7,0
7180,1,1,-0.543,-14.866,-0.05,-1.39,-0.05,-1.39,INF,-1,0,7,0
7200,1,1,-3.416,-14.399,-0.32,-1.35,-0.32,-1.35,INF,-1,0,7,0
7220,1,1,-3.644,-14.061,-0.34,-1.31,-0.34,-1.31,INF,-1,0,7,0
7240,1,1,-3.947,-12.984,-0.37,-1.21,-0.37,-1.21,INF,-1,0,7,0
7260,1,1,-3.426,-13.366,-0.32,-1.25,-0.32,-1.25,INF,-1,0,7,0
7280,1,1,-4.279,-12.552,-0.40,-1.17,-0.40,-1.17,INF,-1,0,7,0
7300,1,1,-3.257,-12.832,-0.30,-1.20,-0.30,-1.20,INF,-1,0,7,0
7320,1,1,-3.480,-12.963,-0.33,-1.21,-0.33,-1.21,INF,-1,0,7,0
7340,1,1,-3.841,-13.410,-0.36,-1.25,-0.36,-1.25,INF,-1,0,7,0
7360,1,1,-3.649,-13.544,-0.34,-1.27,-0.34,-1.27,INF,-1,0,7,0
7380,1,1,-4.273,-13.226,-0.40,-1.24,-0.40,-1.24,INF,-1,0,7,0
7400,1,1,-4.534,-12.819,-0.42,-1.20,-0.42,-1.20,INF,-1,0,7,0
7420,1,1,-14.762,-10.272,-1.38,-0.96,-1.38,-0.96,INF,-1,1,7,0
7440,1,1,-12.194,-10.416,-1.14,-0.97,-1.14,-0.97,INF,-1,1,7,0
7460,1,1,-13.738,-10.703,-1.28,-1.00,-1.28,-1.00,INF,-1,1,7,0
7480,1,1,-12.602,-10.253,-1.18,-0.96,-1.18,-0.96,INF,-1,1,7,0
7500,1,1,-13.075,-10.500,-1.22,-0.98,-1.22,-0.98,INF,-1,1,7,0
7520,1,1,-14.465,-10.236,-1.35,-0.96,-1.35,-0.96,INF,-1,1,7,0
7540,1,1,-13.542,-9.955,-1.27,-0.93,-1.27,-0.93,INF,-1,1,7,0
7560,1,1,-13.718,-10.697,-1.28,-1.00,-1.28,-1.00,INF,-1,0,7,0
7580,1,1,-12.740,-9.217,-1.19,-0.86,-1.19,-0.86,INF,-1,0,7,0
7600,1,1,-12.832,-9.885,-1.20,-0.92,-1.20,-0.92,INF,-1,0,7,0
7620,1,1,-14.250,-8.723,-1.33,-0.82,-1.33,-0.82,INF,-1,0,7,0
7640,1,1,-21.939,-4.398,-2.05,-0.41,-2.05,-0.41,INF,-1,0,7,0
7660,1,1,-20.386,-4.531,-1.90,-0.42,-1.90,-0.42,INF,-1,0,7,0
7680,1,1,-21.773,-4.471,-2.03,-0.42,-2.03,-0.42,INF,-1,0,7,0
7700,1,1,-21.202,-4.308,-1.98,-0.40,-1.98,-0.40,INF,-1,0,7,0
7720,1,1,-21.515,-3.675,-2.01,-0.34,-2.01,-0.34,INF,-1,0,7,0
7740,1,1,-20.880,-5.386,-1.95,-0.50,-1.95,-0.50,INF,-1,0,7,0
7760,1,1,-21.130,-5.195,-1.97,-0.49,-1.97,-0.49,INF,-1,0,7,0
7780,1,1,-21.741,-5.006,-2.03,-0.47,-2.03,-0.47,INF,-1,0,7,0
7800,1,1,-21.800,-4.451,-2.04,-0.42,-2.04,-0.42,INF,-1,1,7,0
7820,1,1,-26.838,-2.016,-2.51,-0.19,-2.51,-0.19,INF,-1,1,7,0
7840,1,1,-26.594,1.633,-2.48,0.15,-2.48,0.15,INF,-1,1,7,0
7860,1,1,-27.011,1.476,-2.52,0.14,-2.52,0.14,INF,-1,1,7,0
7880,1,1,-27.888,0.763,-2.60,0.07,-2.60,0.07,INF,-1,0,7,0
7900,1,1,-27.539,2.316,-2.57,0.22,-2.57,0.22,INF,-1,0,7,0
7920,1,1,-28.061,2.110,-2.62,0.20,-2.62,0.20,INF,-1,0,7,0
7940,1,1,-28.452,2.611,-2.66,0.24,-2.66,0.24,INF,-1,0,7,0
7960,1,1,-28.725,3.093,-2.68,0.29,-2.68,0.29,INF,-1,0,7,0
7980,1,1,-28.489,3.088,-2.66,0.29,-2.66,0.29,INF,-1,0,7,0
8000,1,1,-29.564,1.194,-2.76,0.11,-2.76,0.11,INF,-1,0,7,0
8020,1,1,-28.242,3.280,-2.64,0.31,-2.64,0.31,INF,-1,0,7,0
8040,1,1,-27.611,2.526,-2.58,0.24,-2.58,0.24,INF,-1,0,7,0
8060,1,1,-27.528,3.352,-2.57,0.31,-2.57,0.31,INF,-1,0,7,0
8080,1,1,-28.264,1.378,-2.64,0.13,-2.64,0.13,INF,-1,0,7,0
8100,1,1,-32.865,3.147,-3.07,0.29,-3.07,0.29,INF,-1,0,7,0
8120,1,1,-32.183,3.358,-3.01,0.31,-3.01,0.31,INF,-1,1,7,0
8140,1,1,-32.732,2.874,-3.06,0.27,-3.06,0.27,INF,-1,1,7,0
8160,1,1,-33.602,3.379,-3.14,0.32,-3.14,0.32,INF,-1,1,7,0
8180,1,1,-33.750,4.070,-3.15,0.38,-3.15,0.38,INF,-1,1,7,0
8200,1,1,-33.074,4.766,-3.09,0.44,-3.09,0.45,INF,-1,1,7,0
8220,1,1,-33.616,3.498,-3.14,0.33,-3.14,0.33,INF,-1,1,7,0
8240,1,1,-33.310,6.344,-3.11,0.59,-3.11,0.59,INF,-1,1,7,0
8260,1,1,-34.856,4.959,-3.25,0.46,-3.25,0.46,INF,-1,1,7,0
8280,1,1,-33.770,3.920,-3.15,0.37,-3.15,0.37,INF,-1,1,7,0
8300,1,1,-34.128,3.673,-3.19,0.34,-3.19,0.34,INF,-1,1,7,0
8320,1,1,-34.345,3.837,-3.21,0.36,-3.21,0.36,INF,-1,1,7,0
8340,1,1,-33.525,3.692,-3.13,0.34,-3.13,0.35,INF,-1,1,7,0
8360,1,1,-34.419,4.367,-3.21,0.41,-3.21,0.41,INF,-1,1,7,0
8380,1,1,-33.275,4.714,-3.11,0.44,-3.11,0.44,INF,-1,1,7,0
8400,1,1,-34.260,4.747,-3.20,0.44,-3.20,0.44,INF,-1,1,7,0
8420,1,1,-33.648,4.771,-3.14,0.45,-3.14,0.45,INF,-1,1,7,0
8440,1,1,-34.089,4.812,-3.18,0.45,-3.18,0.45,INF,-1,1,7,0
8460,1,1,-34.113,3.487,-3.19,0.33,-3.19,0.33,INF,-1,1,7,0
8480,1,1,-34.740,4.474,-3.24,0.42,-3.24,0.42,INF,-1,1,7,0
8500,1,1,-33.024,5.744,-3.08,0.54,-3.08,0.54,INF,-1,1,7,0
8520,1,1,-33.403,4.454,-3.12,0.42,-3.12,0.42,INF,-1,1,7,0
8540,1,1,-33.395,4.632,-3.12,0.43,-3.12,0.43,INF,-1,1,7,0
8560,1,1,-33.353,5.333,-3.11,0.50,-3.11,0.50,INF,-1,1,7,0
8580,1,1,-33.093,4.612,-3.09,0.43,-3.09,0.43,INF,-1,1,7,0
8600,1,1,-32.856,5.963,-3.07,0.56,-3.07,0.56,INF,-1,1,7,0
8620,1,1,-31.981,5.339,-2.99,0.50,-2.99,0.50,INF,-1,1,7,0
8640,1,1,-32.680,6.616,-3.05,0.62,-3.05,0.62,INF,-1,1,7,0
8660,1,1,-33.085,6.035,-3.09,0.56,-3.09,0.56,INF,-1,1,7,0
8680,1,1,-33.047,5.543,-3.09,0.52,-3.09,0.52,INF,-1,1,7,0
8700,1,1,-32.544,5.153,-3.04,0.48,-3.04,0.48,INF,-1,1,7,0
8720,1,1,-32.389,4.464,-3.02,0.42,-3.02,0.42,INF,-1,1,7,0
8740,1,1,-26.861,1.159,-2.51,0.11,-2.51,0.11,INF,-1,1,7,0
8760,1,1,-22.222,0.682,-2.08,0.06,-2.08,0.06,INF,-1,1,7,0
8780,1,1,-22.841,2.982,-2.13,0.28,-2.13,0.28,INF,-1,1,7,0
8800,1,1,-23.579,1.756,-2.20,0.16,-2.20,0.16,INF,-1,1,7,0
8820,1,1,-22.504,2.799,-2.10,0.26,-2.10,0.26,INF,-1,1,7,0
8840,1,1,-23.442,2.908,-2.19,0.27,-2.19,0.27,INF,-1,1,7,0
8860,1,1,-22.768,3.492,-2.13,0.33,-2.13,0.33,INF,-1,1,7,0
8880,1,1,-22.863,3.463,-2.14,0.32,-2.14,0.32,INF,-1,1,7,0
8900,1,1,-22.058,1.955,-2.06,0.18,-2.06,0.18,INF,-1,1,7,0
8920,1,1,-21.761,3.218,-2.03,0.30,-2.03,0.30,INF,-1,1,7,0
8940,1,1,-23.029,2.365,-2.15,0.22,-2.15,0.22,INF,-1,1,7,0
8960,1,1,-23.529,2.707,-2.20,0.25,-2.20,0.25,INF,-1,1,7,0
8980,1,1,-23.611,1.346,-2.21,0.13,-2.21,0.13,INF,-1,1,7,0
9000,1,1,-23.718,2.535,-2.22,0.24,-2.22,0.24,INF,-1,1,7,0
9020,1,1,-23.637,2.891,-2.21,0.27,-2.21,0.27,INF,-1,1,7,0
9040,1,1,-23.422,2.756,-2.19,0.26,-2.19,0.26,INF,-1,1,7,0
9060,1,1,-23.394,3.239,-2.19,0.30,-2.19,0.30,INF,-1,1,7,0
9080,1,1,-23.644,2.690,-2.21,0.25,-2.21,0.25,INF,-1,1,7,0
9100,1,1,-23.004,2.135,-2.15,0.20,-2.15,0.20,INF,-1,1,7,0
9120,1,1,-23.142,1.847,-2.16,0.17,-2.16,0.17,INF,-1,1,7,0
9140,1,1,-23.345,3.475,-2.18,0.32,-2.18,0.32,INF,-1,1,7,0
9160,1,1,-22.889,2.901,-2.14,0.27,-2.14,0.27,INF,-1,1,7,0
9180,1,1,-22.894,2.205,-2.14,0.21,-2.14,0.21,INF,-1,1,7,0
9200,1,1,-41.055,-15.520,-3.83,-1.45,-3.83,-1.45,INF,-1,1,7,0
9220,1,1,-34.908,-15.974,-3.26,-1.49,-3.26,-1.49,INF,-1,1,7,0
9240,1,1,-35.943,-14.533,-3.36,-1.36,-3.35,-1.36,INF,-1,0,7,0
9260,1,1,-34.168,-14.029,-3.19,-1.31,-3.19,-1.31,INF,-1,0,7,0
9280,1,1,-35.581,-14.449,-3.32,-1.35,-3.32,-1.35,INF,-1,0,7,0
9300,1,1,-36.494,-13.364,-3.41,-1.25,-3.41,-1.25,INF,-1,0,7,0
9320,1,1,-36.427,-14.358,-3.40,-1.34,-3.40,-1.34,INF,-1,0,7,0
9340,1,1,-36.589,-14.872,-3.42,-1.39,-3.41,-1.39,INF,-1,0,7,0
9360,1,1,-35.706,-14.244,-3.33,-1.33,-3.33,-1.33,INF,-1,0,7,0
9380,1,1,-35.107,-14.339,-3.28,-1.34,-3.28,-1.34,INF,-1,0,7,0
9400,1,1,-35.646,-14.127,-3.33,-1.32,-3.33,-1.32,INF,-1,0,7,0
9420,1,1,-35.330,-15.198,-3.30,-1.42,-3.30,-1.42,INF,-1,0,7,0
9440,1,1,-36.306,-14.472,-3.39,-1.35,-3.39,-1.35,INF,-1,0,7,0
9460,1,1,-40.355,-7.154,-3.77,-0.67,-3.77,-0.67,INF,-1,0,7,0
9480,1,1,-40.376,-7.984,-3.77,-0.74,-3.77,-0.75,INF,-1,1,7,0
9500,1,1,-40.977,-9.377,-3.82,-0.87,-3.82,-0.88,INF,-1,1,7,0
9520,1,1,-39.909,-7.014,-3.72,-0.65,-3.72,-0.66,INF,-1,1,7,0
9540,1,1,-40.920,-8.294,-3.82,-0.77,-3.82,-0.78,INF,-1,1,7,0
9560,1,1,-42.058,-8.070,-3.92,-0.75,-3.92,-0.75,INF,-1,1,7,0
9580,1,1,-42.023,-9.642,-3.92,-0.90,-3.92,-0.90,INF,-1,1,7,0
9600,1,1,-41.585,-10.326,-3.88,-0.96,-3.88,-0.97,INF,-1,1,7,0
9620,1,1,-41.669,-9.892,-3.89,-0.92,-3.89,-0.92,INF,-1,1,7,0
9640,1,1,-42.416,-9.126,-3.96,-0.85,-3.96,-0.85,INF,-1,1,7,0
9660,1,1,-42.663,-9.330,-3.98,-0.87,-3.98,-0.87,INF,-1,1,7,0
9680,1,1,-42.165,-9.307,-3.93,-0.87,-3.93,-0.87,INF,-1,1,7,0
9700,1,1,-42.563,-9.017,-3.97,-0.84,-3.97,-0.84,INF,-1,1,7,0
9720,1,1,-43.151,-9.734,-4.03,-0.91,-4.03,-0.91,INF,-1,1,7,0
9740,1,1,-42.586,-9.972,-3.97,-0.93,-3.97,-0.93,INF,-1,1,7,0
9760,1,1,-47.641,-13.269,-4.44,-1.24,-4.44,-1.24,INF,-1,1,7,0
9780,1,1,-46.135,-13.173,-4.30,-1.23,-4.30,-1.23,INF,-1,1,7,0
9800,1,1,-46.466,-12.911,-4.33,-1.20,-4.33,-1.21,INF,-1,1,7,0
9820,1,1,-46.415,-12.943,-4.33,-1.21,-4.33,-1.21,INF,-1,1,7,0
9840,1,1,-45.713,-13.613,-4.26,-1.27,-4.26,-1.27,INF,-1,1,7,0
9860,1,1,-45.721,-13.060,-4.27,-1.22,-4.26,-1.22,INF,-1,1,7,0
9880,1,1,-46.786,-13.598,-4.36,-1.27,-4.36,-1.27,INF,-1,1,7,0
9900,1,1,-46.389,-14.873,-4.33,-1.39,-4.33,-1.39,INF,-1,1,7,0
9920,1,1,-46.694,-13.066,-4.36,-1.22,-4.36,-1.22,INF,-1,1,7,0
9940,1,1,-46.064,-13.219,-4.30,-1.23,-4.30,-1.24,INF,-1,1,7,0
9960,1,1,-45.740,-12.560,-4.27,-1.17,-4.27,-1.17,INF,-1,1,7,0
9980,1,1,-46.143,-13.536,-4.30,-1.26,-4.30,-1.27,INF,-1,1,7,0
10000,1,1,-45.197,-13.757,-4.22,-1.28,-4.22,-1.29,INF,-1,1,7,0
10020,1,1,-46.667,-14.395,-4.35,-1.34,-4.35,-1.35,INF,-1,1,7,0
10040,1,1,-51.305,-12.472,-4.78,-1.16,-4.78,-1.17,INF,-1,1,7,0
10060,1,1,-57.628,-8.664,-5.37,-0.81,-5.37,-0.81,INF,-1,0,7,0
10080,1,1,-56.451,-9.287,-5.26,-0.86,-5.26,-0.87,INF,-1,0,7,0
10100,1,1,-56.984,-10.041,-5.31,-0.93,-5.31,-0.94,INF,-1,0,7,0
10120,1,1,-56.676,-9.928,-5.28,-0.92,-5.28,-0.93,INF,-1,0,7,0
10140,1,1,-56.401,-9.925,-5.26,-0.92,-5.26,-0.93,INF,-1,0,7,0
10160,1,1,-56.580,-10.552,-5.27,-0.98,-5.27,-0.99,INF,-1,0,7,0
10180,1,1,-56.502,-10.378,-5.27,-0.97,-5.27,-0.97,INF,-1,0,7,0
10200,1,1,-56.030,-10.206,-5.22,-0.95,-5.22,-0.95,INF,-1,0,7,0
10220,1,1,-56.375,-11.330,-5.25,-1.05,-5.25,-1.06,INF,-1,0,7,0
10240,1,1,-56.652,-11.143,-5.28,-1.04,-5.28,-1.04,INF,-1,0,7,0
10260,1,1,-57.314,-11.761,-5.34,-1.09,-5.34,-1.10,INF,-1,0,7,0
10280,1,1,-57.040,-11.635,-5.32,-1.08,-5.32,-1.09,INF,-1,0,7,0
10300,1,1,-56.724,-11.084,-5.29,-1.03,-5.29,-1.04,INF,-1,1,7,0
10320,1,1,-56.229,-10.901,-5.24,-1.01,-5.24,-1.02,INF,-1,1,7,0
10340,1,1,-56.212,-11.074,-5.24,-1.03,-5.24,-1.03,INF,-1,1,7,0
10360,1,1,-56.195,-11.534,-5.24,-1.07,-5.24,-1.08,INF,-1,1,7,0
10380,1,1,-55.484,-10.818,-5.17,-1.01,-5.17,-1.01,INF,-1,1,7,0
10400,1,1,-56.361,-10.119,-5.25,-0.94,-5.25,-0.95,INF,-1,1,7,0
10420,1,1,-54.200,-3.049,-5.05,-0.28,-5.05,-0.28,INF,-1,1,7,0
10440,1,1,-55.832,-0.359,-5.20,-0.03,-5.20,-0.03,INF,-1,1,7,0
10460,1,1,-55.601,-1.706,-5.18,-0.16,-5.18,-0.16,INF,-1,1,7,0
10480,1,1,-55.528,-0.723,-5.18,-0.07,-5.18,-0.07,INF,-1,1,7,0
10500,1,1,-55.429,-2.043,-5.17,-0.19,-5.17,-0.19,INF,-1,1,7,0
10520,1,1,-55.307,-2.583,-5.16,-0.24,-5.16,-0.24,INF,-1,1,7,0
10540,1,1,-56.254,-2.271,-5.24,-0.21,-5.24,-0.21,INF,-1,1,7,0
10560,1,1,-55.730,-2.018,-5.19,-0.19,-5.19,-0.19,INF,-1,1,7,0
10580,1,1,-55.885,-2.285,-5.21,-0.21,-5.21,-0.21,INF,-1,1,7,0
10600,1,1,-54.945,-1.234,-5.12,-0.11,-5.12,-0.12,INF,-1,1,7,0
10620,1,1,-54.029,-2.149,-5.04,-0.20,-5.04,-0.20,INF,-1,1,7,0
10640,1,1,-22.593,-4.203,-2.11,-0.39,-2.11,-0.39,INF,-1,1,7,0
10660,1,1,-13.363,-1.995,-1.25,-0.19,-1.25,-0.19,INF,-1,1,7,0
10680,1,1,-14.165,-1.651,-1.32,-0.15,-1.32,-0.15,INF,-1,0,7,0
10700,1,1,-13.426,-0.989,-1.25,-0.09,-1.25,-0.09,INF,-1,0,7,0
10720,1,1,-13.666,-1.668,-1.28,-0.16,-1.28,-0.16,INF,-1,0,7,0
10740,1,1,-14.339,-2.765,-1.34,-0.26,-1.34,-0.26,INF,-1,0,7,0
10760,1,1,-14.232,-2.985,-1.33,-0.28,-1.33,-0.28,INF,-1,0,7,0
10780,1,1,-14.182,-1.767,-1.33,-0.17,-1.33,-0.17,INF,-1,0,7,0
10800,1,1,-13.953,-2.521,-1.30,-0.24,-1.30,-0.24,INF,-1,0,7,0
10820,1,1,-13.252,-2.797,-1.24,-0.26,-1.24,-0.26,INF,-1,0,7,0
10840,1,1,-13.488,-2.695,-1.26,-0.25,-1.26,-0.25,INF,-1,0,7,0
10860,1,1,-13.147,-3.116,-1.23,-0.29,-1.23,-0.29,INF,-1,0,7,0
10880,1,1,-13.150,-2.827,-1.23,-0.26,-1.23,-0.26,INF,-1,0,7,0
10900,1,1,-12.205,-2.512,-1.14,-0.23,-1.14,-0.23,INF,-1,0,7,0
10920,1,1,-10.578,-2.274,-0.99,-0.21,-0.99,-0.21,INF,-1,1,7,0
10940,1,1,-4.067,-2.041,-0.38,-0.19,-0.38,-0.19,INF,-1,1,7,0
10960,1,1,-6.246,-2.430,-0.58,-0.23,-0.58,-0.23,INF,-1,1,7,0
10980,1,1,-5.341,-2.354,-0.50,-0.22,-0.50,-0.22,INF,-1,1,7,0
11000,1,1,-6.029,-1.387,-0.56,-0.13,-0.56,-0.13,INF,-1,1,7,0
11020,1,1,-6.705,-2.174,-0.63,-0.20,-0.63,-0.20,INF,-1,1,7,0
11040,1,1,-5.652,-1.355,-0.53,-0.13,-0.53,-0.13,INF,-1,1,7,0
11060,1,1,-5.679,-1.433,-0.53,-0.13,-0.53,-0.13,INF,-1,1,7,0
11080,1,1,-20.759,-4.734,-1.94,-0.44,-1.94,-0.44,INF,-1,1,7,0
11100,1,1,-16.491,-2.201,-1.54,-0.21,-1.54,-0.21,INF,-1,1,7,0
11120,1,1,-16.594,-2.081,-1.55,-0.19,-1.55,-0.19,INF,-1,1,7,0
11140,1,1,-17.079,-2.868,-1.60,-0.27,-1.60,-0.27,INF,-1,1,7,0
11160,1,1,-16.959,-2.486,-1.58,-0.23,-1.58,-0.23,INF,-1,1,7,0
11180,1,1,-16.541,-2.018,-1.55,-0.19,-1.55,-0.19,INF,-1,1,7,0
11200,1,1,-17.255,-1.670,-1.61,-0.16,-1.61,-0.16,INF,-1,1,7,0
11220,1,1,-16.948,-2.860,-1.58,-0.27,-1.58,-0.27,INF,-1,1,7,0
11240,1,1,-17.206,-3.001,-1.61,-0.28,-1.61,-0.28,INF,-1,1,7,0
11260,1,1,-18.547,-1.244,-1.73,-0.12,-1.73,-0.12,INF,-1,1,7,0
11280,1,1,-22.564,-0.739,-2.11,-0.07,-2.11,-0.07,INF,-1,1,7,0
11300,1,1,-21.399,-0.828,-2.00,-0.08,-2.00,-0.08,INF,-1,1,7,0
11320,1,1,-21.739,-1.519,-2.03,-0.14,-2.03,-0.14,INF,-1,1,7,0
11340,1,1,-22.266,-0.762,-2.08,-0.07,-2.08,-0.07,INF,-1,1,7,0
11360,1,1,-21.431,1.123,-2.00,0.10,-2.00,0.10,INF,-1,1,7,0
11380,1,1,-21.212,0.716,-1.98,0.07,-1.98,0.07,INF,-1,1,7,0
11400,1,1,-21.507,0.402,-2.01,0.04,-2.01,0.04,INF,-1,1,7,0
11420,1,1,-21.356,1.604,-2.00,0.15,-2.00,0.15,INF,-1,1,7,0
11440,1,1,-21.752,0.927,-2.03,0.09,-2.03,0.09,INF,-1,1,7,0
11460,1,1,-21.405,1.934,-2.00,0.18,-2.00,0.18,INF,-1,1,7,0
11480,1,1,-21.510,0.724,-2.01,0.07,-2.01,0.07,INF,-1,1,7,0
11500,1,1,-21.277,0.991,-1.99,0.09,-1.99,0.09,INF,-1,1,7,0
11520,1,1,-21.747,1.328,-2.03,0.12,-2.03,0.12,INF,-1,1,7,0
11540,1,1,-22.074,0.092,-2.06,0.01,-2.06,0.01,INF,-1,1,7,0
11560,1,1,-22.126,0.108,-2.07,0.01,-2.07,0.01,INF,-1,1,7,0
11580,1,1,-22.270,1.132,-2.08,0.11,-2.08,0.11,INF,-1,1,7,0
11600,1,1,-21.759,1.223,-2.03,0.11,-2.03,0.11,INF,-1,1,7,0
11620,1,1,-21.227,1.212,-1.98,0.11,-1.98,0.11,INF,-1,1,7,0
11640,1,1,-22.269,0.938,-2.08,0.09,-2.08,0.09,INF,-1,1,7,0
11660,1,1,-21.818,0.564,-2.04,0.05,-2.04,0.05,INF,-1,1,7,0
11680,1,1,-23.094,0.510,-2.16,0.05,-2.16,0.05,INF,-1,1,7,0
11700,1,1,-22.701,0.272,-2.12,0.03,-2.12,0.03,INF,-1,1,7,0
11720,1,1,-20.543,-1.328,-1.92,-0.12,-1.92,-0.12,INF,-1,1,7,0
11740,1,1,-17.453,-17.538,-1.63,-1.64,-1.63,-1.64,INF,-1,1,7,0
11760,1,1,-17.674,-15.134,-1.65,-1.41,-1.65,-1.41,INF,-1,1,7,0
11780,1,1,-18.593,-15.046,-1.74,-1.41,-1.74,-1.41,INF,-1,0,7,0
11800,1,1,-18.278,-15.077,-1.71,-1.41,-1.71,-1.41,INF,-1,0,7,0
11820,1,1,-17.537,-15.429,-1.64,-1.44,-1.64,-1.44,INF,-1,0,7,0
11840,1,1,-16.567,-15.255,-1.55,-1.43,-1.55,-1.43,INF,-1,0,7,0
11860,1,1,-16.886,-14.526,-1.58,-1.36,-1.58,-1.36,INF,-1,0,7,0
11880,1,1,-16.747,-15.348,-1.56,-1.43,-1.56,-1.43,INF,-1,0,7,0
11900,1,1,-16.885,-15.816,-1.58,-1.48,-1.58,-1.48,INF,-1,0,7,0
11920,1,1,-17.269,-15.969,-1.61,-1.49,-1.61,-1.49,INF,-1,0,7,0
11940,1,1,-16.133,-14.120,-1.51,-1.32,-1.51,-1.32,INF,-1,0,7,0
11960,1,1,-16.155,-13.975,-1.51,-1.31,-1.51,-1.31,INF,-1,0,7,0
11980,1,1,-16.445,-14.680,-1.54,-1.37,-1.54,-1.37,INF,-1,0,7,0
12000,1,1,-16.533,-16.184,-1.54,-1.51,-1.54,-1.51,INF,-1,0,7,0
12020,1,1,-16.609,-14.070,-1.55,-1.31,-1.55,-1.31,INF,-1,1,7,0
12040,1,1,-16.126,-14.725,-1.51,-1.38,-1.51,-1.38,INF,-1,1,7,0
12060,1,1,-15.644,-12.740,-1.46,-1.19,-1.46,-1.19,INF,-1,1,7,0
12080,1,1,-15.150,-7.487,-1.42,-0.70,-1.42,-0.70,INF,-1,1,7,0
12100,1,1,-14.245,-5.641,-1.33,-0.53,-1.33,-0.53,INF,-1,1,7,0
12120,1,1,-14.594,-4.954,-1.36,-0.46,-1.36,-0.46,INF,-1,1,7,0
12140,1,1,-13.854,-3.043,-1.29,-0.28,-1.29,-0.28,INF,-1,1,7,0
12160,1,1,-14.770,-5.348,-1.38,-0.50,-1.38,-0.50,INF,-1,0,7,0
12180,1,1,-15.315,-5.429,-1.43,-0.51,-1.43,-0.51,INF,-1,0,7,0
12200,1,1,-15.491,-5.548,-1.45,-0.52,-1.45,-0.52,INF,-1,0,7,0
12220,1,1,-15.222,-5.733,-1.42,-0.54,-1.42,-0.54,INF,-1,0,7,0
12240,1,1,-14.950,-5.529,-1.40,-0.52,-1.40,-0.52,INF,-1,0,7,0
12260,1,1,-14.257,-5.298,-1.33,-0.50,-1.33,-0.50,INF,-1,0,7,0
12280,1,1,-14.640,-5.839,-1.37,-0.55,-1.37,-0.55,INF,-1,0,7,0
12300,1,1,-13.327,-6.613,-1.25,-0.62,-1.25,-0.62,INF,-1,0,7,0
12320,1,1,19.035,-4.846,1.78,-0.45,1.78,-0.45,INF,-1,0,7,0
12340,1,1,22.700,-2.285,2.12,-0.21,2.12,-0.21,INF,-1,0,7,0
12360,1,1,22.240,-2.242,2.08,-0.21,2.08,-0.21,INF,-1,0,7,0
12380,1,1,21.159,-2.832,1.98,-0.26,1.98,-0.26,INF,-1,0,7,0
12400,1,1,23.838,-2.325,2.23,-0.22,2.23,-0.22,INF,-1,0,7,0
12420,1,1,44.304,-0.495,4.13,-0.05,4.13,-0.05,INF,-1,0,7,0
12440,1,1,41.224,-2.164,3.85,-0.20,3.85,-0.20,INF,-1,0,7,0
12460,1,1,41.180,-1.603,3.84,-0.15,3.84,-0.15,INF,-1,0,7,0
12480,1,1,41.502,-1.534,3.87,-0.14,3.87,-0.14,INF,-1,0,7,0
12500,1,1,41.284,-1.660,3.85,-0.15,3.85,-0.16,INF,-1,0,7,0
12520,1,1,41.233,-0.214,3.85,-0.02,3.85,-0.02,INF,-1,0,7,0
12540,1,1,41.900,-1.295,3.91,-0.12,3.91,-0.12,INF,-1,0,7,0
12560,1,1,41.837,-0.911,3.90,-0.08,3.90,-0.09,INF,-1,0,7,0
12580,1,1,40.648,-0.949,3.79,-0.09,3.79,-0.09,INF,-1,0,7,0
12600,1,1,40.323,-1.599,3.76,-0.15,3.76,-0.15,INF,-1,1,7,0
12620,1,1,41.978,-2.478,3.92,-0.23,3.92,-0.23,INF,-1,1,7,0
12640,1,1,41.885,-0.852,3.91,-0.08,3.91,-0.08,INF,-1,1,7,0
12660,1,1,42.024,-0.202,3.92,-0.02,3.92,-0.02,INF,-1,1,7,0
12680,1,1,42.682,-0.060,3.98,-0.01,3.98,-0.01,INF,-1,1,7,0
12700,1,1,42.820,0.854,4.00,0.08,4.00,0.08,INF,-1,1,7,0
12720,1,1,42.836,1.277,4.00,0.12,4.00,0.12,INF,-1,1,7,0
12740,1,1,42.577,-0.199,3.97,-0.02,3.97,-0.02,INF,-1,1,7,0
12760,1,1,42.187,-0.020,3.94,0.00,3.94,0.00,INF,-1,1,7,0
12780,1,1,43.418,-0.061,4.05,-0.01,4.05,-0.01,INF,-1,1,7,0
12800,1,1,44.072,2.177,4.11,0.20,4.11,0.20,INF,-1,1,7,0
12820,1,1,43.975,12.759,4.10,1.19,4.10,1.19,INF,-1,1,7,0
12840,1,1,43.073,9.064,4.02,0.85,4.02,0.85,INF,-1,1,7,0
12860,1,1,43.266,9.186,4.04,0.86,4.04,0.86,INF,-1,0,7,0
12880,1,1,43.021,9.793,4.01,0.91,4.01,0.92,INF,-1,0,7,0
12900,1,1,44.171,9.226,4.12,0.86,4.12,0.86,INF,-1,0,7,0
12920,1,1,44.286,9.611,4.13,0.90,4.13,0.90,INF,-1,0,7,0
12940,1,1,43.669,9.807,4.07,0.91,4.07,0.92,INF,-1,0,7,0
12960,1,1,42.455,9.468,3.96,0.88,3.96,0.88,INF,-1,0,7,0
12980,1,1,42.853,9.567,4.00,0.89,4.00,0.89,INF,-1,0,7,0
13000,1,1,42.793,8.408,3.99,0.78,3.99,0.79,INF,-1,0,7,0
13020,1,1,42.846,7.720,4.00,0.72,4.00,0.72,INF,-1,0,7,0
13040,1,1,42.400,7.977,3.96,0.74,3.96,0.75,INF,-1,0,7,0
13060,1,1,42.986,8.234,4.01,0.77,4.01,0.77,INF,-1,0,7,0
13080,1,1,72.057,-9.118,6.70,-0.85,6.70,-0.85,INF,-1,0,7,0
13100,1,1,65.599,-12.525,6.11,-1.16,6.11,-1.17,INF,-1,1,7,0
13120,1,1,65.981,-10.787,6.14,-1.00,6.14,-1.01,INF,-1,0,7,0
13140,1,1,66.354,-11.341,6.18,-1.05,6.18,-1.06,INF,-1,0,7,0
13160,1,1,66.151,-10.793,6.16,-1.00,6.16,-1.01,INF,-1,0,7,0
13180,1,1,66.473,-11.957,6.19,-1.11,6.19,-1.12,INF,-1,0,7,0
13200,1,1,65.943,-10.863,6.14,-1.01,6.14,-1.02,INF,-1,0,7,0
13220,1,1,58.060,-11.952,5.41,-1.11,5.41,-1.12,INF,-1,0,7,0
13240,1,1,59.269,-10.288,5.52,-0.96,5.52,-0.96,INF,-1,0,7,0
13260,1,1,59.942,-10.928,5.58,-1.02,5.58,-1.02,INF,-1,0,7,0
13280,1,1,59.502,-9.655,5.54,-0.90,5.54,-0.90,INF,-1,0,7,0
13300,1,1,58.034,-11.590,5.41,-1.08,5.41,-1.08,INF,-1,0,7,0
13320,1,1,58.618,-10.766,5.46,-1.00,5.46,-1.01,INF,-1,0,7,0
13340,1,1,58.598,-10.747,5.46,-1.00,5.46,-1.00,INF,-1,0,7,0
13360,1,1,57.552,-11.466,5.36,-1.07,5.36,-1.07,INF,-1,1,7,0
13380,1,1,57.688,-11.388,5.38,-1.06,5.38,-1.06,INF,-1,1,7,0
13400,1,1,58.366,-11.247,5.44,-1.05,5.44,-1.05,INF,-1,1,7,0
13420,1,1,59.613,-10.771,5.55,-1.00,5.55,-1.01,INF,-1,1,7,0
13440,1,1,59.208,-11.091,5.52,-1.03,5.52,-1.04,INF,-1,1,7,0
13460,1,1,57.784,-11.982,5.39,-1.11,5.38,-1.12,INF,-1,1,7,0
13480,1,1,55.798,-9.073,5.20,-0.84,5.20,-0.85,INF,-1,1,7,0
13500,1,1,53.475,-7.404,4.99,-0.69,4.99,-0.69,INF,-1,1,7,0
13520,1,1,53.477,-7.138,4.99,-0.66,4.99,-0.67,INF,-1,1,7,0
13540,1,1,52.764,-7.606,4.92,-0.71,4.92,-0.71,INF,-1,1,7,0
13560,1,1,53.832,-7.375,5.02,-0.69,5.02,-0.69,INF,-1,1,7,0
13580,1,1,53.725,-6.879,5.01,-0.64,5.01,-0.64,INF,-1,1,7,0
13600,1,1,54.333,-5.952,5.07,-0.55,5.06,-0.56,INF,-1,1,7,0
13620,1,1,52.709,-6.571,4.91,-0.61,4.91,-0.61,INF,-1,1,7,0
13640,1,1,53.919,-6.412,5.03,-0.60,5.03,-0.60,INF,-1,1,7,0
13660,1,1,54.717,-4.845,5.10,-0.45,5.10,-0.45,INF,-1,1,7,0
13680,1,1,55.054,-6.765,5.13,-0.63,5.13,-0.63,INF,-1,1,7,0
13700,1,1,54.918,-5.406,5.12,-0.50,5.12,-0.51,INF,-1,1,7,0
13720,1,1,48.314,-2.409,4.51,-0.22,4.51,-0.23,INF,-1,1,7,0
13740,1,1,44.389,-0.602,4.14,-0.06,4.14,-0.06,INF,-1,1,7,0
13760,1,1,45.817,-0.995,4.27,-0.09,4.27,-0.09,INF,-1,0,7,0
13780,1,1,44.121,-1.227,4.12,-0.11,4.12,-0.11,INF,-1,0,7,0
13800,1,1,44.885,-1.281,4.19,-0.12,4.19,-0.12,INF,-1,0,7,0
13820,1,1,43.735,-1.565,4.08,-0.15,4.08,-0.15,INF,-1,0,7,0
13840,1,1,44.095,-1.777,4.11,-0.17,4.11,-0.17,INF,-1,0,7,0
13860,1,1,43.653,-1.796,4.07,-0.17,4.07,-0.17,INF,-1,0,7,0
13880,1,1,37.450,-3.201,3.50,-0.30,3.50,-0.30,INF,-1,0,7,0
13900,1,1,37.923,-1.331,3.54,-0.12,3.54,-0.12,INF,-1,0,7,0
13920,1,1,37.399,-2.745,3.49,-0.26,3.49,-0.26,INF,-1,0,7,0
13940,1,1,37.360,-3.094,3.49,-0.29,3.49,-0.29,INF,-1,0,7,0
13960,1,1,37.863,-2.459,3.53,-0.23,3.53,-0.23,INF,-1,0,7,0
13980,1,1,37.597,-3.835,3.51,-0.36,3.51,-0.36,INF,-1,0,7,0
14000,1,1,38.207,-2.994,3.57,-0.28,3.57,-0.28,INF,-1,1,7,0
14020,1,1,37.770,-3.605,3.53,-0.34,3.53,-0.34,INF,-1,1,7,0
14040,1,1,37.466,-3.463,3.50,-0.32,3.50,-0.32,INF,-1,1,7,0
14060,1,1,37.908,-3.962,3.54,-0.37,3.54,-0.37,INF,-1,1,7,0
14080,1,1,35.401,-7.284,3.31,-0.68,3.30,-0.68,INF,-1,1,7,0
14100,1,1,31.219,-21.617,2.92,-2.02,2.91,-2.02,INF,-1,1,7,0
14120,1,1,32.661,-20.168,3.05,-1.88,3.05,-1.88,INF,-1,1,7,0
14140,1,1,31.560,-20.251,2.95,-1.89,2.95,-1.89,INF,-1,0,7,0
14160,1,1,31.679,-20.019,2.96,-1.87,2.96,-1.87,INF,-1,0,7,0
14180,1,1,32.305,-20.457,3.02,-1.91,3.02,-1.91,INF,-1,0,7,0
14200,1,1,32.722,-20.561,3.06,-1.92,3.05,-1.92,INF,-1,0,7,0
14220,1,1,32.512,-20.344,3.04,-1.90,3.03,-1.90,INF,-1,0,7,0
14240,1,1,33.407,-20.447,3.12,-1.91,3.12,-1.91,INF,-1,0,7,0
14260,1,1,33.520,-19.672,3.13,-1.84,3.13,-1.84,INF,-1,0,7,0
14280,1,1,33.214,-20.641,3.10,-1.93,3.10,-1.93,INF,-1,0,7,0
14300,1,1,32.668,-20.738,3.05,-1.93,3.05,-1.94,INF,-1,0,7,0
14320,1,1,33.462,-20.154,3.12,-1.88,3.12,-1.88,INF,-1,0,7,0
14340,1,1,33.196,-20.176,3.10,-1.88,3.10,-1.89,INF,-1,0,7,0
14360,1,1,32.617,-20.128,3.05,-1.88,3.04,-1.88,INF,-1,0,7,0
14380,1,1,34.057,-20.456,3.18,-1.91,3.18,-1.91,INF,-1,1,7,0
14400,1,1,34.073,-20.914,3.18,-1.95,3.18,-1.95,INF,-1,1,7,0
14420,1,1,33.105,-21.080,3.09,-1.97,3.09,-1.97,INF,-1,1,7,0
14440,1,1,33.894,-21.423,3.16,-2.00,3.16,-2.00,INF,-1,1,7,0
14460,1,1,33.042,-20.459,3.09,-1.91,3.08,-1.91,INF,-1,1,7,0
14480,1,1,33.140,-20.021,3.09,-1.87,3.09,-1.87,INF,-1,1,7,0
14500,1,1,33.722,-20.241,3.15,-1.89,3.15,-1.89,INF,-1,1,7,0
14520,1,1,34.196,-19.681,3.19,-1.84,3.19,-1.84,INF,-1,1,7,0
14540,1,1,34.073,-20.559,3.18,-1.92,3.18,-1.92,INF,-1,1,7,0
14560,1,1,32.041,-24.556,2.99,-2.29,2.99,-2.29,INF,-1,1,7,0
14580,1,1,27.037,-37.544,2.53,-3.50,2.52,-3.50,INF,-1,1,7,0
14600,1,1,28.418,-41.525,2.65,-3.87,2.65,-3.88,INF,-1,1,7,0
14620,1,1,28.796,-39.516,2.69,-3.68,2.68,-3.69,INF,-1,0,7,0
14640,1,1,28.629,-39.443,2.67,-3.68,2.67,-3.68,INF,-1,0,7,0
14660,1,1,29.241,-38.568,2.73,-3.60,2.73,-3.60,INF,-1,0,7,0
14680,1,1,29.691,-38.706,2.77,-3.61,2.77,-3.61,INF,-1,0,7,0
14700,1,1,28.375,-37.303,2.65,-3.48,2.65,-3.48,INF,-1,0,7,0
14720,1,1,34.646,-28.075,3.23,-2.62,3.23,-2.62,INF,-1,0,7,0
14740,1,1,31.291,-28.353,2.92,-2.64,2.92,-2.65,INF,-1,0,7,0
14760,1,1,32.396,-29.051,3.03,-2.71,3.02,-2.71,INF,-1,0,7,0
14780,1,1,32.061,-29.548,2.99,-2.76,2.99,-2.76,INF,-1,0,7,0
14800,1,1,30.461,-29.583,2.84,-2.76,2.84,-2.76,INF,-1,0,7,0
14820,1,1,32.358,-31.504,3.02,-2.94,3.02,-2.94,INF,-1,0,7,0
14840,1,1,32.076,-29.759,3.00,-2.78,2.99,-2.78,INF,-1,0,7,0
14860,1,1,31.261,-30.811,2.92,-2.87,2.92,-2.88,INF,-1,1,7,0
14880,1,1,31.955,-30.126,2.98,-2.81,2.98,-2.81,INF,-1,1,7,0
14900,1,1,32.023,-30.042,2.99,-2.80,2.99,-2.81,INF,-1,1,7,0
14920,1,1,31.695,-29.650,2.96,-2.77,2.96,-2.77,INF,-1,1,7,0
14940,1,1,31.889,-28.891,2.98,-2.69,2.97,-2.70,INF,-1,1,7,0
14960,1,1,31.325,-30.473,2.93,-2.84,2.92,-2.85,INF,-1,1,7,0
14980,1,1,30.555,-29.158,2.85,-2.72,2.85,-2.72,INF,-1,1,7,0
