"EyeTracker Toolbox version","3.250"
CalibrationParameters_A11,1.08025
CalibrationParameters_A12,0.09440
CalibrationParameters_A13,0.02132
CalibrationParameters_A21,0.05565
CalibrationParameters_A22,-1.13036
CalibrationParameters_A23,0.02430
CalibrationParameters_A31,0.00030
CalibrationParameters_A32,-0.00387
CalibrationParameters_E11,-0.17991
CalibrationParameters_E12,-0.00015
CalibrationParameters_E21,-0.00010
CalibrationParameters_E22,0.20000
CalibrationParameters_X,-19.75298
CalibrationParameters_Y,-41.55753
CalibrationParameters_Rpc,71.76669
CalibrationParameters_MeanX,170.74998
CalibrationParameters_MeanY,120.62845
CalibrationParameters_ViewDist,613.00000
TimeStamp,Tracked,Calibrated,ScreenPositionXmm,ScreenPositionYmm,FicksLongitude,FicksLatitude,HelmholtzAzimuth,HelmholtzElevation,PupilDiameter,Region,Fixation,DigitalIO,Dropped
0,1,1,-4.638,-11.368,-0.43,-1.06,-0.43,-1.06,INF,-1,0,7,0
20,1,1,-5.551,-11.419,-0.52,-1.07,-0.52,-1.07,INF,-1,0,7,0
40,1,1,-7.252,-11.365,-0.68,-1.06,-0.68,-1.06,INF,-1,0,7,0
60,1,1,-6.764,-11.614,-0.63,-1.09,-0.63,-1.09,INF,-1,0,7,0
80,1,1,-7.525,-11.301,-0.70,-1.06,-0.70,-1.06,INF,-1,0,7,0
100,1,1,-6.608,-11.239,-0.62,-1.05,-0.62,-1.05,INF,-1,0,7,0
120,1,1,-6.793,-9.868,-0.63,-0.92,-0.63,-0.92,INF,-1,0,7,0
140,1,1,-6.447,-10.435,-0.60,-0.98,-0.60,-0.98,INF,-1,0,7,0
160,1,1,-5.690,-10.657,-0.53,-1.00,-0.53,-1.00,INF,-1,0,7,0
180,1,1,-6.360,-8.791,-0.59,-0.82,-0.59,-0.82,INF,-1,0,7,0
200,1,1,-6.042,-11.840,-0.56,-1.11,-0.56,-1.11,INF,-1,0,7,0
220,1,1,19.066,15.750,1.78,1.47,1.78,1.47,INF,-1,0,7,0
240,1,1,15.072,9.914,1.41,0.93,1.41,0.93,INF,-1,0,7,0
260,1,1,16.304,11.687,1.52,1.09,1.52,1.09,INF,-1,0,7,0
280,1,1,15.918,13.478,1.49,1.26,1.49,1.26,INF,-1,0,7,0
300,1,1,16.584,12.679,1.55,1.18,1.55,1.18,INF,-1,0,7,0
320,1,1,17.052,13.087,1.59,1.22,1.59,1.22,INF,-1,0,7,0
340,1,1,17.434,13.737,1.63,1.28,1.63,1.28,INF,-1,0,7,0
360,1,1,22.089,24.249,2.06,2.26,2.06,2.27,INF,-1,0,7,0
380,1,1,20.776,23.446,1.94,2.19,1.94,2.19,INF,-1,0,7,0
400,1,1,21.293,24.305,1.99,2.27,1.99,2.27,INF,-1,0,7,0
420,1,1,21.629,23.495,2.02,2.19,2.02,2.19,INF,-1,0,7,0
440,1,1,21.685,23.842,2.03,2.23,2.02,2.23,INF,-1,0,7,0
460,1,1,21.325,23.519,1.99,2.20,1.99,2.20,INF,-1,0,7,0
480,1,1,21.683,23.457,2.03,2.19,2.02,2.19,INF,-1,1,7,0
500,1,1,20.910,23.637,1.95,2.21,1.95,2.21,INF,-1,1,7,0
520,1,1,21.763,25.386,2.03,2.37,2.03,2.37,INF,-1,1,7,0
540,1,1,21.702,23.648,2.03,2.21,2.03,2.21,INF,-1,1,7,0
560,1,1,22.271,23.848,2.08,2.23,2.08,2.23,INF,-1,1,7,0
580,1,1,21.729,24.697,2.03,2.31,2.03,2.31,INF,-1,1,7,0
600,1,1,20.857,24.926,1.95,2.33,1.95,2.33,INF,-1,1,7,0
620,0,1,0.000,0.000,0.00,0.00,0.00,0.00,0.00,-1,1,7,0
640,1,1,-4.378,14.842,-0.41,1.39,-0.41,1.39,INF,-1,1,7,0
660,1,1,-3.368,16.853,-0.31,1.57,-0.31,1.57,INF,-1,1,7,0
680,1,1,-3.933,16.530,-0.37,1.54,-0.37,1.54,INF,-1,1,7,0
700,1,1,-5.386,14.610,-0.50,1.37,-0.50,1.37,INF,-1,0,7,0
720,1,1,-4.475,15.876,-0.42,1.48,-0.42,1.48,INF,-1,0,7,0
740,1,1,-4.746,16.008,-0.44,1.50,-0.44,1.50,INF,-1,0,7,0
760,1,1,-4.877,16.631,-0.46,1.55,-0.46,1.55,INF,-1,0,7,0
780,1,1,-4.811,17.130,-0.45,1.60,-0.45,1.60,INF,-1,0,7,0
800,1,1,-4.710,16.864,-0.44,1.58,-0.44,1.58,INF,-1,0,7,0
820,1,1,-4.278,16.198,-0.40,1.51,-0.40,1.51,INF,-1,0,7,0
840,1,1,-3.981,15.518,-0.37,1.45,-0.37,1.45,INF,-1,0,7,0
860,1,1,-4.739,14.562,-0.44,1.36,-0.44,1.36,INF,-1,0,7,0
880,1,1,-4.910,16.535,-0.46,1.55,-0.46,1.55,INF,-1,0,7,0
900,1,1,-4.233,15.187,-0.40,1.42,-0.40,1.42,INF,-1,0,7,0
920,1,1,-6.012,14.590,-0.56,1.36,-0.56,1.36,INF,-1,1,7,0
940,1,1,-5.786,14.259,-0.54,1.33,-0.54,1.33,INF,-1,1,7,0
960,1,1,-6.756,15.333,-0.63,1.43,-0.63,1.43,INF,-1,1,7,0
980,1,1,-5.806,15.562,-0.54,1.45,-0.54,1.45,INF,-1,1,7,0
1000,1,1,-6.692,15.100,-0.63,1.41,-0.63,1.41,INF,-1,1,7,0
1020,1,1,-6.508,14.012,-0.61,1.31,-0.61,1.31,INF,-1,1,7,0
1040,1,1,-4.040,14.147,-0.38,1.32,-0.38,1.32,INF,-1,1,7,0
1060,1,1,4.098,20.244,0.38,1.89,0.38,1.89,INF,-1,1,7,0
1080,1,1,4.879,19.983,0.46,1.87,0.46,1.87,INF,-1,1,7,0
1100,1,1,4.990,21.400,0.47,2.00,0.47,2.00,INF,-1,1,7,0
1120,1,1,4.032,19.828,0.38,1.85,0.38,1.85,INF,-1,1,7,0
1140,1,1,5.416,20.715,0.51,1.94,0.51,1.94,INF,-1,1,7,0
1160,1,1,4.535,21.164,0.42,1.98,0.42,1.98,INF,-1,1,7,0
1180,1,1,4.483,20.305,0.42,1.90,0.42,1.90,INF,-1,0,7,0
1200,1,1,4.858,19.260,0.45,1.80,0.45,1.80,INF,-1,0,7,0
1220,1,1,4.806,20.127,0.45,1.88,0.45,1.88,INF,-1,0,7,0
1240,1,1,4.599,18.628,0.43,1.74,0.43,1.74,INF,-1,0,7,0
1260,1,1,5.473,18.079,0.51,1.69,0.51,1.69,INF,-1,0,7,0
1280,1,1,4.189,19.001,0.39,1.78,0.39,1.78,INF,-1,0,7,0
1300,1,1,3.188,18.687,0.30,1.75,0.30,1.75,INF,-1,0,7,0
1320,1,1,2.663,18.186,0.25,1.70,0.25,1.70,INF,-1,0,7,0
1340,1,1,1.268,18.514,0.12,1.73,0.12,1.73,INF,-1,0,7,0
1360,1,1,1.946,16.372,0.18,1.53,0.18,1.53,INF,-1,0,7,0
1380,1,1,1.844,19.874,0.17,1.86,0.17,1.86,INF,-1,0,7,0
1400,1,1,2.177,18.643,0.20,1.74,0.20,1.74,INF,-1,0,7,0
1420,1,1,0.983,17.425,0.09,1.63,0.09,1.63,INF,-1,1,7,0
1440,1,1,0.656,19.008,0.06,1.78,0.06,1.78,INF,-1,1,7,0
1460,1,1,1.731,19.186,0.16,1.79,0.16,1.79,INF,-1,1,7,0
1480,1,1,1.360,19.231,0.13,1.80,0.13,1.80,INF,-1,1,7,0
1500,1,1,1.063,20.114,0.10,1.88,0.10,1.88,INF,-1,1,7,0
1520,1,1,1.000,19.145,0.09,1.79,0.09,1.79,INF,-1,1,7,0
1540,1,1,2.041,18.094,0.19,1.69,0.19,1.69,INF,-1,1,7,0
1560,1,1,0.515,17.532,0.05,1.64,0.05,1.64,INF,-1,1,7,0
1580,1,1,0.257,17.726,0.02,1.66,0.02,1.66,INF,-1,1,7,0
1600,1,1,1.023,16.812,0.10,1.57,0.10,1.57,INF,-1,1,7,0
1620,1,1,1.062,17.524,0.10,1.64,0.10,1.64,INF,-1,1,7,0
1640,1,1,0.984,17.161,0.09,1.60,0.09,1.60,INF,-1,1,7,0
1660,1,1,0.109,15.991,0.01,1.49,0.01,1.49,INF,-1,1,7,0
1680,1,1,18.961,26.954,1.77,2.52,1.77,2.52,INF,-1,1,7,0
1700,1,1,17.821,26.424,1.67,2.47,1.66,2.47,INF,-1,1,7,0
1720,1,1,18.271,27.601,1.71,2.58,1.71,2.58,INF,-1,0,7,0
1740,1,1,18.166,27.193,1.70,2.54,1.70,2.54,INF,-1,0,7,0
1760,1,1,18.518,27.361,1.73,2.55,1.73,2.56,INF,-1,0,7,0
1780,1,1,18.334,27.930,1.71,2.61,1.71,2.61,INF,-1,0,7,0
1800,1,1,17.272,26.320,1.61,2.46,1.61,2.46,INF,-1,0,7,0
1820,1,1,18.410,25.108,1.72,2.34,1.72,2.35,INF,-1,0,7,0
1840,1,1,17.788,25.921,1.66,2.42,1.66,2.42,INF,-1,0,7,0
1860,1,1,20.036,28.503,1.87,2.66,1.87,2.66,INF,-1,0,7,0
1880,1,1,18.752,27.911,1.75,2.61,1.75,2.61,INF,-1,0,7,0
1900,1,1,19.517,28.519,1.82,2.66,1.82,2.66,INF,-1,0,7,0
1920,1,1,20.937,27.505,1.96,2.57,1.95,2.57,INF,-1,0,7,0
1940,1,1,19.834,27.731,1.85,2.59,1.85,2.59,INF,-1,0,7,0
1960,1,1,19.782,28.619,1.85,2.67,1.85,2.67,INF,-1,1,7,0
1980,1,1,19.801,27.899,1.85,2.60,1.85,2.61,INF,-1,1,7,0
2000,1,1,19.949,29.314,1.86,2.74,1.86,2.74,INF,-1,1,7,0
2020,1,1,19.908,29.129,1.86,2.72,1.86,2.72,INF,-1,1,7,0
2040,1,1,19.791,28.702,1.85,2.68,1.85,2.68,INF,-1,1,7,0
2060,1,1,19.945,27.858,1.86,2.60,1.86,2.60,INF,-1,1,7,0
2080,1,1,20.074,27.866,1.88,2.60,1.87,2.60,INF,-1,1,7,0
2100,1,1,21.919,28.666,2.05,2.68,2.05,2.68,INF,-1,1,7,0
2120,1,1,21.578,29.751,2.02,2.78,2.01,2.78,INF,-1,1,7,0
2140,1,1,19.993,29.014,1.87,2.71,1.87,2.71,INF,-1,1,7,0
2160,1,1,49.501,4.896,4.62,0.46,4.62,0.46,INF,-1,1,7,0
2180,1,1,46.144,4.410,4.30,0.41,4.30,0.41,INF,-1,1,7,0
2200,1,1,47.336,3.608,4.42,0.34,4.42,0.34,INF,-1,0,7,0
2220,1,1,47.911,4.163,4.47,0.39,4.47,0.39,INF,-1,0,7,0
2240,1,1,46.823,2.936,4.37,0.27,4.37,0.27,INF,-1,0,7,0
2260,1,1,46.889,2.406,4.37,0.22,4.37,0.22,INF,-1,0,7,0
2280,1,1,47.345,3.760,4.42,0.35,4.42,0.35,INF,-1,0,7,0
2300,1,1,47.569,3.035,4.44,0.28,4.44,0.28,INF,-1,0,7,0
2320,1,1,47.388,1.723,4.42,0.16,4.42,0.16,INF,-1,0,7,0
2340,1,1,48.931,4.606,4.56,0.43,4.56,0.43,INF,-1,0,7,0
2360,1,1,30.433,-30.317,2.84,-2.83,2.84,-2.83,INF,-1,0,7,0
2380,1,1,34.568,-35.035,3.23,-3.27,3.22,-3.27,INF,-1,0,7,0
2400,1,1,35.488,-33.644,3.31,-3.14,3.31,-3.14,INF,-1,0,7,0
2420,1,1,34.749,-34.865,3.24,-3.25,3.24,-3.26,INF,-1,0,7,0
2440,1,1,36.431,-34.971,3.40,-3.26,3.40,-3.27,INF,-1,0,7,0
2460,1,1,35.661,-34.114,3.33,-3.18,3.32,-3.19,INF,-1,0,7,0
2480,1,1,34.783,-35.628,3.25,-3.32,3.24,-3.33,INF,-1,0,7,0
2500,1,1,35.696,-35.366,3.33,-3.30,3.33,-3.30,INF,-1,0,7,0
2520,1,1,35.608,-34.307,3.32,-3.20,3.32,-3.20,INF,-1,0,7,0
2540,1,1,36.261,-34.186,3.39,-3.19,3.38,-3.19,INF,-1,0,7,0
2560,1,1,36.463,-35.053,3.40,-3.27,3.40,-3.27,INF,-1,0,7,0
2580,1,1,34.438,-37.181,3.22,-3.47,3.21,-3.47,INF,-1,0,7,0
2600,1,1,35.398,-35.626,3.30,-3.32,3.30,-3.33,INF,-1,0,7,0
2620,1,1,35.387,-36.523,3.30,-3.40,3.30,-3.41,INF,-1,0,7,0
2640,1,1,50.202,-27.049,4.68,-2.52,4.68,-2.53,INF,-1,1,7,0
2660,1,1,50.133,-29.288,4.68,-2.73,4.67,-2.74,INF,-1,1,7,0
2680,1,1,49.810,-28.210,4.65,-2.63,4.64,-2.63,INF,-1,0,7,0
2700,1,1,49.691,-29.218,4.63,-2.72,4.63,-2.73,INF,-1,0,7,0
2720,1,1,50.708,-28.671,4.73,-2.67,4.72,-2.68,INF,-1,0,7,0
2740,1,1,51.126,-28.405,4.77,-2.64,4.76,-2.65,INF,-1,0,7,0
2760,1,1,50.336,-27.934,4.69,-2.60,4.69,-2.61,INF,-1,0,7,0
2780,1,1,50.230,-28.585,4.68,-2.66,4.68,-2.67,INF,-1,0,7,0
2800,1,1,49.169,-27.916,4.59,-2.60,4.58,-2.61,INF,-1,0,7,0
2820,1,1,49.634,-27.299,4.63,-2.54,4.62,-2.55,INF,-1,0,7,0
2840,1,1,50.240,-26.885,4.69,-2.50,4.68,-2.51,INF,-1,0,7,0
2860,1,1,48.603,-28.164,4.53,-2.62,4.53,-2.63,INF,-1,0,7,0
2880,1,1,55.209,-17.465,5.15,-1.63,5.14,-1.63,INF,-1,0,7,0
2900,1,1,55.278,-15.676,5.15,-1.46,5.15,-1.46,INF,-1,0,7,0
2920,1,1,55.358,-16.083,5.16,-1.50,5.16,-1.50,INF,-1,1,7,0
2940,1,1,54.316,-15.949,5.06,-1.48,5.06,-1.49,INF,-1,0,7,0
2960,1,1,53.872,-14.995,5.02,-1.40,5.02,-1.40,INF,-1,0,7,0
2980,1,1,54.391,-16.862,5.07,-1.57,5.07,-1.58,INF,-1,0,7,0
3000,1,1,53.238,-16.335,4.96,-1.52,4.96,-1.53,INF,-1,0,7,0
3020,1,1,53.224,-17.087,4.96,-1.59,4.96,-1.60,INF,-1,0,7,0
3040,1,1,54.008,-15.543,5.04,-1.45,5.03,-1.45,INF,-1,0,7,0
3060,1,1,54.312,-17.354,5.06,-1.62,5.06,-1.62,INF,-1,0,7,0
3080,1,1,54.194,-16.356,5.05,-1.52,5.05,-1.53,INF,-1,0,7,0
3100,1,1,46.510,-8.135,4.34,-0.76,4.34,-0.76,INF,-1,0,7,0
3120,1,1,47.538,-3.348,4.43,-0.31,4.43,-0.31,INF,-1,0,7,0
3140,1,1,47.971,-4.520,4.47,-0.42,4.47,-0.42,INF,-1,0,7,0
3160,1,1,46.818,-3.888,4.37,-0.36,4.37,-0.36,INF,-1,0,7,0
3180,1,1,47.356,-4.720,4.42,-0.44,4.42,-0.44,INF,-1,1,7,0
3200,1,1,47.779,-4.796,4.46,-0.45,4.46,-0.45,INF,-1,1,7,0
3220,1,1,48.161,-4.433,4.49,-0.41,4.49,-0.41,INF,-1,1,7,0
3240,1,1,47.177,-3.848,4.40,-0.36,4.40,-0.36,INF,-1,1,7,0
3260,1,1,46.180,-4.291,4.31,-0.40,4.31,-0.40,INF,-1,1,7,0
3280,1,1,48.087,-3.070,4.49,-0.29,4.49,-0.29,INF,-1,1,7,0
3300,1,1,61.449,18.541,5.72,1.72,5.72,1.73,INF,-1,1,7,0
3320,1,1,59.416,20.376,5.54,1.89,5.53,1.90,INF,-1,0,7,0
3340,1,1,59.472,21.759,5.54,2.02,5.54,2.03,INF,-1,0,7,0
3360,1,1,60.170,21.093,5.61,1.96,5.60,1.97,INF,-1,0,7,0
3380,1,1,59.552,21.665,5.55,2.01,5.55,2.02,INF,-1,0,7,0
3400,1,1,59.431,20.934,5.54,1.95,5.53,1.96,INF,-1,0,7,0
3420,1,1,59.019,20.819,5.50,1.94,5.50,1.95,INF,-1,0,7,0
3440,1,1,60.809,20.607,5.67,1.92,5.66,1.93,INF,-1,0,7,0
3460,1,1,60.237,23.252,5.61,2.16,5.61,2.17,INF,-1,0,7,0
3480,1,1,58.886,22.192,5.49,2.06,5.48,2.07,INF,-1,0,7,0
3500,1,1,58.979,20.563,5.50,1.91,5.49,1.92,INF,-1,0,7,0
3520,1,1,60.136,23.236,5.60,2.16,5.60,2.17,INF,-1,0,7,0
3540,1,1,60.192,21.807,5.61,2.03,5.60,2.04,INF,-1,0,7,0
3560,1,1,60.405,21.829,5.63,2.03,5.62,2.04,INF,-1,0,7,0
3580,1,1,59.139,22.749,5.51,2.12,5.51,2.13,INF,-1,1,7,0
3600,1,1,60.171,21.625,5.61,2.01,5.60,2.02,INF,-1,1,7,0
3620,1,1,59.789,22.564,5.57,2.10,5.57,2.11,INF,-1,1,7,0
3640,1,1,58.812,20.867,5.48,1.94,5.48,1.95,INF,-1,1,7,0
3660,1,1,64.482,21.297,6.00,1.98,6.00,1.99,INF,-1,1,7,0
3680,1,1,-7.336,4.564,-0.69,0.43,-0.69,0.43,INF,-1,1,7,0
3700,1,1,-12.459,-4.697,-1.16,-0.44,-1.16,-0.44,INF,-1,1,7,0
3720,1,1,-12.458,-2.672,-1.16,-0.25,-1.16,-0.25,INF,-1,0,7,0
3740,1,1,-12.666,-5.136,-1.18,-0.48,-1.18,-0.48,INF,-1,0,7,0
3760,1,1,-11.845,-4.067,-1.11,-0.38,-1.11,-0.38,INF,-1,0,7,0
3780,1,1,-12.618,-3.730,-1.18,-0.35,-1.18,-0.35,INF,-1,0,7,0
3800,1,1,-11.805,-4.706,-1.10,-0.44,-1.10,-0.44,INF,-1,0,7,0
3820,1,1,-12.333,-4.916,-1.15,-0.46,-1.15,-0.46,INF,-1,0,7,0
3840,1,1,-12.726,-4.012,-1.19,-0.37,-1.19,-0.38,INF,-1,0,7,0
3860,1,1,-11.491,-3.962,-1.07,-0.37,-1.07,-0.37,INF,-1,0,7,0
3880,1,1,-11.621,-5.046,-1.09,-0.47,-1.09,-0.47,INF,-1,0,7,0
3900,1,1,-13.183,-4.736,-1.23,-0.44,-1.23,-0.44,INF,-1,0,7,0
3920,1,1,-38.746,-18.952,-3.62,-1.77,-3.61,-1.77,INF,-1,0,7,0
3940,1,1,-33.432,-23.543,-3.12,-2.20,-3.12,-2.20,INF,-1,0,7,0
3960,1,1,-33.110,-21.728,-3.09,-2.03,-3.09,-2.03,INF,-1,0,7,0
3980,1,1,-33.199,-23.753,-3.10,-2.22,-3.10,-2.22,INF,-1,0,7,0
4000,1,1,-33.266,-23.297,-3.11,-2.17,-3.10,-2.18,INF,-1,0,7,0
4020,1,1,-33.504,-23.439,-3.13,-2.19,-3.13,-2.19,INF,-1,0,7,0
4040,1,1,-32.634,-21.233,-3.05,-1.98,-3.05,-1.98,INF,-1,0,7,0
4060,1,1,-32.983,-22.828,-3.08,-2.13,-3.08,-2.13,INF,-1,0,7,0
4080,1,1,-33.633,-23.336,-3.14,-2.18,-3.14,-2.18,INF,-1,0,7,0
4100,1,1,-33.163,-23.840,-3.10,-2.22,-3.09,-2.23,INF,-1,1,7,0
4120,1,1,-33.239,-23.327,-3.10,-2.18,-3.10,-2.18,INF,-1,1,7,0
4140,1,1,-33.487,-23.065,-3.13,-2.15,-3.12,-2.15,INF,-1,1,7,0
4160,1,1,-33.216,-22.251,-3.10,-2.08,-3.10,-2.08,INF,-1,1,7,0
4180,1,1,-36.850,-22.289,-3.44,-2.08,-3.44,-2.08,INF,-1,1,7,0
4200,1,1,-45.450,-16.032,-4.24,-1.49,-4.24,-1.50,INF,-1,1,7,0
4220,1,1,-44.487,-15.174,-4.15,-1.41,-4.15,-1.42,INF,-1,0,7,0
4240,1,1,-44.724,-15.212,-4.17,-1.42,-4.17,-1.42,INF,-1,0,7,0
4260,1,1,-45.473,-14.582,-4.24,-1.36,-4.24,-1.36,INF,-1,0,7,0
4280,1,1,-45.132,-15.308,-4.21,-1.43,-4.21,-1.43,INF,-1,0,7,0
4300,1,1,-46.120,-15.786,-4.30,-1.47,-4.30,-1.48,INF,-1,0,7,0
4320,1,1,-45.311,-17.027,-4.23,-1.59,-4.23,-1.59,INF,-1,0,7,0
4340,1,1,-45.966,-16.000,-4.29,-1.49,-4.29,-1.50,INF,-1,0,7,0
4360,1,1,-44.595,-15.203,-4.16,-1.42,-4.16,-1.42,INF,-1,0,7,0
4380,1,1,-44.158,-15.044,-4.12,-1.40,-4.12,-1.41,INF,-1,0,7,0
4400,1,1,-44.987,-15.088,-4.20,-1.41,-4.20,-1.41,INF,-1,0,7,0
4420,1,1,-45.396,-15.164,-4.24,-1.41,-4.23,-1.42,INF,-1,0,7,0
4440,1,1,-44.931,-15.608,-4.19,-1.45,-4.19,-1.46,INF,-1,0,7,0
4460,1,1,-44.837,-16.568,-4.18,-1.54,-4.18,-1.55,INF,-1,1,7,0
4480,1,1,-44.674,-14.735,-4.17,-1.37,-4.17,-1.38,INF,-1,1,7,0
4500,1,1,-44.924,-14.637,-4.19,-1.36,-4.19,-1.37,INF,-1,1,7,0
4520,1,1,-45.033,-15.615,-4.20,-1.46,-4.20,-1.46,INF,-1,1,7,0
4540,1,1,-44.886,-15.928,-4.19,-1.48,-4.19,-1.49,INF,-1,1,7,0
4560,1,1,-44.172,-14.486,-4.12,-1.35,-4.12,-1.35,INF,-1,1,7,0
4580,1,1,-45.005,-16.663,-4.20,-1.55,-4.20,-1.56,INF,-1,1,7,0
4600,1,1,-44.702,-15.418,-4.17,-1.44,-4.17,-1.44,INF,-1,1,7,0
4620,1,1,-45.336,-15.346,-4.23,-1.43,-4.23,-1.43,INF,-1,1,7,0
4640,1,1,-38.427,-7.125,-3.59,-0.66,-3.59,-0.67,INF,-1,1,7,0
4660,1,1,-39.940,-6.018,-3.73,-0.56,-3.73,-0.56,INF,-1,1,7,0
4680,1,1,-41.112,-5.692,-3.84,-0.53,-3.84,-0.53,INF,-1,0,7,0
4700,1,1,-41.115,-7.224,-3.84,-0.67,-3.84,-0.68,INF,-1,0,7,0
4720,1,1,-40.317,-6.780,-3.76,-0.63,-3.76,-0.63,INF,-1,0,7,0
4740,1,1,-40.613,-7.005,-3.79,-0.65,-3.79,-0.65,INF,-1,0,7,0
4760,1,1,-40.970,-7.900,-3.82,-0.74,-3.82,-0.74,INF,-1,0,7,0
4780,1,1,-40.869,-7.211,-3.81,-0.67,-3.81,-0.67,INF,-1,0,7,0
4800,1,1,-40.504,-8.507,-3.78,-0.79,-3.78,-0.80,INF,-1,0,7,0
4820,1,1,-41.787,-7.790,-3.90,-0.73,-3.90,-0.73,INF,-1,0,7,0
4840,1,1,-41.958,-6.838,-3.92,-0.64,-3.92,-0.64,INF,-1,0,7,0
4860,1,1,-42.094,-8.836,-3.93,-0.82,-3.93,-0.83,INF,-1,0,7,0
4880,1,1,-41.541,-6.897,-3.88,-0.64,-3.88,-0.64,INF,-1,0,7,0
4900,1,1,-51.015,-11.594,-4.76,-1.08,-4.76,-1.08,INF,-1,0,7,0
4920,1,1,-52.286,-20.672,-4.88,-1.92,-4.87,-1.93,INF,-1,1,7,0
4940,1,1,-51.374,-19.930,-4.79,-1.86,-4.79,-1.86,INF,-1,1,7,0
4960,1,1,-50.670,-20.224,-4.73,-1.88,-4.72,-1.89,INF,-1,0,7,0
4980,1,1,-51.075,-21.868,-4.76,-2.04,-4.76,-2.04,INF,-1,0,7,0
5000,1,1,-50.704,-20.449,-4.73,-1.90,-4.73,-1.91,INF,-1,0,7,0
5020,1,1,-51.656,-20.558,-4.82,-1.91,-4.81,-1.92,INF,-1,0,7,0
5040,1,1,-50.941,-21.083,-4.75,-1.96,-4.75,-1.97,INF,-1,0,7,0
5060,1,1,-51.341,-21.352,-4.79,-1.99,-4.78,-1.99,INF,-1,0,7,0
5080,1,1,-51.972,-22.046,-4.85,-2.05,-4.84,-2.06,INF,-1,0,7,0
5100,1,1,-0.827,-42.533,-0.08,-3.97,-0.08,-3.97,INF,-1,0,7,0
5120,1,1,-7.522,-36.884,-0.70,-3.44,-0.70,-3.44,INF,-1,0,7,0
5140,1,1,-6.399,-38.437,-0.60,-3.59,-0.60,-3.59,INF,-1,0,7,0
5160,1,1,-7.137,-38.130,-0.67,-3.56,-0.67,-3.56,INF,-1,0,7,0
5180,1,1,-6.854,-38.412,-0.64,-3.59,-0.64,-3.59,INF,-1,0,7,0
5200,1,1,-6.263,-39.689,-0.59,-3.70,-0.58,-3.70,INF,-1,0,7,0
5220,1,1,-6.926,-40.844,-0.65,-3.81,-0.65,-3.81,INF,-1,0,7,0
5240,1,1,-6.055,-39.611,-0.57,-3.70,-0.56,-3.70,INF,-1,0,7,0
5260,1,1,-6.398,-39.794,-0.60,-3.71,-0.60,-3.71,INF,-1,0,7,0
5280,1,1,-7.249,-39.330,-0.68,-3.67,-0.68,-3.67,INF,-1,0,7,0
5300,1,1,-6.543,-38.477,-0.61,-3.59,-0.61,-3.59,INF,-1,0,7,0
5320,1,1,-6.513,-38.723,-0.61,-3.61,-0.61,-3.61,INF,-1,0,7,0
5340,1,1,-6.978,-39.010,-0.65,-3.64,-0.65,-3.64,INF,-1,0,7,0
5360,1,1,-6.892,-38.520,-0.64,-3.60,-0.64,-3.60,INF,-1,0,7,0
5380,1,1,-7.642,-38.733,-0.71,-3.62,-0.71,-3.62,INF,-1,1,7,0
5400,1,1,-7.252,-38.814,-0.68,-3.62,-0.68,-3.62,INF,-1,1,7,0
5420,1,1,-5.883,-39.144,-0.55,-3.65,-0.55,-3.65,INF,-1,1,7,0
5440,1,1,-8.725,-37.968,-0.82,-3.54,-0.81,-3.54,INF,-1,1,7,0
5460,1,1,-9.493,-36.883,-0.89,-3.44,-0.89,-3.44,INF,-1,1,7,0
5480,1,1,-8.733,-36.526,-0.82,-3.41,-0.81,-3.41,INF,-1,1,7,0
5500,1,1,-9.107,-35.152,-0.85,-3.28,-0.85,-3.28,INF,-1,1,7,0
5520,1,1,-10.145,-36.035,-0.95,-3.36,-0.95,-3.36,INF,-1,1,7,0
5540,1,1,-10.271,-36.295,-0.96,-3.39,-0.96,-3.39,INF,-1,1,7,0
5560,1,1,-8.779,-37.138,-0.82,-3.47,-0.82,-3.47,INF,-1,1,7,0
5580,1,1,-9.580,-35.202,-0.90,-3.29,-0.89,-3.29,INF,-1,1,7,0
5600,1,1,-9.418,-34.985,-0.88,-3.27,-0.88,-3.27,INF,-1,1,7,0
5620,1,1,-9.462,-36.460,-0.88,-3.40,-0.88,-3.40,INF,-1,1,7,0
5640,1,1,-8.306,-35.441,-0.78,-3.31,-0.77,-3.31,INF,-1,1,7,0
5660,1,1,-9.580,-36.403,-0.90,-3.40,-0.89,-3.40,INF,-1,1,7,0
5680,1,1,-8.448,-37.178,-0.79,-3.47,-0.79,-3.47,INF,-1,1,7,0
5700,1,1,-9.024,-35.861,-0.84,-3.35,-0.84,-3.35,INF,-1,1,7,0
5720,1,1,-9.183,-36.668,-0.86,-3.42,-0.86,-3.42,INF,-1,1,7,0
5740,1,1,-9.472,-36.197,-0.89,-3.38,-0.88,-3.38,INF,-1,1,7,0
5760,1,1,-8.592,-36.487,-0.80,-3.41,-0.80,-3.41,INF,-1,1,7,0
5780,1,1,-9.598,-37.045,-0.90,-3.46,-0.90,-3.46,INF,-1,1,7,0
5800,1,1,-10.029,-36.339,-0.94,-3.39,-0.94,-3.39,INF,-1,1,7,0
5820,1,1,-10.248,-36.507,-0.96,-3.41,-0.96,-3.41,INF,-1,1,7,0
5840,1,1,-7.404,-36.488,-0.69,-3.41,-0.69,-3.41,INF,-1,1,7,0
5860,1,1,-7.398,-37.522,-0.69,-3.50,-0.69,-3.50,INF,-1,1,7,0
5880,1,1,-7.843,-36.548,-0.73,-3.41,-0.73,-3.41,INF,-1,1,7,0
5900,1,1,-8.007,-36.353,-0.75,-3.39,-0.75,-3.39,INF,-1,1,7,0
5920,1,1,-7.594,-35.930,-0.71,-3.35,-0.71,-3.35,INF,-1,1,7,0
5940,1,1,-7.383,-35.861,-0.69,-3.35,-0.69,-3.35,INF,-1,1,7,0
5960,1,1,-8.567,-35.859,-0.80,-3.35,-0.80,-3.35,INF,-1,1,7,0
5980,1,1,-8.708,-36.478,-0.81,-3.41,-0.81,-3.41,INF,-1,1,7,0
6000,1,1,-7.570,-35.953,-0.71,-3.36,-0.71,-3.36,INF,-1,1,7,0
6020,1,1,-8.861,-36.935,-0.83,-3.45,-0.83,-3.45,INF,-1,1,7,0
6040,1,1,-8.117,-36.482,-0.76,-3.41,-0.76,-3.41,INF,-1,1,7,0
6060,1,1,-8.030,-36.654,-0.75,-3.42,-0.75,-3.42,INF,-1,1,7,0
6080,1,1,-7.923,-36.019,-0.74,-3.36,-0.74,-3.36,INF,-1,1,7,0
6100,1,1,-8.511,-37.320,-0.80,-3.48,-0.79,-3.48,INF,-1,1,7,0
6120,1,1,-8.519,-36.157,-0.80,-3.38,-0.79,-3.38,INF,-1,1,7,0
6140,1,1,-7.210,-36.482,-0.67,-3.41,-0.67,-3.41,INF,-1,1,7,0
6160,1,1,-7.124,-36.276,-0.67,-3.39,-0.66,-3.39,INF,-1,1,7,0
6180,1,1,-7.991,-36.202,-0.75,-3.38,-0.75,-3.38,INF,-1,1,7,0
6200,1,1,-8.097,-35.219,-0.76,-3.29,-0.76,-3.29,INF,-1,1,7,0
6220,1,1,-7.500,-36.345,-0.70,-3.39,-0.70,-3.39,INF,-1,1,7,0
6240,1,1,-7.180,-35.837,-0.67,-3.35,-0.67,-3.35,INF,-1,1,7,0
6260,1,1,-7.863,-36.794,-0.73,-3.43,-0.73,-3.43,INF,-1,1,7,0
6280,1,1,-11.062,-35.674,-1.03,-3.33,-1.03,-3.33,INF,-1,1,7,0
6300,1,1,-9.530,-35.893,-0.89,-3.35,-0.89,-3.35,INF,-1,1,7,0
6320,1,1,-9.593,-35.500,-0.90,-3.31,-0.90,-3.31,INF,-1,1,7,0
6340,1,1,-8.999,-35.303,-0.84,-3.30,-0.84,-3.30,INF,-1,1,7,0
6360,1,1,-9.577,-36.000,-0.90,-3.36,-0.89,-3.36,INF,-1,1,7,0
6380,1,1,-9.151,-35.326,-0.86,-3.30,-0.85,-3.30,INF,-1,1,7,0
6400,1,1,-9.464,-36.249,-0.88,-3.38,-0.88,-3.38,INF,-1,1,7,0
6420,1,1,-7.968,-35.053,-0.74,-3.27,-0.74,-3.27,INF,-1,1,7,0
6440,1,1,3.453,-40.186,0.32,-3.75,0.32,-3.75,INF,-1,1,7,0
6460,1,1,18.810,-39.952,1.76,-3.73,1.75,-3.73,INF,-1,1,7,0
6480,1,1,17.176,-39.003,1.60,-3.64,1.60,-3.64,INF,-1,1,7,0
6500,1,1,16.825,-38.535,1.57,-3.60,1.57,-3.60,INF,-1,0,7,0
6520,1,1,16.882,-38.327,1.58,-3.58,1.57,-3.58,INF,-1,0,7,0
6540,1,1,16.228,-38.794,1.52,-3.62,1.51,-3.62,INF,-1,0,7,0
6560,1,1,17.405,-38.141,1.63,-3.56,1.62,-3.56,INF,-1,0,7,0
6580,1,1,17.392,-37.072,1.63,-3.46,1.62,-3.46,INF,-1,0,7,0
6600,1,1,16.691,-37.629,1.56,-3.51,1.56,-3.51,INF,-1,0,7,0
6620,1,1,18.133,-38.159,1.69,-3.56,1.69,-3.56,INF,-1,0,7,0
6640,1,1,17.109,-38.360,1.60,-3.58,1.60,-3.58,INF,-1,0,7,0
6660,1,1,16.510,-38.972,1.54,-3.64,1.54,-3.64,INF,-1,0,7,0
6680,1,1,17.097,-36.580,1.60,-3.41,1.59,-3.42,INF,-1,0,7,0
6700,1,1,12.845,-35.394,1.20,-3.30,1.20,-3.30,INF,-1,0,7,0
6720,1,1,13.115,-35.936,1.23,-3.35,1.22,-3.35,INF,-1,0,7,0
6740,1,1,13.800,-36.639,1.29,-3.42,1.29,-3.42,INF,-1,1,7,0
6760,1,1,13.915,-35.835,1.30,-3.34,1.30,-3.35,INF,-1,1,7,0
6780,1,1,14.416,-35.807,1.35,-3.34,1.34,-3.34,INF,-1,1,7,0
6800,1,1,14.202,-35.676,1.33,-3.33,1.32,-3.33,INF,-1,1,7,0
6820,1,1,13.235,-35.909,1.24,-3.35,1.23,-3.35,INF,-1,1,7,0
6840,1,1,13.844,-35.728,1.29,-3.33,1.29,-3.34,INF,-1,1,7,0
6860,1,1,13.994,-36.182,1.31,-3.38,1.31,-3.38,INF,-1,1,7,0
6880,1,1,13.138,-36.788,1.23,-3.43,1.23,-3.43,INF,-1,1,7,0
6900,1,1,12.982,-37.151,1.21,-3.47,1.21,-3.47,INF,-1,1,7,0
6920,1,1,-4.725,-16.340,-0.44,-1.53,-0.44,-1.53,INF,-1,1,7,0
6940,1,1,-8.791,-10.720,-0.82,-1.00,-0.82,-1.00,INF,-1,1,7,0
6960,1,1,-7.480,-10.565,-0.70,-0.99,-0.70,-0.99,INF,-1,0,7,0
6980,1,1,-9.004,-11.771,-0.84,-1.10,-0.84,-1.10,INF,-1,0,7,0
7000,1,1,-10.349,-12.118,-0.97,-1.13,-0.97,-1.13,INF,-1,0,7,0
7020,1,1,-9.340,-11.186,-0.87,-1.05,-0.87,-1.05,INF,-1,0,7,0
7040,1,1,-8.146,-10.689,-0.76,-1.00,-0.76,-1.00,INF,-1,0,7,0
7060,1,1,-8.775,-11.543,-0.82,-1.08,-0.82,-1.08,INF,-1,0,7,0
7080,1,1,-9.142,-11.782,-0.85,-1.10,-0.85,-1.10,INF,-1,0,7,0
7100,1,1,-8.466,-11.698,-0.79,-1.09,-0.79,-1.09,INF,-1,0,7,0
7120,1,1,-8.787,-12.051,-0.82,-1.13,-0.82,-1.13,INF,-1,0,7,0
7140,1,1,-6.115,-6.166,-0.57,-0.58,-0.57,-0.58,INF,-1,0,7,0
7160,1,1,-6.311,7.266,-0.59,0.68,-0.59,0.68,INF,-1,0,7,0
7180,1,1,-5.812,6.500,-0.54,0.61,-0.54,0.61,INF,-1,0,7,0
7200,1,1,-6.217,7.739,-0.58,0.72,-0.58,0.72,INF,-1,0,7,0
7220,1,1,-5.981,8.388,-0.56,0.78,-0.56,0.78,INF,-1,0,7,0
7240,1,1,-6.733,8.197,-0.63,0.77,-0.63,0.77,INF,-1,0,7,0
7260,1,1,-6.625,7.586,-0.62,0.71,-0.62,0.71,INF,-1,0,7,0
7280,1,1,-7.064,7.267,-0.66,0.68,-0.66,0.68,INF,-1,0,7,0
7300,1,1,-6.585,7.576,-0.62,0.71,-0.62,0.71,INF,-1,1,7,0
7320,1,1,-5.403,9.290,-0.50,0.87,-0.50,0.87,INF,-1,1,7,0
7340,1,1,-6.585,9.949,-0.62,0.93,-0.62,0.93,INF,-1,1,7,0
7360,1,1,-0.397,18.783,-0.04,1.76,-0.04,1.76,INF,-1,0,7,0
7380,1,1,-0.722,19.292,-0.07,1.80,-0.07,1.80,INF,-1,0,7,0
7400,1,1,-0.466,19.396,-0.04,1.81,-0.04,1.81,INF,-1,0,7,0
7420,1,1,-0.807,19.114,-0.08,1.79,-0.08,1.79,INF,-1,0,7,0
7440,1,1,-1.249,16.751,-0.12,1.57,-0.12,1.57,INF,-1,0,7,0
7460,1,1,-0.294,17.915,-0.03,1.67,-0.03,1.67,INF,-1,0,7,0
7480,1,1,0.243,18.126,0.02,1.69,0.02,1.69,INF,-1,0,7,0
7500,1,1,-1.661,18.425,-0.16,1.72,-0.16,1.72,INF,-1,0,7,0
7520,1,1,-1.035,18.174,-0.10,1.70,-0.10,1.70,INF,-1,0,7,0
7540,1,1,-1.190,18.959,-0.11,1.77,-0.11,1.77,INF,-1,0,7,0
7560,1,1,-1.384,17.475,-0.13,1.63,-0.13,1.63,INF,-1,0,7,0
7580,1,1,-2.427,18.077,-0.23,1.69,-0.23,1.69,INF,-1,0,7,0
7600,1,1,-1.444,18.333,-0.14,1.71,-0.13,1.71,INF,-1,1,7,0
7620,1,1,-1.447,16.973,-0.14,1.59,-0.14,1.59,INF,-1,1,7,0
7640,1,1,-1.195,16.655,-0.11,1.56,-0.11,1.56,INF,-1,1,7,0
7660,1,1,-1.189,19.570,-0.11,1.83,-0.11,1.83,INF,-1,1,7,0
7680,1,1,0.442,19.320,0.04,1.81,0.04,1.81,INF,-1,1,7,0
7700,1,1,-0.318,18.984,-0.03,1.77,-0.03,1.77,INF,-1,1,7,0
7720,1,1,0.247,19.377,0.02,1.81,0.02,1.81,INF,-1,1,7,0
7740,1,1,-0.332,18.478,-0.03,1.73,-0.03,1.73,INF,-1,1,7,0
7760,1,1,-0.327,18.746,-0.03,1.75,-0.03,1.75,INF,-1,1,7,0
7780,1,1,-0.123,17.417,-0.01,1.63,-0.01,1.63,INF,-1,1,7,0
7800,1,1,-0.458,17.141,-0.04,1.60,-0.04,1.60,INF,-1,1,7,0
7820,1,1,0.268,16.730,0.03,1.56,0.03,1.56,INF,-1,1,7,0
7840,1,1,3.431,19.369,0.32,1.81,0.32,1.81,INF,-1,1,7,0
7860,1,1,13.175,25.903,1.23,2.42,1.23,2.42,INF,-1,1,7,0
7880,1,1,12.810,25.843,1.20,2.41,1.20,2.41,INF,-1,1,7,0
7900,1,1,13.423,26.266,1.25,2.45,1.25,2.45,INF,-1,0,7,0
7920,1,1,12.965,25.055,1.21,2.34,1.21,2.34,INF,-1,0,7,0
7940,1,1,12.711,24.409,1.19,2.28,1.19,2.28,INF,-1,0,7,0
7960,1,1,13.227,25.735,1.24,2.40,1.24,2.40,INF,-1,0,7,0
7980,1,1,13.863,25.529,1.30,2.38,1.29,2.38,INF,-1,0,7,0
8000,1,1,14.478,26.629,1.35,2.49,1.35,2.49,INF,-1,0,7,0
8020,1,1,14.424,26.820,1.35,2.50,1.35,2.51,INF,-1,0,7,0
8040,1,1,14.643,26.884,1.37,2.51,1.37,2.51,INF,-1,0,7,0
8060,1,1,14.346,27.014,1.34,2.52,1.34,2.52,INF,-1,0,7,0
8080,1,1,13.729,25.513,1.28,2.38,1.28,2.38,INF,-1,0,7,0
8100,1,1,18.126,27.134,1.69,2.53,1.69,2.53,INF,-1,0,7,0
8120,1,1,16.722,27.278,1.56,2.55,1.56,2.55,INF,-1,0,7,0
8140,1,1,17.533,26.984,1.64,2.52,1.64,2.52,INF,-1,1,7,0
8160,1,1,17.026,27.593,1.59,2.58,1.59,2.58,INF,-1,1,7,0
8180,1,1,18.555,27.118,1.73,2.53,1.73,2.53,INF,-1,1,7,0
8200,1,1,17.164,28.279,1.60,2.64,1.60,2.64,INF,-1,1,7,0
8220,1,1,17.333,26.514,1.62,2.48,1.62,2.48,INF,-1,1,7,0
8240,1,1,17.240,26.998,1.61,2.52,1.61,2.52,INF,-1,1,7,0
8260,1,1,17.424,27.468,1.63,2.56,1.63,2.57,INF,-1,1,7,0
8280,1,1,17.536,28.087,1.64,2.62,1.64,2.62,INF,-1,1,7,0
8300,1,1,17.677,27.688,1.65,2.59,1.65,2.59,INF,-1,1,7,0
8320,1,1,16.825,26.373,1.57,2.46,1.57,2.46,INF,-1,1,7,0
8340,1,1,16.549,25.669,1.55,2.40,1.55,2.40,INF,-1,1,7,0
8360,1,1,16.814,26.366,1.57,2.46,1.57,2.46,INF,-1,1,7,0
8380,1,1,17.415,26.748,1.63,2.50,1.63,2.50,INF,-1,1,7,0
8400,1,1,17.502,27.944,1.64,2.61,1.63,2.61,INF,-1,1,7,0
8420,1,1,17.539,28.322,1.64,2.64,1.64,2.65,INF,-1,1,7,0
8440,1,1,17.637,28.664,1.65,2.68,1.65,2.68,INF,-1,1,7,0
8460,1,1,16.082,26.822,1.50,2.50,1.50,2.51,INF,-1,1,7,0
8480,1,1,2.911,41.246,0.27,3.85,0.27,3.85,INF,-1,1,7,0
8500,1,1,5.915,42.468,0.55,3.96,0.55,3.96,INF,-1,1,7,0
8520,1,1,3.043,39.886,0.28,3.72,0.28,3.72,INF,-1,0,7,0
8540,1,1,4.432,42.081,0.41,3.93,0.41,3.93,INF,-1,0,7,0
8560,1,1,5.188,41.333,0.48,3.86,0.48,3.86,INF,-1,0,7,0
8580,1,1,4.561,42.326,0.43,3.95,0.43,3.95,INF,-1,0,7,0
8600,1,1,4.223,40.784,0.39,3.81,0.39,3.81,INF,-1,0,7,0
8620,1,1,5.428,41.399,0.51,3.86,0.51,3.86,INF,-1,0,7,0
8640,1,1,5.089,40.846,0.48,3.81,0.47,3.81,INF,-1,0,7,0
8660,1,1,5.821,41.719,0.54,3.89,0.54,3.89,INF,-1,0,7,0
8680,1,1,6.268,41.856,0.59,3.91,0.58,3.91,INF,-1,0,7,0
8700,1,1,5.094,41.019,0.48,3.83,0.48,3.83,INF,-1,0,7,0
8720,1,1,5.040,41.426,0.47,3.87,0.47,3.87,INF,-1,0,7,0
8740,1,1,5.334,42.359,0.50,3.95,0.50,3.95,INF,-1,0,7,0
8760,1,1,6.291,42.088,0.59,3.93,0.59,3.93,INF,-1,1,7,0
8780,1,1,5.951,42.055,0.56,3.92,0.55,3.92,INF,-1,1,7,0
8800,1,1,6.851,41.964,0.64,3.92,0.64,3.92,INF,-1,1,7,0
8820,1,1,6.561,42.508,0.61,3.97,0.61,3.97,INF,-1,1,7,0
8840,1,1,7.403,43.409,0.69,4.05,0.69,4.05,INF,-1,1,7,0
8860,1,1,5.660,42.736,0.53,3.99,0.53,3.99,INF,-1,1,7,0
8880,1,1,4.889,41.548,0.46,3.88,0.46,3.88,INF,-1,1,7,0
8900,1,1,4.499,42.285,0.42,3.95,0.42,3.95,INF,-1,1,7,0
8920,1,1,4.747,41.306,0.44,3.85,0.44,3.85,INF,-1,1,7,0
8940,1,1,6.019,41.506,0.56,3.87,0.56,3.87,INF,-1,1,7,0
8960,1,1,28.019,30.998,2.62,2.89,2.61,2.89,INF,-1,1,7,0
8980,1,1,26.670,26.251,2.49,2.45,2.49,2.45,INF,-1,1,7,0
9000,1,1,25.702,26.922,2.40,2.51,2.40,2.51,INF,-1,0,7,0
9020,1,1,26.165,27.403,2.44,2.56,2.44,2.56,INF,-1,0,7,0
9040,1,1,26.006,28.245,2.43,2.64,2.43,2.64,INF,-1,0,7,0
9060,1,1,25.627,26.244,2.39,2.45,2.39,2.45,INF,-1,0,7,0
9080,1,1,26.479,26.188,2.47,2.44,2.47,2.45,INF,-1,0,7,0
9100,1,1,26.509,27.028,2.48,2.52,2.47,2.52,INF,-1,0,7,0
9120,1,1,25.525,26.985,2.38,2.52,2.38,2.52,INF,-1,0,7,0
9140,1,1,46.553,17.613,4.34,1.64,4.34,1.65,INF,-1,0,7,0
9160,1,1,45.370,15.475,4.23,1.44,4.23,1.45,INF,-1,0,7,0
9180,1,1,45.877,15.014,4.28,1.40,4.28,1.40,INF,-1,0,7,0
9200,1,1,44.654,15.357,4.17,1.43,4.17,1.44,INF,-1,0,7,0
9220,1,1,45.406,15.478,4.24,1.44,4.23,1.45,INF,-1,0,7,0
9240,1,1,45.547,16.818,4.25,1.57,4.25,1.57,INF,-1,0,7,0
9260,1,1,44.808,16.593,4.18,1.55,4.18,1.55,INF,-1,0,7,0
9280,1,1,45.493,14.921,4.24,1.39,4.24,1.39,INF,-1,0,7,0
9300,1,1,45.463,16.580,4.24,1.55,4.24,1.55,INF,-1,1,7,0
9320,1,1,44.278,16.090,4.13,1.50,4.13,1.50,INF,-1,1,7,0
9340,1,1,44.963,14.601,4.20,1.36,4.19,1.36,INF,-1,1,7,0
9360,1,1,46.228,16.905,4.31,1.58,4.31,1.58,INF,-1,1,7,0
9380,1,1,45.076,17.711,4.21,1.65,4.20,1.65,INF,-1,1,7,0
9400,1,1,45.805,16.674,4.27,1.55,4.27,1.56,INF,-1,1,7,0
9420,1,1,45.701,15.978,4.26,1.49,4.26,1.49,INF,-1,1,7,0
9440,1,1,46.239,16.078,4.31,1.50,4.31,1.50,INF,-1,1,7,0
9460,1,1,42.540,-5.165,3.97,-0.48,3.97,-0.48,INF,-1,1,7,0
9480,1,1,43.340,-11.774,4.04,-1.10,4.04,-1.10,INF,-1,1,7,0
9500,1,1,41.083,-12.911,3.83,-1.20,3.83,-1.21,INF,-1,0,7,0
9520,1,1,43.131,-12.669,4.02,-1.18,4.02,-1.18,INF,-1,0,7,0
9540,1,1,43.624,-12.044,4.07,-1.12,4.07,-1.13,INF,-1,0,7,0
9560,1,1,43.142,-12.104,4.03,-1.13,4.02,-1.13,INF,-1,0,7,0
9580,1,1,44.211,-12.228,4.13,-1.14,4.12,-1.14,INF,-1,0,7,0
9600,1,1,43.864,-12.670,4.09,-1.18,4.09,-1.18,INF,-1,0,7,0
9620,1,1,44.153,-12.488,4.12,-1.16,4.12,-1.17,INF,-1,0,7,0
9640,1,1,43.358,-12.968,4.05,-1.21,4.04,-1.21,INF,-1,0,7,0
9660,1,1,39.328,1.831,3.67,0.17,3.67,0.17,INF,-1,0,7,0
9680,1,1,35.155,17.482,3.28,1.63,3.28,1.63,INF,-1,0,7,0
9700,1,1,36.198,19.290,3.38,1.80,3.38,1.80,INF,-1,0,7,0
9720,1,1,34.531,16.986,3.22,1.58,3.22,1.59,INF,-1,0,7,0
9740,1,1,35.108,16.628,3.28,1.55,3.28,1.55,INF,-1,0,7,0
9760,1,1,34.869,17.321,3.26,1.62,3.25,1.62,INF,-1,0,7,0
9780,1,1,35.340,16.550,3.30,1.54,3.30,1.55,INF,-1,0,7,0
9800,1,1,34.358,15.972,3.21,1.49,3.21,1.49,INF,-1,0,7,0
9820,1,1,35.414,16.943,3.31,1.58,3.31,1.58,INF,-1,0,7,0
9840,1,1,35.500,16.756,3.31,1.56,3.31,1.57,INF,-1,0,7,0
9860,1,1,35.723,17.502,3.34,1.63,3.33,1.64,INF,-1,0,7,0
9880,1,1,41.220,-21.414,3.85,-2.00,3.84,-2.00,INF,-1,0,7,0
9900,1,1,40.758,-23.766,3.80,-2.22,3.80,-2.22,INF,-1,0,7,0
9920,1,1,42.549,-23.200,3.97,-2.16,3.97,-2.17,INF,-1,0,7,0
9940,1,1,42.934,-24.257,4.01,-2.26,4.00,-2.27,INF,-1,0,7,0
9960,1,1,41.337,-24.247,3.86,-2.26,3.85,-2.27,INF,-1,0,7,0
9980,1,1,42.899,-23.377,4.00,-2.18,4.00,-2.18,INF,-1,0,7,0
10000,1,1,42.511,-22.839,3.97,-2.13,3.96,-2.13,INF,-1,0,7,0
10020,1,1,42.525,-24.426,3.97,-2.28,3.97,-2.28,INF,-1,0,7,0
10040,1,1,42.373,-24.135,3.95,-2.25,3.95,-2.25,INF,-1,0,7,0
10060,1,1,40.694,-24.797,3.80,-2.31,3.79,-2.32,INF,-1,0,7,0
10080,1,1,40.578,-24.257,3.79,-2.26,3.78,-2.27,INF,-1,0,7,0
10100,1,1,40.941,-24.895,3.82,-2.32,3.82,-2.33,INF,-1,1,7,0
10120,1,1,41.502,-23.415,3.87,-2.18,3.87,-2.19,INF,-1,1,7,0
10140,1,1,43.039,-23.989,4.02,-2.24,4.01,-2.24,INF,-1,1,7,0
10160,1,1,41.440,-23.650,3.87,-2.20,3.86,-2.21,INF,-1,1,7,0
10180,1,1,42.527,-25.194,3.97,-2.35,3.97,-2.35,INF,-1,1,7,0
10200,1,1,40.920,-24.319,3.82,-2.27,3.82,-2.27,INF,-1,1,7,0
10220,1,1,31.143,-30.109,2.91,-2.81,2.90,-2.81,INF,-1,1,7,0
10240,1,1,31.452,-30.802,2.94,-2.87,2.93,-2.88,INF,-1,1,7,0
10260,1,1,30.404,-31.170,2.84,-2.91,2.84,-2.91,INF,-1,0,7,0
10280,1,1,30.345,-31.459,2.83,-2.93,2.83,-2.94,INF,-1,0,7,0
10300,1,1,29.789,-31.139,2.78,-2.90,2.78,-2.91,INF,-1,0,7,0
10320,1,1,30.149,-31.209,2.82,-2.91,2.81,-2.91,INF,-1,0,7,0
10340,1,1,31.921,-31.253,2.98,-2.91,2.98,-2.92,INF,-1,0,7,0
10360,1,1,30.985,-30.746,2.89,-2.87,2.89,-2.87,INF,-1,0,7,0
10380,1,1,30.998,-31.450,2.89,-2.93,2.89,-2.94,INF,-1,0,7,0
10400,1,1,31.329,-31.155,2.93,-2.91,2.92,-2.91,INF,-1,0,7,0
10420,1,1,35.875,-32.650,3.35,-3.04,3.34,-3.05,INF,-1,0,7,0
10440,1,1,36.279,-40.022,3.39,-3.73,3.38,-3.74,INF,-1,0,7,0
10460,1,1,35.331,-39.708,3.30,-3.70,3.29,-3.71,INF,-1,0,7,0
10480,1,1,37.083,-38.645,3.46,-3.60,3.45,-3.61,INF,-1,0,7,0
10500,1,1,36.138,-40.709,3.37,-3.79,3.37,-3.80,INF,-1,1,7,0
10520,1,1,36.620,-39.047,3.42,-3.64,3.41,-3.64,INF,-1,1,7,0
10540,1,1,36.657,-39.202,3.42,-3.65,3.42,-3.66,INF,-1,1,7,0
10560,1,1,36.374,-39.021,3.40,-3.64,3.39,-3.64,INF,-1,1,7,0
10580,1,1,36.999,-38.890,3.45,-3.62,3.45,-3.63,INF,-1,1,7,0
10600,1,1,38.139,-39.253,3.56,-3.66,3.55,-3.66,INF,-1,1,7,0
10620,1,1,52.779,-34.850,4.92,-3.24,4.91,-3.25,INF,-1,1,7,0
10640,1,1,49.918,-34.765,4.66,-3.24,4.65,-3.25,INF,-1,1,7,0
10660,1,1,50.181,-36.830,4.68,-3.43,4.67,-3.44,INF,-1,0,7,0
10680,1,1,49.176,-35.799,4.59,-3.33,4.58,-3.34,INF,-1,0,7,0
10700,1,1,50.078,-35.087,4.67,-3.27,4.66,-3.28,INF,-1,0,7,0
10720,1,1,51.026,-35.364,4.76,-3.29,4.75,-3.30,INF,-1,0,7,0
10740,1,1,51.289,-35.991,4.78,-3.35,4.77,-3.36,INF,-1,0,7,0
10760,1,1,49.677,-35.826,4.63,-3.33,4.63,-3.34,INF,-1,0,7,0
10780,1,1,49.526,-34.909,4.62,-3.25,4.61,-3.26,INF,-1,0,7,0
10800,1,1,49.351,-35.616,4.60,-3.31,4.60,-3.33,INF,-1,0,7,0
10820,1,1,51.615,-34.480,4.81,-3.21,4.81,-3.22,INF,-1,0,7,0
10840,1,1,49.542,-35.531,4.62,-3.31,4.61,-3.32,INF,-1,0,7,0
10860,1,1,46.359,-37.788,4.32,-3.52,4.32,-3.53,INF,-1,0,7,0
10880,1,1,47.904,-36.003,4.47,-3.35,4.46,-3.36,INF,-1,0,7,0
10900,1,1,48.433,-36.241,4.52,-3.37,4.51,-3.38,INF,-1,1,7,0
10920,1,1,48.293,-38.828,4.50,-3.61,4.50,-3.62,INF,-1,1,7,0
10940,1,1,46.828,-38.213,4.37,-3.56,4.36,-3.57,INF,-1,1,7,0
10960,1,1,46.739,-38.392,4.36,-3.57,4.35,-3.58,INF,-1,1,7,0
10980,1,1,46.554,-37.956,4.34,-3.53,4.33,-3.54,INF,-1,1,7,0
11000,1,1,48.191,-37.532,4.50,-3.49,4.49,-3.50,INF,-1,1,7,0
11020,1,1,47.576,-38.635,4.44,-3.60,4.43,-3.61,INF,-1,1,7,0
11040,1,1,47.145,-38.575,4.40,-3.59,4.39,-3.60,INF,-1,1,7,0
11060,1,1,48.031,-36.879,4.48,-3.43,4.47,-3.44,INF,-1,1,7,0
11080,1,1,46.743,-38.033,4.36,-3.54,4.35,-3.55,INF,-1,1,7,0
11100,1,1,48.438,-37.038,4.52,-3.45,4.51,-3.46,INF,-1,1,7,0
11120,1,1,44.362,-28.339,4.14,-2.64,4.13,-2.65,INF,-1,1,7,0
11140,1,1,43.554,-28.457,4.06,-2.65,4.06,-2.66,INF,-1,1,7,0
11160,1,1,44.642,-27.173,4.17,-2.53,4.16,-2.54,INF,-1,1,7,0
11180,1,1,44.735,-27.032,4.17,-2.52,4.17,-2.52,INF,-1,1,7,0
11200,1,1,44.069,-28.155,4.11,-2.62,4.11,-2.63,INF,-1,1,7,0
11220,1,1,43.722,-28.954,4.08,-2.70,4.08,-2.70,INF,-1,1,7,0
11240,1,1,43.723,-27.917,4.08,-2.60,4.08,-2.61,INF,-1,1,7,0
11260,1,1,42.332,-30.513,3.95,-2.84,3.95,-2.85,INF,-1,1,7,0
11280,1,1,42.839,-29.424,4.00,-2.74,3.99,-2.75,INF,-1,1,7,0
11300,1,1,42.913,-29.559,4.00,-2.75,4.00,-2.76,INF,-1,1,7,0
11320,1,1,41.871,1.264,3.91,0.12,3.91,0.12,INF,-1,1,7,0
11340,1,1,40.194,9.032,3.75,0.84,3.75,0.84,INF,-1,1,7,0
11360,1,1,38.274,7.816,3.57,0.73,3.57,0.73,INF,-1,0,7,0
11380,1,1,38.010,8.431,3.55,0.79,3.55,0.79,INF,-1,0,7,0
11400,1,1,38.492,8.099,3.59,0.76,3.59,0.76,INF,-1,0,7,0
11420,1,1,37.548,7.961,3.51,0.74,3.50,0.74,INF,-1,0,7,0
11440,1,1,37.081,6.356,3.46,0.59,3.46,0.59,INF,-1,0,7,0
11460,1,1,39.257,8.068,3.66,0.75,3.66,0.75,INF,-1,0,7,0
11480,1,1,38.311,7.143,3.58,0.67,3.58,0.67,INF,-1,0,7,0
11500,1,1,38.961,8.146,3.64,0.76,3.64,0.76,INF,-1,0,7,0
11520,1,1,38.566,6.681,3.60,0.62,3.60,0.62,INF,-1,0,7,0
11540,1,1,38.244,5.701,3.57,0.53,3.57,0.53,INF,-1,0,7,0
11560,1,1,38.339,4.090,3.58,0.38,3.58,0.38,INF,-1,0,7,0
11580,1,1,38.337,4.461,3.58,0.42,3.58,0.42,INF,-1,0,7,0
11600,1,1,38.527,2.667,3.60,0.25,3.60,0.25,INF,-1,1,7,0
11620,1,1,38.071,2.584,3.55,0.24,3.55,0.24,INF,-1,1,7,0
11640,1,1,38.782,2.894,3.62,0.27,3.62,0.27,INF,-1,1,7,0
11660,1,1,37.882,2.170,3.54,0.20,3.54,0.20,INF,-1,1,7,0
11680,1,1,38.242,3.024,3.57,0.28,3.57,0.28,INF,-1,1,7,0
11700,1,1,38.783,-0.527,3.62,-0.05,3.62,-0.05,INF,-1,1,7,0
11720,1,1,6.187,27.938,0.58,2.61,0.58,2.61,INF,-1,1,7,0
11740,1,1,3.928,29.610,0.37,2.77,0.37,2.77,INF,-1,1,7,0
11760,1,1,3.572,28.516,0.33,2.66,0.33,2.66,INF,-1,0,7,0
11780,1,1,2.435,27.812,0.23,2.60,0.23,2.60,INF,-1,0,7,0
11800,1,1,2.799,28.747,0.26,2.68,0.26,2.68,INF,-1,0,7,0
11820,1,1,3.157,27.964,0.30,2.61,0.29,2.61,INF,-1,0,7,0
11840,1,1,2.891,28.416,0.27,2.65,0.27,2.65,INF,-1,0,7,0
11860,1,1,2.396,28.964,0.22,2.71,0.22,2.71,INF,-1,0,7,0
11880,1,1,2.195,29.966,0.21,2.80,0.20,2.80,INF,-1,0,7,0
11900,1,1,3.409,29.372,0.32,2.74,0.32,2.74,INF,-1,0,7,0
11920,1,1,3.213,28.615,0.30,2.67,0.30,2.67,INF,-1,0,7,0
11940,1,1,3.127,30.341,0.29,2.83,0.29,2.83,INF,-1,0,7,0
11960,1,1,2.493,29.284,0.23,2.74,0.23,2.74,INF,-1,0,7,0
11980,1,1,1.334,28.467,0.12,2.66,0.12,2.66,INF,-1,0,7,0
12000,1,1,2.056,29.322,0.19,2.74,0.19,2.74,INF,-1,1,7,0
12020,1,1,2.846,29.626,0.27,2.77,0.27,2.77,INF,-1,1,7,0
12040,1,1,2.738,29.140,0.26,2.72,0.26,2.72,INF,-1,1,7,0
12060,1,1,3.050,28.390,0.29,2.65,0.28,2.65,INF,-1,1,7,0
12080,1,1,3.754,29.290,0.35,2.74,0.35,2.74,INF,-1,1,7,0
12100,1,1,1.958,29.116,0.18,2.72,0.18,2.72,INF,-1,1,7,0
12120,1,1,1.703,29.523,0.16,2.76,0.16,2.76,INF,-1,1,7,0
12140,1,1,2.444,30.212,0.23,2.82,0.23,2.82,INF,-1,1,7,0
12160,1,1,3.767,30.683,0.35,2.87,0.35,2.87,INF,-1,1,7,0
12180,1,1,2.310,30.715,0.22,2.87,0.22,2.87,INF,-1,1,7,0
12200,1,1,1.622,29.631,0.15,2.77,0.15,2.77,INF,-1,1,7,0
12220,0,1,0.000,0.000,0.00,0.00,0.00,0.00,0.00,-1,1,7,0
12240,1,1,31.456,24.009,2.94,2.24,2.94,2.24,INF,-1,1,7,0
12260,1,1,33.173,24.389,3.10,2.28,3.10,2.28,INF,-1,1,7,0
12280,1,1,32.292,23.257,3.02,2.17,3.01,2.17,INF,-1,1,7,0
12300,1,1,33.216,22.823,3.10,2.13,3.10,2.13,INF,-1,0,7,0
12320,1,1,32.386,23.883,3.02,2.23,3.02,2.23,INF,-1,0,7,0
12340,1,1,33.187,24.466,3.10,2.28,3.10,2.29,INF,-1,0,7,0
12360,1,1,32.675,23.743,3.05,2.21,3.05,2.22,INF,-1,0,7,0
12380,1,1,33.329,23.824,3.11,2.22,3.11,2.23,INF,-1,0,7,0
12400,1,1,31.886,22.843,2.98,2.13,2.98,2.13,INF,-1,0,7,0
12420,1,1,36.267,22.329,3.39,2.08,3.38,2.09,INF,-1,0,7,0
12440,1,1,41.273,17.403,3.85,1.62,3.85,1.63,INF,-1,0,7,0
12460,1,1,41.722,18.081,3.89,1.69,3.89,1.69,INF,-1,0,7,0
12480,1,1,40.101,17.233,3.74,1.61,3.74,1.61,INF,-1,0,7,0
12500,1,1,42.228,17.985,3.94,1.68,3.94,1.68,INF,-1,0,7,0
12520,1,1,41.417,17.446,3.87,1.63,3.86,1.63,INF,-1,1,7,0
12540,1,1,40.502,16.923,3.78,1.58,3.78,1.58,INF,-1,1,7,0
12560,1,1,42.424,19.329,3.96,1.80,3.96,1.81,INF,-1,1,7,0
12580,1,1,41.363,17.643,3.86,1.64,3.86,1.65,INF,-1,1,7,0
12600,1,1,42.303,19.059,3.95,1.78,3.95,1.78,INF,-1,1,7,0
12620,1,1,41.841,19.103,3.90,1.78,3.90,1.78,INF,-1,1,7,0
12640,1,1,41.452,18.918,3.87,1.76,3.87,1.77,INF,-1,1,7,0
12660,1,1,40.637,18.612,3.79,1.74,3.79,1.74,INF,-1,1,7,0
12680,1,1,42.010,19.360,3.92,1.80,3.92,1.81,INF,-1,1,7,0
12700,1,1,43.246,20.573,4.04,1.92,4.03,1.92,INF,-1,1,7,0
12720,1,1,41.677,19.105,3.89,1.78,3.89,1.79,INF,-1,1,7,0
12740,1,1,41.551,19.322,3.88,1.80,3.88,1.81,INF,-1,1,7,0
12760,1,1,42.413,18.690,3.96,1.74,3.96,1.75,INF,-1,1,7,0
12780,1,1,41.906,20.080,3.91,1.87,3.91,1.88,INF,-1,1,7,0
12800,1,1,41.285,19.177,3.85,1.79,3.85,1.79,INF,-1,1,7,0
12820,1,1,38.424,18.550,3.59,1.73,3.59,1.73,INF,-1,1,7,0
12840,1,1,38.928,18.380,3.63,1.71,3.63,1.72,INF,-1,1,7,0
12860,1,1,38.381,17.597,3.58,1.64,3.58,1.64,INF,-1,1,7,0
12880,1,1,39.055,18.882,3.65,1.76,3.64,1.76,INF,-1,1,7,0
12900,1,1,39.403,18.384,3.68,1.71,3.68,1.72,INF,-1,1,7,0
12920,1,1,39.064,17.697,3.65,1.65,3.64,1.65,INF,-1,1,7,0
12940,1,1,39.584,18.252,3.69,1.70,3.69,1.71,INF,-1,1,7,0
12960,1,1,39.570,18.218,3.69,1.70,3.69,1.70,INF,-1,1,7,0
12980,1,1,38.542,16.870,3.60,1.57,3.60,1.58,INF,-1,1,7,0
13000,1,1,39.133,17.342,3.65,1.62,3.65,1.62,INF,-1,1,7,0
13020,1,1,38.924,17.086,3.63,1.59,3.63,1.60,INF,-1,1,7,0
13040,1,1,38.724,17.064,3.61,1.59,3.61,1.59,INF,-1,1,7,0
13060,1,1,38.912,18.888,3.63,1.76,3.63,1.76,INF,-1,1,7,0
13080,1,1,37.878,17.072,3.54,1.59,3.53,1.60,INF,-1,1,7,0
13100,1,1,38.210,17.130,3.57,1.60,3.57,1.60,INF,-1,1,7,0
13120,1,1,37.713,16.037,3.52,1.50,3.52,1.50,INF,-1,1,7,0
13140,1,1,37.788,16.658,3.53,1.55,3.53,1.56,INF,-1,1,7,0
13160,1,1,38.254,16.463,3.57,1.54,3.57,1.54,INF,-1,1,7,0
13180,1,1,37.635,15.968,3.51,1.49,3.51,1.49,INF,-1,1,7,0
13200,1,1,38.030,15.852,3.55,1.48,3.55,1.48,INF,-1,1,7,0
13220,1,1,37.343,16.519,3.49,1.54,3.48,1.54,INF,-1,1,7,0
13240,1,1,38.132,16.167,3.56,1.51,3.56,1.51,INF,-1,1,7,0
13260,1,1,38.479,17.405,3.59,1.62,3.59,1.63,INF,-1,1,7,0
13280,1,1,38.247,16.138,3.57,1.51,3.57,1.51,INF,-1,1,7,0
13300,1,1,38.170,18.294,3.56,1.71,3.56,1.71,INF,-1,1,7,0
13320,1,1,36.916,20.577,3.45,1.92,3.44,1.92,INF,-1,1,7,0
13340,1,1,37.818,19.569,3.53,1.82,3.53,1.83,INF,-1,1,7,0
13360,1,1,37.938,21.124,3.54,1.97,3.54,1.97,INF,-1,1,7,0
13380,1,1,15.635,28.692,1.46,2.68,1.46,2.68,INF,-1,1,7,0
13400,1,1,17.852,30.472,1.67,2.84,1.67,2.85,INF,-1,1,7,0
13420,1,1,16.450,27.566,1.54,2.57,1.54,2.57,INF,-1,0,7,0
13440,1,1,17.736,28.220,1.66,2.63,1.66,2.64,INF,-1,0,7,0
13460,1,1,17.829,28.985,1.67,2.71,1.66,2.71,INF,-1,0,7,0
13480,1,1,17.363,27.109,1.62,2.53,1.62,2.53,INF,-1,0,7,0
13500,1,1,17.804,28.108,1.66,2.62,1.66,2.63,INF,-1,0,7,0
13520,1,1,17.322,28.046,1.62,2.62,1.62,2.62,INF,-1,0,7,0
13540,1,1,17.598,27.474,1.64,2.57,1.64,2.57,INF,-1,0,7,0
13560,1,1,16.777,26.139,1.57,2.44,1.57,2.44,INF,-1,0,7,0
13580,1,1,17.712,26.707,1.66,2.49,1.65,2.49,INF,-1,0,7,0
13600,1,1,18.157,27.545,1.70,2.57,1.69,2.57,INF,-1,0,7,0
13620,1,1,16.946,28.338,1.58,2.65,1.58,2.65,INF,-1,0,7,0
13640,1,1,17.920,26.650,1.67,2.49,1.67,2.49,INF,-1,0,7,0
13660,1,1,17.026,27.294,1.59,2.55,1.59,2.55,INF,-1,1,7,0
13680,1,1,17.217,26.632,1.61,2.49,1.61,2.49,INF,-1,1,7,0
13700,1,1,16.963,26.305,1.59,2.46,1.58,2.46,INF,-1,1,7,0
13720,1,1,16.651,26.467,1.56,2.47,1.55,2.47,INF,-1,1,7,0
13740,1,1,17.101,27.173,1.60,2.54,1.60,2.54,INF,-1,1,7,0
13760,1,1,17.792,27.094,1.66,2.53,1.66,2.53,INF,-1,1,7,0
13780,1,1,17.702,28.174,1.65,2.63,1.65,2.63,INF,-1,1,7,0
13800,1,1,19.767,30.244,1.85,2.82,1.84,2.82,INF,-1,1,7,0
13820,1,1,-6.955,8.863,-0.65,0.83,-0.65,0.83,INF,-1,1,7,0
13840,1,1,-3.795,8.708,-0.35,0.81,-0.35,0.81,INF,-1,1,7,0
13860,1,1,-5.298,8.337,-0.50,0.78,-0.50,0.78,INF,-1,0,7,0
13880,1,1,-5.479,7.010,-0.51,0.66,-0.51,0.66,INF,-1,0,7,0
13900,1,1,-4.949,8.149,-0.46,0.76,-0.46,0.76,INF,-1,0,7,0
13920,1,1,-4.941,8.305,-0.46,0.78,-0.46,0.78,INF,-1,0,7,0
13940,1,1,-4.448,8.806,-0.42,0.82,-0.42,0.82,INF,-1,0,7,0
13960,1,1,-3.913,7.391,-0.37,0.69,-0.37,0.69,INF,-1,0,7,0
13980,1,1,-4.345,7.521,-0.41,0.70,-0.41,0.70,INF,-1,0,7,0
14000,1,1,-4.150,8.476,-0.39,0.79,-0.39,0.79,INF,-1,0,7,0
14020,1,1,-4.374,7.897,-0.41,0.74,-0.41,0.74,INF,-1,0,7,0
14040,1,1,-7.317,4.356,-0.68,0.41,-0.68,0.41,INF,-1,0,7,0
14060,1,1,-12.831,-2.508,-1.20,-0.23,-1.20,-0.23,INF,-1,0,7,0
14080,1,1,-11.569,-1.788,-1.08,-0.17,-1.08,-0.17,INF,-1,0,7,0
14100,1,1,-12.471,-2.481,-1.17,-0.23,-1.17,-0.23,INF,-1,1,7,0
14120,1,1,-12.090,-2.430,-1.13,-0.23,-1.13,-0.23,INF,-1,1,7,0
14140,1,1,-10.893,-1.918,-1.02,-0.18,-1.02,-0.18,INF,-1,1,7,0
14160,1,1,-12.383,-1.790,-1.16,-0.17,-1.16,-0.17,INF,-1,1,7,0
14180,1,1,-11.821,-2.435,-1.10,-0.23,-1.10,-0.23,INF,-1,1,7,0
14200,1,1,-10.604,-1.081,-0.99,-0.10,-0.99,-0.10,INF,-1,1,7,0
14220,1,1,-11.507,-1.867,-1.08,-0.17,-1.08,-0.17,INF,-1,1,7,0
14240,1,1,-10.927,-1.674,-1.02,-0.16,-1.02,-0.16,INF,-1,1,7,0
14260,1,1,-10.557,-2.033,-0.99,-0.19,-0.99,-0.19,INF,-1,1,7,0
14280,1,1,-10.580,-1.574,-0.99,-0.15,-0.99,-0.15,INF,-1,1,7,0
14300,1,1,-12.170,-2.691,-1.14,-0.25,-1.14,-0.25,INF,-1,1,7,0
14320,1,1,-7.447,-25.412,-0.70,-2.37,-0.70,-2.37,INF,-1,1,7,0
14340,1,1,-6.610,-26.426,-0.62,-2.47,-0.62,-2.47,INF,-1,0,7,0
14360,1,1,-7.453,-26.069,-0.70,-2.43,-0.70,-2.44,INF,-1,0,7,0
14380,1,1,-6.714,-26.451,-0.63,-2.47,-0.63,-2.47,INF,-1,0,7,0
14400,1,1,-5.863,-25.353,-0.55,-2.37,-0.55,-2.37,INF,-1,0,7,0
14420,1,1,-6.115,-27.147,-0.57,-2.54,-0.57,-2.54,INF,-1,0,7,0
14440,1,1,-6.275,-27.809,-0.59,-2.60,-0.59,-2.60,INF,-1,0,7,0
14460,1,1,-6.685,-27.485,-0.62,-2.57,-0.62,-2.57,INF,-1,0,7,0
14480,1,1,-6.904,-27.352,-0.65,-2.55,-0.64,-2.55,INF,-1,0,7,0
14500,1,1,-9.928,-23.067,-0.93,-2.15,-0.93,-2.15,INF,-1,0,7,0
14520,1,1,-10.556,-21.995,-0.99,-2.05,-0.99,-2.05,INF,-1,0,7,0
14540,1,1,-10.654,-21.567,-1.00,-2.01,-1.00,-2.01,INF,-1,0,7,0
14560,1,1,-10.115,-21.932,-0.95,-2.05,-0.94,-2.05,INF,-1,0,7,0
14580,1,1,-10.307,-23.193,-0.96,-2.17,-0.96,-2.17,INF,-1,0,7,0
14600,1,1,-9.524,-20.837,-0.89,-1.95,-0.89,-1.95,INF,-1,1,7,0
14620,1,1,-9.711,-21.078,-0.91,-1.97,-0.91,-1.97,INF,-1,1,7,0
14640,1,1,-8.678,-21.496,-0.81,-2.01,-0.81,-2.01,INF,-1,1,7,0
14660,1,1,-8.607,-21.371,-0.80,-2.00,-0.80,-2.00,INF,-1,1,7,0
14680,1,1,-7.959,-26.041,-0.74,-2.43,-0.74,-2.43,INF,-1,1,7,0
14700,1,1,-8.060,-35.549,-0.75,-3.32,-0.75,-3.32,INF,-1,1,7,0
14720,1,1,-7.786,-34.720,-0.73,-3.24,-0.73,-3.24,INF,-1,1,7,0
14740,1,1,-8.226,-34.611,-0.77,-3.23,-0.77,-3.23,INF,-1,1,7,0
14760,1,1,-7.570,-36.737,-0.71,-3.43,-0.71,-3.43,INF,-1,1,7,0
14780,1,1,-7.475,-35.917,-0.70,-3.35,-0.70,-3.35,INF,-1,1,7,0
14800,1,1,-9.022,-36.197,-0.84,-3.38,-0.84,-3.38,INF,-1,0,7,0
14820,1,1,-7.918,-35.124,-0.74,-3.28,-0.74,-3.28,INF,-1,0,7,0
14840,1,1,-8.156,-37.245,-0.76,-3.48,-0.76,-3.48,INF,-1,0,7,0
14860,1,1,-9.291,-36.279,-0.87,-3.39,-0.87,-3.39,INF,-1,0,7,0
14880,1,1,-8.874,-36.057,-0.83,-3.37,-0.83,-3.37,INF,-1,0,7,0
14900,1,1,-9.722,-36.956,-0.91,-3.45,-0.91,-3.45,INF,-1,0,7,0
14920,1,1,-8.914,-35.931,-0.83,-3.35,-0.83,-3.35,INF,-1,0,7,0
14940,1,1,-8.879,-36.189,-0.83,-3.38,-0.83,-3.38,INF,-1,0,7,0
14960,1,1,-8.055,-35.705,-0.75,-3.33,-0.75,-3.33,INF,-1,0,7,0
14980,1,1,-7.543,-35.734,-0.70,-3.34,-0.70,-3.34,INF,-1,0,7,0
15000,1,1,-8.630,-37.077,-0.81,-3.46,-0.81,-3.46,INF,-1,0,7,0
