"EyeTracker Toolbox version","3.250"
CalibrationParameters_A11,1.08195
CalibrationParameters_A12,0.09513
CalibrationParameters_A13,0.00604
CalibrationParameters_A21,0.07832
CalibrationParameters_A22,-1.12514
CalibrationParameters_A23,0.03560
CalibrationParameters_A31,0.00034
CalibrationParameters_A32,-0.00703
CalibrationParameters_E11,-0.17975
CalibrationParameters_E12,-0.00030
CalibrationParameters_E21,0.00011
CalibrationParameters_E22,0.19979
CalibrationParameters_X,-10.23336
CalibrationParameters_Y,-44.44646
CalibrationParameters_Rpc,70.96640
CalibrationParameters_MeanX,144.95404
CalibrationParameters_MeanY,76.45121
CalibrationParameters_ViewDist,613.00000
TimeStamp,Tracked,Calibrated,ScreenPositionXmm,ScreenPositionYmm,FicksLongitude,FicksLatitude,HelmholtzAzimuth,HelmholtzElevation,PupilDiameter,Region,Fixation,DigitalIO,Dropped
0,0,1,0.000,0.000,0.00,0.00,0.00,0.00,0.00,-1,0,7,0
20,1,1,2.238,2.315,0.21,0.22,0.21,0.22,INF,-1,0,7,0
40,1,1,3.662,3.280,0.34,0.31,0.34,0.31,INF,-1,0,7,0
60,1,1,3.477,3.032,0.32,0.28,0.32,0.28,INF,-1,0,7,0
80,0,1,0.000,0.000,0.00,0.00,0.00,0.00,0.00,-1,0,7,0
100,1,1,-25.621,0.545,-2.39,0.05,-2.39,0.05,INF,-1,0,7,0
120,0,1,0.000,0.000,0.00,0.00,0.00,0.00,0.00,-1,0,7,0
140,1,1,-22.473,-0.452,-2.10,-0.04,-2.10,-0.04,INF,-1,0,7,0
160,1,1,-22.789,0.196,-2.13,0.02,-2.13,0.02,INF,-1,0,7,0
180,1,1,-23.144,0.071,-2.16,0.01,-2.16,0.01,INF,-1,0,7,0
200,1,1,-24.009,-0.101,-2.24,-0.01,-2.24,-0.01,INF,-1,0,7,0
220,1,1,-24.158,0.209,-2.26,0.02,-2.26,0.02,INF,-1,0,7,0
240,1,1,-23.271,0.913,-2.17,0.09,-2.17,0.09,INF,-1,0,7,0
260,1,1,-23.866,1.317,-2.23,0.12,-2.23,0.12,INF,-1,0,7,0
280,1,1,-23.944,2.519,-2.24,0.24,-2.24,0.24,INF,-1,0,7,0
300,1,1,-9.599,0.265,-0.90,0.02,-0.90,0.02,INF,-1,0,7,0
320,1,1,-10.821,-0.694,-1.01,-0.06,-1.01,-0.06,INF,-1,0,7,0
340,1,1,-10.283,0.280,-0.96,0.03,-0.96,0.03,INF,-1,0,7,0
360,1,1,-11.394,2.021,-1.06,0.19,-1.06,0.19,INF,-1,0,7,0
380,1,1,-10.791,0.925,-1.01,0.09,-1.01,0.09,INF,-1,1,7,0
400,1,1,-10.927,1.220,-1.02,0.11,-1.02,0.11,INF,-1,1,7,0
420,1,1,-10.764,1.343,-1.01,0.13,-1.01,0.13,INF,-1,1,7,0
440,1,1,-10.577,0.498,-0.99,0.05,-0.99,0.05,INF,-1,1,7,0
460,1,1,-9.191,-0.617,-0.86,-0.06,-0.86,-0.06,INF,-1,1,7,0
480,1,1,-6.173,1.733,-0.58,0.16,-0.58,0.16,INF,-1,1,7,0
500,1,1,-6.349,1.642,-0.59,0.15,-0.59,0.15,INF,-1,1,7,0
520,1,1,-5.503,2.168,-0.51,0.20,-0.51,0.20,INF,-1,0,7,0
540,1,1,-4.380,0.888,-0.41,0.08,-0.41,0.08,INF,-1,0,7,0
560,1,1,-5.329,3.309,-0.50,0.31,-0.50,0.31,INF,-1,0,7,0
580,1,1,-5.628,3.744,-0.53,0.35,-0.53,0.35,INF,-1,0,7,0
600,1,1,-5.528,1.577,-0.52,0.15,-0.52,0.15,INF,-1,0,7,0
620,1,1,-5.036,1.971,-0.47,0.18,-0.47,0.18,INF,-1,0,7,0
640,1,1,-5.554,1.980,-0.52,0.19,-0.52,0.19,INF,-1,0,7,0
660,1,1,-5.214,2.388,-0.49,0.22,-0.49,0.22,INF,-1,0,7,0
680,1,1,-5.091,3.108,-0.48,0.29,-0.48,0.29,INF,-1,0,7,0
700,1,1,-4.915,0.780,-0.46,0.07,-0.46,0.07,INF,-1,0,7,0
720,1,1,-4.421,1.849,-0.41,0.17,-0.41,0.17,INF,-1,0,7,0
740,1,1,-3.580,3.323,-0.33,0.31,-0.33,0.31,INF,-1,0,7,0
760,1,1,-3.924,2.525,-0.37,0.24,-0.37,0.24,INF,-1,1,7,0
780,1,1,-4.573,3.097,-0.43,0.29,-0.43,0.29,INF,-1,1,7,0
800,1,1,-3.361,3.510,-0.31,0.33,-0.31,0.33,INF,-1,1,7,0
820,1,1,-3.702,2.640,-0.35,0.25,-0.35,0.25,INF,-1,1,7,0
840,1,1,-4.426,2.316,-0.41,0.22,-0.41,0.22,INF,-1,1,7,0
860,1,1,-4.011,2.966,-0.37,0.28,-0.37,0.28,INF,-1,1,7,0
880,1,1,-4.225,2.826,-0.39,0.26,-0.39,0.26,INF,-1,1,7,0
900,1,1,-4.356,1.781,-0.41,0.17,-0.41,0.17,INF,-1,1,7,0
920,1,1,0.044,6.024,0.00,0.56,0.00,0.56,INF,-1,1,7,0
940,1,1,-1.450,4.359,-0.14,0.41,-0.14,0.41,INF,-1,1,7,0
960,1,1,-1.042,3.898,-0.10,0.36,-0.10,0.36,INF,-1,1,7,0
980,1,1,-0.938,4.106,-0.09,0.38,-0.09,0.38,INF,-1,1,7,0
1000,1,1,-0.816,4.014,-0.08,0.38,-0.08,0.38,INF,-1,1,7,0
1020,1,1,0.037,3.803,0.00,0.36,0.00,0.36,INF,-1,1,7,0
1040,1,1,0.430,3.785,0.04,0.35,0.04,0.35,INF,-1,1,7,0
1060,1,1,-0.014,4.982,0.00,0.47,0.00,0.47,INF,-1,1,7,0
1080,1,1,0.332,6.137,0.03,0.57,0.03,0.57,INF,-1,1,7,0
1100,1,1,0.376,4.138,0.04,0.39,0.04,0.39,INF,-1,1,7,0
1120,1,1,-0.262,4.918,-0.02,0.46,-0.02,0.46,INF,-1,1,7,0
1140,1,1,-1.223,4.460,-0.11,0.42,-0.11,0.42,INF,-1,1,7,0
1160,1,1,-0.100,2.970,-0.01,0.28,-0.01,0.28,INF,-1,1,7,0
1180,1,1,-1.204,1.376,-0.11,0.13,-0.11,0.13,INF,-1,1,7,0
1200,1,1,-0.061,4.943,-0.01,0.46,-0.01,0.46,INF,-1,1,7,0
1220,1,1,-0.729,3.631,-0.07,0.34,-0.07,0.34,INF,-1,1,7,0
1240,1,1,-3.004,6.253,-0.28,0.58,-0.28,0.58,INF,-1,1,7,0
1260,1,1,-2.863,3.922,-0.27,0.37,-0.27,0.37,INF,-1,1,7,0
1280,1,1,-2.797,4.562,-0.26,0.43,-0.26,0.43,INF,-1,1,7,0
1300,1,1,-3.142,5.358,-0.29,0.50,-0.29,0.50,INF,-1,1,7,0
1320,1,1,-2.564,4.524,-0.24,0.42,-0.24,0.42,INF,-1,1,7,0
1340,1,1,-3.142,5.100,-0.29,0.48,-0.29,0.48,INF,-1,1,7,0
1360,1,1,-1.827,5.144,-0.17,0.48,-0.17,0.48,INF,-1,1,7,0
1380,1,1,-2.039,5.619,-0.19,0.53,-0.19,0.53,INF,-1,1,7,0
1400,1,1,-2.711,4.207,-0.25,0.39,-0.25,0.39,INF,-1,1,7,0
1420,1,1,-2.101,6.464,-0.20,0.60,-0.20,0.60,INF,-1,1,7,0
1440,1,1,-2.196,5.217,-0.21,0.49,-0.21,0.49,INF,-1,1,7,0
1460,1,1,-2.745,4.426,-0.26,0.41,-0.26,0.41,INF,-1,1,7,0
1480,1,1,-1.892,4.385,-0.18,0.41,-0.18,0.41,INF,-1,1,7,0
1500,1,1,-2.729,3.766,-0.26,0.35,-0.26,0.35,INF,-1,1,7,0
1520,1,1,-3.252,4.497,-0.30,0.42,-0.30,0.42,INF,-1,1,7,0
1540,1,1,-2.880,3.476,-0.27,0.32,-0.27,0.32,INF,-1,1,7,0
1560,1,1,-2.159,2.654,-0.20,0.25,-0.20,0.25,INF,-1,1,7,0
1580,1,1,-2.818,4.193,-0.26,0.39,-0.26,0.39,INF,-1,1,7,0
1600,1,1,-2.861,3.273,-0.27,0.31,-0.27,0.31,INF,-1,1,7,0
1620,1,1,-2.527,3.206,-0.24,0.30,-0.24,0.30,INF,-1,1,7,0
1640,1,1,-2.018,3.991,-0.19,0.37,-0.19,0.37,INF,-1,1,7,0
1660,1,1,-42.055,-15.764,-3.92,-1.47,-3.92,-1.47,INF,-1,1,7,0
1680,1,1,-29.256,-11.998,-2.73,-1.12,-2.73,-1.12,INF,-1,1,7,0
1700,1,1,-29.751,-12.817,-2.78,-1.20,-2.78,-1.20,INF,-1,0,7,0
1720,1,1,-30.739,-12.760,-2.87,-1.19,-2.87,-1.19,INF,-1,0,7,0
1740,1,1,-30.460,-13.425,-2.84,-1.25,-2.84,-1.25,INF,-1,0,7,0
1760,1,1,-30.824,-14.129,-2.88,-1.32,-2.88,-1.32,INF,-1,0,7,0
1780,1,1,-30.235,-14.706,-2.82,-1.37,-2.82,-1.37,INF,-1,0,7,0
1800,1,1,-31.845,-14.504,-2.97,-1.35,-2.97,-1.36,INF,-1,0,7,0
1820,1,1,-29.891,-13.235,-2.79,-1.24,-2.79,-1.24,INF,-1,0,7,0
1840,1,1,-30.279,-13.470,-2.83,-1.26,-2.83,-1.26,INF,-1,0,7,0
1860,1,1,-29.694,-14.480,-2.77,-1.35,-2.77,-1.35,INF,-1,0,7,0
1880,1,1,-24.926,-12.953,-2.33,-1.21,-2.33,-1.21,INF,-1,0,7,0
1900,1,1,-26.327,-14.581,-2.46,-1.36,-2.46,-1.36,INF,-1,0,7,0
1920,1,1,-26.701,-13.290,-2.49,-1.24,-2.49,-1.24,INF,-1,0,7,0
1940,1,1,-25.927,-13.881,-2.42,-1.30,-2.42,-1.30,INF,-1,0,7,0
1960,1,1,-26.749,-13.278,-2.50,-1.24,-2.50,-1.24,INF,-1,1,7,0
1980,1,1,-26.538,-13.092,-2.48,-1.22,-2.48,-1.22,INF,-1,1,7,0
2000,1,1,-26.435,-14.748,-2.47,-1.38,-2.47,-1.38,INF,-1,1,7,0
2020,1,1,-26.514,-15.589,-2.48,-1.46,-2.48,-1.46,INF,-1,1,7,0
2040,1,1,-25.966,-15.448,-2.43,-1.44,-2.42,-1.44,INF,-1,1,7,0
2060,1,1,-23.739,-14.573,-2.22,-1.36,-2.22,-1.36,INF,-1,1,7,0
2080,1,1,-24.288,-14.991,-2.27,-1.40,-2.27,-1.40,INF,-1,1,7,0
2100,1,1,-24.167,-13.918,-2.26,-1.30,-2.26,-1.30,INF,-1,1,7,0
2120,1,1,-24.323,-14.095,-2.27,-1.32,-2.27,-1.32,INF,-1,1,7,0
2140,1,1,-24.254,-13.712,-2.27,-1.28,-2.27,-1.28,INF,-1,1,7,0
2160,1,1,-23.952,-13.459,-2.24,-1.26,-2.24,-1.26,INF,-1,1,7,0
2180,1,1,-26.057,-14.750,-2.43,-1.38,-2.43,-1.38,INF,-1,1,7,0
2200,1,1,10.509,9.802,0.98,0.92,0.98,0.92,INF,-1,1,7,0
2220,1,1,2.541,3.380,0.24,0.32,0.24,0.32,INF,-1,1,7,0
2240,1,1,5.091,4.629,0.48,0.43,0.48,0.43,INF,-1,0,7,0
2260,1,1,3.565,2.869,0.33,0.27,0.33,0.27,INF,-1,0,7,0
2280,1,1,4.768,3.204,0.45,0.30,0.45,0.30,INF,-1,0,7,0
2300,1,1,4.628,3.092,0.43,0.29,0.43,0.29,INF,-1,0,7,0
2320,1,1,4.765,4.213,0.45,0.39,0.45,0.39,INF,-1,0,7,0
2340,1,1,5.232,2.793,0.49,0.26,0.49,0.26,INF,-1,0,7,0
2360,1,1,3.916,2.568,0.37,0.24,0.37,0.24,INF,-1,0,7,0
2380,1,1,4.623,3.415,0.43,0.32,0.43,0.32,INF,-1,0,7,0
2400,1,1,5.361,3.232,0.50,0.30,0.50,0.30,INF,-1,0,7,0
2420,1,1,5.144,3.508,0.48,0.33,0.48,0.33,INF,-1,0,7,0
2440,1,1,4.538,3.785,0.42,0.35,0.42,0.35,INF,-1,0,7,0
2460,1,1,5.124,3.173,0.48,0.30,0.48,0.30,INF,-1,0,7,0
2480,0,1,0.000,0.000,0.00,0.00,0.00,0.00,0.00,-1,1,7,0
2500,1,1,45.936,15.290,4.29,1.42,4.28,1.43,INF,-1,1,7,0
2520,1,1,47.444,17.413,4.43,1.62,4.42,1.63,INF,-1,1,7,0
2540,1,1,47.974,17.436,4.47,1.62,4.47,1.63,INF,-1,1,7,0
2560,1,1,47.318,14.405,4.41,1.34,4.41,1.35,INF,-1,0,7,0
2580,1,1,46.957,15.845,4.38,1.48,4.38,1.48,INF,-1,0,7,0
2600,1,1,46.490,16.085,4.34,1.50,4.34,1.50,INF,-1,0,7,0
2620,1,1,46.895,19.301,4.37,1.80,4.37,1.80,INF,-1,0,7,0
2640,1,1,45.241,16.575,4.22,1.54,4.22,1.55,INF,-1,0,7,0
2660,1,1,46.455,16.815,4.33,1.57,4.33,1.57,INF,-1,0,7,0
2680,1,1,41.718,20.518,3.89,1.91,3.89,1.92,INF,-1,0,7,0
2700,1,1,41.640,18.182,3.89,1.70,3.88,1.70,INF,-1,0,7,0
2720,1,1,41.536,17.679,3.88,1.65,3.87,1.65,INF,-1,0,7,0
2740,1,1,41.719,18.459,3.89,1.72,3.89,1.72,INF,-1,0,7,0
2760,1,1,41.102,17.999,3.84,1.68,3.83,1.68,INF,-1,0,7,0
2780,1,1,41.001,18.744,3.83,1.75,3.82,1.75,INF,-1,1,7,0
2800,1,1,41.767,18.900,3.90,1.76,3.90,1.77,INF,-1,1,7,0
2820,1,1,39.889,17.483,3.72,1.63,3.72,1.63,INF,-1,1,7,0
2840,1,1,41.005,18.236,3.83,1.70,3.83,1.70,INF,-1,1,7,0
2860,1,1,41.628,19.943,3.88,1.86,3.88,1.86,INF,-1,1,7,0
2880,1,1,40.518,18.076,3.78,1.69,3.78,1.69,INF,-1,1,7,0
2900,1,1,41.166,17.849,3.84,1.66,3.84,1.67,INF,-1,1,7,0
2920,1,1,40.242,17.450,3.76,1.63,3.75,1.63,INF,-1,1,7,0
2940,1,1,40.654,18.262,3.79,1.70,3.79,1.71,INF,-1,1,7,0
2960,1,1,41.911,18.352,3.91,1.71,3.91,1.71,INF,-1,1,7,0
2980,1,1,40.537,18.403,3.78,1.72,3.78,1.72,INF,-1,1,7,0
3000,1,1,40.704,18.040,3.80,1.68,3.80,1.69,INF,-1,1,7,0
3020,1,1,40.666,17.842,3.80,1.66,3.79,1.67,INF,-1,1,7,0
3040,1,1,46.805,18.767,4.37,1.75,4.36,1.75,INF,-1,1,7,0
3060,1,1,46.024,20.741,4.29,1.93,4.29,1.94,INF,-1,1,7,0
3080,1,1,46.349,19.156,4.32,1.78,4.32,1.79,INF,-1,1,7,0
3100,1,1,46.071,19.279,4.30,1.80,4.30,1.80,INF,-1,1,7,0
3120,1,1,46.856,18.041,4.37,1.68,4.37,1.69,INF,-1,1,7,0
3140,1,1,46.392,17.852,4.33,1.66,4.33,1.67,INF,-1,1,7,0
3160,1,1,47.081,18.266,4.39,1.70,4.39,1.71,INF,-1,1,7,0
3180,1,1,45.679,17.623,4.26,1.64,4.26,1.65,INF,-1,1,7,0
3200,1,1,46.184,17.253,4.31,1.61,4.31,1.61,INF,-1,1,7,0
3220,1,1,46.776,17.763,4.36,1.66,4.36,1.66,INF,-1,1,7,0
3240,1,1,46.188,16.875,4.31,1.57,4.31,1.58,INF,-1,1,7,0
3260,1,1,48.336,17.798,4.51,1.66,4.51,1.66,INF,-1,1,7,0
3280,1,1,46.605,18.821,4.35,1.75,4.35,1.76,INF,-1,1,7,0
3300,1,1,46.359,18.404,4.32,1.71,4.32,1.72,INF,-1,1,7,0
3320,1,1,47.400,18.148,4.42,1.69,4.42,1.70,INF,-1,1,7,0
3340,1,1,45.986,18.078,4.29,1.68,4.29,1.69,INF,-1,1,7,0
3360,1,1,48.108,20.357,4.49,1.90,4.48,1.90,INF,-1,1,7,0
3380,1,1,40.493,16.641,3.78,1.55,3.78,1.56,INF,-1,1,7,0
3400,1,1,41.492,18.858,3.87,1.76,3.87,1.76,INF,-1,1,7,0
3420,1,1,39.137,18.288,3.65,1.71,3.65,1.71,INF,-1,1,7,0
3440,1,1,39.831,18.159,3.72,1.69,3.72,1.70,INF,-1,1,7,0
3460,1,1,39.125,19.189,3.65,1.79,3.65,1.79,INF,-1,1,7,0
3480,1,1,39.398,20.025,3.68,1.87,3.68,1.87,INF,-1,1,7,0
3500,1,1,39.561,18.450,3.69,1.72,3.69,1.72,INF,-1,1,7,0
3520,1,1,39.915,19.665,3.73,1.83,3.72,1.84,INF,-1,1,7,0
3540,1,1,39.329,17.778,3.67,1.66,3.67,1.66,INF,-1,1,7,0
3560,1,1,40.188,18.125,3.75,1.69,3.75,1.69,INF,-1,1,7,0
3580,1,1,39.715,18.694,3.71,1.74,3.71,1.75,INF,-1,1,7,0
3600,1,1,39.378,19.395,3.68,1.81,3.67,1.81,INF,-1,1,7,0
3620,1,1,42.586,21.812,3.97,2.03,3.97,2.04,INF,-1,1,7,0
3640,1,1,-8.555,1.752,-0.80,0.16,-0.80,0.16,INF,-1,1,7,0
3660,1,1,-0.943,3.082,-0.09,0.29,-0.09,0.29,INF,-1,1,7,0
3680,1,1,-3.469,2.690,-0.32,0.25,-0.32,0.25,INF,-1,0,7,0
3700,1,1,-3.689,2.111,-0.34,0.20,-0.34,0.20,INF,-1,0,7,0
3720,1,1,-4.832,0.418,-0.45,0.04,-0.45,0.04,INF,-1,0,7,0
3740,1,1,-3.708,1.333,-0.35,0.12,-0.35,0.12,INF,-1,0,7,0
3760,1,1,-4.336,2.315,-0.41,0.22,-0.41,0.22,INF,-1,0,7,0
3780,1,1,-3.840,1.646,-0.36,0.15,-0.36,0.15,INF,-1,0,7,0
3800,1,1,-4.539,0.870,-0.42,0.08,-0.42,0.08,INF,-1,0,7,0
3820,1,1,-4.646,3.080,-0.43,0.29,-0.43,0.29,INF,-1,0,7,0
3840,1,1,-3.041,0.760,-0.28,0.07,-0.28,0.07,INF,-1,0,7,0
3860,1,1,-3.225,2.196,-0.30,0.21,-0.30,0.21,INF,-1,0,7,0
3880,1,1,-3.062,2.352,-0.29,0.22,-0.29,0.22,INF,-1,0,7,0
3900,1,1,-1.149,3.392,-0.11,0.32,-0.11,0.32,INF,-1,0,7,0
3920,1,1,1.298,7.234,0.12,0.68,0.12,0.68,INF,-1,1,7,0
3940,1,1,1.207,5.140,0.11,0.48,0.11,0.48,INF,-1,1,7,0
3960,1,1,1.598,4.126,0.15,0.39,0.15,0.39,INF,-1,1,7,0
3980,1,1,1.435,1.783,0.13,0.17,0.13,0.17,INF,-1,1,7,0
4000,1,1,1.512,5.698,0.14,0.53,0.14,0.53,INF,-1,1,7,0
4020,1,1,0.832,4.317,0.08,0.40,0.08,0.40,INF,-1,1,7,0
4040,1,1,0.490,3.481,0.05,0.33,0.05,0.33,INF,-1,1,7,0
4060,1,1,1.112,4.887,0.10,0.46,0.10,0.46,INF,-1,1,7,0
4080,1,1,-0.518,5.020,-0.05,0.47,-0.05,0.47,INF,-1,1,7,0
4100,1,1,1.983,4.627,0.19,0.43,0.19,0.43,INF,-1,1,7,0
4120,1,1,0.552,3.482,0.05,0.33,0.05,0.33,INF,-1,1,7,0
4140,1,1,2.102,4.515,0.20,0.42,0.20,0.42,INF,-1,1,7,0
4160,1,1,0.793,3.995,0.07,0.37,0.07,0.37,INF,-1,1,7,0
4180,1,1,-5.516,6.012,-0.52,0.56,-0.52,0.56,INF,-1,1,7,0
4200,1,1,-4.078,4.371,-0.38,0.41,-0.38,0.41,INF,-1,1,7,0
4220,1,1,-5.052,4.171,-0.47,0.39,-0.47,0.39,INF,-1,1,7,0
4240,1,1,-4.444,4.880,-0.42,0.46,-0.42,0.46,INF,-1,1,7,0
4260,1,1,-4.690,4.829,-0.44,0.45,-0.44,0.45,INF,-1,1,7,0
4280,1,1,-3.260,3.629,-0.30,0.34,-0.30,0.34,INF,-1,1,7,0
4300,1,1,-2.921,4.982,-0.27,0.47,-0.27,0.47,INF,-1,1,7,0
4320,1,1,-4.354,6.368,-0.41,0.60,-0.41,0.60,INF,-1,1,7,0
4340,1,1,-3.095,4.437,-0.29,0.41,-0.29,0.41,INF,-1,1,7,0
4360,1,1,-3.837,2.904,-0.36,0.27,-0.36,0.27,INF,-1,1,7,0
4380,1,1,-4.382,2.807,-0.41,0.26,-0.41,0.26,INF,-1,1,7,0
4400,1,1,-4.467,4.046,-0.42,0.38,-0.42,0.38,INF,-1,1,7,0
4420,1,1,-4.839,4.849,-0.45,0.45,-0.45,0.45,INF,-1,1,7,0
4440,1,1,-5.254,3.268,-0.49,0.31,-0.49,0.31,INF,-1,1,7,0
4460,1,1,-4.264,1.238,-0.40,0.12,-0.40,0.12,INF,-1,1,7,0
4480,1,1,-4.893,4.740,-0.46,0.44,-0.46,0.44,INF,-1,1,7,0
4500,1,1,-5.146,3.136,-0.48,0.29,-0.48,0.29,INF,-1,1,7,0
4520,1,1,0.806,5.859,0.08,0.55,0.08,0.55,INF,-1,1,7,0
4540,1,1,-0.887,4.575,-0.08,0.43,-0.08,0.43,INF,-1,1,7,0
4560,1,1,-0.320,3.410,-0.03,0.32,-0.03,0.32,INF,-1,1,7,0
4580,1,1,-1.203,4.898,-0.11,0.46,-0.11,0.46,INF,-1,1,7,0
4600,1,1,0.053,4.263,0.00,0.40,0.00,0.40,INF,-1,1,7,0
4620,1,1,0.355,3.831,0.03,0.36,0.03,0.36,INF,-1,1,7,0
4640,1,1,0.844,3.763,0.08,0.35,0.08,0.35,INF,-1,1,7,0
4660,1,1,1.170,4.364,0.11,0.41,0.11,0.41,INF,-1,1,7,0
4680,1,1,0.923,5.733,0.09,0.54,0.09,0.54,INF,-1,1,7,0
4700,1,1,-0.485,3.464,-0.05,0.32,-0.05,0.32,INF,-1,1,7,0
4720,1,1,-0.718,3.701,-0.07,0.35,-0.07,0.35,INF,-1,1,7,0
4740,1,1,1.329,3.783,0.12,0.35,0.12,0.35,INF,-1,1,7,0
4760,1,1,1.456,2.516,0.14,0.24,0.14,0.24,INF,-1,1,7,0
4780,1,1,-0.432,3.229,-0.04,0.30,-0.04,0.30,INF,-1,1,7,0
4800,1,1,1.214,3.251,0.11,0.30,0.11,0.30,INF,-1,1,7,0
4820,1,1,-23.990,-7.651,-2.24,-0.71,-2.24,-0.72,INF,-1,1,7,0
4840,1,1,-26.784,-10.574,-2.50,-0.99,-2.50,-0.99,INF,-1,1,7,0
4860,1,1,-28.068,-11.167,-2.62,-1.04,-2.62,-1.04,INF,-1,0,7,0
4880,1,1,-28.296,-11.085,-2.64,-1.03,-2.64,-1.04,INF,-1,0,7,0
4900,1,1,-27.640,-11.180,-2.58,-1.04,-2.58,-1.04,INF,-1,0,7,0
4920,1,1,-30.230,-11.674,-2.82,-1.09,-2.82,-1.09,INF,-1,0,7,0
4940,1,1,-29.002,-12.088,-2.71,-1.13,-2.71,-1.13,INF,-1,0,7,0
4960,1,1,-28.647,-12.089,-2.68,-1.13,-2.68,-1.13,INF,-1,0,7,0
4980,1,1,-27.500,-12.094,-2.57,-1.13,-2.57,-1.13,INF,-1,0,7,0
5000,1,1,-29.185,-12.299,-2.73,-1.15,-2.73,-1.15,INF,-1,0,7,0
5020,1,1,-29.083,-10.542,-2.72,-0.98,-2.72,-0.99,INF,-1,0,7,0
5040,1,1,-28.788,-11.759,-2.69,-1.10,-2.69,-1.10,INF,-1,0,7,0
5060,1,1,-29.830,-12.137,-2.79,-1.13,-2.79,-1.13,INF,-1,0,7,0
5080,1,1,-32.758,-13.043,-3.06,-1.22,-3.06,-1.22,INF,-1,0,7,0
5100,1,1,-33.281,-12.087,-3.11,-1.13,-3.11,-1.13,INF,-1,1,7,0
5120,1,1,-32.122,-11.351,-3.00,-1.06,-3.00,-1.06,INF,-1,1,7,0
5140,1,1,-31.439,-14.083,-2.94,-1.31,-2.94,-1.32,INF,-1,1,7,0
5160,1,1,-31.554,-12.712,-2.95,-1.19,-2.95,-1.19,INF,-1,1,7,0
5180,1,1,-32.503,-12.432,-3.04,-1.16,-3.03,-1.16,INF,-1,1,7,0
5200,1,1,-33.573,-13.313,-3.13,-1.24,-3.13,-1.24,INF,-1,1,7,0
5220,1,1,-32.678,-12.975,-3.05,-1.21,-3.05,-1.21,INF,-1,1,7,0
5240,1,1,-33.109,-13.383,-3.09,-1.25,-3.09,-1.25,INF,-1,1,7,0
5260,1,1,-33.096,-13.645,-3.09,-1.27,-3.09,-1.28,INF,-1,1,7,0
5280,1,1,-34.164,-12.590,-3.19,-1.17,-3.19,-1.18,INF,-1,1,7,0
5300,1,1,-33.302,-13.562,-3.11,-1.27,-3.11,-1.27,INF,-1,1,7,0
5320,1,1,-33.536,-13.026,-3.13,-1.22,-3.13,-1.22,INF,-1,1,7,0
5340,1,1,-33.303,-11.874,-3.11,-1.11,-3.11,-1.11,INF,-1,1,7,0
5360,1,1,-33.659,-12.827,-3.14,-1.20,-3.14,-1.20,INF,-1,1,7,0
5380,1,1,7.234,0.691,0.68,0.06,0.68,0.06,INF,-1,1,7,0
5400,1,1,-0.945,0.791,-0.09,0.07,-0.09,0.07,INF,-1,1,7,0
5420,1,1,1.026,1.624,0.10,0.15,0.10,0.15,INF,-1,0,7,0
5440,1,1,1.172,0.392,0.11,0.04,0.11,0.04,INF,-1,0,7,0
5460,1,1,1.216,0.796,0.11,0.07,0.11,0.07,INF,-1,0,7,0
5480,1,1,1.017,-0.045,0.10,0.00,0.10,0.00,INF,-1,0,7,0
5500,1,1,0.971,1.022,0.09,0.10,0.09,0.10,INF,-1,0,7,0
5520,1,1,1.168,1.250,0.11,0.12,0.11,0.12,INF,-1,0,7,0
5540,1,1,0.848,1.800,0.08,0.17,0.08,0.17,INF,-1,0,7,0
5560,1,1,0.375,1.004,0.04,0.09,0.04,0.09,INF,-1,0,7,0
5580,1,1,0.294,-0.988,0.03,-0.09,0.03,-0.09,INF,-1,0,7,0
5600,1,1,1.723,1.473,0.16,0.14,0.16,0.14,INF,-1,0,7,0
5620,1,1,0.729,1.040,0.07,0.10,0.07,0.10,INF,-1,0,7,0
5640,1,1,0.807,-1.541,0.08,-0.14,0.08,-0.14,INF,-1,0,7,0
5660,1,1,-3.868,1.968,-0.36,0.18,-0.36,0.18,INF,-1,1,7,0
5680,1,1,-3.487,2.179,-0.33,0.20,-0.33,0.20,INF,-1,1,7,0
5700,1,1,-4.309,3.421,-0.40,0.32,-0.40,0.32,INF,-1,1,7,0
5720,1,1,-4.579,3.795,-0.43,0.35,-0.43,0.35,INF,-1,1,7,0
5740,1,1,-4.482,2.403,-0.42,0.22,-0.42,0.22,INF,-1,1,7,0
5760,1,1,-5.218,1.303,-0.49,0.12,-0.49,0.12,INF,-1,1,7,0
5780,1,1,-6.248,1.968,-0.58,0.18,-0.58,0.18,INF,-1,1,7,0
5800,1,1,-5.551,4.131,-0.52,0.39,-0.52,0.39,INF,-1,1,7,0
5820,1,1,-5.453,2.966,-0.51,0.28,-0.51,0.28,INF,-1,1,7,0
5840,1,1,-5.237,2.758,-0.49,0.26,-0.49,0.26,INF,-1,1,7,0
5860,1,1,-5.043,4.108,-0.47,0.38,-0.47,0.38,INF,-1,1,7,0
5880,1,1,-6.168,3.106,-0.58,0.29,-0.58,0.29,INF,-1,1,7,0
5900,1,1,-5.132,4.080,-0.48,0.38,-0.48,0.38,INF,-1,1,7,0
5920,1,1,-5.759,2.970,-0.54,0.28,-0.54,0.28,INF,-1,1,7,0
5940,1,1,-5.957,1.153,-0.56,0.11,-0.56,0.11,INF,-1,1,7,0
5960,1,1,-6.410,2.640,-0.60,0.25,-0.60,0.25,INF,-1,1,7,0
5980,1,1,-6.214,3.783,-0.58,0.35,-0.58,0.35,INF,-1,1,7,0
6000,1,1,-7.241,2.391,-0.68,0.22,-0.68,0.22,INF,-1,1,7,0
6020,1,1,-6.309,3.115,-0.59,0.29,-0.59,0.29,INF,-1,1,7,0
6040,1,1,-4.046,4.749,-0.38,0.44,-0.38,0.44,INF,-1,1,7,0
6060,1,1,-1.983,4.193,-0.19,0.39,-0.19,0.39,INF,-1,1,7,0
6080,1,1,-2.292,3.048,-0.21,0.28,-0.21,0.28,INF,-1,1,7,0
6100,1,1,-4.585,3.682,-0.43,0.34,-0.43,0.34,INF,-1,1,7,0
6120,1,1,-3.156,3.726,-0.29,0.35,-0.29,0.35,INF,-1,1,7,0
6140,1,1,-3.506,3.649,-0.33,0.34,-0.33,0.34,INF,-1,1,7,0
6160,1,1,-3.607,2.989,-0.34,0.28,-0.34,0.28,INF,-1,1,7,0
6180,1,1,-3.016,3.642,-0.28,0.34,-0.28,0.34,INF,-1,1,7,0
6200,1,1,-1.797,4.363,-0.17,0.41,-0.17,0.41,INF,-1,1,7,0
6220,1,1,-2.886,4.251,-0.27,0.40,-0.27,0.40,INF,-1,1,7,0
6240,1,1,-3.351,4.884,-0.31,0.46,-0.31,0.46,INF,-1,1,7,0
6260,1,1,-1.072,4.301,-0.10,0.40,-0.10,0.40,INF,-1,1,7,0
6280,1,1,-3.618,3.995,-0.34,0.37,-0.34,0.37,INF,-1,1,7,0
6300,1,1,-3.032,2.411,-0.28,0.23,-0.28,0.23,INF,-1,1,7,0
6320,1,1,-3.584,3.923,-0.33,0.37,-0.33,0.37,INF,-1,1,7,0
6340,1,1,-3.182,4.415,-0.30,0.41,-0.30,0.41,INF,-1,1,7,0
6360,1,1,-3.558,3.013,-0.33,0.28,-0.33,0.28,INF,-1,1,7,0
6380,1,1,-3.219,3.321,-0.30,0.31,-0.30,0.31,INF,-1,1,7,0
6400,1,1,-2.623,5.262,-0.25,0.49,-0.25,0.49,INF,-1,1,7,0
6420,1,1,-3.472,4.094,-0.32,0.38,-0.32,0.38,INF,-1,1,7,0
6440,1,1,-3.416,2.173,-0.32,0.20,-0.32,0.20,INF,-1,1,7,0
6460,1,1,-2.591,2.817,-0.24,0.26,-0.24,0.26,INF,-1,1,7,0
6480,1,1,-2.503,2.635,-0.23,0.25,-0.23,0.25,INF,-1,1,7,0
6500,1,1,-3.332,1.846,-0.31,0.17,-0.31,0.17,INF,-1,1,7,0
6520,1,1,-2.416,3.158,-0.23,0.30,-0.23,0.30,INF,-1,1,7,0
6540,1,1,-2.272,4.395,-0.21,0.41,-0.21,0.41,INF,-1,1,7,0
6560,1,1,-3.134,3.927,-0.29,0.37,-0.29,0.37,INF,-1,1,7,0
6580,1,1,-3.131,3.293,-0.29,0.31,-0.29,0.31,INF,-1,1,7,0
6600,1,1,-19.953,-1.843,-1.86,-0.17,-1.86,-0.17,INF,-1,1,7,0
6620,1,1,-28.613,-11.076,-2.67,-1.03,-2.67,-1.04,INF,-1,1,7,0
6640,1,1,-27.827,-9.182,-2.60,-0.86,-2.60,-0.86,INF,-1,0,7,0
6660,1,1,-28.685,-12.626,-2.68,-1.18,-2.68,-1.18,INF,-1,0,7,0
6680,1,1,-28.671,-11.364,-2.68,-1.06,-2.68,-1.06,INF,-1,0,7,0
6700,1,1,-29.007,-10.166,-2.71,-0.95,-2.71,-0.95,INF,-1,0,7,0
6720,1,1,-28.822,-11.712,-2.69,-1.09,-2.69,-1.09,INF,-1,0,7,0
6740,1,1,-27.363,-11.908,-2.56,-1.11,-2.56,-1.11,INF,-1,0,7,0
6760,1,1,-28.522,-10.422,-2.66,-0.97,-2.66,-0.97,INF,-1,0,7,0
6780,1,1,-27.620,-11.773,-2.58,-1.10,-2.58,-1.10,INF,-1,0,7,0
6800,1,1,-28.186,-9.667,-2.63,-0.90,-2.63,-0.90,INF,-1,0,7,0
6820,1,1,-21.434,-12.151,-2.00,-1.13,-2.00,-1.14,INF,-1,0,7,0
6840,1,1,-22.727,-13.528,-2.12,-1.26,-2.12,-1.26,INF,-1,0,7,0
6860,1,1,-21.610,-10.988,-2.02,-1.03,-2.02,-1.03,INF,-1,0,7,0
6880,1,1,-21.132,-12.122,-1.97,-1.13,-1.97,-1.13,INF,-1,0,7,0
6900,1,1,-21.960,-10.074,-2.05,-0.94,-2.05,-0.94,INF,-1,1,7,0
6920,1,1,-23.542,-10.842,-2.20,-1.01,-2.20,-1.01,INF,-1,1,7,0
6940,1,1,-6.179,-8.617,-0.58,-0.81,-0.58,-0.81,INF,-1,1,7,0
6960,1,1,41.591,19.746,3.88,1.84,3.88,1.84,INF,-1,1,7,0
6980,1,1,34.466,17.915,3.22,1.67,3.22,1.67,INF,-1,0,7,0
7000,1,1,34.593,16.622,3.23,1.55,3.23,1.55,INF,-1,0,7,0
7020,1,1,34.293,18.578,3.20,1.73,3.20,1.74,INF,-1,0,7,0
7040,1,1,33.581,18.133,3.14,1.69,3.13,1.69,INF,-1,0,7,0
7060,1,1,33.363,16.799,3.12,1.57,3.11,1.57,INF,-1,0,7,0
7080,1,1,32.921,17.053,3.07,1.59,3.07,1.59,INF,-1,0,7,0
7100,1,1,34.194,18.566,3.19,1.73,3.19,1.73,INF,-1,0,7,0
7120,1,1,34.317,17.859,3.20,1.67,3.20,1.67,INF,-1,0,7,0
7140,1,1,34.481,18.186,3.22,1.70,3.22,1.70,INF,-1,0,7,0
7160,1,1,34.384,16.604,3.21,1.55,3.21,1.55,INF,-1,0,7,0
7180,1,1,33.455,16.931,3.12,1.58,3.12,1.58,INF,-1,0,7,0
7200,1,1,34.816,18.177,3.25,1.70,3.25,1.70,INF,-1,0,7,0
7220,1,1,34.491,17.154,3.22,1.60,3.22,1.60,INF,-1,0,7,0
7240,1,1,34.325,17.164,3.20,1.60,3.20,1.60,INF,-1,1,7,0
7260,1,1,34.984,16.672,3.27,1.56,3.27,1.56,INF,-1,1,7,0
7280,1,1,34.840,15.059,3.25,1.40,3.25,1.41,INF,-1,1,7,0
7300,1,1,45.625,16.874,4.26,1.57,4.26,1.58,INF,-1,1,7,0
7320,1,1,43.908,18.339,4.10,1.71,4.10,1.71,INF,-1,1,7,0
7340,1,1,44.354,20.686,4.14,1.93,4.14,1.93,INF,-1,1,7,0
7360,1,1,44.997,19.132,4.20,1.78,4.20,1.79,INF,-1,1,7,0
7380,1,1,44.642,18.231,4.17,1.70,4.16,1.70,INF,-1,0,7,0
7400,1,1,44.415,16.810,4.14,1.57,4.14,1.57,INF,-1,0,7,0
7420,1,1,44.559,18.720,4.16,1.74,4.16,1.75,INF,-1,0,7,0
7440,1,1,45.046,17.711,4.20,1.65,4.20,1.65,INF,-1,0,7,0
7460,1,1,45.313,16.528,4.23,1.54,4.23,1.54,INF,-1,0,7,0
7480,1,1,45.520,18.144,4.25,1.69,4.25,1.70,INF,-1,0,7,0
7500,1,1,44.987,17.600,4.20,1.64,4.20,1.64,INF,-1,0,7,0
7520,1,1,45.382,19.129,4.23,1.78,4.23,1.79,INF,-1,0,7,0
7540,1,1,43.831,16.058,4.09,1.50,4.09,1.50,INF,-1,0,7,0
7560,1,1,45.052,16.930,4.20,1.58,4.20,1.58,INF,-1,0,7,0
7580,1,1,42.761,18.322,3.99,1.71,3.99,1.71,INF,-1,0,7,0
7600,1,1,38.341,17.957,3.58,1.67,3.58,1.68,INF,-1,0,7,0
7620,1,1,39.607,12.919,3.70,1.20,3.70,1.21,INF,-1,1,7,0
7640,1,1,39.194,17.149,3.66,1.60,3.66,1.60,INF,-1,1,7,0
7660,1,1,38.772,16.813,3.62,1.57,3.62,1.57,INF,-1,1,7,0
7680,1,1,38.410,17.562,3.59,1.64,3.58,1.64,INF,-1,1,7,0
7700,1,1,38.792,15.617,3.62,1.46,3.62,1.46,INF,-1,1,7,0
7720,1,1,38.230,14.256,3.57,1.33,3.57,1.33,INF,-1,1,7,0
7740,1,1,37.614,17.185,3.51,1.60,3.51,1.61,INF,-1,1,7,0
7760,1,1,38.232,17.544,3.57,1.64,3.57,1.64,INF,-1,1,7,0
7780,1,1,37.712,15.102,3.52,1.41,3.52,1.41,INF,-1,1,7,0
7800,1,1,37.607,18.140,3.51,1.69,3.51,1.70,INF,-1,1,7,0
7820,1,1,37.106,16.920,3.46,1.58,3.46,1.58,INF,-1,1,7,0
7840,1,1,38.443,17.912,3.59,1.67,3.59,1.67,INF,-1,1,7,0
7860,1,1,37.861,18.543,3.53,1.73,3.53,1.73,INF,-1,1,7,0
7880,1,1,37.269,16.931,3.48,1.58,3.48,1.58,INF,-1,1,7,0
7900,1,1,37.125,15.167,3.47,1.41,3.46,1.42,INF,-1,1,7,0
7920,1,1,37.497,18.236,3.50,1.70,3.50,1.70,INF,-1,1,7,0
7940,1,1,37.905,17.441,3.54,1.63,3.54,1.63,INF,-1,1,7,0
7960,1,1,38.496,16.618,3.59,1.55,3.59,1.55,INF,-1,1,7,0
7980,1,1,36.690,19.430,3.43,1.81,3.42,1.82,INF,-1,1,7,0
8000,1,1,38.034,16.552,3.55,1.54,3.55,1.55,INF,-1,1,7,0
8020,1,1,37.178,17.667,3.47,1.65,3.47,1.65,INF,-1,1,7,0
8040,1,1,37.238,16.976,3.48,1.58,3.47,1.59,INF,-1,1,7,0
8060,1,1,41.697,18.524,3.89,1.73,3.89,1.73,INF,-1,1,7,0
8080,1,1,47.439,-3.142,4.43,-0.29,4.43,-0.29,INF,-1,1,7,0
8100,1,1,46.684,-5.057,4.36,-0.47,4.35,-0.47,INF,-1,1,7,0
8120,1,1,47.947,-3.028,4.47,-0.28,4.47,-0.28,INF,-1,0,7,0
8140,1,1,46.935,-3.220,4.38,-0.30,4.38,-0.30,INF,-1,0,7,0
8160,1,1,48.465,-4.145,4.52,-0.39,4.52,-0.39,INF,-1,0,7,0
8180,1,1,47.634,-3.911,4.44,-0.36,4.44,-0.37,INF,-1,0,7,0
8200,1,1,48.149,-3.526,4.49,-0.33,4.49,-0.33,INF,-1,0,7,0
8220,1,1,47.581,-5.052,4.44,-0.47,4.44,-0.47,INF,-1,0,7,0
8240,1,1,47.610,-4.364,4.44,-0.41,4.44,-0.41,INF,-1,0,7,0
8260,1,1,47.940,-2.802,4.47,-0.26,4.47,-0.26,INF,-1,0,7,0
8280,1,1,48.800,-5.556,4.55,-0.52,4.55,-0.52,INF,-1,0,7,0
8300,1,1,48.243,-6.234,4.50,-0.58,4.50,-0.58,INF,-1,0,7,0
8320,1,1,48.311,-3.886,4.51,-0.36,4.51,-0.36,INF,-1,0,7,0
8340,1,1,47.399,-4.531,4.42,-0.42,4.42,-0.42,INF,-1,0,7,0
8360,1,1,47.631,-4.984,4.44,-0.46,4.44,-0.47,INF,-1,1,7,0
8380,1,1,47.985,-5.145,4.48,-0.48,4.48,-0.48,INF,-1,1,7,0
8400,1,1,48.929,-4.539,4.56,-0.42,4.56,-0.42,INF,-1,1,7,0
8420,1,1,41.889,-13.507,3.91,-1.26,3.91,-1.26,INF,-1,1,7,0
8440,1,1,39.871,-15.305,3.72,-1.43,3.72,-1.43,INF,-1,1,7,0
8460,1,1,40.091,-14.362,3.74,-1.34,3.74,-1.34,INF,-1,0,7,0
8480,1,1,40.546,-15.321,3.78,-1.43,3.78,-1.43,INF,-1,0,7,0
8500,1,1,40.695,-14.386,3.80,-1.34,3.80,-1.34,INF,-1,0,7,0
8520,1,1,39.592,-15.857,3.70,-1.48,3.69,-1.48,INF,-1,0,7,0
8540,1,1,39.212,-14.642,3.66,-1.37,3.66,-1.37,INF,-1,0,7,0
8560,1,1,40.101,-16.467,3.74,-1.54,3.74,-1.54,INF,-1,0,7,0
8580,1,1,39.316,-15.997,3.67,-1.49,3.67,-1.49,INF,-1,0,7,0
8600,1,1,39.756,-16.017,3.71,-1.49,3.71,-1.50,INF,-1,0,7,0
8620,1,1,-1.230,-3.158,-0.11,-0.30,-0.11,-0.30,INF,-1,0,7,0
8640,1,1,-3.521,-5.339,-0.33,-0.50,-0.33,-0.50,INF,-1,0,7,0
8660,1,1,-0.728,-2.813,-0.07,-0.26,-0.07,-0.26,INF,-1,0,7,0
8680,1,1,-2.741,-5.465,-0.26,-0.51,-0.26,-0.51,INF,-1,0,7,0
8700,1,1,-2.870,-5.146,-0.27,-0.48,-0.27,-0.48,INF,-1,0,7,0
8720,1,1,-2.858,-6.662,-0.27,-0.62,-0.27,-0.62,INF,-1,0,7,0
8740,1,1,-2.421,-6.099,-0.23,-0.57,-0.23,-0.57,INF,-1,0,7,0
8760,1,1,-3.003,-4.456,-0.28,-0.42,-0.28,-0.42,INF,-1,0,7,0
8780,1,1,-3.282,-5.929,-0.31,-0.55,-0.31,-0.55,INF,-1,0,7,0
8800,1,1,-2.428,-5.336,-0.23,-0.50,-0.23,-0.50,INF,-1,0,7,0
8820,1,1,-2.728,-4.639,-0.25,-0.43,-0.25,-0.43,INF,-1,0,7,0
8840,1,1,-1.625,-6.558,-0.15,-0.61,-0.15,-0.61,INF,-1,0,7,0
8860,1,1,-2.089,-5.667,-0.20,-0.53,-0.20,-0.53,INF,-1,0,7,0
8880,1,1,-2.306,-7.166,-0.22,-0.67,-0.22,-0.67,INF,-1,0,7,0
8900,1,1,-3.562,-6.259,-0.33,-0.58,-0.33,-0.58,INF,-1,1,7,0
8920,1,1,-2.076,-6.492,-0.19,-0.61,-0.19,-0.61,INF,-1,1,7,0
8940,1,1,-2.799,-6.792,-0.26,-0.63,-0.26,-0.63,INF,-1,1,7,0
8960,1,1,-0.842,-3.360,-0.08,-0.31,-0.08,-0.31,INF,-1,1,7,0
8980,1,1,-42.522,-25.652,-3.97,-2.39,-3.96,-2.40,INF,-1,1,7,0
9000,1,1,-32.515,-20.964,-3.04,-1.96,-3.03,-1.96,INF,-1,1,7,0
9020,1,1,-32.860,-19.164,-3.07,-1.79,-3.07,-1.79,INF,-1,0,7,0
9040,1,1,-33.970,-20.061,-3.17,-1.87,-3.17,-1.87,INF,-1,0,7,0
9060,1,1,-33.785,-18.103,-3.15,-1.69,-3.15,-1.69,INF,-1,0,7,0
9080,1,1,-34.086,-20.225,-3.18,-1.89,-3.18,-1.89,INF,-1,0,7,0
9100,1,1,-33.073,-19.198,-3.09,-1.79,-3.09,-1.79,INF,-1,0,7,0
9120,1,1,-34.077,-20.217,-3.18,-1.89,-3.18,-1.89,INF,-1,0,7,0
9140,1,1,-32.660,-18.993,-3.05,-1.77,-3.05,-1.77,INF,-1,0,7,0
9160,1,1,-33.388,-20.000,-3.12,-1.87,-3.12,-1.87,INF,-1,0,7,0
9180,1,1,-34.443,-20.051,-3.22,-1.87,-3.21,-1.87,INF,-1,0,7,0
9200,1,1,-28.812,-16.076,-2.69,-1.50,-2.69,-1.50,INF,-1,0,7,0
9220,1,1,-31.578,-17.191,-2.95,-1.60,-2.95,-1.61,INF,-1,0,7,0
9240,1,1,-31.133,-13.361,-2.91,-1.25,-2.91,-1.25,INF,-1,0,7,0
9260,1,1,-30.954,-16.196,-2.89,-1.51,-2.89,-1.51,INF,-1,0,7,0
9280,1,1,-29.611,-16.342,-2.77,-1.53,-2.76,-1.53,INF,-1,1,7,0
9300,1,1,-30.907,-16.930,-2.89,-1.58,-2.89,-1.58,INF,-1,1,7,0
9320,1,1,-31.527,-16.827,-2.94,-1.57,-2.94,-1.57,INF,-1,1,7,0
9340,1,1,-30.022,-17.153,-2.80,-1.60,-2.80,-1.60,INF,-1,1,7,0
9360,1,1,-31.366,-17.038,-2.93,-1.59,-2.93,-1.59,INF,-1,1,7,0
9380,1,1,-31.565,-15.546,-2.95,-1.45,-2.95,-1.45,INF,-1,1,7,0
9400,1,1,-30.861,-19.134,-2.88,-1.79,-2.88,-1.79,INF,-1,1,7,0
9420,1,1,-32.804,-16.822,-3.06,-1.57,-3.06,-1.57,INF,-1,1,7,0
9440,1,1,-32.134,-17.668,-3.00,-1.65,-3.00,-1.65,INF,-1,1,7,0
9460,1,1,-32.103,-16.056,-3.00,-1.50,-3.00,-1.50,INF,-1,1,7,0
9480,1,1,-2.832,-36.372,-0.26,-3.40,-0.26,-3.40,INF,-1,1,7,0
9500,1,1,-7.621,-35.386,-0.71,-3.30,-0.71,-3.30,INF,-1,1,7,0
9520,1,1,-6.594,-35.429,-0.62,-3.31,-0.62,-3.31,INF,-1,0,7,0
9540,1,1,-5.483,-36.831,-0.51,-3.44,-0.51,-3.44,INF,-1,0,7,0
9560,1,1,-6.346,-36.595,-0.59,-3.42,-0.59,-3.42,INF,-1,0,7,0
9580,1,1,-6.712,-35.691,-0.63,-3.33,-0.63,-3.33,INF,-1,0,7,0
9600,1,1,-6.471,-35.409,-0.60,-3.31,-0.60,-3.31,INF,-1,0,7,0
9620,1,1,-6.484,-36.620,-0.61,-3.42,-0.60,-3.42,INF,-1,0,7,0
9640,1,1,-6.277,-36.967,-0.59,-3.45,-0.59,-3.45,INF,-1,0,7,0
9660,1,1,-5.181,-36.832,-0.48,-3.44,-0.48,-3.44,INF,-1,0,7,0
9680,1,1,-5.465,-37.337,-0.51,-3.49,-0.51,-3.49,INF,-1,0,7,0
9700,1,1,-5.371,-36.464,-0.50,-3.40,-0.50,-3.40,INF,-1,0,7,0
9720,1,1,-5.239,-37.136,-0.49,-3.47,-0.49,-3.47,INF,-1,0,7,0
9740,1,1,-4.947,-35.858,-0.46,-3.35,-0.46,-3.35,INF,-1,0,7,0
9760,1,1,-4.872,-37.109,-0.46,-3.46,-0.45,-3.46,INF,-1,1,7,0
9780,1,1,-4.907,-38.710,-0.46,-3.61,-0.46,-3.61,INF,-1,1,7,0
9800,1,1,2.128,-41.213,0.20,-3.85,0.20,-3.85,INF,-1,1,7,0
9820,1,1,0.306,-40.905,0.03,-3.82,0.03,-3.82,INF,-1,1,7,0
9840,1,1,0.885,-40.668,0.08,-3.80,0.08,-3.80,INF,-1,1,7,0
9860,1,1,1.592,-42.006,0.15,-3.92,0.15,-3.92,INF,-1,1,7,0
9880,1,1,1.783,-40.724,0.17,-3.80,0.17,-3.80,INF,-1,1,7,0
9900,1,1,2.111,-39.120,0.20,-3.65,0.20,-3.65,INF,-1,1,7,0
9920,1,1,2.469,-40.168,0.23,-3.75,0.23,-3.75,INF,-1,1,7,0
9940,1,1,1.263,-42.022,0.12,-3.92,0.12,-3.92,INF,-1,1,7,0
9960,1,1,1.809,-41.190,0.17,-3.84,0.17,-3.84,INF,-1,1,7,0
9980,1,1,1.965,-41.131,0.18,-3.84,0.18,-3.84,INF,-1,1,7,0
10000,1,1,1.125,-41.799,0.11,-3.90,0.10,-3.90,INF,-1,1,7,0
10020,1,1,1.586,-42.211,0.15,-3.94,0.15,-3.94,INF,-1,1,7,0
10040,1,1,1.062,-42.156,0.10,-3.93,0.10,-3.93,INF,-1,1,7,0
10060,1,1,0.933,-41.501,0.09,-3.87,0.09,-3.87,INF,-1,1,7,0
10080,1,1,5.009,-39.333,0.47,-3.67,0.47,-3.67,INF,-1,1,7,0
10100,1,1,4.002,-39.643,0.37,-3.70,0.37,-3.70,INF,-1,1,7,0
10120,1,1,4.545,-39.498,0.42,-3.69,0.42,-3.69,INF,-1,0,7,0
10140,1,1,4.166,-40.207,0.39,-3.75,0.39,-3.75,INF,-1,0,7,0
10160,1,1,4.308,-39.489,0.40,-3.69,0.40,-3.69,INF,-1,0,7,0
10180,1,1,4.035,-40.367,0.38,-3.77,0.38,-3.77,INF,-1,0,7,0
10200,1,1,5.037,-41.297,0.47,-3.85,0.47,-3.85,INF,-1,0,7,0
10220,1,1,5.289,-39.031,0.49,-3.64,0.49,-3.64,INF,-1,0,7,0
10240,1,1,5.084,-37.087,0.48,-3.46,0.47,-3.46,INF,-1,0,7,0
10260,1,1,6.939,-24.051,0.65,-2.25,0.65,-2.25,INF,-1,0,7,0
10280,1,1,7.176,-24.086,0.67,-2.25,0.67,-2.25,INF,-1,0,7,0
10300,1,1,7.785,-23.394,0.73,-2.19,0.73,-2.19,INF,-1,0,7,0
10320,1,1,6.787,-22.042,0.63,-2.06,0.63,-2.06,INF,-1,0,7,0
10340,1,1,6.243,-22.573,0.58,-2.11,0.58,-2.11,INF,-1,0,7,0
10360,1,1,5.054,-22.515,0.47,-2.10,0.47,-2.10,INF,-1,0,7,0
10380,1,1,6.026,-22.814,0.56,-2.13,0.56,-2.13,INF,-1,1,7,0
10400,1,1,7.095,-21.115,0.66,-1.97,0.66,-1.97,INF,-1,1,7,0
10420,1,1,6.313,-22.323,0.59,-2.09,0.59,-2.09,INF,-1,1,7,0
10440,1,1,6.900,-22.145,0.64,-2.07,0.64,-2.07,INF,-1,1,7,0
10460,1,1,6.663,-21.405,0.62,-2.00,0.62,-2.00,INF,-1,1,7,0
10480,1,1,8.999,-14.905,0.84,-1.39,0.84,-1.39,INF,-1,1,7,0
10500,1,1,7.425,-16.968,0.69,-1.59,0.69,-1.59,INF,-1,0,7,0
10520,1,1,8.572,-16.864,0.80,-1.58,0.80,-1.58,INF,-1,0,7,0
10540,1,1,8.187,-15.952,0.77,-1.49,0.76,-1.49,INF,-1,0,7,0
10560,1,1,8.767,-16.557,0.82,-1.55,0.82,-1.55,INF,-1,0,7,0
10580,1,1,8.976,-13.945,0.84,-1.30,0.84,-1.30,INF,-1,0,7,0
10600,1,1,9.254,-14.529,0.86,-1.36,0.86,-1.36,INF,-1,0,7,0
10620,1,1,9.218,-15.538,0.86,-1.45,0.86,-1.45,INF,-1,0,7,0
10640,1,1,26.126,-21.115,2.44,-1.97,2.44,-1.97,INF,-1,0,7,0
10660,1,1,50.281,-13.330,4.69,-1.24,4.69,-1.25,INF,-1,0,7,0
10680,1,1,50.368,-13.652,4.70,-1.27,4.70,-1.28,INF,-1,0,7,0
10700,1,1,50.133,-12.260,4.68,-1.14,4.67,-1.15,INF,-1,0,7,0
10720,1,1,49.534,-14.705,4.62,-1.37,4.62,-1.37,INF,-1,0,7,0
10740,1,1,50.786,-11.225,4.74,-1.05,4.74,-1.05,INF,-1,0,7,0
10760,1,1,50.394,-12.125,4.70,-1.13,4.70,-1.13,INF,-1,0,7,0
10780,1,1,49.500,-12.602,4.62,-1.17,4.62,-1.18,INF,-1,0,7,0
10800,1,1,49.066,-13.832,4.58,-1.29,4.58,-1.29,INF,-1,0,7,0
10820,1,1,49.912,-11.312,4.65,-1.05,4.65,-1.06,INF,-1,0,7,0
10840,1,1,37.268,18.592,3.48,1.73,3.48,1.74,INF,-1,0,7,0
10860,1,1,38.354,16.805,3.58,1.57,3.58,1.57,INF,-1,0,7,0
10880,1,1,38.350,17.004,3.58,1.59,3.58,1.59,INF,-1,0,7,0
10900,1,1,37.983,15.376,3.55,1.43,3.54,1.44,INF,-1,0,7,0
10920,1,1,38.556,14.798,3.60,1.38,3.60,1.38,INF,-1,0,7,0
10940,1,1,37.062,15.688,3.46,1.46,3.46,1.47,INF,-1,0,7,0
10960,1,1,36.592,13.713,3.42,1.28,3.42,1.28,INF,-1,0,7,0
10980,1,1,38.689,13.040,3.61,1.22,3.61,1.22,INF,-1,0,7,0
11000,1,1,38.312,15.597,3.58,1.45,3.58,1.46,INF,-1,0,7,0
11020,1,1,37.811,13.230,3.53,1.23,3.53,1.24,INF,-1,0,7,0
11040,1,1,36.829,17.510,3.44,1.63,3.44,1.64,INF,-1,0,7,0
11060,1,1,37.128,12.157,3.47,1.13,3.47,1.14,INF,-1,1,7,0
11080,1,1,36.777,15.280,3.43,1.43,3.43,1.43,INF,-1,1,7,0
11100,1,1,38.099,14.747,3.56,1.38,3.56,1.38,INF,-1,1,7,0
11120,1,1,36.606,12.947,3.42,1.21,3.42,1.21,INF,-1,1,7,0
11140,1,1,36.582,13.245,3.42,1.24,3.41,1.24,INF,-1,1,7,0
11160,1,1,36.839,11.468,3.44,1.07,3.44,1.07,INF,-1,1,7,0
11180,1,1,36.237,12.242,3.38,1.14,3.38,1.14,INF,-1,1,7,0
11200,1,1,37.640,12.635,3.51,1.18,3.51,1.18,INF,-1,1,7,0
11220,1,1,40.500,15.530,3.78,1.45,3.78,1.45,INF,-1,1,7,0
11240,1,1,-14.602,-0.357,-1.36,-0.03,-1.36,-0.03,INF,-1,1,7,0
11260,1,1,-38.424,-7.562,-3.59,-0.71,-3.59,-0.71,INF,-1,1,7,0
11280,1,1,-34.125,-4.847,-3.19,-0.45,-3.19,-0.45,INF,-1,0,7,0
11300,1,1,-33.807,-5.002,-3.16,-0.47,-3.16,-0.47,INF,-1,0,7,0
11320,1,1,-34.747,-5.946,-3.24,-0.55,-3.24,-0.56,INF,-1,0,7,0
11340,1,1,-33.651,-5.508,-3.14,-0.51,-3.14,-0.51,INF,-1,0,7,0
11360,1,1,-33.566,-5.124,-3.13,-0.48,-3.13,-0.48,INF,-1,0,7,0
11380,1,1,-33.102,-4.374,-3.09,-0.41,-3.09,-0.41,INF,-1,0,7,0
11400,1,1,-32.472,-4.056,-3.03,-0.38,-3.03,-0.38,INF,-1,0,7,0
11420,1,1,-31.571,-5.127,-2.95,-0.48,-2.95,-0.48,INF,-1,0,7,0
11440,1,1,-32.088,-6.323,-3.00,-0.59,-3.00,-0.59,INF,-1,0,7,0
11460,1,1,-29.731,-6.835,-2.78,-0.64,-2.78,-0.64,INF,-1,0,7,0
11480,1,1,-30.361,-6.411,-2.84,-0.60,-2.84,-0.60,INF,-1,0,7,0
11500,1,1,-29.456,-4.987,-2.75,-0.47,-2.75,-0.47,INF,-1,0,7,0
11520,1,1,-30.308,-6.121,-2.83,-0.57,-2.83,-0.57,INF,-1,0,7,0
11540,1,1,-32.402,-5.959,-3.03,-0.56,-3.03,-0.56,INF,-1,1,7,0
11560,1,1,-6.214,-14.204,-0.58,-1.33,-0.58,-1.33,INF,-1,1,7,0
11580,1,1,-9.499,-14.864,-0.89,-1.39,-0.89,-1.39,INF,-1,1,7,0
11600,1,1,-7.670,-13.564,-0.72,-1.27,-0.72,-1.27,INF,-1,0,7,0
11620,1,1,-7.826,-14.965,-0.73,-1.40,-0.73,-1.40,INF,-1,0,7,0
11640,1,1,-8.626,-12.405,-0.81,-1.16,-0.81,-1.16,INF,-1,0,7,0
11660,1,1,-8.569,-14.539,-0.80,-1.36,-0.80,-1.36,INF,-1,0,7,0
11680,1,1,-9.849,-12.959,-0.92,-1.21,-0.92,-1.21,INF,-1,0,7,0
11700,1,1,-8.318,-11.506,-0.78,-1.08,-0.78,-1.08,INF,-1,0,7,0
11720,1,1,-8.660,-11.725,-0.81,-1.10,-0.81,-1.10,INF,-1,0,7,0
11740,1,1,-8.615,-12.483,-0.81,-1.17,-0.80,-1.17,INF,-1,0,7,0
11760,1,1,-9.204,-14.178,-0.86,-1.32,-0.86,-1.32,INF,-1,0,7,0
11780,1,1,-8.149,-14.443,-0.76,-1.35,-0.76,-1.35,INF,-1,0,7,0
11800,1,1,-8.620,-14.195,-0.81,-1.33,-0.81,-1.33,INF,-1,0,7,0
11820,1,1,-9.849,-15.915,-0.92,-1.49,-0.92,-1.49,INF,-1,0,7,0
11840,1,1,-8.883,-16.482,-0.83,-1.54,-0.83,-1.54,INF,-1,1,7,0
11860,1,1,0.142,-30.617,0.01,-2.86,0.01,-2.86,INF,-1,1,7,0
11880,1,1,-1.791,-25.609,-0.17,-2.39,-0.17,-2.39,INF,-1,1,7,0
11900,1,1,-2.444,-28.314,-0.23,-2.64,-0.23,-2.64,INF,-1,0,7,0
11920,1,1,-2.298,-27.246,-0.21,-2.54,-0.21,-2.54,INF,-1,0,7,0
11940,1,1,-3.675,-25.452,-0.34,-2.38,-0.34,-2.38,INF,-1,0,7,0
11960,1,1,-2.573,-26.768,-0.24,-2.50,-0.24,-2.50,INF,-1,0,7,0
11980,1,1,-2.859,-26.658,-0.27,-2.49,-0.27,-2.49,INF,-1,0,7,0
12000,1,1,-4.032,-26.205,-0.38,-2.45,-0.38,-2.45,INF,-1,0,7,0
12020,1,1,-1.297,-25.482,-0.12,-2.38,-0.12,-2.38,INF,-1,0,7,0
12040,1,1,-1.272,-25.508,-0.12,-2.38,-0.12,-2.38,INF,-1,0,7,0
12060,1,1,-1.685,-23.322,-0.16,-2.18,-0.16,-2.18,INF,-1,0,7,0
12080,1,1,-1.389,-24.477,-0.13,-2.29,-0.13,-2.29,INF,-1,0,7,0
12100,1,1,-2.417,-24.719,-0.23,-2.31,-0.23,-2.31,INF,-1,0,7,0
12120,1,1,-2.658,-24.989,-0.25,-2.33,-0.25,-2.33,INF,-1,0,7,0
12140,1,1,-2.480,-22.323,-0.23,-2.09,-0.23,-2.09,INF,-1,1,7,0
12160,1,1,-3.754,-23.407,-0.35,-2.19,-0.35,-2.19,INF,-1,1,7,0
12180,1,1,-2.595,-24.171,-0.24,-2.26,-0.24,-2.26,INF,-1,1,7,0
12200,1,1,-3.365,-23.105,-0.31,-2.16,-0.31,-2.16,INF,-1,1,7,0
12220,1,1,-10.183,-22.673,-0.95,-2.12,-0.95,-2.12,INF,-1,1,7,0
12240,1,1,-9.811,-26.698,-0.92,-2.49,-0.92,-2.49,INF,-1,1,7,0
12260,1,1,-10.125,-26.360,-0.95,-2.46,-0.95,-2.46,INF,-1,1,7,0
12280,1,1,-9.002,-22.719,-0.84,-2.12,-0.84,-2.12,INF,-1,1,7,0
12300,1,1,-8.912,-25.605,-0.83,-2.39,-0.83,-2.39,INF,-1,1,7,0
12320,1,1,-10.469,-25.310,-0.98,-2.36,-0.98,-2.36,INF,-1,1,7,0
12340,1,1,-8.925,-26.011,-0.83,-2.43,-0.83,-2.43,INF,-1,1,7,0
12360,1,1,-9.197,-24.800,-0.86,-2.32,-0.86,-2.32,INF,-1,1,7,0
12380,1,1,-8.807,-23.770,-0.82,-2.22,-0.82,-2.22,INF,-1,1,7,0
12400,1,1,-8.861,-25.146,-0.83,-2.35,-0.83,-2.35,INF,-1,1,7,0
12420,1,1,-9.149,-26.510,-0.86,-2.48,-0.85,-2.48,INF,-1,1,7,0
12440,1,1,-10.217,-26.941,-0.95,-2.52,-0.95,-2.52,INF,-1,1,7,0
12460,1,1,-8.380,-25.311,-0.78,-2.36,-0.78,-2.36,INF,-1,1,7,0
12480,1,1,-8.874,-25.025,-0.83,-2.34,-0.83,-2.34,INF,-1,1,7,0
12500,1,1,-8.121,-27.219,-0.76,-2.54,-0.76,-2.54,INF,-1,1,7,0
12520,1,1,-10.230,-27.771,-0.96,-2.59,-0.96,-2.59,INF,-1,1,7,0
12540,1,1,-8.785,-26.453,-0.82,-2.47,-0.82,-2.47,INF,-1,1,7,0
12560,1,1,-8.014,-27.049,-0.75,-2.53,-0.75,-2.53,INF,-1,1,7,0
12580,1,1,-7.958,-25.266,-0.74,-2.36,-0.74,-2.36,INF,-1,1,7,0
12600,1,1,-8.278,-27.078,-0.77,-2.53,-0.77,-2.53,INF,-1,1,7,0
12620,1,1,-8.196,-26.798,-0.77,-2.50,-0.77,-2.50,INF,-1,1,7,0
12640,1,1,-7.976,-27.967,-0.75,-2.61,-0.74,-2.61,INF,-1,1,7,0
12660,1,1,-6.897,-27.193,-0.64,-2.54,-0.64,-2.54,INF,-1,1,7,0
12680,1,1,-7.256,-27.846,-0.68,-2.60,-0.68,-2.60,INF,-1,1,7,0
12700,1,1,-6.388,-28.596,-0.60,-2.67,-0.60,-2.67,INF,-1,1,7,0
12720,1,1,-27.250,-38.214,-2.55,-3.56,-2.54,-3.57,INF,-1,1,7,0
12740,1,1,-26.366,-38.981,-2.46,-3.64,-2.46,-3.64,INF,-1,1,7,0
12760,1,1,-25.080,-39.539,-2.34,-3.69,-2.34,-3.69,INF,-1,0,7,0
12780,1,1,-25.863,-38.655,-2.42,-3.61,-2.41,-3.61,INF,-1,0,7,0
12800,1,1,-25.984,-39.456,-2.43,-3.68,-2.42,-3.68,INF,-1,0,7,0
12820,1,1,-25.423,-40.567,-2.37,-3.78,-2.37,-3.79,INF,-1,0,7,0
12840,1,1,-24.473,-37.970,-2.29,-3.54,-2.28,-3.54,INF,-1,0,7,0
12860,1,1,-23.973,-39.001,-2.24,-3.64,-2.24,-3.64,INF,-1,0,7,0
12880,1,1,-24.968,-39.282,-2.33,-3.66,-2.33,-3.67,INF,-1,0,7,0
12900,1,1,-23.002,-39.921,-2.15,-3.72,-2.14,-3.73,INF,-1,0,7,0
12920,1,1,-23.617,-38.608,-2.21,-3.60,-2.20,-3.60,INF,-1,0,7,0
12940,1,1,-22.924,-38.632,-2.14,-3.60,-2.14,-3.61,INF,-1,0,7,0
12960,1,1,-23.979,-37.263,-2.24,-3.48,-2.24,-3.48,INF,-1,0,7,0
12980,1,1,-23.039,-39.156,-2.15,-3.65,-2.15,-3.65,INF,-1,0,7,0
13000,1,1,-23.907,-39.815,-2.23,-3.71,-2.23,-3.72,INF,-1,1,7,0
13020,1,1,-23.292,-40.899,-2.18,-3.81,-2.17,-3.82,INF,-1,1,7,0
13040,1,1,-22.132,-39.912,-2.07,-3.72,-2.06,-3.73,INF,-1,1,7,0
13060,1,1,-22.222,-39.481,-2.08,-3.68,-2.07,-3.69,INF,-1,1,7,0
13080,1,1,-24.271,-37.766,-2.27,-3.52,-2.26,-3.53,INF,-1,1,7,0
13100,1,1,-34.646,-35.854,-3.23,-3.34,-3.23,-3.35,INF,-1,1,7,0
13120,1,1,-32.839,-35.855,-3.07,-3.34,-3.06,-3.35,INF,-1,1,7,0
13140,1,1,-33.600,-35.150,-3.14,-3.28,-3.13,-3.28,INF,-1,1,7,0
13160,1,1,-33.306,-34.918,-3.11,-3.26,-3.10,-3.26,INF,-1,1,7,0
13180,1,1,-34.445,-35.215,-3.22,-3.28,-3.21,-3.29,INF,-1,1,7,0
13200,1,1,-33.609,-33.856,-3.14,-3.16,-3.13,-3.16,INF,-1,1,7,0
13220,1,1,-34.116,-35.349,-3.19,-3.30,-3.18,-3.30,INF,-1,0,7,0
13240,1,1,-33.828,-34.403,-3.16,-3.21,-3.15,-3.21,INF,-1,0,7,0
13260,1,1,-34.248,-34.261,-3.20,-3.19,-3.19,-3.20,INF,-1,0,7,0
13280,1,1,-34.662,-32.874,-3.24,-3.06,-3.23,-3.07,INF,-1,0,7,0
13300,1,1,-33.953,-32.448,-3.17,-3.03,-3.17,-3.03,INF,-1,0,7,0
13320,1,1,-25.913,-25.138,-2.42,-2.35,-2.42,-2.35,INF,-1,0,7,0
13340,1,1,-29.582,-23.656,-2.76,-2.21,-2.76,-2.21,INF,-1,0,7,0
13360,1,1,-29.160,-23.818,-2.72,-2.22,-2.72,-2.23,INF,-1,0,7,0
13380,1,1,-29.630,-25.398,-2.77,-2.37,-2.76,-2.37,INF,-1,0,7,0
13400,1,1,-29.079,-24.403,-2.72,-2.28,-2.71,-2.28,INF,-1,0,7,0
13420,1,1,-28.783,-24.243,-2.69,-2.26,-2.69,-2.26,INF,-1,0,7,0
13440,1,1,-29.463,-26.032,-2.75,-2.43,-2.75,-2.43,INF,-1,0,7,0
13460,1,1,-29.457,-26.336,-2.75,-2.46,-2.75,-2.46,INF,-1,1,7,0
13480,1,1,-28.744,-23.227,-2.68,-2.17,-2.68,-2.17,INF,-1,1,7,0
13500,1,1,-28.373,-25.065,-2.65,-2.34,-2.65,-2.34,INF,-1,1,7,0
13520,1,1,-29.370,-24.692,-2.74,-2.30,-2.74,-2.31,INF,-1,1,7,0
13540,1,1,-29.596,-24.326,-2.76,-2.27,-2.76,-2.27,INF,-1,1,7,0
13560,1,1,-29.098,-25.421,-2.72,-2.37,-2.72,-2.37,INF,-1,1,7,0
13580,1,1,-29.220,-25.591,-2.73,-2.39,-2.73,-2.39,INF,-1,1,7,0
13600,1,1,-29.130,-24.730,-2.72,-2.31,-2.72,-2.31,INF,-1,1,7,0
13620,1,1,-28.719,-25.693,-2.68,-2.40,-2.68,-2.40,INF,-1,1,7,0
13640,1,1,-29.965,-24.979,-2.80,-2.33,-2.80,-2.33,INF,-1,1,7,0
13660,1,1,-28.889,-25.005,-2.70,-2.33,-2.70,-2.34,INF,-1,1,7,0
13680,1,1,-9.045,-16.898,-0.85,-1.58,-0.85,-1.58,INF,-1,1,7,0
13700,1,1,-13.057,-14.305,-1.22,-1.34,-1.22,-1.34,INF,-1,1,7,0
13720,1,1,-13.315,-13.912,-1.24,-1.30,-1.24,-1.30,INF,-1,0,7,0
13740,1,1,-13.020,-13.918,-1.22,-1.30,-1.22,-1.30,INF,-1,0,7,0
13760,1,1,-15.414,-15.968,-1.44,-1.49,-1.44,-1.49,INF,-1,0,7,0
13780,1,1,-14.890,-15.487,-1.39,-1.45,-1.39,-1.45,INF,-1,0,7,0
13800,1,1,-13.666,-16.405,-1.28,-1.53,-1.28,-1.53,INF,-1,0,7,0
13820,1,1,-15.344,-14.923,-1.43,-1.39,-1.43,-1.39,INF,-1,0,7,0
13840,1,1,-14.063,-16.769,-1.31,-1.57,-1.31,-1.57,INF,-1,0,7,0
13860,1,1,-13.298,-14.192,-1.24,-1.33,-1.24,-1.33,INF,-1,0,7,0
13880,1,1,-4.221,-2.831,-0.39,-0.26,-0.39,-0.26,INF,-1,0,7,0
13900,1,1,-5.100,-2.917,-0.48,-0.27,-0.48,-0.27,INF,-1,0,7,0
13920,1,1,-5.549,-3.431,-0.52,-0.32,-0.52,-0.32,INF,-1,0,7,0
13940,1,1,-5.282,-1.674,-0.49,-0.16,-0.49,-0.16,INF,-1,0,7,0
13960,1,1,-5.962,-2.009,-0.56,-0.19,-0.56,-0.19,INF,-1,1,7,0
13980,1,1,-5.344,-5.578,-0.50,-0.52,-0.50,-0.52,INF,-1,1,7,0
14000,1,1,-4.929,-3.750,-0.46,-0.35,-0.46,-0.35,INF,-1,1,7,0
14020,1,1,-4.606,-1.978,-0.43,-0.18,-0.43,-0.18,INF,-1,1,7,0
14040,1,1,-4.510,-1.959,-0.42,-0.18,-0.42,-0.18,INF,-1,1,7,0
14060,1,1,-6.044,-2.119,-0.56,-0.20,-0.56,-0.20,INF,-1,0,7,0
14080,1,1,-5.595,-1.729,-0.52,-0.16,-0.52,-0.16,INF,-1,0,7,0
14100,1,1,-5.109,-1.929,-0.48,-0.18,-0.48,-0.18,INF,-1,0,7,0
14120,1,1,-5.877,-2.775,-0.55,-0.26,-0.55,-0.26,INF,-1,0,7,0
14140,1,1,-5.986,-1.482,-0.56,-0.14,-0.56,-0.14,INF,-1,0,7,0
14160,1,1,-8.149,-1.976,-0.76,-0.18,-0.76,-0.18,INF,-1,0,7,0
14180,1,1,-8.605,-0.578,-0.80,-0.05,-0.80,-0.05,INF,-1,0,7,0
14200,1,1,-9.390,1.609,-0.88,0.15,-0.88,0.15,INF,-1,0,7,0
14220,1,1,-8.577,1.036,-0.80,0.10,-0.80,0.10,INF,-1,0,7,0
14240,1,1,-10.221,2.292,-0.96,0.21,-0.96,0.21,INF,-1,0,7,0
14260,1,1,-10.028,1.533,-0.94,0.14,-0.94,0.14,INF,-1,0,7,0
14280,1,1,-10.725,0.446,-1.00,0.04,-1.00,0.04,INF,-1,0,7,0
14300,1,1,-10.749,2.544,-1.00,0.24,-1.00,0.24,INF,-1,1,7,0
14320,1,1,-10.946,3.153,-1.02,0.29,-1.02,0.29,INF,-1,1,7,0
14340,1,1,-10.897,2.826,-1.02,0.26,-1.02,0.26,INF,-1,1,7,0
14360,1,1,-10.777,2.465,-1.01,0.23,-1.01,0.23,INF,-1,1,7,0
14380,1,1,-10.221,2.741,-0.96,0.26,-0.96,0.26,INF,-1,1,7,0
14400,1,1,-11.078,1.747,-1.04,0.16,-1.04,0.16,INF,-1,1,7,0
14420,1,1,-9.156,2.341,-0.86,0.22,-0.86,0.22,INF,-1,1,7,0
14440,1,1,-9.723,2.092,-0.91,0.20,-0.91,0.20,INF,-1,1,7,0
14460,1,1,-11.366,1.257,-1.06,0.12,-1.06,0.12,INF,-1,1,7,0
14480,1,1,-9.862,3.126,-0.92,0.29,-0.92,0.29,INF,-1,1,7,0
14500,1,1,-9.280,3.029,-0.87,0.28,-0.87,0.28,INF,-1,1,7,0
14520,1,1,-10.454,3.319,-0.98,0.31,-0.98,0.31,INF,-1,1,7,0
14540,1,1,-10.019,2.769,-0.94,0.26,-0.94,0.26,INF,-1,1,7,0
14560,1,1,-9.365,2.839,-0.88,0.27,-0.88,0.27,INF,-1,1,7,0
14580,1,1,-28.960,4.586,-2.70,0.43,-2.70,0.43,INF,-1,1,7,0
14600,1,1,-42.681,6.984,-3.98,0.65,-3.98,0.65,INF,-1,1,7,0
14620,1,1,-39.800,5.578,-3.71,0.52,-3.71,0.52,INF,-1,0,7,0
14640,1,1,-40.128,4.992,-3.75,0.47,-3.75,0.47,INF,-1,0,7,0
14660,1,1,-40.005,6.552,-3.73,0.61,-3.73,0.61,INF,-1,0,7,0
14680,1,1,-38.663,5.597,-3.61,0.52,-3.61,0.52,INF,-1,0,7,0
14700,1,1,-39.184,5.020,-3.66,0.47,-3.66,0.47,INF,-1,0,7,0
14720,1,1,-38.982,6.150,-3.64,0.57,-3.64,0.57,INF,-1,0,7,0
14740,1,1,-39.987,5.471,-3.73,0.51,-3.73,0.51,INF,-1,0,7,0
14760,1,1,-39.380,5.369,-3.68,0.50,-3.68,0.50,INF,-1,0,7,0
14780,1,1,-38.740,4.391,-3.62,0.41,-3.62,0.41,INF,-1,0,7,0
14800,1,1,-38.082,5.668,-3.55,0.53,-3.55,0.53,INF,-1,0,7,0
14820,1,1,-39.615,5.077,-3.70,0.47,-3.70,0.47,INF,-1,0,7,0
14840,1,1,-39.754,6.428,-3.71,0.60,-3.71,0.60,INF,-1,0,7,0
14860,1,1,-40.339,3.822,-3.76,0.36,-3.76,0.36,INF,-1,0,7,0
14880,1,1,-7.299,-0.811,-0.68,-0.08,-0.68,-0.08,INF,-1,1,7,0
14900,1,1,-9.710,1.921,-0.91,0.18,-0.91,0.18,INF,-1,1,7,0
14920,1,1,-11.958,3.038,-1.12,0.28,-1.12,0.28,INF,-1,0,7,0
14940,1,1,-11.767,1.344,-1.10,0.13,-1.10,0.13,INF,-1,0,7,0
14960,1,1,-11.669,2.338,-1.09,0.22,-1.09,0.22,INF,-1,0,7,0
14980,1,1,-12.028,-0.089,-1.12,-0.01,-1.12,-0.01,INF,-1,0,7,0
15000,1,1,-11.239,1.530,-1.05,0.14,-1.05,0.14,INF,-1,0,7,0
15020,1,1,-11.615,1.305,-1.09,0.12,-1.09,0.12,INF,-1,0,7,0
15040,1,1,-10.728,1.012,-1.00,0.09,-1.00,0.09,INF,-1,0,7,0
15060,1,1,-10.896,2.005,-1.02,0.19,-1.02,0.19,INF,-1,0,7,0
15080,1,1,-11.518,0.577,-1.08,0.05,-1.08,0.05,INF,-1,0,7,0
15100,1,1,-10.982,0.969,-1.03,0.09,-1.03,0.09,INF,-1,0,7,0
15120,1,1,-10.977,-0.009,-1.03,0.00,-1.03,0.00,INF,-1,0,7,0
15140,1,1,-9.814,2.074,-0.92,0.19,-0.92,0.19,INF,-1,0,7,0
