"EyeTracker Toolbox version","3.250"
CalibrationParameters_A11,1.06845
CalibrationParameters_A12,0.08160
CalibrationParameters_A13,-0.01719
CalibrationParameters_A21,0.05496
CalibrationParameters_A22,-1.10441
CalibrationParameters_A23,0.02628
CalibrationParameters_A31,-0.00005
CalibrationParameters_A32,-0.00098
CalibrationParameters_E11,-0.17986
CalibrationParameters_E12,-0.00007
CalibrationParameters_E21,-0.00005
CalibrationParameters_E22,0.20021
CalibrationParameters_X,-22.16349
CalibrationParameters_Y,-34.31419
CalibrationParameters_Rpc,86.15051
CalibrationParameters_MeanX,139.63568
CalibrationParameters_MeanY,131.71303
CalibrationParameters_ViewDist,613.00000
TimeStamp,Tracked,Calibrated,ScreenPositionXmm,ScreenPositionYmm,FicksLongitude,FicksLatitude,HelmholtzAzimuth,HelmholtzElevation,PupilDiameter,Region,Fixation,DigitalIO,Dropped
0,1,1,12.335,13.886,1.15,1.30,1.15,1.30,INF,-1,0,7,0
20,1,1,17.135,13.755,1.60,1.28,1.60,1.29,INF,-1,0,7,0
40,1,1,17.757,14.255,1.66,1.33,1.66,1.33,INF,-1,0,7,0
60,1,1,15.710,13.340,1.47,1.25,1.47,1.25,INF,-1,0,7,0
80,1,1,15.614,14.242,1.46,1.33,1.46,1.33,INF,-1,0,7,0
100,1,1,17.060,14.804,1.59,1.38,1.59,1.38,INF,-1,0,7,0
120,1,1,17.250,12.904,1.61,1.21,1.61,1.21,INF,-1,0,7,0
140,1,1,17.802,12.906,1.66,1.21,1.66,1.21,INF,-1,0,7,0
160,1,1,15.662,13.792,1.46,1.29,1.46,1.29,INF,-1,0,7,0
180,1,1,13.998,13.678,1.31,1.28,1.31,1.28,INF,-1,0,7,0
200,1,1,15.306,13.578,1.43,1.27,1.43,1.27,INF,-1,0,7,0
220,1,1,14.776,14.807,1.38,1.38,1.38,1.38,INF,-1,0,7,0
240,1,1,15.530,11.848,1.45,1.11,1.45,1.11,INF,-1,0,7,0
260,1,1,16.039,14.065,1.50,1.31,1.50,1.31,INF,-1,0,7,0
280,1,1,16.268,14.157,1.52,1.32,1.52,1.32,INF,-1,1,7,0
300,1,1,13.725,14.121,1.28,1.32,1.28,1.32,INF,-1,1,7,0
320,1,1,15.054,14.421,1.41,1.35,1.41,1.35,INF,-1,1,7,0
340,1,1,15.526,12.977,1.45,1.21,1.45,1.21,INF,-1,1,7,0
360,1,1,13.438,13.198,1.26,1.23,1.26,1.23,INF,-1,1,7,0
380,1,1,14.516,13.020,1.36,1.22,1.36,1.22,INF,-1,1,7,0
400,1,1,13.972,13.015,1.31,1.22,1.31,1.22,INF,-1,1,7,0
420,1,1,16.126,11.968,1.51,1.12,1.51,1.12,INF,-1,1,7,0
440,1,1,12.194,13.234,1.14,1.24,1.14,1.24,INF,-1,1,7,0
460,1,1,14.026,13.814,1.31,1.29,1.31,1.29,INF,-1,1,7,0
480,1,1,-4.953,8.480,-0.46,0.79,-0.46,0.79,INF,-1,1,7,0
500,1,1,-7.826,6.914,-0.73,0.65,-0.73,0.65,INF,-1,1,7,0
520,1,1,-5.536,6.825,-0.52,0.64,-0.52,0.64,INF,-1,0,7,0
540,1,1,-7.381,6.633,-0.69,0.62,-0.69,0.62,INF,-1,0,7,0
560,1,1,-6.410,7.304,-0.60,0.68,-0.60,0.68,INF,-1,0,7,0
580,1,1,-4.042,6.618,-0.38,0.62,-0.38,0.62,INF,-1,0,7,0
600,1,1,-7.990,8.357,-0.75,0.78,-0.75,0.78,INF,-1,0,7,0
620,1,1,-7.407,9.051,-0.69,0.85,-0.69,0.85,INF,-1,0,7,0
640,1,1,-6.595,6.202,-0.62,0.58,-0.62,0.58,INF,-1,0,7,0
660,1,1,-5.516,7.495,-0.52,0.70,-0.52,0.70,INF,-1,0,7,0
680,1,1,-7.542,7.630,-0.70,0.71,-0.70,0.71,INF,-1,0,7,0
700,1,1,-4.504,6.355,-0.42,0.59,-0.42,0.59,INF,-1,0,7,0
720,1,1,-3.740,8.811,-0.35,0.82,-0.35,0.82,INF,-1,0,7,0
740,1,1,-5.021,7.994,-0.47,0.75,-0.47,0.75,INF,-1,0,7,0
760,0,1,0.000,0.000,0.00,0.00,0.00,0.00,0.00,-1,1,7,0
780,1,1,-6.527,8.852,-0.61,0.83,-0.61,0.83,INF,-1,1,7,0
800,1,1,-5.522,5.196,-0.52,0.49,-0.52,0.49,INF,-1,1,7,0
820,1,1,-5.203,6.734,-0.49,0.63,-0.49,0.63,INF,-1,1,7,0
840,1,1,-3.838,6.327,-0.36,0.59,-0.36,0.59,INF,-1,1,7,0
860,1,1,-4.667,6.599,-0.44,0.62,-0.44,0.62,INF,-1,1,7,0
880,1,1,-7.404,8.739,-0.69,0.82,-0.69,0.82,INF,-1,1,7,0
900,1,1,-6.203,6.201,-0.58,0.58,-0.58,0.58,INF,-1,1,7,0
920,1,1,-4.477,6.176,-0.42,0.58,-0.42,0.58,INF,-1,1,7,0
940,1,1,5.449,3.548,0.51,0.33,0.51,0.33,INF,-1,1,7,0
960,1,1,13.497,2.227,1.26,0.21,1.26,0.21,INF,-1,1,7,0
980,1,1,11.324,3.639,1.06,0.34,1.06,0.34,INF,-1,0,7,0
1000,1,1,10.139,2.462,0.95,0.23,0.95,0.23,INF,-1,0,7,0
1020,1,1,12.931,1.842,1.21,0.17,1.21,0.17,INF,-1,0,7,0
1040,1,1,11.080,1.723,1.04,0.16,1.04,0.16,INF,-1,0,7,0
1060,1,1,12.267,1.806,1.15,0.17,1.15,0.17,INF,-1,0,7,0
1080,1,1,13.837,1.304,1.29,0.12,1.29,0.12,INF,-1,0,7,0
1100,1,1,10.814,2.674,1.01,0.25,1.01,0.25,INF,-1,0,7,0
1120,1,1,12.612,1.007,1.18,0.09,1.18,0.09,INF,-1,0,7,0
1140,1,1,12.405,0.596,1.16,0.06,1.16,0.06,INF,-1,0,7,0
1160,1,1,12.948,2.279,1.21,0.21,1.21,0.21,INF,-1,0,7,0
1180,1,1,13.396,1.375,1.25,0.13,1.25,0.13,INF,-1,0,7,0
1200,1,1,13.308,1.096,1.24,0.10,1.24,0.10,INF,-1,0,7,0
1220,1,1,13.373,1.453,1.25,0.14,1.25,0.14,INF,-1,1,7,0
1240,1,1,14.959,2.711,1.40,0.25,1.40,0.25,INF,-1,1,7,0
1260,1,1,12.070,1.549,1.13,0.14,1.13,0.14,INF,-1,1,7,0
1280,1,1,10.496,2.518,0.98,0.24,0.98,0.24,INF,-1,1,7,0
1300,1,1,12.089,2.817,1.13,0.26,1.13,0.26,INF,-1,1,7,0
1320,1,1,12.941,-0.466,1.21,-0.04,1.21,-0.04,INF,-1,1,7,0
1340,1,1,10.197,1.562,0.95,0.15,0.95,0.15,INF,-1,1,7,0
1360,1,1,11.773,1.246,1.10,0.12,1.10,0.12,INF,-1,1,7,0
1380,1,1,11.476,2.258,1.07,0.21,1.07,0.21,INF,-1,1,7,0
1400,1,1,10.287,2.660,0.96,0.25,0.96,0.25,INF,-1,1,7,0
1420,1,1,14.024,1.804,1.31,0.17,1.31,0.17,INF,-1,1,7,0
1440,1,1,11.394,0.607,1.06,0.06,1.06,0.06,INF,-1,1,7,0
1460,1,1,12.880,2.354,1.20,0.22,1.20,0.22,INF,-1,1,7,0
1480,1,1,15.186,1.384,1.42,0.13,1.42,0.13,INF,-1,1,7,0
1500,1,1,12.393,2.819,1.16,0.26,1.16,0.26,INF,-1,1,7,0
1520,1,1,14.293,1.481,1.34,0.14,1.34,0.14,INF,-1,1,7,0
1540,1,1,12.554,2.048,1.17,0.19,1.17,0.19,INF,-1,1,7,0
1560,1,1,11.915,1.754,1.11,0.16,1.11,0.16,INF,-1,1,7,0
1580,1,1,11.636,-0.537,1.09,-0.05,1.09,-0.05,INF,-1,1,7,0
1600,1,1,12.756,2.544,1.19,0.24,1.19,0.24,INF,-1,1,7,0
1620,1,1,10.305,2.309,0.96,0.22,0.96,0.22,INF,-1,1,7,0
1640,1,1,9.723,2.177,0.91,0.20,0.91,0.20,INF,-1,1,7,0
1660,1,1,11.921,1.948,1.11,0.18,1.11,0.18,INF,-1,1,7,0
1680,1,1,12.167,1.836,1.14,0.17,1.14,0.17,INF,-1,1,7,0
1700,1,1,11.528,1.248,1.08,0.12,1.08,0.12,INF,-1,1,7,0
1720,1,1,17.839,1.101,1.67,0.10,1.67,0.10,INF,-1,1,7,0
1740,1,1,16.673,3.005,1.56,0.28,1.56,0.28,INF,-1,1,7,0
1760,1,1,16.484,1.347,1.54,0.13,1.54,0.13,INF,-1,1,7,0
1780,1,1,17.316,1.621,1.62,0.15,1.62,0.15,INF,-1,1,7,0
1800,1,1,18.118,2.120,1.69,0.20,1.69,0.20,INF,-1,1,7,0
1820,1,1,16.150,2.206,1.51,0.21,1.51,0.21,INF,-1,1,7,0
1840,1,1,18.957,3.640,1.77,0.34,1.77,0.34,INF,-1,1,7,0
1860,1,1,17.582,1.774,1.64,0.17,1.64,0.17,INF,-1,1,7,0
1880,1,1,16.092,3.765,1.50,0.35,1.50,0.35,INF,-1,1,7,0
1900,1,1,20.037,0.999,1.87,0.09,1.87,0.09,INF,-1,1,7,0
1920,1,1,19.538,1.379,1.83,0.13,1.83,0.13,INF,-1,1,7,0
1940,1,1,20.665,1.205,1.93,0.11,1.93,0.11,INF,-1,1,7,0
1960,1,1,20.332,2.716,1.90,0.25,1.90,0.25,INF,-1,1,7,0
1980,1,1,18.891,1.633,1.77,0.15,1.77,0.15,INF,-1,1,7,0
2000,1,1,26.410,2.405,2.47,0.22,2.47,0.22,INF,-1,1,7,0
2020,1,1,30.155,4.582,2.82,0.43,2.82,0.43,INF,-1,1,7,0
2040,1,1,29.410,2.785,2.75,0.26,2.75,0.26,INF,-1,0,7,0
2060,1,1,26.635,2.658,2.49,0.25,2.49,0.25,INF,-1,0,7,0
2080,1,1,27.820,3.507,2.60,0.33,2.60,0.33,INF,-1,0,7,0
2100,1,1,28.945,1.222,2.70,0.11,2.70,0.11,INF,-1,0,7,0
2120,1,1,28.019,3.240,2.62,0.30,2.62,0.30,INF,-1,0,7,0
2140,1,1,31.390,3.819,2.93,0.36,2.93,0.36,INF,-1,0,7,0
2160,1,1,27.904,2.658,2.61,0.25,2.61,0.25,INF,-1,0,7,0
2180,1,1,27.591,2.198,2.58,0.21,2.58,0.21,INF,-1,0,7,0
2200,1,1,30.466,3.063,2.85,0.29,2.85,0.29,INF,-1,0,7,0
2220,1,1,28.807,4.069,2.69,0.38,2.69,0.38,INF,-1,0,7,0
2240,1,1,30.051,2.384,2.81,0.22,2.81,0.22,INF,-1,0,7,0
2260,1,1,28.471,1.880,2.66,0.18,2.66,0.18,INF,-1,0,7,0
2280,1,1,28.434,2.280,2.66,0.21,2.66,0.21,INF,-1,1,7,0
2300,1,1,28.831,1.521,2.69,0.14,2.69,0.14,INF,-1,1,7,0
2320,1,1,29.852,1.794,2.79,0.17,2.79,0.17,INF,-1,1,7,0
2340,1,1,29.897,1.734,2.79,0.16,2.79,0.16,INF,-1,1,7,0
2360,1,1,31.866,0.778,2.98,0.07,2.98,0.07,INF,-1,1,7,0
2380,1,1,28.055,5.256,2.62,0.49,2.62,0.49,INF,-1,1,7,0
2400,1,1,29.381,3.804,2.74,0.36,2.74,0.36,INF,-1,1,7,0
2420,1,1,28.524,2.376,2.66,0.22,2.66,0.22,INF,-1,1,7,0
2440,1,1,29.864,1.369,2.79,0.13,2.79,0.13,INF,-1,1,7,0
2460,1,1,29.710,2.616,2.77,0.24,2.77,0.24,INF,-1,1,7,0
2480,1,1,29.595,2.230,2.76,0.21,2.76,0.21,INF,-1,1,7,0
2500,1,1,27.035,2.966,2.53,0.28,2.53,0.28,INF,-1,1,7,0
2520,1,1,34.530,3.861,3.22,0.36,3.22,0.36,INF,-1,1,7,0
2540,1,1,31.533,3.608,2.94,0.34,2.94,0.34,INF,-1,1,7,0
2560,1,1,31.875,3.106,2.98,0.29,2.98,0.29,INF,-1,1,7,0
2580,1,1,31.487,3.071,2.94,0.29,2.94,0.29,INF,-1,1,7,0
2600,1,1,30.088,4.132,2.81,0.39,2.81,0.39,INF,-1,1,7,0
2620,1,1,29.631,5.277,2.77,0.49,2.77,0.49,INF,-1,1,7,0
2640,1,1,30.658,3.962,2.86,0.37,2.86,0.37,INF,-1,1,7,0
2660,1,1,30.597,2.934,2.86,0.27,2.86,0.27,INF,-1,1,7,0
2680,1,1,29.366,4.031,2.74,0.38,2.74,0.38,INF,-1,1,7,0
2700,1,1,30.788,4.575,2.88,0.43,2.88,0.43,INF,-1,1,7,0
2720,1,1,31.394,3.624,2.93,0.34,2.93,0.34,INF,-1,1,7,0
2740,1,1,30.498,4.064,2.85,0.38,2.85,0.38,INF,-1,1,7,0
2760,1,1,30.659,3.596,2.86,0.34,2.86,0.34,INF,-1,1,7,0
2780,1,1,30.243,4.967,2.82,0.46,2.82,0.46,INF,-1,1,7,0
2800,1,1,31.661,4.038,2.96,0.38,2.96,0.38,INF,-1,1,7,0
2820,1,1,31.890,2.807,2.98,0.26,2.98,0.26,INF,-1,1,7,0
2840,1,1,29.684,3.180,2.77,0.30,2.77,0.30,INF,-1,1,7,0
2860,1,1,29.448,2.777,2.75,0.26,2.75,0.26,INF,-1,1,7,0
2880,1,1,30.403,3.800,2.84,0.35,2.84,0.36,INF,-1,1,7,0
2900,1,1,32.007,3.494,2.99,0.33,2.99,0.33,INF,-1,1,7,0
2920,1,1,32.611,3.865,3.05,0.36,3.05,0.36,INF,-1,1,7,0
2940,1,1,29.718,3.931,2.78,0.37,2.78,0.37,INF,-1,1,7,0
2960,1,1,30.166,4.949,2.82,0.46,2.82,0.46,INF,-1,1,7,0
2980,1,1,31.465,3.801,2.94,0.35,2.94,0.36,INF,-1,1,7,0
3000,1,1,30.910,4.611,2.89,0.43,2.89,0.43,INF,-1,1,7,0
3020,1,1,29.815,3.048,2.78,0.28,2.78,0.28,INF,-1,1,7,0
3040,1,1,30.866,3.569,2.88,0.33,2.88,0.33,INF,-1,1,7,0
3060,1,1,29.595,6.014,2.76,0.56,2.76,0.56,INF,-1,1,7,0
3080,1,1,29.623,4.371,2.77,0.41,2.77,0.41,INF,-1,1,7,0
3100,1,1,30.469,4.599,2.85,0.43,2.85,0.43,INF,-1,1,7,0
3120,1,1,31.683,2.713,2.96,0.25,2.96,0.25,INF,-1,1,7,0
3140,1,1,29.728,3.596,2.78,0.34,2.78,0.34,INF,-1,1,7,0
3160,1,1,32.341,3.577,3.02,0.33,3.02,0.33,INF,-1,1,7,0
3180,1,1,33.732,4.982,3.15,0.46,3.15,0.47,INF,-1,1,7,0
3200,1,1,31.321,5.702,2.92,0.53,2.92,0.53,INF,-1,1,7,0
3220,1,1,31.763,3.357,2.97,0.31,2.97,0.31,INF,-1,1,7,0
3240,1,1,32.574,5.149,3.04,0.48,3.04,0.48,INF,-1,1,7,0
3260,1,1,31.626,4.951,2.95,0.46,2.95,0.46,INF,-1,1,7,0
3280,1,1,31.143,3.990,2.91,0.37,2.91,0.37,INF,-1,1,7,0
3300,1,1,32.302,4.326,3.02,0.40,3.02,0.40,INF,-1,1,7,0
3320,1,1,34.528,4.144,3.22,0.39,3.22,0.39,INF,-1,1,7,0
3340,1,1,31.527,4.993,2.94,0.47,2.94,0.47,INF,-1,1,7,0
3360,1,1,33.713,4.780,3.15,0.45,3.15,0.45,INF,-1,1,7,0
3380,1,1,33.502,3.898,3.13,0.36,3.13,0.36,INF,-1,1,7,0
3400,1,1,32.178,3.344,3.00,0.31,3.00,0.31,INF,-1,1,7,0
3420,1,1,32.488,3.332,3.03,0.31,3.03,0.31,INF,-1,1,7,0
3440,1,1,35.234,3.753,3.29,0.35,3.29,0.35,INF,-1,1,7,0
3460,1,1,34.235,3.995,3.20,0.37,3.20,0.37,INF,-1,1,7,0
3480,1,1,19.959,5.372,1.86,0.50,1.86,0.50,INF,-1,1,7,0
3500,1,1,3.511,3.760,0.33,0.35,0.33,0.35,INF,-1,1,7,0
3520,1,1,7.455,2.435,0.70,0.23,0.70,0.23,INF,-1,1,7,0
3540,1,1,8.277,1.979,0.77,0.19,0.77,0.19,INF,-1,0,7,0
3560,1,1,4.774,1.284,0.45,0.12,0.45,0.12,INF,-1,0,7,0
3580,1,1,7.704,1.896,0.72,0.18,0.72,0.18,INF,-1,0,7,0
3600,1,1,4.867,3.408,0.45,0.32,0.45,0.32,INF,-1,0,7,0
3620,1,1,3.487,2.533,0.33,0.24,0.33,0.24,INF,-1,0,7,0
3640,1,1,4.560,3.049,0.43,0.28,0.43,0.28,INF,-1,0,7,0
3660,1,1,4.461,1.751,0.42,0.16,0.42,0.16,INF,-1,0,7,0
3680,1,1,1.473,2.713,0.14,0.25,0.14,0.25,INF,-1,0,7,0
3700,1,1,5.502,1.317,0.51,0.12,0.51,0.12,INF,-1,0,7,0
3720,1,1,6.723,3.162,0.63,0.30,0.63,0.30,INF,-1,0,7,0
3740,1,1,3.829,2.672,0.36,0.25,0.36,0.25,INF,-1,0,7,0
3760,1,1,6.957,1.489,0.65,0.14,0.65,0.14,INF,-1,0,7,0
3780,1,1,3.056,2.267,0.29,0.21,0.29,0.21,INF,-1,1,7,0
3800,1,1,8.972,0.280,0.84,0.03,0.84,0.03,INF,-1,1,7,0
3820,1,1,3.065,1.832,0.29,0.17,0.29,0.17,INF,-1,1,7,0
3840,1,1,8.247,2.830,0.77,0.26,0.77,0.26,INF,-1,1,7,0
3860,1,1,7.212,2.294,0.67,0.21,0.67,0.21,INF,-1,1,7,0
3880,1,1,5.732,1.993,0.54,0.19,0.54,0.19,INF,-1,1,7,0
3900,1,1,5.476,1.833,0.51,0.17,0.51,0.17,INF,-1,1,7,0
3920,1,1,6.205,2.526,0.58,0.24,0.58,0.24,INF,-1,1,7,0
3940,1,1,4.050,1.431,0.38,0.13,0.38,0.13,INF,-1,1,7,0
3960,1,1,2.563,1.858,0.24,0.17,0.24,0.17,INF,-1,1,7,0
3980,1,1,7.677,2.028,0.72,0.19,0.72,0.19,INF,-1,1,7,0
4000,1,1,4.680,2.276,0.44,0.21,0.44,0.21,INF,-1,1,7,0
4020,1,1,4.301,3.460,0.40,0.32,0.40,0.32,INF,-1,1,7,0
4040,1,1,5.709,2.524,0.53,0.24,0.53,0.24,INF,-1,1,7,0
4060,1,1,3.369,3.212,0.31,0.30,0.31,0.30,INF,-1,1,7,0
4080,1,1,6.053,1.997,0.57,0.19,0.57,0.19,INF,-1,1,7,0
4100,1,1,4.708,2.411,0.44,0.23,0.44,0.23,INF,-1,1,7,0
4120,1,1,4.269,4.850,0.40,0.45,0.40,0.45,INF,-1,1,7,0
4140,1,1,7.015,2.803,0.66,0.26,0.66,0.26,INF,-1,1,7,0
4160,1,1,3.560,4.598,0.33,0.43,0.33,0.43,INF,-1,1,7,0
4180,1,1,5.012,4.358,0.47,0.41,0.47,0.41,INF,-1,1,7,0
4200,1,1,6.091,2.990,0.57,0.28,0.57,0.28,INF,-1,1,7,0
4220,1,1,7.523,3.820,0.70,0.36,0.70,0.36,INF,-1,1,7,0
4240,1,1,5.751,1.500,0.54,0.14,0.54,0.14,INF,-1,1,7,0
4260,1,1,6.455,2.462,0.60,0.23,0.60,0.23,INF,-1,1,7,0
4280,1,1,6.610,1.008,0.62,0.09,0.62,0.09,INF,-1,1,7,0
4300,1,1,8.114,2.185,0.76,0.20,0.76,0.20,INF,-1,1,7,0
4320,1,1,3.252,4.256,0.30,0.40,0.30,0.40,INF,-1,1,7,0
4340,1,1,3.840,1.609,0.36,0.15,0.36,0.15,INF,-1,1,7,0
4360,1,1,5.399,2.455,0.50,0.23,0.50,0.23,INF,-1,1,7,0
4380,1,1,6.797,3.628,0.64,0.34,0.64,0.34,INF,-1,1,7,0
4400,1,1,4.491,3.596,0.42,0.34,0.42,0.34,INF,-1,1,7,0
4420,1,1,7.074,1.795,0.66,0.17,0.66,0.17,INF,-1,1,7,0
4440,1,1,7.111,2.764,0.66,0.26,0.66,0.26,INF,-1,1,7,0
4460,1,1,6.550,2.975,0.61,0.28,0.61,0.28,INF,-1,1,7,0
4480,1,1,6.570,2.184,0.61,0.20,0.61,0.20,INF,-1,1,7,0
4500,1,1,7.028,2.020,0.66,0.19,0.66,0.19,INF,-1,1,7,0
4520,1,1,7.031,3.812,0.66,0.36,0.66,0.36,INF,-1,1,7,0
4540,1,1,5.961,3.914,0.56,0.37,0.56,0.37,INF,-1,1,7,0
4560,1,1,4.184,3.186,0.39,0.30,0.39,0.30,INF,-1,1,7,0
4580,1,1,5.953,3.618,0.56,0.34,0.56,0.34,INF,-1,1,7,0
4600,1,1,7.870,4.412,0.74,0.41,0.74,0.41,INF,-1,1,7,0
4620,1,1,8.109,2.525,0.76,0.24,0.76,0.24,INF,-1,1,7,0
4640,1,1,9.138,1.889,0.85,0.18,0.85,0.18,INF,-1,1,7,0
4660,1,1,6.640,3.729,0.62,0.35,0.62,0.35,INF,-1,1,7,0
4680,1,1,5.254,4.429,0.49,0.41,0.49,0.41,INF,-1,1,7,0
4700,1,1,6.303,4.681,0.59,0.44,0.59,0.44,INF,-1,1,7,0
4720,1,1,6.584,4.816,0.62,0.45,0.62,0.45,INF,-1,1,7,0
4740,1,1,7.517,3.338,0.70,0.31,0.70,0.31,INF,-1,1,7,0
4760,1,1,6.299,3.234,0.59,0.30,0.59,0.30,INF,-1,1,7,0
4780,1,1,3.624,3.743,0.34,0.35,0.34,0.35,INF,-1,1,7,0
4800,1,1,7.800,4.014,0.73,0.38,0.73,0.38,INF,-1,1,7,0
4820,1,1,4.800,4.029,0.45,0.38,0.45,0.38,INF,-1,1,7,0
4840,1,1,7.549,2.416,0.71,0.23,0.71,0.23,INF,-1,1,7,0
4860,1,1,5.540,1.676,0.52,0.16,0.52,0.16,INF,-1,1,7,0
4880,1,1,9.256,2.697,0.87,0.25,0.87,0.25,INF,-1,1,7,0
4900,1,1,4.851,2.063,0.45,0.19,0.45,0.19,INF,-1,1,7,0
4920,1,1,3.693,3.688,0.35,0.34,0.35,0.34,INF,-1,1,7,0
4940,1,1,3.934,1.748,0.37,0.16,0.37,0.16,INF,-1,1,7,0
4960,1,1,3.622,1.551,0.34,0.14,0.34,0.14,INF,-1,1,7,0
4980,1,1,2.988,1.775,0.28,0.17,0.28,0.17,INF,-1,1,7,0
5000,1,1,2.741,2.563,0.26,0.24,0.26,0.24,INF,-1,1,7,0
5020,1,1,0.238,3.362,0.02,0.31,0.02,0.31,INF,-1,1,7,0
5040,1,1,3.008,2.012,0.28,0.19,0.28,0.19,INF,-1,1,7,0
5060,1,1,2.921,1.567,0.27,0.15,0.27,0.15,INF,-1,1,7,0
5080,1,1,0.623,2.658,0.06,0.25,0.06,0.25,INF,-1,1,7,0
5100,1,1,-0.038,1.185,0.00,0.11,0.00,0.11,INF,-1,1,7,0
5120,1,1,1.743,2.752,0.16,0.26,0.16,0.26,INF,-1,1,7,0
5140,1,1,0.739,2.457,0.07,0.23,0.07,0.23,INF,-1,1,7,0
5160,1,1,1.553,2.718,0.15,0.25,0.15,0.25,INF,-1,1,7,0
5180,1,1,1.692,1.867,0.16,0.17,0.16,0.17,INF,-1,1,7,0
5200,1,1,1.999,1.647,0.19,0.15,0.19,0.15,INF,-1,1,7,0
5220,1,1,1.754,1.623,0.16,0.15,0.16,0.15,INF,-1,1,7,0
5240,1,1,2.096,0.843,0.20,0.08,0.20,0.08,INF,-1,1,7,0
5260,1,1,3.602,-0.275,0.34,-0.03,0.34,-0.03,INF,-1,1,7,0
5280,1,1,1.854,1.588,0.17,0.15,0.17,0.15,INF,-1,1,7,0
5300,1,1,2.851,1.383,0.27,0.13,0.27,0.13,INF,-1,1,7,0
5320,1,1,2.828,2.559,0.26,0.24,0.26,0.24,INF,-1,1,7,0
5340,1,1,3.014,3.246,0.28,0.30,0.28,0.30,INF,-1,1,7,0
5360,1,1,3.359,0.352,0.31,0.03,0.31,0.03,INF,-1,1,7,0
5380,1,1,3.419,2.285,0.32,0.21,0.32,0.21,INF,-1,1,7,0
5400,1,1,2.589,1.718,0.24,0.16,0.24,0.16,INF,-1,1,7,0
5420,1,1,1.501,0.995,0.14,0.09,0.14,0.09,INF,-1,1,7,0
5440,1,1,2.128,2.112,0.20,0.20,0.20,0.20,INF,-1,1,7,0
5460,1,1,1.730,2.670,0.16,0.25,0.16,0.25,INF,-1,1,7,0
5480,1,1,3.308,1.178,0.31,0.11,0.31,0.11,INF,-1,1,7,0
5500,1,1,0.954,4.124,0.09,0.39,0.09,0.39,INF,-1,1,7,0
5520,1,1,4.084,2.142,0.38,0.20,0.38,0.20,INF,-1,1,7,0
5540,1,1,1.628,2.116,0.15,0.20,0.15,0.20,INF,-1,1,7,0
5560,1,1,1.859,1.357,0.17,0.13,0.17,0.13,INF,-1,1,7,0
5580,1,1,0.563,1.795,0.05,0.17,0.05,0.17,INF,-1,1,7,0
5600,1,1,3.311,1.831,0.31,0.17,0.31,0.17,INF,-1,1,7,0
5620,1,1,3.353,1.896,0.31,0.18,0.31,0.18,INF,-1,1,7,0
5640,1,1,3.481,2.494,0.33,0.23,0.33,0.23,INF,-1,1,7,0
5660,1,1,1.968,1.163,0.18,0.11,0.18,0.11,INF,-1,1,7,0
5680,1,1,3.309,3.276,0.31,0.31,0.31,0.31,INF,-1,1,7,0
5700,1,1,3.744,2.336,0.35,0.22,0.35,0.22,INF,-1,1,7,0
5720,1,1,1.351,2.472,0.13,0.23,0.13,0.23,INF,-1,1,7,0
5740,1,1,4.878,2.938,0.46,0.27,0.46,0.27,INF,-1,1,7,0
5760,1,1,4.011,1.802,0.37,0.17,0.37,0.17,INF,-1,1,7,0
5780,1,1,4.007,2.033,0.37,0.19,0.37,0.19,INF,-1,1,7,0
5800,1,1,3.801,0.848,0.36,0.08,0.36,0.08,INF,-1,1,7,0
5820,1,1,2.434,1.994,0.23,0.19,0.23,0.19,INF,-1,1,7,0
5840,1,1,3.160,1.019,0.30,0.10,0.30,0.10,INF,-1,1,7,0
5860,1,1,2.840,1.761,0.27,0.16,0.27,0.16,INF,-1,1,7,0
5880,1,1,0.455,2.795,0.04,0.26,0.04,0.26,INF,-1,1,7,0
5900,1,1,2.936,1.375,0.27,0.13,0.27,0.13,INF,-1,1,7,0
5920,1,1,3.304,0.794,0.31,0.07,0.31,0.07,INF,-1,1,7,0
5940,1,1,4.333,3.880,0.40,0.36,0.40,0.36,INF,-1,1,7,0
5960,1,1,3.490,1.373,0.33,0.13,0.33,0.13,INF,-1,1,7,0
5980,1,1,1.565,3.209,0.15,0.30,0.15,0.30,INF,-1,1,7,0
6000,1,1,4.981,1.780,0.47,0.17,0.47,0.17,INF,-1,1,7,0
6020,1,1,2.655,2.700,0.25,0.25,0.25,0.25,INF,-1,1,7,0
6040,1,1,3.782,2.531,0.35,0.24,0.35,0.24,INF,-1,1,7,0
6060,1,1,4.826,0.636,0.45,0.06,0.45,0.06,INF,-1,1,7,0
6080,1,1,4.427,2.924,0.41,0.27,0.41,0.27,INF,-1,1,7,0
6100,1,1,3.098,1.741,0.29,0.16,0.29,0.16,INF,-1,1,7,0
6120,1,1,2.014,2.507,0.19,0.23,0.19,0.23,INF,-1,1,7,0
6140,1,1,3.572,2.357,0.33,0.22,0.33,0.22,INF,-1,1,7,0
6160,1,1,4.650,0.851,0.43,0.08,0.43,0.08,INF,-1,1,7,0
6180,1,1,2.561,2.774,0.24,0.26,0.24,0.26,INF,-1,1,7,0
6200,1,1,2.477,1.851,0.23,0.17,0.23,0.17,INF,-1,1,7,0
6220,1,1,2.218,4.327,0.21,0.40,0.21,0.40,INF,-1,1,7,0
6240,1,1,3.484,3.977,0.33,0.37,0.33,0.37,INF,-1,1,7,0
6260,1,1,3.866,4.931,0.36,0.46,0.36,0.46,INF,-1,1,7,0
6280,1,1,3.248,3.977,0.30,0.37,0.30,0.37,INF,-1,1,7,0
6300,1,1,3.731,3.304,0.35,0.31,0.35,0.31,INF,-1,1,7,0
6320,1,1,4.771,4.095,0.45,0.38,0.45,0.38,INF,-1,1,7,0
6340,1,1,6.469,4.384,0.60,0.41,0.60,0.41,INF,-1,1,7,0
6360,1,1,0.156,5.130,0.01,0.48,0.01,0.48,INF,-1,1,7,0
6380,1,1,4.757,4.100,0.44,0.38,0.44,0.38,INF,-1,1,7,0
6400,1,1,2.868,5.412,0.27,0.51,0.27,0.51,INF,-1,1,7,0
6420,1,1,2.769,4.441,0.26,0.42,0.26,0.42,INF,-1,1,7,0
6440,1,1,2.446,3.564,0.23,0.33,0.23,0.33,INF,-1,1,7,0
6460,1,1,1.805,3.759,0.17,0.35,0.17,0.35,INF,-1,1,7,0
6480,1,1,3.853,2.236,0.36,0.21,0.36,0.21,INF,-1,1,7,0
6500,1,1,2.710,3.753,0.25,0.35,0.25,0.35,INF,-1,1,7,0
6520,1,1,1.159,2.355,0.11,0.22,0.11,0.22,INF,-1,1,7,0
6540,1,1,2.905,2.313,0.27,0.22,0.27,0.22,INF,-1,1,7,0
6560,1,1,1.647,3.260,0.15,0.30,0.15,0.30,INF,-1,1,7,0
6580,1,1,0.406,4.974,0.04,0.46,0.04,0.46,INF,-1,1,7,0
6600,1,1,-0.305,2.334,-0.03,0.22,-0.03,0.22,INF,-1,1,7,0
6620,1,1,1.106,2.869,0.10,0.27,0.10,0.27,INF,-1,1,7,0
6640,1,1,7.242,8.543,0.68,0.80,0.68,0.80,INF,-1,1,7,0
6660,1,1,4.319,9.949,0.40,0.93,0.40,0.93,INF,-1,1,7,0
6680,1,1,6.968,8.719,0.65,0.81,0.65,0.81,INF,-1,1,7,0
6700,1,1,6.384,6.755,0.60,0.63,0.60,0.63,INF,-1,1,7,0
6720,1,1,5.035,9.172,0.47,0.86,0.47,0.86,INF,-1,1,7,0
6740,1,1,5.288,9.284,0.49,0.87,0.49,0.87,INF,-1,1,7,0
6760,1,1,5.318,8.699,0.50,0.81,0.50,0.81,INF,-1,1,7,0
6780,1,1,7.004,8.745,0.65,0.82,0.65,0.82,INF,-1,1,7,0
6800,1,1,8.223,8.931,0.77,0.83,0.77,0.83,INF,-1,1,7,0
6820,1,1,8.913,8.960,0.83,0.84,0.83,0.84,INF,-1,1,7,0
6840,1,1,8.642,7.964,0.81,0.74,0.81,0.74,INF,-1,1,7,0
6860,1,1,6.100,7.775,0.57,0.73,0.57,0.73,INF,-1,1,7,0
6880,1,1,5.255,9.460,0.49,0.88,0.49,0.88,INF,-1,1,7,0
6900,1,1,4.685,9.576,0.44,0.89,0.44,0.89,INF,-1,1,7,0
6920,1,1,5.662,10.223,0.53,0.96,0.53,0.96,INF,-1,1,7,0
6940,1,1,7.879,11.426,0.74,1.07,0.74,1.07,INF,-1,1,7,0
6960,1,1,6.979,10.226,0.65,0.96,0.65,0.96,INF,-1,1,7,0
6980,1,1,4.425,9.894,0.41,0.92,0.41,0.92,INF,-1,1,7,0
7000,1,1,6.744,10.693,0.63,1.00,0.63,1.00,INF,-1,1,7,0
7020,1,1,8.717,11.044,0.81,1.03,0.81,1.03,INF,-1,1,7,0
7040,1,1,7.160,9.817,0.67,0.92,0.67,0.92,INF,-1,1,7,0
7060,1,1,4.750,9.561,0.44,0.89,0.44,0.89,INF,-1,1,7,0
7080,1,1,5.069,9.439,0.47,0.88,0.47,0.88,INF,-1,1,7,0
7100,1,1,4.313,10.839,0.40,1.01,0.40,1.01,INF,-1,1,7,0
7120,1,1,5.663,9.863,0.53,0.92,0.53,0.92,INF,-1,1,7,0
7140,1,1,4.382,11.368,0.41,1.06,0.41,1.06,INF,-1,1,7,0
7160,1,1,6.971,9.034,0.65,0.84,0.65,0.84,INF,-1,1,7,0
7180,1,1,6.595,7.982,0.62,0.75,0.62,0.75,INF,-1,1,7,0
7200,1,1,8.131,7.415,0.76,0.69,0.76,0.69,INF,-1,1,7,0
7220,1,1,7.240,10.632,0.68,0.99,0.68,0.99,INF,-1,1,7,0
7240,1,1,7.295,9.367,0.68,0.88,0.68,0.88,INF,-1,1,7,0
7260,1,1,3.787,10.802,0.35,1.01,0.35,1.01,INF,-1,1,7,0
7280,1,1,7.830,10.160,0.73,0.95,0.73,0.95,INF,-1,1,7,0
7300,1,1,4.948,10.336,0.46,0.97,0.46,0.97,INF,-1,1,7,0
7320,1,1,5.153,10.069,0.48,0.94,0.48,0.94,INF,-1,1,7,0
7340,1,1,6.607,9.331,0.62,0.87,0.62,0.87,INF,-1,1,7,0
7360,1,1,6.782,10.966,0.63,1.02,0.63,1.02,INF,-1,1,7,0
7380,1,1,9.149,9.050,0.86,0.85,0.86,0.85,INF,-1,1,7,0
7400,1,1,8.036,10.062,0.75,0.94,0.75,0.94,INF,-1,1,7,0
7420,1,1,5.294,10.293,0.49,0.96,0.49,0.96,INF,-1,1,7,0
7440,1,1,5.948,10.010,0.56,0.94,0.56,0.94,INF,-1,1,7,0
7460,1,1,4.538,10.471,0.42,0.98,0.42,0.98,INF,-1,1,7,0
7480,1,1,4.457,10.871,0.42,1.02,0.42,1.02,INF,-1,1,7,0
7500,1,1,3.896,10.685,0.36,1.00,0.36,1.00,INF,-1,1,7,0
7520,1,1,6.261,10.675,0.59,1.00,0.59,1.00,INF,-1,1,7,0
7540,1,1,8.669,10.113,0.81,0.95,0.81,0.95,INF,-1,1,7,0
7560,1,1,4.757,10.423,0.44,0.97,0.44,0.97,INF,-1,1,7,0
7580,1,1,6.601,11.246,0.62,1.05,0.62,1.05,INF,-1,1,7,0
7600,1,1,4.561,8.926,0.43,0.83,0.43,0.83,INF,-1,1,7,0
7620,1,1,5.049,9.990,0.47,0.93,0.47,0.93,INF,-1,1,7,0
7640,1,1,3.612,11.443,0.34,1.07,0.34,1.07,INF,-1,1,7,0
7660,1,1,5.555,12.913,0.52,1.21,0.52,1.21,INF,-1,1,7,0
7680,1,1,5.969,10.229,0.56,0.96,0.56,0.96,INF,-1,1,7,0
7700,1,1,3.859,11.657,0.36,1.09,0.36,1.09,INF,-1,1,7,0
7720,1,1,17.674,8.177,1.65,0.76,1.65,0.76,INF,-1,1,7,0
7740,1,1,26.948,11.335,2.52,1.06,2.52,1.06,INF,-1,1,7,0
7760,1,1,23.989,8.646,2.24,0.81,2.24,0.81,INF,-1,0,7,0
7780,1,1,26.590,10.855,2.48,1.01,2.48,1.01,INF,-1,0,7,0
7800,1,1,25.472,8.570,2.38,0.80,2.38,0.80,INF,-1,0,7,0
7820,1,1,25.966,7.874,2.43,0.74,2.43,0.74,INF,-1,0,7,0
7840,1,1,23.755,10.345,2.22,0.97,2.22,0.97,INF,-1,0,7,0
7860,1,1,24.236,9.541,2.26,0.89,2.26,0.89,INF,-1,0,7,0
7880,1,1,25.425,10.871,2.38,1.02,2.37,1.02,INF,-1,0,7,0
7900,1,1,25.540,9.873,2.39,0.92,2.39,0.92,INF,-1,0,7,0
7920,1,1,23.146,9.789,2.16,0.91,2.16,0.91,INF,-1,0,7,0
7940,1,1,27.301,9.691,2.55,0.90,2.55,0.91,INF,-1,0,7,0
7960,1,1,25.505,9.508,2.38,0.89,2.38,0.89,INF,-1,0,7,0
7980,1,1,26.848,9.571,2.51,0.89,2.51,0.89,INF,-1,0,7,0
8000,1,1,24.046,9.581,2.25,0.89,2.25,0.90,INF,-1,1,7,0
8020,1,1,25.872,9.254,2.42,0.86,2.42,0.86,INF,-1,1,7,0
8040,1,1,25.579,8.831,2.39,0.82,2.39,0.83,INF,-1,1,7,0
8060,1,1,26.223,9.398,2.45,0.88,2.45,0.88,INF,-1,1,7,0
8080,1,1,29.710,11.049,2.77,1.03,2.77,1.03,INF,-1,1,7,0
8100,1,1,29.080,9.862,2.72,0.92,2.72,0.92,INF,-1,1,7,0
8120,1,1,29.523,8.530,2.76,0.80,2.76,0.80,INF,-1,1,7,0
8140,1,1,30.955,11.198,2.89,1.05,2.89,1.05,INF,-1,1,7,0
8160,1,1,29.692,8.700,2.77,0.81,2.77,0.81,INF,-1,1,7,0
8180,1,1,30.527,8.281,2.85,0.77,2.85,0.77,INF,-1,1,7,0
8200,1,1,30.202,9.354,2.82,0.87,2.82,0.87,INF,-1,1,7,0
8220,1,1,28.798,8.668,2.69,0.81,2.69,0.81,INF,-1,1,7,0
8240,1,1,29.748,7.058,2.78,0.66,2.78,0.66,INF,-1,1,7,0
8260,1,1,30.844,8.664,2.88,0.81,2.88,0.81,INF,-1,1,7,0
8280,1,1,29.271,7.917,2.73,0.74,2.73,0.74,INF,-1,1,7,0
8300,1,1,29.200,8.604,2.73,0.80,2.73,0.80,INF,-1,1,7,0
8320,1,1,29.519,8.862,2.76,0.83,2.76,0.83,INF,-1,1,7,0
8340,1,1,30.093,9.754,2.81,0.91,2.81,0.91,INF,-1,1,7,0
8360,1,1,31.588,6.002,2.95,0.56,2.95,0.56,INF,-1,1,7,0
8380,1,1,29.097,7.722,2.72,0.72,2.72,0.72,INF,-1,1,7,0
8400,1,1,30.664,6.355,2.86,0.59,2.86,0.59,INF,-1,1,7,0
8420,1,1,29.555,7.833,2.76,0.73,2.76,0.73,INF,-1,1,7,0
8440,1,1,30.260,6.831,2.83,0.64,2.83,0.64,INF,-1,1,7,0
8460,1,1,31.771,5.797,2.97,0.54,2.97,0.54,INF,-1,1,7,0
8480,1,1,29.092,7.003,2.72,0.65,2.72,0.65,INF,-1,1,7,0
8500,1,1,30.680,7.315,2.87,0.68,2.87,0.68,INF,-1,1,7,0
8520,1,1,31.225,6.929,2.92,0.65,2.92,0.65,INF,-1,1,7,0
8540,1,1,30.104,6.543,2.81,0.61,2.81,0.61,INF,-1,1,7,0
8560,1,1,30.232,6.617,2.82,0.62,2.82,0.62,INF,-1,1,7,0
8580,1,1,32.391,6.218,3.02,0.58,3.02,0.58,INF,-1,1,7,0
8600,1,1,29.741,6.551,2.78,0.61,2.78,0.61,INF,-1,1,7,0
8620,1,1,29.727,6.099,2.78,0.57,2.78,0.57,INF,-1,1,7,0
8640,1,1,31.028,5.602,2.90,0.52,2.90,0.52,INF,-1,1,7,0
8660,1,1,31.243,4.600,2.92,0.43,2.92,0.43,INF,-1,1,7,0
8680,1,1,29.819,5.296,2.78,0.49,2.78,0.49,INF,-1,1,7,0
8700,1,1,32.422,4.699,3.03,0.44,3.03,0.44,INF,-1,1,7,0
8720,1,1,30.103,5.998,2.81,0.56,2.81,0.56,INF,-1,1,7,0
8740,1,1,32.035,4.458,2.99,0.42,2.99,0.42,INF,-1,1,7,0
8760,1,1,31.803,6.686,2.97,0.62,2.97,0.62,INF,-1,1,7,0
8780,1,1,31.370,5.683,2.93,0.53,2.93,0.53,INF,-1,1,7,0
8800,1,1,32.009,4.773,2.99,0.45,2.99,0.45,INF,-1,1,7,0
8820,1,1,30.581,2.705,2.86,0.25,2.86,0.25,INF,-1,1,7,0
8840,1,1,30.430,4.728,2.84,0.44,2.84,0.44,INF,-1,1,7,0
8860,1,1,30.547,2.945,2.85,0.27,2.85,0.28,INF,-1,1,7,0
8880,1,1,29.415,3.869,2.75,0.36,2.75,0.36,INF,-1,1,7,0
8900,1,1,30.460,4.263,2.84,0.40,2.84,0.40,INF,-1,1,7,0
8920,1,1,30.615,1.347,2.86,0.13,2.86,0.13,INF,-1,1,7,0
8940,1,1,30.499,0.661,2.85,0.06,2.85,0.06,INF,-1,1,7,0
8960,1,1,31.721,2.990,2.96,0.28,2.96,0.28,INF,-1,1,7,0
8980,1,1,29.227,3.112,2.73,0.29,2.73,0.29,INF,-1,1,7,0
9000,1,1,29.585,3.086,2.76,0.29,2.76,0.29,INF,-1,1,7,0
9020,1,1,29.773,2.142,2.78,0.20,2.78,0.20,INF,-1,1,7,0
9040,1,1,29.338,3.128,2.74,0.29,2.74,0.29,INF,-1,1,7,0
9060,1,1,30.023,2.320,2.80,0.22,2.80,0.22,INF,-1,1,7,0
9080,1,1,31.182,2.328,2.91,0.22,2.91,0.22,INF,-1,1,7,0
9100,1,1,31.271,2.556,2.92,0.24,2.92,0.24,INF,-1,1,7,0
9120,1,1,31.947,2.862,2.98,0.27,2.98,0.27,INF,-1,1,7,0
9140,1,1,28.924,2.406,2.70,0.22,2.70,0.22,INF,-1,1,7,0
9160,1,1,28.642,2.951,2.68,0.28,2.68,0.28,INF,-1,1,7,0
9180,1,1,28.364,3.068,2.65,0.29,2.65,0.29,INF,-1,1,7,0
9200,1,1,28.117,3.561,2.63,0.33,2.63,0.33,INF,-1,1,7,0
9220,1,1,29.492,3.160,2.75,0.29,2.75,0.30,INF,-1,1,7,0
9240,1,1,30.428,4.090,2.84,0.38,2.84,0.38,INF,-1,1,7,0
9260,1,1,29.216,5.326,2.73,0.50,2.73,0.50,INF,-1,1,7,0
9280,1,1,30.176,5.006,2.82,0.47,2.82,0.47,INF,-1,1,7,0
9300,1,1,29.885,6.406,2.79,0.60,2.79,0.60,INF,-1,1,7,0
9320,1,1,28.803,5.366,2.69,0.50,2.69,0.50,INF,-1,1,7,0
9340,1,1,29.854,4.412,2.79,0.41,2.79,0.41,INF,-1,1,7,0
9360,1,1,30.150,4.434,2.82,0.41,2.82,0.41,INF,-1,1,7,0
9380,1,1,31.997,3.903,2.99,0.36,2.99,0.36,INF,-1,1,7,0
9400,1,1,30.636,4.727,2.86,0.44,2.86,0.44,INF,-1,1,7,0
9420,1,1,28.519,5.209,2.66,0.49,2.66,0.49,INF,-1,1,7,0
9440,1,1,29.812,3.974,2.78,0.37,2.78,0.37,INF,-1,1,7,0
9460,1,1,24.855,4.861,2.32,0.45,2.32,0.45,INF,-1,1,7,0
9480,1,1,6.427,9.571,0.60,0.89,0.60,0.89,INF,-1,1,7,0
9500,1,1,4.799,10.004,0.45,0.93,0.45,0.93,INF,-1,1,7,0
9520,1,1,5.955,7.458,0.56,0.70,0.56,0.70,INF,-1,0,7,0
9540,1,1,6.901,8.774,0.64,0.82,0.64,0.82,INF,-1,0,7,0
9560,1,1,5.279,8.398,0.49,0.78,0.49,0.78,INF,-1,0,7,0
9580,1,1,5.740,7.313,0.54,0.68,0.54,0.68,INF,-1,0,7,0
9600,1,1,5.626,6.422,0.53,0.60,0.53,0.60,INF,-1,0,7,0
9620,1,1,8.398,7.828,0.78,0.73,0.78,0.73,INF,-1,0,7,0
9640,1,1,5.229,7.444,0.49,0.70,0.49,0.70,INF,-1,0,7,0
9660,1,1,6.748,6.558,0.63,0.61,0.63,0.61,INF,-1,0,7,0
9680,1,1,6.536,9.809,0.61,0.92,0.61,0.92,INF,-1,0,7,0
9700,1,1,6.160,7.243,0.58,0.68,0.58,0.68,INF,-1,0,7,0
9720,1,1,6.346,7.633,0.59,0.71,0.59,0.71,INF,-1,0,7,0
9740,1,1,4.517,8.372,0.42,0.78,0.42,0.78,INF,-1,0,7,0
9760,1,1,6.134,5.758,0.57,0.54,0.57,0.54,INF,-1,1,7,0
9780,1,1,5.594,7.106,0.52,0.66,0.52,0.66,INF,-1,1,7,0
9800,1,1,6.749,8.975,0.63,0.84,0.63,0.84,INF,-1,1,7,0
9820,1,1,5.665,8.138,0.53,0.76,0.53,0.76,INF,-1,1,7,0
9840,1,1,6.223,7.534,0.58,0.70,0.58,0.70,INF,-1,1,7,0
9860,1,1,5.239,8.405,0.49,0.79,0.49,0.79,INF,-1,1,7,0
9880,1,1,7.503,8.614,0.70,0.81,0.70,0.81,INF,-1,1,7,0
9900,1,1,5.538,9.285,0.52,0.87,0.52,0.87,INF,-1,1,7,0
9920,1,1,4.299,7.919,0.40,0.74,0.40,0.74,INF,-1,1,7,0
9940,1,1,5.510,7.910,0.52,0.74,0.51,0.74,INF,-1,1,7,0
9960,1,1,3.040,8.782,0.28,0.82,0.28,0.82,INF,-1,1,7,0
9980,1,1,5.316,8.971,0.50,0.84,0.50,0.84,INF,-1,1,7,0
10000,1,1,5.856,7.652,0.55,0.72,0.55,0.72,INF,-1,1,7,0
10020,1,1,4.251,8.938,0.40,0.84,0.40,0.84,INF,-1,1,7,0
10040,1,1,4.243,6.747,0.40,0.63,0.40,0.63,INF,-1,1,7,0
10060,1,1,6.075,7.594,0.57,0.71,0.57,0.71,INF,-1,1,7,0
10080,1,1,5.351,10.282,0.50,0.96,0.50,0.96,INF,-1,1,7,0
10100,1,1,5.764,8.225,0.54,0.77,0.54,0.77,INF,-1,1,7,0
10120,1,1,6.823,8.895,0.64,0.83,0.64,0.83,INF,-1,1,7,0
10140,1,1,5.214,9.234,0.49,0.86,0.49,0.86,INF,-1,1,7,0
10160,1,1,4.510,9.722,0.42,0.91,0.42,0.91,INF,-1,1,7,0
10180,1,1,3.778,7.947,0.35,0.74,0.35,0.74,INF,-1,1,7,0
10200,1,1,3.005,9.083,0.28,0.85,0.28,0.85,INF,-1,1,7,0
10220,1,1,4.237,7.499,0.40,0.70,0.40,0.70,INF,-1,1,7,0
10240,1,1,7.006,8.216,0.65,0.77,0.65,0.77,INF,-1,1,7,0
10260,1,1,2.993,8.017,0.28,0.75,0.28,0.75,INF,-1,1,7,0
10280,1,1,5.146,8.125,0.48,0.76,0.48,0.76,INF,-1,1,7,0
10300,1,1,6.670,6.275,0.62,0.59,0.62,0.59,INF,-1,1,7,0
10320,1,1,6.050,7.480,0.57,0.70,0.57,0.70,INF,-1,1,7,0
10340,1,1,5.575,7.353,0.52,0.69,0.52,0.69,INF,-1,1,7,0
10360,1,1,6.171,7.025,0.58,0.66,0.58,0.66,INF,-1,1,7,0
10380,1,1,3.960,8.184,0.37,0.76,0.37,0.76,INF,-1,1,7,0
10400,1,1,7.601,9.134,0.71,0.85,0.71,0.85,INF,-1,1,7,0
10420,1,1,5.139,7.835,0.48,0.73,0.48,0.73,INF,-1,1,7,0
10440,1,1,8.318,8.698,0.78,0.81,0.78,0.81,INF,-1,1,7,0
10460,1,1,6.436,10.453,0.60,0.98,0.60,0.98,INF,-1,1,7,0
10480,1,1,6.419,9.988,0.60,0.93,0.60,0.93,INF,-1,1,7,0
10500,1,1,6.856,8.330,0.64,0.78,0.64,0.78,INF,-1,1,7,0
10520,1,1,4.232,6.998,0.40,0.65,0.40,0.65,INF,-1,1,7,0
10540,1,1,6.260,10.946,0.59,1.02,0.59,1.02,INF,-1,1,7,0
10560,1,1,5.198,8.785,0.49,0.82,0.49,0.82,INF,-1,1,7,0
10580,1,1,7.108,9.797,0.66,0.92,0.66,0.92,INF,-1,1,7,0
10600,1,1,6.318,8.663,0.59,0.81,0.59,0.81,INF,-1,1,7,0
10620,1,1,6.973,9.200,0.65,0.86,0.65,0.86,INF,-1,1,7,0
10640,1,1,7.179,9.729,0.67,0.91,0.67,0.91,INF,-1,1,7,0
10660,1,1,5.837,9.795,0.55,0.92,0.55,0.92,INF,-1,1,7,0
10680,1,1,5.611,10.207,0.52,0.95,0.52,0.95,INF,-1,1,7,0
10700,1,1,8.352,9.604,0.78,0.90,0.78,0.90,INF,-1,1,7,0
10720,1,1,4.932,9.337,0.46,0.87,0.46,0.87,INF,-1,1,7,0
10740,1,1,5.916,11.796,0.55,1.10,0.55,1.10,INF,-1,1,7,0
10760,1,1,5.232,9.462,0.49,0.88,0.49,0.88,INF,-1,1,7,0
10780,1,1,5.634,9.030,0.53,0.84,0.53,0.84,INF,-1,1,7,0
10800,1,1,6.997,8.891,0.65,0.83,0.65,0.83,INF,-1,1,7,0
10820,1,1,5.559,10.020,0.52,0.94,0.52,0.94,INF,-1,1,7,0
10840,1,1,4.251,10.019,0.40,0.94,0.40,0.94,INF,-1,1,7,0
10860,1,1,4.659,10.177,0.44,0.95,0.44,0.95,INF,-1,1,7,0
10880,1,1,4.340,9.837,0.41,0.92,0.41,0.92,INF,-1,1,7,0
10900,1,1,7.180,8.318,0.67,0.78,0.67,0.78,INF,-1,1,7,0
10920,1,1,5.571,9.111,0.52,0.85,0.52,0.85,INF,-1,1,7,0
10940,1,1,5.837,8.985,0.55,0.84,0.55,0.84,INF,-1,1,7,0
10960,1,1,5.351,9.556,0.50,0.89,0.50,0.89,INF,-1,1,7,0
10980,1,1,6.678,7.366,0.62,0.69,0.62,0.69,INF,-1,1,7,0
11000,1,1,6.807,7.857,0.64,0.73,0.64,0.73,INF,-1,1,7,0
11020,1,1,8.417,8.547,0.79,0.80,0.79,0.80,INF,-1,1,7,0
11040,1,1,8.198,10.198,0.77,0.95,0.77,0.95,INF,-1,1,7,0
11060,1,1,7.235,7.330,0.68,0.69,0.68,0.69,INF,-1,1,7,0
11080,1,1,9.210,8.670,0.86,0.81,0.86,0.81,INF,-1,1,7,0
11100,1,1,7.700,8.461,0.72,0.79,0.72,0.79,INF,-1,1,7,0
11120,1,1,5.264,10.569,0.49,0.99,0.49,0.99,INF,-1,1,7,0
11140,1,1,4.733,8.980,0.44,0.84,0.44,0.84,INF,-1,1,7,0
11160,1,1,3.952,8.542,0.37,0.80,0.37,0.80,INF,-1,1,7,0
11180,1,1,2.670,11.427,0.25,1.07,0.25,1.07,INF,-1,1,7,0
11200,1,1,4.938,8.644,0.46,0.81,0.46,0.81,INF,-1,1,7,0
11220,1,1,5.334,8.990,0.50,0.84,0.50,0.84,INF,-1,1,7,0
11240,1,1,3.497,9.007,0.33,0.84,0.33,0.84,INF,-1,1,7,0
11260,1,1,4.353,8.610,0.41,0.80,0.41,0.80,INF,-1,1,7,0
11280,1,1,3.979,9.685,0.37,0.91,0.37,0.91,INF,-1,1,7,0
11300,1,1,5.631,9.638,0.53,0.90,0.53,0.90,INF,-1,1,7,0
11320,1,1,4.724,10.123,0.44,0.95,0.44,0.95,INF,-1,1,7,0
11340,1,1,2.331,11.695,0.22,1.09,0.22,1.09,INF,-1,1,7,0
11360,1,1,5.268,10.730,0.49,1.00,0.49,1.00,INF,-1,1,7,0
11380,1,1,3.505,9.366,0.33,0.88,0.33,0.88,INF,-1,1,7,0
11400,1,1,3.248,10.422,0.30,0.97,0.30,0.97,INF,-1,1,7,0
11420,1,1,2.658,11.961,0.25,1.12,0.25,1.12,INF,-1,1,7,0
11440,1,1,2.504,10.548,0.23,0.99,0.23,0.99,INF,-1,1,7,0
11460,1,1,5.003,10.003,0.47,0.93,0.47,0.93,INF,-1,1,7,0
11480,1,1,4.765,10.113,0.45,0.95,0.45,0.95,INF,-1,1,7,0
11500,1,1,1.915,11.394,0.18,1.06,0.18,1.06,INF,-1,1,7,0
11520,1,1,4.234,11.809,0.40,1.10,0.40,1.10,INF,-1,1,7,0
11540,1,1,3.325,11.298,0.31,1.06,0.31,1.06,INF,-1,1,7,0
11560,1,1,3.649,9.725,0.34,0.91,0.34,0.91,INF,-1,1,7,0
11580,1,1,5.460,9.351,0.51,0.87,0.51,0.87,INF,-1,1,7,0
11600,1,1,3.163,11.228,0.30,1.05,0.30,1.05,INF,-1,1,7,0
11620,1,1,4.213,10.415,0.39,0.97,0.39,0.97,INF,-1,1,7,0
11640,1,1,4.059,10.691,0.38,1.00,0.38,1.00,INF,-1,1,7,0
11660,1,1,4.949,11.220,0.46,1.05,0.46,1.05,INF,-1,1,7,0
11680,1,1,5.026,12.642,0.47,1.18,0.47,1.18,INF,-1,1,7,0
11700,1,1,4.199,12.154,0.39,1.14,0.39,1.14,INF,-1,1,7,0
11720,1,1,4.050,12.304,0.38,1.15,0.38,1.15,INF,-1,1,7,0
11740,1,1,5.833,11.871,0.55,1.11,0.55,1.11,INF,-1,1,7,0
11760,1,1,3.249,12.771,0.30,1.19,0.30,1.19,INF,-1,1,7,0
11780,1,1,3.280,12.322,0.31,1.15,0.31,1.15,INF,-1,1,7,0
11800,1,1,3.634,11.212,0.34,1.05,0.34,1.05,INF,-1,1,7,0
11820,1,1,4.848,11.931,0.45,1.11,0.45,1.11,INF,-1,1,7,0
11840,1,1,3.552,11.884,0.33,1.11,0.33,1.11,INF,-1,1,7,0
11860,1,1,4.865,11.072,0.45,1.03,0.45,1.03,INF,-1,1,7,0
11880,1,1,6.169,11.895,0.58,1.11,0.58,1.11,INF,-1,1,7,0
11900,1,1,4.985,11.770,0.47,1.10,0.47,1.10,INF,-1,1,7,0
11920,1,1,2.883,11.628,0.27,1.09,0.27,1.09,INF,-1,1,7,0
11940,1,1,1.691,11.047,0.16,1.03,0.16,1.03,INF,-1,1,7,0
11960,1,1,3.754,11.471,0.35,1.07,0.35,1.07,INF,-1,1,7,0
11980,1,1,2.369,11.921,0.22,1.11,0.22,1.11,INF,-1,1,7,0
12000,1,1,3.767,11.075,0.35,1.03,0.35,1.04,INF,-1,1,7,0
12020,1,1,3.750,10.747,0.35,1.00,0.35,1.00,INF,-1,1,7,0
12040,1,1,3.266,11.604,0.31,1.08,0.31,1.08,INF,-1,1,7,0
12060,1,1,2.606,11.190,0.24,1.05,0.24,1.05,INF,-1,1,7,0
12080,1,1,6.560,11.458,0.61,1.07,0.61,1.07,INF,-1,1,7,0
12100,1,1,3.268,12.060,0.31,1.13,0.31,1.13,INF,-1,1,7,0
12120,1,1,2.036,11.889,0.19,1.11,0.19,1.11,INF,-1,1,7,0
12140,1,1,2.577,11.927,0.24,1.11,0.24,1.11,INF,-1,1,7,0
12160,1,1,2.567,11.833,0.24,1.11,0.24,1.11,INF,-1,1,7,0
12180,1,1,3.537,11.562,0.33,1.08,0.33,1.08,INF,-1,1,7,0
12200,1,1,2.699,10.921,0.25,1.02,0.25,1.02,INF,-1,1,7,0
12220,1,1,5.406,12.402,0.51,1.16,0.51,1.16,INF,-1,1,7,0
12240,1,1,2.714,13.222,0.25,1.24,0.25,1.24,INF,-1,1,7,0
12260,1,1,3.574,9.930,0.33,0.93,0.33,0.93,INF,-1,1,7,0
12280,1,1,3.279,11.927,0.31,1.11,0.31,1.11,INF,-1,1,7,0
12300,1,1,4.480,10.554,0.42,0.99,0.42,0.99,INF,-1,1,7,0
12320,1,1,5.284,12.102,0.49,1.13,0.49,1.13,INF,-1,1,7,0
12340,1,1,4.086,11.203,0.38,1.05,0.38,1.05,INF,-1,1,7,0
12360,1,1,3.890,10.006,0.36,0.94,0.36,0.94,INF,-1,1,7,0
12380,1,1,2.339,9.565,0.22,0.89,0.22,0.89,INF,-1,1,7,0
12400,1,1,4.916,11.170,0.46,1.04,0.46,1.04,INF,-1,1,7,0
12420,1,1,4.684,10.349,0.44,0.97,0.44,0.97,INF,-1,1,7,0
12440,1,1,4.702,11.006,0.44,1.03,0.44,1.03,INF,-1,1,7,0
12460,1,1,6.588,12.680,0.62,1.18,0.62,1.19,INF,-1,1,7,0
12480,1,1,5.234,11.568,0.49,1.08,0.49,1.08,INF,-1,1,7,0
12500,1,1,4.592,11.529,0.43,1.08,0.43,1.08,INF,-1,1,7,0
12520,1,1,3.286,11.564,0.31,1.08,0.31,1.08,INF,-1,1,7,0
12540,1,1,5.903,11.581,0.55,1.08,0.55,1.08,INF,-1,1,7,0
12560,1,1,5.481,11.829,0.51,1.11,0.51,1.11,INF,-1,1,7,0
12580,1,1,4.769,11.381,0.45,1.06,0.45,1.06,INF,-1,1,7,0
12600,1,1,5.664,10.777,0.53,1.01,0.53,1.01,INF,-1,1,7,0
12620,1,1,5.762,11.735,0.54,1.10,0.54,1.10,INF,-1,1,7,0
12640,1,1,4.213,11.608,0.39,1.08,0.39,1.08,INF,-1,1,7,0
12660,1,1,3.892,10.357,0.36,0.97,0.36,0.97,INF,-1,1,7,0
12680,1,1,3.408,12.431,0.32,1.16,0.32,1.16,INF,-1,1,7,0
12700,1,1,4.969,12.981,0.46,1.21,0.46,1.21,INF,-1,1,7,0
12720,1,1,3.678,11.602,0.34,1.08,0.34,1.08,INF,-1,1,7,0
12740,1,1,4.056,12.367,0.38,1.16,0.38,1.16,INF,-1,1,7,0
12760,1,1,4.493,11.681,0.42,1.09,0.42,1.09,INF,-1,1,7,0
12780,1,1,4.517,12.384,0.42,1.16,0.42,1.16,INF,-1,1,7,0
12800,1,1,5.927,11.894,0.55,1.11,0.55,1.11,INF,-1,1,7,0
12820,1,1,4.873,12.515,0.46,1.17,0.46,1.17,INF,-1,1,7,0
12840,1,1,2.783,12.873,0.26,1.20,0.26,1.20,INF,-1,1,7,0
12860,1,1,3.105,12.152,0.29,1.14,0.29,1.14,INF,-1,1,7,0
12880,1,1,3.470,10.821,0.32,1.01,0.32,1.01,INF,-1,1,7,0
12900,1,1,3.219,10.506,0.30,0.98,0.30,0.98,INF,-1,1,7,0
12920,1,1,7.784,10.049,0.73,0.94,0.73,0.94,INF,-1,1,7,0
12940,1,1,4.697,10.454,0.44,0.98,0.44,0.98,INF,-1,1,7,0
12960,1,1,3.723,10.538,0.35,0.98,0.35,0.98,INF,-1,1,7,0
12980,1,1,4.313,11.803,0.40,1.10,0.40,1.10,INF,-1,1,7,0
13000,1,1,1.548,10.484,0.14,0.98,0.14,0.98,INF,-1,1,7,0
13020,1,1,5.880,10.630,0.55,0.99,0.55,0.99,INF,-1,1,7,0
13040,1,1,1.677,11.885,0.16,1.11,0.16,1.11,INF,-1,1,7,0
13060,1,1,3.463,11.259,0.32,1.05,0.32,1.05,INF,-1,1,7,0
13080,1,1,2.306,12.447,0.22,1.16,0.22,1.16,INF,-1,1,7,0
13100,1,1,3.769,12.270,0.35,1.15,0.35,1.15,INF,-1,1,7,0
13120,1,1,3.442,11.124,0.32,1.04,0.32,1.04,INF,-1,1,7,0
13140,1,1,4.339,12.398,0.41,1.16,0.41,1.16,INF,-1,1,7,0
13160,1,1,3.705,13.175,0.35,1.23,0.35,1.23,INF,-1,1,7,0
13180,1,1,5.235,11.059,0.49,1.03,0.49,1.03,INF,-1,1,7,0
13200,1,1,4.217,12.516,0.39,1.17,0.39,1.17,INF,-1,1,7,0
13220,1,1,4.942,11.825,0.46,1.11,0.46,1.11,INF,-1,1,7,0
13240,1,1,3.377,11.083,0.32,1.04,0.32,1.04,INF,-1,1,7,0
13260,1,1,4.828,11.491,0.45,1.07,0.45,1.07,INF,-1,1,7,0
13280,1,1,6.010,12.829,0.56,1.20,0.56,1.20,INF,-1,1,7,0
13300,1,1,6.436,11.236,0.60,1.05,0.60,1.05,INF,-1,1,7,0
13320,1,1,3.274,12.888,0.31,1.20,0.31,1.20,INF,-1,1,7,0
13340,1,1,3.942,12.533,0.37,1.17,0.37,1.17,INF,-1,1,7,0
13360,1,1,3.791,12.785,0.35,1.19,0.35,1.19,INF,-1,1,7,0
13380,1,1,4.586,12.301,0.43,1.15,0.43,1.15,INF,-1,1,7,0
13400,1,1,3.296,11.548,0.31,1.08,0.31,1.08,INF,-1,1,7,0
13420,1,1,3.396,11.900,0.32,1.11,0.32,1.11,INF,-1,1,7,0
13440,1,1,3.936,12.468,0.37,1.17,0.37,1.17,INF,-1,1,7,0
13460,1,1,5.077,11.141,0.47,1.04,0.47,1.04,INF,-1,1,7,0
13480,1,1,6.127,11.591,0.57,1.08,0.57,1.08,INF,-1,1,7,0
13500,1,1,4.674,11.787,0.44,1.10,0.44,1.10,INF,-1,1,7,0
13520,1,1,4.340,12.242,0.41,1.14,0.41,1.14,INF,-1,1,7,0
13540,1,1,5.242,11.305,0.49,1.06,0.49,1.06,INF,-1,1,7,0
13560,1,1,2.289,12.379,0.21,1.16,0.21,1.16,INF,-1,1,7,0
13580,1,1,4.972,12.058,0.46,1.13,0.46,1.13,INF,-1,1,7,0
13600,1,1,5.371,11.335,0.50,1.06,0.50,1.06,INF,-1,1,7,0
13620,1,1,4.763,12.469,0.45,1.17,0.45,1.17,INF,-1,1,7,0
13640,1,1,4.975,13.432,0.47,1.26,0.46,1.26,INF,-1,1,7,0
13660,1,1,4.533,12.054,0.42,1.13,0.42,1.13,INF,-1,1,7,0
13680,1,1,3.764,12.980,0.35,1.21,0.35,1.21,INF,-1,1,7,0
13700,1,1,4.541,11.123,0.42,1.04,0.42,1.04,INF,-1,1,7,0
13720,1,1,4.126,12.777,0.39,1.19,0.39,1.19,INF,-1,1,7,0
13740,1,1,3.286,12.640,0.31,1.18,0.31,1.18,INF,-1,1,7,0
13760,1,1,2.013,12.277,0.19,1.15,0.19,1.15,INF,-1,1,7,0
13780,1,1,4.603,13.841,0.43,1.29,0.43,1.29,INF,-1,1,7,0
13800,1,1,5.044,12.277,0.47,1.15,0.47,1.15,INF,-1,1,7,0
13820,1,1,4.810,11.801,0.45,1.10,0.45,1.10,INF,-1,1,7,0
13840,1,1,3.425,11.527,0.32,1.08,0.32,1.08,INF,-1,1,7,0
13860,1,1,5.883,10.653,0.55,1.00,0.55,1.00,INF,-1,1,7,0
13880,1,1,5.099,11.156,0.48,1.04,0.48,1.04,INF,-1,1,7,0
13900,1,1,2.756,12.281,0.26,1.15,0.26,1.15,INF,-1,1,7,0
13920,1,1,3.551,12.088,0.33,1.13,0.33,1.13,INF,-1,1,7,0
13940,1,1,5.106,11.014,0.48,1.03,0.48,1.03,INF,-1,1,7,0
13960,1,1,4.153,10.875,0.39,1.02,0.39,1.02,INF,-1,1,7,0
13980,1,1,3.888,10.760,0.36,1.01,0.36,1.01,INF,-1,1,7,0
14000,1,1,1.757,11.343,0.16,1.06,0.16,1.06,INF,-1,1,7,0
14020,1,1,2.347,11.105,0.22,1.04,0.22,1.04,INF,-1,1,7,0
14040,1,1,2.640,10.656,0.25,1.00,0.25,1.00,INF,-1,1,7,0
14060,1,1,3.774,10.739,0.35,1.00,0.35,1.00,INF,-1,1,7,0
14080,1,1,3.873,10.782,0.36,1.01,0.36,1.01,INF,-1,1,7,0
14100,1,1,4.575,10.566,0.43,0.99,0.43,0.99,INF,-1,1,7,0
14120,1,1,2.464,12.000,0.23,1.12,0.23,1.12,INF,-1,1,7,0
14140,1,1,2.158,11.772,0.20,1.10,0.20,1.10,INF,-1,1,7,0
14160,1,1,4.583,11.637,0.43,1.09,0.43,1.09,INF,-1,1,7,0
14180,1,1,6.093,11.090,0.57,1.04,0.57,1.04,INF,-1,1,7,0
14200,1,1,3.966,10.576,0.37,0.99,0.37,0.99,INF,-1,1,7,0
14220,1,1,3.927,10.590,0.37,0.99,0.37,0.99,INF,-1,1,7,0
14240,1,1,4.299,10.135,0.40,0.95,0.40,0.95,INF,-1,1,7,0
14260,1,1,2.943,12.622,0.28,1.18,0.27,1.18,INF,-1,1,7,0
14280,1,1,2.844,9.344,0.27,0.87,0.27,0.87,INF,-1,1,7,0
14300,1,1,3.721,10.626,0.35,0.99,0.35,0.99,INF,-1,1,7,0
14320,1,1,3.637,9.911,0.34,0.93,0.34,0.93,INF,-1,1,7,0
14340,1,1,4.345,9.855,0.41,0.92,0.41,0.92,INF,-1,1,7,0
14360,1,1,3.498,10.788,0.33,1.01,0.33,1.01,INF,-1,1,7,0
14380,1,1,2.222,8.697,0.21,0.81,0.21,0.81,INF,-1,1,7,0
14400,1,1,2.500,9.634,0.23,0.90,0.23,0.90,INF,-1,1,7,0
14420,1,1,1.994,9.130,0.19,0.85,0.19,0.85,INF,-1,1,7,0
14440,1,1,4.001,8.879,0.37,0.83,0.37,0.83,INF,-1,1,7,0
14460,1,1,3.759,8.551,0.35,0.80,0.35,0.80,INF,-1,1,7,0
14480,1,1,1.956,10.020,0.18,0.94,0.18,0.94,INF,-1,1,7,0
14500,1,1,3.167,11.562,0.30,1.08,0.30,1.08,INF,-1,1,7,0
14520,1,1,4.591,9.193,0.43,0.86,0.43,0.86,INF,-1,1,7,0
14540,1,1,1.372,9.905,0.13,0.93,0.13,0.93,INF,-1,1,7,0
14560,1,1,4.184,8.778,0.39,0.82,0.39,0.82,INF,-1,1,7,0
14580,1,1,3.589,9.383,0.34,0.88,0.34,0.88,INF,-1,1,7,0
14600,1,1,4.088,12.707,0.38,1.19,0.38,1.19,INF,-1,1,7,0
14620,1,1,5.437,8.836,0.51,0.83,0.51,0.83,INF,-1,1,7,0
14640,1,1,4.746,10.990,0.44,1.03,0.44,1.03,INF,-1,1,7,0
14660,1,1,3.591,11.139,0.34,1.04,0.34,1.04,INF,-1,1,7,0
14680,1,1,5.157,10.544,0.48,0.99,0.48,0.99,INF,-1,1,7,0
14700,1,1,6.138,9.801,0.57,0.92,0.57,0.92,INF,-1,1,7,0
14720,1,1,5.629,10.150,0.53,0.95,0.53,0.95,INF,-1,1,7,0
14740,1,1,6.049,9.468,0.57,0.88,0.57,0.88,INF,-1,1,7,0
14760,1,1,5.072,10.817,0.47,1.01,0.47,1.01,INF,-1,1,7,0
14780,1,1,7.851,10.911,0.73,1.02,0.73,1.02,INF,-1,1,7,0
14800,1,1,7.883,12.350,0.74,1.15,0.74,1.15,INF,-1,1,7,0
14820,1,1,3.961,10.633,0.37,0.99,0.37,0.99,INF,-1,1,7,0
14840,1,1,6.353,10.223,0.59,0.96,0.59,0.96,INF,-1,1,7,0
14860,1,1,4.682,10.988,0.44,1.03,0.44,1.03,INF,-1,1,7,0
14880,1,1,4.538,11.420,0.42,1.07,0.42,1.07,INF,-1,1,7,0
14900,1,1,5.059,10.888,0.47,1.02,0.47,1.02,INF,-1,1,7,0
14920,1,1,6.410,11.348,0.60,1.06,0.60,1.06,INF,-1,1,7,0
14940,1,1,7.812,11.180,0.73,1.04,0.73,1.04,INF,-1,1,7,0
14960,1,1,4.691,10.424,0.44,0.97,0.44,0.97,INF,-1,1,7,0
14980,1,1,4.544,10.698,0.42,1.00,0.42,1.00,INF,-1,1,7,0
15000,1,1,7.019,11.710,0.66,1.09,0.66,1.09,INF,-1,1,7,0
