"EyeTracker Toolbox version","3.250"
CalibrationParameters_A11,1.06845
CalibrationParameters_A12,0.08160
CalibrationParameters_A13,-0.01719
CalibrationParameters_A21,0.05496
CalibrationParameters_A22,-1.10441
CalibrationParameters_A23,0.02628
CalibrationParameters_A31,-0.00005
CalibrationParameters_A32,-0.00098
CalibrationParameters_E11,-0.17986
CalibrationParameters_E12,-0.00007
CalibrationParameters_E21,-0.00005
CalibrationParameters_E22,0.20021
CalibrationParameters_X,-22.16349
CalibrationParameters_Y,-34.31419
CalibrationParameters_Rpc,86.15051
CalibrationParameters_MeanX,139.63568
CalibrationParameters_MeanY,131.71303
CalibrationParameters_ViewDist,613.00000
TimeStamp,Tracked,Calibrated,ScreenPositionXmm,ScreenPositionYmm,FicksLongitude,FicksLatitude,HelmholtzAzimuth,HelmholtzElevation,PupilDiameter,Region,Fixation,DigitalIO,Dropped
0,1,1,-1.797,-5.851,-0.17,-0.55,-0.17,-0.55,INF,-1,0,7,0
20,1,1,-2.755,-4.456,-0.26,-0.42,-0.26,-0.42,INF,-1,0,7,0
40,1,1,-2.367,-4.806,-0.22,-0.45,-0.22,-0.45,INF,-1,0,7,0
60,1,1,-2.509,-4.691,-0.23,-0.44,-0.23,-0.44,INF,-1,0,7,0
80,1,1,-3.090,-3.654,-0.29,-0.34,-0.29,-0.34,INF,-1,0,7,0
100,1,1,-2.135,-6.460,-0.20,-0.60,-0.20,-0.60,INF,-1,0,7,0
120,1,1,-2.910,-4.660,-0.27,-0.44,-0.27,-0.44,INF,-1,0,7,0
140,1,1,-2.124,-5.323,-0.20,-0.50,-0.20,-0.50,INF,-1,0,7,0
160,1,1,-2.115,-6.605,-0.20,-0.62,-0.20,-0.62,INF,-1,0,7,0
180,1,1,-3.485,-6.303,-0.33,-0.59,-0.33,-0.59,INF,-1,0,7,0
200,1,1,-2.135,-5.946,-0.20,-0.56,-0.20,-0.56,INF,-1,0,7,0
220,1,1,-3.037,-5.752,-0.28,-0.54,-0.28,-0.54,INF,-1,0,7,0
240,1,1,-3.685,-5.117,-0.34,-0.48,-0.34,-0.48,INF,-1,0,7,0
260,1,1,-3.252,-6.012,-0.30,-0.56,-0.30,-0.56,INF,-1,0,7,0
280,1,1,-3.308,-4.515,-0.31,-0.42,-0.31,-0.42,INF,-1,1,7,0
300,0,1,0.000,0.000,0.00,0.00,0.00,0.00,0.00,-1,1,7,0
320,1,1,6.412,9.218,0.60,0.86,0.60,0.86,INF,-1,1,7,0
340,1,1,4.942,6.420,0.46,0.60,0.46,0.60,INF,-1,1,7,0
360,1,1,5.955,8.038,0.56,0.75,0.56,0.75,INF,-1,1,7,0
380,1,1,5.779,8.209,0.54,0.77,0.54,0.77,INF,-1,0,7,0
400,1,1,5.663,7.434,0.53,0.69,0.53,0.69,INF,-1,0,7,0
420,1,1,6.505,8.382,0.61,0.78,0.61,0.78,INF,-1,0,7,0
440,1,1,6.838,9.518,0.64,0.89,0.64,0.89,INF,-1,0,7,0
460,1,1,5.309,10.601,0.50,0.99,0.50,0.99,INF,-1,0,7,0
480,1,1,7.016,9.436,0.66,0.88,0.66,0.88,INF,-1,0,7,0
500,1,1,7.183,9.544,0.67,0.89,0.67,0.89,INF,-1,0,7,0
520,1,1,5.920,9.926,0.55,0.93,0.55,0.93,INF,-1,0,7,0
540,1,1,6.795,10.943,0.64,1.02,0.64,1.02,INF,-1,0,7,0
560,1,1,7.799,9.528,0.73,0.89,0.73,0.89,INF,-1,0,7,0
580,1,1,6.652,10.156,0.62,0.95,0.62,0.95,INF,-1,0,7,0
600,1,1,7.099,9.007,0.66,0.84,0.66,0.84,INF,-1,1,7,0
620,1,1,8.314,10.212,0.78,0.95,0.78,0.95,INF,-1,1,7,0
640,1,1,9.078,8.948,0.85,0.84,0.85,0.84,INF,-1,1,7,0
660,1,1,8.638,9.319,0.81,0.87,0.81,0.87,INF,-1,1,7,0
680,1,1,7.002,9.908,0.65,0.93,0.65,0.93,INF,-1,1,7,0
700,1,1,9.025,9.454,0.84,0.88,0.84,0.88,INF,-1,1,7,0
720,1,1,6.798,9.652,0.64,0.90,0.64,0.90,INF,-1,1,7,0
740,1,1,8.737,10.194,0.82,0.95,0.82,0.95,INF,-1,1,7,0
760,1,1,8.724,9.681,0.82,0.90,0.82,0.90,INF,-1,1,7,0
780,1,1,8.614,9.315,0.81,0.87,0.80,0.87,INF,-1,1,7,0
800,1,1,7.223,9.813,0.68,0.92,0.67,0.92,INF,-1,1,7,0
820,1,1,8.905,9.324,0.83,0.87,0.83,0.87,INF,-1,1,7,0
840,1,1,8.386,8.732,0.78,0.82,0.78,0.82,INF,-1,1,7,0
860,1,1,8.064,9.504,0.75,0.89,0.75,0.89,INF,-1,1,7,0
880,1,1,7.952,9.370,0.74,0.88,0.74,0.88,INF,-1,1,7,0
900,1,1,7.534,10.166,0.70,0.95,0.70,0.95,INF,-1,1,7,0
920,1,1,8.185,11.293,0.77,1.06,0.76,1.06,INF,-1,1,7,0
940,1,1,7.902,10.660,0.74,1.00,0.74,1.00,INF,-1,1,7,0
960,1,1,7.478,10.518,0.70,0.98,0.70,0.98,INF,-1,1,7,0
980,0,1,0.000,0.000,0.00,0.00,0.00,0.00,0.00,-1,1,7,0
1000,1,1,8.586,9.661,0.80,0.90,0.80,0.90,INF,-1,1,7,0
1020,0,1,0.000,0.000,0.00,0.00,0.00,0.00,0.00,-1,1,7,0
1040,1,1,8.020,9.199,0.75,0.86,0.75,0.86,INF,-1,1,7,0
1060,1,1,9.470,11.412,0.89,1.07,0.88,1.07,INF,-1,1,7,0
1080,1,1,7.679,10.931,0.72,1.02,0.72,1.02,INF,-1,1,7,0
1100,1,1,8.365,10.489,0.78,0.98,0.78,0.98,INF,-1,1,7,0
1120,1,1,8.754,11.244,0.82,1.05,0.82,1.05,INF,-1,1,7,0
1140,1,1,6.636,12.406,0.62,1.16,0.62,1.16,INF,-1,1,7,0
1160,1,1,6.050,10.387,0.57,0.97,0.57,0.97,INF,-1,1,7,0
1180,1,1,7.558,9.587,0.71,0.90,0.71,0.90,INF,-1,1,7,0
1200,1,1,8.189,10.638,0.77,0.99,0.77,0.99,INF,-1,1,7,0
1220,1,1,8.704,9.886,0.81,0.92,0.81,0.92,INF,-1,1,7,0
1240,1,1,8.558,10.196,0.80,0.95,0.80,0.95,INF,-1,1,7,0
1260,1,1,9.549,9.608,0.89,0.90,0.89,0.90,INF,-1,1,7,0
1280,1,1,8.010,10.681,0.75,1.00,0.75,1.00,INF,-1,1,7,0
1300,1,1,8.110,10.426,0.76,0.97,0.76,0.97,INF,-1,1,7,0
1320,1,1,8.736,9.720,0.82,0.91,0.82,0.91,INF,-1,1,7,0
1340,1,1,7.958,10.759,0.74,1.01,0.74,1.01,INF,-1,1,7,0
1360,1,1,7.351,10.393,0.69,0.97,0.69,0.97,INF,-1,1,7,0
1380,1,1,7.753,10.888,0.72,1.02,0.72,1.02,INF,-1,1,7,0
1400,1,1,7.945,10.852,0.74,1.01,0.74,1.01,INF,-1,1,7,0
1420,1,1,9.188,8.961,0.86,0.84,0.86,0.84,INF,-1,1,7,0
1440,1,1,8.480,9.124,0.79,0.85,0.79,0.85,INF,-1,1,7,0
1460,1,1,8.254,10.557,0.77,0.99,0.77,0.99,INF,-1,1,7,0
1480,1,1,7.749,9.922,0.72,0.93,0.72,0.93,INF,-1,1,7,0
1500,1,1,7.061,9.708,0.66,0.91,0.66,0.91,INF,-1,1,7,0
1520,1,1,8.473,11.150,0.79,1.04,0.79,1.04,INF,-1,1,7,0
1540,1,1,8.113,9.531,0.76,0.89,0.76,0.89,INF,-1,1,7,0
1560,1,1,8.794,12.518,0.82,1.17,0.82,1.17,INF,-1,1,7,0
1580,1,1,7.690,9.674,0.72,0.90,0.72,0.90,INF,-1,1,7,0
1600,1,1,8.025,10.279,0.75,0.96,0.75,0.96,INF,-1,1,7,0
1620,1,1,6.658,10.528,0.62,0.98,0.62,0.98,INF,-1,1,7,0
1640,1,1,8.737,10.833,0.82,1.01,0.82,1.01,INF,-1,1,7,0
1660,1,1,8.283,10.177,0.77,0.95,0.77,0.95,INF,-1,1,7,0
1680,1,1,6.308,12.452,0.59,1.16,0.59,1.16,INF,-1,1,7,0
1700,1,1,6.739,11.203,0.63,1.05,0.63,1.05,INF,-1,1,7,0
1720,1,1,8.078,11.781,0.76,1.10,0.75,1.10,INF,-1,1,7,0
1740,1,1,7.126,11.469,0.67,1.07,0.67,1.07,INF,-1,1,7,0
1760,1,1,6.288,11.264,0.59,1.05,0.59,1.05,INF,-1,1,7,0
1780,1,1,6.454,10.651,0.60,1.00,0.60,1.00,INF,-1,1,7,0
1800,1,1,7.055,10.519,0.66,0.98,0.66,0.98,INF,-1,1,7,0
1820,1,1,7.462,13.890,0.70,1.30,0.70,1.30,INF,-1,1,7,0
1840,1,1,6.638,10.959,0.62,1.02,0.62,1.02,INF,-1,1,7,0
1860,1,1,6.833,12.054,0.64,1.13,0.64,1.13,INF,-1,1,7,0
1880,1,1,6.994,11.332,0.65,1.06,0.65,1.06,INF,-1,1,7,0
1900,1,1,6.378,11.099,0.60,1.04,0.60,1.04,INF,-1,1,7,0
1920,1,1,6.651,10.793,0.62,1.01,0.62,1.01,INF,-1,1,7,0
1940,1,1,5.752,12.403,0.54,1.16,0.54,1.16,INF,-1,1,7,0
1960,1,1,5.222,10.815,0.49,1.01,0.49,1.01,INF,-1,1,7,0
1980,1,1,0.174,11.308,0.02,1.06,0.02,1.06,INF,-1,1,7,0
2000,0,1,0.000,0.000,0.00,0.00,0.00,0.00,0.00,-1,1,7,0
2020,1,1,1.479,11.128,0.14,1.04,0.14,1.04,INF,-1,1,7,0
2040,1,1,1.616,11.111,0.15,1.04,0.15,1.04,INF,-1,1,7,0
2060,1,1,1.594,10.240,0.15,0.96,0.15,0.96,INF,-1,1,7,0
2080,1,1,1.478,10.645,0.14,0.99,0.14,0.99,INF,-1,1,7,0
2100,1,1,1.426,9.312,0.13,0.87,0.13,0.87,INF,-1,1,7,0
2120,1,1,0.154,13.289,0.01,1.24,0.01,1.24,INF,-1,1,7,0
2140,1,1,1.133,12.054,0.11,1.13,0.11,1.13,INF,-1,1,7,0
2160,1,1,0.357,12.160,0.03,1.14,0.03,1.14,INF,-1,1,7,0
2180,1,1,-0.350,10.176,-0.03,0.95,-0.03,0.95,INF,-1,1,7,0
2200,1,1,-0.977,11.283,-0.09,1.05,-0.09,1.05,INF,-1,1,7,0
2220,1,1,-0.993,11.523,-0.09,1.08,-0.09,1.08,INF,-1,1,7,0
2240,1,1,0.199,10.895,0.02,1.02,0.02,1.02,INF,-1,1,7,0
2260,1,1,-0.286,11.810,-0.03,1.10,-0.03,1.10,INF,-1,1,7,0
2280,1,1,0.092,9.054,0.01,0.85,0.01,0.85,INF,-1,1,7,0
2300,1,1,-0.448,10.760,-0.04,1.01,-0.04,1.01,INF,-1,1,7,0
2320,1,1,2.152,10.669,0.20,1.00,0.20,1.00,INF,-1,1,7,0
2340,1,1,1.038,11.259,0.10,1.05,0.10,1.05,INF,-1,1,7,0
2360,1,1,0.272,10.926,0.03,1.02,0.03,1.02,INF,-1,1,7,0
2380,1,1,1.549,10.364,0.14,0.97,0.14,0.97,INF,-1,1,7,0
2400,1,1,7.202,9.766,0.67,0.91,0.67,0.91,INF,-1,1,7,0
2420,1,1,8.153,10.766,0.76,1.01,0.76,1.01,INF,-1,1,7,0
2440,1,1,7.260,11.121,0.68,1.04,0.68,1.04,INF,-1,1,7,0
2460,1,1,8.445,10.068,0.79,0.94,0.79,0.94,INF,-1,1,7,0
2480,0,1,0.000,0.000,0.00,0.00,0.00,0.00,0.00,-1,1,7,0
2500,1,1,8.440,9.775,0.79,0.91,0.79,0.91,INF,-1,1,7,0
2520,1,1,8.031,10.558,0.75,0.99,0.75,0.99,INF,-1,1,7,0
2540,1,1,7.922,10.273,0.74,0.96,0.74,0.96,INF,-1,1,7,0
2560,1,1,7.812,9.626,0.73,0.90,0.73,0.90,INF,-1,1,7,0
2580,1,1,8.789,9.566,0.82,0.89,0.82,0.89,INF,-1,1,7,0
2600,1,1,6.979,10.567,0.65,0.99,0.65,0.99,INF,-1,1,7,0
2620,1,1,8.776,10.184,0.82,0.95,0.82,0.95,INF,-1,1,7,0
2640,1,1,9.077,10.459,0.85,0.98,0.85,0.98,INF,-1,1,7,0
2660,1,1,7.980,10.548,0.75,0.99,0.75,0.99,INF,-1,1,7,0
2680,1,1,8.393,10.269,0.78,0.96,0.78,0.96,INF,-1,1,7,0
2700,1,1,8.614,9.890,0.81,0.92,0.80,0.92,INF,-1,1,7,0
2720,1,1,10.625,8.549,0.99,0.80,0.99,0.80,INF,-1,1,7,0
2740,1,1,8.624,7.412,0.81,0.69,0.81,0.69,INF,-1,1,7,0
2760,1,1,8.470,10.702,0.79,1.00,0.79,1.00,INF,-1,1,7,0
2780,1,1,8.855,11.635,0.83,1.09,0.83,1.09,INF,-1,1,7,0
2800,1,1,7.657,9.478,0.72,0.89,0.72,0.89,INF,-1,1,7,0
2820,1,1,8.346,10.050,0.78,0.94,0.78,0.94,INF,-1,1,7,0
2840,1,1,8.895,9.911,0.83,0.93,0.83,0.93,INF,-1,1,7,0
2860,1,1,9.344,8.998,0.87,0.84,0.87,0.84,INF,-1,1,7,0
2880,1,1,8.637,9.985,0.81,0.93,0.81,0.93,INF,-1,1,7,0
2900,1,1,9.772,9.106,0.91,0.85,0.91,0.85,INF,-1,1,7,0
2920,1,1,8.378,9.358,0.78,0.87,0.78,0.87,INF,-1,1,7,0
2940,1,1,7.855,8.904,0.73,0.83,0.73,0.83,INF,-1,1,7,0
2960,1,1,8.254,9.829,0.77,0.92,0.77,0.92,INF,-1,1,7,0
2980,1,1,9.680,9.046,0.90,0.85,0.90,0.85,INF,-1,1,7,0
3000,1,1,8.317,9.828,0.78,0.92,0.78,0.92,INF,-1,1,7,0
3020,1,1,8.240,8.969,0.77,0.84,0.77,0.84,INF,-1,1,7,0
3040,1,1,8.405,10.106,0.79,0.94,0.79,0.94,INF,-1,1,7,0
3060,1,1,6.740,8.938,0.63,0.84,0.63,0.84,INF,-1,1,7,0
3080,1,1,0.626,9.446,0.06,0.88,0.06,0.88,INF,-1,1,7,0
3100,1,1,2.178,10.293,0.20,0.96,0.20,0.96,INF,-1,1,7,0
3120,1,1,2.592,9.932,0.24,0.93,0.24,0.93,INF,-1,1,7,0
3140,1,1,2.456,9.904,0.23,0.93,0.23,0.93,INF,-1,1,7,0
3160,1,1,0.751,10.537,0.07,0.98,0.07,0.98,INF,-1,1,7,0
3180,1,1,0.960,8.526,0.09,0.80,0.09,0.80,INF,-1,1,7,0
3200,1,1,1.233,8.977,0.12,0.84,0.12,0.84,INF,-1,1,7,0
3220,1,1,0.407,9.307,0.04,0.87,0.04,0.87,INF,-1,1,7,0
3240,1,1,0.725,8.283,0.07,0.77,0.07,0.77,INF,-1,1,7,0
3260,1,1,1.306,9.551,0.12,0.89,0.12,0.89,INF,-1,1,7,0
3280,1,1,1.663,8.725,0.16,0.82,0.16,0.82,INF,-1,1,7,0
3300,1,1,0.390,8.905,0.04,0.83,0.04,0.83,INF,-1,1,7,0
3320,1,1,0.672,7.923,0.06,0.74,0.06,0.74,INF,-1,1,7,0
3340,1,1,1.234,8.198,0.12,0.77,0.12,0.77,INF,-1,1,7,0
3360,1,1,-1.841,7.946,-0.17,0.74,-0.17,0.74,INF,-1,1,7,0
3380,1,1,-0.345,7.729,-0.03,0.72,-0.03,0.72,INF,-1,1,7,0
3400,1,1,0.309,6.809,0.03,0.64,0.03,0.64,INF,-1,1,7,0
3420,1,1,1.642,6.445,0.15,0.60,0.15,0.60,INF,-1,1,7,0
3440,1,1,-0.165,8.259,-0.02,0.77,-0.02,0.77,INF,-1,1,7,0
3460,1,1,-1.058,8.463,-0.10,0.79,-0.10,0.79,INF,-1,1,7,0
3480,1,1,0.349,7.870,0.03,0.74,0.03,0.74,INF,-1,1,7,0
3500,1,1,0.325,8.281,0.03,0.77,0.03,0.77,INF,-1,1,7,0
3520,1,1,1.482,8.085,0.14,0.76,0.14,0.76,INF,-1,1,7,0
3540,1,1,1.206,8.996,0.11,0.84,0.11,0.84,INF,-1,1,7,0
3560,1,1,0.665,8.526,0.06,0.80,0.06,0.80,INF,-1,1,7,0
3580,1,1,-0.482,8.157,-0.05,0.76,-0.05,0.76,INF,-1,1,7,0
3600,1,1,0.694,8.243,0.06,0.77,0.06,0.77,INF,-1,1,7,0
3620,1,1,0.046,7.278,0.00,0.68,0.00,0.68,INF,-1,1,7,0
3640,1,1,1.008,8.603,0.09,0.80,0.09,0.80,INF,-1,1,7,0
3660,1,1,-0.615,8.725,-0.06,0.82,-0.06,0.82,INF,-1,1,7,0
3680,1,1,0.233,9.746,0.02,0.91,0.02,0.91,INF,-1,1,7,0
3700,1,1,0.658,8.574,0.06,0.80,0.06,0.80,INF,-1,1,7,0
3720,1,1,2.083,9.035,0.19,0.84,0.19,0.84,INF,-1,1,7,0
3740,1,1,1.381,9.103,0.13,0.85,0.13,0.85,INF,-1,1,7,0
3760,1,1,0.410,8.411,0.04,0.79,0.04,0.79,INF,-1,1,7,0
3780,1,1,0.719,8.905,0.07,0.83,0.07,0.83,INF,-1,1,7,0
3800,1,1,0.225,8.283,0.02,0.77,0.02,0.77,INF,-1,1,7,0
3820,1,1,0.214,9.510,0.02,0.89,0.02,0.89,INF,-1,1,7,0
3840,1,1,1.081,9.167,0.10,0.86,0.10,0.86,INF,-1,1,7,0
3860,1,1,0.561,9.380,0.05,0.88,0.05,0.88,INF,-1,1,7,0
3880,1,1,0.902,7.936,0.08,0.74,0.08,0.74,INF,-1,1,7,0
3900,1,1,-0.024,8.438,0.00,0.79,0.00,0.79,INF,-1,1,7,0
3920,1,1,0.768,8.690,0.07,0.81,0.07,0.81,INF,-1,1,7,0
3940,1,1,0.241,9.576,0.02,0.89,0.02,0.89,INF,-1,1,7,0
3960,1,1,1.689,8.348,0.16,0.78,0.16,0.78,INF,-1,1,7,0
3980,1,1,-0.482,8.551,-0.05,0.80,-0.05,0.80,INF,-1,1,7,0
4000,1,1,0.701,8.250,0.07,0.77,0.07,0.77,INF,-1,1,7,0
4020,1,1,-0.813,9.790,-0.08,0.91,-0.08,0.91,INF,-1,1,7,0
4040,1,1,-1.224,9.737,-0.11,0.91,-0.11,0.91,INF,-1,1,7,0
4060,1,1,-1.568,9.394,-0.15,0.88,-0.15,0.88,INF,-1,1,7,0
4080,1,1,-4.803,10.912,-0.45,1.02,-0.45,1.02,INF,-1,1,7,0
4100,1,1,-3.795,12.296,-0.35,1.15,-0.35,1.15,INF,-1,1,7,0
4120,1,1,-1.360,10.078,-0.13,0.94,-0.13,0.94,INF,-1,1,7,0
4140,1,1,-4.061,11.185,-0.38,1.05,-0.38,1.05,INF,-1,1,7,0
4160,1,1,-3.368,11.500,-0.31,1.07,-0.31,1.07,INF,-1,1,7,0
4180,1,1,-3.615,11.055,-0.34,1.03,-0.34,1.03,INF,-1,0,7,0
4200,1,1,-3.248,11.848,-0.30,1.11,-0.30,1.11,INF,-1,0,7,0
4220,1,1,-3.446,11.816,-0.32,1.10,-0.32,1.10,INF,-1,0,7,0
4240,1,1,-1.046,10.634,-0.10,0.99,-0.10,0.99,INF,-1,0,7,0
4260,1,1,-2.130,10.591,-0.20,0.99,-0.20,0.99,INF,-1,0,7,0
4280,1,1,-1.552,11.375,-0.15,1.06,-0.15,1.06,INF,-1,0,7,0
4300,1,1,-0.705,12.143,-0.07,1.13,-0.07,1.13,INF,-1,0,7,0
4320,1,1,-1.077,12.066,-0.10,1.13,-0.10,1.13,INF,-1,0,7,0
4340,1,1,-1.709,11.570,-0.16,1.08,-0.16,1.08,INF,-1,0,7,0
4360,1,1,0.023,11.401,0.00,1.07,0.00,1.07,INF,-1,0,7,0
4380,1,1,0.224,10.579,0.02,0.99,0.02,0.99,INF,-1,0,7,0
4400,1,1,-1.684,11.987,-0.16,1.12,-0.16,1.12,INF,-1,0,7,0
4420,1,1,-1.302,11.283,-0.12,1.05,-0.12,1.05,INF,-1,1,7,0
4440,1,1,-2.247,12.331,-0.21,1.15,-0.21,1.15,INF,-1,1,7,0
4460,1,1,-0.447,10.185,-0.04,0.95,-0.04,0.95,INF,-1,1,7,0
4480,1,1,10.143,11.093,0.95,1.04,0.95,1.04,INF,-1,1,7,0
4500,1,1,11.623,10.295,1.09,0.96,1.09,0.96,INF,-1,1,7,0
4520,0,1,0.000,0.000,0.00,0.00,0.00,0.00,0.00,-1,1,7,0
4540,0,1,0.000,0.000,0.00,0.00,0.00,0.00,0.00,-1,1,7,0
4560,0,1,0.000,0.000,0.00,0.00,0.00,0.00,0.00,-1,0,7,0
4580,0,1,0.000,0.000,0.00,0.00,0.00,0.00,0.00,-1,0,7,0
4600,0,1,0.000,0.000,0.00,0.00,0.00,0.00,0.00,-1,0,7,0
4620,1,1,0.978,3.614,0.09,0.34,0.09,0.34,INF,-1,0,7,0
4640,1,1,1.373,10.498,0.13,0.98,0.13,0.98,INF,-1,0,7,0
4660,1,1,-1.235,11.017,-0.12,1.03,-0.12,1.03,INF,-1,0,7,0
4680,1,1,-0.924,10.594,-0.09,0.99,-0.09,0.99,INF,-1,0,7,0
4700,1,1,0.325,11.490,0.03,1.07,0.03,1.07,INF,-1,0,7,0
4720,1,1,-1.796,11.891,-0.17,1.11,-0.17,1.11,INF,-1,0,7,0
4740,1,1,-1.642,12.717,-0.15,1.19,-0.15,1.19,INF,-1,0,7,0
4760,1,1,-1.969,12.318,-0.18,1.15,-0.18,1.15,INF,-1,0,7,0
4780,1,1,-0.898,11.686,-0.08,1.09,-0.08,1.09,INF,-1,0,7,0
4800,1,1,-2.112,11.699,-0.20,1.09,-0.20,1.09,INF,-1,0,7,0
4820,0,1,0.000,0.000,0.00,0.00,0.00,0.00,0.00,-1,0,7,0
4840,1,1,-1.018,11.367,-0.10,1.06,-0.10,1.06,INF,-1,0,7,0
4860,1,1,-1.482,11.546,-0.14,1.08,-0.14,1.08,INF,-1,0,7,0
4880,1,1,-0.799,12.202,-0.07,1.14,-0.07,1.14,INF,-1,0,7,0
4900,1,1,-0.139,12.229,-0.01,1.14,-0.01,1.14,INF,-1,1,7,0
4920,1,1,-0.599,11.833,-0.06,1.11,-0.06,1.11,INF,-1,1,7,0
4940,1,1,-1.248,11.854,-0.12,1.11,-0.12,1.11,INF,-1,1,7,0
4960,1,1,-0.647,11.065,-0.06,1.03,-0.06,1.03,INF,-1,1,7,0
4980,1,1,0.345,11.443,0.03,1.07,0.03,1.07,INF,-1,1,7,0
5000,1,1,-1.145,12.568,-0.11,1.17,-0.11,1.17,INF,-1,1,7,0
5020,1,1,0.229,11.955,0.02,1.12,0.02,1.12,INF,-1,1,7,0
5040,1,1,0.562,12.338,0.05,1.15,0.05,1.15,INF,-1,1,7,0
5060,1,1,-0.617,11.959,-0.06,1.12,-0.06,1.12,INF,-1,1,7,0
5080,1,1,-1.109,11.060,-0.10,1.03,-0.10,1.03,INF,-1,1,7,0
5100,1,1,0.087,11.641,0.01,1.09,0.01,1.09,INF,-1,1,7,0
5120,1,1,0.588,11.417,0.05,1.07,0.05,1.07,INF,-1,1,7,0
5140,1,1,-0.669,11.545,-0.06,1.08,-0.06,1.08,INF,-1,1,7,0
5160,1,1,0.357,10.918,0.03,1.02,0.03,1.02,INF,-1,1,7,0
5180,1,1,-0.156,12.181,-0.01,1.14,-0.01,1.14,INF,-1,1,7,0
5200,1,1,-0.352,10.454,-0.03,0.98,-0.03,0.98,INF,-1,1,7,0
5220,1,1,-0.437,11.310,-0.04,1.06,-0.04,1.06,INF,-1,1,7,0
5240,1,1,-1.986,12.463,-0.19,1.16,-0.19,1.16,INF,-1,1,7,0
5260,1,1,-0.963,12.129,-0.09,1.13,-0.09,1.13,INF,-1,1,7,0
5280,1,1,-0.785,11.541,-0.07,1.08,-0.07,1.08,INF,-1,1,7,0
5300,1,1,-0.905,11.852,-0.08,1.11,-0.08,1.11,INF,-1,1,7,0
5320,1,1,-2.396,11.602,-0.22,1.08,-0.22,1.08,INF,-1,1,7,0
5340,1,1,-1.804,11.767,-0.17,1.10,-0.17,1.10,INF,-1,1,7,0
5360,1,1,-0.721,12.282,-0.07,1.15,-0.07,1.15,INF,-1,1,7,0
5380,1,1,-1.213,10.863,-0.11,1.02,-0.11,1.02,INF,-1,1,7,0
5400,1,1,-3.216,12.588,-0.30,1.18,-0.30,1.18,INF,-1,1,7,0
5420,1,1,-0.728,12.282,-0.07,1.15,-0.07,1.15,INF,-1,1,7,0
5440,1,1,-1.371,10.957,-0.13,1.02,-0.13,1.02,INF,-1,1,7,0
5460,1,1,-1.029,10.918,-0.10,1.02,-0.10,1.02,INF,-1,1,7,0
5480,1,1,-2.824,12.151,-0.26,1.14,-0.26,1.14,INF,-1,1,7,0
5500,1,1,-2.280,12.463,-0.21,1.16,-0.21,1.16,INF,-1,1,7,0
5520,1,1,-2.314,12.082,-0.22,1.13,-0.22,1.13,INF,-1,1,7,0
5540,1,1,-2.151,10.310,-0.20,0.96,-0.20,0.96,INF,-1,1,7,0
5560,1,1,-2.661,11.916,-0.25,1.11,-0.25,1.11,INF,-1,1,7,0
5580,1,1,0.096,10.013,0.01,0.94,0.01,0.94,INF,-1,1,7,0
5600,1,1,-3.408,11.666,-0.32,1.09,-0.32,1.09,INF,-1,1,7,0
5620,1,1,-1.824,11.383,-0.17,1.06,-0.17,1.06,INF,-1,1,7,0
5640,1,1,-3.098,12.286,-0.29,1.15,-0.29,1.15,INF,-1,1,7,0
5660,1,1,-1.276,11.919,-0.12,1.11,-0.12,1.11,INF,-1,1,7,0
5680,1,1,-1.976,11.997,-0.18,1.12,-0.18,1.12,INF,-1,1,7,0
5700,1,1,-1.822,11.567,-0.17,1.08,-0.17,1.08,INF,-1,1,7,0
5720,1,1,-2.119,11.852,-0.20,1.11,-0.20,1.11,INF,-1,1,7,0
5740,1,1,-1.862,11.290,-0.17,1.06,-0.17,1.06,INF,-1,1,7,0
5760,1,1,-2.874,11.947,-0.27,1.12,-0.27,1.12,INF,-1,1,7,0
5780,1,1,-2.602,12.777,-0.24,1.19,-0.24,1.19,INF,-1,1,7,0
5800,1,1,-3.003,11.925,-0.28,1.11,-0.28,1.11,INF,-1,1,7,0
5820,1,1,-2.819,12.008,-0.26,1.12,-0.26,1.12,INF,-1,1,7,0
5840,1,1,-4.369,12.171,-0.41,1.14,-0.41,1.14,INF,-1,1,7,0
5860,1,1,-3.544,11.917,-0.33,1.11,-0.33,1.11,INF,-1,1,7,0
5880,1,1,-3.960,12.553,-0.37,1.17,-0.37,1.17,INF,-1,1,7,0
5900,1,1,-4.150,10.561,-0.39,0.99,-0.39,0.99,INF,-1,1,7,0
5920,1,1,-3.123,10.448,-0.29,0.98,-0.29,0.98,INF,-1,1,7,0
5940,1,1,-3.256,11.494,-0.30,1.07,-0.30,1.07,INF,-1,1,7,0
5960,1,1,-3.207,10.224,-0.30,0.96,-0.30,0.96,INF,-1,1,7,0
5980,1,1,-3.409,10.404,-0.32,0.97,-0.32,0.97,INF,-1,1,7,0
6000,1,1,-5.592,9.417,-0.52,0.88,-0.52,0.88,INF,-1,1,7,0
6020,1,1,-3.891,9.005,-0.36,0.84,-0.36,0.84,INF,-1,1,7,0
6040,1,1,-3.212,8.525,-0.30,0.80,-0.30,0.80,INF,-1,1,7,0
6060,1,1,-3.291,9.444,-0.31,0.88,-0.31,0.88,INF,-1,1,7,0
6080,1,1,-4.919,9.477,-0.46,0.89,-0.46,0.89,INF,-1,1,7,0
6100,1,1,-3.723,8.471,-0.35,0.79,-0.35,0.79,INF,-1,1,7,0
6120,1,1,-2.787,8.107,-0.26,0.76,-0.26,0.76,INF,-1,1,7,0
6140,1,1,-4.670,9.610,-0.44,0.90,-0.44,0.90,INF,-1,1,7,0
6160,1,1,-3.866,7.437,-0.36,0.70,-0.36,0.70,INF,-1,1,7,0
6180,1,1,-3.699,8.667,-0.35,0.81,-0.35,0.81,INF,-1,1,7,0
6200,1,1,-3.357,7.975,-0.31,0.75,-0.31,0.75,INF,-1,1,7,0
6220,1,1,-3.564,6.893,-0.33,0.64,-0.33,0.64,INF,-1,1,7,0
6240,1,1,-4.343,7.800,-0.41,0.73,-0.41,0.73,INF,-1,1,7,0
6260,1,1,-2.781,7.486,-0.26,0.70,-0.26,0.70,INF,-1,1,7,0
6280,1,1,-1.821,7.061,-0.17,0.66,-0.17,0.66,INF,-1,1,7,0
6300,1,1,-1.887,6.345,-0.18,0.59,-0.18,0.59,INF,-1,1,7,0
6320,1,1,-2.792,7.686,-0.26,0.72,-0.26,0.72,INF,-1,1,7,0
6340,1,1,-3.281,7.101,-0.31,0.66,-0.31,0.66,INF,-1,1,7,0
6360,1,1,-1.997,6.282,-0.19,0.59,-0.19,0.59,INF,-1,1,7,0
6380,1,1,-3.145,6.851,-0.29,0.64,-0.29,0.64,INF,-1,1,7,0
6400,1,1,-2.254,6.316,-0.21,0.59,-0.21,0.59,INF,-1,1,7,0
6420,1,1,-2.976,6.893,-0.28,0.64,-0.28,0.64,INF,-1,1,7,0
6440,1,1,-4.304,6.108,-0.40,0.57,-0.40,0.57,INF,-1,1,7,0
6460,1,1,-3.237,7.889,-0.30,0.74,-0.30,0.74,INF,-1,1,7,0
6480,1,1,-3.558,7.878,-0.33,0.74,-0.33,0.74,INF,-1,1,7,0
6500,1,1,-2.839,5.988,-0.27,0.56,-0.27,0.56,INF,-1,1,7,0
6520,1,1,-4.181,5.919,-0.39,0.55,-0.39,0.55,INF,-1,1,7,0
6540,1,1,-5.013,7.710,-0.47,0.72,-0.47,0.72,INF,-1,1,7,0
6560,1,1,-3.158,5.418,-0.30,0.51,-0.30,0.51,INF,-1,1,7,0
6580,1,1,-3.886,7.179,-0.36,0.67,-0.36,0.67,INF,-1,1,7,0
6600,1,1,-3.646,7.052,-0.34,0.66,-0.34,0.66,INF,-1,1,7,0
6620,1,1,-3.987,7.509,-0.37,0.70,-0.37,0.70,INF,-1,1,7,0
6640,1,1,-3.680,5.601,-0.34,0.52,-0.34,0.52,INF,-1,1,7,0
6660,1,1,-1.048,6.267,-0.10,0.59,-0.10,0.59,INF,-1,1,7,0
6680,1,1,3.891,4.772,0.36,0.45,0.36,0.45,INF,-1,1,7,0
6700,1,1,1.623,5.950,0.15,0.56,0.15,0.56,INF,-1,1,7,0
6720,1,1,0.006,6.212,0.00,0.58,0.00,0.58,INF,-1,1,7,0
6740,1,1,1.972,5.677,0.18,0.53,0.18,0.53,INF,-1,1,7,0
6760,1,1,0.212,6.554,0.02,0.61,0.02,0.61,INF,-1,1,7,0
6780,1,1,1.029,6.259,0.10,0.58,0.10,0.58,INF,-1,1,7,0
6800,1,1,0.612,6.758,0.06,0.63,0.06,0.63,INF,-1,1,7,0
6820,1,1,0.741,5.888,0.07,0.55,0.07,0.55,INF,-1,1,7,0
6840,1,1,0.543,6.443,0.05,0.60,0.05,0.60,INF,-1,1,7,0
6860,1,1,2.448,7.299,0.23,0.68,0.23,0.68,INF,-1,1,7,0
6880,1,1,0.236,6.904,0.02,0.65,0.02,0.65,INF,-1,1,7,0
6900,1,1,-0.566,6.824,-0.05,0.64,-0.05,0.64,INF,-1,1,7,0
6920,1,1,0.078,7.031,0.01,0.66,0.01,0.66,INF,-1,1,7,0
6940,1,1,0.327,6.382,0.03,0.60,0.03,0.60,INF,-1,1,7,0
6960,1,1,0.074,7.378,0.01,0.69,0.01,0.69,INF,-1,1,7,0
6980,1,1,0.406,7.176,0.04,0.67,0.04,0.67,INF,-1,1,7,0
7000,1,1,1.422,7.682,0.13,0.72,0.13,0.72,INF,-1,1,7,0
7020,1,1,1.454,7.096,0.14,0.66,0.14,0.66,INF,-1,1,7,0
7040,1,1,1.349,6.961,0.13,0.65,0.13,0.65,INF,-1,1,7,0
7060,1,1,-3.922,5.775,-0.37,0.54,-0.37,0.54,INF,-1,1,7,0
7080,1,1,-9.671,8.205,-0.90,0.77,-0.90,0.77,INF,-1,1,7,0
7100,1,1,-7.913,8.314,-0.74,0.78,-0.74,0.78,INF,-1,1,7,0
7120,1,1,-6.876,7.895,-0.64,0.74,-0.64,0.74,INF,-1,1,7,0
7140,1,1,-8.165,8.699,-0.76,0.81,-0.76,0.81,INF,-1,1,7,0
7160,1,1,-8.466,8.304,-0.79,0.78,-0.79,0.78,INF,-1,1,7,0
7180,1,1,-7.294,7.872,-0.68,0.74,-0.68,0.74,INF,-1,1,7,0
7200,1,1,-7.481,9.023,-0.70,0.84,-0.70,0.84,INF,-1,1,7,0
7220,1,1,-7.550,7.639,-0.71,0.71,-0.71,0.71,INF,-1,1,7,0
7240,1,1,-7.435,8.685,-0.69,0.81,-0.69,0.81,INF,-1,1,7,0
7260,1,1,-6.968,7.788,-0.65,0.73,-0.65,0.73,INF,-1,1,7,0
7280,1,1,-6.282,8.618,-0.59,0.81,-0.59,0.81,INF,-1,1,7,0
7300,1,1,-5.967,8.446,-0.56,0.79,-0.56,0.79,INF,-1,1,7,0
7320,1,1,-6.189,6.928,-0.58,0.65,-0.58,0.65,INF,-1,1,7,0
7340,1,1,-6.039,7.473,-0.56,0.70,-0.56,0.70,INF,-1,1,7,0
7360,1,1,-7.078,8.605,-0.66,0.80,-0.66,0.80,INF,-1,1,7,0
7380,1,1,-6.751,7.708,-0.63,0.72,-0.63,0.72,INF,-1,1,7,0
7400,1,1,-5.679,7.315,-0.53,0.68,-0.53,0.68,INF,-1,1,7,0
7420,1,1,-6.801,8.123,-0.64,0.76,-0.64,0.76,INF,-1,1,7,0
7440,1,1,-6.295,7.311,-0.59,0.68,-0.59,0.68,INF,-1,1,7,0
7460,1,1,-6.731,8.272,-0.63,0.77,-0.63,0.77,INF,-1,1,7,0
7480,1,1,-6.573,8.150,-0.61,0.76,-0.61,0.76,INF,-1,1,7,0
7500,1,1,-6.445,8.670,-0.60,0.81,-0.60,0.81,INF,-1,1,7,0
7520,1,1,-6.950,9.653,-0.65,0.90,-0.65,0.90,INF,-1,1,7,0
7540,0,1,0.000,0.000,0.00,0.00,0.00,0.00,0.00,-1,1,7,0
7560,1,1,-3.856,5.611,-0.36,0.52,-0.36,0.52,INF,-1,1,7,0
7580,1,1,-6.303,7.915,-0.59,0.74,-0.59,0.74,INF,-1,1,7,0
7600,1,1,-4.325,7.965,-0.40,0.74,-0.40,0.74,INF,-1,1,7,0
7620,1,1,-6.191,9.440,-0.58,0.88,-0.58,0.88,INF,-1,1,7,0
7640,1,1,-6.487,9.418,-0.61,0.88,-0.61,0.88,INF,-1,1,7,0
7660,1,1,-5.378,8.837,-0.50,0.83,-0.50,0.83,INF,-1,1,7,0
7680,1,1,-5.104,8.808,-0.48,0.82,-0.48,0.82,INF,-1,1,7,0
7700,1,1,-4.895,8.859,-0.46,0.83,-0.46,0.83,INF,-1,1,7,0
7720,1,1,-4.597,9.166,-0.43,0.86,-0.43,0.86,INF,-1,1,7,0
7740,1,1,-4.534,8.970,-0.42,0.84,-0.42,0.84,INF,-1,1,7,0
7760,1,1,-5.010,8.234,-0.47,0.77,-0.47,0.77,INF,-1,1,7,0
7780,1,1,-4.701,9.115,-0.44,0.85,-0.44,0.85,INF,-1,1,7,0
7800,1,1,-3.092,8.488,-0.29,0.79,-0.29,0.79,INF,-1,1,7,0
7820,1,1,-3.603,8.570,-0.34,0.80,-0.34,0.80,INF,-1,1,7,0
7840,1,1,-3.079,8.948,-0.29,0.84,-0.29,0.84,INF,-1,1,7,0
7860,1,1,-3.056,9.612,-0.29,0.90,-0.29,0.90,INF,-1,1,7,0
7880,1,1,-4.004,10.421,-0.37,0.97,-0.37,0.97,INF,-1,1,7,0
7900,1,1,-3.262,10.096,-0.30,0.94,-0.30,0.94,INF,-1,1,7,0
7920,1,1,-2.076,8.738,-0.19,0.82,-0.19,0.82,INF,-1,1,7,0
7940,1,1,-2.905,8.660,-0.27,0.81,-0.27,0.81,INF,-1,1,7,0
7960,1,1,-2.118,8.592,-0.20,0.80,-0.20,0.80,INF,-1,1,7,0
7980,1,1,-2.294,9.087,-0.21,0.85,-0.21,0.85,INF,-1,1,7,0
8000,1,1,-3.079,9.579,-0.29,0.90,-0.29,0.90,INF,-1,1,7,0
8020,1,1,-1.824,9.012,-0.17,0.84,-0.17,0.84,INF,-1,1,7,0
8040,1,1,-2.567,8.544,-0.24,0.80,-0.24,0.80,INF,-1,1,7,0
8060,1,1,-1.431,9.194,-0.13,0.86,-0.13,0.86,INF,-1,1,7,0
8080,1,1,-2.661,8.171,-0.25,0.76,-0.25,0.76,INF,-1,1,7,0
8100,1,1,-2.012,8.165,-0.19,0.76,-0.19,0.76,INF,-1,1,7,0
8120,1,1,-2.606,9.100,-0.24,0.85,-0.24,0.85,INF,-1,1,7,0
8140,1,1,-1.995,8.141,-0.19,0.76,-0.19,0.76,INF,-1,1,7,0
8160,1,1,-3.279,9.014,-0.31,0.84,-0.31,0.84,INF,-1,1,7,0
8180,1,1,-2.884,9.545,-0.27,0.89,-0.27,0.89,INF,-1,1,7,0
8200,1,1,-1.111,8.527,-0.10,0.80,-0.10,0.80,INF,-1,1,7,0
8220,1,1,-2.832,7.817,-0.26,0.73,-0.26,0.73,INF,-1,1,7,0
8240,1,1,-2.263,8.520,-0.21,0.80,-0.21,0.80,INF,-1,1,7,0
8260,1,1,-2.264,7.582,-0.21,0.71,-0.21,0.71,INF,-1,1,7,0
8280,1,1,-1.971,8.150,-0.18,0.76,-0.18,0.76,INF,-1,1,7,0
8300,1,1,-2.848,8.252,-0.27,0.77,-0.27,0.77,INF,-1,1,7,0
8320,1,1,-3.027,8.233,-0.28,0.77,-0.28,0.77,INF,-1,1,7,0
8340,1,1,-2.159,8.054,-0.20,0.75,-0.20,0.75,INF,-1,1,7,0
8360,1,1,-1.160,7.144,-0.11,0.67,-0.11,0.67,INF,-1,1,7,0
8380,1,1,1.625,7.676,0.15,0.72,0.15,0.72,INF,-1,1,7,0
8400,1,1,6.759,10.773,0.63,1.01,0.63,1.01,INF,-1,1,7,0
8420,1,1,4.502,9.603,0.42,0.90,0.42,0.90,INF,-1,1,7,0
8440,1,1,5.544,10.564,0.52,0.99,0.52,0.99,INF,-1,1,7,0
8460,1,1,5.188,9.524,0.48,0.89,0.48,0.89,INF,-1,1,7,0
8480,1,1,5.566,10.750,0.52,1.00,0.52,1.00,INF,-1,1,7,0
8500,1,1,4.045,8.881,0.38,0.83,0.38,0.83,INF,-1,1,7,0
8520,1,1,4.250,9.774,0.40,0.91,0.40,0.91,INF,-1,1,7,0
8540,1,1,5.095,8.729,0.48,0.82,0.48,0.82,INF,-1,1,7,0
8560,1,1,5.345,10.212,0.50,0.95,0.50,0.95,INF,-1,1,7,0
8580,1,1,4.868,9.853,0.45,0.92,0.45,0.92,INF,-1,1,7,0
8600,1,1,5.403,9.260,0.50,0.87,0.50,0.87,INF,-1,1,7,0
8620,1,1,5.660,9.585,0.53,0.90,0.53,0.90,INF,-1,1,7,0
8640,1,1,4.380,9.125,0.41,0.85,0.41,0.85,INF,-1,1,7,0
8660,1,1,6.126,7.842,0.57,0.73,0.57,0.73,INF,-1,1,7,0
8680,1,1,5.599,9.197,0.52,0.86,0.52,0.86,INF,-1,1,7,0
8700,1,1,5.760,9.678,0.54,0.90,0.54,0.90,INF,-1,1,7,0
8720,1,1,3.822,10.457,0.36,0.98,0.36,0.98,INF,-1,1,7,0
8740,1,1,4.660,9.950,0.44,0.93,0.44,0.93,INF,-1,1,7,0
8760,1,1,4.540,10.312,0.42,0.96,0.42,0.96,INF,-1,1,7,0
8780,1,1,4.029,10.962,0.38,1.02,0.38,1.02,INF,-1,1,7,0
8800,1,1,5.787,8.768,0.54,0.82,0.54,0.82,INF,-1,1,7,0
8820,1,1,4.149,11.731,0.39,1.10,0.39,1.10,INF,-1,1,7,0
8840,1,1,4.289,10.944,0.40,1.02,0.40,1.02,INF,-1,1,7,0
8860,1,1,5.768,10.971,0.54,1.03,0.54,1.03,INF,-1,1,7,0
8880,1,1,4.771,11.607,0.45,1.08,0.45,1.08,INF,-1,1,7,0
8900,1,1,4.761,11.702,0.45,1.09,0.44,1.09,INF,-1,1,7,0
8920,1,1,4.288,12.427,0.40,1.16,0.40,1.16,INF,-1,1,7,0
8940,1,1,4.325,13.012,0.40,1.22,0.40,1.22,INF,-1,1,7,0
8960,1,1,3.570,11.173,0.33,1.04,0.33,1.04,INF,-1,1,7,0
8980,1,1,5.478,11.189,0.51,1.05,0.51,1.05,INF,-1,1,7,0
9000,1,1,4.241,12.232,0.40,1.14,0.40,1.14,INF,-1,1,7,0
9020,1,1,4.875,10.803,0.46,1.01,0.46,1.01,INF,-1,1,7,0
9040,1,1,5.550,12.318,0.52,1.15,0.52,1.15,INF,-1,1,7,0
9060,1,1,5.111,11.155,0.48,1.04,0.48,1.04,INF,-1,1,7,0
9080,1,1,5.022,11.549,0.47,1.08,0.47,1.08,INF,-1,1,7,0
9100,1,1,5.530,11.927,0.52,1.11,0.52,1.11,INF,-1,1,7,0
9120,1,1,4.524,12.393,0.42,1.16,0.42,1.16,INF,-1,1,7,0
9140,1,1,5.793,12.006,0.54,1.12,0.54,1.12,INF,-1,1,7,0
9160,1,1,4.278,12.104,0.40,1.13,0.40,1.13,INF,-1,1,7,0
9180,1,1,4.164,10.693,0.39,1.00,0.39,1.00,INF,-1,1,7,0
9200,1,1,5.442,11.866,0.51,1.11,0.51,1.11,INF,-1,1,7,0
9220,1,1,4.468,12.184,0.42,1.14,0.42,1.14,INF,-1,1,7,0
9240,1,1,5.733,11.565,0.54,1.08,0.54,1.08,INF,-1,1,7,0
9260,1,1,5.251,11.169,0.49,1.04,0.49,1.04,INF,-1,1,7,0
9280,1,1,5.147,11.356,0.48,1.06,0.48,1.06,INF,-1,1,7,0
9300,1,1,5.079,12.439,0.47,1.16,0.47,1.16,INF,-1,1,7,0
9320,1,1,-1.008,11.723,-0.09,1.10,-0.09,1.10,INF,-1,1,7,0
9340,1,1,-0.191,12.932,-0.02,1.21,-0.02,1.21,INF,-1,1,7,0
9360,1,1,0.811,11.146,0.08,1.04,0.08,1.04,INF,-1,1,7,0
9380,1,1,1.085,11.355,0.10,1.06,0.10,1.06,INF,-1,1,7,0
9400,1,1,1.071,11.919,0.10,1.11,0.10,1.11,INF,-1,1,7,0
9420,1,1,-0.425,12.119,-0.04,1.13,-0.04,1.13,INF,-1,1,7,0
9440,1,1,0.745,12.521,0.07,1.17,0.07,1.17,INF,-1,1,7,0
9460,1,1,-0.481,12.549,-0.04,1.17,-0.04,1.17,INF,-1,1,7,0
9480,1,1,-0.455,11.345,-0.04,1.06,-0.04,1.06,INF,-1,1,7,0
9500,1,1,-0.140,12.173,-0.01,1.14,-0.01,1.14,INF,-1,1,7,0
9520,1,1,-0.348,12.613,-0.03,1.18,-0.03,1.18,INF,-1,1,7,0
9540,1,1,-0.287,11.846,-0.03,1.11,-0.03,1.11,INF,-1,1,7,0
9560,1,1,-0.952,12.787,-0.09,1.20,-0.09,1.20,INF,-1,1,7,0
9580,1,1,-0.690,13.464,-0.06,1.26,-0.06,1.26,INF,-1,1,7,0
9600,1,1,-0.852,12.622,-0.08,1.18,-0.08,1.18,INF,-1,1,7,0
9620,1,1,-0.451,11.266,-0.04,1.05,-0.04,1.05,INF,-1,1,7,0
9640,1,1,-0.900,11.084,-0.08,1.04,-0.08,1.04,INF,-1,1,7,0
9660,1,1,-0.451,11.979,-0.04,1.12,-0.04,1.12,INF,-1,1,7,0
9680,1,1,-1.843,11.904,-0.17,1.11,-0.17,1.11,INF,-1,1,7,0
9700,1,1,-0.797,11.766,-0.07,1.10,-0.07,1.10,INF,-1,1,7,0
9720,1,1,-0.809,11.418,-0.08,1.07,-0.08,1.07,INF,-1,1,7,0
9740,1,1,-0.398,10.839,-0.04,1.01,-0.04,1.01,INF,-1,1,7,0
9760,1,1,-1.753,11.296,-0.16,1.06,-0.16,1.06,INF,-1,1,7,0
9780,1,1,-1.730,12.044,-0.16,1.13,-0.16,1.13,INF,-1,1,7,0
9800,1,1,-1.873,11.477,-0.18,1.07,-0.18,1.07,INF,-1,1,7,0
9820,1,1,-2.030,10.513,-0.19,0.98,-0.19,0.98,INF,-1,1,7,0
9840,1,1,-1.710,10.195,-0.16,0.95,-0.16,0.95,INF,-1,1,7,0
9860,1,1,-2.252,11.900,-0.21,1.11,-0.21,1.11,INF,-1,1,7,0
9880,1,1,-1.827,10.596,-0.17,0.99,-0.17,0.99,INF,-1,1,7,0
9900,1,1,-3.283,11.100,-0.31,1.04,-0.31,1.04,INF,-1,1,7,0
9920,1,1,-5.668,11.854,-0.53,1.11,-0.53,1.11,INF,-1,1,7,0
9940,1,1,-7.205,13.228,-0.67,1.24,-0.67,1.24,INF,-1,1,7,0
9960,1,1,-6.751,13.488,-0.63,1.26,-0.63,1.26,INF,-1,1,7,0
9980,1,1,-7.306,11.460,-0.68,1.07,-0.68,1.07,INF,-1,1,7,0
10000,1,1,-7.634,10.671,-0.71,1.00,-0.71,1.00,INF,-1,1,7,0
10020,1,1,-6.962,12.174,-0.65,1.14,-0.65,1.14,INF,-1,1,7,0
10040,1,1,-6.605,10.633,-0.62,0.99,-0.62,0.99,INF,-1,1,7,0
10060,1,1,-5.937,10.172,-0.55,0.95,-0.55,0.95,INF,-1,1,7,0
10080,1,1,-6.644,11.194,-0.62,1.05,-0.62,1.05,INF,-1,1,7,0
10100,1,1,-6.214,10.886,-0.58,1.02,-0.58,1.02,INF,-1,1,7,0
10120,1,1,-4.711,11.809,-0.44,1.10,-0.44,1.10,INF,-1,1,7,0
10140,1,1,-5.718,10.992,-0.53,1.03,-0.53,1.03,INF,-1,1,7,0
10160,1,1,-6.168,11.635,-0.58,1.09,-0.58,1.09,INF,-1,1,7,0
10180,1,1,-5.996,11.529,-0.56,1.08,-0.56,1.08,INF,-1,1,7,0
10200,1,1,-5.512,11.889,-0.52,1.11,-0.52,1.11,INF,-1,1,7,0
10220,1,1,-5.040,10.957,-0.47,1.02,-0.47,1.02,INF,-1,1,7,0
10240,1,1,-5.443,11.149,-0.51,1.04,-0.51,1.04,INF,-1,1,7,0
10260,1,1,-5.520,11.200,-0.52,1.05,-0.52,1.05,INF,-1,1,7,0
10280,1,1,-5.556,10.444,-0.52,0.98,-0.52,0.98,INF,-1,1,7,0
10300,1,1,-6.104,10.657,-0.57,1.00,-0.57,1.00,INF,-1,1,7,0
10320,1,1,-6.842,10.920,-0.64,1.02,-0.64,1.02,INF,-1,1,7,0
10340,1,1,-5.914,10.401,-0.55,0.97,-0.55,0.97,INF,-1,1,7,0
10360,1,1,-6.409,10.929,-0.60,1.02,-0.60,1.02,INF,-1,1,7,0
10380,1,1,-6.070,10.598,-0.57,0.99,-0.57,0.99,INF,-1,1,7,0
10400,1,1,-7.880,10.993,-0.74,1.03,-0.74,1.03,INF,-1,1,7,0
10420,1,1,-6.548,9.834,-0.61,0.92,-0.61,0.92,INF,-1,1,7,0
10440,1,1,-7.083,10.606,-0.66,0.99,-0.66,0.99,INF,-1,1,7,0
10460,1,1,-5.764,10.172,-0.54,0.95,-0.54,0.95,INF,-1,1,7,0
10480,1,1,-6.504,10.046,-0.61,0.94,-0.61,0.94,INF,-1,1,7,0
10500,1,1,-6.530,10.638,-0.61,0.99,-0.61,0.99,INF,-1,1,7,0
10520,1,1,-6.385,10.579,-0.60,0.99,-0.60,0.99,INF,-1,1,7,0
10540,1,1,-6.316,9.976,-0.59,0.93,-0.59,0.93,INF,-1,1,7,0
10560,1,1,-6.333,10.221,-0.59,0.96,-0.59,0.96,INF,-1,1,7,0
10580,1,1,-6.889,9.854,-0.64,0.92,-0.64,0.92,INF,-1,1,7,0
10600,1,1,-4.881,10.503,-0.46,0.98,-0.46,0.98,INF,-1,1,7,0
10620,1,1,-6.248,10.111,-0.58,0.94,-0.58,0.94,INF,-1,1,7,0
10640,1,1,-4.814,9.216,-0.45,0.86,-0.45,0.86,INF,-1,1,7,0
10660,1,1,-6.886,10.702,-0.64,1.00,-0.64,1.00,INF,-1,1,7,0
10680,1,1,-5.102,9.352,-0.48,0.87,-0.48,0.87,INF,-1,1,7,0
10700,1,1,-7.078,9.176,-0.66,0.86,-0.66,0.86,INF,-1,1,7,0
10720,1,1,-7.198,10.040,-0.67,0.94,-0.67,0.94,INF,-1,1,7,0
10740,1,1,-6.632,9.706,-0.62,0.91,-0.62,0.91,INF,-1,1,7,0
10760,1,1,-7.040,10.011,-0.66,0.94,-0.66,0.94,INF,-1,1,7,0
10780,1,1,-7.367,10.808,-0.69,1.01,-0.69,1.01,INF,-1,1,7,0
10800,1,1,-6.238,10.948,-0.58,1.02,-0.58,1.02,INF,-1,1,7,0
10820,1,1,-6.673,10.185,-0.62,0.95,-0.62,0.95,INF,-1,1,7,0
10840,1,1,-6.071,10.620,-0.57,0.99,-0.57,0.99,INF,-1,1,7,0
10860,1,1,-6.883,9.670,-0.64,0.90,-0.64,0.90,INF,-1,1,7,0
10880,1,1,-7.018,10.379,-0.66,0.97,-0.66,0.97,INF,-1,1,7,0
10900,1,1,-6.394,9.752,-0.60,0.91,-0.60,0.91,INF,-1,1,7,0
10920,1,1,-7.176,9.662,-0.67,0.90,-0.67,0.90,INF,-1,1,7,0
10940,1,1,-7.021,8.270,-0.66,0.77,-0.66,0.77,INF,-1,1,7,0
10960,1,1,-7.773,9.506,-0.73,0.89,-0.73,0.89,INF,-1,1,7,0
10980,1,1,-6.694,8.287,-0.63,0.77,-0.63,0.77,INF,-1,1,7,0
11000,1,1,-5.965,8.397,-0.56,0.78,-0.56,0.78,INF,-1,1,7,0
11020,1,1,-6.126,8.929,-0.57,0.83,-0.57,0.83,INF,-1,1,7,0
11040,1,1,-5.357,8.765,-0.50,0.82,-0.50,0.82,INF,-1,1,7,0
11060,1,1,1.490,10.418,0.14,0.97,0.14,0.97,INF,-1,1,7,0
11080,1,1,-0.295,11.416,-0.03,1.07,-0.03,1.07,INF,-1,1,7,0
11100,1,1,0.833,9.775,0.08,0.91,0.08,0.91,INF,-1,1,7,0
11120,1,1,-0.005,10.075,0.00,0.94,0.00,0.94,INF,-1,1,7,0
11140,1,1,0.344,9.776,0.03,0.91,0.03,0.91,INF,-1,1,7,0
11160,1,1,-0.041,11.201,0.00,1.05,0.00,1.05,INF,-1,1,7,0
11180,1,1,-0.514,10.517,-0.05,0.98,-0.05,0.98,INF,-1,1,7,0
11200,1,1,-0.367,10.194,-0.03,0.95,-0.03,0.95,INF,-1,1,7,0
11220,1,1,0.319,11.319,0.03,1.06,0.03,1.06,INF,-1,1,7,0
11240,1,1,0.502,10.485,0.05,0.98,0.05,0.98,INF,-1,1,7,0
11260,1,1,-0.633,10.930,-0.06,1.02,-0.06,1.02,INF,-1,1,7,0
11280,1,1,0.049,10.437,0.00,0.98,0.00,0.98,INF,-1,1,7,0
11300,1,1,1.943,10.138,0.18,0.95,0.18,0.95,INF,-1,1,7,0
11320,1,1,-0.097,11.383,-0.01,1.06,-0.01,1.06,INF,-1,1,7,0
11340,1,1,0.737,11.247,0.07,1.05,0.07,1.05,INF,-1,1,7,0
11360,1,1,0.183,11.510,0.02,1.08,0.02,1.08,INF,-1,1,7,0
11380,1,1,2.123,10.249,0.20,0.96,0.20,0.96,INF,-1,1,7,0
11400,1,1,1.397,10.398,0.13,0.97,0.13,0.97,INF,-1,1,7,0
11420,1,1,-0.056,12.133,-0.01,1.13,-0.01,1.13,INF,-1,1,7,0
11440,1,1,2.229,10.624,0.21,0.99,0.21,0.99,INF,-1,1,7,0
11460,1,1,2.141,10.804,0.20,1.01,0.20,1.01,INF,-1,1,7,0
11480,1,1,1.651,10.868,0.15,1.02,0.15,1.02,INF,-1,1,7,0
11500,1,1,2.078,10.615,0.19,0.99,0.19,0.99,INF,-1,1,7,0
11520,1,1,2.245,10.616,0.21,0.99,0.21,0.99,INF,-1,1,7,0
11540,1,1,1.415,12.011,0.13,1.12,0.13,1.12,INF,-1,1,7,0
11560,1,1,2.299,12.248,0.21,1.14,0.21,1.14,INF,-1,1,7,0
11580,1,1,3.412,11.092,0.32,1.04,0.32,1.04,INF,-1,1,7,0
11600,1,1,3.935,12.094,0.37,1.13,0.37,1.13,INF,-1,1,7,0
11620,1,1,4.511,11.396,0.42,1.07,0.42,1.07,INF,-1,1,7,0
11640,1,1,3.881,10.794,0.36,1.01,0.36,1.01,INF,-1,1,7,0
11660,1,1,3.733,12.414,0.35,1.16,0.35,1.16,INF,-1,1,7,0
11680,1,1,-0.094,11.307,-0.01,1.06,-0.01,1.06,INF,-1,1,7,0
11700,1,1,-4.988,12.095,-0.47,1.13,-0.47,1.13,INF,-1,1,7,0
11720,1,1,-4.427,11.692,-0.41,1.09,-0.41,1.09,INF,-1,1,7,0
11740,1,1,-3.460,11.417,-0.32,1.07,-0.32,1.07,INF,-1,1,7,0
11760,1,1,-3.850,11.786,-0.36,1.10,-0.36,1.10,INF,-1,1,7,0
11780,1,1,-3.296,12.238,-0.31,1.14,-0.31,1.14,INF,-1,1,7,0
11800,1,1,-3.099,11.214,-0.29,1.05,-0.29,1.05,INF,-1,1,7,0
11820,1,1,-2.494,11.583,-0.23,1.08,-0.23,1.08,INF,-1,1,7,0
11840,1,1,-2.624,11.080,-0.25,1.04,-0.25,1.04,INF,-1,1,7,0
11860,1,1,-2.253,11.062,-0.21,1.03,-0.21,1.03,INF,-1,1,7,0
11880,1,1,-2.148,12.091,-0.20,1.13,-0.20,1.13,INF,-1,1,7,0
11900,1,1,-1.918,11.437,-0.18,1.07,-0.18,1.07,INF,-1,1,7,0
11920,1,1,-2.702,12.139,-0.25,1.13,-0.25,1.13,INF,-1,1,7,0
11940,1,1,-2.529,11.629,-0.24,1.09,-0.24,1.09,INF,-1,1,7,0
11960,1,1,-2.416,11.615,-0.23,1.09,-0.23,1.09,INF,-1,1,7,0
11980,1,1,-3.436,11.535,-0.32,1.08,-0.32,1.08,INF,-1,1,7,0
12000,1,1,-3.304,11.761,-0.31,1.10,-0.31,1.10,INF,-1,1,7,0
12020,1,1,-1.781,9.922,-0.17,0.93,-0.17,0.93,INF,-1,1,7,0
12040,1,1,-0.286,10.165,-0.03,0.95,-0.03,0.95,INF,-1,1,7,0
12060,1,1,-1.690,10.876,-0.16,1.02,-0.16,1.02,INF,-1,1,7,0
12080,1,1,-1.188,11.305,-0.11,1.06,-0.11,1.06,INF,-1,1,7,0
12100,1,1,-0.815,11.281,-0.08,1.05,-0.08,1.05,INF,-1,1,7,0
12120,1,1,-0.905,10.973,-0.08,1.03,-0.08,1.03,INF,-1,1,7,0
12140,1,1,-2.157,11.094,-0.20,1.04,-0.20,1.04,INF,-1,1,7,0
12160,1,1,-1.331,11.515,-0.12,1.08,-0.12,1.08,INF,-1,1,7,0
12180,1,1,-2.349,11.489,-0.22,1.07,-0.22,1.07,INF,-1,1,7,0
12200,1,1,-0.498,11.013,-0.05,1.03,-0.05,1.03,INF,-1,1,7,0
12220,1,1,-1.177,11.878,-0.11,1.11,-0.11,1.11,INF,-1,1,7,0
12240,1,1,-1.800,11.624,-0.17,1.09,-0.17,1.09,INF,-1,1,7,0
12260,1,1,-0.765,11.143,-0.07,1.04,-0.07,1.04,INF,-1,1,7,0
12280,1,1,-1.752,11.688,-0.16,1.09,-0.16,1.09,INF,-1,1,7,0
12300,1,1,-1.765,11.826,-0.16,1.11,-0.16,1.11,INF,-1,1,7,0
12320,1,1,7.731,11.663,0.72,1.09,0.72,1.09,INF,-1,1,7,0
12340,1,1,7.480,13.914,0.70,1.30,0.70,1.30,INF,-1,1,7,0
12360,1,1,6.865,12.866,0.64,1.20,0.64,1.20,INF,-1,1,7,0
12380,1,1,7.238,13.159,0.68,1.23,0.68,1.23,INF,-1,1,7,0
12400,1,1,7.293,13.295,0.68,1.24,0.68,1.24,INF,-1,1,7,0
12420,1,1,7.736,12.620,0.72,1.18,0.72,1.18,INF,-1,1,7,0
12440,1,1,7.700,14.248,0.72,1.33,0.72,1.33,INF,-1,1,7,0
12460,1,1,8.655,13.868,0.81,1.30,0.81,1.30,INF,-1,1,7,0
12480,1,1,8.318,13.160,0.78,1.23,0.78,1.23,INF,-1,1,7,0
12500,1,1,9.142,14.444,0.85,1.35,0.85,1.35,INF,-1,1,7,0
12520,1,1,9.333,14.624,0.87,1.37,0.87,1.37,INF,-1,1,7,0
12540,1,1,8.766,14.381,0.82,1.34,0.82,1.34,INF,-1,1,7,0
12560,1,1,9.349,13.839,0.87,1.29,0.87,1.29,INF,-1,1,7,0
12580,1,1,8.508,14.573,0.80,1.36,0.79,1.36,INF,-1,1,7,0
12600,1,1,9.738,13.646,0.91,1.28,0.91,1.28,INF,-1,1,7,0
12620,1,1,8.867,14.805,0.83,1.38,0.83,1.38,INF,-1,1,7,0
12640,1,1,8.964,14.144,0.84,1.32,0.84,1.32,INF,-1,0,7,0
12660,1,1,8.521,14.738,0.80,1.38,0.80,1.38,INF,-1,0,7,0
12680,1,1,8.890,14.881,0.83,1.39,0.83,1.39,INF,-1,0,7,0
12700,1,1,8.674,13.759,0.81,1.29,0.81,1.29,INF,-1,0,7,0
12720,1,1,9.342,14.686,0.87,1.37,0.87,1.37,INF,-1,0,7,0
12740,1,1,9.206,14.504,0.86,1.36,0.86,1.36,INF,-1,0,7,0
12760,1,1,8.824,13.964,0.82,1.30,0.82,1.30,INF,-1,0,7,0
12780,1,1,9.091,13.635,0.85,1.27,0.85,1.27,INF,-1,0,7,0
12800,1,1,8.554,13.293,0.80,1.24,0.80,1.24,INF,-1,0,7,0
12820,1,1,8.710,14.205,0.81,1.33,0.81,1.33,INF,-1,0,7,0
12840,1,1,8.482,14.617,0.79,1.37,0.79,1.37,INF,-1,0,7,0
12860,1,1,9.712,13.492,0.91,1.26,0.91,1.26,INF,-1,0,7,0
12880,1,1,8.572,13.993,0.80,1.31,0.80,1.31,INF,-1,1,7,0
12900,1,1,9.195,14.972,0.86,1.40,0.86,1.40,INF,-1,1,7,0
12920,1,1,8.865,13.768,0.83,1.29,0.83,1.29,INF,-1,1,7,0
12940,1,1,9.854,14.579,0.92,1.36,0.92,1.36,INF,-1,1,7,0
12960,1,1,8.467,13.065,0.79,1.22,0.79,1.22,INF,-1,1,7,0
12980,1,1,0.331,14.084,0.03,1.32,0.03,1.32,INF,-1,1,7,0
13000,1,1,1.301,15.143,0.12,1.42,0.12,1.42,INF,-1,1,7,0
13020,1,1,0.868,14.763,0.08,1.38,0.08,1.38,INF,-1,1,7,0
13040,1,1,1.884,14.803,0.18,1.38,0.18,1.38,INF,-1,1,7,0
13060,1,1,2.605,14.530,0.24,1.36,0.24,1.36,INF,-1,1,7,0
13080,1,1,1.275,14.847,0.12,1.39,0.12,1.39,INF,-1,1,7,0
13100,1,1,2.167,14.852,0.20,1.39,0.20,1.39,INF,-1,1,7,0
13120,1,1,0.322,14.208,0.03,1.33,0.03,1.33,INF,-1,1,7,0
13140,1,1,0.274,15.691,0.03,1.47,0.03,1.47,INF,-1,1,7,0
13160,1,1,2.142,16.557,0.20,1.55,0.20,1.55,INF,-1,1,7,0
13180,1,1,2.366,16.198,0.22,1.51,0.22,1.51,INF,-1,1,7,0
13200,1,1,0.383,17.444,0.04,1.63,0.04,1.63,INF,-1,1,7,0
13220,1,1,1.746,16.453,0.16,1.54,0.16,1.54,INF,-1,1,7,0
13240,1,1,1.128,15.928,0.11,1.49,0.11,1.49,INF,-1,1,7,0
13260,1,1,1.484,15.615,0.14,1.46,0.14,1.46,INF,-1,1,7,0
13280,1,1,1.705,16.420,0.16,1.53,0.16,1.53,INF,-1,1,7,0
13300,1,1,1.801,15.230,0.17,1.42,0.17,1.42,INF,-1,1,7,0
13320,1,1,2.612,14.545,0.24,1.36,0.24,1.36,INF,-1,1,7,0
13340,1,1,1.023,15.355,0.10,1.43,0.10,1.43,INF,-1,1,7,0
13360,1,1,0.868,15.363,0.08,1.44,0.08,1.44,INF,-1,1,7,0
13380,1,1,0.446,15.725,0.04,1.47,0.04,1.47,INF,-1,1,7,0
13400,1,1,1.529,15.245,0.14,1.42,0.14,1.42,INF,-1,1,7,0
13420,1,1,1.365,15.458,0.13,1.44,0.13,1.44,INF,-1,1,7,0
13440,1,1,1.908,15.646,0.18,1.46,0.18,1.46,INF,-1,1,7,0
13460,1,1,1.063,14.160,0.10,1.32,0.10,1.32,INF,-1,1,7,0
13480,1,1,-0.033,15.511,0.00,1.45,0.00,1.45,INF,-1,1,7,0
13500,1,1,0.300,14.735,0.03,1.38,0.03,1.38,INF,-1,1,7,0
13520,1,1,0.434,14.498,0.04,1.35,0.04,1.35,INF,-1,1,7,0
13540,1,1,0.828,13.703,0.08,1.28,0.08,1.28,INF,-1,1,7,0
13560,1,1,1.344,13.620,0.13,1.27,0.13,1.27,INF,-1,1,7,0
13580,1,1,1.553,13.888,0.15,1.30,0.15,1.30,INF,-1,1,7,0
13600,1,1,1.751,13.368,0.16,1.25,0.16,1.25,INF,-1,1,7,0
13620,1,1,2.719,13.900,0.25,1.30,0.25,1.30,INF,-1,1,7,0
13640,1,1,2.162,13.971,0.20,1.31,0.20,1.31,INF,-1,1,7,0
13660,1,1,2.691,13.648,0.25,1.28,0.25,1.28,INF,-1,1,7,0
13680,1,1,2.457,14.229,0.23,1.33,0.23,1.33,INF,-1,1,7,0
13700,1,1,3.162,12.880,0.30,1.20,0.30,1.20,INF,-1,1,7,0
13720,1,1,2.477,13.970,0.23,1.31,0.23,1.31,INF,-1,1,7,0
13740,1,1,4.682,14.037,0.44,1.31,0.44,1.31,INF,-1,1,7,0
13760,1,1,2.906,13.158,0.27,1.23,0.27,1.23,INF,-1,1,7,0
13780,1,1,3.149,14.098,0.29,1.32,0.29,1.32,INF,-1,1,7,0
13800,1,1,2.014,13.433,0.19,1.26,0.19,1.26,INF,-1,1,7,0
13820,1,1,5.006,14.370,0.47,1.34,0.47,1.34,INF,-1,1,7,0
13840,1,1,4.088,12.895,0.38,1.21,0.38,1.21,INF,-1,1,7,0
13860,1,1,4.734,14.692,0.44,1.37,0.44,1.37,INF,-1,1,7,0
13880,1,1,4.378,13.519,0.41,1.26,0.41,1.26,INF,-1,1,7,0
13900,1,1,4.610,14.360,0.43,1.34,0.43,1.34,INF,-1,1,7,0
13920,1,1,4.059,14.536,0.38,1.36,0.38,1.36,INF,-1,1,7,0
13940,1,1,4.420,14.013,0.41,1.31,0.41,1.31,INF,-1,1,7,0
13960,1,1,5.003,14.031,0.47,1.31,0.47,1.31,INF,-1,1,7,0
13980,1,1,5.114,13.612,0.48,1.27,0.48,1.27,INF,-1,1,7,0
14000,1,1,4.108,14.609,0.38,1.37,0.38,1.37,INF,-1,1,7,0
14020,1,1,5.396,14.738,0.50,1.38,0.50,1.38,INF,-1,1,7,0
14040,1,1,4.297,13.801,0.40,1.29,0.40,1.29,INF,-1,1,7,0
14060,1,1,4.630,15.554,0.43,1.45,0.43,1.45,INF,-1,1,7,0
14080,1,1,4.669,14.857,0.44,1.39,0.44,1.39,INF,-1,1,7,0
14100,1,1,4.813,13.931,0.45,1.30,0.45,1.30,INF,-1,1,7,0
14120,1,1,4.155,14.722,0.39,1.38,0.39,1.38,INF,-1,1,7,0
14140,1,1,4.498,14.437,0.42,1.35,0.42,1.35,INF,-1,1,7,0
14160,1,1,5.594,13.996,0.52,1.31,0.52,1.31,INF,-1,1,7,0
14180,1,1,5.527,13.938,0.52,1.30,0.52,1.30,INF,-1,1,7,0
14200,1,1,4.142,14.871,0.39,1.39,0.39,1.39,INF,-1,1,7,0
14220,1,1,4.115,14.378,0.38,1.34,0.38,1.34,INF,-1,1,7,0
14240,1,1,5.008,14.405,0.47,1.35,0.47,1.35,INF,-1,1,7,0
14260,1,1,4.710,13.855,0.44,1.29,0.44,1.29,INF,-1,1,7,0
14280,1,1,5.364,14.275,0.50,1.33,0.50,1.33,INF,-1,1,7,0
14300,1,1,4.620,13.460,0.43,1.26,0.43,1.26,INF,-1,1,7,0
14320,1,1,4.910,12.805,0.46,1.20,0.46,1.20,INF,-1,1,7,0
14340,1,1,4.327,13.925,0.40,1.30,0.40,1.30,INF,-1,1,7,0
14360,1,1,5.837,13.112,0.55,1.23,0.55,1.23,INF,-1,1,7,0
14380,1,1,5.052,13.189,0.47,1.23,0.47,1.23,INF,-1,1,7,0
14400,1,1,5.887,13.012,0.55,1.22,0.55,1.22,INF,-1,1,7,0
14420,1,1,4.694,14.211,0.44,1.33,0.44,1.33,INF,-1,1,7,0
14440,1,1,6.208,12.863,0.58,1.20,0.58,1.20,INF,-1,1,7,0
14460,1,1,5.234,12.801,0.49,1.20,0.49,1.20,INF,-1,1,7,0
14480,1,1,6.629,13.238,0.62,1.24,0.62,1.24,INF,-1,1,7,0
14500,1,1,5.420,13.887,0.51,1.30,0.51,1.30,INF,-1,1,7,0
14520,1,1,4.621,13.599,0.43,1.27,0.43,1.27,INF,-1,1,7,0
14540,1,1,5.460,13.506,0.51,1.26,0.51,1.26,INF,-1,1,7,0
14560,1,1,6.808,13.834,0.64,1.29,0.64,1.29,INF,-1,1,7,0
14580,1,1,6.074,13.230,0.57,1.24,0.57,1.24,INF,-1,1,7,0
14600,1,1,6.365,13.604,0.59,1.27,0.59,1.27,INF,-1,1,7,0
14620,1,1,5.633,13.112,0.53,1.23,0.53,1.23,INF,-1,1,7,0
14640,1,1,7.008,13.180,0.66,1.23,0.65,1.23,INF,-1,1,7,0
14660,1,1,7.059,13.650,0.66,1.28,0.66,1.28,INF,-1,1,7,0
14680,1,1,6.310,13.978,0.59,1.31,0.59,1.31,INF,-1,1,7,0
14700,1,1,5.620,13.371,0.53,1.25,0.53,1.25,INF,-1,1,7,0
14720,1,1,5.661,13.362,0.53,1.25,0.53,1.25,INF,-1,1,7,0
14740,1,1,5.610,14.116,0.52,1.32,0.52,1.32,INF,-1,1,7,0
14760,1,1,5.429,14.033,0.51,1.31,0.51,1.31,INF,-1,1,7,0
14780,1,1,8.108,16.465,0.76,1.54,0.76,1.54,INF,-1,1,7,0
14800,1,1,8.926,17.192,0.83,1.61,0.83,1.61,INF,-1,1,7,0
14820,1,1,7.975,16.785,0.75,1.57,0.75,1.57,INF,-1,1,7,0
14840,1,1,9.882,16.899,0.92,1.58,0.92,1.58,INF,-1,1,7,0
14860,1,1,8.206,17.363,0.77,1.62,0.77,1.62,INF,-1,1,7,0
14880,1,1,7.858,15.797,0.73,1.48,0.73,1.48,INF,-1,1,7,0
14900,1,1,8.839,16.770,0.83,1.57,0.83,1.57,INF,-1,1,7,0
14920,1,1,9.814,16.635,0.92,1.55,0.92,1.55,INF,-1,1,7,0
14940,1,1,8.087,16.919,0.76,1.58,0.76,1.58,INF,-1,1,7,0
14960,1,1,9.865,16.178,0.92,1.51,0.92,1.51,INF,-1,1,7,0
14980,1,1,6.684,16.854,0.62,1.57,0.62,1.57,INF,-1,1,7,0
