"EyeTracker Toolbox version","3.250"
CalibrationParameters_A11,1.07052
CalibrationParameters_A12,0.06160
CalibrationParameters_A13,-0.02475
CalibrationParameters_A21,0.06667
CalibrationParameters_A22,-1.13128
CalibrationParameters_A23,0.00039
CalibrationParameters_A31,-0.00016
CalibrationParameters_A32,-0.00048
CalibrationParameters_E11,-0.18021
CalibrationParameters_E12,-0.00009
CalibrationParameters_E21,0.00000
CalibrationParameters_E22,0.19987
CalibrationParameters_X,-26.89907
CalibrationParameters_Y,-32.21198
CalibrationParameters_Rpc,85.53972
CalibrationParameters_MeanX,135.31307
CalibrationParameters_MeanY,134.20252
CalibrationParameters_ViewDist,613.00000
TimeStamp,Tracked,Calibrated,ScreenPositionXmm,ScreenPositionYmm,FicksLongitude,FicksLatitude,HelmholtzAzimuth,HelmholtzElevation,PupilDiameter,Region,Fixation,DigitalIO,Dropped
0,1,1,-13.043,-10.708,-1.22,-1.00,-1.22,-1.00,INF,-1,0,7,0
20,1,1,-12.073,-11.593,-1.13,-1.08,-1.13,-1.08,INF,-1,0,7,0
40,1,1,-13.205,-11.887,-1.23,-1.11,-1.23,-1.11,INF,-1,0,7,0
60,1,1,-12.368,-12.579,-1.16,-1.18,-1.16,-1.18,INF,-1,0,7,0
80,1,1,-13.691,-12.749,-1.28,-1.19,-1.28,-1.19,INF,-1,0,7,0
100,1,1,-11.377,-12.878,-1.06,-1.20,-1.06,-1.20,INF,-1,0,7,0
120,1,1,-13.460,-13.964,-1.26,-1.30,-1.26,-1.30,INF,-1,0,7,0
140,1,1,-13.751,-14.785,-1.29,-1.38,-1.28,-1.38,INF,-1,0,7,0
160,1,1,-13.088,-14.391,-1.22,-1.34,-1.22,-1.34,INF,-1,0,7,0
180,1,1,-11.598,-15.233,-1.08,-1.42,-1.08,-1.42,INF,-1,0,7,0
200,1,1,-11.911,-14.331,-1.11,-1.34,-1.11,-1.34,INF,-1,0,7,0
220,1,1,-13.132,-13.631,-1.23,-1.27,-1.23,-1.27,INF,-1,0,7,0
240,1,1,-12.797,-14.405,-1.20,-1.35,-1.20,-1.35,INF,-1,0,7,0
260,1,1,-13.247,-14.397,-1.24,-1.35,-1.24,-1.35,INF,-1,0,7,0
280,1,1,-13.471,-14.867,-1.26,-1.39,-1.26,-1.39,INF,-1,1,7,0
300,1,1,-13.259,-13.559,-1.24,-1.27,-1.24,-1.27,INF,-1,1,7,0
320,1,1,-13.277,-13.611,-1.24,-1.27,-1.24,-1.27,INF,-1,1,7,0
340,1,1,-14.832,-14.197,-1.39,-1.33,-1.39,-1.33,INF,-1,1,7,0
360,1,1,-4.393,-11.139,-0.41,-1.04,-0.41,-1.04,INF,-1,1,7,0
380,1,1,20.269,7.202,1.89,0.67,1.89,0.67,INF,-1,1,7,0
400,1,1,19.325,7.655,1.81,0.72,1.81,0.72,INF,-1,1,7,0
420,1,1,20.138,6.719,1.88,0.63,1.88,0.63,INF,-1,0,7,0
440,1,1,20.889,6.584,1.95,0.62,1.95,0.62,INF,-1,0,7,0
460,1,1,22.073,8.468,2.06,0.79,2.06,0.79,INF,-1,0,7,0
480,1,1,21.610,8.760,2.02,0.82,2.02,0.82,INF,-1,0,7,0
500,1,1,23.196,8.169,2.17,0.76,2.17,0.76,INF,-1,0,7,0
520,1,1,22.614,8.537,2.11,0.80,2.11,0.80,INF,-1,0,7,0
540,1,1,22.593,8.098,2.11,0.76,2.11,0.76,INF,-1,0,7,0
560,1,1,23.863,7.656,2.23,0.71,2.23,0.72,INF,-1,0,7,0
580,1,1,22.970,8.211,2.15,0.77,2.15,0.77,INF,-1,0,7,0
600,1,1,24.745,8.096,2.31,0.76,2.31,0.76,INF,-1,0,7,0
620,1,1,24.466,9.435,2.29,0.88,2.29,0.88,INF,-1,0,7,0
640,1,1,24.738,10.899,2.31,1.02,2.31,1.02,INF,-1,0,7,0
660,1,1,25.301,10.474,2.36,0.98,2.36,0.98,INF,-1,1,7,0
680,1,1,27.358,7.610,2.56,0.71,2.56,0.71,INF,-1,1,7,0
700,1,1,25.578,10.050,2.39,0.94,2.39,0.94,INF,-1,1,7,0
720,1,1,13.710,3.851,1.28,0.36,1.28,0.36,INF,-1,1,7,0
740,1,1,-4.354,1.677,-0.41,0.16,-0.41,0.16,INF,-1,1,7,0
760,1,1,-3.122,2.915,-0.29,0.27,-0.29,0.27,INF,-1,1,7,0
780,1,1,-1.858,2.124,-0.17,0.20,-0.17,0.20,INF,-1,0,7,0
800,1,1,-2.220,1.128,-0.21,0.11,-0.21,0.11,INF,-1,0,7,0
820,1,1,-1.689,2.698,-0.16,0.25,-0.16,0.25,INF,-1,0,7,0
840,1,1,-0.998,1.205,-0.09,0.11,-0.09,0.11,INF,-1,0,7,0
860,1,1,-1.447,1.565,-0.14,0.15,-0.14,0.15,INF,-1,0,7,0
880,1,1,-1.661,2.797,-0.16,0.26,-0.16,0.26,INF,-1,0,7,0
900,1,1,-3.869,2.133,-0.36,0.20,-0.36,0.20,INF,-1,0,7,0
920,1,1,-2.409,2.841,-0.23,0.27,-0.23,0.27,INF,-1,0,7,0
940,1,1,-1.368,2.713,-0.13,0.25,-0.13,0.25,INF,-1,0,7,0
960,1,1,-4.575,2.618,-0.43,0.24,-0.43,0.24,INF,-1,0,7,0
980,1,1,-2.139,2.416,-0.20,0.23,-0.20,0.23,INF,-1,0,7,0
1000,1,1,-11.148,-1.189,-1.04,-0.11,-1.04,-0.11,INF,-1,0,7,0
1020,1,1,-29.874,-8.377,-2.79,-0.78,-2.79,-0.78,INF,-1,1,7,0
1040,1,1,-28.218,-8.932,-2.64,-0.83,-2.64,-0.83,INF,-1,1,7,0
1060,1,1,-26.790,-9.241,-2.50,-0.86,-2.50,-0.86,INF,-1,0,7,0
1080,1,1,-29.166,-9.517,-2.72,-0.89,-2.72,-0.89,INF,-1,0,7,0
1100,1,1,-29.358,-7.790,-2.74,-0.73,-2.74,-0.73,INF,-1,0,7,0
1120,1,1,-28.727,-8.337,-2.68,-0.78,-2.68,-0.78,INF,-1,0,7,0
1140,1,1,-29.682,-6.926,-2.77,-0.65,-2.77,-0.65,INF,-1,0,7,0
1160,1,1,-29.507,-7.487,-2.76,-0.70,-2.76,-0.70,INF,-1,0,7,0
1180,1,1,-27.221,-7.996,-2.54,-0.75,-2.54,-0.75,INF,-1,0,7,0
1200,1,1,-27.782,-7.937,-2.59,-0.74,-2.59,-0.74,INF,-1,0,7,0
1220,1,1,-29.311,-8.579,-2.74,-0.80,-2.74,-0.80,INF,-1,0,7,0
1240,1,1,-26.688,-8.659,-2.49,-0.81,-2.49,-0.81,INF,-1,0,7,0
1260,1,1,-28.121,-7.320,-2.63,-0.68,-2.63,-0.68,INF,-1,0,7,0
1280,1,1,-28.840,-7.979,-2.69,-0.74,-2.69,-0.75,INF,-1,0,7,0
1300,1,1,-27.200,-8.765,-2.54,-0.82,-2.54,-0.82,INF,-1,1,7,0
1320,1,1,-26.244,-8.818,-2.45,-0.82,-2.45,-0.82,INF,-1,1,7,0
1340,1,1,-28.535,-8.952,-2.67,-0.84,-2.66,-0.84,INF,-1,1,7,0
1360,1,1,-15.343,-3.557,-1.43,-0.33,-1.43,-0.33,INF,-1,1,7,0
1380,1,1,-13.337,-3.173,-1.25,-0.30,-1.25,-0.30,INF,-1,1,7,0
1400,1,1,-12.816,-5.194,-1.20,-0.49,-1.20,-0.49,INF,-1,0,7,0
1420,1,1,-13.492,-3.022,-1.26,-0.28,-1.26,-0.28,INF,-1,0,7,0
1440,1,1,-12.618,-5.038,-1.18,-0.47,-1.18,-0.47,INF,-1,0,7,0
1460,1,1,-14.128,-3.283,-1.32,-0.31,-1.32,-0.31,INF,-1,0,7,0
1480,1,1,-12.466,-3.667,-1.16,-0.34,-1.16,-0.34,INF,-1,0,7,0
1500,1,1,-13.326,-5.338,-1.25,-0.50,-1.25,-0.50,INF,-1,0,7,0
1520,1,1,-9.145,-4.713,-0.85,-0.44,-0.85,-0.44,INF,-1,0,7,0
1540,1,1,0.635,3.645,0.06,0.34,0.06,0.34,INF,-1,0,7,0
1560,1,1,-1.730,3.419,-0.16,0.32,-0.16,0.32,INF,-1,0,7,0
1580,1,1,-0.947,2.159,-0.09,0.20,-0.09,0.20,INF,-1,0,7,0
1600,1,1,-1.235,1.649,-0.12,0.15,-0.12,0.15,INF,-1,0,7,0
1620,1,1,-1.233,2.906,-0.12,0.27,-0.12,0.27,INF,-1,0,7,0
1640,1,1,-2.060,3.502,-0.19,0.33,-0.19,0.33,INF,-1,1,7,0
1660,1,1,0.056,3.597,0.01,0.34,0.01,0.34,INF,-1,1,7,0
1680,1,1,-1.163,3.152,-0.11,0.29,-0.11,0.29,INF,-1,1,7,0
1700,1,1,-0.835,2.527,-0.08,0.24,-0.08,0.24,INF,-1,1,7,0
1720,1,1,-1.128,2.002,-0.11,0.19,-0.11,0.19,INF,-1,1,7,0
1740,1,1,-1.356,3.482,-0.13,0.33,-0.13,0.33,INF,-1,1,7,0
1760,1,1,0.131,2.541,0.01,0.24,0.01,0.24,INF,-1,1,7,0
1780,1,1,-1.302,2.125,-0.12,0.20,-0.12,0.20,INF,-1,1,7,0
1800,1,1,-0.462,1.872,-0.04,0.18,-0.04,0.18,INF,-1,1,7,0
1820,1,1,0.737,3.605,0.07,0.34,0.07,0.34,INF,-1,1,7,0
1840,1,1,0.608,2.701,0.06,0.25,0.06,0.25,INF,-1,1,7,0
1860,1,1,-0.853,2.735,-0.08,0.26,-0.08,0.26,INF,-1,1,7,0
1880,1,1,-1.072,2.155,-0.10,0.20,-0.10,0.20,INF,-1,1,7,0
1900,1,1,-1.169,3.520,-0.11,0.33,-0.11,0.33,INF,-1,1,7,0
1920,1,1,-0.618,2.644,-0.06,0.25,-0.06,0.25,INF,-1,1,7,0
1940,1,1,-1.724,2.014,-0.16,0.19,-0.16,0.19,INF,-1,1,7,0
1960,1,1,-1.144,0.799,-0.11,0.07,-0.11,0.07,INF,-1,1,7,0
1980,1,1,0.366,2.682,0.03,0.25,0.03,0.25,INF,-1,1,7,0
2000,1,1,0.045,1.453,0.00,0.14,0.00,0.14,INF,-1,1,7,0
2020,1,1,0.103,3.004,0.01,0.28,0.01,0.28,INF,-1,1,7,0
2040,1,1,-2.913,2.940,-0.27,0.27,-0.27,0.27,INF,-1,1,7,0
2060,1,1,-2.986,1.969,-0.28,0.18,-0.28,0.18,INF,-1,1,7,0
2080,1,1,-3.153,4.387,-0.29,0.41,-0.29,0.41,INF,-1,1,7,0
2100,1,1,-1.693,3.589,-0.16,0.34,-0.16,0.34,INF,-1,1,7,0
2120,1,1,-1.633,1.727,-0.15,0.16,-0.15,0.16,INF,-1,1,7,0
2140,1,1,-2.147,3.061,-0.20,0.29,-0.20,0.29,INF,-1,1,7,0
2160,1,1,-4.821,3.701,-0.45,0.35,-0.45,0.35,INF,-1,1,7,0
2180,1,1,-4.562,2.260,-0.43,0.21,-0.43,0.21,INF,-1,1,7,0
2200,1,1,-5.058,4.167,-0.47,0.39,-0.47,0.39,INF,-1,1,7,0
2220,1,1,-4.037,2.677,-0.38,0.25,-0.38,0.25,INF,-1,1,7,0
2240,1,1,-4.134,3.305,-0.39,0.31,-0.39,0.31,INF,-1,1,7,0
2260,1,1,-4.298,4.362,-0.40,0.41,-0.40,0.41,INF,-1,1,7,0
2280,1,1,-5.871,3.405,-0.55,0.32,-0.55,0.32,INF,-1,1,7,0
2300,1,1,-4.725,5.458,-0.44,0.51,-0.44,0.51,INF,-1,1,7,0
2320,1,1,-4.169,3.721,-0.39,0.35,-0.39,0.35,INF,-1,1,7,0
2340,1,1,-2.878,3.326,-0.27,0.31,-0.27,0.31,INF,-1,1,7,0
2360,1,1,-3.189,3.567,-0.30,0.33,-0.30,0.33,INF,-1,1,7,0
2380,1,1,-5.136,2.789,-0.48,0.26,-0.48,0.26,INF,-1,1,7,0
2400,1,1,-5.406,4.122,-0.51,0.39,-0.51,0.39,INF,-1,1,7,0
2420,1,1,-5.338,4.042,-0.50,0.38,-0.50,0.38,INF,-1,1,7,0
2440,1,1,-5.593,4.848,-0.52,0.45,-0.52,0.45,INF,-1,1,7,0
2460,1,1,-5.743,3.807,-0.54,0.36,-0.54,0.36,INF,-1,1,7,0
2480,1,1,-5.147,3.787,-0.48,0.35,-0.48,0.35,INF,-1,1,7,0
2500,1,1,-8.139,4.017,-0.76,0.38,-0.76,0.38,INF,-1,1,7,0
2520,1,1,-7.651,5.716,-0.72,0.53,-0.72,0.53,INF,-1,1,7,0
2540,1,1,-6.340,5.213,-0.59,0.49,-0.59,0.49,INF,-1,1,7,0
2560,1,1,-6.539,3.080,-0.61,0.29,-0.61,0.29,INF,-1,1,7,0
2580,1,1,-7.892,2.120,-0.74,0.20,-0.74,0.20,INF,-1,1,7,0
2600,1,1,-8.801,4.627,-0.82,0.43,-0.82,0.43,INF,-1,1,7,0
2620,1,1,-8.094,4.214,-0.76,0.39,-0.76,0.39,INF,-1,1,7,0
2640,1,1,-5.522,1.499,-0.52,0.14,-0.52,0.14,INF,-1,1,7,0
2660,1,1,-8.634,3.849,-0.81,0.36,-0.81,0.36,INF,-1,1,7,0
2680,1,1,-7.695,4.674,-0.72,0.44,-0.72,0.44,INF,-1,1,7,0
2700,1,1,-7.585,2.885,-0.71,0.27,-0.71,0.27,INF,-1,1,7,0
2720,1,1,-5.831,1.946,-0.54,0.18,-0.54,0.18,INF,-1,1,7,0
2740,1,1,-7.315,2.746,-0.68,0.26,-0.68,0.26,INF,-1,1,7,0
2760,1,1,-3.006,4.623,-0.28,0.43,-0.28,0.43,INF,-1,1,7,0
2780,1,1,-5.939,4.654,-0.56,0.43,-0.56,0.44,INF,-1,1,7,0
2800,1,1,-5.627,3.184,-0.53,0.30,-0.53,0.30,INF,-1,1,7,0
2820,1,1,-4.133,3.742,-0.39,0.35,-0.39,0.35,INF,-1,1,7,0
2840,1,1,-4.038,3.502,-0.38,0.33,-0.38,0.33,INF,-1,1,7,0
2860,1,1,-5.209,4.494,-0.49,0.42,-0.49,0.42,INF,-1,1,7,0
2880,1,1,-4.896,3.028,-0.46,0.28,-0.46,0.28,INF,-1,1,7,0
2900,1,1,-3.027,3.971,-0.28,0.37,-0.28,0.37,INF,-1,1,7,0
2920,1,1,-4.180,2.518,-0.39,0.24,-0.39,0.24,INF,-1,1,7,0
2940,1,1,-4.218,5.354,-0.39,0.50,-0.39,0.50,INF,-1,1,7,0
2960,1,1,-3.848,3.689,-0.36,0.34,-0.36,0.34,INF,-1,1,7,0
2980,1,1,-3.963,4.962,-0.37,0.46,-0.37,0.46,INF,-1,1,7,0
3000,1,1,-3.980,4.101,-0.37,0.38,-0.37,0.38,INF,-1,1,7,0
3020,1,1,-4.801,4.501,-0.45,0.42,-0.45,0.42,INF,-1,1,7,0
3040,1,1,-3.840,3.950,-0.36,0.37,-0.36,0.37,INF,-1,1,7,0
3060,1,1,-4.052,5.850,-0.38,0.55,-0.38,0.55,INF,-1,1,7,0
3080,1,1,-4.159,4.257,-0.39,0.40,-0.39,0.40,INF,-1,1,7,0
3100,1,1,-7.649,6.119,-0.71,0.57,-0.71,0.57,INF,-1,1,7,0
3120,1,1,-6.704,6.547,-0.63,0.61,-0.63,0.61,INF,-1,1,7,0
3140,1,1,-5.725,6.404,-0.54,0.60,-0.54,0.60,INF,-1,1,7,0
3160,1,1,-7.248,5.901,-0.68,0.55,-0.68,0.55,INF,-1,1,7,0
3180,1,1,-7.268,6.071,-0.68,0.57,-0.68,0.57,INF,-1,1,7,0
3200,1,1,-7.687,5.884,-0.72,0.55,-0.72,0.55,INF,-1,1,7,0
3220,1,1,-6.965,6.879,-0.65,0.64,-0.65,0.64,INF,-1,1,7,0
3240,1,1,-7.348,5.988,-0.69,0.56,-0.69,0.56,INF,-1,1,7,0
3260,1,1,-8.122,8.808,-0.76,0.82,-0.76,0.82,INF,-1,1,7,0
3280,1,1,-6.470,6.999,-0.60,0.65,-0.60,0.65,INF,-1,1,7,0
3300,1,1,-7.759,8.115,-0.73,0.76,-0.73,0.76,INF,-1,1,7,0
3320,1,1,-7.196,8.582,-0.67,0.80,-0.67,0.80,INF,-1,1,7,0
3340,1,1,-5.452,6.671,-0.51,0.62,-0.51,0.62,INF,-1,1,7,0
3360,1,1,-5.778,7.079,-0.54,0.66,-0.54,0.66,INF,-1,1,7,0
3380,1,1,-6.699,6.531,-0.63,0.61,-0.63,0.61,INF,-1,1,7,0
3400,1,1,-5.986,7.150,-0.56,0.67,-0.56,0.67,INF,-1,1,7,0
3420,1,1,-6.904,8.370,-0.65,0.78,-0.65,0.78,INF,-1,1,7,0
3440,1,1,-6.164,8.851,-0.58,0.83,-0.58,0.83,INF,-1,1,7,0
3460,1,1,-3.654,8.573,-0.34,0.80,-0.34,0.80,INF,-1,1,7,0
3480,1,1,-5.825,8.660,-0.54,0.81,-0.54,0.81,INF,-1,0,7,0
3500,1,1,-5.514,9.718,-0.52,0.91,-0.52,0.91,INF,-1,0,7,0
3520,1,1,-6.023,9.543,-0.56,0.89,-0.56,0.89,INF,-1,0,7,0
3540,1,1,-5.985,8.282,-0.56,0.77,-0.56,0.77,INF,-1,0,7,0
3560,1,1,-5.600,8.565,-0.52,0.80,-0.52,0.80,INF,-1,0,7,0
3580,1,1,-4.713,8.261,-0.44,0.77,-0.44,0.77,INF,-1,0,7,0
3600,1,1,-4.276,9.082,-0.40,0.85,-0.40,0.85,INF,-1,0,7,0
3620,1,1,-4.923,8.566,-0.46,0.80,-0.46,0.80,INF,-1,0,7,0
3640,1,1,-5.432,7.411,-0.51,0.69,-0.51,0.69,INF,-1,0,7,0
3660,1,1,-5.291,9.096,-0.49,0.85,-0.49,0.85,INF,-1,0,7,0
3680,1,1,-4.551,7.997,-0.43,0.75,-0.43,0.75,INF,-1,0,7,0
3700,1,1,-5.297,9.279,-0.50,0.87,-0.50,0.87,INF,-1,0,7,0
3720,1,1,-4.963,7.871,-0.46,0.74,-0.46,0.74,INF,-1,1,7,0
3740,1,1,-5.523,8.754,-0.52,0.82,-0.52,0.82,INF,-1,1,7,0
3760,1,1,-3.610,9.768,-0.34,0.91,-0.34,0.91,INF,-1,1,7,0
3780,1,1,-1.243,8.660,-0.12,0.81,-0.12,0.81,INF,-1,1,7,0
3800,1,1,14.385,15.656,1.34,1.46,1.34,1.46,INF,-1,1,7,0
3820,1,1,12.565,13.888,1.17,1.30,1.17,1.30,INF,-1,1,7,0
3840,1,1,13.985,15.417,1.31,1.44,1.31,1.44,INF,-1,0,7,0
3860,1,1,11.654,14.147,1.09,1.32,1.09,1.32,INF,-1,0,7,0
3880,1,1,13.724,15.215,1.28,1.42,1.28,1.42,INF,-1,0,7,0
3900,1,1,13.311,14.247,1.24,1.33,1.24,1.33,INF,-1,0,7,0
3920,1,1,14.108,16.032,1.32,1.50,1.32,1.50,INF,-1,0,7,0
3940,1,1,13.048,14.835,1.22,1.39,1.22,1.39,INF,-1,0,7,0
3960,1,1,14.893,14.173,1.39,1.32,1.39,1.32,INF,-1,0,7,0
3980,1,1,13.740,13.955,1.28,1.30,1.28,1.30,INF,-1,0,7,0
4000,1,1,8.793,12.559,0.82,1.17,0.82,1.17,INF,-1,0,7,0
4020,1,1,-2.578,11.017,-0.24,1.03,-0.24,1.03,INF,-1,0,7,0
4040,1,1,-1.463,11.412,-0.14,1.07,-0.14,1.07,INF,-1,0,7,0
4060,1,1,-1.804,11.377,-0.17,1.06,-0.17,1.06,INF,-1,0,7,0
4080,1,1,-3.046,11.187,-0.28,1.05,-0.28,1.05,INF,-1,0,7,0
4100,1,1,-1.316,11.716,-0.12,1.09,-0.12,1.09,INF,-1,1,7,0
4120,1,1,-1.175,11.408,-0.11,1.07,-0.11,1.07,INF,-1,1,7,0
4140,1,1,-2.337,11.776,-0.22,1.10,-0.22,1.10,INF,-1,1,7,0
4160,1,1,-1.558,11.274,-0.15,1.05,-0.15,1.05,INF,-1,1,7,0
4180,1,1,-3.840,11.861,-0.36,1.11,-0.36,1.11,INF,-1,1,7,0
4200,1,1,-2.874,11.913,-0.27,1.11,-0.27,1.11,INF,-1,1,7,0
4220,1,1,-2.258,11.168,-0.21,1.04,-0.21,1.04,INF,-1,0,7,0
4240,1,1,-2.541,12.143,-0.24,1.13,-0.24,1.13,INF,-1,0,7,0
4260,1,1,-2.298,11.904,-0.21,1.11,-0.21,1.11,INF,-1,0,7,0
4280,1,1,-3.668,11.546,-0.34,1.08,-0.34,1.08,INF,-1,0,7,0
4300,1,1,-2.421,11.905,-0.23,1.11,-0.23,1.11,INF,-1,0,7,0
4320,1,1,-4.093,10.996,-0.38,1.03,-0.38,1.03,INF,-1,0,7,0
4340,1,1,-3.856,11.600,-0.36,1.08,-0.36,1.08,INF,-1,0,7,0
4360,1,1,-4.510,12.913,-0.42,1.21,-0.42,1.21,INF,-1,0,7,0
4380,1,1,-2.743,11.039,-0.26,1.03,-0.26,1.03,INF,-1,0,7,0
4400,1,1,-1.961,11.577,-0.18,1.08,-0.18,1.08,INF,-1,0,7,0
4420,1,1,-3.044,11.472,-0.28,1.07,-0.28,1.07,INF,-1,0,7,0
4440,1,1,-2.542,11.519,-0.24,1.08,-0.24,1.08,INF,-1,0,7,0
4460,1,1,-1.945,11.460,-0.18,1.07,-0.18,1.07,INF,-1,1,7,0
4480,1,1,-1.970,10.848,-0.18,1.01,-0.18,1.01,INF,-1,1,7,0
4500,1,1,-2.519,11.380,-0.24,1.06,-0.24,1.06,INF,-1,1,7,0
4520,1,1,-2.573,11.719,-0.24,1.10,-0.24,1.10,INF,-1,1,7,0
4540,1,1,-1.673,12.702,-0.16,1.19,-0.16,1.19,INF,-1,1,7,0
4560,1,1,-2.657,12.624,-0.25,1.18,-0.25,1.18,INF,-1,1,7,0
4580,1,1,-1.929,12.751,-0.18,1.19,-0.18,1.19,INF,-1,1,7,0
4600,1,1,-2.724,12.871,-0.25,1.20,-0.25,1.20,INF,-1,1,7,0
4620,1,1,-2.656,13.379,-0.25,1.25,-0.25,1.25,INF,-1,1,7,0
4640,1,1,-2.095,13.229,-0.20,1.24,-0.20,1.24,INF,-1,1,7,0
4660,1,1,-1.844,13.580,-0.17,1.27,-0.17,1.27,INF,-1,1,7,0
4680,1,1,-1.091,12.287,-0.10,1.15,-0.10,1.15,INF,-1,1,7,0
4700,1,1,-1.999,12.684,-0.19,1.19,-0.19,1.19,INF,-1,1,7,0
4720,1,1,-1.579,12.238,-0.15,1.14,-0.15,1.14,INF,-1,1,7,0
4740,1,1,-1.767,12.672,-0.17,1.18,-0.17,1.18,INF,-1,1,7,0
4760,1,1,-0.234,10.492,-0.02,0.98,-0.02,0.98,INF,-1,1,7,0
4780,1,1,-1.966,12.134,-0.18,1.13,-0.18,1.13,INF,-1,1,7,0
4800,1,1,-0.150,12.331,-0.01,1.15,-0.01,1.15,INF,-1,1,7,0
4820,1,1,-1.312,12.243,-0.12,1.14,-0.12,1.14,INF,-1,1,7,0
4840,1,1,-0.995,12.987,-0.09,1.21,-0.09,1.21,INF,-1,1,7,0
4860,1,1,0.036,12.066,0.00,1.13,0.00,1.13,INF,-1,1,7,0
4880,1,1,-1.557,11.011,-0.15,1.03,-0.15,1.03,INF,-1,1,7,0
4900,1,1,-1.501,12.998,-0.14,1.21,-0.14,1.21,INF,-1,1,7,0
4920,1,1,-2.414,12.414,-0.23,1.16,-0.23,1.16,INF,-1,1,7,0
4940,1,1,-0.960,13.467,-0.09,1.26,-0.09,1.26,INF,-1,1,7,0
4960,1,1,-0.963,12.920,-0.09,1.21,-0.09,1.21,INF,-1,1,7,0
4980,1,1,-0.117,10.271,-0.01,0.96,-0.01,0.96,INF,-1,1,7,0
5000,1,1,0.051,10.748,0.00,1.00,0.00,1.00,INF,-1,1,7,0
5020,1,1,-2.024,12.883,-0.19,1.20,-0.19,1.20,INF,-1,1,7,0
5040,1,1,-0.725,11.943,-0.07,1.12,-0.07,1.12,INF,-1,1,7,0
5060,1,1,-0.365,11.885,-0.03,1.11,-0.03,1.11,INF,-1,1,7,0
5080,1,1,-2.547,11.512,-0.24,1.08,-0.24,1.08,INF,-1,1,7,0
5100,1,1,-2.022,12.721,-0.19,1.19,-0.19,1.19,INF,-1,1,7,0
5120,1,1,-3.491,13.128,-0.33,1.23,-0.33,1.23,INF,-1,1,7,0
5140,1,1,-1.509,12.675,-0.14,1.18,-0.14,1.18,INF,-1,1,7,0
5160,1,1,-2.133,11.481,-0.20,1.07,-0.20,1.07,INF,-1,1,7,0
5180,1,1,-4.035,13.926,-0.38,1.30,-0.38,1.30,INF,-1,1,7,0
5200,1,1,-3.169,13.082,-0.30,1.22,-0.30,1.22,INF,-1,1,7,0
5220,1,1,-2.117,13.374,-0.20,1.25,-0.20,1.25,INF,-1,1,7,0
5240,1,1,-2.936,12.446,-0.27,1.16,-0.27,1.16,INF,-1,1,7,0
5260,1,1,-2.207,11.628,-0.21,1.09,-0.21,1.09,INF,-1,1,7,0
5280,1,1,-2.400,10.984,-0.22,1.03,-0.22,1.03,INF,-1,1,7,0
5300,1,1,-2.012,11.573,-0.19,1.08,-0.19,1.08,INF,-1,1,7,0
5320,1,1,-2.057,13.110,-0.19,1.23,-0.19,1.23,INF,-1,1,7,0
5340,1,1,-3.007,13.117,-0.28,1.23,-0.28,1.23,INF,-1,1,7,0
5360,1,1,-2.050,12.390,-0.19,1.16,-0.19,1.16,INF,-1,1,7,0
5380,1,1,-2.814,13.570,-0.26,1.27,-0.26,1.27,INF,-1,1,7,0
5400,1,1,-3.152,11.660,-0.29,1.09,-0.29,1.09,INF,-1,1,7,0
5420,1,1,-2.545,12.829,-0.24,1.20,-0.24,1.20,INF,-1,1,7,0
5440,1,1,-2.269,11.643,-0.21,1.09,-0.21,1.09,INF,-1,1,7,0
5460,1,1,-3.756,12.951,-0.35,1.21,-0.35,1.21,INF,-1,1,7,0
5480,1,1,0.022,11.613,0.00,1.09,0.00,1.09,INF,-1,1,7,0
5500,1,1,-2.060,10.271,-0.19,0.96,-0.19,0.96,INF,-1,1,7,0
5520,1,1,-8.274,9.290,-0.77,0.87,-0.77,0.87,INF,-1,1,7,0
5540,1,1,-7.444,9.898,-0.70,0.93,-0.70,0.93,INF,-1,1,7,0
5560,1,1,-6.813,9.656,-0.64,0.90,-0.64,0.90,INF,-1,1,7,0
5580,1,1,-6.056,8.623,-0.57,0.81,-0.57,0.81,INF,-1,1,7,0
5600,1,1,-7.468,8.789,-0.70,0.82,-0.70,0.82,INF,-1,1,7,0
5620,1,1,-9.241,9.313,-0.86,0.87,-0.86,0.87,INF,-1,1,7,0
5640,1,1,-9.737,11.100,-0.91,1.04,-0.91,1.04,INF,-1,1,7,0
5660,1,1,-6.060,9.855,-0.57,0.92,-0.57,0.92,INF,-1,1,7,0
5680,1,1,-9.745,10.055,-0.91,0.94,-0.91,0.94,INF,-1,1,7,0
5700,1,1,-7.348,10.090,-0.69,0.94,-0.69,0.94,INF,-1,1,7,0
5720,1,1,-7.838,10.080,-0.73,0.94,-0.73,0.94,INF,-1,1,7,0
5740,1,1,-7.020,8.553,-0.66,0.80,-0.66,0.80,INF,-1,1,7,0
5760,1,1,-6.883,9.797,-0.64,0.92,-0.64,0.92,INF,-1,1,7,0
5780,1,1,-7.354,9.782,-0.69,0.91,-0.69,0.91,INF,-1,1,7,0
5800,1,1,-6.968,9.518,-0.65,0.89,-0.65,0.89,INF,-1,1,7,0
5820,1,1,-4.082,9.640,-0.38,0.90,-0.38,0.90,INF,-1,1,7,0
5840,1,1,-1.374,12.017,-0.13,1.12,-0.13,1.12,INF,-1,1,7,0
5860,1,1,-5.318,12.124,-0.50,1.13,-0.50,1.13,INF,-1,1,7,0
5880,1,1,-3.490,11.681,-0.33,1.09,-0.33,1.09,INF,-1,1,7,0
5900,1,1,-2.623,11.116,-0.25,1.04,-0.25,1.04,INF,-1,1,7,0
5920,1,1,-2.879,9.163,-0.27,0.86,-0.27,0.86,INF,-1,1,7,0
5940,1,1,-2.648,10.166,-0.25,0.95,-0.25,0.95,INF,-1,1,7,0
5960,1,1,-2.631,10.640,-0.25,0.99,-0.25,0.99,INF,-1,1,7,0
5980,1,1,-2.205,9.255,-0.21,0.86,-0.21,0.86,INF,-1,1,7,0
6000,1,1,-2.245,10.647,-0.21,1.00,-0.21,1.00,INF,-1,1,7,0
6020,1,1,-2.037,10.859,-0.19,1.01,-0.19,1.01,INF,-1,1,7,0
6040,1,1,-1.644,10.017,-0.15,0.94,-0.15,0.94,INF,-1,1,7,0
6060,1,1,-1.891,10.971,-0.18,1.03,-0.18,1.03,INF,-1,1,7,0
6080,1,1,-2.671,10.253,-0.25,0.96,-0.25,0.96,INF,-1,1,7,0
6100,1,1,-7.838,10.742,-0.73,1.00,-0.73,1.00,INF,-1,1,7,0
6120,1,1,-5.843,9.071,-0.55,0.85,-0.55,0.85,INF,-1,1,7,0
6140,1,1,-8.610,10.015,-0.80,0.94,-0.80,0.94,INF,-1,1,7,0
6160,1,1,-5.996,8.442,-0.56,0.79,-0.56,0.79,INF,-1,1,7,0
6180,1,1,-7.305,9.974,-0.68,0.93,-0.68,0.93,INF,-1,1,7,0
6200,1,1,-8.253,10.760,-0.77,1.01,-0.77,1.01,INF,-1,1,7,0
6220,1,1,-3.335,7.464,-0.31,0.70,-0.31,0.70,INF,-1,1,7,0
6240,1,1,-6.608,10.172,-0.62,0.95,-0.62,0.95,INF,-1,1,7,0
6260,1,1,-6.470,10.917,-0.60,1.02,-0.60,1.02,INF,-1,1,7,0
6280,1,1,-5.935,8.519,-0.55,0.80,-0.55,0.80,INF,-1,1,7,0
6300,1,1,-5.915,10.803,-0.55,1.01,-0.55,1.01,INF,-1,1,7,0
6320,1,1,-5.209,9.772,-0.49,0.91,-0.49,0.91,INF,-1,1,7,0
6340,1,1,-4.571,10.174,-0.43,0.95,-0.43,0.95,INF,-1,1,7,0
6360,1,1,-5.609,9.766,-0.52,0.91,-0.52,0.91,INF,-1,1,7,0
6380,1,1,-7.601,10.124,-0.71,0.95,-0.71,0.95,INF,-1,1,7,0
6400,1,1,-5.090,11.066,-0.48,1.03,-0.48,1.03,INF,-1,1,7,0
6420,1,1,-4.808,10.287,-0.45,0.96,-0.45,0.96,INF,-1,1,7,0
6440,1,1,-5.369,10.600,-0.50,0.99,-0.50,0.99,INF,-1,1,7,0
6460,1,1,-7.103,12.195,-0.66,1.14,-0.66,1.14,INF,-1,1,7,0
6480,1,1,-4.457,9.163,-0.42,0.86,-0.42,0.86,INF,-1,1,7,0
6500,1,1,-7.276,11.519,-0.68,1.08,-0.68,1.08,INF,-1,1,7,0
6520,1,1,-6.776,11.490,-0.63,1.07,-0.63,1.07,INF,-1,1,7,0
6540,1,1,-7.403,10.669,-0.69,1.00,-0.69,1.00,INF,-1,1,7,0
6560,1,1,-5.951,10.602,-0.56,0.99,-0.56,0.99,INF,-1,1,7,0
6580,1,1,-6.014,10.102,-0.56,0.94,-0.56,0.94,INF,-1,1,7,0
6600,1,1,-5.870,10.957,-0.55,1.02,-0.55,1.02,INF,-1,1,7,0
6620,1,1,-7.491,10.743,-0.70,1.00,-0.70,1.00,INF,-1,1,7,0
6640,1,1,-6.934,9.651,-0.65,0.90,-0.65,0.90,INF,-1,1,7,0
6660,1,1,-7.689,11.620,-0.72,1.09,-0.72,1.09,INF,-1,1,7,0
6680,1,1,-6.318,11.256,-0.59,1.05,-0.59,1.05,INF,-1,1,7,0
6700,1,1,-5.742,10.010,-0.54,0.94,-0.54,0.94,INF,-1,1,7,0
6720,1,1,-7.138,10.581,-0.67,0.99,-0.67,0.99,INF,-1,1,7,0
6740,1,1,-5.196,11.272,-0.49,1.05,-0.49,1.05,INF,-1,1,7,0
6760,1,1,-7.367,10.270,-0.69,0.96,-0.69,0.96,INF,-1,1,7,0
6780,1,1,-7.822,10.475,-0.73,0.98,-0.73,0.98,INF,-1,1,7,0
6800,1,1,-5.401,9.711,-0.50,0.91,-0.50,0.91,INF,-1,1,7,0
6820,1,1,-5.311,10.796,-0.50,1.01,-0.50,1.01,INF,-1,1,7,0
6840,1,1,-7.173,7.622,-0.67,0.71,-0.67,0.71,INF,-1,1,7,0
6860,1,1,-6.030,8.264,-0.56,0.77,-0.56,0.77,INF,-1,1,7,0
6880,1,1,-5.399,7.424,-0.50,0.69,-0.50,0.69,INF,-1,1,7,0
6900,1,1,-6.168,8.521,-0.58,0.80,-0.58,0.80,INF,-1,1,7,0
6920,1,1,-6.095,8.989,-0.57,0.84,-0.57,0.84,INF,-1,1,7,0
6940,1,1,-4.527,7.960,-0.42,0.74,-0.42,0.74,INF,-1,1,7,0
6960,1,1,-4.681,7.912,-0.44,0.74,-0.44,0.74,INF,-1,1,7,0
6980,1,1,-6.847,9.773,-0.64,0.91,-0.64,0.91,INF,-1,1,7,0
7000,1,1,-5.819,8.827,-0.54,0.82,-0.54,0.82,INF,-1,1,7,0
7020,1,1,-4.814,9.652,-0.45,0.90,-0.45,0.90,INF,-1,1,7,0
7040,1,1,-6.606,8.941,-0.62,0.84,-0.62,0.84,INF,-1,1,7,0
7060,1,1,-6.000,9.481,-0.56,0.89,-0.56,0.89,INF,-1,1,7,0
7080,1,1,-6.879,10.331,-0.64,0.97,-0.64,0.97,INF,-1,1,7,0
7100,1,1,-4.406,8.008,-0.41,0.75,-0.41,0.75,INF,-1,1,7,0
7120,1,1,-6.254,8.356,-0.58,0.78,-0.58,0.78,INF,-1,1,7,0
7140,1,1,-7.796,8.936,-0.73,0.84,-0.73,0.84,INF,-1,1,7,0
7160,1,1,-6.129,7.362,-0.57,0.69,-0.57,0.69,INF,-1,1,7,0
7180,1,1,-6.126,8.748,-0.57,0.82,-0.57,0.82,INF,-1,1,7,0
7200,1,1,-7.550,8.679,-0.71,0.81,-0.71,0.81,INF,-1,1,7,0
7220,1,1,-7.877,9.293,-0.74,0.87,-0.74,0.87,INF,-1,1,7,0
7240,1,1,-5.739,7.291,-0.54,0.68,-0.54,0.68,INF,-1,1,7,0
7260,1,1,-5.511,7.886,-0.52,0.74,-0.52,0.74,INF,-1,1,7,0
7280,1,1,-6.139,8.192,-0.57,0.77,-0.57,0.77,INF,-1,1,7,0
7300,1,1,-6.932,8.245,-0.65,0.77,-0.65,0.77,INF,-1,1,7,0
7320,1,1,-6.855,8.943,-0.64,0.84,-0.64,0.84,INF,-1,1,7,0
7340,1,1,-6.597,7.642,-0.62,0.71,-0.62,0.71,INF,-1,1,7,0
7360,1,1,-6.430,10.628,-0.60,0.99,-0.60,0.99,INF,-1,1,7,0
7380,1,1,-6.271,8.590,-0.59,0.80,-0.59,0.80,INF,-1,1,7,0
7400,1,1,-5.332,7.117,-0.50,0.67,-0.50,0.67,INF,-1,1,7,0
7420,1,1,-4.217,6.147,-0.39,0.57,-0.39,0.57,INF,-1,1,7,0
7440,1,1,-5.741,5.540,-0.54,0.52,-0.54,0.52,INF,-1,1,7,0
7460,1,1,-5.779,4.809,-0.54,0.45,-0.54,0.45,INF,-1,1,7,0
7480,1,1,-4.139,5.631,-0.39,0.53,-0.39,0.53,INF,-1,1,7,0
7500,1,1,-4.681,4.766,-0.44,0.45,-0.44,0.45,INF,-1,1,7,0
7520,1,1,-3.403,4.657,-0.32,0.44,-0.32,0.44,INF,-1,1,7,0
7540,1,1,-2.649,4.409,-0.25,0.41,-0.25,0.41,INF,-1,1,7,0
7560,1,1,-4.159,6.276,-0.39,0.59,-0.39,0.59,INF,-1,1,7,0
7580,1,1,-3.093,4.335,-0.29,0.41,-0.29,0.41,INF,-1,1,7,0
7600,1,1,-4.769,4.370,-0.45,0.41,-0.45,0.41,INF,-1,1,7,0
7620,1,1,-3.911,5.542,-0.37,0.52,-0.37,0.52,INF,-1,1,7,0
7640,1,1,-3.988,5.378,-0.37,0.50,-0.37,0.50,INF,-1,1,7,0
7660,1,1,-3.048,3.859,-0.28,0.36,-0.28,0.36,INF,-1,1,7,0
7680,1,1,-3.401,5.899,-0.32,0.55,-0.32,0.55,INF,-1,1,7,0
7700,1,1,-4.697,5.620,-0.44,0.53,-0.44,0.53,INF,-1,1,7,0
7720,1,1,-4.175,4.825,-0.39,0.45,-0.39,0.45,INF,-1,1,7,0
7740,1,1,-4.154,4.558,-0.39,0.43,-0.39,0.43,INF,-1,1,7,0
7760,1,1,-2.704,5.743,-0.25,0.54,-0.25,0.54,INF,-1,1,7,0
7780,1,1,-4.958,5.522,-0.46,0.52,-0.46,0.52,INF,-1,1,7,0
7800,1,1,-3.012,5.134,-0.28,0.48,-0.28,0.48,INF,-1,1,7,0
7820,1,1,-3.759,4.993,-0.35,0.47,-0.35,0.47,INF,-1,1,7,0
7840,1,1,-4.957,5.782,-0.46,0.54,-0.46,0.54,INF,-1,1,7,0
7860,1,1,-4.893,5.987,-0.46,0.56,-0.46,0.56,INF,-1,1,7,0
7880,1,1,-1.956,4.526,-0.18,0.42,-0.18,0.42,INF,-1,1,7,0
7900,1,1,-2.813,6.147,-0.26,0.57,-0.26,0.57,INF,-1,1,7,0
7920,1,1,-3.905,6.733,-0.37,0.63,-0.37,0.63,INF,-1,1,7,0
7940,1,1,-2.979,6.584,-0.28,0.62,-0.28,0.62,INF,-1,1,7,0
7960,1,1,-3.346,7.231,-0.31,0.68,-0.31,0.68,INF,-1,1,7,0
7980,1,1,-2.070,7.190,-0.19,0.67,-0.19,0.67,INF,-1,1,7,0
8000,1,1,-4.039,7.384,-0.38,0.69,-0.38,0.69,INF,-1,1,7,0
8020,1,1,-2.018,5.987,-0.19,0.56,-0.19,0.56,INF,-1,1,7,0
8040,1,1,-3.248,7.357,-0.30,0.69,-0.30,0.69,INF,-1,1,7,0
8060,1,1,-1.071,7.011,-0.10,0.66,-0.10,0.66,INF,-1,1,7,0
8080,1,1,-2.972,7.470,-0.28,0.70,-0.28,0.70,INF,-1,1,7,0
8100,1,1,-0.051,7.799,0.00,0.73,0.00,0.73,INF,-1,1,7,0
8120,1,1,-2.623,7.932,-0.25,0.74,-0.25,0.74,INF,-1,1,7,0
8140,1,1,-1.539,8.215,-0.14,0.77,-0.14,0.77,INF,-1,1,7,0
8160,1,1,-2.658,8.519,-0.25,0.80,-0.25,0.80,INF,-1,1,7,0
8180,1,1,-1.771,9.891,-0.17,0.92,-0.17,0.92,INF,-1,1,7,0
8200,1,1,-2.564,9.696,-0.24,0.91,-0.24,0.91,INF,-1,1,7,0
8220,1,1,-1.832,10.045,-0.17,0.94,-0.17,0.94,INF,-1,1,7,0
8240,1,1,0.959,8.892,0.09,0.83,0.09,0.83,INF,-1,1,7,0
8260,1,1,-0.670,9.486,-0.06,0.89,-0.06,0.89,INF,-1,1,7,0
8280,1,1,-1.850,10.134,-0.17,0.95,-0.17,0.95,INF,-1,1,7,0
8300,1,1,-2.933,8.621,-0.27,0.81,-0.27,0.81,INF,-1,1,7,0
8320,1,1,0.270,7.755,0.03,0.72,0.03,0.72,INF,-1,1,7,0
8340,1,1,-0.866,6.665,-0.08,0.62,-0.08,0.62,INF,-1,1,7,0
8360,1,1,-1.983,9.918,-0.19,0.93,-0.19,0.93,INF,-1,1,7,0
8380,1,1,-2.324,10.007,-0.22,0.94,-0.22,0.94,INF,-1,1,7,0
8400,1,1,-0.009,9.162,0.00,0.86,0.00,0.86,INF,-1,1,7,0
8420,1,1,-1.206,9.196,-0.11,0.86,-0.11,0.86,INF,-1,1,7,0
8440,1,1,-3.973,10.274,-0.37,0.96,-0.37,0.96,INF,-1,1,7,0
8460,1,1,-1.504,9.960,-0.14,0.93,-0.14,0.93,INF,-1,1,7,0
8480,1,1,-1.044,9.053,-0.10,0.85,-0.10,0.85,INF,-1,1,7,0
8500,1,1,-1.649,10.957,-0.15,1.02,-0.15,1.02,INF,-1,1,7,0
8520,1,1,-1.694,9.549,-0.16,0.89,-0.16,0.89,INF,-1,1,7,0
8540,1,1,-1.006,8.853,-0.09,0.83,-0.09,0.83,INF,-1,1,7,0
8560,1,1,-0.646,9.285,-0.06,0.87,-0.06,0.87,INF,-1,1,7,0
8580,1,1,-0.768,8.049,-0.07,0.75,-0.07,0.75,INF,-1,1,7,0
8600,1,1,-1.187,7.810,-0.11,0.73,-0.11,0.73,INF,-1,1,7,0
8620,1,1,-1.465,9.267,-0.14,0.87,-0.14,0.87,INF,-1,1,7,0
8640,1,1,0.255,9.475,0.02,0.89,0.02,0.89,INF,-1,1,7,0
8660,1,1,-0.555,8.608,-0.05,0.80,-0.05,0.80,INF,-1,1,7,0
8680,1,1,-0.276,8.440,-0.03,0.79,-0.03,0.79,INF,-1,1,7,0
8700,1,1,-0.421,10.324,-0.04,0.96,-0.04,0.96,INF,-1,1,7,0
8720,1,1,-0.736,9.370,-0.07,0.88,-0.07,0.88,INF,-1,1,7,0
8740,1,1,-1.453,8.576,-0.14,0.80,-0.14,0.80,INF,-1,1,7,0
8760,1,1,-0.514,8.188,-0.05,0.77,-0.05,0.77,INF,-1,1,7,0
8780,1,1,-3.885,8.997,-0.36,0.84,-0.36,0.84,INF,-1,1,7,0
8800,1,1,-1.698,8.462,-0.16,0.79,-0.16,0.79,INF,-1,1,7,0
8820,1,1,0.419,8.215,0.04,0.77,0.04,0.77,INF,-1,1,7,0
8840,1,1,-0.388,8.914,-0.04,0.83,-0.04,0.83,INF,-1,1,7,0
8860,1,1,-1.131,9.456,-0.11,0.88,-0.11,0.88,INF,-1,1,7,0
8880,1,1,-2.366,9.909,-0.22,0.93,-0.22,0.93,INF,-1,1,7,0
8900,1,1,-0.398,7.993,-0.04,0.75,-0.04,0.75,INF,-1,1,7,0
8920,1,1,-1.138,8.662,-0.11,0.81,-0.11,0.81,INF,-1,1,7,0
8940,1,1,-0.529,8.081,-0.05,0.76,-0.05,0.76,INF,-1,1,7,0
8960,1,1,-1.730,8.693,-0.16,0.81,-0.16,0.81,INF,-1,1,7,0
8980,1,1,-2.341,8.854,-0.22,0.83,-0.22,0.83,INF,-1,1,7,0
9000,1,1,-0.650,8.569,-0.06,0.80,-0.06,0.80,INF,-1,1,7,0
9020,1,1,-0.796,7.500,-0.07,0.70,-0.07,0.70,INF,-1,1,7,0
9040,1,1,-1.766,9.990,-0.17,0.93,-0.17,0.93,INF,-1,1,7,0
9060,1,1,-0.579,9.662,-0.05,0.90,-0.05,0.90,INF,-1,1,7,0
9080,1,1,-0.116,7.831,-0.01,0.73,-0.01,0.73,INF,-1,1,7,0
9100,1,1,-1.268,9.023,-0.12,0.84,-0.12,0.84,INF,-1,1,7,0
9120,1,1,-0.644,6.237,-0.06,0.58,-0.06,0.58,INF,-1,1,7,0
9140,1,1,-1.183,8.190,-0.11,0.77,-0.11,0.77,INF,-1,1,7,0
9160,1,1,-2.418,9.724,-0.23,0.91,-0.23,0.91,INF,-1,1,7,0
9180,1,1,-1.090,8.433,-0.10,0.79,-0.10,0.79,INF,-1,1,7,0
9200,1,1,-2.020,6.037,-0.19,0.56,-0.19,0.56,INF,-1,1,7,0
9220,1,1,-18.416,4.734,-1.72,0.44,-1.72,0.44,INF,-1,1,7,0
9240,1,1,-19.649,6.404,-1.84,0.60,-1.84,0.60,INF,-1,1,7,0
9260,1,1,-15.436,3.693,-1.44,0.35,-1.44,0.35,INF,-1,0,7,0
9280,1,1,-17.860,5.072,-1.67,0.47,-1.67,0.47,INF,-1,0,7,0
9300,1,1,-20.035,5.139,-1.87,0.48,-1.87,0.48,INF,-1,0,7,0
9320,1,1,-20.098,4.707,-1.88,0.44,-1.88,0.44,INF,-1,0,7,0
9340,1,1,-19.474,4.975,-1.82,0.46,-1.82,0.46,INF,-1,0,7,0
9360,1,1,-22.796,7.024,-2.13,0.66,-2.13,0.66,INF,-1,0,7,0
9380,1,1,-19.714,5.266,-1.84,0.49,-1.84,0.49,INF,-1,0,7,0
9400,1,1,-20.108,3.913,-1.88,0.37,-1.88,0.37,INF,-1,0,7,0
9420,1,1,-16.800,4.726,-1.57,0.44,-1.57,0.44,INF,-1,0,7,0
9440,1,1,-1.200,7.031,-0.11,0.66,-0.11,0.66,INF,-1,0,7,0
9460,1,1,-4.874,6.749,-0.46,0.63,-0.46,0.63,INF,-1,0,7,0
9480,1,1,-5.213,7.991,-0.49,0.75,-0.49,0.75,INF,-1,0,7,0
9500,1,1,-3.558,7.504,-0.33,0.70,-0.33,0.70,INF,-1,0,7,0
9520,1,1,-4.296,7.415,-0.40,0.69,-0.40,0.69,INF,-1,1,7,0
9540,1,1,-3.012,6.261,-0.28,0.59,-0.28,0.59,INF,-1,1,7,0
9560,1,1,-2.504,7.056,-0.23,0.66,-0.23,0.66,INF,-1,1,7,0
9580,1,1,-2.831,6.316,-0.26,0.59,-0.26,0.59,INF,-1,0,7,0
9600,1,1,-3.547,7.142,-0.33,0.67,-0.33,0.67,INF,-1,0,7,0
9620,1,1,-2.125,6.083,-0.20,0.57,-0.20,0.57,INF,-1,0,7,0
9640,1,1,-3.497,5.416,-0.33,0.51,-0.33,0.51,INF,-1,0,7,0
9660,1,1,-3.762,7.454,-0.35,0.70,-0.35,0.70,INF,-1,0,7,0
9680,1,1,-3.952,6.474,-0.37,0.61,-0.37,0.61,INF,-1,0,7,0
9700,1,1,-4.365,5.626,-0.41,0.53,-0.41,0.53,INF,-1,0,7,0
9720,1,1,-2.192,6.249,-0.20,0.58,-0.20,0.58,INF,-1,0,7,0
9740,1,1,-3.025,5.229,-0.28,0.49,-0.28,0.49,INF,-1,0,7,0
9760,1,1,-2.958,6.059,-0.28,0.57,-0.28,0.57,INF,-1,0,7,0
9780,1,1,-3.302,5.389,-0.31,0.50,-0.31,0.50,INF,-1,0,7,0
9800,1,1,-2.586,4.694,-0.24,0.44,-0.24,0.44,INF,-1,0,7,0
9820,1,1,-3.356,6.630,-0.31,0.62,-0.31,0.62,INF,-1,1,7,0
9840,1,1,-3.602,4.596,-0.34,0.43,-0.34,0.43,INF,-1,1,7,0
9860,1,1,-4.640,5.755,-0.43,0.54,-0.43,0.54,INF,-1,1,7,0
9880,1,1,-1.885,5.204,-0.18,0.49,-0.18,0.49,INF,-1,1,7,0
9900,1,1,-2.224,5.314,-0.21,0.50,-0.21,0.50,INF,-1,1,7,0
9920,1,1,-4.287,3.566,-0.40,0.33,-0.40,0.33,INF,-1,1,7,0
9940,1,1,-3.014,4.890,-0.28,0.46,-0.28,0.46,INF,-1,1,7,0
9960,1,1,-3.906,4.040,-0.37,0.38,-0.37,0.38,INF,-1,1,7,0
9980,1,1,-3.418,6.791,-0.32,0.63,-0.32,0.63,INF,-1,1,7,0
10000,1,1,-5.143,4.268,-0.48,0.40,-0.48,0.40,INF,-1,1,7,0
10020,1,1,-2.796,4.858,-0.26,0.45,-0.26,0.45,INF,-1,1,7,0
10040,1,1,-2.842,4.711,-0.27,0.44,-0.27,0.44,INF,-1,1,7,0
10060,1,1,-4.156,5.305,-0.39,0.50,-0.39,0.50,INF,-1,1,7,0
10080,1,1,-5.160,5.171,-0.48,0.48,-0.48,0.48,INF,-1,1,7,0
10100,1,1,-5.440,3.999,-0.51,0.37,-0.51,0.37,INF,-1,1,7,0
10120,1,1,-4.907,5.579,-0.46,0.52,-0.46,0.52,INF,-1,1,7,0
10140,1,1,-5.300,5.963,-0.50,0.56,-0.50,0.56,INF,-1,1,7,0
10160,1,1,-6.883,7.984,-0.64,0.75,-0.64,0.75,INF,-1,1,7,0
10180,1,1,-6.035,6.762,-0.56,0.63,-0.56,0.63,INF,-1,1,7,0
10200,1,1,-5.426,7.221,-0.51,0.67,-0.51,0.67,INF,-1,1,7,0
10220,1,1,-5.039,6.016,-0.47,0.56,-0.47,0.56,INF,-1,1,7,0
10240,1,1,-5.858,6.652,-0.55,0.62,-0.55,0.62,INF,-1,1,7,0
10260,1,1,-4.387,6.903,-0.41,0.65,-0.41,0.65,INF,-1,1,7,0
10280,1,1,-4.657,5.608,-0.44,0.52,-0.44,0.52,INF,-1,1,7,0
10300,1,1,-4.347,6.251,-0.41,0.58,-0.41,0.58,INF,-1,1,7,0
10320,1,1,-6.750,5.134,-0.63,0.48,-0.63,0.48,INF,-1,1,7,0
10340,1,1,-5.584,3.785,-0.52,0.35,-0.52,0.35,INF,-1,1,7,0
10360,1,1,-4.816,3.794,-0.45,0.35,-0.45,0.35,INF,-1,1,7,0
10380,1,1,-3.770,4.798,-0.35,0.45,-0.35,0.45,INF,-1,1,7,0
10400,1,1,-5.363,5.618,-0.50,0.53,-0.50,0.53,INF,-1,1,7,0
10420,1,1,-3.534,4.733,-0.33,0.44,-0.33,0.44,INF,-1,1,7,0
10440,1,1,-2.711,5.230,-0.25,0.49,-0.25,0.49,INF,-1,1,7,0
10460,1,1,-2.405,5.852,-0.22,0.55,-0.22,0.55,INF,-1,1,7,0
10480,1,1,-2.590,5.756,-0.24,0.54,-0.24,0.54,INF,-1,1,7,0
10500,1,1,-4.303,5.594,-0.40,0.52,-0.40,0.52,INF,-1,1,7,0
10520,1,1,-5.429,6.586,-0.51,0.62,-0.51,0.62,INF,-1,1,7,0
10540,1,1,-4.622,5.677,-0.43,0.53,-0.43,0.53,INF,-1,1,7,0
10560,1,1,-2.339,6.369,-0.22,0.60,-0.22,0.60,INF,-1,1,7,0
10580,1,1,-1.997,5.075,-0.19,0.47,-0.19,0.47,INF,-1,1,7,0
10600,1,1,-1.598,5.534,-0.15,0.52,-0.15,0.52,INF,-1,1,7,0
10620,1,1,-2.796,6.539,-0.26,0.61,-0.26,0.61,INF,-1,1,7,0
10640,1,1,-3.798,5.494,-0.35,0.51,-0.35,0.51,INF,-1,1,7,0
10660,1,1,-1.341,4.642,-0.13,0.43,-0.13,0.43,INF,-1,1,7,0
10680,1,1,-4.120,5.128,-0.39,0.48,-0.39,0.48,INF,-1,1,7,0
10700,1,1,-3.700,5.145,-0.35,0.48,-0.35,0.48,INF,-1,1,7,0
10720,1,1,-3.666,5.622,-0.34,0.53,-0.34,0.53,INF,-1,1,7,0
10740,1,1,-1.960,4.640,-0.18,0.43,-0.18,0.43,INF,-1,1,7,0
10760,1,1,-1.241,2.757,-0.12,0.26,-0.12,0.26,INF,-1,1,7,0
10780,1,1,-5.041,5.240,-0.47,0.49,-0.47,0.49,INF,-1,1,7,0
10800,1,1,-2.523,4.848,-0.24,0.45,-0.24,0.45,INF,-1,1,7,0
10820,1,1,-3.994,3.832,-0.37,0.36,-0.37,0.36,INF,-1,1,7,0
10840,1,1,-3.654,5.258,-0.34,0.49,-0.34,0.49,INF,-1,1,7,0
10860,1,1,-3.399,3.829,-0.32,0.36,-0.32,0.36,INF,-1,1,7,0
10880,1,1,-4.511,2.747,-0.42,0.26,-0.42,0.26,INF,-1,1,7,0
10900,1,1,-4.998,2.859,-0.47,0.27,-0.47,0.27,INF,-1,1,7,0
10920,1,1,-4.857,2.839,-0.45,0.27,-0.45,0.27,INF,-1,1,7,0
10940,1,1,-4.718,3.678,-0.44,0.34,-0.44,0.34,INF,-1,1,7,0
10960,1,1,-5.169,5.017,-0.48,0.47,-0.48,0.47,INF,-1,1,7,0
10980,1,1,-5.217,3.467,-0.49,0.32,-0.49,0.32,INF,-1,1,7,0
11000,1,1,-4.561,2.080,-0.43,0.19,-0.43,0.19,INF,-1,1,7,0
11020,1,1,-4.368,2.809,-0.41,0.26,-0.41,0.26,INF,-1,1,7,0
11040,1,1,-5.024,2.797,-0.47,0.26,-0.47,0.26,INF,-1,1,7,0
11060,1,1,-5.885,5.031,-0.55,0.47,-0.55,0.47,INF,-1,1,7,0
11080,1,1,-6.743,1.921,-0.63,0.18,-0.63,0.18,INF,-1,1,7,0
11100,1,1,-5.519,2.189,-0.52,0.20,-0.52,0.20,INF,-1,1,7,0
11120,1,1,-2.425,-6.226,-0.23,-0.58,-0.23,-0.58,INF,-1,1,7,0
11140,0,1,0.000,0.000,0.00,0.00,0.00,0.00,0.00,-1,1,7,0
11160,0,1,0.000,0.000,0.00,0.00,0.00,0.00,0.00,-1,1,7,0
11180,0,1,0.000,0.000,0.00,0.00,0.00,0.00,0.00,-1,1,7,0
11200,0,1,0.000,0.000,0.00,0.00,0.00,0.00,0.00,-1,0,7,0
11220,0,1,0.000,0.000,0.00,0.00,0.00,0.00,0.00,-1,0,7,0
11240,0,1,0.000,0.000,0.00,0.00,0.00,0.00,0.00,-1,0,7,0
11260,1,1,-76.512,-117.120,-7.11,-10.74,-6.99,-10.82,INF,-1,0,7,0
11280,0,1,0.000,0.000,0.00,0.00,0.00,0.00,0.00,-1,0,7,0
11300,1,1,-10.443,-5.817,-0.98,-0.54,-0.98,-0.54,INF,-1,0,7,0
11320,1,1,-10.289,0.517,-0.96,0.05,-0.96,0.05,INF,-1,0,7,0
11340,1,1,-10.844,1.968,-1.01,0.18,-1.01,0.18,INF,-1,0,7,0
11360,1,1,-10.395,1.567,-0.97,0.15,-0.97,0.15,INF,-1,0,7,0
11380,1,1,-10.505,1.561,-0.98,0.15,-0.98,0.15,INF,-1,0,7,0
11400,1,1,-11.385,2.305,-1.06,0.22,-1.06,0.22,INF,-1,0,7,0
11420,1,1,-11.717,1.793,-1.10,0.17,-1.09,0.17,INF,-1,0,7,0
11440,1,1,-11.723,0.500,-1.10,0.05,-1.10,0.05,INF,-1,0,7,0
11460,1,1,-10.494,2.382,-0.98,0.22,-0.98,0.22,INF,-1,0,7,0
11480,1,1,-10.223,2.302,-0.96,0.22,-0.96,0.22,INF,-1,0,7,0
11500,1,1,-11.101,2.799,-1.04,0.26,-1.04,0.26,INF,-1,0,7,0
11520,1,1,-11.945,3.927,-1.12,0.37,-1.12,0.37,INF,-1,0,7,0
11540,1,1,-10.930,3.463,-1.02,0.32,-1.02,0.32,INF,-1,0,7,0
11560,1,1,-10.762,3.074,-1.01,0.29,-1.01,0.29,INF,-1,0,7,0
11580,1,1,-9.769,3.139,-0.91,0.29,-0.91,0.29,INF,-1,1,7,0
11600,1,1,-8.935,4.742,-0.84,0.44,-0.84,0.44,INF,-1,1,7,0
11620,1,1,-10.186,3.142,-0.95,0.29,-0.95,0.29,INF,-1,1,7,0
11640,1,1,-8.543,3.654,-0.80,0.34,-0.80,0.34,INF,-1,1,7,0
11660,1,1,-8.699,3.388,-0.81,0.32,-0.81,0.32,INF,-1,1,7,0
11680,1,1,-8.545,4.800,-0.80,0.45,-0.80,0.45,INF,-1,1,7,0
11700,1,1,-9.417,4.559,-0.88,0.43,-0.88,0.43,INF,-1,1,7,0
11720,1,1,-7.978,4.878,-0.75,0.46,-0.75,0.46,INF,-1,1,7,0
11740,1,1,-6.987,4.610,-0.65,0.43,-0.65,0.43,INF,-1,1,7,0
11760,1,1,-8.406,4.841,-0.79,0.45,-0.79,0.45,INF,-1,1,7,0
11780,1,1,-7.332,5.552,-0.69,0.52,-0.69,0.52,INF,-1,1,7,0
11800,1,1,-8.543,5.496,-0.80,0.51,-0.80,0.51,INF,-1,1,7,0
11820,1,1,-4.300,8.251,-0.40,0.77,-0.40,0.77,INF,-1,1,7,0
11840,1,1,-2.019,9.208,-0.19,0.86,-0.19,0.86,INF,-1,1,7,0
11860,1,1,-2.837,8.420,-0.27,0.79,-0.27,0.79,INF,-1,1,7,0
11880,1,1,-3.393,9.040,-0.32,0.84,-0.32,0.84,INF,-1,0,7,0
11900,1,1,-4.517,9.766,-0.42,0.91,-0.42,0.91,INF,-1,0,7,0
11920,1,1,-1.760,8.840,-0.16,0.83,-0.16,0.83,INF,-1,0,7,0
11940,1,1,-1.933,10.385,-0.18,0.97,-0.18,0.97,INF,-1,0,7,0
11960,1,1,-2.617,9.432,-0.24,0.88,-0.24,0.88,INF,-1,0,7,0
11980,1,1,-1.726,8.142,-0.16,0.76,-0.16,0.76,INF,-1,0,7,0
12000,1,1,-1.847,10.050,-0.17,0.94,-0.17,0.94,INF,-1,0,7,0
12020,1,1,-2.569,8.239,-0.24,0.77,-0.24,0.77,INF,-1,0,7,0
12040,1,1,-1.338,9.170,-0.13,0.86,-0.13,0.86,INF,-1,0,7,0
12060,1,1,-1.977,8.664,-0.18,0.81,-0.18,0.81,INF,-1,0,7,0
12080,1,1,-1.362,6.982,-0.13,0.65,-0.13,0.65,INF,-1,0,7,0
12100,1,1,-3.099,8.875,-0.29,0.83,-0.29,0.83,INF,-1,0,7,0
12120,1,1,-3.155,7.683,-0.29,0.72,-0.29,0.72,INF,-1,1,7,0
12140,1,1,-4.069,6.989,-0.38,0.65,-0.38,0.65,INF,-1,1,7,0
12160,1,1,-3.264,8.132,-0.31,0.76,-0.31,0.76,INF,-1,1,7,0
12180,1,1,-2.847,8.014,-0.27,0.75,-0.27,0.75,INF,-1,1,7,0
12200,1,1,-2.645,7.655,-0.25,0.72,-0.25,0.72,INF,-1,1,7,0
12220,1,1,-4.927,7.426,-0.46,0.69,-0.46,0.69,INF,-1,1,7,0
12240,1,1,-2.617,6.430,-0.24,0.60,-0.24,0.60,INF,-1,1,7,0
12260,1,1,-3.874,7.120,-0.36,0.67,-0.36,0.67,INF,-1,1,7,0
12280,1,1,-2.737,5.463,-0.26,0.51,-0.26,0.51,INF,-1,1,7,0
12300,1,1,-3.559,8.114,-0.33,0.76,-0.33,0.76,INF,-1,1,7,0
12320,1,1,-2.967,7.141,-0.28,0.67,-0.28,0.67,INF,-1,1,7,0
12340,1,1,-3.529,7.029,-0.33,0.66,-0.33,0.66,INF,-1,1,7,0
12360,1,1,-3.402,6.534,-0.32,0.61,-0.32,0.61,INF,-1,1,7,0
12380,1,1,-3.152,6.929,-0.29,0.65,-0.29,0.65,INF,-1,1,7,0
12400,1,1,-6.095,7.818,-0.57,0.73,-0.57,0.73,INF,-1,1,7,0
12420,1,1,-5.411,8.121,-0.51,0.76,-0.51,0.76,INF,-1,1,7,0
12440,1,1,-5.259,8.257,-0.49,0.77,-0.49,0.77,INF,-1,1,7,0
12460,1,1,-6.268,8.172,-0.59,0.76,-0.59,0.76,INF,-1,1,7,0
12480,1,1,-5.496,8.740,-0.51,0.82,-0.51,0.82,INF,-1,1,7,0
12500,1,1,-4.653,6.673,-0.43,0.62,-0.43,0.62,INF,-1,1,7,0
12520,1,1,-5.319,6.936,-0.50,0.65,-0.50,0.65,INF,-1,1,7,0
12540,1,1,-6.166,8.300,-0.58,0.78,-0.58,0.78,INF,-1,1,7,0
12560,1,1,-4.977,7.933,-0.47,0.74,-0.47,0.74,INF,-1,1,7,0
12580,1,1,-6.146,8.840,-0.57,0.83,-0.57,0.83,INF,-1,1,7,0
12600,1,1,-5.882,7.949,-0.55,0.74,-0.55,0.74,INF,-1,1,7,0
12620,1,1,-7.081,8.199,-0.66,0.77,-0.66,0.77,INF,-1,1,7,0
12640,1,1,-5.537,7.994,-0.52,0.75,-0.52,0.75,INF,-1,1,7,0
12660,1,1,-7.858,7.647,-0.73,0.71,-0.73,0.71,INF,-1,1,7,0
12680,1,1,-5.783,9.820,-0.54,0.92,-0.54,0.92,INF,-1,1,7,0
12700,1,1,-7.826,8.602,-0.73,0.80,-0.73,0.80,INF,-1,1,7,0
12720,1,1,-7.022,8.341,-0.66,0.78,-0.66,0.78,INF,-1,1,7,0
12740,1,1,-7.534,7.614,-0.70,0.71,-0.70,0.71,INF,-1,1,7,0
12760,1,1,-5.754,6.606,-0.54,0.62,-0.54,0.62,INF,-1,1,7,0
12780,1,1,-5.868,7.836,-0.55,0.73,-0.55,0.73,INF,-1,1,7,0
12800,1,1,-5.571,7.482,-0.52,0.70,-0.52,0.70,INF,-1,1,7,0
12820,1,1,-6.949,8.947,-0.65,0.84,-0.65,0.84,INF,-1,1,7,0
12840,1,1,-7.527,7.841,-0.70,0.73,-0.70,0.73,INF,-1,1,7,0
12860,1,1,-6.581,7.567,-0.62,0.71,-0.61,0.71,INF,-1,1,7,0
12880,1,1,-6.771,6.480,-0.63,0.61,-0.63,0.61,INF,-1,1,7,0
12900,1,1,-7.041,7.300,-0.66,0.68,-0.66,0.68,INF,-1,1,7,0
12920,1,1,-6.427,7.378,-0.60,0.69,-0.60,0.69,INF,-1,1,7,0
12940,1,1,-5.747,7.440,-0.54,0.70,-0.54,0.70,INF,-1,1,7,0
12960,1,1,-3.528,7.904,-0.33,0.74,-0.33,0.74,INF,-1,1,7,0
12980,1,1,-2.194,6.823,-0.21,0.64,-0.21,0.64,INF,-1,1,7,0
13000,1,1,-5.975,8.028,-0.56,0.75,-0.56,0.75,INF,-1,1,7,0
13020,1,1,-4.205,7.394,-0.39,0.69,-0.39,0.69,INF,-1,1,7,0
13040,1,1,-5.150,7.043,-0.48,0.66,-0.48,0.66,INF,-1,1,7,0
13060,1,1,-6.288,6.694,-0.59,0.63,-0.59,0.63,INF,-1,1,7,0
13080,1,1,-5.558,7.629,-0.52,0.71,-0.52,0.71,INF,-1,1,7,0
13100,1,1,-5.982,7.299,-0.56,0.68,-0.56,0.68,INF,-1,1,7,0
13120,1,1,-2.662,5.880,-0.25,0.55,-0.25,0.55,INF,-1,1,7,0
13140,1,1,-3.416,5.553,-0.32,0.52,-0.32,0.52,INF,-1,1,7,0
13160,1,1,-5.574,7.115,-0.52,0.66,-0.52,0.66,INF,-1,1,7,0
13180,1,1,-3.383,6.189,-0.32,0.58,-0.32,0.58,INF,-1,1,7,0
13200,1,1,-4.939,5.730,-0.46,0.54,-0.46,0.54,INF,-1,1,7,0
13220,1,1,-3.617,6.188,-0.34,0.58,-0.34,0.58,INF,-1,1,7,0
13240,1,1,-3.334,4.898,-0.31,0.46,-0.31,0.46,INF,-1,1,7,0
13260,1,1,-1.925,4.392,-0.18,0.41,-0.18,0.41,INF,-1,1,7,0
13280,1,1,-2.568,5.189,-0.24,0.48,-0.24,0.48,INF,-1,1,7,0
13300,1,1,-3.968,5.541,-0.37,0.52,-0.37,0.52,INF,-1,1,7,0
13320,1,1,-4.583,4.509,-0.43,0.42,-0.43,0.42,INF,-1,1,7,0
13340,1,1,-3.805,6.355,-0.36,0.59,-0.36,0.59,INF,-1,1,7,0
13360,1,1,-4.852,5.227,-0.45,0.49,-0.45,0.49,INF,-1,1,7,0
13380,1,1,-3.532,2.695,-0.33,0.25,-0.33,0.25,INF,-1,1,7,0
13400,1,1,-3.498,4.449,-0.33,0.42,-0.33,0.42,INF,-1,1,7,0
13420,1,1,-5.246,4.548,-0.49,0.43,-0.49,0.43,INF,-1,1,7,0
13440,1,1,-3.452,5.798,-0.32,0.54,-0.32,0.54,INF,-1,1,7,0
13460,1,1,-2.630,4.900,-0.25,0.46,-0.25,0.46,INF,-1,1,7,0
13480,1,1,-1.532,4.536,-0.14,0.42,-0.14,0.42,INF,-1,1,7,0
13500,1,1,-2.488,5.705,-0.23,0.53,-0.23,0.53,INF,-1,1,7,0
13520,1,1,-3.073,3.506,-0.29,0.33,-0.29,0.33,INF,-1,1,7,0
13540,1,1,-4.913,4.633,-0.46,0.43,-0.46,0.43,INF,-1,1,7,0
13560,1,1,-3.184,2.794,-0.30,0.26,-0.30,0.26,INF,-1,1,7,0
13580,1,1,-5.222,4.546,-0.49,0.42,-0.49,0.42,INF,-1,1,7,0
13600,1,1,-4.856,3.601,-0.45,0.34,-0.45,0.34,INF,-1,1,7,0
13620,1,1,-4.096,5.042,-0.38,0.47,-0.38,0.47,INF,-1,1,7,0
13640,1,1,-2.445,2.547,-0.23,0.24,-0.23,0.24,INF,-1,1,7,0
13660,1,1,-3.141,2.441,-0.29,0.23,-0.29,0.23,INF,-1,1,7,0
13680,1,1,-4.888,4.268,-0.46,0.40,-0.46,0.40,INF,-1,1,7,0
13700,1,1,-4.732,3.897,-0.44,0.36,-0.44,0.36,INF,-1,1,7,0
13720,1,1,-5.084,4.844,-0.48,0.45,-0.48,0.45,INF,-1,1,7,0
13740,1,1,-5.570,3.273,-0.52,0.31,-0.52,0.31,INF,-1,1,7,0
13760,1,1,-4.093,2.622,-0.38,0.25,-0.38,0.25,INF,-1,1,7,0
13780,1,1,-3.473,3.573,-0.32,0.33,-0.32,0.33,INF,-1,1,7,0
13800,1,1,-4.064,4.911,-0.38,0.46,-0.38,0.46,INF,-1,1,7,0
13820,1,1,-4.831,3.332,-0.45,0.31,-0.45,0.31,INF,-1,1,7,0
13840,1,1,-6.257,2.934,-0.58,0.27,-0.58,0.27,INF,-1,1,7,0
13860,1,1,-4.398,3.427,-0.41,0.32,-0.41,0.32,INF,-1,1,7,0
13880,1,1,-4.463,3.643,-0.42,0.34,-0.42,0.34,INF,-1,1,7,0
13900,1,1,-4.538,3.427,-0.42,0.32,-0.42,0.32,INF,-1,1,7,0
13920,1,1,-3.913,3.427,-0.37,0.32,-0.37,0.32,INF,-1,1,7,0
13940,1,1,-4.349,3.916,-0.41,0.37,-0.41,0.37,INF,-1,1,7,0
13960,1,1,-5.596,3.819,-0.52,0.36,-0.52,0.36,INF,-1,1,7,0
13980,1,1,-4.208,2.318,-0.39,0.22,-0.39,0.22,INF,-1,1,7,0
14000,1,1,-3.747,3.137,-0.35,0.29,-0.35,0.29,INF,-1,1,7,0
14020,1,1,-4.612,1.781,-0.43,0.17,-0.43,0.17,INF,-1,1,7,0
14040,1,1,-6.485,1.810,-0.61,0.17,-0.61,0.17,INF,-1,1,7,0
14060,1,1,-5.456,3.067,-0.51,0.29,-0.51,0.29,INF,-1,1,7,0
14080,1,1,-5.006,1.831,-0.47,0.17,-0.47,0.17,INF,-1,1,7,0
14100,1,1,-5.802,1.591,-0.54,0.15,-0.54,0.15,INF,-1,1,7,0
14120,1,1,-3.356,2.552,-0.31,0.24,-0.31,0.24,INF,-1,1,7,0
14140,1,1,-5.381,2.817,-0.50,0.26,-0.50,0.26,INF,-1,1,7,0
14160,1,1,-3.629,1.870,-0.34,0.17,-0.34,0.17,INF,-1,1,7,0
14180,1,1,-5.588,1.792,-0.52,0.17,-0.52,0.17,INF,-1,1,7,0
14200,1,1,-6.164,1.154,-0.58,0.11,-0.58,0.11,INF,-1,1,7,0
14220,1,1,-4.617,1.227,-0.43,0.11,-0.43,0.11,INF,-1,1,7,0
14240,1,1,-6.690,4.172,-0.63,0.39,-0.63,0.39,INF,-1,1,7,0
14260,1,1,-6.212,2.306,-0.58,0.22,-0.58,0.22,INF,-1,1,7,0
14280,1,1,-6.514,2.099,-0.61,0.20,-0.61,0.20,INF,-1,1,7,0
14300,1,1,-6.082,1.098,-0.57,0.10,-0.57,0.10,INF,-1,1,7,0
14320,1,1,-6.428,1.324,-0.60,0.12,-0.60,0.12,INF,-1,1,7,0
14340,1,1,-6.360,2.961,-0.59,0.28,-0.59,0.28,INF,-1,1,7,0
14360,1,1,-6.706,3.027,-0.63,0.28,-0.63,0.28,INF,-1,1,7,0
14380,1,1,-6.322,3.679,-0.59,0.34,-0.59,0.34,INF,-1,1,7,0
14400,1,1,-9.126,3.012,-0.85,0.28,-0.85,0.28,INF,-1,1,7,0
14420,1,1,-8.422,3.685,-0.79,0.34,-0.79,0.34,INF,-1,1,7,0
14440,1,1,-9.198,3.059,-0.86,0.29,-0.86,0.29,INF,-1,1,7,0
14460,1,1,-7.825,2.538,-0.73,0.24,-0.73,0.24,INF,-1,1,7,0
14480,1,1,-8.484,3.257,-0.79,0.30,-0.79,0.30,INF,-1,1,7,0
14500,1,1,-6.994,1.850,-0.65,0.17,-0.65,0.17,INF,-1,1,7,0
14520,1,1,-8.582,3.292,-0.80,0.31,-0.80,0.31,INF,-1,1,7,0
14540,1,1,-8.928,3.193,-0.83,0.30,-0.83,0.30,INF,-1,1,7,0
14560,1,1,-7.983,1.863,-0.75,0.17,-0.75,0.17,INF,-1,1,7,0
14580,1,1,-8.748,3.274,-0.82,0.31,-0.82,0.31,INF,-1,1,7,0
14600,1,1,-9.064,0.565,-0.85,0.05,-0.85,0.05,INF,-1,1,7,0
14620,1,1,-9.653,2.750,-0.90,0.26,-0.90,0.26,INF,-1,1,7,0
14640,1,1,-8.345,1.608,-0.78,0.15,-0.78,0.15,INF,-1,1,7,0
14660,1,1,-9.471,1.994,-0.89,0.19,-0.89,0.19,INF,-1,1,7,0
14680,1,1,-9.800,1.325,-0.92,0.12,-0.92,0.12,INF,-1,1,7,0
14700,1,1,-9.786,1.372,-0.91,0.13,-0.91,0.13,INF,-1,1,7,0
14720,1,1,-10.036,2.700,-0.94,0.25,-0.94,0.25,INF,-1,1,7,0
14740,1,1,-7.949,0.497,-0.74,0.05,-0.74,0.05,INF,-1,1,7,0
14760,1,1,-8.009,1.033,-0.75,0.10,-0.75,0.10,INF,-1,1,7,0
14780,1,1,-9.044,0.876,-0.85,0.08,-0.85,0.08,INF,-1,1,7,0
14800,1,1,-9.975,0.506,-0.93,0.05,-0.93,0.05,INF,-1,1,7,0
14820,1,1,-9.701,-0.425,-0.91,-0.04,-0.91,-0.04,INF,-1,0,7,0
14840,1,1,-10.364,0.152,-0.97,0.01,-0.97,0.01,INF,-1,0,7,0
14860,1,1,-9.048,-1.318,-0.85,-0.12,-0.85,-0.12,INF,-1,0,7,0
14880,1,1,-8.041,-2.239,-0.75,-0.21,-0.75,-0.21,INF,-1,0,7,0
14900,1,1,-6.498,-3.731,-0.61,-0.35,-0.61,-0.35,INF,-1,0,7,0
14920,1,1,-6.970,-1.572,-0.65,-0.15,-0.65,-0.15,INF,-1,0,7,0
14940,1,1,-7.164,1.357,-0.67,0.13,-0.67,0.13,INF,-1,0,7,0
14960,1,1,-4.213,-1.599,-0.39,-0.15,-0.39,-0.15,INF,-1,0,7,0
14980,1,1,-7.047,0.568,-0.66,0.05,-0.66,0.05,INF,-1,0,7,0
15000,1,1,-7.903,-1.668,-0.74,-0.16,-0.74,-0.16,INF,-1,0,7,0
