"EyeTracker Toolbox version","3.250"
CalibrationParameters_A11,1.06519
CalibrationParameters_A12,0.05593
CalibrationParameters_A13,-0.02876
CalibrationParameters_A21,0.05012
CalibrationParameters_A22,-1.11253
CalibrationParameters_A23,0.00867
CalibrationParameters_A31,-0.00017
CalibrationParameters_A32,-0.00028
CalibrationParameters_E11,-0.18006
CalibrationParameters_E12,-0.00003
CalibrationParameters_E21,0.00022
CalibrationParameters_E22,0.20001
CalibrationParameters_X,-29.58589
CalibrationParameters_Y,-28.46738
CalibrationParameters_Rpc,85.50221
CalibrationParameters_MeanX,140.59023
CalibrationParameters_MeanY,147.72506
CalibrationParameters_ViewDist,613.00000
TimeStamp,Tracked,Calibrated,ScreenPositionXmm,ScreenPositionYmm,FicksLongitude,FicksLatitude,HelmholtzAzimuth,HelmholtzElevation,PupilDiameter,Region,Fixation,DigitalIO,Dropped
0,1,1,-27.313,-28.672,-2.55,-2.68,-2.55,-2.68,INF,-1,0,7,0
20,1,1,-25.049,-30.157,-2.34,-2.81,-2.34,-2.82,INF,-1,0,7,0
40,1,1,-25.251,-28.716,-2.36,-2.68,-2.36,-2.68,INF,-1,0,7,0
60,1,1,-26.276,-28.617,-2.45,-2.67,-2.45,-2.67,INF,-1,0,7,0
80,1,1,-31.391,-27.541,-2.93,-2.57,-2.93,-2.57,INF,-1,0,7,0
100,1,1,-27.023,-29.668,-2.52,-2.77,-2.52,-2.77,INF,-1,0,7,0
120,1,1,-26.743,-28.594,-2.50,-2.67,-2.50,-2.67,INF,-1,0,7,0
140,1,1,-24.735,-28.837,-2.31,-2.69,-2.31,-2.69,INF,-1,0,7,0
160,1,1,-22.522,-30.118,-2.10,-2.81,-2.10,-2.81,INF,-1,0,7,0
180,1,1,-29.056,-28.324,-2.71,-2.64,-2.71,-2.65,INF,-1,0,7,0
200,1,1,-24.748,-28.345,-2.31,-2.65,-2.31,-2.65,INF,-1,0,7,0
220,1,1,-26.329,-29.226,-2.46,-2.73,-2.46,-2.73,INF,-1,0,7,0
240,1,1,-26.528,-28.086,-2.48,-2.62,-2.48,-2.62,INF,-1,0,7,0
260,1,1,-15.242,-20.758,-1.42,-1.94,-1.42,-1.94,INF,-1,0,7,0
280,1,1,10.120,-11.737,0.95,-1.10,0.95,-1.10,INF,-1,1,7,0
300,1,1,6.156,-12.653,0.58,-1.18,0.58,-1.18,INF,-1,0,7,0
320,1,1,9.901,-13.166,0.93,-1.23,0.93,-1.23,INF,-1,0,7,0
340,1,1,12.106,-10.363,1.13,-0.97,1.13,-0.97,INF,-1,0,7,0
360,1,1,7.224,-13.694,0.68,-1.28,0.67,-1.28,INF,-1,0,7,0
380,1,1,11.766,-13.110,1.10,-1.22,1.10,-1.23,INF,-1,0,7,0
400,1,1,10.454,-12.812,0.98,-1.20,0.98,-1.20,INF,-1,0,7,0
420,1,1,11.197,-13.195,1.05,-1.23,1.05,-1.23,INF,-1,0,7,0
440,1,1,8.533,-12.598,0.80,-1.18,0.80,-1.18,INF,-1,0,7,0
460,1,1,9.908,-12.693,0.93,-1.19,0.93,-1.19,INF,-1,0,7,0
480,1,1,12.885,-10.429,1.20,-0.97,1.20,-0.97,INF,-1,0,7,0
500,1,1,8.322,-9.426,0.78,-0.88,0.78,-0.88,INF,-1,0,7,0
520,1,1,10.694,-11.444,1.00,-1.07,1.00,-1.07,INF,-1,0,7,0
540,1,1,10.227,-13.925,0.96,-1.30,0.96,-1.30,INF,-1,0,7,0
560,1,1,9.041,-10.990,0.85,-1.03,0.84,-1.03,INF,-1,1,7,0
580,1,1,9.918,-12.937,0.93,-1.21,0.93,-1.21,INF,-1,1,7,0
600,1,1,8.843,-11.503,0.83,-1.07,0.83,-1.08,INF,-1,1,7,0
620,1,1,4.130,-17.491,0.39,-1.63,0.39,-1.63,INF,-1,1,7,0
640,1,1,3.542,-15.025,0.33,-1.40,0.33,-1.40,INF,-1,1,7,0
660,1,1,4.838,-15.034,0.45,-1.40,0.45,-1.40,INF,-1,1,7,0
680,1,1,1.156,-14.810,0.11,-1.38,0.11,-1.38,INF,-1,1,7,0
700,1,1,5.474,-15.457,0.51,-1.44,0.51,-1.44,INF,-1,1,7,0
720,1,1,4.703,-17.493,0.44,-1.63,0.44,-1.63,INF,-1,1,7,0
740,1,1,4.909,-15.516,0.46,-1.45,0.46,-1.45,INF,-1,1,7,0
760,1,1,6.495,-17.069,0.61,-1.59,0.61,-1.59,INF,-1,1,7,0
780,1,1,6.022,-15.666,0.56,-1.46,0.56,-1.46,INF,-1,1,7,0
800,1,1,4.028,-16.047,0.38,-1.50,0.38,-1.50,INF,-1,1,7,0
820,1,1,3.566,-14.740,0.33,-1.38,0.33,-1.38,INF,-1,1,7,0
840,1,1,6.671,-16.112,0.62,-1.51,0.62,-1.51,INF,-1,1,7,0
860,1,1,5.667,-16.272,0.53,-1.52,0.53,-1.52,INF,-1,1,7,0
880,1,1,6.260,-14.958,0.59,-1.40,0.58,-1.40,INF,-1,1,7,0
900,1,1,5.677,-16.538,0.53,-1.55,0.53,-1.55,INF,-1,1,7,0
920,1,1,5.568,-12.960,0.52,-1.21,0.52,-1.21,INF,-1,1,7,0
940,1,1,9.193,-13.909,0.86,-1.30,0.86,-1.30,INF,-1,1,7,0
960,1,1,10.157,-13.958,0.95,-1.30,0.95,-1.30,INF,-1,1,7,0
980,1,1,10.734,-13.925,1.00,-1.30,1.00,-1.30,INF,-1,1,7,0
1000,1,1,7.888,-13.097,0.74,-1.22,0.74,-1.22,INF,-1,1,7,0
1020,1,1,8.656,-13.312,0.81,-1.24,0.81,-1.24,INF,-1,1,7,0
1040,1,1,9.969,-14.030,0.93,-1.31,0.93,-1.31,INF,-1,1,7,0
1060,1,1,8.890,-15.546,0.83,-1.45,0.83,-1.45,INF,-1,1,7,0
1080,1,1,9.173,-12.974,0.86,-1.21,0.86,-1.21,INF,-1,1,7,0
1100,1,1,7.939,-13.781,0.74,-1.29,0.74,-1.29,INF,-1,1,7,0
1120,1,1,8.171,-15.207,0.76,-1.42,0.76,-1.42,INF,-1,1,7,0
1140,1,1,6.088,-17.899,0.57,-1.67,0.57,-1.67,INF,-1,1,7,0
1160,1,1,4.711,-16.847,0.44,-1.57,0.44,-1.57,INF,-1,1,7,0
1180,1,1,6.085,-15.793,0.57,-1.48,0.57,-1.48,INF,-1,1,7,0
1200,1,1,3.324,-14.779,0.31,-1.38,0.31,-1.38,INF,-1,1,7,0
1220,1,1,6.198,-17.254,0.58,-1.61,0.58,-1.61,INF,-1,1,7,0
1240,1,1,6.560,-15.783,0.61,-1.47,0.61,-1.47,INF,-1,1,7,0
1260,1,1,5.877,-15.673,0.55,-1.46,0.55,-1.46,INF,-1,1,7,0
1280,1,1,4.989,-15.980,0.47,-1.49,0.47,-1.49,INF,-1,1,7,0
1300,1,1,6.077,-16.783,0.57,-1.57,0.57,-1.57,INF,-1,1,7,0
1320,1,1,5.442,-15.463,0.51,-1.44,0.51,-1.45,INF,-1,1,7,0
1340,1,1,6.567,-15.677,0.61,-1.46,0.61,-1.47,INF,-1,1,7,0
1360,1,1,6.840,-14.830,0.64,-1.39,0.64,-1.39,INF,-1,1,7,0
1380,1,1,3.610,-15.606,0.34,-1.46,0.34,-1.46,INF,-1,1,7,0
1400,1,1,7.310,-15.196,0.68,-1.42,0.68,-1.42,INF,-1,1,7,0
1420,1,1,4.932,-16.731,0.46,-1.56,0.46,-1.56,INF,-1,1,7,0
1440,1,1,6.415,-18.334,0.60,-1.71,0.60,-1.71,INF,-1,1,7,0
1460,1,1,4.847,-16.364,0.45,-1.53,0.45,-1.53,INF,-1,1,7,0
1480,1,1,2.894,-14.762,0.27,-1.38,0.27,-1.38,INF,-1,1,7,0
1500,1,1,-0.078,-14.856,-0.01,-1.39,-0.01,-1.39,INF,-1,1,7,0
1520,1,1,0.289,-14.090,0.03,-1.32,0.03,-1.32,INF,-1,1,7,0
1540,1,1,-1.490,-15.450,-0.14,-1.44,-0.14,-1.44,INF,-1,1,7,0
1560,1,1,-2.612,-14.781,-0.24,-1.38,-0.24,-1.38,INF,-1,1,7,0
1580,1,1,0.245,-14.644,0.02,-1.37,0.02,-1.37,INF,-1,1,7,0
1600,0,1,0.000,0.000,0.00,0.00,0.00,0.00,0.00,-1,1,7,0
1620,0,1,0.000,0.000,0.00,0.00,0.00,0.00,0.00,-1,1,7,0
1640,0,1,0.000,0.000,0.00,0.00,0.00,0.00,0.00,-1,1,7,0
1660,0,1,0.000,0.000,0.00,0.00,0.00,0.00,0.00,-1,1,7,0
1680,0,1,0.000,0.000,0.00,0.00,0.00,0.00,0.00,-1,0,7,0
1700,0,1,0.000,0.000,0.00,0.00,0.00,0.00,0.00,-1,0,7,0
1720,0,1,0.000,0.000,0.00,0.00,0.00,0.00,0.00,-1,0,7,0
1740,0,1,0.000,0.000,0.00,0.00,0.00,0.00,0.00,-1,0,7,0
1760,0,1,0.000,0.000,0.00,0.00,0.00,0.00,0.00,-1,0,7,0
1780,0,1,0.000,0.000,0.00,0.00,0.00,0.00,0.00,-1,0,7,0
1800,0,1,0.000,0.000,0.00,0.00,0.00,0.00,0.00,-1,0,7,0
1820,0,1,0.000,0.000,0.00,0.00,0.00,0.00,0.00,-1,0,7,0
1840,0,1,0.000,0.000,0.00,0.00,0.00,0.00,0.00,-1,0,7,0
1860,0,1,0.000,0.000,0.00,0.00,0.00,0.00,0.00,-1,0,7,0
1880,1,1,6.375,-23.126,0.60,-2.16,0.60,-2.16,INF,-1,0,7,0
1900,1,1,-0.278,-14.708,-0.03,-1.37,-0.03,-1.37,INF,-1,0,7,0
1920,1,1,0.774,-8.945,0.07,-0.84,0.07,-0.84,INF,-1,0,7,0
1940,1,1,0.574,-10.088,0.05,-0.94,0.05,-0.94,INF,-1,0,7,0
1960,1,1,2.218,-10.724,0.21,-1.00,0.21,-1.00,INF,-1,0,7,0
1980,1,1,1.888,-10.457,0.18,-0.98,0.18,-0.98,INF,-1,0,7,0
2000,1,1,3.707,-10.076,0.35,-0.94,0.35,-0.94,INF,-1,0,7,0
2020,1,1,2.334,-13.104,0.22,-1.22,0.22,-1.22,INF,-1,0,7,0
2040,1,1,2.423,-11.755,0.23,-1.10,0.23,-1.10,INF,-1,0,7,0
2060,1,1,3.360,-12.141,0.31,-1.13,0.31,-1.13,INF,-1,0,7,0
2080,1,1,4.324,-12.006,0.40,-1.12,0.40,-1.12,INF,-1,0,7,0
2100,1,1,4.333,-10.085,0.41,-0.94,0.40,-0.94,INF,-1,0,7,0
2120,1,1,2.407,-10.019,0.22,-0.94,0.22,-0.94,INF,-1,0,7,0
2140,1,1,2.137,-8.770,0.20,-0.82,0.20,-0.82,INF,-1,0,7,0
2160,1,1,4.072,-10.899,0.38,-1.02,0.38,-1.02,INF,-1,0,7,0
2180,1,1,2.119,-8.824,0.20,-0.82,0.20,-0.82,INF,-1,1,7,0
2200,1,1,4.757,-10.874,0.44,-1.02,0.44,-1.02,INF,-1,1,7,0
2220,1,1,5.095,-11.301,0.48,-1.06,0.48,-1.06,INF,-1,1,7,0
2240,1,1,4.758,-10.927,0.44,-1.02,0.44,-1.02,INF,-1,1,7,0
2260,1,1,5.854,-11.223,0.55,-1.05,0.55,-1.05,INF,-1,1,7,0
2280,1,1,5.889,-10.169,0.55,-0.95,0.55,-0.95,INF,-1,1,7,0
2300,1,1,5.495,-9.604,0.51,-0.90,0.51,-0.90,INF,-1,1,7,0
2320,1,1,3.111,-10.604,0.29,-0.99,0.29,-0.99,INF,-1,1,7,0
2340,1,1,4.539,-8.250,0.42,-0.77,0.42,-0.77,INF,-1,1,7,0
2360,1,1,4.397,-10.905,0.41,-1.02,0.41,-1.02,INF,-1,1,7,0
2380,1,1,6.587,-11.308,0.62,-1.06,0.62,-1.06,INF,-1,1,7,0
2400,1,1,3.114,-9.173,0.29,-0.86,0.29,-0.86,INF,-1,1,7,0
2420,1,1,4.340,-10.584,0.41,-0.99,0.41,-0.99,INF,-1,1,7,0
2440,1,1,11.562,-10.204,1.08,-0.95,1.08,-0.95,INF,-1,1,7,0
2460,1,1,9.519,-10.126,0.89,-0.95,0.89,-0.95,INF,-1,1,7,0
2480,1,1,8.565,-10.572,0.80,-0.99,0.80,-0.99,INF,-1,1,7,0
2500,1,1,10.639,-9.889,0.99,-0.92,0.99,-0.92,INF,-1,1,7,0
2520,1,1,8.651,-11.098,0.81,-1.04,0.81,-1.04,INF,-1,1,7,0
2540,1,1,8.501,-9.995,0.79,-0.93,0.79,-0.93,INF,-1,1,7,0
2560,1,1,10.381,-9.997,0.97,-0.93,0.97,-0.93,INF,-1,1,7,0
2580,1,1,9.319,-11.807,0.87,-1.10,0.87,-1.10,INF,-1,1,7,0
2600,1,1,5.864,-10.060,0.55,-0.94,0.55,-0.94,INF,-1,1,7,0
2620,1,1,2.018,-10.361,0.19,-0.97,0.19,-0.97,INF,-1,1,7,0
2640,1,1,3.109,-8.210,0.29,-0.77,0.29,-0.77,INF,-1,1,7,0
2660,1,1,4.732,-9.758,0.44,-0.91,0.44,-0.91,INF,-1,1,7,0
2680,1,1,3.144,-9.476,0.29,-0.89,0.29,-0.89,INF,-1,1,7,0
2700,1,1,2.372,-9.460,0.22,-0.88,0.22,-0.88,INF,-1,1,7,0
2720,1,1,5.149,-10.345,0.48,-0.97,0.48,-0.97,INF,-1,1,7,0
2740,1,1,5.499,-10.094,0.51,-0.94,0.51,-0.94,INF,-1,1,7,0
2760,1,1,6.951,-8.256,0.65,-0.77,0.65,-0.77,INF,-1,1,7,0
2780,1,1,6.608,-10.787,0.62,-1.01,0.62,-1.01,INF,-1,1,7,0
2800,1,1,7.757,-8.663,0.73,-0.81,0.72,-0.81,INF,-1,1,7,0
2820,1,1,8.712,-10.038,0.81,-0.94,0.81,-0.94,INF,-1,1,7,0
2840,1,1,9.114,-9.801,0.85,-0.92,0.85,-0.92,INF,-1,1,7,0
2860,1,1,4.829,-8.880,0.45,-0.83,0.45,-0.83,INF,-1,1,7,0
2880,1,1,6.874,-8.991,0.64,-0.84,0.64,-0.84,INF,-1,1,7,0
2900,1,1,8.995,-9.350,0.84,-0.87,0.84,-0.87,INF,-1,1,7,0
2920,1,1,8.789,-10.615,0.82,-0.99,0.82,-0.99,INF,-1,1,7,0
2940,1,1,9.690,-9.240,0.91,-0.86,0.91,-0.86,INF,-1,1,7,0
2960,1,1,7.602,-8.936,0.71,-0.84,0.71,-0.84,INF,-1,1,7,0
2980,1,1,6.027,-8.301,0.56,-0.78,0.56,-0.78,INF,-1,1,7,0
3000,1,1,5.679,-6.917,0.53,-0.65,0.53,-0.65,INF,-1,1,7,0
3020,1,1,9.142,-9.602,0.85,-0.90,0.85,-0.90,INF,-1,1,7,0
3040,1,1,-0.141,-8.390,-0.01,-0.78,-0.01,-0.78,INF,-1,1,7,0
3060,1,1,2.981,-8.266,0.28,-0.77,0.28,-0.77,INF,-1,1,7,0
3080,1,1,3.280,-7.536,0.31,-0.70,0.31,-0.70,INF,-1,1,7,0
3100,1,1,0.122,-7.410,0.01,-0.69,0.01,-0.69,INF,-1,1,7,0
3120,1,1,1.356,-6.859,0.13,-0.64,0.13,-0.64,INF,-1,1,7,0
3140,1,1,4.868,-7.615,0.45,-0.71,0.45,-0.71,INF,-1,1,7,0
3160,1,1,4.836,-8.617,0.45,-0.81,0.45,-0.81,INF,-1,1,7,0
3180,1,1,1.842,-7.527,0.17,-0.70,0.17,-0.70,INF,-1,1,7,0
3200,1,1,-0.483,-6.657,-0.05,-0.62,-0.05,-0.62,INF,-1,1,7,0
3220,1,1,6.458,-5.423,0.60,-0.51,0.60,-0.51,INF,-1,1,7,0
3240,1,1,4.495,-6.137,0.42,-0.57,0.42,-0.57,INF,-1,1,7,0
3260,1,1,2.607,-6.198,0.24,-0.58,0.24,-0.58,INF,-1,1,7,0
3280,1,1,1.937,-6.864,0.18,-0.64,0.18,-0.64,INF,-1,1,7,0
3300,1,1,-0.929,-7.244,-0.09,-0.68,-0.09,-0.68,INF,-1,1,7,0
3320,1,1,-0.305,-5.696,-0.03,-0.53,-0.03,-0.53,INF,-1,1,7,0
3340,0,1,0.000,0.000,0.00,0.00,0.00,0.00,0.00,-1,1,7,0
3360,0,1,0.000,0.000,0.00,0.00,0.00,0.00,0.00,-1,1,7,0
3380,0,1,0.000,0.000,0.00,0.00,0.00,0.00,0.00,-1,1,7,0
3400,0,1,0.000,0.000,0.00,0.00,0.00,0.00,0.00,-1,1,7,0
3420,0,1,0.000,0.000,0.00,0.00,0.00,0.00,0.00,-1,0,7,0
3440,0,1,0.000,0.000,0.00,0.00,0.00,0.00,0.00,-1,0,7,0
3460,0,1,0.000,0.000,0.00,0.00,0.00,0.00,0.00,-1,0,7,0
3480,0,1,0.000,0.000,0.00,0.00,0.00,0.00,0.00,-1,0,7,0
3500,0,1,0.000,0.000,0.00,0.00,0.00,0.00,0.00,-1,0,7,0
3520,0,1,0.000,0.000,0.00,0.00,0.00,0.00,0.00,-1,0,7,0
3540,0,1,0.000,0.000,0.00,0.00,0.00,0.00,0.00,-1,0,7,0
3560,0,1,0.000,0.000,0.00,0.00,0.00,0.00,0.00,-1,0,7,0
3580,0,1,0.000,0.000,0.00,0.00,0.00,0.00,0.00,-1,0,7,0
3600,0,1,0.000,0.000,0.00,0.00,0.00,0.00,0.00,-1,0,7,0
3620,1,1,10.557,-23.056,0.99,-2.15,0.99,-2.15,INF,-1,0,7,0
3640,1,1,3.489,-11.255,0.33,-1.05,0.33,-1.05,INF,-1,0,7,0
3660,1,1,2.504,-4.405,0.23,-0.41,0.23,-0.41,INF,-1,0,7,0
3680,1,1,-0.823,-5.755,-0.08,-0.54,-0.08,-0.54,INF,-1,0,7,0
3700,1,1,2.593,-4.892,0.24,-0.46,0.24,-0.46,INF,-1,0,7,0
3720,1,1,-0.917,-5.465,-0.09,-0.51,-0.09,-0.51,INF,-1,0,7,0
3740,1,1,3.412,-6.121,0.32,-0.57,0.32,-0.57,INF,-1,0,7,0
3760,1,1,3.160,-6.023,0.30,-0.56,0.30,-0.56,INF,-1,0,7,0
3780,1,1,3.758,-6.326,0.35,-0.59,0.35,-0.59,INF,-1,0,7,0
3800,1,1,4.223,-4.489,0.39,-0.42,0.39,-0.42,INF,-1,0,7,0
3820,1,1,1.269,-5.489,0.12,-0.51,0.12,-0.51,INF,-1,0,7,0
3840,1,1,5.310,-6.748,0.50,-0.63,0.50,-0.63,INF,-1,0,7,0
3860,1,1,4.667,-5.739,0.44,-0.54,0.44,-0.54,INF,-1,0,7,0
3880,1,1,4.871,-7.621,0.46,-0.71,0.46,-0.71,INF,-1,0,7,0
3900,1,1,5.146,-7.940,0.48,-0.74,0.48,-0.74,INF,-1,0,7,0
3920,1,1,4.196,-7.278,0.39,-0.68,0.39,-0.68,INF,-1,1,7,0
3940,1,1,2.809,-6.574,0.26,-0.61,0.26,-0.61,INF,-1,1,7,0
3960,1,1,4.978,-7.225,0.47,-0.68,0.47,-0.68,INF,-1,1,7,0
3980,1,1,6.310,-7.230,0.59,-0.68,0.59,-0.68,INF,-1,1,7,0
4000,1,1,5.802,-8.367,0.54,-0.78,0.54,-0.78,INF,-1,1,7,0
4020,1,1,5.315,-7.539,0.50,-0.70,0.50,-0.70,INF,-1,1,7,0
4040,1,1,6.172,-7.999,0.58,-0.75,0.58,-0.75,INF,-1,1,7,0
4060,1,1,7.682,-9.463,0.72,-0.88,0.72,-0.88,INF,-1,1,7,0
4080,1,1,5.047,-7.646,0.47,-0.71,0.47,-0.71,INF,-1,1,7,0
4100,1,1,8.109,-8.593,0.76,-0.80,0.76,-0.80,INF,-1,1,7,0
4120,1,1,4.159,-7.172,0.39,-0.67,0.39,-0.67,INF,-1,1,7,0
4140,1,1,5.858,-8.568,0.55,-0.80,0.55,-0.80,INF,-1,1,7,0
4160,1,1,5.476,-8.665,0.51,-0.81,0.51,-0.81,INF,-1,1,7,0
4180,1,1,5.965,-9.532,0.56,-0.89,0.56,-0.89,INF,-1,1,7,0
4200,1,1,3.474,-8.678,0.32,-0.81,0.32,-0.81,INF,-1,1,7,0
4220,1,1,3.512,-9.379,0.33,-0.88,0.33,-0.88,INF,-1,1,7,0
4240,1,1,4.473,-10.531,0.42,-0.98,0.42,-0.98,INF,-1,1,7,0
4260,1,1,6.633,-10.282,0.62,-0.96,0.62,-0.96,INF,-1,1,7,0
4280,1,1,7.027,-10.430,0.66,-0.97,0.66,-0.97,INF,-1,1,7,0
4300,1,1,7.151,-11.110,0.67,-1.04,0.67,-1.04,INF,-1,1,7,0
4320,1,1,2.731,-9.716,0.26,-0.91,0.26,-0.91,INF,-1,1,7,0
4340,1,1,4.896,-11.124,0.46,-1.04,0.46,-1.04,INF,-1,1,7,0
4360,1,1,4.879,-10.530,0.46,-0.98,0.46,-0.98,INF,-1,1,7,0
4380,1,1,7.334,-9.361,0.69,-0.87,0.69,-0.87,INF,-1,1,7,0
4400,1,1,4.900,-10.027,0.46,-0.94,0.46,-0.94,INF,-1,1,7,0
4420,1,1,2.547,-10.690,0.24,-1.00,0.24,-1.00,INF,-1,1,7,0
4440,1,1,6.081,-8.932,0.57,-0.83,0.57,-0.83,INF,-1,1,7,0
4460,1,1,4.538,-12.057,0.42,-1.13,0.42,-1.13,INF,-1,1,7,0
4480,1,1,3.432,-11.090,0.32,-1.04,0.32,-1.04,INF,-1,1,7,0
4500,1,1,4.189,-10.424,0.39,-0.97,0.39,-0.97,INF,-1,1,7,0
4520,1,1,5.206,-10.139,0.49,-0.95,0.49,-0.95,INF,-1,1,7,0
4540,1,1,1.321,-9.525,0.12,-0.89,0.12,-0.89,INF,-1,1,7,0
4560,1,1,4.232,-10.488,0.40,-0.98,0.40,-0.98,INF,-1,1,7,0
4580,1,1,5.934,-10.480,0.55,-0.98,0.55,-0.98,INF,-1,1,7,0
4600,1,1,4.624,-11.886,0.43,-1.11,0.43,-1.11,INF,-1,1,7,0
4620,1,1,5.482,-9.444,0.51,-0.88,0.51,-0.88,INF,-1,1,7,0
4640,1,1,3.481,-8.502,0.33,-0.79,0.33,-0.79,INF,-1,1,7,0
4660,1,1,5.616,-9.357,0.52,-0.87,0.52,-0.87,INF,-1,1,7,0
4680,1,1,1.514,-10.837,0.14,-1.01,0.14,-1.01,INF,-1,1,7,0
4700,1,1,0.786,-9.914,0.07,-0.93,0.07,-0.93,INF,-1,1,7,0
4720,1,1,3.282,-9.890,0.31,-0.92,0.31,-0.92,INF,-1,1,7,0
4740,1,1,6.706,-11.145,0.63,-1.04,0.63,-1.04,INF,-1,1,7,0
4760,1,1,5.029,-10.347,0.47,-0.97,0.47,-0.97,INF,-1,1,7,0
4780,1,1,3.260,-11.346,0.30,-1.06,0.30,-1.06,INF,-1,1,7,0
4800,1,1,2.760,-10.780,0.26,-1.01,0.26,-1.01,INF,-1,1,7,0
4820,1,1,4.758,-12.565,0.44,-1.17,0.44,-1.17,INF,-1,1,7,0
4840,1,1,2.361,-11.284,0.22,-1.05,0.22,-1.05,INF,-1,1,7,0
4860,1,1,3.255,-10.381,0.30,-0.97,0.30,-0.97,INF,-1,1,7,0
4880,1,1,2.717,-10.667,0.25,-1.00,0.25,-1.00,INF,-1,1,7,0
4900,1,1,3.352,-10.298,0.31,-0.96,0.31,-0.96,INF,-1,1,7,0
4920,1,1,2.171,-9.094,0.20,-0.85,0.20,-0.85,INF,-1,1,7,0
4940,1,1,1.863,-10.188,0.17,-0.95,0.17,-0.95,INF,-1,1,7,0
4960,1,1,2.110,-11.489,0.20,-1.07,0.20,-1.07,INF,-1,1,7,0
4980,1,1,3.384,-10.577,0.32,-0.99,0.32,-0.99,INF,-1,1,7,0
5000,1,1,2.401,-11.354,0.22,-1.06,0.22,-1.06,INF,-1,1,7,0
5020,1,1,2.398,-10.232,0.22,-0.96,0.22,-0.96,INF,-1,1,7,0
5040,1,1,3.336,-8.575,0.31,-0.80,0.31,-0.80,INF,-1,1,7,0
5060,1,1,0.585,-11.305,0.05,-1.06,0.05,-1.06,INF,-1,1,7,0
5080,1,1,1.183,-9.196,0.11,-0.86,0.11,-0.86,INF,-1,1,7,0
5100,1,1,0.568,-11.660,0.05,-1.09,0.05,-1.09,INF,-1,1,7,0
5120,1,1,1.094,-9.853,0.10,-0.92,0.10,-0.92,INF,-1,1,7,0
5140,1,1,3.659,-8.628,0.34,-0.81,0.34,-0.81,INF,-1,1,7,0
5160,1,1,2.801,-10.107,0.26,-0.94,0.26,-0.94,INF,-1,1,7,0
5180,1,1,3.485,-10.771,0.33,-1.01,0.33,-1.01,INF,-1,1,7,0
5200,1,1,4.458,-8.494,0.42,-0.79,0.42,-0.79,INF,-1,1,7,0
5220,1,1,2.334,-10.436,0.22,-0.98,0.22,-0.98,INF,-1,1,7,0
5240,1,1,3.357,-10.413,0.31,-0.97,0.31,-0.97,INF,-1,1,7,0
5260,1,1,4.099,-11.584,0.38,-1.08,0.38,-1.08,INF,-1,1,7,0
5280,1,1,4.191,-11.821,0.39,-1.10,0.39,-1.10,INF,-1,1,7,0
5300,1,1,2.487,-10.891,0.23,-1.02,0.23,-1.02,INF,-1,1,7,0
5320,1,1,3.758,-11.698,0.35,-1.09,0.35,-1.09,INF,-1,1,7,0
5340,1,1,6.983,-11.587,0.65,-1.08,0.65,-1.08,INF,-1,1,7,0
5360,1,1,8.025,-10.822,0.75,-1.01,0.75,-1.01,INF,-1,1,7,0
5380,1,1,7.988,-10.693,0.75,-1.00,0.75,-1.00,INF,-1,1,7,0
5400,1,1,8.953,-11.596,0.84,-1.08,0.84,-1.08,INF,-1,1,7,0
5420,1,1,8.941,-10.856,0.84,-1.01,0.84,-1.01,INF,-1,1,7,0
5440,1,1,9.810,-12.347,0.92,-1.15,0.92,-1.15,INF,-1,1,7,0
5460,1,1,8.222,-10.643,0.77,-0.99,0.77,-0.99,INF,-1,1,7,0
5480,1,1,6.982,-12.582,0.65,-1.18,0.65,-1.18,INF,-1,1,7,0
5500,1,1,9.891,-10.806,0.92,-1.01,0.92,-1.01,INF,-1,1,7,0
5520,1,1,10.841,-11.059,1.01,-1.03,1.01,-1.03,INF,-1,1,7,0
5540,1,1,11.042,-11.901,1.03,-1.11,1.03,-1.11,INF,-1,1,7,0
5560,1,1,8.784,-13.504,0.82,-1.26,0.82,-1.26,INF,-1,1,7,0
5580,1,1,8.194,-12.521,0.77,-1.17,0.77,-1.17,INF,-1,1,7,0
5600,1,1,9.572,-12.932,0.89,-1.21,0.89,-1.21,INF,-1,1,7,0
5620,1,1,2.067,-9.997,0.19,-0.93,0.19,-0.93,INF,-1,1,7,0
5640,1,1,1.381,-10.447,0.13,-0.98,0.13,-0.98,INF,-1,1,7,0
5660,1,1,2.877,-11.200,0.27,-1.05,0.27,-1.05,INF,-1,1,7,0
5680,1,1,1.719,-11.840,0.16,-1.11,0.16,-1.11,INF,-1,1,7,0
5700,1,1,3.778,-11.938,0.35,-1.12,0.35,-1.12,INF,-1,1,7,0
5720,1,1,1.867,-10.808,0.17,-1.01,0.17,-1.01,INF,-1,1,7,0
5740,1,1,5.061,-12.666,0.47,-1.18,0.47,-1.18,INF,-1,1,7,0
5760,1,1,4.730,-11.374,0.44,-1.06,0.44,-1.06,INF,-1,1,7,0
5780,1,1,1.124,-13.024,0.11,-1.22,0.11,-1.22,INF,-1,1,7,0
5800,1,1,1.968,-10.746,0.18,-1.00,0.18,-1.00,INF,-1,1,7,0
5820,1,1,4.391,-10.857,0.41,-1.01,0.41,-1.01,INF,-1,1,7,0
5840,1,1,5.512,-11.785,0.52,-1.10,0.52,-1.10,INF,-1,1,7,0
5860,1,1,2.078,-11.442,0.19,-1.07,0.19,-1.07,INF,-1,1,7,0
5880,1,1,4.424,-12.013,0.41,-1.12,0.41,-1.12,INF,-1,1,7,0
5900,1,1,2.524,-10.465,0.24,-0.98,0.24,-0.98,INF,-1,1,7,0
5920,1,1,6.945,-10.765,0.65,-1.01,0.65,-1.01,INF,-1,1,7,0
5940,1,1,2.444,-11.239,0.23,-1.05,0.23,-1.05,INF,-1,1,7,0
5960,1,1,1.183,-10.097,0.11,-0.94,0.11,-0.94,INF,-1,1,7,0
5980,1,1,3.881,-10.109,0.36,-0.94,0.36,-0.94,INF,-1,1,7,0
6000,1,1,4.011,-9.708,0.37,-0.91,0.37,-0.91,INF,-1,1,7,0
6020,1,1,4.057,-10.738,0.38,-1.00,0.38,-1.00,INF,-1,1,7,0
6040,1,1,8.449,-11.840,0.79,-1.11,0.79,-1.11,INF,-1,1,7,0
6060,1,1,3.852,-11.499,0.36,-1.07,0.36,-1.07,INF,-1,1,7,0
6080,1,1,6.151,-9.772,0.57,-0.91,0.57,-0.91,INF,-1,1,7,0
6100,1,1,6.465,-9.733,0.60,-0.91,0.60,-0.91,INF,-1,1,7,0
6120,1,1,4.719,-11.535,0.44,-1.08,0.44,-1.08,INF,-1,1,7,0
6140,1,1,3.822,-10.497,0.36,-0.98,0.36,-0.98,INF,-1,1,7,0
6160,1,1,6.890,-11.411,0.64,-1.07,0.64,-1.07,INF,-1,1,7,0
6180,1,1,6.476,-10.717,0.61,-1.00,0.61,-1.00,INF,-1,1,7,0
6200,1,1,4.463,-9.846,0.42,-0.92,0.42,-0.92,INF,-1,1,7,0
6220,1,1,5.019,-11.317,0.47,-1.06,0.47,-1.06,INF,-1,1,7,0
6240,1,1,5.503,-7.747,0.51,-0.72,0.51,-0.72,INF,-1,1,7,0
6260,1,1,3.514,-10.451,0.33,-0.98,0.33,-0.98,INF,-1,1,7,0
6280,1,1,4.190,-9.591,0.39,-0.90,0.39,-0.90,INF,-1,1,7,0
6300,1,1,5.939,-11.016,0.56,-1.03,0.56,-1.03,INF,-1,1,7,0
6320,0,1,0.000,0.000,0.00,0.00,0.00,0.00,0.00,-1,1,7,0
6340,0,1,0.000,0.000,0.00,0.00,0.00,0.00,0.00,-1,1,7,0
6360,1,1,5.297,-10.963,0.50,-1.02,0.50,-1.02,INF,-1,1,7,0
6380,1,1,8.200,-10.534,0.77,-0.98,0.77,-0.98,INF,-1,1,7,0
6400,1,1,4.133,-9.792,0.39,-0.92,0.39,-0.92,INF,-1,1,7,0
6420,0,1,0.000,0.000,0.00,0.00,0.00,0.00,0.00,-1,1,7,0
6440,1,1,7.292,-13.386,0.68,-1.25,0.68,-1.25,INF,-1,1,7,0
6460,1,1,4.756,-10.536,0.44,-0.98,0.44,-0.98,INF,-1,1,7,0
6480,1,1,6.590,-11.346,0.62,-1.06,0.62,-1.06,INF,-1,1,7,0
6500,1,1,7.612,-12.130,0.71,-1.13,0.71,-1.13,INF,-1,1,7,0
6520,1,1,3.255,-13.154,0.30,-1.23,0.30,-1.23,INF,-1,1,7,0
6540,1,1,5.669,-11.082,0.53,-1.04,0.53,-1.04,INF,-1,1,7,0
6560,1,1,5.857,-8.966,0.55,-0.84,0.55,-0.84,INF,-1,1,7,0
6580,1,1,4.540,-10.169,0.42,-0.95,0.42,-0.95,INF,-1,1,7,0
6600,1,1,5.357,-8.627,0.50,-0.81,0.50,-0.81,INF,-1,1,7,0
6620,1,1,4.648,-10.685,0.43,-1.00,0.43,-1.00,INF,-1,1,7,0
6640,1,1,4.302,-8.105,0.40,-0.76,0.40,-0.76,INF,-1,1,7,0
6660,1,1,6.151,-10.864,0.57,-1.02,0.57,-1.02,INF,-1,1,7,0
6680,1,1,5.041,-9.127,0.47,-0.85,0.47,-0.85,INF,-1,1,7,0
6700,1,1,3.519,-8.822,0.33,-0.82,0.33,-0.82,INF,-1,1,7,0
6720,1,1,7.708,-11.032,0.72,-1.03,0.72,-1.03,INF,-1,1,7,0
6740,1,1,5.409,-9.802,0.51,-0.92,0.51,-0.92,INF,-1,1,7,0
6760,1,1,1.119,-10.061,0.10,-0.94,0.10,-0.94,INF,-1,1,7,0
6780,1,1,3.594,-9.259,0.34,-0.87,0.34,-0.87,INF,-1,1,7,0
6800,1,1,5.153,-11.069,0.48,-1.03,0.48,-1.03,INF,-1,1,7,0
6820,1,1,3.888,-12.567,0.36,-1.17,0.36,-1.17,INF,-1,1,7,0
6840,1,1,4.452,-12.291,0.42,-1.15,0.42,-1.15,INF,-1,1,7,0
6860,1,1,6.053,-10.245,0.57,-0.96,0.57,-0.96,INF,-1,1,7,0
6880,1,1,5.812,-10.264,0.54,-0.96,0.54,-0.96,INF,-1,1,7,0
6900,1,1,5.640,-11.565,0.53,-1.08,0.53,-1.08,INF,-1,1,7,0
6920,1,1,4.815,-10.873,0.45,-1.02,0.45,-1.02,INF,-1,1,7,0
6940,1,1,6.165,-12.066,0.58,-1.13,0.58,-1.13,INF,-1,1,7,0
6960,1,1,11.050,-9.182,1.03,-0.86,1.03,-0.86,INF,-1,1,7,0
6980,1,1,9.188,-8.959,0.86,-0.84,0.86,-0.84,INF,-1,1,7,0
7000,1,1,7.979,-8.329,0.75,-0.78,0.75,-0.78,INF,-1,1,7,0
7020,1,1,9.856,-6.493,0.92,-0.61,0.92,-0.61,INF,-1,1,7,0
7040,1,1,8.989,-8.053,0.84,-0.75,0.84,-0.75,INF,-1,1,7,0
7060,1,1,10.880,-9.197,1.02,-0.86,1.02,-0.86,INF,-1,1,7,0
7080,1,1,8.956,-8.358,0.84,-0.78,0.84,-0.78,INF,-1,1,7,0
7100,1,1,8.865,-7.857,0.83,-0.73,0.83,-0.73,INF,-1,1,7,0
7120,1,1,8.553,-10.925,0.80,-1.02,0.80,-1.02,INF,-1,1,7,0
7140,1,1,8.012,-11.115,0.75,-1.04,0.75,-1.04,INF,-1,1,7,0
7160,1,1,11.010,-8.737,1.03,-0.82,1.03,-0.82,INF,-1,1,7,0
7180,1,1,11.206,-11.196,1.05,-1.05,1.05,-1.05,INF,-1,1,7,0
7200,1,1,10.668,-8.543,1.00,-0.80,1.00,-0.80,INF,-1,1,7,0
7220,1,1,13.592,-10.774,1.27,-1.01,1.27,-1.01,INF,-1,1,7,0
7240,1,1,9.838,-11.997,0.92,-1.12,0.92,-1.12,INF,-1,1,7,0
7260,1,1,10.776,-9.076,1.01,-0.85,1.01,-0.85,INF,-1,1,7,0
7280,1,1,6.686,-11.075,0.62,-1.03,0.62,-1.04,INF,-1,1,7,0
7300,1,1,8.254,-9.427,0.77,-0.88,0.77,-0.88,INF,-1,1,7,0
7320,1,1,10.388,-9.012,0.97,-0.84,0.97,-0.84,INF,-1,1,7,0
7340,1,1,9.890,-10.494,0.92,-0.98,0.92,-0.98,INF,-1,1,7,0
7360,1,1,10.605,-11.395,0.99,-1.06,0.99,-1.06,INF,-1,1,7,0
7380,1,1,6.086,-10.051,0.57,-0.94,0.57,-0.94,INF,-1,1,7,0
7400,1,1,6.164,-9.112,0.58,-0.85,0.58,-0.85,INF,-1,1,7,0
7420,1,1,6.540,-9.852,0.61,-0.92,0.61,-0.92,INF,-1,1,7,0
7440,1,1,12.370,-8.409,1.16,-0.79,1.16,-0.79,INF,-1,1,7,0
7460,1,1,9.364,-8.326,0.88,-0.78,0.88,-0.78,INF,-1,1,7,0
7480,1,1,5.616,-7.541,0.52,-0.70,0.52,-0.70,INF,-1,1,7,0
7500,1,1,1.918,-6.773,0.18,-0.63,0.18,-0.63,INF,-1,1,7,0
7520,1,1,6.050,-9.028,0.57,-0.84,0.57,-0.84,INF,-1,1,7,0
7540,1,1,7.470,-8.374,0.70,-0.78,0.70,-0.78,INF,-1,1,7,0
7560,1,1,4.989,-8.613,0.47,-0.80,0.47,-0.81,INF,-1,1,7,0
7580,1,1,2.917,-6.867,0.27,-0.64,0.27,-0.64,INF,-1,1,7,0
7600,1,1,3.971,-8.116,0.37,-0.76,0.37,-0.76,INF,-1,1,7,0
7620,1,1,4.177,-10.188,0.39,-0.95,0.39,-0.95,INF,-1,1,7,0
7640,1,1,2.996,-9.070,0.28,-0.85,0.28,-0.85,INF,-1,1,7,0
7660,1,1,6.760,-8.551,0.63,-0.80,0.63,-0.80,INF,-1,1,7,0
7680,1,1,5.938,-10.388,0.56,-0.97,0.55,-0.97,INF,-1,1,7,0
7700,1,1,7.466,-9.964,0.70,-0.93,0.70,-0.93,INF,-1,1,7,0
7720,1,1,6.240,-7.933,0.58,-0.74,0.58,-0.74,INF,-1,1,7,0
7740,1,1,4.892,-10.335,0.46,-0.97,0.46,-0.97,INF,-1,1,7,0
7760,1,1,8.181,-11.000,0.76,-1.03,0.76,-1.03,INF,-1,1,7,0
7780,1,1,9.602,-8.958,0.90,-0.84,0.90,-0.84,INF,-1,1,7,0
7800,1,1,10.694,-12.161,1.00,-1.14,1.00,-1.14,INF,-1,1,7,0
7820,1,1,12.420,-10.573,1.16,-0.99,1.16,-0.99,INF,-1,1,7,0
7840,1,1,9.863,-10.390,0.92,-0.97,0.92,-0.97,INF,-1,1,7,0
7860,1,1,10.438,-11.408,0.98,-1.07,0.98,-1.07,INF,-1,1,7,0
7880,1,1,7.376,-10.165,0.69,-0.95,0.69,-0.95,INF,-1,1,7,0
7900,1,1,9.380,-11.303,0.88,-1.06,0.88,-1.06,INF,-1,1,7,0
7920,1,1,7.631,-12.966,0.71,-1.21,0.71,-1.21,INF,-1,1,7,0
7940,1,1,9.096,-12.324,0.85,-1.15,0.85,-1.15,INF,-1,1,7,0
7960,1,1,9.243,-10.816,0.86,-1.01,0.86,-1.01,INF,-1,1,7,0
7980,1,1,6.963,-12.667,0.65,-1.18,0.65,-1.18,INF,-1,1,7,0
8000,1,1,2.835,-11.092,0.26,-1.04,0.26,-1.04,INF,-1,1,7,0
8020,1,1,5.548,-11.333,0.52,-1.06,0.52,-1.06,INF,-1,1,7,0
8040,1,1,3.445,-9.713,0.32,-0.91,0.32,-0.91,INF,-1,1,7,0
8060,1,1,7.663,-11.048,0.72,-1.03,0.72,-1.03,INF,-1,1,7,0
8080,1,1,4.975,-11.629,0.46,-1.09,0.46,-1.09,INF,-1,1,7,0
8100,1,1,2.335,-11.692,0.22,-1.09,0.22,-1.09,INF,-1,1,7,0
8120,1,1,4.776,-10.452,0.45,-0.98,0.45,-0.98,INF,-1,1,7,0
8140,1,1,6.706,-12.198,0.63,-1.14,0.63,-1.14,INF,-1,1,7,0
8160,1,1,6.065,-12.616,0.57,-1.18,0.57,-1.18,INF,-1,1,7,0
8180,1,1,2.556,-12.119,0.24,-1.13,0.24,-1.13,INF,-1,1,7,0
8200,1,1,3.678,-11.568,0.34,-1.08,0.34,-1.08,INF,-1,1,7,0
8220,1,1,5.810,-11.132,0.54,-1.04,0.54,-1.04,INF,-1,1,7,0
8240,1,1,6.194,-13.313,0.58,-1.24,0.58,-1.24,INF,-1,1,7,0
8260,1,1,6.171,-11.946,0.58,-1.12,0.58,-1.12,INF,-1,1,7,0
8280,1,1,5.716,-11.305,0.53,-1.06,0.53,-1.06,INF,-1,1,7,0
8300,1,1,4.156,-10.138,0.39,-0.95,0.39,-0.95,INF,-1,1,7,0
8320,1,1,4.262,-10.572,0.40,-0.99,0.40,-0.99,INF,-1,1,7,0
8340,1,1,4.165,-11.008,0.39,-1.03,0.39,-1.03,INF,-1,1,7,0
8360,1,1,4.485,-12.433,0.42,-1.16,0.42,-1.16,INF,-1,1,7,0
8380,1,1,5.161,-12.722,0.48,-1.19,0.48,-1.19,INF,-1,1,7,0
8400,1,1,6.486,-11.293,0.61,-1.06,0.61,-1.06,INF,-1,1,7,0
8420,1,1,4.794,-10.612,0.45,-0.99,0.45,-0.99,INF,-1,1,7,0
8440,1,1,3.964,-9.902,0.37,-0.93,0.37,-0.93,INF,-1,1,7,0
8460,1,1,4.543,-11.403,0.42,-1.07,0.42,-1.07,INF,-1,1,7,0
8480,1,1,6.057,-8.367,0.57,-0.78,0.57,-0.78,INF,-1,1,7,0
8500,1,1,3.169,-11.140,0.30,-1.04,0.30,-1.04,INF,-1,1,7,0
8520,1,1,6.725,-10.748,0.63,-1.00,0.63,-1.00,INF,-1,1,7,0
8540,1,1,5.028,-9.472,0.47,-0.89,0.47,-0.89,INF,-1,1,7,0
8560,1,1,6.998,-10.593,0.65,-0.99,0.65,-0.99,INF,-1,1,7,0
8580,1,1,7.303,-8.893,0.68,-0.83,0.68,-0.83,INF,-1,1,7,0
8600,1,1,6.451,-9.541,0.60,-0.89,0.60,-0.89,INF,-1,1,7,0
8620,1,1,6.585,-9.538,0.62,-0.89,0.62,-0.89,INF,-1,1,7,0
8640,1,1,7.055,-10.918,0.66,-1.02,0.66,-1.02,INF,-1,1,7,0
8660,1,1,6.745,-9.906,0.63,-0.93,0.63,-0.93,INF,-1,1,7,0
8680,1,1,5.306,-7.595,0.50,-0.71,0.50,-0.71,INF,-1,1,7,0
8700,1,1,5.759,-6.148,0.54,-0.57,0.54,-0.57,INF,-1,1,7,0
8720,1,1,9.543,-9.553,0.89,-0.89,0.89,-0.89,INF,-1,1,7,0
8740,1,1,5.367,-9.626,0.50,-0.90,0.50,-0.90,INF,-1,1,7,0
8760,1,1,5.700,-9.244,0.53,-0.86,0.53,-0.86,INF,-1,1,7,0
8780,1,1,5.985,-10.190,0.56,-0.95,0.56,-0.95,INF,-1,1,7,0
8800,1,1,6.083,-10.829,0.57,-1.01,0.57,-1.01,INF,-1,1,7,0
8820,1,1,6.749,-9.604,0.63,-0.90,0.63,-0.90,INF,-1,1,7,0
8840,1,1,7.399,-10.135,0.69,-0.95,0.69,-0.95,INF,-1,1,7,0
8860,1,1,6.275,-10.745,0.59,-1.00,0.59,-1.00,INF,-1,1,7,0
8880,1,1,8.086,-9.989,0.76,-0.93,0.76,-0.93,INF,-1,1,7,0
8900,1,1,6.472,-10.833,0.60,-1.01,0.60,-1.01,INF,-1,1,7,0
8920,1,1,3.276,-9.296,0.31,-0.87,0.31,-0.87,INF,-1,1,7,0
8940,1,1,5.752,-10.308,0.54,-0.96,0.54,-0.96,INF,-1,1,7,0
8960,1,1,4.695,-9.265,0.44,-0.87,0.44,-0.87,INF,-1,1,7,0
8980,1,1,3.903,-8.597,0.36,-0.80,0.36,-0.80,INF,-1,1,7,0
9000,1,1,5.765,-8.498,0.54,-0.79,0.54,-0.79,INF,-1,1,7,0
9020,1,1,3.645,-7.708,0.34,-0.72,0.34,-0.72,INF,-1,1,7,0
9040,1,1,2.096,-8.211,0.20,-0.77,0.20,-0.77,INF,-1,1,7,0
9060,1,1,2.557,-6.552,0.24,-0.61,0.24,-0.61,INF,-1,1,7,0
9080,1,1,2.536,-7.093,0.24,-0.66,0.24,-0.66,INF,-1,1,7,0
9100,1,1,3.746,-5.057,0.35,-0.47,0.35,-0.47,INF,-1,1,7,0
9120,1,1,5.063,-9.331,0.47,-0.87,0.47,-0.87,INF,-1,1,7,0
9140,1,1,4.219,-8.986,0.39,-0.84,0.39,-0.84,INF,-1,1,7,0
9160,1,1,5.962,-7.673,0.56,-0.72,0.56,-0.72,INF,-1,1,7,0
9180,1,1,3.263,-8.501,0.30,-0.79,0.30,-0.79,INF,-1,1,7,0
9200,1,1,4.173,-9.467,0.39,-0.88,0.39,-0.88,INF,-1,1,7,0
9220,1,1,6.383,-7.458,0.60,-0.70,0.60,-0.70,INF,-1,1,7,0
9240,1,1,10.959,-8.655,1.02,-0.81,1.02,-0.81,INF,-1,1,7,0
9260,1,1,11.952,-8.686,1.12,-0.81,1.12,-0.81,INF,-1,1,7,0
9280,1,1,10.383,-9.484,0.97,-0.89,0.97,-0.89,INF,-1,1,7,0
9300,1,1,9.640,-8.178,0.90,-0.76,0.90,-0.76,INF,-1,1,7,0
9320,1,1,10.989,-7.977,1.03,-0.75,1.03,-0.75,INF,-1,1,7,0
9340,1,1,11.185,-9.387,1.05,-0.88,1.05,-0.88,INF,-1,1,7,0
9360,1,1,11.585,-6.508,1.08,-0.61,1.08,-0.61,INF,-1,1,7,0
9380,1,1,5.654,-6.650,0.53,-0.62,0.53,-0.62,INF,-1,1,7,0
9400,1,1,4.307,-8.117,0.40,-0.76,0.40,-0.76,INF,-1,1,7,0
9420,1,1,7.716,-6.967,0.72,-0.65,0.72,-0.65,INF,-1,1,7,0
9440,1,1,6.165,-8.849,0.58,-0.83,0.58,-0.83,INF,-1,1,7,0
9460,1,1,6.540,-8.030,0.61,-0.75,0.61,-0.75,INF,-1,1,7,0
9480,1,1,4.020,-8.721,0.38,-0.82,0.38,-0.82,INF,-1,1,7,0
9500,1,1,2.068,-7.865,0.19,-0.74,0.19,-0.74,INF,-1,1,7,0
9520,1,1,7.408,-7.059,0.69,-0.66,0.69,-0.66,INF,-1,1,7,0
9540,1,1,9.176,-7.867,0.86,-0.74,0.86,-0.74,INF,-1,1,7,0
9560,1,1,11.073,-5.617,1.03,-0.52,1.03,-0.53,INF,-1,1,7,0
9580,1,1,9.071,-8.600,0.85,-0.80,0.85,-0.80,INF,-1,1,7,0
9600,1,1,6.404,-7.081,0.60,-0.66,0.60,-0.66,INF,-1,1,7,0
9620,1,1,5.860,-7.237,0.55,-0.68,0.55,-0.68,INF,-1,1,7,0
9640,1,1,2.759,-9.075,0.26,-0.85,0.26,-0.85,INF,-1,1,7,0
9660,1,1,0.971,-8.368,0.09,-0.78,0.09,-0.78,INF,-1,1,7,0
9680,1,1,3.824,-8.513,0.36,-0.80,0.36,-0.80,INF,-1,1,7,0
9700,1,1,-0.132,-5.613,-0.01,-0.52,-0.01,-0.52,INF,-1,1,7,0
9720,1,1,3.928,-6.509,0.37,-0.61,0.37,-0.61,INF,-1,1,7,0
9740,1,1,2.118,-5.754,0.20,-0.54,0.20,-0.54,INF,-1,1,7,0
9760,1,1,5.479,-5.909,0.51,-0.55,0.51,-0.55,INF,-1,1,7,0
9780,1,1,5.136,-5.014,0.48,-0.47,0.48,-0.47,INF,-1,1,7,0
9800,1,1,0.499,-7.003,0.05,-0.65,0.05,-0.65,INF,-1,1,7,0
9820,1,1,1.121,-4.583,0.10,-0.43,0.10,-0.43,INF,-1,1,7,0
9840,1,1,3.000,-5.623,0.28,-0.53,0.28,-0.53,INF,-1,1,7,0
9860,1,1,4.875,-6.777,0.46,-0.63,0.46,-0.63,INF,-1,1,7,0
9880,1,1,8.278,-6.856,0.77,-0.64,0.77,-0.64,INF,-1,1,7,0
9900,1,1,4.414,-6.608,0.41,-0.62,0.41,-0.62,INF,-1,1,7,0
9920,1,1,2.440,-4.637,0.23,-0.43,0.23,-0.43,INF,-1,1,7,0
9940,1,1,6.340,-7.074,0.59,-0.66,0.59,-0.66,INF,-1,1,7,0
9960,1,1,5.234,-6.899,0.49,-0.64,0.49,-0.64,INF,-1,1,7,0
9980,1,1,3.936,-3.917,0.37,-0.37,0.37,-0.37,INF,-1,1,7,0
10000,1,1,3.456,-5.468,0.32,-0.51,0.32,-0.51,INF,-1,1,7,0
10020,1,1,3.607,-5.980,0.34,-0.56,0.34,-0.56,INF,-1,1,7,0
10040,1,1,4.530,-5.379,0.42,-0.50,0.42,-0.50,INF,-1,1,7,0
10060,1,1,4.340,-6.526,0.41,-0.61,0.41,-0.61,INF,-1,1,7,0
10080,1,1,3.766,-4.337,0.35,-0.41,0.35,-0.41,INF,-1,1,7,0
10100,1,1,4.647,-7.351,0.43,-0.69,0.43,-0.69,INF,-1,1,7,0
10120,1,1,5.527,-6.106,0.52,-0.57,0.52,-0.57,INF,-1,1,7,0
10140,1,1,4.914,-5.146,0.46,-0.48,0.46,-0.48,INF,-1,1,7,0
10160,1,1,4.182,-8.380,0.39,-0.78,0.39,-0.78,INF,-1,1,7,0
10180,1,1,5.062,-4.587,0.47,-0.43,0.47,-0.43,INF,-1,1,7,0
10200,1,1,3.106,-4.609,0.29,-0.43,0.29,-0.43,INF,-1,1,7,0
10220,1,1,2.517,-5.890,0.24,-0.55,0.24,-0.55,INF,-1,1,7,0
10240,1,1,3.702,-6.117,0.35,-0.57,0.35,-0.57,INF,-1,1,7,0
10260,1,1,4.985,-6.426,0.47,-0.60,0.47,-0.60,INF,-1,1,7,0
10280,1,1,5.897,-5.457,0.55,-0.51,0.55,-0.51,INF,-1,1,7,0
10300,1,1,3.022,-5.882,0.28,-0.55,0.28,-0.55,INF,-1,1,7,0
10320,1,1,2.767,-5.363,0.26,-0.50,0.26,-0.50,INF,-1,1,7,0
10340,1,1,4.281,-6.549,0.40,-0.61,0.40,-0.61,INF,-1,1,7,0
10360,1,1,4.716,-6.805,0.44,-0.64,0.44,-0.64,INF,-1,1,7,0
10380,1,1,4.556,-7.041,0.43,-0.66,0.43,-0.66,INF,-1,1,7,0
10400,1,1,5.369,-6.722,0.50,-0.63,0.50,-0.63,INF,-1,1,7,0
10420,1,1,2.822,-7.368,0.26,-0.69,0.26,-0.69,INF,-1,1,7,0
10440,1,1,6.096,-7.131,0.57,-0.67,0.57,-0.67,INF,-1,1,7,0
10460,1,1,2.686,-7.405,0.25,-0.69,0.25,-0.69,INF,-1,1,7,0
10480,1,1,3.332,-6.137,0.31,-0.57,0.31,-0.57,INF,-1,1,7,0
10500,1,1,3.144,-7.705,0.29,-0.72,0.29,-0.72,INF,-1,1,7,0
10520,1,1,5.320,-5.755,0.50,-0.54,0.50,-0.54,INF,-1,1,7,0
10540,1,1,1.629,-7.174,0.15,-0.67,0.15,-0.67,INF,-1,1,7,0
10560,1,1,4.475,-7.936,0.42,-0.74,0.42,-0.74,INF,-1,1,7,0
10580,1,1,1.354,-6.946,0.13,-0.65,0.13,-0.65,INF,-1,1,7,0
10600,1,1,4.066,-7.760,0.38,-0.73,0.38,-0.73,INF,-1,1,7,0
10620,1,1,6.745,-4.668,0.63,-0.44,0.63,-0.44,INF,-1,1,7,0
10640,1,1,10.466,-7.416,0.98,-0.69,0.98,-0.69,INF,-1,1,7,0
10660,1,1,6.112,-5.524,0.57,-0.52,0.57,-0.52,INF,-1,1,7,0
10680,1,1,10.169,-7.709,0.95,-0.72,0.95,-0.72,INF,-1,1,7,0
10700,1,1,10.137,-6.161,0.95,-0.58,0.95,-0.58,INF,-1,1,7,0
10720,1,1,10.752,-5.861,1.00,-0.55,1.00,-0.55,INF,-1,1,7,0
10740,1,1,10.243,-7.576,0.96,-0.71,0.96,-0.71,INF,-1,1,7,0
10760,1,1,7.571,-5.676,0.71,-0.53,0.71,-0.53,INF,-1,1,7,0
10780,1,1,8.932,-5.617,0.83,-0.52,0.83,-0.53,INF,-1,1,7,0
10800,1,1,10.082,-5.713,0.94,-0.53,0.94,-0.53,INF,-1,1,7,0
10820,1,1,7.118,-7.213,0.67,-0.67,0.67,-0.67,INF,-1,1,7,0
10840,1,1,9.633,-4.617,0.90,-0.43,0.90,-0.43,INF,-1,1,7,0
10860,1,1,10.493,-5.045,0.98,-0.47,0.98,-0.47,INF,-1,1,7,0
10880,1,1,9.011,-6.082,0.84,-0.57,0.84,-0.57,INF,-1,1,7,0
10900,1,1,6.556,-6.867,0.61,-0.64,0.61,-0.64,INF,-1,1,7,0
10920,1,1,9.712,-7.715,0.91,-0.72,0.91,-0.72,INF,-1,1,7,0
10940,1,1,7.862,-5.819,0.73,-0.54,0.73,-0.54,INF,-1,1,7,0
10960,1,1,7.865,-5.790,0.74,-0.54,0.74,-0.54,INF,-1,1,7,0
10980,1,1,9.599,-6.378,0.90,-0.60,0.90,-0.60,INF,-1,1,7,0
11000,1,1,11.822,-7.085,1.10,-0.66,1.10,-0.66,INF,-1,1,7,0
11020,1,1,9.598,-6.014,0.90,-0.56,0.90,-0.56,INF,-1,1,7,0
11040,1,1,7.955,-6.569,0.74,-0.61,0.74,-0.61,INF,-1,1,7,0
11060,1,1,11.063,-6.644,1.03,-0.62,1.03,-0.62,INF,-1,1,7,0
11080,1,1,10.795,-6.958,1.01,-0.65,1.01,-0.65,INF,-1,1,7,0
11100,1,1,8.426,-8.212,0.79,-0.77,0.79,-0.77,INF,-1,1,7,0
11120,1,1,11.540,-8.762,1.08,-0.82,1.08,-0.82,INF,-1,1,7,0
11140,1,1,9.473,-6.998,0.89,-0.65,0.89,-0.65,INF,-1,1,7,0
11160,1,1,11.372,-6.188,1.06,-0.58,1.06,-0.58,INF,-1,1,7,0
11180,1,1,11.758,-7.998,1.10,-0.75,1.10,-0.75,INF,-1,1,7,0
11200,1,1,13.063,-8.724,1.22,-0.82,1.22,-0.82,INF,-1,1,7,0
11220,1,1,12.767,-7.177,1.19,-0.67,1.19,-0.67,INF,-1,1,7,0
11240,1,1,13.820,-10.218,1.29,-0.95,1.29,-0.95,INF,-1,1,7,0
11260,1,1,10.690,-8.882,1.00,-0.83,1.00,-0.83,INF,-1,1,7,0
11280,1,1,10.002,-8.555,0.93,-0.80,0.93,-0.80,INF,-1,1,7,0
11300,1,1,12.424,-7.887,1.16,-0.74,1.16,-0.74,INF,-1,1,7,0
11320,1,1,9.742,-10.692,0.91,-1.00,0.91,-1.00,INF,-1,1,7,0
11340,1,1,11.671,-8.278,1.09,-0.77,1.09,-0.77,INF,-1,1,7,0
11360,1,1,9.154,-8.021,0.86,-0.75,0.86,-0.75,INF,-1,1,7,0
11380,1,1,10.962,-8.767,1.02,-0.82,1.02,-0.82,INF,-1,1,7,0
11400,1,1,11.858,-11.365,1.11,-1.06,1.11,-1.06,INF,-1,1,7,0
11420,1,1,9.235,-6.826,0.86,-0.64,0.86,-0.64,INF,-1,1,7,0
11440,1,1,11.571,-8.743,1.08,-0.82,1.08,-0.82,INF,-1,1,7,0
11460,1,1,12.778,-7.675,1.19,-0.72,1.19,-0.72,INF,-1,1,7,0
11480,1,1,9.838,-9.174,0.92,-0.86,0.92,-0.86,INF,-1,1,7,0
11500,1,1,10.793,-7.531,1.01,-0.70,1.01,-0.70,INF,-1,1,7,0
11520,1,1,10.384,-7.623,0.97,-0.71,0.97,-0.71,INF,-1,1,7,0
11540,1,1,9.578,-9.222,0.90,-0.86,0.90,-0.86,INF,-1,1,7,0
11560,1,1,9.349,-8.992,0.87,-0.84,0.87,-0.84,INF,-1,1,7,0
11580,1,1,13.827,-9.631,1.29,-0.90,1.29,-0.90,INF,-1,1,7,0
11600,1,1,7.677,-8.725,0.72,-0.82,0.72,-0.82,INF,-1,1,7,0
11620,1,1,11.273,-10.329,1.05,-0.97,1.05,-0.97,INF,-1,1,7,0
11640,1,1,5.924,-8.671,0.55,-0.81,0.55,-0.81,INF,-1,1,7,0
11660,1,1,11.342,-8.171,1.06,-0.76,1.06,-0.76,INF,-1,1,7,0
11680,1,1,10.238,-10.780,0.96,-1.01,0.96,-1.01,INF,-1,1,7,0
11700,1,1,10.685,-8.273,1.00,-0.77,1.00,-0.77,INF,-1,1,7,0
11720,1,1,7.028,-9.480,0.66,-0.89,0.66,-0.89,INF,-1,1,7,0
11740,1,1,7.671,-6.111,0.72,-0.57,0.72,-0.57,INF,-1,1,7,0
11760,1,1,22.337,-12.134,2.09,-1.13,2.09,-1.13,INF,-1,1,7,0
11780,1,1,36.949,-12.387,3.45,-1.16,3.45,-1.16,INF,-1,1,7,0
11800,1,1,38.749,-14.395,3.62,-1.34,3.62,-1.35,INF,-1,0,7,0
11820,1,1,38.557,-13.491,3.60,-1.26,3.60,-1.26,INF,-1,0,7,0
11840,1,1,40.089,-13.689,3.74,-1.28,3.74,-1.28,INF,-1,0,7,0
11860,1,1,40.088,-14.458,3.74,-1.35,3.74,-1.35,INF,-1,0,7,0
11880,1,1,38.839,-14.928,3.63,-1.39,3.62,-1.39,INF,-1,0,7,0
11900,1,1,39.660,-15.468,3.70,-1.44,3.70,-1.45,INF,-1,0,7,0
11920,1,1,36.419,-16.046,3.40,-1.50,3.40,-1.50,INF,-1,0,7,0
11940,1,1,39.047,-13.464,3.64,-1.26,3.64,-1.26,INF,-1,0,7,0
11960,1,1,40.487,-16.716,3.78,-1.56,3.78,-1.56,INF,-1,0,7,0
11980,1,1,41.118,-15.475,3.84,-1.44,3.84,-1.45,INF,-1,0,7,0
12000,1,1,47.274,-17.062,4.41,-1.59,4.41,-1.59,INF,-1,0,7,0
12020,1,1,50.184,-15.431,4.68,-1.44,4.68,-1.44,INF,-1,0,7,0
12040,1,1,53.122,-15.531,4.95,-1.45,4.95,-1.45,INF,-1,0,7,0
12060,1,1,49.970,-16.067,4.66,-1.50,4.66,-1.50,INF,-1,1,7,0
12080,1,1,50.116,-16.032,4.67,-1.49,4.67,-1.50,INF,-1,1,7,0
12100,1,1,49.465,-14.073,4.61,-1.31,4.61,-1.32,INF,-1,1,7,0
12120,1,1,51.111,-14.813,4.77,-1.38,4.76,-1.38,INF,-1,1,7,0
12140,1,1,51.966,-17.083,4.85,-1.59,4.84,-1.60,INF,-1,1,7,0
12160,1,1,49.821,-12.627,4.65,-1.18,4.65,-1.18,INF,-1,1,7,0
12180,1,1,53.036,-16.328,4.94,-1.52,4.94,-1.53,INF,-1,1,7,0
12200,1,1,52.538,-16.505,4.90,-1.54,4.90,-1.54,INF,-1,1,7,0
12220,1,1,51.440,-16.184,4.80,-1.51,4.80,-1.51,INF,-1,1,7,0
12240,1,1,53.337,-17.607,4.97,-1.64,4.97,-1.65,INF,-1,1,7,0
12260,1,1,52.315,-15.420,4.88,-1.44,4.88,-1.44,INF,-1,1,7,0
12280,1,1,53.573,-13.201,4.99,-1.23,4.99,-1.23,INF,-1,0,7,0
12300,1,1,50.448,-15.908,4.70,-1.48,4.70,-1.49,INF,-1,0,7,0
12320,1,1,48.752,-16.936,4.55,-1.58,4.55,-1.58,INF,-1,0,7,0
12340,1,1,49.810,-12.963,4.65,-1.21,4.64,-1.21,INF,-1,0,7,0
12360,1,1,54.097,-17.053,5.04,-1.59,5.04,-1.59,INF,-1,0,7,0
12380,1,1,52.390,-15.476,4.88,-1.44,4.88,-1.45,INF,-1,0,7,0
12400,1,1,51.814,-15.828,4.83,-1.47,4.83,-1.48,INF,-1,0,7,0
12420,1,1,52.938,-13.845,4.94,-1.29,4.93,-1.29,INF,-1,0,7,0
12440,1,1,58.202,-4.571,5.42,-0.43,5.42,-0.43,INF,-1,0,7,0
12460,1,1,59.637,8.021,5.56,0.75,5.56,0.75,INF,-1,0,7,0
12480,1,1,63.335,10.000,5.90,0.93,5.90,0.93,INF,-1,0,7,0
12500,1,1,64.418,8.166,6.00,0.76,6.00,0.76,INF,-1,0,7,0
12520,1,1,66.091,7.375,6.15,0.69,6.15,0.69,INF,-1,0,7,0
12540,1,1,64.881,7.655,6.04,0.71,6.04,0.72,INF,-1,0,7,0
12560,1,1,64.599,7.781,6.02,0.72,6.02,0.73,INF,-1,0,7,0
12580,1,1,65.622,8.119,6.11,0.75,6.11,0.76,INF,-1,0,7,0
12600,1,1,64.219,9.158,5.98,0.85,5.98,0.86,INF,-1,0,7,0
12620,1,1,65.344,7.880,6.08,0.73,6.08,0.74,INF,-1,1,7,0
12640,1,1,61.656,10.394,5.74,0.97,5.74,0.97,INF,-1,1,7,0
12660,1,1,52.176,18.724,4.87,1.74,4.86,1.75,INF,-1,1,7,0
12680,1,1,50.617,20.457,4.72,1.90,4.72,1.91,INF,-1,0,7,0
12700,1,1,52.133,19.284,4.86,1.80,4.86,1.80,INF,-1,0,7,0
12720,1,1,45.292,20.608,4.23,1.92,4.22,1.93,INF,-1,0,7,0
12740,1,1,49.850,19.760,4.65,1.84,4.65,1.85,INF,-1,0,7,0
12760,1,1,48.799,18.837,4.55,1.75,4.55,1.76,INF,-1,0,7,0
12780,1,1,48.786,18.079,4.55,1.68,4.55,1.69,INF,-1,0,7,0
12800,1,1,51.366,18.503,4.79,1.72,4.79,1.73,INF,-1,0,7,0
12820,1,1,48.207,17.592,4.50,1.64,4.49,1.64,INF,-1,0,7,0
12840,1,1,48.853,18.110,4.56,1.69,4.55,1.69,INF,-1,0,7,0
12860,1,1,48.497,18.873,4.52,1.76,4.52,1.76,INF,-1,0,7,0
12880,1,1,47.689,17.000,4.45,1.58,4.45,1.59,INF,-1,0,7,0
12900,1,1,48.870,19.531,4.56,1.82,4.56,1.82,INF,-1,0,7,0
12920,1,1,52.127,20.242,4.86,1.88,4.86,1.89,INF,-1,0,7,0
12940,1,1,48.378,20.367,4.51,1.90,4.51,1.90,INF,-1,1,7,0
12960,1,1,46.050,26.894,4.30,2.51,4.29,2.51,INF,-1,1,7,0
12980,1,1,44.600,27.250,4.16,2.54,4.16,2.55,INF,-1,1,7,0
13000,1,1,45.860,27.229,4.28,2.54,4.27,2.54,INF,-1,1,7,0
13020,1,1,43.687,25.724,4.08,2.40,4.07,2.40,INF,-1,1,7,0
13040,1,1,47.879,27.519,4.47,2.56,4.46,2.57,INF,-1,1,7,0
13060,1,1,49.011,25.174,4.57,2.34,4.57,2.35,INF,-1,1,7,0
13080,1,1,47.562,24.737,4.44,2.30,4.43,2.31,INF,-1,1,7,0
13100,1,1,46.614,27.859,4.35,2.59,4.34,2.60,INF,-1,1,7,0
13120,1,1,47.543,26.951,4.43,2.51,4.43,2.52,INF,-1,1,7,0
13140,1,1,48.425,29.758,4.52,2.77,4.51,2.78,INF,-1,1,7,0
13160,1,1,43.856,25.083,4.09,2.34,4.09,2.34,INF,-1,1,7,0
13180,1,1,38.801,15.450,3.62,1.44,3.62,1.44,INF,-1,1,7,0
13200,1,1,39.228,17.146,3.66,1.60,3.66,1.60,INF,-1,1,7,0
13220,1,1,37.695,19.128,3.52,1.78,3.52,1.79,INF,-1,0,7,0
13240,1,1,40.561,18.643,3.79,1.74,3.78,1.74,INF,-1,0,7,0
13260,1,1,38.818,16.381,3.62,1.53,3.62,1.53,INF,-1,0,7,0
13280,1,1,33.416,15.917,3.12,1.49,3.12,1.49,INF,-1,0,7,0
13300,1,1,38.754,17.320,3.62,1.62,3.62,1.62,INF,-1,0,7,0
13320,1,1,40.331,16.519,3.76,1.54,3.76,1.54,INF,-1,0,7,0
13340,1,1,39.846,16.380,3.72,1.53,3.72,1.53,INF,-1,0,7,0
13360,1,1,37.060,18.497,3.46,1.73,3.46,1.73,INF,-1,0,7,0
13380,1,1,35.762,16.708,3.34,1.56,3.34,1.56,INF,-1,0,7,0
13400,1,1,36.060,16.155,3.37,1.51,3.37,1.51,INF,-1,0,7,0
13420,1,1,36.880,19.194,3.44,1.79,3.44,1.79,INF,-1,0,7,0
13440,1,1,34.729,18.225,3.24,1.70,3.24,1.70,INF,-1,0,7,0
13460,1,1,36.667,18.752,3.42,1.75,3.42,1.75,INF,-1,1,7,0
13480,1,1,37.913,17.817,3.54,1.66,3.54,1.66,INF,-1,1,7,0
13500,1,1,35.449,17.479,3.31,1.63,3.31,1.63,INF,-1,1,7,0
13520,1,1,36.734,17.863,3.43,1.67,3.43,1.67,INF,-1,1,7,0
13540,1,1,39.608,19.036,3.70,1.78,3.70,1.78,INF,-1,1,7,0
13560,1,1,37.849,20.573,3.53,1.92,3.53,1.92,INF,-1,1,7,0
13580,1,1,36.275,18.986,3.39,1.77,3.39,1.77,INF,-1,1,7,0
13600,1,1,38.109,17.675,3.56,1.65,3.56,1.65,INF,-1,1,7,0
13620,1,1,37.711,17.041,3.52,1.59,3.52,1.59,INF,-1,1,7,0
13640,1,1,36.936,18.604,3.45,1.74,3.45,1.74,INF,-1,1,7,0
13660,1,1,45.312,23.431,4.23,2.18,4.22,2.19,INF,-1,1,7,0
13680,1,1,44.522,23.405,4.15,2.18,4.15,2.19,INF,-1,1,7,0
13700,1,1,44.125,23.527,4.12,2.19,4.11,2.20,INF,-1,1,7,0
13720,1,1,42.500,21.644,3.97,2.02,3.96,2.02,INF,-1,1,7,0
13740,1,1,47.577,22.309,4.44,2.08,4.44,2.08,INF,-1,1,7,0
13760,1,1,45.920,21.088,4.28,1.96,4.28,1.97,INF,-1,1,7,0
13780,1,1,44.621,21.977,4.16,2.05,4.16,2.05,INF,-1,1,7,0
13800,1,1,44.993,21.007,4.20,1.96,4.20,1.96,INF,-1,1,7,0
13820,1,1,45.674,23.102,4.26,2.15,4.26,2.16,INF,-1,1,7,0
13840,1,1,43.964,22.468,4.10,2.09,4.10,2.10,INF,-1,1,7,0
13860,1,1,44.731,21.125,4.17,1.97,4.17,1.97,INF,-1,1,7,0
13880,1,1,43.153,21.451,4.03,2.00,4.02,2.00,INF,-1,1,7,0
13900,1,1,44.530,22.628,4.15,2.11,4.15,2.11,INF,-1,1,7,0
13920,1,1,40.544,19.056,3.78,1.78,3.78,1.78,INF,-1,1,7,0
13940,1,1,38.916,20.343,3.63,1.90,3.63,1.90,INF,-1,1,7,0
13960,1,1,37.334,19.364,3.49,1.81,3.48,1.81,INF,-1,1,7,0
13980,1,1,37.625,19.327,3.51,1.80,3.51,1.81,INF,-1,1,7,0
14000,1,1,33.173,20.576,3.10,1.92,3.10,1.92,INF,-1,1,7,0
14020,1,1,38.021,20.434,3.55,1.91,3.55,1.91,INF,-1,1,7,0
14040,1,1,34.907,20.071,3.26,1.87,3.26,1.88,INF,-1,1,7,0
14060,1,1,36.252,20.532,3.38,1.92,3.38,1.92,INF,-1,1,7,0
14080,1,1,36.035,19.646,3.36,1.83,3.36,1.84,INF,-1,1,7,0
14100,1,1,34.564,18.112,3.23,1.69,3.23,1.69,INF,-1,1,7,0
14120,1,1,34.110,19.015,3.18,1.77,3.18,1.78,INF,-1,1,7,0
14140,1,1,36.268,20.710,3.39,1.93,3.38,1.94,INF,-1,1,7,0
14160,1,1,38.207,19.170,3.57,1.79,3.56,1.79,INF,-1,1,7,0
14180,1,1,35.363,21.944,3.30,2.05,3.30,2.05,INF,-1,1,7,0
14200,1,1,36.651,18.956,3.42,1.77,3.42,1.77,INF,-1,1,7,0
14220,1,1,35.385,20.113,3.30,1.88,3.30,1.88,INF,-1,1,7,0
14240,1,1,35.184,19.062,3.28,1.78,3.28,1.78,INF,-1,1,7,0
14260,1,1,34.538,17.884,3.22,1.67,3.22,1.67,INF,-1,1,7,0
14280,1,1,35.823,19.451,3.34,1.81,3.34,1.82,INF,-1,1,7,0
14300,1,1,33.503,18.805,3.13,1.75,3.13,1.76,INF,-1,1,7,0
14320,1,1,37.244,17.646,3.48,1.65,3.48,1.65,INF,-1,1,7,0
14340,1,1,34.657,18.703,3.24,1.74,3.23,1.75,INF,-1,1,7,0
14360,1,1,32.232,17.550,3.01,1.64,3.01,1.64,INF,-1,1,7,0
14380,1,1,31.186,17.815,2.91,1.66,2.91,1.66,INF,-1,1,7,0
14400,1,1,33.570,18.247,3.13,1.70,3.13,1.71,INF,-1,1,7,0
14420,1,1,30.726,16.164,2.87,1.51,2.87,1.51,INF,-1,1,7,0
14440,1,1,33.169,17.046,3.10,1.59,3.10,1.59,INF,-1,1,7,0
14460,1,1,33.315,17.746,3.11,1.66,3.11,1.66,INF,-1,1,7,0
14480,1,1,31.176,16.311,2.91,1.52,2.91,1.52,INF,-1,1,7,0
14500,1,1,33.306,16.240,3.11,1.52,3.11,1.52,INF,-1,1,7,0
14520,1,1,30.835,16.016,2.88,1.49,2.88,1.50,INF,-1,1,7,0
14540,1,1,31.908,16.275,2.98,1.52,2.98,1.52,INF,-1,1,7,0
14560,1,1,37.946,21.182,3.54,1.98,3.54,1.98,INF,-1,1,7,0
14580,1,1,35.230,21.434,3.29,2.00,3.29,2.00,INF,-1,1,7,0
14600,1,1,36.967,18.418,3.45,1.72,3.45,1.72,INF,-1,1,7,0
14620,1,1,33.683,21.222,3.15,1.98,3.14,1.98,INF,-1,1,7,0
14640,1,1,35.713,19.871,3.33,1.85,3.33,1.86,INF,-1,1,7,0
14660,1,1,34.838,20.307,3.25,1.89,3.25,1.90,INF,-1,1,7,0
14680,1,1,34.996,19.302,3.27,1.80,3.27,1.80,INF,-1,1,7,0
14700,1,1,36.200,19.757,3.38,1.84,3.38,1.85,INF,-1,1,7,0
14720,1,1,35.607,20.938,3.32,1.95,3.32,1.96,INF,-1,1,7,0
14740,1,1,35.367,19.917,3.30,1.86,3.30,1.86,INF,-1,1,7,0
14760,1,1,35.785,20.367,3.34,1.90,3.34,1.90,INF,-1,1,7,0
14780,1,1,35.167,18.611,3.28,1.74,3.28,1.74,INF,-1,1,7,0
14800,1,1,32.592,20.338,3.04,1.90,3.04,1.90,INF,-1,1,7,0
14820,1,1,32.323,19.496,3.02,1.82,3.02,1.82,INF,-1,1,7,0
14840,1,1,32.023,18.334,2.99,1.71,2.99,1.71,INF,-1,1,7,0
14860,1,1,27.082,20.580,2.53,1.92,2.53,1.92,INF,-1,1,7,0
14880,1,1,27.827,21.164,2.60,1.98,2.60,1.98,INF,-1,1,7,0
14900,1,1,29.734,20.486,2.78,1.91,2.78,1.91,INF,-1,1,7,0
14920,1,1,25.218,20.381,2.36,1.90,2.35,1.90,INF,-1,1,7,0
14940,1,1,27.325,19.035,2.55,1.78,2.55,1.78,INF,-1,1,7,0
14960,1,1,25.759,21.430,2.41,2.00,2.40,2.00,INF,-1,0,7,0
14980,1,1,24.675,17.882,2.31,1.67,2.30,1.67,INF,-1,0,7,0
15000,1,1,26.061,20.712,2.43,1.93,2.43,1.94,INF,-1,0,7,0
