"EyeTracker Toolbox version","3.250"
CalibrationParameters_A11,1.06845
CalibrationParameters_A12,0.08160
CalibrationParameters_A13,-0.01719
CalibrationParameters_A21,0.05496
CalibrationParameters_A22,-1.10441
CalibrationParameters_A23,0.02628
CalibrationParameters_A31,-0.00005
CalibrationParameters_A32,-0.00098
CalibrationParameters_E11,-0.17986
CalibrationParameters_E12,-0.00007
CalibrationParameters_E21,-0.00005
CalibrationParameters_E22,0.20021
CalibrationParameters_X,-22.16349
CalibrationParameters_Y,-34.31419
CalibrationParameters_Rpc,86.15051
CalibrationParameters_MeanX,139.63568
CalibrationParameters_MeanY,131.71303
CalibrationParameters_ViewDist,613.00000
TimeStamp,Tracked,Calibrated,ScreenPositionXmm,ScreenPositionYmm,FicksLongitude,FicksLatitude,HelmholtzAzimuth,HelmholtzElevation,PupilDiameter,Region,Fixation,DigitalIO,Dropped
0,0,1,0.000,0.000,0.00,0.00,0.00,0.00,0.00,-1,0,7,0
20,1,1,-27.341,-16.039,-2.55,-1.50,-2.55,-1.50,INF,-1,0,7,0
40,1,1,-26.295,-14.927,-2.46,-1.39,-2.46,-1.39,INF,-1,0,7,0
60,1,1,-24.281,-16.871,-2.27,-1.58,-2.27,-1.58,INF,-1,0,7,0
80,1,1,-25.189,-15.240,-2.35,-1.42,-2.35,-1.42,INF,-1,0,7,0
100,1,1,-24.853,-15.671,-2.32,-1.46,-2.32,-1.46,INF,-1,0,7,0
120,1,1,-24.884,-14.728,-2.32,-1.38,-2.32,-1.38,INF,-1,0,7,0
140,1,1,-25.346,-15.458,-2.37,-1.44,-2.37,-1.44,INF,-1,0,7,0
160,1,1,-27.391,-15.058,-2.56,-1.41,-2.56,-1.41,INF,-1,0,7,0
180,1,1,-25.026,-15.913,-2.34,-1.49,-2.34,-1.49,INF,-1,0,7,0
200,1,1,-25.526,-17.038,-2.38,-1.59,-2.38,-1.59,INF,-1,0,7,0
220,1,1,-25.041,-17.264,-2.34,-1.61,-2.34,-1.61,INF,-1,0,7,0
240,1,1,-25.877,-16.346,-2.42,-1.53,-2.42,-1.53,INF,-1,0,7,0
260,1,1,-25.129,-17.355,-2.35,-1.62,-2.35,-1.62,INF,-1,0,7,0
280,1,1,-18.566,-9.494,-1.73,-0.89,-1.73,-0.89,INF,-1,0,7,0
300,1,1,7.934,16.192,0.74,1.51,0.74,1.51,INF,-1,1,7,0
320,1,1,9.364,11.784,0.88,1.10,0.87,1.10,INF,-1,1,7,0
340,1,1,11.760,11.764,1.10,1.10,1.10,1.10,INF,-1,0,7,0
360,1,1,10.274,11.656,0.96,1.09,0.96,1.09,INF,-1,0,7,0
380,1,1,10.489,12.410,0.98,1.16,0.98,1.16,INF,-1,0,7,0
400,1,1,10.544,12.032,0.99,1.12,0.99,1.12,INF,-1,0,7,0
420,1,1,11.548,13.529,1.08,1.26,1.08,1.26,INF,-1,0,7,0
440,1,1,11.809,12.684,1.10,1.19,1.10,1.19,INF,-1,0,7,0
460,1,1,11.478,13.398,1.07,1.25,1.07,1.25,INF,-1,0,7,0
480,1,1,11.539,15.301,1.08,1.43,1.08,1.43,INF,-1,0,7,0
500,1,1,12.717,14.858,1.19,1.39,1.19,1.39,INF,-1,0,7,0
520,1,1,12.535,14.764,1.17,1.38,1.17,1.38,INF,-1,0,7,0
540,1,1,12.069,20.919,1.13,1.95,1.13,1.95,INF,-1,0,7,0
560,1,1,11.765,21.294,1.10,1.99,1.10,1.99,INF,-1,0,7,0
580,1,1,11.862,19.928,1.11,1.86,1.11,1.86,INF,-1,1,7,0
600,1,1,11.846,20.120,1.11,1.88,1.11,1.88,INF,-1,1,7,0
620,1,1,13.581,20.685,1.27,1.93,1.27,1.93,INF,-1,1,7,0
640,1,1,13.627,19.974,1.27,1.87,1.27,1.87,INF,-1,1,7,0
660,1,1,13.914,20.572,1.30,1.92,1.30,1.92,INF,-1,1,7,0
680,1,1,12.959,20.871,1.21,1.95,1.21,1.95,INF,-1,1,7,0
700,1,1,16.555,18.885,1.55,1.76,1.55,1.76,INF,-1,1,7,0
720,1,1,15.763,19.068,1.47,1.78,1.47,1.78,INF,-1,1,7,0
740,1,1,13.533,21.387,1.26,2.00,1.26,2.00,INF,-1,1,7,0
760,1,1,15.334,19.664,1.43,1.84,1.43,1.84,INF,-1,1,7,0
780,1,1,15.899,21.726,1.49,2.03,1.48,2.03,INF,-1,1,7,0
800,1,1,15.426,20.896,1.44,1.95,1.44,1.95,INF,-1,1,7,0
820,1,1,14.304,20.681,1.34,1.93,1.34,1.93,INF,-1,1,7,0
840,1,1,13.377,22.530,1.25,2.10,1.25,2.10,INF,-1,1,7,0
860,1,1,13.033,21.338,1.22,1.99,1.22,1.99,INF,-1,1,7,0
880,1,1,15.512,21.025,1.45,1.96,1.45,1.96,INF,-1,1,7,0
900,1,1,15.287,21.125,1.43,1.97,1.43,1.97,INF,-1,1,7,0
920,1,1,14.844,20.994,1.39,1.96,1.39,1.96,INF,-1,1,7,0
940,1,1,16.102,20.792,1.50,1.94,1.50,1.94,INF,-1,1,7,0
960,1,1,15.466,20.305,1.45,1.90,1.44,1.90,INF,-1,1,7,0
980,1,1,14.330,21.279,1.34,1.99,1.34,1.99,INF,-1,1,7,0
1000,1,1,14.442,20.562,1.35,1.92,1.35,1.92,INF,-1,1,7,0
1020,1,1,14.766,20.187,1.38,1.89,1.38,1.89,INF,-1,1,7,0
1040,1,1,15.159,21.310,1.42,1.99,1.42,1.99,INF,-1,1,7,0
1060,1,1,15.433,22.201,1.44,2.07,1.44,2.07,INF,-1,1,7,0
1080,1,1,13.592,21.603,1.27,2.02,1.27,2.02,INF,-1,1,7,0
1100,1,1,13.827,21.542,1.29,2.01,1.29,2.01,INF,-1,1,7,0
1120,1,1,18.412,20.075,1.72,1.87,1.72,1.88,INF,-1,1,7,0
1140,1,1,16.322,21.467,1.53,2.00,1.52,2.01,INF,-1,1,7,0
1160,1,1,15.968,21.779,1.49,2.03,1.49,2.03,INF,-1,1,7,0
1180,1,1,15.468,20.545,1.45,1.92,1.44,1.92,INF,-1,1,7,0
1200,1,1,16.407,20.605,1.53,1.92,1.53,1.93,INF,-1,1,7,0
1220,1,1,14.689,21.603,1.37,2.02,1.37,2.02,INF,-1,1,7,0
1240,1,1,17.458,19.767,1.63,1.85,1.63,1.85,INF,-1,1,7,0
1260,1,1,17.130,21.662,1.60,2.02,1.60,2.02,INF,-1,1,7,0
1280,1,1,15.942,20.933,1.49,1.96,1.49,1.96,INF,-1,1,7,0
1300,1,1,16.097,21.433,1.50,2.00,1.50,2.00,INF,-1,1,7,0
1320,1,1,22.457,18.338,2.10,1.71,2.10,1.71,INF,-1,1,7,0
1340,1,1,37.413,15.346,3.49,1.43,3.49,1.43,INF,-1,1,7,0
1360,1,1,36.007,17.650,3.36,1.65,3.36,1.65,INF,-1,0,7,0
1380,1,1,35.706,16.092,3.33,1.50,3.33,1.50,INF,-1,0,7,0
1400,1,1,36.659,16.643,3.42,1.55,3.42,1.56,INF,-1,0,7,0
1420,1,1,35.044,16.914,3.27,1.58,3.27,1.58,INF,-1,0,7,0
1440,1,1,35.938,16.144,3.36,1.51,3.35,1.51,INF,-1,0,7,0
1460,1,1,36.831,16.221,3.44,1.51,3.44,1.52,INF,-1,0,7,0
1480,1,1,35.158,17.562,3.28,1.64,3.28,1.64,INF,-1,0,7,0
1500,1,1,36.146,16.625,3.37,1.55,3.37,1.55,INF,-1,0,7,0
1520,1,1,36.711,16.198,3.43,1.51,3.43,1.51,INF,-1,0,7,0
1540,1,1,23.953,18.651,2.24,1.74,2.24,1.74,INF,-1,0,7,0
1560,1,1,18.349,18.463,1.71,1.72,1.71,1.73,INF,-1,0,7,0
1580,1,1,19.058,19.823,1.78,1.85,1.78,1.85,INF,-1,0,7,0
1600,1,1,17.790,19.814,1.66,1.85,1.66,1.85,INF,-1,0,7,0
1620,1,1,18.087,19.308,1.69,1.80,1.69,1.80,INF,-1,0,7,0
1640,1,1,18.514,18.660,1.73,1.74,1.73,1.74,INF,-1,0,7,0
1660,1,1,18.991,18.382,1.77,1.72,1.77,1.72,INF,-1,1,7,0
1680,1,1,19.767,19.221,1.85,1.80,1.85,1.80,INF,-1,1,7,0
1700,1,1,18.399,18.213,1.72,1.70,1.72,1.70,INF,-1,1,7,0
1720,1,1,18.825,18.618,1.76,1.74,1.76,1.74,INF,-1,1,7,0
1740,1,1,17.417,19.679,1.63,1.84,1.63,1.84,INF,-1,1,7,0
1760,1,1,20.236,18.265,1.89,1.71,1.89,1.71,INF,-1,1,7,0
1780,1,1,18.599,18.185,1.74,1.70,1.74,1.70,INF,-1,1,7,0
1800,1,1,19.328,19.178,1.81,1.79,1.81,1.79,INF,-1,1,7,0
1820,1,1,19.035,19.614,1.78,1.83,1.78,1.83,INF,-1,1,7,0
1840,1,1,20.401,18.261,1.91,1.71,1.91,1.71,INF,-1,1,7,0
1860,1,1,18.493,18.354,1.73,1.71,1.73,1.71,INF,-1,1,7,0
1880,1,1,20.832,17.237,1.95,1.61,1.95,1.61,INF,-1,1,7,0
1900,1,1,18.448,18.613,1.72,1.74,1.72,1.74,INF,-1,1,7,0
1920,1,1,18.057,17.712,1.69,1.65,1.69,1.66,INF,-1,1,7,0
1940,1,1,17.758,17.581,1.66,1.64,1.66,1.64,INF,-1,1,7,0
1960,1,1,17.039,19.158,1.59,1.79,1.59,1.79,INF,-1,0,7,0
1980,1,1,18.237,17.451,1.70,1.63,1.70,1.63,INF,-1,0,7,0
2000,1,1,19.316,17.781,1.80,1.66,1.80,1.66,INF,-1,0,7,0
2020,1,1,20.036,18.496,1.87,1.73,1.87,1.73,INF,-1,0,7,0
2040,1,1,19.148,17.767,1.79,1.66,1.79,1.66,INF,-1,0,7,0
2060,1,1,19.347,19.508,1.81,1.82,1.81,1.82,INF,-1,0,7,0
2080,1,1,18.437,18.912,1.72,1.77,1.72,1.77,INF,-1,0,7,0
2100,1,1,19.690,18.796,1.84,1.76,1.84,1.76,INF,-1,0,7,0
2120,1,1,18.121,19.604,1.69,1.83,1.69,1.83,INF,-1,0,7,0
2140,1,1,18.433,18.641,1.72,1.74,1.72,1.74,INF,-1,0,7,0
2160,1,1,8.049,18.631,0.75,1.74,0.75,1.74,INF,-1,0,7,0
2180,1,1,8.473,18.593,0.79,1.74,0.79,1.74,INF,-1,0,7,0
2200,1,1,7.962,18.159,0.74,1.70,0.74,1.70,INF,-1,1,7,0
2220,1,1,9.472,18.090,0.89,1.69,0.88,1.69,INF,-1,1,7,0
2240,1,1,8.637,19.007,0.81,1.78,0.81,1.78,INF,-1,1,7,0
2260,1,1,8.634,19.231,0.81,1.80,0.81,1.80,INF,-1,1,7,0
2280,1,1,7.761,19.948,0.73,1.86,0.72,1.86,INF,-1,1,7,0
2300,1,1,8.385,19.215,0.78,1.80,0.78,1.80,INF,-1,1,7,0
2320,1,1,7.605,21.514,0.71,2.01,0.71,2.01,INF,-1,1,7,0
2340,1,1,7.582,19.971,0.71,1.87,0.71,1.87,INF,-1,1,7,0
2360,1,1,8.587,19.910,0.80,1.86,0.80,1.86,INF,-1,1,7,0
2380,1,1,12.403,21.022,1.16,1.96,1.16,1.96,INF,-1,1,7,0
2400,1,1,14.476,19.238,1.35,1.80,1.35,1.80,INF,-1,1,7,0
2420,1,1,14.460,19.740,1.35,1.84,1.35,1.84,INF,-1,1,7,0
2440,1,1,13.861,18.876,1.30,1.76,1.29,1.76,INF,-1,1,7,0
2460,1,1,14.668,19.291,1.37,1.80,1.37,1.80,INF,-1,1,7,0
2480,1,1,12.665,19.983,1.18,1.87,1.18,1.87,INF,-1,1,7,0
2500,0,1,0.000,0.000,0.00,0.00,0.00,0.00,0.00,-1,1,7,0
2520,0,1,0.000,0.000,0.00,0.00,0.00,0.00,0.00,-1,1,7,0
2540,0,1,0.000,0.000,0.00,0.00,0.00,0.00,0.00,-1,1,7,0
2560,0,1,0.000,0.000,0.00,0.00,0.00,0.00,0.00,-1,1,7,0
2580,0,1,0.000,0.000,0.00,0.00,0.00,0.00,0.00,-1,0,7,0
2600,1,1,12.749,20.034,1.19,1.87,1.19,1.87,INF,-1,0,7,0
2620,0,1,0.000,0.000,0.00,0.00,0.00,0.00,0.00,-1,0,7,0
2640,1,1,12.806,20.986,1.20,1.96,1.20,1.96,INF,-1,0,7,0
2660,1,1,12.503,20.758,1.17,1.94,1.17,1.94,INF,-1,0,7,0
2680,1,1,13.535,20.211,1.26,1.89,1.26,1.89,INF,-1,0,7,0
2700,1,1,14.936,17.354,1.40,1.62,1.40,1.62,INF,-1,0,7,0
2720,1,1,13.417,19.591,1.25,1.83,1.25,1.83,INF,-1,0,7,0
2740,1,1,12.483,19.735,1.17,1.84,1.17,1.84,INF,-1,0,7,0
2760,1,1,15.061,20.117,1.41,1.88,1.41,1.88,INF,-1,0,7,0
2780,1,1,12.140,19.764,1.13,1.85,1.13,1.85,INF,-1,0,7,0
2800,1,1,13.311,19.553,1.24,1.83,1.24,1.83,INF,-1,0,7,0
2820,1,1,15.629,18.316,1.46,1.71,1.46,1.71,INF,-1,0,7,0
2840,1,1,14.065,20.824,1.31,1.95,1.31,1.95,INF,-1,0,7,0
2860,1,1,13.188,20.342,1.23,1.90,1.23,1.90,INF,-1,0,7,0
2880,1,1,15.535,17.611,1.45,1.65,1.45,1.65,INF,-1,1,7,0
2900,1,1,15.251,18.591,1.43,1.74,1.42,1.74,INF,-1,1,7,0
2920,1,1,14.243,20.400,1.33,1.91,1.33,1.91,INF,-1,1,7,0
2940,1,1,14.425,20.016,1.35,1.87,1.35,1.87,INF,-1,1,7,0
2960,1,1,13.079,19.808,1.22,1.85,1.22,1.85,INF,-1,1,7,0
2980,1,1,14.150,19.791,1.32,1.85,1.32,1.85,INF,-1,1,7,0
3000,1,1,16.657,19.015,1.56,1.78,1.56,1.78,INF,-1,1,7,0
3020,1,1,17.260,18.310,1.61,1.71,1.61,1.71,INF,-1,1,7,0
3040,1,1,14.973,20.847,1.40,1.95,1.40,1.95,INF,-1,1,7,0
3060,1,1,14.512,20.634,1.36,1.93,1.36,1.93,INF,-1,1,7,0
3080,1,1,15.132,19.242,1.41,1.80,1.41,1.80,INF,-1,1,7,0
3100,1,1,18.704,19.455,1.75,1.82,1.75,1.82,INF,-1,1,7,0
3120,1,1,14.876,20.416,1.39,1.91,1.39,1.91,INF,-1,1,7,0
3140,1,1,17.547,20.008,1.64,1.87,1.64,1.87,INF,-1,1,7,0
3160,1,1,16.375,19.772,1.53,1.85,1.53,1.85,INF,-1,1,7,0
3180,1,1,17.211,21.121,1.61,1.97,1.61,1.97,INF,-1,1,7,0
3200,1,1,14.859,20.468,1.39,1.91,1.39,1.91,INF,-1,1,7,0
3220,1,1,16.057,20.730,1.50,1.94,1.50,1.94,INF,-1,1,7,0
3240,1,1,15.749,19.942,1.47,1.86,1.47,1.86,INF,-1,1,7,0
3260,1,1,15.406,20.304,1.44,1.90,1.44,1.90,INF,-1,1,7,0
3280,1,1,15.584,21.640,1.46,2.02,1.46,2.02,INF,-1,1,7,0
3300,1,1,16.258,20.097,1.52,1.88,1.52,1.88,INF,-1,1,7,0
3320,1,1,16.901,20.412,1.58,1.91,1.58,1.91,INF,-1,1,7,0
3340,1,1,17.613,19.877,1.65,1.86,1.64,1.86,INF,-1,1,7,0
3360,1,1,15.558,20.607,1.45,1.92,1.45,1.93,INF,-1,1,7,0
3380,1,1,14.418,20.618,1.35,1.93,1.35,1.93,INF,-1,1,7,0
3400,1,1,15.320,21.041,1.43,1.97,1.43,1.97,INF,-1,1,7,0
3420,1,1,14.625,19.754,1.37,1.85,1.37,1.85,INF,-1,1,7,0
3440,1,1,16.861,19.945,1.58,1.86,1.57,1.86,INF,-1,1,7,0
3460,1,1,15.510,21.655,1.45,2.02,1.45,2.02,INF,-1,1,7,0
3480,1,1,16.172,20.760,1.51,1.94,1.51,1.94,INF,-1,1,7,0
3500,1,1,15.136,21.448,1.41,2.00,1.41,2.00,INF,-1,1,7,0
3520,1,1,15.648,20.607,1.46,1.92,1.46,1.93,INF,-1,1,7,0
3540,1,1,17.833,20.522,1.67,1.92,1.67,1.92,INF,-1,1,7,0
3560,1,1,15.551,20.836,1.45,1.95,1.45,1.95,INF,-1,1,7,0
3580,1,1,16.948,19.512,1.58,1.82,1.58,1.82,INF,-1,1,7,0
3600,1,1,14.744,21.356,1.38,1.99,1.38,2.00,INF,-1,1,7,0
3620,1,1,15.434,20.465,1.44,1.91,1.44,1.91,INF,-1,1,7,0
3640,1,1,16.012,20.934,1.50,1.96,1.50,1.96,INF,-1,1,7,0
3660,1,1,16.208,20.315,1.51,1.90,1.51,1.90,INF,-1,1,7,0
3680,1,1,16.871,20.041,1.58,1.87,1.58,1.87,INF,-1,1,7,0
3700,1,1,16.649,19.664,1.56,1.84,1.55,1.84,INF,-1,1,7,0
3720,1,1,17.946,20.305,1.68,1.90,1.68,1.90,INF,-1,1,7,0
3740,1,1,14.814,20.498,1.38,1.91,1.38,1.92,INF,-1,1,7,0
3760,1,1,16.029,22.152,1.50,2.07,1.50,2.07,INF,-1,1,7,0
3780,1,1,18.534,17.190,1.73,1.61,1.73,1.61,INF,-1,1,7,0
3800,1,1,15.728,20.871,1.47,1.95,1.47,1.95,INF,-1,1,7,0
3820,1,1,15.081,21.143,1.41,1.97,1.41,1.98,INF,-1,1,7,0
3840,1,1,15.484,21.489,1.45,2.01,1.45,2.01,INF,-1,1,7,0
3860,1,1,16.669,21.202,1.56,1.98,1.56,1.98,INF,-1,1,7,0
3880,1,1,17.385,19.319,1.62,1.80,1.62,1.81,INF,-1,1,7,0
3900,1,1,18.983,20.214,1.77,1.89,1.77,1.89,INF,-1,1,7,0
3920,0,1,0.000,0.000,0.00,0.00,0.00,0.00,0.00,-1,1,7,0
3940,1,1,15.259,21.512,1.43,2.01,1.43,2.01,INF,-1,1,7,0
3960,1,1,16.321,22.202,1.53,2.07,1.52,2.07,INF,-1,1,7,0
3980,1,1,14.477,21.439,1.35,2.00,1.35,2.00,INF,-1,1,7,0
4000,1,1,17.851,21.848,1.67,2.04,1.67,2.04,INF,-1,1,7,0
4020,1,1,21.094,21.523,1.97,2.01,1.97,2.01,INF,-1,1,7,0
4040,1,1,19.708,20.232,1.84,1.89,1.84,1.89,INF,-1,1,7,0
4060,1,1,17.590,21.912,1.64,2.05,1.64,2.05,INF,-1,1,7,0
4080,1,1,18.465,21.293,1.73,1.99,1.72,1.99,INF,-1,1,7,0
4100,1,1,18.110,20.372,1.69,1.90,1.69,1.90,INF,-1,1,7,0
4120,1,1,17.556,23.356,1.64,2.18,1.64,2.18,INF,-1,1,7,0
4140,1,1,16.432,21.941,1.54,2.05,1.53,2.05,INF,-1,1,7,0
4160,1,1,16.126,23.081,1.51,2.16,1.51,2.16,INF,-1,1,7,0
4180,1,1,17.059,22.389,1.59,2.09,1.59,2.09,INF,-1,1,7,0
4200,1,1,18.278,21.421,1.71,2.00,1.71,2.00,INF,-1,1,7,0
4220,1,1,17.727,22.346,1.66,2.09,1.66,2.09,INF,-1,1,7,0
4240,1,1,16.652,23.245,1.56,2.17,1.55,2.17,INF,-1,1,7,0
4260,1,1,16.528,22.968,1.54,2.15,1.54,2.15,INF,-1,1,7,0
4280,1,1,20.211,22.679,1.89,2.12,1.89,2.12,INF,-1,1,7,0
4300,1,1,19.655,23.010,1.84,2.15,1.84,2.15,INF,-1,1,7,0
4320,1,1,17.519,24.770,1.64,2.31,1.64,2.31,INF,-1,1,7,0
4340,1,1,17.555,23.873,1.64,2.23,1.64,2.23,INF,-1,1,7,0
4360,1,1,16.641,22.025,1.56,2.06,1.55,2.06,INF,-1,1,7,0
4380,1,1,16.796,22.996,1.57,2.15,1.57,2.15,INF,-1,1,7,0
4400,1,1,16.396,23.098,1.53,2.16,1.53,2.16,INF,-1,1,7,0
4420,1,1,18.312,21.521,1.71,2.01,1.71,2.01,INF,-1,1,7,0
4440,1,1,16.640,22.364,1.55,2.09,1.55,2.09,INF,-1,1,7,0
4460,1,1,16.062,23.145,1.50,2.16,1.50,2.16,INF,-1,1,7,0
4480,1,1,16.745,21.928,1.56,2.05,1.56,2.05,INF,-1,1,7,0
4500,1,1,17.251,21.770,1.61,2.03,1.61,2.03,INF,-1,1,7,0
4520,1,1,16.595,21.860,1.55,2.04,1.55,2.04,INF,-1,1,7,0
4540,1,1,16.619,22.615,1.55,2.11,1.55,2.11,INF,-1,1,7,0
4560,1,1,16.419,22.506,1.53,2.10,1.53,2.10,INF,-1,1,7,0
4580,1,1,16.985,22.490,1.59,2.10,1.59,2.10,INF,-1,1,7,0
4600,1,1,17.580,21.622,1.64,2.02,1.64,2.02,INF,-1,1,7,0
4620,1,1,19.109,21.557,1.79,2.01,1.78,2.01,INF,-1,1,7,0
4640,1,1,17.323,21.658,1.62,2.02,1.62,2.02,INF,-1,1,7,0
4660,1,1,16.453,21.714,1.54,2.03,1.54,2.03,INF,-1,1,7,0
4680,1,1,16.329,20.525,1.53,1.92,1.52,1.92,INF,-1,1,7,0
4700,1,1,16.339,20.703,1.53,1.93,1.53,1.93,INF,-1,1,7,0
4720,0,1,0.000,0.000,0.00,0.00,0.00,0.00,0.00,-1,1,7,0
4740,1,1,16.641,20.991,1.55,1.96,1.55,1.96,INF,-1,1,7,0
4760,1,1,16.102,21.357,1.50,1.99,1.50,2.00,INF,-1,1,7,0
4780,1,1,17.123,21.019,1.60,1.96,1.60,1.96,INF,-1,1,7,0
4800,1,1,18.701,19.624,1.75,1.83,1.75,1.83,INF,-1,1,7,0
4820,1,1,16.659,21.179,1.56,1.98,1.56,1.98,INF,-1,1,7,0
4840,1,1,19.513,18.204,1.82,1.70,1.82,1.70,INF,-1,1,7,0
4860,1,1,29.939,17.017,2.80,1.59,2.80,1.59,INF,-1,1,7,0
4880,1,1,30.795,18.069,2.88,1.69,2.87,1.69,INF,-1,1,7,0
4900,1,1,30.028,17.268,2.80,1.61,2.80,1.61,INF,-1,0,7,0
4920,1,1,28.845,17.013,2.69,1.59,2.69,1.59,INF,-1,0,7,0
4940,1,1,30.443,16.741,2.84,1.56,2.84,1.56,INF,-1,0,7,0
4960,1,1,29.110,17.367,2.72,1.62,2.72,1.62,INF,-1,0,7,0
4980,1,1,28.590,17.855,2.67,1.67,2.67,1.67,INF,-1,0,7,0
5000,1,1,28.827,16.112,2.69,1.50,2.69,1.51,INF,-1,0,7,0
5020,1,1,30.446,17.519,2.84,1.63,2.84,1.64,INF,-1,0,7,0
5040,1,1,30.440,16.864,2.84,1.57,2.84,1.58,INF,-1,0,7,0
5060,1,1,29.004,17.814,2.71,1.66,2.71,1.66,INF,-1,0,7,0
5080,1,1,30.667,15.565,2.86,1.45,2.86,1.45,INF,-1,0,7,0
5100,1,1,28.864,17.084,2.70,1.59,2.69,1.60,INF,-1,0,7,0
5120,1,1,29.319,16.744,2.74,1.56,2.74,1.56,INF,-1,0,7,0
5140,1,1,30.805,15.842,2.88,1.48,2.88,1.48,INF,-1,1,7,0
5160,1,1,29.865,16.829,2.79,1.57,2.79,1.57,INF,-1,1,7,0
5180,1,1,31.015,15.895,2.90,1.48,2.90,1.49,INF,-1,1,7,0
5200,1,1,30.512,15.903,2.85,1.48,2.85,1.49,INF,-1,1,7,0
5220,1,1,20.647,17.023,1.93,1.59,1.93,1.59,INF,-1,1,7,0
5240,1,1,16.945,17.227,1.58,1.61,1.58,1.61,INF,-1,1,7,0
5260,1,1,17.893,18.214,1.67,1.70,1.67,1.70,INF,-1,1,7,0
5280,1,1,18.639,17.101,1.74,1.60,1.74,1.60,INF,-1,0,7,0
5300,1,1,16.502,19.331,1.54,1.81,1.54,1.81,INF,-1,0,7,0
5320,1,1,18.481,17.232,1.73,1.61,1.73,1.61,INF,-1,0,7,0
5340,1,1,17.700,17.556,1.65,1.64,1.65,1.64,INF,-1,0,7,0
5360,1,1,19.846,14.977,1.85,1.40,1.85,1.40,INF,-1,0,7,0
5380,1,1,17.214,16.208,1.61,1.51,1.61,1.51,INF,-1,0,7,0
5400,1,1,18.196,16.055,1.70,1.50,1.70,1.50,INF,-1,0,7,0
5420,1,1,18.450,17.953,1.72,1.68,1.72,1.68,INF,-1,0,7,0
5440,1,1,18.377,17.174,1.72,1.60,1.72,1.60,INF,-1,0,7,0
5460,1,1,16.510,17.248,1.54,1.61,1.54,1.61,INF,-1,0,7,0
5480,1,1,16.654,16.656,1.56,1.56,1.56,1.56,INF,-1,0,7,0
5500,1,1,16.113,16.540,1.51,1.55,1.51,1.55,INF,-1,0,7,0
5520,1,1,17.908,17.458,1.67,1.63,1.67,1.63,INF,-1,1,7,0
5540,1,1,17.851,16.839,1.67,1.57,1.67,1.57,INF,-1,1,7,0
5560,1,1,19.326,17.562,1.81,1.64,1.81,1.64,INF,-1,1,7,0
5580,1,1,18.385,17.515,1.72,1.64,1.72,1.64,INF,-1,1,7,0
5600,1,1,16.789,16.856,1.57,1.57,1.57,1.58,INF,-1,1,7,0
5620,1,1,17.601,16.038,1.64,1.50,1.64,1.50,INF,-1,1,7,0
5640,1,1,17.296,16.102,1.62,1.50,1.62,1.50,INF,-1,1,7,0
5660,1,1,17.735,17.798,1.66,1.66,1.66,1.66,INF,-1,1,7,0
5680,1,1,16.493,16.381,1.54,1.53,1.54,1.53,INF,-1,1,7,0
5700,1,1,16.388,15.356,1.53,1.43,1.53,1.44,INF,-1,1,7,0
5720,1,1,16.039,14.720,1.50,1.38,1.50,1.38,INF,-1,1,7,0
5740,1,1,16.919,16.020,1.58,1.50,1.58,1.50,INF,-1,1,7,0
5760,1,1,13.813,17.423,1.29,1.63,1.29,1.63,INF,-1,1,7,0
5780,1,1,11.519,19.795,1.08,1.85,1.08,1.85,INF,-1,1,7,0
5800,1,1,12.625,18.213,1.18,1.70,1.18,1.70,INF,-1,1,7,0
5820,1,1,13.480,16.942,1.26,1.58,1.26,1.58,INF,-1,1,7,0
5840,1,1,11.982,17.715,1.12,1.66,1.12,1.66,INF,-1,1,7,0
5860,1,1,13.314,18.749,1.24,1.75,1.24,1.75,INF,-1,1,7,0
5880,1,1,12.229,17.783,1.14,1.66,1.14,1.66,INF,-1,1,7,0
5900,1,1,12.027,19.120,1.12,1.79,1.12,1.79,INF,-1,1,7,0
5920,1,1,12.922,19.041,1.21,1.78,1.21,1.78,INF,-1,1,7,0
5940,0,1,0.000,0.000,0.00,0.00,0.00,0.00,0.00,-1,1,7,0
5960,1,1,14.451,17.153,1.35,1.60,1.35,1.60,INF,-1,1,7,0
5980,1,1,12.618,17.725,1.18,1.66,1.18,1.66,INF,-1,1,7,0
6000,1,1,14.575,18.859,1.36,1.76,1.36,1.76,INF,-1,1,7,0
6020,1,1,11.396,18.346,1.07,1.71,1.06,1.71,INF,-1,1,7,0
6040,1,1,11.632,17.237,1.09,1.61,1.09,1.61,INF,-1,1,7,0
6060,1,1,13.218,18.191,1.24,1.70,1.23,1.70,INF,-1,1,7,0
6080,1,1,12.733,17.728,1.19,1.66,1.19,1.66,INF,-1,1,7,0
6100,1,1,11.197,18.461,1.05,1.72,1.05,1.72,INF,-1,1,7,0
6120,1,1,10.882,17.897,1.02,1.67,1.02,1.67,INF,-1,1,7,0
6140,1,1,11.357,18.047,1.06,1.69,1.06,1.69,INF,-1,1,7,0
6160,1,1,12.571,17.710,1.17,1.65,1.17,1.65,INF,-1,1,7,0
6180,1,1,11.676,17.402,1.09,1.63,1.09,1.63,INF,-1,1,7,0
6200,1,1,12.064,18.380,1.13,1.72,1.13,1.72,INF,-1,1,7,0
6220,1,1,15.537,18.286,1.45,1.71,1.45,1.71,INF,-1,1,7,0
6240,1,1,11.789,17.700,1.10,1.65,1.10,1.65,INF,-1,1,7,0
6260,1,1,14.996,18.872,1.40,1.76,1.40,1.76,INF,-1,1,7,0
6280,1,1,13.256,18.984,1.24,1.77,1.24,1.77,INF,-1,1,7,0
6300,1,1,13.659,17.266,1.28,1.61,1.28,1.61,INF,-1,1,7,0
6320,1,1,14.463,18.265,1.35,1.71,1.35,1.71,INF,-1,1,7,0
6340,1,1,13.726,20.271,1.28,1.89,1.28,1.89,INF,-1,1,7,0
6360,1,1,14.435,19.431,1.35,1.82,1.35,1.82,INF,-1,1,7,0
6380,1,1,16.958,17.959,1.58,1.68,1.58,1.68,INF,-1,1,7,0
6400,1,1,13.861,19.333,1.30,1.81,1.29,1.81,INF,-1,1,7,0
6420,1,1,17.086,19.179,1.60,1.79,1.60,1.79,INF,-1,1,7,0
6440,1,1,14.707,21.961,1.37,2.05,1.37,2.05,INF,-1,1,7,0
6460,1,1,17.434,20.867,1.63,1.95,1.63,1.95,INF,-1,1,7,0
6480,1,1,16.089,19.847,1.50,1.85,1.50,1.85,INF,-1,1,7,0
6500,1,1,15.722,19.280,1.47,1.80,1.47,1.80,INF,-1,1,7,0
6520,1,1,15.581,21.195,1.46,1.98,1.46,1.98,INF,-1,1,7,0
6540,1,1,15.257,19.402,1.43,1.81,1.43,1.81,INF,-1,1,7,0
6560,1,1,15.142,18.663,1.41,1.74,1.41,1.74,INF,-1,1,7,0
6580,1,1,14.921,19.400,1.39,1.81,1.39,1.81,INF,-1,1,7,0
6600,1,1,17.280,20.183,1.61,1.89,1.61,1.89,INF,-1,1,7,0
6620,1,1,18.795,18.947,1.76,1.77,1.76,1.77,INF,-1,1,7,0
6640,1,1,17.056,19.799,1.59,1.85,1.59,1.85,INF,-1,1,7,0
6660,1,1,16.044,19.891,1.50,1.86,1.50,1.86,INF,-1,1,7,0
6680,1,1,14.769,20.311,1.38,1.90,1.38,1.90,INF,-1,1,7,0
6700,1,1,15.119,20.698,1.41,1.93,1.41,1.93,INF,-1,1,7,0
6720,1,1,15.882,20.169,1.48,1.88,1.48,1.88,INF,-1,1,7,0
6740,1,1,17.110,20.097,1.60,1.88,1.60,1.88,INF,-1,1,7,0
6760,1,1,14.265,21.673,1.33,2.02,1.33,2.02,INF,-1,1,7,0
6780,1,1,15.663,20.752,1.46,1.94,1.46,1.94,INF,-1,1,7,0
6800,1,1,17.673,20.053,1.65,1.87,1.65,1.87,INF,-1,1,7,0
6820,1,1,17.194,19.257,1.61,1.80,1.61,1.80,INF,-1,1,7,0
6840,1,1,17.198,19.466,1.61,1.82,1.61,1.82,INF,-1,1,7,0
6860,1,1,18.983,19.909,1.77,1.86,1.77,1.86,INF,-1,1,7,0
6880,1,1,18.188,20.655,1.70,1.93,1.70,1.93,INF,-1,1,7,0
6900,1,1,18.299,19.913,1.71,1.86,1.71,1.86,INF,-1,1,7,0
6920,1,1,16.326,22.657,1.53,2.12,1.52,2.12,INF,-1,1,7,0
6940,1,1,17.696,22.340,1.65,2.09,1.65,2.09,INF,-1,1,7,0
6960,1,1,16.766,22.596,1.57,2.11,1.57,2.11,INF,-1,1,7,0
6980,1,1,15.330,23.051,1.43,2.15,1.43,2.15,INF,-1,1,7,0
7000,1,1,16.256,21.760,1.52,2.03,1.52,2.03,INF,-1,1,7,0
7020,1,1,16.326,22.808,1.53,2.13,1.52,2.13,INF,-1,1,7,0
7040,1,1,15.883,23.718,1.48,2.21,1.48,2.22,INF,-1,1,7,0
7060,1,1,16.299,23.899,1.52,2.23,1.52,2.23,INF,-1,1,7,0
7080,1,1,16.307,23.233,1.52,2.17,1.52,2.17,INF,-1,1,7,0
7100,1,1,18.506,24.007,1.73,2.24,1.73,2.24,INF,-1,1,7,0
7120,1,1,15.703,24.888,1.47,2.32,1.47,2.32,INF,-1,1,7,0
7140,1,1,17.957,22.794,1.68,2.13,1.68,2.13,INF,-1,1,7,0
7160,1,1,14.763,23.280,1.38,2.17,1.38,2.17,INF,-1,1,7,0
7180,1,1,17.290,23.879,1.62,2.23,1.61,2.23,INF,-1,1,7,0
7200,1,1,16.886,23.971,1.58,2.24,1.58,2.24,INF,-1,1,7,0
7220,1,1,18.464,23.639,1.73,2.21,1.72,2.21,INF,-1,1,7,0
7240,1,1,18.316,22.085,1.71,2.06,1.71,2.06,INF,-1,1,7,0
7260,1,1,17.981,22.950,1.68,2.14,1.68,2.14,INF,-1,1,7,0
7280,1,1,15.996,24.316,1.49,2.27,1.49,2.27,INF,-1,1,7,0
7300,1,1,18.894,24.162,1.77,2.26,1.76,2.26,INF,-1,1,7,0
7320,1,1,15.455,25.505,1.44,2.38,1.44,2.38,INF,-1,1,7,0
7340,1,1,16.968,24.193,1.59,2.26,1.58,2.26,INF,-1,1,7,0
7360,1,1,17.755,23.249,1.66,2.17,1.66,2.17,INF,-1,1,7,0
7380,1,1,15.621,24.686,1.46,2.31,1.46,2.31,INF,-1,1,7,0
7400,1,1,21.177,22.793,1.98,2.13,1.98,2.13,INF,-1,1,7,0
7420,1,1,17.263,23.992,1.61,2.24,1.61,2.24,INF,-1,1,7,0
7440,1,1,16.948,23.791,1.58,2.22,1.58,2.22,INF,-1,1,7,0
7460,1,1,17.841,24.649,1.67,2.30,1.67,2.30,INF,-1,1,7,0
7480,1,1,15.713,24.433,1.47,2.28,1.47,2.28,INF,-1,1,7,0
7500,0,1,0.000,0.000,0.00,0.00,0.00,0.00,0.00,-1,1,7,0
7520,1,1,16.144,23.810,1.51,2.22,1.51,2.22,INF,-1,1,7,0
7540,1,1,16.906,24.829,1.58,2.32,1.58,2.32,INF,-1,1,7,0
7560,1,1,17.130,23.980,1.60,2.24,1.60,2.24,INF,-1,1,7,0
7580,1,1,14.880,24.037,1.39,2.24,1.39,2.25,INF,-1,1,7,0
7600,1,1,12.824,24.222,1.20,2.26,1.20,2.26,INF,-1,1,7,0
7620,1,1,17.840,23.045,1.67,2.15,1.67,2.15,INF,-1,1,7,0
7640,1,1,15.517,23.528,1.45,2.20,1.45,2.20,INF,-1,1,7,0
7660,1,1,14.643,24.461,1.37,2.28,1.37,2.29,INF,-1,1,7,0
7680,1,1,14.832,23.814,1.39,2.22,1.39,2.22,INF,-1,1,7,0
7700,1,1,15.774,22.735,1.47,2.12,1.47,2.12,INF,-1,1,7,0
7720,1,1,14.193,23.173,1.33,2.16,1.33,2.16,INF,-1,1,7,0
7740,1,1,13.532,21.907,1.26,2.05,1.26,2.05,INF,-1,1,7,0
7760,1,1,13.493,23.550,1.26,2.20,1.26,2.20,INF,-1,1,7,0
7780,1,1,15.276,23.652,1.43,2.21,1.43,2.21,INF,-1,1,7,0
7800,1,1,13.956,21.793,1.30,2.04,1.30,2.04,INF,-1,1,7,0
7820,1,1,13.293,21.919,1.24,2.05,1.24,2.05,INF,-1,1,7,0
7840,1,1,13.008,22.455,1.22,2.10,1.21,2.10,INF,-1,1,7,0
7860,1,1,13.343,21.079,1.25,1.97,1.25,1.97,INF,-1,1,7,0
7880,1,1,12.822,20.761,1.20,1.94,1.20,1.94,INF,-1,1,7,0
7900,0,1,0.000,0.000,0.00,0.00,0.00,0.00,0.00,-1,1,7,0
7920,1,1,18.581,20.462,1.74,1.91,1.74,1.91,INF,-1,1,7,0
7940,1,1,16.899,20.492,1.58,1.91,1.58,1.91,INF,-1,1,7,0
7960,1,1,17.630,19.246,1.65,1.80,1.65,1.80,INF,-1,1,7,0
7980,1,1,15.784,19.904,1.47,1.86,1.47,1.86,INF,-1,1,7,0
8000,1,1,17.802,19.478,1.66,1.82,1.66,1.82,INF,-1,1,7,0
8020,1,1,17.245,19.394,1.61,1.81,1.61,1.81,INF,-1,1,7,0
8040,1,1,19.590,18.834,1.83,1.76,1.83,1.76,INF,-1,1,7,0
8060,1,1,15.786,20.521,1.48,1.92,1.47,1.92,INF,-1,1,7,0
8080,1,1,15.929,19.902,1.49,1.86,1.49,1.86,INF,-1,1,7,0
8100,1,1,17.095,18.466,1.60,1.72,1.60,1.73,INF,-1,1,7,0
8120,1,1,16.168,18.552,1.51,1.73,1.51,1.73,INF,-1,1,7,0
8140,1,1,17.711,18.982,1.65,1.77,1.65,1.77,INF,-1,1,7,0
8160,1,1,15.667,18.791,1.46,1.76,1.46,1.76,INF,-1,1,7,0
8180,1,1,15.947,18.271,1.49,1.71,1.49,1.71,INF,-1,1,7,0
8200,1,1,13.271,19.022,1.24,1.78,1.24,1.78,INF,-1,1,7,0
8220,1,1,14.310,18.595,1.34,1.74,1.34,1.74,INF,-1,1,7,0
8240,1,1,14.634,18.134,1.37,1.69,1.37,1.69,INF,-1,1,7,0
8260,1,1,13.388,18.770,1.25,1.75,1.25,1.75,INF,-1,1,7,0
8280,1,1,15.062,18.477,1.41,1.73,1.41,1.73,INF,-1,1,7,0
8300,1,1,11.715,20.561,1.09,1.92,1.09,1.92,INF,-1,1,7,0
8320,1,1,14.547,20.521,1.36,1.92,1.36,1.92,INF,-1,1,7,0
8340,1,1,14.023,19.951,1.31,1.86,1.31,1.86,INF,-1,1,7,0
8360,1,1,13.897,18.548,1.30,1.73,1.30,1.73,INF,-1,1,7,0
8380,1,1,14.112,19.066,1.32,1.78,1.32,1.78,INF,-1,1,7,0
8400,1,1,16.288,18.560,1.52,1.73,1.52,1.73,INF,-1,1,7,0
8420,1,1,14.048,20.879,1.31,1.95,1.31,1.95,INF,-1,1,7,0
8440,1,1,14.919,20.354,1.39,1.90,1.39,1.90,INF,-1,1,7,0
8460,1,1,13.978,20.311,1.31,1.90,1.31,1.90,INF,-1,1,7,0
8480,1,1,14.441,19.696,1.35,1.84,1.35,1.84,INF,-1,1,7,0
8500,1,1,14.469,21.762,1.35,2.03,1.35,2.03,INF,-1,1,7,0
8520,1,1,14.185,19.903,1.33,1.86,1.32,1.86,INF,-1,1,7,0
8540,1,1,15.129,20.361,1.41,1.90,1.41,1.90,INF,-1,1,7,0
8560,1,1,14.024,19.565,1.31,1.83,1.31,1.83,INF,-1,1,7,0
8580,1,1,15.279,21.587,1.43,2.02,1.43,2.02,INF,-1,1,7,0
8600,1,1,13.790,20.535,1.29,1.92,1.29,1.92,INF,-1,1,7,0
8620,1,1,15.808,20.470,1.48,1.91,1.48,1.91,INF,-1,1,7,0
8640,1,1,15.323,19.925,1.43,1.86,1.43,1.86,INF,-1,1,7,0
8660,1,1,16.139,19.655,1.51,1.84,1.51,1.84,INF,-1,1,7,0
8680,1,1,14.086,20.604,1.32,1.92,1.32,1.93,INF,-1,1,7,0
8700,1,1,15.944,20.590,1.49,1.92,1.49,1.92,INF,-1,1,7,0
8720,1,1,17.150,20.221,1.60,1.89,1.60,1.89,INF,-1,1,7,0
8740,1,1,14.354,20.598,1.34,1.92,1.34,1.92,INF,-1,1,7,0
8760,1,1,15.565,22.387,1.45,2.09,1.45,2.09,INF,-1,1,7,0
8780,1,1,16.101,19.901,1.50,1.86,1.50,1.86,INF,-1,1,7,0
8800,1,1,15.835,20.720,1.48,1.94,1.48,1.94,INF,-1,1,7,0
8820,1,1,17.088,19.294,1.60,1.80,1.60,1.80,INF,-1,1,7,0
8840,1,1,18.033,20.812,1.69,1.94,1.68,1.94,INF,-1,1,7,0
8860,1,1,17.005,20.902,1.59,1.95,1.59,1.95,INF,-1,1,7,0
8880,1,1,19.437,21.180,1.82,1.98,1.82,1.98,INF,-1,1,7,0
8900,1,1,17.321,22.275,1.62,2.08,1.62,2.08,INF,-1,1,7,0
8920,1,1,18.313,19.105,1.71,1.78,1.71,1.79,INF,-1,1,7,0
8940,1,1,18.689,20.437,1.75,1.91,1.75,1.91,INF,-1,1,7,0
8960,1,1,17.451,21.643,1.63,2.02,1.63,2.02,INF,-1,1,7,0
8980,1,1,18.501,21.470,1.73,2.00,1.73,2.01,INF,-1,1,7,0
9000,1,1,17.027,21.910,1.59,2.05,1.59,2.05,INF,-1,1,7,0
9020,1,1,17.799,21.719,1.66,2.03,1.66,2.03,INF,-1,1,7,0
9040,1,1,18.282,22.570,1.71,2.11,1.71,2.11,INF,-1,1,7,0
9060,1,1,21.482,23.346,2.01,2.18,2.01,2.18,INF,-1,1,7,0
9080,1,1,17.339,21.598,1.62,2.02,1.62,2.02,INF,-1,1,7,0
9100,1,1,17.908,21.259,1.67,1.99,1.67,1.99,INF,-1,1,7,0
9120,1,1,19.594,21.645,1.83,2.02,1.83,2.02,INF,-1,1,7,0
9140,1,1,18.207,21.302,1.70,1.99,1.70,1.99,INF,-1,1,7,0
9160,1,1,20.215,22.899,1.89,2.14,1.89,2.14,INF,-1,1,7,0
9180,1,1,20.057,21.774,1.87,2.03,1.87,2.03,INF,-1,1,7,0
9200,1,1,17.518,21.787,1.64,2.03,1.64,2.04,INF,-1,1,7,0
9220,1,1,20.180,22.409,1.89,2.09,1.88,2.09,INF,-1,1,7,0
9240,1,1,19.171,23.272,1.79,2.17,1.79,2.17,INF,-1,1,7,0
9260,1,1,19.112,23.822,1.79,2.22,1.78,2.23,INF,-1,1,7,0
9280,1,1,17.378,22.880,1.62,2.14,1.62,2.14,INF,-1,1,7,0
9300,1,1,20.283,23.361,1.90,2.18,1.89,2.18,INF,-1,1,7,0
9320,1,1,18.276,23.911,1.71,2.23,1.71,2.23,INF,-1,1,7,0
9340,1,1,13.918,23.135,1.30,2.16,1.30,2.16,INF,-1,1,7,0
9360,1,1,15.237,23.655,1.42,2.21,1.42,2.21,INF,-1,1,7,0
9380,1,1,16.611,24.038,1.55,2.24,1.55,2.25,INF,-1,1,7,0
9400,1,1,13.794,24.724,1.29,2.31,1.29,2.31,INF,-1,1,7,0
9420,1,1,15.246,23.638,1.42,2.21,1.42,2.21,INF,-1,1,7,0
9440,1,1,13.519,24.276,1.26,2.27,1.26,2.27,INF,-1,1,7,0
9460,1,1,14.316,23.621,1.34,2.21,1.34,2.21,INF,-1,1,7,0
9480,1,1,13.956,25.612,1.30,2.39,1.30,2.39,INF,-1,1,7,0
9500,1,1,15.672,24.277,1.46,2.27,1.46,2.27,INF,-1,1,7,0
9520,1,1,14.831,24.414,1.39,2.28,1.38,2.28,INF,-1,1,7,0
9540,1,1,14.114,25.583,1.32,2.39,1.32,2.39,INF,-1,1,7,0
9560,1,1,15.231,24.514,1.42,2.29,1.42,2.29,INF,-1,1,7,0
9580,1,1,16.284,24.736,1.52,2.31,1.52,2.31,INF,-1,1,7,0
9600,1,1,14.276,24.110,1.33,2.25,1.33,2.25,INF,-1,1,7,0
9620,1,1,14.016,24.180,1.31,2.26,1.31,2.26,INF,-1,1,7,0
9640,1,1,13.904,23.575,1.30,2.20,1.30,2.20,INF,-1,1,7,0
9660,1,1,14.907,24.100,1.39,2.25,1.39,2.25,INF,-1,1,7,0
9680,1,1,16.054,25.402,1.50,2.37,1.50,2.37,INF,-1,1,7,0
9700,1,1,13.284,24.868,1.24,2.32,1.24,2.32,INF,-1,1,7,0
9720,1,1,16.099,23.200,1.50,2.17,1.50,2.17,INF,-1,1,7,0
9740,1,1,14.731,24.580,1.38,2.30,1.38,2.30,INF,-1,1,7,0
9760,1,1,13.188,24.091,1.23,2.25,1.23,2.25,INF,-1,1,7,0
9780,1,1,12.541,24.901,1.17,2.33,1.17,2.33,INF,-1,1,7,0
9800,1,1,13.312,23.367,1.24,2.18,1.24,2.18,INF,-1,1,7,0
9820,1,1,15.158,22.980,1.42,2.15,1.42,2.15,INF,-1,1,7,0
9840,1,1,15.310,22.839,1.43,2.13,1.43,2.13,INF,-1,1,7,0
9860,1,1,12.146,23.211,1.14,2.17,1.13,2.17,INF,-1,1,7,0
9880,1,1,14.791,23.658,1.38,2.21,1.38,2.21,INF,-1,1,7,0
9900,1,1,15.297,24.087,1.43,2.25,1.43,2.25,INF,-1,1,7,0
9920,1,1,13.165,22.760,1.23,2.13,1.23,2.13,INF,-1,1,7,0
9940,1,1,13.350,24.299,1.25,2.27,1.25,2.27,INF,-1,1,7,0
9960,1,1,15.575,24.367,1.46,2.28,1.45,2.28,INF,-1,1,7,0
9980,1,1,14.277,24.059,1.33,2.25,1.33,2.25,INF,-1,1,7,0
10000,1,1,13.262,24.566,1.24,2.29,1.24,2.29,INF,-1,1,7,0
10020,1,1,11.985,23.472,1.12,2.19,1.12,2.19,INF,-1,1,7,0
10040,1,1,12.032,24.073,1.12,2.25,1.12,2.25,INF,-1,1,7,0
10060,1,1,12.686,22.802,1.19,2.13,1.18,2.13,INF,-1,1,7,0
10080,1,1,12.367,23.075,1.16,2.16,1.15,2.16,INF,-1,1,7,0
10100,1,1,13.146,23.438,1.23,2.19,1.23,2.19,INF,-1,1,7,0
10120,1,1,15.208,22.916,1.42,2.14,1.42,2.14,INF,-1,1,7,0
10140,1,1,13.909,25.718,1.30,2.40,1.30,2.40,INF,-1,1,7,0
10160,1,1,13.062,24.476,1.22,2.29,1.22,2.29,INF,-1,1,7,0
10180,1,1,12.008,24.298,1.12,2.27,1.12,2.27,INF,-1,1,7,0
10200,1,1,11.962,23.783,1.12,2.22,1.12,2.22,INF,-1,1,7,0
10220,1,1,13.643,22.775,1.27,2.13,1.27,2.13,INF,-1,1,7,0
10240,1,1,13.064,22.156,1.22,2.07,1.22,2.07,INF,-1,1,7,0
10260,1,1,13.925,22.417,1.30,2.09,1.30,2.09,INF,-1,1,7,0
10280,1,1,14.785,22.769,1.38,2.13,1.38,2.13,INF,-1,1,7,0
10300,1,1,13.812,22.863,1.29,2.14,1.29,2.14,INF,-1,1,7,0
10320,1,1,13.131,21.578,1.23,2.02,1.23,2.02,INF,-1,1,7,0
10340,1,1,14.683,21.604,1.37,2.02,1.37,2.02,INF,-1,1,7,0
10360,1,1,14.168,22.093,1.32,2.06,1.32,2.06,INF,-1,1,7,0
10380,1,1,11.844,22.800,1.11,2.13,1.11,2.13,INF,-1,1,7,0
10400,1,1,13.048,22.246,1.22,2.08,1.22,2.08,INF,-1,1,7,0
10420,1,1,13.377,22.314,1.25,2.08,1.25,2.08,INF,-1,1,7,0
10440,1,1,14.121,23.486,1.32,2.19,1.32,2.19,INF,-1,1,7,0
10460,1,1,14.077,23.264,1.32,2.17,1.31,2.17,INF,-1,1,7,0
10480,1,1,13.094,22.678,1.22,2.12,1.22,2.12,INF,-1,1,7,0
10500,1,1,13.130,22.035,1.23,2.06,1.23,2.06,INF,-1,1,7,0
10520,1,1,12.534,22.306,1.17,2.08,1.17,2.08,INF,-1,1,7,0
10540,1,1,13.964,22.497,1.30,2.10,1.30,2.10,INF,-1,1,7,0
10560,1,1,13.775,23.981,1.29,2.24,1.29,2.24,INF,-1,1,7,0
10580,1,1,14.309,23.463,1.34,2.19,1.34,2.19,INF,-1,1,7,0
10600,1,1,15.593,23.154,1.46,2.16,1.46,2.16,INF,-1,1,7,0
10620,1,1,12.974,22.542,1.21,2.11,1.21,2.11,INF,-1,1,7,0
10640,1,1,14.367,22.219,1.34,2.08,1.34,2.08,INF,-1,1,7,0
10660,1,1,15.421,22.316,1.44,2.08,1.44,2.08,INF,-1,1,7,0
10680,1,1,14.482,21.485,1.35,2.01,1.35,2.01,INF,-1,1,7,0
10700,1,1,15.677,21.429,1.46,2.00,1.46,2.00,INF,-1,1,7,0
10720,1,1,14.482,21.463,1.35,2.00,1.35,2.01,INF,-1,1,7,0
10740,1,1,13.356,22.413,1.25,2.09,1.25,2.09,INF,-1,1,7,0
10760,1,1,16.447,20.711,1.54,1.93,1.54,1.94,INF,-1,1,7,0
10780,1,1,12.692,23.011,1.19,2.15,1.19,2.15,INF,-1,1,7,0
10800,1,1,15.422,21.064,1.44,1.97,1.44,1.97,INF,-1,1,7,0
10820,1,1,14.417,23.172,1.35,2.16,1.35,2.16,INF,-1,1,7,0
10840,1,1,15.110,23.316,1.41,2.18,1.41,2.18,INF,-1,1,7,0
10860,1,1,16.209,23.117,1.51,2.16,1.51,2.16,INF,-1,1,7,0
10880,1,1,14.144,21.506,1.32,2.01,1.32,2.01,INF,-1,1,7,0
10900,1,1,16.575,21.813,1.55,2.04,1.55,2.04,INF,-1,1,7,0
10920,1,1,14.755,21.140,1.38,1.97,1.38,1.98,INF,-1,1,7,0
10940,1,1,13.908,22.945,1.30,2.14,1.30,2.14,INF,-1,1,7,0
10960,1,1,14.227,22.011,1.33,2.06,1.33,2.06,INF,-1,1,7,0
10980,1,1,13.901,21.829,1.30,2.04,1.30,2.04,INF,-1,1,7,0
11000,1,1,14.836,21.127,1.39,1.97,1.39,1.97,INF,-1,1,7,0
11020,1,1,12.814,21.612,1.20,2.02,1.20,2.02,INF,-1,1,7,0
11040,1,1,12.033,21.445,1.12,2.00,1.12,2.00,INF,-1,1,7,0
11060,1,1,13.202,21.783,1.23,2.03,1.23,2.04,INF,-1,1,7,0
11080,1,1,14.092,21.554,1.32,2.01,1.32,2.01,INF,-1,1,7,0
11100,1,1,13.369,21.728,1.25,2.03,1.25,2.03,INF,-1,1,7,0
11120,1,1,14.598,21.861,1.36,2.04,1.36,2.04,INF,-1,1,7,0
11140,1,1,15.007,21.043,1.40,1.97,1.40,1.97,INF,-1,1,7,0
11160,1,1,13.611,22.135,1.27,2.07,1.27,2.07,INF,-1,1,7,0
11180,1,1,14.722,20.882,1.38,1.95,1.38,1.95,INF,-1,1,7,0
11200,1,1,14.614,21.657,1.37,2.02,1.36,2.02,INF,-1,1,7,0
11220,1,1,14.834,21.288,1.39,1.99,1.39,1.99,INF,-1,1,7,0
11240,1,1,15.485,21.802,1.45,2.04,1.45,2.04,INF,-1,1,7,0
11260,1,1,13.874,20.819,1.30,1.94,1.30,1.95,INF,-1,1,7,0
11280,1,1,13.450,20.654,1.26,1.93,1.26,1.93,INF,-1,1,7,0
11300,1,1,15.088,21.028,1.41,1.96,1.41,1.96,INF,-1,1,7,0
11320,1,1,17.055,21.652,1.59,2.02,1.59,2.02,INF,-1,1,7,0
11340,1,1,14.039,21.822,1.31,2.04,1.31,2.04,INF,-1,1,7,0
11360,1,1,14.324,20.680,1.34,1.93,1.34,1.93,INF,-1,1,7,0
11380,1,1,16.436,21.112,1.54,1.97,1.53,1.97,INF,-1,1,7,0
11400,1,1,16.768,20.000,1.57,1.87,1.57,1.87,INF,-1,1,7,0
11420,1,1,14.602,21.001,1.36,1.96,1.36,1.96,INF,-1,1,7,0
11440,1,1,14.827,20.680,1.39,1.93,1.38,1.93,INF,-1,1,7,0
11460,1,1,14.145,20.508,1.32,1.92,1.32,1.92,INF,-1,1,7,0
11480,1,1,16.615,20.173,1.55,1.88,1.55,1.88,INF,-1,1,7,0
11500,1,1,17.004,20.856,1.59,1.95,1.59,1.95,INF,-1,1,7,0
11520,1,1,16.724,19.652,1.56,1.84,1.56,1.84,INF,-1,1,7,0
11540,1,1,16.293,20.881,1.52,1.95,1.52,1.95,INF,-1,1,7,0
11560,1,1,-7.135,12.035,-0.67,1.12,-0.67,1.12,INF,-1,1,7,0
11580,1,1,-20.108,8.634,-1.88,0.81,-1.88,0.81,INF,-1,1,7,0
11600,1,1,-19.077,10.034,-1.78,0.94,-1.78,0.94,INF,-1,0,7,0
11620,1,1,-17.547,9.290,-1.64,0.87,-1.64,0.87,INF,-1,0,7,0
11640,1,1,-18.614,8.992,-1.74,0.84,-1.74,0.84,INF,-1,0,7,0
11660,1,1,-19.112,9.195,-1.79,0.86,-1.79,0.86,INF,-1,0,7,0
11680,1,1,-19.308,9.222,-1.80,0.86,-1.80,0.86,INF,-1,0,7,0
11700,1,1,-20.604,10.408,-1.93,0.97,-1.92,0.97,INF,-1,0,7,0
11720,1,1,-18.205,8.814,-1.70,0.82,-1.70,0.82,INF,-1,0,7,0
11740,1,1,-19.341,8.658,-1.81,0.81,-1.81,0.81,INF,-1,0,7,0
11760,1,1,-19.895,7.431,-1.86,0.69,-1.86,0.69,INF,-1,0,7,0
11780,1,1,-20.888,9.330,-1.95,0.87,-1.95,0.87,INF,-1,0,7,0
11800,1,1,-19.499,7.862,-1.82,0.73,-1.82,0.73,INF,-1,0,7,0
11820,1,1,-21.051,9.819,-1.97,0.92,-1.97,0.92,INF,-1,0,7,0
11840,1,1,-20.359,8.697,-1.90,0.81,-1.90,0.81,INF,-1,0,7,0
11860,1,1,-20.600,9.657,-1.92,0.90,-1.92,0.90,INF,-1,1,7,0
11880,1,1,-19.836,9.174,-1.85,0.86,-1.85,0.86,INF,-1,1,7,0
11900,1,1,-19.417,8.298,-1.81,0.78,-1.81,0.78,INF,-1,1,7,0
11920,1,1,-21.131,8.010,-1.97,0.75,-1.97,0.75,INF,-1,1,7,0
11940,1,1,-17.237,9.968,-1.61,0.93,-1.61,0.93,INF,-1,1,7,0
11960,1,1,-20.559,11.359,-1.92,1.06,-1.92,1.06,INF,-1,1,7,0
11980,1,1,-18.875,10.428,-1.76,0.97,-1.76,0.97,INF,-1,1,7,0
12000,1,1,-20.334,10.579,-1.90,0.99,-1.90,0.99,INF,-1,1,7,0
12020,1,1,-20.741,9.201,-1.94,0.86,-1.94,0.86,INF,-1,1,7,0
12040,1,1,-18.867,9.691,-1.76,0.91,-1.76,0.91,INF,-1,1,7,0
12060,1,1,-17.830,7.553,-1.67,0.71,-1.67,0.71,INF,-1,1,7,0
12080,1,1,-18.748,8.862,-1.75,0.83,-1.75,0.83,INF,-1,1,7,0
12100,1,1,-18.593,6.940,-1.74,0.65,-1.74,0.65,INF,-1,1,7,0
12120,1,1,-17.378,8.067,-1.62,0.75,-1.62,0.75,INF,-1,1,7,0
12140,1,1,-18.161,9.184,-1.70,0.86,-1.70,0.86,INF,-1,1,7,0
12160,1,1,-21.217,10.455,-1.98,0.98,-1.98,0.98,INF,-1,1,7,0
12180,1,1,-20.426,8.914,-1.91,0.83,-1.91,0.83,INF,-1,1,7,0
12200,1,1,-19.308,9.469,-1.80,0.88,-1.80,0.88,INF,-1,1,7,0
12220,1,1,-17.016,8.207,-1.59,0.77,-1.59,0.77,INF,-1,1,7,0
12240,1,1,-20.579,9.015,-1.92,0.84,-1.92,0.84,INF,-1,1,7,0
12260,1,1,-18.950,9.308,-1.77,0.87,-1.77,0.87,INF,-1,1,7,0
12280,1,1,-19.504,10.053,-1.82,0.94,-1.82,0.94,INF,-1,1,7,0
12300,1,1,-19.775,9.852,-1.85,0.92,-1.85,0.92,INF,-1,1,7,0
12320,1,1,-18.700,10.528,-1.75,0.98,-1.75,0.98,INF,-1,1,7,0
12340,1,1,-10.312,13.185,-0.96,1.23,-0.96,1.23,INF,-1,1,7,0
12360,1,1,9.328,20.784,0.87,1.94,0.87,1.94,INF,-1,1,7,0
12380,1,1,8.410,21.280,0.79,1.99,0.79,1.99,INF,-1,0,7,0
12400,1,1,9.979,19.703,0.93,1.84,0.93,1.84,INF,-1,0,7,0
12420,1,1,10.662,19.262,1.00,1.80,1.00,1.80,INF,-1,0,7,0
12440,1,1,9.703,19.251,0.91,1.80,0.91,1.80,INF,-1,0,7,0
12460,1,1,8.598,21.068,0.80,1.97,0.80,1.97,INF,-1,0,7,0
12480,1,1,10.915,20.636,1.02,1.93,1.02,1.93,INF,-1,0,7,0
12500,1,1,11.036,20.120,1.03,1.88,1.03,1.88,INF,-1,0,7,0
12520,1,1,10.630,20.187,0.99,1.89,0.99,1.89,INF,-1,0,7,0
12540,1,1,9.745,20.170,0.91,1.88,0.91,1.88,INF,-1,0,7,0
12560,1,1,9.926,19.411,0.93,1.81,0.93,1.81,INF,-1,0,7,0
12580,1,1,8.801,19.612,0.82,1.83,0.82,1.83,INF,-1,0,7,0
12600,1,1,8.438,20.052,0.79,1.87,0.79,1.87,INF,-1,0,7,0
12620,1,1,9.823,19.694,0.92,1.84,0.92,1.84,INF,-1,0,7,0
12640,1,1,10.077,20.855,0.94,1.95,0.94,1.95,INF,-1,1,7,0
12660,1,1,9.101,20.597,0.85,1.92,0.85,1.92,INF,-1,1,7,0
12680,1,1,8.843,19.316,0.83,1.80,0.83,1.80,INF,-1,1,7,0
12700,1,1,9.508,20.297,0.89,1.90,0.89,1.90,INF,-1,1,7,0
12720,1,1,8.153,20.797,0.76,1.94,0.76,1.94,INF,-1,1,7,0
12740,1,1,8.244,19.676,0.77,1.84,0.77,1.84,INF,-1,1,7,0
12760,1,1,10.176,21.138,0.95,1.97,0.95,1.97,INF,-1,1,7,0
12780,1,1,10.732,19.012,1.00,1.78,1.00,1.78,INF,-1,1,7,0
12800,1,1,8.490,20.329,0.79,1.90,0.79,1.90,INF,-1,1,7,0
12820,1,1,7.432,20.936,0.69,1.96,0.69,1.96,INF,-1,1,7,0
12840,1,1,8.714,20.064,0.81,1.87,0.81,1.87,INF,-1,1,7,0
12860,1,1,6.714,20.668,0.63,1.93,0.63,1.93,INF,-1,1,7,0
12880,1,1,9.201,20.769,0.86,1.94,0.86,1.94,INF,-1,1,7,0
12900,1,1,8.909,21.675,0.83,2.02,0.83,2.03,INF,-1,1,7,0
12920,1,1,8.332,21.670,0.78,2.02,0.78,2.02,INF,-1,1,7,0
12940,1,1,8.177,21.945,0.76,2.05,0.76,2.05,INF,-1,1,7,0
12960,1,1,6.514,20.273,0.61,1.89,0.61,1.89,INF,-1,1,7,0
12980,1,1,7.765,21.002,0.73,1.96,0.73,1.96,INF,-1,1,7,0
13000,1,1,10.002,21.608,0.93,2.02,0.93,2.02,INF,-1,1,7,0
13020,1,1,8.285,20.149,0.77,1.88,0.77,1.88,INF,-1,1,7,0
13040,1,1,7.754,20.767,0.72,1.94,0.72,1.94,INF,-1,1,7,0
13060,1,1,7.755,20.015,0.72,1.87,0.72,1.87,INF,-1,1,7,0
13080,1,1,9.512,19.984,0.89,1.87,0.89,1.87,INF,-1,1,7,0
13100,1,1,8.527,19.259,0.80,1.80,0.80,1.80,INF,-1,1,7,0
13120,1,1,6.848,19.378,0.64,1.81,0.64,1.81,INF,-1,1,7,0
13140,1,1,9.021,17.950,0.84,1.68,0.84,1.68,INF,-1,1,7,0
13160,1,1,11.687,21.376,1.09,2.00,1.09,2.00,INF,-1,1,7,0
13180,1,1,15.171,20.469,1.42,1.91,1.42,1.91,INF,-1,1,7,0
13200,1,1,13.240,19.049,1.24,1.78,1.24,1.78,INF,-1,1,7,0
13220,1,1,12.862,19.008,1.20,1.78,1.20,1.78,INF,-1,1,7,0
13240,1,1,13.531,19.377,1.26,1.81,1.26,1.81,INF,-1,1,7,0
13260,1,1,13.681,19.640,1.28,1.83,1.28,1.84,INF,-1,1,7,0
13280,1,1,11.985,19.999,1.12,1.87,1.12,1.87,INF,-1,1,7,0
13300,1,1,12.294,18.687,1.15,1.75,1.15,1.75,INF,-1,1,7,0
13320,1,1,12.092,18.559,1.13,1.73,1.13,1.73,INF,-1,1,7,0
13340,1,1,13.139,19.056,1.23,1.78,1.23,1.78,INF,-1,1,7,0
13360,1,1,12.836,19.563,1.20,1.83,1.20,1.83,INF,-1,1,7,0
13380,1,1,12.433,18.483,1.16,1.73,1.16,1.73,INF,-1,1,7,0
13400,1,1,15.087,18.616,1.41,1.74,1.41,1.74,INF,-1,1,7,0
13420,1,1,13.358,18.943,1.25,1.77,1.25,1.77,INF,-1,1,7,0
13440,1,1,12.556,18.503,1.17,1.73,1.17,1.73,INF,-1,1,7,0
13460,1,1,12.860,18.037,1.20,1.69,1.20,1.69,INF,-1,1,7,0
13480,1,1,12.593,20.220,1.18,1.89,1.18,1.89,INF,-1,1,7,0
13500,1,1,12.973,18.621,1.21,1.74,1.21,1.74,INF,-1,1,7,0
13520,1,1,12.188,18.716,1.14,1.75,1.14,1.75,INF,-1,1,7,0
13540,1,1,14.310,18.350,1.34,1.71,1.34,1.71,INF,-1,1,7,0
13560,1,1,15.867,18.114,1.48,1.69,1.48,1.69,INF,-1,1,7,0
13580,1,1,16.598,17.206,1.55,1.61,1.55,1.61,INF,-1,1,7,0
13600,1,1,14.197,19.374,1.33,1.81,1.33,1.81,INF,-1,1,7,0
13620,1,1,13.466,19.375,1.26,1.81,1.26,1.81,INF,-1,1,7,0
13640,1,1,15.564,18.297,1.45,1.71,1.45,1.71,INF,-1,1,7,0
13660,1,1,15.320,19.957,1.43,1.86,1.43,1.86,INF,-1,1,7,0
13680,1,1,15.985,20.064,1.49,1.87,1.49,1.87,INF,-1,1,7,0
13700,1,1,17.706,19.549,1.65,1.83,1.65,1.83,INF,-1,1,7,0
13720,1,1,13.403,20.616,1.25,1.93,1.25,1.93,INF,-1,1,7,0
13740,1,1,15.763,20.803,1.47,1.94,1.47,1.94,INF,-1,1,7,0
13760,1,1,16.208,19.410,1.51,1.81,1.51,1.81,INF,-1,1,7,0
13780,1,1,16.444,19.514,1.54,1.82,1.54,1.82,INF,-1,1,7,0
13800,1,1,14.812,20.507,1.38,1.92,1.38,1.92,INF,-1,1,7,0
13820,1,1,15.865,20.554,1.48,1.92,1.48,1.92,INF,-1,1,7,0
13840,1,1,17.803,20.220,1.66,1.89,1.66,1.89,INF,-1,1,7,0
13860,1,1,16.971,19.821,1.59,1.85,1.59,1.85,INF,-1,1,7,0
13880,1,1,17.460,20.394,1.63,1.90,1.63,1.91,INF,-1,1,7,0
13900,1,1,17.248,21.960,1.61,2.05,1.61,2.05,INF,-1,1,7,0
13920,1,1,18.793,21.072,1.76,1.97,1.75,1.97,INF,-1,1,7,0
13940,1,1,18.094,19.766,1.69,1.85,1.69,1.85,INF,-1,1,7,0
13960,1,1,18.056,20.831,1.69,1.95,1.69,1.95,INF,-1,1,7,0
13980,1,1,16.631,21.169,1.55,1.98,1.55,1.98,INF,-1,1,7,0
14000,1,1,16.653,21.856,1.56,2.04,1.56,2.04,INF,-1,1,7,0
14020,1,1,18.319,19.175,1.71,1.79,1.71,1.79,INF,-1,1,7,0
14040,1,1,18.299,21.179,1.71,1.98,1.71,1.98,INF,-1,1,7,0
14060,1,1,18.449,21.128,1.72,1.97,1.72,1.97,INF,-1,1,7,0
14080,1,1,17.583,21.612,1.64,2.02,1.64,2.02,INF,-1,1,7,0
14100,1,1,18.568,20.507,1.73,1.92,1.73,1.92,INF,-1,1,7,0
14120,1,1,18.345,20.215,1.71,1.89,1.71,1.89,INF,-1,1,7,0
14140,1,1,19.195,20.824,1.79,1.94,1.79,1.95,INF,-1,1,7,0
14160,1,1,18.481,20.765,1.73,1.94,1.73,1.94,INF,-1,1,7,0
14180,1,1,18.397,20.575,1.72,1.92,1.72,1.92,INF,-1,1,7,0
14200,1,1,18.065,22.053,1.69,2.06,1.69,2.06,INF,-1,1,7,0
14220,1,1,17.583,20.995,1.64,1.96,1.64,1.96,INF,-1,1,7,0
14240,1,1,17.428,20.143,1.63,1.88,1.63,1.88,INF,-1,1,7,0
14260,1,1,18.046,20.708,1.69,1.93,1.69,1.93,INF,-1,1,7,0
14280,1,1,16.557,21.194,1.55,1.98,1.55,1.98,INF,-1,1,7,0
14300,1,1,17.424,20.916,1.63,1.95,1.63,1.95,INF,-1,1,7,0
14320,1,1,17.365,21.303,1.62,1.99,1.62,1.99,INF,-1,1,7,0
14340,1,1,17.056,20.236,1.59,1.89,1.59,1.89,INF,-1,1,7,0
14360,1,1,19.759,18.364,1.85,1.72,1.85,1.72,INF,-1,1,7,0
14380,1,1,16.920,20.739,1.58,1.94,1.58,1.94,INF,-1,1,7,0
14400,1,1,19.167,19.732,1.79,1.84,1.79,1.84,INF,-1,1,7,0
14420,1,1,17.824,19.289,1.67,1.80,1.66,1.80,INF,-1,1,7,0
14440,1,1,16.868,19.308,1.58,1.80,1.58,1.80,INF,-1,1,7,0
14460,1,1,19.129,19.580,1.79,1.83,1.79,1.83,INF,-1,1,7,0
14480,1,1,17.765,20.782,1.66,1.94,1.66,1.94,INF,-1,1,7,0
14500,1,1,18.060,21.269,1.69,1.99,1.69,1.99,INF,-1,1,7,0
14520,1,1,18.321,19.222,1.71,1.80,1.71,1.80,INF,-1,1,7,0
14540,1,1,17.341,19.067,1.62,1.78,1.62,1.78,INF,-1,1,7,0
14560,1,1,17.159,19.246,1.60,1.80,1.60,1.80,INF,-1,1,7,0
14580,1,1,18.144,18.535,1.70,1.73,1.69,1.73,INF,-1,1,7,0
14600,1,1,17.255,19.528,1.61,1.82,1.61,1.82,INF,-1,1,7,0
14620,1,1,16.354,18.374,1.53,1.72,1.53,1.72,INF,-1,1,7,0
14640,1,1,16.799,18.809,1.57,1.76,1.57,1.76,INF,-1,1,7,0
14660,1,1,18.313,18.348,1.71,1.71,1.71,1.71,INF,-1,1,7,0
14680,1,1,15.883,18.109,1.48,1.69,1.48,1.69,INF,-1,1,7,0
14700,1,1,17.405,18.243,1.63,1.70,1.63,1.70,INF,-1,1,7,0
14720,1,1,16.867,18.318,1.58,1.71,1.58,1.71,INF,-1,1,7,0
14740,1,1,18.084,17.675,1.69,1.65,1.69,1.65,INF,-1,1,7,0
14760,1,1,17.067,16.072,1.59,1.50,1.59,1.50,INF,-1,1,7,0
14780,1,1,18.403,18.485,1.72,1.73,1.72,1.73,INF,-1,1,7,0
14800,0,1,0.000,0.000,0.00,0.00,0.00,0.00,0.00,-1,1,7,0
14820,1,1,16.527,18.049,1.54,1.69,1.54,1.69,INF,-1,1,7,0
14840,1,1,16.620,18.320,1.55,1.71,1.55,1.71,INF,-1,1,7,0
14860,1,1,16.321,18.147,1.53,1.70,1.52,1.70,INF,-1,1,7,0
14880,1,1,16.484,17.580,1.54,1.64,1.54,1.64,INF,-1,1,7,0
14900,1,1,15.825,18.814,1.48,1.76,1.48,1.76,INF,-1,1,7,0
14920,1,1,16.719,18.688,1.56,1.75,1.56,1.75,INF,-1,1,7,0
14940,1,1,15.518,17.936,1.45,1.68,1.45,1.68,INF,-1,1,7,0
14960,1,1,15.334,17.430,1.43,1.63,1.43,1.63,INF,-1,1,7,0
14980,1,1,15.822,17.761,1.48,1.66,1.48,1.66,INF,-1,1,7,0
15000,1,1,17.634,18.898,1.65,1.77,1.65,1.77,INF,-1,1,7,0
15020,1,1,11.238,17.098,1.05,1.60,1.05,1.60,INF,-1,1,7,0
