"EyeTracker Toolbox version","3.250"
CalibrationParameters_A11,1.05170
CalibrationParameters_A12,0.06893
CalibrationParameters_A13,0.01391
CalibrationParameters_A21,0.05060
CalibrationParameters_A22,-1.10632
CalibrationParameters_A23,-0.00060
CalibrationParameters_A31,0.00008
CalibrationParameters_A32,-0.00031
CalibrationParameters_E11,-0.18003
CalibrationParameters_E12,-0.00003
CalibrationParameters_E21,0.00009
CalibrationParameters_E22,0.20000
CalibrationParameters_X,-23.19219
CalibrationParameters_Y,-28.98307
CalibrationParameters_Rpc,82.86575
CalibrationParameters_MeanX,119.42242
CalibrationParameters_MeanY,134.81725
CalibrationParameters_ViewDist,613.00000
TimeStamp,Tracked,Calibrated,ScreenPositionXmm,ScreenPositionYmm,FicksLongitude,FicksLatitude,HelmholtzAzimuth,HelmholtzElevation,PupilDiameter,Region,Fixation,DigitalIO,Dropped
0,1,1,-160.782,123.706,-14.70,11.05,-14.42,11.41,INF,-1,0,7,0
20,1,1,-0.244,-6.777,-0.02,-0.63,-0.02,-0.63,INF,-1,0,7,0
40,1,1,-1.765,-6.285,-0.16,-0.59,-0.16,-0.59,INF,-1,0,7,0
60,1,1,-0.664,-7.035,-0.06,-0.66,-0.06,-0.66,INF,-1,0,7,0
80,1,1,0.443,-6.588,0.04,-0.62,0.04,-0.62,INF,-1,0,7,0
100,1,1,0.148,-6.139,0.01,-0.57,0.01,-0.57,INF,-1,0,7,0
120,1,1,0.795,-6.786,0.07,-0.63,0.07,-0.63,INF,-1,0,7,0
140,1,1,-0.638,-6.674,-0.06,-0.62,-0.06,-0.62,INF,-1,0,7,0
160,1,1,-0.001,-6.094,0.00,-0.57,0.00,-0.57,INF,-1,0,7,0
180,1,1,-0.169,-7.363,-0.02,-0.69,-0.02,-0.69,INF,-1,0,7,0
200,1,1,-0.442,-6.745,-0.04,-0.63,-0.04,-0.63,INF,-1,0,7,0
220,1,1,0.161,-6.935,0.02,-0.65,0.02,-0.65,INF,-1,0,7,0
240,1,1,-0.920,-6.902,-0.09,-0.65,-0.09,-0.65,INF,-1,0,7,0
260,1,1,0.158,-7.122,0.01,-0.67,0.01,-0.67,INF,-1,0,7,0
280,1,1,-0.492,-6.976,-0.05,-0.65,-0.05,-0.65,INF,-1,0,7,0
300,1,1,0.449,-6.892,0.04,-0.64,0.04,-0.64,INF,-1,1,7,0
320,1,1,5.205,-5.349,0.49,-0.50,0.49,-0.50,INF,-1,1,7,0
340,1,1,2.668,-4.066,0.25,-0.38,0.25,-0.38,INF,-1,1,7,0
360,1,1,3.442,-4.607,0.32,-0.43,0.32,-0.43,INF,-1,1,7,0
380,1,1,4.230,-4.577,0.40,-0.43,0.40,-0.43,INF,-1,1,7,0
400,1,1,3.904,-4.121,0.36,-0.39,0.36,-0.39,INF,-1,1,7,0
420,1,1,4.232,-3.870,0.40,-0.36,0.40,-0.36,INF,-1,1,7,0
440,1,1,4.761,-3.604,0.45,-0.34,0.45,-0.34,INF,-1,1,7,0
460,1,1,4.319,-3.894,0.40,-0.36,0.40,-0.36,INF,-1,1,7,0
480,1,1,5.400,-4.007,0.50,-0.37,0.50,-0.37,INF,-1,1,7,0
500,1,1,5.181,-3.613,0.48,-0.34,0.48,-0.34,INF,-1,1,7,0
520,1,1,4.422,-4.284,0.41,-0.40,0.41,-0.40,INF,-1,1,7,0
540,1,1,5.364,-4.129,0.50,-0.39,0.50,-0.39,INF,-1,1,7,0
560,1,1,4.952,-3.573,0.46,-0.33,0.46,-0.33,INF,-1,1,7,0
580,1,1,5.253,-3.190,0.49,-0.30,0.49,-0.30,INF,-1,1,7,0
600,1,1,5.061,-3.705,0.47,-0.35,0.47,-0.35,INF,-1,1,7,0
620,1,1,4.663,-3.484,0.44,-0.33,0.44,-0.33,INF,-1,1,7,0
640,1,1,5.102,-3.505,0.48,-0.33,0.48,-0.33,INF,-1,1,7,0
660,1,1,4.786,-3.081,0.45,-0.29,0.45,-0.29,INF,-1,1,7,0
680,1,1,7.209,-3.505,0.67,-0.33,0.67,-0.33,INF,-1,1,7,0
700,1,1,6.869,-3.011,0.64,-0.28,0.64,-0.28,INF,-1,1,7,0
720,1,1,6.694,-3.936,0.63,-0.37,0.63,-0.37,INF,-1,1,7,0
740,1,1,7.173,-3.612,0.67,-0.34,0.67,-0.34,INF,-1,1,7,0
760,1,1,6.920,-2.828,0.65,-0.26,0.65,-0.26,INF,-1,1,7,0
780,1,1,7.987,-3.941,0.75,-0.37,0.75,-0.37,INF,-1,1,7,0
800,1,1,7.370,-2.640,0.69,-0.25,0.69,-0.25,INF,-1,1,7,0
820,1,1,7.319,-3.000,0.68,-0.28,0.68,-0.28,INF,-1,1,7,0
840,1,1,8.186,-3.064,0.77,-0.29,0.77,-0.29,INF,-1,1,7,0
860,1,1,8.123,-3.187,0.76,-0.30,0.76,-0.30,INF,-1,1,7,0
880,1,1,8.142,-5.131,0.76,-0.48,0.76,-0.48,INF,-1,1,7,0
900,1,1,7.728,-3.501,0.72,-0.33,0.72,-0.33,INF,-1,1,7,0
920,1,1,8.424,-3.173,0.79,-0.30,0.79,-0.30,INF,-1,1,7,0
940,1,1,8.249,-2.243,0.77,-0.21,0.77,-0.21,INF,-1,1,7,0
960,1,1,8.633,-2.369,0.81,-0.22,0.81,-0.22,INF,-1,1,7,0
980,1,1,7.730,-1.570,0.72,-0.15,0.72,-0.15,INF,-1,1,7,0
1000,1,1,6.809,-2.388,0.64,-0.22,0.64,-0.22,INF,-1,1,7,0
1020,1,1,7.137,-3.042,0.67,-0.28,0.67,-0.28,INF,-1,1,7,0
1040,1,1,7.208,-2.535,0.67,-0.24,0.67,-0.24,INF,-1,1,7,0
1060,1,1,8.120,-2.874,0.76,-0.27,0.76,-0.27,INF,-1,1,7,0
1080,1,1,8.279,-3.226,0.77,-0.30,0.77,-0.30,INF,-1,1,7,0
1100,1,1,7.242,-3.331,0.68,-0.31,0.68,-0.31,INF,-1,1,7,0
1120,1,1,7.945,-2.367,0.74,-0.22,0.74,-0.22,INF,-1,1,7,0
1140,1,1,8.200,-2.067,0.77,-0.19,0.77,-0.19,INF,-1,1,7,0
1160,1,1,7.971,-4.252,0.75,-0.40,0.75,-0.40,INF,-1,1,7,0
1180,1,1,6.208,-2.818,0.58,-0.26,0.58,-0.26,INF,-1,1,7,0
1200,1,1,7.192,-3.141,0.67,-0.29,0.67,-0.29,INF,-1,1,7,0
1220,1,1,7.338,-4.171,0.69,-0.39,0.69,-0.39,INF,-1,1,7,0
1240,1,1,6.202,-2.540,0.58,-0.24,0.58,-0.24,INF,-1,1,7,0
1260,1,1,8.290,-3.903,0.77,-0.36,0.77,-0.36,INF,-1,1,7,0
1280,1,1,7.161,-3.656,0.67,-0.34,0.67,-0.34,INF,-1,1,7,0
1300,1,1,8.790,-4.293,0.82,-0.40,0.82,-0.40,INF,-1,1,7,0
1320,1,1,8.774,-3.761,0.82,-0.35,0.82,-0.35,INF,-1,1,7,0
1340,1,1,8.420,-4.638,0.79,-0.43,0.79,-0.43,INF,-1,1,7,0
1360,1,1,6.692,-4.197,0.63,-0.39,0.63,-0.39,INF,-1,1,7,0
1380,1,1,7.299,-2.568,0.68,-0.24,0.68,-0.24,INF,-1,1,7,0
1400,1,1,8.041,-4.239,0.75,-0.40,0.75,-0.40,INF,-1,1,7,0
1420,1,1,2.447,-3.460,0.23,-0.32,0.23,-0.32,INF,-1,1,7,0
1440,1,1,1.616,-3.563,0.15,-0.33,0.15,-0.33,INF,-1,1,7,0
1460,1,1,3.186,-2.906,0.30,-0.27,0.30,-0.27,INF,-1,1,7,0
1480,1,1,3.747,-2.536,0.35,-0.24,0.35,-0.24,INF,-1,1,7,0
1500,1,1,2.688,-2.370,0.25,-0.22,0.25,-0.22,INF,-1,1,7,0
1520,1,1,12.278,-2.388,1.15,-0.22,1.15,-0.22,INF,-1,1,7,0
1540,1,1,11.615,-1.983,1.09,-0.19,1.09,-0.19,INF,-1,1,7,0
1560,1,1,11.275,-2.276,1.05,-0.21,1.05,-0.21,INF,-1,0,7,0
1580,1,1,11.565,-2.415,1.08,-0.23,1.08,-0.23,INF,-1,0,7,0
1600,1,1,13.347,-2.832,1.25,-0.26,1.25,-0.26,INF,-1,0,7,0
1620,1,1,10.315,-2.223,0.96,-0.21,0.96,-0.21,INF,-1,0,7,0
1640,1,1,11.319,-2.090,1.06,-0.20,1.06,-0.20,INF,-1,0,7,0
1660,1,1,11.707,-2.563,1.09,-0.24,1.09,-0.24,INF,-1,0,7,0
1680,1,1,10.603,-2.467,0.99,-0.23,0.99,-0.23,INF,-1,0,7,0
1700,1,1,10.809,-1.070,1.01,-0.10,1.01,-0.10,INF,-1,0,7,0
1720,1,1,2.920,-1.463,0.27,-0.14,0.27,-0.14,INF,-1,0,7,0
1740,1,1,6.394,-0.992,0.60,-0.09,0.60,-0.09,INF,-1,0,7,0
1760,1,1,6.154,-1.061,0.58,-0.10,0.58,-0.10,INF,-1,0,7,0
1780,1,1,5.999,-1.675,0.56,-0.16,0.56,-0.16,INF,-1,0,7,0
1800,1,1,5.714,-1.287,0.53,-0.12,0.53,-0.12,INF,-1,1,7,0
1820,1,1,5.233,-0.698,0.49,-0.07,0.49,-0.07,INF,-1,1,7,0
1840,1,1,7.102,-1.606,0.66,-0.15,0.66,-0.15,INF,-1,1,7,0
1860,1,1,5.262,-2.197,0.49,-0.21,0.49,-0.21,INF,-1,1,7,0
1880,1,1,5.223,-2.186,0.49,-0.20,0.49,-0.20,INF,-1,1,7,0
1900,1,1,6.287,-2.573,0.59,-0.24,0.59,-0.24,INF,-1,1,7,0
1920,1,1,4.172,-1.879,0.39,-0.18,0.39,-0.18,INF,-1,1,7,0
1940,1,1,6.104,-2.136,0.57,-0.20,0.57,-0.20,INF,-1,1,7,0
1960,1,1,5.827,-2.027,0.54,-0.19,0.54,-0.19,INF,-1,1,7,0
1980,1,1,6.052,-0.156,0.57,-0.01,0.57,-0.01,INF,-1,1,7,0
2000,1,1,5.066,-1.392,0.47,-0.13,0.47,-0.13,INF,-1,1,7,0
2020,1,1,6.386,-0.862,0.60,-0.08,0.60,-0.08,INF,-1,1,7,0
2040,1,1,7.174,-1.707,0.67,-0.16,0.67,-0.16,INF,-1,1,7,0
2060,1,1,4.807,-1.423,0.45,-0.13,0.45,-0.13,INF,-1,1,7,0
2080,1,1,6.197,-1.448,0.58,-0.14,0.58,-0.14,INF,-1,1,7,0
2100,1,1,6.792,-1.799,0.63,-0.17,0.63,-0.17,INF,-1,1,7,0
2120,1,1,4.908,-1.940,0.46,-0.18,0.46,-0.18,INF,-1,1,7,0
2140,1,1,7.955,-1.042,0.74,-0.10,0.74,-0.10,INF,-1,1,7,0
2160,1,1,6.854,-1.166,0.64,-0.11,0.64,-0.11,INF,-1,1,7,0
2180,1,1,5.631,-0.330,0.53,-0.03,0.53,-0.03,INF,-1,1,7,0
2200,1,1,2.436,-0.189,0.23,-0.02,0.23,-0.02,INF,-1,1,7,0
2220,1,1,-1.329,0.908,-0.12,0.08,-0.12,0.08,INF,-1,1,7,0
2240,1,1,1.947,0.988,0.18,0.09,0.18,0.09,INF,-1,1,7,0
2260,1,1,3.465,0.648,0.32,0.06,0.32,0.06,INF,-1,1,7,0
2280,1,1,1.880,-1.516,0.18,-0.14,0.18,-0.14,INF,-1,1,7,0
2300,1,1,1.317,1.060,0.12,0.10,0.12,0.10,INF,-1,1,7,0
2320,1,1,0.923,0.463,0.09,0.04,0.09,0.04,INF,-1,1,7,0
2340,1,1,-0.883,0.382,-0.08,0.04,-0.08,0.04,INF,-1,1,7,0
2360,1,1,0.456,-1.626,0.04,-0.15,0.04,-0.15,INF,-1,1,7,0
2380,1,1,1.640,-1.976,0.15,-0.18,0.15,-0.18,INF,-1,1,7,0
2400,1,1,-2.237,-0.037,-0.21,0.00,-0.21,0.00,INF,-1,1,7,0
2420,1,1,0.855,1.852,0.08,0.17,0.08,0.17,INF,-1,1,7,0
2440,1,1,0.880,-0.137,0.08,-0.01,0.08,-0.01,INF,-1,1,7,0
2460,1,1,-0.034,-0.514,0.00,-0.05,0.00,-0.05,INF,-1,1,7,0
2480,1,1,0.508,-0.735,0.05,-0.07,0.05,-0.07,INF,-1,1,7,0
2500,1,1,-0.762,0.363,-0.07,0.03,-0.07,0.03,INF,-1,1,7,0
2520,1,1,0.544,0.412,0.05,0.04,0.05,0.04,INF,-1,1,7,0
2540,1,1,-0.366,0.081,-0.03,0.01,-0.03,0.01,INF,-1,1,7,0
2560,1,1,0.160,-0.311,0.01,-0.03,0.01,-0.03,INF,-1,1,7,0
2580,1,1,-1.134,1.419,-0.11,0.13,-0.11,0.13,INF,-1,1,7,0
2600,1,1,0.138,-0.956,0.01,-0.09,0.01,-0.09,INF,-1,1,7,0
2620,1,1,-0.831,0.413,-0.08,0.04,-0.08,0.04,INF,-1,1,7,0
2640,1,1,-1.006,0.260,-0.09,0.02,-0.09,0.02,INF,-1,1,7,0
2660,1,1,0.226,0.974,0.02,0.09,0.02,0.09,INF,-1,1,7,0
2680,1,1,2.218,0.684,0.21,0.06,0.21,0.06,INF,-1,1,7,0
2700,1,1,0.539,0.439,0.05,0.04,0.05,0.04,INF,-1,1,7,0
2720,1,1,2.266,-0.411,0.21,-0.04,0.21,-0.04,INF,-1,1,7,0
2740,1,1,1.250,-0.463,0.12,-0.04,0.12,-0.04,INF,-1,1,7,0
2760,1,1,-1.792,0.040,-0.17,0.00,-0.17,0.00,INF,-1,1,7,0
2780,1,1,0.530,-0.123,0.05,-0.01,0.05,-0.01,INF,-1,1,7,0
2800,1,1,0.349,-0.972,0.03,-0.09,0.03,-0.09,INF,-1,1,7,0
2820,1,1,1.034,-0.271,0.10,-0.03,0.10,-0.03,INF,-1,1,7,0
2840,1,1,-0.115,0.206,-0.01,0.02,-0.01,0.02,INF,-1,1,7,0
2860,1,1,-0.510,-0.861,-0.05,-0.08,-0.05,-0.08,INF,-1,1,7,0
2880,1,1,0.364,-0.265,0.03,-0.02,0.03,-0.02,INF,-1,1,7,0
2900,1,1,0.202,-0.340,0.02,-0.03,0.02,-0.03,INF,-1,1,7,0
2920,1,1,0.656,0.338,0.06,0.03,0.06,0.03,INF,-1,1,7,0
2940,1,1,-2.060,0.227,-0.19,0.02,-0.19,0.02,INF,-1,1,7,0
2960,1,1,-0.707,1.664,-0.07,0.16,-0.07,0.16,INF,-1,1,7,0
2980,1,1,2.108,0.128,0.20,0.01,0.20,0.01,INF,-1,1,7,0
3000,1,1,0.489,0.734,0.05,0.07,0.05,0.07,INF,-1,1,7,0
3020,1,1,0.555,-1.582,0.05,-0.15,0.05,-0.15,INF,-1,1,7,0
3040,1,1,0.477,0.255,0.04,0.02,0.04,0.02,INF,-1,1,7,0
3060,1,1,0.699,-0.184,0.07,-0.02,0.07,-0.02,INF,-1,1,7,0
3080,1,1,0.688,0.588,0.06,0.05,0.06,0.05,INF,-1,1,7,0
3100,1,1,-0.731,-0.922,-0.07,-0.09,-0.07,-0.09,INF,-1,1,7,0
3120,1,1,0.252,-1.151,0.02,-0.11,0.02,-0.11,INF,-1,1,7,0
3140,1,1,-1.463,-0.242,-0.14,-0.02,-0.14,-0.02,INF,-1,1,7,0
3160,1,1,-0.809,0.877,-0.08,0.08,-0.08,0.08,INF,-1,1,7,0
3180,1,1,1.719,-0.940,0.16,-0.09,0.16,-0.09,INF,-1,1,7,0
3200,1,1,0.778,-0.167,0.07,-0.02,0.07,-0.02,INF,-1,1,7,0
3220,1,1,-0.925,-1.141,-0.09,-0.11,-0.09,-0.11,INF,-1,1,7,0
3240,1,1,1.847,-3.423,0.17,-0.32,0.17,-0.32,INF,-1,1,7,0
3260,1,1,0.766,-2.296,0.07,-0.21,0.07,-0.21,INF,-1,1,7,0
3280,1,1,-0.016,-1.827,0.00,-0.17,0.00,-0.17,INF,-1,1,7,0
3300,1,1,1.257,-2.635,0.12,-0.25,0.12,-0.25,INF,-1,1,7,0
3320,1,1,-0.047,-1.806,0.00,-0.17,0.00,-0.17,INF,-1,1,7,0
3340,1,1,0.194,-2.049,0.02,-0.19,0.02,-0.19,INF,-1,1,7,0
3360,1,1,0.553,-2.739,0.05,-0.26,0.05,-0.26,INF,-1,1,7,0
3380,1,1,-0.456,-2.937,-0.04,-0.27,-0.04,-0.27,INF,-1,1,7,0
3400,1,1,0.281,-0.959,0.03,-0.09,0.03,-0.09,INF,-1,1,7,0
3420,1,1,3.472,-4.507,0.32,-0.42,0.32,-0.42,INF,-1,1,7,0
3440,1,1,-0.645,-4.229,-0.06,-0.40,-0.06,-0.40,INF,-1,1,7,0
3460,1,1,0.118,-1.580,0.01,-0.15,0.01,-0.15,INF,-1,1,7,0
3480,1,1,0.645,-1.020,0.06,-0.10,0.06,-0.10,INF,-1,1,7,0
3500,1,1,1.048,-1.496,0.10,-0.14,0.10,-0.14,INF,-1,1,7,0
3520,1,1,1.281,-1.539,0.12,-0.14,0.12,-0.14,INF,-1,1,7,0
3540,1,1,-0.650,-1.984,-0.06,-0.19,-0.06,-0.19,INF,-1,1,7,0
3560,1,1,-0.156,-1.757,-0.01,-0.16,-0.01,-0.16,INF,-1,1,7,0
3580,1,1,-0.699,0.234,-0.07,0.02,-0.07,0.02,INF,-1,1,7,0
3600,1,1,-1.523,-1.488,-0.14,-0.14,-0.14,-0.14,INF,-1,1,7,0
3620,1,1,0.190,0.007,0.02,0.00,0.02,0.00,INF,-1,1,7,0
3640,1,1,0.607,0.414,0.06,0.04,0.06,0.04,INF,-1,1,7,0
3660,1,1,0.065,-1.040,0.01,-0.10,0.01,-0.10,INF,-1,1,7,0
3680,1,1,1.084,-0.608,0.10,-0.06,0.10,-0.06,INF,-1,1,7,0
3700,1,1,-1.008,1.682,-0.09,0.16,-0.09,0.16,INF,-1,1,7,0
3720,1,1,2.540,1.641,0.24,0.15,0.24,0.15,INF,-1,1,7,0
3740,1,1,0.787,0.446,0.07,0.04,0.07,0.04,INF,-1,1,7,0
3760,1,1,3.449,0.359,0.32,0.03,0.32,0.03,INF,-1,1,7,0
3780,1,1,2.932,0.152,0.27,0.01,0.27,0.01,INF,-1,1,7,0
3800,1,1,2.385,1.306,0.22,0.12,0.22,0.12,INF,-1,1,7,0
3820,1,1,2.738,0.462,0.26,0.04,0.26,0.04,INF,-1,1,7,0
3840,1,1,-0.014,1.335,0.00,0.12,0.00,0.12,INF,-1,1,7,0
3860,1,1,1.726,0.724,0.16,0.07,0.16,0.07,INF,-1,1,7,0
3880,0,1,0.000,0.000,0.00,0.00,0.00,0.00,0.00,-1,1,7,0
3900,1,1,1.855,-0.456,0.17,-0.04,0.17,-0.04,INF,-1,1,7,0
3920,1,1,2.827,0.823,0.26,0.08,0.26,0.08,INF,-1,1,7,0
3940,1,1,4.360,0.941,0.41,0.09,0.41,0.09,INF,-1,1,7,0
3960,1,1,4.366,-1.152,0.41,-0.11,0.41,-0.11,INF,-1,1,7,0
3980,1,1,4.398,0.412,0.41,0.04,0.41,0.04,INF,-1,1,7,0
4000,1,1,5.739,-0.034,0.54,0.00,0.54,0.00,INF,-1,1,7,0
4020,1,1,7.337,0.319,0.69,0.03,0.69,0.03,INF,-1,1,7,0
4040,1,1,2.129,0.510,0.20,0.05,0.20,0.05,INF,-1,1,7,0
4060,1,1,6.037,-1.134,0.56,-0.11,0.56,-0.11,INF,-1,1,7,0
4080,1,1,2.831,-1.189,0.26,-0.11,0.26,-0.11,INF,-1,1,7,0
4100,1,1,2.490,-0.490,0.23,-0.05,0.23,-0.05,INF,-1,1,7,0
4120,1,1,5.977,-1.623,0.56,-0.15,0.56,-0.15,INF,-1,1,7,0
4140,1,1,2.606,-0.215,0.24,-0.02,0.24,-0.02,INF,-1,1,7,0
4160,1,1,4.232,-1.089,0.40,-0.10,0.40,-0.10,INF,-1,1,7,0
4180,1,1,4.003,-1.318,0.37,-0.12,0.37,-0.12,INF,-1,1,7,0
4200,1,1,5.362,1.016,0.50,0.09,0.50,0.09,INF,-1,1,7,0
4220,1,1,3.450,-0.481,0.32,-0.04,0.32,-0.04,INF,-1,1,7,0
4240,1,1,4.439,-0.149,0.41,-0.01,0.41,-0.01,INF,-1,1,7,0
4260,1,1,4.202,-1.978,0.39,-0.18,0.39,-0.18,INF,-1,1,7,0
4280,1,1,2.528,-2.828,0.24,-0.26,0.24,-0.26,INF,-1,1,7,0
4300,1,1,-5.421,-0.685,-0.51,-0.06,-0.51,-0.06,INF,-1,1,7,0
4320,1,1,-1.493,0.168,-0.14,0.02,-0.14,0.02,INF,-1,1,7,0
4340,1,1,0.589,-1.155,0.06,-0.11,0.06,-0.11,INF,-1,1,7,0
4360,1,1,-3.247,-1.309,-0.30,-0.12,-0.30,-0.12,INF,-1,1,7,0
4380,1,1,0.287,-2.135,0.03,-0.20,0.03,-0.20,INF,-1,1,7,0
4400,1,1,-1.105,-2.209,-0.10,-0.21,-0.10,-0.21,INF,-1,1,7,0
4420,1,1,6.452,-2.242,0.60,-0.21,0.60,-0.21,INF,-1,1,7,0
4440,1,1,5.477,-1.078,0.51,-0.10,0.51,-0.10,INF,-1,1,7,0
4460,1,1,6.189,-3.751,0.58,-0.35,0.58,-0.35,INF,-1,1,7,0
4480,1,1,8.350,-0.999,0.78,-0.09,0.78,-0.09,INF,-1,1,7,0
4500,1,1,5.006,-2.931,0.47,-0.27,0.47,-0.27,INF,-1,1,7,0
4520,1,1,4.271,-0.397,0.40,-0.04,0.40,-0.04,INF,-1,1,7,0
4540,1,1,9.433,-3.879,0.88,-0.36,0.88,-0.36,INF,-1,1,7,0
4560,1,1,5.039,-2.057,0.47,-0.19,0.47,-0.19,INF,-1,1,7,0
4580,1,1,5.571,-1.787,0.52,-0.17,0.52,-0.17,INF,-1,1,7,0
4600,1,1,7.439,-3.987,0.70,-0.37,0.70,-0.37,INF,-1,1,7,0
4620,1,1,6.458,-2.031,0.60,-0.19,0.60,-0.19,INF,-1,1,7,0
4640,1,1,6.342,-2.165,0.59,-0.20,0.59,-0.20,INF,-1,1,7,0
4660,1,1,6.177,-1.271,0.58,-0.12,0.58,-0.12,INF,-1,1,7,0
4680,1,1,4.582,-1.300,0.43,-0.12,0.43,-0.12,INF,-1,1,7,0
4700,1,1,5.430,-0.395,0.51,-0.04,0.51,-0.04,INF,-1,1,7,0
4720,1,1,-1.493,2.077,-0.14,0.19,-0.14,0.19,INF,-1,1,7,0
4740,1,1,1.028,2.177,0.10,0.20,0.10,0.20,INF,-1,1,7,0
4760,1,1,1.902,0.048,0.18,0.00,0.18,0.00,INF,-1,1,7,0
4780,1,1,-2.204,2.858,-0.21,0.27,-0.21,0.27,INF,-1,1,7,0
4800,1,1,0.969,1.592,0.09,0.15,0.09,0.15,INF,-1,1,7,0
4820,1,1,0.568,0.820,0.05,0.08,0.05,0.08,INF,-1,1,7,0
4840,1,1,1.486,1.204,0.14,0.11,0.14,0.11,INF,-1,1,7,0
4860,1,1,1.450,-0.704,0.14,-0.07,0.14,-0.07,INF,-1,1,7,0
4880,1,1,1.790,1.239,0.17,0.12,0.17,0.12,INF,-1,1,7,0
4900,1,1,1.224,1.847,0.11,0.17,0.11,0.17,INF,-1,1,7,0
4920,1,1,1.348,1.456,0.13,0.14,0.13,0.14,INF,-1,1,7,0
4940,1,1,3.850,1.070,0.36,0.10,0.36,0.10,INF,-1,1,7,0
4960,1,1,1.112,1.298,0.10,0.12,0.10,0.12,INF,-1,1,7,0
4980,1,1,5.338,-2.030,0.50,-0.19,0.50,-0.19,INF,-1,1,7,0
5000,1,1,4.112,2.692,0.38,0.25,0.38,0.25,INF,-1,1,7,0
5020,1,1,2.659,2.574,0.25,0.24,0.25,0.24,INF,-1,1,7,0
5040,1,1,5.082,4.105,0.47,0.38,0.47,0.38,INF,-1,1,7,0
5060,1,1,2.796,4.063,0.26,0.38,0.26,0.38,INF,-1,1,7,0
5080,1,1,3.225,3.429,0.30,0.32,0.30,0.32,INF,-1,1,7,0
5100,1,1,3.206,1.288,0.30,0.12,0.30,0.12,INF,-1,1,7,0
5120,1,1,4.755,3.662,0.44,0.34,0.44,0.34,INF,-1,1,7,0
5140,1,1,2.003,4.129,0.19,0.39,0.19,0.39,INF,-1,1,7,0
5160,1,1,2.763,5.712,0.26,0.53,0.26,0.53,INF,-1,1,7,0
5180,1,1,2.139,2.578,0.20,0.24,0.20,0.24,INF,-1,1,7,0
5200,1,1,2.196,4.725,0.21,0.44,0.21,0.44,INF,-1,1,7,0
5220,1,1,0.520,4.826,0.05,0.45,0.05,0.45,INF,-1,1,7,0
5240,1,1,4.006,6.618,0.37,0.62,0.37,0.62,INF,-1,1,7,0
5260,1,1,2.041,5.794,0.19,0.54,0.19,0.54,INF,-1,0,7,0
5280,1,1,4.921,3.655,0.46,0.34,0.46,0.34,INF,-1,0,7,0
5300,1,1,5.008,5.596,0.47,0.52,0.47,0.52,INF,-1,0,7,0
5320,1,1,2.033,5.529,0.19,0.52,0.19,0.52,INF,-1,0,7,0
5340,1,1,5.358,4.179,0.50,0.39,0.50,0.39,INF,-1,0,7,0
5360,1,1,3.033,4.177,0.28,0.39,0.28,0.39,INF,-1,0,7,0
5380,1,1,2.352,6.240,0.22,0.58,0.22,0.58,INF,-1,0,7,0
5400,1,1,-0.295,4.744,-0.03,0.44,-0.03,0.44,INF,-1,0,7,0
5420,1,1,0.333,6.685,0.03,0.62,0.03,0.62,INF,-1,0,7,0
5440,1,1,4.207,5.284,0.39,0.49,0.39,0.49,INF,-1,0,7,0
5460,1,1,-1.620,6.187,-0.15,0.58,-0.15,0.58,INF,-1,0,7,0
5480,1,1,0.357,5.284,0.03,0.49,0.03,0.49,INF,-1,0,7,0
5500,1,1,3.135,3.125,0.29,0.29,0.29,0.29,INF,-1,1,7,0
5520,1,1,-0.292,5.221,-0.03,0.49,-0.03,0.49,INF,-1,1,7,0
5540,1,1,2.496,4.664,0.23,0.44,0.23,0.44,INF,-1,1,7,0
5560,1,1,1.584,5.661,0.15,0.53,0.15,0.53,INF,-1,1,7,0
5580,1,1,-0.057,4.299,-0.01,0.40,-0.01,0.40,INF,-1,1,7,0
5600,1,1,0.916,8.725,0.09,0.82,0.09,0.82,INF,-1,1,7,0
5620,1,1,-2.799,7.328,-0.26,0.68,-0.26,0.68,INF,-1,1,7,0
5640,1,1,4.813,6.844,0.45,0.64,0.45,0.64,INF,-1,1,7,0
5660,1,1,2.708,6.701,0.25,0.63,0.25,0.63,INF,-1,1,7,0
5680,1,1,4.213,7.112,0.39,0.66,0.39,0.66,INF,-1,1,7,0
5700,1,1,1.787,7.054,0.17,0.66,0.17,0.66,INF,-1,1,7,0
5720,1,1,4.053,5.833,0.38,0.55,0.38,0.55,INF,-1,1,7,0
5740,1,1,3.255,8.521,0.30,0.80,0.30,0.80,INF,-1,1,7,0
5760,1,1,1.554,7.183,0.15,0.67,0.15,0.67,INF,-1,1,7,0
5780,1,1,0.563,8.936,0.05,0.84,0.05,0.84,INF,-1,1,7,0
5800,1,1,1.835,9.559,0.17,0.89,0.17,0.89,INF,-1,1,7,0
5820,1,1,-0.957,6.185,-0.09,0.58,-0.09,0.58,INF,-1,1,7,0
5840,1,1,-1.334,7.789,-0.12,0.73,-0.12,0.73,INF,-1,1,7,0
5860,1,1,-1.545,7.104,-0.14,0.66,-0.14,0.66,INF,-1,1,7,0
5880,1,1,0.367,8.405,0.03,0.79,0.03,0.79,INF,-1,1,7,0
5900,1,1,0.503,7.175,0.05,0.67,0.05,0.67,INF,-1,1,7,0
5920,1,1,-0.733,8.358,-0.07,0.78,-0.07,0.78,INF,-1,1,7,0
5940,1,1,-2.398,8.909,-0.22,0.83,-0.22,0.83,INF,-1,1,7,0
5960,1,1,-2.033,7.588,-0.19,0.71,-0.19,0.71,INF,-1,1,7,0
5980,1,1,-4.492,7.294,-0.42,0.68,-0.42,0.68,INF,-1,1,7,0
6000,1,1,0.400,7.968,0.04,0.74,0.04,0.74,INF,-1,1,7,0
6020,1,1,-1.983,8.610,-0.19,0.80,-0.19,0.80,INF,-1,1,7,0
6040,1,1,-1.252,4.523,-0.12,0.42,-0.12,0.42,INF,-1,1,7,0
6060,1,1,3.366,6.944,0.31,0.65,0.31,0.65,INF,-1,1,7,0
6080,1,1,3.639,7.405,0.34,0.69,0.34,0.69,INF,-1,1,7,0
6100,1,1,3.000,7.777,0.28,0.73,0.28,0.73,INF,-1,1,7,0
6120,1,1,3.416,6.055,0.32,0.57,0.32,0.57,INF,-1,1,7,0
6140,1,1,4.522,5.118,0.42,0.48,0.42,0.48,INF,-1,1,7,0
6160,1,1,5.109,5.077,0.48,0.47,0.48,0.47,INF,-1,1,7,0
6180,1,1,3.883,6.151,0.36,0.57,0.36,0.57,INF,-1,1,7,0
6200,1,1,3.419,7.128,0.32,0.67,0.32,0.67,INF,-1,1,7,0
6220,1,1,3.874,4.136,0.36,0.39,0.36,0.39,INF,-1,1,7,0
6240,1,1,1.613,7.681,0.15,0.72,0.15,0.72,INF,-1,1,7,0
6260,1,1,4.512,6.298,0.42,0.59,0.42,0.59,INF,-1,1,7,0
6280,1,1,2.516,7.062,0.24,0.66,0.24,0.66,INF,-1,1,7,0
6300,1,1,5.027,5.253,0.47,0.49,0.47,0.49,INF,-1,1,7,0
6320,1,1,3.786,3.101,0.35,0.29,0.35,0.29,INF,-1,1,7,0
6340,1,1,2.797,5.003,0.26,0.47,0.26,0.47,INF,-1,1,7,0
6360,1,1,2.979,3.531,0.28,0.33,0.28,0.33,INF,-1,1,7,0
6380,1,1,2.169,5.830,0.20,0.54,0.20,0.54,INF,-1,1,7,0
6400,1,1,-4.816,5.795,-0.45,0.54,-0.45,0.54,INF,-1,1,7,0
6420,1,1,-2.388,3.822,-0.22,0.36,-0.22,0.36,INF,-1,1,7,0
6440,1,1,-0.498,5.600,-0.05,0.52,-0.05,0.52,INF,-1,1,7,0
6460,1,1,-3.050,4.153,-0.29,0.39,-0.29,0.39,INF,-1,1,7,0
6480,1,1,-6.778,4.385,-0.63,0.41,-0.63,0.41,INF,-1,1,7,0
6500,1,1,-5.229,6.075,-0.49,0.57,-0.49,0.57,INF,-1,1,7,0
6520,1,1,-0.473,2.656,-0.04,0.25,-0.04,0.25,INF,-1,1,7,0
6540,1,1,-1.170,4.664,-0.11,0.44,-0.11,0.44,INF,-1,1,7,0
6560,1,1,-3.187,4.690,-0.30,0.44,-0.30,0.44,INF,-1,1,7,0
6580,1,1,0.149,4.633,0.01,0.43,0.01,0.43,INF,-1,1,7,0
6600,1,1,-0.508,3.703,-0.05,0.35,-0.05,0.35,INF,-1,1,7,0
6620,1,1,-1.927,5.294,-0.18,0.49,-0.18,0.49,INF,-1,1,7,0
6640,1,1,0.391,4.958,0.04,0.46,0.04,0.46,INF,-1,1,7,0
6660,1,1,-0.052,2.830,0.00,0.26,0.00,0.26,INF,-1,1,7,0
6680,1,1,0.406,3.154,0.04,0.29,0.04,0.29,INF,-1,1,7,0
6700,1,1,3.938,2.088,0.37,0.20,0.37,0.20,INF,-1,1,7,0
6720,1,1,3.566,4.694,0.33,0.44,0.33,0.44,INF,-1,1,7,0
6740,1,1,5.088,5.755,0.48,0.54,0.48,0.54,INF,-1,1,7,0
6760,1,1,5.328,2.316,0.50,0.22,0.50,0.22,INF,-1,1,7,0
6780,1,1,2.727,1.767,0.25,0.17,0.25,0.17,INF,-1,1,7,0
6800,1,1,-0.771,3.014,-0.07,0.28,-0.07,0.28,INF,-1,1,7,0
6820,1,1,0.100,3.995,0.01,0.37,0.01,0.37,INF,-1,1,7,0
6840,1,1,2.358,6.077,0.22,0.57,0.22,0.57,INF,-1,1,7,0
6860,1,1,4.286,6.620,0.40,0.62,0.40,0.62,INF,-1,1,7,0
6880,1,1,1.967,6.482,0.18,0.61,0.18,0.61,INF,-1,1,7,0
6900,1,1,2.191,8.955,0.20,0.84,0.20,0.84,INF,-1,1,7,0
6920,1,1,1.807,7.104,0.17,0.66,0.17,0.66,INF,-1,1,7,0
6940,1,1,1.988,7.335,0.19,0.69,0.19,0.69,INF,-1,1,7,0
6960,1,1,2.151,7.270,0.20,0.68,0.20,0.68,INF,-1,1,7,0
6980,1,1,4.859,7.469,0.45,0.70,0.45,0.70,INF,-1,1,7,0
7000,1,1,4.253,6.853,0.40,0.64,0.40,0.64,INF,-1,1,7,0
7020,1,1,2.805,7.228,0.26,0.68,0.26,0.68,INF,-1,1,7,0
7040,1,1,2.348,6.530,0.22,0.61,0.22,0.61,INF,-1,1,7,0
7060,1,1,3.993,8.454,0.37,0.79,0.37,0.79,INF,-1,1,7,0
7080,1,1,5.950,8.622,0.56,0.81,0.56,0.81,INF,-1,1,7,0
7100,1,1,1.127,7.591,0.11,0.71,0.11,0.71,INF,-1,1,7,0
7120,1,1,6.793,10.621,0.63,0.99,0.63,0.99,INF,-1,1,7,0
7140,1,1,2.807,8.095,0.26,0.76,0.26,0.76,INF,-1,1,7,0
7160,1,1,2.065,7.586,0.19,0.71,0.19,0.71,INF,-1,1,7,0
7180,1,1,4.266,9.745,0.40,0.91,0.40,0.91,INF,-1,1,7,0
7200,1,1,0.553,8.840,0.05,0.83,0.05,0.83,INF,-1,1,7,0
7220,1,1,4.899,9.755,0.46,0.91,0.46,0.91,INF,-1,1,7,0
7240,1,1,1.848,8.733,0.17,0.82,0.17,0.82,INF,-1,1,7,0
7260,1,1,-0.111,9.373,-0.01,0.88,-0.01,0.88,INF,-1,1,7,0
7280,1,1,2.022,9.156,0.19,0.86,0.19,0.86,INF,-1,1,7,0
7300,1,1,2.848,8.999,0.27,0.84,0.27,0.84,INF,-1,1,7,0
7320,1,1,2.524,11.371,0.24,1.06,0.24,1.06,INF,-1,1,7,0
7340,1,1,1.846,8.655,0.17,0.81,0.17,0.81,INF,-1,1,7,0
7360,1,1,2.003,7.760,0.19,0.73,0.19,0.73,INF,-1,1,7,0
7380,1,1,4.779,10.338,0.45,0.97,0.45,0.97,INF,-1,1,7,0
7400,1,1,3.117,7.413,0.29,0.69,0.29,0.69,INF,-1,1,7,0
7420,1,1,1.648,7.322,0.15,0.68,0.15,0.68,INF,-1,1,7,0
7440,1,1,4.597,8.752,0.43,0.82,0.43,0.82,INF,-1,1,7,0
7460,1,1,7.431,7.556,0.69,0.71,0.69,0.71,INF,-1,1,7,0
7480,1,1,7.092,9.462,0.66,0.88,0.66,0.88,INF,-1,1,7,0
7500,1,1,3.399,9.517,0.32,0.89,0.32,0.89,INF,-1,1,7,0
7520,1,1,3.176,7.884,0.30,0.74,0.30,0.74,INF,-1,1,7,0
7540,1,1,4.977,8.530,0.47,0.80,0.47,0.80,INF,-1,1,7,0
7560,1,1,1.824,8.246,0.17,0.77,0.17,0.77,INF,-1,1,7,0
7580,1,1,4.957,8.531,0.46,0.80,0.46,0.80,INF,-1,1,7,0
7600,1,1,4.649,8.590,0.43,0.80,0.43,0.80,INF,-1,1,7,0
7620,1,1,5.291,9.313,0.49,0.87,0.49,0.87,INF,-1,1,7,0
7640,1,1,4.291,8.450,0.40,0.79,0.40,0.79,INF,-1,1,7,0
7660,1,1,5.378,8.008,0.50,0.75,0.50,0.75,INF,-1,1,7,0
7680,1,1,4.075,7.938,0.38,0.74,0.38,0.74,INF,-1,1,7,0
7700,1,1,3.145,8.044,0.29,0.75,0.29,0.75,INF,-1,1,7,0
7720,1,1,6.169,8.706,0.58,0.81,0.58,0.81,INF,-1,1,7,0
7740,1,1,5.360,7.454,0.50,0.70,0.50,0.70,INF,-1,1,7,0
7760,1,1,6.506,8.303,0.61,0.78,0.61,0.78,INF,-1,1,7,0
7780,1,1,5.508,9.397,0.51,0.88,0.51,0.88,INF,-1,1,7,0
7800,1,1,8.676,8.367,0.81,0.78,0.81,0.78,INF,-1,1,7,0
7820,1,1,3.874,7.805,0.36,0.73,0.36,0.73,INF,-1,1,7,0
7840,1,1,5.153,9.441,0.48,0.88,0.48,0.88,INF,-1,1,7,0
7860,1,1,4.482,8.676,0.42,0.81,0.42,0.81,INF,-1,1,7,0
7880,1,1,4.622,8.573,0.43,0.80,0.43,0.80,INF,-1,1,7,0
7900,1,1,5.046,8.753,0.47,0.82,0.47,0.82,INF,-1,1,7,0
7920,1,1,3.689,8.840,0.34,0.83,0.34,0.83,INF,-1,1,7,0
7940,1,1,1.632,9.126,0.15,0.85,0.15,0.85,INF,-1,1,7,0
7960,1,1,4.880,6.928,0.46,0.65,0.46,0.65,INF,-1,1,7,0
7980,1,1,4.670,8.674,0.44,0.81,0.44,0.81,INF,-1,1,7,0
8000,1,1,4.826,9.438,0.45,0.88,0.45,0.88,INF,-1,1,7,0
8020,1,1,4.367,7.952,0.41,0.74,0.41,0.74,INF,-1,1,7,0
8040,1,1,5.259,6.967,0.49,0.65,0.49,0.65,INF,-1,1,7,0
8060,1,1,5.574,6.540,0.52,0.61,0.52,0.61,INF,-1,1,7,0
8080,1,1,7.689,8.497,0.72,0.79,0.72,0.79,INF,-1,1,7,0
8100,1,1,6.176,7.662,0.58,0.72,0.58,0.72,INF,-1,1,7,0
8120,1,1,7.228,8.422,0.68,0.79,0.68,0.79,INF,-1,1,7,0
8140,1,1,6.103,8.012,0.57,0.75,0.57,0.75,INF,-1,1,7,0
8160,1,1,5.900,7.601,0.55,0.71,0.55,0.71,INF,-1,1,7,0
8180,1,1,3.974,6.650,0.37,0.62,0.37,0.62,INF,-1,1,7,0
8200,1,1,7.013,7.695,0.66,0.72,0.66,0.72,INF,-1,1,7,0
8220,1,1,6.222,7.069,0.58,0.66,0.58,0.66,INF,-1,1,7,0
8240,1,1,10.874,8.112,1.02,0.76,1.02,0.76,INF,-1,1,7,0
8260,1,1,9.668,5.955,0.90,0.56,0.90,0.56,INF,-1,1,7,0
8280,1,1,9.523,6.642,0.89,0.62,0.89,0.62,INF,-1,1,7,0
8300,1,1,10.792,6.828,1.01,0.64,1.01,0.64,INF,-1,1,7,0
8320,1,1,8.179,8.501,0.76,0.79,0.76,0.79,INF,-1,1,7,0
8340,1,1,3.659,5.379,0.34,0.50,0.34,0.50,INF,-1,1,7,0
8360,1,1,4.673,4.218,0.44,0.39,0.44,0.39,INF,-1,1,7,0
8380,1,1,6.011,4.796,0.56,0.45,0.56,0.45,INF,-1,1,7,0
8400,1,1,6.520,3.412,0.61,0.32,0.61,0.32,INF,-1,1,7,0
8420,1,1,5.525,5.285,0.52,0.49,0.52,0.49,INF,-1,1,7,0
8440,1,1,5.488,4.109,0.51,0.38,0.51,0.38,INF,-1,1,7,0
8460,1,1,3.986,6.012,0.37,0.56,0.37,0.56,INF,-1,1,7,0
8480,1,1,3.410,4.778,0.32,0.45,0.32,0.45,INF,-1,1,7,0
8500,1,1,5.940,4.575,0.56,0.43,0.56,0.43,INF,-1,1,7,0
8520,1,1,6.943,4.662,0.65,0.44,0.65,0.44,INF,-1,1,7,0
8540,1,1,5.773,6.064,0.54,0.57,0.54,0.57,INF,-1,1,7,0
8560,1,1,4.634,4.058,0.43,0.38,0.43,0.38,INF,-1,1,7,0
8580,1,1,8.349,3.935,0.78,0.37,0.78,0.37,INF,-1,1,7,0
8600,1,1,2.230,3.896,0.21,0.36,0.21,0.36,INF,-1,1,7,0
8620,1,1,2.927,5.992,0.27,0.56,0.27,0.56,INF,-1,1,7,0
8640,1,1,3.154,2.795,0.29,0.26,0.29,0.26,INF,-1,1,7,0
8660,1,1,3.672,2.275,0.34,0.21,0.34,0.21,INF,-1,1,7,0
8680,1,1,5.607,1.588,0.52,0.15,0.52,0.15,INF,-1,1,7,0
8700,1,1,1.628,4.188,0.15,0.39,0.15,0.39,INF,-1,1,7,0
8720,1,1,6.651,2.493,0.62,0.23,0.62,0.23,INF,-1,1,7,0
8740,1,1,4.577,3.391,0.43,0.32,0.43,0.32,INF,-1,1,7,0
8760,1,1,7.814,3.189,0.73,0.30,0.73,0.30,INF,-1,1,7,0
8780,1,1,2.739,4.325,0.26,0.40,0.26,0.40,INF,-1,1,7,0
8800,1,1,2.415,5.463,0.23,0.51,0.23,0.51,INF,-1,1,7,0
8820,1,1,5.010,2.483,0.47,0.23,0.47,0.23,INF,-1,1,7,0
8840,1,1,2.490,5.287,0.23,0.49,0.23,0.49,INF,-1,1,7,0
8860,1,1,3.000,1.448,0.28,0.14,0.28,0.14,INF,-1,1,7,0
8880,1,1,0.153,3.318,0.01,0.31,0.01,0.31,INF,-1,1,7,0
8900,1,1,2.286,3.498,0.21,0.33,0.21,0.33,INF,-1,1,7,0
8920,1,1,6.945,2.378,0.65,0.22,0.65,0.22,INF,-1,1,7,0
8940,1,1,2.873,2.739,0.27,0.26,0.27,0.26,INF,-1,1,7,0
8960,1,1,5.677,3.801,0.53,0.36,0.53,0.36,INF,-1,1,7,0
8980,1,1,4.959,2.866,0.46,0.27,0.46,0.27,INF,-1,1,7,0
9000,1,1,7.213,3.374,0.67,0.32,0.67,0.32,INF,-1,1,7,0
9020,1,1,9.586,5.245,0.90,0.49,0.90,0.49,INF,-1,1,7,0
9040,1,1,9.484,5.377,0.89,0.50,0.89,0.50,INF,-1,1,7,0
9060,1,1,9.167,7.211,0.86,0.67,0.86,0.67,INF,-1,1,7,0
9080,1,1,7.670,5.641,0.72,0.53,0.72,0.53,INF,-1,1,7,0
9100,1,1,5.126,5.103,0.48,0.48,0.48,0.48,INF,-1,1,7,0
9120,1,1,7.638,6.367,0.71,0.60,0.71,0.60,INF,-1,1,7,0
9140,1,1,6.469,4.970,0.60,0.46,0.60,0.46,INF,-1,1,7,0
9160,1,1,6.081,5.237,0.57,0.49,0.57,0.49,INF,-1,1,7,0
9180,1,1,7.032,3.384,0.66,0.32,0.66,0.32,INF,-1,1,7,0
9200,1,1,3.369,8.009,0.31,0.75,0.31,0.75,INF,-1,1,7,0
9220,1,1,2.505,5.993,0.23,0.56,0.23,0.56,INF,-1,1,7,0
9240,1,1,3.791,3.612,0.35,0.34,0.35,0.34,INF,-1,1,7,0
9260,1,1,2.217,5.809,0.21,0.54,0.21,0.54,INF,-1,1,7,0
9280,1,1,1.219,5.263,0.11,0.49,0.11,0.49,INF,-1,1,7,0
9300,1,1,0.667,5.609,0.06,0.52,0.06,0.52,INF,-1,1,7,0
9320,1,1,1.881,4.165,0.18,0.39,0.18,0.39,INF,-1,1,7,0
9340,1,1,5.470,5.711,0.51,0.53,0.51,0.53,INF,-1,1,7,0
9360,1,1,2.198,6.742,0.21,0.63,0.21,0.63,INF,-1,1,7,0
9380,1,1,4.966,4.984,0.46,0.47,0.46,0.47,INF,-1,1,7,0
9400,1,1,4.947,5.320,0.46,0.50,0.46,0.50,INF,-1,1,7,0
9420,1,1,2.410,4.730,0.23,0.44,0.23,0.44,INF,-1,1,7,0
9440,1,1,4.898,5.914,0.46,0.55,0.46,0.55,INF,-1,1,7,0
9460,1,1,2.716,5.709,0.25,0.53,0.25,0.53,INF,-1,1,7,0
9480,1,1,4.312,4.698,0.40,0.44,0.40,0.44,INF,-1,1,7,0
9500,1,1,4.231,5.895,0.40,0.55,0.40,0.55,INF,-1,1,7,0
9520,1,1,3.924,5.166,0.37,0.48,0.37,0.48,INF,-1,1,7,0
9540,1,1,2.831,5.948,0.26,0.56,0.26,0.56,INF,-1,1,7,0
9560,1,1,3.301,5.643,0.31,0.53,0.31,0.53,INF,-1,1,7,0
9580,1,1,2.965,4.173,0.28,0.39,0.28,0.39,INF,-1,1,7,0
9600,1,1,2.742,4.718,0.26,0.44,0.26,0.44,INF,-1,1,7,0
9620,1,1,3.004,5.350,0.28,0.50,0.28,0.50,INF,-1,1,7,0
9640,1,1,0.000,7.328,0.00,0.68,0.00,0.68,INF,-1,1,7,0
9660,1,1,5.731,5.062,0.54,0.47,0.54,0.47,INF,-1,1,7,0
9680,1,1,1.475,6.357,0.14,0.59,0.14,0.59,INF,-1,1,7,0
9700,1,1,3.311,4.731,0.31,0.44,0.31,0.44,INF,-1,1,7,0
9720,1,1,2.538,5.223,0.24,0.49,0.24,0.49,INF,-1,1,7,0
9740,1,1,3.470,5.925,0.32,0.55,0.32,0.55,INF,-1,1,7,0
9760,1,1,5.151,3.823,0.48,0.36,0.48,0.36,INF,-1,1,7,0
9780,1,1,1.674,5.946,0.16,0.56,0.16,0.56,INF,-1,1,7,0
9800,1,1,3.519,5.078,0.33,0.47,0.33,0.47,INF,-1,1,7,0
9820,1,1,0.825,4.600,0.08,0.43,0.08,0.43,INF,-1,1,7,0
9840,1,1,2.487,6.930,0.23,0.65,0.23,0.65,INF,-1,1,7,0
9860,1,1,4.041,4.925,0.38,0.46,0.38,0.46,INF,-1,1,7,0
9880,1,1,2.551,4.778,0.24,0.45,0.24,0.45,INF,-1,1,7,0
9900,1,1,4.749,4.895,0.44,0.46,0.44,0.46,INF,-1,1,7,0
9920,1,1,2.653,5.666,0.25,0.53,0.25,0.53,INF,-1,1,7,0
9940,1,1,4.022,4.642,0.38,0.43,0.38,0.43,INF,-1,1,7,0
9960,1,1,4.057,4.766,0.38,0.45,0.38,0.45,INF,-1,1,7,0
9980,1,1,1.287,5.115,0.12,0.48,0.12,0.48,INF,-1,1,7,0
10000,1,1,4.689,6.281,0.44,0.59,0.44,0.59,INF,-1,1,7,0
10020,1,1,6.183,5.464,0.58,0.51,0.58,0.51,INF,-1,1,7,0
10040,1,1,6.336,4.605,0.59,0.43,0.59,0.43,INF,-1,1,7,0
10060,1,1,5.495,4.644,0.51,0.43,0.51,0.43,INF,-1,1,7,0
10080,1,1,6.718,7.382,0.63,0.69,0.63,0.69,INF,-1,1,7,0
10100,1,1,6.749,5.213,0.63,0.49,0.63,0.49,INF,-1,1,7,0
10120,1,1,5.010,5.931,0.47,0.55,0.47,0.55,INF,-1,1,7,0
10140,1,1,7.697,5.974,0.72,0.56,0.72,0.56,INF,-1,1,7,0
10160,1,1,6.271,5.475,0.59,0.51,0.59,0.51,INF,-1,1,7,0
10180,1,1,6.761,4.814,0.63,0.45,0.63,0.45,INF,-1,1,7,0
10200,1,1,5.852,4.600,0.55,0.43,0.55,0.43,INF,-1,1,7,0
10220,1,1,4.578,6.187,0.43,0.58,0.43,0.58,INF,-1,1,7,0
10240,1,1,7.650,5.488,0.72,0.51,0.71,0.51,INF,-1,1,7,0
10260,1,1,9.077,5.792,0.85,0.54,0.85,0.54,INF,-1,1,7,0
10280,1,1,6.744,3.673,0.63,0.34,0.63,0.34,INF,-1,1,7,0
10300,1,1,0.089,6.023,0.01,0.56,0.01,0.56,INF,-1,1,7,0
10320,1,1,3.156,6.342,0.29,0.59,0.29,0.59,INF,-1,1,7,0
10340,1,1,3.910,5.972,0.37,0.56,0.37,0.56,INF,-1,1,7,0
10360,1,1,1.484,5.854,0.14,0.55,0.14,0.55,INF,-1,1,7,0
10380,1,1,-1.683,5.187,-0.16,0.48,-0.16,0.48,INF,-1,1,7,0
10400,1,1,3.220,6.731,0.30,0.63,0.30,0.63,INF,-1,1,7,0
10420,1,1,1.611,6.443,0.15,0.60,0.15,0.60,INF,-1,1,7,0
10440,1,1,-0.535,5.411,-0.05,0.51,-0.05,0.51,INF,-1,1,7,0
10460,1,1,3.375,5.023,0.32,0.47,0.32,0.47,INF,-1,1,7,0
10480,1,1,2.431,7.067,0.23,0.66,0.23,0.66,INF,-1,1,7,0
10500,1,1,0.919,6.222,0.09,0.58,0.09,0.58,INF,-1,1,7,0
10520,1,1,-0.074,6.443,-0.01,0.60,-0.01,0.60,INF,-1,1,7,0
10540,1,1,2.589,6.621,0.24,0.62,0.24,0.62,INF,-1,1,7,0
10560,1,1,1.183,7.154,0.11,0.67,0.11,0.67,INF,-1,1,7,0
10580,1,1,0.672,4.625,0.06,0.43,0.06,0.43,INF,-1,1,7,0
10600,1,1,2.074,7.562,0.19,0.71,0.19,0.71,INF,-1,1,7,0
10620,1,1,5.803,7.457,0.54,0.70,0.54,0.70,INF,-1,1,7,0
10640,1,1,8.239,8.315,0.77,0.78,0.77,0.78,INF,-1,1,7,0
10660,1,1,7.993,5.224,0.75,0.49,0.75,0.49,INF,-1,1,7,0
10680,1,1,5.302,7.176,0.50,0.67,0.50,0.67,INF,-1,1,7,0
10700,0,1,0.000,0.000,0.00,0.00,0.00,0.00,0.00,-1,1,7,0
10720,1,1,10.245,4.842,0.96,0.45,0.96,0.45,INF,-1,1,7,0
10740,1,1,5.323,5.036,0.50,0.47,0.50,0.47,INF,-1,1,7,0
10760,1,1,8.489,4.817,0.79,0.45,0.79,0.45,INF,-1,1,7,0
10780,1,1,4.464,5.747,0.42,0.54,0.42,0.54,INF,-1,1,7,0
10800,1,1,1.227,7.311,0.11,0.68,0.11,0.68,INF,-1,1,7,0
10820,1,1,0.984,6.863,0.09,0.64,0.09,0.64,INF,-1,1,7,0
10840,1,1,2.630,5.777,0.25,0.54,0.25,0.54,INF,-1,1,7,0
10860,1,1,2.149,5.832,0.20,0.55,0.20,0.55,INF,-1,1,7,0
10880,1,1,2.685,7.405,0.25,0.69,0.25,0.69,INF,-1,1,7,0
10900,1,1,3.352,6.664,0.31,0.62,0.31,0.62,INF,-1,1,7,0
10920,1,1,0.703,6.573,0.07,0.61,0.07,0.61,INF,-1,1,7,0
10940,1,1,0.639,6.767,0.06,0.63,0.06,0.63,INF,-1,1,7,0
10960,1,1,0.758,5.346,0.07,0.50,0.07,0.50,INF,-1,1,7,0
10980,1,1,3.923,7.739,0.37,0.72,0.37,0.72,INF,-1,1,7,0
11000,1,1,2.109,6.255,0.20,0.58,0.20,0.58,INF,-1,1,7,0
11020,1,1,4.947,5.243,0.46,0.49,0.46,0.49,INF,-1,1,7,0
11040,1,1,2.134,5.637,0.20,0.53,0.20,0.53,INF,-1,1,7,0
11060,1,1,0.096,6.111,0.01,0.57,0.01,0.57,INF,-1,1,7,0
11080,1,1,3.031,5.397,0.28,0.50,0.28,0.50,INF,-1,1,7,0
11100,1,1,4.354,4.749,0.41,0.44,0.41,0.44,INF,-1,1,7,0
11120,1,1,1.118,6.596,0.10,0.62,0.10,0.62,INF,-1,1,7,0
11140,1,1,1.320,5.718,0.12,0.53,0.12,0.53,INF,-1,1,7,0
11160,1,1,4.952,6.001,0.46,0.56,0.46,0.56,INF,-1,1,7,0
11180,1,1,3.237,6.627,0.30,0.62,0.30,0.62,INF,-1,1,7,0
11200,1,1,0.886,5.727,0.08,0.54,0.08,0.54,INF,-1,1,7,0
11220,1,1,4.560,4.110,0.43,0.38,0.43,0.38,INF,-1,1,7,0
11240,1,1,0.310,7.847,0.03,0.73,0.03,0.73,INF,-1,1,7,0
11260,1,1,1.522,6.092,0.14,0.57,0.14,0.57,INF,-1,1,7,0
11280,1,1,2.191,7.236,0.20,0.68,0.20,0.68,INF,-1,1,7,0
11300,1,1,2.050,5.577,0.19,0.52,0.19,0.52,INF,-1,1,7,0
11320,1,1,2.614,6.763,0.24,0.63,0.24,0.63,INF,-1,1,7,0
11340,1,1,3.589,6.868,0.34,0.64,0.34,0.64,INF,-1,1,7,0
11360,1,1,6.643,4.829,0.62,0.45,0.62,0.45,INF,-1,1,7,0
11380,1,1,0.153,6.757,0.01,0.63,0.01,0.63,INF,-1,1,7,0
11400,1,1,1.870,6.918,0.17,0.65,0.17,0.65,INF,-1,1,7,0
11420,1,1,3.211,7.194,0.30,0.67,0.30,0.67,INF,-1,1,7,0
11440,1,1,2.718,6.795,0.25,0.64,0.25,0.64,INF,-1,1,7,0
11460,1,1,4.731,8.682,0.44,0.81,0.44,0.81,INF,-1,1,7,0
11480,1,1,3.419,6.908,0.32,0.65,0.32,0.65,INF,-1,1,7,0
11500,1,1,2.365,5.766,0.22,0.54,0.22,0.54,INF,-1,1,7,0
11520,1,1,1.628,6.733,0.15,0.63,0.15,0.63,INF,-1,1,7,0
11540,1,1,3.518,6.827,0.33,0.64,0.33,0.64,INF,-1,1,7,0
11560,1,1,3.766,7.899,0.35,0.74,0.35,0.74,INF,-1,1,7,0
11580,1,1,2.444,7.915,0.23,0.74,0.23,0.74,INF,-1,1,7,0
11600,1,1,3.379,8.735,0.32,0.82,0.32,0.82,INF,-1,1,7,0
11620,1,1,1.527,8.279,0.14,0.77,0.14,0.77,INF,-1,1,7,0
11640,1,1,2.141,6.129,0.20,0.57,0.20,0.57,INF,-1,1,7,0
11660,1,1,3.086,8.027,0.29,0.75,0.29,0.75,INF,-1,1,7,0
11680,1,1,1.911,6.153,0.18,0.58,0.18,0.58,INF,-1,1,7,0
11700,1,1,3.199,6.587,0.30,0.62,0.30,0.62,INF,-1,1,7,0
11720,1,1,0.078,6.564,0.01,0.61,0.01,0.61,INF,-1,1,7,0
11740,1,1,3.230,6.093,0.30,0.57,0.30,0.57,INF,-1,1,7,0
11760,1,1,0.921,8.263,0.09,0.77,0.09,0.77,INF,-1,1,7,0
11780,1,1,3.260,8.392,0.30,0.78,0.30,0.78,INF,-1,1,7,0
11800,1,1,0.448,7.740,0.04,0.72,0.04,0.72,INF,-1,1,7,0
11820,1,1,0.347,7.878,0.03,0.74,0.03,0.74,INF,-1,1,7,0
11840,1,1,2.517,7.135,0.24,0.67,0.24,0.67,INF,-1,1,7,0
11860,1,1,2.476,6.670,0.23,0.62,0.23,0.62,INF,-1,1,7,0
11880,1,1,5.229,6.463,0.49,0.60,0.49,0.60,INF,-1,1,7,0
11900,1,1,3.390,5.963,0.32,0.56,0.32,0.56,INF,-1,1,7,0
11920,1,1,3.341,6.753,0.31,0.63,0.31,0.63,INF,-1,1,7,0
11940,1,1,2.167,6.728,0.20,0.63,0.20,0.63,INF,-1,1,7,0
11960,1,1,0.415,5.316,0.04,0.50,0.04,0.50,INF,-1,1,7,0
11980,1,1,2.902,6.602,0.27,0.62,0.27,0.62,INF,-1,1,7,0
12000,1,1,4.502,5.604,0.42,0.52,0.42,0.52,INF,-1,1,7,0
12020,1,1,3.857,4.491,0.36,0.42,0.36,0.42,INF,-1,1,7,0
12040,1,1,6.375,6.619,0.60,0.62,0.60,0.62,INF,-1,1,7,0
12060,1,1,3.364,5.704,0.31,0.53,0.31,0.53,INF,-1,1,7,0
12080,1,1,2.315,6.173,0.22,0.58,0.22,0.58,INF,-1,1,7,0
12100,1,1,4.910,5.021,0.46,0.47,0.46,0.47,INF,-1,1,7,0
12120,1,1,3.232,5.682,0.30,0.53,0.30,0.53,INF,-1,1,7,0
12140,1,1,1.518,6.226,0.14,0.58,0.14,0.58,INF,-1,1,7,0
12160,1,1,2.674,3.956,0.25,0.37,0.25,0.37,INF,-1,1,7,0
12180,1,1,2.986,5.815,0.28,0.54,0.28,0.54,INF,-1,1,7,0
12200,1,1,2.044,6.771,0.19,0.63,0.19,0.63,INF,-1,1,7,0
12220,1,1,0.466,5.841,0.04,0.55,0.04,0.55,INF,-1,1,7,0
12240,1,1,2.670,4.361,0.25,0.41,0.25,0.41,INF,-1,1,7,0
12260,1,1,0.183,7.971,0.02,0.74,0.02,0.74,INF,-1,1,7,0
12280,0,1,0.000,0.000,0.00,0.00,0.00,0.00,0.00,-1,1,7,0
12300,1,1,0.123,5.096,0.01,0.48,0.01,0.48,INF,-1,1,7,0
12320,1,1,-0.132,5.688,-0.01,0.53,-0.01,0.53,INF,-1,1,7,0
12340,1,1,-0.882,3.844,-0.08,0.36,-0.08,0.36,INF,-1,1,7,0
12360,1,1,-1.206,5.457,-0.11,0.51,-0.11,0.51,INF,-1,1,7,0
12380,1,1,0.243,5.814,0.02,0.54,0.02,0.54,INF,-1,1,7,0
12400,1,1,-0.571,5.298,-0.05,0.50,-0.05,0.50,INF,-1,1,7,0
12420,1,1,-1.999,5.181,-0.19,0.48,-0.19,0.48,INF,-1,1,7,0
12440,1,1,0.048,5.305,0.00,0.50,0.00,0.50,INF,-1,1,7,0
12460,1,1,1.542,4.697,0.14,0.44,0.14,0.44,INF,-1,1,7,0
12480,1,1,0.915,4.439,0.09,0.41,0.09,0.41,INF,-1,1,7,0
12500,1,1,1.224,5.969,0.11,0.56,0.11,0.56,INF,-1,1,7,0
12520,1,1,-2.720,6.244,-0.25,0.58,-0.25,0.58,INF,-1,1,7,0
12540,1,1,-0.626,4.727,-0.06,0.44,-0.06,0.44,INF,-1,1,7,0
12560,1,1,-1.501,3.314,-0.14,0.31,-0.14,0.31,INF,-1,1,7,0
12580,1,1,-2.391,4.002,-0.22,0.37,-0.22,0.37,INF,-1,1,7,0
12600,1,1,-4.260,5.544,-0.40,0.52,-0.40,0.52,INF,-1,1,7,0
12620,1,1,-1.587,5.798,-0.15,0.54,-0.15,0.54,INF,-1,1,7,0
12640,1,1,-1.612,3.250,-0.15,0.30,-0.15,0.30,INF,-1,1,7,0
12660,1,1,-2.783,5.546,-0.26,0.52,-0.26,0.52,INF,-1,1,7,0
12680,1,1,1.662,6.306,0.16,0.59,0.16,0.59,INF,-1,1,7,0
12700,1,1,-2.643,4.618,-0.25,0.43,-0.25,0.43,INF,-1,1,7,0
12720,1,1,-2.327,3.487,-0.22,0.33,-0.22,0.33,INF,-1,1,7,0
12740,1,1,-2.267,4.231,-0.21,0.40,-0.21,0.40,INF,-1,1,7,0
12760,1,1,1.028,2.570,0.10,0.24,0.10,0.24,INF,-1,1,7,0
12780,1,1,-1.693,5.900,-0.16,0.55,-0.16,0.55,INF,-1,1,7,0
12800,1,1,0.838,4.047,0.08,0.38,0.08,0.38,INF,-1,1,7,0
12820,1,1,-0.151,4.368,-0.01,0.41,-0.01,0.41,INF,-1,1,7,0
12840,1,1,0.196,5.320,0.02,0.50,0.02,0.50,INF,-1,1,7,0
12860,1,1,-2.693,3.897,-0.25,0.36,-0.25,0.36,INF,-1,1,7,0
12880,1,1,0.531,4.139,0.05,0.39,0.05,0.39,INF,-1,1,7,0
12900,1,1,-4.168,4.231,-0.39,0.40,-0.39,0.40,INF,-1,1,7,0
12920,1,1,-1.359,6.379,-0.13,0.60,-0.13,0.60,INF,-1,1,7,0
12940,1,1,5.883,4.890,0.55,0.46,0.55,0.46,INF,-1,1,7,0
12960,1,1,5.030,7.085,0.47,0.66,0.47,0.66,INF,-1,1,7,0
12980,1,1,4.677,8.173,0.44,0.76,0.44,0.76,INF,-1,1,7,0
13000,1,1,5.087,5.675,0.48,0.53,0.48,0.53,INF,-1,1,7,0
13020,1,1,5.464,6.135,0.51,0.57,0.51,0.57,INF,-1,1,7,0
13040,1,1,-3.538,6.714,-0.33,0.63,-0.33,0.63,INF,-1,1,7,0
13060,1,1,-1.600,8.165,-0.15,0.76,-0.15,0.76,INF,-1,1,7,0
13080,1,1,-3.240,6.097,-0.30,0.57,-0.30,0.57,INF,-1,1,7,0
13100,1,1,-2.936,6.026,-0.27,0.56,-0.27,0.56,INF,-1,1,7,0
13120,1,1,-3.311,5.623,-0.31,0.53,-0.31,0.53,INF,-1,1,7,0
13140,1,1,-5.771,7.463,-0.54,0.70,-0.54,0.70,INF,-1,1,7,0
13160,1,1,-2.426,6.650,-0.23,0.62,-0.23,0.62,INF,-1,1,7,0
13180,1,1,-2.872,6.819,-0.27,0.64,-0.27,0.64,INF,-1,1,7,0
13200,1,1,0.116,8.350,0.01,0.78,0.01,0.78,INF,-1,1,7,0
13220,1,1,-0.292,6.582,-0.03,0.62,-0.03,0.62,INF,-1,1,7,0
13240,1,1,-1.332,6.225,-0.12,0.58,-0.12,0.58,INF,-1,1,7,0
13260,1,1,-1.367,8.110,-0.13,0.76,-0.13,0.76,INF,-1,1,7,0
13280,1,1,-1.489,7.586,-0.14,0.71,-0.14,0.71,INF,-1,1,7,0
13300,1,1,-1.102,7.373,-0.10,0.69,-0.10,0.69,INF,-1,1,7,0
13320,1,1,-5.645,6.681,-0.53,0.62,-0.53,0.62,INF,-1,1,7,0
13340,1,1,-1.084,6.302,-0.10,0.59,-0.10,0.59,INF,-1,1,7,0
13360,1,1,-1.812,4.982,-0.17,0.47,-0.17,0.47,INF,-1,1,7,0
13380,1,1,-3.651,6.031,-0.34,0.56,-0.34,0.56,INF,-1,1,7,0
13400,1,1,-1.113,5.255,-0.10,0.49,-0.10,0.49,INF,-1,1,7,0
13420,1,1,0.255,6.744,0.02,0.63,0.02,0.63,INF,-1,1,7,0
13440,1,1,-1.285,7.289,-0.12,0.68,-0.12,0.68,INF,-1,1,7,0
13460,1,1,-2.648,6.134,-0.25,0.57,-0.25,0.57,INF,-1,1,7,0
13480,1,1,-3.981,6.343,-0.37,0.59,-0.37,0.59,INF,-1,1,7,0
13500,1,1,-3.030,5.249,-0.28,0.49,-0.28,0.49,INF,-1,1,7,0
13520,1,1,-2.253,5.829,-0.21,0.54,-0.21,0.54,INF,-1,1,7,0
13540,1,1,-3.783,8.877,-0.35,0.83,-0.35,0.83,INF,-1,1,7,0
13560,1,1,-1.329,7.466,-0.12,0.70,-0.12,0.70,INF,-1,1,7,0
13580,1,1,-3.289,6.717,-0.31,0.63,-0.31,0.63,INF,-1,1,7,0
13600,1,1,-3.255,7.782,-0.30,0.73,-0.30,0.73,INF,-1,1,7,0
13620,1,1,-0.006,6.517,0.00,0.61,0.00,0.61,INF,-1,1,7,0
13640,1,1,-2.581,8.008,-0.24,0.75,-0.24,0.75,INF,-1,1,7,0
13660,1,1,-2.416,8.290,-0.23,0.77,-0.23,0.77,INF,-1,1,7,0
13680,1,1,-2.677,5.989,-0.25,0.56,-0.25,0.56,INF,-1,1,7,0
13700,1,1,-2.568,7.028,-0.24,0.66,-0.24,0.66,INF,-1,1,7,0
13720,1,1,-2.858,6.366,-0.27,0.60,-0.27,0.60,INF,-1,1,7,0
13740,1,1,-1.886,5.486,-0.18,0.51,-0.18,0.51,INF,-1,1,7,0
13760,1,1,-2.641,7.753,-0.25,0.72,-0.25,0.72,INF,-1,1,7,0
13780,1,1,-0.571,5.325,-0.05,0.50,-0.05,0.50,INF,-1,1,7,0
13800,1,1,-1.103,4.430,-0.10,0.41,-0.10,0.41,INF,-1,1,7,0
13820,1,1,-4.394,4.830,-0.41,0.45,-0.41,0.45,INF,-1,1,7,0
13840,1,1,-2.402,4.313,-0.22,0.40,-0.22,0.40,INF,-1,1,7,0
13860,1,1,-1.042,5.945,-0.10,0.56,-0.10,0.56,INF,-1,1,7,0
13880,1,1,-1.949,5.854,-0.18,0.55,-0.18,0.55,INF,-1,1,7,0
13900,1,1,-2.525,6.099,-0.24,0.57,-0.24,0.57,INF,-1,1,7,0
13920,1,1,0.002,4.606,0.00,0.43,0.00,0.43,INF,-1,1,7,0
13940,1,1,-0.682,4.321,-0.06,0.40,-0.06,0.40,INF,-1,1,7,0
13960,1,1,1.881,4.055,0.18,0.38,0.18,0.38,INF,-1,1,7,0
13980,1,1,-0.293,3.671,-0.03,0.34,-0.03,0.34,INF,-1,1,7,0
14000,1,1,3.043,3.695,0.28,0.35,0.28,0.35,INF,-1,1,7,0
14020,1,1,-0.616,3.448,-0.06,0.32,-0.06,0.32,INF,-1,1,7,0
14040,1,1,1.872,4.815,0.18,0.45,0.17,0.45,INF,-1,1,7,0
14060,1,1,2.395,3.593,0.22,0.34,0.22,0.34,INF,-1,1,7,0
14080,1,1,1.574,6.159,0.15,0.58,0.15,0.58,INF,-1,1,7,0
14100,1,1,6.213,4.680,0.58,0.44,0.58,0.44,INF,-1,1,7,0
14120,1,1,-0.480,4.174,-0.04,0.39,-0.04,0.39,INF,-1,1,7,0
14140,1,1,1.246,3.221,0.12,0.30,0.12,0.30,INF,-1,1,7,0
14160,1,1,0.364,3.067,0.03,0.29,0.03,0.29,INF,-1,1,7,0
14180,1,1,-3.026,4.862,-0.28,0.45,-0.28,0.45,INF,-1,1,7,0
14200,1,1,-1.309,4.047,-0.12,0.38,-0.12,0.38,INF,-1,1,7,0
14220,1,1,-1.933,3.718,-0.18,0.35,-0.18,0.35,INF,-1,1,7,0
14240,1,1,-2.173,4.351,-0.20,0.41,-0.20,0.41,INF,-1,1,7,0
14260,1,1,-2.283,4.154,-0.21,0.39,-0.21,0.39,INF,-1,1,7,0
14280,1,1,-1.852,3.645,-0.17,0.34,-0.17,0.34,INF,-1,1,7,0
14300,1,1,1.181,2.206,0.11,0.21,0.11,0.21,INF,-1,1,7,0
14320,1,1,-0.664,4.132,-0.06,0.39,-0.06,0.39,INF,-1,1,7,0
14340,1,1,-1.300,4.098,-0.12,0.38,-0.12,0.38,INF,-1,1,7,0
14360,1,1,1.381,2.908,0.13,0.27,0.13,0.27,INF,-1,1,7,0
14380,1,1,-0.631,4.889,-0.06,0.46,-0.06,0.46,INF,-1,1,7,0
14400,1,1,2.411,1.063,0.23,0.10,0.23,0.10,INF,-1,1,7,0
14420,1,1,-0.961,2.517,-0.09,0.24,-0.09,0.24,INF,-1,1,7,0
14440,1,1,1.761,4.858,0.16,0.45,0.16,0.45,INF,-1,1,7,0
14460,1,1,4.260,3.971,0.40,0.37,0.40,0.37,INF,-1,1,7,0
14480,1,1,1.370,3.419,0.13,0.32,0.13,0.32,INF,-1,1,7,0
14500,1,1,3.313,4.019,0.31,0.38,0.31,0.38,INF,-1,1,7,0
14520,1,1,4.327,4.237,0.40,0.40,0.40,0.40,INF,-1,1,7,0
14540,1,1,5.116,3.859,0.48,0.36,0.48,0.36,INF,-1,1,7,0
14560,1,1,4.428,4.721,0.41,0.44,0.41,0.44,INF,-1,1,7,0
14580,1,1,2.574,4.935,0.24,0.46,0.24,0.46,INF,-1,1,7,0
14600,1,1,3.726,3.275,0.35,0.31,0.35,0.31,INF,-1,1,7,0
14620,1,1,0.519,4.355,0.05,0.41,0.05,0.41,INF,-1,1,7,0
14640,1,1,3.479,5.660,0.33,0.53,0.33,0.53,INF,-1,1,7,0
14660,1,1,1.463,3.653,0.14,0.34,0.14,0.34,INF,-1,1,7,0
14680,1,1,4.422,4.003,0.41,0.37,0.41,0.37,INF,-1,1,7,0
14700,1,1,0.355,4.832,0.03,0.45,0.03,0.45,INF,-1,1,7,0
14720,1,1,0.097,4.124,0.01,0.39,0.01,0.39,INF,-1,1,7,0
14740,1,1,-1.179,4.028,-0.11,0.38,-0.11,0.38,INF,-1,1,7,0
14760,1,1,2.750,3.017,0.26,0.28,0.26,0.28,INF,-1,1,7,0
14780,1,1,3.771,3.163,0.35,0.30,0.35,0.30,INF,-1,1,7,0
14800,1,1,6.242,3.480,0.58,0.33,0.58,0.33,INF,-1,1,7,0
14820,1,1,3.401,4.309,0.32,0.40,0.32,0.40,INF,-1,1,7,0
14840,1,1,4.365,5.648,0.41,0.53,0.41,0.53,INF,-1,1,7,0
14860,1,1,4.609,3.166,0.43,0.30,0.43,0.30,INF,-1,1,7,0
14880,1,1,0.858,5.530,0.08,0.52,0.08,0.52,INF,-1,1,7,0
14900,1,1,4.014,5.346,0.38,0.50,0.38,0.50,INF,-1,1,7,0
14920,1,1,1.436,6.417,0.13,0.60,0.13,0.60,INF,-1,1,7,0
14940,1,1,2.260,4.747,0.21,0.44,0.21,0.44,INF,-1,1,7,0
14960,1,1,7.102,2.978,0.66,0.28,0.66,0.28,INF,-1,1,7,0
14980,1,1,3.283,3.466,0.31,0.32,0.31,0.32,INF,-1,1,7,0
