"EyeTracker Toolbox version","3.250"
CalibrationParameters_A11,1.07498
CalibrationParameters_A12,0.07155
CalibrationParameters_A13,-0.02693
CalibrationParameters_A21,0.05333
CalibrationParameters_A22,-1.10457
CalibrationParameters_A23,0.01487
CalibrationParameters_A31,-0.00014
CalibrationParameters_A32,-0.00028
CalibrationParameters_E11,-0.18012
CalibrationParameters_E12,0.00007
CalibrationParameters_E21,-0.00003
CalibrationParameters_E22,0.20002
CalibrationParameters_X,-30.13601
CalibrationParameters_Y,-26.95693
CalibrationParameters_Rpc,87.39170
CalibrationParameters_MeanX,143.95447
CalibrationParameters_MeanY,152.08685
CalibrationParameters_ViewDist,613.00000
TimeStamp,Tracked,Calibrated,ScreenPositionXmm,ScreenPositionYmm,FicksLongitude,FicksLatitude,HelmholtzAzimuth,HelmholtzElevation,PupilDiameter,Region,Fixation,DigitalIO,Dropped
0,1,1,-42.256,0.248,-3.94,0.02,-3.94,0.02,INF,-1,0,7,0
20,1,1,-39.986,0.911,-3.73,0.08,-3.73,0.09,INF,-1,0,7,0
40,1,1,-38.902,1.452,-3.63,0.14,-3.63,0.14,INF,-1,0,7,0
60,1,1,-37.874,2.532,-3.54,0.24,-3.54,0.24,INF,-1,0,7,0
80,1,1,-38.568,-0.116,-3.60,-0.01,-3.60,-0.01,INF,-1,0,7,0
100,1,1,-40.795,1.140,-3.81,0.11,-3.81,0.11,INF,-1,0,7,0
120,1,1,-37.684,0.006,-3.52,0.00,-3.52,0.00,INF,-1,0,7,0
140,1,1,-37.491,-0.240,-3.50,-0.02,-3.50,-0.02,INF,-1,0,7,0
160,1,1,-37.994,-0.805,-3.55,-0.08,-3.55,-0.08,INF,-1,0,7,0
180,1,1,-39.329,-0.828,-3.67,-0.08,-3.67,-0.08,INF,-1,0,7,0
200,1,1,-39.320,0.853,-3.67,0.08,-3.67,0.08,INF,-1,0,7,0
220,1,1,-33.227,-0.801,-3.10,-0.07,-3.10,-0.07,INF,-1,0,7,0
240,1,1,-11.147,3.033,-1.04,0.28,-1.04,0.28,INF,-1,0,7,0
260,1,1,-12.669,4.265,-1.18,0.40,-1.18,0.40,INF,-1,0,7,0
280,1,1,-11.176,4.305,-1.04,0.40,-1.04,0.40,INF,-1,0,7,0
300,1,1,-11.010,4.636,-1.03,0.43,-1.03,0.43,INF,-1,0,7,0
320,1,1,-12.053,5.346,-1.13,0.50,-1.13,0.50,INF,-1,0,7,0
340,1,1,-10.149,4.126,-0.95,0.39,-0.95,0.39,INF,-1,0,7,0
360,1,1,-9.797,5.430,-0.92,0.51,-0.92,0.51,INF,-1,0,7,0
380,1,1,-10.918,5.919,-1.02,0.55,-1.02,0.55,INF,-1,0,7,0
400,1,1,-8.510,4.236,-0.80,0.40,-0.80,0.40,INF,-1,0,7,0
420,1,1,3.280,6.158,0.31,0.58,0.31,0.58,INF,-1,1,7,0
440,1,1,12.604,10.141,1.18,0.95,1.18,0.95,INF,-1,0,7,0
460,1,1,12.458,10.164,1.16,0.95,1.16,0.95,INF,-1,0,7,0
480,1,1,14.097,12.228,1.32,1.14,1.32,1.14,INF,-1,0,7,0
500,1,1,14.039,10.739,1.31,1.00,1.31,1.00,INF,-1,0,7,0
520,1,1,12.776,10.065,1.19,0.94,1.19,0.94,INF,-1,0,7,0
540,1,1,13.554,10.633,1.27,0.99,1.27,0.99,INF,-1,0,7,0
560,1,1,13.188,11.779,1.23,1.10,1.23,1.10,INF,-1,0,7,0
580,1,1,14.988,11.329,1.40,1.06,1.40,1.06,INF,-1,0,7,0
600,1,1,14.077,10.267,1.32,0.96,1.32,0.96,INF,-1,0,7,0
620,1,1,13.355,8.718,1.25,0.81,1.25,0.81,INF,-1,0,7,0
640,1,1,14.896,11.710,1.39,1.09,1.39,1.09,INF,-1,0,7,0
660,1,1,13.971,12.515,1.31,1.17,1.31,1.17,INF,-1,0,7,0
680,1,1,16.748,10.697,1.56,1.00,1.56,1.00,INF,-1,0,7,0
700,1,1,15.752,10.072,1.47,0.94,1.47,0.94,INF,-1,1,7,0
720,1,1,17.796,9.531,1.66,0.89,1.66,0.89,INF,-1,1,7,0
740,1,1,14.183,10.825,1.33,1.01,1.33,1.01,INF,-1,1,7,0
760,1,1,16.297,9.908,1.52,0.93,1.52,0.93,INF,-1,1,7,0
780,1,1,14.551,10.151,1.36,0.95,1.36,0.95,INF,-1,1,7,0
800,0,1,0.000,0.000,0.00,0.00,0.00,0.00,0.00,-1,1,7,0
820,1,1,15.952,10.181,1.49,0.95,1.49,0.95,INF,-1,1,7,0
840,1,1,14.640,10.480,1.37,0.98,1.37,0.98,INF,-1,1,7,0
860,1,1,17.619,10.376,1.65,0.97,1.65,0.97,INF,-1,1,7,0
880,1,1,14.075,11.703,1.32,1.09,1.32,1.09,INF,-1,1,7,0
900,1,1,15.107,10.698,1.41,1.00,1.41,1.00,INF,-1,1,7,0
920,1,1,17.091,11.486,1.60,1.07,1.60,1.07,INF,-1,1,7,0
940,1,1,16.345,10.207,1.53,0.95,1.53,0.95,INF,-1,1,7,0
960,1,1,14.273,10.703,1.33,1.00,1.33,1.00,INF,-1,1,7,0
980,1,1,16.950,10.628,1.58,0.99,1.58,0.99,INF,-1,1,7,0
1000,1,1,16.339,10.445,1.53,0.98,1.53,0.98,INF,-1,1,7,0
1020,1,1,9.259,5.769,0.87,0.54,0.87,0.54,INF,-1,1,7,0
1040,1,1,6.651,4.529,0.62,0.42,0.62,0.42,INF,-1,1,7,0
1060,1,1,9.991,5.690,0.93,0.53,0.93,0.53,INF,-1,1,7,0
1080,1,1,5.671,5.614,0.53,0.52,0.53,0.52,INF,-1,1,7,0
1100,1,1,7.015,4.497,0.66,0.42,0.66,0.42,INF,-1,1,7,0
1120,1,1,5.818,5.482,0.54,0.51,0.54,0.51,INF,-1,1,7,0
1140,1,1,7.186,5.555,0.67,0.52,0.67,0.52,INF,-1,1,7,0
1160,1,1,7.171,4.559,0.67,0.43,0.67,0.43,INF,-1,1,7,0
1180,1,1,5.776,4.875,0.54,0.46,0.54,0.46,INF,-1,1,7,0
1200,1,1,6.655,5.057,0.62,0.47,0.62,0.47,INF,-1,1,7,0
1220,1,1,5.533,4.639,0.52,0.43,0.52,0.43,INF,-1,1,7,0
1240,1,1,10.126,4.016,0.95,0.38,0.95,0.38,INF,-1,1,7,0
1260,1,1,12.730,4.966,1.19,0.46,1.19,0.46,INF,-1,1,7,0
1280,1,1,10.773,2.756,1.01,0.26,1.01,0.26,INF,-1,1,7,0
1300,1,1,11.704,2.405,1.09,0.22,1.09,0.22,INF,-1,1,7,0
1320,1,1,10.843,3.322,1.01,0.31,1.01,0.31,INF,-1,1,7,0
1340,1,1,12.605,4.612,1.18,0.43,1.18,0.43,INF,-1,1,7,0
1360,1,1,11.992,3.605,1.12,0.34,1.12,0.34,INF,-1,1,7,0
1380,1,1,14.229,2.712,1.33,0.25,1.33,0.25,INF,-1,1,7,0
1400,1,1,12.512,1.686,1.17,0.16,1.17,0.16,INF,-1,1,7,0
1420,1,1,14.085,2.678,1.32,0.25,1.32,0.25,INF,-1,1,7,0
1440,1,1,14.014,3.507,1.31,0.33,1.31,0.33,INF,-1,1,7,0
1460,1,1,12.310,4.195,1.15,0.39,1.15,0.39,INF,-1,1,7,0
1480,1,1,13.587,2.908,1.27,0.27,1.27,0.27,INF,-1,1,7,0
1500,1,1,12.933,2.606,1.21,0.24,1.21,0.24,INF,-1,1,7,0
1520,1,1,15.536,2.060,1.45,0.19,1.45,0.19,INF,-1,1,7,0
1540,1,1,14.485,2.333,1.35,0.22,1.35,0.22,INF,-1,1,7,0
1560,1,1,14.014,4.303,1.31,0.40,1.31,0.40,INF,-1,1,7,0
1580,1,1,14.808,5.235,1.38,0.49,1.38,0.49,INF,-1,1,7,0
1600,1,1,13.526,4.533,1.26,0.42,1.26,0.42,INF,-1,1,7,0
1620,1,1,13.129,4.541,1.23,0.42,1.23,0.42,INF,-1,1,7,0
1640,1,1,14.003,4.005,1.31,0.37,1.31,0.37,INF,-1,1,7,0
1660,1,1,17.246,2.232,1.61,0.21,1.61,0.21,INF,-1,1,7,0
1680,1,1,7.742,5.110,0.72,0.48,0.72,0.48,INF,-1,1,7,0
1700,1,1,8.398,5.695,0.78,0.53,0.78,0.53,INF,-1,1,7,0
1720,1,1,8.560,5.291,0.80,0.49,0.80,0.49,INF,-1,1,7,0
1740,1,1,8.387,5.337,0.78,0.50,0.78,0.50,INF,-1,1,7,0
1760,1,1,7.147,7.715,0.67,0.72,0.67,0.72,INF,-1,1,7,0
1780,1,1,9.811,7.343,0.92,0.69,0.92,0.69,INF,-1,1,7,0
1800,1,1,12.624,6.890,1.18,0.64,1.18,0.64,INF,-1,1,7,0
1820,1,1,9.172,7.056,0.86,0.66,0.86,0.66,INF,-1,1,7,0
1840,1,1,12.177,4.629,1.14,0.43,1.14,0.43,INF,-1,1,7,0
1860,1,1,11.969,7.295,1.12,0.68,1.12,0.68,INF,-1,1,7,0
1880,1,1,9.523,5.968,0.89,0.56,0.89,0.56,INF,-1,1,7,0
1900,1,1,13.236,7.558,1.24,0.71,1.24,0.71,INF,-1,1,7,0
1920,1,1,8.610,8.712,0.80,0.81,0.80,0.81,INF,-1,1,7,0
1940,1,1,9.593,8.503,0.90,0.79,0.90,0.79,INF,-1,1,7,0
1960,1,1,12.768,6.939,1.19,0.65,1.19,0.65,INF,-1,1,7,0
1980,1,1,11.840,7.655,1.11,0.72,1.11,0.72,INF,-1,1,7,0
2000,1,1,10.050,9.296,0.94,0.87,0.94,0.87,INF,-1,1,7,0
2020,1,1,12.752,7.839,1.19,0.73,1.19,0.73,INF,-1,1,7,0
2040,1,1,10.059,7.639,0.94,0.71,0.94,0.71,INF,-1,1,7,0
2060,1,1,12.152,7.631,1.14,0.71,1.14,0.71,INF,-1,1,7,0
2080,1,1,12.528,9.241,1.17,0.86,1.17,0.86,INF,-1,1,7,0
2100,1,1,10.363,9.867,0.97,0.92,0.97,0.92,INF,-1,1,7,0
2120,1,1,12.898,10.257,1.21,0.96,1.21,0.96,INF,-1,1,7,0
2140,0,1,0.000,0.000,0.00,0.00,0.00,0.00,0.00,-1,1,7,0
2160,1,1,11.822,8.643,1.10,0.81,1.10,0.81,INF,-1,1,7,0
2180,1,1,16.996,12.906,1.59,1.21,1.59,1.21,INF,-1,1,7,0
2200,1,1,13.875,17.887,1.30,1.67,1.30,1.67,INF,-1,1,7,0
2220,1,1,16.441,14.316,1.54,1.34,1.54,1.34,INF,-1,1,7,0
2240,1,1,19.752,14.118,1.85,1.32,1.85,1.32,INF,-1,1,7,0
2260,1,1,19.268,15.685,1.80,1.46,1.80,1.47,INF,-1,1,7,0
2280,1,1,16.437,15.396,1.54,1.44,1.54,1.44,INF,-1,1,7,0
2300,1,1,18.527,14.869,1.73,1.39,1.73,1.39,INF,-1,1,7,0
2320,1,1,17.193,15.207,1.61,1.42,1.61,1.42,INF,-1,1,7,0
2340,1,1,16.654,13.747,1.56,1.28,1.56,1.28,INF,-1,1,7,0
2360,1,1,18.039,14.833,1.69,1.39,1.69,1.39,INF,-1,1,7,0
2380,1,1,9.834,11.105,0.92,1.04,0.92,1.04,INF,-1,1,7,0
2400,1,1,-11.647,-15.707,-1.09,-1.47,-1.09,-1.47,INF,-1,1,7,0
2420,1,1,-12.706,-24.592,-1.19,-2.30,-1.19,-2.30,INF,-1,1,7,0
2440,1,1,-9.942,-21.342,-0.93,-1.99,-0.93,-1.99,INF,-1,0,7,0
2460,1,1,-11.569,-23.682,-1.08,-2.21,-1.08,-2.21,INF,-1,0,7,0
2480,1,1,-12.265,-23.921,-1.15,-2.23,-1.15,-2.23,INF,-1,0,7,0
2500,1,1,-14.640,-24.897,-1.37,-2.33,-1.37,-2.33,INF,-1,0,7,0
2520,1,1,-14.361,-24.737,-1.34,-2.31,-1.34,-2.31,INF,-1,0,7,0
2540,1,1,-13.813,-26.506,-1.29,-2.48,-1.29,-2.48,INF,-1,0,7,0
2560,1,1,-14.656,-25.493,-1.37,-2.38,-1.37,-2.38,INF,-1,0,7,0
2580,1,1,-14.913,-25.513,-1.39,-2.38,-1.39,-2.38,INF,-1,0,7,0
2600,1,1,-13.995,-26.485,-1.31,-2.47,-1.31,-2.47,INF,-1,0,7,0
2620,1,1,-14.503,-24.801,-1.36,-2.32,-1.35,-2.32,INF,-1,0,7,0
2640,1,1,-13.164,-26.131,-1.23,-2.44,-1.23,-2.44,INF,-1,0,7,0
2660,1,1,-14.406,-27.110,-1.35,-2.53,-1.34,-2.53,INF,-1,0,7,0
2680,1,1,-14.091,-25.871,-1.32,-2.42,-1.32,-2.42,INF,-1,1,7,0
2700,1,1,-13.570,-27.101,-1.27,-2.53,-1.27,-2.53,INF,-1,1,7,0
2720,1,1,-15.806,-26.639,-1.48,-2.49,-1.48,-2.49,INF,-1,1,7,0
2740,1,1,-16.560,-25.834,-1.55,-2.41,-1.55,-2.41,INF,-1,1,7,0
2760,1,1,-13.775,-26.684,-1.29,-2.49,-1.29,-2.49,INF,-1,1,7,0
2780,1,1,-15.010,-25.717,-1.40,-2.40,-1.40,-2.40,INF,-1,1,7,0
2800,1,1,-17.162,-26.215,-1.60,-2.45,-1.60,-2.45,INF,-1,1,7,0
2820,1,1,-13.490,-19.705,-1.26,-1.84,-1.26,-1.84,INF,-1,1,7,0
2840,1,1,-6.139,6.253,-0.57,0.58,-0.57,0.58,INF,-1,1,7,0
2860,1,1,3.054,15.757,0.29,1.47,0.29,1.47,INF,-1,1,7,0
2880,1,1,0.806,13.577,0.08,1.27,0.08,1.27,INF,-1,0,7,0
2900,1,1,3.552,11.309,0.33,1.06,0.33,1.06,INF,-1,0,7,0
2920,1,1,2.524,12.245,0.24,1.14,0.24,1.14,INF,-1,0,7,0
2940,1,1,2.334,13.792,0.22,1.29,0.22,1.29,INF,-1,0,7,0
2960,1,1,3.205,13.033,0.30,1.22,0.30,1.22,INF,-1,0,7,0
2980,1,1,5.311,14.706,0.50,1.37,0.50,1.37,INF,-1,0,7,0
3000,1,1,2.043,14.779,0.19,1.38,0.19,1.38,INF,-1,0,7,0
3020,1,1,-0.353,14.824,-0.03,1.39,-0.03,1.39,INF,-1,0,7,0
3040,1,1,3.767,14.067,0.35,1.31,0.35,1.31,INF,-1,0,7,0
3060,1,1,3.510,14.691,0.33,1.37,0.33,1.37,INF,-1,0,7,0
3080,1,1,1.917,14.094,0.18,1.32,0.18,1.32,INF,-1,0,7,0
3100,1,1,4.098,13.399,0.38,1.25,0.38,1.25,INF,-1,0,7,0
3120,1,1,10.280,15.295,0.96,1.43,0.96,1.43,INF,-1,0,7,0
3140,1,1,10.312,13.492,0.96,1.26,0.96,1.26,INF,-1,1,7,0
3160,1,1,11.080,13.211,1.04,1.23,1.04,1.23,INF,-1,1,7,0
3180,1,1,10.252,13.459,0.96,1.26,0.96,1.26,INF,-1,1,7,0
3200,1,1,10.320,12.400,0.96,1.16,0.96,1.16,INF,-1,1,7,0
3220,1,1,10.986,13.898,1.03,1.30,1.03,1.30,INF,-1,1,7,0
3240,1,1,12.125,12.328,1.13,1.15,1.13,1.15,INF,-1,1,7,0
3260,1,1,11.865,13.600,1.11,1.27,1.11,1.27,INF,-1,1,7,0
3280,1,1,10.497,12.463,0.98,1.16,0.98,1.16,INF,-1,1,7,0
3300,1,1,11.821,12.179,1.10,1.14,1.10,1.14,INF,-1,1,7,0
3320,1,1,12.233,13.245,1.14,1.24,1.14,1.24,INF,-1,1,7,0
3340,1,1,11.321,11.536,1.06,1.08,1.06,1.08,INF,-1,1,7,0
3360,1,1,13.345,11.175,1.25,1.04,1.25,1.04,INF,-1,1,7,0
3380,1,1,12.699,13.026,1.19,1.22,1.19,1.22,INF,-1,1,7,0
3400,1,1,11.947,12.507,1.12,1.17,1.12,1.17,INF,-1,1,7,0
3420,1,1,8.860,12.916,0.83,1.21,0.83,1.21,INF,-1,1,7,0
3440,1,1,9.424,14.113,0.88,1.32,0.88,1.32,INF,-1,1,7,0
3460,1,1,9.721,12.133,0.91,1.13,0.91,1.13,INF,-1,1,7,0
3480,1,1,13.158,12.672,1.23,1.18,1.23,1.18,INF,-1,1,7,0
3500,1,1,8.926,13.921,0.83,1.30,0.83,1.30,INF,-1,1,7,0
3520,1,1,12.994,12.693,1.21,1.19,1.21,1.19,INF,-1,1,7,0
3540,1,1,7.912,13.210,0.74,1.23,0.74,1.23,INF,-1,1,7,0
3560,0,1,0.000,0.000,0.00,0.00,0.00,0.00,0.00,-1,1,7,0
3580,0,1,0.000,0.000,0.00,0.00,0.00,0.00,0.00,-1,1,7,0
3600,1,1,11.872,11.908,1.11,1.11,1.11,1.11,INF,-1,1,7,0
3620,1,1,10.531,9.711,0.98,0.91,0.98,0.91,INF,-1,1,7,0
3640,1,1,13.404,9.716,1.25,0.91,1.25,0.91,INF,-1,1,7,0
3660,1,1,11.648,11.087,1.09,1.04,1.09,1.04,INF,-1,1,7,0
3680,1,1,14.729,10.622,1.38,0.99,1.38,0.99,INF,-1,1,7,0
3700,1,1,13.406,11.108,1.25,1.04,1.25,1.04,INF,-1,1,7,0
3720,1,1,11.574,10.446,1.08,0.98,1.08,0.98,INF,-1,1,7,0
3740,1,1,14.058,11.225,1.31,1.05,1.31,1.05,INF,-1,1,7,0
3760,1,1,12.611,9.566,1.18,0.89,1.18,0.89,INF,-1,1,7,0
3780,1,1,12.892,10.770,1.20,1.01,1.20,1.01,INF,-1,1,7,0
3800,1,1,12.652,10.371,1.18,0.97,1.18,0.97,INF,-1,1,7,0
3820,1,1,10.304,10.143,0.96,0.95,0.96,0.95,INF,-1,1,7,0
3840,1,1,13.838,11.823,1.29,1.10,1.29,1.10,INF,-1,1,7,0
3860,1,1,12.645,8.460,1.18,0.79,1.18,0.79,INF,-1,1,7,0
3880,1,1,15.804,11.016,1.48,1.03,1.48,1.03,INF,-1,0,7,0
3900,1,1,14.348,11.446,1.34,1.07,1.34,1.07,INF,-1,0,7,0
3920,1,1,12.382,11.165,1.16,1.04,1.16,1.04,INF,-1,0,7,0
3940,1,1,13.137,8.966,1.23,0.84,1.23,0.84,INF,-1,0,7,0
3960,1,1,12.531,9.804,1.17,0.92,1.17,0.92,INF,-1,0,7,0
3980,1,1,12.702,10.531,1.19,0.98,1.19,0.98,INF,-1,0,7,0
4000,1,1,12.244,10.074,1.14,0.94,1.14,0.94,INF,-1,0,7,0
4020,1,1,12.555,10.395,1.17,0.97,1.17,0.97,INF,-1,0,7,0
4040,1,1,12.775,10.467,1.19,0.98,1.19,0.98,INF,-1,0,7,0
4060,1,1,12.939,10.296,1.21,0.96,1.21,0.96,INF,-1,0,7,0
4080,1,1,10.946,9.542,1.02,0.89,1.02,0.89,INF,-1,0,7,0
4100,1,1,10.338,10.984,0.97,1.03,0.97,1.03,INF,-1,0,7,0
4120,1,1,11.723,11.858,1.10,1.11,1.10,1.11,INF,-1,1,7,0
4140,1,1,10.897,10.477,1.02,0.98,1.02,0.98,INF,-1,1,7,0
4160,1,1,12.703,11.080,1.19,1.04,1.19,1.04,INF,-1,1,7,0
4180,1,1,10.428,11.118,0.97,1.04,0.97,1.04,INF,-1,1,7,0
4200,1,1,11.771,9.614,1.10,0.90,1.10,0.90,INF,-1,1,7,0
4220,1,1,10.110,9.630,0.94,0.90,0.94,0.90,INF,-1,1,7,0
4240,1,1,13.069,9.851,1.22,0.92,1.22,0.92,INF,-1,1,7,0
4260,1,1,8.858,9.079,0.83,0.85,0.83,0.85,INF,-1,1,7,0
4280,1,1,9.720,9.535,0.91,0.89,0.91,0.89,INF,-1,1,7,0
4300,1,1,10.558,9.934,0.99,0.93,0.99,0.93,INF,-1,1,7,0
4320,1,1,12.601,10.899,1.18,1.02,1.18,1.02,INF,-1,1,7,0
4340,1,1,11.125,10.284,1.04,0.96,1.04,0.96,INF,-1,1,7,0
4360,1,1,9.975,8.771,0.93,0.82,0.93,0.82,INF,-1,1,7,0
4380,1,1,8.988,9.233,0.84,0.86,0.84,0.86,INF,-1,1,7,0
4400,1,1,13.019,8.453,1.22,0.79,1.22,0.79,INF,-1,1,7,0
4420,1,1,10.644,8.786,0.99,0.82,0.99,0.82,INF,-1,1,7,0
4440,0,1,0.000,0.000,0.00,0.00,0.00,0.00,0.00,-1,1,7,0
4460,1,1,11.153,6.786,1.04,0.63,1.04,0.63,INF,-1,1,7,0
4480,1,1,10.148,7.967,0.95,0.74,0.95,0.74,INF,-1,1,7,0
4500,1,1,2.559,10.007,0.24,0.94,0.24,0.94,INF,-1,1,7,0
4520,1,1,5.134,8.907,0.48,0.83,0.48,0.83,INF,-1,1,7,0
4540,1,1,4.278,9.814,0.40,0.92,0.40,0.92,INF,-1,1,7,0
4560,1,1,2.474,10.443,0.23,0.98,0.23,0.98,INF,-1,1,7,0
4580,1,1,5.506,8.539,0.51,0.80,0.51,0.80,INF,-1,1,7,0
4600,1,1,4.146,9.580,0.39,0.90,0.39,0.90,INF,-1,1,7,0
4620,1,1,4.714,8.365,0.44,0.78,0.44,0.78,INF,-1,1,7,0
4640,1,1,5.582,8.581,0.52,0.80,0.52,0.80,INF,-1,1,7,0
4660,0,1,0.000,0.000,0.00,0.00,0.00,0.00,0.00,-1,1,7,0
4680,1,1,5.278,9.415,0.49,0.88,0.49,0.88,INF,-1,1,7,0
4700,1,1,4.366,10.641,0.41,0.99,0.41,0.99,INF,-1,1,7,0
4720,1,1,4.400,7.490,0.41,0.70,0.41,0.70,INF,-1,1,7,0
4740,1,1,1.064,10.134,0.10,0.95,0.10,0.95,INF,-1,1,7,0
4760,1,1,5.329,9.559,0.50,0.89,0.50,0.89,INF,-1,1,7,0
4780,1,1,5.571,11.297,0.52,1.06,0.52,1.06,INF,-1,1,7,0
4800,1,1,6.270,10.605,0.59,0.99,0.59,0.99,INF,-1,1,7,0
4820,1,1,4.518,10.199,0.42,0.95,0.42,0.95,INF,-1,1,7,0
4840,1,1,4.842,11.545,0.45,1.08,0.45,1.08,INF,-1,1,7,0
4860,1,1,5.920,9.695,0.55,0.91,0.55,0.91,INF,-1,1,7,0
4880,1,1,3.109,11.109,0.29,1.04,0.29,1.04,INF,-1,1,7,0
4900,1,1,4.708,9.789,0.44,0.91,0.44,0.91,INF,-1,1,7,0
4920,1,1,6.840,9.675,0.64,0.90,0.64,0.90,INF,-1,1,7,0
4940,1,1,7.425,8.386,0.69,0.78,0.69,0.78,INF,-1,1,7,0
4960,1,1,4.541,10.809,0.42,1.01,0.42,1.01,INF,-1,1,7,0
4980,1,1,4.437,9.315,0.41,0.87,0.41,0.87,INF,-1,1,7,0
5000,1,1,7.626,9.404,0.71,0.88,0.71,0.88,INF,-1,1,7,0
5020,1,1,8.315,8.753,0.78,0.82,0.78,0.82,INF,-1,1,7,0
5040,1,1,3.565,11.164,0.33,1.04,0.33,1.04,INF,-1,1,7,0
5060,1,1,3.473,10.650,0.32,1.00,0.32,1.00,INF,-1,1,7,0
5080,1,1,4.904,9.281,0.46,0.87,0.46,0.87,INF,-1,1,7,0
5100,1,1,6.242,11.386,0.58,1.06,0.58,1.06,INF,-1,1,7,0
5120,1,1,4.076,10.824,0.38,1.01,0.38,1.01,INF,-1,1,7,0
5140,1,1,3.464,10.336,0.32,0.97,0.32,0.97,INF,-1,1,7,0
5160,1,1,2.136,10.458,0.20,0.98,0.20,0.98,INF,-1,1,7,0
5180,1,1,6.250,10.933,0.58,1.02,0.58,1.02,INF,-1,1,7,0
5200,1,1,5.602,9.447,0.52,0.88,0.52,0.88,INF,-1,1,7,0
5220,1,1,3.834,12.356,0.36,1.15,0.36,1.15,INF,-1,1,7,0
5240,1,1,7.183,8.359,0.67,0.78,0.67,0.78,INF,-1,1,7,0
5260,1,1,6.718,8.000,0.63,0.75,0.63,0.75,INF,-1,1,7,0
5280,1,1,5.029,9.853,0.47,0.92,0.47,0.92,INF,-1,1,7,0
5300,1,1,4.734,8.755,0.44,0.82,0.44,0.82,INF,-1,1,7,0
5320,1,1,5.581,10.381,0.52,0.97,0.52,0.97,INF,-1,1,7,0
5340,1,1,4.765,9.612,0.45,0.90,0.45,0.90,INF,-1,1,7,0
5360,1,1,5.743,8.800,0.54,0.82,0.54,0.82,INF,-1,1,7,0
5380,1,1,5.969,8.498,0.56,0.79,0.56,0.79,INF,-1,1,7,0
5400,1,1,5.193,10.205,0.49,0.95,0.49,0.95,INF,-1,1,7,0
5420,1,1,4.824,8.802,0.45,0.82,0.45,0.82,INF,-1,1,7,0
5440,1,1,8.459,9.568,0.79,0.89,0.79,0.89,INF,-1,1,7,0
5460,1,1,8.663,11.108,0.81,1.04,0.81,1.04,INF,-1,1,7,0
5480,1,1,8.755,8.580,0.82,0.80,0.82,0.80,INF,-1,1,7,0
5500,1,1,6.408,8.617,0.60,0.81,0.60,0.81,INF,-1,1,7,0
5520,1,1,6.978,8.327,0.65,0.78,0.65,0.78,INF,-1,1,7,0
5540,1,1,10.930,10.604,1.02,0.99,1.02,0.99,INF,-1,1,7,0
5560,1,1,8.084,9.533,0.76,0.89,0.76,0.89,INF,-1,1,7,0
5580,1,1,8.670,9.970,0.81,0.93,0.81,0.93,INF,-1,1,7,0
5600,1,1,8.070,8.777,0.75,0.82,0.75,0.82,INF,-1,1,7,0
5620,1,1,6.333,8.685,0.59,0.81,0.59,0.81,INF,-1,1,7,0
5640,1,1,6.774,9.626,0.63,0.90,0.63,0.90,INF,-1,1,7,0
5660,1,1,6.373,8.565,0.60,0.80,0.60,0.80,INF,-1,1,7,0
5680,1,1,7.485,9.529,0.70,0.89,0.70,0.89,INF,-1,1,7,0
5700,1,1,5.935,11.504,0.55,1.08,0.55,1.08,INF,-1,1,7,0
5720,1,1,7.404,10.107,0.69,0.94,0.69,0.94,INF,-1,1,7,0
5740,1,1,10.873,10.392,1.02,0.97,1.02,0.97,INF,-1,1,7,0
5760,1,1,9.813,10.499,0.92,0.98,0.92,0.98,INF,-1,1,7,0
5780,1,1,6.667,9.773,0.62,0.91,0.62,0.91,INF,-1,1,7,0
5800,1,1,10.611,11.242,0.99,1.05,0.99,1.05,INF,-1,1,7,0
5820,1,1,10.462,9.553,0.98,0.89,0.98,0.89,INF,-1,1,7,0
5840,1,1,9.377,10.286,0.88,0.96,0.88,0.96,INF,-1,1,7,0
5860,1,1,9.761,11.067,0.91,1.03,0.91,1.03,INF,-1,1,7,0
5880,1,1,6.150,11.818,0.57,1.10,0.57,1.10,INF,-1,1,7,0
5900,1,1,7.723,12.338,0.72,1.15,0.72,1.15,INF,-1,1,7,0
5920,1,1,10.792,11.805,1.01,1.10,1.01,1.10,INF,-1,1,7,0
5940,1,1,8.136,9.266,0.76,0.87,0.76,0.87,INF,-1,1,7,0
5960,1,1,8.725,10.782,0.82,1.01,0.82,1.01,INF,-1,1,7,0
5980,1,1,8.502,11.650,0.79,1.09,0.79,1.09,INF,-1,1,7,0
6000,1,1,9.569,9.077,0.89,0.85,0.89,0.85,INF,-1,1,7,0
6020,1,1,7.493,12.961,0.70,1.21,0.70,1.21,INF,-1,1,7,0
6040,1,1,9.574,11.694,0.89,1.09,0.89,1.09,INF,-1,1,7,0
6060,1,1,10.831,11.096,1.01,1.04,1.01,1.04,INF,-1,1,7,0
6080,1,1,8.698,11.725,0.81,1.10,0.81,1.10,INF,-1,1,7,0
6100,1,1,8.113,11.309,0.76,1.06,0.76,1.06,INF,-1,1,7,0
6120,1,1,11.169,11.303,1.04,1.06,1.04,1.06,INF,-1,1,7,0
6140,1,1,8.726,10.949,0.82,1.02,0.82,1.02,INF,-1,1,7,0
6160,1,1,9.074,11.250,0.85,1.05,0.85,1.05,INF,-1,1,7,0
6180,1,1,9.769,11.367,0.91,1.06,0.91,1.06,INF,-1,1,7,0
6200,1,1,8.624,10.771,0.81,1.01,0.81,1.01,INF,-1,1,7,0
6220,1,1,9.069,12.481,0.85,1.17,0.85,1.17,INF,-1,1,7,0
6240,1,1,8.825,10.225,0.82,0.96,0.82,0.96,INF,-1,1,7,0
6260,1,1,8.261,10.558,0.77,0.99,0.77,0.99,INF,-1,1,7,0
6280,1,1,9.940,11.667,0.93,1.09,0.93,1.09,INF,-1,1,7,0
6300,1,1,9.823,11.669,0.92,1.09,0.92,1.09,INF,-1,1,7,0
6320,1,1,5.967,10.829,0.56,1.01,0.56,1.01,INF,-1,1,7,0
6340,1,1,10.357,11.660,0.97,1.09,0.97,1.09,INF,-1,1,7,0
6360,1,1,14.197,9.924,1.33,0.93,1.33,0.93,INF,-1,1,7,0
6380,1,1,10.062,11.614,0.94,1.09,0.94,1.09,INF,-1,1,7,0
6400,1,1,10.919,9.319,1.02,0.87,1.02,0.87,INF,-1,1,7,0
6420,1,1,10.362,11.606,0.97,1.08,0.97,1.08,INF,-1,1,7,0
6440,1,1,13.065,9.098,1.22,0.85,1.22,0.85,INF,-1,1,7,0
6460,1,1,13.300,10.187,1.24,0.95,1.24,0.95,INF,-1,1,7,0
6480,1,1,9.319,11.693,0.87,1.09,0.87,1.09,INF,-1,1,7,0
6500,1,1,11.137,12.613,1.04,1.18,1.04,1.18,INF,-1,1,7,0
6520,1,1,9.296,11.410,0.87,1.07,0.87,1.07,INF,-1,1,7,0
6540,1,1,11.675,10.828,1.09,1.01,1.09,1.01,INF,-1,1,7,0
6560,1,1,8.932,13.935,0.83,1.30,0.83,1.30,INF,-1,1,7,0
6580,1,1,9.768,11.007,0.91,1.03,0.91,1.03,INF,-1,1,7,0
6600,1,1,13.281,12.573,1.24,1.17,1.24,1.18,INF,-1,1,7,0
6620,1,1,10.821,12.929,1.01,1.21,1.01,1.21,INF,-1,1,7,0
6640,1,1,11.964,13.522,1.12,1.26,1.12,1.26,INF,-1,1,7,0
6660,1,1,10.714,12.371,1.00,1.16,1.00,1.16,INF,-1,1,7,0
6680,1,1,9.352,12.278,0.87,1.15,0.87,1.15,INF,-1,1,7,0
6700,1,1,10.361,14.667,0.97,1.37,0.97,1.37,INF,-1,1,7,0
6720,1,1,11.173,12.263,1.04,1.15,1.04,1.15,INF,-1,1,7,0
6740,1,1,11.365,13.024,1.06,1.22,1.06,1.22,INF,-1,1,7,0
6760,1,1,15.196,12.386,1.42,1.16,1.42,1.16,INF,-1,1,7,0
6780,1,1,12.781,10.814,1.19,1.01,1.19,1.01,INF,-1,1,7,0
6800,1,1,10.837,13.083,1.01,1.22,1.01,1.22,INF,-1,1,7,0
6820,1,1,13.414,11.199,1.25,1.05,1.25,1.05,INF,-1,1,7,0
6840,1,1,15.838,11.325,1.48,1.06,1.48,1.06,INF,-1,1,7,0
6860,1,1,10.917,12.532,1.02,1.17,1.02,1.17,INF,-1,1,7,0
6880,1,1,6.445,10.218,0.60,0.95,0.60,0.96,INF,-1,1,7,0
6900,1,1,9.948,13.053,0.93,1.22,0.93,1.22,INF,-1,1,7,0
6920,1,1,8.276,12.009,0.77,1.12,0.77,1.12,INF,-1,1,7,0
6940,1,1,8.430,13.683,0.79,1.28,0.79,1.28,INF,-1,1,7,0
6960,1,1,8.174,14.220,0.76,1.33,0.76,1.33,INF,-1,1,7,0
6980,1,1,7.324,10.945,0.68,1.02,0.68,1.02,INF,-1,1,7,0
7000,1,1,8.898,13.450,0.83,1.26,0.83,1.26,INF,-1,1,7,0
7020,1,1,6.742,12.767,0.63,1.19,0.63,1.19,INF,-1,1,7,0
7040,1,1,6.520,11.840,0.61,1.11,0.61,1.11,INF,-1,1,7,0
7060,1,1,10.369,12.982,0.97,1.21,0.97,1.21,INF,-1,1,7,0
7080,1,1,7.001,12.725,0.65,1.19,0.65,1.19,INF,-1,1,7,0
7100,1,1,8.559,12.909,0.80,1.21,0.80,1.21,INF,-1,1,7,0
7120,1,1,11.112,11.860,1.04,1.11,1.04,1.11,INF,-1,1,7,0
7140,1,1,29.764,7.535,2.78,0.70,2.78,0.70,INF,-1,1,7,0
7160,1,1,30.298,5.519,2.83,0.52,2.83,0.52,INF,-1,1,7,0
7180,1,1,29.025,7.452,2.71,0.70,2.71,0.70,INF,-1,0,7,0
7200,1,1,28.379,5.720,2.65,0.53,2.65,0.53,INF,-1,0,7,0
7220,1,1,30.398,6.146,2.84,0.57,2.84,0.57,INF,-1,0,7,0
7240,1,1,31.906,6.001,2.98,0.56,2.98,0.56,INF,-1,0,7,0
7260,1,1,32.070,5.036,2.99,0.47,2.99,0.47,INF,-1,0,7,0
7280,1,1,32.334,4.743,3.02,0.44,3.02,0.44,INF,-1,0,7,0
7300,1,1,32.127,6.190,3.00,0.58,3.00,0.58,INF,-1,0,7,0
7320,1,1,33.150,5.419,3.10,0.51,3.10,0.51,INF,-1,0,7,0
7340,1,1,33.311,6.261,3.11,0.58,3.11,0.59,INF,-1,0,7,0
7360,1,1,30.925,6.286,2.89,0.59,2.89,0.59,INF,-1,0,7,0
7380,1,1,32.223,8.561,3.01,0.80,3.01,0.80,INF,-1,0,7,0
7400,1,1,29.945,6.206,2.80,0.58,2.80,0.58,INF,-1,0,7,0
7420,1,1,32.256,5.495,3.01,0.51,3.01,0.51,INF,-1,1,7,0
7440,1,1,30.171,4.303,2.82,0.40,2.82,0.40,INF,-1,1,7,0
7460,1,1,32.851,7.343,3.07,0.69,3.07,0.69,INF,-1,1,7,0
7480,1,1,32.479,4.561,3.03,0.43,3.03,0.43,INF,-1,1,7,0
7500,1,1,32.872,6.809,3.07,0.64,3.07,0.64,INF,-1,1,7,0
7520,1,1,25.289,7.494,2.36,0.70,2.36,0.70,INF,-1,1,7,0
7540,1,1,12.117,14.767,1.13,1.38,1.13,1.38,INF,-1,1,7,0
7560,1,1,10.386,14.452,0.97,1.35,0.97,1.35,INF,-1,1,7,0
7580,1,1,11.361,14.347,1.06,1.34,1.06,1.34,INF,-1,0,7,0
7600,1,1,7.756,16.286,0.72,1.52,0.72,1.52,INF,-1,0,7,0
7620,1,1,8.548,16.316,0.80,1.52,0.80,1.52,INF,-1,0,7,0
7640,1,1,5.768,16.655,0.54,1.56,0.54,1.56,INF,-1,0,7,0
7660,1,1,6.518,16.766,0.61,1.57,0.61,1.57,INF,-1,0,7,0
7680,1,1,8.452,17.786,0.79,1.66,0.79,1.66,INF,-1,0,7,0
7700,1,1,5.389,17.156,0.50,1.60,0.50,1.60,INF,-1,0,7,0
7720,1,1,5.506,15.753,0.51,1.47,0.51,1.47,INF,-1,0,7,0
7740,1,1,4.443,17.204,0.42,1.61,0.42,1.61,INF,-1,0,7,0
7760,1,1,6.037,15.625,0.56,1.46,0.56,1.46,INF,-1,0,7,0
7780,1,1,6.719,17.016,0.63,1.59,0.63,1.59,INF,-1,0,7,0
7800,1,1,6.868,16.313,0.64,1.52,0.64,1.52,INF,-1,0,7,0
7820,1,1,-7.462,19.679,-0.70,1.84,-0.70,1.84,INF,-1,1,7,0
7840,1,1,-6.284,20.660,-0.59,1.93,-0.59,1.93,INF,-1,1,7,0
7860,1,1,-5.302,20.563,-0.50,1.92,-0.50,1.92,INF,-1,0,7,0
7880,1,1,-7.714,19.898,-0.72,1.86,-0.72,1.86,INF,-1,0,7,0
7900,1,1,-4.183,19.266,-0.39,1.80,-0.39,1.80,INF,-1,0,7,0
7920,1,1,-5.624,19.208,-0.53,1.79,-0.53,1.79,INF,-1,0,7,0
7940,1,1,-6.540,19.662,-0.61,1.84,-0.61,1.84,INF,-1,0,7,0
7960,1,1,-6.038,18.375,-0.56,1.72,-0.56,1.72,INF,-1,0,7,0
7980,1,1,-5.330,17.816,-0.50,1.66,-0.50,1.66,INF,-1,0,7,0
8000,1,1,-6.388,18.980,-0.60,1.77,-0.60,1.77,INF,-1,0,7,0
8020,1,1,-5.799,20.207,-0.54,1.89,-0.54,1.89,INF,-1,0,7,0
8040,1,1,-4.223,18.949,-0.39,1.77,-0.39,1.77,INF,-1,0,7,0
8060,1,1,-7.346,18.349,-0.69,1.71,-0.69,1.71,INF,-1,0,7,0
8080,1,1,-4.069,18.471,-0.38,1.73,-0.38,1.73,INF,-1,0,7,0
8100,1,1,-4.979,19.441,-0.47,1.82,-0.47,1.82,INF,-1,1,7,0
8120,1,1,-7.222,19.366,-0.67,1.81,-0.67,1.81,INF,-1,1,7,0
8140,1,1,-5.696,19.812,-0.53,1.85,-0.53,1.85,INF,-1,1,7,0
8160,1,1,-4.703,18.463,-0.44,1.73,-0.44,1.73,INF,-1,1,7,0
8180,1,1,9.616,14.420,0.90,1.35,0.90,1.35,INF,-1,1,7,0
8200,1,1,13.725,15.514,1.28,1.45,1.28,1.45,INF,-1,1,7,0
8220,1,1,12.469,15.355,1.17,1.43,1.16,1.43,INF,-1,0,7,0
8240,1,1,15.447,14.701,1.44,1.37,1.44,1.37,INF,-1,0,7,0
8260,1,1,11.522,16.200,1.08,1.51,1.08,1.51,INF,-1,0,7,0
8280,1,1,15.355,14.219,1.43,1.33,1.43,1.33,INF,-1,0,7,0
8300,1,1,14.894,15.653,1.39,1.46,1.39,1.46,INF,-1,0,7,0
8320,1,1,13.866,16.400,1.30,1.53,1.30,1.53,INF,-1,0,7,0
8340,1,1,13.487,15.510,1.26,1.45,1.26,1.45,INF,-1,0,7,0
8360,1,1,14.355,14.907,1.34,1.39,1.34,1.39,INF,-1,0,7,0
8380,1,1,14.406,16.674,1.35,1.56,1.35,1.56,INF,-1,0,7,0
8400,1,1,14.258,14.836,1.33,1.39,1.33,1.39,INF,-1,0,7,0
8420,1,1,15.202,14.993,1.42,1.40,1.42,1.40,INF,-1,0,7,0
8440,1,1,10.229,17.109,0.96,1.60,0.96,1.60,INF,-1,0,7,0
8460,1,1,14.801,15.806,1.38,1.48,1.38,1.48,INF,-1,1,7,0
8480,1,1,13.781,15.730,1.29,1.47,1.29,1.47,INF,-1,1,7,0
8500,1,1,14.427,16.097,1.35,1.50,1.35,1.50,INF,-1,1,7,0
8520,1,1,13.697,17.125,1.28,1.60,1.28,1.60,INF,-1,1,7,0
8540,1,1,13.175,16.353,1.23,1.53,1.23,1.53,INF,-1,1,7,0
8560,1,1,12.058,16.160,1.13,1.51,1.13,1.51,INF,-1,1,7,0
8580,1,1,13.113,16.204,1.23,1.51,1.22,1.51,INF,-1,1,7,0
8600,1,1,13.828,15.592,1.29,1.46,1.29,1.46,INF,-1,1,7,0
8620,1,1,15.687,15.515,1.47,1.45,1.47,1.45,INF,-1,1,7,0
8640,1,1,13.382,18.083,1.25,1.69,1.25,1.69,INF,-1,1,7,0
8660,1,1,14.442,14.840,1.35,1.39,1.35,1.39,INF,-1,1,7,0
8680,1,1,13.655,14.253,1.28,1.33,1.28,1.33,INF,-1,1,7,0
8700,1,1,14.630,12.908,1.37,1.21,1.37,1.21,INF,-1,1,7,0
8720,1,1,18.250,14.549,1.71,1.36,1.70,1.36,INF,-1,1,7,0
8740,1,1,16.367,13.742,1.53,1.28,1.53,1.28,INF,-1,1,7,0
8760,1,1,18.226,12.485,1.70,1.17,1.70,1.17,INF,-1,1,7,0
8780,1,1,15.618,14.162,1.46,1.32,1.46,1.32,INF,-1,1,7,0
8800,1,1,16.605,14.378,1.55,1.34,1.55,1.34,INF,-1,1,7,0
8820,1,1,17.362,11.976,1.62,1.12,1.62,1.12,INF,-1,1,7,0
8840,1,1,15.819,13.434,1.48,1.25,1.48,1.26,INF,-1,1,7,0
8860,1,1,17.396,13.140,1.63,1.23,1.63,1.23,INF,-1,1,7,0
8880,1,1,17.560,12.027,1.64,1.12,1.64,1.12,INF,-1,1,7,0
8900,1,1,17.179,11.393,1.61,1.06,1.61,1.06,INF,-1,1,7,0
8920,1,1,18.741,12.145,1.75,1.13,1.75,1.13,INF,-1,1,7,0
8940,1,1,16.977,12.312,1.59,1.15,1.59,1.15,INF,-1,1,7,0
8960,1,1,18.084,11.961,1.69,1.12,1.69,1.12,INF,-1,1,7,0
8980,1,1,18.387,12.116,1.72,1.13,1.72,1.13,INF,-1,1,7,0
9000,1,1,18.193,12.089,1.70,1.13,1.70,1.13,INF,-1,1,7,0
9020,1,1,17.277,13.167,1.61,1.23,1.61,1.23,INF,-1,1,7,0
9040,1,1,18.692,13.122,1.75,1.23,1.75,1.23,INF,-1,1,7,0
9060,1,1,15.232,14.564,1.42,1.36,1.42,1.36,INF,-1,1,7,0
9080,1,1,16.808,12.606,1.57,1.18,1.57,1.18,INF,-1,1,7,0
9100,1,1,17.697,12.302,1.65,1.15,1.65,1.15,INF,-1,1,7,0
9120,1,1,10.681,11.511,1.00,1.08,1.00,1.08,INF,-1,1,7,0
9140,1,1,9.747,12.513,0.91,1.17,0.91,1.17,INF,-1,1,7,0
9160,1,1,7.850,12.689,0.73,1.19,0.73,1.19,INF,-1,1,7,0
9180,1,1,8.411,11.673,0.79,1.09,0.79,1.09,INF,-1,1,7,0
9200,1,1,6.992,12.262,0.65,1.15,0.65,1.15,INF,-1,1,7,0
9220,1,1,9.416,10.823,0.88,1.01,0.88,1.01,INF,-1,1,7,0
9240,1,1,7.013,11.526,0.66,1.08,0.66,1.08,INF,-1,1,7,0
9260,1,1,9.244,10.924,0.86,1.02,0.86,1.02,INF,-1,1,7,0
9280,1,1,7.972,11.898,0.75,1.11,0.74,1.11,INF,-1,1,7,0
9300,1,1,9.371,8.135,0.88,0.76,0.88,0.76,INF,-1,1,7,0
9320,1,1,7.695,11.265,0.72,1.05,0.72,1.05,INF,-1,1,7,0
9340,1,1,11.093,7.853,1.04,0.73,1.04,0.73,INF,-1,1,7,0
9360,1,1,8.631,11.120,0.81,1.04,0.81,1.04,INF,-1,1,7,0
9380,1,1,10.715,9.527,1.00,0.89,1.00,0.89,INF,-1,1,7,0
9400,1,1,8.825,10.133,0.82,0.95,0.82,0.95,INF,-1,1,7,0
9420,1,1,8.424,9.723,0.79,0.91,0.79,0.91,INF,-1,1,7,0
9440,1,1,8.256,8.508,0.77,0.80,0.77,0.80,INF,-1,1,7,0
9460,1,1,7.566,10.059,0.71,0.94,0.71,0.94,INF,-1,1,7,0
9480,1,1,9.179,8.823,0.86,0.82,0.86,0.82,INF,-1,1,7,0
9500,1,1,5.122,8.637,0.48,0.81,0.48,0.81,INF,-1,1,7,0
9520,1,1,3.718,8.574,0.35,0.80,0.35,0.80,INF,-1,1,7,0
9540,1,1,2.362,8.393,0.22,0.78,0.22,0.78,INF,-1,0,7,0
9560,1,1,0.379,9.833,0.04,0.92,0.04,0.92,INF,-1,0,7,0
9580,1,1,1.059,8.802,0.10,0.82,0.10,0.82,INF,-1,0,7,0
9600,1,1,0.455,9.581,0.04,0.90,0.04,0.90,INF,-1,0,7,0
9620,1,1,1.497,9.543,0.14,0.89,0.14,0.89,INF,-1,0,7,0
9640,1,1,-3.524,8.326,-0.33,0.78,-0.33,0.78,INF,-1,0,7,0
9660,1,1,-2.530,10.378,-0.24,0.97,-0.24,0.97,INF,-1,0,7,0
9680,1,1,-4.085,9.005,-0.38,0.84,-0.38,0.84,INF,-1,0,7,0
9700,1,1,-3.412,10.429,-0.32,0.97,-0.32,0.97,INF,-1,0,7,0
9720,1,1,-3.428,9.981,-0.32,0.93,-0.32,0.93,INF,-1,0,7,0
9740,1,1,-3.048,9.646,-0.28,0.90,-0.28,0.90,INF,-1,0,7,0
9760,1,1,-1.940,10.540,-0.18,0.99,-0.18,0.99,INF,-1,0,7,0
9780,1,1,-0.353,9.267,-0.03,0.87,-0.03,0.87,INF,-1,1,7,0
9800,1,1,-0.624,9.059,-0.06,0.85,-0.06,0.85,INF,-1,1,7,0
9820,1,1,0.220,10.397,0.02,0.97,0.02,0.97,INF,-1,1,7,0
9840,1,1,0.825,8.837,0.08,0.83,0.08,0.83,INF,-1,1,7,0
9860,1,1,0.653,8.920,0.06,0.83,0.06,0.83,INF,-1,1,7,0
9880,1,1,2.855,7.002,0.27,0.65,0.27,0.65,INF,-1,1,7,0
9900,1,1,1.167,5.551,0.11,0.52,0.11,0.52,INF,-1,1,7,0
9920,1,1,0.467,4.754,0.04,0.44,0.04,0.44,INF,-1,1,7,0
9940,1,1,-1.763,6.872,-0.16,0.64,-0.16,0.64,INF,-1,1,7,0
9960,1,1,0.960,4.639,0.09,0.43,0.09,0.43,INF,-1,1,7,0
9980,1,1,2.446,3.524,0.23,0.33,0.23,0.33,INF,-1,1,7,0
10000,1,1,0.338,3.043,0.03,0.28,0.03,0.28,INF,-1,1,7,0
10020,1,1,-0.820,2.919,-0.08,0.27,-0.08,0.27,INF,-1,1,7,0
10040,1,1,1.711,3.601,0.16,0.34,0.16,0.34,INF,-1,1,7,0
10060,1,1,3.041,4.126,0.28,0.39,0.28,0.39,INF,-1,1,7,0
10080,1,1,3.113,4.534,0.29,0.42,0.29,0.42,INF,-1,1,7,0
10100,1,1,4.034,3.959,0.38,0.37,0.38,0.37,INF,-1,1,7,0
10120,1,1,2.619,4.808,0.24,0.45,0.24,0.45,INF,-1,1,7,0
10140,1,1,3.449,3.879,0.32,0.36,0.32,0.36,INF,-1,1,7,0
10160,1,1,2.964,2.654,0.28,0.25,0.28,0.25,INF,-1,1,7,0
10180,1,1,4.528,4.518,0.42,0.42,0.42,0.42,INF,-1,1,7,0
10200,1,1,3.414,4.031,0.32,0.38,0.32,0.38,INF,-1,1,7,0
10220,1,1,0.718,3.798,0.07,0.36,0.07,0.36,INF,-1,1,7,0
10240,1,1,2.641,4.608,0.25,0.43,0.25,0.43,INF,-1,1,7,0
10260,1,1,2.949,2.183,0.28,0.20,0.28,0.20,INF,-1,1,7,0
10280,1,1,3.412,3.607,0.32,0.34,0.32,0.34,INF,-1,1,7,0
10300,1,1,1.747,5.041,0.16,0.47,0.16,0.47,INF,-1,1,7,0
10320,1,1,3.122,2.865,0.29,0.27,0.29,0.27,INF,-1,1,7,0
10340,1,1,3.801,4.066,0.36,0.38,0.36,0.38,INF,-1,1,7,0
10360,1,1,2.042,1.873,0.19,0.18,0.19,0.18,INF,-1,1,7,0
10380,1,1,2.064,1.920,0.19,0.18,0.19,0.18,INF,-1,1,7,0
10400,1,1,2.599,1.781,0.24,0.17,0.24,0.17,INF,-1,1,7,0
10420,1,1,-0.312,3.475,-0.03,0.32,-0.03,0.32,INF,-1,1,7,0
10440,1,1,0.998,2.022,0.09,0.19,0.09,0.19,INF,-1,1,7,0
10460,1,1,2.475,2.971,0.23,0.28,0.23,0.28,INF,-1,1,7,0
10480,1,1,2.033,3.626,0.19,0.34,0.19,0.34,INF,-1,1,7,0
10500,1,1,2.391,1.902,0.22,0.18,0.22,0.18,INF,-1,1,7,0
10520,1,1,3.462,2.137,0.32,0.20,0.32,0.20,INF,-1,1,7,0
10540,1,1,1.933,2.086,0.18,0.19,0.18,0.19,INF,-1,1,7,0
10560,1,1,2.131,-0.226,0.20,-0.02,0.20,-0.02,INF,-1,1,7,0
10580,1,1,2.495,3.134,0.23,0.29,0.23,0.29,INF,-1,1,7,0
10600,1,1,4.171,2.931,0.39,0.27,0.39,0.27,INF,-1,1,7,0
10620,1,1,2.481,3.734,0.23,0.35,0.23,0.35,INF,-1,1,7,0
10640,1,1,-0.012,3.403,0.00,0.32,0.00,0.32,INF,-1,1,7,0
10660,1,1,4.375,1.816,0.41,0.17,0.41,0.17,INF,-1,1,7,0
10680,1,1,2.633,1.693,0.25,0.16,0.25,0.16,INF,-1,1,7,0
10700,1,1,3.099,1.772,0.29,0.17,0.29,0.17,INF,-1,1,7,0
10720,1,1,3.180,0.622,0.30,0.06,0.30,0.06,INF,-1,1,7,0
10740,1,1,4.079,3.365,0.38,0.31,0.38,0.31,INF,-1,1,7,0
10760,1,1,1.180,2.640,0.11,0.25,0.11,0.25,INF,-1,1,7,0
10780,1,1,4.845,3.569,0.45,0.33,0.45,0.33,INF,-1,1,7,0
10800,1,1,10.872,3.434,1.02,0.32,1.02,0.32,INF,-1,1,7,0
10820,1,1,9.917,4.648,0.93,0.43,0.93,0.43,INF,-1,1,7,0
10840,1,1,10.278,4.946,0.96,0.46,0.96,0.46,INF,-1,0,7,0
10860,1,1,10.809,3.188,1.01,0.30,1.01,0.30,INF,-1,0,7,0
10880,1,1,9.739,4.407,0.91,0.41,0.91,0.41,INF,-1,0,7,0
10900,1,1,11.760,5.321,1.10,0.50,1.10,0.50,INF,-1,0,7,0
10920,1,1,10.294,3.168,0.96,0.30,0.96,0.30,INF,-1,0,7,0
10940,1,1,11.682,3.814,1.09,0.36,1.09,0.36,INF,-1,0,7,0
10960,1,1,8.454,4.728,0.79,0.44,0.79,0.44,INF,-1,0,7,0
10980,1,1,10.378,3.678,0.97,0.34,0.97,0.34,INF,-1,0,7,0
11000,1,1,10.754,3.797,1.01,0.35,1.01,0.35,INF,-1,0,7,0
11020,1,1,10.550,3.823,0.99,0.36,0.99,0.36,INF,-1,0,7,0
11040,1,1,9.393,4.000,0.88,0.37,0.88,0.37,INF,-1,0,7,0
11060,1,1,13.526,2.328,1.26,0.22,1.26,0.22,INF,-1,0,7,0
11080,1,1,14.094,4.737,1.32,0.44,1.32,0.44,INF,-1,1,7,0
11100,1,1,16.120,3.727,1.51,0.35,1.51,0.35,INF,-1,1,7,0
11120,1,1,15.688,4.905,1.47,0.46,1.47,0.46,INF,-1,1,7,0
11140,1,1,17.569,4.777,1.64,0.45,1.64,0.45,INF,-1,1,7,0
11160,1,1,12.104,3.801,1.13,0.36,1.13,0.36,INF,-1,1,7,0
11180,1,1,8.484,2.590,0.79,0.24,0.79,0.24,INF,-1,1,7,0
11200,1,1,6.579,2.688,0.61,0.25,0.61,0.25,INF,-1,1,7,0
11220,1,1,7.388,2.401,0.69,0.22,0.69,0.22,INF,-1,1,7,0
11240,1,1,6.296,2.614,0.59,0.24,0.59,0.24,INF,-1,1,7,0
11260,1,1,5.689,2.760,0.53,0.26,0.53,0.26,INF,-1,1,7,0
11280,1,1,9.828,3.051,0.92,0.29,0.92,0.29,INF,-1,1,7,0
11300,1,1,13.095,3.478,1.22,0.32,1.22,0.33,INF,-1,1,7,0
11320,1,1,11.851,2.582,1.11,0.24,1.11,0.24,INF,-1,1,7,0
11340,1,1,13.355,2.836,1.25,0.26,1.25,0.27,INF,-1,1,7,0
11360,1,1,11.461,2.858,1.07,0.27,1.07,0.27,INF,-1,1,7,0
11380,1,1,10.110,2.964,0.94,0.28,0.94,0.28,INF,-1,1,7,0
11400,1,1,5.901,2.762,0.55,0.26,0.55,0.26,INF,-1,1,7,0
11420,1,1,7.078,1.553,0.66,0.15,0.66,0.15,INF,-1,1,7,0
11440,1,1,6.654,1.282,0.62,0.12,0.62,0.12,INF,-1,1,7,0
11460,1,1,4.576,2.587,0.43,0.24,0.43,0.24,INF,-1,1,7,0
11480,1,1,5.829,3.010,0.54,0.28,0.54,0.28,INF,-1,1,7,0
11500,1,1,3.323,2.124,0.31,0.20,0.31,0.20,INF,-1,1,7,0
11520,1,1,6.221,1.984,0.58,0.19,0.58,0.19,INF,-1,1,7,0
11540,1,1,6.792,2.052,0.63,0.19,0.63,0.19,INF,-1,1,7,0
11560,1,1,5.338,1.662,0.50,0.16,0.50,0.16,INF,-1,1,7,0
11580,1,1,5.532,1.914,0.52,0.18,0.52,0.18,INF,-1,1,7,0
11600,1,1,11.237,-0.345,1.05,-0.03,1.05,-0.03,INF,-1,1,7,0
11620,1,1,11.377,1.923,1.06,0.18,1.06,0.18,INF,-1,1,7,0
11640,1,1,10.522,1.873,0.98,0.18,0.98,0.18,INF,-1,1,7,0
11660,1,1,11.639,2.079,1.09,0.19,1.09,0.19,INF,-1,1,7,0
11680,1,1,10.471,1.589,0.98,0.15,0.98,0.15,INF,-1,1,7,0
11700,1,1,12.106,1.736,1.13,0.16,1.13,0.16,INF,-1,1,7,0
11720,1,1,11.958,2.651,1.12,0.25,1.12,0.25,INF,-1,1,7,0
11740,1,1,11.342,1.496,1.06,0.14,1.06,0.14,INF,-1,1,7,0
11760,1,1,10.752,0.905,1.00,0.08,1.00,0.08,INF,-1,1,7,0
11780,1,1,4.840,3.501,0.45,0.33,0.45,0.33,INF,-1,1,7,0
11800,1,1,9.194,2.912,0.86,0.27,0.86,0.27,INF,-1,1,7,0
11820,1,1,7.576,1.624,0.71,0.15,0.71,0.15,INF,-1,1,7,0
11840,1,1,6.746,1.592,0.63,0.15,0.63,0.15,INF,-1,1,7,0
11860,1,1,6.742,3.102,0.63,0.29,0.63,0.29,INF,-1,1,7,0
11880,1,1,9.156,1.154,0.86,0.11,0.86,0.11,INF,-1,1,7,0
11900,1,1,9.740,0.627,0.91,0.06,0.91,0.06,INF,-1,1,7,0
11920,1,1,7.354,2.405,0.69,0.22,0.69,0.22,INF,-1,1,7,0
11940,1,1,9.352,0.493,0.87,0.05,0.87,0.05,INF,-1,1,7,0
11960,1,1,8.782,0.730,0.82,0.07,0.82,0.07,INF,-1,1,7,0
11980,1,1,6.917,1.496,0.65,0.14,0.65,0.14,INF,-1,1,7,0
12000,1,1,10.111,2.578,0.94,0.24,0.94,0.24,INF,-1,1,7,0
12020,1,1,7.724,1.626,0.72,0.15,0.72,0.15,INF,-1,1,7,0
12040,1,1,9.072,1.521,0.85,0.14,0.85,0.14,INF,-1,1,7,0
12060,1,1,9.870,1.695,0.92,0.16,0.92,0.16,INF,-1,1,7,0
12080,1,1,7.900,0.936,0.74,0.09,0.74,0.09,INF,-1,1,7,0
12100,1,1,8.446,2.442,0.79,0.23,0.79,0.23,INF,-1,1,7,0
12120,1,1,7.487,0.883,0.70,0.08,0.70,0.08,INF,-1,1,7,0
12140,1,1,9.385,1.634,0.88,0.15,0.88,0.15,INF,-1,1,7,0
12160,1,1,9.681,1.021,0.90,0.10,0.90,0.10,INF,-1,1,7,0
12180,1,1,9.436,2.019,0.88,0.19,0.88,0.19,INF,-1,1,7,0
12200,1,1,7.929,2.545,0.74,0.24,0.74,0.24,INF,-1,1,7,0
12220,1,1,8.126,2.527,0.76,0.24,0.76,0.24,INF,-1,1,7,0
12240,1,1,10.737,2.667,1.00,0.25,1.00,0.25,INF,-1,1,7,0
12260,1,1,9.909,2.854,0.93,0.27,0.93,0.27,INF,-1,1,7,0
12280,1,1,7.166,1.941,0.67,0.18,0.67,0.18,INF,-1,1,7,0
12300,1,1,8.404,2.225,0.79,0.21,0.79,0.21,INF,-1,1,7,0
12320,1,1,6.645,3.084,0.62,0.29,0.62,0.29,INF,-1,1,7,0
12340,1,1,8.937,2.281,0.84,0.21,0.84,0.21,INF,-1,1,7,0
12360,1,1,9.638,1.015,0.90,0.09,0.90,0.09,INF,-1,1,7,0
12380,1,1,9.000,3.040,0.84,0.28,0.84,0.28,INF,-1,1,7,0
12400,1,1,7.979,2.054,0.75,0.19,0.75,0.19,INF,-1,1,7,0
12420,1,1,8.102,1.500,0.76,0.14,0.76,0.14,INF,-1,1,7,0
12440,1,1,8.329,4.130,0.78,0.39,0.78,0.39,INF,-1,1,7,0
12460,1,1,9.727,1.641,0.91,0.15,0.91,0.15,INF,-1,1,7,0
12480,1,1,9.715,3.023,0.91,0.28,0.91,0.28,INF,-1,1,7,0
12500,1,1,8.535,2.507,0.80,0.23,0.80,0.23,INF,-1,1,7,0
12520,1,1,7.759,1.921,0.73,0.18,0.73,0.18,INF,-1,1,7,0
12540,1,1,-6.551,-3.565,-0.61,-0.33,-0.61,-0.33,INF,-1,1,7,0
12560,1,1,-14.482,-3.287,-1.35,-0.31,-1.35,-0.31,INF,-1,1,7,0
12580,1,1,-13.479,-3.619,-1.26,-0.34,-1.26,-0.34,INF,-1,0,7,0
12600,1,1,-12.868,-4.117,-1.20,-0.38,-1.20,-0.38,INF,-1,0,7,0
12620,1,1,-14.993,-5.537,-1.40,-0.52,-1.40,-0.52,INF,-1,0,7,0
12640,1,1,-13.684,-3.331,-1.28,-0.31,-1.28,-0.31,INF,-1,0,7,0
12660,1,1,-12.004,-5.393,-1.12,-0.50,-1.12,-0.50,INF,-1,0,7,0
12680,1,1,-13.111,-4.653,-1.23,-0.43,-1.23,-0.43,INF,-1,0,7,0
12700,1,1,-15.046,-3.763,-1.41,-0.35,-1.41,-0.35,INF,-1,0,7,0
12720,1,1,-14.617,-3.506,-1.37,-0.33,-1.37,-0.33,INF,-1,0,7,0
12740,1,1,-11.888,-4.037,-1.11,-0.38,-1.11,-0.38,INF,-1,0,7,0
12760,1,1,-14.153,-4.125,-1.32,-0.39,-1.32,-0.39,INF,-1,0,7,0
12780,1,1,-14.929,-3.579,-1.40,-0.33,-1.40,-0.33,INF,-1,0,7,0
12800,1,1,-14.921,-5.224,-1.39,-0.49,-1.39,-0.49,INF,-1,0,7,0
12820,1,1,-12.548,-4.769,-1.17,-0.45,-1.17,-0.45,INF,-1,1,7,0
12840,1,1,-13.120,-5.359,-1.23,-0.50,-1.23,-0.50,INF,-1,1,7,0
12860,1,1,-13.410,-3.157,-1.25,-0.30,-1.25,-0.30,INF,-1,1,7,0
12880,1,1,-12.383,-4.235,-1.16,-0.40,-1.16,-0.40,INF,-1,1,7,0
12900,1,1,-12.841,-4.801,-1.20,-0.45,-1.20,-0.45,INF,-1,1,7,0
12920,1,1,-13.076,-5.781,-1.22,-0.54,-1.22,-0.54,INF,-1,1,7,0
12940,1,1,-13.556,-5.509,-1.27,-0.51,-1.27,-0.51,INF,-1,1,7,0
12960,1,1,-13.598,-6.367,-1.27,-0.59,-1.27,-0.60,INF,-1,1,7,0
12980,1,1,-14.068,-4.532,-1.31,-0.42,-1.31,-0.42,INF,-1,1,7,0
13000,1,1,-15.315,-5.436,-1.43,-0.51,-1.43,-0.51,INF,-1,1,7,0
13020,1,1,-15.207,-4.266,-1.42,-0.40,-1.42,-0.40,INF,-1,1,7,0
13040,1,1,-9.439,-6.784,-0.88,-0.63,-0.88,-0.63,INF,-1,1,7,0
13060,1,1,-4.538,-8.259,-0.42,-0.77,-0.42,-0.77,INF,-1,1,7,0
13080,1,1,-7.595,-7.151,-0.71,-0.67,-0.71,-0.67,INF,-1,1,7,0
13100,1,1,-2.294,-9.541,-0.21,-0.89,-0.21,-0.89,INF,-1,1,7,0
13120,1,1,-6.157,-6.377,-0.58,-0.60,-0.58,-0.60,INF,-1,1,7,0
13140,1,1,-6.983,-9.050,-0.65,-0.85,-0.65,-0.85,INF,-1,1,7,0
13160,1,1,-6.820,-8.036,-0.64,-0.75,-0.64,-0.75,INF,-1,1,7,0
13180,1,1,-5.928,-8.659,-0.55,-0.81,-0.55,-0.81,INF,-1,1,7,0
13200,1,1,-4.446,-8.829,-0.42,-0.83,-0.42,-0.83,INF,-1,1,7,0
13220,1,1,-5.599,-9.638,-0.52,-0.90,-0.52,-0.90,INF,-1,1,7,0
13240,1,1,-4.248,-7.599,-0.40,-0.71,-0.40,-0.71,INF,-1,1,7,0
13260,1,1,-4.557,-8.769,-0.43,-0.82,-0.43,-0.82,INF,-1,1,7,0
13280,1,1,-3.765,-10.105,-0.35,-0.94,-0.35,-0.94,INF,-1,1,7,0
13300,1,1,-5.066,-7.183,-0.47,-0.67,-0.47,-0.67,INF,-1,1,7,0
13320,1,1,-4.759,-7.875,-0.44,-0.74,-0.44,-0.74,INF,-1,1,7,0
13340,1,1,-4.504,-7.265,-0.42,-0.68,-0.42,-0.68,INF,-1,1,7,0
13360,1,1,-5.448,-7.421,-0.51,-0.69,-0.51,-0.69,INF,-1,1,7,0
13380,1,1,-6.311,-7.200,-0.59,-0.67,-0.59,-0.67,INF,-1,1,7,0
13400,1,1,-7.250,-8.817,-0.68,-0.82,-0.68,-0.82,INF,-1,1,7,0
13420,1,1,-4.554,-9.470,-0.43,-0.89,-0.43,-0.89,INF,-1,1,7,0
13440,1,1,-4.994,-9.040,-0.47,-0.84,-0.47,-0.84,INF,-1,1,7,0
13460,1,1,-3.713,-11.183,-0.35,-1.05,-0.35,-1.05,INF,-1,1,7,0
13480,1,1,-6.793,-9.409,-0.63,-0.88,-0.63,-0.88,INF,-1,1,7,0
13500,1,1,-3.504,-8.914,-0.33,-0.83,-0.33,-0.83,INF,-1,1,7,0
13520,1,1,-6.466,-8.890,-0.60,-0.83,-0.60,-0.83,INF,-1,1,7,0
13540,1,1,-4.635,-10.133,-0.43,-0.95,-0.43,-0.95,INF,-1,1,7,0
13560,1,1,-5.398,-8.975,-0.50,-0.84,-0.50,-0.84,INF,-1,1,7,0
13580,1,1,-5.849,-9.636,-0.55,-0.90,-0.55,-0.90,INF,-1,1,7,0
13600,1,1,-4.408,-9.269,-0.41,-0.87,-0.41,-0.87,INF,-1,1,7,0
13620,1,1,-5.728,-8.120,-0.54,-0.76,-0.54,-0.76,INF,-1,1,7,0
13640,1,1,-5.693,-8.601,-0.53,-0.80,-0.53,-0.80,INF,-1,1,7,0
13660,1,1,-1.433,-5.718,-0.13,-0.53,-0.13,-0.53,INF,-1,1,7,0
13680,1,1,-1.278,-5.283,-0.12,-0.49,-0.12,-0.49,INF,-1,1,7,0
13700,1,1,1.801,-7.565,0.17,-0.71,0.17,-0.71,INF,-1,0,7,0
13720,1,1,3.803,-7.677,0.36,-0.72,0.36,-0.72,INF,-1,0,7,0
13740,1,1,-2.044,-7.237,-0.19,-0.68,-0.19,-0.68,INF,-1,0,7,0
13760,1,1,5.039,-8.406,0.47,-0.79,0.47,-0.79,INF,-1,0,7,0
13780,1,1,2.112,-8.148,0.20,-0.76,0.20,-0.76,INF,-1,0,7,0
13800,1,1,1.805,-7.654,0.17,-0.72,0.17,-0.72,INF,-1,0,7,0
13820,1,1,3.517,-7.484,0.33,-0.70,0.33,-0.70,INF,-1,0,7,0
13840,1,1,2.549,-8.707,0.24,-0.81,0.24,-0.81,INF,-1,0,7,0
13860,1,1,0.130,-7.214,0.01,-0.67,0.01,-0.67,INF,-1,0,7,0
13880,1,1,1.592,-9.222,0.15,-0.86,0.15,-0.86,INF,-1,0,7,0
13900,1,1,3.183,-6.343,0.30,-0.59,0.30,-0.59,INF,-1,0,7,0
13920,1,1,2.827,-8.993,0.26,-0.84,0.26,-0.84,INF,-1,0,7,0
13940,1,1,0.067,-9.110,0.01,-0.85,0.01,-0.85,INF,-1,1,7,0
13960,1,1,3.504,-8.541,0.33,-0.80,0.33,-0.80,INF,-1,1,7,0
13980,1,1,2.533,-8.171,0.24,-0.76,0.24,-0.76,INF,-1,1,7,0
14000,1,1,3.822,-8.900,0.36,-0.83,0.36,-0.83,INF,-1,1,7,0
14020,1,1,-0.550,-8.618,-0.05,-0.81,-0.05,-0.81,INF,-1,1,7,0
14040,1,1,-0.015,-10.560,0.00,-0.99,0.00,-0.99,INF,-1,1,7,0
14060,1,1,0.429,-10.243,0.04,-0.96,0.04,-0.96,INF,-1,1,7,0
14080,1,1,6.716,-7.023,0.63,-0.66,0.63,-0.66,INF,-1,1,7,0
14100,1,1,9.536,-4.540,0.89,-0.42,0.89,-0.42,INF,-1,1,7,0
14120,1,1,9.656,-5.440,0.90,-0.51,0.90,-0.51,INF,-1,1,7,0
14140,1,1,12.939,-6.940,1.21,-0.65,1.21,-0.65,INF,-1,1,7,0
14160,1,1,10.583,-7.092,0.99,-0.66,0.99,-0.66,INF,-1,1,7,0
14180,1,1,6.606,-6.103,0.62,-0.57,0.62,-0.57,INF,-1,1,7,0
14200,1,1,9.426,-6.734,0.88,-0.63,0.88,-0.63,INF,-1,1,7,0
14220,1,1,10.525,-6.845,0.98,-0.64,0.98,-0.64,INF,-1,1,7,0
14240,1,1,8.994,-7.263,0.84,-0.68,0.84,-0.68,INF,-1,1,7,0
14260,1,1,9.941,-7.179,0.93,-0.67,0.93,-0.67,INF,-1,1,7,0
14280,1,1,9.953,-6.495,0.93,-0.61,0.93,-0.61,INF,-1,1,7,0
14300,1,1,10.635,-7.920,0.99,-0.74,0.99,-0.74,INF,-1,1,7,0
14320,1,1,10.077,-7.757,0.94,-0.72,0.94,-0.72,INF,-1,1,7,0
14340,1,1,8.290,-5.636,0.77,-0.53,0.77,-0.53,INF,-1,1,7,0
14360,1,1,11.352,-6.864,1.06,-0.64,1.06,-0.64,INF,-1,1,7,0
14380,1,1,9.592,-6.403,0.90,-0.60,0.90,-0.60,INF,-1,1,7,0
14400,1,1,8.389,-5.539,0.78,-0.52,0.78,-0.52,INF,-1,1,7,0
14420,1,1,13.974,-1.689,1.31,-0.16,1.31,-0.16,INF,-1,1,7,0
14440,1,1,13.967,4.722,1.31,0.44,1.31,0.44,INF,-1,1,7,0
14460,1,1,15.150,1.855,1.42,0.17,1.42,0.17,INF,-1,0,7,0
14480,1,1,13.788,2.719,1.29,0.25,1.29,0.25,INF,-1,0,7,0
14500,1,1,16.216,1.603,1.52,0.15,1.52,0.15,INF,-1,0,7,0
14520,1,1,14.695,3.276,1.37,0.31,1.37,0.31,INF,-1,0,7,0
14540,1,1,13.967,1.890,1.31,0.18,1.31,0.18,INF,-1,0,7,0
14560,1,1,15.988,1.870,1.49,0.17,1.49,0.17,INF,-1,0,7,0
14580,1,1,12.552,1.744,1.17,0.16,1.17,0.16,INF,-1,0,7,0
14600,1,1,13.473,3.780,1.26,0.35,1.26,0.35,INF,-1,0,7,0
14620,1,1,14.936,3.074,1.40,0.29,1.40,0.29,INF,-1,0,7,0
14640,1,1,13.505,1.166,1.26,0.11,1.26,0.11,INF,-1,0,7,0
14660,1,1,10.388,1.450,0.97,0.14,0.97,0.14,INF,-1,0,7,0
14680,1,1,6.516,3.331,0.61,0.31,0.61,0.31,INF,-1,0,7,0
14700,1,1,6.214,1.900,0.58,0.18,0.58,0.18,INF,-1,1,7,0
14720,1,1,5.159,4.163,0.48,0.39,0.48,0.39,INF,-1,1,7,0
14740,1,1,7.311,4.215,0.68,0.39,0.68,0.39,INF,-1,1,7,0
14760,0,1,0.000,0.000,0.00,0.00,0.00,0.00,0.00,-1,1,7,0
14780,0,1,0.000,0.000,0.00,0.00,0.00,0.00,0.00,-1,1,7,0
14800,0,1,0.000,0.000,0.00,0.00,0.00,0.00,0.00,-1,1,7,0
14820,1,1,15.362,8.437,1.44,0.79,1.44,0.79,INF,-1,1,7,0
14840,1,1,17.871,9.068,1.67,0.85,1.67,0.85,INF,-1,1,7,0
14860,1,1,15.081,14.808,1.41,1.38,1.41,1.38,INF,-1,1,7,0
14880,1,1,9.686,12.083,0.91,1.13,0.91,1.13,INF,-1,1,7,0
14900,1,1,10.380,11.632,0.97,1.09,0.97,1.09,INF,-1,1,7,0
14920,1,1,10.649,10.464,1.00,0.98,1.00,0.98,INF,-1,1,7,0
14940,1,1,8.462,10.804,0.79,1.01,0.79,1.01,INF,-1,1,7,0
14960,1,1,8.283,10.219,0.77,0.95,0.77,0.96,INF,-1,1,7,0
14980,1,1,9.173,10.699,0.86,1.00,0.86,1.00,INF,-1,1,7,0
