"EyeTracker Toolbox version","3.250"
CalibrationParameters_A11,1.27064
CalibrationParameters_A12,0.08383
CalibrationParameters_A13,0.04331
CalibrationParameters_A21,0.09715
CalibrationParameters_A22,-1.33213
CalibrationParameters_A23,-0.00513
CalibrationParameters_A31,-0.00207
CalibrationParameters_A32,-0.00409
CalibrationParameters_E11,-0.17968
CalibrationParameters_E12,0.00023
CalibrationParameters_E21,-0.00014
CalibrationParameters_E22,0.19990
CalibrationParameters_X,-61.51275
CalibrationParameters_Y,-43.27834
CalibrationParameters_Rpc,84.86162
CalibrationParameters_MeanX,123.36648
CalibrationParameters_MeanY,160.10305
CalibrationParameters_ViewDist,613.00000
TimeStamp,Tracked,Calibrated,ScreenPositionXmm,ScreenPositionYmm,FicksLongitude,FicksLatitude,HelmholtzAzimuth,HelmholtzElevation,PupilDiameter,Region,Fixation,DigitalIO,Dropped
0,1,1,-8.014,36.322,-0.75,3.39,-0.75,3.39,INF,-1,0,7,0
20,1,1,-8.622,36.346,-0.81,3.39,-0.80,3.39,INF,-1,0,7,0
40,1,1,-9.446,37.001,-0.88,3.45,-0.88,3.45,INF,-1,0,7,0
60,1,1,-8.327,36.883,-0.78,3.44,-0.78,3.44,INF,-1,0,7,0
80,1,1,-7.489,37.131,-0.70,3.47,-0.70,3.47,INF,-1,0,7,0
100,1,1,-8.385,36.959,-0.78,3.45,-0.78,3.45,INF,-1,0,7,0
120,1,1,-8.545,35.611,-0.80,3.32,-0.80,3.32,INF,-1,0,7,0
140,1,1,-9.186,34.541,-0.86,3.22,-0.86,3.23,INF,-1,0,7,0
160,1,1,-9.203,36.295,-0.86,3.39,-0.86,3.39,INF,-1,0,7,0
180,1,1,-9.790,34.243,-0.91,3.20,-0.91,3.20,INF,-1,0,7,0
200,1,1,-10.238,34.838,-0.96,3.25,-0.96,3.25,INF,-1,0,7,0
220,1,1,-12.157,35.447,-1.14,3.31,-1.13,3.31,INF,-1,0,7,0
240,1,1,-11.680,36.133,-1.09,3.37,-1.09,3.37,INF,-1,0,7,0
260,1,1,-12.773,35.883,-1.19,3.35,-1.19,3.35,INF,-1,0,7,0
280,1,1,-12.942,35.425,-1.21,3.31,-1.21,3.31,INF,-1,1,7,0
300,1,1,-7.179,31.362,-0.67,2.93,-0.67,2.93,INF,-1,1,7,0
320,1,1,1.186,14.706,0.11,1.37,0.11,1.37,INF,-1,1,7,0
340,1,1,-1.980,16.463,-0.19,1.54,-0.18,1.54,INF,-1,1,7,0
360,1,1,-0.863,15.662,-0.08,1.46,-0.08,1.46,INF,-1,0,7,0
380,1,1,-2.349,16.567,-0.22,1.55,-0.22,1.55,INF,-1,0,7,0
400,1,1,-3.067,18.127,-0.29,1.69,-0.29,1.69,INF,-1,0,7,0
420,1,1,-0.454,15.879,-0.04,1.48,-0.04,1.48,INF,-1,0,7,0
440,1,1,-1.683,17.763,-0.16,1.66,-0.16,1.66,INF,-1,0,7,0
460,1,1,-1.001,18.397,-0.09,1.72,-0.09,1.72,INF,-1,0,7,0
480,1,1,0.243,15.834,0.02,1.48,0.02,1.48,INF,-1,0,7,0
500,1,1,9.623,7.666,0.90,0.72,0.90,0.72,INF,-1,0,7,0
520,1,1,16.542,2.980,1.55,0.28,1.55,0.28,INF,-1,0,7,0
540,1,1,12.614,4.963,1.18,0.46,1.18,0.46,INF,-1,0,7,0
560,1,1,12.859,3.334,1.20,0.31,1.20,0.31,INF,-1,0,7,0
580,1,1,13.617,4.073,1.27,0.38,1.27,0.38,INF,-1,0,7,0
600,1,1,12.815,3.569,1.20,0.33,1.20,0.33,INF,-1,0,7,0
620,1,1,12.578,3.886,1.18,0.36,1.18,0.36,INF,-1,0,7,0
640,1,1,12.907,3.985,1.21,0.37,1.21,0.37,INF,-1,1,7,0
660,1,1,14.446,2.367,1.35,0.22,1.35,0.22,INF,-1,1,7,0
680,1,1,24.176,-4.289,2.26,-0.40,2.26,-0.40,INF,-1,1,7,0
700,1,1,26.313,-8.448,2.46,-0.79,2.46,-0.79,INF,-1,0,7,0
720,1,1,26.101,-10.432,2.44,-0.97,2.44,-0.97,INF,-1,0,7,0
740,1,1,26.005,-8.722,2.43,-0.81,2.43,-0.82,INF,-1,0,7,0
760,1,1,25.493,-8.517,2.38,-0.80,2.38,-0.80,INF,-1,0,7,0
780,1,1,26.506,-8.017,2.48,-0.75,2.48,-0.75,INF,-1,0,7,0
800,1,1,27.492,-7.538,2.57,-0.70,2.57,-0.70,INF,-1,0,7,0
820,1,1,29.098,-5.945,2.72,-0.56,2.72,-0.56,INF,-1,0,7,0
840,1,1,33.687,-6.852,3.15,-0.64,3.15,-0.64,INF,-1,0,7,0
860,1,1,34.704,-7.062,3.24,-0.66,3.24,-0.66,INF,-1,0,7,0
880,1,1,34.684,-7.346,3.24,-0.69,3.24,-0.69,INF,-1,0,7,0
900,1,1,34.319,-6.943,3.20,-0.65,3.20,-0.65,INF,-1,0,7,0
920,1,1,34.018,-7.577,3.18,-0.71,3.18,-0.71,INF,-1,0,7,0
940,1,1,34.783,-6.373,3.25,-0.59,3.25,-0.60,INF,-1,0,7,0
960,1,1,34.933,-7.003,3.26,-0.65,3.26,-0.65,INF,-1,1,7,0
980,1,1,35.552,-7.760,3.32,-0.72,3.32,-0.73,INF,-1,1,7,0
1000,1,1,34.688,-7.033,3.24,-0.66,3.24,-0.66,INF,-1,1,7,0
1020,1,1,36.507,-5.987,3.41,-0.56,3.41,-0.56,INF,-1,1,7,0
1040,1,1,36.328,-4.734,3.39,-0.44,3.39,-0.44,INF,-1,1,7,0
1060,1,1,37.476,-5.651,3.50,-0.53,3.50,-0.53,INF,-1,1,7,0
1080,1,1,36.899,-5.336,3.44,-0.50,3.44,-0.50,INF,-1,1,7,0
1100,1,1,37.482,-7.122,3.50,-0.66,3.50,-0.67,INF,-1,1,7,0
1120,1,1,38.582,-4.838,3.60,-0.45,3.60,-0.45,INF,-1,1,7,0
1140,1,1,38.745,-6.642,3.62,-0.62,3.62,-0.62,INF,-1,1,7,0
1160,1,1,38.587,-5.416,3.60,-0.51,3.60,-0.51,INF,-1,1,7,0
1180,1,1,39.602,-7.244,3.70,-0.68,3.70,-0.68,INF,-1,1,7,0
1200,1,1,39.007,-6.361,3.64,-0.59,3.64,-0.59,INF,-1,1,7,0
1220,1,1,39.672,-4.307,3.70,-0.40,3.70,-0.40,INF,-1,1,7,0
1240,1,1,41.905,-1.622,3.91,-0.15,3.91,-0.15,INF,-1,1,7,0
1260,1,1,41.135,-0.155,3.84,-0.01,3.84,-0.01,INF,-1,0,7,0
1280,1,1,40.990,-1.013,3.83,-0.09,3.83,-0.09,INF,-1,0,7,0
1300,1,1,40.602,-1.319,3.79,-0.12,3.79,-0.12,INF,-1,0,7,0
1320,1,1,40.889,-1.236,3.82,-0.12,3.82,-0.12,INF,-1,0,7,0
1340,1,1,40.800,-0.759,3.81,-0.07,3.81,-0.07,INF,-1,0,7,0
1360,1,1,41.305,-1.333,3.85,-0.12,3.85,-0.12,INF,-1,0,7,0
1380,1,1,41.436,-1.804,3.87,-0.17,3.87,-0.17,INF,-1,0,7,0
1400,1,1,41.735,-0.944,3.89,-0.09,3.89,-0.09,INF,-1,0,7,0
1420,1,1,41.595,0.162,3.88,0.02,3.88,0.02,INF,-1,0,7,0
1440,1,1,41.446,1.612,3.87,0.15,3.87,0.15,INF,-1,0,7,0
1460,1,1,39.445,-0.198,3.68,-0.02,3.68,-0.02,INF,-1,0,7,0
1480,1,1,38.461,-1.725,3.59,-0.16,3.59,-0.16,INF,-1,0,7,0
1500,1,1,39.314,-1.663,3.67,-0.16,3.67,-0.16,INF,-1,1,7,0
1520,1,1,38.695,-1.578,3.61,-0.15,3.61,-0.15,INF,-1,1,7,0
1540,1,1,38.292,-1.229,3.57,-0.11,3.57,-0.11,INF,-1,1,7,0
1560,1,1,39.517,-2.636,3.69,-0.25,3.69,-0.25,INF,-1,1,7,0
1580,1,1,39.908,-2.998,3.72,-0.28,3.72,-0.28,INF,-1,1,7,0
1600,1,1,32.735,-3.154,3.06,-0.29,3.06,-0.29,INF,-1,1,7,0
1620,1,1,31.591,-2.763,2.95,-0.26,2.95,-0.26,INF,-1,1,7,0
1640,1,1,32.042,-3.658,2.99,-0.34,2.99,-0.34,INF,-1,1,7,0
1660,1,1,32.462,-3.466,3.03,-0.32,3.03,-0.32,INF,-1,1,7,0
1680,1,1,33.251,-4.671,3.10,-0.44,3.10,-0.44,INF,-1,1,7,0
1700,1,1,33.552,-3.846,3.13,-0.36,3.13,-0.36,INF,-1,1,7,0
1720,1,1,34.159,-3.508,3.19,-0.33,3.19,-0.33,INF,-1,1,7,0
1740,1,1,34.458,-3.367,3.22,-0.31,3.22,-0.31,INF,-1,1,7,0
1760,1,1,34.544,-3.581,3.23,-0.33,3.23,-0.33,INF,-1,1,7,0
1780,1,1,33.991,-2.424,3.17,-0.23,3.17,-0.23,INF,-1,1,7,0
1800,1,1,32.982,-3.967,3.08,-0.37,3.08,-0.37,INF,-1,1,7,0
1820,1,1,31.060,-3.644,2.90,-0.34,2.90,-0.34,INF,-1,1,7,0
1840,1,1,31.595,-3.646,2.95,-0.34,2.95,-0.34,INF,-1,1,7,0
1860,1,1,31.465,-3.135,2.94,-0.29,2.94,-0.29,INF,-1,1,7,0
1880,1,1,32.101,-4.155,3.00,-0.39,3.00,-0.39,INF,-1,1,7,0
1900,1,1,31.253,-3.872,2.92,-0.36,2.92,-0.36,INF,-1,1,7,0
1920,1,1,31.532,-5.448,2.94,-0.51,2.94,-0.51,INF,-1,1,7,0
1940,1,1,25.425,-7.251,2.38,-0.68,2.37,-0.68,INF,-1,1,7,0
1960,1,1,11.170,-10.613,1.04,-0.99,1.04,-0.99,INF,-1,0,7,0
1980,1,1,-10.561,-17.166,-0.99,-1.60,-0.99,-1.60,INF,-1,0,7,0
2000,1,1,-21.252,-21.278,-1.99,-1.99,-1.98,-1.99,INF,-1,0,7,0
2020,1,1,-21.052,-20.662,-1.97,-1.93,-1.97,-1.93,INF,-1,0,7,0
2040,1,1,-19.426,-20.177,-1.82,-1.88,-1.81,-1.89,INF,-1,0,7,0
2060,1,1,-18.831,-19.230,-1.76,-1.80,-1.76,-1.80,INF,-1,0,7,0
2080,1,1,-18.955,-14.965,-1.77,-1.40,-1.77,-1.40,INF,-1,0,7,0
2100,1,1,-18.949,-9.354,-1.77,-0.87,-1.77,-0.87,INF,-1,0,7,0
2120,1,1,-19.350,-7.024,-1.81,-0.66,-1.81,-0.66,INF,-1,0,7,0
2140,1,1,-19.475,-4.959,-1.82,-0.46,-1.82,-0.46,INF,-1,0,7,0
2160,1,1,-18.482,-2.865,-1.73,-0.27,-1.73,-0.27,INF,-1,0,7,0
2180,1,1,-17.670,-0.330,-1.65,-0.03,-1.65,-0.03,INF,-1,0,7,0
2200,1,1,-18.828,-0.701,-1.76,-0.07,-1.76,-0.07,INF,-1,0,7,0
2220,1,1,-18.199,-0.997,-1.70,-0.09,-1.70,-0.09,INF,-1,0,7,0
2240,1,1,-18.763,-0.421,-1.75,-0.04,-1.75,-0.04,INF,-1,0,7,0
2260,1,1,-18.456,-0.985,-1.72,-0.09,-1.72,-0.09,INF,-1,0,7,0
2280,1,1,-19.403,-1.304,-1.81,-0.12,-1.81,-0.12,INF,-1,0,7,0
2300,1,1,-18.072,-1.228,-1.69,-0.11,-1.69,-0.11,INF,-1,0,7,0
2320,1,1,-19.357,-1.033,-1.81,-0.10,-1.81,-0.10,INF,-1,0,7,0
2340,1,1,-19.102,1.121,-1.78,0.10,-1.78,0.10,INF,-1,1,7,0
2360,1,1,-19.280,0.774,-1.80,0.07,-1.80,0.07,INF,-1,1,7,0
2380,1,1,-19.889,2.427,-1.86,0.23,-1.86,0.23,INF,-1,1,7,0
2400,1,1,-20.169,3.223,-1.88,0.30,-1.88,0.30,INF,-1,1,7,0
2420,1,1,-22.000,3.987,-2.06,0.37,-2.06,0.37,INF,-1,1,7,0
2440,1,1,-22.386,5.553,-2.09,0.52,-2.09,0.52,INF,-1,1,7,0
2460,1,1,-24.329,6.447,-2.27,0.60,-2.27,0.60,INF,-1,1,7,0
2480,1,1,-24.571,5.875,-2.30,0.55,-2.30,0.55,INF,-1,0,7,0
2500,1,1,-26.012,7.100,-2.43,0.66,-2.43,0.66,INF,-1,0,7,0
2520,1,1,-26.618,7.252,-2.49,0.68,-2.49,0.68,INF,-1,0,7,0
2540,1,1,-29.417,5.115,-2.75,0.48,-2.75,0.48,INF,-1,0,7,0
2560,1,1,-29.881,6.438,-2.79,0.60,-2.79,0.60,INF,-1,0,7,0
2580,1,1,-30.351,3.552,-2.83,0.33,-2.83,0.33,INF,-1,0,7,0
2600,1,1,-31.422,2.821,-2.93,0.26,-2.93,0.26,INF,-1,0,7,0
2620,1,1,-30.419,1.437,-2.84,0.13,-2.84,0.13,INF,-1,0,7,0
2640,1,1,-31.492,2.193,-2.94,0.20,-2.94,0.20,INF,-1,0,7,0
2660,1,1,-31.637,1.459,-2.95,0.14,-2.95,0.14,INF,-1,0,7,0
2680,1,1,-32.593,0.890,-3.04,0.08,-3.04,0.08,INF,-1,0,7,0
2700,1,1,-32.674,0.802,-3.05,0.07,-3.05,0.07,INF,-1,0,7,0
2720,1,1,-32.169,-0.647,-3.00,-0.06,-3.00,-0.06,INF,-1,1,7,0
2740,1,1,-32.447,-0.851,-3.03,-0.08,-3.03,-0.08,INF,-1,1,7,0
2760,1,1,-32.108,-0.336,-3.00,-0.03,-3.00,-0.03,INF,-1,1,7,0
2780,1,1,-33.657,-1.764,-3.14,-0.16,-3.14,-0.16,INF,-1,1,7,0
2800,1,1,-33.644,-2.591,-3.14,-0.24,-3.14,-0.24,INF,-1,1,7,0
2820,1,1,-6.171,2.027,-0.58,0.19,-0.58,0.19,INF,-1,1,7,0
2840,1,1,-7.979,1.060,-0.75,0.10,-0.75,0.10,INF,-1,1,7,0
2860,1,1,-6.591,0.700,-0.62,0.07,-0.62,0.07,INF,-1,0,7,0
2880,1,1,-5.834,-0.748,-0.55,-0.07,-0.55,-0.07,INF,-1,0,7,0
2900,1,1,-5.869,0.390,-0.55,0.04,-0.55,0.04,INF,-1,0,7,0
2920,1,1,-5.674,-0.246,-0.53,-0.02,-0.53,-0.02,INF,-1,0,7,0
2940,1,1,-4.293,-0.888,-0.40,-0.08,-0.40,-0.08,INF,-1,0,7,0
2960,1,1,-3.440,-2.014,-0.32,-0.19,-0.32,-0.19,INF,-1,0,7,0
2980,1,1,-4.114,-0.075,-0.38,-0.01,-0.38,-0.01,INF,-1,0,7,0
3000,1,1,-3.629,-1.728,-0.34,-0.16,-0.34,-0.16,INF,-1,0,7,0
3020,1,1,-4.731,-1.354,-0.44,-0.13,-0.44,-0.13,INF,-1,0,7,0
3040,1,1,20.348,7.591,1.90,0.71,1.90,0.71,INF,-1,0,7,0
3060,1,1,13.613,6.598,1.27,0.62,1.27,0.62,INF,-1,0,7,0
3080,1,1,16.984,8.134,1.59,0.76,1.59,0.76,INF,-1,0,7,0
3100,1,1,15.957,7.580,1.49,0.71,1.49,0.71,INF,-1,0,7,0
3120,1,1,16.625,7.765,1.55,0.73,1.55,0.73,INF,-1,0,7,0
3140,1,1,16.010,7.611,1.50,0.71,1.50,0.71,INF,-1,0,7,0
3160,1,1,15.852,7.547,1.48,0.71,1.48,0.71,INF,-1,0,7,0
3180,1,1,15.413,7.033,1.44,0.66,1.44,0.66,INF,-1,0,7,0
3200,1,1,15.282,6.742,1.43,0.63,1.43,0.63,INF,-1,1,7,0
3220,1,1,16.087,6.384,1.50,0.60,1.50,0.60,INF,-1,1,7,0
3240,1,1,15.729,5.525,1.47,0.52,1.47,0.52,INF,-1,1,7,0
3260,1,1,17.165,5.534,1.60,0.52,1.60,0.52,INF,-1,1,7,0
3280,1,1,15.616,5.513,1.46,0.52,1.46,0.52,INF,-1,1,7,0
3300,1,1,16.103,4.952,1.50,0.46,1.50,0.46,INF,-1,1,7,0
3320,1,1,15.528,5.399,1.45,0.50,1.45,0.50,INF,-1,1,7,0
3340,1,1,15.952,5.376,1.49,0.50,1.49,0.50,INF,-1,1,7,0
3360,1,1,9.250,-35.622,0.86,-3.33,0.86,-3.33,INF,-1,1,7,0
3380,0,1,0.000,0.000,0.00,0.00,0.00,0.00,0.00,-1,1,7,0
3400,0,1,0.000,0.000,0.00,0.00,0.00,0.00,0.00,-1,1,7,0
3420,0,1,0.000,0.000,0.00,0.00,0.00,0.00,0.00,-1,1,7,0
3440,0,1,0.000,0.000,0.00,0.00,0.00,0.00,0.00,-1,0,7,0
3460,0,1,0.000,0.000,0.00,0.00,0.00,0.00,0.00,-1,0,7,0
3480,0,1,0.000,0.000,0.00,0.00,0.00,0.00,0.00,-1,0,7,0
3500,1,1,21.829,-116.813,2.04,-10.78,2.00,-10.79,INF,-1,0,7,0
3520,1,1,39.450,-51.470,3.68,-4.79,3.67,-4.80,INF,-1,0,7,0
3540,1,1,38.044,-22.284,3.55,-2.08,3.55,-2.08,INF,-1,0,7,0
3560,1,1,36.474,-22.548,3.41,-2.10,3.40,-2.11,INF,-1,0,7,0
3580,1,1,38.838,-20.613,3.63,-1.92,3.62,-1.93,INF,-1,0,7,0
3600,1,1,36.883,-21.977,3.44,-2.05,3.44,-2.05,INF,-1,0,7,0
3620,1,1,38.367,-20.853,3.58,-1.94,3.58,-1.95,INF,-1,0,7,0
3640,1,1,37.554,-22.388,3.51,-2.09,3.50,-2.09,INF,-1,0,7,0
3660,1,1,36.885,-20.425,3.44,-1.90,3.44,-1.91,INF,-1,0,7,0
3680,1,1,37.542,-21.904,3.50,-2.04,3.50,-2.05,INF,-1,0,7,0
3700,1,1,37.564,-21.776,3.51,-2.03,3.50,-2.03,INF,-1,0,7,0
3720,1,1,38.944,-21.054,3.64,-1.96,3.63,-1.97,INF,-1,0,7,0
3740,1,1,38.374,-21.593,3.58,-2.01,3.58,-2.02,INF,-1,0,7,0
3760,1,1,39.100,-22.062,3.65,-2.06,3.65,-2.06,INF,-1,0,7,0
3780,1,1,39.155,-21.730,3.65,-2.03,3.65,-2.03,INF,-1,0,7,0
3800,1,1,32.775,-26.738,3.06,-2.49,3.06,-2.50,INF,-1,0,7,0
3820,1,1,31.458,-29.193,2.94,-2.72,2.93,-2.73,INF,-1,1,7,0
3840,1,1,32.633,-30.606,3.05,-2.85,3.04,-2.86,INF,-1,1,7,0
3860,1,1,32.944,-30.424,3.08,-2.84,3.07,-2.84,INF,-1,1,7,0
3880,1,1,31.476,-30.531,2.94,-2.85,2.94,-2.85,INF,-1,1,7,0
3900,1,1,31.068,-30.672,2.90,-2.86,2.90,-2.86,INF,-1,1,7,0
3920,1,1,32.269,-30.221,3.01,-2.82,3.01,-2.82,INF,-1,1,7,0
3940,1,1,31.769,-31.664,2.97,-2.95,2.96,-2.96,INF,-1,1,7,0
3960,1,1,31.173,-30.651,2.91,-2.86,2.91,-2.86,INF,-1,1,7,0
3980,1,1,32.894,-30.618,3.07,-2.86,3.07,-2.86,INF,-1,1,7,0
4000,1,1,32.937,-30.925,3.08,-2.88,3.07,-2.89,INF,-1,1,7,0
4020,1,1,32.326,-30.807,3.02,-2.87,3.01,-2.88,INF,-1,1,7,0
4040,1,1,35.571,-30.771,3.32,-2.87,3.32,-2.87,INF,-1,1,7,0
4060,1,1,-38.842,-1.109,-3.63,-0.10,-3.63,-0.10,INF,-1,1,7,0
4080,1,1,-45.851,-3.821,-4.28,-0.36,-4.28,-0.36,INF,-1,1,7,0
4100,1,1,-47.992,-2.268,-4.48,-0.21,-4.48,-0.21,INF,-1,0,7,0
4120,1,1,-50.270,-3.424,-4.69,-0.32,-4.69,-0.32,INF,-1,0,7,0
4140,1,1,-49.087,-3.942,-4.58,-0.37,-4.58,-0.37,INF,-1,0,7,0
4160,1,1,-49.329,-3.362,-4.60,-0.31,-4.60,-0.31,INF,-1,0,7,0
4180,1,1,-48.327,-2.744,-4.51,-0.26,-4.51,-0.26,INF,-1,0,7,0
4200,1,1,-49.240,-4.844,-4.59,-0.45,-4.59,-0.45,INF,-1,0,7,0
4220,1,1,-48.219,-3.198,-4.50,-0.30,-4.50,-0.30,INF,-1,0,7,0
4240,1,1,-48.508,-3.041,-4.52,-0.28,-4.52,-0.28,INF,-1,0,7,0
4260,1,1,-47.769,-2.138,-4.46,-0.20,-4.46,-0.20,INF,-1,0,7,0
4280,1,1,-48.017,-2.695,-4.48,-0.25,-4.48,-0.25,INF,-1,0,7,0
4300,1,1,-48.109,-2.253,-4.49,-0.21,-4.49,-0.21,INF,-1,0,7,0
4320,1,1,-47.779,-2.494,-4.46,-0.23,-4.46,-0.23,INF,-1,0,7,0
4340,1,1,-48.211,-3.024,-4.50,-0.28,-4.50,-0.28,INF,-1,1,7,0
4360,1,1,-48.339,-2.423,-4.51,-0.23,-4.51,-0.23,INF,-1,1,7,0
4380,1,1,-47.706,-3.138,-4.45,-0.29,-4.45,-0.29,INF,-1,1,7,0
4400,1,1,-47.894,-2.307,-4.47,-0.21,-4.47,-0.22,INF,-1,1,7,0
4420,1,1,-48.370,-2.276,-4.51,-0.21,-4.51,-0.21,INF,-1,1,7,0
4440,1,1,-50.130,-1.102,-4.68,-0.10,-4.68,-0.10,INF,-1,1,7,0
4460,1,1,-63.485,13.738,-5.91,1.28,-5.91,1.28,INF,-1,1,7,0
4480,1,1,-62.575,12.547,-5.83,1.17,-5.83,1.17,INF,-1,1,7,0
4500,1,1,-64.229,14.276,-5.98,1.33,-5.98,1.33,INF,-1,0,7,0
4520,1,1,-63.975,13.027,-5.96,1.21,-5.96,1.22,INF,-1,0,7,0
4540,1,1,-63.934,12.876,-5.95,1.20,-5.95,1.20,INF,-1,0,7,0
4560,1,1,-63.603,12.586,-5.92,1.17,-5.92,1.18,INF,-1,0,7,0
4580,1,1,-63.087,12.909,-5.88,1.20,-5.87,1.21,INF,-1,0,7,0
4600,1,1,-63.190,12.416,-5.89,1.15,-5.88,1.16,INF,-1,0,7,0
4620,1,1,-62.345,12.950,-5.81,1.20,-5.81,1.21,INF,-1,0,7,0
4640,1,1,-62.923,13.346,-5.86,1.24,-5.86,1.25,INF,-1,0,7,0
4660,1,1,-61.502,11.619,-5.73,1.08,-5.73,1.09,INF,-1,0,7,0
4680,1,1,-62.426,12.792,-5.81,1.19,-5.81,1.20,INF,-1,0,7,0
4700,1,1,-62.225,12.127,-5.80,1.13,-5.80,1.13,INF,-1,0,7,0
4720,1,1,-62.683,12.695,-5.84,1.18,-5.84,1.19,INF,-1,0,7,0
4740,1,1,-60.820,11.711,-5.67,1.09,-5.67,1.09,INF,-1,1,7,0
4760,1,1,-61.923,12.123,-5.77,1.13,-5.77,1.13,INF,-1,1,7,0
4780,1,1,-61.521,12.612,-5.73,1.17,-5.73,1.18,INF,-1,1,7,0
4800,1,1,-61.419,12.486,-5.72,1.16,-5.72,1.17,INF,-1,1,7,0
4820,1,1,-61.283,12.418,-5.71,1.15,-5.71,1.16,INF,-1,1,7,0
4840,1,1,-61.308,13.155,-5.71,1.22,-5.71,1.23,INF,-1,1,7,0
4860,1,1,-60.810,12.287,-5.67,1.14,-5.66,1.15,INF,-1,1,7,0
4880,1,1,-58.005,12.625,-5.41,1.17,-5.40,1.18,INF,-1,1,7,0
4900,1,1,-43.821,14.954,-4.09,1.39,-4.09,1.40,INF,-1,1,7,0
4920,1,1,-44.139,15.219,-4.12,1.42,-4.12,1.42,INF,-1,1,7,0
4940,1,1,-44.732,16.081,-4.17,1.50,-4.17,1.50,INF,-1,0,7,0
4960,1,1,-44.324,15.342,-4.14,1.43,-4.13,1.43,INF,-1,0,7,0
4980,1,1,-43.547,16.395,-4.06,1.53,-4.06,1.53,INF,-1,0,7,0
5000,1,1,-44.357,15.395,-4.14,1.43,-4.14,1.44,INF,-1,0,7,0
5020,1,1,-43.089,15.918,-4.02,1.48,-4.02,1.49,INF,-1,0,7,0
5040,1,1,-42.059,16.377,-3.93,1.53,-3.92,1.53,INF,-1,0,7,0
5060,1,1,-42.672,15.469,-3.98,1.44,-3.98,1.45,INF,-1,0,7,0
5080,1,1,-42.176,16.254,-3.94,1.52,-3.93,1.52,INF,-1,0,7,0
5100,1,1,-43.776,16.519,-4.08,1.54,-4.08,1.54,INF,-1,0,7,0
5120,1,1,-44.018,17.893,-4.11,1.67,-4.11,1.67,INF,-1,0,7,0
5140,1,1,-41.804,20.007,-3.90,1.87,-3.90,1.87,INF,-1,0,7,0
5160,1,1,-0.580,16.084,-0.05,1.50,-0.05,1.50,INF,-1,0,7,0
5180,1,1,-5.079,16.832,-0.47,1.57,-0.47,1.57,INF,-1,1,7,0
5200,1,1,-3.472,16.123,-0.32,1.51,-0.32,1.51,INF,-1,0,7,0
5220,1,1,-4.094,16.961,-0.38,1.58,-0.38,1.58,INF,-1,0,7,0
5240,1,1,-3.465,15.763,-0.32,1.47,-0.32,1.47,INF,-1,0,7,0
5260,1,1,-3.591,17.137,-0.34,1.60,-0.34,1.60,INF,-1,0,7,0
5280,1,1,-3.803,15.288,-0.36,1.43,-0.36,1.43,INF,-1,0,7,0
5300,1,1,-4.014,15.732,-0.38,1.47,-0.38,1.47,INF,-1,0,7,0
5320,1,1,-2.800,16.230,-0.26,1.52,-0.26,1.52,INF,-1,0,7,0
5340,1,1,-3.041,15.442,-0.28,1.44,-0.28,1.44,INF,-1,0,7,0
5360,1,1,-3.457,15.904,-0.32,1.49,-0.32,1.49,INF,-1,0,7,0
5380,1,1,-3.067,14.779,-0.29,1.38,-0.29,1.38,INF,-1,0,7,0
5400,1,1,10.885,21.089,1.02,1.97,1.02,1.97,INF,-1,0,7,0
5420,1,1,12.527,19.936,1.17,1.86,1.17,1.86,INF,-1,0,7,0
5440,1,1,12.081,19.793,1.13,1.85,1.13,1.85,INF,-1,0,7,0
5460,1,1,12.939,19.671,1.21,1.84,1.21,1.84,INF,-1,0,7,0
5480,1,1,13.225,19.051,1.24,1.78,1.24,1.78,INF,-1,0,7,0
5500,1,1,12.273,19.631,1.15,1.83,1.15,1.83,INF,-1,1,7,0
5520,1,1,12.924,19.093,1.21,1.78,1.21,1.78,INF,-1,1,7,0
5540,1,1,13.762,18.977,1.29,1.77,1.29,1.77,INF,-1,1,7,0
5560,1,1,13.211,18.939,1.23,1.77,1.23,1.77,INF,-1,0,7,0
5580,1,1,14.389,18.263,1.34,1.71,1.34,1.71,INF,-1,0,7,0
5600,1,1,13.834,18.010,1.29,1.68,1.29,1.68,INF,-1,0,7,0
5620,1,1,14.154,17.969,1.32,1.68,1.32,1.68,INF,-1,0,7,0
5640,1,1,14.256,18.541,1.33,1.73,1.33,1.73,INF,-1,0,7,0
5660,1,1,14.526,17.397,1.36,1.63,1.36,1.63,INF,-1,0,7,0
5680,1,1,14.616,17.206,1.37,1.61,1.37,1.61,INF,-1,0,7,0
5700,1,1,14.008,16.683,1.31,1.56,1.31,1.56,INF,-1,0,7,0
5720,1,1,13.868,16.643,1.30,1.55,1.30,1.56,INF,-1,0,7,0
5740,1,1,13.907,17.450,1.30,1.63,1.30,1.63,INF,-1,0,7,0
5760,1,1,-2.653,26.715,-0.25,2.50,-0.25,2.50,INF,-1,0,7,0
5780,1,1,-1.909,28.793,-0.18,2.69,-0.18,2.69,INF,-1,0,7,0
5800,1,1,-2.592,27.354,-0.24,2.56,-0.24,2.56,INF,-1,0,7,0
5820,1,1,-2.144,28.133,-0.20,2.63,-0.20,2.63,INF,-1,0,7,0
5840,1,1,-3.308,27.428,-0.31,2.56,-0.31,2.56,INF,-1,0,7,0
5860,1,1,-3.875,27.078,-0.36,2.53,-0.36,2.53,INF,-1,0,7,0
5880,1,1,-3.112,27.983,-0.29,2.61,-0.29,2.61,INF,-1,0,7,0
5900,1,1,-3.395,26.672,-0.32,2.49,-0.32,2.49,INF,-1,1,7,0
5920,1,1,-3.728,26.968,-0.35,2.52,-0.35,2.52,INF,-1,1,7,0
5940,1,1,-4.192,27.161,-0.39,2.54,-0.39,2.54,INF,-1,1,7,0
5960,1,1,-4.083,26.852,-0.38,2.51,-0.38,2.51,INF,-1,1,7,0
5980,1,1,-4.133,26.838,-0.39,2.51,-0.39,2.51,INF,-1,0,7,0
6000,1,1,-4.835,27.614,-0.45,2.58,-0.45,2.58,INF,-1,0,7,0
6020,1,1,-4.899,26.768,-0.46,2.50,-0.46,2.50,INF,-1,0,7,0
6040,1,1,-4.517,26.022,-0.42,2.43,-0.42,2.43,INF,-1,0,7,0
6060,1,1,-4.747,26.153,-0.44,2.44,-0.44,2.44,INF,-1,0,7,0
6080,1,1,-4.922,27.308,-0.46,2.55,-0.46,2.55,INF,-1,0,7,0
6100,1,1,-4.284,27.004,-0.40,2.52,-0.40,2.52,INF,-1,0,7,0
6120,1,1,-4.631,26.241,-0.43,2.45,-0.43,2.45,INF,-1,0,7,0
6140,1,1,-4.493,25.483,-0.42,2.38,-0.42,2.38,INF,-1,0,7,0
6160,1,1,-3.399,26.716,-0.32,2.50,-0.32,2.50,INF,-1,0,7,0
6180,1,1,-4.393,26.501,-0.41,2.48,-0.41,2.48,INF,-1,0,7,0
6200,1,1,-3.784,26.319,-0.35,2.46,-0.35,2.46,INF,-1,0,7,0
6220,1,1,-4.367,25.883,-0.41,2.42,-0.41,2.42,INF,-1,1,7,0
6240,1,1,-4.925,25.894,-0.46,2.42,-0.46,2.42,INF,-1,1,7,0
6260,1,1,-3.469,24.541,-0.32,2.29,-0.32,2.29,INF,-1,1,7,0
6280,1,1,-4.294,25.215,-0.40,2.36,-0.40,2.36,INF,-1,1,7,0
6300,1,1,-3.611,25.282,-0.34,2.36,-0.34,2.36,INF,-1,1,7,0
6320,1,1,-3.574,26.087,-0.33,2.44,-0.33,2.44,INF,-1,1,7,0
6340,1,1,-3.778,26.095,-0.35,2.44,-0.35,2.44,INF,-1,1,7,0
6360,1,1,-3.508,26.350,-0.33,2.46,-0.33,2.46,INF,-1,1,7,0
6380,1,1,-2.926,26.084,-0.27,2.44,-0.27,2.44,INF,-1,1,7,0
6400,1,1,-3.355,26.028,-0.31,2.43,-0.31,2.43,INF,-1,1,7,0
6420,1,1,-3.435,25.420,-0.32,2.37,-0.32,2.37,INF,-1,1,7,0
6440,1,1,-1.450,25.462,-0.14,2.38,-0.14,2.38,INF,-1,1,7,0
6460,1,1,9.091,22.759,0.85,2.13,0.85,2.13,INF,-1,1,7,0
6480,1,1,8.117,22.567,0.76,2.11,0.76,2.11,INF,-1,1,7,0
6500,1,1,8.656,22.351,0.81,2.09,0.81,2.09,INF,-1,0,7,0
6520,1,1,10.043,21.928,0.94,2.05,0.94,2.05,INF,-1,0,7,0
6540,1,1,9.040,21.537,0.84,2.01,0.84,2.01,INF,-1,0,7,0
6560,1,1,9.057,21.667,0.85,2.02,0.85,2.02,INF,-1,0,7,0
6580,1,1,8.475,21.849,0.79,2.04,0.79,2.04,INF,-1,0,7,0
6600,1,1,9.645,21.297,0.90,1.99,0.90,1.99,INF,-1,0,7,0
6620,1,1,8.291,22.351,0.77,2.09,0.77,2.09,INF,-1,0,7,0
6640,1,1,9.973,21.368,0.93,2.00,0.93,2.00,INF,-1,0,7,0
6660,1,1,10.407,23.721,0.97,2.22,0.97,2.22,INF,-1,0,7,0
6680,1,1,10.739,22.564,1.00,2.11,1.00,2.11,INF,-1,0,7,0
6700,1,1,11.026,22.138,1.03,2.07,1.03,2.07,INF,-1,0,7,0
6720,1,1,11.874,22.003,1.11,2.06,1.11,2.06,INF,-1,0,7,0
6740,1,1,11.462,21.857,1.07,2.04,1.07,2.04,INF,-1,1,7,0
6760,1,1,29.869,22.232,2.79,2.07,2.79,2.08,INF,-1,1,7,0
6780,1,1,29.507,22.062,2.76,2.06,2.75,2.06,INF,-1,1,7,0
6800,1,1,29.682,20.838,2.77,1.94,2.77,1.95,INF,-1,0,7,0
6820,1,1,31.079,20.437,2.90,1.91,2.90,1.91,INF,-1,0,7,0
6840,1,1,31.707,21.125,2.96,1.97,2.96,1.97,INF,-1,0,7,0
6860,1,1,32.204,20.204,3.01,1.89,3.01,1.89,INF,-1,0,7,0
6880,1,1,32.112,20.203,3.00,1.89,3.00,1.89,INF,-1,0,7,0
6900,1,1,31.961,21.290,2.98,1.99,2.98,1.99,INF,-1,0,7,0
6920,1,1,31.781,21.470,2.97,2.00,2.97,2.01,INF,-1,0,7,0
6940,1,1,30.522,21.336,2.85,1.99,2.85,1.99,INF,-1,0,7,0
6960,1,1,47.790,17.496,4.46,1.63,4.46,1.63,INF,-1,0,7,0
6980,1,1,47.981,16.809,4.48,1.57,4.47,1.57,INF,-1,0,7,0
7000,1,1,48.119,16.948,4.49,1.58,4.49,1.58,INF,-1,0,7,0
7020,1,1,50.169,16.957,4.68,1.58,4.68,1.58,INF,-1,0,7,0
7040,1,1,48.880,17.067,4.56,1.59,4.56,1.59,INF,-1,0,7,0
7060,1,1,51.097,16.561,4.76,1.54,4.76,1.55,INF,-1,0,7,0
7080,1,1,49.164,16.469,4.59,1.53,4.58,1.54,INF,-1,1,7,0
7100,1,1,49.461,16.318,4.61,1.52,4.61,1.52,INF,-1,1,7,0
7120,1,1,49.373,16.858,4.60,1.57,4.60,1.58,INF,-1,1,7,0
7140,1,1,49.333,14.100,4.60,1.31,4.60,1.32,INF,-1,1,7,0
7160,1,1,49.422,15.629,4.61,1.46,4.61,1.46,INF,-1,1,7,0
7180,1,1,48.220,16.293,4.50,1.52,4.50,1.52,INF,-1,1,7,0
7200,1,1,48.559,16.751,4.53,1.56,4.53,1.57,INF,-1,1,7,0
7220,1,1,48.390,16.316,4.51,1.52,4.51,1.52,INF,-1,1,7,0
7240,1,1,49.389,15.065,4.61,1.40,4.60,1.41,INF,-1,1,7,0
7260,1,1,48.883,14.992,4.56,1.40,4.56,1.40,INF,-1,1,7,0
7280,1,1,48.786,14.076,4.55,1.31,4.55,1.32,INF,-1,0,7,0
7300,1,1,47.525,14.509,4.43,1.35,4.43,1.36,INF,-1,0,7,0
7320,1,1,49.116,14.512,4.58,1.35,4.58,1.36,INF,-1,0,7,0
7340,1,1,48.390,14.290,4.51,1.33,4.51,1.34,INF,-1,0,7,0
7360,1,1,49.101,15.047,4.58,1.40,4.58,1.41,INF,-1,0,7,0
7380,1,1,47.697,14.965,4.45,1.39,4.45,1.40,INF,-1,0,7,0
7400,1,1,47.261,14.393,4.41,1.34,4.41,1.35,INF,-1,0,7,0
7420,1,1,47.249,13.698,4.41,1.28,4.41,1.28,INF,-1,0,7,0
7440,1,1,47.648,14.621,4.44,1.36,4.44,1.37,INF,-1,0,7,0
7460,1,1,48.463,13.727,4.52,1.28,4.52,1.28,INF,-1,0,7,0
7480,1,1,48.352,14.191,4.51,1.32,4.51,1.33,INF,-1,0,7,0
7500,1,1,47.956,14.354,4.47,1.34,4.47,1.34,INF,-1,0,7,0
7520,1,1,48.639,14.043,4.54,1.31,4.54,1.31,INF,-1,1,7,0
7540,1,1,49.079,14.445,4.58,1.35,4.58,1.35,INF,-1,1,7,0
7560,1,1,56.111,22.378,5.23,2.08,5.23,2.09,INF,-1,1,7,0
7580,1,1,60.455,22.175,5.63,2.06,5.63,2.07,INF,-1,1,7,0
7600,1,1,59.842,21.651,5.58,2.01,5.57,2.02,INF,-1,0,7,0
7620,1,1,58.413,21.984,5.44,2.04,5.44,2.05,INF,-1,0,7,0
7640,1,1,58.866,21.528,5.49,2.00,5.48,2.01,INF,-1,0,7,0
7660,1,1,60.421,21.667,5.63,2.01,5.63,2.02,INF,-1,0,7,0
7680,1,1,59.798,21.738,5.57,2.02,5.57,2.03,INF,-1,0,7,0
7700,1,1,59.620,23.083,5.56,2.15,5.55,2.16,INF,-1,0,7,0
7720,1,1,58.829,21.621,5.48,2.01,5.48,2.02,INF,-1,0,7,0
7740,1,1,58.864,20.808,5.49,1.94,5.48,1.94,INF,-1,0,7,0
7760,1,1,58.570,21.370,5.46,1.99,5.45,2.00,INF,-1,0,7,0
7780,1,1,58.309,24.208,5.43,2.25,5.43,2.26,INF,-1,0,7,0
7800,1,1,46.896,31.243,4.37,2.91,4.37,2.92,INF,-1,0,7,0
7820,1,1,47.769,30.723,4.46,2.86,4.45,2.87,INF,-1,0,7,0
7840,1,1,48.084,31.081,4.49,2.89,4.48,2.90,INF,-1,0,7,0
7860,1,1,46.466,30.517,4.33,2.84,4.33,2.85,INF,-1,0,7,0
7880,1,1,47.222,30.694,4.40,2.86,4.40,2.87,INF,-1,1,7,0
7900,1,1,46.186,30.425,4.31,2.83,4.30,2.84,INF,-1,1,7,0
7920,1,1,47.201,31.582,4.40,2.94,4.40,2.95,INF,-1,1,7,0
7940,1,1,45.338,30.909,4.23,2.88,4.22,2.89,INF,-1,0,7,0
7960,1,1,45.519,31.170,4.25,2.90,4.24,2.91,INF,-1,0,7,0
7980,1,1,45.073,30.238,4.21,2.82,4.20,2.82,INF,-1,0,7,0
8000,1,1,45.464,31.304,4.24,2.92,4.24,2.92,INF,-1,0,7,0
8020,1,1,46.187,32.096,4.31,2.99,4.30,3.00,INF,-1,0,7,0
8040,1,1,47.220,33.230,4.40,3.09,4.40,3.10,INF,-1,0,7,0
8060,1,1,58.639,41.061,5.46,3.81,5.45,3.83,INF,-1,0,7,0
8080,1,1,57.774,41.387,5.38,3.85,5.37,3.86,INF,-1,0,7,0
8100,1,1,57.777,41.712,5.38,3.88,5.37,3.89,INF,-1,0,7,0
8120,1,1,56.570,42.445,5.27,3.94,5.26,3.96,INF,-1,0,7,0
8140,1,1,57.584,41.661,5.37,3.87,5.35,3.89,INF,-1,0,7,0
8160,1,1,57.863,40.983,5.39,3.81,5.38,3.82,INF,-1,0,7,0
8180,1,1,58.689,42.175,5.47,3.92,5.46,3.94,INF,-1,1,7,0
8200,1,1,58.702,40.378,5.47,3.75,5.46,3.77,INF,-1,1,7,0
8220,1,1,58.064,40.793,5.41,3.79,5.40,3.81,INF,-1,1,7,0
8240,1,1,59.256,40.363,5.52,3.75,5.51,3.77,INF,-1,1,7,0
8260,1,1,58.332,40.406,5.44,3.75,5.42,3.77,INF,-1,1,7,0
8280,1,1,58.750,40.309,5.47,3.75,5.46,3.76,INF,-1,1,7,0
8300,1,1,59.051,39.900,5.50,3.71,5.49,3.72,INF,-1,1,7,0
8320,1,1,59.260,40.707,5.52,3.78,5.51,3.80,INF,-1,1,7,0
8340,1,1,58.377,40.527,5.44,3.77,5.43,3.78,INF,-1,1,7,0
8360,1,1,59.159,41.240,5.51,3.83,5.50,3.85,INF,-1,1,7,0
8380,1,1,58.751,39.291,5.47,3.65,5.46,3.67,INF,-1,1,7,0
8400,1,1,57.104,39.673,5.32,3.69,5.31,3.70,INF,-1,1,7,0
8420,1,1,58.533,40.311,5.45,3.75,5.44,3.76,INF,-1,1,7,0
8440,1,1,58.339,40.709,5.44,3.78,5.42,3.80,INF,-1,1,7,0
8460,1,1,57.881,40.584,5.39,3.77,5.38,3.79,INF,-1,1,7,0
8480,1,1,57.359,39.665,5.35,3.69,5.33,3.70,INF,-1,1,7,0
8500,1,1,57.557,39.569,5.36,3.68,5.35,3.69,INF,-1,1,7,0
8520,1,1,58.070,39.870,5.41,3.70,5.40,3.72,INF,-1,1,7,0
8540,1,1,57.372,39.356,5.35,3.66,5.34,3.67,INF,-1,1,7,0
8560,1,1,56.719,39.974,5.29,3.72,5.28,3.73,INF,-1,1,7,0
8580,1,1,57.046,38.629,5.32,3.59,5.31,3.61,INF,-1,1,7,0
8600,1,1,58.440,40.188,5.45,3.73,5.43,3.75,INF,-1,1,7,0
8620,1,1,56.777,40.156,5.29,3.73,5.28,3.75,INF,-1,1,7,0
8640,1,1,58.378,40.181,5.44,3.73,5.43,3.75,INF,-1,1,7,0
8660,1,1,59.208,38.772,5.52,3.60,5.51,3.62,INF,-1,1,7,0
8680,1,1,57.900,39.455,5.40,3.67,5.38,3.68,INF,-1,1,7,0
8700,1,1,59.461,40.101,5.54,3.73,5.53,3.74,INF,-1,1,7,0
8720,1,1,57.284,39.953,5.34,3.71,5.33,3.73,INF,-1,1,7,0
8740,1,1,42.711,43.205,3.99,4.02,3.98,4.03,INF,-1,1,7,0
8760,1,1,43.949,46.359,4.10,4.31,4.09,4.32,INF,-1,1,7,0
8780,1,1,44.533,44.154,4.16,4.11,4.14,4.12,INF,-1,0,7,0
8800,1,1,44.402,44.387,4.14,4.13,4.13,4.14,INF,-1,0,7,0
8820,1,1,43.332,45.334,4.04,4.22,4.03,4.23,INF,-1,0,7,0
8840,1,1,44.296,43.426,4.13,4.04,4.12,4.05,INF,-1,0,7,0
8860,1,1,41.730,43.831,3.89,4.08,3.88,4.09,INF,-1,0,7,0
8880,1,1,43.098,43.303,4.02,4.03,4.01,4.04,INF,-1,0,7,0
8900,1,1,42.966,44.311,4.01,4.12,4.00,4.13,INF,-1,0,7,0
8920,1,1,42.129,43.528,3.93,4.05,3.92,4.06,INF,-1,0,7,0
8940,1,1,42.533,43.541,3.97,4.05,3.96,4.06,INF,-1,0,7,0
8960,1,1,34.497,43.339,3.22,4.04,3.21,4.04,INF,-1,0,7,0
8980,1,1,24.618,43.059,2.30,4.01,2.29,4.02,INF,-1,0,7,0
9000,1,1,25.997,43.925,2.43,4.09,2.42,4.10,INF,-1,0,7,0
9020,1,1,25.447,44.170,2.38,4.12,2.37,4.12,INF,-1,0,7,0
9040,1,1,25.803,42.247,2.41,3.94,2.40,3.94,INF,-1,0,7,0
9060,1,1,25.829,43.019,2.41,4.01,2.41,4.01,INF,-1,0,7,0
9080,1,1,25.864,42.519,2.42,3.96,2.41,3.97,INF,-1,1,7,0
9100,1,1,26.314,43.744,2.46,4.08,2.45,4.08,INF,-1,1,7,0
9120,1,1,24.198,43.214,2.26,4.03,2.25,4.03,INF,-1,1,7,0
9140,1,1,24.791,42.922,2.32,4.00,2.31,4.01,INF,-1,1,7,0
9160,1,1,25.621,43.854,2.39,4.09,2.39,4.09,INF,-1,1,7,0
9180,1,1,25.586,43.375,2.39,4.04,2.38,4.05,INF,-1,1,7,0
9200,1,1,24.738,43.484,2.31,4.05,2.31,4.06,INF,-1,1,7,0
9220,1,1,25.129,44.202,2.35,4.12,2.34,4.12,INF,-1,1,7,0
9240,1,1,25.123,44.266,2.35,4.13,2.34,4.13,INF,-1,0,7,0
9260,1,1,25.365,43.076,2.37,4.02,2.36,4.02,INF,-1,0,7,0
9280,1,1,25.120,42.336,2.35,3.95,2.34,3.95,INF,-1,0,7,0
9300,1,1,25.551,42.529,2.39,3.97,2.38,3.97,INF,-1,0,7,0
9320,1,1,24.279,43.281,2.27,4.04,2.26,4.04,INF,-1,0,7,0
9340,1,1,23.702,42.810,2.21,3.99,2.21,3.99,INF,-1,0,7,0
9360,1,1,26.078,43.691,2.44,4.07,2.43,4.08,INF,-1,0,7,0
9380,1,1,31.603,39.498,2.95,3.68,2.95,3.69,INF,-1,0,7,0
9400,1,1,34.211,35.717,3.19,3.33,3.19,3.33,INF,-1,0,7,0
9420,1,1,34.237,40.061,3.20,3.73,3.19,3.74,INF,-1,0,7,0
9440,1,1,33.950,37.372,3.17,3.48,3.16,3.49,INF,-1,0,7,0
9460,1,1,33.865,38.010,3.16,3.54,3.16,3.55,INF,-1,0,7,0
9480,1,1,33.724,38.705,3.15,3.61,3.14,3.61,INF,-1,1,7,0
9500,1,1,32.621,37.258,3.05,3.47,3.04,3.48,INF,-1,1,7,0
9520,1,1,33.466,37.197,3.12,3.47,3.12,3.47,INF,-1,1,7,0
9540,1,1,34.014,37.775,3.18,3.52,3.17,3.53,INF,-1,1,7,0
9560,1,1,34.612,37.051,3.23,3.45,3.23,3.46,INF,-1,1,7,0
9580,1,1,34.247,36.855,3.20,3.44,3.19,3.44,INF,-1,1,7,0
9600,1,1,33.428,36.813,3.12,3.43,3.12,3.44,INF,-1,1,7,0
9620,1,1,32.377,36.122,3.02,3.37,3.02,3.37,INF,-1,1,7,0
9640,1,1,33.080,36.844,3.09,3.43,3.08,3.44,INF,-1,1,7,0
9660,1,1,32.304,38.293,3.02,3.57,3.01,3.57,INF,-1,1,7,0
9680,1,1,14.112,42.073,1.32,3.93,1.32,3.93,INF,-1,1,7,0
9700,1,1,15.705,43.261,1.47,4.04,1.46,4.04,INF,-1,1,7,0
9720,1,1,16.213,42.855,1.52,4.00,1.51,4.00,INF,-1,0,7,0
9740,1,1,15.946,42.673,1.49,3.98,1.49,3.98,INF,-1,0,7,0
9760,1,1,16.177,43.544,1.51,4.06,1.51,4.06,INF,-1,0,7,0
9780,1,1,16.990,41.955,1.59,3.91,1.58,3.92,INF,-1,0,7,0
9800,1,1,16.278,42.650,1.52,3.98,1.52,3.98,INF,-1,0,7,0
9820,1,1,16.936,40.694,1.58,3.80,1.58,3.80,INF,-1,0,7,0
9840,1,1,16.749,41.157,1.57,3.84,1.56,3.84,INF,-1,0,7,0
9860,1,1,13.637,42.750,1.27,3.99,1.27,3.99,INF,-1,0,7,0
9880,1,1,4.078,44.272,0.38,4.13,0.38,4.13,INF,-1,0,7,0
9900,1,1,3.439,44.274,0.32,4.13,0.32,4.13,INF,-1,0,7,0
9920,1,1,2.997,44.191,0.28,4.12,0.28,4.12,INF,-1,0,7,0
9940,1,1,3.275,43.874,0.31,4.09,0.31,4.09,INF,-1,0,7,0
9960,1,1,2.380,43.317,0.22,4.04,0.22,4.04,INF,-1,1,7,0
9980,1,1,2.358,42.982,0.22,4.01,0.22,4.01,INF,-1,1,7,0
10000,1,1,3.065,42.694,0.29,3.98,0.29,3.98,INF,-1,1,7,0
10020,1,1,3.906,42.980,0.37,4.01,0.36,4.01,INF,-1,1,7,0
10040,1,1,2.800,41.760,0.26,3.90,0.26,3.90,INF,-1,1,7,0
10060,1,1,1.591,41.551,0.15,3.88,0.15,3.88,INF,-1,1,7,0
10080,1,1,2.048,42.669,0.19,3.98,0.19,3.98,INF,-1,1,7,0
10100,1,1,2.113,42.327,0.20,3.95,0.20,3.95,INF,-1,1,7,0
10120,1,1,0.748,43.412,0.07,4.05,0.07,4.05,INF,-1,1,7,0
10140,1,1,-4.330,42.819,-0.40,4.00,-0.40,4.00,INF,-1,1,7,0
10160,1,1,-10.204,43.546,-0.95,4.06,-0.95,4.06,INF,-1,0,7,0
10180,1,1,-16.328,45.161,-1.53,4.21,-1.52,4.21,INF,-1,0,7,0
10200,1,1,-22.457,45.256,-2.10,4.22,-2.09,4.22,INF,-1,0,7,0
10220,1,1,-23.496,44.782,-2.20,4.18,-2.19,4.18,INF,-1,0,7,0
10240,1,1,-23.572,45.530,-2.20,4.24,-2.20,4.25,INF,-1,0,7,0
10260,1,1,-23.855,44.826,-2.23,4.18,-2.22,4.18,INF,-1,0,7,0
10280,1,1,-22.507,44.997,-2.10,4.20,-2.10,4.20,INF,-1,0,7,0
10300,1,1,-22.605,43.253,-2.11,4.03,-2.11,4.04,INF,-1,0,7,0
10320,1,1,-21.804,42.997,-2.04,4.01,-2.03,4.01,INF,-1,0,7,0
10340,1,1,-23.313,41.631,-2.18,3.88,-2.17,3.89,INF,-1,0,7,0
10360,1,1,-21.419,42.122,-2.00,3.93,-2.00,3.93,INF,-1,0,7,0
10380,1,1,-22.300,42.155,-2.08,3.93,-2.08,3.93,INF,-1,0,7,0
10400,1,1,-22.207,41.641,-2.07,3.88,-2.07,3.89,INF,-1,0,7,0
10420,1,1,-21.334,41.805,-1.99,3.90,-1.99,3.90,INF,-1,0,7,0
10440,1,1,-22.159,40.812,-2.07,3.81,-2.07,3.81,INF,-1,1,7,0
10460,1,1,-25.372,42.424,-2.37,3.96,-2.36,3.96,INF,-1,1,7,0
10480,1,1,-39.873,44.802,-3.72,4.17,-3.71,4.18,INF,-1,1,7,0
10500,1,1,-43.092,45.158,-4.02,4.20,-4.01,4.21,INF,-1,1,7,0
10520,1,1,-41.683,46.780,-3.89,4.35,-3.88,4.36,INF,-1,0,7,0
10540,1,1,-41.969,46.458,-3.92,4.32,-3.91,4.33,INF,-1,0,7,0
10560,1,1,-40.325,45.464,-3.76,4.23,-3.75,4.24,INF,-1,0,7,0
10580,1,1,-39.645,44.653,-3.70,4.16,-3.69,4.17,INF,-1,0,7,0
10600,1,1,-40.145,43.689,-3.75,4.07,-3.74,4.08,INF,-1,0,7,0
10620,1,1,-39.802,44.085,-3.71,4.10,-3.71,4.11,INF,-1,0,7,0
10640,1,1,-39.390,42.398,-3.68,3.95,-3.67,3.96,INF,-1,0,7,0
10660,1,1,-48.895,42.594,-4.56,3.96,-4.55,3.97,INF,-1,0,7,0
10680,1,1,-49.085,40.514,-4.58,3.77,-4.57,3.78,INF,-1,0,7,0
10700,1,1,-49.485,41.269,-4.62,3.84,-4.60,3.85,INF,-1,0,7,0
10720,1,1,-49.170,42.015,-4.59,3.91,-4.58,3.92,INF,-1,0,7,0
10740,1,1,-48.978,41.993,-4.57,3.91,-4.56,3.92,INF,-1,0,7,0
10760,1,1,-48.891,41.511,-4.56,3.86,-4.55,3.87,INF,-1,1,7,0
10780,1,1,-49.042,42.199,-4.57,3.93,-4.56,3.94,INF,-1,1,7,0
10800,1,1,-49.407,40.948,-4.61,3.81,-4.60,3.82,INF,-1,1,7,0
10820,1,1,-48.695,41.093,-4.54,3.82,-4.53,3.84,INF,-1,1,7,0
10840,1,1,-47.822,42.255,-4.46,3.93,-4.45,3.94,INF,-1,1,7,0
10860,1,1,-49.069,40.909,-4.58,3.81,-4.57,3.82,INF,-1,1,7,0
10880,1,1,-48.285,40.798,-4.50,3.80,-4.49,3.81,INF,-1,1,7,0
10900,1,1,-47.747,40.934,-4.45,3.81,-4.44,3.82,INF,-1,1,7,0
10920,1,1,-46.168,39.590,-4.31,3.68,-4.30,3.70,INF,-1,1,7,0
10940,1,1,-43.786,36.444,-4.09,3.39,-4.08,3.40,INF,-1,1,7,0
10960,1,1,-38.932,36.973,-3.63,3.44,-3.63,3.45,INF,-1,1,7,0
10980,0,1,0.000,0.000,0.00,0.00,0.00,0.00,0.00,-1,1,7,0
11000,0,1,0.000,0.000,0.00,0.00,0.00,0.00,0.00,-1,1,7,0
11020,0,1,0.000,0.000,0.00,0.00,0.00,0.00,0.00,-1,1,7,0
11040,0,1,0.000,0.000,0.00,0.00,0.00,0.00,INF,-1,1,7,0
11060,0,1,0.000,0.000,0.00,0.00,0.00,0.00,INF,-1,0,7,0
11080,0,1,0.000,0.000,0.00,0.00,0.00,0.00,0.00,-1,0,7,0
11100,0,1,0.000,0.000,0.00,0.00,0.00,0.00,INF,-1,0,7,0
11120,0,1,0.000,0.000,0.00,0.00,0.00,0.00,0.00,-1,0,7,0
11140,0,1,0.000,0.000,0.00,0.00,0.00,0.00,0.00,-1,0,7,0
11160,1,1,-73.625,-86.462,-6.85,-7.97,-6.78,-8.03,INF,-1,0,7,0
11180,1,1,-86.415,-37.526,-8.02,-3.47,-8.01,-3.50,INF,-1,0,7,0
11200,1,1,-64.953,-2.666,-6.05,-0.25,-6.05,-0.25,INF,-1,0,7,0
11220,1,1,-60.472,39.368,-5.63,3.66,-5.62,3.67,INF,-1,0,7,0
11240,1,1,-60.698,47.829,-5.65,4.44,-5.64,4.46,INF,-1,0,7,0
11260,1,1,-62.010,43.411,-5.78,4.03,-5.76,4.05,INF,-1,0,7,0
11280,1,1,-61.470,38.747,-5.73,3.60,-5.72,3.62,INF,-1,0,7,0
11300,1,1,-63.312,28.197,-5.90,2.62,-5.89,2.63,INF,-1,0,7,0
11320,1,1,-61.738,30.289,-5.75,2.81,-5.74,2.83,INF,-1,0,7,0
11340,1,1,-59.583,37.004,-5.55,3.44,-5.54,3.45,INF,-1,0,7,0
11360,1,1,-60.221,37.539,-5.61,3.49,-5.60,3.50,INF,-1,0,7,0
11380,1,1,-60.766,38.303,-5.66,3.56,-5.65,3.58,INF,-1,0,7,0
11400,1,1,-61.048,37.826,-5.69,3.51,-5.68,3.53,INF,-1,0,7,0
11420,1,1,-60.616,37.473,-5.65,3.48,-5.64,3.50,INF,-1,0,7,0
11440,1,1,-62.668,36.666,-5.84,3.41,-5.83,3.42,INF,-1,0,7,0
11460,1,1,-64.169,36.203,-5.98,3.36,-5.97,3.38,INF,-1,0,7,0
11480,1,1,-62.508,36.942,-5.82,3.43,-5.81,3.45,INF,-1,0,7,0
11500,1,1,-61.879,36.784,-5.76,3.42,-5.75,3.43,INF,-1,1,7,0
11520,1,1,-60.538,36.830,-5.64,3.42,-5.63,3.44,INF,-1,1,7,0
11540,1,1,-60.554,35.464,-5.64,3.30,-5.63,3.31,INF,-1,1,7,0
11560,1,1,-59.764,34.627,-5.57,3.22,-5.56,3.23,INF,-1,1,7,0
11580,1,1,-60.744,33.946,-5.66,3.15,-5.65,3.17,INF,-1,1,7,0
11600,1,1,-58.627,34.808,-5.46,3.24,-5.45,3.25,INF,-1,1,7,0
11620,1,1,-58.869,32.597,-5.49,3.03,-5.48,3.04,INF,-1,1,7,0
11640,1,1,-58.738,35.253,-5.47,3.28,-5.46,3.29,INF,-1,1,7,0
11660,1,1,-57.932,33.831,-5.40,3.14,-5.39,3.16,INF,-1,1,7,0
11680,1,1,-58.462,33.826,-5.45,3.14,-5.44,3.16,INF,-1,1,7,0
11700,1,1,-56.630,34.088,-5.28,3.17,-5.27,3.18,INF,-1,1,7,0
11720,1,1,-56.906,34.559,-5.30,3.21,-5.30,3.23,INF,-1,1,7,0
11740,1,1,-56.925,33.764,-5.31,3.14,-5.30,3.15,INF,-1,1,7,0
11760,1,1,-56.051,32.231,-5.22,3.00,-5.22,3.01,INF,-1,1,7,0
11780,1,1,-56.103,31.693,-5.23,2.95,-5.22,2.96,INF,-1,1,7,0
11800,1,1,-56.522,30.498,-5.27,2.84,-5.26,2.85,INF,-1,1,7,0
11820,1,1,-55.667,30.058,-5.19,2.80,-5.18,2.81,INF,-1,1,7,0
11840,1,1,-54.867,28.061,-5.11,2.61,-5.11,2.62,INF,-1,1,7,0
11860,1,1,-52.231,27.365,-4.87,2.55,-4.87,2.56,INF,-1,1,7,0
11880,1,1,-45.086,25.214,-4.21,2.35,-4.20,2.36,INF,-1,0,7,0
11900,1,1,-39.295,22.626,-3.67,2.11,-3.67,2.11,INF,-1,0,7,0
11920,1,1,-38.820,22.397,-3.62,2.09,-3.62,2.09,INF,-1,0,7,0
11940,1,1,-39.646,22.913,-3.70,2.14,-3.70,2.14,INF,-1,0,7,0
11960,1,1,-37.500,20.830,-3.50,1.94,-3.50,1.95,INF,-1,0,7,0
11980,1,1,-34.161,14.434,-3.19,1.35,-3.19,1.35,INF,-1,0,7,0
12000,1,1,-28.866,8.395,-2.70,0.78,-2.70,0.78,INF,-1,0,7,0
12020,1,1,-23.791,5.989,-2.22,0.56,-2.22,0.56,INF,-1,0,7,0
12040,1,1,-16.344,-1.210,-1.53,-0.11,-1.53,-0.11,INF,-1,0,7,0
12060,1,1,-11.594,-9.776,-1.08,-0.91,-1.08,-0.91,INF,-1,0,7,0
12080,1,1,-11.190,-8.530,-1.05,-0.80,-1.05,-0.80,INF,-1,0,7,0
12100,1,1,-10.555,-7.568,-0.99,-0.71,-0.99,-0.71,INF,-1,0,7,0
12120,1,1,-11.209,-7.038,-1.05,-0.66,-1.05,-0.66,INF,-1,0,7,0
12140,1,1,-8.410,-7.016,-0.79,-0.66,-0.79,-0.66,INF,-1,0,7,0
12160,1,1,-4.150,-6.674,-0.39,-0.62,-0.39,-0.62,INF,-1,0,7,0
12180,1,1,-3.262,-6.451,-0.30,-0.60,-0.30,-0.60,INF,-1,0,7,0
12200,1,1,-0.935,-8.224,-0.09,-0.77,-0.09,-0.77,INF,-1,0,7,0
12220,1,1,1.221,-11.371,0.11,-1.06,0.11,-1.06,INF,-1,0,7,0
12240,1,1,3.913,-12.784,0.37,-1.19,0.37,-1.19,INF,-1,0,7,0
12260,1,1,4.696,-14.081,0.44,-1.32,0.44,-1.32,INF,-1,0,7,0
12280,1,1,7.041,-17.891,0.66,-1.67,0.66,-1.67,INF,-1,0,7,0
12300,1,1,8.510,-19.059,0.80,-1.78,0.79,-1.78,INF,-1,0,7,0
12320,1,1,11.712,-19.658,1.09,-1.84,1.09,-1.84,INF,-1,0,7,0
12340,1,1,11.359,-21.733,1.06,-2.03,1.06,-2.03,INF,-1,0,7,0
12360,1,1,12.950,-21.186,1.21,-1.98,1.21,-1.98,INF,-1,0,7,0
12380,1,1,14.423,-21.554,1.35,-2.01,1.35,-2.01,INF,-1,0,7,0
12400,1,1,15.219,-21.514,1.42,-2.01,1.42,-2.01,INF,-1,0,7,0
12420,1,1,15.953,-21.977,1.49,-2.05,1.49,-2.05,INF,-1,0,7,0
12440,1,1,16.796,-20.074,1.57,-1.87,1.57,-1.88,INF,-1,1,7,0
12460,1,1,17.044,-22.031,1.59,-2.06,1.59,-2.06,INF,-1,1,7,0
12480,1,1,18.501,-21.709,1.73,-2.03,1.73,-2.03,INF,-1,1,7,0
12500,1,1,19.788,-22.097,1.85,-2.06,1.85,-2.06,INF,-1,0,7,0
12520,1,1,19.945,-23.071,1.86,-2.15,1.86,-2.16,INF,-1,0,7,0
12540,1,1,19.662,-24.226,1.84,-2.26,1.84,-2.26,INF,-1,0,7,0
12560,1,1,20.073,-23.952,1.88,-2.24,1.87,-2.24,INF,-1,0,7,0
12580,1,1,21.360,-23.072,2.00,-2.15,1.99,-2.16,INF,-1,0,7,0
12600,1,1,22.035,-23.687,2.06,-2.21,2.06,-2.21,INF,-1,0,7,0
12620,1,1,19.245,-23.721,1.80,-2.21,1.80,-2.22,INF,-1,0,7,0
12640,1,1,20.540,-21.781,1.92,-2.03,1.92,-2.04,INF,-1,0,7,0
12660,1,1,21.097,-21.824,1.97,-2.04,1.97,-2.04,INF,-1,0,7,0
12680,1,1,20.807,-22.411,1.94,-2.09,1.94,-2.09,INF,-1,0,7,0
12700,1,1,21.901,-23.642,2.05,-2.21,2.04,-2.21,INF,-1,0,7,0
12720,1,1,23.203,-22.931,2.17,-2.14,2.17,-2.14,INF,-1,0,7,0
12740,1,1,26.293,-18.646,2.46,-1.74,2.45,-1.74,INF,-1,1,7,0
12760,1,1,27.616,-15.474,2.58,-1.44,2.58,-1.45,INF,-1,1,7,0
12780,1,1,27.425,-13.563,2.56,-1.27,2.56,-1.27,INF,-1,1,7,0
12800,1,1,28.755,-15.238,2.69,-1.42,2.68,-1.42,INF,-1,1,7,0
12820,1,1,28.419,-14.603,2.65,-1.36,2.65,-1.36,INF,-1,0,7,0
12840,1,1,28.961,-16.032,2.70,-1.50,2.70,-1.50,INF,-1,0,7,0
12860,1,1,30.860,-15.348,2.88,-1.43,2.88,-1.43,INF,-1,0,7,0
12880,1,1,30.767,-15.630,2.87,-1.46,2.87,-1.46,INF,-1,0,7,0
12900,1,1,32.832,-13.971,3.07,-1.30,3.06,-1.31,INF,-1,0,7,0
12920,1,1,29.105,-17.200,2.72,-1.61,2.72,-1.61,INF,-1,0,7,0
12940,0,1,0.000,0.000,0.00,0.00,0.00,0.00,0.00,-1,0,7,0
12960,0,1,0.000,0.000,0.00,0.00,0.00,0.00,0.00,-1,0,7,0
12980,0,1,0.000,0.000,0.00,0.00,0.00,0.00,0.00,-1,0,7,0
13000,0,1,0.000,0.000,0.00,0.00,0.00,0.00,0.00,-1,0,7,0
13020,0,1,0.000,0.000,0.00,0.00,0.00,0.00,0.00,-1,0,7,0
13040,0,1,0.000,0.000,0.00,0.00,0.00,0.00,0.00,-1,0,7,0
13060,0,1,0.000,0.000,0.00,0.00,0.00,0.00,0.00,-1,0,7,0
13080,0,1,0.000,0.000,0.00,0.00,0.00,0.00,0.00,-1,0,7,0
13100,0,1,0.000,0.000,0.00,0.00,0.00,0.00,0.00,-1,0,7,0
13120,0,1,0.000,0.000,0.00,0.00,0.00,0.00,0.00,-1,0,7,0
13140,0,1,0.000,0.000,0.00,0.00,0.00,0.00,0.00,-1,0,7,0
13160,0,1,0.000,0.000,0.00,0.00,0.00,0.00,0.00,-1,0,7,0
13180,0,1,0.000,0.000,0.00,0.00,0.00,0.00,0.00,-1,0,7,0
13200,0,1,0.000,0.000,0.00,0.00,0.00,0.00,0.00,-1,0,7,0
13220,0,1,0.000,0.000,0.00,0.00,0.00,0.00,0.00,-1,0,7,0
13240,0,1,0.000,0.000,0.00,0.00,0.00,0.00,0.00,-1,0,7,0
13260,0,1,0.000,0.000,0.00,0.00,0.00,0.00,0.00,-1,0,7,0
13280,0,1,0.000,0.000,0.00,0.00,0.00,0.00,INF,-1,0,7,0
13300,0,1,0.000,0.000,0.00,0.00,0.00,0.00,0.00,-1,0,7,0
13320,0,1,0.000,0.000,0.00,0.00,0.00,0.00,INF,-1,0,7,0
13340,0,1,0.000,0.000,0.00,0.00,0.00,0.00,0.00,-1,0,7,0
13360,0,1,0.000,0.000,0.00,0.00,0.00,0.00,0.00,-1,0,7,0
13380,0,1,0.000,0.000,0.00,0.00,0.00,0.00,INF,-1,0,7,0
13400,0,1,0.000,0.000,0.00,0.00,0.00,0.00,0.00,-1,0,7,0
13420,0,1,0.000,0.000,0.00,0.00,0.00,0.00,0.00,-1,0,7,0
13440,0,1,0.000,0.000,0.00,0.00,0.00,0.00,0.00,-1,0,7,0
13460,0,1,0.000,0.000,0.00,0.00,0.00,0.00,0.00,-1,0,7,0
13480,0,1,0.000,0.000,0.00,0.00,0.00,0.00,0.00,-1,0,7,0
13500,0,1,0.000,0.000,0.00,0.00,0.00,0.00,0.00,-1,0,7,0
13520,0,1,0.000,0.000,0.00,0.00,0.00,0.00,0.00,-1,0,7,0
13540,0,1,0.000,0.000,0.00,0.00,0.00,0.00,0.00,-1,0,7,0
13560,0,1,0.000,0.000,0.00,0.00,0.00,0.00,0.00,-1,0,7,0
13580,0,1,0.000,0.000,0.00,0.00,0.00,0.00,0.00,-1,0,7,0
13600,0,1,0.000,0.000,0.00,0.00,0.00,0.00,0.00,-1,0,7,0
13620,0,1,0.000,0.000,0.00,0.00,0.00,0.00,0.00,-1,0,7,0
13640,0,1,0.000,0.000,0.00,0.00,0.00,0.00,0.00,-1,0,7,0
13660,0,1,0.000,0.000,0.00,0.00,0.00,0.00,0.00,-1,0,7,0
13680,0,1,0.000,0.000,0.00,0.00,0.00,0.00,0.00,-1,0,7,0
13700,0,1,0.000,0.000,0.00,0.00,0.00,0.00,0.00,-1,0,7,0
13720,0,1,0.000,0.000,0.00,0.00,0.00,0.00,0.00,-1,0,7,0
13740,0,1,0.000,0.000,0.00,0.00,0.00,0.00,0.00,-1,0,7,0
13760,0,1,0.000,0.000,0.00,0.00,0.00,0.00,0.00,-1,0,7,0
13780,0,1,0.000,0.000,0.00,0.00,0.00,0.00,0.00,-1,0,7,0
13800,0,1,0.000,0.000,0.00,0.00,0.00,0.00,0.00,-1,0,7,0
13820,0,1,0.000,0.000,0.00,0.00,0.00,0.00,0.00,-1,0,7,0
13840,0,1,0.000,0.000,0.00,0.00,0.00,0.00,0.00,-1,0,7,0
13860,0,1,0.000,0.000,0.00,0.00,0.00,0.00,0.00,-1,0,7,0
13880,0,1,0.000,0.000,0.00,0.00,0.00,0.00,0.00,-1,0,7,0
13900,0,1,0.000,0.000,0.00,0.00,0.00,0.00,0.00,-1,0,7,0
13920,0,1,0.000,0.000,0.00,0.00,0.00,0.00,0.00,-1,0,7,0
13940,0,1,0.000,0.000,0.00,0.00,0.00,0.00,0.00,-1,0,7,0
13960,0,1,0.000,0.000,0.00,0.00,0.00,0.00,0.00,-1,0,7,0
13980,0,1,0.000,0.000,0.00,0.00,0.00,0.00,0.00,-1,0,7,0
14000,0,1,0.000,0.000,0.00,0.00,0.00,0.00,0.00,-1,0,7,0
14020,0,1,0.000,0.000,0.00,0.00,0.00,0.00,0.00,-1,0,7,0
14040,0,1,0.000,0.000,0.00,0.00,0.00,0.00,0.00,-1,0,7,0
14060,0,1,0.000,0.000,0.00,0.00,0.00,0.00,INF,-1,0,7,0
14080,0,1,0.000,0.000,0.00,0.00,0.00,0.00,0.00,-1,0,7,0
14100,0,1,0.000,0.000,0.00,0.00,0.00,0.00,0.00,-1,0,7,0
14120,0,1,0.000,0.000,0.00,0.00,0.00,0.00,0.00,-1,0,7,0
14140,0,1,0.000,0.000,0.00,0.00,0.00,0.00,INF,-1,0,7,0
14160,0,1,0.000,0.000,0.00,0.00,0.00,0.00,0.00,-1,0,7,0
14180,0,1,0.000,0.000,0.00,0.00,0.00,0.00,0.00,-1,0,7,0
14200,0,1,0.000,0.000,0.00,0.00,0.00,0.00,0.00,-1,0,7,0
14220,0,1,0.000,0.000,0.00,0.00,0.00,0.00,0.00,-1,0,7,0
14240,0,1,0.000,0.000,0.00,0.00,0.00,0.00,0.00,-1,0,7,0
14260,0,1,0.000,0.000,0.00,0.00,0.00,0.00,0.00,-1,0,7,0
14280,0,1,0.000,0.000,0.00,0.00,0.00,0.00,0.00,-1,0,7,0
14300,0,1,0.000,0.000,0.00,0.00,0.00,0.00,0.00,-1,0,7,0
14320,0,1,0.000,0.000,0.00,0.00,0.00,0.00,INF,-1,0,7,0
14340,0,1,0.000,0.000,0.00,0.00,0.00,0.00,0.00,-1,0,7,0
14360,0,1,0.000,0.000,0.00,0.00,0.00,0.00,0.00,-1,0,7,0
14380,0,1,0.000,0.000,0.00,0.00,0.00,0.00,0.00,-1,0,7,0
14400,0,1,0.000,0.000,0.00,0.00,0.00,0.00,0.00,-1,0,7,0
14420,0,1,0.000,0.000,0.00,0.00,0.00,0.00,INF,-1,0,7,0
14440,0,1,0.000,0.000,0.00,0.00,0.00,0.00,0.00,-1,0,7,0
14460,0,1,0.000,0.000,0.00,0.00,0.00,0.00,0.00,-1,0,7,0
14480,0,1,0.000,0.000,0.00,0.00,0.00,0.00,0.00,-1,0,7,0
14500,0,1,0.000,0.000,0.00,0.00,0.00,0.00,0.00,-1,0,7,0
14520,0,1,0.000,0.000,0.00,0.00,0.00,0.00,0.00,-1,0,7,0
14540,0,1,0.000,0.000,0.00,0.00,0.00,0.00,0.00,-1,0,7,0
14560,0,1,0.000,0.000,0.00,0.00,0.00,0.00,0.00,-1,0,7,0
14580,0,1,0.000,0.000,0.00,0.00,0.00,0.00,0.00,-1,0,7,0
14600,0,1,0.000,0.000,0.00,0.00,0.00,0.00,0.00,-1,0,7,0
14620,0,1,0.000,0.000,0.00,0.00,0.00,0.00,0.00,-1,0,7,0
14640,0,1,0.000,0.000,0.00,0.00,0.00,0.00,0.00,-1,0,7,0
14660,0,1,0.000,0.000,0.00,0.00,0.00,0.00,0.00,-1,0,7,0
14680,0,1,0.000,0.000,0.00,0.00,0.00,0.00,0.00,-1,0,7,0
14700,0,1,0.000,0.000,0.00,0.00,0.00,0.00,0.00,-1,0,7,0
14720,0,1,0.000,0.000,0.00,0.00,0.00,0.00,0.00,-1,0,7,0
14740,0,1,0.000,0.000,0.00,0.00,0.00,0.00,0.00,-1,0,7,0
14760,0,1,0.000,0.000,0.00,0.00,0.00,0.00,0.00,-1,0,7,0
14780,0,1,0.000,0.000,0.00,0.00,0.00,0.00,0.00,-1,0,7,0
14800,0,1,0.000,0.000,0.00,0.00,0.00,0.00,0.00,-1,0,7,0
14820,0,1,0.000,0.000,0.00,0.00,0.00,0.00,0.00,-1,0,7,0
14840,0,1,0.000,0.000,0.00,0.00,0.00,0.00,0.00,-1,0,7,0
14860,0,1,0.000,0.000,0.00,0.00,0.00,0.00,0.00,-1,0,7,0
14880,0,1,0.000,0.000,0.00,0.00,0.00,0.00,0.00,-1,0,7,0
14900,0,1,0.000,0.000,0.00,0.00,0.00,0.00,INF,-1,0,7,0
14920,0,1,0.000,0.000,0.00,0.00,0.00,0.00,0.00,-1,0,7,0
14940,0,1,0.000,0.000,0.00,0.00,0.00,0.00,0.00,-1,0,7,0
14960,0,1,0.000,0.000,0.00,0.00,0.00,0.00,0.00,-1,0,7,0
14980,0,1,0.000,0.000,0.00,0.00,0.00,0.00,0.00,-1,0,7,0
15000,0,1,0.000,0.000,0.00,0.00,0.00,0.00,INF,-1,0,7,0
