"EyeTracker Toolbox version","3.250"
CalibrationParameters_A11,1.46480
CalibrationParameters_A12,0.08557
CalibrationParameters_A13,-0.02720
CalibrationParameters_A21,0.11837
CalibrationParameters_A22,-1.28454
CalibrationParameters_A23,0.03662
CalibrationParameters_A31,-0.00249
CalibrationParameters_A32,-0.02092
CalibrationParameters_E11,-0.18009
CalibrationParameters_E12,-0.00063
CalibrationParameters_E21,-0.00006
CalibrationParameters_E22,0.20005
CalibrationParameters_X,-67.26450
CalibrationParameters_Y,-52.43108
CalibrationParameters_Rpc,98.90492
CalibrationParameters_MeanX,119.93084
CalibrationParameters_MeanY,159.57291
CalibrationParameters_ViewDist,613.00000
TimeStamp,Tracked,Calibrated,ScreenPositionXmm,ScreenPositionYmm,FicksLongitude,FicksLatitude,HelmholtzAzimuth,HelmholtzElevation,PupilDiameter,Region,Fixation,DigitalIO,Dropped
0,1,1,7.925,16.157,0.74,1.51,0.74,1.51,INF,-1,0,7,0
20,1,1,4.526,16.367,0.42,1.53,0.42,1.53,INF,-1,0,7,0
40,1,1,7.725,13.256,0.72,1.24,0.72,1.24,INF,-1,0,7,0
60,1,1,9.099,17.423,0.85,1.63,0.85,1.63,INF,-1,0,7,0
80,1,1,6.196,12.101,0.58,1.13,0.58,1.13,INF,-1,0,7,0
100,1,1,5.822,12.699,0.54,1.19,0.54,1.19,INF,-1,0,7,0
120,1,1,7.086,13.797,0.66,1.29,0.66,1.29,INF,-1,0,7,0
140,1,1,7.056,14.209,0.66,1.33,0.66,1.33,INF,-1,0,7,0
160,1,1,5.104,12.539,0.48,1.17,0.48,1.17,INF,-1,0,7,0
180,1,1,9.435,13.589,0.88,1.27,0.88,1.27,INF,-1,0,7,0
200,1,1,8.427,10.874,0.79,1.02,0.79,1.02,INF,-1,0,7,0
220,1,1,2.050,8.585,0.19,0.80,0.19,0.80,INF,-1,0,7,0
240,1,1,12.541,-2.095,1.17,-0.20,1.17,-0.20,INF,-1,0,7,0
260,1,1,14.712,-1.915,1.37,-0.18,1.37,-0.18,INF,-1,0,7,0
280,1,1,12.690,-1.496,1.19,-0.14,1.19,-0.14,INF,-1,0,7,0
300,1,1,17.843,-1.031,1.67,-0.10,1.67,-0.10,INF,-1,0,7,0
320,1,1,15.361,-3.480,1.44,-0.33,1.44,-0.33,INF,-1,1,7,0
340,1,1,10.627,-4.351,0.99,-0.41,0.99,-0.41,INF,-1,0,7,0
360,1,1,12.638,-1.786,1.18,-0.17,1.18,-0.17,INF,-1,0,7,0
380,1,1,14.508,-4.972,1.36,-0.46,1.36,-0.46,INF,-1,0,7,0
400,1,1,16.340,-2.682,1.53,-0.25,1.53,-0.25,INF,-1,0,7,0
420,1,1,16.933,-3.622,1.58,-0.34,1.58,-0.34,INF,-1,0,7,0
440,1,1,14.533,-6.906,1.36,-0.65,1.36,-0.65,INF,-1,0,7,0
460,1,1,14.572,-8.933,1.36,-0.83,1.36,-0.83,INF,-1,0,7,0
480,1,1,16.446,-8.942,1.54,-0.84,1.54,-0.84,INF,-1,0,7,0
500,1,1,8.263,-9.321,0.77,-0.87,0.77,-0.87,INF,-1,0,7,0
520,1,1,12.625,-8.701,1.18,-0.81,1.18,-0.81,INF,-1,0,7,0
540,1,1,16.955,-7.022,1.58,-0.66,1.58,-0.66,INF,-1,0,7,0
560,1,1,16.609,-6.339,1.55,-0.59,1.55,-0.59,INF,-1,0,7,0
580,1,1,16.875,-8.068,1.58,-0.75,1.58,-0.75,INF,-1,1,7,0
600,1,1,14.674,-6.624,1.37,-0.62,1.37,-0.62,INF,-1,1,7,0
620,1,1,17.365,-6.991,1.62,-0.65,1.62,-0.65,INF,-1,1,7,0
640,1,1,15.401,-6.118,1.44,-0.57,1.44,-0.57,INF,-1,1,7,0
660,1,1,9.506,-26.605,0.89,-2.48,0.89,-2.49,INF,-1,1,7,0
680,0,1,0.000,0.000,0.00,0.00,0.00,0.00,0.00,-1,1,7,0
700,0,1,0.000,0.000,0.00,0.00,0.00,0.00,0.00,-1,1,7,0
720,0,1,0.000,0.000,0.00,0.00,0.00,0.00,0.00,-1,1,7,0
740,0,1,0.000,0.000,0.00,0.00,0.00,0.00,0.00,-1,0,7,0
760,0,1,0.000,0.000,0.00,0.00,0.00,0.00,0.00,-1,0,7,0
780,0,1,0.000,0.000,0.00,0.00,0.00,0.00,0.00,-1,0,7,0
800,0,1,0.000,0.000,0.00,0.00,0.00,0.00,0.00,-1,0,7,0
820,0,1,0.000,0.000,0.00,0.00,0.00,0.00,0.00,-1,0,7,0
840,0,1,0.000,0.000,0.00,0.00,0.00,0.00,0.00,-1,0,7,0
860,0,1,0.000,0.000,0.00,0.00,0.00,0.00,0.00,-1,0,7,0
880,0,1,0.000,0.000,0.00,0.00,0.00,0.00,0.00,-1,0,7,0
900,0,1,0.000,0.000,0.00,0.00,0.00,0.00,0.00,-1,0,7,0
920,0,1,0.000,0.000,0.00,0.00,0.00,0.00,0.00,-1,0,7,0
940,0,1,0.000,0.000,0.00,0.00,0.00,0.00,0.00,-1,0,7,0
960,0,1,0.000,0.000,0.00,0.00,0.00,0.00,0.00,-1,0,7,0
980,0,1,0.000,0.000,0.00,0.00,0.00,0.00,0.00,-1,0,7,0
1000,0,1,0.000,0.000,0.00,0.00,0.00,0.00,INF,-1,0,7,0
1020,0,1,0.000,0.000,0.00,0.00,0.00,0.00,INF,-1,0,7,0
1040,0,1,0.000,0.000,0.00,0.00,0.00,0.00,0.00,-1,0,7,0
1060,0,1,0.000,0.000,0.00,0.00,0.00,0.00,0.00,-1,0,7,0
1080,0,1,0.000,0.000,0.00,0.00,0.00,0.00,0.00,-1,0,7,0
1100,1,1,3.793,-17.622,0.35,-1.65,0.35,-1.65,INF,-1,0,7,0
1120,1,1,-0.512,-6.777,-0.05,-0.63,-0.05,-0.63,INF,-1,0,7,0
1140,1,1,-11.594,-7.340,-1.08,-0.69,-1.08,-0.69,INF,-1,0,7,0
1160,0,1,0.000,0.000,0.00,0.00,0.00,0.00,0.00,-1,0,7,0
1180,1,1,-23.826,-7.154,-2.23,-0.67,-2.23,-0.67,INF,-1,0,7,0
1200,0,1,0.000,0.000,0.00,0.00,0.00,0.00,0.00,-1,0,7,0
1220,1,1,-24.881,-9.423,-2.32,-0.88,-2.32,-0.88,INF,-1,0,7,0
1240,1,1,-23.972,-6.947,-2.24,-0.65,-2.24,-0.65,INF,-1,0,7,0
1260,1,1,-30.040,-7.086,-2.81,-0.66,-2.81,-0.66,INF,-1,0,7,0
1280,1,1,-22.092,-8.469,-2.06,-0.79,-2.06,-0.79,INF,-1,0,7,0
1300,1,1,-25.761,-10.158,-2.41,-0.95,-2.41,-0.95,INF,-1,0,7,0
1320,1,1,-23.702,-8.320,-2.21,-0.78,-2.21,-0.78,INF,-1,0,7,0
1340,1,1,-23.300,-7.162,-2.18,-0.67,-2.18,-0.67,INF,-1,0,7,0
1360,1,1,-26.341,-8.281,-2.46,-0.77,-2.46,-0.77,INF,-1,0,7,0
1380,1,1,-25.058,-8.750,-2.34,-0.82,-2.34,-0.82,INF,-1,0,7,0
1400,1,1,-24.797,-10.909,-2.32,-1.02,-2.32,-1.02,INF,-1,0,7,0
1420,1,1,-34.374,-10.469,-3.21,-0.98,-3.21,-0.98,INF,-1,0,7,0
1440,1,1,-34.247,-6.759,-3.20,-0.63,-3.20,-0.63,INF,-1,0,7,0
1460,1,1,-30.644,-6.390,-2.86,-0.60,-2.86,-0.60,INF,-1,1,7,0
1480,1,1,-28.089,-5.544,-2.62,-0.52,-2.62,-0.52,INF,-1,1,7,0
1500,1,1,-29.008,-8.823,-2.71,-0.82,-2.71,-0.82,INF,-1,1,7,0
1520,1,1,-32.280,-8.085,-3.01,-0.75,-3.01,-0.76,INF,-1,1,7,0
1540,1,1,-30.681,-8.955,-2.87,-0.84,-2.87,-0.84,INF,-1,1,7,0
1560,1,1,-29.242,-8.271,-2.73,-0.77,-2.73,-0.77,INF,-1,1,7,0
1580,1,1,-28.850,-6.981,-2.69,-0.65,-2.69,-0.65,INF,-1,1,7,0
1600,1,1,-30.260,-9.107,-2.83,-0.85,-2.83,-0.85,INF,-1,1,7,0
1620,1,1,-27.461,-10.688,-2.57,-1.00,-2.56,-1.00,INF,-1,1,7,0
1640,1,1,-31.995,-9.038,-2.99,-0.84,-2.99,-0.84,INF,-1,1,7,0
1660,1,1,-32.119,-10.281,-3.00,-0.96,-3.00,-0.96,INF,-1,1,7,0
1680,1,1,-33.776,-10.562,-3.15,-0.99,-3.15,-0.99,INF,-1,1,7,0
1700,1,1,-31.050,-8.844,-2.90,-0.83,-2.90,-0.83,INF,-1,1,7,0
1720,1,1,-28.935,-8.625,-2.70,-0.81,-2.70,-0.81,INF,-1,1,7,0
1740,1,1,-33.648,-11.458,-3.14,-1.07,-3.14,-1.07,INF,-1,1,7,0
1760,1,1,-31.394,-9.396,-2.93,-0.88,-2.93,-0.88,INF,-1,1,7,0
1780,0,1,0.000,0.000,0.00,0.00,0.00,0.00,0.00,-1,1,7,0
1800,1,1,-32.895,-8.757,-3.07,-0.82,-3.07,-0.82,INF,-1,1,7,0
1820,1,1,-39.357,-9.569,-3.67,-0.89,-3.67,-0.89,INF,-1,1,7,0
1840,1,1,-42.338,-9.912,-3.95,-0.92,-3.95,-0.93,INF,-1,1,7,0
1860,1,1,-39.553,-9.072,-3.69,-0.85,-3.69,-0.85,INF,-1,0,7,0
1880,1,1,-43.729,-8.777,-4.08,-0.82,-4.08,-0.82,INF,-1,0,7,0
1900,1,1,-39.342,-8.033,-3.67,-0.75,-3.67,-0.75,INF,-1,0,7,0
1920,1,1,-39.563,-7.926,-3.69,-0.74,-3.69,-0.74,INF,-1,0,7,0
1940,1,1,-39.454,-7.740,-3.68,-0.72,-3.68,-0.72,INF,-1,0,7,0
1960,1,1,-44.027,-11.686,-4.11,-1.09,-4.11,-1.09,INF,-1,0,7,0
1980,1,1,-38.934,-9.171,-3.63,-0.86,-3.63,-0.86,INF,-1,0,7,0
2000,1,1,-42.557,-9.417,-3.97,-0.88,-3.97,-0.88,INF,-1,0,7,0
2020,1,1,-40.337,-9.643,-3.76,-0.90,-3.76,-0.90,INF,-1,0,7,0
2040,1,1,-41.425,-7.697,-3.87,-0.72,-3.87,-0.72,INF,-1,0,7,0
2060,1,1,-40.136,-8.906,-3.75,-0.83,-3.75,-0.83,INF,-1,0,7,0
2080,1,1,-36.356,-8.778,-3.39,-0.82,-3.39,-0.82,INF,-1,0,7,0
2100,1,1,-40.585,-9.040,-3.79,-0.84,-3.79,-0.84,INF,-1,1,7,0
2120,1,1,-39.620,-7.706,-3.70,-0.72,-3.70,-0.72,INF,-1,1,7,0
2140,1,1,-38.358,-8.073,-3.58,-0.75,-3.58,-0.75,INF,-1,1,7,0
2160,1,1,-26.953,-6.555,-2.52,-0.61,-2.52,-0.61,INF,-1,1,7,0
2180,1,1,-17.955,-6.975,-1.68,-0.65,-1.68,-0.65,INF,-1,1,7,0
2200,1,1,-23.408,-11.653,-2.19,-1.09,-2.19,-1.09,INF,-1,0,7,0
2220,1,1,-18.516,-8.793,-1.73,-0.82,-1.73,-0.82,INF,-1,0,7,0
2240,1,1,-21.889,-10.244,-2.05,-0.96,-2.04,-0.96,INF,-1,0,7,0
2260,1,1,-18.140,-8.310,-1.70,-0.78,-1.69,-0.78,INF,-1,0,7,0
2280,1,1,-16.066,-10.912,-1.50,-1.02,-1.50,-1.02,INF,-1,0,7,0
2300,1,1,-17.956,-7.291,-1.68,-0.68,-1.68,-0.68,INF,-1,0,7,0
2320,1,1,-17.975,-7.438,-1.68,-0.69,-1.68,-0.70,INF,-1,0,7,0
2340,1,1,-19.281,-9.222,-1.80,-0.86,-1.80,-0.86,INF,-1,0,7,0
2360,1,1,-24.841,-9.046,-2.32,-0.84,-2.32,-0.85,INF,-1,0,7,0
2380,1,1,-20.765,-10.102,-1.94,-0.94,-1.94,-0.94,INF,-1,0,7,0
2400,1,1,-18.406,-8.542,-1.72,-0.80,-1.72,-0.80,INF,-1,0,7,0
2420,1,1,-18.538,-7.014,-1.73,-0.66,-1.73,-0.66,INF,-1,0,7,0
2440,1,1,-22.090,-8.021,-2.06,-0.75,-2.06,-0.75,INF,-1,1,7,0
2460,1,1,-22.162,-9.881,-2.07,-0.92,-2.07,-0.92,INF,-1,1,7,0
2480,0,1,0.000,0.000,0.00,0.00,0.00,0.00,0.00,-1,1,7,0
2500,1,1,-20.497,-10.404,-1.92,-0.97,-1.91,-0.97,INF,-1,1,7,0
2520,1,1,-30.156,-9.813,-2.82,-0.92,-2.82,-0.92,INF,-1,1,7,0
2540,1,1,-29.277,-10.049,-2.73,-0.94,-2.73,-0.94,INF,-1,1,7,0
2560,1,1,-36.354,-11.174,-3.39,-1.04,-3.39,-1.04,INF,-1,1,7,0
2580,1,1,-34.424,-8.385,-3.21,-0.78,-3.21,-0.78,INF,-1,1,7,0
2600,1,1,-29.647,-8.349,-2.77,-0.78,-2.77,-0.78,INF,-1,1,7,0
2620,0,1,0.000,0.000,0.00,0.00,0.00,0.00,0.00,-1,1,7,0
2640,1,1,-35.339,-9.669,-3.30,-0.90,-3.30,-0.90,INF,-1,1,7,0
2660,1,1,-29.298,-11.248,-2.74,-1.05,-2.74,-1.05,INF,-1,1,7,0
2680,1,1,-29.399,-9.818,-2.75,-0.92,-2.75,-0.92,INF,-1,1,7,0
2700,1,1,-32.976,-9.604,-3.08,-0.90,-3.08,-0.90,INF,-1,1,7,0
2720,1,1,-29.550,-8.466,-2.76,-0.79,-2.76,-0.79,INF,-1,1,7,0
2740,1,1,-32.742,-12.400,-3.06,-1.16,-3.06,-1.16,INF,-1,1,7,0
2760,1,1,-26.188,-11.739,-2.45,-1.10,-2.45,-1.10,INF,-1,1,7,0
2780,1,1,-20.649,-9.578,-1.93,-0.89,-1.93,-0.90,INF,-1,1,7,0
2800,1,1,-23.225,-10.738,-2.17,-1.00,-2.17,-1.00,INF,-1,1,7,0
2820,1,1,-19.344,-9.113,-1.81,-0.85,-1.81,-0.85,INF,-1,1,7,0
2840,1,1,-13.626,-8.967,-1.27,-0.84,-1.27,-0.84,INF,-1,1,7,0
2860,1,1,-13.866,-8.449,-1.30,-0.79,-1.30,-0.79,INF,-1,1,7,0
2880,1,1,-16.165,-9.895,-1.51,-0.92,-1.51,-0.92,INF,-1,1,7,0
2900,0,1,0.000,0.000,0.00,0.00,0.00,0.00,0.00,-1,1,7,0
2920,1,1,-18.375,-8.778,-1.72,-0.82,-1.72,-0.82,INF,-1,1,7,0
2940,1,1,-18.630,-6.396,-1.74,-0.60,-1.74,-0.60,INF,-1,1,7,0
2960,1,1,-19.472,-10.525,-1.82,-0.98,-1.82,-0.98,INF,-1,1,7,0
2980,1,1,-16.571,-9.392,-1.55,-0.88,-1.55,-0.88,INF,-1,1,7,0
3000,1,1,-20.743,-10.568,-1.94,-0.99,-1.94,-0.99,INF,-1,1,7,0
3020,1,1,-15.609,-6.551,-1.46,-0.61,-1.46,-0.61,INF,-1,1,7,0
3040,1,1,-17.295,-8.672,-1.62,-0.81,-1.62,-0.81,INF,-1,1,7,0
3060,0,1,0.000,0.000,0.00,0.00,0.00,0.00,0.00,-1,1,7,0
3080,1,1,21.059,-1.140,1.97,-0.11,1.97,-0.11,INF,-1,1,7,0
3100,1,1,28.466,-1.070,2.66,-0.10,2.66,-0.10,INF,-1,1,7,0
3120,1,1,25.904,-4.500,2.42,-0.42,2.42,-0.42,INF,-1,1,7,0
3140,1,1,25.509,-2.012,2.38,-0.19,2.38,-0.19,INF,-1,0,7,0
3160,1,1,21.836,-4.656,2.04,-0.43,2.04,-0.44,INF,-1,0,7,0
3180,1,1,23.527,-3.522,2.20,-0.33,2.20,-0.33,INF,-1,0,7,0
3200,1,1,22.642,-6.050,2.12,-0.57,2.12,-0.57,INF,-1,0,7,0
3220,1,1,22.462,-3.244,2.10,-0.30,2.10,-0.30,INF,-1,0,7,0
3240,1,1,26.202,-1.878,2.45,-0.18,2.45,-0.18,INF,-1,0,7,0
3260,1,1,23.021,-6.742,2.15,-0.63,2.15,-0.63,INF,-1,0,7,0
3280,1,1,21.780,-2.166,2.03,-0.20,2.03,-0.20,INF,-1,0,7,0
3300,1,1,28.020,-2.983,2.62,-0.28,2.62,-0.28,INF,-1,0,7,0
3320,1,1,20.956,-3.742,1.96,-0.35,1.96,-0.35,INF,-1,0,7,0
3340,1,1,22.701,-3.675,2.12,-0.34,2.12,-0.34,INF,-1,0,7,0
3360,1,1,25.901,-2.741,2.42,-0.26,2.42,-0.26,INF,-1,1,7,0
3380,1,1,22.081,-1.343,2.06,-0.13,2.06,-0.13,INF,-1,1,7,0
3400,1,1,23.537,-3.494,2.20,-0.33,2.20,-0.33,INF,-1,1,7,0
3420,1,1,22.238,-4.116,2.08,-0.38,2.08,-0.38,INF,-1,1,7,0
3440,1,1,21.530,-5.440,2.01,-0.51,2.01,-0.51,INF,-1,1,7,0
3460,1,1,25.972,0.349,2.43,0.03,2.43,0.03,INF,-1,1,7,0
3480,1,1,28.521,-2.704,2.66,-0.25,2.66,-0.25,INF,-1,1,7,0
3500,1,1,22.035,-4.173,2.06,-0.39,2.06,-0.39,INF,-1,1,7,0
3520,1,1,22.021,-1.584,2.06,-0.15,2.06,-0.15,INF,-1,1,7,0
3540,1,1,24.070,-3.206,2.25,-0.30,2.25,-0.30,INF,-1,1,7,0
3560,1,1,16.885,-9.410,1.58,-0.88,1.58,-0.88,INF,-1,1,7,0
3580,1,1,19.729,-4.388,1.84,-0.41,1.84,-0.41,INF,-1,1,7,0
3600,1,1,23.340,-4.429,2.18,-0.41,2.18,-0.41,INF,-1,1,7,0
3620,1,1,24.110,-6.032,2.25,-0.56,2.25,-0.56,INF,-1,1,7,0
3640,1,1,20.861,-4.169,1.95,-0.39,1.95,-0.39,INF,-1,1,7,0
3660,1,1,15.687,-10.109,1.47,-0.94,1.47,-0.94,INF,-1,1,7,0
3680,1,1,3.158,-9.885,0.30,-0.92,0.30,-0.92,INF,-1,1,7,0
3700,1,1,8.187,-7.092,0.77,-0.66,0.77,-0.66,INF,-1,0,7,0
3720,0,1,0.000,0.000,0.00,0.00,0.00,0.00,0.00,-1,0,7,0
3740,1,1,2.974,-11.621,0.28,-1.09,0.28,-1.09,INF,-1,0,7,0
3760,1,1,-0.382,-10.262,-0.04,-0.96,-0.04,-0.96,INF,-1,0,7,0
3780,1,1,8.189,-6.809,0.77,-0.64,0.77,-0.64,INF,-1,0,7,0
3800,1,1,6.650,-8.266,0.62,-0.77,0.62,-0.77,INF,-1,0,7,0
3820,1,1,6.460,-9.211,0.60,-0.86,0.60,-0.86,INF,-1,0,7,0
3840,1,1,4.004,-9.288,0.37,-0.87,0.37,-0.87,INF,-1,0,7,0
3860,1,1,4.784,-9.638,0.45,-0.90,0.45,-0.90,INF,-1,0,7,0
3880,1,1,5.165,-5.059,0.48,-0.47,0.48,-0.47,INF,-1,0,7,0
3900,1,1,4.107,-9.679,0.38,-0.90,0.38,-0.90,INF,-1,0,7,0
3920,0,1,0.000,0.000,0.00,0.00,0.00,0.00,0.00,-1,0,7,0
3940,1,1,2.271,-11.397,0.21,-1.07,0.21,-1.07,INF,-1,1,7,0
3960,1,1,3.409,-12.069,0.32,-1.13,0.32,-1.13,INF,-1,1,7,0
3980,1,1,0.011,-13.732,0.00,-1.28,0.00,-1.28,INF,-1,1,7,0
4000,1,1,-2.204,-11.049,-0.21,-1.03,-0.21,-1.03,INF,-1,1,7,0
4020,1,1,-0.447,-10.658,-0.04,-1.00,-0.04,-1.00,INF,-1,1,7,0
4040,1,1,-5.210,-10.396,-0.49,-0.97,-0.49,-0.97,INF,-1,1,7,0
4060,1,1,0.536,-12.713,0.05,-1.19,0.05,-1.19,INF,-1,1,7,0
4080,1,1,-4.991,-12.143,-0.47,-1.13,-0.47,-1.13,INF,-1,1,7,0
4100,1,1,-0.898,-10.329,-0.08,-0.97,-0.08,-0.97,INF,-1,1,7,0
4120,1,1,1.534,-9.776,0.14,-0.91,0.14,-0.91,INF,-1,1,7,0
4140,1,1,-0.216,-13.923,-0.02,-1.30,-0.02,-1.30,INF,-1,1,7,0
4160,1,1,3.649,-11.269,0.34,-1.05,0.34,-1.05,INF,-1,1,7,0
4180,1,1,-1.575,-12.262,-0.15,-1.15,-0.15,-1.15,INF,-1,1,7,0
4200,1,1,1.621,-7.008,0.15,-0.65,0.15,-0.65,INF,-1,1,7,0
4220,1,1,6.536,-8.053,0.61,-0.75,0.61,-0.75,INF,-1,1,7,0
4240,1,1,4.764,-7.702,0.45,-0.72,0.45,-0.72,INF,-1,1,7,0
4260,1,1,1.223,-11.672,0.11,-1.09,0.11,-1.09,INF,-1,1,7,0
4280,1,1,6.831,-7.856,0.64,-0.73,0.64,-0.73,INF,-1,1,7,0
4300,1,1,12.015,-8.294,1.12,-0.78,1.12,-0.78,INF,-1,1,7,0
4320,1,1,8.548,-5.752,0.80,-0.54,0.80,-0.54,INF,-1,1,7,0
4340,1,1,10.686,-8.648,1.00,-0.81,1.00,-0.81,INF,-1,1,7,0
4360,1,1,9.899,-7.273,0.93,-0.68,0.93,-0.68,INF,-1,1,7,0
4380,1,1,7.802,-4.901,0.73,-0.46,0.73,-0.46,INF,-1,1,7,0
4400,1,1,5.715,-4.103,0.53,-0.38,0.53,-0.38,INF,-1,1,7,0
4420,1,1,1.148,-10.453,0.11,-0.98,0.11,-0.98,INF,-1,1,7,0
4440,1,1,6.303,-7.520,0.59,-0.70,0.59,-0.70,INF,-1,1,7,0
4460,1,1,7.439,-4.418,0.70,-0.41,0.70,-0.41,INF,-1,1,7,0
4480,1,1,8.119,-4.518,0.76,-0.42,0.76,-0.42,INF,-1,1,7,0
4500,1,1,7.663,-6.563,0.72,-0.61,0.72,-0.61,INF,-1,1,7,0
4520,1,1,9.719,-6.275,0.91,-0.59,0.91,-0.59,INF,-1,1,7,0
4540,1,1,9.002,-7.668,0.84,-0.72,0.84,-0.72,INF,-1,1,7,0
4560,1,1,7.690,-6.572,0.72,-0.61,0.72,-0.61,INF,-1,1,7,0
4580,1,1,8.169,-6.606,0.76,-0.62,0.76,-0.62,INF,-1,1,7,0
4600,1,1,8.113,-6.740,0.76,-0.63,0.76,-0.63,INF,-1,1,7,0
4620,1,1,8.795,-7.701,0.82,-0.72,0.82,-0.72,INF,-1,1,7,0
4640,1,1,8.317,-5.876,0.78,-0.55,0.78,-0.55,INF,-1,1,7,0
4660,1,1,9.222,-6.679,0.86,-0.62,0.86,-0.62,INF,-1,1,7,0
4680,1,1,9.375,-5.875,0.88,-0.55,0.88,-0.55,INF,-1,1,7,0
4700,1,1,9.523,-8.294,0.89,-0.78,0.89,-0.78,INF,-1,1,7,0
4720,1,1,9.058,-7.684,0.85,-0.72,0.85,-0.72,INF,-1,1,7,0
4740,1,1,9.848,-7.008,0.92,-0.65,0.92,-0.66,INF,-1,1,7,0
4760,1,1,10.933,-7.189,1.02,-0.67,1.02,-0.67,INF,-1,1,7,0
4780,1,1,8.100,-7.298,0.76,-0.68,0.76,-0.68,INF,-1,1,7,0
4800,1,1,9.321,-8.030,0.87,-0.75,0.87,-0.75,INF,-1,1,7,0
4820,1,1,9.510,-7.987,0.89,-0.75,0.89,-0.75,INF,-1,1,7,0
4840,1,1,12.588,-8.477,1.18,-0.79,1.18,-0.79,INF,-1,1,7,0
4860,1,1,10.803,-7.786,1.01,-0.73,1.01,-0.73,INF,-1,1,7,0
4880,1,1,10.444,-9.063,0.98,-0.85,0.98,-0.85,INF,-1,1,7,0
4900,1,1,11.645,-7.772,1.09,-0.73,1.09,-0.73,INF,-1,1,7,0
4920,1,1,13.455,-10.753,1.26,-1.00,1.26,-1.00,INF,-1,1,7,0
4940,0,1,0.000,0.000,0.00,0.00,0.00,0.00,0.00,-1,1,7,0
4960,0,1,0.000,0.000,0.00,0.00,0.00,0.00,0.00,-1,1,7,0
4980,0,1,0.000,0.000,0.00,0.00,0.00,0.00,0.00,-1,1,7,0
5000,0,1,0.000,0.000,0.00,0.00,0.00,0.00,0.00,-1,1,7,0
5020,0,1,0.000,0.000,0.00,0.00,0.00,0.00,0.00,-1,0,7,0
5040,0,1,0.000,0.000,0.00,0.00,0.00,0.00,0.00,-1,0,7,0
5060,0,1,0.000,0.000,0.00,0.00,0.00,0.00,INF,-1,0,7,0
5080,0,1,0.000,0.000,0.00,0.00,0.00,0.00,0.00,-1,0,7,0
5100,0,1,0.000,0.000,0.00,0.00,0.00,0.00,0.00,-1,0,7,0
5120,0,1,0.000,0.000,0.00,0.00,0.00,0.00,0.00,-1,0,7,0
5140,1,1,1.515,-27.038,0.14,-2.53,0.14,-2.53,INF,-1,0,7,0
5160,1,1,-8.008,-16.727,-0.75,-1.56,-0.75,-1.56,INF,-1,0,7,0
5180,1,1,-3.780,-12.588,-0.35,-1.18,-0.35,-1.18,INF,-1,0,7,0
5200,1,1,-3.693,-12.599,-0.35,-1.18,-0.35,-1.18,INF,-1,0,7,0
5220,1,1,-3.662,-13.482,-0.34,-1.26,-0.34,-1.26,INF,-1,0,7,0
5240,1,1,-3.047,-11.115,-0.28,-1.04,-0.28,-1.04,INF,-1,0,7,0
5260,1,1,-4.356,-10.907,-0.41,-1.02,-0.41,-1.02,INF,-1,0,7,0
5280,1,1,-7.704,-10.534,-0.72,-0.98,-0.72,-0.98,INF,-1,0,7,0
5300,1,1,-5.328,-9.921,-0.50,-0.93,-0.50,-0.93,INF,-1,0,7,0
5320,1,1,-5.383,-12.253,-0.50,-1.15,-0.50,-1.15,INF,-1,0,7,0
5340,1,1,-5.184,-9.551,-0.48,-0.89,-0.48,-0.89,INF,-1,0,7,0
5360,1,1,-3.360,-10.647,-0.31,-1.00,-0.31,-1.00,INF,-1,0,7,0
5380,1,1,-4.790,-9.965,-0.45,-0.93,-0.45,-0.93,INF,-1,0,7,0
5400,1,1,-6.396,-9.946,-0.60,-0.93,-0.60,-0.93,INF,-1,0,7,0
5420,1,1,-7.065,-12.415,-0.66,-1.16,-0.66,-1.16,INF,-1,0,7,0
5440,1,1,-7.578,-11.792,-0.71,-1.10,-0.71,-1.10,INF,-1,1,7,0
5460,1,1,-5.750,-12.586,-0.54,-1.18,-0.54,-1.18,INF,-1,1,7,0
5480,1,1,-9.091,-12.416,-0.85,-1.16,-0.85,-1.16,INF,-1,1,7,0
5500,1,1,-15.574,-11.873,-1.46,-1.11,-1.46,-1.11,INF,-1,1,7,0
5520,1,1,-16.185,-13.215,-1.51,-1.23,-1.51,-1.24,INF,-1,1,7,0
5540,1,1,-16.602,-11.351,-1.55,-1.06,-1.55,-1.06,INF,-1,0,7,0
5560,1,1,-17.013,-14.000,-1.59,-1.31,-1.59,-1.31,INF,-1,0,7,0
5580,1,1,-16.178,-13.404,-1.51,-1.25,-1.51,-1.25,INF,-1,0,7,0
5600,1,1,-16.406,-14.140,-1.53,-1.32,-1.53,-1.32,INF,-1,0,7,0
5620,1,1,-17.909,-14.005,-1.67,-1.31,-1.67,-1.31,INF,-1,0,7,0
5640,1,1,-15.720,-14.392,-1.47,-1.34,-1.47,-1.34,INF,-1,0,7,0
5660,1,1,-12.554,-13.302,-1.17,-1.24,-1.17,-1.24,INF,-1,0,7,0
5680,1,1,-17.699,-15.536,-1.65,-1.45,-1.65,-1.45,INF,-1,0,7,0
5700,1,1,-15.638,-15.182,-1.46,-1.42,-1.46,-1.42,INF,-1,0,7,0
5720,1,1,-17.236,-15.443,-1.61,-1.44,-1.61,-1.44,INF,-1,0,7,0
5740,1,1,-16.788,-14.801,-1.57,-1.38,-1.57,-1.38,INF,-1,0,7,0
5760,1,1,-14.732,-15.759,-1.38,-1.47,-1.38,-1.47,INF,-1,0,7,0
5780,1,1,-16.373,-14.131,-1.53,-1.32,-1.53,-1.32,INF,-1,1,7,0
5800,1,1,-16.969,-14.884,-1.59,-1.39,-1.59,-1.39,INF,-1,1,7,0
5820,1,1,-18.734,-14.501,-1.75,-1.35,-1.75,-1.36,INF,-1,1,7,0
5840,1,1,-17.492,-15.818,-1.63,-1.48,-1.63,-1.48,INF,-1,1,7,0
5860,1,1,-19.175,-15.221,-1.79,-1.42,-1.79,-1.42,INF,-1,1,7,0
5880,1,1,-16.844,-15.771,-1.57,-1.47,-1.57,-1.47,INF,-1,1,7,0
5900,1,1,-18.410,-15.953,-1.72,-1.49,-1.72,-1.49,INF,-1,1,7,0
5920,1,1,-18.384,-16.355,-1.72,-1.53,-1.72,-1.53,INF,-1,1,7,0
5940,1,1,8.178,-11.729,0.76,-1.10,0.76,-1.10,INF,-1,1,7,0
5960,1,1,3.244,-12.043,0.30,-1.13,0.30,-1.13,INF,-1,1,7,0
5980,1,1,5.538,-11.859,0.52,-1.11,0.52,-1.11,INF,-1,0,7,0
6000,1,1,6.880,-10.519,0.64,-0.98,0.64,-0.98,INF,-1,0,7,0
6020,1,1,6.263,-11.822,0.59,-1.10,0.59,-1.10,INF,-1,0,7,0
6040,1,1,5.206,-11.948,0.49,-1.12,0.49,-1.12,INF,-1,0,7,0
6060,1,1,6.091,-10.971,0.57,-1.03,0.57,-1.03,INF,-1,0,7,0
6080,1,1,5.839,-9.805,0.55,-0.92,0.55,-0.92,INF,-1,0,7,0
6100,1,1,5.665,-10.418,0.53,-0.97,0.53,-0.97,INF,-1,0,7,0
6120,1,1,5.183,-10.670,0.48,-1.00,0.48,-1.00,INF,-1,0,7,0
6140,1,1,5.839,-10.490,0.55,-0.98,0.55,-0.98,INF,-1,0,7,0
6160,1,1,5.287,-11.266,0.49,-1.05,0.49,-1.05,INF,-1,0,7,0
6180,1,1,5.650,-9.692,0.53,-0.91,0.53,-0.91,INF,-1,0,7,0
6200,1,1,5.173,-9.243,0.48,-0.86,0.48,-0.86,INF,-1,0,7,0
6220,1,1,6.296,-9.919,0.59,-0.93,0.59,-0.93,INF,-1,1,7,0
6240,1,1,6.885,-10.780,0.64,-1.01,0.64,-1.01,INF,-1,1,7,0
6260,1,1,5.348,-10.598,0.50,-0.99,0.50,-0.99,INF,-1,1,7,0
6280,1,1,8.036,-10.110,0.75,-0.94,0.75,-0.94,INF,-1,1,7,0
6300,1,1,6.489,-11.278,0.61,-1.05,0.61,-1.05,INF,-1,1,7,0
6320,1,1,5.440,-8.122,0.51,-0.76,0.51,-0.76,INF,-1,1,7,0
6340,1,1,5.077,-10.565,0.47,-0.99,0.47,-0.99,INF,-1,1,7,0
6360,1,1,5.787,-9.995,0.54,-0.93,0.54,-0.93,INF,-1,1,7,0
6380,1,1,5.948,-10.372,0.56,-0.97,0.56,-0.97,INF,-1,1,7,0
6400,1,1,6.903,-10.183,0.65,-0.95,0.65,-0.95,INF,-1,1,7,0
6420,1,1,7.674,-8.914,0.72,-0.83,0.72,-0.83,INF,-1,1,7,0
6440,1,1,6.127,-8.922,0.57,-0.83,0.57,-0.83,INF,-1,1,7,0
6460,1,1,6.312,-10.042,0.59,-0.94,0.59,-0.94,INF,-1,1,7,0
6480,1,1,7.318,-10.422,0.68,-0.97,0.68,-0.97,INF,-1,1,7,0
6500,1,1,5.384,-7.356,0.50,-0.69,0.50,-0.69,INF,-1,1,7,0
6520,1,1,-6.718,-6.517,-0.63,-0.61,-0.63,-0.61,INF,-1,1,7,0
6540,1,1,-4.903,-7.968,-0.46,-0.74,-0.46,-0.74,INF,-1,1,7,0
6560,1,1,-6.642,-7.221,-0.62,-0.67,-0.62,-0.67,INF,-1,0,7,0
6580,1,1,-4.775,-8.211,-0.45,-0.77,-0.45,-0.77,INF,-1,0,7,0
6600,1,1,-5.818,-7.136,-0.54,-0.67,-0.54,-0.67,INF,-1,0,7,0
6620,1,1,-6.153,-7.711,-0.58,-0.72,-0.58,-0.72,INF,-1,0,7,0
6640,1,1,-3.767,-6.386,-0.35,-0.60,-0.35,-0.60,INF,-1,0,7,0
6660,1,1,-4.386,-8.004,-0.41,-0.75,-0.41,-0.75,INF,-1,0,7,0
6680,1,1,-4.996,-6.641,-0.47,-0.62,-0.47,-0.62,INF,-1,0,7,0
6700,1,1,-6.602,-5.628,-0.62,-0.53,-0.62,-0.53,INF,-1,0,7,0
6720,1,1,-5.287,-6.057,-0.49,-0.57,-0.49,-0.57,INF,-1,0,7,0
6740,1,1,-5.415,-7.360,-0.51,-0.69,-0.51,-0.69,INF,-1,0,7,0
6760,1,1,-4.353,-6.749,-0.41,-0.63,-0.41,-0.63,INF,-1,0,7,0
6780,1,1,-6.037,-6.784,-0.56,-0.63,-0.56,-0.63,INF,-1,0,7,0
6800,1,1,-4.026,-8.520,-0.38,-0.80,-0.38,-0.80,INF,-1,1,7,0
6820,1,1,-23.543,-7.636,-2.20,-0.71,-2.20,-0.71,INF,-1,1,7,0
6840,1,1,-19.748,-7.927,-1.85,-0.74,-1.85,-0.74,INF,-1,1,7,0
6860,1,1,-18.918,-8.575,-1.77,-0.80,-1.77,-0.80,INF,-1,0,7,0
6880,1,1,-19.009,-9.970,-1.78,-0.93,-1.78,-0.93,INF,-1,0,7,0
6900,1,1,-20.730,-7.929,-1.94,-0.74,-1.94,-0.74,INF,-1,0,7,0
6920,1,1,-21.235,-8.093,-1.98,-0.76,-1.98,-0.76,INF,-1,0,7,0
6940,1,1,-20.151,-8.369,-1.88,-0.78,-1.88,-0.78,INF,-1,0,7,0
6960,1,1,-19.927,-9.226,-1.86,-0.86,-1.86,-0.86,INF,-1,0,7,0
6980,1,1,-22.036,-8.161,-2.06,-0.76,-2.06,-0.76,INF,-1,0,7,0
7000,1,1,-18.809,-10.245,-1.76,-0.96,-1.76,-0.96,INF,-1,0,7,0
7020,1,1,-20.454,-8.459,-1.91,-0.79,-1.91,-0.79,INF,-1,0,7,0
7040,1,1,-19.966,-8.577,-1.87,-0.80,-1.87,-0.80,INF,-1,0,7,0
7060,1,1,-20.265,-8.733,-1.89,-0.82,-1.89,-0.82,INF,-1,0,7,0
7080,1,1,-20.842,-9.434,-1.95,-0.88,-1.95,-0.88,INF,-1,0,7,0
7100,1,1,-20.488,-8.676,-1.91,-0.81,-1.91,-0.81,INF,-1,1,7,0
7120,1,1,-45.794,-5.691,-4.27,-0.53,-4.27,-0.53,INF,-1,1,7,0
7140,1,1,-43.905,-7.702,-4.10,-0.72,-4.10,-0.72,INF,-1,1,7,0
7160,1,1,-46.338,-6.549,-4.32,-0.61,-4.32,-0.61,INF,-1,0,7,0
7180,1,1,-44.580,-7.056,-4.16,-0.66,-4.16,-0.66,INF,-1,0,7,0
7200,1,1,-43.670,-6.784,-4.07,-0.63,-4.07,-0.63,INF,-1,0,7,0
7220,1,1,-46.434,-8.450,-4.33,-0.79,-4.33,-0.79,INF,-1,0,7,0
7240,1,1,-45.814,-8.300,-4.27,-0.77,-4.27,-0.78,INF,-1,0,7,0
7260,1,1,-44.420,-9.368,-4.14,-0.87,-4.14,-0.88,INF,-1,0,7,0
7280,1,1,-45.312,-9.470,-4.23,-0.88,-4.23,-0.89,INF,-1,0,7,0
7300,0,1,0.000,0.000,0.00,0.00,0.00,0.00,0.00,-1,0,7,0
7320,1,1,-43.517,-8.829,-4.06,-0.82,-4.06,-0.83,INF,-1,0,7,0
7340,1,1,-46.313,-9.360,-4.32,-0.87,-4.32,-0.87,INF,-1,0,7,0
7360,1,1,-45.785,-8.657,-4.27,-0.81,-4.27,-0.81,INF,-1,0,7,0
7380,1,1,-36.903,-10.098,-3.45,-0.94,-3.44,-0.94,INF,-1,0,7,0
7400,1,1,-35.723,-10.122,-3.34,-0.94,-3.33,-0.95,INF,-1,1,7,0
7420,1,1,-36.067,-8.051,-3.37,-0.75,-3.37,-0.75,INF,-1,1,7,0
7440,1,1,-35.614,-10.597,-3.33,-0.99,-3.32,-0.99,INF,-1,1,7,0
7460,1,1,-34.248,-9.001,-3.20,-0.84,-3.20,-0.84,INF,-1,1,7,0
7480,1,1,-34.426,-9.779,-3.21,-0.91,-3.21,-0.91,INF,-1,1,7,0
7500,0,1,0.000,0.000,0.00,0.00,0.00,0.00,0.00,-1,1,7,0
7520,0,1,0.000,0.000,0.00,0.00,0.00,0.00,0.00,-1,1,7,0
7540,0,1,0.000,0.000,0.00,0.00,0.00,0.00,0.00,-1,1,7,0
7560,1,1,-36.632,-10.527,-3.42,-0.98,-3.42,-0.98,INF,-1,1,7,0
7580,1,1,-32.121,-9.848,-3.00,-0.92,-3.00,-0.92,INF,-1,1,7,0
7600,1,1,-31.874,-10.689,-2.98,-1.00,-2.98,-1.00,INF,-1,1,7,0
7620,1,1,-35.443,-8.451,-3.31,-0.79,-3.31,-0.79,INF,-1,1,7,0
7640,1,1,-33.754,-10.756,-3.15,-1.00,-3.15,-1.01,INF,-1,1,7,0
7660,1,1,-34.591,-8.649,-3.23,-0.81,-3.23,-0.81,INF,-1,1,7,0
7680,1,1,-33.934,-9.137,-3.17,-0.85,-3.17,-0.85,INF,-1,1,7,0
7700,0,1,0.000,0.000,0.00,0.00,0.00,0.00,0.00,-1,1,7,0
7720,1,1,-31.628,-9.727,-2.95,-0.91,-2.95,-0.91,INF,-1,1,7,0
7740,1,1,-35.124,-7.480,-3.28,-0.70,-3.28,-0.70,INF,-1,1,7,0
7760,1,1,-35.498,-8.174,-3.31,-0.76,-3.31,-0.76,INF,-1,1,7,0
7780,1,1,-35.193,-8.896,-3.29,-0.83,-3.29,-0.83,INF,-1,1,7,0
7800,1,1,-34.974,-7.927,-3.27,-0.74,-3.27,-0.74,INF,-1,1,7,0
7820,1,1,-31.427,-8.086,-2.93,-0.75,-2.93,-0.76,INF,-1,1,7,0
7840,1,1,-38.131,-8.747,-3.56,-0.82,-3.56,-0.82,INF,-1,1,7,0
7860,1,1,-48.918,-9.996,-4.56,-0.93,-4.56,-0.93,INF,-1,1,7,0
7880,1,1,-47.600,-9.724,-4.44,-0.91,-4.44,-0.91,INF,-1,1,7,0
7900,1,1,-47.963,-10.424,-4.47,-0.97,-4.47,-0.97,INF,-1,1,7,0
7920,1,1,-48.375,-11.151,-4.51,-1.04,-4.51,-1.04,INF,-1,1,7,0
7940,1,1,-48.000,-11.169,-4.48,-1.04,-4.48,-1.04,INF,-1,1,7,0
7960,1,1,-48.585,-11.128,-4.53,-1.04,-4.53,-1.04,INF,-1,1,7,0
7980,1,1,-48.869,-10.675,-4.56,-0.99,-4.56,-1.00,INF,-1,1,7,0
8000,1,1,-46.766,-10.698,-4.36,-1.00,-4.36,-1.00,INF,-1,1,7,0
8020,1,1,-49.645,-10.577,-4.63,-0.99,-4.63,-0.99,INF,-1,1,7,0
8040,1,1,-47.866,-10.684,-4.46,-1.00,-4.46,-1.00,INF,-1,1,7,0
8060,0,1,0.000,0.000,0.00,0.00,0.00,0.00,0.00,-1,1,7,0
8080,1,1,-46.780,-7.581,-4.36,-0.71,-4.36,-0.71,INF,-1,1,7,0
8100,1,1,-47.509,-10.846,-4.43,-1.01,-4.43,-1.01,INF,-1,1,7,0
8120,1,1,-49.224,-11.313,-4.59,-1.05,-4.59,-1.06,INF,-1,1,7,0
8140,1,1,-45.661,-10.872,-4.26,-1.01,-4.26,-1.02,INF,-1,1,7,0
8160,1,1,-47.372,-10.839,-4.42,-1.01,-4.42,-1.01,INF,-1,1,7,0
8180,1,1,-47.916,-10.428,-4.47,-0.97,-4.47,-0.97,INF,-1,1,7,0
8200,1,1,-46.091,-8.873,-4.30,-0.83,-4.30,-0.83,INF,-1,1,7,0
8220,1,1,-49.623,-11.061,-4.63,-1.03,-4.63,-1.03,INF,-1,1,7,0
8240,1,1,-49.899,-10.646,-4.65,-0.99,-4.65,-0.99,INF,-1,1,7,0
8260,0,1,0.000,0.000,0.00,0.00,0.00,0.00,0.00,-1,1,7,0
8280,1,1,-33.552,-8.798,-3.13,-0.82,-3.13,-0.82,INF,-1,1,7,0
8300,1,1,-32.220,-10.841,-3.01,-1.01,-3.01,-1.01,INF,-1,1,7,0
8320,1,1,-32.680,-8.562,-3.05,-0.80,-3.05,-0.80,INF,-1,1,7,0
8340,1,1,-34.458,-10.571,-3.22,-0.99,-3.22,-0.99,INF,-1,1,7,0
8360,0,1,0.000,0.000,0.00,0.00,0.00,0.00,0.00,-1,1,7,0
8380,1,1,-33.426,-9.999,-3.12,-0.93,-3.12,-0.93,INF,-1,1,7,0
8400,1,1,-32.377,-10.063,-3.02,-0.94,-3.02,-0.94,INF,-1,1,7,0
8420,1,1,-33.399,-11.165,-3.12,-1.04,-3.12,-1.04,INF,-1,1,7,0
8440,0,1,0.000,0.000,0.00,0.00,0.00,0.00,0.00,-1,0,7,0
8460,1,1,-33.028,-10.606,-3.08,-0.99,-3.08,-0.99,INF,-1,0,7,0
8480,0,1,0.000,0.000,0.00,0.00,0.00,0.00,0.00,-1,0,7,0
8500,1,1,-31.786,-9.130,-2.97,-0.85,-2.97,-0.85,INF,-1,0,7,0
8520,1,1,-31.799,-9.415,-2.97,-0.88,-2.97,-0.88,INF,-1,0,7,0
8540,1,1,-33.112,-10.493,-3.09,-0.98,-3.09,-0.98,INF,-1,0,7,0
8560,0,1,0.000,0.000,0.00,0.00,0.00,0.00,0.00,-1,0,7,0
8580,0,1,0.000,0.000,0.00,0.00,0.00,0.00,0.00,-1,0,7,0
8600,0,1,0.000,0.000,0.00,0.00,0.00,0.00,0.00,-1,0,7,0
8620,0,1,0.000,0.000,0.00,0.00,0.00,0.00,0.00,-1,0,7,0
8640,1,1,-75.144,115.626,-6.99,10.60,-6.87,10.68,INF,-1,0,7,0
8660,0,1,0.000,0.000,0.00,0.00,0.00,0.00,0.00,-1,0,7,0
8680,0,1,0.000,0.000,0.00,0.00,0.00,0.00,0.00,-1,0,7,0
8700,0,1,0.000,0.000,0.00,0.00,0.00,0.00,0.00,-1,0,7,0
8720,0,1,0.000,0.000,0.00,0.00,0.00,0.00,0.00,-1,0,7,0
8740,0,1,0.000,0.000,0.00,0.00,0.00,0.00,0.00,-1,0,7,0
8760,0,1,0.000,0.000,0.00,0.00,0.00,0.00,0.00,-1,0,7,0
8780,0,1,0.000,0.000,0.00,0.00,0.00,0.00,0.00,-1,0,7,0
8800,0,1,0.000,0.000,0.00,0.00,0.00,0.00,0.00,-1,0,7,0
8820,0,1,0.000,0.000,0.00,0.00,0.00,0.00,INF,-1,0,7,0
8840,0,1,0.000,0.000,0.00,0.00,0.00,0.00,INF,-1,0,7,0
8860,0,1,0.000,0.000,0.00,0.00,0.00,0.00,0.00,-1,0,7,0
8880,1,1,-53.980,-62.083,-5.03,-5.76,-5.01,-5.78,INF,-1,0,7,0
8900,1,1,-25.803,-17.666,-2.41,-1.65,-2.41,-1.65,INF,-1,0,7,0
8920,1,1,-25.440,-13.518,-2.38,-1.26,-2.38,-1.26,INF,-1,0,7,0
8940,1,1,-21.990,-13.526,-2.05,-1.26,-2.05,-1.26,INF,-1,0,7,0
8960,1,1,-23.950,-12.849,-2.24,-1.20,-2.24,-1.20,INF,-1,0,7,0
8980,1,1,-24.487,-11.121,-2.29,-1.04,-2.29,-1.04,INF,-1,0,7,0
9000,1,1,-25.951,-11.469,-2.42,-1.07,-2.42,-1.07,INF,-1,0,7,0
9020,1,1,-24.962,-12.379,-2.33,-1.16,-2.33,-1.16,INF,-1,0,7,0
9040,1,1,-26.030,-9.996,-2.43,-0.93,-2.43,-0.93,INF,-1,0,7,0
9060,1,1,-24.838,-10.996,-2.32,-1.03,-2.32,-1.03,INF,-1,0,7,0
9080,0,1,0.000,0.000,0.00,0.00,0.00,0.00,0.00,-1,0,7,0
9100,1,1,-27.659,-10.396,-2.58,-0.97,-2.58,-0.97,INF,-1,0,7,0
9120,1,1,-32.739,-11.437,-3.06,-1.07,-3.06,-1.07,INF,-1,0,7,0
9140,1,1,-6.915,-8.601,-0.65,-0.80,-0.65,-0.80,INF,-1,0,7,0
9160,1,1,-7.453,-10.486,-0.70,-0.98,-0.70,-0.98,INF,-1,0,7,0
9180,1,1,-5.234,-9.925,-0.49,-0.93,-0.49,-0.93,INF,-1,0,7,0
9200,1,1,-8.684,-9.658,-0.81,-0.90,-0.81,-0.90,INF,-1,0,7,0
9220,1,1,-8.581,-10.844,-0.80,-1.01,-0.80,-1.01,INF,-1,0,7,0
9240,1,1,-7.842,-10.919,-0.73,-1.02,-0.73,-1.02,INF,-1,1,7,0
9260,1,1,-6.600,-11.467,-0.62,-1.07,-0.62,-1.07,INF,-1,1,7,0
9280,1,1,-8.861,-9.598,-0.83,-0.90,-0.83,-0.90,INF,-1,1,7,0
9300,1,1,-9.336,-9.036,-0.87,-0.84,-0.87,-0.84,INF,-1,1,7,0
9320,1,1,-6.882,-10.704,-0.64,-1.00,-0.64,-1.00,INF,-1,1,7,0
9340,1,1,-8.226,-9.262,-0.77,-0.87,-0.77,-0.87,INF,-1,1,7,0
9360,1,1,-9.672,-11.642,-0.90,-1.09,-0.90,-1.09,INF,-1,1,7,0
9380,1,1,-7.437,-10.077,-0.70,-0.94,-0.69,-0.94,INF,-1,1,7,0
9400,1,1,-16.668,-10.888,-1.56,-1.02,-1.56,-1.02,INF,-1,1,7,0
9420,1,1,-11.317,-9.789,-1.06,-0.91,-1.06,-0.91,INF,-1,1,7,0
9440,1,1,-12.551,-9.946,-1.17,-0.93,-1.17,-0.93,INF,-1,1,7,0
9460,1,1,-12.829,-9.387,-1.20,-0.88,-1.20,-0.88,INF,-1,1,7,0
9480,1,1,-11.674,-10.253,-1.09,-0.96,-1.09,-0.96,INF,-1,1,7,0
9500,1,1,-13.701,-10.517,-1.28,-0.98,-1.28,-0.98,INF,-1,1,7,0
9520,1,1,-11.892,-10.829,-1.11,-1.01,-1.11,-1.01,INF,-1,1,7,0
9540,1,1,-12.524,-9.227,-1.17,-0.86,-1.17,-0.86,INF,-1,1,7,0
9560,1,1,-12.485,-10.016,-1.17,-0.94,-1.17,-0.94,INF,-1,1,7,0
9580,1,1,-12.219,-10.437,-1.14,-0.98,-1.14,-0.98,INF,-1,1,7,0
9600,1,1,-13.146,-9.816,-1.23,-0.92,-1.23,-0.92,INF,-1,1,7,0
9620,1,1,-12.435,-7.727,-1.16,-0.72,-1.16,-0.72,INF,-1,1,7,0
9640,1,1,-12.452,-9.721,-1.16,-0.91,-1.16,-0.91,INF,-1,1,7,0
9660,1,1,-12.739,-9.704,-1.19,-0.91,-1.19,-0.91,INF,-1,1,7,0
9680,1,1,-13.471,-9.881,-1.26,-0.92,-1.26,-0.92,INF,-1,1,7,0
9700,1,1,-12.831,-9.126,-1.20,-0.85,-1.20,-0.85,INF,-1,1,7,0
9720,1,1,-13.736,-8.884,-1.28,-0.83,-1.28,-0.83,INF,-1,1,7,0
9740,1,1,-13.529,-8.586,-1.26,-0.80,-1.26,-0.80,INF,-1,1,7,0
9760,0,1,0.000,0.000,0.00,0.00,0.00,0.00,0.00,-1,1,7,0
9780,1,1,-11.184,-9.194,-1.05,-0.86,-1.05,-0.86,INF,-1,1,7,0
9800,1,1,-14.308,-7.691,-1.34,-0.72,-1.34,-0.72,INF,-1,1,7,0
9820,1,1,-14.747,-8.549,-1.38,-0.80,-1.38,-0.80,INF,-1,1,7,0
9840,1,1,-0.359,-7.584,-0.03,-0.71,-0.03,-0.71,INF,-1,1,7,0
9860,1,1,-2.399,-8.631,-0.22,-0.81,-0.22,-0.81,INF,-1,1,7,0
9880,1,1,-0.723,-8.821,-0.07,-0.82,-0.07,-0.82,INF,-1,0,7,0
9900,1,1,-1.703,-8.273,-0.16,-0.77,-0.16,-0.77,INF,-1,0,7,0
9920,1,1,-2.386,-7.151,-0.22,-0.67,-0.22,-0.67,INF,-1,0,7,0
9940,1,1,-0.983,-8.494,-0.09,-0.79,-0.09,-0.79,INF,-1,0,7,0
9960,1,1,0.764,-7.201,0.07,-0.67,0.07,-0.67,INF,-1,0,7,0
9980,1,1,-2.255,-9.008,-0.21,-0.84,-0.21,-0.84,INF,-1,0,7,0
10000,1,1,-0.158,-7.542,-0.01,-0.70,-0.01,-0.70,INF,-1,0,7,0
10020,1,1,-0.782,-9.386,-0.07,-0.88,-0.07,-0.88,INF,-1,0,7,0
10040,1,1,-3.007,-7.039,-0.28,-0.66,-0.28,-0.66,INF,-1,0,7,0
10060,1,1,-2.487,-7.804,-0.23,-0.73,-0.23,-0.73,INF,-1,0,7,0
10080,1,1,-1.507,-7.021,-0.14,-0.66,-0.14,-0.66,INF,-1,0,7,0
10100,1,1,1.073,-8.200,0.10,-0.77,0.10,-0.77,INF,-1,0,7,0
10120,1,1,0.994,-7.767,0.09,-0.73,0.09,-0.73,INF,-1,1,7,0
10140,1,1,-0.211,-8.212,-0.02,-0.77,-0.02,-0.77,INF,-1,1,7,0
10160,1,1,0.692,-6.767,0.06,-0.63,0.06,-0.63,INF,-1,1,7,0
10180,1,1,-0.424,-7.225,-0.04,-0.68,-0.04,-0.68,INF,-1,1,7,0
10200,1,1,-2.605,-7.642,-0.24,-0.71,-0.24,-0.71,INF,-1,1,7,0
10220,1,1,-1.892,-8.159,-0.18,-0.76,-0.18,-0.76,INF,-1,1,7,0
10240,1,1,-0.645,-6.583,-0.06,-0.62,-0.06,-0.62,INF,-1,1,7,0
10260,1,1,8.176,-7.308,0.76,-0.68,0.76,-0.68,INF,-1,1,7,0
10280,1,1,7.822,-6.584,0.73,-0.62,0.73,-0.62,INF,-1,1,7,0
10300,1,1,10.486,-6.930,0.98,-0.65,0.98,-0.65,INF,-1,1,7,0
10320,1,1,8.657,-8.283,0.81,-0.77,0.81,-0.77,INF,-1,1,7,0
10340,1,1,11.253,-5.815,1.05,-0.54,1.05,-0.54,INF,-1,1,7,0
10360,1,1,8.781,-6.726,0.82,-0.63,0.82,-0.63,INF,-1,1,7,0
10380,1,1,10.732,-7.011,1.00,-0.66,1.00,-0.66,INF,-1,1,7,0
10400,1,1,9.247,-8.539,0.86,-0.80,0.86,-0.80,INF,-1,1,7,0
10420,1,1,9.587,-7.090,0.90,-0.66,0.90,-0.66,INF,-1,0,7,0
10440,1,1,10.473,-7.476,0.98,-0.70,0.98,-0.70,INF,-1,0,7,0
10460,1,1,9.670,-7.545,0.90,-0.71,0.90,-0.71,INF,-1,0,7,0
10480,1,1,10.593,-7.848,0.99,-0.73,0.99,-0.73,INF,-1,0,7,0
10500,1,1,11.207,-9.324,1.05,-0.87,1.05,-0.87,INF,-1,0,7,0
10520,1,1,9.824,-8.110,0.92,-0.76,0.92,-0.76,INF,-1,0,7,0
10540,1,1,9.579,-9.048,0.90,-0.85,0.90,-0.85,INF,-1,0,7,0
10560,1,1,12.744,-8.711,1.19,-0.81,1.19,-0.81,INF,-1,0,7,0
10580,1,1,11.005,-8.140,1.03,-0.76,1.03,-0.76,INF,-1,0,7,0
10600,1,1,10.908,-8.505,1.02,-0.79,1.02,-0.79,INF,-1,0,7,0
10620,1,1,12.344,-10.675,1.15,-1.00,1.15,-1.00,INF,-1,0,7,0
10640,1,1,9.503,-9.448,0.89,-0.88,0.89,-0.88,INF,-1,0,7,0
10660,1,1,11.795,-10.467,1.10,-0.98,1.10,-0.98,INF,-1,1,7,0
10680,1,1,10.318,-9.927,0.96,-0.93,0.96,-0.93,INF,-1,1,7,0
10700,1,1,16.329,-11.226,1.53,-1.05,1.53,-1.05,INF,-1,1,7,0
10720,1,1,18.295,-10.625,1.71,-0.99,1.71,-0.99,INF,-1,1,7,0
10740,1,1,17.347,-12.395,1.62,-1.16,1.62,-1.16,INF,-1,1,7,0
10760,1,1,20.139,-10.894,1.88,-1.02,1.88,-1.02,INF,-1,1,7,0
10780,1,1,18.792,-12.013,1.76,-1.12,1.76,-1.12,INF,-1,1,7,0
10800,1,1,18.270,-10.599,1.71,-0.99,1.71,-0.99,INF,-1,1,7,0
10820,1,1,20.768,-11.188,1.94,-1.04,1.94,-1.05,INF,-1,1,7,0
10840,1,1,17.323,-10.754,1.62,-1.00,1.62,-1.01,INF,-1,1,7,0
10860,1,1,19.661,-11.978,1.84,-1.12,1.84,-1.12,INF,-1,1,7,0
10880,1,1,16.547,-10.828,1.55,-1.01,1.55,-1.01,INF,-1,1,7,0
10900,1,1,16.490,-11.354,1.54,-1.06,1.54,-1.06,INF,-1,1,7,0
10920,1,1,19.194,-12.006,1.79,-1.12,1.79,-1.12,INF,-1,1,7,0
10940,1,1,18.132,-11.093,1.69,-1.04,1.69,-1.04,INF,-1,1,7,0
10960,1,1,18.756,-10.156,1.75,-0.95,1.75,-0.95,INF,-1,1,7,0
10980,1,1,20.733,-10.558,1.94,-0.99,1.94,-0.99,INF,-1,1,7,0
11000,1,1,18.912,-11.618,1.77,-1.09,1.77,-1.09,INF,-1,1,7,0
11020,1,1,18.372,-11.337,1.72,-1.06,1.72,-1.06,INF,-1,1,7,0
11040,1,1,18.567,-11.389,1.73,-1.06,1.73,-1.06,INF,-1,1,7,0
11060,1,1,19.219,-12.102,1.80,-1.13,1.80,-1.13,INF,-1,1,7,0
11080,1,1,18.426,-11.065,1.72,-1.03,1.72,-1.03,INF,-1,1,7,0
11100,1,1,17.988,-11.156,1.68,-1.04,1.68,-1.04,INF,-1,1,7,0
11120,1,1,18.872,-12.242,1.76,-1.14,1.76,-1.14,INF,-1,1,7,0
11140,1,1,19.777,-11.727,1.85,-1.10,1.85,-1.10,INF,-1,1,7,0
11160,1,1,26.285,-10.344,2.46,-0.97,2.45,-0.97,INF,-1,1,7,0
11180,1,1,40.382,-10.587,3.77,-0.99,3.77,-0.99,INF,-1,1,7,0
11200,1,1,39.275,-10.144,3.67,-0.95,3.67,-0.95,INF,-1,0,7,0
11220,1,1,40.476,-11.362,3.78,-1.06,3.78,-1.06,INF,-1,0,7,0
11240,1,1,41.417,-10.628,3.87,-0.99,3.86,-0.99,INF,-1,0,7,0
11260,1,1,41.554,-10.331,3.88,-0.96,3.88,-0.97,INF,-1,0,7,0
11280,1,1,42.234,-9.446,3.94,-0.88,3.94,-0.88,INF,-1,0,7,0
11300,1,1,41.418,-10.204,3.87,-0.95,3.86,-0.95,INF,-1,0,7,0
11320,1,1,41.053,-8.970,3.83,-0.84,3.83,-0.84,INF,-1,0,7,0
11340,1,1,40.377,-9.802,3.77,-0.91,3.77,-0.92,INF,-1,0,7,0
11360,1,1,40.794,-9.722,3.81,-0.91,3.81,-0.91,INF,-1,0,7,0
11380,1,1,44.278,-7.850,4.13,-0.73,4.13,-0.73,INF,-1,0,7,0
11400,1,1,45.584,-8.414,4.25,-0.78,4.25,-0.79,INF,-1,0,7,0
11420,1,1,46.686,-9.786,4.36,-0.91,4.35,-0.91,INF,-1,0,7,0
11440,1,1,45.213,-8.994,4.22,-0.84,4.22,-0.84,INF,-1,0,7,0
11460,1,1,45.699,-8.479,4.26,-0.79,4.26,-0.79,INF,-1,1,7,0
11480,1,1,46.205,-9.486,4.31,-0.88,4.31,-0.89,INF,-1,1,7,0
11500,1,1,46.947,-9.788,4.38,-0.91,4.38,-0.91,INF,-1,1,7,0
11520,1,1,47.639,-9.848,4.44,-0.92,4.44,-0.92,INF,-1,1,7,0
11540,1,1,45.626,-8.938,4.26,-0.83,4.26,-0.84,INF,-1,1,7,0
11560,1,1,48.644,-9.297,4.54,-0.87,4.54,-0.87,INF,-1,1,7,0
11580,1,1,47.683,-9.710,4.45,-0.90,4.45,-0.91,INF,-1,1,7,0
11600,1,1,47.701,-10.727,4.45,-1.00,4.45,-1.00,INF,-1,1,7,0
11620,1,1,46.012,-7.972,4.29,-0.74,4.29,-0.75,INF,-1,1,7,0
11640,1,1,47.629,-8.288,4.44,-0.77,4.44,-0.77,INF,-1,1,7,0
11660,1,1,46.475,-8.998,4.34,-0.84,4.34,-0.84,INF,-1,1,7,0
11680,1,1,47.548,-8.902,4.44,-0.83,4.43,-0.83,INF,-1,1,7,0
11700,1,1,45.794,-7.847,4.27,-0.73,4.27,-0.73,INF,-1,1,7,0
11720,1,1,41.749,-4.927,3.90,-0.46,3.90,-0.46,INF,-1,1,7,0
11740,1,1,41.768,-6.930,3.90,-0.65,3.90,-0.65,INF,-1,1,7,0
11760,1,1,40.133,-6.738,3.75,-0.63,3.75,-0.63,INF,-1,1,7,0
11780,1,1,40.438,-6.235,3.77,-0.58,3.77,-0.58,INF,-1,1,7,0
11800,1,1,41.032,-5.872,3.83,-0.55,3.83,-0.55,INF,-1,1,7,0
11820,1,1,42.357,-7.129,3.95,-0.66,3.95,-0.67,INF,-1,1,7,0
11840,1,1,42.922,-7.073,4.01,-0.66,4.00,-0.66,INF,-1,1,7,0
11860,1,1,41.552,-7.964,3.88,-0.74,3.88,-0.74,INF,-1,1,7,0
11880,1,1,40.974,-5.281,3.82,-0.49,3.82,-0.49,INF,-1,1,7,0
11900,1,1,41.758,-7.485,3.90,-0.70,3.90,-0.70,INF,-1,1,7,0
11920,1,1,40.634,-6.082,3.79,-0.57,3.79,-0.57,INF,-1,1,7,0
11940,1,1,40.616,-6.451,3.79,-0.60,3.79,-0.60,INF,-1,1,7,0
11960,1,1,41.681,-7.204,3.89,-0.67,3.89,-0.67,INF,-1,1,7,0
11980,1,1,40.831,-4.844,3.81,-0.45,3.81,-0.45,INF,-1,1,7,0
12000,1,1,40.655,-5.010,3.79,-0.47,3.79,-0.47,INF,-1,1,7,0
12020,1,1,42.073,-5.834,3.93,-0.54,3.93,-0.55,INF,-1,1,7,0
12040,1,1,41.611,-5.279,3.88,-0.49,3.88,-0.49,INF,-1,1,7,0
12060,1,1,38.817,-3.370,3.62,-0.31,3.62,-0.31,INF,-1,1,7,0
12080,1,1,39.009,-4.663,3.64,-0.43,3.64,-0.44,INF,-1,1,7,0
12100,1,1,40.535,-5.664,3.78,-0.53,3.78,-0.53,INF,-1,1,7,0
12120,1,1,38.880,-6.204,3.63,-0.58,3.63,-0.58,INF,-1,1,7,0
12140,1,1,39.208,-6.668,3.66,-0.62,3.66,-0.62,INF,-1,1,7,0
12160,1,1,42.259,-5.793,3.94,-0.54,3.94,-0.54,INF,-1,1,7,0
12180,1,1,42.738,-5.929,3.99,-0.55,3.99,-0.55,INF,-1,1,7,0
12200,1,1,41.848,-5.576,3.91,-0.52,3.91,-0.52,INF,-1,1,7,0
12220,1,1,40.265,-5.687,3.76,-0.53,3.76,-0.53,INF,-1,1,7,0
12240,1,1,39.064,-7.096,3.65,-0.66,3.65,-0.66,INF,-1,1,7,0
12260,1,1,41.015,-7.131,3.83,-0.66,3.83,-0.67,INF,-1,1,7,0
12280,1,1,40.562,-6.238,3.79,-0.58,3.79,-0.58,INF,-1,1,7,0
12300,1,1,42.056,-6.564,3.92,-0.61,3.92,-0.61,INF,-1,1,7,0
12320,1,1,50.030,-15.293,4.67,-1.42,4.66,-1.43,INF,-1,1,7,0
12340,1,1,49.949,-13.423,4.66,-1.25,4.66,-1.25,INF,-1,1,7,0
12360,1,1,48.903,-14.022,4.56,-1.31,4.56,-1.31,INF,-1,1,7,0
12380,1,1,50.258,-14.245,4.69,-1.33,4.69,-1.33,INF,-1,1,7,0
12400,1,1,49.172,-14.288,4.59,-1.33,4.58,-1.34,INF,-1,1,7,0
12420,1,1,48.924,-13.682,4.56,-1.27,4.56,-1.28,INF,-1,1,7,0
12440,1,1,50.737,-14.492,4.73,-1.35,4.73,-1.35,INF,-1,1,7,0
12460,1,1,49.781,-12.695,4.64,-1.18,4.64,-1.19,INF,-1,1,7,0
12480,1,1,52.401,-13.557,4.89,-1.26,4.88,-1.27,INF,-1,1,7,0
12500,1,1,32.280,-2.342,3.01,-0.22,3.01,-0.22,INF,-1,1,7,0
12520,1,1,33.441,3.496,3.12,0.33,3.12,0.33,INF,-1,0,7,0
12540,1,1,31.685,3.700,2.96,0.35,2.96,0.35,INF,-1,0,7,0
12560,1,1,34.915,2.271,3.26,0.21,3.26,0.21,INF,-1,0,7,0
12580,1,1,30.551,3.202,2.85,0.30,2.85,0.30,INF,-1,0,7,0
12600,1,1,30.876,2.769,2.88,0.26,2.88,0.26,INF,-1,0,7,0
12620,1,1,32.155,1.898,3.00,0.18,3.00,0.18,INF,-1,0,7,0
12640,1,1,31.528,1.748,2.94,0.16,2.94,0.16,INF,-1,0,7,0
12660,1,1,32.163,3.097,3.00,0.29,3.00,0.29,INF,-1,0,7,0
12680,1,1,33.486,2.350,3.13,0.22,3.13,0.22,INF,-1,0,7,0
12700,1,1,34.015,2.870,3.18,0.27,3.18,0.27,INF,-1,0,7,0
12720,1,1,27.203,5.381,2.54,0.50,2.54,0.50,INF,-1,0,7,0
12740,1,1,19.290,20.975,1.80,1.96,1.80,1.96,INF,-1,0,7,0
12760,1,1,19.161,18.371,1.79,1.72,1.79,1.72,INF,-1,0,7,0
12780,1,1,17.626,19.440,1.65,1.82,1.65,1.82,INF,-1,0,7,0
12800,1,1,18.711,18.790,1.75,1.75,1.75,1.76,INF,-1,0,7,0
12820,1,1,19.231,19.250,1.80,1.80,1.80,1.80,INF,-1,0,7,0
12840,1,1,18.929,18.125,1.77,1.69,1.77,1.69,INF,-1,0,7,0
12860,1,1,19.132,20.508,1.79,1.92,1.79,1.92,INF,-1,0,7,0
12880,1,1,18.947,17.135,1.77,1.60,1.77,1.60,INF,-1,1,7,0
12900,1,1,17.371,19.462,1.62,1.82,1.62,1.82,INF,-1,1,7,0
12920,1,1,16.977,20.718,1.59,1.94,1.59,1.94,INF,-1,1,7,0
12940,1,1,14.736,18.830,1.38,1.76,1.38,1.76,INF,-1,0,7,0
12960,1,1,15.905,19.081,1.49,1.78,1.49,1.78,INF,-1,0,7,0
12980,1,1,14.972,20.144,1.40,1.88,1.40,1.88,INF,-1,0,7,0
13000,1,1,17.917,20.160,1.67,1.88,1.67,1.88,INF,-1,0,7,0
13020,1,1,16.372,19.049,1.53,1.78,1.53,1.78,INF,-1,0,7,0
13040,1,1,14.261,22.139,1.33,2.07,1.33,2.07,INF,-1,0,7,0
13060,1,1,11.302,22.143,1.06,2.07,1.06,2.07,INF,-1,0,7,0
13080,1,1,12.761,22.369,1.19,2.09,1.19,2.09,INF,-1,0,7,0
13100,1,1,9.514,22.561,0.89,2.11,0.89,2.11,INF,-1,0,7,0
13120,1,1,14.009,23.370,1.31,2.18,1.31,2.18,INF,-1,0,7,0
13140,1,1,13.771,22.357,1.29,2.09,1.29,2.09,INF,-1,0,7,0
13160,1,1,12.085,22.755,1.13,2.13,1.13,2.13,INF,-1,0,7,0
13180,1,1,11.393,23.653,1.06,2.21,1.06,2.21,INF,-1,1,7,0
13200,1,1,13.029,22.852,1.22,2.13,1.22,2.13,INF,-1,1,7,0
13220,1,1,11.600,23.103,1.08,2.16,1.08,2.16,INF,-1,1,7,0
13240,1,1,10.345,22.743,0.97,2.12,0.97,2.12,INF,-1,1,7,0
13260,1,1,10.499,23.532,0.98,2.20,0.98,2.20,INF,-1,1,7,0
13280,1,1,12.415,21.813,1.16,2.04,1.16,2.04,INF,-1,1,7,0
13300,1,1,10.772,21.684,1.01,2.03,1.01,2.03,INF,-1,1,7,0
13320,1,1,14.276,23.007,1.33,2.15,1.33,2.15,INF,-1,1,7,0
13340,1,1,11.091,22.672,1.04,2.12,1.04,2.12,INF,-1,1,7,0
13360,1,1,12.301,25.668,1.15,2.40,1.15,2.40,INF,-1,1,7,0
13380,1,1,17.895,30.447,1.67,2.84,1.67,2.84,INF,-1,1,7,0
13400,1,1,19.818,29.407,1.85,2.75,1.85,2.75,INF,-1,1,7,0
13420,1,1,18.107,29.323,1.69,2.74,1.69,2.74,INF,-1,1,7,0
13440,1,1,18.753,30.566,1.75,2.85,1.75,2.85,INF,-1,1,7,0
13460,1,1,15.423,30.290,1.44,2.83,1.44,2.83,INF,-1,1,7,0
13480,1,1,17.447,29.689,1.63,2.77,1.63,2.77,INF,-1,1,7,0
13500,1,1,16.695,30.104,1.56,2.81,1.56,2.81,INF,-1,1,7,0
13520,1,1,17.208,31.002,1.61,2.89,1.61,2.90,INF,-1,1,7,0
13540,1,1,17.944,30.444,1.68,2.84,1.67,2.84,INF,-1,1,7,0
13560,1,1,15.902,32.349,1.49,3.02,1.48,3.02,INF,-1,1,7,0
13580,1,1,16.524,29.918,1.54,2.79,1.54,2.79,INF,-1,1,7,0
13600,1,1,16.944,30.270,1.58,2.83,1.58,2.83,INF,-1,1,7,0
13620,1,1,15.231,29.764,1.42,2.78,1.42,2.78,INF,-1,1,7,0
13640,1,1,16.646,30.726,1.56,2.87,1.55,2.87,INF,-1,1,7,0
13660,1,1,11.481,30.656,1.07,2.86,1.07,2.86,INF,-1,1,7,0
13680,1,1,5.233,32.574,0.49,3.04,0.49,3.04,INF,-1,1,7,0
13700,1,1,5.324,30.370,0.50,2.84,0.50,2.84,INF,-1,1,7,0
13720,1,1,1.213,30.944,0.11,2.89,0.11,2.89,INF,-1,0,7,0
13740,1,1,0.811,29.881,0.08,2.79,0.08,2.79,INF,-1,0,7,0
13760,1,1,1.702,30.394,0.16,2.84,0.16,2.84,INF,-1,0,7,0
13780,1,1,0.584,31.660,0.05,2.96,0.05,2.96,INF,-1,0,7,0
13800,1,1,1.611,28.260,0.15,2.64,0.15,2.64,INF,-1,0,7,0
13820,1,1,1.273,29.965,0.12,2.80,0.12,2.80,INF,-1,0,7,0
13840,1,1,3.126,31.606,0.29,2.95,0.29,2.95,INF,-1,0,7,0
13860,1,1,2.061,30.774,0.19,2.87,0.19,2.87,INF,-1,0,7,0
13880,1,1,3.092,30.057,0.29,2.81,0.29,2.81,INF,-1,0,7,0
13900,1,1,2.062,28.619,0.19,2.67,0.19,2.67,INF,-1,0,7,0
13920,1,1,1.849,30.515,0.17,2.85,0.17,2.85,INF,-1,0,7,0
13940,1,1,2.230,31.134,0.21,2.91,0.21,2.91,INF,-1,0,7,0
13960,1,1,-12.541,28.042,-1.17,2.62,-1.17,2.62,INF,-1,1,7,0
13980,1,1,-42.456,22.798,-3.96,2.12,-3.96,2.13,INF,-1,1,7,0
14000,1,1,-35.776,24.440,-3.34,2.28,-3.34,2.28,INF,-1,0,7,0
14020,1,1,-36.572,23.213,-3.41,2.16,-3.41,2.17,INF,-1,0,7,0
14040,1,1,-35.218,23.138,-3.29,2.16,-3.29,2.16,INF,-1,0,7,0
14060,1,1,-36.426,24.433,-3.40,2.28,-3.40,2.28,INF,-1,0,7,0
14080,1,1,-35.366,23.344,-3.30,2.18,-3.30,2.18,INF,-1,0,7,0
14100,1,1,-38.108,24.917,-3.56,2.32,-3.55,2.33,INF,-1,0,7,0
14120,1,1,-37.319,24.115,-3.48,2.25,-3.48,2.25,INF,-1,0,7,0
14140,1,1,-36.323,24.546,-3.39,2.29,-3.39,2.29,INF,-1,0,7,0
14160,1,1,-34.068,23.100,-3.18,2.15,-3.18,2.16,INF,-1,0,7,0
14180,1,1,-36.488,24.506,-3.41,2.29,-3.40,2.29,INF,-1,0,7,0
14200,1,1,-34.674,24.093,-3.24,2.25,-3.23,2.25,INF,-1,0,7,0
14220,1,1,-36.117,24.772,-3.37,2.31,-3.37,2.31,INF,-1,0,7,0
14240,1,1,-34.994,23.746,-3.27,2.21,-3.26,2.22,INF,-1,0,7,0
14260,1,1,-35.853,23.847,-3.35,2.22,-3.34,2.23,INF,-1,1,7,0
14280,1,1,-34.534,23.891,-3.22,2.23,-3.22,2.23,INF,-1,1,7,0
14300,1,1,-46.030,25.583,-4.29,2.38,-4.29,2.39,INF,-1,1,7,0
14320,1,1,-43.748,24.964,-4.08,2.33,-4.08,2.33,INF,-1,1,7,0
14340,1,1,-42.252,24.202,-3.94,2.26,-3.94,2.26,INF,-1,1,7,0
14360,1,1,-43.163,24.742,-4.03,2.31,-4.02,2.31,INF,-1,1,7,0
14380,1,1,-43.725,22.882,-4.08,2.13,-4.08,2.14,INF,-1,1,7,0
14400,1,1,-41.884,25.183,-3.91,2.35,-3.91,2.35,INF,-1,1,7,0
14420,1,1,-42.397,24.348,-3.96,2.27,-3.95,2.27,INF,-1,1,7,0
14440,1,1,-42.675,24.725,-3.98,2.30,-3.98,2.31,INF,-1,1,7,0
14460,1,1,-40.745,25.950,-3.80,2.42,-3.80,2.42,INF,-1,1,7,0
14480,1,1,-41.003,24.724,-3.83,2.30,-3.82,2.31,INF,-1,1,7,0
14500,1,1,-43.488,26.080,-4.06,2.43,-4.05,2.44,INF,-1,1,7,0
14520,1,1,-41.488,24.857,-3.87,2.32,-3.87,2.32,INF,-1,1,7,0
14540,1,1,-40.510,24.798,-3.78,2.31,-3.78,2.32,INF,-1,1,7,0
14560,1,1,-42.359,25.941,-3.95,2.42,-3.95,2.42,INF,-1,1,7,0
14580,1,1,-42.191,26.452,-3.94,2.47,-3.93,2.47,INF,-1,1,7,0
14600,1,1,-40.937,23.761,-3.82,2.21,-3.82,2.22,INF,-1,1,7,0
14620,1,1,-43.094,26.098,-4.02,2.43,-4.02,2.44,INF,-1,1,7,0
14640,1,1,-40.960,25.264,-3.82,2.35,-3.82,2.36,INF,-1,1,7,0
14660,1,1,-41.422,26.115,-3.87,2.43,-3.86,2.44,INF,-1,1,7,0
14680,1,1,-40.363,24.463,-3.77,2.28,-3.76,2.29,INF,-1,1,7,0
14700,1,1,-41.632,23.884,-3.89,2.23,-3.88,2.23,INF,-1,1,7,0
14720,1,1,-39.793,24.331,-3.71,2.27,-3.71,2.27,INF,-1,1,7,0
14740,1,1,-41.882,23.588,-3.91,2.20,-3.91,2.20,INF,-1,1,7,0
14760,1,1,-39.373,23.485,-3.68,2.19,-3.67,2.19,INF,-1,1,7,0
14780,0,1,0.000,0.000,0.00,0.00,0.00,0.00,0.00,-1,1,7,0
14800,1,1,-43.157,24.650,-4.03,2.30,-4.02,2.30,INF,-1,1,7,0
14820,1,1,-43.289,24.851,-4.04,2.32,-4.04,2.32,INF,-1,1,7,0
14840,1,1,-42.192,24.154,-3.94,2.25,-3.93,2.26,INF,-1,1,7,0
14860,1,1,-43.225,23.677,-4.03,2.21,-4.03,2.21,INF,-1,1,7,0
14880,1,1,-41.788,22.934,-3.90,2.14,-3.90,2.14,INF,-1,1,7,0
14900,1,1,-43.446,24.670,-4.05,2.30,-4.05,2.30,INF,-1,1,7,0
14920,1,1,-43.782,24.201,-4.09,2.26,-4.08,2.26,INF,-1,1,7,0
14940,1,1,-42.013,23.433,-3.92,2.18,-3.92,2.19,INF,-1,1,7,0
14960,1,1,-39.385,23.753,-3.68,2.21,-3.67,2.22,INF,-1,1,7,0
14980,1,1,-42.390,23.494,-3.96,2.19,-3.95,2.19,INF,-1,1,7,0
15000,1,1,-43.724,22.683,-4.08,2.11,-4.08,2.12,INF,-1,1,7,0
15020,1,1,-43.807,22.915,-4.09,2.14,-4.08,2.14,INF,-1,1,7,0
