"EyeTracker Toolbox version","3.250"
CalibrationParameters_A11,1.46480
CalibrationParameters_A12,0.08557
CalibrationParameters_A13,-0.02720
CalibrationParameters_A21,0.11837
CalibrationParameters_A22,-1.28454
CalibrationParameters_A23,0.03662
CalibrationParameters_A31,-0.00249
CalibrationParameters_A32,-0.02092
CalibrationParameters_E11,-0.18009
CalibrationParameters_E12,-0.00063
CalibrationParameters_E21,-0.00006
CalibrationParameters_E22,0.20005
CalibrationParameters_X,-67.26450
CalibrationParameters_Y,-52.43108
CalibrationParameters_Rpc,98.90492
CalibrationParameters_MeanX,119.93084
CalibrationParameters_MeanY,159.57291
CalibrationParameters_ViewDist,613.00000
TimeStamp,Tracked,Calibrated,ScreenPositionXmm,ScreenPositionYmm,FicksLongitude,FicksLatitude,HelmholtzAzimuth,HelmholtzElevation,PupilDiameter,Region,Fixation,DigitalIO,Dropped
0,1,1,22.852,13.881,2.13,1.30,2.13,1.30,INF,-1,0,7,0
20,1,1,23.502,13.115,2.20,1.22,2.20,1.23,INF,-1,0,7,0
40,1,1,17.853,13.383,1.67,1.25,1.67,1.25,INF,-1,0,7,0
60,0,1,0.000,0.000,0.00,0.00,0.00,0.00,0.00,-1,0,7,0
80,1,1,1.189,21.244,0.11,1.98,0.11,1.98,INF,-1,0,7,0
100,1,1,4.561,9.388,0.43,0.88,0.43,0.88,INF,-1,0,7,0
120,1,1,4.929,10.673,0.46,1.00,0.46,1.00,INF,-1,0,7,0
140,1,1,5.475,10.836,0.51,1.01,0.51,1.01,INF,-1,0,7,0
160,1,1,4.953,8.326,0.46,0.78,0.46,0.78,INF,-1,0,7,0
180,1,1,4.726,9.740,0.44,0.91,0.44,0.91,INF,-1,0,7,0
200,1,1,3.543,10.110,0.33,0.94,0.33,0.94,INF,-1,0,7,0
220,1,1,4.079,9.339,0.38,0.87,0.38,0.87,INF,-1,0,7,0
240,0,1,0.000,0.000,0.00,0.00,0.00,0.00,0.00,-1,0,7,0
260,1,1,6.723,8.490,0.63,0.79,0.63,0.79,INF,-1,0,7,0
280,1,1,-24.071,-0.764,-2.25,-0.07,-2.25,-0.07,INF,-1,0,7,0
300,0,1,0.000,0.000,0.00,0.00,0.00,0.00,0.00,-1,0,7,0
320,1,1,-24.249,-3.259,-2.27,-0.30,-2.27,-0.30,INF,-1,0,7,0
340,1,1,-24.809,-4.769,-2.32,-0.45,-2.32,-0.45,INF,-1,0,7,0
360,1,1,-24.618,-5.509,-2.30,-0.51,-2.30,-0.51,INF,-1,0,7,0
380,1,1,-25.047,-6.552,-2.34,-0.61,-2.34,-0.61,INF,-1,0,7,0
400,1,1,-22.941,-6.288,-2.14,-0.59,-2.14,-0.59,INF,-1,0,7,0
420,1,1,-23.735,-6.535,-2.22,-0.61,-2.22,-0.61,INF,-1,0,7,0
440,0,1,0.000,0.000,0.00,0.00,0.00,0.00,0.00,-1,0,7,0
460,1,1,-90.533,138.412,-8.40,12.59,-8.20,12.72,INF,-1,0,7,0
480,1,1,-22.436,-7.770,-2.10,-0.73,-2.10,-0.73,INF,-1,1,7,0
500,1,1,-22.591,-7.040,-2.11,-0.66,-2.11,-0.66,INF,-1,1,7,0
520,1,1,-21.399,-8.788,-2.00,-0.82,-2.00,-0.82,INF,-1,1,7,0
540,1,1,-22.497,-8.635,-2.10,-0.81,-2.10,-0.81,INF,-1,1,7,0
560,1,1,-22.413,-7.605,-2.09,-0.71,-2.09,-0.71,INF,-1,1,7,0
580,1,1,-24.610,-7.601,-2.30,-0.71,-2.30,-0.71,INF,-1,1,7,0
600,1,1,-24.956,-6.518,-2.33,-0.61,-2.33,-0.61,INF,-1,1,7,0
620,1,1,-25.537,-7.153,-2.39,-0.67,-2.39,-0.67,INF,-1,1,7,0
640,1,1,-23.536,-7.100,-2.20,-0.66,-2.20,-0.66,INF,-1,1,7,0
660,1,1,-29.348,-8.021,-2.74,-0.75,-2.74,-0.75,INF,-1,1,7,0
680,1,1,-38.077,-15.801,-3.55,-1.47,-3.55,-1.48,INF,-1,1,7,0
700,0,1,0.000,0.000,0.00,0.00,0.00,0.00,0.00,-1,1,7,0
720,1,1,-37.133,-13.464,-3.47,-1.26,-3.47,-1.26,INF,-1,1,7,0
740,1,1,-37.330,-15.457,-3.48,-1.44,-3.48,-1.44,INF,-1,0,7,0
760,1,1,-36.420,-15.063,-3.40,-1.41,-3.40,-1.41,INF,-1,0,7,0
780,1,1,-37.050,-15.013,-3.46,-1.40,-3.46,-1.40,INF,-1,0,7,0
800,1,1,-35.635,-15.848,-3.33,-1.48,-3.33,-1.48,INF,-1,0,7,0
820,0,1,0.000,0.000,0.00,0.00,0.00,0.00,0.00,-1,0,7,0
840,1,1,-35.775,-15.042,-3.34,-1.40,-3.34,-1.41,INF,-1,0,7,0
860,1,1,-36.063,-15.153,-3.37,-1.41,-3.37,-1.42,INF,-1,0,7,0
880,1,1,-38.036,-14.666,-3.55,-1.37,-3.55,-1.37,INF,-1,0,7,0
900,1,1,-36.887,-14.690,-3.44,-1.37,-3.44,-1.37,INF,-1,0,7,0
920,1,1,-41.514,-21.183,-3.87,-1.97,-3.87,-1.98,INF,-1,0,7,0
940,1,1,-41.085,-18.776,-3.83,-1.75,-3.83,-1.75,INF,-1,0,7,0
960,1,1,-41.985,-19.075,-3.92,-1.78,-3.92,-1.78,INF,-1,1,7,0
980,1,1,-38.169,-20.129,-3.56,-1.88,-3.56,-1.88,INF,-1,1,7,0
1000,1,1,-40.992,-20.629,-3.83,-1.92,-3.82,-1.93,INF,-1,1,7,0
1020,1,1,-42.132,-19.940,-3.93,-1.86,-3.93,-1.86,INF,-1,1,7,0
1040,1,1,-40.455,-19.611,-3.78,-1.83,-3.77,-1.83,INF,-1,1,7,0
1060,1,1,-39.803,-20.402,-3.72,-1.90,-3.71,-1.91,INF,-1,1,7,0
1080,1,1,-40.938,-21.616,-3.82,-2.02,-3.82,-2.02,INF,-1,1,7,0
1100,1,1,-40.852,-19.457,-3.81,-1.81,-3.81,-1.82,INF,-1,1,7,0
1120,1,1,-41.111,-18.419,-3.84,-1.72,-3.84,-1.72,INF,-1,1,7,0
1140,1,1,-41.821,-19.818,-3.90,-1.85,-3.90,-1.85,INF,-1,1,7,0
1160,1,1,-41.171,-19.474,-3.84,-1.82,-3.84,-1.82,INF,-1,1,7,0
1180,1,1,-41.505,-20.121,-3.87,-1.88,-3.87,-1.88,INF,-1,1,7,0
1200,1,1,-43.818,-22.328,-4.09,-2.08,-4.09,-2.09,INF,-1,1,7,0
1220,1,1,-24.601,-33.536,-2.30,-3.13,-2.29,-3.13,INF,-1,1,7,0
1240,1,1,-26.748,-34.245,-2.50,-3.19,-2.49,-3.20,INF,-1,1,7,0
1260,1,1,-23.644,-33.882,-2.21,-3.16,-2.21,-3.16,INF,-1,0,7,0
1280,1,1,-25.425,-33.622,-2.38,-3.14,-2.37,-3.14,INF,-1,0,7,0
1300,1,1,-24.872,-33.564,-2.32,-3.13,-2.32,-3.13,INF,-1,0,7,0
1320,1,1,-25.293,-33.718,-2.36,-3.15,-2.36,-3.15,INF,-1,0,7,0
1340,1,1,-25.057,-34.331,-2.34,-3.20,-2.34,-3.21,INF,-1,0,7,0
1360,1,1,-22.075,-34.090,-2.06,-3.18,-2.06,-3.18,INF,-1,0,7,0
1380,1,1,-24.561,-34.697,-2.29,-3.24,-2.29,-3.24,INF,-1,0,7,0
1400,1,1,-26.003,-34.138,-2.43,-3.18,-2.43,-3.19,INF,-1,0,7,0
1420,1,1,-23.798,-33.953,-2.22,-3.17,-2.22,-3.17,INF,-1,0,7,0
1440,1,1,-23.062,-35.600,-2.15,-3.32,-2.15,-3.32,INF,-1,0,7,0
1460,1,1,-15.651,-38.238,-1.46,-3.57,-1.46,-3.57,INF,-1,0,7,0
1480,1,1,-16.521,-37.489,-1.54,-3.50,-1.54,-3.50,INF,-1,0,7,0
1500,1,1,-16.510,-39.162,-1.54,-3.65,-1.54,-3.66,INF,-1,1,7,0
1520,1,1,-17.718,-37.849,-1.66,-3.53,-1.65,-3.53,INF,-1,1,7,0
1540,1,1,-16.874,-37.397,-1.58,-3.49,-1.57,-3.49,INF,-1,1,7,0
1560,1,1,-16.063,-38.721,-1.50,-3.61,-1.50,-3.61,INF,-1,1,7,0
1580,1,1,-17.531,-39.494,-1.64,-3.68,-1.63,-3.69,INF,-1,1,7,0
1600,1,1,-17.305,-39.435,-1.62,-3.68,-1.61,-3.68,INF,-1,1,7,0
1620,1,1,-14.730,-40.503,-1.38,-3.78,-1.37,-3.78,INF,-1,1,7,0
1640,1,1,-17.459,-38.584,-1.63,-3.60,-1.63,-3.60,INF,-1,1,7,0
1660,1,1,-15.493,-37.787,-1.45,-3.53,-1.45,-3.53,INF,-1,1,7,0
1680,1,1,-17.827,-39.754,-1.67,-3.71,-1.66,-3.71,INF,-1,1,7,0
1700,1,1,-15.763,-39.116,-1.47,-3.65,-1.47,-3.65,INF,-1,1,7,0
1720,1,1,-15.148,-40.583,-1.42,-3.79,-1.41,-3.79,INF,-1,1,7,0
1740,1,1,-16.419,-40.225,-1.53,-3.75,-1.53,-3.75,INF,-1,1,7,0
1760,1,1,-16.769,-40.362,-1.57,-3.77,-1.56,-3.77,INF,-1,1,7,0
1780,1,1,-15.903,-39.266,-1.49,-3.66,-1.48,-3.67,INF,-1,1,7,0
1800,1,1,-15.443,-37.880,-1.44,-3.53,-1.44,-3.54,INF,-1,1,7,0
1820,1,1,-16.130,-37.642,-1.51,-3.51,-1.50,-3.51,INF,-1,1,7,0
1840,1,1,-17.000,-38.241,-1.59,-3.57,-1.59,-3.57,INF,-1,1,7,0
1860,1,1,-12.389,-37.335,-1.16,-3.48,-1.16,-3.49,INF,-1,1,7,0
1880,1,1,-15.476,-37.324,-1.45,-3.48,-1.44,-3.48,INF,-1,1,7,0
1900,1,1,-11.524,-38.133,-1.08,-3.56,-1.07,-3.56,INF,-1,1,7,0
1920,1,1,-14.242,-36.670,-1.33,-3.42,-1.33,-3.42,INF,-1,1,7,0
1940,1,1,-13.499,-37.823,-1.26,-3.53,-1.26,-3.53,INF,-1,1,7,0
1960,1,1,-12.454,-37.757,-1.16,-3.52,-1.16,-3.52,INF,-1,1,7,0
1980,1,1,-12.251,-36.685,-1.14,-3.42,-1.14,-3.42,INF,-1,1,7,0
2000,1,1,-13.643,-38.031,-1.28,-3.55,-1.27,-3.55,INF,-1,1,7,0
2020,1,1,-13.387,-37.538,-1.25,-3.50,-1.25,-3.50,INF,-1,1,7,0
2040,1,1,-12.874,-36.931,-1.20,-3.45,-1.20,-3.45,INF,-1,1,7,0
2060,1,1,-14.336,-36.751,-1.34,-3.43,-1.34,-3.43,INF,-1,1,7,0
2080,1,1,-12.952,-37.605,-1.21,-3.51,-1.21,-3.51,INF,-1,1,7,0
2100,1,1,-14.525,-36.256,-1.36,-3.38,-1.35,-3.38,INF,-1,1,7,0
2120,1,1,-12.528,-37.287,-1.17,-3.48,-1.17,-3.48,INF,-1,1,7,0
2140,1,1,-13.917,-37.424,-1.30,-3.49,-1.30,-3.49,INF,-1,1,7,0
2160,1,1,-13.804,-37.845,-1.29,-3.53,-1.29,-3.53,INF,-1,1,7,0
2180,1,1,7.608,-31.756,0.71,-2.97,0.71,-2.97,INF,-1,1,7,0
2200,1,1,23.113,-29.322,2.16,-2.74,2.16,-2.74,INF,-1,1,7,0
2220,1,1,21.494,-30.168,2.01,-2.82,2.01,-2.82,INF,-1,0,7,0
2240,1,1,23.667,-29.825,2.21,-2.78,2.21,-2.79,INF,-1,0,7,0
2260,1,1,22.805,-30.197,2.13,-2.82,2.13,-2.82,INF,-1,0,7,0
2280,1,1,24.383,-30.276,2.28,-2.83,2.28,-2.83,INF,-1,0,7,0
2300,1,1,25.098,-28.316,2.34,-2.64,2.34,-2.64,INF,-1,0,7,0
2320,1,1,23.134,-28.358,2.16,-2.65,2.16,-2.65,INF,-1,0,7,0
2340,1,1,22.328,-29.686,2.09,-2.77,2.08,-2.77,INF,-1,0,7,0
2360,1,1,22.960,-28.834,2.14,-2.69,2.14,-2.69,INF,-1,0,7,0
2380,1,1,23.877,-30.140,2.23,-2.81,2.23,-2.81,INF,-1,0,7,0
2400,1,1,23.442,-28.469,2.19,-2.66,2.19,-2.66,INF,-1,0,7,0
2420,1,1,22.637,-28.660,2.11,-2.68,2.11,-2.68,INF,-1,0,7,0
2440,1,1,24.026,-30.221,2.24,-2.82,2.24,-2.82,INF,-1,0,7,0
2460,1,1,23.694,-29.727,2.21,-2.77,2.21,-2.78,INF,-1,0,7,0
2480,1,1,23.583,-28.665,2.20,-2.68,2.20,-2.68,INF,-1,1,7,0
2500,1,1,22.365,-29.792,2.09,-2.78,2.09,-2.78,INF,-1,1,7,0
2520,1,1,25.252,-30.027,2.36,-2.80,2.36,-2.80,INF,-1,1,7,0
2540,1,1,23.475,-29.619,2.19,-2.76,2.19,-2.77,INF,-1,1,7,0
2560,1,1,24.125,-27.873,2.25,-2.60,2.25,-2.60,INF,-1,1,7,0
2580,1,1,23.903,-28.927,2.23,-2.70,2.23,-2.70,INF,-1,1,7,0
2600,1,1,24.990,-30.046,2.33,-2.80,2.33,-2.81,INF,-1,1,7,0
2620,1,1,24.096,-29.186,2.25,-2.72,2.25,-2.73,INF,-1,1,7,0
2640,1,1,33.597,-28.680,3.14,-2.67,3.13,-2.68,INF,-1,1,7,0
2660,1,1,49.600,-32.504,4.63,-3.03,4.62,-3.04,INF,-1,1,7,0
2680,1,1,48.465,-32.771,4.52,-3.05,4.51,-3.06,INF,-1,0,7,0
2700,1,1,50.672,-31.602,4.73,-2.94,4.72,-2.95,INF,-1,0,7,0
2720,1,1,49.950,-32.076,4.66,-2.99,4.65,-3.00,INF,-1,0,7,0
2740,1,1,49.690,-34.252,4.63,-3.19,4.63,-3.20,INF,-1,0,7,0
2760,1,1,50.177,-31.199,4.68,-2.90,4.67,-2.91,INF,-1,0,7,0
2780,1,1,49.317,-31.517,4.60,-2.93,4.59,-2.94,INF,-1,0,7,0
2800,1,1,50.021,-33.444,4.67,-3.11,4.66,-3.12,INF,-1,0,7,0
2820,1,1,49.823,-33.426,4.65,-3.11,4.64,-3.12,INF,-1,0,7,0
2840,1,1,49.473,-31.953,4.61,-2.97,4.61,-2.98,INF,-1,0,7,0
2860,1,1,48.531,-31.239,4.53,-2.91,4.52,-2.92,INF,-1,0,7,0
2880,1,1,47.509,-32.002,4.43,-2.98,4.43,-2.99,INF,-1,0,7,0
2900,1,1,49.766,-31.836,4.64,-2.96,4.64,-2.97,INF,-1,0,7,0
2920,1,1,50.997,-32.045,4.76,-2.98,4.75,-2.99,INF,-1,0,7,0
2940,1,1,50.021,-32.401,4.66,-3.02,4.66,-3.03,INF,-1,1,7,0
2960,1,1,48.007,-32.407,4.48,-3.02,4.47,-3.03,INF,-1,1,7,0
2980,1,1,58.171,-27.838,5.42,-2.59,5.42,-2.60,INF,-1,1,7,0
3000,1,1,57.022,-28.972,5.31,-2.69,5.31,-2.71,INF,-1,1,7,0
3020,1,1,55.230,-29.199,5.15,-2.72,5.14,-2.73,INF,-1,1,7,0
3040,1,1,57.868,-28.724,5.39,-2.67,5.39,-2.68,INF,-1,1,7,0
3060,1,1,57.353,-30.299,5.35,-2.82,5.34,-2.83,INF,-1,1,7,0
3080,1,1,56.504,-29.432,5.27,-2.74,5.26,-2.75,INF,-1,1,7,0
3100,1,1,56.235,-28.243,5.24,-2.63,5.24,-2.64,INF,-1,1,7,0
3120,1,1,55.265,-28.789,5.15,-2.68,5.15,-2.69,INF,-1,1,7,0
3140,1,1,56.262,-29.150,5.24,-2.71,5.24,-2.72,INF,-1,1,7,0
3160,1,1,53.647,-29.121,5.00,-2.71,5.00,-2.72,INF,-1,1,7,0
3180,1,1,53.299,-26.421,4.97,-2.46,4.96,-2.47,INF,-1,1,7,0
3200,1,1,37.459,-11.044,3.50,-1.03,3.50,-1.03,INF,-1,1,7,0
3220,1,1,39.036,-8.789,3.64,-0.82,3.64,-0.82,INF,-1,1,7,0
3240,1,1,37.698,-8.899,3.52,-0.83,3.52,-0.83,INF,-1,0,7,0
3260,1,1,37.991,-10.070,3.55,-0.94,3.55,-0.94,INF,-1,0,7,0
3280,1,1,35.806,-9.480,3.34,-0.88,3.34,-0.89,INF,-1,0,7,0
3300,1,1,36.692,-8.553,3.43,-0.80,3.43,-0.80,INF,-1,0,7,0
3320,1,1,36.179,-8.506,3.38,-0.79,3.38,-0.79,INF,-1,0,7,0
3340,1,1,37.226,-9.059,3.48,-0.85,3.47,-0.85,INF,-1,0,7,0
3360,1,1,39.127,-10.387,3.65,-0.97,3.65,-0.97,INF,-1,0,7,0
3380,1,1,37.798,-8.037,3.53,-0.75,3.53,-0.75,INF,-1,0,7,0
3400,1,1,38.389,-9.343,3.58,-0.87,3.58,-0.87,INF,-1,0,7,0
3420,1,1,37.119,-9.484,3.47,-0.88,3.46,-0.89,INF,-1,0,7,0
3440,1,1,35.854,-9.941,3.35,-0.93,3.35,-0.93,INF,-1,0,7,0
3460,1,1,37.233,-9.600,3.48,-0.90,3.48,-0.90,INF,-1,0,7,0
3480,1,1,35.339,-10.293,3.30,-0.96,3.30,-0.96,INF,-1,1,7,0
3500,1,1,37.211,-8.482,3.47,-0.79,3.47,-0.79,INF,-1,1,7,0
3520,1,1,39.116,-10.005,3.65,-0.93,3.65,-0.94,INF,-1,1,7,0
3540,1,1,28.654,-9.140,2.68,-0.85,2.68,-0.85,INF,-1,1,7,0
3560,1,1,27.104,-9.942,2.53,-0.93,2.53,-0.93,INF,-1,1,7,0
3580,1,1,26.753,-8.701,2.50,-0.81,2.50,-0.81,INF,-1,1,7,0
3600,1,1,24.878,-9.972,2.32,-0.93,2.32,-0.93,INF,-1,0,7,0
3620,1,1,26.629,-8.352,2.49,-0.78,2.49,-0.78,INF,-1,0,7,0
3640,1,1,27.102,-9.044,2.53,-0.84,2.53,-0.85,INF,-1,0,7,0
3660,1,1,27.270,-10.511,2.55,-0.98,2.55,-0.98,INF,-1,0,7,0
3680,1,1,29.092,-11.058,2.72,-1.03,2.72,-1.03,INF,-1,0,7,0
3700,1,1,26.283,-9.779,2.46,-0.91,2.45,-0.91,INF,-1,0,7,0
3720,1,1,26.751,-10.179,2.50,-0.95,2.50,-0.95,INF,-1,0,7,0
3740,1,1,28.586,-11.394,2.67,-1.06,2.67,-1.06,INF,-1,0,7,0
3760,1,1,28.569,-11.994,2.67,-1.12,2.67,-1.12,INF,-1,0,7,0
3780,1,1,29.194,-10.880,2.73,-1.02,2.73,-1.02,INF,-1,0,7,0
3800,1,1,27.466,-9.045,2.57,-0.84,2.57,-0.85,INF,-1,0,7,0
3820,1,1,14.073,-9.823,1.32,-0.92,1.32,-0.92,INF,-1,0,7,0
3840,1,1,17.515,-9.405,1.64,-0.88,1.64,-0.88,INF,-1,1,7,0
3860,1,1,15.441,-12.588,1.44,-1.18,1.44,-1.18,INF,-1,1,7,0
3880,1,1,15.958,-10.201,1.49,-0.95,1.49,-0.95,INF,-1,1,7,0
3900,1,1,18.005,-8.799,1.68,-0.82,1.68,-0.82,INF,-1,1,7,0
3920,1,1,17.533,-9.205,1.64,-0.86,1.64,-0.86,INF,-1,1,7,0
3940,1,1,16.650,-9.046,1.56,-0.85,1.56,-0.85,INF,-1,1,7,0
3960,1,1,16.606,-8.183,1.55,-0.76,1.55,-0.76,INF,-1,1,7,0
3980,1,1,17.640,-10.141,1.65,-0.95,1.65,-0.95,INF,-1,1,7,0
4000,1,1,16.494,-9.154,1.54,-0.86,1.54,-0.86,INF,-1,1,7,0
4020,1,1,18.875,-16.259,1.76,-1.52,1.76,-1.52,INF,-1,1,7,0
4040,0,1,0.000,0.000,0.00,0.00,0.00,0.00,0.00,-1,1,7,0
4060,0,1,0.000,0.000,0.00,0.00,0.00,0.00,0.00,-1,1,7,0
4080,0,1,0.000,0.000,0.00,0.00,0.00,0.00,INF,-1,1,7,0
4100,0,1,0.000,0.000,0.00,0.00,0.00,0.00,0.00,-1,1,7,0
4120,0,1,0.000,0.000,0.00,0.00,0.00,0.00,0.00,-1,0,7,0
4140,0,1,0.000,0.000,0.00,0.00,0.00,0.00,0.00,-1,0,7,0
4160,0,1,0.000,0.000,0.00,0.00,0.00,0.00,0.00,-1,0,7,0
4180,0,1,0.000,0.000,0.00,0.00,0.00,0.00,0.00,-1,0,7,0
4200,1,1,62.157,-13.751,5.79,-1.28,5.79,-1.29,INF,-1,0,7,0
4220,1,1,61.089,-0.528,5.69,-0.05,5.69,-0.05,INF,-1,0,7,0
4240,1,1,63.290,1.395,5.89,0.13,5.89,0.13,INF,-1,0,7,0
4260,1,1,61.048,1.750,5.69,0.16,5.69,0.16,INF,-1,0,7,0
4280,1,1,63.528,3.011,5.92,0.28,5.92,0.28,INF,-1,0,7,0
4300,1,1,64.337,2.034,5.99,0.19,5.99,0.19,INF,-1,0,7,0
4320,1,1,62.172,2.443,5.79,0.23,5.79,0.23,INF,-1,0,7,0
4340,1,1,59.853,3.974,5.58,0.37,5.58,0.37,INF,-1,0,7,0
4360,1,1,59.069,2.081,5.50,0.19,5.50,0.19,INF,-1,0,7,0
4380,1,1,61.144,0.561,5.70,0.05,5.70,0.05,INF,-1,0,7,0
4400,1,1,60.905,2.042,5.67,0.19,5.67,0.19,INF,-1,0,7,0
4420,1,1,60.625,0.725,5.65,0.07,5.65,0.07,INF,-1,0,7,0
4440,1,1,61.497,0.826,5.73,0.08,5.73,0.08,INF,-1,0,7,0
4460,1,1,59.579,2.495,5.55,0.23,5.55,0.23,INF,-1,0,7,0
4480,1,1,62.471,2.458,5.82,0.23,5.82,0.23,INF,-1,0,7,0
4500,1,1,63.787,1.046,5.94,0.10,5.94,0.10,INF,-1,1,7,0
4520,1,1,59.851,6.239,5.58,0.58,5.58,0.58,INF,-1,1,7,0
4540,1,1,58.638,5.657,5.46,0.53,5.46,0.53,INF,-1,1,7,0
4560,1,1,58.718,5.019,5.47,0.47,5.47,0.47,INF,-1,1,7,0
4580,1,1,57.224,4.757,5.33,0.44,5.33,0.44,INF,-1,1,7,0
4600,1,1,59.321,5.568,5.53,0.52,5.53,0.52,INF,-1,1,7,0
4620,1,1,57.541,5.518,5.36,0.51,5.36,0.52,INF,-1,1,7,0
4640,1,1,58.056,5.557,5.41,0.52,5.41,0.52,INF,-1,1,7,0
4660,1,1,56.066,4.475,5.23,0.42,5.23,0.42,INF,-1,1,7,0
4680,1,1,59.514,6.633,5.55,0.62,5.54,0.62,INF,-1,1,7,0
4700,1,1,57.923,4.663,5.40,0.43,5.40,0.44,INF,-1,1,7,0
4720,1,1,59.514,5.284,5.55,0.49,5.55,0.49,INF,-1,1,7,0
4740,1,1,57.731,4.769,5.38,0.44,5.38,0.45,INF,-1,1,7,0
4760,1,1,58.277,4.643,5.43,0.43,5.43,0.43,INF,-1,1,7,0
4780,1,1,58.229,4.256,5.43,0.40,5.43,0.40,INF,-1,1,7,0
4800,1,1,57.820,3.924,5.39,0.37,5.39,0.37,INF,-1,1,7,0
4820,1,1,57.371,4.051,5.35,0.38,5.35,0.38,INF,-1,1,7,0
4840,1,1,58.503,4.401,5.45,0.41,5.45,0.41,INF,-1,1,7,0
4860,1,1,60.198,4.217,5.61,0.39,5.61,0.39,INF,-1,1,7,0
4880,1,1,56.642,5.409,5.28,0.50,5.28,0.51,INF,-1,1,7,0
4900,1,1,56.428,3.407,5.26,0.32,5.26,0.32,INF,-1,1,7,0
4920,1,1,58.426,3.343,5.44,0.31,5.44,0.31,INF,-1,1,7,0
4940,1,1,59.166,2.356,5.51,0.22,5.51,0.22,INF,-1,1,7,0
4960,1,1,59.167,4.472,5.51,0.42,5.51,0.42,INF,-1,1,7,0
4980,1,1,57.499,4.225,5.36,0.39,5.36,0.39,INF,-1,1,7,0
5000,1,1,56.515,2.157,5.27,0.20,5.27,0.20,INF,-1,1,7,0
5020,1,1,57.209,1.660,5.33,0.15,5.33,0.16,INF,-1,1,7,0
5040,1,1,58.817,3.871,5.48,0.36,5.48,0.36,INF,-1,1,7,0
5060,1,1,57.337,2.810,5.34,0.26,5.34,0.26,INF,-1,1,7,0
5080,1,1,57.177,2.147,5.33,0.20,5.33,0.20,INF,-1,1,7,0
5100,1,1,57.307,3.556,5.34,0.33,5.34,0.33,INF,-1,1,7,0
5120,1,1,63.481,10.906,5.91,1.01,5.91,1.02,INF,-1,1,7,0
5140,1,1,62.843,12.327,5.85,1.15,5.85,1.15,INF,-1,1,7,0
5160,1,1,60.345,11.213,5.62,1.04,5.62,1.05,INF,-1,1,7,0
5180,1,1,61.166,9.512,5.70,0.88,5.70,0.89,INF,-1,1,7,0
5200,1,1,59.474,10.349,5.54,0.96,5.54,0.97,INF,-1,1,7,0
5220,1,1,60.836,10.542,5.67,0.98,5.67,0.99,INF,-1,1,7,0
5240,1,1,63.125,12.666,5.88,1.18,5.88,1.18,INF,-1,1,7,0
5260,1,1,61.761,10.638,5.75,0.99,5.75,0.99,INF,-1,1,7,0
5280,1,1,61.727,10.736,5.75,1.00,5.75,1.00,INF,-1,1,7,0
5300,1,1,45.746,14.938,4.27,1.39,4.27,1.40,INF,-1,1,7,0
5320,1,1,18.554,14.292,1.73,1.33,1.73,1.34,INF,-1,1,7,0
5340,1,1,23.705,15.194,2.21,1.42,2.21,1.42,INF,-1,0,7,0
5360,1,1,20.914,15.917,1.95,1.49,1.95,1.49,INF,-1,0,7,0
5380,1,1,19.776,15.927,1.85,1.49,1.85,1.49,INF,-1,0,7,0
5400,1,1,20.207,16.211,1.89,1.51,1.89,1.51,INF,-1,0,7,0
5420,1,1,20.251,16.741,1.89,1.56,1.89,1.56,INF,-1,0,7,0
5440,1,1,19.344,16.539,1.81,1.54,1.81,1.55,INF,-1,0,7,0
5460,1,1,19.297,16.246,1.80,1.52,1.80,1.52,INF,-1,0,7,0
5480,1,1,19.303,14.825,1.80,1.38,1.80,1.39,INF,-1,0,7,0
5500,1,1,20.758,14.681,1.94,1.37,1.94,1.37,INF,-1,0,7,0
5520,1,1,18.850,13.825,1.76,1.29,1.76,1.29,INF,-1,0,7,0
5540,1,1,21.807,13.816,2.04,1.29,2.04,1.29,INF,-1,0,7,0
5560,1,1,20.180,15.417,1.89,1.44,1.88,1.44,INF,-1,0,7,0
5580,1,1,20.745,14.332,1.94,1.34,1.94,1.34,INF,-1,0,7,0
5600,1,1,18.736,16.341,1.75,1.53,1.75,1.53,INF,-1,1,7,0
5620,1,1,20.279,15.240,1.89,1.42,1.89,1.42,INF,-1,1,7,0
5640,1,1,20.929,14.819,1.96,1.38,1.95,1.38,INF,-1,1,7,0
5660,1,1,22.016,14.079,2.06,1.31,2.06,1.32,INF,-1,1,7,0
5680,1,1,19.549,14.618,1.83,1.37,1.83,1.37,INF,-1,1,7,0
5700,1,1,14.126,13.999,1.32,1.31,1.32,1.31,INF,-1,1,7,0
5720,1,1,5.955,12.704,0.56,1.19,0.56,1.19,INF,-1,1,7,0
5740,1,1,6.499,11.660,0.61,1.09,0.61,1.09,INF,-1,1,7,0
5760,1,1,5.884,11.061,0.55,1.03,0.55,1.03,INF,-1,0,7,0
5780,1,1,5.227,11.017,0.49,1.03,0.49,1.03,INF,-1,0,7,0
5800,1,1,6.361,11.285,0.59,1.05,0.59,1.05,INF,-1,0,7,0
5820,1,1,5.442,12.077,0.51,1.13,0.51,1.13,INF,-1,0,7,0
5840,1,1,6.018,11.527,0.56,1.08,0.56,1.08,INF,-1,0,7,0
5860,1,1,6.081,11.223,0.57,1.05,0.57,1.05,INF,-1,0,7,0
5880,1,1,4.944,10.559,0.46,0.99,0.46,0.99,INF,-1,0,7,0
5900,1,1,2.020,11.017,0.19,1.03,0.19,1.03,INF,-1,0,7,0
5920,1,1,4.799,12.378,0.45,1.16,0.45,1.16,INF,-1,0,7,0
5940,1,1,6.453,10.372,0.60,0.97,0.60,0.97,INF,-1,0,7,0
5960,1,1,4.766,11.791,0.45,1.10,0.45,1.10,INF,-1,0,7,0
5980,1,1,4.480,10.701,0.42,1.00,0.42,1.00,INF,-1,0,7,0
6000,1,1,2.457,10.949,0.23,1.02,0.23,1.02,INF,-1,1,7,0
6020,1,1,5.778,10.968,0.54,1.02,0.54,1.03,INF,-1,1,7,0
6040,1,1,8.269,10.201,0.77,0.95,0.77,0.95,INF,-1,1,7,0
6060,1,1,6.437,12.004,0.60,1.12,0.60,1.12,INF,-1,1,7,0
6080,1,1,4.678,8.324,0.44,0.78,0.44,0.78,INF,-1,1,7,0
6100,1,1,2.122,4.693,0.20,0.44,0.20,0.44,INF,-1,1,7,0
6120,1,1,1.629,6.577,0.15,0.61,0.15,0.61,INF,-1,1,7,0
6140,1,1,1.332,6.786,0.12,0.63,0.12,0.63,INF,-1,1,7,0
6160,1,1,2.489,5.734,0.23,0.54,0.23,0.54,INF,-1,1,7,0
6180,1,1,2.762,4.476,0.26,0.42,0.26,0.42,INF,-1,1,7,0
6200,1,1,0.280,4.533,0.03,0.42,0.03,0.42,INF,-1,1,7,0
6220,1,1,-0.755,4.454,-0.07,0.42,-0.07,0.42,INF,-1,1,7,0
6240,1,1,0.233,5.603,0.02,0.52,0.02,0.52,INF,-1,1,7,0
6260,1,1,0.189,6.187,0.02,0.58,0.02,0.58,INF,-1,1,7,0
6280,1,1,0.823,4.196,0.08,0.39,0.08,0.39,INF,-1,1,7,0
6300,1,1,1.323,6.525,0.12,0.61,0.12,0.61,INF,-1,1,7,0
6320,1,1,1.359,6.303,0.13,0.59,0.13,0.59,INF,-1,1,7,0
6340,1,1,0.134,4.546,0.01,0.42,0.01,0.42,INF,-1,1,7,0
6360,1,1,1.285,5.202,0.12,0.49,0.12,0.49,INF,-1,1,7,0
6380,1,1,1.487,4.481,0.14,0.42,0.14,0.42,INF,-1,1,7,0
6400,1,1,-0.200,5.831,-0.02,0.54,-0.02,0.54,INF,-1,1,7,0
6420,1,1,0.100,6.543,0.01,0.61,0.01,0.61,INF,-1,1,7,0
6440,1,1,0.783,5.208,0.07,0.49,0.07,0.49,INF,-1,1,7,0
6460,1,1,1.019,5.464,0.10,0.51,0.10,0.51,INF,-1,1,7,0
6480,1,1,-2.653,5.388,-0.25,0.50,-0.25,0.50,INF,-1,1,7,0
6500,0,1,0.000,0.000,0.00,0.00,0.00,0.00,0.00,-1,1,7,0
6520,1,1,-10.148,5.623,-0.95,0.53,-0.95,0.53,INF,-1,1,7,0
6540,1,1,-12.655,4.862,-1.18,0.45,-1.18,0.45,INF,-1,1,7,0
6560,1,1,-13.593,6.191,-1.27,0.58,-1.27,0.58,INF,-1,1,7,0
6580,1,1,-11.984,4.569,-1.12,0.43,-1.12,0.43,INF,-1,0,7,0
6600,1,1,-12.281,6.359,-1.15,0.59,-1.15,0.59,INF,-1,0,7,0
6620,1,1,-13.177,5.015,-1.23,0.47,-1.23,0.47,INF,-1,0,7,0
6640,1,1,-13.151,6.582,-1.23,0.62,-1.23,0.62,INF,-1,0,7,0
6660,1,1,-13.160,6.310,-1.23,0.59,-1.23,0.59,INF,-1,0,7,0
6680,1,1,-10.629,5.502,-0.99,0.51,-0.99,0.51,INF,-1,0,7,0
6700,1,1,-12.621,4.502,-1.18,0.42,-1.18,0.42,INF,-1,0,7,0
6720,1,1,-11.058,5.409,-1.03,0.51,-1.03,0.51,INF,-1,0,7,0
6740,1,1,-15.114,6.166,-1.41,0.58,-1.41,0.58,INF,-1,0,7,0
6760,1,1,-22.405,3.983,-2.09,0.37,-2.09,0.37,INF,-1,0,7,0
6780,1,1,-22.364,6.733,-2.09,0.63,-2.09,0.63,INF,-1,0,7,0
6800,1,1,-22.128,5.306,-2.07,0.50,-2.07,0.50,INF,-1,1,7,0
6820,1,1,-21.172,5.416,-1.98,0.51,-1.98,0.51,INF,-1,1,7,0
6840,1,1,-23.270,6.011,-2.17,0.56,-2.17,0.56,INF,-1,1,7,0
6860,1,1,-23.471,5.959,-2.19,0.56,-2.19,0.56,INF,-1,1,7,0
6880,1,1,-22.541,5.481,-2.11,0.51,-2.11,0.51,INF,-1,1,7,0
6900,1,1,-22.449,5.777,-2.10,0.54,-2.10,0.54,INF,-1,1,7,0
6920,1,1,-23.253,4.882,-2.17,0.46,-2.17,0.46,INF,-1,1,7,0
6940,1,1,-21.991,6.255,-2.05,0.58,-2.05,0.58,INF,-1,1,7,0
6960,1,1,-22.572,6.287,-2.11,0.59,-2.11,0.59,INF,-1,1,7,0
6980,1,1,-21.652,6.941,-2.02,0.65,-2.02,0.65,INF,-1,1,7,0
7000,1,1,-21.111,6.064,-1.97,0.57,-1.97,0.57,INF,-1,1,7,0
7020,1,1,-21.421,5.775,-2.00,0.54,-2.00,0.54,INF,-1,1,7,0
7040,1,1,-22.739,4.786,-2.12,0.45,-2.12,0.45,INF,-1,1,7,0
7060,1,1,-21.006,4.830,-1.96,0.45,-1.96,0.45,INF,-1,1,7,0
7080,1,1,-23.272,6.415,-2.17,0.60,-2.17,0.60,INF,-1,1,7,0
7100,1,1,-24.842,5.763,-2.32,0.54,-2.32,0.54,INF,-1,1,7,0
7120,1,1,-22.794,4.660,-2.13,0.44,-2.13,0.44,INF,-1,1,7,0
7140,1,1,-23.749,5.232,-2.22,0.49,-2.22,0.49,INF,-1,1,7,0
7160,1,1,-21.973,4.996,-2.05,0.47,-2.05,0.47,INF,-1,1,7,0
7180,1,1,-21.702,4.539,-2.03,0.42,-2.03,0.42,INF,-1,1,7,0
7200,1,1,-22.557,3.566,-2.11,0.33,-2.11,0.33,INF,-1,1,7,0
7220,1,1,-22.612,4.505,-2.11,0.42,-2.11,0.42,INF,-1,1,7,0
7240,1,1,-22.995,3.812,-2.15,0.36,-2.15,0.36,INF,-1,1,7,0
7260,1,1,-24.233,4.730,-2.26,0.44,-2.26,0.44,INF,-1,1,7,0
7280,1,1,-21.399,3.164,-2.00,0.30,-2.00,0.30,INF,-1,1,7,0
7300,1,1,-17.051,6.305,-1.59,0.59,-1.59,0.59,INF,-1,1,7,0
7320,1,1,-11.143,12.255,-1.04,1.15,-1.04,1.15,INF,-1,1,7,0
7340,1,1,-8.471,10.249,-0.79,0.96,-0.79,0.96,INF,-1,1,7,0
7360,1,1,-10.822,10.646,-1.01,0.99,-1.01,0.99,INF,-1,1,7,0
7380,1,1,-9.847,10.190,-0.92,0.95,-0.92,0.95,INF,-1,1,7,0
7400,1,1,-8.670,10.728,-0.81,1.00,-0.81,1.00,INF,-1,1,7,0
7420,1,1,-9.413,12.215,-0.88,1.14,-0.88,1.14,INF,-1,1,7,0
7440,1,1,-8.990,12.270,-0.84,1.15,-0.84,1.15,INF,-1,1,7,0
7460,1,1,-11.164,10.387,-1.04,0.97,-1.04,0.97,INF,-1,1,7,0
7480,1,1,-9.939,12.153,-0.93,1.14,-0.93,1.14,INF,-1,1,7,0
7500,1,1,-10.920,12.529,-1.02,1.17,-1.02,1.17,INF,-1,1,7,0
7520,1,1,-11.579,10.725,-1.08,1.00,-1.08,1.00,INF,-1,1,7,0
7540,1,1,-11.695,12.056,-1.09,1.13,-1.09,1.13,INF,-1,1,7,0
7560,1,1,-11.238,10.644,-1.05,0.99,-1.05,0.99,INF,-1,1,7,0
7580,1,1,-11.262,11.489,-1.05,1.07,-1.05,1.07,INF,-1,1,7,0
7600,1,1,-11.154,12.047,-1.04,1.13,-1.04,1.13,INF,-1,1,7,0
7620,1,1,-9.582,11.371,-0.90,1.06,-0.90,1.06,INF,-1,1,7,0
7640,1,1,-10.441,9.972,-0.98,0.93,-0.98,0.93,INF,-1,1,7,0
7660,1,1,6.155,23.518,0.58,2.20,0.57,2.20,INF,-1,1,7,0
7680,1,1,6.197,22.908,0.58,2.14,0.58,2.14,INF,-1,1,7,0
7700,1,1,6.408,22.977,0.60,2.15,0.60,2.15,INF,-1,0,7,0
7720,1,1,5.731,23.770,0.54,2.22,0.54,2.22,INF,-1,0,7,0
7740,1,1,6.258,24.149,0.58,2.26,0.58,2.26,INF,-1,0,7,0
7760,1,1,6.293,23.724,0.59,2.22,0.59,2.22,INF,-1,0,7,0
7780,1,1,5.284,24.012,0.49,2.24,0.49,2.24,INF,-1,0,7,0
7800,1,1,4.805,22.624,0.45,2.11,0.45,2.11,INF,-1,0,7,0
7820,1,1,5.512,23.646,0.52,2.21,0.51,2.21,INF,-1,0,7,0
7840,1,1,4.625,24.407,0.43,2.28,0.43,2.28,INF,-1,0,7,0
7860,1,1,5.267,24.485,0.49,2.29,0.49,2.29,INF,-1,0,7,0
7880,1,1,4.746,23.521,0.44,2.20,0.44,2.20,INF,-1,0,7,0
7900,1,1,4.042,22.764,0.38,2.13,0.38,2.13,INF,-1,0,7,0
7920,1,1,4.967,23.977,0.46,2.24,0.46,2.24,INF,-1,0,7,0
7940,1,1,5.202,24.579,0.49,2.30,0.49,2.30,INF,-1,1,7,0
7960,1,1,3.573,23.852,0.33,2.23,0.33,2.23,INF,-1,1,7,0
7980,1,1,4.751,23.820,0.44,2.23,0.44,2.23,INF,-1,1,7,0
8000,1,1,5.867,22.593,0.55,2.11,0.55,2.11,INF,-1,1,7,0
8020,1,1,12.621,24.227,1.18,2.26,1.18,2.26,INF,-1,1,7,0
8040,1,1,12.942,21.451,1.21,2.00,1.21,2.00,INF,-1,1,7,0
8060,1,1,13.654,23.134,1.28,2.16,1.28,2.16,INF,-1,1,7,0
8080,1,1,12.533,23.068,1.17,2.15,1.17,2.16,INF,-1,1,7,0
8100,1,1,14.065,23.229,1.31,2.17,1.31,2.17,INF,-1,1,7,0
8120,1,1,13.965,23.275,1.31,2.17,1.30,2.17,INF,-1,1,7,0
8140,1,1,11.906,23.876,1.11,2.23,1.11,2.23,INF,-1,1,7,0
8160,1,1,12.038,24.317,1.13,2.27,1.12,2.27,INF,-1,1,7,0
8180,1,1,11.956,24.635,1.12,2.30,1.12,2.30,INF,-1,1,7,0
8200,1,1,11.165,23.410,1.04,2.19,1.04,2.19,INF,-1,1,7,0
8220,1,1,10.691,23.047,1.00,2.15,1.00,2.15,INF,-1,1,7,0
8240,1,1,11.742,22.651,1.10,2.12,1.10,2.12,INF,-1,1,7,0
8260,1,1,12.609,22.557,1.18,2.11,1.18,2.11,INF,-1,1,7,0
8280,1,1,12.366,22.237,1.16,2.08,1.15,2.08,INF,-1,1,7,0
8300,1,1,10.395,22.582,0.97,2.11,0.97,2.11,INF,-1,1,7,0
8320,1,1,10.306,24.291,0.96,2.27,0.96,2.27,INF,-1,1,7,0
8340,1,1,0.332,15.042,0.03,1.41,0.03,1.41,INF,-1,1,7,0
8360,1,1,3.226,17.127,0.30,1.60,0.30,1.60,INF,-1,1,7,0
8380,1,1,0.470,17.004,0.04,1.59,0.04,1.59,INF,-1,1,7,0
8400,1,1,-0.071,17.344,-0.01,1.62,-0.01,1.62,INF,-1,1,7,0
8420,1,1,0.652,16.042,0.06,1.50,0.06,1.50,INF,-1,1,7,0
8440,1,1,1.322,15.256,0.12,1.43,0.12,1.43,INF,-1,1,7,0
8460,1,1,1.541,15.607,0.14,1.46,0.14,1.46,INF,-1,1,7,0
8480,1,1,0.687,14.180,0.06,1.33,0.06,1.33,INF,-1,1,7,0
8500,1,1,-0.166,16.607,-0.02,1.55,-0.02,1.55,INF,-1,1,7,0
8520,1,1,1.369,16.868,0.13,1.58,0.13,1.58,INF,-1,1,7,0
8540,1,1,1.767,14.988,0.17,1.40,0.17,1.40,INF,-1,1,7,0
8560,1,1,0.869,15.072,0.08,1.41,0.08,1.41,INF,-1,1,7,0
8580,1,1,0.794,16.366,0.07,1.53,0.07,1.53,INF,-1,1,7,0
8600,1,1,0.625,15.389,0.06,1.44,0.06,1.44,INF,-1,1,7,0
8620,1,1,0.536,15.441,0.05,1.44,0.05,1.44,INF,-1,1,7,0
8640,1,1,-0.608,15.013,-0.06,1.40,-0.06,1.40,INF,-1,1,7,0
8660,1,1,19.568,7.794,1.83,0.73,1.83,0.73,INF,-1,1,7,0
8680,1,1,23.044,10.372,2.15,0.97,2.15,0.97,INF,-1,0,7,0
8700,1,1,22.680,8.893,2.12,0.83,2.12,0.83,INF,-1,0,7,0
8720,1,1,23.666,9.454,2.21,0.88,2.21,0.88,INF,-1,0,7,0
8740,1,1,22.934,9.843,2.14,0.92,2.14,0.92,INF,-1,0,7,0
8760,1,1,22.360,9.572,2.09,0.89,2.09,0.89,INF,-1,0,7,0
8780,1,1,24.344,7.736,2.27,0.72,2.27,0.72,INF,-1,0,7,0
8800,1,1,22.429,5.658,2.10,0.53,2.10,0.53,INF,-1,0,7,0
8820,0,1,0.000,0.000,0.00,0.00,0.00,0.00,0.00,-1,0,7,0
8840,0,1,0.000,0.000,0.00,0.00,0.00,0.00,0.00,-1,0,7,0
8860,0,1,0.000,0.000,0.00,0.00,0.00,0.00,0.00,-1,0,7,0
8880,0,1,0.000,0.000,0.00,0.00,0.00,0.00,0.00,-1,0,7,0
8900,0,1,0.000,0.000,0.00,0.00,0.00,0.00,0.00,-1,0,7,0
8920,0,1,0.000,0.000,0.00,0.00,0.00,0.00,0.00,-1,0,7,0
8940,0,1,0.000,0.000,0.00,0.00,0.00,0.00,0.00,-1,0,7,0
8960,1,1,18.355,-12.151,1.72,-1.14,1.71,-1.14,INF,-1,0,7,0
8980,1,1,25.040,3.156,2.34,0.29,2.34,0.29,INF,-1,0,7,0
9000,1,1,24.814,2.964,2.32,0.28,2.32,0.28,INF,-1,0,7,0
9020,1,1,25.136,2.262,2.35,0.21,2.35,0.21,INF,-1,0,7,0
9040,1,1,24.124,2.082,2.25,0.19,2.25,0.19,INF,-1,0,7,0
9060,1,1,25.298,1.215,2.36,0.11,2.36,0.11,INF,-1,0,7,0
9080,1,1,24.090,3.262,2.25,0.30,2.25,0.30,INF,-1,0,7,0
9100,1,1,23.587,1.962,2.20,0.18,2.20,0.18,INF,-1,0,7,0
9120,1,1,23.354,2.558,2.18,0.24,2.18,0.24,INF,-1,0,7,0
9140,1,1,22.577,4.772,2.11,0.45,2.11,0.45,INF,-1,0,7,0
9160,1,1,23.830,4.978,2.23,0.46,2.23,0.47,INF,-1,0,7,0
9180,1,1,24.074,4.115,2.25,0.38,2.25,0.38,INF,-1,0,7,0
9200,1,1,24.154,4.310,2.26,0.40,2.26,0.40,INF,-1,0,7,0
9220,1,1,23.292,3.596,2.18,0.34,2.18,0.34,INF,-1,0,7,0
9240,1,1,24.066,3.129,2.25,0.29,2.25,0.29,INF,-1,0,7,0
9260,1,1,23.767,3.765,2.22,0.35,2.22,0.35,INF,-1,1,7,0
9280,1,1,23.513,3.080,2.20,0.29,2.20,0.29,INF,-1,1,7,0
9300,1,1,23.169,3.472,2.16,0.32,2.16,0.32,INF,-1,1,7,0
9320,1,1,22.934,3.779,2.14,0.35,2.14,0.35,INF,-1,1,7,0
9340,1,1,23.742,2.924,2.22,0.27,2.22,0.27,INF,-1,1,7,0
9360,1,1,22.749,2.421,2.13,0.23,2.13,0.23,INF,-1,1,7,0
9380,1,1,23.671,2.237,2.21,0.21,2.21,0.21,INF,-1,1,7,0
9400,1,1,23.617,3.395,2.21,0.32,2.21,0.32,INF,-1,1,7,0
9420,1,1,23.889,2.779,2.23,0.26,2.23,0.26,INF,-1,1,7,0
9440,1,1,25.273,3.832,2.36,0.36,2.36,0.36,INF,-1,1,7,0
9460,1,1,1.067,-6.094,0.10,-0.57,0.10,-0.57,INF,-1,1,7,0
9480,1,1,7.507,-3.152,0.70,-0.29,0.70,-0.29,INF,-1,1,7,0
9500,1,1,7.759,-5.025,0.73,-0.47,0.73,-0.47,INF,-1,0,7,0
9520,1,1,6.765,-4.147,0.63,-0.39,0.63,-0.39,INF,-1,0,7,0
9540,1,1,8.663,-4.543,0.81,-0.42,0.81,-0.42,INF,-1,0,7,0
9560,1,1,8.044,-5.817,0.75,-0.54,0.75,-0.54,INF,-1,0,7,0
9580,1,1,7.857,-3.889,0.73,-0.36,0.73,-0.36,INF,-1,0,7,0
9600,1,1,9.213,-4.879,0.86,-0.46,0.86,-0.46,INF,-1,0,7,0
9620,1,1,8.312,-4.344,0.78,-0.41,0.78,-0.41,INF,-1,0,7,0
9640,1,1,6.185,-4.350,0.58,-0.41,0.58,-0.41,INF,-1,0,7,0
9660,1,1,7.721,-4.221,0.72,-0.39,0.72,-0.39,INF,-1,0,7,0
9680,1,1,7.882,-3.825,0.74,-0.36,0.74,-0.36,INF,-1,0,7,0
9700,1,1,6.169,-4.227,0.58,-0.40,0.58,-0.40,INF,-1,0,7,0
9720,1,1,5.422,-4.223,0.51,-0.39,0.51,-0.39,INF,-1,0,7,0
9740,1,1,-19.766,-4.036,-1.85,-0.38,-1.85,-0.38,INF,-1,1,7,0
9760,1,1,-16.434,-4.694,-1.54,-0.44,-1.54,-0.44,INF,-1,1,7,0
9780,1,1,-15.717,-5.241,-1.47,-0.49,-1.47,-0.49,INF,-1,0,7,0
9800,1,1,-15.611,-4.459,-1.46,-0.42,-1.46,-0.42,INF,-1,0,7,0
9820,1,1,-14.924,-4.047,-1.39,-0.38,-1.39,-0.38,INF,-1,0,7,0
9840,1,1,-16.791,-4.237,-1.57,-0.40,-1.57,-0.40,INF,-1,0,7,0
9860,1,1,-14.567,-5.663,-1.36,-0.53,-1.36,-0.53,INF,-1,0,7,0
9880,1,1,-17.455,-4.650,-1.63,-0.43,-1.63,-0.43,INF,-1,0,7,0
9900,1,1,-17.755,-5.045,-1.66,-0.47,-1.66,-0.47,INF,-1,0,7,0
9920,1,1,-15.989,-4.485,-1.49,-0.42,-1.49,-0.42,INF,-1,0,7,0
9940,1,1,-14.759,-3.856,-1.38,-0.36,-1.38,-0.36,INF,-1,0,7,0
9960,1,1,-15.836,-4.689,-1.48,-0.44,-1.48,-0.44,INF,-1,0,7,0
9980,1,1,-16.864,-4.709,-1.58,-0.44,-1.58,-0.44,INF,-1,0,7,0
10000,1,1,-16.734,-5.816,-1.56,-0.54,-1.56,-0.54,INF,-1,0,7,0
10020,1,1,-14.539,-4.909,-1.36,-0.46,-1.36,-0.46,INF,-1,1,7,0
10040,1,1,-15.533,-3.350,-1.45,-0.31,-1.45,-0.31,INF,-1,1,7,0
10060,1,1,-17.226,-3.790,-1.61,-0.35,-1.61,-0.35,INF,-1,1,7,0
10080,1,1,-16.473,-3.931,-1.54,-0.37,-1.54,-0.37,INF,-1,1,7,0
10100,1,1,-19.248,-3.291,-1.80,-0.31,-1.80,-0.31,INF,-1,1,7,0
10120,1,1,-18.993,-4.019,-1.77,-0.38,-1.77,-0.38,INF,-1,1,7,0
10140,1,1,-15.827,-4.069,-1.48,-0.38,-1.48,-0.38,INF,-1,1,7,0
10160,1,1,-18.282,-3.069,-1.71,-0.29,-1.71,-0.29,INF,-1,1,7,0
10180,1,1,-17.064,-0.813,-1.59,-0.08,-1.59,-0.08,INF,-1,1,7,0
10200,0,1,0.000,0.000,0.00,0.00,0.00,0.00,0.00,-1,1,7,0
10220,1,1,-7.870,11.612,-0.74,1.09,-0.74,1.09,INF,-1,1,7,0
10240,1,1,-4.775,11.566,-0.45,1.08,-0.45,1.08,INF,-1,1,7,0
10260,1,1,-5.928,10.689,-0.55,1.00,-0.55,1.00,INF,-1,1,7,0
10280,1,1,-4.045,10.679,-0.38,1.00,-0.38,1.00,INF,-1,0,7,0
10300,1,1,-5.531,10.783,-0.52,1.01,-0.52,1.01,INF,-1,0,7,0
10320,1,1,-6.985,12.015,-0.65,1.12,-0.65,1.12,INF,-1,0,7,0
10340,1,1,-6.709,11.669,-0.63,1.09,-0.63,1.09,INF,-1,0,7,0
10360,1,1,-6.096,10.126,-0.57,0.95,-0.57,0.95,INF,-1,0,7,0
10380,1,1,22.543,9.908,2.11,0.93,2.11,0.93,INF,-1,0,7,0
10400,1,1,33.199,7.824,3.10,0.73,3.10,0.73,INF,-1,0,7,0
10420,1,1,31.777,10.634,2.97,0.99,2.97,0.99,INF,-1,0,7,0
10440,1,1,34.578,8.256,3.23,0.77,3.23,0.77,INF,-1,0,7,0
10460,1,1,33.394,8.365,3.12,0.78,3.12,0.78,INF,-1,0,7,0
10480,1,1,34.370,8.946,3.21,0.83,3.21,0.84,INF,-1,0,7,0
10500,1,1,35.482,7.502,3.31,0.70,3.31,0.70,INF,-1,0,7,0
10520,1,1,33.301,8.197,3.11,0.76,3.11,0.77,INF,-1,0,7,0
10540,1,1,32.513,8.630,3.04,0.81,3.04,0.81,INF,-1,0,7,0
10560,1,1,31.351,8.174,2.93,0.76,2.93,0.76,INF,-1,0,7,0
10580,1,1,34.133,8.529,3.19,0.80,3.19,0.80,INF,-1,0,7,0
10600,1,1,31.700,8.072,2.96,0.75,2.96,0.75,INF,-1,0,7,0
10620,1,1,42.087,3.189,3.93,0.30,3.93,0.30,INF,-1,0,7,0
10640,1,1,50.765,-0.988,4.73,-0.09,4.73,-0.09,INF,-1,0,7,0
10660,1,1,51.508,-0.578,4.80,-0.05,4.80,-0.05,INF,-1,1,7,0
10680,1,1,51.731,-1.550,4.82,-0.14,4.82,-0.14,INF,-1,0,7,0
10700,1,1,50.604,-1.468,4.72,-0.14,4.72,-0.14,INF,-1,0,7,0
10720,1,1,49.828,-1.332,4.65,-0.12,4.65,-0.12,INF,-1,0,7,0
10740,1,1,50.747,-0.696,4.73,-0.06,4.73,-0.07,INF,-1,0,7,0
10760,1,1,51.696,-0.679,4.82,-0.06,4.82,-0.06,INF,-1,0,7,0
10780,1,1,52.845,-0.428,4.93,-0.04,4.93,-0.04,INF,-1,0,7,0
10800,1,1,50.844,-1.362,4.74,-0.13,4.74,-0.13,INF,-1,0,7,0
10820,1,1,52.658,-4.155,4.91,-0.39,4.91,-0.39,INF,-1,0,7,0
10840,1,1,48.772,-20.943,4.55,-1.95,4.55,-1.96,INF,-1,0,7,0
10860,1,1,53.543,-17.507,4.99,-1.63,4.99,-1.64,INF,-1,0,7,0
10880,1,1,49.730,-18.910,4.64,-1.76,4.64,-1.77,INF,-1,0,7,0
10900,1,1,50.186,-19.174,4.68,-1.79,4.68,-1.79,INF,-1,0,7,0
10920,1,1,49.803,-18.876,4.64,-1.76,4.64,-1.76,INF,-1,0,7,0
10940,1,1,51.063,-18.648,4.76,-1.74,4.76,-1.74,INF,-1,0,7,0
10960,1,1,49.775,-19.240,4.64,-1.79,4.64,-1.80,INF,-1,1,7,0
10980,1,1,48.595,-19.106,4.53,-1.78,4.53,-1.79,INF,-1,1,7,0
11000,1,1,48.063,-19.566,4.48,-1.82,4.48,-1.83,INF,-1,1,7,0
11020,1,1,49.641,-17.408,4.63,-1.62,4.63,-1.63,INF,-1,1,7,0
11040,1,1,42.981,-23.547,4.01,-2.19,4.01,-2.20,INF,-1,1,7,0
11060,0,1,0.000,0.000,0.00,0.00,0.00,0.00,0.00,-1,1,7,0
11080,0,1,0.000,0.000,0.00,0.00,0.00,0.00,0.00,-1,1,7,0
11100,0,1,0.000,0.000,0.00,0.00,0.00,0.00,0.00,-1,1,7,0
11120,0,1,0.000,0.000,0.00,0.00,0.00,0.00,0.00,-1,0,7,0
11140,0,1,0.000,0.000,0.00,0.00,0.00,0.00,0.00,-1,0,7,0
11160,0,1,0.000,0.000,0.00,0.00,0.00,0.00,0.00,-1,0,7,0
11180,0,1,0.000,0.000,0.00,0.00,0.00,0.00,0.00,-1,0,7,0
11200,0,1,0.000,0.000,0.00,0.00,0.00,0.00,0.00,-1,0,7,0
11220,0,1,0.000,0.000,0.00,0.00,0.00,0.00,0.00,-1,0,7,0
11240,1,1,55.165,-42.137,5.14,-3.92,5.13,-3.93,INF,-1,0,7,0
11260,1,1,49.176,-10.123,4.59,-0.94,4.59,-0.95,INF,-1,0,7,0
11280,1,1,51.638,-7.433,4.82,-0.69,4.81,-0.69,INF,-1,0,7,0
11300,1,1,50.619,-7.798,4.72,-0.73,4.72,-0.73,INF,-1,0,7,0
11320,1,1,50.723,-7.773,4.73,-0.72,4.73,-0.73,INF,-1,0,7,0
11340,1,1,47.775,-7.064,4.46,-0.66,4.46,-0.66,INF,-1,0,7,0
11360,1,1,48.059,-9.117,4.48,-0.85,4.48,-0.85,INF,-1,0,7,0
11380,1,1,51.249,-7.724,4.78,-0.72,4.78,-0.72,INF,-1,0,7,0
11400,1,1,47.263,-7.728,4.41,-0.72,4.41,-0.72,INF,-1,0,7,0
11420,1,1,48.498,-7.802,4.52,-0.73,4.52,-0.73,INF,-1,0,7,0
11440,1,1,47.313,-7.217,4.41,-0.67,4.41,-0.67,INF,-1,0,7,0
11460,1,1,49.990,-8.088,4.66,-0.75,4.66,-0.76,INF,-1,0,7,0
11480,1,1,50.398,-7.870,4.70,-0.73,4.70,-0.74,INF,-1,0,7,0
11500,1,1,49.000,-7.328,4.57,-0.68,4.57,-0.68,INF,-1,0,7,0
11520,1,1,50.709,-8.984,4.73,-0.84,4.73,-0.84,INF,-1,0,7,0
11540,1,1,49.243,-6.941,4.59,-0.65,4.59,-0.65,INF,-1,1,7,0
11560,1,1,44.121,-6.900,4.12,-0.64,4.12,-0.64,INF,-1,1,7,0
11580,1,1,34.411,-0.727,3.21,-0.07,3.21,-0.07,INF,-1,1,7,0
11600,1,1,35.332,-2.928,3.30,-0.27,3.30,-0.27,INF,-1,1,7,0
11620,1,1,33.966,-0.933,3.17,-0.09,3.17,-0.09,INF,-1,0,7,0
11640,1,1,33.324,-0.373,3.11,-0.03,3.11,-0.03,INF,-1,0,7,0
11660,1,1,31.988,-2.119,2.99,-0.20,2.99,-0.20,INF,-1,0,7,0
11680,1,1,33.516,-1.947,3.13,-0.18,3.13,-0.18,INF,-1,0,7,0
11700,1,1,32.768,-2.856,3.06,-0.27,3.06,-0.27,INF,-1,0,7,0
11720,1,1,34.232,-2.274,3.20,-0.21,3.20,-0.21,INF,-1,0,7,0
11740,1,1,31.925,-1.936,2.98,-0.18,2.98,-0.18,INF,-1,0,7,0
11760,1,1,32.827,-3.897,3.07,-0.36,3.07,-0.36,INF,-1,0,7,0
11780,1,1,30.443,-2.090,2.84,-0.20,2.84,-0.20,INF,-1,0,7,0
11800,1,1,31.300,-1.305,2.92,-0.12,2.92,-0.12,INF,-1,0,7,0
11820,1,1,31.848,-1.575,2.97,-0.15,2.97,-0.15,INF,-1,0,7,0
11840,1,1,31.042,-3.873,2.90,-0.36,2.90,-0.36,INF,-1,0,7,0
11860,1,1,30.371,-0.863,2.84,-0.08,2.84,-0.08,INF,-1,1,7,0
11880,1,1,26.346,1.526,2.46,0.14,2.46,0.14,INF,-1,1,7,0
11900,1,1,26.097,0.009,2.44,0.00,2.44,0.00,INF,-1,1,7,0
11920,1,1,23.707,0.087,2.21,0.01,2.21,0.01,INF,-1,1,7,0
11940,1,1,27.671,-0.925,2.58,-0.09,2.58,-0.09,INF,-1,1,7,0
11960,1,1,24.859,0.439,2.32,0.04,2.32,0.04,INF,-1,1,7,0
11980,1,1,24.355,0.220,2.28,0.02,2.28,0.02,INF,-1,1,7,0
12000,1,1,23.373,0.243,2.18,0.02,2.18,0.02,INF,-1,1,7,0
12020,1,1,24.804,-0.868,2.32,-0.08,2.32,-0.08,INF,-1,1,7,0
12040,1,1,26.264,-3.082,2.45,-0.29,2.45,-0.29,INF,-1,1,7,0
12060,1,1,25.163,-1.277,2.35,-0.12,2.35,-0.12,INF,-1,1,7,0
12080,1,1,24.946,-1.072,2.33,-0.10,2.33,-0.10,INF,-1,1,7,0
12100,1,1,25.532,-0.381,2.39,-0.04,2.39,-0.04,INF,-1,1,7,0
12120,1,1,26.455,0.247,2.47,0.02,2.47,0.02,INF,-1,1,7,0
12140,1,1,14.166,-0.354,1.32,-0.03,1.32,-0.03,INF,-1,1,7,0
12160,1,1,-29.342,-6.045,-2.74,-0.56,-2.74,-0.57,INF,-1,1,7,0
12180,1,1,-24.478,-9.675,-2.29,-0.90,-2.29,-0.90,INF,-1,0,7,0
12200,0,1,0.000,0.000,0.00,0.00,0.00,0.00,0.00,-1,0,7,0
12220,0,1,0.000,0.000,0.00,0.00,0.00,0.00,0.00,-1,0,7,0
12240,1,1,-24.931,-6.962,-2.33,-0.65,-2.33,-0.65,INF,-1,0,7,0
12260,1,1,-21.360,-5.343,-2.00,-0.50,-2.00,-0.50,INF,-1,0,7,0
12280,1,1,-24.674,-5.878,-2.31,-0.55,-2.30,-0.55,INF,-1,0,7,0
12300,1,1,-23.422,-5.831,-2.19,-0.54,-2.19,-0.55,INF,-1,0,7,0
12320,1,1,-22.878,-5.836,-2.14,-0.55,-2.14,-0.55,INF,-1,0,7,0
12340,1,1,-23.005,-7.660,-2.15,-0.72,-2.15,-0.72,INF,-1,0,7,0
12360,1,1,-21.491,-5.799,-2.01,-0.54,-2.01,-0.54,INF,-1,0,7,0
12380,1,1,-22.343,-4.729,-2.09,-0.44,-2.09,-0.44,INF,-1,0,7,0
12400,1,1,-24.554,-5.805,-2.29,-0.54,-2.29,-0.54,INF,-1,0,7,0
12420,1,1,-23.830,-4.981,-2.23,-0.47,-2.23,-0.47,INF,-1,0,7,0
12440,1,1,-22.486,-4.957,-2.10,-0.46,-2.10,-0.46,INF,-1,1,7,0
12460,1,1,-22.839,-6.887,-2.13,-0.64,-2.13,-0.64,INF,-1,1,7,0
12480,1,1,-21.825,-6.660,-2.04,-0.62,-2.04,-0.62,INF,-1,1,7,0
12500,1,1,-22.907,-6.108,-2.14,-0.57,-2.14,-0.57,INF,-1,1,7,0
12520,1,1,-28.093,-6.565,-2.62,-0.61,-2.62,-0.61,INF,-1,1,7,0
12540,1,1,-39.298,-9.316,-3.67,-0.87,-3.67,-0.87,INF,-1,1,7,0
12560,0,1,0.000,0.000,0.00,0.00,0.00,0.00,0.00,-1,1,7,0
12580,0,1,0.000,0.000,0.00,0.00,0.00,0.00,0.00,-1,1,7,0
12600,0,1,0.000,0.000,0.00,0.00,0.00,0.00,0.00,-1,1,7,0
12620,0,1,0.000,0.000,0.00,0.00,0.00,0.00,0.00,-1,0,7,0
12640,1,1,-40.217,-10.509,-3.75,-0.98,-3.75,-0.98,INF,-1,0,7,0
12660,1,1,-39.097,-9.396,-3.65,-0.88,-3.65,-0.88,INF,-1,0,7,0
12680,1,1,-40.099,-11.862,-3.74,-1.11,-3.74,-1.11,INF,-1,0,7,0
12700,1,1,-40.134,-11.372,-3.75,-1.06,-3.75,-1.06,INF,-1,0,7,0
12720,0,1,0.000,0.000,0.00,0.00,0.00,0.00,0.00,-1,0,7,0
12740,1,1,-38.526,-12.235,-3.60,-1.14,-3.60,-1.14,INF,-1,0,7,0
12760,0,1,0.000,0.000,0.00,0.00,0.00,0.00,0.00,-1,0,7,0
12780,1,1,-37.573,-11.952,-3.51,-1.11,-3.51,-1.12,INF,-1,0,7,0
12800,0,1,0.000,0.000,0.00,0.00,0.00,0.00,0.00,-1,0,7,0
12820,1,1,-38.978,-10.877,-3.64,-1.01,-3.64,-1.02,INF,-1,1,7,0
12840,1,1,-40.383,-9.852,-3.77,-0.92,-3.77,-0.92,INF,-1,1,7,0
12860,0,1,0.000,0.000,0.00,0.00,0.00,0.00,0.00,-1,1,7,0
12880,1,1,-64.794,-14.684,-6.03,-1.36,-6.03,-1.37,INF,-1,1,7,0
12900,1,1,-61.861,-13.334,-5.76,-1.24,-5.76,-1.25,INF,-1,1,7,0
12920,0,1,0.000,0.000,0.00,0.00,0.00,0.00,0.00,-1,1,7,0
12940,0,1,0.000,0.000,0.00,0.00,0.00,0.00,0.00,-1,0,7,0
12960,1,1,-62.141,-15.012,-5.79,-1.40,-5.79,-1.40,INF,-1,0,7,0
12980,0,1,0.000,0.000,0.00,0.00,0.00,0.00,0.00,-1,0,7,0
13000,1,1,-62.722,-14.213,-5.84,-1.32,-5.84,-1.33,INF,-1,0,7,0
13020,0,1,0.000,0.000,0.00,0.00,0.00,0.00,0.00,-1,0,7,0
13040,0,1,0.000,0.000,0.00,0.00,0.00,0.00,0.00,-1,0,7,0
13060,1,1,-259.354,80.610,-22.93,6.91,-22.76,7.49,INF,-1,0,7,0
13080,0,1,0.000,0.000,0.00,0.00,0.00,0.00,0.00,-1,0,7,0
13100,1,1,-41.033,-17.041,-3.83,-1.59,-3.83,-1.59,INF,-1,0,7,0
13120,1,1,-41.932,-16.000,-3.91,-1.49,-3.91,-1.50,INF,-1,0,7,0
13140,1,1,-40.507,-16.697,-3.78,-1.56,-3.78,-1.56,INF,-1,0,7,0
13160,0,1,0.000,0.000,0.00,0.00,0.00,0.00,0.00,-1,0,7,0
13180,1,1,-39.073,-16.814,-3.65,-1.57,-3.65,-1.57,INF,-1,0,7,0
13200,1,1,-40.676,-17.938,-3.80,-1.67,-3.79,-1.68,INF,-1,0,7,0
13220,1,1,-38.139,-18.203,-3.56,-1.70,-3.56,-1.70,INF,-1,0,7,0
13240,1,1,-40.108,-18.215,-3.74,-1.70,-3.74,-1.70,INF,-1,0,7,0
13260,1,1,-38.701,-18.097,-3.61,-1.69,-3.61,-1.69,INF,-1,0,7,0
13280,1,1,-38.274,-17.977,-3.57,-1.68,-3.57,-1.68,INF,-1,0,7,0
13300,1,1,-38.825,-18.575,-3.62,-1.73,-3.62,-1.74,INF,-1,0,7,0
13320,1,1,-39.442,-17.137,-3.68,-1.60,-3.68,-1.60,INF,-1,0,7,0
13340,1,1,-39.161,-18.157,-3.66,-1.69,-3.65,-1.70,INF,-1,0,7,0
13360,1,1,-40.234,-18.637,-3.76,-1.74,-3.75,-1.74,INF,-1,0,7,0
13380,1,1,-37.577,-18.734,-3.51,-1.75,-3.51,-1.75,INF,-1,1,7,0
13400,1,1,-38.346,-18.434,-3.58,-1.72,-3.58,-1.72,INF,-1,1,7,0
13420,1,1,-40.684,-17.980,-3.80,-1.68,-3.80,-1.68,INF,-1,1,7,0
13440,1,1,-39.545,-18.567,-3.69,-1.73,-3.69,-1.73,INF,-1,1,7,0
13460,1,1,-39.300,-18.653,-3.67,-1.74,-3.67,-1.74,INF,-1,1,7,0
13480,1,1,-39.194,-20.377,-3.66,-1.90,-3.66,-1.90,INF,-1,1,7,0
13500,1,1,-38.630,-18.778,-3.61,-1.75,-3.60,-1.75,INF,-1,1,7,0
13520,1,1,-38.396,-19.204,-3.58,-1.79,-3.58,-1.79,INF,-1,1,7,0
13540,1,1,-38.788,-18.125,-3.62,-1.69,-3.62,-1.69,INF,-1,1,7,0
13560,1,1,-39.551,-19.638,-3.69,-1.83,-3.69,-1.83,INF,-1,1,7,0
13580,1,1,-40.851,-18.902,-3.81,-1.76,-3.81,-1.77,INF,-1,1,7,0
13600,1,1,-13.711,-5.993,-1.28,-0.56,-1.28,-0.56,INF,-1,1,7,0
13620,1,1,-9.611,-1.434,-0.90,-0.13,-0.90,-0.13,INF,-1,1,7,0
13640,1,1,-10.074,-2.934,-0.94,-0.27,-0.94,-0.27,INF,-1,0,7,0
13660,1,1,-8.277,-2.395,-0.77,-0.22,-0.77,-0.22,INF,-1,0,7,0
13680,0,1,0.000,0.000,0.00,0.00,0.00,0.00,0.00,-1,0,7,0
13700,1,1,-9.608,-2.755,-0.90,-0.26,-0.90,-0.26,INF,-1,0,7,0
13720,1,1,-9.143,-1.222,-0.85,-0.11,-0.85,-0.11,INF,-1,0,7,0
13740,1,1,-9.769,-2.220,-0.91,-0.21,-0.91,-0.21,INF,-1,0,7,0
13760,1,1,-10.890,-0.965,-1.02,-0.09,-1.02,-0.09,INF,-1,0,7,0
13780,1,1,-11.670,-1.496,-1.09,-0.14,-1.09,-0.14,INF,-1,0,7,0
13800,1,1,-11.123,-0.369,-1.04,-0.03,-1.04,-0.03,INF,-1,0,7,0
13820,1,1,-12.149,-1.777,-1.14,-0.17,-1.14,-0.17,INF,-1,0,7,0
13840,1,1,-11.768,-0.369,-1.10,-0.03,-1.10,-0.03,INF,-1,0,7,0
13860,0,1,0.000,0.000,0.00,0.00,0.00,0.00,0.00,-1,0,7,0
13880,1,1,-13.147,-0.420,-1.23,-0.04,-1.23,-0.04,INF,-1,1,7,0
13900,1,1,-11.856,-1.789,-1.11,-0.17,-1.11,-0.17,INF,-1,1,7,0
13920,1,1,-12.395,-0.473,-1.16,-0.04,-1.16,-0.04,INF,-1,1,7,0
13940,1,1,-11.865,-1.040,-1.11,-0.10,-1.11,-0.10,INF,-1,1,7,0
13960,1,1,-12.379,-0.254,-1.16,-0.02,-1.16,-0.02,INF,-1,1,7,0
13980,1,1,-12.492,0.832,-1.17,0.08,-1.17,0.08,INF,-1,1,7,0
14000,1,1,-14.705,-0.932,-1.37,-0.09,-1.37,-0.09,INF,-1,1,7,0
14020,1,1,-15.227,-1.177,-1.42,-0.11,-1.42,-0.11,INF,-1,1,7,0
14040,1,1,-13.134,-0.575,-1.23,-0.05,-1.23,-0.05,INF,-1,1,7,0
14060,1,1,-11.017,-1.342,-1.03,-0.13,-1.03,-0.13,INF,-1,1,7,0
14080,1,1,-12.180,-14.889,-1.14,-1.39,-1.14,-1.39,INF,-1,1,7,0
14100,0,1,0.000,0.000,0.00,0.00,0.00,0.00,0.00,-1,1,7,0
14120,0,1,0.000,0.000,0.00,0.00,0.00,0.00,0.00,-1,1,7,0
14140,0,1,0.000,0.000,0.00,0.00,0.00,0.00,INF,-1,1,7,0
14160,0,1,0.000,0.000,0.00,0.00,0.00,0.00,INF,-1,0,7,0
14180,0,1,0.000,0.000,0.00,0.00,0.00,0.00,0.00,-1,0,7,0
14200,0,1,0.000,0.000,0.00,0.00,0.00,0.00,0.00,-1,0,7,0
14220,0,1,0.000,0.000,0.00,0.00,0.00,0.00,0.00,-1,0,7,0
14240,1,1,-59.254,-121.509,-5.52,-11.16,-5.42,-11.21,INF,-1,0,7,0
14260,0,1,0.000,0.000,0.00,0.00,0.00,0.00,0.00,-1,0,7,0
14280,1,1,2.745,-18.939,0.26,-1.77,0.26,-1.77,INF,-1,0,7,0
14300,1,1,-0.682,-3.885,-0.06,-0.36,-0.06,-0.36,INF,-1,0,7,0
14320,1,1,0.139,-3.144,0.01,-0.29,0.01,-0.29,INF,-1,0,7,0
14340,1,1,-1.870,-2.396,-0.17,-0.22,-0.17,-0.22,INF,-1,0,7,0
14360,1,1,-1.011,-3.367,-0.09,-0.31,-0.09,-0.31,INF,-1,0,7,0
14380,1,1,-3.321,-2.646,-0.31,-0.25,-0.31,-0.25,INF,-1,0,7,0
14400,1,1,-4.253,-3.127,-0.40,-0.29,-0.40,-0.29,INF,-1,0,7,0
14420,1,1,-4.507,-2.509,-0.42,-0.23,-0.42,-0.23,INF,-1,0,7,0
14440,1,1,-2.935,-0.711,-0.27,-0.07,-0.27,-0.07,INF,-1,0,7,0
14460,1,1,-1.288,-3.125,-0.12,-0.29,-0.12,-0.29,INF,-1,0,7,0
14480,1,1,-3.978,-1.624,-0.37,-0.15,-0.37,-0.15,INF,-1,0,7,0
14500,1,1,-4.652,-1.879,-0.43,-0.18,-0.43,-0.18,INF,-1,0,7,0
14520,1,1,-3.404,-2.335,-0.32,-0.22,-0.32,-0.22,INF,-1,0,7,0
14540,1,1,-8.999,-1.327,-0.84,-0.12,-0.84,-0.12,INF,-1,0,7,0
14560,1,1,-17.822,-5.833,-1.67,-0.54,-1.67,-0.55,INF,-1,0,7,0
14580,1,1,-15.894,-5.062,-1.49,-0.47,-1.49,-0.47,INF,-1,1,7,0
14600,1,1,-18.223,-5.818,-1.70,-0.54,-1.70,-0.54,INF,-1,0,7,0
14620,1,1,-15.748,-6.260,-1.47,-0.58,-1.47,-0.59,INF,-1,0,7,0
14640,1,1,-14.048,-5.581,-1.31,-0.52,-1.31,-0.52,INF,-1,0,7,0
14660,1,1,-16.600,-5.387,-1.55,-0.50,-1.55,-0.50,INF,-1,0,7,0
14680,1,1,-17.469,-4.759,-1.63,-0.44,-1.63,-0.44,INF,-1,0,7,0
14700,1,1,-16.376,-5.577,-1.53,-0.52,-1.53,-0.52,INF,-1,0,7,0
14720,1,1,-17.352,-7.490,-1.62,-0.70,-1.62,-0.70,INF,-1,0,7,0
14740,1,1,-15.620,-4.891,-1.46,-0.46,-1.46,-0.46,INF,-1,0,7,0
14760,1,1,-15.944,-5.150,-1.49,-0.48,-1.49,-0.48,INF,-1,0,7,0
14780,1,1,-15.502,-5.060,-1.45,-0.47,-1.45,-0.47,INF,-1,0,7,0
14800,1,1,-34.496,-8.576,-3.22,-0.80,-3.22,-0.80,INF,-1,0,7,0
14820,1,1,-29.628,-5.897,-2.77,-0.55,-2.77,-0.55,INF,-1,0,7,0
14840,1,1,-31.181,-5.534,-2.91,-0.52,-2.91,-0.52,INF,-1,0,7,0
14860,1,1,-29.339,-6.582,-2.74,-0.61,-2.74,-0.62,INF,-1,1,7,0
14880,0,1,0.000,0.000,0.00,0.00,0.00,0.00,0.00,-1,1,7,0
14900,1,1,-31.260,-8.225,-2.92,-0.77,-2.92,-0.77,INF,-1,1,7,0
14920,0,1,0.000,0.000,0.00,0.00,0.00,0.00,0.00,-1,1,7,0
14940,0,1,0.000,0.000,0.00,0.00,0.00,0.00,0.00,-1,1,7,0
14960,1,1,-29.714,-6.844,-2.78,-0.64,-2.77,-0.64,INF,-1,1,7,0
14980,1,1,-31.720,-6.689,-2.96,-0.62,-2.96,-0.63,INF,-1,1,7,0
15000,0,1,0.000,0.000,0.00,0.00,0.00,0.00,0.00,-1,1,7,0
