"EyeTracker Toolbox version","3.250"
CalibrationParameters_A11,1.25563
CalibrationParameters_A12,0.08185
CalibrationParameters_A13,0.03374
CalibrationParameters_A21,0.08935
CalibrationParameters_A22,-1.29712
CalibrationParameters_A23,-0.00458
CalibrationParameters_A31,-0.00163
CalibrationParameters_A32,-0.00375
CalibrationParameters_E11,-0.17998
CalibrationParameters_E12,0.00007
CalibrationParameters_E21,-0.00004
CalibrationParameters_E22,0.20015
CalibrationParameters_X,-59.29970
CalibrationParameters_Y,-42.09203
CalibrationParameters_Rpc,84.47203
CalibrationParameters_MeanX,113.82529
CalibrationParameters_MeanY,156.07209
CalibrationParameters_ViewDist,613.00000
TimeStamp,Tracked,Calibrated,ScreenPositionXmm,ScreenPositionYmm,FicksLongitude,FicksLatitude,HelmholtzAzimuth,HelmholtzElevation,PupilDiameter,Region,Fixation,DigitalIO,Dropped
0,0,1,0.000,0.000,0.00,0.00,0.00,0.00,0.00,-1,0,7,0
20,0,1,0.000,0.000,0.00,0.00,0.00,0.00,0.00,-1,0,7,0
40,1,1,-157.896,191.223,-14.44,16.81,-13.81,17.33,INF,-1,0,7,0
60,0,1,0.000,0.000,0.00,0.00,0.00,0.00,0.00,-1,0,7,0
80,0,1,0.000,0.000,0.00,0.00,0.00,0.00,0.00,-1,0,7,0
100,0,1,0.000,0.000,0.00,0.00,0.00,0.00,0.00,-1,0,7,0
120,1,1,107.779,-158.992,9.97,-14.33,9.66,-14.54,INF,-1,0,7,0
140,0,1,0.000,0.000,0.00,0.00,0.00,0.00,0.00,-1,0,7,0
160,0,1,0.000,0.000,0.00,0.00,0.00,0.00,0.00,-1,0,7,0
180,1,1,260.089,144.182,22.99,12.22,22.44,13.24,INF,-1,0,7,0
200,0,1,0.000,0.000,0.00,0.00,0.00,0.00,0.00,-1,0,7,0
220,0,1,0.000,0.000,0.00,0.00,0.00,0.00,0.00,-1,0,7,0
240,0,1,0.000,0.000,0.00,0.00,0.00,0.00,0.00,-1,0,7,0
260,0,1,0.000,0.000,0.00,0.00,0.00,0.00,0.00,-1,0,7,0
280,0,1,0.000,0.000,0.00,0.00,0.00,0.00,0.00,-1,0,7,0
300,0,1,0.000,0.000,0.00,0.00,0.00,0.00,0.00,-1,0,7,0
320,0,1,0.000,0.000,0.00,0.00,0.00,0.00,0.00,-1,0,7,0
340,0,1,0.000,0.000,0.00,0.00,0.00,0.00,0.00,-1,0,7,0
360,0,1,0.000,0.000,0.00,0.00,0.00,0.00,0.00,-1,0,7,0
380,0,1,0.000,0.000,0.00,0.00,0.00,0.00,0.00,-1,0,7,0
400,0,1,0.000,0.000,0.00,0.00,0.00,0.00,0.00,-1,0,7,0
420,0,1,0.000,0.000,0.00,0.00,0.00,0.00,0.00,-1,0,7,0
440,1,1,189.373,232.119,17.17,19.89,16.11,20.74,INF,-1,0,7,0
460,0,1,0.000,0.000,0.00,0.00,0.00,0.00,0.00,-1,0,7,0
480,0,1,0.000,0.000,0.00,0.00,0.00,0.00,0.00,-1,0,7,0
500,0,1,0.000,0.000,0.00,0.00,0.00,0.00,0.00,-1,0,7,0
520,0,1,0.000,0.000,0.00,0.00,0.00,0.00,0.00,-1,0,7,0
540,0,1,0.000,0.000,0.00,0.00,0.00,0.00,0.00,-1,0,7,0
560,0,1,0.000,0.000,0.00,0.00,0.00,0.00,0.00,-1,0,7,0
580,0,1,0.000,0.000,0.00,0.00,0.00,0.00,0.00,-1,0,7,0
600,0,1,0.000,0.000,0.00,0.00,0.00,0.00,0.00,-1,0,7,0
620,0,1,0.000,0.000,0.00,0.00,0.00,0.00,0.00,-1,0,7,0
640,0,1,0.000,0.000,0.00,0.00,0.00,0.00,0.00,-1,0,7,0
660,0,1,0.000,0.000,0.00,0.00,0.00,0.00,0.00,-1,0,7,0
680,0,1,0.000,0.000,0.00,0.00,0.00,0.00,0.00,-1,0,7,0
700,0,1,0.000,0.000,0.00,0.00,0.00,0.00,0.00,-1,0,7,0
720,0,1,0.000,0.000,0.00,0.00,0.00,0.00,0.00,-1,0,7,0
740,0,1,0.000,0.000,0.00,0.00,0.00,0.00,0.00,-1,0,7,0
760,0,1,0.000,0.000,0.00,0.00,0.00,0.00,0.00,-1,0,7,0
780,0,1,0.000,0.000,0.00,0.00,0.00,0.00,0.00,-1,0,7,0
800,0,1,0.000,0.000,0.00,0.00,0.00,0.00,0.00,-1,0,7,0
820,0,1,0.000,0.000,0.00,0.00,0.00,0.00,0.00,-1,0,7,0
840,0,1,0.000,0.000,0.00,0.00,0.00,0.00,0.00,-1,0,7,0
860,0,1,0.000,0.000,0.00,0.00,0.00,0.00,0.00,-1,0,7,0
880,0,1,0.000,0.000,0.00,0.00,0.00,0.00,0.00,-1,0,7,0
900,0,1,0.000,0.000,0.00,0.00,0.00,0.00,0.00,-1,0,7,0
920,0,1,0.000,0.000,0.00,0.00,0.00,0.00,0.00,-1,0,7,0
940,0,1,0.000,0.000,0.00,0.00,0.00,0.00,0.00,-1,0,7,0
960,0,1,0.000,0.000,0.00,0.00,0.00,0.00,0.00,-1,0,7,0
980,0,1,0.000,0.000,0.00,0.00,0.00,0.00,0.00,-1,0,7,0
1000,0,1,0.000,0.000,0.00,0.00,0.00,0.00,0.00,-1,0,7,0
1020,1,1,126.125,192.444,11.63,17.09,11.11,17.43,INF,-1,0,7,0
1040,0,1,0.000,0.000,0.00,0.00,0.00,0.00,0.00,-1,0,7,0
1060,0,1,0.000,0.000,0.00,0.00,0.00,0.00,0.00,-1,0,7,0
1080,1,1,115.767,140.412,10.69,12.68,10.43,12.90,INF,-1,0,7,0
1100,0,1,0.000,0.000,0.00,0.00,0.00,0.00,0.00,-1,0,7,0
1120,0,1,0.000,0.000,0.00,0.00,0.00,0.00,0.00,-1,0,7,0
1140,1,1,80.360,178.827,7.47,16.13,7.17,16.26,INF,-1,0,7,0
1160,0,1,0.000,0.000,0.00,0.00,0.00,0.00,0.00,-1,0,7,0
1180,0,1,0.000,0.000,0.00,0.00,0.00,0.00,0.00,-1,0,7,0
1200,0,1,0.000,0.000,0.00,0.00,0.00,0.00,0.00,-1,0,7,0
1220,0,1,0.000,0.000,0.00,0.00,0.00,0.00,0.00,-1,0,7,0
1240,0,1,0.000,0.000,0.00,0.00,0.00,0.00,0.00,-1,0,7,0
1260,0,1,0.000,0.000,0.00,0.00,0.00,0.00,INF,-1,0,7,0
1280,0,1,0.000,0.000,0.00,0.00,0.00,0.00,0.00,-1,0,7,0
1300,0,1,0.000,0.000,0.00,0.00,0.00,0.00,INF,-1,0,7,0
1320,0,1,0.000,0.000,0.00,0.00,0.00,0.00,0.00,-1,0,7,0
1340,0,1,0.000,0.000,0.00,0.00,0.00,0.00,INF,-1,0,7,0
1360,0,1,0.000,0.000,0.00,0.00,0.00,0.00,0.00,-1,0,7,0
1380,0,1,0.000,0.000,0.00,0.00,0.00,0.00,0.00,-1,0,7,0
1400,0,1,0.000,0.000,0.00,0.00,0.00,0.00,INF,-1,0,7,0
1420,0,1,0.000,0.000,0.00,0.00,0.00,0.00,0.00,-1,0,7,0
1440,0,1,0.000,0.000,0.00,0.00,0.00,0.00,0.00,-1,0,7,0
1460,1,1,34.137,-36.543,3.19,-3.41,3.18,-3.41,INF,-1,0,7,0
1480,1,1,17.993,-11.470,1.68,-1.07,1.68,-1.07,INF,-1,0,7,0
1500,1,1,19.590,12.900,1.83,1.20,1.83,1.21,INF,-1,0,7,0
1520,1,1,17.234,9.405,1.61,0.88,1.61,0.88,INF,-1,0,7,0
1540,1,1,17.075,8.109,1.60,0.76,1.60,0.76,INF,-1,0,7,0
1560,1,1,17.385,9.993,1.62,0.93,1.62,0.93,INF,-1,0,7,0
1580,1,1,18.591,10.467,1.74,0.98,1.74,0.98,INF,-1,0,7,0
1600,1,1,20.077,8.770,1.88,0.82,1.88,0.82,INF,-1,0,7,0
1620,1,1,21.746,10.062,2.03,0.94,2.03,0.94,INF,-1,0,7,0
1640,1,1,18.096,8.670,1.69,0.81,1.69,0.81,INF,-1,0,7,0
1660,1,1,15.434,13.137,1.44,1.23,1.44,1.23,INF,-1,0,7,0
1680,0,1,0.000,0.000,0.00,0.00,0.00,0.00,0.00,-1,0,7,0
1700,1,1,100.973,159.994,9.35,14.44,9.06,14.63,INF,-1,0,7,0
1720,1,1,19.811,16.694,1.85,1.56,1.85,1.56,INF,-1,0,7,0
1740,1,1,14.755,15.403,1.38,1.44,1.38,1.44,INF,-1,0,7,0
1760,1,1,19.169,13.958,1.79,1.30,1.79,1.30,INF,-1,0,7,0
1780,1,1,14.461,14.669,1.35,1.37,1.35,1.37,INF,-1,1,7,0
1800,1,1,17.094,15.893,1.60,1.48,1.60,1.49,INF,-1,1,7,0
1820,1,1,18.831,18.908,1.76,1.77,1.76,1.77,INF,-1,1,7,0
1840,1,1,13.817,17.409,1.29,1.63,1.29,1.63,INF,-1,1,7,0
1860,1,1,14.008,13.583,1.31,1.27,1.31,1.27,INF,-1,1,7,0
1880,1,1,16.126,14.733,1.51,1.38,1.51,1.38,INF,-1,1,7,0
1900,1,1,13.182,18.264,1.23,1.71,1.23,1.71,INF,-1,1,7,0
1920,1,1,13.367,18.838,1.25,1.76,1.25,1.76,INF,-1,1,7,0
1940,1,1,12.918,14.630,1.21,1.37,1.21,1.37,INF,-1,1,7,0
1960,1,1,11.479,19.359,1.07,1.81,1.07,1.81,INF,-1,1,7,0
1980,1,1,18.238,13.849,1.70,1.29,1.70,1.29,INF,-1,1,7,0
2000,1,1,18.110,18.570,1.69,1.73,1.69,1.74,INF,-1,1,7,0
2020,1,1,18.597,18.218,1.74,1.70,1.74,1.70,INF,-1,1,7,0
2040,1,1,17.473,16.430,1.63,1.53,1.63,1.54,INF,-1,1,7,0
2060,1,1,21.184,13.871,1.98,1.30,1.98,1.30,INF,-1,1,7,0
2080,1,1,22.298,12.794,2.08,1.19,2.08,1.20,INF,-1,1,7,0
2100,1,1,21.988,14.029,2.05,1.31,2.05,1.31,INF,-1,1,7,0
2120,1,1,16.949,11.476,1.58,1.07,1.58,1.07,INF,-1,1,7,0
2140,1,1,22.162,12.218,2.07,1.14,2.07,1.14,INF,-1,1,7,0
2160,1,1,22.553,12.679,2.11,1.18,2.11,1.18,INF,-1,1,7,0
2180,1,1,22.613,13.915,2.11,1.30,2.11,1.30,INF,-1,1,7,0
2200,1,1,24.314,9.877,2.27,0.92,2.27,0.92,INF,-1,1,7,0
2220,1,1,24.916,14.196,2.33,1.33,2.33,1.33,INF,-1,1,7,0
2240,1,1,22.667,8.867,2.12,0.83,2.12,0.83,INF,-1,1,7,0
2260,1,1,19.313,3.031,1.80,0.28,1.80,0.28,INF,-1,1,7,0
2280,1,1,21.563,3.062,2.01,0.29,2.01,0.29,INF,-1,1,7,0
2300,1,1,18.064,1.959,1.69,0.18,1.69,0.18,INF,-1,1,7,0
2320,1,1,19.062,2.234,1.78,0.21,1.78,0.21,INF,-1,1,7,0
2340,1,1,16.444,3.309,1.54,0.31,1.54,0.31,INF,-1,1,7,0
2360,1,1,20.036,2.274,1.87,0.21,1.87,0.21,INF,-1,1,7,0
2380,1,1,17.934,-0.467,1.68,-0.04,1.68,-0.04,INF,-1,1,7,0
2400,1,1,17.851,1.312,1.67,0.12,1.67,0.12,INF,-1,1,7,0
2420,1,1,21.297,1.586,1.99,0.15,1.99,0.15,INF,-1,0,7,0
2440,1,1,20.644,2.564,1.93,0.24,1.93,0.24,INF,-1,0,7,0
2460,1,1,16.935,-1.468,1.58,-0.14,1.58,-0.14,INF,-1,0,7,0
2480,1,1,14.399,2.056,1.35,0.19,1.35,0.19,INF,-1,0,7,0
2500,1,1,20.510,1.357,1.92,0.13,1.92,0.13,INF,-1,0,7,0
2520,1,1,17.394,3.408,1.63,0.32,1.63,0.32,INF,-1,0,7,0
2540,1,1,19.000,0.803,1.78,0.08,1.78,0.08,INF,-1,0,7,0
2560,1,1,12.271,-0.096,1.15,-0.01,1.15,-0.01,INF,-1,0,7,0
2580,1,1,21.148,0.312,1.98,0.03,1.98,0.03,INF,-1,0,7,0
2600,1,1,16.120,0.048,1.51,0.00,1.51,0.00,INF,-1,0,7,0
2620,1,1,15.360,-1.754,1.44,-0.16,1.44,-0.16,INF,-1,0,7,0
2640,1,1,17.125,-1.062,1.60,-0.10,1.60,-0.10,INF,-1,0,7,0
2660,1,1,15.555,-2.739,1.45,-0.26,1.45,-0.26,INF,-1,1,7,0
2680,1,1,14.833,0.944,1.39,0.09,1.39,0.09,INF,-1,1,7,0
2700,1,1,13.726,1.114,1.28,0.10,1.28,0.10,INF,-1,1,7,0
2720,1,1,15.494,0.727,1.45,0.07,1.45,0.07,INF,-1,1,7,0
2740,1,1,15.968,-2.998,1.49,-0.28,1.49,-0.28,INF,-1,1,7,0
2760,1,1,14.124,-2.267,1.32,-0.21,1.32,-0.21,INF,-1,1,7,0
2780,1,1,17.447,0.970,1.63,0.09,1.63,0.09,INF,-1,1,7,0
2800,1,1,20.981,0.168,1.96,0.02,1.96,0.02,INF,-1,1,7,0
2820,1,1,12.550,-4.427,1.17,-0.41,1.17,-0.41,INF,-1,1,7,0
2840,1,1,19.857,7.652,1.86,0.71,1.86,0.72,INF,-1,1,7,0
2860,1,1,19.162,8.739,1.79,0.82,1.79,0.82,INF,-1,1,7,0
2880,1,1,23.300,7.626,2.18,0.71,2.18,0.71,INF,-1,1,7,0
2900,1,1,17.835,7.131,1.67,0.67,1.67,0.67,INF,-1,1,7,0
2920,1,1,18.838,5.009,1.76,0.47,1.76,0.47,INF,-1,1,7,0
2940,1,1,19.359,6.597,1.81,0.62,1.81,0.62,INF,-1,1,7,0
2960,1,1,18.680,5.581,1.75,0.52,1.75,0.52,INF,-1,1,7,0
2980,1,1,16.554,8.179,1.55,0.76,1.55,0.76,INF,-1,1,7,0
3000,1,1,18.017,10.717,1.68,1.00,1.68,1.00,INF,-1,1,7,0
3020,1,1,21.306,11.212,1.99,1.05,1.99,1.05,INF,-1,1,7,0
3040,1,1,20.456,10.615,1.91,0.99,1.91,0.99,INF,-1,0,7,0
3060,1,1,22.350,7.431,2.09,0.69,2.09,0.69,INF,-1,0,7,0
3080,1,1,19.612,22.358,1.83,2.09,1.83,2.09,INF,-1,0,7,0
3100,1,1,21.600,19.152,2.02,1.79,2.02,1.79,INF,-1,0,7,0
3120,1,1,14.369,19.742,1.34,1.84,1.34,1.84,INF,-1,0,7,0
3140,1,1,21.603,18.707,2.02,1.75,2.02,1.75,INF,-1,0,7,0
3160,1,1,17.050,21.870,1.59,2.04,1.59,2.04,INF,-1,0,7,0
3180,1,1,23.741,18.752,2.22,1.75,2.22,1.75,INF,-1,0,7,0
3200,1,1,17.563,21.782,1.64,2.03,1.64,2.04,INF,-1,0,7,0
3220,1,1,16.026,22.000,1.50,2.05,1.50,2.06,INF,-1,0,7,0
3240,1,1,16.500,21.033,1.54,1.96,1.54,1.97,INF,-1,0,7,0
3260,1,1,15.476,18.411,1.45,1.72,1.45,1.72,INF,-1,0,7,0
3280,1,1,15.841,17.272,1.48,1.61,1.48,1.61,INF,-1,1,7,0
3300,1,1,16.419,18.371,1.53,1.72,1.53,1.72,INF,-1,1,7,0
3320,1,1,20.656,18.274,1.93,1.71,1.93,1.71,INF,-1,1,7,0
3340,1,1,17.730,18.044,1.66,1.69,1.66,1.69,INF,-1,1,7,0
3360,1,1,20.349,17.801,1.90,1.66,1.90,1.66,INF,-1,1,7,0
3380,1,1,19.653,21.740,1.84,2.03,1.84,2.03,INF,-1,1,7,0
3400,0,1,0.000,0.000,0.00,0.00,0.00,0.00,0.00,-1,1,7,0
3420,1,1,14.667,15.108,1.37,1.41,1.37,1.41,INF,-1,1,7,0
3440,1,1,13.496,19.019,1.26,1.78,1.26,1.78,INF,-1,1,7,0
3460,1,1,12.324,23.420,1.15,2.19,1.15,2.19,INF,-1,1,7,0
3480,1,1,15.038,21.293,1.41,1.99,1.40,1.99,INF,-1,1,7,0
3500,1,1,12.071,20.997,1.13,1.96,1.13,1.96,INF,-1,1,7,0
3520,1,1,16.352,20.171,1.53,1.88,1.53,1.88,INF,-1,1,7,0
3540,1,1,18.108,17.466,1.69,1.63,1.69,1.63,INF,-1,1,7,0
3560,1,1,21.938,16.040,2.05,1.50,2.05,1.50,INF,-1,1,7,0
3580,1,1,16.408,18.572,1.53,1.73,1.53,1.74,INF,-1,1,7,0
3600,1,1,14.047,19.510,1.31,1.82,1.31,1.82,INF,-1,1,7,0
3620,1,1,8.718,23.641,0.81,2.21,0.81,2.21,INF,-1,1,7,0
3640,1,1,10.863,24.203,1.02,2.26,1.01,2.26,INF,-1,1,7,0
3660,1,1,7.607,23.069,0.71,2.16,0.71,2.16,INF,-1,0,7,0
3680,1,1,5.039,20.245,0.47,1.89,0.47,1.89,INF,-1,0,7,0
3700,1,1,9.697,25.278,0.91,2.36,0.91,2.36,INF,-1,0,7,0
3720,1,1,5.312,25.003,0.50,2.34,0.50,2.34,INF,-1,0,7,0
3740,1,1,13.145,24.647,1.23,2.30,1.23,2.30,INF,-1,0,7,0
3760,1,1,8.904,21.925,0.83,2.05,0.83,2.05,INF,-1,0,7,0
3780,1,1,14.490,23.402,1.35,2.19,1.35,2.19,INF,-1,0,7,0
3800,1,1,14.439,23.082,1.35,2.16,1.35,2.16,INF,-1,0,7,0
3820,1,1,8.223,26.329,0.77,2.46,0.77,2.46,INF,-1,0,7,0
3840,1,1,8.339,26.475,0.78,2.47,0.78,2.47,INF,-1,0,7,0
3860,1,1,5.120,21.258,0.48,1.99,0.48,1.99,INF,-1,0,7,0
3880,1,1,5.453,20.692,0.51,1.93,0.51,1.93,INF,-1,0,7,0
3900,1,1,13.994,22.397,1.31,2.09,1.31,2.09,INF,-1,1,7,0
3920,1,1,8.264,23.729,0.77,2.22,0.77,2.22,INF,-1,1,7,0
3940,1,1,5.366,14.212,0.50,1.33,0.50,1.33,INF,-1,1,7,0
3960,1,1,15.169,-4.677,1.42,-0.44,1.42,-0.44,INF,-1,1,7,0
3980,1,1,8.758,-2.946,0.82,-0.28,0.82,-0.28,INF,-1,0,7,0
4000,1,1,14.628,-4.880,1.37,-0.46,1.37,-0.46,INF,-1,0,7,0
4020,1,1,14.700,-1.025,1.37,-0.10,1.37,-0.10,INF,-1,0,7,0
4040,1,1,9.742,-2.828,0.91,-0.26,0.91,-0.26,INF,-1,0,7,0
4060,1,1,14.796,-2.904,1.38,-0.27,1.38,-0.27,INF,-1,0,7,0
4080,1,1,16.890,-4.855,1.58,-0.45,1.58,-0.45,INF,-1,0,7,0
4100,1,1,13.166,-3.090,1.23,-0.29,1.23,-0.29,INF,-1,0,7,0
4120,1,1,14.725,-1.768,1.38,-0.17,1.38,-0.17,INF,-1,0,7,0
4140,1,1,13.986,-5.107,1.31,-0.48,1.31,-0.48,INF,-1,0,7,0
4160,1,1,11.807,-4.380,1.10,-0.41,1.10,-0.41,INF,-1,0,7,0
4180,1,1,8.518,-8.225,0.80,-0.77,0.80,-0.77,INF,-1,0,7,0
4200,1,1,13.753,-6.721,1.29,-0.63,1.29,-0.63,INF,-1,0,7,0
4220,1,1,11.138,-4.274,1.04,-0.40,1.04,-0.40,INF,-1,0,7,0
4240,1,1,8.732,-4.051,0.82,-0.38,0.82,-0.38,INF,-1,1,7,0
4260,1,1,15.975,-6.768,1.49,-0.63,1.49,-0.63,INF,-1,1,7,0
4280,1,1,13.833,-2.622,1.29,-0.24,1.29,-0.25,INF,-1,1,7,0
4300,1,1,15.641,-5.328,1.46,-0.50,1.46,-0.50,INF,-1,1,7,0
4320,1,1,11.709,-3.051,1.09,-0.29,1.09,-0.29,INF,-1,1,7,0
4340,1,1,20.468,-3.262,1.91,-0.30,1.91,-0.30,INF,-1,1,7,0
4360,1,1,12.060,-6.621,1.13,-0.62,1.13,-0.62,INF,-1,1,7,0
4380,1,1,15.269,-9.303,1.43,-0.87,1.43,-0.87,INF,-1,1,7,0
4400,1,1,14.029,-9.273,1.31,-0.87,1.31,-0.87,INF,-1,1,7,0
4420,1,1,15.364,-8.180,1.44,-0.76,1.44,-0.76,INF,-1,1,7,0
4440,1,1,15.334,-2.127,1.43,-0.20,1.43,-0.20,INF,-1,1,7,0
4460,1,1,13.419,-5.523,1.25,-0.52,1.25,-0.52,INF,-1,1,7,0
4480,1,1,18.633,-3.084,1.74,-0.29,1.74,-0.29,INF,-1,1,7,0
4500,1,1,14.552,-4.911,1.36,-0.46,1.36,-0.46,INF,-1,1,7,0
4520,1,1,13.629,-4.991,1.27,-0.47,1.27,-0.47,INF,-1,1,7,0
4540,1,1,19.221,-6.659,1.80,-0.62,1.80,-0.62,INF,-1,1,7,0
4560,1,1,11.028,-4.417,1.03,-0.41,1.03,-0.41,INF,-1,1,7,0
4580,1,1,16.709,-1.984,1.56,-0.19,1.56,-0.19,INF,-1,1,7,0
4600,1,1,22.696,-2.140,2.12,-0.20,2.12,-0.20,INF,-1,1,7,0
4620,1,1,9.258,-2.498,0.87,-0.23,0.87,-0.23,INF,-1,1,7,0
4640,1,1,17.363,5.295,1.62,0.49,1.62,0.49,INF,-1,1,7,0
4660,1,1,11.503,-3.636,1.08,-0.34,1.07,-0.34,INF,-1,1,7,0
4680,1,1,13.432,-0.507,1.26,-0.05,1.26,-0.05,INF,-1,1,7,0
4700,1,1,13.886,-4.163,1.30,-0.39,1.30,-0.39,INF,-1,1,7,0
4720,1,1,16.900,0.804,1.58,0.08,1.58,0.08,INF,-1,1,7,0
4740,1,1,16.236,1.364,1.52,0.13,1.52,0.13,INF,-1,1,7,0
4760,1,1,16.939,2.421,1.58,0.23,1.58,0.23,INF,-1,1,7,0
4780,1,1,16.572,-2.102,1.55,-0.20,1.55,-0.20,INF,-1,1,7,0
4800,1,1,8.556,-1.117,0.80,-0.10,0.80,-0.10,INF,-1,1,7,0
4820,1,1,14.115,3.407,1.32,0.32,1.32,0.32,INF,-1,1,7,0
4840,1,1,15.819,-0.626,1.48,-0.06,1.48,-0.06,INF,-1,1,7,0
4860,1,1,12.385,-1.410,1.16,-0.13,1.16,-0.13,INF,-1,1,7,0
4880,1,1,15.106,-2.320,1.41,-0.22,1.41,-0.22,INF,-1,1,7,0
4900,1,1,14.432,0.134,1.35,0.01,1.35,0.01,INF,-1,1,7,0
4920,1,1,14.103,0.348,1.32,0.03,1.32,0.03,INF,-1,1,7,0
4940,1,1,15.758,-3.198,1.47,-0.30,1.47,-0.30,INF,-1,1,7,0
4960,1,1,13.209,0.904,1.23,0.08,1.23,0.08,INF,-1,1,7,0
4980,1,1,14.019,-0.433,1.31,-0.04,1.31,-0.04,INF,-1,1,7,0
5000,1,1,14.868,2.698,1.39,0.25,1.39,0.25,INF,-1,1,7,0
5020,1,1,9.165,-6.668,0.86,-0.62,0.86,-0.62,INF,-1,1,7,0
5040,1,1,10.568,-1.232,0.99,-0.12,0.99,-0.12,INF,-1,1,7,0
5060,1,1,11.235,-1.266,1.05,-0.12,1.05,-0.12,INF,-1,1,7,0
5080,1,1,11.132,-2.315,1.04,-0.22,1.04,-0.22,INF,-1,1,7,0
5100,1,1,18.905,-1.254,1.77,-0.12,1.77,-0.12,INF,-1,1,7,0
5120,1,1,12.811,-1.909,1.20,-0.18,1.20,-0.18,INF,-1,1,7,0
5140,1,1,15.730,0.668,1.47,0.06,1.47,0.06,INF,-1,1,7,0
5160,1,1,21.041,3.408,1.97,0.32,1.97,0.32,INF,-1,1,7,0
5180,1,1,13.806,0.338,1.29,0.03,1.29,0.03,INF,-1,1,7,0
5200,1,1,11.880,-9.561,1.11,-0.89,1.11,-0.89,INF,-1,1,7,0
5220,1,1,10.069,-14.477,0.94,-1.35,0.94,-1.35,INF,-1,1,7,0
5240,1,1,6.249,-13.058,0.58,-1.22,0.58,-1.22,INF,-1,1,7,0
5260,1,1,4.271,-15.264,0.40,-1.43,0.40,-1.43,INF,-1,0,7,0
5280,1,1,6.338,-14.805,0.59,-1.38,0.59,-1.38,INF,-1,0,7,0
5300,1,1,6.640,-13.218,0.62,-1.24,0.62,-1.24,INF,-1,0,7,0
5320,1,1,11.505,-13.555,1.08,-1.27,1.07,-1.27,INF,-1,0,7,0
5340,1,1,9.913,-17.556,0.93,-1.64,0.93,-1.64,INF,-1,0,7,0
5360,0,1,0.000,0.000,0.00,0.00,0.00,0.00,0.00,-1,0,7,0
5380,0,1,0.000,0.000,0.00,0.00,0.00,0.00,0.00,-1,0,7,0
5400,1,1,11.457,-14.113,1.07,-1.32,1.07,-1.32,INF,-1,0,7,0
5420,1,1,3.170,-11.760,0.30,-1.10,0.30,-1.10,INF,-1,0,7,0
5440,1,1,6.825,-10.499,0.64,-0.98,0.64,-0.98,INF,-1,0,7,0
5460,1,1,6.198,-16.505,0.58,-1.54,0.58,-1.54,INF,-1,0,7,0
5480,1,1,2.368,-13.993,0.22,-1.31,0.22,-1.31,INF,-1,0,7,0
5500,1,1,8.015,-13.460,0.75,-1.26,0.75,-1.26,INF,-1,1,7,0
5520,1,1,7.246,-12.942,0.68,-1.21,0.68,-1.21,INF,-1,1,7,0
5540,1,1,2.873,-7.885,0.27,-0.74,0.27,-0.74,INF,-1,1,7,0
5560,1,1,12.037,-17.059,1.12,-1.59,1.12,-1.59,INF,-1,1,7,0
5580,1,1,11.996,-13.461,1.12,-1.26,1.12,-1.26,INF,-1,1,7,0
5600,1,1,2.279,-11.105,0.21,-1.04,0.21,-1.04,INF,-1,1,7,0
5620,1,1,7.515,-15.624,0.70,-1.46,0.70,-1.46,INF,-1,1,7,0
5640,1,1,5.280,-8.939,0.49,-0.84,0.49,-0.84,INF,-1,1,7,0
5660,1,1,6.804,-17.653,0.64,-1.65,0.64,-1.65,INF,-1,1,7,0
5680,1,1,8.551,-14.804,0.80,-1.38,0.80,-1.38,INF,-1,1,7,0
5700,1,1,20.900,-0.658,1.95,-0.06,1.95,-0.06,INF,-1,1,7,0
5720,1,1,17.940,-2.869,1.68,-0.27,1.68,-0.27,INF,-1,1,7,0
5740,1,1,23.489,2.786,2.19,0.26,2.19,0.26,INF,-1,0,7,0
5760,1,1,19.888,-0.877,1.86,-0.08,1.86,-0.08,INF,-1,0,7,0
5780,1,1,22.918,2.315,2.14,0.22,2.14,0.22,INF,-1,0,7,0
5800,1,1,14.203,3.067,1.33,0.29,1.33,0.29,INF,-1,0,7,0
5820,1,1,21.184,1.621,1.98,0.15,1.98,0.15,INF,-1,0,7,0
5840,1,1,22.969,4.660,2.15,0.44,2.15,0.44,INF,-1,0,7,0
5860,1,1,18.498,2.793,1.73,0.26,1.73,0.26,INF,-1,0,7,0
5880,1,1,19.724,1.065,1.84,0.10,1.84,0.10,INF,-1,0,7,0
5900,1,1,19.677,1.740,1.84,0.16,1.84,0.16,INF,-1,0,7,0
5920,1,1,25.108,3.051,2.35,0.28,2.35,0.29,INF,-1,0,7,0
5940,1,1,22.951,2.819,2.14,0.26,2.14,0.26,INF,-1,0,7,0
5960,1,1,20.343,-2.257,1.90,-0.21,1.90,-0.21,INF,-1,0,7,0
5980,1,1,19.490,0.601,1.82,0.06,1.82,0.06,INF,-1,1,7,0
6000,1,1,17.867,0.440,1.67,0.04,1.67,0.04,INF,-1,1,7,0
6020,1,1,23.229,2.019,2.17,0.19,2.17,0.19,INF,-1,1,7,0
6040,1,1,15.398,-0.105,1.44,-0.01,1.44,-0.01,INF,-1,1,7,0
6060,1,1,22.081,0.818,2.06,0.08,2.06,0.08,INF,-1,1,7,0
6080,1,1,21.609,-4.167,2.02,-0.39,2.02,-0.39,INF,-1,1,7,0
6100,1,1,22.783,0.010,2.13,0.00,2.13,0.00,INF,-1,1,7,0
6120,1,1,22.624,2.847,2.11,0.27,2.11,0.27,INF,-1,1,7,0
6140,1,1,19.263,0.166,1.80,0.02,1.80,0.02,INF,-1,1,7,0
6160,1,1,20.400,0.637,1.91,0.06,1.91,0.06,INF,-1,1,7,0
6180,1,1,20.638,-4.643,1.93,-0.43,1.93,-0.43,INF,-1,1,7,0
6200,1,1,18.365,2.852,1.72,0.27,1.72,0.27,INF,-1,1,7,0
6220,1,1,22.021,8.731,2.06,0.82,2.06,0.82,INF,-1,1,7,0
6240,1,1,20.049,6.738,1.87,0.63,1.87,0.63,INF,-1,1,7,0
6260,1,1,23.724,6.035,2.22,0.56,2.22,0.56,INF,-1,1,7,0
6280,1,1,17.083,9.308,1.60,0.87,1.60,0.87,INF,-1,1,7,0
6300,1,1,24.435,2.564,2.28,0.24,2.28,0.24,INF,-1,1,7,0
6320,1,1,15.904,5.214,1.49,0.49,1.49,0.49,INF,-1,1,7,0
6340,1,1,22.562,5.840,2.11,0.55,2.11,0.55,INF,-1,1,7,0
6360,1,1,22.945,6.697,2.14,0.63,2.14,0.63,INF,-1,1,7,0
6380,1,1,23.623,9.872,2.21,0.92,2.21,0.92,INF,-1,1,7,0
6400,1,1,18.261,6.149,1.71,0.57,1.71,0.57,INF,-1,1,7,0
6420,1,1,18.274,6.332,1.71,0.59,1.71,0.59,INF,-1,1,7,0
6440,1,1,20.226,9.836,1.89,0.92,1.89,0.92,INF,-1,1,7,0
6460,1,1,16.778,2.017,1.57,0.19,1.57,0.19,INF,-1,1,7,0
6480,1,1,19.173,8.281,1.79,0.77,1.79,0.77,INF,-1,1,7,0
6500,1,1,20.863,5.371,1.95,0.50,1.95,0.50,INF,-1,1,7,0
6520,1,1,22.159,7.541,2.07,0.70,2.07,0.70,INF,-1,1,7,0
6540,1,1,19.706,7.498,1.84,0.70,1.84,0.70,INF,-1,1,7,0
6560,1,1,20.362,8.852,1.90,0.83,1.90,0.83,INF,-1,1,7,0
6580,1,1,21.125,5.950,1.97,0.56,1.97,0.56,INF,-1,1,7,0
6600,1,1,20.067,6.363,1.87,0.59,1.87,0.59,INF,-1,1,7,0
6620,1,1,22.922,5.146,2.14,0.48,2.14,0.48,INF,-1,1,7,0
6640,1,1,18.531,5.292,1.73,0.49,1.73,0.49,INF,-1,1,7,0
6660,1,1,17.541,7.784,1.64,0.73,1.64,0.73,INF,-1,1,7,0
6680,1,1,17.363,9.154,1.62,0.86,1.62,0.86,INF,-1,1,7,0
6700,1,1,26.808,6.294,2.50,0.59,2.50,0.59,INF,-1,1,7,0
6720,1,1,38.225,10.346,3.57,0.97,3.57,0.97,INF,-1,1,7,0
6740,1,1,34.239,6.495,3.20,0.61,3.20,0.61,INF,-1,1,7,0
6760,1,1,33.163,6.869,3.10,0.64,3.10,0.64,INF,-1,0,7,0
6780,1,1,39.415,3.899,3.68,0.36,3.68,0.36,INF,-1,0,7,0
6800,1,1,33.597,9.207,3.14,0.86,3.14,0.86,INF,-1,0,7,0
6820,1,1,34.654,7.198,3.24,0.67,3.24,0.67,INF,-1,0,7,0
6840,1,1,35.872,7.154,3.35,0.67,3.35,0.67,INF,-1,0,7,0
6860,1,1,37.556,7.000,3.51,0.65,3.51,0.65,INF,-1,0,7,0
6880,1,1,44.032,7.966,4.11,0.74,4.11,0.74,INF,-1,0,7,0
6900,1,1,30.505,5.610,2.85,0.52,2.85,0.52,INF,-1,0,7,0
6920,1,1,34.804,4.025,3.25,0.38,3.25,0.38,INF,-1,0,7,0
6940,1,1,37.705,5.554,3.52,0.52,3.52,0.52,INF,-1,0,7,0
6960,1,1,33.187,4.591,3.10,0.43,3.10,0.43,INF,-1,0,7,0
6980,1,1,38.076,6.433,3.55,0.60,3.55,0.60,INF,-1,0,7,0
7000,1,1,33.770,5.723,3.15,0.53,3.15,0.53,INF,-1,1,7,0
7020,1,1,31.475,2.451,2.94,0.23,2.94,0.23,INF,-1,1,7,0
7040,1,1,42.378,0.732,3.95,0.07,3.95,0.07,INF,-1,1,7,0
7060,1,1,53.776,-7.664,5.01,-0.71,5.01,-0.72,INF,-1,1,7,0
7080,1,1,51.272,-11.924,4.78,-1.11,4.78,-1.11,INF,-1,1,7,0
7100,1,1,49.530,-8.438,4.62,-0.79,4.62,-0.79,INF,-1,0,7,0
7120,1,1,51.621,-6.575,4.81,-0.61,4.81,-0.61,INF,-1,0,7,0
7140,1,1,45.741,-5.054,4.27,-0.47,4.27,-0.47,INF,-1,0,7,0
7160,1,1,43.635,-16.775,4.07,-1.56,4.07,-1.57,INF,-1,0,7,0
7180,0,1,0.000,0.000,0.00,0.00,0.00,0.00,0.00,-1,0,7,0
7200,1,1,51.191,-5.379,4.77,-0.50,4.77,-0.50,INF,-1,0,7,0
7220,1,1,51.031,-7.124,4.76,-0.66,4.76,-0.67,INF,-1,0,7,0
7240,1,1,42.623,-9.561,3.98,-0.89,3.98,-0.89,INF,-1,0,7,0
7260,1,1,47.383,-6.783,4.42,-0.63,4.42,-0.63,INF,-1,0,7,0
7280,1,1,50.408,-8.030,4.70,-0.75,4.70,-0.75,INF,-1,0,7,0
7300,1,1,51.291,-12.638,4.78,-1.18,4.78,-1.18,INF,-1,0,7,0
7320,1,1,49.725,-8.161,4.64,-0.76,4.64,-0.76,INF,-1,0,7,0
7340,1,1,50.080,-11.075,4.67,-1.03,4.67,-1.04,INF,-1,1,7,0
7360,1,1,52.840,-9.997,4.93,-0.93,4.93,-0.93,INF,-1,1,7,0
7380,1,1,56.735,-6.410,5.29,-0.60,5.29,-0.60,INF,-1,1,7,0
7400,1,1,50.091,-7.617,4.67,-0.71,4.67,-0.71,INF,-1,1,7,0
7420,1,1,52.434,-9.531,4.89,-0.89,4.89,-0.89,INF,-1,1,7,0
7440,1,1,47.435,-10.496,4.42,-0.98,4.42,-0.98,INF,-1,1,7,0
7460,1,1,32.138,-21.541,3.00,-2.01,3.00,-2.01,INF,-1,1,7,0
7480,1,1,32.145,-14.553,3.00,-1.36,3.00,-1.36,INF,-1,1,7,0
7500,1,1,36.101,-18.532,3.37,-1.73,3.37,-1.73,INF,-1,0,7,0
7520,1,1,39.305,-14.778,3.67,-1.38,3.67,-1.38,INF,-1,0,7,0
7540,1,1,31.983,-13.302,2.99,-1.24,2.99,-1.24,INF,-1,0,7,0
7560,1,1,36.734,-14.455,3.43,-1.35,3.43,-1.35,INF,-1,0,7,0
7580,1,1,36.642,-14.467,3.42,-1.35,3.42,-1.35,INF,-1,0,7,0
7600,1,1,33.774,-17.340,3.15,-1.62,3.15,-1.62,INF,-1,0,7,0
7620,1,1,33.096,-15.160,3.09,-1.41,3.09,-1.42,INF,-1,0,7,0
7640,1,1,38.586,-15.730,3.60,-1.47,3.60,-1.47,INF,-1,0,7,0
7660,1,1,36.522,-15.145,3.41,-1.41,3.41,-1.42,INF,-1,0,7,0
7680,1,1,37.284,-18.098,3.48,-1.69,3.48,-1.69,INF,-1,0,7,0
7700,1,1,38.344,-15.179,3.58,-1.42,3.58,-1.42,INF,-1,0,7,0
7720,1,1,-11.881,-8.708,-1.11,-0.81,-1.11,-0.81,INF,-1,0,7,0
7740,1,1,-26.126,-5.641,-2.44,-0.53,-2.44,-0.53,INF,-1,0,7,0
7760,1,1,-19.788,-13.987,-1.85,-1.31,-1.85,-1.31,INF,-1,0,7,0
7780,1,1,-23.988,-7.452,-2.24,-0.70,-2.24,-0.70,INF,-1,0,7,0
7800,1,1,-26.057,-10.312,-2.43,-0.96,-2.43,-0.96,INF,-1,0,7,0
7820,1,1,-22.822,-7.539,-2.13,-0.70,-2.13,-0.70,INF,-1,0,7,0
7840,1,1,-26.295,-12.432,-2.46,-1.16,-2.46,-1.16,INF,-1,0,7,0
7860,1,1,-24.884,-8.807,-2.32,-0.82,-2.32,-0.82,INF,-1,0,7,0
7880,1,1,-27.558,-8.994,-2.57,-0.84,-2.57,-0.84,INF,-1,0,7,0
7900,1,1,-24.527,-8.827,-2.29,-0.82,-2.29,-0.82,INF,-1,0,7,0
7920,1,1,-23.717,-12.374,-2.22,-1.16,-2.22,-1.16,INF,-1,0,7,0
7940,1,1,-23.951,-12.101,-2.24,-1.13,-2.24,-1.13,INF,-1,0,7,0
7960,1,1,-26.381,-11.662,-2.46,-1.09,-2.46,-1.09,INF,-1,1,7,0
7980,1,1,-29.839,-9.966,-2.79,-0.93,-2.79,-0.93,INF,-1,1,7,0
8000,1,1,-33.224,1.201,-3.10,0.11,-3.10,0.11,INF,-1,0,7,0
8020,1,1,-36.717,1.830,-3.43,0.17,-3.43,0.17,INF,-1,0,7,0
8040,1,1,-35.865,2.968,-3.35,0.28,-3.35,0.28,INF,-1,0,7,0
8060,1,1,-30.699,-1.086,-2.87,-0.10,-2.87,-0.10,INF,-1,0,7,0
8080,1,1,-30.953,-0.032,-2.89,0.00,-2.89,0.00,INF,-1,0,7,0
8100,1,1,-33.230,1.722,-3.10,0.16,-3.10,0.16,INF,-1,0,7,0
8120,1,1,-33.030,-1.201,-3.08,-0.11,-3.08,-0.11,INF,-1,0,7,0
8140,1,1,-34.353,3.641,-3.21,0.34,-3.21,0.34,INF,-1,0,7,0
8160,1,1,-34.213,2.674,-3.19,0.25,-3.19,0.25,INF,-1,0,7,0
8180,1,1,-23.758,17.143,-2.22,1.60,-2.22,1.60,INF,-1,0,7,0
8200,1,1,-23.345,11.041,-2.18,1.03,-2.18,1.03,INF,-1,0,7,0
8220,1,1,-22.170,12.666,-2.07,1.18,-2.07,1.18,INF,-1,0,7,0
8240,1,1,-18.015,15.050,-1.68,1.41,-1.68,1.41,INF,-1,0,7,0
8260,1,1,-24.678,14.387,-2.31,1.34,-2.30,1.34,INF,-1,0,7,0
8280,1,1,-21.826,14.904,-2.04,1.39,-2.04,1.39,INF,-1,1,7,0
8300,1,1,-22.970,12.440,-2.15,1.16,-2.15,1.16,INF,-1,1,7,0
8320,1,1,-22.033,13.018,-2.06,1.22,-2.06,1.22,INF,-1,1,7,0
8340,1,1,-23.291,17.295,-2.18,1.61,-2.18,1.62,INF,-1,1,7,0
8360,1,1,-25.175,12.598,-2.35,1.18,-2.35,1.18,INF,-1,1,7,0
8380,1,1,-29.389,10.680,-2.74,1.00,-2.74,1.00,INF,-1,1,7,0
8400,1,1,-17.447,13.976,-1.63,1.31,-1.63,1.31,INF,-1,1,7,0
8420,1,1,-25.562,12.160,-2.39,1.14,-2.39,1.14,INF,-1,1,7,0
8440,1,1,-12.949,19.182,-1.21,1.79,-1.21,1.79,INF,-1,1,7,0
8460,1,1,-2.922,18.456,-0.27,1.72,-0.27,1.72,INF,-1,1,7,0
8480,1,1,-7.842,20.126,-0.73,1.88,-0.73,1.88,INF,-1,0,7,0
8500,1,1,-9.519,17.913,-0.89,1.67,-0.89,1.67,INF,-1,0,7,0
8520,1,1,-10.615,21.574,-0.99,2.02,-0.99,2.02,INF,-1,0,7,0
8540,1,1,-7.526,15.989,-0.70,1.49,-0.70,1.49,INF,-1,0,7,0
8560,1,1,-8.357,19.243,-0.78,1.80,-0.78,1.80,INF,-1,0,7,0
8580,1,1,-2.222,20.316,-0.21,1.90,-0.21,1.90,INF,-1,0,7,0
8600,1,1,-10.986,18.020,-1.03,1.68,-1.03,1.68,INF,-1,0,7,0
8620,1,1,-10.349,20.638,-0.97,1.93,-0.97,1.93,INF,-1,0,7,0
8640,1,1,-5.501,20.166,-0.51,1.88,-0.51,1.88,INF,-1,0,7,0
8660,1,1,-6.565,18.978,-0.61,1.77,-0.61,1.77,INF,-1,0,7,0
8680,1,1,-9.161,20.159,-0.86,1.88,-0.86,1.88,INF,-1,0,7,0
8700,1,1,-8.650,18.976,-0.81,1.77,-0.81,1.77,INF,-1,0,7,0
8720,1,1,-10.889,16.344,-1.02,1.53,-1.02,1.53,INF,-1,1,7,0
8740,1,1,-8.008,20.603,-0.75,1.92,-0.75,1.93,INF,-1,1,7,0
8760,1,1,-6.936,17.765,-0.65,1.66,-0.65,1.66,INF,-1,1,7,0
8780,1,1,-4.620,22.535,-0.43,2.11,-0.43,2.11,INF,-1,1,7,0
8800,1,1,0.135,23.010,0.01,2.15,0.01,2.15,INF,-1,1,7,0
8820,1,1,-12.560,18.739,-1.17,1.75,-1.17,1.75,INF,-1,1,7,0
8840,1,1,-9.017,19.414,-0.84,1.81,-0.84,1.81,INF,-1,1,7,0
8860,1,1,-9.001,17.713,-0.84,1.65,-0.84,1.66,INF,-1,1,7,0
8880,1,1,-9.484,21.811,-0.89,2.04,-0.89,2.04,INF,-1,1,7,0
8900,1,1,-6.193,19.263,-0.58,1.80,-0.58,1.80,INF,-1,1,7,0
8920,1,1,-7.329,22.106,-0.68,2.07,-0.68,2.07,INF,-1,1,7,0
8940,1,1,-11.609,26.561,-1.08,2.48,-1.08,2.48,INF,-1,1,7,0
8960,1,1,-10.684,16.854,-1.00,1.57,-1.00,1.57,INF,-1,1,7,0
8980,1,1,-6.344,20.033,-0.59,1.87,-0.59,1.87,INF,-1,1,7,0
9000,1,1,-10.077,22.562,-0.94,2.11,-0.94,2.11,INF,-1,1,7,0
9020,1,1,-6.699,18.802,-0.63,1.76,-0.63,1.76,INF,-1,1,7,0
9040,1,1,-3.513,21.681,-0.33,2.03,-0.33,2.03,INF,-1,1,7,0
9060,1,1,-5.633,21.997,-0.53,2.06,-0.53,2.06,INF,-1,1,7,0
9080,1,1,-8.627,21.351,-0.81,1.99,-0.81,1.99,INF,-1,1,7,0
9100,1,1,-5.663,21.412,-0.53,2.00,-0.53,2.00,INF,-1,1,7,0
9120,1,1,-6.696,22.709,-0.63,2.12,-0.63,2.12,INF,-1,1,7,0
9140,1,1,-4.373,20.466,-0.41,1.91,-0.41,1.91,INF,-1,1,7,0
9160,1,1,-12.081,19.945,-1.13,1.86,-1.13,1.86,INF,-1,1,7,0
9180,1,1,-8.122,18.562,-0.76,1.73,-0.76,1.73,INF,-1,1,7,0
9200,1,1,-14.175,14.810,-1.32,1.38,-1.32,1.38,INF,-1,1,7,0
9220,1,1,-27.141,12.878,-2.54,1.20,-2.53,1.20,INF,-1,1,7,0
9240,1,1,-21.889,15.907,-2.05,1.49,-2.04,1.49,INF,-1,1,7,0
9260,1,1,-20.447,14.070,-1.91,1.31,-1.91,1.31,INF,-1,0,7,0
9280,1,1,-15.357,16.274,-1.44,1.52,-1.43,1.52,INF,-1,0,7,0
9300,1,1,-14.626,12.156,-1.37,1.14,-1.37,1.14,INF,-1,0,7,0
9320,1,1,-27.116,16.052,-2.53,1.50,-2.53,1.50,INF,-1,0,7,0
9340,1,1,-21.532,16.839,-2.01,1.57,-2.01,1.57,INF,-1,0,7,0
9360,1,1,-15.857,17.780,-1.48,1.66,-1.48,1.66,INF,-1,0,7,0
9380,1,1,-19.110,16.501,-1.79,1.54,-1.78,1.54,INF,-1,0,7,0
9400,1,1,-24.778,14.303,-2.31,1.34,-2.31,1.34,INF,-1,0,7,0
9420,1,1,-21.161,6.308,-1.98,0.59,-1.98,0.59,INF,-1,0,7,0
9440,1,1,-22.441,8.404,-2.10,0.78,-2.10,0.79,INF,-1,0,7,0
9460,1,1,-29.969,10.955,-2.80,1.02,-2.80,1.02,INF,-1,0,7,0
9480,1,1,-25.825,12.544,-2.41,1.17,-2.41,1.17,INF,-1,0,7,0
9500,1,1,-22.847,10.323,-2.13,0.96,-2.13,0.96,INF,-1,1,7,0
9520,1,1,-19.278,11.974,-1.80,1.12,-1.80,1.12,INF,-1,1,7,0
9540,1,1,-22.800,10.797,-2.13,1.01,-2.13,1.01,INF,-1,1,7,0
9560,1,1,-22.084,7.807,-2.06,0.73,-2.06,0.73,INF,-1,1,7,0
9580,1,1,-25.211,7.899,-2.36,0.74,-2.35,0.74,INF,-1,1,7,0
9600,1,1,-23.047,8.870,-2.15,0.83,-2.15,0.83,INF,-1,1,7,0
9620,1,1,-28.243,11.764,-2.64,1.10,-2.64,1.10,INF,-1,1,7,0
9640,1,1,-20.440,15.227,-1.91,1.42,-1.91,1.42,INF,-1,1,7,0
9660,1,1,-28.145,16.139,-2.63,1.51,-2.63,1.51,INF,-1,1,7,0
9680,1,1,5.856,23.157,0.55,2.16,0.55,2.16,INF,-1,1,7,0
9700,1,1,10.922,29.266,1.02,2.73,1.02,2.73,INF,-1,1,7,0
9720,1,1,8.434,25.554,0.79,2.39,0.79,2.39,INF,-1,0,7,0
9740,1,1,12.699,25.700,1.19,2.40,1.19,2.40,INF,-1,0,7,0
9760,1,1,17.555,25.932,1.64,2.42,1.64,2.42,INF,-1,0,7,0
9780,1,1,12.399,27.343,1.16,2.55,1.16,2.55,INF,-1,0,7,0
9800,1,1,9.600,26.932,0.90,2.52,0.90,2.52,INF,-1,0,7,0
9820,1,1,13.663,23.957,1.28,2.24,1.28,2.24,INF,-1,0,7,0
9840,1,1,18.552,29.179,1.73,2.72,1.73,2.73,INF,-1,0,7,0
9860,1,1,11.442,22.069,1.07,2.06,1.07,2.06,INF,-1,0,7,0
9880,1,1,13.741,25.580,1.28,2.39,1.28,2.39,INF,-1,0,7,0
9900,1,1,13.520,24.973,1.26,2.33,1.26,2.33,INF,-1,0,7,0
9920,1,1,12.911,25.553,1.21,2.39,1.21,2.39,INF,-1,0,7,0
9940,1,1,5.637,28.120,0.53,2.63,0.53,2.63,INF,-1,0,7,0
9960,1,1,8.771,20.814,0.82,1.94,0.82,1.94,INF,-1,1,7,0
9980,1,1,17.286,28.734,1.62,2.68,1.61,2.68,INF,-1,1,7,0
10000,1,1,18.074,25.599,1.69,2.39,1.69,2.39,INF,-1,1,7,0
10020,1,1,12.397,23.026,1.16,2.15,1.16,2.15,INF,-1,1,7,0
10040,1,1,15.554,27.873,1.45,2.60,1.45,2.60,INF,-1,1,7,0
10060,1,1,15.374,26.773,1.44,2.50,1.44,2.50,INF,-1,1,7,0
10080,1,1,14.253,24.025,1.33,2.24,1.33,2.24,INF,-1,1,7,0
10100,1,1,4.264,25.068,0.40,2.34,0.40,2.34,INF,-1,1,7,0
10120,1,1,28.179,23.161,2.63,2.16,2.63,2.16,INF,-1,1,7,0
10140,1,1,38.122,1.795,3.56,0.17,3.56,0.17,INF,-1,1,7,0
10160,1,1,38.894,3.983,3.63,0.37,3.63,0.37,INF,-1,0,7,0
10180,1,1,39.008,-4.275,3.64,-0.40,3.64,-0.40,INF,-1,0,7,0
10200,1,1,40.552,-0.316,3.78,-0.03,3.78,-0.03,INF,-1,0,7,0
10220,1,1,42.588,-2.442,3.97,-0.23,3.97,-0.23,INF,-1,0,7,0
10240,1,1,40.358,0.354,3.77,0.03,3.77,0.03,INF,-1,0,7,0
10260,1,1,36.384,0.705,3.40,0.07,3.40,0.07,INF,-1,0,7,0
10280,1,1,35.190,-2.348,3.29,-0.22,3.29,-0.22,INF,-1,0,7,0
10300,1,1,35.345,-3.508,3.30,-0.33,3.30,-0.33,INF,-1,0,7,0
10320,1,1,52.027,-33.026,4.85,-3.07,4.84,-3.08,INF,-1,0,7,0
10340,1,1,54.345,-35.696,5.07,-3.32,5.06,-3.33,INF,-1,0,7,0
10360,1,1,60.825,-38.192,5.67,-3.55,5.66,-3.57,INF,-1,0,7,0
10380,1,1,57.004,-34.846,5.31,-3.24,5.30,-3.25,INF,-1,0,7,0
10400,1,1,57.121,-34.091,5.32,-3.17,5.32,-3.18,INF,-1,0,7,0
10420,1,1,54.563,-29.925,5.09,-2.78,5.08,-2.79,INF,-1,0,7,0
10440,1,1,49.424,-35.708,4.61,-3.32,4.60,-3.33,INF,-1,0,7,0
10460,1,1,56.850,-36.211,5.30,-3.37,5.29,-3.38,INF,-1,0,7,0
10480,1,1,50.538,-34.674,4.71,-3.23,4.71,-3.24,INF,-1,0,7,0
10500,1,1,50.097,-35.223,4.67,-3.28,4.66,-3.29,INF,-1,0,7,0
10520,1,1,55.525,-36.305,5.18,-3.38,5.17,-3.39,INF,-1,0,7,0
10540,1,1,52.734,-36.256,4.92,-3.37,4.91,-3.38,INF,-1,0,7,0
10560,1,1,52.408,-34.279,4.89,-3.19,4.88,-3.20,INF,-1,0,7,0
10580,1,1,55.272,-33.374,5.15,-3.10,5.14,-3.12,INF,-1,0,7,0
10600,1,1,51.702,-40.326,4.82,-3.75,4.81,-3.76,INF,-1,1,7,0
10620,1,1,49.528,-36.232,4.62,-3.37,4.61,-3.38,INF,-1,1,7,0
10640,1,1,52.297,-37.125,4.88,-3.45,4.87,-3.47,INF,-1,1,7,0
10660,1,1,50.134,-34.137,4.68,-3.18,4.67,-3.19,INF,-1,1,7,0
10680,1,1,49.350,-36.695,4.60,-3.41,4.59,-3.43,INF,-1,1,7,0
10700,1,1,55.645,-35.842,5.19,-3.33,5.18,-3.35,INF,-1,1,7,0
10720,1,1,53.429,-32.948,4.98,-3.06,4.97,-3.08,INF,-1,1,7,0
10740,0,1,0.000,0.000,0.00,0.00,0.00,0.00,0.00,-1,1,7,0
10760,0,1,0.000,0.000,0.00,0.00,0.00,0.00,0.00,-1,1,7,0
10780,0,1,0.000,0.000,0.00,0.00,0.00,0.00,0.00,-1,1,7,0
10800,0,1,0.000,0.000,0.00,0.00,0.00,0.00,INF,-1,1,7,0
10820,0,1,0.000,0.000,0.00,0.00,0.00,0.00,0.00,-1,0,7,0
10840,0,1,0.000,0.000,0.00,0.00,0.00,0.00,0.00,-1,0,7,0
10860,0,1,0.000,0.000,0.00,0.00,0.00,0.00,INF,-1,0,7,0
10880,0,1,0.000,0.000,0.00,0.00,0.00,0.00,INF,-1,0,7,0
10900,0,1,0.000,0.000,0.00,0.00,0.00,0.00,INF,-1,0,7,0
10920,0,1,0.000,0.000,0.00,0.00,0.00,0.00,INF,-1,0,7,0
10940,0,1,0.000,0.000,0.00,0.00,0.00,0.00,0.00,-1,0,7,0
10960,1,1,1.007,91.250,0.09,8.47,0.09,8.47,INF,-1,0,7,0
10980,0,1,0.000,0.000,0.00,0.00,0.00,0.00,0.00,-1,0,7,0
11000,0,1,0.000,0.000,0.00,0.00,0.00,0.00,0.00,-1,0,7,0
11020,0,1,0.000,0.000,0.00,0.00,0.00,0.00,0.00,-1,0,7,0
11040,0,1,0.000,0.000,0.00,0.00,0.00,0.00,0.00,-1,0,7,0
11060,0,1,0.000,0.000,0.00,0.00,0.00,0.00,0.00,-1,0,7,0
11080,0,1,0.000,0.000,0.00,0.00,0.00,0.00,0.00,-1,0,7,0
11100,1,1,84.907,168.539,7.89,15.23,7.61,15.37,INF,-1,0,7,0
11120,0,1,0.000,0.000,0.00,0.00,0.00,0.00,0.00,-1,0,7,0
11140,0,1,0.000,0.000,0.00,0.00,0.00,0.00,0.00,-1,0,7,0
11160,0,1,0.000,0.000,0.00,0.00,0.00,0.00,0.00,-1,0,7,0
11180,0,1,0.000,0.000,0.00,0.00,0.00,0.00,0.00,-1,0,7,0
11200,1,1,97.943,124.051,9.08,11.30,8.90,11.44,INF,-1,0,7,0
11220,0,1,0.000,0.000,0.00,0.00,0.00,0.00,0.00,-1,0,7,0
11240,0,1,0.000,0.000,0.00,0.00,0.00,0.00,0.00,-1,0,7,0
11260,0,1,0.000,0.000,0.00,0.00,0.00,0.00,0.00,-1,0,7,0
11280,0,1,0.000,0.000,0.00,0.00,0.00,0.00,0.00,-1,0,7,0
11300,0,1,0.000,0.000,0.00,0.00,0.00,0.00,0.00,-1,0,7,0
11320,0,1,0.000,0.000,0.00,0.00,0.00,0.00,0.00,-1,0,7,0
11340,0,1,0.000,0.000,0.00,0.00,0.00,0.00,0.00,-1,0,7,0
11360,0,1,0.000,0.000,0.00,0.00,0.00,0.00,0.00,-1,0,7,0
11380,0,1,0.000,0.000,0.00,0.00,0.00,0.00,0.00,-1,0,7,0
11400,0,1,0.000,0.000,0.00,0.00,0.00,0.00,0.00,-1,0,7,0
11420,0,1,0.000,0.000,0.00,0.00,0.00,0.00,0.00,-1,0,7,0
11440,0,1,0.000,0.000,0.00,0.00,0.00,0.00,0.00,-1,0,7,0
11460,0,1,0.000,0.000,0.00,0.00,0.00,0.00,0.00,-1,0,7,0
11480,0,1,0.000,0.000,0.00,0.00,0.00,0.00,0.00,-1,0,7,0
11500,0,1,0.000,0.000,0.00,0.00,0.00,0.00,0.00,-1,0,7,0
11520,0,1,0.000,0.000,0.00,0.00,0.00,0.00,0.00,-1,0,7,0
11540,0,1,0.000,0.000,0.00,0.00,0.00,0.00,0.00,-1,0,7,0
11560,0,1,0.000,0.000,0.00,0.00,0.00,0.00,0.00,-1,0,7,0
11580,0,1,0.000,0.000,0.00,0.00,0.00,0.00,0.00,-1,0,7,0
11600,0,1,0.000,0.000,0.00,0.00,0.00,0.00,0.00,-1,0,7,0
11620,0,1,0.000,0.000,0.00,0.00,0.00,0.00,0.00,-1,0,7,0
11640,0,1,0.000,0.000,0.00,0.00,0.00,0.00,0.00,-1,0,7,0
11660,0,1,0.000,0.000,0.00,0.00,0.00,0.00,0.00,-1,0,7,0
11680,1,1,-6.546,60.490,-0.61,5.64,-0.61,5.64,INF,-1,0,7,0
11700,1,1,-0.731,28.102,-0.07,2.62,-0.07,2.62,INF,-1,0,7,0
11720,1,1,-12.921,15.683,-1.21,1.47,-1.21,1.47,INF,-1,0,7,0
11740,1,1,-12.976,17.177,-1.21,1.60,-1.21,1.61,INF,-1,0,7,0
11760,1,1,-13.498,21.050,-1.26,1.97,-1.26,1.97,INF,-1,0,7,0
11780,1,1,-15.567,15.398,-1.45,1.44,-1.45,1.44,INF,-1,0,7,0
11800,1,1,-11.209,19.434,-1.05,1.82,-1.05,1.82,INF,-1,0,7,0
11820,1,1,-19.980,21.599,-1.87,2.02,-1.87,2.02,INF,-1,0,7,0
11840,1,1,-13.678,15.805,-1.28,1.48,-1.28,1.48,INF,-1,0,7,0
11860,1,1,-21.157,15.490,-1.98,1.45,-1.98,1.45,INF,-1,0,7,0
11880,1,1,-18.784,17.462,-1.76,1.63,-1.75,1.63,INF,-1,0,7,0
11900,1,1,-18.535,17.205,-1.73,1.61,-1.73,1.61,INF,-1,0,7,0
11920,1,1,-12.530,22.205,-1.17,2.07,-1.17,2.07,INF,-1,0,7,0
11940,1,1,-10.779,24.254,-1.01,2.27,-1.01,2.27,INF,-1,0,7,0
11960,1,1,-1.021,33.016,-0.10,3.08,-0.10,3.08,INF,-1,0,7,0
11980,1,1,-2.296,24.175,-0.21,2.26,-0.21,2.26,INF,-1,0,7,0
12000,1,1,2.312,24.469,0.22,2.29,0.22,2.29,INF,-1,0,7,0
12020,1,1,-0.397,31.097,-0.04,2.90,-0.04,2.90,INF,-1,1,7,0
12040,1,1,-2.274,30.478,-0.21,2.85,-0.21,2.85,INF,-1,0,7,0
12060,1,1,-0.406,25.729,-0.04,2.40,-0.04,2.40,INF,-1,0,7,0
12080,1,1,-1.368,24.436,-0.13,2.28,-0.13,2.28,INF,-1,0,7,0
12100,1,1,-3.276,29.320,-0.31,2.74,-0.31,2.74,INF,-1,0,7,0
12120,1,1,0.476,22.698,0.04,2.12,0.04,2.12,INF,-1,0,7,0
12140,1,1,2.624,26.655,0.25,2.49,0.25,2.49,INF,-1,0,7,0
12160,1,1,1.851,25.424,0.17,2.37,0.17,2.37,INF,-1,0,7,0
12180,1,1,3.677,30.144,0.34,2.82,0.34,2.82,INF,-1,0,7,0
12200,1,1,4.760,25.092,0.44,2.34,0.44,2.34,INF,-1,0,7,0
12220,1,1,0.544,21.801,0.05,2.04,0.05,2.04,INF,-1,0,7,0
12240,1,1,1.397,29.546,0.13,2.76,0.13,2.76,INF,-1,0,7,0
12260,1,1,7.082,32.146,0.66,3.00,0.66,3.00,INF,-1,0,7,0
12280,1,1,13.285,28.784,1.24,2.69,1.24,2.69,INF,-1,1,7,0
12300,1,1,11.476,27.086,1.07,2.53,1.07,2.53,INF,-1,1,7,0
12320,1,1,16.880,26.569,1.58,2.48,1.58,2.48,INF,-1,1,7,0
12340,1,1,17.267,28.945,1.61,2.70,1.61,2.70,INF,-1,1,7,0
12360,1,1,13.107,28.616,1.22,2.67,1.22,2.67,INF,-1,0,7,0
12380,1,1,11.619,25.580,1.09,2.39,1.08,2.39,INF,-1,0,7,0
12400,1,1,10.305,28.917,0.96,2.70,0.96,2.70,INF,-1,0,7,0
12420,1,1,6.415,27.812,0.60,2.60,0.60,2.60,INF,-1,0,7,0
12440,1,1,20.104,27.766,1.88,2.59,1.88,2.59,INF,-1,0,7,0
12460,1,1,12.454,30.327,1.16,2.83,1.16,2.83,INF,-1,0,7,0
12480,1,1,10.959,26.262,1.02,2.45,1.02,2.45,INF,-1,0,7,0
12500,1,1,14.696,26.865,1.37,2.51,1.37,2.51,INF,-1,0,7,0
12520,1,1,17.243,28.696,1.61,2.68,1.61,2.68,INF,-1,0,7,0
12540,1,1,11.700,26.393,1.09,2.46,1.09,2.47,INF,-1,0,7,0
12560,1,1,13.523,28.003,1.26,2.61,1.26,2.62,INF,-1,0,7,0
12580,1,1,14.613,28.555,1.37,2.67,1.36,2.67,INF,-1,0,7,0
12600,1,1,15.866,27.424,1.48,2.56,1.48,2.56,INF,-1,1,7,0
12620,1,1,13.759,24.776,1.29,2.31,1.28,2.31,INF,-1,1,7,0
12640,1,1,19.501,27.626,1.82,2.58,1.82,2.58,INF,-1,1,7,0
12660,1,1,15.180,25.809,1.42,2.41,1.42,2.41,INF,-1,1,7,0
12680,1,1,7.530,26.805,0.70,2.50,0.70,2.50,INF,-1,1,7,0
12700,1,1,11.729,28.816,1.10,2.69,1.09,2.69,INF,-1,1,7,0
12720,1,1,10.580,25.560,0.99,2.39,0.99,2.39,INF,-1,1,7,0
12740,1,1,12.941,23.061,1.21,2.15,1.21,2.15,INF,-1,1,7,0
12760,1,1,14.675,22.889,1.37,2.14,1.37,2.14,INF,-1,1,7,0
12780,1,1,17.677,27.088,1.65,2.53,1.65,2.53,INF,-1,1,7,0
12800,1,1,12.925,26.264,1.21,2.45,1.21,2.45,INF,-1,1,7,0
12820,1,1,11.855,25.936,1.11,2.42,1.11,2.42,INF,-1,1,7,0
12840,1,1,10.216,23.556,0.95,2.20,0.95,2.20,INF,-1,1,7,0
12860,1,1,10.336,28.306,0.97,2.64,0.96,2.64,INF,-1,1,7,0
12880,1,1,9.240,32.364,0.86,3.02,0.86,3.02,INF,-1,1,7,0
12900,1,1,18.405,26.821,1.72,2.50,1.72,2.51,INF,-1,1,7,0
12920,1,1,18.927,24.131,1.77,2.25,1.77,2.25,INF,-1,1,7,0
12940,1,1,15.613,23.980,1.46,2.24,1.46,2.24,INF,-1,1,7,0
12960,1,1,19.417,26.463,1.81,2.47,1.81,2.47,INF,-1,1,7,0
12980,1,1,20.665,23.529,1.93,2.20,1.93,2.20,INF,-1,1,7,0
13000,1,1,17.102,27.745,1.60,2.59,1.60,2.59,INF,-1,1,7,0
13020,1,1,17.710,25.773,1.65,2.41,1.65,2.41,INF,-1,1,7,0
13040,1,1,23.547,25.758,2.20,2.40,2.20,2.41,INF,-1,1,7,0
13060,1,1,17.576,23.934,1.64,2.23,1.64,2.24,INF,-1,1,7,0
13080,1,1,17.320,21.540,1.62,2.01,1.62,2.01,INF,-1,1,7,0
13100,1,1,22.353,26.356,2.09,2.46,2.09,2.46,INF,-1,1,7,0
13120,1,1,18.520,22.497,1.73,2.10,1.73,2.10,INF,-1,1,7,0
13140,1,1,18.249,23.992,1.71,2.24,1.70,2.24,INF,-1,1,7,0
13160,1,1,20.942,25.291,1.96,2.36,1.95,2.36,INF,-1,1,7,0
13180,1,1,13.291,19.903,1.24,1.86,1.24,1.86,INF,-1,1,7,0
13200,1,1,15.847,19.411,1.48,1.81,1.48,1.81,INF,-1,1,7,0
13220,1,1,12.516,25.418,1.17,2.37,1.17,2.37,INF,-1,1,7,0
13240,1,1,19.515,20.934,1.82,1.95,1.82,1.96,INF,-1,1,7,0
13260,1,1,15.012,17.041,1.40,1.59,1.40,1.59,INF,-1,1,7,0
13280,1,1,9.576,17.779,0.90,1.66,0.89,1.66,INF,-1,1,7,0
13300,1,1,6.154,15.169,0.58,1.42,0.58,1.42,INF,-1,0,7,0
13320,0,1,0.000,0.000,0.00,0.00,0.00,0.00,0.00,-1,0,7,0
13340,1,1,8.471,2.970,0.79,0.28,0.79,0.28,INF,-1,0,7,0
13360,1,1,7.642,9.082,0.71,0.85,0.71,0.85,INF,-1,0,7,0
13380,1,1,10.073,11.741,0.94,1.10,0.94,1.10,INF,-1,0,7,0
13400,1,1,15.991,9.540,1.49,0.89,1.49,0.89,INF,-1,0,7,0
13420,1,1,-3.451,5.528,-0.32,0.52,-0.32,0.52,INF,-1,0,7,0
13440,1,1,-0.330,5.425,-0.03,0.51,-0.03,0.51,INF,-1,0,7,0
13460,1,1,-5.734,5.287,-0.54,0.49,-0.54,0.49,INF,-1,0,7,0
13480,1,1,-12.522,7.991,-1.17,0.75,-1.17,0.75,INF,-1,0,7,0
13500,1,1,-19.788,5.873,-1.85,0.55,-1.85,0.55,INF,-1,0,7,0
13520,1,1,-16.045,5.558,-1.50,0.52,-1.50,0.52,INF,-1,0,7,0
13540,1,1,-18.865,8.158,-1.76,0.76,-1.76,0.76,INF,-1,0,7,0
13560,1,1,-26.757,7.291,-2.50,0.68,-2.50,0.68,INF,-1,0,7,0
13580,1,1,-24.774,5.015,-2.31,0.47,-2.31,0.47,INF,-1,0,7,0
13600,1,1,-19.138,8.936,-1.79,0.83,-1.79,0.84,INF,-1,0,7,0
13620,1,1,-27.989,8.350,-2.61,0.78,-2.61,0.78,INF,-1,0,7,0
13640,1,1,-31.860,2.479,-2.98,0.23,-2.98,0.23,INF,-1,1,7,0
13660,1,1,-30.969,2.397,-2.89,0.22,-2.89,0.22,INF,-1,0,7,0
13680,1,1,-25.824,2.751,-2.41,0.26,-2.41,0.26,INF,-1,0,7,0
13700,1,1,-30.372,4.215,-2.84,0.39,-2.84,0.39,INF,-1,0,7,0
13720,1,1,-28.377,8.814,-2.65,0.82,-2.65,0.82,INF,-1,0,7,0
13740,1,1,-29.131,8.000,-2.72,0.75,-2.72,0.75,INF,-1,0,7,0
13760,1,1,-24.551,7.421,-2.29,0.69,-2.29,0.69,INF,-1,0,7,0
13780,1,1,-29.009,5.112,-2.71,0.48,-2.71,0.48,INF,-1,0,7,0
13800,1,1,-24.360,4.649,-2.28,0.43,-2.28,0.43,INF,-1,0,7,0
13820,1,1,-33.436,5.863,-3.12,0.55,-3.12,0.55,INF,-1,0,7,0
13840,1,1,-26.036,5.555,-2.43,0.52,-2.43,0.52,INF,-1,0,7,0
13860,1,1,-28.222,7.317,-2.64,0.68,-2.64,0.68,INF,-1,0,7,0
13880,1,1,-25.708,6.121,-2.40,0.57,-2.40,0.57,INF,-1,0,7,0
13900,1,1,-26.938,7.331,-2.52,0.68,-2.52,0.69,INF,-1,1,7,0
13920,1,1,-32.542,5.143,-3.04,0.48,-3.04,0.48,INF,-1,1,7,0
13940,1,1,-24.367,3.865,-2.28,0.36,-2.28,0.36,INF,-1,1,7,0
13960,1,1,-25.927,1.359,-2.42,0.13,-2.42,0.13,INF,-1,1,7,0
13980,1,1,-29.246,-1.610,-2.73,-0.15,-2.73,-0.15,INF,-1,1,7,0
14000,1,1,-21.532,-1.643,-2.01,-0.15,-2.01,-0.15,INF,-1,1,7,0
14020,1,1,-32.258,2.538,-3.01,0.24,-3.01,0.24,INF,-1,1,7,0
14040,1,1,-21.273,1.530,-1.99,0.14,-1.99,0.14,INF,-1,1,7,0
14060,1,1,-30.367,0.598,-2.84,0.06,-2.84,0.06,INF,-1,1,7,0
14080,1,1,-31.500,2.659,-2.94,0.25,-2.94,0.25,INF,-1,1,7,0
14100,1,1,-25.428,-6.075,-2.38,-0.57,-2.38,-0.57,INF,-1,1,7,0
14120,1,1,-31.840,-5.035,-2.97,-0.47,-2.97,-0.47,INF,-1,1,7,0
14140,0,1,0.000,0.000,0.00,0.00,0.00,0.00,INF,-1,1,7,0
14160,1,1,-44.047,0.169,-4.11,0.02,-4.11,0.02,INF,-1,1,7,0
14180,1,1,-29.912,-2.750,-2.79,-0.26,-2.79,-0.26,INF,-1,1,7,0
14200,0,1,0.000,0.000,0.00,0.00,0.00,0.00,0.00,-1,1,7,0
14220,1,1,-22.509,-0.133,-2.10,-0.01,-2.10,-0.01,INF,-1,1,7,0
14240,0,1,0.000,0.000,0.00,0.00,0.00,0.00,0.00,-1,1,7,0
14260,1,1,-20.829,-6.385,-1.95,-0.60,-1.95,-0.60,INF,-1,1,7,0
14280,0,1,0.000,0.000,0.00,0.00,0.00,0.00,0.00,-1,1,7,0
14300,1,1,-24.822,-8.743,-2.32,-0.82,-2.32,-0.82,INF,-1,1,7,0
14320,0,1,0.000,0.000,0.00,0.00,0.00,0.00,0.00,-1,0,7,0
14340,1,1,-43.813,-16.684,-4.09,-1.56,-4.09,-1.56,INF,-1,0,7,0
14360,0,1,0.000,0.000,0.00,0.00,0.00,0.00,0.00,-1,0,7,0
14380,1,1,-13.172,-12.654,-1.23,-1.18,-1.23,-1.18,INF,-1,0,7,0
14400,0,1,0.000,0.000,0.00,0.00,0.00,0.00,0.00,-1,0,7,0
14420,1,1,-28.843,-7.357,-2.69,-0.69,-2.69,-0.69,INF,-1,0,7,0
14440,0,1,0.000,0.000,0.00,0.00,0.00,0.00,0.00,-1,0,7,0
14460,0,1,0.000,0.000,0.00,0.00,0.00,0.00,0.00,-1,0,7,0
14480,0,1,0.000,0.000,0.00,0.00,0.00,0.00,0.00,-1,0,7,0
14500,0,1,0.000,0.000,0.00,0.00,0.00,0.00,0.00,-1,0,7,0
14520,0,1,0.000,0.000,0.00,0.00,0.00,0.00,0.00,-1,0,7,0
14540,0,1,0.000,0.000,0.00,0.00,0.00,0.00,0.00,-1,0,7,0
14560,0,1,0.000,0.000,0.00,0.00,0.00,0.00,0.00,-1,0,7,0
14580,1,1,-55.880,-52.534,-5.21,-4.88,-5.19,-4.90,INF,-1,0,7,0
14600,0,1,0.000,0.000,0.00,0.00,0.00,0.00,0.00,-1,0,7,0
14620,0,1,0.000,0.000,0.00,0.00,0.00,0.00,0.00,-1,0,7,0
14640,0,1,0.000,0.000,0.00,0.00,0.00,0.00,0.00,-1,0,7,0
14660,0,1,0.000,0.000,0.00,0.00,0.00,0.00,0.00,-1,0,7,0
14680,0,1,0.000,0.000,0.00,0.00,0.00,0.00,0.00,-1,0,7,0
14700,0,1,0.000,0.000,0.00,0.00,0.00,0.00,0.00,-1,0,7,0
14720,0,1,0.000,0.000,0.00,0.00,0.00,0.00,0.00,-1,0,7,0
14740,1,1,5.228,-72.001,0.49,-6.70,0.49,-6.70,INF,-1,0,7,0
14760,1,1,24.823,-22.132,2.32,-2.07,2.32,-2.07,INF,-1,0,7,0
14780,0,1,0.000,0.000,0.00,0.00,0.00,0.00,0.00,-1,0,7,0
14800,0,1,0.000,0.000,0.00,0.00,0.00,0.00,0.00,-1,0,7,0
14820,0,1,0.000,0.000,0.00,0.00,0.00,0.00,0.00,-1,0,7,0
14840,1,1,-17.016,-71.111,-1.59,-6.61,-1.58,-6.62,INF,-1,0,7,0
14860,0,1,0.000,0.000,0.00,0.00,0.00,0.00,0.00,-1,0,7,0
14880,0,1,0.000,0.000,0.00,0.00,0.00,0.00,0.00,-1,0,7,0
14900,0,1,0.000,0.000,0.00,0.00,0.00,0.00,0.00,-1,0,7,0
14920,0,1,0.000,0.000,0.00,0.00,0.00,0.00,0.00,-1,0,7,0
14940,0,1,0.000,0.000,0.00,0.00,0.00,0.00,0.00,-1,0,7,0
14960,0,1,0.000,0.000,0.00,0.00,0.00,0.00,0.00,-1,0,7,0
14980,0,1,0.000,0.000,0.00,0.00,0.00,0.00,0.00,-1,0,7,0
15000,0,1,0.000,0.000,0.00,0.00,0.00,0.00,0.00,-1,0,7,0
