"EyeTracker Toolbox version","3.250"
CalibrationParameters_A11,1.25563
CalibrationParameters_A12,0.08185
CalibrationParameters_A13,0.03374
CalibrationParameters_A21,0.08935
CalibrationParameters_A22,-1.29712
CalibrationParameters_A23,-0.00458
CalibrationParameters_A31,-0.00163
CalibrationParameters_A32,-0.00375
CalibrationParameters_E11,-0.17998
CalibrationParameters_E12,0.00007
CalibrationParameters_E21,-0.00004
CalibrationParameters_E22,0.20015
CalibrationParameters_X,-59.29970
CalibrationParameters_Y,-42.09203
CalibrationParameters_Rpc,84.47203
CalibrationParameters_MeanX,113.82529
CalibrationParameters_MeanY,156.07209
CalibrationParameters_ViewDist,613.00000
TimeStamp,Tracked,Calibrated,ScreenPositionXmm,ScreenPositionYmm,FicksLongitude,FicksLatitude,HelmholtzAzimuth,HelmholtzElevation,PupilDiameter,Region,Fixation,DigitalIO,Dropped
0,0,1,0.000,0.000,0.00,0.00,0.00,0.00,0.00,-1,0,7,0
20,1,1,44.544,14.232,4.16,1.33,4.16,1.33,INF,-1,0,7,0
40,1,1,31.835,10.790,2.97,1.01,2.97,1.01,INF,-1,0,7,0
60,1,1,32.890,9.199,3.07,0.86,3.07,0.86,INF,-1,0,7,0
80,1,1,31.756,10.613,2.97,0.99,2.97,0.99,INF,-1,0,7,0
100,1,1,32.087,10.025,3.00,0.94,3.00,0.94,INF,-1,0,7,0
120,1,1,31.450,10.852,2.94,1.01,2.94,1.01,INF,-1,0,7,0
140,1,1,30.417,11.179,2.84,1.04,2.84,1.04,INF,-1,0,7,0
160,1,1,30.255,12.893,2.83,1.20,2.82,1.20,INF,-1,0,7,0
180,1,1,30.813,10.481,2.88,0.98,2.88,0.98,INF,-1,0,7,0
200,1,1,29.491,8.376,2.75,0.78,2.75,0.78,INF,-1,0,7,0
220,1,1,26.069,7.969,2.44,0.74,2.43,0.74,INF,-1,0,7,0
240,1,1,17.859,6.905,1.67,0.65,1.67,0.65,INF,-1,0,7,0
260,1,1,19.789,7.601,1.85,0.71,1.85,0.71,INF,-1,0,7,0
280,1,1,17.493,6.350,1.63,0.59,1.63,0.59,INF,-1,0,7,0
300,1,1,18.930,6.177,1.77,0.58,1.77,0.58,INF,-1,0,7,0
320,1,1,18.603,6.493,1.74,0.61,1.74,0.61,INF,-1,1,7,0
340,1,1,17.821,5.418,1.67,0.51,1.67,0.51,INF,-1,1,7,0
360,1,1,22.257,8.559,2.08,0.80,2.08,0.80,INF,-1,1,7,0
380,1,1,18.689,7.890,1.75,0.74,1.75,0.74,INF,-1,1,7,0
400,1,1,18.857,8.120,1.76,0.76,1.76,0.76,INF,-1,1,7,0
420,1,1,18.562,6.670,1.73,0.62,1.73,0.62,INF,-1,1,7,0
440,1,1,11.484,1.312,1.07,0.12,1.07,0.12,INF,-1,1,7,0
460,1,1,12.613,4.929,1.18,0.46,1.18,0.46,INF,-1,1,7,0
480,1,1,14.242,3.314,1.33,0.31,1.33,0.31,INF,-1,0,7,0
500,1,1,12.096,2.218,1.13,0.21,1.13,0.21,INF,-1,0,7,0
520,1,1,13.536,1.640,1.26,0.15,1.26,0.15,INF,-1,0,7,0
540,1,1,12.989,2.835,1.21,0.26,1.21,0.26,INF,-1,0,7,0
560,1,1,16.303,3.698,1.52,0.35,1.52,0.35,INF,-1,0,7,0
580,1,1,13.139,1.363,1.23,0.13,1.23,0.13,INF,-1,0,7,0
600,1,1,10.992,2.071,1.03,0.19,1.03,0.19,INF,-1,0,7,0
620,1,1,13.128,2.723,1.23,0.25,1.23,0.25,INF,-1,0,7,0
640,1,1,14.483,1.553,1.35,0.15,1.35,0.15,INF,-1,0,7,0
660,1,1,13.276,-0.223,1.24,-0.02,1.24,-0.02,INF,-1,0,7,0
680,1,1,13.772,2.464,1.29,0.23,1.29,0.23,INF,-1,0,7,0
700,1,1,13.846,3.280,1.29,0.31,1.29,0.31,INF,-1,0,7,0
720,1,1,16.350,0.277,1.53,0.03,1.53,0.03,INF,-1,1,7,0
740,1,1,14.318,1.286,1.34,0.12,1.34,0.12,INF,-1,1,7,0
760,1,1,14.801,2.036,1.38,0.19,1.38,0.19,INF,-1,1,7,0
780,1,1,15.355,2.392,1.43,0.22,1.43,0.22,INF,-1,1,7,0
800,1,1,15.860,0.960,1.48,0.09,1.48,0.09,INF,-1,1,7,0
820,1,1,14.989,0.856,1.40,0.08,1.40,0.08,INF,-1,1,7,0
840,1,1,14.938,0.402,1.40,0.04,1.40,0.04,INF,-1,1,7,0
860,1,1,26.199,11.914,2.45,1.11,2.45,1.11,INF,-1,1,7,0
880,1,1,22.571,9.759,2.11,0.91,2.11,0.91,INF,-1,1,7,0
900,1,1,22.865,9.052,2.14,0.85,2.14,0.85,INF,-1,0,7,0
920,1,1,23.593,10.415,2.20,0.97,2.20,0.97,INF,-1,0,7,0
940,1,1,22.156,8.813,2.07,0.82,2.07,0.82,INF,-1,0,7,0
960,1,1,21.158,9.443,1.98,0.88,1.98,0.88,INF,-1,0,7,0
980,1,1,20.858,8.946,1.95,0.84,1.95,0.84,INF,-1,0,7,0
1000,1,1,22.808,11.512,2.13,1.08,2.13,1.08,INF,-1,0,7,0
1020,1,1,22.171,7.961,2.07,0.74,2.07,0.74,INF,-1,0,7,0
1040,1,1,24.637,7.614,2.30,0.71,2.30,0.71,INF,-1,0,7,0
1060,1,1,21.935,8.063,2.05,0.75,2.05,0.75,INF,-1,0,7,0
1080,1,1,25.610,9.486,2.39,0.89,2.39,0.89,INF,-1,0,7,0
1100,1,1,22.869,8.069,2.14,0.75,2.14,0.75,INF,-1,0,7,0
1120,1,1,18.981,6.488,1.77,0.61,1.77,0.61,INF,-1,0,7,0
1140,1,1,15.549,2.892,1.45,0.27,1.45,0.27,INF,-1,1,7,0
1160,1,1,15.001,6.744,1.40,0.63,1.40,0.63,INF,-1,1,7,0
1180,1,1,13.720,3.556,1.28,0.33,1.28,0.33,INF,-1,1,7,0
1200,1,1,13.869,4.778,1.30,0.45,1.30,0.45,INF,-1,1,7,0
1220,1,1,13.990,4.226,1.31,0.39,1.31,0.40,INF,-1,1,7,0
1240,1,1,13.224,4.385,1.24,0.41,1.24,0.41,INF,-1,1,7,0
1260,1,1,13.868,6.449,1.30,0.60,1.30,0.60,INF,-1,1,7,0
1280,1,1,16.420,4.564,1.53,0.43,1.53,0.43,INF,-1,1,7,0
1300,1,1,14.310,4.572,1.34,0.43,1.34,0.43,INF,-1,1,7,0
1320,1,1,13.479,4.892,1.26,0.46,1.26,0.46,INF,-1,1,7,0
1340,1,1,15.905,4.613,1.49,0.43,1.49,0.43,INF,-1,1,7,0
1360,1,1,12.228,3.448,1.14,0.32,1.14,0.32,INF,-1,1,7,0
1380,1,1,13.000,4.708,1.21,0.44,1.21,0.44,INF,-1,1,7,0
1400,1,1,12.841,2.636,1.20,0.25,1.20,0.25,INF,-1,0,7,0
1420,1,1,13.023,4.755,1.22,0.44,1.22,0.44,INF,-1,0,7,0
1440,1,1,14.807,4.769,1.38,0.45,1.38,0.45,INF,-1,0,7,0
1460,1,1,15.410,3.220,1.44,0.30,1.44,0.30,INF,-1,0,7,0
1480,1,1,13.736,3.843,1.28,0.36,1.28,0.36,INF,-1,0,7,0
1500,1,1,12.967,5.520,1.21,0.52,1.21,0.52,INF,-1,0,7,0
1520,1,1,17.297,6.184,1.62,0.58,1.62,0.58,INF,-1,0,7,0
1540,1,1,15.871,4.349,1.48,0.41,1.48,0.41,INF,-1,0,7,0
1560,1,1,15.981,3.495,1.49,0.33,1.49,0.33,INF,-1,0,7,0
1580,1,1,13.915,4.417,1.30,0.41,1.30,0.41,INF,-1,0,7,0
1600,1,1,12.081,4.532,1.13,0.42,1.13,0.42,INF,-1,0,7,0
1620,1,1,14.069,5.127,1.31,0.48,1.31,0.48,INF,-1,0,7,0
1640,1,1,10.863,0.383,1.02,0.04,1.02,0.04,INF,-1,1,7,0
1660,1,1,14.405,-1.436,1.35,-0.13,1.35,-0.13,INF,-1,1,7,0
1680,1,1,10.976,-1.776,1.03,-0.17,1.03,-0.17,INF,-1,1,7,0
1700,1,1,15.619,-0.951,1.46,-0.09,1.46,-0.09,INF,-1,1,7,0
1720,1,1,11.911,0.411,1.11,0.04,1.11,0.04,INF,-1,1,7,0
1740,1,1,15.443,0.799,1.44,0.07,1.44,0.07,INF,-1,1,7,0
1760,1,1,9.603,-0.146,0.90,-0.01,0.90,-0.01,INF,-1,1,7,0
1780,1,1,9.985,-2.309,0.93,-0.22,0.93,-0.22,INF,-1,1,7,0
1800,1,1,14.593,-1.663,1.36,-0.16,1.36,-0.16,INF,-1,1,7,0
1820,1,1,10.987,1.819,1.03,0.17,1.03,0.17,INF,-1,1,7,0
1840,1,1,12.209,0.166,1.14,0.02,1.14,0.02,INF,-1,1,7,0
1860,1,1,14.180,-0.960,1.33,-0.09,1.33,-0.09,INF,-1,1,7,0
1880,1,1,14.670,-0.528,1.37,-0.05,1.37,-0.05,INF,-1,1,7,0
1900,1,1,11.872,-0.244,1.11,-0.02,1.11,-0.02,INF,-1,1,7,0
1920,1,1,12.156,-0.644,1.14,-0.06,1.14,-0.06,INF,-1,1,7,0
1940,1,1,11.855,-2.092,1.11,-0.20,1.11,-0.20,INF,-1,1,7,0
1960,1,1,13.882,0.433,1.30,0.04,1.30,0.04,INF,-1,1,7,0
1980,1,1,14.286,-0.704,1.34,-0.07,1.34,-0.07,INF,-1,1,7,0
2000,1,1,13.086,0.876,1.22,0.08,1.22,0.08,INF,-1,1,7,0
2020,1,1,12.771,0.248,1.19,0.02,1.19,0.02,INF,-1,1,7,0
2040,1,1,13.785,2.163,1.29,0.20,1.29,0.20,INF,-1,1,7,0
2060,1,1,10.358,-0.265,0.97,-0.02,0.97,-0.02,INF,-1,1,7,0
2080,1,1,14.305,-0.283,1.34,-0.03,1.34,-0.03,INF,-1,1,7,0
2100,1,1,14.063,1.068,1.31,0.10,1.31,0.10,INF,-1,1,7,0
2120,1,1,15.008,0.241,1.40,0.02,1.40,0.02,INF,-1,1,7,0
2140,1,1,19.118,-3.133,1.79,-0.29,1.79,-0.29,INF,-1,1,7,0
2160,1,1,19.079,-5.821,1.78,-0.54,1.78,-0.54,INF,-1,1,7,0
2180,1,1,19.415,-4.834,1.81,-0.45,1.81,-0.45,INF,-1,1,7,0
2200,1,1,16.242,-5.048,1.52,-0.47,1.52,-0.47,INF,-1,1,7,0
2220,1,1,20.706,-5.280,1.93,-0.49,1.93,-0.49,INF,-1,1,7,0
2240,1,1,18.394,-4.046,1.72,-0.38,1.72,-0.38,INF,-1,1,7,0
2260,1,1,18.110,-3.360,1.69,-0.31,1.69,-0.31,INF,-1,1,7,0
2280,1,1,19.169,-4.156,1.79,-0.39,1.79,-0.39,INF,-1,1,7,0
2300,1,1,20.364,-3.250,1.90,-0.30,1.90,-0.30,INF,-1,1,7,0
2320,1,1,18.249,-5.725,1.71,-0.53,1.71,-0.54,INF,-1,1,7,0
2340,1,1,19.891,-3.928,1.86,-0.37,1.86,-0.37,INF,-1,1,7,0
2360,1,1,19.514,-4.221,1.82,-0.39,1.82,-0.39,INF,-1,0,7,0
2380,1,1,20.268,-3.721,1.89,-0.35,1.89,-0.35,INF,-1,0,7,0
2400,1,1,18.794,-5.874,1.76,-0.55,1.76,-0.55,INF,-1,0,7,0
2420,1,1,17.030,-8.050,1.59,-0.75,1.59,-0.75,INF,-1,0,7,0
2440,1,1,17.931,-6.831,1.68,-0.64,1.68,-0.64,INF,-1,0,7,0
2460,1,1,16.610,-6.775,1.55,-0.63,1.55,-0.63,INF,-1,0,7,0
2480,1,1,18.084,-6.448,1.69,-0.60,1.69,-0.60,INF,-1,0,7,0
2500,1,1,16.653,-6.751,1.56,-0.63,1.56,-0.63,INF,-1,0,7,0
2520,1,1,11.106,-6.579,1.04,-0.61,1.04,-0.61,INF,-1,0,7,0
2540,1,1,15.752,-6.808,1.47,-0.64,1.47,-0.64,INF,-1,0,7,0
2560,1,1,15.117,-7.231,1.41,-0.68,1.41,-0.68,INF,-1,0,7,0
2580,1,1,16.910,-7.496,1.58,-0.70,1.58,-0.70,INF,-1,0,7,0
2600,1,1,16.846,-7.296,1.57,-0.68,1.57,-0.68,INF,-1,1,7,0
2620,1,1,16.916,-6.555,1.58,-0.61,1.58,-0.61,INF,-1,1,7,0
2640,1,1,16.049,-6.327,1.50,-0.59,1.50,-0.59,INF,-1,1,7,0
2660,1,1,16.829,-7.747,1.57,-0.72,1.57,-0.72,INF,-1,1,7,0
2680,1,1,14.868,-7.345,1.39,-0.69,1.39,-0.69,INF,-1,1,7,0
2700,1,1,17.225,-7.268,1.61,-0.68,1.61,-0.68,INF,-1,1,7,0
2720,1,1,16.106,-6.390,1.51,-0.60,1.50,-0.60,INF,-1,1,7,0
2740,1,1,17.017,-6.359,1.59,-0.59,1.59,-0.59,INF,-1,1,7,0
2760,1,1,16.675,-7.835,1.56,-0.73,1.56,-0.73,INF,-1,1,7,0
2780,1,1,15.759,-6.991,1.47,-0.65,1.47,-0.65,INF,-1,1,7,0
2800,1,1,15.592,-6.588,1.46,-0.62,1.46,-0.62,INF,-1,1,7,0
2820,1,1,15.799,-7.186,1.48,-0.67,1.48,-0.67,INF,-1,1,7,0
2840,1,1,16.179,-8.314,1.51,-0.78,1.51,-0.78,INF,-1,1,7,0
2860,1,1,14.511,-6.580,1.36,-0.61,1.36,-0.61,INF,-1,1,7,0
2880,1,1,14.307,-6.488,1.34,-0.61,1.34,-0.61,INF,-1,1,7,0
2900,1,1,14.669,-5.161,1.37,-0.48,1.37,-0.48,INF,-1,1,7,0
2920,1,1,13.159,-7.191,1.23,-0.67,1.23,-0.67,INF,-1,1,7,0
2940,1,1,11.389,-6.721,1.06,-0.63,1.06,-0.63,INF,-1,1,7,0
2960,1,1,13.489,-6.560,1.26,-0.61,1.26,-0.61,INF,-1,1,7,0
2980,1,1,10.807,-8.177,1.01,-0.76,1.01,-0.76,INF,-1,1,7,0
3000,1,1,10.904,-11.183,1.02,-1.04,1.02,-1.05,INF,-1,1,7,0
3020,1,1,11.548,-7.592,1.08,-0.71,1.08,-0.71,INF,-1,1,7,0
3040,1,1,12.588,-5.995,1.18,-0.56,1.18,-0.56,INF,-1,1,7,0
3060,1,1,12.093,-11.205,1.13,-1.05,1.13,-1.05,INF,-1,1,7,0
3080,1,1,11.585,-8.805,1.08,-0.82,1.08,-0.82,INF,-1,1,7,0
3100,1,1,8.887,-6.742,0.83,-0.63,0.83,-0.63,INF,-1,1,7,0
3120,1,1,9.773,-8.014,0.91,-0.75,0.91,-0.75,INF,-1,1,7,0
3140,1,1,10.924,-6.508,1.02,-0.61,1.02,-0.61,INF,-1,1,7,0
3160,1,1,12.233,-7.849,1.14,-0.73,1.14,-0.73,INF,-1,1,7,0
3180,1,1,11.884,-7.069,1.11,-0.66,1.11,-0.66,INF,-1,1,7,0
3200,1,1,12.084,-6.954,1.13,-0.65,1.13,-0.65,INF,-1,1,7,0
3220,1,1,11.695,-7.980,1.09,-0.75,1.09,-0.75,INF,-1,1,7,0
3240,1,1,17.026,-8.511,1.59,-0.80,1.59,-0.80,INF,-1,1,7,0
3260,1,1,17.124,-8.334,1.60,-0.78,1.60,-0.78,INF,-1,1,7,0
3280,1,1,17.417,-8.354,1.63,-0.78,1.63,-0.78,INF,-1,1,7,0
3300,1,1,16.331,-11.029,1.53,-1.03,1.53,-1.03,INF,-1,1,7,0
3320,1,1,11.307,-11.971,1.06,-1.12,1.06,-1.12,INF,-1,1,7,0
3340,1,1,11.160,-14.314,1.04,-1.34,1.04,-1.34,INF,-1,1,7,0
3360,0,1,0.000,0.000,0.00,0.00,0.00,0.00,0.00,-1,1,7,0
3380,0,1,0.000,0.000,0.00,0.00,0.00,0.00,0.00,-1,1,7,0
3400,0,1,0.000,0.000,0.00,0.00,0.00,0.00,0.00,-1,1,7,0
3420,0,1,0.000,0.000,0.00,0.00,0.00,0.00,0.00,-1,0,7,0
3440,0,1,0.000,0.000,0.00,0.00,0.00,0.00,0.00,-1,0,7,0
3460,0,1,0.000,0.000,0.00,0.00,0.00,0.00,0.00,-1,0,7,0
3480,0,1,0.000,0.000,0.00,0.00,0.00,0.00,0.00,-1,0,7,0
3500,0,1,0.000,0.000,0.00,0.00,0.00,0.00,0.00,-1,0,7,0
3520,0,1,0.000,0.000,0.00,0.00,0.00,0.00,INF,-1,0,7,0
3540,0,1,0.000,0.000,0.00,0.00,0.00,0.00,0.00,-1,0,7,0
3560,0,1,0.000,0.000,0.00,0.00,0.00,0.00,INF,-1,0,7,0
3580,0,1,0.000,0.000,0.00,0.00,0.00,0.00,INF,-1,0,7,0
3600,1,1,29.414,-44.629,2.75,-4.16,2.74,-4.16,INF,-1,0,7,0
3620,1,1,12.141,-13.982,1.13,-1.31,1.13,-1.31,INF,-1,0,7,0
3640,1,1,16.416,-4.969,1.53,-0.46,1.53,-0.46,INF,-1,0,7,0
3660,1,1,17.404,-2.824,1.63,-0.26,1.63,-0.26,INF,-1,0,7,0
3680,1,1,15.200,-2.924,1.42,-0.27,1.42,-0.27,INF,-1,0,7,0
3700,1,1,14.917,-0.529,1.39,-0.05,1.39,-0.05,INF,-1,0,7,0
3720,1,1,14.698,-2.014,1.37,-0.19,1.37,-0.19,INF,-1,0,7,0
3740,1,1,15.375,-2.723,1.44,-0.25,1.44,-0.25,INF,-1,0,7,0
3760,1,1,12.081,-2.731,1.13,-0.26,1.13,-0.26,INF,-1,0,7,0
3780,1,1,14.126,-3.701,1.32,-0.35,1.32,-0.35,INF,-1,0,7,0
3800,1,1,14.085,-3.684,1.32,-0.34,1.32,-0.34,INF,-1,0,7,0
3820,1,1,10.581,-3.858,0.99,-0.36,0.99,-0.36,INF,-1,0,7,0
3840,1,1,12.649,-5.690,1.18,-0.53,1.18,-0.53,INF,-1,0,7,0
3860,1,1,14.789,-2.374,1.38,-0.22,1.38,-0.22,INF,-1,0,7,0
3880,1,1,14.010,-4.586,1.31,-0.43,1.31,-0.43,INF,-1,0,7,0
3900,1,1,16.032,-4.345,1.50,-0.41,1.50,-0.41,INF,-1,1,7,0
3920,1,1,14.125,-1.229,1.32,-0.11,1.32,-0.11,INF,-1,1,7,0
3940,1,1,16.279,-3.768,1.52,-0.35,1.52,-0.35,INF,-1,1,7,0
3960,1,1,14.412,-3.674,1.35,-0.34,1.35,-0.34,INF,-1,1,7,0
3980,1,1,15.559,-3.481,1.45,-0.33,1.45,-0.33,INF,-1,1,7,0
4000,1,1,15.436,-4.005,1.44,-0.37,1.44,-0.37,INF,-1,1,7,0
4020,1,1,15.932,-2.202,1.49,-0.21,1.49,-0.21,INF,-1,1,7,0
4040,1,1,14.842,-3.735,1.39,-0.35,1.39,-0.35,INF,-1,1,7,0
4060,1,1,14.604,-2.522,1.36,-0.24,1.36,-0.24,INF,-1,1,7,0
4080,1,1,15.041,-1.798,1.41,-0.17,1.41,-0.17,INF,-1,1,7,0
4100,1,1,16.488,-1.566,1.54,-0.15,1.54,-0.15,INF,-1,1,7,0
4120,1,1,12.668,-2.336,1.18,-0.22,1.18,-0.22,INF,-1,1,7,0
4140,1,1,15.133,-3.946,1.41,-0.37,1.41,-0.37,INF,-1,1,7,0
4160,1,1,14.022,-4.531,1.31,-0.42,1.31,-0.42,INF,-1,1,7,0
4180,1,1,13.096,-1.858,1.22,-0.17,1.22,-0.17,INF,-1,1,7,0
4200,1,1,14.563,-2.429,1.36,-0.23,1.36,-0.23,INF,-1,1,7,0
4220,1,1,13.938,-2.568,1.30,-0.24,1.30,-0.24,INF,-1,1,7,0
4240,1,1,12.996,-3.998,1.21,-0.37,1.21,-0.37,INF,-1,1,7,0
4260,1,1,12.818,-3.323,1.20,-0.31,1.20,-0.31,INF,-1,1,7,0
4280,1,1,14.135,-2.253,1.32,-0.21,1.32,-0.21,INF,-1,1,7,0
4300,1,1,12.439,-4.984,1.16,-0.47,1.16,-0.47,INF,-1,1,7,0
4320,1,1,15.044,-3.256,1.41,-0.30,1.41,-0.30,INF,-1,1,7,0
4340,1,1,13.697,-0.839,1.28,-0.08,1.28,-0.08,INF,-1,1,7,0
4360,1,1,13.422,-2.975,1.25,-0.28,1.25,-0.28,INF,-1,1,7,0
4380,1,1,12.632,-2.104,1.18,-0.20,1.18,-0.20,INF,-1,1,7,0
4400,1,1,13.153,-1.619,1.23,-0.15,1.23,-0.15,INF,-1,1,7,0
4420,1,1,14.109,-3.322,1.32,-0.31,1.32,-0.31,INF,-1,1,7,0
4440,1,1,15.085,-2.054,1.41,-0.19,1.41,-0.19,INF,-1,1,7,0
4460,1,1,12.929,-3.845,1.21,-0.36,1.21,-0.36,INF,-1,1,7,0
4480,1,1,14.410,-2.317,1.35,-0.22,1.35,-0.22,INF,-1,1,7,0
4500,1,1,16.217,-4.034,1.52,-0.38,1.52,-0.38,INF,-1,1,7,0
4520,1,1,13.965,-2.717,1.31,-0.25,1.31,-0.25,INF,-1,1,7,0
4540,1,1,12.898,-0.893,1.21,-0.08,1.21,-0.08,INF,-1,1,7,0
4560,1,1,14.418,-2.140,1.35,-0.20,1.35,-0.20,INF,-1,1,7,0
4580,1,1,12.785,-1.165,1.19,-0.11,1.19,-0.11,INF,-1,1,7,0
4600,1,1,15.612,-2.094,1.46,-0.20,1.46,-0.20,INF,-1,1,7,0
4620,1,1,13.949,-1.759,1.30,-0.16,1.30,-0.16,INF,-1,1,7,0
4640,1,1,11.573,-2.221,1.08,-0.21,1.08,-0.21,INF,-1,1,7,0
4660,1,1,15.354,-4.078,1.43,-0.38,1.43,-0.38,INF,-1,1,7,0
4680,1,1,11.733,-1.969,1.10,-0.18,1.10,-0.18,INF,-1,1,7,0
4700,1,1,11.593,-1.869,1.08,-0.17,1.08,-0.17,INF,-1,1,7,0
4720,1,1,13.714,-0.528,1.28,-0.05,1.28,-0.05,INF,-1,1,7,0
4740,1,1,11.756,0.159,1.10,0.01,1.10,0.01,INF,-1,1,7,0
4760,1,1,15.914,-0.081,1.49,-0.01,1.49,-0.01,INF,-1,1,7,0
4780,1,1,9.108,-2.575,0.85,-0.24,0.85,-0.24,INF,-1,1,7,0
4800,1,1,11.541,-1.450,1.08,-0.14,1.08,-0.14,INF,-1,1,7,0
4820,1,1,11.742,-1.438,1.10,-0.13,1.10,-0.13,INF,-1,1,7,0
4840,1,1,12.547,-0.341,1.17,-0.03,1.17,-0.03,INF,-1,1,7,0
4860,1,1,11.997,-0.876,1.12,-0.08,1.12,-0.08,INF,-1,1,7,0
4880,1,1,10.672,-1.243,1.00,-0.12,1.00,-0.12,INF,-1,1,7,0
4900,1,1,11.105,-2.856,1.04,-0.27,1.04,-0.27,INF,-1,1,7,0
4920,1,1,10.655,-1.769,1.00,-0.17,1.00,-0.17,INF,-1,1,7,0
4940,1,1,11.852,-1.754,1.11,-0.16,1.11,-0.16,INF,-1,1,7,0
4960,1,1,10.894,1.227,1.02,0.11,1.02,0.11,INF,-1,1,7,0
4980,1,1,11.917,-3.282,1.11,-0.31,1.11,-0.31,INF,-1,1,7,0
5000,1,1,11.065,1.470,1.03,0.14,1.03,0.14,INF,-1,1,7,0
5020,1,1,10.542,-0.301,0.99,-0.03,0.99,-0.03,INF,-1,1,7,0
5040,1,1,10.363,-0.871,0.97,-0.08,0.97,-0.08,INF,-1,1,7,0
5060,1,1,10.459,-1.053,0.98,-0.10,0.98,-0.10,INF,-1,1,7,0
5080,1,1,11.713,-0.850,1.09,-0.08,1.09,-0.08,INF,-1,1,7,0
5100,1,1,12.810,-0.794,1.20,-0.07,1.20,-0.07,INF,-1,1,7,0
5120,1,1,10.637,-1.814,0.99,-0.17,0.99,-0.17,INF,-1,1,7,0
5140,1,1,11.637,-2.003,1.09,-0.19,1.09,-0.19,INF,-1,1,7,0
5160,1,1,11.442,-2.862,1.07,-0.27,1.07,-0.27,INF,-1,1,7,0
5180,1,1,10.575,-3.234,0.99,-0.30,0.99,-0.30,INF,-1,1,7,0
5200,1,1,11.233,-1.724,1.05,-0.16,1.05,-0.16,INF,-1,1,7,0
5220,1,1,8.590,-2.589,0.80,-0.24,0.80,-0.24,INF,-1,1,7,0
5240,1,1,11.181,-3.591,1.04,-0.34,1.04,-0.34,INF,-1,1,7,0
5260,1,1,16.015,-3.390,1.50,-0.32,1.50,-0.32,INF,-1,1,7,0
5280,1,1,12.225,-1.521,1.14,-0.14,1.14,-0.14,INF,-1,1,7,0
5300,1,1,12.904,-2.213,1.21,-0.21,1.21,-0.21,INF,-1,1,7,0
5320,1,1,13.499,-2.326,1.26,-0.22,1.26,-0.22,INF,-1,1,7,0
5340,1,1,13.870,-2.074,1.30,-0.19,1.30,-0.19,INF,-1,1,7,0
5360,1,1,11.921,-0.430,1.11,-0.04,1.11,-0.04,INF,-1,1,7,0
5380,1,1,13.059,-2.707,1.22,-0.25,1.22,-0.25,INF,-1,1,7,0
5400,1,1,12.666,-3.006,1.18,-0.28,1.18,-0.28,INF,-1,1,7,0
5420,1,1,13.994,-2.014,1.31,-0.19,1.31,-0.19,INF,-1,1,7,0
5440,1,1,11.796,-1.988,1.10,-0.19,1.10,-0.19,INF,-1,1,7,0
5460,1,1,7.737,-1.566,0.72,-0.15,0.72,-0.15,INF,-1,1,7,0
5480,1,1,8.158,0.775,0.76,0.07,0.76,0.07,INF,-1,1,7,0
5500,1,1,8.795,-0.515,0.82,-0.05,0.82,-0.05,INF,-1,1,7,0
5520,1,1,8.995,-2.643,0.84,-0.25,0.84,-0.25,INF,-1,1,7,0
5540,1,1,8.130,-2.661,0.76,-0.25,0.76,-0.25,INF,-1,1,7,0
5560,1,1,9.593,-0.351,0.90,-0.03,0.90,-0.03,INF,-1,1,7,0
5580,1,1,11.214,-1.382,1.05,-0.13,1.05,-0.13,INF,-1,1,7,0
5600,1,1,9.520,-0.566,0.89,-0.05,0.89,-0.05,INF,-1,1,7,0
5620,1,1,10.978,-1.648,1.03,-0.15,1.03,-0.15,INF,-1,1,7,0
5640,1,1,11.274,-0.663,1.05,-0.06,1.05,-0.06,INF,-1,1,7,0
5660,1,1,11.614,0.401,1.09,0.04,1.09,0.04,INF,-1,1,7,0
5680,1,1,11.635,-0.595,1.09,-0.06,1.09,-0.06,INF,-1,1,7,0
5700,1,1,13.977,1.507,1.31,0.14,1.31,0.14,INF,-1,1,7,0
5720,1,1,12.871,-0.509,1.20,-0.05,1.20,-0.05,INF,-1,1,7,0
5740,1,1,10.613,-1.814,0.99,-0.17,0.99,-0.17,INF,-1,1,7,0
5760,1,1,11.091,-2.572,1.04,-0.24,1.04,-0.24,INF,-1,1,7,0
5780,1,1,8.724,-0.163,0.82,-0.02,0.82,-0.02,INF,-1,1,7,0
5800,1,1,10.148,-0.206,0.95,-0.02,0.95,-0.02,INF,-1,1,7,0
5820,1,1,12.666,1.042,1.18,0.10,1.18,0.10,INF,-1,1,7,0
5840,1,1,12.185,1.282,1.14,0.12,1.14,0.12,INF,-1,1,7,0
5860,1,1,12.539,-1.964,1.17,-0.18,1.17,-0.18,INF,-1,1,7,0
5880,1,1,8.752,-0.023,0.82,0.00,0.82,0.00,INF,-1,1,7,0
5900,1,1,7.266,2.019,0.68,0.19,0.68,0.19,INF,-1,1,7,0
5920,1,1,8.911,1.172,0.83,0.11,0.83,0.11,INF,-1,1,7,0
5940,1,1,10.879,0.246,1.02,0.02,1.02,0.02,INF,-1,1,7,0
5960,1,1,10.509,0.330,0.98,0.03,0.98,0.03,INF,-1,1,7,0
5980,1,1,10.976,0.848,1.03,0.08,1.03,0.08,INF,-1,1,7,0
6000,1,1,9.899,3.349,0.93,0.31,0.93,0.31,INF,-1,1,7,0
6020,1,1,10.064,-0.603,0.94,-0.06,0.94,-0.06,INF,-1,1,7,0
6040,1,1,12.283,0.662,1.15,0.06,1.15,0.06,INF,-1,1,7,0
6060,1,1,15.991,-0.057,1.49,-0.01,1.49,-0.01,INF,-1,1,7,0
6080,1,1,-75.544,111.956,-7.03,10.27,-6.91,10.35,INF,-1,1,7,0
6100,0,1,0.000,0.000,0.00,0.00,0.00,0.00,0.00,-1,1,7,0
6120,1,1,-99.967,72.049,-9.26,6.62,-9.20,6.70,INF,-1,1,7,0
6140,0,1,0.000,0.000,0.00,0.00,0.00,0.00,0.00,-1,1,7,0
6160,1,1,14.253,-0.121,1.33,-0.01,1.33,-0.01,INF,-1,1,7,0
6180,1,1,13.360,-1.342,1.25,-0.13,1.25,-0.13,INF,-1,1,7,0
6200,1,1,13.255,1.583,1.24,0.15,1.24,0.15,INF,-1,1,7,0
6220,1,1,14.600,-0.115,1.36,-0.01,1.36,-0.01,INF,-1,1,7,0
6240,1,1,16.056,1.437,1.50,0.13,1.50,0.13,INF,-1,1,7,0
6260,1,1,15.259,0.686,1.43,0.06,1.43,0.06,INF,-1,1,7,0
6280,1,1,16.076,-0.366,1.50,-0.03,1.50,-0.03,INF,-1,1,7,0
6300,1,1,16.723,0.086,1.56,0.01,1.56,0.01,INF,-1,1,7,0
6320,1,1,15.412,0.378,1.44,0.04,1.44,0.04,INF,-1,1,7,0
6340,1,1,14.560,-0.855,1.36,-0.08,1.36,-0.08,INF,-1,1,7,0
6360,1,1,17.296,0.204,1.62,0.02,1.62,0.02,INF,-1,1,7,0
6380,1,1,13.187,-0.754,1.23,-0.07,1.23,-0.07,INF,-1,1,7,0
6400,1,1,13.356,0.387,1.25,0.04,1.25,0.04,INF,-1,1,7,0
6420,1,1,13.122,0.703,1.23,0.07,1.23,0.07,INF,-1,1,7,0
6440,1,1,14.129,1.496,1.32,0.14,1.32,0.14,INF,-1,1,7,0
6460,1,1,14.455,0.646,1.35,0.06,1.35,0.06,INF,-1,1,7,0
6480,1,1,11.516,0.983,1.08,0.09,1.08,0.09,INF,-1,1,7,0
6500,1,1,11.334,1.254,1.06,0.12,1.06,0.12,INF,-1,1,7,0
6520,1,1,9.940,2.129,0.93,0.20,0.93,0.20,INF,-1,1,7,0
6540,1,1,11.602,0.563,1.08,0.05,1.08,0.05,INF,-1,1,7,0
6560,1,1,11.110,-1.605,1.04,-0.15,1.04,-0.15,INF,-1,1,7,0
6580,1,1,10.206,-1.276,0.95,-0.12,0.95,-0.12,INF,-1,1,7,0
6600,1,1,11.608,0.076,1.08,0.01,1.08,0.01,INF,-1,1,7,0
6620,1,1,9.730,1.263,0.91,0.12,0.91,0.12,INF,-1,1,7,0
6640,1,1,10.050,-0.602,0.94,-0.06,0.94,-0.06,INF,-1,1,7,0
6660,1,1,11.894,0.999,1.11,0.09,1.11,0.09,INF,-1,1,7,0
6680,1,1,11.997,-0.784,1.12,-0.07,1.12,-0.07,INF,-1,1,7,0
6700,1,1,13.037,-1.992,1.22,-0.19,1.22,-0.19,INF,-1,1,7,0
6720,1,1,10.105,-1.409,0.94,-0.13,0.94,-0.13,INF,-1,1,7,0
6740,1,1,13.524,-0.160,1.26,-0.01,1.26,-0.01,INF,-1,1,7,0
6760,1,1,12.445,-4.032,1.16,-0.38,1.16,-0.38,INF,-1,1,7,0
6780,1,1,10.345,-2.414,0.97,-0.23,0.97,-0.23,INF,-1,1,7,0
6800,1,1,14.731,0.804,1.38,0.08,1.38,0.08,INF,-1,1,7,0
6820,1,1,12.910,-1.775,1.21,-0.17,1.21,-0.17,INF,-1,1,7,0
6840,1,1,14.315,0.896,1.34,0.08,1.34,0.08,INF,-1,1,7,0
6860,1,1,15.454,-1.000,1.44,-0.09,1.44,-0.09,INF,-1,1,7,0
6880,1,1,11.756,-2.263,1.10,-0.21,1.10,-0.21,INF,-1,1,7,0
6900,1,1,13.467,-1.091,1.26,-0.10,1.26,-0.10,INF,-1,1,7,0
6920,1,1,15.308,0.390,1.43,0.04,1.43,0.04,INF,-1,1,7,0
6940,1,1,12.626,-1.398,1.18,-0.13,1.18,-0.13,INF,-1,1,7,0
6960,1,1,13.278,1.654,1.24,0.15,1.24,0.15,INF,-1,1,7,0
6980,1,1,14.207,3.023,1.33,0.28,1.33,0.28,INF,-1,1,7,0
7000,1,1,12.946,4.503,1.21,0.42,1.21,0.42,INF,-1,1,7,0
7020,1,1,11.022,2.897,1.03,0.27,1.03,0.27,INF,-1,1,7,0
7040,1,1,15.269,1.771,1.43,0.17,1.43,0.17,INF,-1,1,7,0
7060,1,1,12.724,0.881,1.19,0.08,1.19,0.08,INF,-1,1,7,0
7080,1,1,14.182,0.917,1.33,0.09,1.33,0.09,INF,-1,1,7,0
7100,1,1,11.503,1.240,1.08,0.12,1.08,0.12,INF,-1,1,7,0
7120,1,1,13.280,0.708,1.24,0.07,1.24,0.07,INF,-1,1,7,0
7140,1,1,13.125,1.504,1.23,0.14,1.23,0.14,INF,-1,1,7,0
7160,1,1,11.935,-0.647,1.12,-0.06,1.12,-0.06,INF,-1,1,7,0
7180,1,1,11.611,3.761,1.09,0.35,1.09,0.35,INF,-1,1,7,0
7200,1,1,12.538,3.301,1.17,0.31,1.17,0.31,INF,-1,1,7,0
7220,1,1,12.341,4.934,1.15,0.46,1.15,0.46,INF,-1,1,7,0
7240,1,1,13.647,4.334,1.28,0.40,1.28,0.41,INF,-1,1,7,0
7260,1,1,10.993,1.915,1.03,0.18,1.03,0.18,INF,-1,1,7,0
7280,1,1,12.699,2.887,1.19,0.27,1.19,0.27,INF,-1,1,7,0
7300,1,1,11.984,3.267,1.12,0.31,1.12,0.31,INF,-1,1,7,0
7320,1,1,10.629,3.185,0.99,0.30,0.99,0.30,INF,-1,1,7,0
7340,1,1,14.657,3.284,1.37,0.31,1.37,0.31,INF,-1,1,7,0
7360,1,1,10.176,1.511,0.95,0.14,0.95,0.14,INF,-1,1,7,0
7380,1,1,12.539,5.370,1.17,0.50,1.17,0.50,INF,-1,1,7,0
7400,1,1,13.750,3.885,1.28,0.36,1.28,0.36,INF,-1,1,7,0
7420,1,1,13.556,4.818,1.27,0.45,1.27,0.45,INF,-1,1,7,0
7440,1,1,13.765,4.264,1.29,0.40,1.29,0.40,INF,-1,1,7,0
7460,1,1,11.367,4.032,1.06,0.38,1.06,0.38,INF,-1,1,7,0
7480,1,1,14.095,1.279,1.32,0.12,1.32,0.12,INF,-1,1,7,0
7500,1,1,13.776,4.688,1.29,0.44,1.29,0.44,INF,-1,1,7,0
7520,1,1,9.468,4.061,0.88,0.38,0.88,0.38,INF,-1,1,7,0
7540,1,1,10.818,5.298,1.01,0.50,1.01,0.50,INF,-1,1,7,0
7560,1,1,11.957,5.817,1.12,0.54,1.12,0.54,INF,-1,1,7,0
7580,1,1,12.370,6.545,1.16,0.61,1.16,0.61,INF,-1,1,7,0
7600,1,1,10.003,4.914,0.93,0.46,0.93,0.46,INF,-1,1,7,0
7620,1,1,15.040,6.185,1.41,0.58,1.41,0.58,INF,-1,1,7,0
7640,1,1,10.883,3.610,1.02,0.34,1.02,0.34,INF,-1,1,7,0
7660,1,1,9.521,6.888,0.89,0.64,0.89,0.64,INF,-1,1,7,0
7680,1,1,12.455,5.287,1.16,0.49,1.16,0.49,INF,-1,1,7,0
7700,1,1,11.837,7.390,1.11,0.69,1.11,0.69,INF,-1,1,7,0
7720,1,1,12.157,8.272,1.14,0.77,1.14,0.77,INF,-1,1,7,0
7740,1,1,11.530,6.003,1.08,0.56,1.08,0.56,INF,-1,0,7,0
7760,1,1,12.853,8.939,1.20,0.84,1.20,0.84,INF,-1,0,7,0
7780,1,1,12.842,9.424,1.20,0.88,1.20,0.88,INF,-1,0,7,0
7800,1,1,14.905,9.646,1.39,0.90,1.39,0.90,INF,-1,0,7,0
7820,1,1,11.512,8.638,1.08,0.81,1.08,0.81,INF,-1,0,7,0
7840,1,1,10.424,6.995,0.97,0.65,0.97,0.65,INF,-1,0,7,0
7860,1,1,15.635,9.911,1.46,0.93,1.46,0.93,INF,-1,0,7,0
7880,1,1,16.963,9.250,1.59,0.86,1.58,0.86,INF,-1,0,7,0
7900,1,1,16.455,10.103,1.54,0.94,1.54,0.94,INF,-1,0,7,0
7920,1,1,13.670,11.049,1.28,1.03,1.28,1.03,INF,-1,0,7,0
7940,1,1,14.365,9.920,1.34,0.93,1.34,0.93,INF,-1,0,7,0
7960,1,1,11.133,10.464,1.04,0.98,1.04,0.98,INF,-1,0,7,0
7980,1,1,16.001,12.638,1.50,1.18,1.49,1.18,INF,-1,1,7,0
8000,1,1,14.271,11.711,1.33,1.09,1.33,1.09,INF,-1,1,7,0
8020,1,1,14.281,14.626,1.33,1.37,1.33,1.37,INF,-1,1,7,0
8040,1,1,12.446,12.289,1.16,1.15,1.16,1.15,INF,-1,1,7,0
8060,1,1,14.000,13.018,1.31,1.22,1.31,1.22,INF,-1,1,7,0
8080,1,1,13.051,11.862,1.22,1.11,1.22,1.11,INF,-1,1,7,0
8100,1,1,15.230,12.993,1.42,1.21,1.42,1.21,INF,-1,1,7,0
8120,1,1,13.768,12.600,1.29,1.18,1.29,1.18,INF,-1,1,7,0
8140,1,1,15.394,10.621,1.44,0.99,1.44,0.99,INF,-1,1,7,0
8160,1,1,15.862,14.224,1.48,1.33,1.48,1.33,INF,-1,1,7,0
8180,1,1,14.224,16.021,1.33,1.50,1.33,1.50,INF,-1,1,7,0
8200,1,1,18.449,17.301,1.72,1.62,1.72,1.62,INF,-1,1,7,0
8220,1,1,16.712,14.003,1.56,1.31,1.56,1.31,INF,-1,1,7,0
8240,1,1,14.576,14.740,1.36,1.38,1.36,1.38,INF,-1,1,7,0
8260,1,1,15.580,13.821,1.46,1.29,1.46,1.29,INF,-1,1,7,0
8280,1,1,14.499,14.611,1.35,1.37,1.35,1.37,INF,-1,1,7,0
8300,1,1,16.977,14.090,1.59,1.32,1.59,1.32,INF,-1,1,7,0
8320,1,1,14.179,12.906,1.33,1.21,1.32,1.21,INF,-1,1,7,0
8340,1,1,11.655,13.188,1.09,1.23,1.09,1.23,INF,-1,1,7,0
8360,1,1,14.782,12.328,1.38,1.15,1.38,1.15,INF,-1,1,7,0
8380,1,1,14.077,16.129,1.32,1.51,1.32,1.51,INF,-1,1,7,0
8400,1,1,12.843,17.634,1.20,1.65,1.20,1.65,INF,-1,1,7,0
8420,1,1,13.735,18.773,1.28,1.75,1.28,1.75,INF,-1,1,7,0
8440,1,1,14.534,19.997,1.36,1.87,1.36,1.87,INF,-1,1,7,0
8460,1,1,11.991,19.467,1.12,1.82,1.12,1.82,INF,-1,1,7,0
8480,1,1,12.143,19.315,1.13,1.80,1.13,1.80,INF,-1,0,7,0
8500,1,1,15.472,21.915,1.45,2.05,1.44,2.05,INF,-1,0,7,0
8520,1,1,16.076,22.499,1.50,2.10,1.50,2.10,INF,-1,0,7,0
8540,1,1,18.605,21.177,1.74,1.98,1.74,1.98,INF,-1,0,7,0
8560,1,1,17.649,22.751,1.65,2.12,1.65,2.13,INF,-1,0,7,0
8580,1,1,16.255,21.777,1.52,2.03,1.52,2.03,INF,-1,0,7,0
8600,1,1,18.244,21.929,1.70,2.05,1.70,2.05,INF,-1,0,7,0
8620,1,1,15.850,21.965,1.48,2.05,1.48,2.05,INF,-1,0,7,0
8640,1,1,16.149,24.492,1.51,2.29,1.51,2.29,INF,-1,0,7,0
8660,1,1,16.140,25.790,1.51,2.41,1.51,2.41,INF,-1,0,7,0
8680,1,1,19.200,24.084,1.79,2.25,1.79,2.25,INF,-1,0,7,0
8700,1,1,17.517,24.980,1.64,2.33,1.64,2.33,INF,-1,0,7,0
8720,1,1,14.964,25.387,1.40,2.37,1.40,2.37,INF,-1,1,7,0
8740,1,1,15.671,27.432,1.46,2.56,1.46,2.56,INF,-1,1,7,0
8760,1,1,16.501,26.816,1.54,2.50,1.54,2.50,INF,-1,1,7,0
8780,1,1,16.452,25.540,1.54,2.38,1.54,2.39,INF,-1,1,7,0
8800,1,1,15.181,23.090,1.42,2.16,1.42,2.16,INF,-1,1,7,0
8820,1,1,15.589,23.628,1.46,2.21,1.46,2.21,INF,-1,1,7,0
8840,1,1,15.473,27.142,1.45,2.53,1.44,2.54,INF,-1,1,7,0
8860,1,1,14.671,26.302,1.37,2.46,1.37,2.46,INF,-1,1,7,0
8880,1,1,15.497,24.525,1.45,2.29,1.45,2.29,INF,-1,1,7,0
8900,1,1,14.970,27.683,1.40,2.58,1.40,2.59,INF,-1,1,7,0
8920,1,1,16.544,23.095,1.55,2.16,1.54,2.16,INF,-1,1,7,0
8940,1,1,17.351,27.219,1.62,2.54,1.62,2.54,INF,-1,1,7,0
8960,1,1,15.084,28.458,1.41,2.66,1.41,2.66,INF,-1,1,7,0
8980,1,1,17.185,26.650,1.61,2.49,1.60,2.49,INF,-1,1,7,0
9000,1,1,13.414,27.573,1.25,2.57,1.25,2.58,INF,-1,1,7,0
9020,1,1,18.256,29.011,1.71,2.71,1.70,2.71,INF,-1,1,7,0
9040,1,1,15.880,31.195,1.48,2.91,1.48,2.91,INF,-1,1,7,0
9060,1,1,15.046,29.103,1.41,2.72,1.40,2.72,INF,-1,1,7,0
9080,1,1,16.329,29.914,1.53,2.79,1.52,2.79,INF,-1,1,7,0
9100,1,1,17.956,29.721,1.68,2.77,1.68,2.78,INF,-1,1,7,0
9120,1,1,15.188,30.283,1.42,2.83,1.42,2.83,INF,-1,1,7,0
9140,1,1,14.758,30.434,1.38,2.84,1.38,2.84,INF,-1,1,7,0
9160,1,1,18.554,30.937,1.73,2.89,1.73,2.89,INF,-1,1,7,0
9180,1,1,17.940,31.918,1.68,2.98,1.67,2.98,INF,-1,1,7,0
9200,1,1,15.706,31.744,1.47,2.96,1.47,2.96,INF,-1,1,7,0
9220,1,1,16.503,30.933,1.54,2.89,1.54,2.89,INF,-1,1,7,0
9240,1,1,20.302,33.415,1.90,3.12,1.89,3.12,INF,-1,1,7,0
9260,1,1,19.242,30.905,1.80,2.88,1.80,2.89,INF,-1,1,7,0
9280,1,1,17.398,33.266,1.63,3.11,1.62,3.11,INF,-1,1,7,0
9300,1,1,18.404,31.814,1.72,2.97,1.72,2.97,INF,-1,1,7,0
9320,1,1,19.701,29.588,1.84,2.76,1.84,2.76,INF,-1,1,7,0
9340,1,1,18.146,27.911,1.70,2.61,1.69,2.61,INF,-1,1,7,0
9360,1,1,19.665,26.507,1.84,2.47,1.84,2.48,INF,-1,1,7,0
9380,1,1,17.204,28.559,1.61,2.67,1.61,2.67,INF,-1,1,7,0
9400,1,1,19.698,25.532,1.84,2.38,1.84,2.39,INF,-1,1,7,0
9420,1,1,21.120,25.501,1.97,2.38,1.97,2.38,INF,-1,1,7,0
9440,1,1,21.753,26.346,2.03,2.46,2.03,2.46,INF,-1,1,7,0
9460,1,1,22.707,26.142,2.12,2.44,2.12,2.44,INF,-1,1,7,0
9480,1,1,21.908,20.643,2.05,1.93,2.05,1.93,INF,-1,1,7,0
9500,1,1,21.050,15.031,1.97,1.40,1.97,1.40,INF,-1,1,7,0
9520,1,1,18.735,15.956,1.75,1.49,1.75,1.49,INF,-1,1,7,0
9540,1,1,18.899,20.453,1.77,1.91,1.76,1.91,INF,-1,1,7,0
9560,1,1,14.953,16.152,1.40,1.51,1.40,1.51,INF,-1,1,7,0
9580,1,1,15.942,18.609,1.49,1.74,1.49,1.74,INF,-1,1,7,0
9600,1,1,17.501,15.229,1.64,1.42,1.63,1.42,INF,-1,1,7,0
9620,1,1,14.992,14.038,1.40,1.31,1.40,1.31,INF,-1,1,7,0
9640,1,1,17.436,15.635,1.63,1.46,1.63,1.46,INF,-1,1,7,0
9660,1,1,16.115,13.532,1.51,1.26,1.51,1.26,INF,-1,1,7,0
9680,1,1,17.503,12.182,1.64,1.14,1.64,1.14,INF,-1,1,7,0
9700,1,1,18.525,12.836,1.73,1.20,1.73,1.20,INF,-1,1,7,0
9720,1,1,17.199,9.386,1.61,0.88,1.61,0.88,INF,-1,1,7,0
9740,1,1,14.926,12.334,1.39,1.15,1.39,1.15,INF,-1,1,7,0
9760,1,1,14.232,15.653,1.33,1.46,1.33,1.46,INF,-1,1,7,0
9780,1,1,14.426,11.784,1.35,1.10,1.35,1.10,INF,-1,1,7,0
9800,1,1,19.394,13.832,1.81,1.29,1.81,1.29,INF,-1,1,7,0
9820,1,1,15.857,14.744,1.48,1.38,1.48,1.38,INF,-1,1,7,0
9840,1,1,13.980,13.014,1.31,1.22,1.31,1.22,INF,-1,1,7,0
9860,1,1,16.977,13.163,1.59,1.23,1.59,1.23,INF,-1,1,7,0
9880,1,1,15.463,16.045,1.44,1.50,1.44,1.50,INF,-1,1,7,0
9900,0,1,0.000,0.000,0.00,0.00,0.00,0.00,0.00,-1,1,7,0
9920,1,1,15.534,12.208,1.45,1.14,1.45,1.14,INF,-1,1,7,0
9940,1,1,16.667,11.943,1.56,1.12,1.56,1.12,INF,-1,1,7,0
9960,1,1,17.973,14.514,1.68,1.36,1.68,1.36,INF,-1,1,7,0
9980,1,1,15.853,15.285,1.48,1.43,1.48,1.43,INF,-1,1,7,0
10000,1,1,17.732,13.929,1.66,1.30,1.66,1.30,INF,-1,1,7,0
10020,1,1,16.987,13.128,1.59,1.23,1.59,1.23,INF,-1,1,7,0
10040,1,1,17.250,14.652,1.61,1.37,1.61,1.37,INF,-1,1,7,0
10060,1,1,16.559,13.127,1.55,1.23,1.55,1.23,INF,-1,1,7,0
10080,0,1,0.000,0.000,0.00,0.00,0.00,0.00,0.00,-1,1,7,0
10100,1,1,13.408,9.186,1.25,0.86,1.25,0.86,INF,-1,1,7,0
10120,1,1,17.178,13.449,1.61,1.26,1.60,1.26,INF,-1,1,7,0
10140,1,1,14.542,14.881,1.36,1.39,1.36,1.39,INF,-1,1,7,0
10160,1,1,14.235,14.418,1.33,1.35,1.33,1.35,INF,-1,1,7,0
10180,1,1,11.929,7.606,1.11,0.71,1.11,0.71,INF,-1,1,7,0
10200,1,1,13.170,10.659,1.23,1.00,1.23,1.00,INF,-1,1,7,0
10220,1,1,13.710,15.613,1.28,1.46,1.28,1.46,INF,-1,1,7,0
10240,1,1,14.594,14.180,1.36,1.32,1.36,1.33,INF,-1,1,7,0
10260,1,1,15.424,15.866,1.44,1.48,1.44,1.48,INF,-1,1,7,0
10280,1,1,13.413,13.301,1.25,1.24,1.25,1.24,INF,-1,1,7,0
10300,1,1,19.159,15.212,1.79,1.42,1.79,1.42,INF,-1,1,7,0
10320,1,1,19.742,17.613,1.84,1.64,1.84,1.65,INF,-1,1,7,0
10340,0,1,0.000,0.000,0.00,0.00,0.00,0.00,0.00,-1,1,7,0
10360,1,1,19.522,19.726,1.82,1.84,1.82,1.84,INF,-1,1,7,0
10380,1,1,19.941,25.286,1.86,2.36,1.86,2.36,INF,-1,1,7,0
10400,1,1,21.830,27.020,2.04,2.52,2.04,2.52,INF,-1,1,7,0
10420,1,1,19.528,24.688,1.82,2.31,1.82,2.31,INF,-1,1,7,0
10440,1,1,20.963,31.582,1.96,2.95,1.96,2.95,INF,-1,1,7,0
10460,1,1,23.821,30.939,2.23,2.89,2.22,2.89,INF,-1,1,7,0
10480,1,1,19.239,13.384,1.80,1.25,1.80,1.25,INF,-1,1,7,0
10500,0,1,0.000,0.000,0.00,0.00,0.00,0.00,0.00,-1,1,7,0
10520,0,1,0.000,0.000,0.00,0.00,0.00,0.00,0.00,-1,1,7,0
10540,0,1,0.000,0.000,0.00,0.00,0.00,0.00,0.00,-1,1,7,0
10560,0,1,0.000,0.000,0.00,0.00,0.00,0.00,0.00,-1,1,7,0
10580,0,1,0.000,0.000,0.00,0.00,0.00,0.00,0.00,-1,0,7,0
10600,0,1,0.000,0.000,0.00,0.00,0.00,0.00,0.00,-1,0,7,0
10620,0,1,0.000,0.000,0.00,0.00,0.00,0.00,0.00,-1,0,7,0
10640,0,1,0.000,0.000,0.00,0.00,0.00,0.00,0.00,-1,0,7,0
10660,0,1,0.000,0.000,0.00,0.00,0.00,0.00,INF,-1,0,7,0
10680,0,1,0.000,0.000,0.00,0.00,0.00,0.00,0.00,-1,0,7,0
10700,0,1,0.000,0.000,0.00,0.00,0.00,0.00,0.00,-1,0,7,0
10720,0,1,0.000,0.000,0.00,0.00,0.00,0.00,0.00,-1,0,7,0
10740,0,1,0.000,0.000,0.00,0.00,0.00,0.00,INF,-1,0,7,0
10760,1,1,39.110,-15.371,3.65,-1.43,3.65,-1.44,INF,-1,0,7,0
10780,1,1,12.147,-16.374,1.14,-1.53,1.13,-1.53,INF,-1,0,7,0
10800,0,1,0.000,0.000,0.00,0.00,0.00,0.00,0.00,-1,0,7,0
10820,0,1,0.000,0.000,0.00,0.00,0.00,0.00,0.00,-1,0,7,0
10840,1,1,12.128,7.086,1.13,0.66,1.13,0.66,INF,-1,0,7,0
10860,1,1,10.538,6.721,0.98,0.63,0.98,0.63,INF,-1,0,7,0
10880,1,1,14.775,20.839,1.38,1.95,1.38,1.95,INF,-1,0,7,0
10900,0,1,0.000,0.000,0.00,0.00,0.00,0.00,0.00,-1,0,7,0
10920,1,1,20.133,32.664,1.88,3.05,1.88,3.05,INF,-1,0,7,0
10940,1,1,19.626,41.637,1.83,3.88,1.83,3.89,INF,-1,0,7,0
10960,1,1,24.868,47.795,2.32,4.45,2.32,4.46,INF,-1,0,7,0
10980,1,1,28.361,49.769,2.65,4.64,2.64,4.64,INF,-1,0,7,0
11000,1,1,24.398,42.995,2.28,4.01,2.27,4.01,INF,-1,0,7,0
11020,1,1,24.350,41.536,2.27,3.87,2.27,3.88,INF,-1,0,7,0
11040,1,1,22.356,40.121,2.09,3.74,2.08,3.74,INF,-1,0,7,0
11060,1,1,22.315,41.218,2.08,3.84,2.08,3.85,INF,-1,0,7,0
11080,1,1,21.642,37.550,2.02,3.50,2.02,3.51,INF,-1,0,7,0
11100,1,1,22.556,39.332,2.11,3.67,2.10,3.67,INF,-1,0,7,0
11120,1,1,24.393,40.417,2.28,3.77,2.27,3.77,INF,-1,0,7,0
11140,1,1,27.176,41.260,2.54,3.85,2.53,3.85,INF,-1,0,7,0
11160,1,1,23.846,38.834,2.23,3.62,2.22,3.62,INF,-1,0,7,0
11180,1,1,25.394,36.428,2.37,3.40,2.37,3.40,INF,-1,0,7,0
11200,1,1,25.840,39.109,2.41,3.65,2.41,3.65,INF,-1,1,7,0
11220,1,1,28.140,38.686,2.63,3.61,2.62,3.61,INF,-1,1,7,0
11240,1,1,24.971,35.320,2.33,3.29,2.33,3.30,INF,-1,1,7,0
11260,1,1,25.114,36.809,2.35,3.43,2.34,3.44,INF,-1,1,7,0
11280,1,1,27.177,35.219,2.54,3.28,2.53,3.29,INF,-1,1,7,0
11300,1,1,23.427,32.324,2.19,3.02,2.19,3.02,INF,-1,1,7,0
11320,1,1,26.541,33.823,2.48,3.16,2.48,3.16,INF,-1,1,7,0
11340,1,1,28.234,37.062,2.64,3.46,2.63,3.46,INF,-1,1,7,0
11360,1,1,28.791,37.238,2.69,3.47,2.68,3.48,INF,-1,1,7,0
11380,1,1,31.499,37.884,2.94,3.53,2.94,3.54,INF,-1,1,7,0
11400,1,1,31.642,38.036,2.95,3.55,2.95,3.55,INF,-1,1,7,0
11420,1,1,28.506,37.292,2.66,3.48,2.66,3.48,INF,-1,1,7,0
11440,1,1,29.777,40.155,2.78,3.74,2.78,3.75,INF,-1,1,7,0
11460,1,1,29.939,39.644,2.80,3.70,2.79,3.70,INF,-1,1,7,0
11480,1,1,31.119,37.995,2.91,3.54,2.90,3.55,INF,-1,1,7,0
11500,1,1,31.098,39.890,2.90,3.72,2.90,3.72,INF,-1,1,7,0
11520,1,1,27.404,38.280,2.56,3.57,2.55,3.57,INF,-1,1,7,0
11540,1,1,29.350,40.970,2.74,3.82,2.74,3.82,INF,-1,1,7,0
11560,1,1,28.881,39.598,2.70,3.69,2.69,3.70,INF,-1,1,7,0
11580,1,1,28.215,39.838,2.64,3.71,2.63,3.72,INF,-1,1,7,0
11600,1,1,23.794,38.294,2.22,3.57,2.22,3.57,INF,-1,1,7,0
11620,1,1,27.598,40.792,2.58,3.80,2.57,3.81,INF,-1,1,7,0
11640,1,1,25.905,40.233,2.42,3.75,2.41,3.76,INF,-1,1,7,0
11660,1,1,25.127,41.239,2.35,3.85,2.34,3.85,INF,-1,1,7,0
11680,1,1,26.258,42.905,2.45,4.00,2.45,4.00,INF,-1,1,7,0
11700,1,1,22.318,35.839,2.09,3.34,2.08,3.35,INF,-1,1,7,0
11720,1,1,25.568,39.675,2.39,3.70,2.38,3.70,INF,-1,1,7,0
11740,1,1,24.989,41.733,2.33,3.89,2.33,3.89,INF,-1,1,7,0
11760,1,1,23.678,41.223,2.21,3.84,2.21,3.85,INF,-1,1,7,0
11780,1,1,25.246,41.217,2.36,3.84,2.35,3.85,INF,-1,1,7,0
11800,1,1,25.927,40.519,2.42,3.78,2.42,3.78,INF,-1,1,7,0
11820,1,1,27.328,40.981,2.55,3.82,2.55,3.82,INF,-1,1,7,0
11840,1,1,20.398,39.079,1.91,3.65,1.90,3.65,INF,-1,1,7,0
11860,1,1,23.557,41.627,2.20,3.88,2.20,3.88,INF,-1,1,7,0
11880,1,1,25.626,41.056,2.39,3.83,2.39,3.83,INF,-1,1,7,0
11900,1,1,22.880,37.955,2.14,3.54,2.13,3.54,INF,-1,1,7,0
11920,1,1,21.014,36.042,1.96,3.36,1.96,3.36,INF,-1,1,7,0
11940,1,1,22.455,37.584,2.10,3.51,2.09,3.51,INF,-1,1,7,0
11960,1,1,23.491,37.123,2.19,3.46,2.19,3.47,INF,-1,1,7,0
11980,1,1,23.928,38.054,2.24,3.55,2.23,3.55,INF,-1,1,7,0
12000,1,1,20.094,35.993,1.88,3.36,1.87,3.36,INF,-1,1,7,0
12020,1,1,20.400,39.671,1.91,3.70,1.90,3.70,INF,-1,1,7,0
12040,1,1,19.340,37.656,1.81,3.51,1.80,3.52,INF,-1,1,7,0
12060,1,1,16.794,34.595,1.57,3.23,1.57,3.23,INF,-1,1,7,0
12080,1,1,19.549,35.240,1.83,3.29,1.82,3.29,INF,-1,1,7,0
12100,1,1,19.989,36.541,1.87,3.41,1.86,3.41,INF,-1,1,7,0
12120,1,1,24.211,39.693,2.26,3.70,2.26,3.70,INF,-1,1,7,0
12140,1,1,21.125,35.607,1.97,3.32,1.97,3.32,INF,-1,1,7,0
12160,1,1,19.376,37.008,1.81,3.45,1.81,3.45,INF,-1,1,7,0
12180,1,1,20.905,36.103,1.95,3.37,1.95,3.37,INF,-1,1,7,0
12200,1,1,20.268,38.671,1.89,3.61,1.89,3.61,INF,-1,1,7,0
12220,1,1,21.424,41.597,2.00,3.88,2.00,3.88,INF,-1,1,7,0
12240,1,1,18.210,39.709,1.70,3.70,1.70,3.71,INF,-1,1,7,0
12260,1,1,22.963,40.873,2.15,3.81,2.14,3.81,INF,-1,1,7,0
12280,1,1,17.434,37.052,1.63,3.46,1.63,3.46,INF,-1,1,7,0
12300,1,1,19.271,37.904,1.80,3.54,1.80,3.54,INF,-1,1,7,0
12320,1,1,19.484,37.836,1.82,3.53,1.82,3.53,INF,-1,1,7,0
12340,1,1,21.108,41.544,1.97,3.87,1.97,3.88,INF,-1,1,7,0
12360,1,1,19.723,37.883,1.84,3.53,1.84,3.54,INF,-1,1,7,0
12380,1,1,19.139,39.147,1.79,3.65,1.78,3.65,INF,-1,1,7,0
12400,1,1,16.862,39.663,1.58,3.70,1.57,3.70,INF,-1,1,7,0
12420,1,1,16.758,37.147,1.57,3.47,1.56,3.47,INF,-1,1,7,0
12440,1,1,24.730,41.101,2.31,3.83,2.31,3.84,INF,-1,1,7,0
12460,1,1,16.804,37.863,1.57,3.53,1.57,3.53,INF,-1,1,7,0
12480,1,1,19.596,39.207,1.83,3.66,1.83,3.66,INF,-1,1,7,0
12500,1,1,19.600,36.411,1.83,3.40,1.83,3.40,INF,-1,1,7,0
12520,1,1,19.217,38.260,1.80,3.57,1.79,3.57,INF,-1,1,7,0
12540,1,1,16.983,35.524,1.59,3.32,1.58,3.32,INF,-1,1,7,0
12560,1,1,19.058,38.835,1.78,3.62,1.78,3.62,INF,-1,1,7,0
12580,1,1,17.394,38.736,1.63,3.61,1.62,3.62,INF,-1,1,7,0
12600,1,1,17.160,37.497,1.60,3.50,1.60,3.50,INF,-1,1,7,0
12620,1,1,16.551,36.014,1.55,3.36,1.54,3.36,INF,-1,1,7,0
12640,1,1,17.294,34.410,1.62,3.21,1.61,3.21,INF,-1,1,7,0
12660,1,1,17.515,34.829,1.64,3.25,1.63,3.25,INF,-1,1,7,0
12680,1,1,20.449,32.837,1.91,3.06,1.91,3.07,INF,-1,1,7,0
12700,1,1,19.336,31.092,1.81,2.90,1.80,2.90,INF,-1,1,7,0
12720,1,1,20.472,31.585,1.91,2.95,1.91,2.95,INF,-1,1,7,0
12740,1,1,20.657,33.058,1.93,3.09,1.93,3.09,INF,-1,1,7,0
12760,1,1,20.541,36.776,1.92,3.43,1.92,3.43,INF,-1,1,7,0
12780,1,1,20.336,34.276,1.90,3.20,1.90,3.20,INF,-1,1,7,0
12800,1,1,23.434,34.752,2.19,3.24,2.19,3.24,INF,-1,1,7,0
12820,1,1,18.283,24.989,1.71,2.33,1.71,2.33,INF,-1,1,7,0
12840,1,1,21.889,21.694,2.05,2.03,2.04,2.03,INF,-1,1,7,0
12860,0,1,0.000,0.000,0.00,0.00,0.00,0.00,0.00,-1,1,7,0
12880,1,1,18.557,3.115,1.73,0.29,1.73,0.29,INF,-1,1,7,0
12900,1,1,14.269,12.593,1.33,1.18,1.33,1.18,INF,-1,0,7,0
12920,0,1,0.000,0.000,0.00,0.00,0.00,0.00,0.00,-1,0,7,0
12940,1,1,36.799,-23.542,3.44,-2.20,3.43,-2.20,INF,-1,0,7,0
12960,0,1,0.000,0.000,0.00,0.00,0.00,0.00,0.00,-1,0,7,0
12980,1,1,45.134,-12.873,4.21,-1.20,4.21,-1.20,INF,-1,0,7,0
13000,1,1,28.916,-14.510,2.70,-1.35,2.70,-1.36,INF,-1,0,7,0
13020,1,1,39.698,-10.312,3.71,-0.96,3.70,-0.96,INF,-1,0,7,0
13040,0,1,0.000,0.000,0.00,0.00,0.00,0.00,0.00,-1,0,7,0
13060,1,1,8.904,-65.485,0.83,-6.10,0.83,-6.10,INF,-1,0,7,0
13080,0,1,0.000,0.000,0.00,0.00,0.00,0.00,0.00,-1,0,7,0
13100,0,1,0.000,0.000,0.00,0.00,0.00,0.00,INF,-1,0,7,0
13120,0,1,0.000,0.000,0.00,0.00,0.00,0.00,0.00,-1,0,7,0
13140,0,1,0.000,0.000,0.00,0.00,0.00,0.00,INF,-1,0,7,0
13160,0,1,0.000,0.000,0.00,0.00,0.00,0.00,INF,-1,0,7,0
13180,0,1,0.000,0.000,0.00,0.00,0.00,0.00,0.00,-1,0,7,0
13200,0,1,0.000,0.000,0.00,0.00,0.00,0.00,0.00,-1,0,7,0
13220,1,1,60.538,-25.050,5.64,-2.33,5.64,-2.34,INF,-1,0,7,0
13240,0,1,0.000,0.000,0.00,0.00,0.00,0.00,0.00,-1,0,7,0
13260,0,1,0.000,0.000,0.00,0.00,0.00,0.00,0.00,-1,0,7,0
13280,0,1,0.000,0.000,0.00,0.00,0.00,0.00,0.00,-1,0,7,0
13300,1,1,59.284,4.778,5.52,0.44,5.52,0.45,INF,-1,0,7,0
13320,1,1,45.036,35.663,4.20,3.32,4.19,3.33,INF,-1,0,7,0
13340,1,1,47.357,45.282,4.42,4.21,4.41,4.22,INF,-1,0,7,0
13360,1,1,49.168,37.782,4.59,3.52,4.58,3.53,INF,-1,0,7,0
13380,1,1,46.157,36.938,4.31,3.44,4.30,3.45,INF,-1,0,7,0
13400,1,1,49.142,42.006,4.58,3.91,4.57,3.92,INF,-1,0,7,0
13420,1,1,48.668,33.901,4.54,3.16,4.53,3.17,INF,-1,0,7,0
13440,1,1,49.619,39.291,4.63,3.66,4.62,3.67,INF,-1,0,7,0
13460,1,1,50.002,41.241,4.66,3.84,4.65,3.85,INF,-1,0,7,0
13480,1,1,50.228,36.579,4.68,3.40,4.68,3.41,INF,-1,0,7,0
13500,1,1,53.005,38.102,4.94,3.54,4.93,3.56,INF,-1,0,7,0
13520,1,1,54.107,36.169,5.04,3.36,5.04,3.38,INF,-1,0,7,0
13540,1,1,54.105,37.765,5.04,3.51,5.03,3.53,INF,-1,0,7,0
13560,1,1,51.843,35.027,4.83,3.26,4.83,3.27,INF,-1,0,7,0
13580,1,1,53.780,39.697,5.01,3.69,5.00,3.71,INF,-1,0,7,0
13600,1,1,50.809,38.275,4.74,3.56,4.73,3.57,INF,-1,1,7,0
13620,1,1,54.015,35.744,5.04,3.32,5.03,3.34,INF,-1,1,7,0
13640,1,1,52.645,38.718,4.91,3.60,4.90,3.61,INF,-1,1,7,0
13660,1,1,53.466,35.742,4.98,3.32,4.98,3.34,INF,-1,1,7,0
13680,1,1,51.946,36.848,4.84,3.43,4.83,3.44,INF,-1,1,7,0
13700,1,1,49.762,36.908,4.64,3.43,4.63,3.45,INF,-1,1,7,0
13720,1,1,46.915,35.054,4.38,3.26,4.37,3.27,INF,-1,1,7,0
13740,1,1,47.531,35.881,4.43,3.34,4.43,3.35,INF,-1,1,7,0
13760,1,1,46.908,34.893,4.38,3.25,4.37,3.26,INF,-1,1,7,0
13780,1,1,44.679,31.662,4.17,2.95,4.16,2.96,INF,-1,1,7,0
13800,1,1,41.712,31.395,3.89,2.93,3.89,2.93,INF,-1,1,7,0
13820,1,1,40.528,32.210,3.78,3.00,3.78,3.01,INF,-1,1,7,0
13840,1,1,36.067,29.013,3.37,2.71,3.36,2.71,INF,-1,0,7,0
13860,1,1,36.303,29.765,3.39,2.78,3.39,2.78,INF,-1,0,7,0
13880,1,1,33.942,29.716,3.17,2.77,3.17,2.78,INF,-1,0,7,0
13900,1,1,33.491,25.642,3.13,2.39,3.12,2.40,INF,-1,0,7,0
13920,1,1,34.519,29.368,3.22,2.74,3.22,2.74,INF,-1,0,7,0
13940,1,1,29.884,27.984,2.79,2.61,2.79,2.61,INF,-1,0,7,0
13960,1,1,30.817,27.541,2.88,2.57,2.88,2.57,INF,-1,0,7,0
13980,1,1,29.366,25.248,2.74,2.36,2.74,2.36,INF,-1,0,7,0
14000,1,1,29.167,24.311,2.72,2.27,2.72,2.27,INF,-1,0,7,0
14020,1,1,24.731,23.059,2.31,2.15,2.31,2.15,INF,-1,0,7,0
14040,1,1,24.261,23.740,2.27,2.22,2.26,2.22,INF,-1,0,7,0
14060,1,1,22.459,21.187,2.10,1.98,2.10,1.98,INF,-1,0,7,0
14080,1,1,20.609,18.818,1.93,1.76,1.92,1.76,INF,-1,0,7,0
14100,1,1,13.645,4.373,1.28,0.41,1.28,0.41,INF,-1,0,7,0
14120,1,1,12.873,9.774,1.20,0.91,1.20,0.91,INF,-1,1,7,0
14140,1,1,13.439,7.620,1.26,0.71,1.26,0.71,INF,-1,0,7,0
14160,1,1,16.413,7.819,1.53,0.73,1.53,0.73,INF,-1,0,7,0
14180,1,1,16.852,7.567,1.57,0.71,1.57,0.71,INF,-1,0,7,0
14200,1,1,10.650,7.597,1.00,0.71,1.00,0.71,INF,-1,0,7,0
14220,1,1,12.613,7.249,1.18,0.68,1.18,0.68,INF,-1,0,7,0
14240,1,1,12.349,7.867,1.15,0.74,1.15,0.74,INF,-1,0,7,0
14260,1,1,11.671,8.341,1.09,0.78,1.09,0.78,INF,-1,0,7,0
14280,1,1,10.787,4.895,1.01,0.46,1.01,0.46,INF,-1,0,7,0
14300,1,1,11.611,7.187,1.09,0.67,1.09,0.67,INF,-1,0,7,0
14320,1,1,12.759,8.038,1.19,0.75,1.19,0.75,INF,-1,0,7,0
14340,1,1,11.400,9.334,1.07,0.87,1.07,0.87,INF,-1,0,7,0
14360,1,1,14.805,6.411,1.38,0.60,1.38,0.60,INF,-1,0,7,0
14380,1,1,11.382,6.988,1.06,0.65,1.06,0.65,INF,-1,1,7,0
14400,1,1,10.069,5.893,0.94,0.55,0.94,0.55,INF,-1,1,7,0
14420,1,1,12.809,6.132,1.20,0.57,1.20,0.57,INF,-1,1,7,0
14440,1,1,13.093,6.599,1.22,0.62,1.22,0.62,INF,-1,1,7,0
14460,1,1,9.542,7.936,0.89,0.74,0.89,0.74,INF,-1,1,7,0
14480,1,1,10.202,5.716,0.95,0.53,0.95,0.53,INF,-1,1,7,0
14500,1,1,10.988,6.442,1.03,0.60,1.03,0.60,INF,-1,1,7,0
14520,1,1,8.791,9.045,0.82,0.85,0.82,0.85,INF,-1,1,7,0
14540,1,1,10.107,6.757,0.94,0.63,0.94,0.63,INF,-1,1,7,0
14560,1,1,10.353,6.252,0.97,0.58,0.97,0.58,INF,-1,1,7,0
14580,1,1,11.752,5.814,1.10,0.54,1.10,0.54,INF,-1,1,7,0
14600,1,1,12.524,8.332,1.17,0.78,1.17,0.78,INF,-1,1,7,0
14620,1,1,11.359,5.950,1.06,0.56,1.06,0.56,INF,-1,1,7,0
14640,1,1,9.333,5.174,0.87,0.48,0.87,0.48,INF,-1,1,7,0
14660,1,1,15.620,6.087,1.46,0.57,1.46,0.57,INF,-1,1,7,0
14680,1,1,11.192,5.367,1.05,0.50,1.05,0.50,INF,-1,1,7,0
14700,1,1,10.196,4.986,0.95,0.47,0.95,0.47,INF,-1,1,7,0
14720,1,1,-20.763,-72.947,-1.94,-6.78,-1.93,-6.79,INF,-1,1,7,0
14740,0,1,0.000,0.000,0.00,0.00,0.00,0.00,0.00,-1,1,7,0
14760,0,1,0.000,0.000,0.00,0.00,0.00,0.00,0.00,-1,1,7,0
14780,0,1,0.000,0.000,0.00,0.00,0.00,0.00,0.00,-1,1,7,0
14800,0,1,0.000,0.000,0.00,0.00,0.00,0.00,0.00,-1,0,7,0
14820,0,1,0.000,0.000,0.00,0.00,0.00,0.00,0.00,-1,0,7,0
14840,0,1,0.000,0.000,0.00,0.00,0.00,0.00,INF,-1,0,7,0
14860,0,1,0.000,0.000,0.00,0.00,0.00,0.00,0.00,-1,0,7,0
14880,0,1,0.000,0.000,0.00,0.00,0.00,0.00,0.00,-1,0,7,0
14900,0,1,0.000,0.000,0.00,0.00,0.00,0.00,INF,-1,0,7,0
14920,1,1,12.290,-64.205,1.15,-5.98,1.14,-5.98,INF,-1,0,7,0
14940,1,1,5.686,10.449,0.53,0.98,0.53,0.98,INF,-1,0,7,0
14960,1,1,8.607,13.701,0.80,1.28,0.80,1.28,INF,-1,0,7,0
14980,1,1,10.048,15.005,0.94,1.40,0.94,1.40,INF,-1,0,7,0
