"EyeTracker Toolbox version","3.250"
CalibrationParameters_A11,1.17158
CalibrationParameters_A12,0.05770
CalibrationParameters_A13,0.05503
CalibrationParameters_A21,0.04898
CalibrationParameters_A22,-1.20432
CalibrationParameters_A23,0.00730
CalibrationParameters_A31,0.00090
CalibrationParameters_A32,0.00094
CalibrationParameters_E11,-0.18012
CalibrationParameters_E12,-0.00012
CalibrationParameters_E21,-0.00002
CalibrationParameters_E22,0.19974
CalibrationParameters_X,21.44294
CalibrationParameters_Y,49.56438
CalibrationParameters_Rpc,72.01644
CalibrationParameters_MeanX,134.35434
CalibrationParameters_MeanY,117.88496
CalibrationParameters_ViewDist,613.00000
TimeStamp,Tracked,Calibrated,ScreenPositionXmm,ScreenPositionYmm,FicksLongitude,FicksLatitude,HelmholtzAzimuth,HelmholtzElevation,PupilDiameter,Region,Fixation,DigitalIO,Dropped
0,1,1,8.207,24.834,0.77,2.32,0.77,2.32,INF,-1,0,7,0
20,1,1,9.298,24.236,0.87,2.26,0.87,2.26,INF,-1,0,7,0
40,1,1,6.868,24.869,0.64,2.32,0.64,2.32,INF,-1,0,7,0
60,1,1,7.671,25.155,0.72,2.35,0.72,2.35,INF,-1,0,7,0
80,1,1,7.260,25.376,0.68,2.37,0.68,2.37,INF,-1,0,7,0
100,1,1,7.683,25.794,0.72,2.41,0.72,2.41,INF,-1,0,7,0
120,1,1,7.481,25.781,0.70,2.41,0.70,2.41,INF,-1,0,7,0
140,1,1,7.007,26.119,0.65,2.44,0.65,2.44,INF,-1,0,7,0
160,1,1,7.250,24.959,0.68,2.33,0.68,2.33,INF,-1,0,7,0
180,1,1,7.159,25.473,0.67,2.38,0.67,2.38,INF,-1,0,7,0
200,1,1,7.617,25.641,0.71,2.40,0.71,2.40,INF,-1,0,7,0
220,1,1,7.696,24.884,0.72,2.32,0.72,2.32,INF,-1,0,7,0
240,1,1,6.782,24.711,0.63,2.31,0.63,2.31,INF,-1,0,7,0
260,1,1,8.629,10.832,0.81,1.01,0.81,1.01,INF,-1,0,7,0
280,1,1,9.938,8.441,0.93,0.79,0.93,0.79,INF,-1,1,7,0
300,1,1,9.604,7.717,0.90,0.72,0.90,0.72,INF,-1,0,7,0
320,1,1,10.181,7.262,0.95,0.68,0.95,0.68,INF,-1,0,7,0
340,1,1,10.340,8.106,0.97,0.76,0.97,0.76,INF,-1,0,7,0
360,1,1,10.436,7.552,0.98,0.71,0.98,0.71,INF,-1,0,7,0
380,1,1,11.389,6.884,1.06,0.64,1.06,0.64,INF,-1,0,7,0
400,1,1,11.080,7.732,1.04,0.72,1.04,0.72,INF,-1,0,7,0
420,1,1,10.188,7.704,0.95,0.72,0.95,0.72,INF,-1,0,7,0
440,1,1,11.007,7.259,1.03,0.68,1.03,0.68,INF,-1,0,7,0
460,1,1,10.133,5.636,0.95,0.53,0.95,0.53,INF,-1,0,7,0
480,1,1,15.851,9.219,1.48,0.86,1.48,0.86,INF,-1,0,7,0
500,1,1,18.687,8.135,1.75,0.76,1.75,0.76,INF,-1,0,7,0
520,1,1,19.096,8.190,1.78,0.77,1.78,0.77,INF,-1,0,7,0
540,1,1,18.134,10.229,1.69,0.96,1.69,0.96,INF,-1,1,7,0
560,1,1,18.975,10.082,1.77,0.94,1.77,0.94,INF,-1,1,7,0
580,1,1,17.416,10.864,1.63,1.01,1.63,1.02,INF,-1,1,7,0
600,1,1,17.799,10.219,1.66,0.95,1.66,0.96,INF,-1,1,7,0
620,1,1,19.186,9.176,1.79,0.86,1.79,0.86,INF,-1,1,7,0
640,1,1,16.502,7.108,1.54,0.66,1.54,0.66,INF,-1,1,7,0
660,0,1,0.000,0.000,0.00,0.00,0.00,0.00,0.00,-1,1,7,0
680,0,1,0.000,0.000,0.00,0.00,0.00,0.00,0.00,-1,1,7,0
700,0,1,0.000,0.000,0.00,0.00,0.00,0.00,0.00,-1,1,7,0
720,0,1,0.000,0.000,0.00,0.00,0.00,0.00,0.00,-1,1,7,0
740,0,1,0.000,0.000,0.00,0.00,0.00,0.00,0.00,-1,0,7,0
760,0,1,0.000,0.000,0.00,0.00,0.00,0.00,0.00,-1,0,7,0
780,0,1,0.000,0.000,0.00,0.00,0.00,0.00,0.00,-1,0,7,0
800,0,1,0.000,0.000,0.00,0.00,0.00,0.00,0.00,-1,0,7,0
820,0,1,0.000,0.000,0.00,0.00,0.00,0.00,0.00,-1,0,7,0
840,1,1,-277.548,129.137,-24.36,10.86,-23.90,11.90,INF,-1,0,7,0
860,1,1,1.951,-2.162,0.18,-0.20,0.18,-0.20,INF,-1,0,7,0
880,1,1,4.209,-3.446,0.39,-0.32,0.39,-0.32,INF,-1,0,7,0
900,1,1,5.079,-1.753,0.47,-0.16,0.47,-0.16,INF,-1,0,7,0
920,1,1,4.630,-1.920,0.43,-0.18,0.43,-0.18,INF,-1,0,7,0
940,1,1,5.227,-3.160,0.49,-0.30,0.49,-0.30,INF,-1,0,7,0
960,1,1,4.867,-1.795,0.45,-0.17,0.45,-0.17,INF,-1,0,7,0
980,1,1,5.779,-1.490,0.54,-0.14,0.54,-0.14,INF,-1,0,7,0
1000,1,1,4.777,-2.633,0.45,-0.25,0.45,-0.25,INF,-1,0,7,0
1020,1,1,5.205,-1.224,0.49,-0.11,0.49,-0.11,INF,-1,0,7,0
1040,1,1,5.878,-2.962,0.55,-0.28,0.55,-0.28,INF,-1,0,7,0
1060,1,1,5.031,-2.099,0.47,-0.20,0.47,-0.20,INF,-1,0,7,0
1080,1,1,4.930,-1.587,0.46,-0.15,0.46,-0.15,INF,-1,0,7,0
1100,1,1,19.126,8.625,1.79,0.81,1.79,0.81,INF,-1,0,7,0
1120,1,1,19.113,12.315,1.79,1.15,1.79,1.15,INF,-1,0,7,0
1140,1,1,20.438,12.333,1.91,1.15,1.91,1.15,INF,-1,0,7,0
1160,1,1,19.750,12.970,1.85,1.21,1.84,1.21,INF,-1,0,7,0
1180,1,1,19.674,12.101,1.84,1.13,1.84,1.13,INF,-1,0,7,0
1200,1,1,19.661,12.345,1.84,1.15,1.84,1.15,INF,-1,0,7,0
1220,1,1,20.457,11.123,1.91,1.04,1.91,1.04,INF,-1,0,7,0
1240,1,1,21.001,13.043,1.96,1.22,1.96,1.22,INF,-1,1,7,0
1260,1,1,20.258,12.332,1.89,1.15,1.89,1.15,INF,-1,1,7,0
1280,1,1,19.053,11.514,1.78,1.08,1.78,1.08,INF,-1,1,7,0
1300,1,1,20.919,10.937,1.95,1.02,1.95,1.02,INF,-1,1,7,0
1320,1,1,18.785,17.179,1.76,1.60,1.75,1.61,INF,-1,1,7,0
1340,1,1,18.592,18.689,1.74,1.75,1.74,1.75,INF,-1,1,7,0
1360,1,1,19.560,17.809,1.83,1.66,1.83,1.66,INF,-1,0,7,0
1380,1,1,17.002,18.526,1.59,1.73,1.59,1.73,INF,-1,0,7,0
1400,1,1,18.558,18.571,1.73,1.73,1.73,1.74,INF,-1,0,7,0
1420,1,1,18.278,18.998,1.71,1.77,1.71,1.78,INF,-1,0,7,0
1440,1,1,18.609,18.034,1.74,1.68,1.74,1.69,INF,-1,0,7,0
1460,1,1,16.834,17.159,1.57,1.60,1.57,1.60,INF,-1,0,7,0
1480,1,1,17.258,17.558,1.61,1.64,1.61,1.64,INF,-1,0,7,0
1500,1,1,19.000,19.028,1.78,1.78,1.77,1.78,INF,-1,0,7,0
1520,1,1,18.028,16.701,1.68,1.56,1.68,1.56,INF,-1,0,7,0
1540,1,1,18.054,16.147,1.69,1.51,1.69,1.51,INF,-1,0,7,0
1560,1,1,18.679,16.656,1.75,1.56,1.74,1.56,INF,-1,0,7,0
1580,1,1,18.093,18.718,1.69,1.75,1.69,1.75,INF,-1,0,7,0
1600,1,1,20.385,19.753,1.90,1.84,1.90,1.85,INF,-1,1,7,0
1620,1,1,4.826,-15.993,0.45,-1.49,0.45,-1.49,INF,-1,1,7,0
1640,1,1,7.332,-16.290,0.69,-1.52,0.69,-1.52,INF,-1,1,7,0
1660,1,1,5.547,-16.608,0.52,-1.55,0.52,-1.55,INF,-1,0,7,0
1680,1,1,4.489,-15.929,0.42,-1.49,0.42,-1.49,INF,-1,0,7,0
1700,1,1,5.493,-17.774,0.51,-1.66,0.51,-1.66,INF,-1,0,7,0
1720,1,1,5.207,-16.793,0.49,-1.57,0.49,-1.57,INF,-1,0,7,0
1740,1,1,5.699,-18.333,0.53,-1.71,0.53,-1.71,INF,-1,0,7,0
1760,1,1,4.817,-17.447,0.45,-1.63,0.45,-1.63,INF,-1,0,7,0
1780,1,1,7.402,-16.251,0.69,-1.52,0.69,-1.52,INF,-1,0,7,0
1800,1,1,12.924,-5.971,1.21,-0.56,1.21,-0.56,INF,-1,0,7,0
1820,1,1,13.785,-5.388,1.29,-0.50,1.29,-0.50,INF,-1,0,7,0
1840,1,1,13.677,-4.623,1.28,-0.43,1.28,-0.43,INF,-1,0,7,0
1860,1,1,13.714,-5.266,1.28,-0.49,1.28,-0.49,INF,-1,0,7,0
1880,1,1,13.343,-5.269,1.25,-0.49,1.25,-0.49,INF,-1,0,7,0
1900,1,1,13.928,-7.142,1.30,-0.67,1.30,-0.67,INF,-1,1,7,0
1920,1,1,14.974,-5.962,1.40,-0.56,1.40,-0.56,INF,-1,1,7,0
1940,1,1,15.047,-5.608,1.41,-0.52,1.41,-0.52,INF,-1,1,7,0
1960,1,1,14.057,-6.371,1.31,-0.60,1.31,-0.60,INF,-1,1,7,0
1980,1,1,14.179,-6.667,1.33,-0.62,1.33,-0.62,INF,-1,1,7,0
2000,1,1,13.604,-6.196,1.27,-0.58,1.27,-0.58,INF,-1,1,7,0
2020,1,1,16.198,-4.911,1.51,-0.46,1.51,-0.46,INF,-1,1,7,0
2040,1,1,16.563,0.871,1.55,0.08,1.55,0.08,INF,-1,1,7,0
2060,1,1,16.858,-0.078,1.58,-0.01,1.58,-0.01,INF,-1,0,7,0
2080,1,1,15.724,0.688,1.47,0.06,1.47,0.06,INF,-1,0,7,0
2100,1,1,17.091,1.059,1.60,0.10,1.60,0.10,INF,-1,0,7,0
2120,1,1,15.054,1.331,1.41,0.12,1.41,0.12,INF,-1,0,7,0
2140,1,1,16.208,0.775,1.51,0.07,1.51,0.07,INF,-1,0,7,0
2160,1,1,16.936,0.705,1.58,0.07,1.58,0.07,INF,-1,0,7,0
2180,1,1,16.262,1.355,1.52,0.13,1.52,0.13,INF,-1,0,7,0
2200,1,1,16.409,-0.163,1.53,-0.02,1.53,-0.02,INF,-1,0,7,0
2220,1,1,15.681,0.442,1.47,0.04,1.47,0.04,INF,-1,0,7,0
2240,1,1,15.475,0.696,1.45,0.06,1.45,0.07,INF,-1,0,7,0
2260,1,1,15.787,0.382,1.48,0.04,1.48,0.04,INF,-1,0,7,0
2280,1,1,15.750,0.286,1.47,0.03,1.47,0.03,INF,-1,0,7,0
2300,1,1,15.262,-0.652,1.43,-0.06,1.43,-0.06,INF,-1,1,7,0
2320,1,1,15.041,1.044,1.41,0.10,1.41,0.10,INF,-1,1,7,0
2340,1,1,16.633,0.185,1.55,0.02,1.55,0.02,INF,-1,1,7,0
2360,1,1,16.039,-0.014,1.50,0.00,1.50,0.00,INF,-1,1,7,0
2380,1,1,16.102,-0.473,1.50,-0.04,1.50,-0.04,INF,-1,1,7,0
2400,1,1,16.518,1.270,1.54,0.12,1.54,0.12,INF,-1,1,7,0
2420,1,1,17.077,0.128,1.60,0.01,1.60,0.01,INF,-1,1,7,0
2440,1,1,16.063,-1.119,1.50,-0.10,1.50,-0.10,INF,-1,1,7,0
2460,1,1,17.326,-0.408,1.62,-0.04,1.62,-0.04,INF,-1,1,7,0
2480,1,1,16.096,-0.293,1.50,-0.03,1.50,-0.03,INF,-1,1,7,0
2500,1,1,17.227,-0.741,1.61,-0.07,1.61,-0.07,INF,-1,1,7,0
2520,1,1,18.007,1.380,1.68,0.13,1.68,0.13,INF,-1,1,7,0
2540,1,1,20.118,4.943,1.88,0.46,1.88,0.46,INF,-1,1,7,0
2560,1,1,20.729,5.741,1.94,0.54,1.94,0.54,INF,-1,1,7,0
2580,1,1,19.333,6.516,1.81,0.61,1.81,0.61,INF,-1,1,7,0
2600,1,1,20.325,5.467,1.90,0.51,1.90,0.51,INF,-1,1,7,0
2620,1,1,21.420,5.351,2.00,0.50,2.00,0.50,INF,-1,1,7,0
2640,1,1,20.236,4.719,1.89,0.44,1.89,0.44,INF,-1,1,7,0
2660,1,1,21.665,5.177,2.02,0.48,2.02,0.48,INF,-1,1,7,0
2680,1,1,21.151,7.069,1.98,0.66,1.98,0.66,INF,-1,1,7,0
2700,1,1,20.327,5.412,1.90,0.51,1.90,0.51,INF,-1,1,7,0
2720,1,1,19.777,7.307,1.85,0.68,1.85,0.68,INF,-1,1,7,0
2740,1,1,21.807,5.022,2.04,0.47,2.04,0.47,INF,-1,1,7,0
2760,1,1,21.746,5.873,2.03,0.55,2.03,0.55,INF,-1,1,7,0
2780,1,1,22.306,5.250,2.08,0.49,2.08,0.49,INF,-1,1,7,0
2800,1,1,20.314,3.865,1.90,0.36,1.90,0.36,INF,-1,1,7,0
2820,1,1,21.282,3.999,1.99,0.37,1.99,0.37,INF,-1,1,7,0
2840,1,1,21.788,5.409,2.04,0.51,2.04,0.51,INF,-1,1,7,0
2860,1,1,22.665,3.859,2.12,0.36,2.12,0.36,INF,-1,1,7,0
2880,1,1,21.333,5.747,1.99,0.54,1.99,0.54,INF,-1,1,7,0
2900,1,1,20.865,5.279,1.95,0.49,1.95,0.49,INF,-1,1,7,0
2920,1,1,22.533,5.150,2.11,0.48,2.11,0.48,INF,-1,1,7,0
2940,1,1,23.735,6.622,2.22,0.62,2.22,0.62,INF,-1,1,7,0
2960,1,1,21.895,5.283,2.05,0.49,2.05,0.49,INF,-1,1,7,0
2980,1,1,20.630,4.425,1.93,0.41,1.93,0.41,INF,-1,1,7,0
3000,1,1,22.517,4.238,2.10,0.40,2.10,0.40,INF,-1,1,7,0
3020,1,1,22.112,5.306,2.07,0.50,2.07,0.50,INF,-1,1,7,0
3040,1,1,21.315,4.749,1.99,0.44,1.99,0.44,INF,-1,1,7,0
3060,1,1,22.836,7.255,2.13,0.68,2.13,0.68,INF,-1,1,7,0
3080,1,1,21.775,8.844,2.03,0.83,2.03,0.83,INF,-1,1,7,0
3100,1,1,22.928,7.087,2.14,0.66,2.14,0.66,INF,-1,1,7,0
3120,1,1,22.494,7.938,2.10,0.74,2.10,0.74,INF,-1,1,7,0
3140,1,1,23.353,8.347,2.18,0.78,2.18,0.78,INF,-1,1,7,0
3160,1,1,23.778,6.519,2.22,0.61,2.22,0.61,INF,-1,1,7,0
3180,1,1,22.717,7.224,2.12,0.67,2.12,0.68,INF,-1,1,7,0
3200,1,1,21.299,6.748,1.99,0.63,1.99,0.63,INF,-1,1,7,0
3220,1,1,21.175,6.816,1.98,0.64,1.98,0.64,INF,-1,1,7,0
3240,1,1,20.924,7.249,1.95,0.68,1.95,0.68,INF,-1,1,7,0
3260,1,1,19.973,8.607,1.87,0.80,1.87,0.80,INF,-1,1,7,0
3280,1,1,21.133,6.589,1.97,0.62,1.97,0.62,INF,-1,1,7,0
3300,1,1,20.640,7.040,1.93,0.66,1.93,0.66,INF,-1,1,7,0
3320,1,1,20.998,6.394,1.96,0.60,1.96,0.60,INF,-1,1,7,0
3340,1,1,19.693,5.923,1.84,0.55,1.84,0.55,INF,-1,1,7,0
3360,1,1,16.720,8.533,1.56,0.80,1.56,0.80,INF,-1,1,7,0
3380,1,1,14.097,8.026,1.32,0.75,1.32,0.75,INF,-1,1,7,0
3400,1,1,13.743,7.084,1.28,0.66,1.28,0.66,INF,-1,1,7,0
3420,1,1,15.101,6.692,1.41,0.63,1.41,0.63,INF,-1,1,7,0
3440,1,1,15.945,6.614,1.49,0.62,1.49,0.62,INF,-1,1,7,0
3460,1,1,16.072,7.956,1.50,0.74,1.50,0.74,INF,-1,1,7,0
3480,1,1,15.358,6.694,1.44,0.63,1.44,0.63,INF,-1,1,7,0
3500,1,1,17.440,6.895,1.63,0.64,1.63,0.64,INF,-1,1,7,0
3520,1,1,16.288,7.270,1.52,0.68,1.52,0.68,INF,-1,1,7,0
3540,1,1,14.987,6.805,1.40,0.64,1.40,0.64,INF,-1,1,7,0
3560,1,1,16.727,2.852,1.56,0.27,1.56,0.27,INF,-1,1,7,0
3580,1,1,15.489,4.592,1.45,0.43,1.45,0.43,INF,-1,1,7,0
3600,1,1,16.196,5.671,1.51,0.53,1.51,0.53,INF,-1,1,7,0
3620,1,1,15.551,4.968,1.45,0.46,1.45,0.46,INF,-1,1,7,0
3640,1,1,14.506,4.863,1.36,0.45,1.36,0.45,INF,-1,1,7,0
3660,1,1,15.169,5.898,1.42,0.55,1.42,0.55,INF,-1,1,7,0
3680,1,1,15.133,5.703,1.41,0.53,1.41,0.53,INF,-1,1,7,0
3700,1,1,15.718,5.805,1.47,0.54,1.47,0.54,INF,-1,1,7,0
3720,1,1,15.286,4.937,1.43,0.46,1.43,0.46,INF,-1,1,7,0
3740,1,1,14.986,5.724,1.40,0.53,1.40,0.53,INF,-1,1,7,0
3760,1,1,16.285,4.832,1.52,0.45,1.52,0.45,INF,-1,1,7,0
3780,1,1,15.711,6.014,1.47,0.56,1.47,0.56,INF,-1,1,7,0
3800,1,1,16.000,5.778,1.50,0.54,1.50,0.54,INF,-1,1,7,0
3820,1,1,14.988,5.865,1.40,0.55,1.40,0.55,INF,-1,1,7,0
3840,1,1,14.019,7.220,1.31,0.67,1.31,0.67,INF,-1,1,7,0
3860,1,1,16.049,4.991,1.50,0.47,1.50,0.47,INF,-1,1,7,0
3880,1,1,21.024,6.547,1.96,0.61,1.96,0.61,INF,-1,1,7,0
3900,1,1,21.191,4.564,1.98,0.43,1.98,0.43,INF,-1,1,7,0
3920,1,1,20.203,6.804,1.89,0.64,1.89,0.64,INF,-1,1,7,0
3940,1,1,21.753,5.683,2.03,0.53,2.03,0.53,INF,-1,1,7,0
3960,1,1,21.625,6.113,2.02,0.57,2.02,0.57,INF,-1,1,7,0
3980,1,1,21.707,4.879,2.03,0.46,2.03,0.46,INF,-1,1,7,0
4000,1,1,21.928,5.907,2.05,0.55,2.05,0.55,INF,-1,1,7,0
4020,1,1,21.842,5.580,2.04,0.52,2.04,0.52,INF,-1,1,7,0
4040,1,1,21.559,5.059,2.01,0.47,2.01,0.47,INF,-1,1,7,0
4060,1,1,21.309,5.072,1.99,0.47,1.99,0.47,INF,-1,1,7,0
4080,1,1,22.033,6.345,2.06,0.59,2.06,0.59,INF,-1,1,7,0
4100,1,1,21.045,7.225,1.97,0.67,1.97,0.68,INF,-1,1,7,0
4120,1,1,22.353,5.359,2.09,0.50,2.09,0.50,INF,-1,1,7,0
4140,1,1,22.692,6.084,2.12,0.57,2.12,0.57,INF,-1,1,7,0
4160,1,1,22.099,5.443,2.06,0.51,2.06,0.51,INF,-1,1,7,0
4180,1,1,21.495,6.586,2.01,0.62,2.01,0.62,INF,-1,1,7,0
4200,1,1,22.178,6.423,2.07,0.60,2.07,0.60,INF,-1,1,7,0
4220,1,1,23.467,5.826,2.19,0.54,2.19,0.54,INF,-1,1,7,0
4240,1,1,22.295,5.931,2.08,0.55,2.08,0.55,INF,-1,1,7,0
4260,1,1,24.209,4.853,2.26,0.45,2.26,0.45,INF,-1,1,7,0
4280,1,1,23.734,4.988,2.22,0.47,2.22,0.47,INF,-1,1,7,0
4300,1,1,23.141,5.487,2.16,0.51,2.16,0.51,INF,-1,1,7,0
4320,1,1,18.703,5.250,1.75,0.49,1.75,0.49,INF,-1,1,7,0
4340,1,1,18.611,4.817,1.74,0.45,1.74,0.45,INF,-1,1,7,0
4360,1,1,19.070,4.117,1.78,0.38,1.78,0.38,INF,-1,1,7,0
4380,1,1,17.474,5.051,1.63,0.47,1.63,0.47,INF,-1,1,7,0
4400,1,1,17.600,3.857,1.64,0.36,1.64,0.36,INF,-1,1,7,0
4420,1,1,17.508,4.790,1.64,0.45,1.64,0.45,INF,-1,1,7,0
4440,1,1,18.684,4.967,1.75,0.46,1.75,0.46,INF,-1,1,7,0
4460,1,1,18.667,5.072,1.74,0.47,1.74,0.47,INF,-1,1,7,0
4480,1,1,18.624,4.444,1.74,0.42,1.74,0.42,INF,-1,1,7,0
4500,1,1,18.656,3.949,1.74,0.37,1.74,0.37,INF,-1,1,7,0
4520,1,1,18.075,5.702,1.69,0.53,1.69,0.53,INF,-1,1,7,0
4540,1,1,18.653,4.948,1.74,0.46,1.74,0.46,INF,-1,1,7,0
4560,1,1,18.690,4.141,1.75,0.39,1.75,0.39,INF,-1,1,7,0
4580,1,1,19.771,4.252,1.85,0.40,1.85,0.40,INF,-1,1,7,0
4600,1,1,18.183,4.542,1.70,0.42,1.70,0.42,INF,-1,1,7,0
4620,1,1,19.429,4.677,1.82,0.44,1.82,0.44,INF,-1,1,7,0
4640,1,1,18.494,4.741,1.73,0.44,1.73,0.44,INF,-1,1,7,0
4660,1,1,18.602,3.511,1.74,0.33,1.74,0.33,INF,-1,1,7,0
4680,1,1,18.150,2.833,1.70,0.26,1.70,0.26,INF,-1,1,7,0
4700,1,1,17.731,4.815,1.66,0.45,1.66,0.45,INF,-1,1,7,0
4720,1,1,17.239,5.941,1.61,0.56,1.61,0.56,INF,-1,1,7,0
4740,1,1,17.788,3.499,1.66,0.33,1.66,0.33,INF,-1,1,7,0
4760,1,1,17.374,3.698,1.62,0.35,1.62,0.35,INF,-1,1,7,0
4780,1,1,17.842,4.023,1.67,0.38,1.67,0.38,INF,-1,1,7,0
4800,1,1,19.684,4.143,1.84,0.39,1.84,0.39,INF,-1,1,7,0
4820,1,1,24.964,4.227,2.33,0.39,2.33,0.40,INF,-1,1,7,0
4840,1,1,22.277,5.211,2.08,0.49,2.08,0.49,INF,-1,1,7,0
4860,1,1,22.999,3.670,2.15,0.34,2.15,0.34,INF,-1,1,7,0
4880,1,1,22.074,3.856,2.06,0.36,2.06,0.36,INF,-1,1,7,0
4900,1,1,24.273,3.943,2.27,0.37,2.27,0.37,INF,-1,1,7,0
4920,1,1,23.595,2.770,2.20,0.26,2.20,0.26,INF,-1,1,7,0
4940,1,1,23.115,3.338,2.16,0.31,2.16,0.31,INF,-1,1,7,0
4960,1,1,23.180,3.178,2.17,0.30,2.17,0.30,INF,-1,1,7,0
4980,1,1,21.509,2.986,2.01,0.28,2.01,0.28,INF,-1,1,7,0
5000,1,1,21.461,3.664,2.01,0.34,2.01,0.34,INF,-1,1,7,0
5020,1,1,19.024,2.579,1.78,0.24,1.78,0.24,INF,-1,1,7,0
5040,1,1,16.806,1.536,1.57,0.14,1.57,0.14,INF,-1,1,7,0
5060,1,1,16.826,1.781,1.57,0.17,1.57,0.17,INF,-1,1,7,0
5080,1,1,17.060,0.624,1.59,0.06,1.59,0.06,INF,-1,1,7,0
5100,1,1,16.972,2.762,1.59,0.26,1.59,0.26,INF,-1,1,7,0
5120,1,1,17.149,2.253,1.60,0.21,1.60,0.21,INF,-1,1,7,0
5140,1,1,16.432,1.726,1.54,0.16,1.54,0.16,INF,-1,1,7,0
5160,1,1,17.988,1.543,1.68,0.14,1.68,0.14,INF,-1,1,7,0
5180,1,1,16.501,2.804,1.54,0.26,1.54,0.26,INF,-1,1,7,0
5200,1,1,16.122,2.262,1.51,0.21,1.51,0.21,INF,-1,1,7,0
5220,1,1,17.111,1.655,1.60,0.15,1.60,0.15,INF,-1,1,7,0
5240,1,1,16.553,1.544,1.55,0.14,1.55,0.14,INF,-1,1,7,0
5260,1,1,16.791,2.385,1.57,0.22,1.57,0.22,INF,-1,1,7,0
5280,1,1,16.496,1.134,1.54,0.11,1.54,0.11,INF,-1,1,7,0
5300,1,1,16.783,1.781,1.57,0.17,1.57,0.17,INF,-1,1,7,0
5320,1,1,16.478,3.493,1.54,0.33,1.54,0.33,INF,-1,1,7,0
5340,1,1,16.480,3.019,1.54,0.28,1.54,0.28,INF,-1,1,7,0
5360,1,1,16.399,1.679,1.53,0.16,1.53,0.16,INF,-1,1,7,0
5380,1,1,20.397,5.038,1.91,0.47,1.91,0.47,INF,-1,1,7,0
5400,1,1,20.571,12.985,1.92,1.21,1.92,1.21,INF,-1,1,7,0
5420,1,1,19.336,11.347,1.81,1.06,1.81,1.06,INF,-1,1,7,0
5440,1,1,19.361,12.018,1.81,1.12,1.81,1.12,INF,-1,0,7,0
5460,1,1,18.109,11.364,1.69,1.06,1.69,1.06,INF,-1,0,7,0
5480,1,1,19.636,9.881,1.83,0.92,1.83,0.92,INF,-1,0,7,0
5500,1,1,18.084,10.422,1.69,0.97,1.69,0.97,INF,-1,0,7,0
5520,1,1,18.681,10.215,1.75,0.95,1.75,0.95,INF,-1,0,7,0
5540,1,1,16.399,12.350,1.53,1.15,1.53,1.15,INF,-1,0,7,0
5560,1,1,17.581,9.945,1.64,0.93,1.64,0.93,INF,-1,0,7,0
5580,1,1,18.523,9.819,1.73,0.92,1.73,0.92,INF,-1,0,7,0
5600,1,1,19.467,11.472,1.82,1.07,1.82,1.07,INF,-1,0,7,0
5620,1,1,17.209,11.759,1.61,1.10,1.61,1.10,INF,-1,0,7,0
5640,1,1,17.808,10.869,1.66,1.02,1.66,1.02,INF,-1,0,7,0
5660,1,1,16.768,11.227,1.57,1.05,1.57,1.05,INF,-1,0,7,0
5680,1,1,17.063,12.137,1.59,1.13,1.59,1.13,INF,-1,1,7,0
5700,1,1,17.531,11.565,1.64,1.08,1.64,1.08,INF,-1,1,7,0
5720,1,1,17.489,12.200,1.63,1.14,1.63,1.14,INF,-1,1,7,0
5740,1,1,17.404,12.123,1.63,1.13,1.63,1.13,INF,-1,1,7,0
5760,1,1,18.473,12.073,1.73,1.13,1.73,1.13,INF,-1,1,7,0
5780,1,1,16.743,12.135,1.56,1.13,1.56,1.13,INF,-1,1,7,0
5800,1,1,16.953,13.496,1.58,1.26,1.58,1.26,INF,-1,1,7,0
5820,1,1,17.034,12.084,1.59,1.13,1.59,1.13,INF,-1,1,7,0
5840,1,1,18.752,11.546,1.75,1.08,1.75,1.08,INF,-1,1,7,0
5860,1,1,17.832,11.794,1.67,1.10,1.67,1.10,INF,-1,1,7,0
5880,1,1,18.442,10.276,1.72,0.96,1.72,0.96,INF,-1,1,7,0
5900,1,1,19.170,11.840,1.79,1.11,1.79,1.11,INF,-1,1,7,0
5920,1,1,18.001,10.816,1.68,1.01,1.68,1.01,INF,-1,1,7,0
5940,1,1,18.434,10.622,1.72,0.99,1.72,0.99,INF,-1,1,7,0
5960,1,1,17.868,10.627,1.67,0.99,1.67,0.99,INF,-1,1,7,0
5980,1,1,17.772,11.159,1.66,1.04,1.66,1.04,INF,-1,1,7,0
6000,1,1,19.268,11.502,1.80,1.07,1.80,1.07,INF,-1,1,7,0
6020,1,1,17.096,10.051,1.60,0.94,1.60,0.94,INF,-1,1,7,0
6040,1,1,18.071,10.182,1.69,0.95,1.69,0.95,INF,-1,1,7,0
6060,1,1,18.367,9.631,1.72,0.90,1.72,0.90,INF,-1,1,7,0
6080,1,1,17.287,8.802,1.62,0.82,1.62,0.82,INF,-1,1,7,0
6100,1,1,17.318,10.093,1.62,0.94,1.62,0.94,INF,-1,1,7,0
6120,1,1,19.159,10.109,1.79,0.94,1.79,0.94,INF,-1,1,7,0
6140,1,1,18.877,9.357,1.76,0.87,1.76,0.87,INF,-1,1,7,0
6160,1,1,18.338,10.821,1.71,1.01,1.71,1.01,INF,-1,1,7,0
6180,1,1,22.765,13.442,2.13,1.26,2.13,1.26,INF,-1,1,7,0
6200,1,1,20.167,15.607,1.88,1.46,1.88,1.46,INF,-1,1,7,0
6220,1,1,21.948,15.685,2.05,1.46,2.05,1.47,INF,-1,1,7,0
6240,1,1,20.367,14.754,1.90,1.38,1.90,1.38,INF,-1,1,7,0
6260,1,1,22.447,13.867,2.10,1.29,2.10,1.30,INF,-1,1,7,0
6280,1,1,22.448,14.159,2.10,1.32,2.10,1.32,INF,-1,1,7,0
6300,1,1,22.259,14.372,2.08,1.34,2.08,1.34,INF,-1,1,7,0
6320,1,1,21.363,14.117,2.00,1.32,2.00,1.32,INF,-1,1,7,0
6340,1,1,21.511,15.087,2.01,1.41,2.01,1.41,INF,-1,1,7,0
6360,1,1,21.313,15.046,1.99,1.41,1.99,1.41,INF,-1,1,7,0
6380,1,1,21.681,14.032,2.03,1.31,2.03,1.31,INF,-1,1,7,0
6400,1,1,22.654,15.040,2.12,1.40,2.12,1.41,INF,-1,1,7,0
6420,1,1,21.459,14.188,2.00,1.33,2.00,1.33,INF,-1,1,7,0
6440,1,1,22.240,14.904,2.08,1.39,2.08,1.39,INF,-1,1,7,0
6460,1,1,18.821,19.016,1.76,1.78,1.76,1.78,INF,-1,1,7,0
6480,1,1,18.322,20.635,1.71,1.93,1.71,1.93,INF,-1,1,7,0
6500,1,1,18.995,20.258,1.77,1.89,1.77,1.89,INF,-1,1,7,0
6520,1,1,19.124,20.407,1.79,1.91,1.79,1.91,INF,-1,1,7,0
6540,1,1,18.833,20.992,1.76,1.96,1.76,1.96,INF,-1,1,7,0
6560,1,1,17.970,21.237,1.68,1.98,1.68,1.98,INF,-1,1,7,0
6580,1,1,19.604,20.958,1.83,1.96,1.83,1.96,INF,-1,1,7,0
6600,1,1,18.699,21.004,1.75,1.96,1.75,1.96,INF,-1,1,7,0
6620,1,1,19.079,20.512,1.78,1.92,1.78,1.92,INF,-1,1,7,0
6640,1,1,17.728,20.528,1.66,1.92,1.66,1.92,INF,-1,1,7,0
6660,1,1,18.933,21.677,1.77,2.02,1.77,2.03,INF,-1,1,7,0
6680,1,1,19.712,21.609,1.84,2.02,1.84,2.02,INF,-1,1,7,0
6700,1,1,18.418,21.757,1.72,2.03,1.72,2.03,INF,-1,0,7,0
6720,1,1,19.158,22.001,1.79,2.05,1.79,2.06,INF,-1,0,7,0
6740,1,1,19.140,21.050,1.79,1.97,1.79,1.97,INF,-1,0,7,0
6760,1,1,19.011,21.136,1.78,1.97,1.78,1.97,INF,-1,0,7,0
6780,1,1,18.191,21.074,1.70,1.97,1.70,1.97,INF,-1,0,7,0
6800,1,1,19.364,20.576,1.81,1.92,1.81,1.92,INF,-1,0,7,0
6820,1,1,19.839,20.482,1.85,1.91,1.85,1.91,INF,-1,0,7,0
6840,1,1,18.843,20.541,1.76,1.92,1.76,1.92,INF,-1,0,7,0
6860,1,1,18.998,21.754,1.78,2.03,1.77,2.03,INF,-1,0,7,0
6880,1,1,19.491,20.732,1.82,1.94,1.82,1.94,INF,-1,0,7,0
6900,1,1,19.697,19.680,1.84,1.84,1.84,1.84,INF,-1,0,7,0
6920,1,1,18.639,20.063,1.74,1.87,1.74,1.87,INF,-1,0,7,0
6940,1,1,20.619,21.192,1.93,1.98,1.93,1.98,INF,-1,1,7,0
6960,1,1,19.845,19.988,1.85,1.87,1.85,1.87,INF,-1,1,7,0
6980,1,1,20.651,20.662,1.93,1.93,1.93,1.93,INF,-1,1,7,0
7000,1,1,22.872,16.876,2.14,1.58,2.14,1.58,INF,-1,1,7,0
7020,1,1,22.726,16.948,2.12,1.58,2.12,1.58,INF,-1,1,7,0
7040,1,1,22.938,17.855,2.14,1.67,2.14,1.67,INF,-1,1,7,0
7060,1,1,21.468,18.394,2.01,1.72,2.00,1.72,INF,-1,1,7,0
7080,1,1,21.415,17.975,2.00,1.68,2.00,1.68,INF,-1,1,7,0
7100,1,1,22.597,17.476,2.11,1.63,2.11,1.63,INF,-1,1,7,0
7120,1,1,22.746,17.512,2.13,1.64,2.12,1.64,INF,-1,1,7,0
7140,1,1,21.763,17.724,2.03,1.66,2.03,1.66,INF,-1,1,7,0
7160,1,1,21.735,17.000,2.03,1.59,2.03,1.59,INF,-1,1,7,0
7180,1,1,22.570,17.434,2.11,1.63,2.11,1.63,INF,-1,1,7,0
7200,1,1,21.200,18.306,1.98,1.71,1.98,1.71,INF,-1,1,7,0
7220,1,1,21.166,16.927,1.98,1.58,1.98,1.58,INF,-1,1,7,0
7240,1,1,22.296,16.985,2.08,1.59,2.08,1.59,INF,-1,1,7,0
7260,1,1,22.217,15.772,2.08,1.47,2.08,1.47,INF,-1,1,7,0
7280,1,1,23.806,16.130,2.22,1.51,2.22,1.51,INF,-1,1,7,0
7300,1,1,24.563,15.896,2.29,1.48,2.29,1.49,INF,-1,1,7,0
7320,1,1,26.353,15.044,2.46,1.40,2.46,1.41,INF,-1,1,7,0
7340,1,1,35.864,9.154,3.35,0.85,3.35,0.86,INF,-1,1,7,0
7360,1,1,35.844,9.662,3.35,0.90,3.35,0.90,INF,-1,1,7,0
7380,1,1,35.167,8.174,3.28,0.76,3.28,0.76,INF,-1,0,7,0
7400,1,1,34.691,10.383,3.24,0.97,3.24,0.97,INF,-1,0,7,0
7420,1,1,35.554,10.006,3.32,0.93,3.32,0.94,INF,-1,0,7,0
7440,1,1,34.001,8.286,3.17,0.77,3.17,0.77,INF,-1,0,7,0
7460,1,1,34.597,8.811,3.23,0.82,3.23,0.82,INF,-1,0,7,0
7480,1,1,32.612,8.670,3.05,0.81,3.04,0.81,INF,-1,0,7,0
7500,1,1,33.398,8.415,3.12,0.79,3.12,0.79,INF,-1,0,7,0
7520,1,1,34.165,8.922,3.19,0.83,3.19,0.83,INF,-1,0,7,0
7540,1,1,33.243,8.790,3.10,0.82,3.10,0.82,INF,-1,0,7,0
7560,1,1,35.312,8.044,3.30,0.75,3.30,0.75,INF,-1,0,7,0
7580,1,1,34.818,7.679,3.25,0.72,3.25,0.72,INF,-1,0,7,0
7600,1,1,34.826,7.568,3.25,0.71,3.25,0.71,INF,-1,0,7,0
7620,1,1,34.312,8.579,3.20,0.80,3.20,0.80,INF,-1,1,7,0
7640,1,1,35.212,8.507,3.29,0.79,3.29,0.80,INF,-1,1,7,0
7660,1,1,32.555,8.888,3.04,0.83,3.04,0.83,INF,-1,1,7,0
7680,1,1,33.920,7.606,3.17,0.71,3.17,0.71,INF,-1,1,7,0
7700,1,1,32.183,7.576,3.01,0.71,3.01,0.71,INF,-1,1,7,0
7720,1,1,21.099,10.357,1.97,0.97,1.97,0.97,INF,-1,1,7,0
7740,1,1,20.441,10.983,1.91,1.03,1.91,1.03,INF,-1,1,7,0
7760,1,1,21.804,10.693,2.04,1.00,2.04,1.00,INF,-1,0,7,0
7780,1,1,21.133,11.994,1.97,1.12,1.97,1.12,INF,-1,0,7,0
7800,1,1,21.431,9.830,2.00,0.92,2.00,0.92,INF,-1,0,7,0
7820,1,1,21.365,11.049,2.00,1.03,2.00,1.03,INF,-1,0,7,0
7840,1,1,21.226,10.741,1.98,1.00,1.98,1.00,INF,-1,0,7,0
7860,1,1,21.013,10.174,1.96,0.95,1.96,0.95,INF,-1,0,7,0
7880,1,1,20.089,9.403,1.88,0.88,1.88,0.88,INF,-1,0,7,0
7900,1,1,21.357,11.835,2.00,1.11,2.00,1.11,INF,-1,0,7,0
7920,1,1,22.104,8.959,2.07,0.84,2.06,0.84,INF,-1,0,7,0
7940,1,1,22.123,10.061,2.07,0.94,2.07,0.94,INF,-1,0,7,0
7960,1,1,22.959,11.431,2.14,1.07,2.14,1.07,INF,-1,0,7,0
7980,1,1,24.638,10.876,2.30,1.02,2.30,1.02,INF,-1,0,7,0
8000,1,1,24.865,11.792,2.32,1.10,2.32,1.10,INF,-1,1,7,0
8020,1,1,24.553,11.284,2.29,1.05,2.29,1.05,INF,-1,1,7,0
8040,1,1,24.086,9.838,2.25,0.92,2.25,0.92,INF,-1,1,7,0
8060,1,1,24.533,10.869,2.29,1.01,2.29,1.02,INF,-1,1,7,0
8080,1,1,24.310,12.049,2.27,1.13,2.27,1.13,INF,-1,1,7,0
8100,1,1,23.849,11.698,2.23,1.09,2.23,1.09,INF,-1,1,7,0
8120,1,1,24.630,10.404,2.30,0.97,2.30,0.97,INF,-1,1,7,0
8140,1,1,23.612,12.368,2.21,1.16,2.21,1.16,INF,-1,1,7,0
8160,1,1,23.710,11.305,2.22,1.06,2.21,1.06,INF,-1,1,7,0
8180,1,1,24.373,11.292,2.28,1.05,2.28,1.06,INF,-1,1,7,0
8200,1,1,24.196,13.003,2.26,1.21,2.26,1.22,INF,-1,1,7,0
8220,1,1,20.924,6.825,1.95,0.64,1.95,0.64,INF,-1,1,7,0
8240,1,1,22.294,5.724,2.08,0.53,2.08,0.54,INF,-1,1,7,0
8260,1,1,20.092,5.939,1.88,0.55,1.88,0.56,INF,-1,1,7,0
8280,1,1,21.801,5.361,2.04,0.50,2.04,0.50,INF,-1,1,7,0
8300,1,1,20.683,5.586,1.93,0.52,1.93,0.52,INF,-1,1,7,0
8320,1,1,21.053,5.236,1.97,0.49,1.97,0.49,INF,-1,1,7,0
8340,1,1,20.258,3.808,1.89,0.36,1.89,0.36,INF,-1,1,7,0
8360,1,1,20.009,4.701,1.87,0.44,1.87,0.44,INF,-1,1,7,0
8380,1,1,19.317,4.639,1.80,0.43,1.80,0.43,INF,-1,1,7,0
8400,1,1,19.035,4.642,1.78,0.43,1.78,0.43,INF,-1,1,7,0
8420,1,1,20.581,5.205,1.92,0.49,1.92,0.49,INF,-1,1,7,0
8440,1,1,20.558,4.432,1.92,0.41,1.92,0.41,INF,-1,1,7,0
8460,1,1,19.526,5.069,1.82,0.47,1.82,0.47,INF,-1,1,7,0
8480,1,1,19.720,4.245,1.84,0.40,1.84,0.40,INF,-1,1,7,0
8500,1,1,20.693,4.586,1.93,0.43,1.93,0.43,INF,-1,1,7,0
8520,1,1,20.586,5.425,1.92,0.51,1.92,0.51,INF,-1,1,7,0
8540,1,1,18.466,3.896,1.73,0.36,1.73,0.36,INF,-1,1,7,0
8560,1,1,20.569,3.817,1.92,0.36,1.92,0.36,INF,-1,1,7,0
8580,1,1,20.564,5.010,1.92,0.47,1.92,0.47,INF,-1,1,7,0
8600,1,1,20.723,3.688,1.94,0.34,1.94,0.34,INF,-1,1,7,0
8620,1,1,19.357,4.643,1.81,0.43,1.81,0.43,INF,-1,1,7,0
8640,1,1,19.603,3.885,1.83,0.36,1.83,0.36,INF,-1,1,7,0
8660,1,1,17.684,4.317,1.65,0.40,1.65,0.40,INF,-1,1,7,0
8680,1,1,18.356,4.841,1.72,0.45,1.72,0.45,INF,-1,1,7,0
8700,1,1,19.087,4.162,1.78,0.39,1.78,0.39,INF,-1,1,7,0
8720,1,1,23.321,7.694,2.18,0.72,2.18,0.72,INF,-1,1,7,0
8740,1,1,22.247,8.831,2.08,0.82,2.08,0.83,INF,-1,1,7,0
8760,1,1,21.349,9.356,1.99,0.87,1.99,0.87,INF,-1,1,7,0
8780,1,1,22.032,8.326,2.06,0.78,2.06,0.78,INF,-1,1,7,0
8800,1,1,21.864,8.178,2.04,0.76,2.04,0.76,INF,-1,1,7,0
8820,1,1,21.403,8.740,2.00,0.82,2.00,0.82,INF,-1,1,7,0
8840,1,1,21.637,9.198,2.02,0.86,2.02,0.86,INF,-1,1,7,0
8860,1,1,20.985,9.205,1.96,0.86,1.96,0.86,INF,-1,1,7,0
8880,1,1,21.953,8.834,2.05,0.83,2.05,0.83,INF,-1,1,7,0
8900,1,1,20.311,8.479,1.90,0.79,1.90,0.79,INF,-1,1,7,0
8920,1,1,20.710,7.965,1.93,0.74,1.93,0.74,INF,-1,1,7,0
8940,1,1,21.654,8.236,2.02,0.77,2.02,0.77,INF,-1,1,7,0
8960,1,1,22.889,8.143,2.14,0.76,2.14,0.76,INF,-1,1,7,0
8980,1,1,22.591,7.503,2.11,0.70,2.11,0.70,INF,-1,1,7,0
9000,1,1,21.065,8.760,1.97,0.82,1.97,0.82,INF,-1,1,7,0
9020,1,1,19.925,8.063,1.86,0.75,1.86,0.75,INF,-1,1,7,0
9040,1,1,20.829,9.030,1.95,0.84,1.95,0.84,INF,-1,1,7,0
9060,1,1,21.597,8.440,2.02,0.79,2.02,0.79,INF,-1,1,7,0
9080,1,1,23.141,8.636,2.16,0.81,2.16,0.81,INF,-1,1,7,0
9100,1,1,21.270,8.405,1.99,0.79,1.99,0.79,INF,-1,1,7,0
9120,1,1,21.900,8.217,2.05,0.77,2.05,0.77,INF,-1,1,7,0
9140,1,1,23.398,10.747,2.19,1.00,2.19,1.00,INF,-1,1,7,0
9160,1,1,26.238,14.681,2.45,1.37,2.45,1.37,INF,-1,1,7,0
9180,1,1,27.905,14.721,2.61,1.37,2.61,1.38,INF,-1,1,7,0
9200,1,1,26.324,14.573,2.46,1.36,2.46,1.36,INF,-1,1,7,0
9220,1,1,27.167,14.623,2.54,1.37,2.54,1.37,INF,-1,1,7,0
9240,1,1,27.125,12.687,2.53,1.18,2.53,1.19,INF,-1,1,7,0
9260,1,1,26.899,13.494,2.51,1.26,2.51,1.26,INF,-1,1,7,0
9280,1,1,27.087,13.160,2.53,1.23,2.53,1.23,INF,-1,1,7,0
9300,1,1,26.405,14.075,2.47,1.31,2.47,1.32,INF,-1,1,7,0
9320,1,1,28.790,12.697,2.69,1.19,2.69,1.19,INF,-1,1,7,0
9340,1,1,26.789,13.083,2.50,1.22,2.50,1.22,INF,-1,1,7,0
9360,1,1,28.489,13.575,2.66,1.27,2.66,1.27,INF,-1,1,7,0
9380,1,1,28.795,14.600,2.69,1.36,2.69,1.36,INF,-1,1,7,0
9400,1,1,29.028,13.735,2.71,1.28,2.71,1.28,INF,-1,1,7,0
9420,1,1,28.564,14.096,2.67,1.32,2.67,1.32,INF,-1,1,7,0
9440,1,1,28.108,13.856,2.63,1.29,2.62,1.29,INF,-1,1,7,0
9460,1,1,28.855,13.294,2.70,1.24,2.69,1.24,INF,-1,1,7,0
9480,1,1,28.070,13.766,2.62,1.29,2.62,1.29,INF,-1,1,7,0
9500,1,1,28.726,12.779,2.68,1.19,2.68,1.19,INF,-1,1,7,0
9520,1,1,29.028,13.311,2.71,1.24,2.71,1.24,INF,-1,1,7,0
9540,1,1,29.842,14.168,2.79,1.32,2.79,1.32,INF,-1,1,7,0
9560,1,1,30.137,13.058,2.81,1.22,2.81,1.22,INF,-1,1,7,0
9580,1,1,32.900,12.100,3.07,1.13,3.07,1.13,INF,-1,1,7,0
9600,1,1,33.372,12.581,3.12,1.17,3.12,1.18,INF,-1,1,7,0
9620,1,1,33.334,12.445,3.11,1.16,3.11,1.16,INF,-1,0,7,0
9640,1,1,33.054,13.079,3.09,1.22,3.09,1.22,INF,-1,0,7,0
9660,1,1,32.922,12.720,3.07,1.19,3.07,1.19,INF,-1,0,7,0
9680,1,1,33.452,11.363,3.12,1.06,3.12,1.06,INF,-1,0,7,0
9700,1,1,32.413,12.061,3.03,1.13,3.03,1.13,INF,-1,0,7,0
9720,1,1,33.201,10.989,3.10,1.03,3.10,1.03,INF,-1,0,7,0
9740,1,1,34.179,11.761,3.19,1.10,3.19,1.10,INF,-1,0,7,0
9760,1,1,33.990,12.259,3.17,1.14,3.17,1.15,INF,-1,0,7,0
9780,1,1,32.899,11.668,3.07,1.09,3.07,1.09,INF,-1,0,7,0
9800,1,1,32.432,11.326,3.03,1.06,3.03,1.06,INF,-1,0,7,0
9820,1,1,33.860,10.859,3.16,1.01,3.16,1.01,INF,-1,0,7,0
9840,1,1,32.690,11.071,3.05,1.03,3.05,1.03,INF,-1,0,7,0
9860,1,1,33.316,13.631,3.11,1.27,3.11,1.27,INF,-1,1,7,0
9880,1,1,32.868,12.497,3.07,1.17,3.07,1.17,INF,-1,1,7,0
9900,1,1,27.457,9.877,2.56,0.92,2.56,0.92,INF,-1,1,7,0
9920,1,1,21.205,6.940,1.98,0.65,1.98,0.65,INF,-1,1,7,0
9940,1,1,22.834,5.904,2.13,0.55,2.13,0.55,INF,-1,1,7,0
9960,1,1,22.210,6.844,2.08,0.64,2.07,0.64,INF,-1,0,7,0
9980,1,1,23.840,7.694,2.23,0.72,2.23,0.72,INF,-1,0,7,0
10000,1,1,22.140,6.747,2.07,0.63,2.07,0.63,INF,-1,0,7,0
10020,1,1,21.916,6.704,2.05,0.63,2.05,0.63,INF,-1,0,7,0
10040,1,1,22.028,8.551,2.06,0.80,2.06,0.80,INF,-1,0,7,0
10060,1,1,21.758,7.654,2.03,0.71,2.03,0.72,INF,-1,0,7,0
10080,1,1,21.300,8.392,1.99,0.78,1.99,0.78,INF,-1,0,7,0
10100,1,1,22.507,7.461,2.10,0.70,2.10,0.70,INF,-1,0,7,0
10120,1,1,22.963,7.364,2.15,0.69,2.15,0.69,INF,-1,0,7,0
10140,1,1,23.197,7.213,2.17,0.67,2.17,0.67,INF,-1,0,7,0
10160,1,1,22.867,7.321,2.14,0.68,2.14,0.68,INF,-1,0,7,0
10180,1,1,24.442,8.157,2.28,0.76,2.28,0.76,INF,-1,0,7,0
10200,1,1,23.568,7.180,2.20,0.67,2.20,0.67,INF,-1,1,7,0
10220,1,1,24.045,7.247,2.25,0.68,2.25,0.68,INF,-1,1,7,0
10240,1,1,24.373,7.719,2.28,0.72,2.28,0.72,INF,-1,1,7,0
10260,1,1,25.041,8.505,2.34,0.79,2.34,0.79,INF,-1,1,7,0
10280,1,1,23.987,6.872,2.24,0.64,2.24,0.64,INF,-1,1,7,0
10300,1,1,23.629,7.811,2.21,0.73,2.21,0.73,INF,-1,1,7,0
10320,1,1,22.819,8.380,2.13,0.78,2.13,0.78,INF,-1,1,7,0
10340,1,1,24.518,7.221,2.29,0.67,2.29,0.67,INF,-1,1,7,0
10360,1,1,22.997,9.201,2.15,0.86,2.15,0.86,INF,-1,1,7,0
10380,1,1,21.937,8.949,2.05,0.84,2.05,0.84,INF,-1,1,7,0
10400,1,1,22.236,8.915,2.08,0.83,2.08,0.83,INF,-1,1,7,0
10420,1,1,23.303,8.747,2.18,0.82,2.18,0.82,INF,-1,1,7,0
10440,1,1,34.034,19.005,3.18,1.77,3.18,1.78,INF,-1,1,7,0
10460,1,1,34.805,20.567,3.25,1.92,3.25,1.92,INF,-1,1,7,0
10480,1,1,35.375,21.195,3.30,1.98,3.30,1.98,INF,-1,0,7,0
10500,1,1,33.743,20.599,3.15,1.92,3.15,1.92,INF,-1,0,7,0
10520,1,1,34.114,20.196,3.19,1.88,3.18,1.89,INF,-1,0,7,0
10540,1,1,33.798,20.353,3.16,1.90,3.15,1.90,INF,-1,0,7,0
10560,1,1,33.759,19.327,3.15,1.80,3.15,1.81,INF,-1,0,7,0
10580,1,1,33.269,18.796,3.11,1.75,3.11,1.76,INF,-1,0,7,0
10600,1,1,33.355,19.309,3.11,1.80,3.11,1.80,INF,-1,0,7,0
10620,1,1,32.790,19.571,3.06,1.83,3.06,1.83,INF,-1,0,7,0
10640,1,1,32.924,18.331,3.07,1.71,3.07,1.71,INF,-1,0,7,0
10660,1,1,32.433,18.531,3.03,1.73,3.03,1.73,INF,-1,0,7,0
10680,1,1,32.198,19.429,3.01,1.81,3.01,1.82,INF,-1,0,7,0
10700,1,1,31.708,19.094,2.96,1.78,2.96,1.78,INF,-1,0,7,0
10720,1,1,32.777,16.498,3.06,1.54,3.06,1.54,INF,-1,1,7,0
10740,1,1,33.225,18.169,3.10,1.70,3.10,1.70,INF,-1,1,7,0
10760,1,1,32.659,18.139,3.05,1.69,3.05,1.69,INF,-1,1,7,0
10780,1,1,31.904,18.219,2.98,1.70,2.98,1.70,INF,-1,1,7,0
10800,1,1,32.755,18.157,3.06,1.69,3.06,1.70,INF,-1,1,7,0
10820,1,1,30.369,19.070,2.84,1.78,2.83,1.78,INF,-1,1,7,0
10840,1,1,24.705,15.703,2.31,1.47,2.31,1.47,INF,-1,1,7,0
10860,1,1,25.292,16.655,2.36,1.56,2.36,1.56,INF,-1,1,7,0
10880,1,1,24.585,15.486,2.30,1.45,2.30,1.45,INF,-1,1,7,0
10900,1,1,24.884,16.403,2.32,1.53,2.32,1.53,INF,-1,1,7,0
10920,1,1,23.671,15.758,2.21,1.47,2.21,1.47,INF,-1,1,7,0
10940,1,1,23.459,16.561,2.19,1.55,2.19,1.55,INF,-1,1,7,0
10960,1,1,22.441,17.023,2.10,1.59,2.10,1.59,INF,-1,0,7,0
10980,1,1,22.490,15.829,2.10,1.48,2.10,1.48,INF,-1,0,7,0
11000,1,1,23.106,15.846,2.16,1.48,2.16,1.48,INF,-1,0,7,0
11020,1,1,23.243,15.978,2.17,1.49,2.17,1.49,INF,-1,0,7,0
11040,1,1,23.835,15.177,2.23,1.42,2.23,1.42,INF,-1,0,7,0
11060,1,1,22.815,14.322,2.13,1.34,2.13,1.34,INF,-1,0,7,0
11080,1,1,22.907,15.386,2.14,1.44,2.14,1.44,INF,-1,0,7,0
11100,1,1,21.823,14.920,2.04,1.39,2.04,1.39,INF,-1,0,7,0
11120,1,1,23.865,15.459,2.23,1.44,2.23,1.44,INF,-1,0,7,0
11140,1,1,21.585,13.487,2.02,1.26,2.02,1.26,INF,-1,0,7,0
11160,1,1,21.399,12.828,2.00,1.20,2.00,1.20,INF,-1,0,7,0
11180,1,1,23.494,14.165,2.19,1.32,2.19,1.32,INF,-1,0,7,0
11200,1,1,23.746,13.230,2.22,1.24,2.22,1.24,INF,-1,1,7,0
11220,1,1,22.992,14.759,2.15,1.38,2.15,1.38,INF,-1,1,7,0
11240,1,1,22.425,12.992,2.10,1.21,2.09,1.21,INF,-1,1,7,0
11260,1,1,23.740,13.855,2.22,1.29,2.22,1.29,INF,-1,1,7,0
11280,1,1,22.187,11.973,2.07,1.12,2.07,1.12,INF,-1,1,7,0
11300,1,1,22.520,12.452,2.10,1.16,2.10,1.16,INF,-1,1,7,0
11320,1,1,23.155,12.039,2.16,1.12,2.16,1.13,INF,-1,1,7,0
11340,1,1,23.397,12.483,2.19,1.17,2.19,1.17,INF,-1,1,7,0
11360,1,1,22.741,11.836,2.12,1.11,2.12,1.11,INF,-1,1,7,0
11380,1,1,21.837,12.909,2.04,1.21,2.04,1.21,INF,-1,1,7,0
11400,1,1,21.722,13.130,2.03,1.23,2.03,1.23,INF,-1,1,7,0
11420,1,1,21.420,11.847,2.00,1.11,2.00,1.11,INF,-1,1,7,0
11440,1,1,21.714,12.359,2.03,1.15,2.03,1.15,INF,-1,1,7,0
11460,1,1,20.750,12.350,1.94,1.15,1.94,1.15,INF,-1,1,7,0
11480,1,1,21.258,11.746,1.99,1.10,1.99,1.10,INF,-1,1,7,0
11500,1,1,20.294,10.597,1.90,0.99,1.90,0.99,INF,-1,1,7,0
11520,1,1,21.272,10.842,1.99,1.01,1.99,1.01,INF,-1,1,7,0
11540,1,1,20.552,10.684,1.92,1.00,1.92,1.00,INF,-1,1,7,0
11560,1,1,21.562,9.962,2.01,0.93,2.01,0.93,INF,-1,1,7,0
11580,1,1,21.034,11.529,1.97,1.08,1.96,1.08,INF,-1,1,7,0
11600,1,1,20.401,10.458,1.91,0.98,1.91,0.98,INF,-1,1,7,0
11620,1,1,20.074,10.922,1.88,1.02,1.88,1.02,INF,-1,1,7,0
11640,1,1,21.644,10.789,2.02,1.01,2.02,1.01,INF,-1,1,7,0
11660,1,1,21.350,9.489,1.99,0.89,1.99,0.89,INF,-1,1,7,0
11680,1,1,22.116,9.314,2.07,0.87,2.07,0.87,INF,-1,1,7,0
11700,1,1,20.353,10.216,1.90,0.95,1.90,0.95,INF,-1,1,7,0
11720,1,1,21.072,10.936,1.97,1.02,1.97,1.02,INF,-1,1,7,0
11740,1,1,22.608,11.415,2.11,1.07,2.11,1.07,INF,-1,1,7,0
11760,1,1,21.725,11.062,2.03,1.03,2.03,1.03,INF,-1,1,7,0
11780,1,1,21.300,11.899,1.99,1.11,1.99,1.11,INF,-1,1,7,0
11800,1,1,21.283,11.422,1.99,1.07,1.99,1.07,INF,-1,1,7,0
11820,1,1,22.153,12.430,2.07,1.16,2.07,1.16,INF,-1,1,7,0
11840,1,1,22.256,11.735,2.08,1.10,2.08,1.10,INF,-1,1,7,0
11860,1,1,21.213,10.953,1.98,1.02,1.98,1.02,INF,-1,1,7,0
11880,1,1,22.733,11.959,2.12,1.12,2.12,1.12,INF,-1,1,7,0
11900,1,1,20.916,12.347,1.95,1.15,1.95,1.15,INF,-1,1,7,0
11920,1,1,22.472,11.336,2.10,1.06,2.10,1.06,INF,-1,1,7,0
11940,1,1,21.620,13.415,2.02,1.25,2.02,1.25,INF,-1,1,7,0
11960,1,1,21.111,12.180,1.97,1.14,1.97,1.14,INF,-1,1,7,0
11980,1,1,22.182,13.724,2.07,1.28,2.07,1.28,INF,-1,1,7,0
12000,1,1,22.899,13.048,2.14,1.22,2.14,1.22,INF,-1,1,7,0
12020,1,1,21.614,14.459,2.02,1.35,2.02,1.35,INF,-1,1,7,0
12040,1,1,22.276,13.393,2.08,1.25,2.08,1.25,INF,-1,1,7,0
12060,1,1,21.282,13.012,1.99,1.22,1.99,1.22,INF,-1,1,7,0
12080,1,1,20.758,12.521,1.94,1.17,1.94,1.17,INF,-1,1,7,0
12100,1,1,21.322,13.046,1.99,1.22,1.99,1.22,INF,-1,1,7,0
12120,1,1,22.817,12.807,2.13,1.20,2.13,1.20,INF,-1,1,7,0
12140,1,1,22.120,12.633,2.07,1.18,2.07,1.18,INF,-1,1,7,0
12160,1,1,20.622,14.015,1.93,1.31,1.93,1.31,INF,-1,1,7,0
12180,1,1,21.702,13.081,2.03,1.22,2.03,1.22,INF,-1,1,7,0
12200,1,1,23.053,13.184,2.15,1.23,2.15,1.23,INF,-1,1,7,0
12220,1,1,23.013,14.014,2.15,1.31,2.15,1.31,INF,-1,1,7,0
12240,1,1,22.493,13.694,2.10,1.28,2.10,1.28,INF,-1,1,7,0
12260,1,1,23.841,14.546,2.23,1.36,2.23,1.36,INF,-1,1,7,0
12280,1,1,24.070,11.910,2.25,1.11,2.25,1.11,INF,-1,1,7,0
12300,1,1,23.432,10.165,2.19,0.95,2.19,0.95,INF,-1,1,7,0
12320,1,1,22.712,7.358,2.12,0.69,2.12,0.69,INF,-1,1,7,0
12340,1,1,24.276,6.377,2.27,0.60,2.27,0.60,INF,-1,1,7,0
12360,1,1,24.533,7.106,2.29,0.66,2.29,0.66,INF,-1,1,7,0
12380,1,1,22.227,6.953,2.08,0.65,2.08,0.65,INF,-1,1,7,0
12400,1,1,22.500,8.441,2.10,0.79,2.10,0.79,INF,-1,1,7,0
12420,1,1,23.870,9.435,2.23,0.88,2.23,0.88,INF,-1,1,7,0
12440,1,1,22.333,8.795,2.09,0.82,2.09,0.82,INF,-1,1,7,0
12460,1,1,22.247,9.424,2.08,0.88,2.08,0.88,INF,-1,1,7,0
12480,1,1,21.485,9.550,2.01,0.89,2.01,0.89,INF,-1,1,7,0
12500,1,1,18.054,10.755,1.69,1.00,1.69,1.01,INF,-1,1,7,0
12520,1,1,17.085,10.358,1.60,0.97,1.60,0.97,INF,-1,1,7,0
12540,1,1,18.840,10.493,1.76,0.98,1.76,0.98,INF,-1,1,7,0
12560,1,1,18.202,10.035,1.70,0.94,1.70,0.94,INF,-1,1,7,0
12580,1,1,19.400,10.381,1.81,0.97,1.81,0.97,INF,-1,1,7,0
12600,1,1,20.509,10.097,1.92,0.94,1.92,0.94,INF,-1,1,7,0
12620,1,1,19.210,10.338,1.79,0.97,1.79,0.97,INF,-1,1,7,0
12640,1,1,19.116,11.252,1.79,1.05,1.79,1.05,INF,-1,1,7,0
12660,1,1,20.412,9.796,1.91,0.92,1.91,0.92,INF,-1,1,7,0
12680,1,1,19.656,10.414,1.84,0.97,1.84,0.97,INF,-1,1,7,0
12700,1,1,19.122,10.045,1.79,0.94,1.79,0.94,INF,-1,1,7,0
12720,1,1,17.951,9.369,1.68,0.88,1.68,0.88,INF,-1,1,7,0
12740,1,1,20.046,8.620,1.87,0.81,1.87,0.81,INF,-1,1,7,0
12760,1,1,17.452,10.235,1.63,0.96,1.63,0.96,INF,-1,1,7,0
12780,1,1,19.096,10.292,1.78,0.96,1.78,0.96,INF,-1,1,7,0
12800,1,1,19.359,9.294,1.81,0.87,1.81,0.87,INF,-1,1,7,0
12820,1,1,19.115,8.732,1.79,0.82,1.79,0.82,INF,-1,1,7,0
12840,1,1,19.217,9.840,1.80,0.92,1.80,0.92,INF,-1,1,7,0
12860,1,1,19.595,8.082,1.83,0.75,1.83,0.76,INF,-1,1,7,0
12880,1,1,20.533,7.315,1.92,0.68,1.92,0.68,INF,-1,1,7,0
12900,1,1,18.763,7.820,1.75,0.73,1.75,0.73,INF,-1,1,7,0
12920,1,1,18.771,8.664,1.75,0.81,1.75,0.81,INF,-1,1,7,0
12940,1,1,19.797,7.714,1.85,0.72,1.85,0.72,INF,-1,1,7,0
12960,1,1,19.061,7.359,1.78,0.69,1.78,0.69,INF,-1,1,7,0
12980,1,1,18.004,8.619,1.68,0.81,1.68,0.81,INF,-1,1,7,0
13000,1,1,18.889,8.422,1.76,0.79,1.76,0.79,INF,-1,1,7,0
13020,1,1,16.984,7.857,1.59,0.73,1.59,0.73,INF,-1,1,7,0
13040,1,1,19.350,8.066,1.81,0.75,1.81,0.75,INF,-1,1,7,0
13060,1,1,18.204,8.491,1.70,0.79,1.70,0.79,INF,-1,1,7,0
13080,1,1,17.294,8.310,1.62,0.78,1.62,0.78,INF,-1,1,7,0
13100,1,1,17.798,6.556,1.66,0.61,1.66,0.61,INF,-1,1,7,0
13120,1,1,22.709,7.328,2.12,0.68,2.12,0.68,INF,-1,1,7,0
13140,1,1,24.781,7.255,2.31,0.68,2.31,0.68,INF,-1,1,7,0
13160,1,1,24.079,6.877,2.25,0.64,2.25,0.64,INF,-1,1,7,0
13180,1,1,24.168,7.815,2.26,0.73,2.26,0.73,INF,-1,1,7,0
13200,1,1,24.116,9.472,2.25,0.88,2.25,0.89,INF,-1,1,7,0
13220,1,1,23.839,8.492,2.23,0.79,2.23,0.79,INF,-1,1,7,0
13240,1,1,21.950,8.200,2.05,0.77,2.05,0.77,INF,-1,1,7,0
13260,1,1,23.569,7.597,2.20,0.71,2.20,0.71,INF,-1,1,7,0
13280,1,1,23.664,7.098,2.21,0.66,2.21,0.66,INF,-1,1,7,0
13300,1,1,23.318,5.832,2.18,0.54,2.18,0.55,INF,-1,1,7,0
13320,1,1,23.998,8.220,2.24,0.77,2.24,0.77,INF,-1,1,7,0
13340,1,1,22.822,7.183,2.13,0.67,2.13,0.67,INF,-1,1,7,0
13360,1,1,22.889,8.410,2.14,0.79,2.14,0.79,INF,-1,1,7,0
13380,1,1,23.220,7.914,2.17,0.74,2.17,0.74,INF,-1,1,7,0
13400,1,1,25.235,8.955,2.36,0.84,2.36,0.84,INF,-1,1,7,0
13420,1,1,22.990,7.725,2.15,0.72,2.15,0.72,INF,-1,1,7,0
13440,1,1,23.899,8.755,2.23,0.82,2.23,0.82,INF,-1,1,7,0
13460,1,1,24.441,7.819,2.28,0.73,2.28,0.73,INF,-1,1,7,0
13480,1,1,23.232,8.779,2.17,0.82,2.17,0.82,INF,-1,1,7,0
13500,1,1,24.254,7.293,2.27,0.68,2.27,0.68,INF,-1,1,7,0
13520,1,1,22.257,6.954,2.08,0.65,2.08,0.65,INF,-1,1,7,0
13540,1,1,24.266,6.312,2.27,0.59,2.27,0.59,INF,-1,1,7,0
13560,1,1,22.536,7.024,2.11,0.66,2.11,0.66,INF,-1,1,7,0
13580,1,1,23.184,7.785,2.17,0.73,2.17,0.73,INF,-1,1,7,0
13600,1,1,22.159,7.742,2.07,0.72,2.07,0.72,INF,-1,1,7,0
13620,1,1,23.449,7.954,2.19,0.74,2.19,0.74,INF,-1,1,7,0
13640,1,1,23.558,6.771,2.20,0.63,2.20,0.63,INF,-1,1,7,0
13660,1,1,23.000,6.950,2.15,0.65,2.15,0.65,INF,-1,1,7,0
13680,1,1,22.460,7.036,2.10,0.66,2.10,0.66,INF,-1,1,7,0
13700,1,1,23.047,6.657,2.15,0.62,2.15,0.62,INF,-1,1,7,0
13720,1,1,23.278,8.256,2.17,0.77,2.17,0.77,INF,-1,1,7,0
13740,1,1,21.576,7.775,2.02,0.73,2.02,0.73,INF,-1,1,7,0
13760,1,1,22.713,7.057,2.12,0.66,2.12,0.66,INF,-1,1,7,0
13780,1,1,22.221,6.929,2.08,0.65,2.08,0.65,INF,-1,1,7,0
13800,1,1,22.568,6.606,2.11,0.62,2.11,0.62,INF,-1,1,7,0
13820,1,1,21.777,5.494,2.03,0.51,2.03,0.51,INF,-1,1,7,0
13840,1,1,16.437,2.446,1.54,0.23,1.54,0.23,INF,-1,1,7,0
13860,1,1,16.688,1.929,1.56,0.18,1.56,0.18,INF,-1,1,7,0
13880,1,1,16.905,1.697,1.58,0.16,1.58,0.16,INF,-1,0,7,0
13900,1,1,17.247,1.579,1.61,0.15,1.61,0.15,INF,-1,0,7,0
13920,1,1,16.397,-0.471,1.53,-0.04,1.53,-0.04,INF,-1,0,7,0
13940,1,1,17.271,0.252,1.61,0.02,1.61,0.02,INF,-1,0,7,0
13960,1,1,16.375,0.448,1.53,0.04,1.53,0.04,INF,-1,0,7,0
13980,1,1,16.792,-0.361,1.57,-0.03,1.57,-0.03,INF,-1,0,7,0
14000,1,1,16.358,-0.721,1.53,-0.07,1.53,-0.07,INF,-1,0,7,0
14020,1,1,16.635,-0.289,1.55,-0.03,1.55,-0.03,INF,-1,0,7,0
14040,1,1,16.350,-0.534,1.53,-0.05,1.53,-0.05,INF,-1,0,7,0
14060,1,1,15.113,0.089,1.41,0.01,1.41,0.01,INF,-1,0,7,0
14080,1,1,17.639,0.156,1.65,0.01,1.65,0.01,INF,-1,0,7,0
14100,1,1,16.195,0.475,1.51,0.04,1.51,0.04,INF,-1,0,7,0
14120,1,1,17.833,-1.126,1.67,-0.11,1.67,-0.11,INF,-1,1,7,0
14140,1,1,16.434,0.101,1.54,0.01,1.54,0.01,INF,-1,1,7,0
14160,1,1,17.373,1.143,1.62,0.11,1.62,0.11,INF,-1,1,7,0
14180,1,1,22.208,0.046,2.07,0.00,2.07,0.00,INF,-1,1,7,0
14200,1,1,21.517,0.602,2.01,0.06,2.01,0.06,INF,-1,1,7,0
14220,1,1,21.237,0.953,1.98,0.09,1.98,0.09,INF,-1,1,7,0
14240,1,1,23.021,0.314,2.15,0.03,2.15,0.03,INF,-1,1,7,0
14260,1,1,21.000,-0.158,1.96,-0.01,1.96,-0.01,INF,-1,1,7,0
14280,1,1,22.476,-0.827,2.10,-0.08,2.10,-0.08,INF,-1,1,7,0
14300,1,1,19.532,-0.225,1.82,-0.02,1.82,-0.02,INF,-1,1,7,0
14320,1,1,20.473,-0.344,1.91,-0.03,1.91,-0.03,INF,-1,1,7,0
14340,1,1,20.117,0.514,1.88,0.05,1.88,0.05,INF,-1,1,7,0
14360,1,1,20.749,-1.029,1.94,-0.10,1.94,-0.10,INF,-1,1,7,0
14380,1,1,21.835,0.764,2.04,0.07,2.04,0.07,INF,-1,1,7,0
14400,1,1,19.306,2.017,1.80,0.19,1.80,0.19,INF,-1,1,7,0
14420,1,1,19.590,0.651,1.83,0.06,1.83,0.06,INF,-1,1,7,0
14440,1,1,19.873,1.010,1.86,0.09,1.86,0.09,INF,-1,1,7,0
14460,1,1,20.112,1.335,1.88,0.12,1.88,0.12,INF,-1,1,7,0
14480,1,1,19.594,0.566,1.83,0.05,1.83,0.05,INF,-1,1,7,0
14500,1,1,20.171,3.459,1.88,0.32,1.88,0.32,INF,-1,1,7,0
14520,1,1,19.365,1.440,1.81,0.13,1.81,0.13,INF,-1,1,7,0
14540,1,1,19.638,2.685,1.83,0.25,1.83,0.25,INF,-1,1,7,0
14560,1,1,19.441,1.462,1.82,0.14,1.82,0.14,INF,-1,1,7,0
14580,1,1,20.174,1.329,1.88,0.12,1.88,0.12,INF,-1,1,7,0
14600,1,1,20.112,0.465,1.88,0.04,1.88,0.04,INF,-1,1,7,0
14620,1,1,20.007,0.572,1.87,0.05,1.87,0.05,INF,-1,1,7,0
14640,1,1,19.990,2.044,1.87,0.19,1.87,0.19,INF,-1,1,7,0
14660,1,1,17.798,1.382,1.66,0.13,1.66,0.13,INF,-1,1,7,0
14680,1,1,20.009,4.387,1.87,0.41,1.87,0.41,INF,-1,1,7,0
14700,1,1,19.053,4.399,1.78,0.41,1.78,0.41,INF,-1,1,7,0
14720,1,1,16.721,3.781,1.56,0.35,1.56,0.35,INF,-1,1,7,0
14740,1,1,16.896,4.266,1.58,0.40,1.58,0.40,INF,-1,1,7,0
14760,1,1,17.284,5.575,1.62,0.52,1.62,0.52,INF,-1,1,7,0
14780,1,1,16.702,4.788,1.56,0.45,1.56,0.45,INF,-1,1,7,0
14800,1,1,18.010,4.846,1.68,0.45,1.68,0.45,INF,-1,1,7,0
14820,1,1,13.880,5.821,1.30,0.54,1.30,0.54,INF,-1,1,7,0
14840,1,1,4.446,1.556,0.42,0.15,0.42,0.15,INF,-1,1,7,0
14860,1,1,5.044,-2.725,0.47,-0.25,0.47,-0.25,INF,-1,1,7,0
14880,1,1,5.171,-1.561,0.48,-0.15,0.48,-0.15,INF,-1,0,7,0
14900,1,1,4.743,-1.428,0.44,-0.13,0.44,-0.13,INF,-1,0,7,0
14920,1,1,4.474,-0.887,0.42,-0.08,0.42,-0.08,INF,-1,0,7,0
14940,1,1,4.529,-1.482,0.42,-0.14,0.42,-0.14,INF,-1,0,7,0
14960,1,1,5.325,-0.618,0.50,-0.06,0.50,-0.06,INF,-1,0,7,0
14980,1,1,3.524,-3.185,0.33,-0.30,0.33,-0.30,INF,-1,0,7,0
15000,1,1,-0.333,-11.327,-0.03,-1.06,-0.03,-1.06,INF,-1,0,7,0
