"EyeTracker Toolbox version","3.250"
CalibrationParameters_A11,1.06096
CalibrationParameters_A12,0.04474
CalibrationParameters_A13,-0.00555
CalibrationParameters_A21,0.06407
CalibrationParameters_A22,-1.04573
CalibrationParameters_A23,-0.05651
CalibrationParameters_A31,-0.00013
CalibrationParameters_A32,0.00035
CalibrationParameters_E11,-0.17990
CalibrationParameters_E12,-0.00001
CalibrationParameters_E21,0.00006
CalibrationParameters_E22,0.20005
CalibrationParameters_X,-21.53747
CalibrationParameters_Y,-17.47806
CalibrationParameters_Rpc,83.64995
CalibrationParameters_MeanX,147.87673
CalibrationParameters_MeanY,112.28748
CalibrationParameters_ViewDist,613.00000
TimeStamp,Tracked,Calibrated,ScreenPositionXmm,ScreenPositionYmm,FicksLongitude,FicksLatitude,HelmholtzAzimuth,HelmholtzElevation,PupilDiameter,Region,Fixation,DigitalIO,Dropped
0,0,1,0.000,0.000,0.00,0.00,0.00,0.00,0.00,-1,0,7,0
20,1,1,-155.865,-176.628,-14.27,-15.60,-13.73,-16.07,INF,-1,0,7,0
40,1,1,-157.838,-167.872,-14.44,-14.85,-13.95,-15.32,INF,-1,0,7,0
60,0,1,0.000,0.000,0.00,0.00,0.00,0.00,0.00,-1,0,7,0
80,0,1,0.000,0.000,0.00,0.00,0.00,0.00,0.00,-1,0,7,0
100,0,1,0.000,0.000,0.00,0.00,0.00,0.00,0.00,-1,0,7,0
120,0,1,0.000,0.000,0.00,0.00,0.00,0.00,0.00,-1,0,7,0
140,1,1,-35.701,-77.018,-3.33,-7.15,-3.31,-7.16,INF,-1,0,7,0
160,1,1,-20.593,-32.369,-1.92,-3.02,-1.92,-3.02,INF,-1,0,7,0
180,1,1,-16.208,5.786,-1.51,0.54,-1.51,0.54,INF,-1,0,7,0
200,1,1,-11.831,1.156,-1.11,0.11,-1.11,0.11,INF,-1,0,7,0
220,1,1,-10.258,3.140,-0.96,0.29,-0.96,0.29,INF,-1,0,7,0
240,1,1,-9.052,-2.385,-0.85,-0.22,-0.85,-0.22,INF,-1,0,7,0
260,1,1,-10.820,-2.334,-1.01,-0.22,-1.01,-0.22,INF,-1,0,7,0
280,1,1,-6.798,-2.925,-0.64,-0.27,-0.64,-0.27,INF,-1,0,7,0
300,1,1,-7.533,-4.850,-0.70,-0.45,-0.70,-0.45,INF,-1,0,7,0
320,1,1,-6.373,-2.555,-0.60,-0.24,-0.60,-0.24,INF,-1,0,7,0
340,1,1,-9.197,-4.252,-0.86,-0.40,-0.86,-0.40,INF,-1,0,7,0
360,1,1,-6.936,-5.277,-0.65,-0.49,-0.65,-0.49,INF,-1,0,7,0
380,1,1,-9.205,-3.894,-0.86,-0.36,-0.86,-0.36,INF,-1,0,7,0
400,1,1,-15.470,13.079,-1.45,1.22,-1.45,1.22,INF,-1,0,7,0
420,1,1,-13.156,18.612,-1.23,1.74,-1.23,1.74,INF,-1,0,7,0
440,1,1,-15.995,17.724,-1.49,1.66,-1.49,1.66,INF,-1,0,7,0
460,1,1,-16.019,18.911,-1.50,1.77,-1.50,1.77,INF,-1,0,7,0
480,1,1,-17.977,19.898,-1.68,1.86,-1.68,1.86,INF,-1,0,7,0
500,1,1,-16.099,18.336,-1.50,1.71,-1.50,1.71,INF,-1,0,7,0
520,1,1,-16.558,18.376,-1.55,1.72,-1.55,1.72,INF,-1,0,7,0
540,1,1,-15.296,19.263,-1.43,1.80,-1.43,1.80,INF,-1,0,7,0
560,1,1,-18.396,18.221,-1.72,1.70,-1.72,1.70,INF,-1,1,7,0
580,1,1,-15.121,16.953,-1.41,1.58,-1.41,1.58,INF,-1,1,7,0
600,1,1,-17.391,19.561,-1.63,1.83,-1.62,1.83,INF,-1,1,7,0
620,1,1,-14.320,15.820,-1.34,1.48,-1.34,1.48,INF,-1,1,7,0
640,1,1,-16.287,17.355,-1.52,1.62,-1.52,1.62,INF,-1,1,7,0
660,1,1,-15.719,17.069,-1.47,1.59,-1.47,1.59,INF,-1,1,7,0
680,1,1,-15.233,17.441,-1.42,1.63,-1.42,1.63,INF,-1,1,7,0
700,1,1,-15.401,15.289,-1.44,1.43,-1.44,1.43,INF,-1,1,7,0
720,1,1,-15.027,16.495,-1.40,1.54,-1.40,1.54,INF,-1,1,7,0
740,1,1,-16.911,14.668,-1.58,1.37,-1.58,1.37,INF,-1,1,7,0
760,1,1,-15.790,16.087,-1.48,1.50,-1.48,1.50,INF,-1,1,7,0
780,1,1,-14.860,16.102,-1.39,1.50,-1.39,1.50,INF,-1,1,7,0
800,1,1,-15.212,14.914,-1.42,1.39,-1.42,1.39,INF,-1,1,7,0
820,1,1,-12.777,14.565,-1.19,1.36,-1.19,1.36,INF,-1,1,7,0
840,1,1,-14.698,13.997,-1.37,1.31,-1.37,1.31,INF,-1,1,7,0
860,1,1,-15.091,15.607,-1.41,1.46,-1.41,1.46,INF,-1,1,7,0
880,1,1,-14.874,13.508,-1.39,1.26,-1.39,1.26,INF,-1,1,7,0
900,1,1,-15.508,12.910,-1.45,1.21,-1.45,1.21,INF,-1,1,7,0
920,1,1,-14.184,14.160,-1.33,1.32,-1.33,1.32,INF,-1,1,7,0
940,1,1,-16.636,10.426,-1.55,0.97,-1.55,0.97,INF,-1,1,7,0
960,1,1,-15.178,15.645,-1.42,1.46,-1.42,1.46,INF,-1,1,7,0
980,1,1,-12.628,12.386,-1.18,1.16,-1.18,1.16,INF,-1,1,7,0
1000,1,1,-13.916,11.462,-1.30,1.07,-1.30,1.07,INF,-1,1,7,0
1020,1,1,-15.533,10.570,-1.45,0.99,-1.45,0.99,INF,-1,1,7,0
1040,1,1,-15.631,12.658,-1.46,1.18,-1.46,1.18,INF,-1,1,7,0
1060,1,1,-12.958,9.982,-1.21,0.93,-1.21,0.93,INF,-1,1,7,0
1080,1,1,-13.740,14.131,-1.28,1.32,-1.28,1.32,INF,-1,1,7,0
1100,1,1,-12.905,9.945,-1.21,0.93,-1.21,0.93,INF,-1,1,7,0
1120,1,1,-17.162,11.250,-1.60,1.05,-1.60,1.05,INF,-1,1,7,0
1140,1,1,-15.392,10.238,-1.44,0.96,-1.44,0.96,INF,-1,1,7,0
1160,1,1,-14.290,12.095,-1.34,1.13,-1.34,1.13,INF,-1,1,7,0
1180,1,1,-15.363,9.953,-1.44,0.93,-1.44,0.93,INF,-1,1,7,0
1200,1,1,-15.688,7.675,-1.47,0.72,-1.47,0.72,INF,-1,1,7,0
1220,1,1,-15.028,8.562,-1.40,0.80,-1.40,0.80,INF,-1,1,7,0
1240,1,1,-14.710,11.430,-1.37,1.07,-1.37,1.07,INF,-1,1,7,0
1260,1,1,-13.703,9.950,-1.28,0.93,-1.28,0.93,INF,-1,1,7,0
1280,1,1,-17.746,11.735,-1.66,1.10,-1.66,1.10,INF,-1,1,7,0
1300,1,1,-14.950,9.094,-1.40,0.85,-1.40,0.85,INF,-1,1,7,0
1320,1,1,-15.132,9.554,-1.41,0.89,-1.41,0.89,INF,-1,1,7,0
1340,1,1,-16.686,9.852,-1.56,0.92,-1.56,0.92,INF,-1,1,7,0
1360,1,1,-14.690,8.762,-1.37,0.82,-1.37,0.82,INF,-1,1,7,0
1380,1,1,-16.808,10.183,-1.57,0.95,-1.57,0.95,INF,-1,1,7,0
1400,1,1,-15.666,7.112,-1.46,0.66,-1.46,0.66,INF,-1,1,7,0
1420,1,1,-14.529,9.038,-1.36,0.84,-1.36,0.84,INF,-1,1,7,0
1440,1,1,-14.475,7.884,-1.35,0.74,-1.35,0.74,INF,-1,1,7,0
1460,1,1,-14.815,9.026,-1.38,0.84,-1.38,0.84,INF,-1,1,7,0
1480,1,1,-16.028,9.552,-1.50,0.89,-1.50,0.89,INF,-1,1,7,0
1500,1,1,-15.367,7.853,-1.44,0.73,-1.44,0.73,INF,-1,1,7,0
1520,1,1,-15.075,8.458,-1.41,0.79,-1.41,0.79,INF,-1,1,7,0
1540,1,1,-16.822,7.895,-1.57,0.74,-1.57,0.74,INF,-1,1,7,0
1560,1,1,-16.015,6.625,-1.50,0.62,-1.50,0.62,INF,-1,1,7,0
1580,1,1,-14.829,6.809,-1.39,0.64,-1.39,0.64,INF,-1,1,7,0
1600,1,1,-16.360,5.790,-1.53,0.54,-1.53,0.54,INF,-1,1,7,0
1620,1,1,-14.834,7.399,-1.39,0.69,-1.39,0.69,INF,-1,1,7,0
1640,1,1,-16.436,6.276,-1.54,0.59,-1.54,0.59,INF,-1,1,7,0
1660,1,1,-14.809,6.534,-1.38,0.61,-1.38,0.61,INF,-1,1,7,0
1680,1,1,-16.360,6.852,-1.53,0.64,-1.53,0.64,INF,-1,1,7,0
1700,1,1,-15.372,6.595,-1.44,0.62,-1.44,0.62,INF,-1,1,7,0
1720,1,1,-14.660,7.602,-1.37,0.71,-1.37,0.71,INF,-1,1,7,0
1740,1,1,-16.947,6.089,-1.58,0.57,-1.58,0.57,INF,-1,1,7,0
1760,1,1,-14.493,7.613,-1.35,0.71,-1.35,0.71,INF,-1,1,7,0
1780,1,1,-15.459,6.747,-1.44,0.63,-1.44,0.63,INF,-1,1,7,0
1800,1,1,-17.404,6.023,-1.63,0.56,-1.63,0.56,INF,-1,1,7,0
1820,1,1,-16.757,5.420,-1.57,0.51,-1.57,0.51,INF,-1,1,7,0
1840,1,1,-17.055,5.609,-1.59,0.52,-1.59,0.52,INF,-1,1,7,0
1860,1,1,-14.786,4.477,-1.38,0.42,-1.38,0.42,INF,-1,1,7,0
1880,1,1,-17.199,6.314,-1.61,0.59,-1.61,0.59,INF,-1,1,7,0
1900,1,1,-18.658,6.018,-1.74,0.56,-1.74,0.56,INF,-1,1,7,0
1920,1,1,-16.980,6.205,-1.59,0.58,-1.59,0.58,INF,-1,1,7,0
1940,1,1,-16.237,4.727,-1.52,0.44,-1.52,0.44,INF,-1,1,7,0
1960,1,1,-15.045,-3.953,-1.41,-0.37,-1.41,-0.37,INF,-1,1,7,0
1980,1,1,-5.419,-38.609,-0.51,-3.60,-0.51,-3.60,INF,-1,1,7,0
2000,1,1,-5.095,-35.713,-0.48,-3.33,-0.48,-3.33,INF,-1,0,7,0
2020,1,1,-5.885,-35.336,-0.55,-3.30,-0.55,-3.30,INF,-1,0,7,0
2040,1,1,-7.886,-35.573,-0.74,-3.32,-0.74,-3.32,INF,-1,0,7,0
2060,1,1,-8.596,-34.203,-0.80,-3.19,-0.80,-3.19,INF,-1,0,7,0
2080,1,1,-6.135,-36.359,-0.57,-3.39,-0.57,-3.39,INF,-1,0,7,0
2100,1,1,-8.235,-32.398,-0.77,-3.03,-0.77,-3.03,INF,-1,0,7,0
2120,1,1,-8.079,-35.029,-0.76,-3.27,-0.75,-3.27,INF,-1,0,7,0
2140,1,1,-8.303,-35.818,-0.78,-3.34,-0.77,-3.34,INF,-1,0,7,0
2160,1,1,-6.489,-34.049,-0.61,-3.18,-0.61,-3.18,INF,-1,0,7,0
2180,1,1,-3.734,-39.228,-0.35,-3.66,-0.35,-3.66,INF,-1,0,7,0
2200,1,1,-6.240,-38.240,-0.58,-3.57,-0.58,-3.57,INF,-1,0,7,0
2220,1,1,-6.350,-38.812,-0.59,-3.62,-0.59,-3.62,INF,-1,0,7,0
2240,1,1,-5.738,-37.711,-0.54,-3.52,-0.54,-3.52,INF,-1,0,7,0
2260,1,1,-6.560,-37.987,-0.61,-3.55,-0.61,-3.55,INF,-1,1,7,0
2280,1,1,-6.797,-36.673,-0.64,-3.42,-0.63,-3.42,INF,-1,1,7,0
2300,1,1,-7.693,-38.242,-0.72,-3.57,-0.72,-3.57,INF,-1,1,7,0
2320,1,1,-9.924,-36.602,-0.93,-3.42,-0.93,-3.42,INF,-1,1,7,0
2340,1,1,-7.095,-36.889,-0.66,-3.44,-0.66,-3.44,INF,-1,1,7,0
2360,1,1,-7.456,-36.393,-0.70,-3.40,-0.70,-3.40,INF,-1,1,7,0
2380,1,1,-9.424,-37.888,-0.88,-3.54,-0.88,-3.54,INF,-1,1,7,0
2400,1,1,-6.755,-38.899,-0.63,-3.63,-0.63,-3.63,INF,-1,1,7,0
2420,1,1,-8.255,-38.951,-0.77,-3.64,-0.77,-3.64,INF,-1,1,7,0
2440,1,1,-8.508,-38.526,-0.80,-3.60,-0.79,-3.60,INF,-1,1,7,0
2460,1,1,-8.159,-41.365,-0.76,-3.86,-0.76,-3.86,INF,-1,1,7,0
2480,1,1,-6.291,-36.993,-0.59,-3.45,-0.59,-3.45,INF,-1,1,7,0
2500,1,1,-7.679,-41.342,-0.72,-3.86,-0.72,-3.86,INF,-1,1,7,0
2520,1,1,-6.998,-41.078,-0.65,-3.83,-0.65,-3.83,INF,-1,1,7,0
2540,1,1,-6.095,-41.912,-0.57,-3.91,-0.57,-3.91,INF,-1,1,7,0
2560,1,1,-7.712,-40.632,-0.72,-3.79,-0.72,-3.79,INF,-1,1,7,0
2580,1,1,-10.281,-40.156,-0.96,-3.75,-0.96,-3.75,INF,-1,1,7,0
2600,1,1,-8.309,-39.381,-0.78,-3.68,-0.78,-3.68,INF,-1,1,7,0
2620,1,1,-9.096,-38.419,-0.85,-3.59,-0.85,-3.59,INF,-1,1,7,0
2640,1,1,-7.147,-39.586,-0.67,-3.69,-0.67,-3.69,INF,-1,1,7,0
2660,1,1,-6.167,-41.806,-0.58,-3.90,-0.58,-3.90,INF,-1,1,7,0
2680,1,1,-10.779,-42.042,-1.01,-3.92,-1.01,-3.92,INF,-1,1,7,0
2700,1,1,-10.432,-38.815,-0.97,-3.62,-0.97,-3.62,INF,-1,1,7,0
2720,1,1,-6.317,-38.400,-0.59,-3.58,-0.59,-3.58,INF,-1,1,7,0
2740,1,1,-9.362,-37.891,-0.87,-3.54,-0.87,-3.54,INF,-1,1,7,0
2760,1,1,-6.583,-39.133,-0.62,-3.65,-0.61,-3.65,INF,-1,1,7,0
2780,1,1,-9.806,-40.813,-0.92,-3.81,-0.91,-3.81,INF,-1,1,7,0
2800,1,1,-8.773,-40.247,-0.82,-3.76,-0.82,-3.76,INF,-1,1,7,0
2820,1,1,-6.433,-39.464,-0.60,-3.68,-0.60,-3.68,INF,-1,1,7,0
2840,1,1,-7.882,-42.101,-0.74,-3.93,-0.73,-3.93,INF,-1,1,7,0
2860,1,1,-6.668,-40.522,-0.62,-3.78,-0.62,-3.78,INF,-1,1,7,0
2880,1,1,-5.609,-53.928,-0.52,-5.03,-0.52,-5.03,INF,-1,1,7,0
2900,0,1,0.000,0.000,0.00,0.00,0.00,0.00,0.00,-1,1,7,0
2920,0,1,0.000,0.000,0.00,0.00,0.00,0.00,0.00,-1,1,7,0
2940,0,1,0.000,0.000,0.00,0.00,0.00,0.00,0.00,-1,1,7,0
2960,0,1,0.000,0.000,0.00,0.00,0.00,0.00,0.00,-1,0,7,0
2980,0,1,0.000,0.000,0.00,0.00,0.00,0.00,0.00,-1,0,7,0
3000,0,1,0.000,0.000,0.00,0.00,0.00,0.00,0.00,-1,0,7,0
3020,0,1,0.000,0.000,0.00,0.00,0.00,0.00,0.00,-1,0,7,0
3040,0,1,0.000,0.000,0.00,0.00,0.00,0.00,0.00,-1,0,7,0
3060,0,1,0.000,0.000,0.00,0.00,0.00,0.00,0.00,-1,0,7,0
3080,0,1,0.000,0.000,0.00,0.00,0.00,0.00,0.00,-1,0,7,0
3100,0,1,0.000,0.000,0.00,0.00,0.00,0.00,0.00,-1,0,7,0
3120,1,1,205.996,-203.962,18.57,-17.51,17.69,-18.40,INF,-1,0,7,0
3140,0,1,0.000,0.000,0.00,0.00,0.00,0.00,0.00,-1,0,7,0
3160,0,1,0.000,0.000,0.00,0.00,0.00,0.00,0.00,-1,0,7,0
3180,0,1,0.000,0.000,0.00,0.00,0.00,0.00,0.00,-1,0,7,0
3200,0,1,0.000,0.000,0.00,0.00,0.00,0.00,0.00,-1,0,7,0
3220,0,1,0.000,0.000,0.00,0.00,0.00,0.00,0.00,-1,0,7,0
3240,0,1,0.000,0.000,0.00,0.00,0.00,0.00,0.00,-1,0,7,0
3260,0,1,0.000,0.000,0.00,0.00,0.00,0.00,0.00,-1,0,7,0
3280,0,1,0.000,0.000,0.00,0.00,0.00,0.00,0.00,-1,0,7,0
3300,0,1,0.000,0.000,0.00,0.00,0.00,0.00,0.00,-1,0,7,0
3320,0,1,0.000,0.000,0.00,0.00,0.00,0.00,0.00,-1,0,7,0
3340,0,1,0.000,0.000,0.00,0.00,0.00,0.00,0.00,-1,0,7,0
3360,1,1,38.503,-40.263,3.59,-3.75,3.59,-3.76,INF,-1,0,7,0
3380,1,1,38.086,-34.140,3.56,-3.18,3.55,-3.19,INF,-1,0,7,0
3400,1,1,38.435,-37.122,3.59,-3.46,3.58,-3.47,INF,-1,0,7,0
3420,1,1,39.167,-38.878,3.66,-3.62,3.65,-3.63,INF,-1,0,7,0
3440,1,1,39.837,-41.767,3.72,-3.89,3.71,-3.90,INF,-1,0,7,0
3460,1,1,38.968,-37.695,3.64,-3.51,3.63,-3.52,INF,-1,0,7,0
3480,1,1,35.950,-36.958,3.36,-3.44,3.35,-3.45,INF,-1,0,7,0
3500,1,1,42.209,-42.367,3.94,-3.94,3.93,-3.95,INF,-1,0,7,0
3520,1,1,39.730,-42.303,3.71,-3.94,3.70,-3.95,INF,-1,0,7,0
3540,1,1,41.856,-40.298,3.91,-3.75,3.90,-3.76,INF,-1,0,7,0
3560,1,1,40.269,-43.685,3.76,-4.07,3.75,-4.08,INF,-1,0,7,0
3580,1,1,40.447,-43.946,3.77,-4.09,3.77,-4.10,INF,-1,0,7,0
3600,1,1,39.312,-41.205,3.67,-3.84,3.66,-3.85,INF,-1,0,7,0
3620,1,1,41.603,-40.174,3.88,-3.74,3.87,-3.75,INF,-1,0,7,0
3640,1,1,39.304,-38.393,3.67,-3.58,3.66,-3.58,INF,-1,1,7,0
3660,1,1,41.119,-38.117,3.84,-3.55,3.83,-3.56,INF,-1,1,7,0
3680,1,1,39.868,-37.771,3.72,-3.52,3.71,-3.53,INF,-1,1,7,0
3700,1,1,39.639,-39.600,3.70,-3.69,3.69,-3.70,INF,-1,1,7,0
3720,1,1,40.279,-40.839,3.76,-3.80,3.75,-3.81,INF,-1,1,7,0
3740,1,1,43.506,-38.659,4.06,-3.60,4.05,-3.61,INF,-1,1,7,0
3760,1,1,41.330,-39.077,3.86,-3.64,3.85,-3.65,INF,-1,1,7,0
3780,1,1,40.317,-40.814,3.76,-3.80,3.75,-3.81,INF,-1,1,7,0
3800,1,1,42.476,-43.712,3.96,-4.07,3.95,-4.08,INF,-1,1,7,0
3820,1,1,42.781,-40.739,3.99,-3.79,3.98,-3.80,INF,-1,1,7,0
3840,1,1,40.487,-40.777,3.78,-3.80,3.77,-3.81,INF,-1,1,7,0
3860,1,1,41.685,-41.960,3.89,-3.91,3.88,-3.92,INF,-1,1,7,0
3880,1,1,41.670,-43.342,3.89,-4.04,3.88,-4.04,INF,-1,1,7,0
3900,1,1,44.884,-40.941,4.19,-3.81,4.18,-3.82,INF,-1,1,7,0
3920,1,1,41.715,-41.646,3.89,-3.88,3.88,-3.89,INF,-1,1,7,0
3940,1,1,39.543,-43.433,3.69,-4.04,3.68,-4.05,INF,-1,1,7,0
3960,1,1,39.561,-41.672,3.69,-3.88,3.68,-3.89,INF,-1,1,7,0
3980,1,1,43.350,-41.382,4.05,-3.85,4.04,-3.86,INF,-1,1,7,0
4000,1,1,40.901,-39.836,3.82,-3.71,3.81,-3.72,INF,-1,1,7,0
4020,1,1,40.536,-40.347,3.78,-3.76,3.78,-3.77,INF,-1,1,7,0
4040,1,1,41.637,-37.914,3.89,-3.53,3.88,-3.54,INF,-1,1,7,0
4060,1,1,41.589,-42.609,3.88,-3.97,3.87,-3.98,INF,-1,1,7,0
4080,1,1,38.846,-42.770,3.63,-3.98,3.62,-3.99,INF,-1,1,7,0
4100,1,1,37.016,-40.901,3.46,-3.81,3.45,-3.82,INF,-1,1,7,0
4120,1,1,-0.362,-10.458,-0.03,-0.98,-0.03,-0.98,INF,-1,1,7,0
4140,1,1,-12.710,13.524,-1.19,1.26,-1.19,1.26,INF,-1,1,7,0
4160,1,1,-8.328,7.767,-0.78,0.73,-0.78,0.73,INF,-1,0,7,0
4180,1,1,-10.589,12.377,-0.99,1.16,-0.99,1.16,INF,-1,0,7,0
4200,1,1,-7.041,9.326,-0.66,0.87,-0.66,0.87,INF,-1,0,7,0
4220,1,1,-10.609,9.987,-0.99,0.93,-0.99,0.93,INF,-1,0,7,0
4240,1,1,-9.775,11.185,-0.91,1.05,-0.91,1.05,INF,-1,0,7,0
4260,1,1,-8.427,8.182,-0.79,0.76,-0.79,0.76,INF,-1,0,7,0
4280,1,1,-9.108,8.963,-0.85,0.84,-0.85,0.84,INF,-1,0,7,0
4300,1,1,-9.383,8.454,-0.88,0.79,-0.88,0.79,INF,-1,0,7,0
4320,1,1,-10.147,9.650,-0.95,0.90,-0.95,0.90,INF,-1,0,7,0
4340,1,1,-9.970,7.188,-0.93,0.67,-0.93,0.67,INF,-1,0,7,0
4360,1,1,-10.710,7.963,-1.00,0.74,-1.00,0.74,INF,-1,0,7,0
4380,1,1,-10.146,7.252,-0.95,0.68,-0.95,0.68,INF,-1,0,7,0
4400,1,1,-9.459,8.638,-0.88,0.81,-0.88,0.81,INF,-1,0,7,0
4420,1,1,-8.915,9.710,-0.83,0.91,-0.83,0.91,INF,-1,1,7,0
4440,1,1,-6.268,6.407,-0.59,0.60,-0.59,0.60,INF,-1,1,7,0
4460,1,1,-6.307,6.149,-0.59,0.57,-0.59,0.57,INF,-1,1,7,0
4480,1,1,-10.239,7.102,-0.96,0.66,-0.96,0.66,INF,-1,1,7,0
4500,1,1,-10.594,6.965,-0.99,0.65,-0.99,0.65,INF,-1,1,7,0
4520,1,1,-10.005,5.979,-0.94,0.56,-0.94,0.56,INF,-1,1,7,0
4540,1,1,-9.423,5.817,-0.88,0.54,-0.88,0.54,INF,-1,1,7,0
4560,1,1,-9.142,7.788,-0.85,0.73,-0.85,0.73,INF,-1,1,7,0
4580,1,1,-6.951,5.832,-0.65,0.55,-0.65,0.55,INF,-1,1,7,0
4600,1,1,-8.947,4.581,-0.84,0.43,-0.84,0.43,INF,-1,1,7,0
4620,1,1,-11.711,5.389,-1.09,0.50,-1.09,0.50,INF,-1,1,7,0
4640,1,1,-9.305,6.813,-0.87,0.64,-0.87,0.64,INF,-1,1,7,0
4660,1,1,-7.810,4.692,-0.73,0.44,-0.73,0.44,INF,-1,1,7,0
4680,1,1,-10.622,6.688,-0.99,0.62,-0.99,0.63,INF,-1,1,7,0
4700,1,1,-10.267,5.702,-0.96,0.53,-0.96,0.53,INF,-1,1,7,0
4720,1,1,-7.992,5.510,-0.75,0.51,-0.75,0.52,INF,-1,1,7,0
4740,1,1,-11.004,4.358,-1.03,0.41,-1.03,0.41,INF,-1,1,7,0
4760,1,1,-9.984,6.043,-0.93,0.56,-0.93,0.56,INF,-1,1,7,0
4780,1,1,-9.868,4.927,-0.92,0.46,-0.92,0.46,INF,-1,1,7,0
4800,1,1,-8.052,3.091,-0.75,0.29,-0.75,0.29,INF,-1,1,7,0
4820,1,1,-11.738,5.084,-1.10,0.48,-1.10,0.48,INF,-1,1,7,0
4840,1,1,-12.475,2.486,-1.17,0.23,-1.17,0.23,INF,-1,1,7,0
4860,1,1,-7.792,3.851,-0.73,0.36,-0.73,0.36,INF,-1,1,7,0
4880,1,1,-9.870,3.565,-0.92,0.33,-0.92,0.33,INF,-1,1,7,0
4900,1,1,-11.863,7.277,-1.11,0.68,-1.11,0.68,INF,-1,1,7,0
4920,1,1,-11.184,3.245,-1.05,0.30,-1.05,0.30,INF,-1,1,7,0
4940,1,1,-10.994,3.721,-1.03,0.35,-1.03,0.35,INF,-1,1,7,0
4960,1,1,-11.897,3.496,-1.11,0.33,-1.11,0.33,INF,-1,1,7,0
4980,1,1,-9.352,3.048,-0.87,0.28,-0.87,0.28,INF,-1,1,7,0
5000,1,1,-11.367,5.504,-1.06,0.51,-1.06,0.51,INF,-1,1,7,0
5020,1,1,-7.983,3.676,-0.75,0.34,-0.75,0.34,INF,-1,1,7,0
5040,1,1,-13.452,3.765,-1.26,0.35,-1.26,0.35,INF,-1,1,7,0
5060,1,1,-9.747,4.316,-0.91,0.40,-0.91,0.40,INF,-1,1,7,0
5080,1,1,-10.727,3.368,-1.00,0.31,-1.00,0.31,INF,-1,1,7,0
5100,1,1,-10.885,3.787,-1.02,0.35,-1.02,0.35,INF,-1,1,7,0
5120,1,1,-9.003,3.877,-0.84,0.36,-0.84,0.36,INF,-1,1,7,0
5140,1,1,-9.835,4.049,-0.92,0.38,-0.92,0.38,INF,-1,1,7,0
5160,1,1,-11.780,2.169,-1.10,0.20,-1.10,0.20,INF,-1,1,7,0
5180,1,1,-12.132,0.546,-1.13,0.05,-1.13,0.05,INF,-1,1,7,0
5200,1,1,-11.548,2.201,-1.08,0.21,-1.08,0.21,INF,-1,1,7,0
5220,1,1,-9.477,4.194,-0.89,0.39,-0.89,0.39,INF,-1,1,7,0
5240,1,1,-11.980,3.111,-1.12,0.29,-1.12,0.29,INF,-1,1,7,0
5260,1,1,-13.283,5.152,-1.24,0.48,-1.24,0.48,INF,-1,1,7,0
5280,1,1,-10.351,1.288,-0.97,0.12,-0.97,0.12,INF,-1,1,7,0
5300,1,1,-13.719,1.243,-1.28,0.12,-1.28,0.12,INF,-1,1,7,0
5320,1,1,-11.199,2.227,-1.05,0.21,-1.05,0.21,INF,-1,1,7,0
5340,1,1,-12.076,1.909,-1.13,0.18,-1.13,0.18,INF,-1,1,7,0
5360,1,1,-12.031,3.110,-1.12,0.29,-1.12,0.29,INF,-1,1,7,0
5380,1,1,-13.058,-1.386,-1.22,-0.13,-1.22,-0.13,INF,-1,1,7,0
5400,1,1,-13.216,0.239,-1.24,0.02,-1.24,0.02,INF,-1,1,7,0
5420,1,1,-11.680,3.192,-1.09,0.30,-1.09,0.30,INF,-1,1,7,0
5440,1,1,-14.339,0.648,-1.34,0.06,-1.34,0.06,INF,-1,1,7,0
5460,1,1,-14.358,-0.905,-1.34,-0.08,-1.34,-0.08,INF,-1,1,7,0
5480,1,1,-11.044,0.508,-1.03,0.05,-1.03,0.05,INF,-1,1,7,0
5500,1,1,-14.693,1.441,-1.37,0.13,-1.37,0.13,INF,-1,1,7,0
5520,1,1,-14.584,0.535,-1.36,0.05,-1.36,0.05,INF,-1,1,7,0
5540,1,1,-10.157,-1.048,-0.95,-0.10,-0.95,-0.10,INF,-1,1,7,0
5560,1,1,-15.395,0.498,-1.44,0.05,-1.44,0.05,INF,-1,0,7,0
5580,1,1,-14.297,0.191,-1.34,0.02,-1.34,0.02,INF,-1,0,7,0
5600,1,1,-13.749,-0.384,-1.28,-0.04,-1.28,-0.04,INF,-1,0,7,0
5620,1,1,-14.693,-2.919,-1.37,-0.27,-1.37,-0.27,INF,-1,0,7,0
5640,1,1,-12.596,-1.739,-1.18,-0.16,-1.18,-0.16,INF,-1,0,7,0
5660,1,1,-12.261,-2.748,-1.15,-0.26,-1.15,-0.26,INF,-1,0,7,0
5680,1,1,-16.720,-2.979,-1.56,-0.28,-1.56,-0.28,INF,-1,0,7,0
5700,1,1,-13.798,-2.426,-1.29,-0.23,-1.29,-0.23,INF,-1,0,7,0
5720,1,1,-16.056,-4.188,-1.50,-0.39,-1.50,-0.39,INF,-1,0,7,0
5740,1,1,-14.485,-3.827,-1.35,-0.36,-1.35,-0.36,INF,-1,0,7,0
5760,1,1,-15.617,-3.821,-1.46,-0.36,-1.46,-0.36,INF,-1,0,7,0
5780,1,1,-14.833,-3.784,-1.39,-0.35,-1.39,-0.35,INF,-1,0,7,0
5800,1,1,-14.428,-4.604,-1.35,-0.43,-1.35,-0.43,INF,-1,1,7,0
5820,1,1,-13.755,-4.177,-1.29,-0.39,-1.29,-0.39,INF,-1,1,7,0
5840,1,1,-14.812,-5.573,-1.38,-0.52,-1.38,-0.52,INF,-1,1,7,0
5860,1,1,-15.114,-3.924,-1.41,-0.37,-1.41,-0.37,INF,-1,1,7,0
5880,1,1,-17.465,-5.488,-1.63,-0.51,-1.63,-0.51,INF,-1,1,7,0
5900,1,1,-13.624,-5.668,-1.27,-0.53,-1.27,-0.53,INF,-1,1,7,0
5920,1,1,-17.429,-3.636,-1.63,-0.34,-1.63,-0.34,INF,-1,1,7,0
5940,1,1,-12.680,-5.097,-1.19,-0.48,-1.18,-0.48,INF,-1,1,7,0
5960,1,1,-14.120,-10.231,-1.32,-0.96,-1.32,-0.96,INF,-1,1,7,0
5980,1,1,-16.222,-7.113,-1.52,-0.66,-1.52,-0.66,INF,-1,1,7,0
6000,1,1,-15.454,-9.412,-1.44,-0.88,-1.44,-0.88,INF,-1,1,7,0
6020,1,1,-14.603,-8.180,-1.36,-0.76,-1.36,-0.76,INF,-1,1,7,0
6040,1,1,-15.358,-10.109,-1.44,-0.94,-1.44,-0.94,INF,-1,1,7,0
6060,1,1,-15.658,-9.315,-1.46,-0.87,-1.46,-0.87,INF,-1,1,7,0
6080,1,1,-15.635,-9.925,-1.46,-0.93,-1.46,-0.93,INF,-1,1,7,0
6100,1,1,-14.017,-8.151,-1.31,-0.76,-1.31,-0.76,INF,-1,1,7,0
6120,1,1,-16.769,-6.545,-1.57,-0.61,-1.57,-0.61,INF,-1,1,7,0
6140,1,1,-16.951,-7.602,-1.58,-0.71,-1.58,-0.71,INF,-1,1,7,0
6160,1,1,-12.840,-7.959,-1.20,-0.74,-1.20,-0.74,INF,-1,1,7,0
6180,1,1,-13.298,-11.192,-1.24,-1.05,-1.24,-1.05,INF,-1,1,7,0
6200,1,1,-14.149,-9.424,-1.32,-0.88,-1.32,-0.88,INF,-1,1,7,0
6220,1,1,-14.961,-9.732,-1.40,-0.91,-1.40,-0.91,INF,-1,1,7,0
6240,1,1,-14.382,-7.710,-1.34,-0.72,-1.34,-0.72,INF,-1,1,7,0
6260,1,1,-14.435,-10.597,-1.35,-0.99,-1.35,-0.99,INF,-1,1,7,0
6280,1,1,-14.362,-8.433,-1.34,-0.79,-1.34,-0.79,INF,-1,1,7,0
6300,1,1,-16.056,-11.791,-1.50,-1.10,-1.50,-1.10,INF,-1,1,7,0
6320,1,1,-15.641,-8.638,-1.46,-0.81,-1.46,-0.81,INF,-1,1,7,0
6340,1,1,-15.432,-7.326,-1.44,-0.68,-1.44,-0.68,INF,-1,1,7,0
6360,1,1,-13.091,-11.766,-1.22,-1.10,-1.22,-1.10,INF,-1,1,7,0
6380,1,1,-14.003,-9.186,-1.31,-0.86,-1.31,-0.86,INF,-1,1,7,0
6400,1,1,-12.419,-9.124,-1.16,-0.85,-1.16,-0.85,INF,-1,1,7,0
6420,1,1,-13.911,-9.371,-1.30,-0.88,-1.30,-0.88,INF,-1,1,7,0
6440,1,1,-14.589,-7.884,-1.36,-0.74,-1.36,-0.74,INF,-1,1,7,0
6460,1,1,-15.222,-8.752,-1.42,-0.82,-1.42,-0.82,INF,-1,1,7,0
6480,1,1,-15.604,-10.044,-1.46,-0.94,-1.46,-0.94,INF,-1,1,7,0
6500,1,1,-14.891,-8.907,-1.39,-0.83,-1.39,-0.83,INF,-1,1,7,0
6520,1,1,-14.987,-11.258,-1.40,-1.05,-1.40,-1.05,INF,-1,1,7,0
6540,1,1,-15.076,-8.685,-1.41,-0.81,-1.41,-0.81,INF,-1,1,7,0
6560,1,1,-14.946,-9.919,-1.40,-0.93,-1.40,-0.93,INF,-1,1,7,0
6580,1,1,-15.119,-11.276,-1.41,-1.05,-1.41,-1.05,INF,-1,1,7,0
6600,1,1,-16.002,-10.535,-1.50,-0.98,-1.50,-0.98,INF,-1,1,7,0
6620,1,1,-14.101,-10.340,-1.32,-0.97,-1.32,-0.97,INF,-1,1,7,0
6640,1,1,-14.393,-8.668,-1.35,-0.81,-1.34,-0.81,INF,-1,1,7,0
6660,1,1,-11.599,-10.770,-1.08,-1.01,-1.08,-1.01,INF,-1,1,7,0
6680,1,1,-14.187,-9.629,-1.33,-0.90,-1.33,-0.90,INF,-1,1,7,0
6700,1,1,-15.812,-9.642,-1.48,-0.90,-1.48,-0.90,INF,-1,1,7,0
6720,1,1,-15.117,-10.291,-1.41,-0.96,-1.41,-0.96,INF,-1,1,7,0
6740,1,1,-14.460,-11.684,-1.35,-1.09,-1.35,-1.09,INF,-1,1,7,0
6760,1,1,-14.395,-9.692,-1.35,-0.91,-1.35,-0.91,INF,-1,1,7,0
6780,1,1,-14.476,-10.091,-1.35,-0.94,-1.35,-0.94,INF,-1,1,7,0
6800,1,1,-14.710,-11.018,-1.37,-1.03,-1.37,-1.03,INF,-1,1,7,0
6820,1,1,-15.236,-9.783,-1.42,-0.91,-1.42,-0.91,INF,-1,1,7,0
6840,1,1,-12.874,-11.729,-1.20,-1.10,-1.20,-1.10,INF,-1,1,7,0
6860,1,1,-14.944,-8.950,-1.40,-0.84,-1.40,-0.84,INF,-1,1,7,0
6880,1,1,-14.048,-9.355,-1.31,-0.87,-1.31,-0.87,INF,-1,1,7,0
6900,1,1,-13.234,-10.242,-1.24,-0.96,-1.24,-0.96,INF,-1,1,7,0
6920,1,1,-13.830,-8.610,-1.29,-0.80,-1.29,-0.80,INF,-1,1,7,0
6940,1,1,-8.903,-10.872,-0.83,-1.02,-0.83,-1.02,INF,-1,1,7,0
6960,1,1,0.727,-34.637,0.07,-3.23,0.07,-3.23,INF,-1,1,7,0
6980,0,1,0.000,0.000,0.00,0.00,0.00,0.00,0.00,-1,1,7,0
7000,0,1,0.000,0.000,0.00,0.00,0.00,0.00,0.00,-1,1,7,0
7020,0,1,0.000,0.000,0.00,0.00,0.00,0.00,0.00,-1,0,7,0
7040,0,1,0.000,0.000,0.00,0.00,0.00,0.00,0.00,-1,0,7,0
7060,0,1,0.000,0.000,0.00,0.00,0.00,0.00,0.00,-1,0,7,0
7080,0,1,0.000,0.000,0.00,0.00,0.00,0.00,0.00,-1,0,7,0
7100,0,1,0.000,0.000,0.00,0.00,0.00,0.00,0.00,-1,0,7,0
7120,1,1,-152.671,-225.276,-13.99,-19.63,-13.16,-20.18,INF,-1,0,7,0
7140,1,1,-162.777,-196.293,-14.87,-17.20,-14.19,-17.76,INF,-1,0,7,0
7160,0,1,0.000,0.000,0.00,0.00,0.00,0.00,0.00,-1,0,7,0
7180,0,1,0.000,0.000,0.00,0.00,0.00,0.00,0.00,-1,0,7,0
7200,0,1,0.000,0.000,0.00,0.00,0.00,0.00,0.00,-1,0,7,0
7220,1,1,-2.878,-8.939,-0.27,-0.84,-0.27,-0.84,INF,-1,0,7,0
7240,1,1,-3.013,-6.826,-0.28,-0.64,-0.28,-0.64,INF,-1,0,7,0
7260,1,1,-14.058,1.846,-1.31,0.17,-1.31,0.17,INF,-1,0,7,0
7280,1,1,-14.709,7.330,-1.37,0.68,-1.37,0.69,INF,-1,0,7,0
7300,1,1,-11.424,5.071,-1.07,0.47,-1.07,0.47,INF,-1,0,7,0
7320,1,1,-13.703,5.798,-1.28,0.54,-1.28,0.54,INF,-1,0,7,0
7340,1,1,-14.807,6.338,-1.38,0.59,-1.38,0.59,INF,-1,0,7,0
7360,1,1,-15.455,4.287,-1.44,0.40,-1.44,0.40,INF,-1,0,7,0
7380,1,1,-18.204,4.919,-1.70,0.46,-1.70,0.46,INF,-1,0,7,0
7400,1,1,-14.972,2.022,-1.40,0.19,-1.40,0.19,INF,-1,0,7,0
7420,1,1,-16.200,4.333,-1.51,0.40,-1.51,0.41,INF,-1,0,7,0
7440,1,1,-18.084,3.956,-1.69,0.37,-1.69,0.37,INF,-1,0,7,0
7460,1,1,-14.850,4.144,-1.39,0.39,-1.39,0.39,INF,-1,0,7,0
7480,1,1,-15.336,2.504,-1.43,0.23,-1.43,0.23,INF,-1,0,7,0
7500,1,1,-14.999,4.095,-1.40,0.38,-1.40,0.38,INF,-1,0,7,0
7520,1,1,-16.087,3.527,-1.50,0.33,-1.50,0.33,INF,-1,1,7,0
7540,1,1,-18.338,3.358,-1.71,0.31,-1.71,0.31,INF,-1,1,7,0
7560,1,1,-16.217,5.549,-1.52,0.52,-1.52,0.52,INF,-1,1,7,0
7580,1,1,-15.180,3.768,-1.42,0.35,-1.42,0.35,INF,-1,1,7,0
7600,1,1,-16.872,4.869,-1.58,0.45,-1.58,0.46,INF,-1,1,7,0
7620,1,1,-17.114,3.507,-1.60,0.33,-1.60,0.33,INF,-1,1,7,0
7640,1,1,-17.635,4.861,-1.65,0.45,-1.65,0.45,INF,-1,1,7,0
7660,1,1,-16.788,2.541,-1.57,0.24,-1.57,0.24,INF,-1,1,7,0
7680,1,1,-16.349,4.532,-1.53,0.42,-1.53,0.42,INF,-1,1,7,0
7700,1,1,-16.296,4.341,-1.52,0.41,-1.52,0.41,INF,-1,1,7,0
7720,1,1,-14.797,4.194,-1.38,0.39,-1.38,0.39,INF,-1,1,7,0
7740,1,1,-18.346,2.557,-1.71,0.24,-1.71,0.24,INF,-1,1,7,0
7760,1,1,-16.940,2.870,-1.58,0.27,-1.58,0.27,INF,-1,1,7,0
7780,1,1,-16.499,2.701,-1.54,0.25,-1.54,0.25,INF,-1,1,7,0
7800,1,1,-12.233,3.837,-1.14,0.36,-1.14,0.36,INF,-1,1,7,0
7820,1,1,-16.218,0.302,-1.52,0.03,-1.52,0.03,INF,-1,1,7,0
7840,1,1,-14.700,3.126,-1.37,0.29,-1.37,0.29,INF,-1,1,7,0
7860,1,1,-14.477,2.215,-1.35,0.21,-1.35,0.21,INF,-1,1,7,0
7880,1,1,-15.135,2.141,-1.41,0.20,-1.41,0.20,INF,-1,1,7,0
7900,1,1,-16.199,3.119,-1.51,0.29,-1.51,0.29,INF,-1,1,7,0
7920,1,1,-14.727,1.875,-1.38,0.18,-1.38,0.18,INF,-1,1,7,0
7940,1,1,-14.219,0.342,-1.33,0.03,-1.33,0.03,INF,-1,1,7,0
7960,1,1,-14.269,0.728,-1.33,0.07,-1.33,0.07,INF,-1,1,7,0
7980,1,1,-16.263,1.525,-1.52,0.14,-1.52,0.14,INF,-1,1,7,0
8000,1,1,-15.288,3.769,-1.43,0.35,-1.43,0.35,INF,-1,1,7,0
8020,1,1,-15.431,0.124,-1.44,0.01,-1.44,0.01,INF,-1,1,7,0
8040,1,1,-14.965,3.214,-1.40,0.30,-1.40,0.30,INF,-1,1,7,0
8060,1,1,-15.005,3.192,-1.40,0.30,-1.40,0.30,INF,-1,1,7,0
8080,1,1,-15.073,1.173,-1.41,0.11,-1.41,0.11,INF,-1,1,7,0
8100,1,1,-16.302,1.336,-1.52,0.12,-1.52,0.12,INF,-1,1,7,0
8120,1,1,-15.011,1.566,-1.40,0.15,-1.40,0.15,INF,-1,1,7,0
8140,1,1,-13.562,0.225,-1.27,0.02,-1.27,0.02,INF,-1,1,7,0
8160,1,1,-14.238,1.091,-1.33,0.10,-1.33,0.10,INF,-1,1,7,0
8180,1,1,-13.358,2.118,-1.25,0.20,-1.25,0.20,INF,-1,1,7,0
8200,1,1,-13.039,0.038,-1.22,0.00,-1.22,0.00,INF,-1,1,7,0
8220,1,1,-15.293,1.558,-1.43,0.15,-1.43,0.15,INF,-1,1,7,0
8240,1,1,-16.227,1.842,-1.52,0.17,-1.52,0.17,INF,-1,1,7,0
8260,1,1,-14.592,2.766,-1.36,0.26,-1.36,0.26,INF,-1,1,7,0
8280,1,1,-0.330,-3.489,-0.03,-0.33,-0.03,-0.33,INF,-1,1,7,0
8300,1,1,25.132,-21.482,2.35,-2.01,2.35,-2.01,INF,-1,1,7,0
8320,1,1,25.191,-19.852,2.35,-1.85,2.35,-1.85,INF,-1,0,7,0
8340,1,1,23.767,-18.871,2.22,-1.76,2.22,-1.76,INF,-1,0,7,0
8360,1,1,27.717,-19.226,2.59,-1.79,2.59,-1.80,INF,-1,0,7,0
8380,1,1,25.593,-19.449,2.39,-1.82,2.39,-1.82,INF,-1,0,7,0
8400,1,1,26.677,-20.705,2.49,-1.93,2.49,-1.93,INF,-1,0,7,0
8420,1,1,26.424,-20.097,2.47,-1.88,2.47,-1.88,INF,-1,0,7,0
8440,1,1,25.964,-18.551,2.43,-1.73,2.42,-1.73,INF,-1,0,7,0
8460,1,1,26.201,-19.091,2.45,-1.78,2.45,-1.78,INF,-1,0,7,0
8480,1,1,25.542,-19.435,2.39,-1.81,2.38,-1.82,INF,-1,0,7,0
8500,1,1,23.655,-20.745,2.21,-1.94,2.21,-1.94,INF,-1,0,7,0
8520,1,1,24.603,-20.229,2.30,-1.89,2.30,-1.89,INF,-1,0,7,0
8540,1,1,23.854,-19.594,2.23,-1.83,2.23,-1.83,INF,-1,0,7,0
8560,1,1,27.370,-19.999,2.56,-1.87,2.56,-1.87,INF,-1,0,7,0
8580,1,1,23.593,-19.477,2.20,-1.82,2.20,-1.82,INF,-1,1,7,0
8600,1,1,23.950,-21.035,2.24,-1.96,2.24,-1.97,INF,-1,1,7,0
8620,1,1,24.552,-21.674,2.29,-2.02,2.29,-2.02,INF,-1,1,7,0
8640,1,1,24.913,-24.567,2.33,-2.29,2.33,-2.29,INF,-1,1,7,0
8660,1,1,21.769,-41.379,2.03,-3.86,2.03,-3.86,INF,-1,1,7,0
8680,1,1,25.780,-43.030,2.41,-4.01,2.40,-4.02,INF,-1,1,7,0
8700,1,1,25.373,-41.917,2.37,-3.91,2.36,-3.91,INF,-1,0,7,0
8720,1,1,26.806,-43.658,2.50,-4.07,2.50,-4.07,INF,-1,0,7,0
8740,1,1,23.963,-44.492,2.24,-4.15,2.23,-4.15,INF,-1,0,7,0
8760,1,1,23.984,-43.651,2.24,-4.07,2.23,-4.07,INF,-1,0,7,0
8780,1,1,26.244,-42.362,2.45,-3.95,2.45,-3.95,INF,-1,0,7,0
8800,1,1,27.880,-46.072,2.60,-4.29,2.60,-4.30,INF,-1,0,7,0
8820,1,1,26.000,-43.874,2.43,-4.09,2.42,-4.09,INF,-1,0,7,0
8840,1,1,24.229,-45.336,2.26,-4.23,2.26,-4.23,INF,-1,0,7,0
8860,1,1,24.654,-44.358,2.30,-4.14,2.30,-4.14,INF,-1,0,7,0
8880,1,1,25.809,-46.888,2.41,-4.37,2.40,-4.37,INF,-1,0,7,0
8900,1,1,24.323,-45.939,2.27,-4.28,2.27,-4.29,INF,-1,0,7,0
8920,1,1,23.161,-46.184,2.16,-4.31,2.16,-4.31,INF,-1,0,7,0
8940,1,1,10.842,-46.009,1.01,-4.29,1.01,-4.29,INF,-1,1,7,0
8960,1,1,13.069,-47.694,1.22,-4.45,1.22,-4.45,INF,-1,1,7,0
8980,1,1,13.957,-47.631,1.30,-4.44,1.30,-4.44,INF,-1,0,7,0
9000,1,1,11.510,-46.937,1.08,-4.38,1.07,-4.38,INF,-1,0,7,0
9020,1,1,11.178,-46.904,1.04,-4.37,1.04,-4.38,INF,-1,0,7,0
9040,1,1,10.839,-46.052,1.01,-4.30,1.01,-4.30,INF,-1,0,7,0
9060,1,1,12.485,-47.997,1.17,-4.48,1.16,-4.48,INF,-1,0,7,0
9080,1,1,13.472,-47.864,1.26,-4.46,1.26,-4.46,INF,-1,0,7,0
9100,1,1,13.868,-47.410,1.30,-4.42,1.29,-4.42,INF,-1,0,7,0
9120,1,1,4.569,-46.823,0.43,-4.37,0.43,-4.37,INF,-1,0,7,0
9140,1,1,-11.840,-51.340,-1.11,-4.79,-1.10,-4.79,INF,-1,0,7,0
9160,1,1,-12.999,-53.344,-1.21,-4.97,-1.21,-4.97,INF,-1,0,7,0
9180,1,1,-12.935,-56.615,-1.21,-5.28,-1.20,-5.28,INF,-1,0,7,0
9200,1,1,-14.222,-55.415,-1.33,-5.16,-1.32,-5.17,INF,-1,0,7,0
9220,1,1,-13.492,-53.637,-1.26,-5.00,-1.26,-5.00,INF,-1,0,7,0
9240,1,1,-15.495,-49.289,-1.45,-4.60,-1.44,-4.60,INF,-1,0,7,0
9260,1,1,-14.034,-53.760,-1.31,-5.01,-1.31,-5.01,INF,-1,0,7,0
9280,1,1,-14.401,-52.932,-1.35,-4.93,-1.34,-4.94,INF,-1,0,7,0
9300,1,1,-13.164,-52.926,-1.23,-4.93,-1.23,-4.93,INF,-1,0,7,0
9320,1,1,-16.224,-52.454,-1.52,-4.89,-1.51,-4.89,INF,-1,1,7,0
9340,1,1,-27.373,-50.589,-2.56,-4.71,-2.55,-4.72,INF,-1,1,7,0
9360,1,1,-25.512,-52.821,-2.38,-4.92,-2.37,-4.92,INF,-1,0,7,0
9380,1,1,-25.585,-51.274,-2.39,-4.78,-2.38,-4.78,INF,-1,0,7,0
9400,1,1,-28.634,-47.823,-2.67,-4.46,-2.67,-4.46,INF,-1,0,7,0
9420,1,1,-27.004,-50.537,-2.52,-4.71,-2.51,-4.71,INF,-1,0,7,0
9440,1,1,-26.613,-52.632,-2.49,-4.90,-2.48,-4.91,INF,-1,0,7,0
9460,1,1,-27.025,-50.765,-2.52,-4.73,-2.52,-4.73,INF,-1,0,7,0
9480,1,1,-26.483,-51.574,-2.47,-4.80,-2.47,-4.81,INF,-1,0,7,0
9500,1,1,-26.924,-51.132,-2.51,-4.76,-2.51,-4.77,INF,-1,0,7,0
9520,1,1,-26.443,-51.522,-2.47,-4.80,-2.46,-4.80,INF,-1,0,7,0
9540,1,1,-26.532,-51.004,-2.48,-4.75,-2.47,-4.76,INF,-1,0,7,0
9560,1,1,-28.255,-50.345,-2.64,-4.69,-2.63,-4.70,INF,-1,0,7,0
9580,1,1,-25.985,-52.239,-2.43,-4.87,-2.42,-4.87,INF,-1,0,7,0
9600,1,1,-28.747,-50.542,-2.68,-4.71,-2.68,-4.71,INF,-1,0,7,0
9620,1,1,-27.483,-51.039,-2.57,-4.75,-2.56,-4.76,INF,-1,1,7,0
9640,1,1,-24.575,-51.875,-2.30,-4.83,-2.29,-4.84,INF,-1,1,7,0
9660,1,1,-28.226,-51.521,-2.64,-4.80,-2.63,-4.80,INF,-1,1,7,0
9680,1,1,-26.630,-51.565,-2.49,-4.80,-2.48,-4.81,INF,-1,1,7,0
9700,1,1,-31.245,-49.949,-2.92,-4.65,-2.91,-4.66,INF,-1,1,7,0
9720,1,1,-43.715,-48.125,-4.08,-4.48,-4.07,-4.49,INF,-1,1,7,0
9740,1,1,-49.404,-52.086,-4.61,-4.84,-4.59,-4.86,INF,-1,1,7,0
9760,0,1,0.000,0.000,0.00,0.00,0.00,0.00,0.00,-1,1,7,0
9780,1,1,-106.499,-252.201,-9.86,-22.07,-9.13,-22.36,INF,-1,1,7,0
9800,0,1,0.000,0.000,0.00,0.00,0.00,0.00,0.00,-1,0,7,0
9820,0,1,0.000,0.000,0.00,0.00,0.00,0.00,0.00,-1,0,7,0
9840,0,1,0.000,0.000,0.00,0.00,0.00,0.00,INF,-1,0,7,0
9860,0,1,0.000,0.000,0.00,0.00,0.00,0.00,0.00,-1,0,7,0
9880,0,1,0.000,0.000,0.00,0.00,0.00,0.00,0.00,-1,0,7,0
9900,0,1,0.000,0.000,0.00,0.00,0.00,0.00,0.00,-1,0,7,0
9920,0,1,0.000,0.000,0.00,0.00,0.00,0.00,0.00,-1,0,7,0
9940,0,1,0.000,0.000,0.00,0.00,0.00,0.00,0.00,-1,0,7,0
9960,0,1,0.000,0.000,0.00,0.00,0.00,0.00,INF,-1,0,7,0
9980,0,1,0.000,0.000,0.00,0.00,0.00,0.00,0.00,-1,0,7,0
10000,1,1,-142.500,-129.079,-13.09,-11.59,-12.82,-11.89,INF,-1,0,7,0
10020,1,1,-71.848,-75.769,-6.68,-7.00,-6.63,-7.05,INF,-1,0,7,0
10040,1,1,-54.588,-41.232,-5.09,-3.83,-5.08,-3.85,INF,-1,0,7,0
10060,1,1,-50.218,-27.425,-4.68,-2.55,-4.68,-2.56,INF,-1,0,7,0
10080,1,1,-55.197,-33.000,-5.15,-3.07,-5.14,-3.08,INF,-1,0,7,0
10100,1,1,-52.893,-25.591,-4.93,-2.38,-4.93,-2.39,INF,-1,0,7,0
10120,1,1,-61.287,-37.017,-5.71,-3.44,-5.70,-3.46,INF,-1,0,7,0
10140,1,1,-59.338,-33.904,-5.53,-3.15,-5.52,-3.17,INF,-1,0,7,0
10160,1,1,-60.011,-38.160,-5.59,-3.55,-5.58,-3.56,INF,-1,0,7,0
10180,1,1,-60.289,-37.208,-5.62,-3.46,-5.61,-3.47,INF,-1,0,7,0
10200,1,1,-60.345,-36.242,-5.62,-3.37,-5.61,-3.38,INF,-1,0,7,0
10220,1,1,-60.716,-38.825,-5.66,-3.61,-5.65,-3.62,INF,-1,0,7,0
10240,1,1,-60.010,-35.202,-5.59,-3.27,-5.58,-3.29,INF,-1,0,7,0
10260,1,1,-60.178,-38.197,-5.61,-3.55,-5.60,-3.57,INF,-1,0,7,0
10280,1,1,-62.046,-36.236,-5.78,-3.37,-5.77,-3.38,INF,-1,0,7,0
10300,1,1,-19.215,-36.211,-1.80,-3.38,-1.79,-3.38,INF,-1,1,7,0
10320,1,1,33.589,-42.086,3.14,-3.92,3.13,-3.93,INF,-1,1,7,0
10340,1,1,35.478,-43.439,3.31,-4.05,3.30,-4.05,INF,-1,0,7,0
10360,1,1,41.441,-42.311,3.87,-3.94,3.86,-3.95,INF,-1,0,7,0
10380,1,1,41.628,-43.389,3.88,-4.04,3.88,-4.05,INF,-1,0,7,0
10400,1,1,40.540,-43.073,3.78,-4.01,3.77,-4.02,INF,-1,0,7,0
10420,1,1,38.246,-42.849,3.57,-3.99,3.56,-4.00,INF,-1,0,7,0
10440,1,1,41.141,-44.851,3.84,-4.18,3.83,-4.18,INF,-1,0,7,0
10460,1,1,44.277,-44.850,4.13,-4.17,4.12,-4.18,INF,-1,0,7,0
10480,1,1,41.048,-44.256,3.83,-4.12,3.82,-4.13,INF,-1,0,7,0
10500,1,1,42.316,-44.598,3.95,-4.15,3.94,-4.16,INF,-1,0,7,0
10520,1,1,41.504,-43.691,3.87,-4.07,3.86,-4.08,INF,-1,0,7,0
10540,1,1,36.651,-43.981,3.42,-4.10,3.41,-4.10,INF,-1,0,7,0
10560,1,1,39.419,-45.777,3.68,-4.26,3.67,-4.27,INF,-1,0,7,0
10580,1,1,40.593,-45.135,3.79,-4.20,3.78,-4.21,INF,-1,0,7,0
10600,1,1,38.172,-44.652,3.56,-4.16,3.55,-4.17,INF,-1,1,7,0
10620,1,1,39.754,-45.749,3.71,-4.26,3.70,-4.27,INF,-1,1,7,0
10640,1,1,39.757,-34.488,3.71,-3.21,3.70,-3.22,INF,-1,1,7,0
10660,1,1,35.306,5.936,3.30,0.55,3.30,0.55,INF,-1,1,7,0
10680,1,1,28.241,24.195,2.64,2.26,2.64,2.26,INF,-1,1,7,0
10700,1,1,32.634,22.239,3.05,2.07,3.05,2.08,INF,-1,0,7,0
10720,1,1,31.284,25.314,2.92,2.36,2.92,2.36,INF,-1,0,7,0
10740,1,1,33.503,23.770,3.13,2.22,3.13,2.22,INF,-1,0,7,0
10760,1,1,31.919,22.181,2.98,2.07,2.98,2.07,INF,-1,0,7,0
10780,1,1,33.736,24.499,3.15,2.29,3.15,2.29,INF,-1,0,7,0
10800,1,1,33.241,22.006,3.10,2.05,3.10,2.06,INF,-1,0,7,0
10820,1,1,31.947,22.768,2.98,2.12,2.98,2.13,INF,-1,0,7,0
10840,1,1,33.775,24.904,3.15,2.32,3.15,2.33,INF,-1,0,7,0
10860,1,1,30.895,23.535,2.89,2.20,2.88,2.20,INF,-1,0,7,0
10880,1,1,32.066,23.421,2.99,2.19,2.99,2.19,INF,-1,0,7,0
10900,1,1,36.762,19.404,3.43,1.81,3.43,1.81,INF,-1,0,7,0
10920,1,1,33.595,19.132,3.14,1.79,3.14,1.79,INF,-1,0,7,0
10940,1,1,34.835,22.613,3.25,2.11,3.25,2.11,INF,-1,0,7,0
10960,1,1,36.290,21.898,3.39,2.04,3.39,2.05,INF,-1,1,7,0
10980,1,1,33.516,23.330,3.13,2.18,3.13,2.18,INF,-1,1,7,0
11000,1,1,31.607,19.384,2.95,1.81,2.95,1.81,INF,-1,1,7,0
11020,1,1,16.740,15.557,1.56,1.45,1.56,1.45,INF,-1,1,7,0
11040,1,1,14.010,14.647,1.31,1.37,1.31,1.37,INF,-1,1,7,0
11060,1,1,12.987,15.871,1.21,1.48,1.21,1.48,INF,-1,0,7,0
11080,1,1,12.572,12.776,1.17,1.19,1.17,1.19,INF,-1,0,7,0
11100,1,1,13.387,14.449,1.25,1.35,1.25,1.35,INF,-1,0,7,0
11120,1,1,11.103,13.827,1.04,1.29,1.04,1.29,INF,-1,0,7,0
11140,1,1,13.444,14.952,1.26,1.40,1.26,1.40,INF,-1,0,7,0
11160,1,1,13.783,12.335,1.29,1.15,1.29,1.15,INF,-1,0,7,0
11180,1,1,15.445,13.012,1.44,1.22,1.44,1.22,INF,-1,0,7,0
11200,1,1,9.693,11.138,0.91,1.04,0.91,1.04,INF,-1,0,7,0
11220,1,1,-12.305,12.318,-1.15,1.15,-1.15,1.15,INF,-1,0,7,0
11240,1,1,-10.002,11.004,-0.93,1.03,-0.93,1.03,INF,-1,0,7,0
11260,1,1,-11.069,13.567,-1.03,1.27,-1.03,1.27,INF,-1,0,7,0
11280,1,1,-9.145,11.318,-0.85,1.06,-0.85,1.06,INF,-1,0,7,0
11300,1,1,-11.105,11.341,-1.04,1.06,-1.04,1.06,INF,-1,0,7,0
11320,1,1,-10.816,14.438,-1.01,1.35,-1.01,1.35,INF,-1,0,7,0
11340,1,1,-11.698,12.463,-1.09,1.16,-1.09,1.16,INF,-1,0,7,0
11360,1,1,-12.822,10.686,-1.20,1.00,-1.20,1.00,INF,-1,0,7,0
11380,1,1,-12.039,14.982,-1.13,1.40,-1.12,1.40,INF,-1,0,7,0
11400,1,1,-12.069,10.084,-1.13,0.94,-1.13,0.94,INF,-1,1,7,0
11420,1,1,-12.245,11.230,-1.14,1.05,-1.14,1.05,INF,-1,1,7,0
11440,1,1,-12.253,12.351,-1.15,1.15,-1.14,1.15,INF,-1,1,7,0
11460,1,1,-12.043,11.245,-1.13,1.05,-1.13,1.05,INF,-1,1,7,0
11480,1,1,-13.635,11.751,-1.27,1.10,-1.27,1.10,INF,-1,1,7,0
11500,1,1,-12.794,12.987,-1.20,1.21,-1.20,1.21,INF,-1,1,7,0
11520,1,1,-11.797,11.323,-1.10,1.06,-1.10,1.06,INF,-1,1,7,0
11540,1,1,-11.727,12.521,-1.10,1.17,-1.10,1.17,INF,-1,1,7,0
11560,1,1,-13.190,11.165,-1.23,1.04,-1.23,1.04,INF,-1,1,7,0
11580,1,1,-14.234,12.148,-1.33,1.14,-1.33,1.14,INF,-1,1,7,0
11600,1,1,-13.814,11.726,-1.29,1.10,-1.29,1.10,INF,-1,1,7,0
11620,1,1,-15.013,12.198,-1.40,1.14,-1.40,1.14,INF,-1,0,7,0
11640,1,1,-13.096,13.122,-1.22,1.23,-1.22,1.23,INF,-1,0,7,0
11660,1,1,-16.183,13.426,-1.51,1.25,-1.51,1.25,INF,-1,0,7,0
11680,1,1,-13.649,12.206,-1.28,1.14,-1.28,1.14,INF,-1,0,7,0
11700,1,1,-11.758,13.476,-1.10,1.26,-1.10,1.26,INF,-1,0,7,0
11720,1,1,-13.239,11.575,-1.24,1.08,-1.24,1.08,INF,-1,0,7,0
11740,1,1,-11.875,10.519,-1.11,0.98,-1.11,0.98,INF,-1,0,7,0
11760,1,1,-13.604,11.454,-1.27,1.07,-1.27,1.07,INF,-1,0,7,0
11780,1,1,-8.296,7.778,-0.78,0.73,-0.78,0.73,INF,-1,0,7,0
11800,1,1,11.719,-1.937,1.10,-0.18,1.10,-0.18,INF,-1,0,7,0
11820,1,1,19.575,-12.623,1.83,-1.18,1.83,-1.18,INF,-1,0,7,0
11840,1,1,18.899,-9.168,1.77,-0.86,1.77,-0.86,INF,-1,0,7,0
11860,1,1,20.476,-11.346,1.91,-1.06,1.91,-1.06,INF,-1,0,7,0
11880,1,1,19.707,-11.825,1.84,-1.10,1.84,-1.11,INF,-1,0,7,0
11900,1,1,19.717,-12.830,1.84,-1.20,1.84,-1.20,INF,-1,0,7,0
11920,1,1,19.281,-9.840,1.80,-0.92,1.80,-0.92,INF,-1,0,7,0
11940,1,1,21.529,-10.916,2.01,-1.02,2.01,-1.02,INF,-1,0,7,0
11960,1,1,21.347,-11.510,1.99,-1.08,1.99,-1.08,INF,-1,0,7,0
11980,1,1,21.261,-11.356,1.99,-1.06,1.99,-1.06,INF,-1,0,7,0
12000,1,1,16.839,-10.568,1.57,-0.99,1.57,-0.99,INF,-1,0,7,0
12020,1,1,21.314,-12.058,1.99,-1.13,1.99,-1.13,INF,-1,1,7,0
12040,1,1,19.043,-12.238,1.78,-1.14,1.78,-1.14,INF,-1,1,7,0
12060,1,1,19.188,-11.041,1.79,-1.03,1.79,-1.03,INF,-1,1,7,0
12080,1,1,22.469,-11.864,2.10,-1.11,2.10,-1.11,INF,-1,1,7,0
12100,1,1,20.277,-11.599,1.89,-1.08,1.89,-1.08,INF,-1,1,7,0
12120,1,1,16.953,-10.541,1.58,-0.98,1.58,-0.99,INF,-1,1,7,0
12140,1,1,17.046,-13.226,1.59,-1.24,1.59,-1.24,INF,-1,1,7,0
12160,1,1,21.868,-10.349,2.04,-0.97,2.04,-0.97,INF,-1,1,7,0
12180,1,1,19.299,-12.053,1.80,-1.13,1.80,-1.13,INF,-1,1,7,0
12200,1,1,20.924,-12.880,1.95,-1.20,1.95,-1.20,INF,-1,1,7,0
12220,1,1,21.198,-12.773,1.98,-1.19,1.98,-1.19,INF,-1,1,7,0
12240,1,1,21.824,-12.235,2.04,-1.14,2.04,-1.14,INF,-1,0,7,0
12260,1,1,20.083,-14.672,1.88,-1.37,1.88,-1.37,INF,-1,0,7,0
12280,1,1,22.822,-17.791,2.13,-1.66,2.13,-1.66,INF,-1,0,7,0
12300,1,1,26.380,-25.341,2.46,-2.37,2.46,-2.37,INF,-1,0,7,0
12320,1,1,28.003,-28.115,2.62,-2.62,2.61,-2.63,INF,-1,0,7,0
12340,0,1,0.000,0.000,0.00,0.00,0.00,0.00,0.00,-1,0,7,0
12360,0,1,0.000,0.000,0.00,0.00,0.00,0.00,0.00,-1,0,7,0
12380,1,1,134.961,-119.654,12.42,-10.79,12.19,-11.04,INF,-1,0,7,0
12400,0,1,0.000,0.000,0.00,0.00,0.00,0.00,0.00,-1,0,7,0
12420,1,1,127.638,-194.594,11.76,-17.26,11.23,-17.61,INF,-1,0,7,0
12440,1,1,125.063,-124.510,11.53,-11.26,11.31,-11.48,INF,-1,0,7,0
12460,1,1,54.458,-73.809,5.08,-6.84,5.04,-6.87,INF,-1,0,7,0
12480,0,1,0.000,0.000,0.00,0.00,0.00,0.00,0.00,-1,0,7,0
12500,1,1,44.507,-58.821,4.15,-5.47,4.13,-5.48,INF,-1,0,7,0
12520,1,1,36.792,-47.945,3.43,-4.46,3.42,-4.47,INF,-1,0,7,0
12540,0,1,0.000,0.000,0.00,0.00,0.00,0.00,0.00,-1,0,7,0
12560,1,1,36.863,-50.011,3.44,-4.66,3.43,-4.66,INF,-1,0,7,0
12580,1,1,33.603,-40.267,3.14,-3.75,3.13,-3.76,INF,-1,0,7,0
12600,1,1,34.613,-41.237,3.23,-3.84,3.22,-3.85,INF,-1,0,7,0
12620,1,1,33.384,-41.418,3.12,-3.86,3.11,-3.87,INF,-1,0,7,0
12640,0,1,0.000,0.000,0.00,0.00,0.00,0.00,0.00,-1,0,7,0
12660,1,1,44.969,-72.765,4.20,-6.75,4.17,-6.77,INF,-1,0,7,0
12680,1,1,80.621,-113.950,7.49,-10.44,7.37,-10.53,INF,-1,0,7,0
12700,0,1,0.000,0.000,0.00,0.00,0.00,0.00,0.00,-1,0,7,0
12720,1,1,260.365,-119.670,23.01,-10.19,22.63,-11.05,INF,-1,0,7,0
12740,0,1,0.000,0.000,0.00,0.00,0.00,0.00,0.00,-1,0,7,0
12760,0,1,0.000,0.000,0.00,0.00,0.00,0.00,INF,-1,0,7,0
12780,0,1,0.000,0.000,0.00,0.00,0.00,0.00,0.00,-1,0,7,0
12800,0,1,0.000,0.000,0.00,0.00,0.00,0.00,INF,-1,0,7,0
12820,0,1,0.000,0.000,0.00,0.00,0.00,0.00,0.00,-1,0,7,0
12840,0,1,0.000,0.000,0.00,0.00,0.00,0.00,0.00,-1,0,7,0
12860,0,1,0.000,0.000,0.00,0.00,0.00,0.00,0.00,-1,0,7,0
12880,0,1,0.000,0.000,0.00,0.00,0.00,0.00,0.00,-1,0,7,0
12900,0,1,0.000,0.000,0.00,0.00,0.00,0.00,0.00,-1,0,7,0
12920,0,1,0.000,0.000,0.00,0.00,0.00,0.00,0.00,-1,0,7,0
12940,0,1,0.000,0.000,0.00,0.00,0.00,0.00,0.00,-1,0,7,0
12960,0,1,0.000,0.000,0.00,0.00,0.00,0.00,0.00,-1,0,7,0
12980,0,1,0.000,0.000,0.00,0.00,0.00,0.00,0.00,-1,0,7,0
13000,0,1,0.000,0.000,0.00,0.00,0.00,0.00,0.00,-1,0,7,0
13020,0,1,0.000,0.000,0.00,0.00,0.00,0.00,0.00,-1,0,7,0
13040,0,1,0.000,0.000,0.00,0.00,0.00,0.00,0.00,-1,0,7,0
13060,0,1,0.000,0.000,0.00,0.00,0.00,0.00,0.00,-1,0,7,0
13080,0,1,0.000,0.000,0.00,0.00,0.00,0.00,0.00,-1,0,7,0
13100,0,1,0.000,0.000,0.00,0.00,0.00,0.00,0.00,-1,0,7,0
13120,0,1,0.000,0.000,0.00,0.00,0.00,0.00,0.00,-1,0,7,0
13140,0,1,0.000,0.000,0.00,0.00,0.00,0.00,0.00,-1,0,7,0
13160,0,1,0.000,0.000,0.00,0.00,0.00,0.00,0.00,-1,0,7,0
13180,0,1,0.000,0.000,0.00,0.00,0.00,0.00,0.00,-1,0,7,0
13200,1,1,41.808,-30.394,3.90,-2.83,3.90,-2.84,INF,-1,0,7,0
13220,1,1,54.482,-31.734,5.08,-2.95,5.07,-2.96,INF,-1,0,7,0
13240,1,1,51.614,-32.750,4.81,-3.05,4.81,-3.06,INF,-1,0,7,0
13260,1,1,53.999,-34.093,5.03,-3.17,5.03,-3.18,INF,-1,0,7,0
13280,1,1,53.584,-36.307,5.00,-3.38,4.99,-3.39,INF,-1,0,7,0
13300,1,1,53.608,-34.498,5.00,-3.21,4.99,-3.22,INF,-1,0,7,0
13320,1,1,54.215,-33.830,5.05,-3.15,5.05,-3.16,INF,-1,0,7,0
13340,1,1,55.774,-35.549,5.20,-3.31,5.19,-3.32,INF,-1,0,7,0
13360,1,1,54.111,-35.428,5.04,-3.29,5.04,-3.31,INF,-1,0,7,0
13380,1,1,55.172,-38.221,5.14,-3.55,5.13,-3.57,INF,-1,0,7,0
13400,1,1,15.422,-6.795,1.44,-0.63,1.44,-0.64,INF,-1,0,7,0
13420,1,1,-11.595,13.123,-1.08,1.23,-1.08,1.23,INF,-1,0,7,0
13440,1,1,-11.006,17.918,-1.03,1.67,-1.03,1.67,INF,-1,0,7,0
13460,1,1,-11.328,18.136,-1.06,1.69,-1.06,1.69,INF,-1,0,7,0
13480,1,1,-9.087,15.859,-0.85,1.48,-0.85,1.48,INF,-1,0,7,0
13500,1,1,-7.682,15.443,-0.72,1.44,-0.72,1.44,INF,-1,0,7,0
13520,1,1,-7.693,17.578,-0.72,1.64,-0.72,1.64,INF,-1,0,7,0
13540,1,1,-11.511,19.646,-1.08,1.84,-1.08,1.84,INF,-1,0,7,0
13560,1,1,-11.257,18.108,-1.05,1.69,-1.05,1.69,INF,-1,0,7,0
13580,1,1,-7.694,17.558,-0.72,1.64,-0.72,1.64,INF,-1,0,7,0
13600,1,1,-14.314,17.383,-1.34,1.62,-1.34,1.62,INF,-1,0,7,0
13620,1,1,-13.706,16.292,-1.28,1.52,-1.28,1.52,INF,-1,0,7,0
13640,1,1,-10.195,16.392,-0.95,1.53,-0.95,1.53,INF,-1,0,7,0
13660,1,1,-11.966,17.007,-1.12,1.59,-1.12,1.59,INF,-1,0,7,0
13680,1,1,-9.985,15.354,-0.93,1.43,-0.93,1.43,INF,-1,1,7,0
13700,1,1,-18.618,14.045,-1.74,1.31,-1.74,1.31,INF,-1,1,7,0
13720,1,1,-14.849,14.425,-1.39,1.35,-1.39,1.35,INF,-1,1,7,0
13740,1,1,-18.024,13.963,-1.68,1.30,-1.68,1.30,INF,-1,1,7,0
13760,1,1,-19.451,15.013,-1.82,1.40,-1.82,1.40,INF,-1,1,7,0
13780,1,1,-17.238,15.107,-1.61,1.41,-1.61,1.41,INF,-1,1,7,0
13800,1,1,-18.047,12.843,-1.69,1.20,-1.69,1.20,INF,-1,1,7,0
13820,1,1,-19.384,12.630,-1.81,1.18,-1.81,1.18,INF,-1,1,7,0
13840,1,1,-18.231,11.318,-1.70,1.06,-1.70,1.06,INF,-1,1,7,0
13860,1,1,-18.920,16.031,-1.77,1.50,-1.77,1.50,INF,-1,0,7,0
13880,1,1,-15.333,12.206,-1.43,1.14,-1.43,1.14,INF,-1,0,7,0
13900,1,1,-15.938,10.676,-1.49,1.00,-1.49,1.00,INF,-1,0,7,0
13920,1,1,-19.184,10.931,-1.79,1.02,-1.79,1.02,INF,-1,0,7,0
13940,1,1,-16.820,11.457,-1.57,1.07,-1.57,1.07,INF,-1,0,7,0
13960,1,1,-17.812,10.398,-1.66,0.97,-1.66,0.97,INF,-1,0,7,0
13980,1,1,-14.566,10.346,-1.36,0.97,-1.36,0.97,INF,-1,0,7,0
14000,1,1,-16.454,9.299,-1.54,0.87,-1.54,0.87,INF,-1,0,7,0
14020,1,1,-18.170,8.782,-1.70,0.82,-1.70,0.82,INF,-1,0,7,0
14040,1,1,-16.404,6.794,-1.53,0.63,-1.53,0.63,INF,-1,0,7,0
14060,1,1,-17.514,7.785,-1.64,0.73,-1.64,0.73,INF,-1,0,7,0
14080,1,1,-20.208,7.399,-1.89,0.69,-1.89,0.69,INF,-1,0,7,0
14100,1,1,-16.746,5.061,-1.56,0.47,-1.56,0.47,INF,-1,1,7,0
14120,1,1,-14.236,-1.298,-1.33,-0.12,-1.33,-0.12,INF,-1,1,7,0
14140,1,1,-14.717,-21.640,-1.38,-2.02,-1.37,-2.02,INF,-1,1,7,0
14160,1,1,-13.596,-25.361,-1.27,-2.37,-1.27,-2.37,INF,-1,0,7,0
14180,1,1,-15.499,-27.934,-1.45,-2.61,-1.45,-2.61,INF,-1,0,7,0
14200,1,1,-12.499,-26.650,-1.17,-2.49,-1.17,-2.49,INF,-1,0,7,0
14220,1,1,-12.611,-26.817,-1.18,-2.50,-1.18,-2.50,INF,-1,0,7,0
14240,1,1,-12.015,-27.781,-1.12,-2.59,-1.12,-2.59,INF,-1,0,7,0
14260,1,1,-13.471,-30.070,-1.26,-2.81,-1.26,-2.81,INF,-1,0,7,0
14280,1,1,-13.510,-30.069,-1.26,-2.81,-1.26,-2.81,INF,-1,0,7,0
14300,1,1,-11.089,-30.495,-1.04,-2.85,-1.04,-2.85,INF,-1,0,7,0
14320,1,1,-12.321,-29.588,-1.15,-2.76,-1.15,-2.76,INF,-1,0,7,0
14340,1,1,-11.731,-29.930,-1.10,-2.79,-1.10,-2.80,INF,-1,0,7,0
14360,1,1,-13.958,-29.379,-1.30,-2.74,-1.30,-2.74,INF,-1,0,7,0
14380,1,1,-16.666,-27.991,-1.56,-2.61,-1.56,-2.61,INF,-1,0,7,0
14400,1,1,-13.409,-28.753,-1.25,-2.68,-1.25,-2.69,INF,-1,0,7,0
14420,1,1,-12.923,-28.926,-1.21,-2.70,-1.21,-2.70,INF,-1,1,7,0
14440,1,1,-11.191,-30.917,-1.05,-2.89,-1.04,-2.89,INF,-1,1,7,0
14460,1,1,-14.060,-30.343,-1.31,-2.83,-1.31,-2.83,INF,-1,1,7,0
14480,1,1,-9.764,-32.192,-0.91,-3.01,-0.91,-3.01,INF,-1,1,7,0
14500,1,1,-14.289,-30.261,-1.34,-2.83,-1.33,-2.83,INF,-1,1,7,0
14520,1,1,-11.255,-32.769,-1.05,-3.06,-1.05,-3.06,INF,-1,1,7,0
14540,1,1,-15.061,-32.799,-1.41,-3.06,-1.41,-3.06,INF,-1,1,7,0
14560,1,1,-14.465,-31.687,-1.35,-2.96,-1.35,-2.96,INF,-1,1,7,0
14580,1,1,-15.938,-33.697,-1.49,-3.15,-1.49,-3.15,INF,-1,1,7,0
14600,1,1,-14.306,-33.177,-1.34,-3.10,-1.33,-3.10,INF,-1,1,7,0
14620,1,1,-13.287,-33.512,-1.24,-3.13,-1.24,-3.13,INF,-1,1,7,0
14640,1,1,-13.820,-31.126,-1.29,-2.91,-1.29,-2.91,INF,-1,1,7,0
14660,1,1,-15.215,-31.752,-1.42,-2.96,-1.42,-2.97,INF,-1,1,7,0
14680,1,1,-12.765,-34.269,-1.19,-3.20,-1.19,-3.20,INF,-1,1,7,0
14700,1,1,-14.224,-34.720,-1.33,-3.24,-1.33,-3.24,INF,-1,1,7,0
14720,1,1,-9.990,-48.901,-0.93,-4.56,-0.93,-4.56,INF,-1,1,7,0
14740,1,1,-7.629,-61.283,-0.71,-5.71,-0.71,-5.71,INF,-1,1,7,0
14760,1,1,-6.479,-61.478,-0.61,-5.73,-0.60,-5.73,INF,-1,0,7,0
14780,1,1,-7.337,-64.596,-0.69,-6.01,-0.68,-6.02,INF,-1,0,7,0
14800,1,1,-6.860,-63.952,-0.64,-5.96,-0.64,-5.96,INF,-1,0,7,0
14820,1,1,-9.445,-64.474,-0.88,-6.00,-0.88,-6.00,INF,-1,0,7,0
14840,1,1,-6.747,-65.063,-0.63,-6.06,-0.63,-6.06,INF,-1,0,7,0
14860,1,1,-7.277,-63.191,-0.68,-5.89,-0.68,-5.89,INF,-1,0,7,0
14880,1,1,-8.307,-64.310,-0.78,-5.99,-0.77,-5.99,INF,-1,0,7,0
14900,1,1,-6.669,-64.702,-0.62,-6.02,-0.62,-6.03,INF,-1,0,7,0
14920,1,1,-4.938,-64.707,-0.46,-6.03,-0.46,-6.03,INF,-1,0,7,0
14940,1,1,-8.053,-61.022,-0.75,-5.68,-0.75,-5.68,INF,-1,0,7,0
14960,1,1,-3.859,-67.116,-0.36,-6.25,-0.36,-6.25,INF,-1,0,7,0
14980,1,1,-1.317,-86.467,-0.12,-8.03,-0.12,-8.03,INF,-1,0,7,0
