"EyeTracker Toolbox version","3.250"
CalibrationParameters_A11,1.06096
CalibrationParameters_A12,0.04474
CalibrationParameters_A13,-0.00555
CalibrationParameters_A21,0.06407
CalibrationParameters_A22,-1.04573
CalibrationParameters_A23,-0.05651
CalibrationParameters_A31,-0.00013
CalibrationParameters_A32,0.00035
CalibrationParameters_E11,-0.17990
CalibrationParameters_E12,-0.00001
CalibrationParameters_E21,0.00006
CalibrationParameters_E22,0.20005
CalibrationParameters_X,-21.53747
CalibrationParameters_Y,-17.47806
CalibrationParameters_Rpc,83.64995
CalibrationParameters_MeanX,147.87673
CalibrationParameters_MeanY,112.28748
CalibrationParameters_ViewDist,613.00000
TimeStamp,Tracked,Calibrated,ScreenPositionXmm,ScreenPositionYmm,FicksLongitude,FicksLatitude,HelmholtzAzimuth,HelmholtzElevation,PupilDiameter,Region,Fixation,DigitalIO,Dropped
0,1,1,-4.473,-16.905,-0.42,-1.58,-0.42,-1.58,INF,-1,0,7,0
20,1,1,-3.881,-18.662,-0.36,-1.74,-0.36,-1.74,INF,-1,0,7,0
40,1,1,-4.629,-19.154,-0.43,-1.79,-0.43,-1.79,INF,-1,0,7,0
60,1,1,-3.883,-18.221,-0.36,-1.70,-0.36,-1.70,INF,-1,0,7,0
80,1,1,-4.899,-18.084,-0.46,-1.69,-0.46,-1.69,INF,-1,0,7,0
100,1,1,-6.063,-19.291,-0.57,-1.80,-0.57,-1.80,INF,-1,0,7,0
120,1,1,-7.203,-18.181,-0.67,-1.70,-0.67,-1.70,INF,-1,0,7,0
140,1,1,-3.422,-20.731,-0.32,-1.94,-0.32,-1.94,INF,-1,0,7,0
160,1,1,-4.484,-20.061,-0.42,-1.87,-0.42,-1.87,INF,-1,0,7,0
180,1,1,-2.505,-20.546,-0.23,-1.92,-0.23,-1.92,INF,-1,0,7,0
200,1,1,-3.648,-19.876,-0.34,-1.86,-0.34,-1.86,INF,-1,0,7,0
220,1,1,-7.526,-15.504,-0.70,-1.45,-0.70,-1.45,INF,-1,0,7,0
240,1,1,-23.126,8.674,-2.16,0.81,-2.16,0.81,INF,-1,0,7,0
260,1,1,-15.763,4.250,-1.47,0.40,-1.47,0.40,INF,-1,0,7,0
280,1,1,-17.068,5.312,-1.59,0.50,-1.59,0.50,INF,-1,0,7,0
300,1,1,-17.625,6.427,-1.65,0.60,-1.65,0.60,INF,-1,0,7,0
320,1,1,-18.489,4.315,-1.73,0.40,-1.73,0.40,INF,-1,0,7,0
340,1,1,-18.080,3.481,-1.69,0.33,-1.69,0.33,INF,-1,0,7,0
360,1,1,-14.674,3.108,-1.37,0.29,-1.37,0.29,INF,-1,0,7,0
380,1,1,-16.091,4.883,-1.50,0.46,-1.50,0.46,INF,-1,0,7,0
400,1,1,-19.259,5.930,-1.80,0.55,-1.80,0.55,INF,-1,0,7,0
420,1,1,-19.129,6.104,-1.79,0.57,-1.79,0.57,INF,-1,1,7,0
440,1,1,-38.354,7.698,-3.58,0.72,-3.58,0.72,INF,-1,0,7,0
460,1,1,-33.210,8.316,-3.10,0.78,-3.10,0.78,INF,-1,0,7,0
480,1,1,-35.660,8.982,-3.33,0.84,-3.33,0.84,INF,-1,0,7,0
500,1,1,-33.760,8.951,-3.15,0.84,-3.15,0.84,INF,-1,0,7,0
520,1,1,-34.434,9.627,-3.22,0.90,-3.21,0.90,INF,-1,0,7,0
540,1,1,-35.015,9.526,-3.27,0.89,-3.27,0.89,INF,-1,0,7,0
560,1,1,-36.321,9.378,-3.39,0.87,-3.39,0.88,INF,-1,0,7,0
580,1,1,-34.963,8.767,-3.26,0.82,-3.26,0.82,INF,-1,0,7,0
600,1,1,-33.188,9.085,-3.10,0.85,-3.10,0.85,INF,-1,0,7,0
620,1,1,-33.892,9.220,-3.16,0.86,-3.16,0.86,INF,-1,0,7,0
640,1,1,-36.601,7.597,-3.42,0.71,-3.42,0.71,INF,-1,0,7,0
660,1,1,-40.393,6.775,-3.77,0.63,-3.77,0.63,INF,-1,0,7,0
680,1,1,-40.781,7.674,-3.81,0.72,-3.81,0.72,INF,-1,0,7,0
700,1,1,-41.039,7.768,-3.83,0.72,-3.83,0.73,INF,-1,0,7,0
720,1,1,-41.584,7.320,-3.88,0.68,-3.88,0.68,INF,-1,1,7,0
740,1,1,-40.777,6.965,-3.81,0.65,-3.81,0.65,INF,-1,1,7,0
760,1,1,-40.911,6.763,-3.82,0.63,-3.82,0.63,INF,-1,1,7,0
780,1,1,-41.059,8.144,-3.83,0.76,-3.83,0.76,INF,-1,1,7,0
800,1,1,-42.502,9.350,-3.97,0.87,-3.97,0.87,INF,-1,1,7,0
820,1,1,-43.009,6.693,-4.01,0.62,-4.01,0.63,INF,-1,1,7,0
840,1,1,-41.630,6.505,-3.89,0.61,-3.88,0.61,INF,-1,1,7,0
860,1,1,-40.568,7.610,-3.79,0.71,-3.79,0.71,INF,-1,1,7,0
880,1,1,-40.906,8.338,-3.82,0.78,-3.82,0.78,INF,-1,1,7,0
900,1,1,-41.695,5.808,-3.89,0.54,-3.89,0.54,INF,-1,1,7,0
920,1,1,-42.067,5.508,-3.93,0.51,-3.93,0.51,INF,-1,1,7,0
940,1,1,-42.059,4.761,-3.93,0.44,-3.92,0.44,INF,-1,1,7,0
960,1,1,-41.343,6.789,-3.86,0.63,-3.86,0.63,INF,-1,1,7,0
980,1,1,-40.829,6.240,-3.81,0.58,-3.81,0.58,INF,-1,1,7,0
1000,1,1,-38.690,7.556,-3.61,0.70,-3.61,0.71,INF,-1,1,7,0
1020,1,1,-40.128,5.709,-3.75,0.53,-3.75,0.53,INF,-1,1,7,0
1040,1,1,-40.423,6.658,-3.77,0.62,-3.77,0.62,INF,-1,1,7,0
1060,1,1,-41.031,6.068,-3.83,0.57,-3.83,0.57,INF,-1,1,7,0
1080,1,1,-39.998,7.711,-3.73,0.72,-3.73,0.72,INF,-1,1,7,0
1100,1,1,-41.957,8.575,-3.92,0.80,-3.92,0.80,INF,-1,1,7,0
1120,1,1,-28.446,15.798,-2.66,1.47,-2.66,1.48,INF,-1,1,7,0
1140,1,1,-21.428,20.577,-2.00,1.92,-2.00,1.92,INF,-1,1,7,0
1160,1,1,-20.483,18.516,-1.91,1.73,-1.91,1.73,INF,-1,0,7,0
1180,1,1,-19.456,18.105,-1.82,1.69,-1.82,1.69,INF,-1,0,7,0
1200,1,1,-17.554,17.531,-1.64,1.64,-1.64,1.64,INF,-1,0,7,0
1220,1,1,-20.279,20.059,-1.89,1.87,-1.89,1.87,INF,-1,0,7,0
1240,1,1,-20.762,17.122,-1.94,1.60,-1.94,1.60,INF,-1,0,7,0
1260,1,1,-20.729,19.282,-1.94,1.80,-1.94,1.80,INF,-1,0,7,0
1280,1,1,-18.890,17.352,-1.77,1.62,-1.76,1.62,INF,-1,0,7,0
1300,1,1,-23.636,19.313,-2.21,1.80,-2.21,1.80,INF,-1,0,7,0
1320,1,1,-20.695,18.032,-1.93,1.68,-1.93,1.68,INF,-1,0,7,0
1340,1,1,-22.211,18.773,-2.08,1.75,-2.07,1.75,INF,-1,0,7,0
1360,1,1,-21.491,19.220,-2.01,1.79,-2.01,1.80,INF,-1,0,7,0
1380,1,1,-21.487,17.644,-2.01,1.65,-2.01,1.65,INF,-1,0,7,0
1400,1,1,-20.837,17.805,-1.95,1.66,-1.95,1.66,INF,-1,1,7,0
1420,1,1,-22.001,19.045,-2.06,1.78,-2.05,1.78,INF,-1,1,7,0
1440,1,1,-21.250,19.710,-1.99,1.84,-1.98,1.84,INF,-1,1,7,0
1460,1,1,-21.092,17.562,-1.97,1.64,-1.97,1.64,INF,-1,1,7,0
1480,1,1,-21.566,20.190,-2.01,1.89,-2.01,1.89,INF,-1,1,7,0
1500,1,1,-20.262,17.281,-1.89,1.61,-1.89,1.61,INF,-1,1,7,0
1520,1,1,-25.269,17.384,-2.36,1.62,-2.36,1.62,INF,-1,1,7,0
1540,1,1,-32.252,12.887,-3.01,1.20,-3.01,1.20,INF,-1,1,7,0
1560,1,1,-31.761,16.636,-2.97,1.55,-2.96,1.55,INF,-1,1,7,0
1580,1,1,-32.496,14.610,-3.03,1.36,-3.03,1.37,INF,-1,0,7,0
1600,1,1,-31.573,13.682,-2.95,1.28,-2.95,1.28,INF,-1,0,7,0
1620,1,1,-28.598,12.843,-2.67,1.20,-2.67,1.20,INF,-1,0,7,0
1640,1,1,-30.928,15.515,-2.89,1.45,-2.89,1.45,INF,-1,0,7,0
1660,1,1,-29.998,12.371,-2.80,1.15,-2.80,1.16,INF,-1,0,7,0
1680,1,1,-35.099,13.960,-3.28,1.30,-3.28,1.30,INF,-1,0,7,0
1700,1,1,-31.701,9.245,-2.96,0.86,-2.96,0.86,INF,-1,0,7,0
1720,1,1,-31.721,12.608,-2.96,1.18,-2.96,1.18,INF,-1,0,7,0
1740,1,1,-31.084,12.565,-2.90,1.17,-2.90,1.17,INF,-1,0,7,0
1760,1,1,-30.581,12.926,-2.86,1.21,-2.86,1.21,INF,-1,0,7,0
1780,1,1,-30.850,11.533,-2.88,1.08,-2.88,1.08,INF,-1,0,7,0
1800,1,1,-33.933,13.239,-3.17,1.24,-3.17,1.24,INF,-1,0,7,0
1820,1,1,-30.604,12.684,-2.86,1.18,-2.86,1.19,INF,-1,1,7,0
1840,1,1,-30.366,10.783,-2.84,1.01,-2.84,1.01,INF,-1,1,7,0
1860,1,1,-30.457,11.708,-2.84,1.09,-2.84,1.09,INF,-1,1,7,0
1880,1,1,-29.733,12.034,-2.78,1.12,-2.78,1.12,INF,-1,1,7,0
1900,1,1,-32.793,15.099,-3.06,1.41,-3.06,1.41,INF,-1,1,7,0
1920,1,1,-30.031,11.573,-2.80,1.08,-2.80,1.08,INF,-1,1,7,0
1940,1,1,-30.983,12.507,-2.89,1.17,-2.89,1.17,INF,-1,1,7,0
1960,1,1,-29.267,13.231,-2.73,1.24,-2.73,1.24,INF,-1,1,7,0
1980,1,1,-31.429,12.497,-2.94,1.17,-2.93,1.17,INF,-1,1,7,0
2000,1,1,-31.173,12.278,-2.91,1.15,-2.91,1.15,INF,-1,1,7,0
2020,1,1,-28.578,7.303,-2.67,0.68,-2.67,0.68,INF,-1,1,7,0
2040,1,1,-28.735,0.156,-2.68,0.01,-2.68,0.01,INF,-1,1,7,0
2060,0,1,0.000,0.000,0.00,0.00,0.00,0.00,0.00,-1,1,7,0
2080,0,1,0.000,0.000,0.00,0.00,0.00,0.00,0.00,-1,1,7,0
2100,0,1,0.000,0.000,0.00,0.00,0.00,0.00,0.00,-1,1,7,0
2120,0,1,0.000,0.000,0.00,0.00,0.00,0.00,0.00,-1,0,7,0
2140,0,1,0.000,0.000,0.00,0.00,0.00,0.00,0.00,-1,0,7,0
2160,0,1,0.000,0.000,0.00,0.00,0.00,0.00,0.00,-1,0,7,0
2180,0,1,0.000,0.000,0.00,0.00,0.00,0.00,0.00,-1,0,7,0
2200,0,1,0.000,0.000,0.00,0.00,0.00,0.00,0.00,-1,0,7,0
2220,0,1,0.000,0.000,0.00,0.00,0.00,0.00,0.00,-1,0,7,0
2240,0,1,0.000,0.000,0.00,0.00,0.00,0.00,0.00,-1,0,7,0
2260,1,1,-145.836,-172.272,-13.38,-15.29,-12.90,-15.70,INF,-1,0,7,0
2280,1,1,-154.397,-136.201,-14.14,-12.16,-13.81,-12.53,INF,-1,0,7,0
2300,0,1,0.000,0.000,0.00,0.00,0.00,0.00,0.00,-1,0,7,0
2320,0,1,0.000,0.000,0.00,0.00,0.00,0.00,0.00,-1,0,7,0
2340,0,1,0.000,0.000,0.00,0.00,0.00,0.00,0.00,-1,0,7,0
2360,0,1,0.000,0.000,0.00,0.00,0.00,0.00,0.00,-1,0,7,0
2380,0,1,0.000,0.000,0.00,0.00,0.00,0.00,0.00,-1,0,7,0
2400,0,1,0.000,0.000,0.00,0.00,0.00,0.00,0.00,-1,0,7,0
2420,0,1,0.000,0.000,0.00,0.00,0.00,0.00,0.00,-1,0,7,0
2440,1,1,-49.163,8.396,-4.59,0.78,-4.58,0.78,INF,-1,0,7,0
2460,1,1,-47.515,5.942,-4.43,0.55,-4.43,0.56,INF,-1,0,7,0
2480,1,1,-46.202,9.025,-4.31,0.84,-4.31,0.84,INF,-1,0,7,0
2500,1,1,-47.884,7.818,-4.47,0.73,-4.47,0.73,INF,-1,0,7,0
2520,1,1,-47.324,8.579,-4.41,0.80,-4.41,0.80,INF,-1,0,7,0
2540,1,1,-48.126,8.214,-4.49,0.77,-4.49,0.77,INF,-1,0,7,0
2560,1,1,-46.074,6.667,-4.30,0.62,-4.30,0.62,INF,-1,0,7,0
2580,1,1,-47.690,8.077,-4.45,0.75,-4.45,0.75,INF,-1,0,7,0
2600,1,1,-47.200,7.190,-4.40,0.67,-4.40,0.67,INF,-1,0,7,0
2620,1,1,-46.684,7.964,-4.36,0.74,-4.35,0.74,INF,-1,0,7,0
2640,1,1,-48.560,6.805,-4.53,0.63,-4.53,0.64,INF,-1,0,7,0
2660,1,1,-48.046,5.740,-4.48,0.53,-4.48,0.54,INF,-1,0,7,0
2680,1,1,-47.957,6.589,-4.47,0.61,-4.47,0.62,INF,-1,0,7,0
2700,1,1,-47.620,7.582,-4.44,0.71,-4.44,0.71,INF,-1,0,7,0
2720,1,1,-46.807,6.654,-4.37,0.62,-4.37,0.62,INF,-1,1,7,0
2740,1,1,-45.473,8.048,-4.24,0.75,-4.24,0.75,INF,-1,1,7,0
2760,1,1,-46.160,6.633,-4.31,0.62,-4.31,0.62,INF,-1,1,7,0
2780,1,1,-46.364,7.017,-4.33,0.65,-4.33,0.66,INF,-1,1,7,0
2800,1,1,-46.126,5.395,-4.30,0.50,-4.30,0.50,INF,-1,1,7,0
2820,1,1,-45.044,6.498,-4.20,0.61,-4.20,0.61,INF,-1,1,7,0
2840,1,1,-46.023,7.951,-4.29,0.74,-4.29,0.74,INF,-1,1,7,0
2860,1,1,-44.163,6.129,-4.12,0.57,-4.12,0.57,INF,-1,1,7,0
2880,1,1,-48.829,6.750,-4.55,0.63,-4.55,0.63,INF,-1,1,7,0
2900,1,1,-44.994,4.300,-4.20,0.40,-4.20,0.40,INF,-1,1,7,0
2920,1,1,-46.900,6.654,-4.38,0.62,-4.37,0.62,INF,-1,1,7,0
2940,1,1,-45.975,3.446,-4.29,0.32,-4.29,0.32,INF,-1,1,7,0
2960,1,1,-14.903,-9.761,-1.39,-0.91,-1.39,-0.91,INF,-1,1,7,0
2980,1,1,11.032,-24.943,1.03,-2.33,1.03,-2.33,INF,-1,1,7,0
3000,1,1,12.211,-22.030,1.14,-2.06,1.14,-2.06,INF,-1,0,7,0
3020,1,1,11.395,-27.306,1.06,-2.55,1.06,-2.55,INF,-1,0,7,0
3040,1,1,11.638,-25.170,1.09,-2.35,1.09,-2.35,INF,-1,0,7,0
3060,1,1,11.850,-23.808,1.11,-2.22,1.11,-2.22,INF,-1,0,7,0
3080,1,1,12.546,-25.007,1.17,-2.34,1.17,-2.34,INF,-1,0,7,0
3100,1,1,12.333,-24.030,1.15,-2.24,1.15,-2.24,INF,-1,0,7,0
3120,1,1,9.839,-23.589,0.92,-2.20,0.92,-2.20,INF,-1,0,7,0
3140,1,1,13.185,-26.400,1.23,-2.47,1.23,-2.47,INF,-1,0,7,0
3160,1,1,12.251,-26.269,1.14,-2.45,1.14,-2.45,INF,-1,0,7,0
3180,1,1,12.486,-25.218,1.17,-2.36,1.17,-2.36,INF,-1,0,7,0
3200,1,1,13.313,-24.640,1.24,-2.30,1.24,-2.30,INF,-1,0,7,0
3220,1,1,12.567,-26.024,1.17,-2.43,1.17,-2.43,INF,-1,0,7,0
3240,1,1,12.280,-24.852,1.15,-2.32,1.15,-2.32,INF,-1,0,7,0
3260,1,1,11.983,-27.618,1.12,-2.58,1.12,-2.58,INF,-1,1,7,0
3280,1,1,14.684,-25.833,1.37,-2.41,1.37,-2.41,INF,-1,1,7,0
3300,1,1,14.322,-24.729,1.34,-2.31,1.34,-2.31,INF,-1,1,7,0
3320,1,1,11.468,-26.560,1.07,-2.48,1.07,-2.48,INF,-1,1,7,0
3340,1,1,12.240,-27.622,1.14,-2.58,1.14,-2.58,INF,-1,1,7,0
3360,1,1,21.850,-13.366,2.04,-1.25,2.04,-1.25,INF,-1,1,7,0
3380,1,1,25.917,-7.595,2.42,-0.71,2.42,-0.71,INF,-1,1,7,0
3400,1,1,28.616,-8.157,2.67,-0.76,2.67,-0.76,INF,-1,0,7,0
3420,1,1,30.295,-11.959,2.83,-1.12,2.83,-1.12,INF,-1,0,7,0
3440,1,1,30.582,-11.801,2.86,-1.10,2.86,-1.10,INF,-1,0,7,0
3460,1,1,29.962,-9.831,2.80,-0.92,2.80,-0.92,INF,-1,0,7,0
3480,1,1,30.263,-9.794,2.83,-0.91,2.83,-0.92,INF,-1,0,7,0
3500,1,1,31.597,-9.830,2.95,-0.92,2.95,-0.92,INF,-1,0,7,0
3520,1,1,29.847,-10.343,2.79,-0.97,2.79,-0.97,INF,-1,0,7,0
3540,1,1,28.207,-11.022,2.63,-1.03,2.63,-1.03,INF,-1,0,7,0
3560,1,1,30.936,-9.868,2.89,-0.92,2.89,-0.92,INF,-1,0,7,0
3580,1,1,32.030,-10.967,2.99,-1.02,2.99,-1.02,INF,-1,0,7,0
3600,1,1,30.407,-8.403,2.84,-0.78,2.84,-0.79,INF,-1,0,7,0
3620,1,1,28.886,-9.878,2.70,-0.92,2.70,-0.92,INF,-1,0,7,0
3640,1,1,27.099,-8.905,2.53,-0.83,2.53,-0.83,INF,-1,1,7,0
3660,1,1,29.653,-11.155,2.77,-1.04,2.77,-1.04,INF,-1,1,7,0
3680,1,1,21.628,-5.624,2.02,-0.53,2.02,-0.53,INF,-1,1,7,0
3700,1,1,4.704,6.719,0.44,0.63,0.44,0.63,INF,-1,1,7,0
3720,1,1,-12.483,20.489,-1.17,1.91,-1.17,1.91,INF,-1,1,7,0
3740,1,1,-10.611,21.871,-0.99,2.04,-0.99,2.04,INF,-1,0,7,0
3760,1,1,-11.203,19.727,-1.05,1.84,-1.05,1.84,INF,-1,0,7,0
3780,1,1,-14.540,18.315,-1.36,1.71,-1.36,1.71,INF,-1,0,7,0
3800,1,1,-9.647,17.548,-0.90,1.64,-0.90,1.64,INF,-1,0,7,0
3820,1,1,-9.063,19.847,-0.85,1.85,-0.85,1.85,INF,-1,0,7,0
3840,1,1,-11.163,20.404,-1.04,1.91,-1.04,1.91,INF,-1,0,7,0
3860,1,1,-12.105,21.210,-1.13,1.98,-1.13,1.98,INF,-1,0,7,0
3880,1,1,-10.260,19.887,-0.96,1.86,-0.96,1.86,INF,-1,0,7,0
3900,1,1,-8.997,20.664,-0.84,1.93,-0.84,1.93,INF,-1,0,7,0
3920,1,1,-10.688,18.396,-1.00,1.72,-1.00,1.72,INF,-1,0,7,0
3940,1,1,-11.707,19.746,-1.09,1.84,-1.09,1.84,INF,-1,0,7,0
3960,1,1,-10.696,19.565,-1.00,1.83,-1.00,1.83,INF,-1,0,7,0
3980,1,1,-9.764,18.352,-0.91,1.71,-0.91,1.71,INF,-1,0,7,0
4000,1,1,-9.808,18.049,-0.92,1.69,-0.92,1.69,INF,-1,1,7,0
4020,1,1,-12.314,22.609,-1.15,2.11,-1.15,2.11,INF,-1,1,7,0
4040,1,1,-11.111,19.979,-1.04,1.87,-1.04,1.87,INF,-1,1,7,0
4060,1,1,-12.800,19.088,-1.20,1.78,-1.20,1.78,INF,-1,1,7,0
4080,1,1,-13.883,21.728,-1.30,2.03,-1.30,2.03,INF,-1,1,7,0
4100,1,1,-10.599,19.000,-0.99,1.78,-0.99,1.78,INF,-1,1,7,0
4120,1,1,-16.386,22.820,-1.53,2.13,-1.53,2.13,INF,-1,1,7,0
4140,1,1,-9.822,21.205,-0.92,1.98,-0.92,1.98,INF,-1,1,7,0
4160,1,1,-11.852,19.981,-1.11,1.87,-1.11,1.87,INF,-1,1,7,0
4180,1,1,-12.816,21.754,-1.20,2.03,-1.20,2.03,INF,-1,1,7,0
4200,1,1,-14.823,19.292,-1.39,1.80,-1.38,1.80,INF,-1,1,7,0
4220,1,1,-12.731,20.922,-1.19,1.95,-1.19,1.95,INF,-1,1,7,0
4240,1,1,-15.135,20.454,-1.41,1.91,-1.41,1.91,INF,-1,1,7,0
4260,1,1,-12.681,22.502,-1.19,2.10,-1.18,2.10,INF,-1,1,7,0
4280,1,1,-14.070,20.008,-1.31,1.87,-1.31,1.87,INF,-1,1,7,0
4300,1,1,-14.831,21.294,-1.39,1.99,-1.39,1.99,INF,-1,1,7,0
4320,1,1,-12.156,21.190,-1.14,1.98,-1.14,1.98,INF,-1,1,7,0
4340,1,1,-20.401,15.715,-1.91,1.47,-1.91,1.47,INF,-1,1,7,0
4360,1,1,-21.655,17.402,-2.02,1.63,-2.02,1.63,INF,-1,1,7,0
4380,1,1,-23.423,16.636,-2.19,1.55,-2.19,1.55,INF,-1,0,7,0
4400,1,1,-22.744,11.588,-2.12,1.08,-2.12,1.08,INF,-1,0,7,0
4420,1,1,-23.591,15.680,-2.20,1.46,-2.20,1.47,INF,-1,0,7,0
4440,1,1,-24.121,16.099,-2.25,1.50,-2.25,1.50,INF,-1,0,7,0
4460,1,1,-22.940,14.957,-2.14,1.40,-2.14,1.40,INF,-1,0,7,0
4480,1,1,-23.447,16.517,-2.19,1.54,-2.19,1.54,INF,-1,0,7,0
4500,1,1,-22.973,13.501,-2.15,1.26,-2.15,1.26,INF,-1,0,7,0
4520,1,1,-23.613,16.490,-2.21,1.54,-2.21,1.54,INF,-1,0,7,0
4540,1,1,-22.837,14.233,-2.13,1.33,-2.13,1.33,INF,-1,0,7,0
4560,1,1,-22.228,13.572,-2.08,1.27,-2.08,1.27,INF,-1,0,7,0
4580,1,1,-15.168,1.027,-1.42,0.10,-1.42,0.10,INF,-1,0,7,0
4600,1,1,0.255,-21.752,0.02,-2.03,0.02,-2.03,INF,-1,0,7,0
4620,1,1,-3.896,-20.168,-0.36,-1.88,-0.36,-1.88,INF,-1,1,7,0
4640,1,1,-2.344,-20.910,-0.22,-1.95,-0.22,-1.95,INF,-1,0,7,0
4660,1,1,-1.173,-20.909,-0.11,-1.95,-0.11,-1.95,INF,-1,0,7,0
4680,1,1,-2.077,-20.233,-0.19,-1.89,-0.19,-1.89,INF,-1,0,7,0
4700,1,1,0.121,-22.023,0.01,-2.06,0.01,-2.06,INF,-1,0,7,0
4720,1,1,0.168,-20.464,0.02,-1.91,0.02,-1.91,INF,-1,0,7,0
4740,1,1,-1.825,-22.592,-0.17,-2.11,-0.17,-2.11,INF,-1,0,7,0
4760,1,1,-0.217,-23.712,-0.02,-2.22,-0.02,-2.22,INF,-1,0,7,0
4780,1,1,-0.902,-22.617,-0.08,-2.11,-0.08,-2.11,INF,-1,0,7,0
4800,1,1,-1.250,-23.092,-0.12,-2.16,-0.12,-2.16,INF,-1,0,7,0
4820,1,1,0.460,-23.193,0.04,-2.17,0.04,-2.17,INF,-1,0,7,0
4840,1,1,-0.054,-24.264,-0.01,-2.27,-0.01,-2.27,INF,-1,0,7,0
4860,1,1,-2.799,-21.236,-0.26,-1.98,-0.26,-1.98,INF,-1,0,7,0
4880,1,1,-0.372,-25.945,-0.03,-2.42,-0.03,-2.42,INF,-1,1,7,0
4900,1,1,2.791,-31.552,0.26,-2.95,0.26,-2.95,INF,-1,1,7,0
4920,1,1,3.604,-34.962,0.34,-3.26,0.34,-3.26,INF,-1,1,7,0
4940,1,1,3.218,-34.170,0.30,-3.19,0.30,-3.19,INF,-1,0,7,0
4960,1,1,5.328,-34.913,0.50,-3.26,0.50,-3.26,INF,-1,0,7,0
4980,1,1,1.384,-35.303,0.13,-3.30,0.13,-3.30,INF,-1,0,7,0
5000,1,1,2.964,-34.963,0.28,-3.26,0.28,-3.26,INF,-1,0,7,0
5020,1,1,3.079,-35.310,0.29,-3.30,0.29,-3.30,INF,-1,0,7,0
5040,1,1,3.681,-35.241,0.34,-3.29,0.34,-3.29,INF,-1,0,7,0
5060,1,1,2.145,-33.578,0.20,-3.14,0.20,-3.14,INF,-1,0,7,0
5080,1,1,1.060,-35.261,0.10,-3.29,0.10,-3.29,INF,-1,0,7,0
5100,1,1,1.155,-34.626,0.11,-3.23,0.11,-3.23,INF,-1,0,7,0
5120,1,1,3.933,-35.884,0.37,-3.35,0.37,-3.35,INF,-1,0,7,0
5140,1,1,4.028,-36.723,0.38,-3.43,0.38,-3.43,INF,-1,0,7,0
5160,1,1,3.996,-36.252,0.37,-3.38,0.37,-3.38,INF,-1,0,7,0
5180,1,1,0.701,-36.166,0.07,-3.38,0.07,-3.38,INF,-1,1,7,0
5200,1,1,3.445,-36.226,0.32,-3.38,0.32,-3.38,INF,-1,1,7,0
5220,1,1,4.501,-34.602,0.42,-3.23,0.42,-3.23,INF,-1,1,7,0
5240,1,1,2.097,-37.398,0.20,-3.49,0.20,-3.49,INF,-1,1,7,0
5260,1,1,3.975,-35.699,0.37,-3.33,0.37,-3.33,INF,-1,1,7,0
5280,1,1,2.379,-38.968,0.22,-3.64,0.22,-3.64,INF,-1,1,7,0
5300,1,1,3.972,-36.837,0.37,-3.44,0.37,-3.44,INF,-1,1,7,0
5320,1,1,2.734,-37.206,0.26,-3.47,0.26,-3.47,INF,-1,1,7,0
5340,1,1,3.858,-36.423,0.36,-3.40,0.36,-3.40,INF,-1,1,7,0
5360,1,1,2.468,-34.240,0.23,-3.20,0.23,-3.20,INF,-1,1,7,0
5380,1,1,3.681,-37.046,0.34,-3.46,0.34,-3.46,INF,-1,1,7,0
5400,1,1,2.888,-36.582,0.27,-3.42,0.27,-3.42,INF,-1,1,7,0
5420,1,1,3.746,-36.158,0.35,-3.38,0.35,-3.38,INF,-1,1,7,0
5440,1,1,1.415,-36.917,0.13,-3.45,0.13,-3.45,INF,-1,1,7,0
5460,1,1,3.551,-38.502,0.33,-3.59,0.33,-3.59,INF,-1,1,7,0
5480,1,1,2.741,-37.655,0.26,-3.52,0.26,-3.52,INF,-1,1,7,0
5500,1,1,2.676,-33.223,0.25,-3.10,0.25,-3.10,INF,-1,1,7,0
5520,1,1,2.999,-38.410,0.28,-3.59,0.28,-3.59,INF,-1,1,7,0
5540,1,1,3.519,-39.633,0.33,-3.70,0.33,-3.70,INF,-1,1,7,0
5560,1,1,4.218,-37.068,0.39,-3.46,0.39,-3.46,INF,-1,1,7,0
5580,1,1,3.908,-37.852,0.37,-3.53,0.36,-3.53,INF,-1,1,7,0
5600,1,1,2.979,-38.042,0.28,-3.55,0.28,-3.55,INF,-1,1,7,0
5620,1,1,1.739,-38.308,0.16,-3.58,0.16,-3.58,INF,-1,1,7,0
5640,1,1,3.087,-36.239,0.29,-3.38,0.29,-3.38,INF,-1,1,7,0
5660,1,1,2.296,-39.237,0.21,-3.66,0.21,-3.66,INF,-1,1,7,0
5680,1,1,3.110,-37.639,0.29,-3.51,0.29,-3.51,INF,-1,1,7,0
5700,1,1,2.190,-36.722,0.20,-3.43,0.20,-3.43,INF,-1,1,7,0
5720,1,1,1.975,-34.959,0.18,-3.26,0.18,-3.26,INF,-1,1,7,0
5740,1,1,3.894,-38.528,0.36,-3.60,0.36,-3.60,INF,-1,1,7,0
5760,1,1,2.740,-37.443,0.26,-3.50,0.26,-3.50,INF,-1,1,7,0
5780,1,1,2.428,-36.415,0.23,-3.40,0.23,-3.40,INF,-1,1,7,0
5800,1,1,2.070,-38.575,0.19,-3.60,0.19,-3.60,INF,-1,1,7,0
5820,1,1,3.545,-38.398,0.33,-3.58,0.33,-3.58,INF,-1,1,7,0
5840,1,1,5.563,-37.455,0.52,-3.50,0.52,-3.50,INF,-1,1,7,0
5860,1,1,2.038,-38.824,0.19,-3.62,0.19,-3.62,INF,-1,1,7,0
5880,1,1,-0.957,-33.408,-0.09,-3.12,-0.09,-3.12,INF,-1,1,7,0
5900,1,1,1.373,-36.597,0.13,-3.42,0.13,-3.42,INF,-1,1,7,0
5920,1,1,0.729,-36.896,0.07,-3.44,0.07,-3.44,INF,-1,1,7,0
5940,1,1,4.136,-36.527,0.39,-3.41,0.39,-3.41,INF,-1,1,7,0
5960,1,1,2.095,-35.839,0.20,-3.35,0.20,-3.35,INF,-1,1,7,0
5980,1,1,2.662,-36.948,0.25,-3.45,0.25,-3.45,INF,-1,1,7,0
6000,1,1,0.342,-34.416,0.03,-3.21,0.03,-3.21,INF,-1,1,7,0
6020,1,1,0.045,-35.577,0.00,-3.32,0.00,-3.32,INF,-1,1,7,0
6040,1,1,1.230,-35.519,0.11,-3.32,0.11,-3.32,INF,-1,1,7,0
6060,1,1,3.532,-36.424,0.33,-3.40,0.33,-3.40,INF,-1,1,7,0
6080,1,1,1.782,-36.347,0.17,-3.39,0.17,-3.39,INF,-1,1,7,0
6100,1,1,1.761,-37.048,0.16,-3.46,0.16,-3.46,INF,-1,1,7,0
6120,1,1,0.270,-39.380,0.03,-3.68,0.03,-3.68,INF,-1,1,7,0
6140,1,1,1.063,-38.706,0.10,-3.61,0.10,-3.61,INF,-1,1,7,0
6160,1,1,2.170,-38.246,0.20,-3.57,0.20,-3.57,INF,-1,1,7,0
6180,1,1,1.870,-38.170,0.17,-3.56,0.17,-3.56,INF,-1,1,7,0
6200,1,1,3.344,-37.853,0.31,-3.53,0.31,-3.53,INF,-1,1,7,0
6220,1,1,1.237,-38.731,0.12,-3.62,0.12,-3.62,INF,-1,1,7,0
6240,1,1,2.040,-39.517,0.19,-3.69,0.19,-3.69,INF,-1,1,7,0
6260,1,1,0.683,-38.159,0.06,-3.56,0.06,-3.56,INF,-1,1,7,0
6280,1,1,3.230,-33.769,0.30,-3.15,0.30,-3.15,INF,-1,1,7,0
6300,1,1,1.670,-32.601,0.16,-3.04,0.16,-3.04,INF,-1,1,7,0
6320,1,1,0.676,-37.251,0.06,-3.48,0.06,-3.48,INF,-1,1,7,0
6340,1,1,2.586,-36.440,0.24,-3.40,0.24,-3.40,INF,-1,1,7,0
6360,1,1,1.844,-37.176,0.17,-3.47,0.17,-3.47,INF,-1,1,7,0
6380,1,1,0.438,-33.706,0.04,-3.15,0.04,-3.15,INF,-1,1,7,0
6400,1,1,1.043,-31.853,0.10,-2.97,0.10,-2.97,INF,-1,1,7,0
6420,1,1,0.631,-34.066,0.06,-3.18,0.06,-3.18,INF,-1,1,7,0
6440,1,1,0.785,-35.631,0.07,-3.33,0.07,-3.33,INF,-1,1,7,0
6460,1,1,0.726,-35.148,0.07,-3.28,0.07,-3.28,INF,-1,1,7,0
6480,1,1,2.559,-38.713,0.24,-3.61,0.24,-3.61,INF,-1,1,7,0
6500,1,1,2.050,-37.477,0.19,-3.50,0.19,-3.50,INF,-1,1,7,0
6520,1,1,1.667,-39.150,0.16,-3.65,0.16,-3.65,INF,-1,1,7,0
6540,1,1,2.725,-37.540,0.25,-3.50,0.25,-3.50,INF,-1,1,7,0
6560,1,1,1.685,-36.247,0.16,-3.38,0.16,-3.38,INF,-1,1,7,0
6580,1,1,0.421,-32.863,0.04,-3.07,0.04,-3.07,INF,-1,1,7,0
6600,1,1,1.604,-37.932,0.15,-3.54,0.15,-3.54,INF,-1,1,7,0
6620,1,1,1.380,-36.167,0.13,-3.38,0.13,-3.38,INF,-1,1,7,0
6640,1,1,-1.491,-37.969,-0.14,-3.54,-0.14,-3.54,INF,-1,1,7,0
6660,1,1,0.132,-36.950,0.01,-3.45,0.01,-3.45,INF,-1,1,7,0
6680,1,1,2.856,-34.387,0.27,-3.21,0.27,-3.21,INF,-1,1,7,0
6700,1,1,0.884,-35.589,0.08,-3.32,0.08,-3.32,INF,-1,1,7,0
6720,1,1,0.772,-37.014,0.07,-3.46,0.07,-3.46,INF,-1,1,7,0
6740,1,1,-0.078,-33.310,-0.01,-3.11,-0.01,-3.11,INF,-1,1,7,0
6760,1,1,-1.267,-33.799,-0.12,-3.16,-0.12,-3.16,INF,-1,1,7,0
6780,1,1,-2.939,-29.819,-0.27,-2.78,-0.27,-2.78,INF,-1,1,7,0
6800,1,1,1.604,-33.348,0.15,-3.11,0.15,-3.11,INF,-1,1,7,0
6820,1,1,1.745,-33.707,0.16,-3.15,0.16,-3.15,INF,-1,1,7,0
6840,1,1,1.503,-32.976,0.14,-3.08,0.14,-3.08,INF,-1,1,7,0
6860,1,1,2.122,-33.486,0.20,-3.13,0.20,-3.13,INF,-1,1,7,0
6880,1,1,3.476,-37.190,0.32,-3.47,0.32,-3.47,INF,-1,1,7,0
6900,1,1,1.723,-35.650,0.16,-3.33,0.16,-3.33,INF,-1,1,7,0
6920,1,1,1.842,-34.069,0.17,-3.18,0.17,-3.18,INF,-1,1,7,0
6940,1,1,1.322,-35.921,0.12,-3.35,0.12,-3.35,INF,-1,1,7,0
6960,1,1,1.329,-36.484,0.12,-3.41,0.12,-3.41,INF,-1,1,7,0
6980,1,1,0.248,-34.497,0.02,-3.22,0.02,-3.22,INF,-1,1,7,0
7000,1,1,0.721,-36.038,0.07,-3.36,0.07,-3.36,INF,-1,1,7,0
7020,1,1,-1.774,-33.935,-0.17,-3.17,-0.17,-3.17,INF,-1,1,7,0
7040,1,1,0.683,-36.029,0.06,-3.36,0.06,-3.36,INF,-1,1,7,0
7060,1,1,2.206,-35.428,0.21,-3.31,0.21,-3.31,INF,-1,1,7,0
7080,1,1,-0.476,-35.163,-0.04,-3.28,-0.04,-3.28,INF,-1,1,7,0
7100,1,1,0.667,-36.402,0.06,-3.40,0.06,-3.40,INF,-1,1,7,0
7120,1,1,-1.253,-33.415,-0.12,-3.12,-0.12,-3.12,INF,-1,1,7,0
7140,1,1,-1.667,-33.135,-0.16,-3.09,-0.16,-3.09,INF,-1,1,7,0
7160,1,1,-22.063,2.079,-2.06,0.19,-2.06,0.19,INF,-1,1,7,0
7180,1,1,-24.783,7.680,-2.32,0.72,-2.31,0.72,INF,-1,1,7,0
7200,1,1,-24.826,4.677,-2.32,0.44,-2.32,0.44,INF,-1,0,7,0
7220,1,1,-22.582,3.627,-2.11,0.34,-2.11,0.34,INF,-1,0,7,0
7240,1,1,-24.034,4.962,-2.25,0.46,-2.25,0.46,INF,-1,0,7,0
7260,1,1,-24.372,7.557,-2.28,0.71,-2.28,0.71,INF,-1,0,7,0
7280,1,1,-24.527,6.834,-2.29,0.64,-2.29,0.64,INF,-1,0,7,0
7300,1,1,-24.141,11.016,-2.26,1.03,-2.25,1.03,INF,-1,0,7,0
7320,1,1,-23.184,8.346,-2.17,0.78,-2.17,0.78,INF,-1,0,7,0
7340,1,1,-27.124,9.546,-2.53,0.89,-2.53,0.89,INF,-1,0,7,0
7360,1,1,-26.094,11.103,-2.44,1.04,-2.44,1.04,INF,-1,0,7,0
7380,1,1,-25.817,6.625,-2.41,0.62,-2.41,0.62,INF,-1,0,7,0
7400,1,1,-26.668,8.344,-2.49,0.78,-2.49,0.78,INF,-1,0,7,0
7420,1,1,-10.466,-65.436,-0.98,-6.09,-0.97,-6.09,INF,-1,0,7,0
7440,0,1,0.000,0.000,0.00,0.00,0.00,0.00,0.00,-1,1,7,0
7460,0,1,0.000,0.000,0.00,0.00,0.00,0.00,0.00,-1,1,7,0
7480,0,1,0.000,0.000,0.00,0.00,0.00,0.00,0.00,-1,1,7,0
7500,0,1,0.000,0.000,0.00,0.00,0.00,0.00,0.00,-1,0,7,0
7520,0,1,0.000,0.000,0.00,0.00,0.00,0.00,0.00,-1,0,7,0
7540,0,1,0.000,0.000,0.00,0.00,0.00,0.00,0.00,-1,0,7,0
7560,0,1,0.000,0.000,0.00,0.00,0.00,0.00,0.00,-1,0,7,0
7580,1,1,-168.945,-179.789,-15.41,-15.79,-14.81,-16.35,INF,-1,0,7,0
7600,1,1,-156.111,-123.474,-14.29,-11.04,-14.02,-11.39,INF,-1,0,7,0
7620,0,1,0.000,0.000,0.00,0.00,0.00,0.00,0.00,-1,0,7,0
7640,0,1,0.000,0.000,0.00,0.00,0.00,0.00,0.00,-1,0,7,0
7660,1,1,-32.989,11.831,-3.08,1.10,-3.08,1.11,INF,-1,0,7,0
7680,1,1,-32.485,11.731,-3.03,1.09,-3.03,1.10,INF,-1,0,7,0
7700,1,1,-34.021,14.409,-3.18,1.34,-3.18,1.35,INF,-1,0,7,0
7720,1,1,-32.493,14.598,-3.03,1.36,-3.03,1.36,INF,-1,0,7,0
7740,1,1,-32.247,14.169,-3.01,1.32,-3.01,1.32,INF,-1,0,7,0
7760,1,1,-31.732,12.976,-2.96,1.21,-2.96,1.21,INF,-1,0,7,0
7780,1,1,-33.017,13.796,-3.08,1.29,-3.08,1.29,INF,-1,0,7,0
7800,1,1,-31.800,12.805,-2.97,1.20,-2.97,1.20,INF,-1,0,7,0
7820,1,1,-32.347,12.548,-3.02,1.17,-3.02,1.17,INF,-1,0,7,0
7840,1,1,-33.326,12.100,-3.11,1.13,-3.11,1.13,INF,-1,0,7,0
7860,1,1,-32.171,10.937,-3.00,1.02,-3.00,1.02,INF,-1,0,7,0
7880,1,1,-32.038,12.552,-2.99,1.17,-2.99,1.17,INF,-1,0,7,0
7900,1,1,-31.824,9.628,-2.97,0.90,-2.97,0.90,INF,-1,0,7,0
7920,1,1,-32.855,10.605,-3.07,0.99,-3.07,0.99,INF,-1,0,7,0
7940,1,1,-32.750,9.982,-3.06,0.93,-3.06,0.93,INF,-1,1,7,0
7960,1,1,-32.305,9.946,-3.02,0.93,-3.02,0.93,INF,-1,1,7,0
7980,1,1,-36.143,10.990,-3.37,1.03,-3.37,1.03,INF,-1,1,7,0
8000,1,1,-34.383,8.852,-3.21,0.83,-3.21,0.83,INF,-1,1,7,0
8020,1,1,-34.470,9.785,-3.22,0.91,-3.22,0.91,INF,-1,1,7,0
8040,1,1,-31.961,8.382,-2.98,0.78,-2.98,0.78,INF,-1,1,7,0
8060,1,1,-36.082,11.027,-3.37,1.03,-3.37,1.03,INF,-1,1,7,0
8080,1,1,-33.529,9.113,-3.13,0.85,-3.13,0.85,INF,-1,1,7,0
8100,1,1,-35.381,7.544,-3.30,0.70,-3.30,0.71,INF,-1,1,7,0
8120,1,1,-33.324,8.476,-3.11,0.79,-3.11,0.79,INF,-1,1,7,0
8140,1,1,-33.243,9.841,-3.10,0.92,-3.10,0.92,INF,-1,1,7,0
8160,1,1,-38.655,5.265,-3.61,0.49,-3.61,0.49,INF,-1,1,7,0
8180,1,1,-46.725,2.647,-4.36,0.25,-4.36,0.25,INF,-1,1,7,0
8200,1,1,-43.773,1.814,-4.08,0.17,-4.08,0.17,INF,-1,1,7,0
8220,1,1,-46.004,1.945,-4.29,0.18,-4.29,0.18,INF,-1,0,7,0
8240,1,1,-44.257,2.501,-4.13,0.23,-4.13,0.23,INF,-1,0,7,0
8260,1,1,-46.600,-1.050,-4.35,-0.10,-4.35,-0.10,INF,-1,0,7,0
8280,1,1,-47.407,0.580,-4.42,0.05,-4.42,0.05,INF,-1,0,7,0
8300,1,1,-43.344,-1.970,-4.04,-0.18,-4.04,-0.18,INF,-1,0,7,0
8320,1,1,-45.889,1.169,-4.28,0.11,-4.28,0.11,INF,-1,0,7,0
8340,1,1,-45.196,1.588,-4.22,0.15,-4.22,0.15,INF,-1,0,7,0
8360,1,1,-47.323,1.068,-4.41,0.10,-4.41,0.10,INF,-1,0,7,0
8380,1,1,-46.769,0.000,-4.36,0.00,-4.36,0.00,INF,-1,0,7,0
8400,1,1,-45.489,0.636,-4.24,0.06,-4.24,0.06,INF,-1,0,7,0
8420,1,1,-47.193,1.191,-4.40,0.11,-4.40,0.11,INF,-1,0,7,0
8440,1,1,-44.407,-0.065,-4.14,-0.01,-4.14,-0.01,INF,-1,0,7,0
8460,1,1,-44.630,-1.061,-4.16,-0.10,-4.16,-0.10,INF,-1,1,7,0
8480,1,1,-45.530,-0.500,-4.25,-0.05,-4.25,-0.05,INF,-1,1,7,0
8500,1,1,-43.319,0.695,-4.04,0.06,-4.04,0.06,INF,-1,1,7,0
8520,1,1,-45.094,-0.020,-4.21,0.00,-4.21,0.00,INF,-1,1,7,0
8540,1,1,-44.731,-2.618,-4.17,-0.24,-4.17,-0.24,INF,-1,1,7,0
8560,1,1,-44.524,-0.051,-4.15,0.00,-4.15,0.00,INF,-1,1,7,0
8580,1,1,-44.092,-0.327,-4.11,-0.03,-4.11,-0.03,INF,-1,1,7,0
8600,1,1,-46.394,1.310,-4.33,0.12,-4.33,0.12,INF,-1,1,7,0
8620,1,1,-46.068,0.129,-4.30,0.01,-4.30,0.01,INF,-1,1,7,0
8640,1,1,-45.432,-0.513,-4.24,-0.05,-4.24,-0.05,INF,-1,1,7,0
8660,1,1,-34.897,-5.447,-3.26,-0.51,-3.26,-0.51,INF,-1,1,7,0
8680,1,1,5.553,-21.418,0.52,-2.00,0.52,-2.00,INF,-1,1,7,0
8700,1,1,13.760,-26.418,1.29,-2.47,1.28,-2.47,INF,-1,0,7,0
8720,1,1,14.124,-26.255,1.32,-2.45,1.32,-2.45,INF,-1,0,7,0
8740,1,1,14.417,-24.048,1.35,-2.25,1.35,-2.25,INF,-1,0,7,0
8760,1,1,14.914,-25.683,1.39,-2.40,1.39,-2.40,INF,-1,0,7,0
8780,1,1,16.089,-26.843,1.50,-2.51,1.50,-2.51,INF,-1,0,7,0
8800,1,1,16.929,-25.081,1.58,-2.34,1.58,-2.34,INF,-1,0,7,0
8820,1,1,14.888,-23.975,1.39,-2.24,1.39,-2.24,INF,-1,0,7,0
8840,1,1,15.900,-25.643,1.49,-2.39,1.48,-2.40,INF,-1,0,7,0
8860,1,1,15.461,-24.875,1.44,-2.32,1.44,-2.32,INF,-1,0,7,0
8880,1,1,14.136,-25.938,1.32,-2.42,1.32,-2.42,INF,-1,0,7,0
8900,1,1,14.291,-25.192,1.34,-2.35,1.33,-2.35,INF,-1,0,7,0
8920,1,1,15.816,-26.134,1.48,-2.44,1.48,-2.44,INF,-1,0,7,0
8940,1,1,13.948,-25.624,1.30,-2.39,1.30,-2.39,INF,-1,0,7,0
8960,1,1,14.056,-24.854,1.31,-2.32,1.31,-2.32,INF,-1,1,7,0
8980,1,1,17.784,-27.558,1.66,-2.57,1.66,-2.57,INF,-1,1,7,0
9000,1,1,15.404,-25.643,1.44,-2.39,1.44,-2.40,INF,-1,1,7,0
9020,1,1,15.556,-25.526,1.45,-2.38,1.45,-2.38,INF,-1,1,7,0
9040,1,1,16.285,-26.015,1.52,-2.43,1.52,-2.43,INF,-1,1,7,0
9060,1,1,14.998,-25.597,1.40,-2.39,1.40,-2.39,INF,-1,1,7,0
9080,1,1,18.556,-26.370,1.73,-2.46,1.73,-2.46,INF,-1,1,7,0
9100,1,1,16.723,-24.632,1.56,-2.30,1.56,-2.30,INF,-1,1,7,0
9120,1,1,15.205,-25.056,1.42,-2.34,1.42,-2.34,INF,-1,1,7,0
9140,1,1,15.670,-25.652,1.46,-2.40,1.46,-2.40,INF,-1,1,7,0
9160,1,1,15.126,-24.343,1.41,-2.27,1.41,-2.27,INF,-1,1,7,0
9180,1,1,17.457,-24.607,1.63,-2.30,1.63,-2.30,INF,-1,1,7,0
9200,1,1,18.543,-24.729,1.73,-2.31,1.73,-2.31,INF,-1,1,7,0
9220,1,1,15.529,-23.200,1.45,-2.17,1.45,-2.17,INF,-1,1,7,0
9240,1,1,17.366,-23.730,1.62,-2.22,1.62,-2.22,INF,-1,1,7,0
9260,1,1,18.649,-24.867,1.74,-2.32,1.74,-2.32,INF,-1,1,7,0
9280,1,1,16.071,-25.827,1.50,-2.41,1.50,-2.41,INF,-1,1,7,0
9300,1,1,17.055,-24.500,1.59,-2.29,1.59,-2.29,INF,-1,1,7,0
9320,1,1,17.993,-25.588,1.68,-2.39,1.68,-2.39,INF,-1,1,7,0
9340,1,1,17.262,-24.985,1.61,-2.33,1.61,-2.33,INF,-1,1,7,0
9360,1,1,18.588,-25.068,1.74,-2.34,1.74,-2.34,INF,-1,1,7,0
9380,1,1,17.495,-27.045,1.63,-2.53,1.63,-2.53,INF,-1,1,7,0
9400,1,1,15.697,-21.854,1.47,-2.04,1.47,-2.04,INF,-1,1,7,0
9420,1,1,18.683,-25.473,1.75,-2.38,1.74,-2.38,INF,-1,1,7,0
9440,1,1,18.174,-24.370,1.70,-2.28,1.70,-2.28,INF,-1,1,7,0
9460,1,1,19.804,-25.652,1.85,-2.39,1.85,-2.40,INF,-1,1,7,0
9480,1,1,16.520,-25.095,1.54,-2.34,1.54,-2.34,INF,-1,1,7,0
9500,1,1,19.539,-25.648,1.83,-2.39,1.82,-2.40,INF,-1,1,7,0
9520,1,1,18.204,-25.542,1.70,-2.38,1.70,-2.39,INF,-1,1,7,0
9540,1,1,17.331,-24.428,1.62,-2.28,1.62,-2.28,INF,-1,1,7,0
9560,1,1,20.147,-25.132,1.88,-2.35,1.88,-2.35,INF,-1,1,7,0
9580,1,1,19.309,-25.340,1.80,-2.37,1.80,-2.37,INF,-1,1,7,0
9600,1,1,20.976,-25.311,1.96,-2.36,1.96,-2.36,INF,-1,1,7,0
9620,1,1,20.179,-25.220,1.89,-2.35,1.88,-2.36,INF,-1,1,7,0
9640,1,1,17.850,-25.593,1.67,-2.39,1.67,-2.39,INF,-1,1,7,0
9660,1,1,17.675,-24.592,1.65,-2.30,1.65,-2.30,INF,-1,1,7,0
9680,1,1,19.698,-26.846,1.84,-2.51,1.84,-2.51,INF,-1,1,7,0
9700,1,1,18.678,-26.487,1.75,-2.47,1.74,-2.47,INF,-1,1,7,0
9720,1,1,19.131,-24.306,1.79,-2.27,1.79,-2.27,INF,-1,1,7,0
9740,1,1,21.250,-26.815,1.99,-2.50,1.98,-2.50,INF,-1,1,7,0
9760,1,1,18.286,-27.289,1.71,-2.55,1.71,-2.55,INF,-1,1,7,0
9780,1,1,18.708,-25.731,1.75,-2.40,1.75,-2.40,INF,-1,1,7,0
9800,1,1,20.865,-27.576,1.95,-2.57,1.95,-2.58,INF,-1,1,7,0
9820,1,1,18.482,-24.721,1.73,-2.31,1.73,-2.31,INF,-1,1,7,0
9840,1,1,20.399,-25.028,1.91,-2.34,1.90,-2.34,INF,-1,1,7,0
9860,1,1,20.963,-27.719,1.96,-2.59,1.96,-2.59,INF,-1,1,7,0
9880,1,1,20.539,-26.519,1.92,-2.48,1.92,-2.48,INF,-1,1,7,0
9900,1,1,20.934,-26.228,1.96,-2.45,1.95,-2.45,INF,-1,1,7,0
9920,1,1,20.543,-28.882,1.92,-2.70,1.92,-2.70,INF,-1,1,7,0
9940,1,1,21.994,-27.669,2.05,-2.58,2.05,-2.58,INF,-1,1,7,0
9960,1,1,22.272,-28.571,2.08,-2.67,2.08,-2.67,INF,-1,1,7,0
9980,1,1,20.193,-27.239,1.89,-2.54,1.88,-2.54,INF,-1,1,7,0
10000,1,1,21.621,-26.370,2.02,-2.46,2.02,-2.46,INF,-1,1,7,0
10020,1,1,21.032,-28.088,1.97,-2.62,1.96,-2.62,INF,-1,1,7,0
10040,1,1,20.792,-26.739,1.94,-2.50,1.94,-2.50,INF,-1,1,7,0
10060,1,1,19.467,-27.346,1.82,-2.55,1.82,-2.55,INF,-1,1,7,0
10080,1,1,22.681,-28.278,2.12,-2.64,2.12,-2.64,INF,-1,1,7,0
10100,1,1,21.351,-27.462,1.99,-2.56,1.99,-2.57,INF,-1,1,7,0
10120,1,1,-5.440,-19.592,-0.51,-1.83,-0.51,-1.83,INF,-1,1,7,0
10140,1,1,-33.531,-7.074,-3.13,-0.66,-3.13,-0.66,INF,-1,1,7,0
10160,1,1,-28.426,-6.322,-2.65,-0.59,-2.65,-0.59,INF,-1,0,7,0
10180,1,1,-31.803,-5.089,-2.97,-0.48,-2.97,-0.48,INF,-1,0,7,0
10200,1,1,-30.439,-4.707,-2.84,-0.44,-2.84,-0.44,INF,-1,0,7,0
10220,1,1,-29.518,-4.292,-2.76,-0.40,-2.76,-0.40,INF,-1,0,7,0
10240,1,1,-28.344,-4.198,-2.65,-0.39,-2.65,-0.39,INF,-1,0,7,0
10260,1,1,-28.451,-3.235,-2.66,-0.30,-2.66,-0.30,INF,-1,0,7,0
10280,1,1,-29.296,-4.136,-2.74,-0.39,-2.74,-0.39,INF,-1,0,7,0
10300,1,1,-30.149,-3.863,-2.82,-0.36,-2.82,-0.36,INF,-1,0,7,0
10320,1,1,-28.152,-3.517,-2.63,-0.33,-2.63,-0.33,INF,-1,0,7,0
10340,1,1,-30.729,-6.624,-2.87,-0.62,-2.87,-0.62,INF,-1,0,7,0
10360,1,1,-27.132,-9.691,-2.53,-0.90,-2.53,-0.91,INF,-1,0,7,0
10380,0,1,0.000,0.000,0.00,0.00,0.00,0.00,0.00,-1,0,7,0
10400,0,1,0.000,0.000,0.00,0.00,0.00,0.00,0.00,-1,0,7,0
10420,0,1,0.000,0.000,0.00,0.00,0.00,0.00,0.00,-1,1,7,0
10440,0,1,0.000,0.000,0.00,0.00,0.00,0.00,0.00,-1,1,7,0
10460,0,1,0.000,0.000,0.00,0.00,0.00,0.00,0.00,-1,0,7,0
10480,0,1,0.000,0.000,0.00,0.00,0.00,0.00,0.00,-1,0,7,0
10500,0,1,0.000,0.000,0.00,0.00,0.00,0.00,0.00,-1,0,7,0
10520,0,1,0.000,0.000,0.00,0.00,0.00,0.00,0.00,-1,0,7,0
10540,0,1,0.000,0.000,0.00,0.00,0.00,0.00,0.00,-1,0,7,0
10560,0,1,0.000,0.000,0.00,0.00,0.00,0.00,0.00,-1,0,7,0
10580,0,1,0.000,0.000,0.00,0.00,0.00,0.00,0.00,-1,0,7,0
10600,1,1,-178.575,-152.788,-16.24,-13.46,-15.78,-14.00,INF,-1,0,7,0
10620,1,1,-67.668,-76.750,-6.30,-7.09,-6.25,-7.14,INF,-1,0,7,0
10640,1,1,-45.047,-0.799,-4.20,-0.07,-4.20,-0.07,INF,-1,0,7,0
10660,1,1,-45.844,10.868,-4.28,1.01,-4.28,1.02,INF,-1,0,7,0
10680,1,1,-41.791,5.647,-3.90,0.53,-3.90,0.53,INF,-1,0,7,0
10700,1,1,-43.840,7.413,-4.09,0.69,-4.09,0.69,INF,-1,0,7,0
10720,1,1,-43.158,4.639,-4.03,0.43,-4.03,0.43,INF,-1,0,7,0
10740,1,1,-44.101,5.506,-4.11,0.51,-4.11,0.51,INF,-1,0,7,0
10760,1,1,-43.782,5.209,-4.09,0.49,-4.09,0.49,INF,-1,0,7,0
10780,1,1,-44.739,4.219,-4.17,0.39,-4.17,0.39,INF,-1,0,7,0
10800,1,1,-44.747,6.877,-4.18,0.64,-4.17,0.64,INF,-1,0,7,0
10820,1,1,-45.107,5.194,-4.21,0.48,-4.21,0.49,INF,-1,0,7,0
10840,1,1,-44.692,4.488,-4.17,0.42,-4.17,0.42,INF,-1,0,7,0
10860,1,1,-44.986,5.021,-4.20,0.47,-4.20,0.47,INF,-1,0,7,0
10880,1,1,-45.431,2.832,-4.24,0.26,-4.24,0.26,INF,-1,0,7,0
10900,1,1,-44.633,2.692,-4.16,0.25,-4.16,0.25,INF,-1,0,7,0
10920,1,1,-44.787,2.630,-4.18,0.25,-4.18,0.25,INF,-1,1,7,0
10940,1,1,-46.696,-3.432,-4.36,-0.32,-4.36,-0.32,INF,-1,1,7,0
10960,1,1,-63.680,-25.621,-5.93,-2.38,-5.93,-2.39,INF,-1,1,7,0
10980,1,1,-61.338,-27.716,-5.71,-2.58,-5.71,-2.59,INF,-1,1,7,0
11000,1,1,-62.958,-27.791,-5.86,-2.58,-5.86,-2.60,INF,-1,0,7,0
11020,1,1,-60.318,-29.447,-5.62,-2.74,-5.61,-2.75,INF,-1,0,7,0
11040,1,1,-59.186,-29.078,-5.51,-2.70,-5.51,-2.72,INF,-1,0,7,0
11060,1,1,-61.380,-27.366,-5.72,-2.54,-5.71,-2.56,INF,-1,0,7,0
11080,1,1,-58.329,-28.641,-5.44,-2.66,-5.43,-2.68,INF,-1,0,7,0
11100,1,1,-57.683,-29.712,-5.38,-2.76,-5.37,-2.77,INF,-1,0,7,0
11120,1,1,-62.620,-27.607,-5.83,-2.57,-5.83,-2.58,INF,-1,0,7,0
11140,1,1,-59.579,-29.713,-5.55,-2.76,-5.54,-2.78,INF,-1,0,7,0
11160,1,1,-61.760,-27.852,-5.75,-2.59,-5.75,-2.60,INF,-1,0,7,0
11180,1,1,-60.274,-29.944,-5.62,-2.78,-5.61,-2.80,INF,-1,0,7,0
11200,1,1,-58.446,-29.957,-5.45,-2.79,-5.44,-2.80,INF,-1,0,7,0
11220,1,1,-62.344,-30.819,-5.81,-2.86,-5.80,-2.88,INF,-1,0,7,0
11240,1,1,-59.093,-28.832,-5.51,-2.68,-5.50,-2.69,INF,-1,1,7,0
11260,1,1,-60.776,-30.049,-5.66,-2.79,-5.66,-2.81,INF,-1,1,7,0
11280,1,1,-60.610,-30.967,-5.65,-2.88,-5.64,-2.89,INF,-1,1,7,0
11300,1,1,-62.957,-29.876,-5.86,-2.78,-5.86,-2.79,INF,-1,1,7,0
11320,1,1,-63.056,-31.870,-5.87,-2.96,-5.87,-2.98,INF,-1,1,7,0
11340,1,1,-63.794,-32.904,-5.94,-3.06,-5.93,-3.07,INF,-1,1,7,0
11360,1,1,-60.846,-32.490,-5.67,-3.02,-5.66,-3.03,INF,-1,1,7,0
11380,1,1,-62.405,-31.392,-5.81,-2.92,-5.81,-2.93,INF,-1,1,7,0
11400,1,1,-60.098,-31.112,-5.60,-2.89,-5.59,-2.91,INF,-1,1,7,0
11420,1,1,-62.205,-29.629,-5.79,-2.75,-5.79,-2.77,INF,-1,1,7,0
11440,1,1,-60.871,-30.967,-5.67,-2.88,-5.66,-2.89,INF,-1,1,7,0
11460,1,1,-60.602,-30.461,-5.65,-2.83,-5.64,-2.84,INF,-1,1,7,0
11480,1,1,-63.403,-31.108,-5.91,-2.89,-5.90,-2.91,INF,-1,1,7,0
11500,1,1,-61.548,-33.261,-5.73,-3.09,-5.73,-3.11,INF,-1,1,7,0
11520,1,1,-61.660,-31.856,-5.74,-2.96,-5.74,-2.97,INF,-1,1,7,0
11540,1,1,-60.737,-31.740,-5.66,-2.95,-5.65,-2.96,INF,-1,1,7,0
11560,1,1,-58.907,-32.426,-5.49,-3.01,-5.48,-3.03,INF,-1,1,7,0
11580,1,1,-61.185,-32.229,-5.70,-2.99,-5.69,-3.01,INF,-1,1,7,0
11600,1,1,-59.233,-32.260,-5.52,-3.00,-5.51,-3.01,INF,-1,1,7,0
11620,1,1,-60.662,-33.054,-5.65,-3.07,-5.64,-3.09,INF,-1,1,7,0
11640,1,1,-60.229,-34.796,-5.61,-3.23,-5.60,-3.25,INF,-1,1,7,0
11660,1,1,-42.942,-80.519,-4.01,-7.47,-3.97,-7.48,INF,-1,1,7,0
11680,1,1,-32.687,-149.761,-3.05,-13.71,-2.97,-13.73,INF,-1,1,7,0
11700,0,1,0.000,0.000,0.00,0.00,0.00,0.00,0.00,-1,1,7,0
11720,1,1,-123.146,-230.482,-11.36,-20.24,-10.65,-20.61,INF,-1,1,7,0
11740,1,1,-28.691,-166.832,-2.68,-15.21,-2.59,-15.22,INF,-1,0,7,0
11760,1,1,-32.322,-161.770,-3.02,-14.76,-2.92,-14.78,INF,-1,0,7,0
11780,1,1,-29.770,-167.294,-2.78,-15.25,-2.68,-15.26,INF,-1,0,7,0
11800,1,1,-31.050,-167.120,-2.90,-15.23,-2.80,-15.25,INF,-1,0,7,0
11820,1,1,-29.434,-160.571,-2.75,-14.66,-2.66,-14.68,INF,-1,0,7,0
11840,1,1,-30.107,-162.895,-2.81,-14.86,-2.72,-14.88,INF,-1,0,7,0
11860,1,1,-30.547,-160.112,-2.85,-14.62,-2.76,-14.64,INF,-1,0,7,0
11880,1,1,-32.781,-162.570,-3.06,-14.83,-2.96,-14.85,INF,-1,0,7,0
11900,1,1,-30.092,-167.346,-2.81,-15.25,-2.71,-15.27,INF,-1,0,7,0
11920,1,1,-30.232,-160.696,-2.82,-14.67,-2.73,-14.69,INF,-1,0,7,0
11940,1,1,-33.057,-169.751,-3.09,-15.46,-2.98,-15.48,INF,-1,0,7,0
11960,1,1,-31.244,-161.182,-2.92,-14.71,-2.82,-14.73,INF,-1,0,7,0
11980,1,1,-29.163,-161.515,-2.72,-14.75,-2.63,-14.76,INF,-1,0,7,0
12000,1,1,-33.902,-158.008,-3.17,-14.43,-3.07,-14.45,INF,-1,0,7,0
12020,1,1,-32.050,-163.246,-2.99,-14.89,-2.89,-14.91,INF,-1,1,7,0
12040,1,1,-30.984,-154.597,-2.89,-14.14,-2.81,-14.15,INF,-1,1,7,0
12060,1,1,-32.997,-155.825,-3.08,-14.24,-2.99,-14.26,INF,-1,1,7,0
12080,1,1,-31.450,-155.656,-2.94,-14.23,-2.85,-14.25,INF,-1,1,7,0
12100,1,1,-33.941,-164.102,-3.17,-14.96,-3.06,-14.99,INF,-1,1,7,0
12120,1,1,-34.919,-157.103,-3.26,-14.35,-3.16,-14.37,INF,-1,1,7,0
12140,1,1,-30.055,-152.123,-2.81,-13.92,-2.72,-13.94,INF,-1,1,7,0
12160,0,1,0.000,0.000,0.00,0.00,0.00,0.00,0.00,-1,1,7,0
12180,1,1,170.758,-249.561,15.57,-21.41,14.47,-22.15,INF,-1,1,7,0
12200,0,1,0.000,0.000,0.00,0.00,0.00,0.00,0.00,-1,1,7,0
12220,1,1,254.604,-251.700,22.56,-20.77,21.02,-22.32,INF,-1,0,7,0
12240,0,1,0.000,0.000,0.00,0.00,0.00,0.00,0.00,-1,0,7,0
12260,0,1,0.000,0.000,0.00,0.00,0.00,0.00,0.00,-1,0,7,0
12280,1,1,306.227,-296.158,26.54,-23.37,24.22,-25.79,INF,-1,0,7,0
12300,0,1,0.000,0.000,0.00,0.00,0.00,0.00,0.00,-1,0,7,0
12320,0,1,0.000,0.000,0.00,0.00,0.00,0.00,0.00,-1,0,7,0
12340,0,1,0.000,0.000,0.00,0.00,0.00,0.00,0.00,-1,0,7,0
12360,0,1,0.000,0.000,0.00,0.00,0.00,0.00,0.00,-1,0,7,0
12380,1,1,306.694,-318.191,26.58,-24.90,23.94,-27.43,INF,-1,0,7,0
12400,0,1,0.000,0.000,0.00,0.00,0.00,0.00,0.00,-1,0,7,0
12420,0,1,0.000,0.000,0.00,0.00,0.00,0.00,0.00,-1,0,7,0
12440,0,1,0.000,0.000,0.00,0.00,0.00,0.00,0.00,-1,0,7,0
12460,0,1,0.000,0.000,0.00,0.00,0.00,0.00,0.00,-1,0,7,0
12480,0,1,0.000,0.000,0.00,0.00,0.00,0.00,0.00,-1,0,7,0
12500,0,1,0.000,0.000,0.00,0.00,0.00,0.00,0.00,-1,0,7,0
12520,1,1,358.661,-307.431,30.33,-23.41,27.61,-26.63,INF,-1,0,7,0
12540,1,1,336.910,-312.660,28.79,-24.08,26.09,-27.02,INF,-1,0,7,0
12560,0,1,0.000,0.000,0.00,0.00,0.00,0.00,0.00,-1,0,7,0
12580,0,1,0.000,0.000,0.00,0.00,0.00,0.00,0.00,-1,0,7,0
12600,0,1,0.000,0.000,0.00,0.00,0.00,0.00,0.00,-1,0,7,0
12620,0,1,0.000,0.000,0.00,0.00,0.00,0.00,0.00,-1,0,7,0
12640,0,1,0.000,0.000,0.00,0.00,0.00,0.00,0.00,-1,0,7,0
12660,0,1,0.000,0.000,0.00,0.00,0.00,0.00,0.00,-1,0,7,0
12680,1,1,295.820,-316.685,25.76,-24.95,23.21,-27.32,INF,-1,0,7,0
12700,0,1,0.000,0.000,0.00,0.00,0.00,0.00,0.00,-1,0,7,0
12720,0,1,0.000,0.000,0.00,0.00,0.00,0.00,0.00,-1,0,7,0
12740,1,1,395.704,-313.779,32.84,-23.27,29.88,-27.11,INF,-1,0,7,0
12760,1,1,411.098,-344.428,33.85,-25.02,30.31,-29.33,INF,-1,0,7,0
12780,1,1,367.958,-329.705,30.97,-24.76,27.86,-28.27,INF,-1,0,7,0
12800,0,1,0.000,0.000,0.00,0.00,0.00,0.00,0.00,-1,0,7,0
12820,0,1,0.000,0.000,0.00,0.00,0.00,0.00,0.00,-1,0,7,0
12840,0,1,0.000,0.000,0.00,0.00,0.00,0.00,0.00,-1,0,7,0
12860,0,1,0.000,0.000,0.00,0.00,0.00,0.00,0.00,-1,0,7,0
12880,1,1,334.451,-332.622,28.62,-25.47,25.62,-28.48,INF,-1,0,7,0
12900,0,1,0.000,0.000,0.00,0.00,0.00,0.00,0.00,-1,0,7,0
12920,1,1,343.618,-319.433,29.27,-24.44,26.43,-27.52,INF,-1,0,7,0
12940,0,1,0.000,0.000,0.00,0.00,0.00,0.00,0.00,-1,0,7,0
12960,1,1,462.074,-307.693,37.01,-21.84,33.97,-26.65,INF,-1,0,7,0
12980,1,1,387.608,-343.486,32.31,-25.34,28.88,-29.26,INF,-1,0,7,0
13000,0,1,0.000,0.000,0.00,0.00,0.00,0.00,0.00,-1,0,7,0
13020,1,1,417.245,-348.965,34.24,-25.20,30.61,-29.65,INF,-1,0,7,0
13040,0,1,0.000,0.000,0.00,0.00,0.00,0.00,0.00,-1,0,7,0
13060,1,1,372.810,-322.045,31.31,-24.17,28.30,-27.72,INF,-1,0,7,0
13080,1,1,390.304,-290.900,32.49,-21.82,29.91,-25.39,INF,-1,0,7,0
13100,0,1,0.000,0.000,0.00,0.00,0.00,0.00,0.00,-1,0,7,0
13120,0,1,0.000,0.000,0.00,0.00,0.00,0.00,0.00,-1,0,7,0
13140,1,1,336.237,-298.596,28.75,-23.13,26.25,-25.97,INF,-1,0,7,0
13160,0,1,0.000,0.000,0.00,0.00,0.00,0.00,0.00,-1,0,7,0
13180,0,1,0.000,0.000,0.00,0.00,0.00,0.00,0.00,-1,0,7,0
13200,0,1,0.000,0.000,0.00,0.00,0.00,0.00,0.00,-1,0,7,0
13220,0,1,0.000,0.000,0.00,0.00,0.00,0.00,0.00,-1,0,7,0
13240,0,1,0.000,0.000,0.00,0.00,0.00,0.00,0.00,-1,0,7,0
13260,1,1,328.149,-318.369,28.16,-24.60,25.41,-27.45,INF,-1,0,7,0
13280,0,1,0.000,0.000,0.00,0.00,0.00,0.00,0.00,-1,0,7,0
13300,1,1,388.475,-291.531,32.36,-21.89,29.78,-25.43,INF,-1,0,7,0
13320,0,1,0.000,0.000,0.00,0.00,0.00,0.00,0.00,-1,0,7,0
13340,1,1,356.285,-310.099,30.17,-23.62,27.41,-26.83,INF,-1,0,7,0
13360,0,1,0.000,0.000,0.00,0.00,0.00,0.00,0.00,-1,0,7,0
13380,1,1,331.704,-309.532,28.42,-23.95,25.78,-26.79,INF,-1,0,7,0
13400,0,1,0.000,0.000,0.00,0.00,0.00,0.00,0.00,-1,0,7,0
13420,1,1,415.673,-304.907,34.14,-22.38,31.26,-26.45,INF,-1,0,7,0
13440,0,1,0.000,0.000,0.00,0.00,0.00,0.00,0.00,-1,0,7,0
13460,0,1,0.000,0.000,0.00,0.00,0.00,0.00,0.00,-1,0,7,0
13480,0,1,0.000,0.000,0.00,0.00,0.00,0.00,0.00,-1,0,7,0
13500,1,1,334.367,-282.588,28.61,-22.03,26.35,-24.75,INF,-1,0,7,0
13520,0,1,0.000,0.000,0.00,0.00,0.00,0.00,0.00,-1,0,7,0
13540,0,1,0.000,0.000,0.00,0.00,0.00,0.00,0.00,-1,0,7,0
13560,1,1,445.794,-326.520,36.03,-23.31,32.69,-28.04,INF,-1,0,7,0
13580,0,1,0.000,0.000,0.00,0.00,0.00,0.00,0.00,-1,0,7,0
13600,0,1,0.000,0.000,0.00,0.00,0.00,0.00,0.00,-1,0,7,0
13620,1,1,355.182,-267.057,30.09,-20.65,27.98,-23.54,INF,-1,0,7,0
13640,0,1,0.000,0.000,0.00,0.00,0.00,0.00,0.00,-1,0,7,0
13660,0,1,0.000,0.000,0.00,0.00,0.00,0.00,0.00,-1,0,7,0
13680,0,1,0.000,0.000,0.00,0.00,0.00,0.00,0.00,-1,0,7,0
13700,0,1,0.000,0.000,0.00,0.00,0.00,0.00,INF,-1,0,7,0
13720,0,1,0.000,0.000,0.00,0.00,0.00,0.00,0.00,-1,0,7,0
13740,0,1,0.000,0.000,0.00,0.00,0.00,0.00,0.00,-1,0,7,0
13760,0,1,0.000,0.000,0.00,0.00,0.00,0.00,0.00,-1,0,7,0
13780,0,1,0.000,0.000,0.00,0.00,0.00,0.00,0.00,-1,0,7,0
13800,0,1,0.000,0.000,0.00,0.00,0.00,0.00,0.00,-1,0,7,0
13820,0,1,0.000,0.000,0.00,0.00,0.00,0.00,0.00,-1,0,7,0
13840,0,1,0.000,0.000,0.00,0.00,0.00,0.00,0.00,-1,0,7,0
13860,0,1,0.000,0.000,0.00,0.00,0.00,0.00,INF,-1,0,7,0
13880,0,1,0.000,0.000,0.00,0.00,0.00,0.00,INF,-1,0,7,0
13900,0,1,0.000,0.000,0.00,0.00,0.00,0.00,0.00,-1,0,7,0
13920,0,1,0.000,0.000,0.00,0.00,0.00,0.00,INF,-1,0,7,0
13940,0,1,0.000,0.000,0.00,0.00,0.00,0.00,0.00,-1,0,7,0
13960,1,1,-186.008,-181.191,-16.88,-15.79,-16.22,-16.47,INF,-1,0,7,0
13980,1,1,-160.261,-175.229,-14.65,-15.46,-14.11,-15.95,INF,-1,0,7,0
14000,0,1,0.000,0.000,0.00,0.00,0.00,0.00,0.00,-1,0,7,0
14020,0,1,0.000,0.000,0.00,0.00,0.00,0.00,0.00,-1,0,7,0
14040,0,1,0.000,0.000,0.00,0.00,0.00,0.00,0.00,-1,0,7,0
14060,0,1,0.000,0.000,0.00,0.00,0.00,0.00,0.00,-1,0,7,0
14080,0,1,0.000,0.000,0.00,0.00,0.00,0.00,0.00,-1,0,7,0
14100,0,1,0.000,0.000,0.00,0.00,0.00,0.00,0.00,-1,0,7,0
14120,0,1,0.000,0.000,0.00,0.00,0.00,0.00,0.00,-1,0,7,0
14140,1,1,-71.318,-192.257,-6.64,-17.30,-6.33,-17.41,INF,-1,0,7,0
14160,0,1,0.000,0.000,0.00,0.00,0.00,0.00,0.00,-1,0,7,0
14180,0,1,0.000,0.000,0.00,0.00,0.00,0.00,0.00,-1,0,7,0
14200,0,1,0.000,0.000,0.00,0.00,0.00,0.00,0.00,-1,0,7,0
14220,1,1,36.300,-142.252,3.39,-13.04,3.30,-13.06,INF,-1,0,7,0
14240,0,1,0.000,0.000,0.00,0.00,0.00,0.00,0.00,-1,0,7,0
14260,1,1,29.663,-33.461,2.77,-3.12,2.77,-3.12,INF,-1,0,7,0
14280,1,1,31.496,-35.163,2.94,-3.28,2.94,-3.28,INF,-1,0,7,0
14300,1,1,33.498,-33.230,3.13,-3.10,3.12,-3.10,INF,-1,0,7,0
14320,1,1,31.177,-35.132,2.91,-3.28,2.91,-3.28,INF,-1,0,7,0
14340,1,1,31.325,-33.365,2.93,-3.11,2.92,-3.12,INF,-1,0,7,0
14360,1,1,31.354,-32.374,2.93,-3.02,2.92,-3.02,INF,-1,0,7,0
14380,1,1,33.051,-33.543,3.09,-3.13,3.08,-3.13,INF,-1,0,7,0
14400,1,1,34.324,-34.724,3.20,-3.24,3.20,-3.24,INF,-1,0,7,0
14420,1,1,30.160,-33.195,2.82,-3.10,2.81,-3.10,INF,-1,0,7,0
14440,1,1,36.638,-33.546,3.42,-3.13,3.42,-3.13,INF,-1,0,7,0
14460,1,1,33.861,-32.216,3.16,-3.00,3.16,-3.01,INF,-1,0,7,0
14480,1,1,33.410,-32.463,3.12,-3.03,3.12,-3.03,INF,-1,0,7,0
14500,1,1,32.033,-33.187,2.99,-3.09,2.99,-3.10,INF,-1,0,7,0
14520,1,1,30.525,-33.516,2.85,-3.13,2.85,-3.13,INF,-1,0,7,0
14540,1,1,21.822,-30.896,2.04,-2.88,2.04,-2.89,INF,-1,1,7,0
14560,1,1,-16.177,-6.105,-1.51,-0.57,-1.51,-0.57,INF,-1,1,7,0
14580,1,1,-19.829,0.504,-1.85,0.05,-1.85,0.05,INF,-1,0,7,0
14600,1,1,-16.725,1.078,-1.56,0.10,-1.56,0.10,INF,-1,0,7,0
14620,1,1,-20.023,0.627,-1.87,0.06,-1.87,0.06,INF,-1,0,7,0
14640,1,1,-20.762,1.072,-1.94,0.10,-1.94,0.10,INF,-1,0,7,0
14660,1,1,-19.327,-0.724,-1.81,-0.07,-1.81,-0.07,INF,-1,0,7,0
14680,1,1,-17.808,0.232,-1.66,0.02,-1.66,0.02,INF,-1,0,7,0
14700,1,1,-21.551,2.007,-2.01,0.19,-2.01,0.19,INF,-1,0,7,0
14720,1,1,-20.406,2.244,-1.91,0.21,-1.91,0.21,INF,-1,0,7,0
14740,1,1,-16.713,-0.775,-1.56,-0.07,-1.56,-0.07,INF,-1,0,7,0
14760,1,1,-16.768,-0.443,-1.57,-0.04,-1.57,-0.04,INF,-1,0,7,0
14780,1,1,-18.642,-1.048,-1.74,-0.10,-1.74,-0.10,INF,-1,0,7,0
14800,1,1,-19.748,-0.374,-1.85,-0.03,-1.85,-0.03,INF,-1,0,7,0
14820,1,1,-18.390,-0.872,-1.72,-0.08,-1.72,-0.08,INF,-1,0,7,0
14840,1,1,-20.296,0.412,-1.90,0.04,-1.90,0.04,INF,-1,1,7,0
14860,1,1,-20.720,-0.198,-1.94,-0.02,-1.94,-0.02,INF,-1,1,7,0
14880,1,1,-16.202,-2.977,-1.51,-0.28,-1.51,-0.28,INF,-1,1,7,0
14900,1,1,-20.524,1.081,-1.92,0.10,-1.92,0.10,INF,-1,1,7,0
14920,1,1,-32.142,-0.853,-3.00,-0.08,-3.00,-0.08,INF,-1,1,7,0
14940,1,1,-40.301,5.030,-3.76,0.47,-3.76,0.47,INF,-1,1,7,0
14960,1,1,-38.812,4.209,-3.62,0.39,-3.62,0.39,INF,-1,0,7,0
14980,1,1,-38.230,5.117,-3.57,0.48,-3.57,0.48,INF,-1,0,7,0
15000,1,1,-40.688,3.964,-3.80,0.37,-3.80,0.37,INF,-1,0,7,0
15020,1,1,-38.034,3.043,-3.55,0.28,-3.55,0.28,INF,-1,0,7,0
