"EyeTracker Toolbox version","3.250"
CalibrationParameters_A11,1.03829
CalibrationParameters_A12,0.05839
CalibrationParameters_A13,0.04603
CalibrationParameters_A21,0.05783
CalibrationParameters_A22,-1.07804
CalibrationParameters_A23,0.01767
CalibrationParameters_A31,0.00033
CalibrationParameters_A32,-0.00015
CalibrationParameters_E11,-0.18001
CalibrationParameters_E12,-0.00005
CalibrationParameters_E21,0.00000
CalibrationParameters_E22,0.20003
CalibrationParameters_X,-25.13959
CalibrationParameters_Y,-12.30370
CalibrationParameters_Rpc,82.98767
CalibrationParameters_MeanX,152.25302
CalibrationParameters_MeanY,123.97770
CalibrationParameters_ViewDist,613.00000
TimeStamp,Tracked,Calibrated,ScreenPositionXmm,ScreenPositionYmm,FicksLongitude,FicksLatitude,HelmholtzAzimuth,HelmholtzElevation,PupilDiameter,Region,Fixation,DigitalIO,Dropped
0,1,1,-62.732,-165.386,-5.84,-15.02,-5.64,-15.10,INF,-1,0,7,0
20,1,1,-25.666,-7.696,-2.40,-0.72,-2.40,-0.72,INF,-1,0,7,0
40,1,1,-23.950,-7.832,-2.24,-0.73,-2.24,-0.73,INF,-1,0,7,0
60,1,1,-28.158,-6.926,-2.63,-0.65,-2.63,-0.65,INF,-1,0,7,0
80,1,1,-25.032,-6.564,-2.34,-0.61,-2.34,-0.61,INF,-1,0,7,0
100,1,1,-24.485,-7.775,-2.29,-0.73,-2.29,-0.73,INF,-1,0,7,0
120,1,1,-24.202,-8.629,-2.26,-0.81,-2.26,-0.81,INF,-1,0,7,0
140,1,1,-24.949,-7.523,-2.33,-0.70,-2.33,-0.70,INF,-1,0,7,0
160,1,1,-25.508,-9.523,-2.38,-0.89,-2.38,-0.89,INF,-1,0,7,0
180,1,1,-24.493,-8.808,-2.29,-0.82,-2.29,-0.82,INF,-1,0,7,0
200,1,1,-23.642,-8.855,-2.21,-0.83,-2.21,-0.83,INF,-1,0,7,0
220,1,1,-24.734,-8.383,-2.31,-0.78,-2.31,-0.78,INF,-1,0,7,0
240,1,1,-15.144,-12.315,-1.42,-1.15,-1.41,-1.15,INF,-1,0,7,0
260,1,1,8.706,-13.541,0.81,-1.27,0.81,-1.27,INF,-1,0,7,0
280,1,1,5.363,-12.409,0.50,-1.16,0.50,-1.16,INF,-1,0,7,0
300,1,1,8.981,-13.773,0.84,-1.29,0.84,-1.29,INF,-1,0,7,0
320,1,1,9.494,-16.313,0.89,-1.52,0.89,-1.52,INF,-1,0,7,0
340,1,1,9.100,-15.443,0.85,-1.44,0.85,-1.44,INF,-1,0,7,0
360,1,1,7.338,-13.783,0.69,-1.29,0.69,-1.29,INF,-1,0,7,0
380,1,1,9.220,-14.312,0.86,-1.34,0.86,-1.34,INF,-1,0,7,0
400,1,1,8.269,-14.636,0.77,-1.37,0.77,-1.37,INF,-1,0,7,0
420,1,1,7.120,-14.896,0.67,-1.39,0.67,-1.39,INF,-1,0,7,0
440,1,1,4.781,-14.010,0.45,-1.31,0.45,-1.31,INF,-1,0,7,0
460,1,1,7.672,-16.207,0.72,-1.51,0.72,-1.51,INF,-1,1,7,0
480,1,1,7.962,-14.483,0.74,-1.35,0.74,-1.35,INF,-1,1,7,0
500,1,1,7.482,-14.011,0.70,-1.31,0.70,-1.31,INF,-1,1,7,0
520,1,1,3.075,-1.894,0.29,-0.18,0.29,-0.18,INF,-1,1,7,0
540,1,1,-5.607,20.250,-0.52,1.89,-0.52,1.89,INF,-1,1,7,0
560,1,1,-2.349,18.811,-0.22,1.76,-0.22,1.76,INF,-1,0,7,0
580,1,1,-7.498,20.785,-0.70,1.94,-0.70,1.94,INF,-1,0,7,0
600,1,1,-2.611,18.402,-0.24,1.72,-0.24,1.72,INF,-1,0,7,0
620,1,1,-2.337,21.012,-0.22,1.96,-0.22,1.96,INF,-1,0,7,0
640,1,1,-2.731,19.260,-0.26,1.80,-0.26,1.80,INF,-1,0,7,0
660,1,1,-1.389,16.524,-0.13,1.54,-0.13,1.54,INF,-1,0,7,0
680,1,1,-1.030,17.895,-0.10,1.67,-0.10,1.67,INF,-1,0,7,0
700,1,1,-2.760,19.607,-0.26,1.83,-0.26,1.83,INF,-1,0,7,0
720,1,1,-2.042,19.372,-0.19,1.81,-0.19,1.81,INF,-1,0,7,0
740,1,1,-3.243,18.848,-0.30,1.76,-0.30,1.76,INF,-1,0,7,0
760,1,1,-3.671,19.621,-0.34,1.83,-0.34,1.83,INF,-1,0,7,0
780,1,1,-2.216,20.003,-0.21,1.87,-0.21,1.87,INF,-1,0,7,0
800,1,1,-3.141,19.117,-0.29,1.79,-0.29,1.79,INF,-1,0,7,0
820,1,1,-2.196,18.592,-0.21,1.74,-0.21,1.74,INF,-1,1,7,0
840,1,1,-7.539,19.271,-0.70,1.80,-0.70,1.80,INF,-1,1,7,0
860,0,1,0.000,0.000,0.00,0.00,0.00,0.00,0.00,-1,1,7,0
880,0,1,0.000,0.000,0.00,0.00,0.00,0.00,0.00,-1,1,7,0
900,0,1,0.000,0.000,0.00,0.00,0.00,0.00,0.00,-1,1,7,0
920,0,1,0.000,0.000,0.00,0.00,0.00,0.00,0.00,-1,1,7,0
940,0,1,0.000,0.000,0.00,0.00,0.00,0.00,0.00,-1,0,7,0
960,0,1,0.000,0.000,0.00,0.00,0.00,0.00,0.00,-1,0,7,0
980,0,1,0.000,0.000,0.00,0.00,0.00,0.00,0.00,-1,0,7,0
1000,0,1,0.000,0.000,0.00,0.00,0.00,0.00,0.00,-1,0,7,0
1020,0,1,0.000,0.000,0.00,0.00,0.00,0.00,0.00,-1,0,7,0
1040,0,1,0.000,0.000,0.00,0.00,0.00,0.00,0.00,-1,0,7,0
1060,0,1,0.000,0.000,0.00,0.00,0.00,0.00,0.00,-1,0,7,0
1080,1,1,-44.734,3.527,-4.17,0.33,-4.17,0.33,INF,-1,0,7,0
1100,1,1,-33.902,28.329,-3.17,2.64,-3.16,2.65,INF,-1,0,7,0
1120,1,1,-33.639,30.321,-3.14,2.83,-3.14,2.83,INF,-1,0,7,0
1140,1,1,-33.310,30.473,-3.11,2.84,-3.11,2.85,INF,-1,0,7,0
1160,1,1,-35.820,29.899,-3.34,2.79,-3.34,2.79,INF,-1,0,7,0
1180,1,1,-35.107,30.634,-3.28,2.86,-3.27,2.86,INF,-1,0,7,0
1200,1,1,-37.474,29.651,-3.50,2.76,-3.49,2.77,INF,-1,0,7,0
1220,1,1,-37.485,28.937,-3.50,2.70,-3.50,2.70,INF,-1,0,7,0
1240,1,1,-35.635,28.420,-3.33,2.65,-3.32,2.65,INF,-1,0,7,0
1260,1,1,-36.527,28.772,-3.41,2.68,-3.41,2.69,INF,-1,0,7,0
1280,1,1,-36.082,29.482,-3.37,2.75,-3.36,2.75,INF,-1,0,7,0
1300,1,1,-35.072,28.384,-3.27,2.65,-3.27,2.65,INF,-1,0,7,0
1320,1,1,-35.016,29.029,-3.27,2.71,-3.27,2.71,INF,-1,0,7,0
1340,1,1,-36.158,29.043,-3.38,2.71,-3.37,2.71,INF,-1,0,7,0
1360,1,1,-36.020,26.685,-3.36,2.49,-3.36,2.49,INF,-1,0,7,0
1380,1,1,-14.122,26.756,-1.32,2.50,-1.32,2.50,INF,-1,1,7,0
1400,1,1,24.940,22.522,2.33,2.10,2.33,2.10,INF,-1,1,7,0
1420,1,1,24.183,22.022,2.26,2.06,2.26,2.06,INF,-1,0,7,0
1440,1,1,24.456,21.540,2.28,2.01,2.28,2.01,INF,-1,0,7,0
1460,1,1,24.821,21.245,2.32,1.98,2.32,1.98,INF,-1,0,7,0
1480,1,1,24.981,20.868,2.33,1.95,2.33,1.95,INF,-1,0,7,0
1500,1,1,25.006,22.883,2.34,2.14,2.33,2.14,INF,-1,0,7,0
1520,1,1,25.780,22.508,2.41,2.10,2.41,2.10,INF,-1,0,7,0
1540,1,1,24.418,20.861,2.28,1.95,2.28,1.95,INF,-1,0,7,0
1560,1,1,24.060,22.528,2.25,2.10,2.25,2.10,INF,-1,0,7,0
1580,1,1,23.390,20.266,2.19,1.89,2.18,1.89,INF,-1,0,7,0
1600,1,1,26.334,18.419,2.46,1.72,2.46,1.72,INF,-1,0,7,0
1620,1,1,25.133,19.311,2.35,1.80,2.35,1.80,INF,-1,0,7,0
1640,1,1,21.856,20.650,2.04,1.93,2.04,1.93,INF,-1,0,7,0
1660,1,1,23.653,22.005,2.21,2.05,2.21,2.06,INF,-1,0,7,0
1680,1,1,23.810,19.883,2.22,1.86,2.22,1.86,INF,-1,1,7,0
1700,1,1,22.944,20.416,2.14,1.91,2.14,1.91,INF,-1,1,7,0
1720,1,1,25.399,19.517,2.37,1.82,2.37,1.82,INF,-1,1,7,0
1740,1,1,23.374,20.335,2.18,1.90,2.18,1.90,INF,-1,1,7,0
1760,1,1,24.719,18.874,2.31,1.76,2.31,1.76,INF,-1,1,7,0
1780,1,1,23.556,18.389,2.20,1.72,2.20,1.72,INF,-1,1,7,0
1800,1,1,26.084,15.635,2.44,1.46,2.44,1.46,INF,-1,1,7,0
1820,1,1,33.054,-10.151,3.09,-0.95,3.09,-0.95,INF,-1,1,7,0
1840,1,1,31.544,-30.317,2.95,-2.83,2.94,-2.83,INF,-1,1,7,0
1860,1,1,32.404,-28.084,3.03,-2.62,3.02,-2.62,INF,-1,0,7,0
1880,1,1,32.232,-27.327,3.01,-2.55,3.01,-2.55,INF,-1,0,7,0
1900,1,1,30.654,-27.512,2.86,-2.57,2.86,-2.57,INF,-1,0,7,0
1920,1,1,33.191,-27.310,3.10,-2.55,3.10,-2.55,INF,-1,0,7,0
1940,1,1,32.491,-29.784,3.03,-2.78,3.03,-2.78,INF,-1,0,7,0
1960,1,1,32.452,-27.829,3.03,-2.60,3.03,-2.60,INF,-1,0,7,0
1980,1,1,34.527,-30.922,3.22,-2.88,3.22,-2.89,INF,-1,0,7,0
2000,1,1,31.715,-30.624,2.96,-2.86,2.96,-2.86,INF,-1,0,7,0
2020,1,1,33.184,-30.336,3.10,-2.83,3.09,-2.83,INF,-1,0,7,0
2040,1,1,32.659,-29.248,3.05,-2.73,3.05,-2.73,INF,-1,0,7,0
2060,1,1,33.262,-31.614,3.11,-2.95,3.10,-2.95,INF,-1,0,7,0
2080,1,1,33.299,-29.092,3.11,-2.71,3.11,-2.72,INF,-1,0,7,0
2100,1,1,31.716,-29.995,2.96,-2.80,2.96,-2.80,INF,-1,0,7,0
2120,1,1,33.316,-32.634,3.11,-3.04,3.11,-3.05,INF,-1,1,7,0
2140,1,1,33.555,-31.912,3.13,-2.98,3.13,-2.98,INF,-1,1,7,0
2160,1,1,27.489,-32.207,2.57,-3.00,2.56,-3.01,INF,-1,1,7,0
2180,1,1,-1.375,-21.950,-0.13,-2.05,-0.13,-2.05,INF,-1,1,7,0
2200,1,1,0.611,-19.125,0.06,-1.79,0.06,-1.79,INF,-1,1,7,0
2220,1,1,0.791,-18.927,0.07,-1.77,0.07,-1.77,INF,-1,0,7,0
2240,1,1,0.805,-20.355,0.08,-1.90,0.08,-1.90,INF,-1,0,7,0
2260,1,1,2.526,-20.586,0.24,-1.92,0.24,-1.92,INF,-1,0,7,0
2280,1,1,0.168,-19.114,0.02,-1.79,0.02,-1.79,INF,-1,0,7,0
2300,1,1,1.723,-19.765,0.16,-1.85,0.16,-1.85,INF,-1,0,7,0
2320,1,1,2.128,-20.807,0.20,-1.94,0.20,-1.94,INF,-1,0,7,0
2340,1,1,3.539,-20.249,0.33,-1.89,0.33,-1.89,INF,-1,0,7,0
2360,1,1,4.272,-18.898,0.40,-1.77,0.40,-1.77,INF,-1,0,7,0
2380,1,1,3.316,-19.909,0.31,-1.86,0.31,-1.86,INF,-1,0,7,0
2400,1,1,3.265,-20.610,0.31,-1.93,0.30,-1.93,INF,-1,0,7,0
2420,1,1,1.981,-20.293,0.19,-1.90,0.19,-1.90,INF,-1,0,7,0
2440,1,1,3.112,-18.855,0.29,-1.76,0.29,-1.76,INF,-1,0,7,0
2460,1,1,3.926,-18.699,0.37,-1.75,0.37,-1.75,INF,-1,1,7,0
2480,1,1,18.252,21.699,1.71,2.03,1.70,2.03,INF,-1,1,7,0
2500,1,1,24.258,24.642,2.27,2.30,2.26,2.30,INF,-1,1,7,0
2520,1,1,25.981,24.235,2.43,2.26,2.43,2.26,INF,-1,0,7,0
2540,1,1,26.164,24.174,2.44,2.26,2.44,2.26,INF,-1,0,7,0
2560,1,1,25.152,24.535,2.35,2.29,2.35,2.29,INF,-1,0,7,0
2580,1,1,21.623,27.944,2.02,2.61,2.02,2.61,INF,-1,0,7,0
2600,1,1,25.862,26.898,2.42,2.51,2.41,2.51,INF,-1,0,7,0
2620,1,1,27.998,25.653,2.62,2.39,2.61,2.40,INF,-1,0,7,0
2640,1,1,26.595,23.988,2.48,2.24,2.48,2.24,INF,-1,0,7,0
2660,1,1,25.632,26.882,2.39,2.51,2.39,2.51,INF,-1,0,7,0
2680,1,1,23.598,26.932,2.20,2.51,2.20,2.52,INF,-1,0,7,0
2700,1,1,26.340,26.561,2.46,2.48,2.46,2.48,INF,-1,0,7,0
2720,1,1,24.374,27.119,2.28,2.53,2.27,2.53,INF,-1,0,7,0
2740,1,1,26.732,25.217,2.50,2.35,2.49,2.36,INF,-1,0,7,0
2760,0,1,0.000,0.000,0.00,0.00,0.00,0.00,0.00,-1,1,7,0
2780,1,1,27.018,25.903,2.52,2.42,2.52,2.42,INF,-1,1,7,0
2800,1,1,26.263,26.610,2.45,2.48,2.45,2.49,INF,-1,1,7,0
2820,1,1,25.709,26.963,2.40,2.52,2.40,2.52,INF,-1,1,7,0
2840,1,1,26.706,24.807,2.49,2.32,2.49,2.32,INF,-1,1,7,0
2860,1,1,25.561,26.123,2.39,2.44,2.39,2.44,INF,-1,1,7,0
2880,1,1,26.782,25.800,2.50,2.41,2.50,2.41,INF,-1,1,7,0
2900,1,1,0.545,19.874,0.05,1.86,0.05,1.86,INF,-1,1,7,0
2920,1,1,-8.028,16.065,-0.75,1.50,-0.75,1.50,INF,-1,1,7,0
2940,1,1,-6.903,19.829,-0.65,1.85,-0.64,1.85,INF,-1,0,7,0
2960,1,1,-7.204,20.342,-0.67,1.90,-0.67,1.90,INF,-1,0,7,0
2980,1,1,-7.256,18.608,-0.68,1.74,-0.68,1.74,INF,-1,0,7,0
3000,1,1,-6.314,16.726,-0.59,1.56,-0.59,1.56,INF,-1,0,7,0
3020,1,1,-5.844,17.267,-0.55,1.61,-0.55,1.61,INF,-1,0,7,0
3040,1,1,-5.689,17.727,-0.53,1.66,-0.53,1.66,INF,-1,0,7,0
3060,1,1,-5.327,18.374,-0.50,1.72,-0.50,1.72,INF,-1,0,7,0
3080,1,1,-4.986,18.304,-0.47,1.71,-0.47,1.71,INF,-1,0,7,0
3100,1,1,-5.322,18.840,-0.50,1.76,-0.50,1.76,INF,-1,0,7,0
3120,1,1,-8.195,18.459,-0.77,1.72,-0.77,1.72,INF,-1,0,7,0
3140,1,1,-7.447,20.141,-0.70,1.88,-0.70,1.88,INF,-1,0,7,0
3160,1,1,-7.930,17.028,-0.74,1.59,-0.74,1.59,INF,-1,0,7,0
3180,1,1,-6.410,19.994,-0.60,1.87,-0.60,1.87,INF,-1,1,7,0
3200,1,1,-6.780,19.214,-0.63,1.80,-0.63,1.80,INF,-1,1,7,0
3220,1,1,-7.326,19.935,-0.68,1.86,-0.68,1.86,INF,-1,1,7,0
3240,1,1,-7.314,17.553,-0.68,1.64,-0.68,1.64,INF,-1,1,7,0
3260,1,1,-6.131,17.989,-0.57,1.68,-0.57,1.68,INF,-1,1,7,0
3280,1,1,-6.266,20.010,-0.59,1.87,-0.59,1.87,INF,-1,1,7,0
3300,1,1,-8.631,19.753,-0.81,1.85,-0.81,1.85,INF,-1,1,7,0
3320,1,1,-8.619,18.079,-0.81,1.69,-0.81,1.69,INF,-1,1,7,0
3340,1,1,-8.114,20.754,-0.76,1.94,-0.76,1.94,INF,-1,1,7,0
3360,1,1,-10.298,15.358,-0.96,1.44,-0.96,1.44,INF,-1,1,7,0
3380,1,1,-13.631,-12.563,-1.27,-1.17,-1.27,-1.17,INF,-1,1,7,0
3400,1,1,-14.315,-13.034,-1.34,-1.22,-1.34,-1.22,INF,-1,1,7,0
3420,1,1,-12.887,-14.491,-1.20,-1.35,-1.20,-1.35,INF,-1,0,7,0
3440,1,1,-14.463,-15.331,-1.35,-1.43,-1.35,-1.43,INF,-1,0,7,0
3460,1,1,-12.379,-11.711,-1.16,-1.09,-1.16,-1.09,INF,-1,0,7,0
3480,1,1,-14.561,-14.192,-1.36,-1.33,-1.36,-1.33,INF,-1,0,7,0
3500,1,1,-11.080,-15.322,-1.04,-1.43,-1.04,-1.43,INF,-1,0,7,0
3520,1,1,-12.824,-13.128,-1.20,-1.23,-1.20,-1.23,INF,-1,0,7,0
3540,1,1,-11.055,-12.359,-1.03,-1.15,-1.03,-1.15,INF,-1,0,7,0
3560,1,1,-12.561,-16.466,-1.17,-1.54,-1.17,-1.54,INF,-1,0,7,0
3580,1,1,-11.324,-13.702,-1.06,-1.28,-1.06,-1.28,INF,-1,0,7,0
3600,1,1,-12.053,-14.176,-1.13,-1.32,-1.13,-1.32,INF,-1,0,7,0
3620,1,1,-12.763,-14.362,-1.19,-1.34,-1.19,-1.34,INF,-1,0,7,0
3640,1,1,-10.204,-16.186,-0.95,-1.51,-0.95,-1.51,INF,-1,0,7,0
3660,1,1,-13.207,-14.306,-1.23,-1.34,-1.23,-1.34,INF,-1,1,7,0
3680,1,1,-11.520,-15.779,-1.08,-1.47,-1.08,-1.47,INF,-1,1,7,0
3700,1,1,-13.679,-15.796,-1.28,-1.48,-1.28,-1.48,INF,-1,1,7,0
3720,1,1,-7.432,-16.621,-0.69,-1.55,-0.69,-1.55,INF,-1,1,7,0
3740,1,1,27.504,-11.162,2.57,-1.04,2.57,-1.04,INF,-1,1,7,0
3760,1,1,25.568,-10.864,2.39,-1.01,2.39,-1.02,INF,-1,1,7,0
3780,1,1,25.994,-12.666,2.43,-1.18,2.43,-1.18,INF,-1,0,7,0
3800,1,1,24.646,-12.594,2.30,-1.18,2.30,-1.18,INF,-1,0,7,0
3820,1,1,24.439,-11.109,2.28,-1.04,2.28,-1.04,INF,-1,0,7,0
3840,1,1,23.256,-8.904,2.17,-0.83,2.17,-0.83,INF,-1,0,7,0
3860,1,1,24.668,-9.889,2.30,-0.92,2.30,-0.92,INF,-1,0,7,0
3880,1,1,24.825,-11.690,2.32,-1.09,2.32,-1.09,INF,-1,0,7,0
3900,1,1,22.731,-10.247,2.12,-0.96,2.12,-0.96,INF,-1,0,7,0
3920,1,1,25.885,-11.135,2.42,-1.04,2.42,-1.04,INF,-1,0,7,0
3940,1,1,21.608,-10.363,2.02,-0.97,2.02,-0.97,INF,-1,0,7,0
3960,1,1,25.541,-12.157,2.39,-1.14,2.39,-1.14,INF,-1,0,7,0
3980,1,1,24.904,-11.928,2.33,-1.11,2.33,-1.11,INF,-1,0,7,0
4000,1,1,25.884,-12.468,2.42,-1.16,2.42,-1.17,INF,-1,0,7,0
4020,1,1,23.830,-9.520,2.23,-0.89,2.23,-0.89,INF,-1,1,7,0
4040,1,1,24.974,-13.852,2.33,-1.29,2.33,-1.29,INF,-1,1,7,0
4060,1,1,27.043,-13.066,2.53,-1.22,2.53,-1.22,INF,-1,1,7,0
4080,1,1,24.998,-12.417,2.34,-1.16,2.33,-1.16,INF,-1,1,7,0
4100,1,1,25.702,-12.745,2.40,-1.19,2.40,-1.19,INF,-1,1,7,0
4120,1,1,26.165,-13.894,2.44,-1.30,2.44,-1.30,INF,-1,1,7,0
4140,1,1,24.645,-10.688,2.30,-1.00,2.30,-1.00,INF,-1,1,7,0
4160,1,1,23.832,-12.652,2.23,-1.18,2.23,-1.18,INF,-1,1,7,0
4180,1,1,23.668,-12.800,2.21,-1.20,2.21,-1.20,INF,-1,1,7,0
4200,1,1,21.360,-11.083,2.00,-1.04,2.00,-1.04,INF,-1,1,7,0
4220,1,1,12.651,1.013,1.18,0.09,1.18,0.09,INF,-1,1,7,0
4240,1,1,12.776,2.725,1.19,0.25,1.19,0.25,INF,-1,1,7,0
4260,1,1,12.603,4.302,1.18,0.40,1.18,0.40,INF,-1,0,7,0
4280,1,1,15.386,0.067,1.44,0.01,1.44,0.01,INF,-1,0,7,0
4300,1,1,14.456,2.978,1.35,0.28,1.35,0.28,INF,-1,0,7,0
4320,1,1,13.917,3.965,1.30,0.37,1.30,0.37,INF,-1,0,7,0
4340,1,1,11.846,4.043,1.11,0.38,1.11,0.38,INF,-1,0,7,0
4360,1,1,13.366,2.374,1.25,0.22,1.25,0.22,INF,-1,0,7,0
4380,1,1,14.574,2.173,1.36,0.20,1.36,0.20,INF,-1,0,7,0
4400,1,1,11.819,1.335,1.10,0.12,1.10,0.12,INF,-1,0,7,0
4420,1,1,14.796,2.968,1.38,0.28,1.38,0.28,INF,-1,0,7,0
4440,1,1,15.013,2.017,1.40,0.19,1.40,0.19,INF,-1,0,7,0
4460,1,1,10.993,4.989,1.03,0.47,1.03,0.47,INF,-1,0,7,0
4480,1,1,11.923,30.473,1.11,2.85,1.11,2.85,INF,-1,0,7,0
4500,1,1,12.116,27.862,1.13,2.60,1.13,2.60,INF,-1,1,7,0
4520,1,1,13.338,28.653,1.25,2.68,1.25,2.68,INF,-1,0,7,0
4540,1,1,15.159,28.050,1.42,2.62,1.42,2.62,INF,-1,0,7,0
4560,1,1,13.219,30.411,1.24,2.84,1.23,2.84,INF,-1,0,7,0
4580,1,1,15.670,27.600,1.46,2.58,1.46,2.58,INF,-1,0,7,0
4600,1,1,14.162,29.747,1.32,2.78,1.32,2.78,INF,-1,0,7,0
4620,1,1,16.292,28.129,1.52,2.63,1.52,2.63,INF,-1,0,7,0
4640,1,1,13.709,28.798,1.28,2.69,1.28,2.69,INF,-1,0,7,0
4660,1,1,14.236,30.154,1.33,2.82,1.33,2.82,INF,-1,0,7,0
4680,1,1,11.934,28.523,1.12,2.66,1.11,2.66,INF,-1,0,7,0
4700,1,1,17.430,28.745,1.63,2.68,1.63,2.68,INF,-1,0,7,0
4720,1,1,12.645,28.267,1.18,2.64,1.18,2.64,INF,-1,0,7,0
4740,1,1,13.102,30.879,1.22,2.88,1.22,2.88,INF,-1,0,7,0
4760,1,1,15.596,31.831,1.46,2.97,1.46,2.97,INF,-1,1,7,0
4780,1,1,14.694,28.912,1.37,2.70,1.37,2.70,INF,-1,1,7,0
4800,1,1,13.835,29.300,1.29,2.74,1.29,2.74,INF,-1,1,7,0
4820,1,1,12.843,27.440,1.20,2.56,1.20,2.56,INF,-1,1,7,0
4840,1,1,9.028,26.298,0.84,2.46,0.84,2.46,INF,-1,1,7,0
4860,1,1,-29.922,28.978,-2.79,2.70,-2.79,2.71,INF,-1,1,7,0
4880,0,1,0.000,0.000,0.00,0.00,0.00,0.00,0.00,-1,1,7,0
4900,0,1,0.000,0.000,0.00,0.00,0.00,0.00,0.00,-1,1,7,0
4920,0,1,0.000,0.000,0.00,0.00,0.00,0.00,0.00,-1,1,7,0
4940,0,1,0.000,0.000,0.00,0.00,0.00,0.00,0.00,-1,0,7,0
4960,0,1,0.000,0.000,0.00,0.00,0.00,0.00,0.00,-1,0,7,0
4980,0,1,0.000,0.000,0.00,0.00,0.00,0.00,0.00,-1,0,7,0
5000,0,1,0.000,0.000,0.00,0.00,0.00,0.00,0.00,-1,0,7,0
5020,0,1,0.000,0.000,0.00,0.00,0.00,0.00,0.00,-1,0,7,0
5040,0,1,0.000,0.000,0.00,0.00,0.00,0.00,0.00,-1,0,7,0
5060,0,1,0.000,0.000,0.00,0.00,0.00,0.00,0.00,-1,0,7,0
5080,0,1,0.000,0.000,0.00,0.00,0.00,0.00,0.00,-1,0,7,0
5100,1,1,-41.112,28.890,-3.84,2.69,-3.83,2.70,INF,-1,0,7,0
5120,1,1,-39.434,32.388,-3.68,3.02,-3.68,3.02,INF,-1,0,7,0
5140,1,1,-40.040,31.880,-3.74,2.97,-3.73,2.98,INF,-1,0,7,0
5160,1,1,-37.768,31.408,-3.53,2.93,-3.52,2.93,INF,-1,0,7,0
5180,1,1,-37.810,32.846,-3.53,3.06,-3.52,3.07,INF,-1,0,7,0
5200,1,1,-36.895,30.658,-3.44,2.86,-3.44,2.86,INF,-1,0,7,0
5220,1,1,-37.763,28.637,-3.53,2.67,-3.52,2.67,INF,-1,0,7,0
5240,1,1,-36.504,27.688,-3.41,2.58,-3.40,2.59,INF,-1,0,7,0
5260,1,1,-36.981,27.966,-3.45,2.61,-3.45,2.61,INF,-1,0,7,0
5280,1,1,-36.351,29.668,-3.39,2.77,-3.39,2.77,INF,-1,0,7,0
5300,1,1,-36.448,30.328,-3.40,2.83,-3.40,2.83,INF,-1,0,7,0
5320,1,1,-36.590,29.047,-3.42,2.71,-3.41,2.71,INF,-1,0,7,0
5340,1,1,-35.862,26.820,-3.35,2.50,-3.34,2.51,INF,-1,0,7,0
5360,1,1,-37.443,27.498,-3.50,2.56,-3.49,2.57,INF,-1,0,7,0
5380,1,1,-35.937,29.052,-3.36,2.71,-3.35,2.71,INF,-1,1,7,0
5400,1,1,3.093,30.806,0.29,2.88,0.29,2.88,INF,-1,1,7,0
5420,1,1,24.523,30.626,2.29,2.86,2.29,2.86,INF,-1,1,7,0
5440,1,1,22.710,33.082,2.12,3.09,2.12,3.09,INF,-1,0,7,0
5460,1,1,22.383,31.938,2.09,2.98,2.09,2.98,INF,-1,0,7,0
5480,1,1,25.218,30.974,2.36,2.89,2.35,2.89,INF,-1,0,7,0
5500,1,1,21.939,31.989,2.05,2.99,2.05,2.99,INF,-1,0,7,0
5520,1,1,23.967,30.292,2.24,2.83,2.24,2.83,INF,-1,0,7,0
5540,1,1,24.220,29.626,2.26,2.76,2.26,2.77,INF,-1,0,7,0
5560,1,1,23.697,30.704,2.21,2.87,2.21,2.87,INF,-1,0,7,0
5580,1,1,22.530,28.881,2.10,2.70,2.10,2.70,INF,-1,0,7,0
5600,1,1,23.398,28.605,2.19,2.67,2.18,2.67,INF,-1,0,7,0
5620,1,1,21.549,30.344,2.01,2.83,2.01,2.83,INF,-1,0,7,0
5640,1,1,22.981,31.303,2.15,2.92,2.14,2.92,INF,-1,0,7,0
5660,1,1,23.825,26.472,2.23,2.47,2.22,2.47,INF,-1,0,7,0
5680,1,1,20.116,29.608,1.88,2.76,1.88,2.77,INF,-1,0,7,0
5700,1,1,22.613,26.521,2.11,2.48,2.11,2.48,INF,-1,1,7,0
5720,1,1,50.606,-12.921,4.72,-1.20,4.72,-1.21,INF,-1,1,7,0
5740,1,1,46.014,-22.027,4.29,-2.05,4.29,-2.06,INF,-1,1,7,0
5760,1,1,45.617,-22.161,4.26,-2.06,4.25,-2.07,INF,-1,0,7,0
5780,1,1,47.212,-20.921,4.40,-1.95,4.40,-1.95,INF,-1,0,7,0
5800,1,1,46.218,-20.205,4.31,-1.88,4.31,-1.89,INF,-1,0,7,0
5820,1,1,46.077,-21.323,4.30,-1.99,4.30,-1.99,INF,-1,0,7,0
5840,1,1,47.362,-20.930,4.42,-1.95,4.42,-1.96,INF,-1,0,7,0
5860,1,1,46.063,-23.909,4.30,-2.23,4.29,-2.23,INF,-1,0,7,0
5880,1,1,46.765,-23.125,4.36,-2.15,4.36,-2.16,INF,-1,0,7,0
5900,1,1,45.705,-19.492,4.26,-1.82,4.26,-1.82,INF,-1,0,7,0
5920,1,1,47.694,-23.279,4.45,-2.17,4.45,-2.17,INF,-1,0,7,0
5940,1,1,47.961,-19.979,4.47,-1.86,4.47,-1.87,INF,-1,0,7,0
5960,1,1,44.724,-20.351,4.17,-1.90,4.17,-1.90,INF,-1,0,7,0
5980,1,1,48.835,-22.871,4.55,-2.13,4.55,-2.14,INF,-1,0,7,0
6000,1,1,45.679,-19.629,4.26,-1.83,4.26,-1.83,INF,-1,1,7,0
6020,1,1,47.315,-19.206,4.41,-1.79,4.41,-1.79,INF,-1,1,7,0
6040,1,1,48.431,-23.621,4.52,-2.20,4.51,-2.21,INF,-1,1,7,0
6060,1,1,48.861,-21.619,4.56,-2.01,4.55,-2.02,INF,-1,1,7,0
6080,1,1,45.998,-21.497,4.29,-2.00,4.29,-2.01,INF,-1,1,7,0
6100,1,1,46.153,-19.839,4.31,-1.85,4.30,-1.85,INF,-1,1,7,0
6120,1,1,47.203,-21.431,4.40,-2.00,4.40,-2.00,INF,-1,1,7,0
6140,1,1,46.726,-21.273,4.36,-1.98,4.36,-1.99,INF,-1,1,7,0
6160,1,1,46.720,-19.530,4.36,-1.82,4.36,-1.82,INF,-1,1,7,0
6180,1,1,31.177,-19.854,2.91,-1.85,2.91,-1.86,INF,-1,1,7,0
6200,1,1,-16.407,-10.311,-1.53,-0.96,-1.53,-0.96,INF,-1,1,7,0
6220,1,1,-15.621,-7.938,-1.46,-0.74,-1.46,-0.74,INF,-1,0,7,0
6240,1,1,-14.183,-10.094,-1.33,-0.94,-1.33,-0.94,INF,-1,0,7,0
6260,1,1,-16.469,-5.216,-1.54,-0.49,-1.54,-0.49,INF,-1,0,7,0
6280,1,1,-15.157,-9.636,-1.42,-0.90,-1.42,-0.90,INF,-1,0,7,0
6300,1,1,-13.922,-12.384,-1.30,-1.16,-1.30,-1.16,INF,-1,0,7,0
6320,1,1,-13.648,-8.795,-1.28,-0.82,-1.28,-0.82,INF,-1,0,7,0
6340,1,1,-14.705,-8.248,-1.37,-0.77,-1.37,-0.77,INF,-1,0,7,0
6360,1,1,-12.011,-10.300,-1.12,-0.96,-1.12,-0.96,INF,-1,0,7,0
6380,1,1,-12.749,-8.784,-1.19,-0.82,-1.19,-0.82,INF,-1,0,7,0
6400,1,1,-16.115,-7.884,-1.51,-0.74,-1.51,-0.74,INF,-1,0,7,0
6420,1,1,-14.534,-7.610,-1.36,-0.71,-1.36,-0.71,INF,-1,0,7,0
6440,1,1,-12.201,-9.051,-1.14,-0.85,-1.14,-0.85,INF,-1,0,7,0
6460,1,1,-14.559,-7.271,-1.36,-0.68,-1.36,-0.68,INF,-1,0,7,0
6480,1,1,-13.317,-7.975,-1.24,-0.75,-1.24,-0.75,INF,-1,1,7,0
6500,1,1,-14.437,-10.334,-1.35,-0.97,-1.35,-0.97,INF,-1,1,7,0
6520,1,1,-15.840,-9.376,-1.48,-0.88,-1.48,-0.88,INF,-1,1,7,0
6540,1,1,-13.862,-7.678,-1.30,-0.72,-1.30,-0.72,INF,-1,1,7,0
6560,1,1,-12.368,-9.661,-1.16,-0.90,-1.16,-0.90,INF,-1,1,7,0
6580,1,1,-12.556,-8.781,-1.17,-0.82,-1.17,-0.82,INF,-1,1,7,0
6600,1,1,-35.539,7.091,-3.32,0.66,-3.32,0.66,INF,-1,1,7,0
6620,1,1,-48.580,20.635,-4.53,1.92,-4.53,1.93,INF,-1,1,7,0
6640,1,1,-43.545,18.725,-4.06,1.75,-4.06,1.75,INF,-1,0,7,0
6660,1,1,-43.510,18.861,-4.06,1.76,-4.06,1.76,INF,-1,0,7,0
6680,1,1,-43.955,19.472,-4.10,1.81,-4.10,1.82,INF,-1,0,7,0
6700,1,1,-42.754,16.822,-3.99,1.57,-3.99,1.57,INF,-1,0,7,0
6720,1,1,-44.123,20.711,-4.12,1.93,-4.11,1.94,INF,-1,0,7,0
6740,1,1,-42.855,18.850,-4.00,1.76,-4.00,1.76,INF,-1,0,7,0
6760,1,1,-41.108,20.489,-3.84,1.91,-3.83,1.91,INF,-1,0,7,0
6780,1,1,-41.923,17.644,-3.91,1.64,-3.91,1.65,INF,-1,0,7,0
6800,1,1,-42.865,20.047,-4.00,1.87,-4.00,1.87,INF,-1,0,7,0
6820,1,1,-44.986,21.241,-4.20,1.98,-4.19,1.98,INF,-1,0,7,0
6840,1,1,-43.096,19.542,-4.02,1.82,-4.02,1.83,INF,-1,0,7,0
6860,1,1,-41.435,18.662,-3.87,1.74,-3.87,1.74,INF,-1,0,7,0
6880,1,1,-42.420,17.503,-3.96,1.63,-3.96,1.64,INF,-1,0,7,0
6900,1,1,-41.974,16.081,-3.92,1.50,-3.92,1.50,INF,-1,1,7,0
6920,1,1,-42.020,18.002,-3.92,1.68,-3.92,1.68,INF,-1,1,7,0
6940,1,1,-42.987,17.859,-4.01,1.66,-4.01,1.67,INF,-1,1,7,0
6960,1,1,-46.804,18.313,-4.37,1.71,-4.36,1.71,INF,-1,1,7,0
6980,1,1,-65.532,32.372,-6.10,3.01,-6.09,3.02,INF,-1,1,7,0
7000,1,1,-62.578,30.275,-5.83,2.81,-5.82,2.83,INF,-1,1,7,0
7020,1,1,-64.507,32.454,-6.01,3.01,-6.00,3.03,INF,-1,0,7,0
7040,1,1,-63.335,29.540,-5.90,2.74,-5.89,2.76,INF,-1,0,7,0
7060,1,1,-62.432,30.026,-5.82,2.79,-5.81,2.80,INF,-1,0,7,0
7080,1,1,-63.436,29.772,-5.91,2.77,-5.90,2.78,INF,-1,0,7,0
7100,1,1,-62.681,31.368,-5.84,2.91,-5.83,2.93,INF,-1,0,7,0
7120,1,1,-62.991,31.056,-5.87,2.89,-5.86,2.90,INF,-1,0,7,0
7140,1,1,-63.582,30.293,-5.92,2.81,-5.91,2.83,INF,-1,0,7,0
7160,1,1,-62.860,30.079,-5.85,2.79,-5.85,2.81,INF,-1,0,7,0
7180,1,1,-63.026,30.124,-5.87,2.80,-5.86,2.81,INF,-1,0,7,0
7200,1,1,-64.687,28.555,-6.02,2.65,-6.02,2.67,INF,-1,0,7,0
7220,1,1,-5.002,11.482,-0.47,1.07,-0.47,1.07,INF,-1,0,7,0
7240,1,1,16.407,3.727,1.53,0.35,1.53,0.35,INF,-1,0,7,0
7260,1,1,16.992,4.014,1.59,0.38,1.59,0.38,INF,-1,0,7,0
7280,1,1,14.727,6.120,1.38,0.57,1.38,0.57,INF,-1,0,7,0
7300,1,1,14.218,3.551,1.33,0.33,1.33,0.33,INF,-1,0,7,0
7320,1,1,16.294,0.458,1.52,0.04,1.52,0.04,INF,-1,0,7,0
7340,0,1,0.000,0.000,0.00,0.00,0.00,0.00,0.00,-1,0,7,0
7360,0,1,0.000,0.000,0.00,0.00,0.00,0.00,0.00,-1,0,7,0
7380,0,1,0.000,0.000,0.00,0.00,0.00,0.00,0.00,-1,0,7,0
7400,0,1,0.000,0.000,0.00,0.00,0.00,0.00,0.00,-1,0,7,0
7420,0,1,0.000,0.000,0.00,0.00,0.00,0.00,0.00,-1,0,7,0
7440,0,1,0.000,0.000,0.00,0.00,0.00,0.00,0.00,-1,0,7,0
7460,0,1,0.000,0.000,0.00,0.00,0.00,0.00,0.00,-1,0,7,0
7480,0,1,0.000,0.000,0.00,0.00,0.00,0.00,0.00,-1,0,7,0
7500,0,1,0.000,0.000,0.00,0.00,0.00,0.00,0.00,-1,0,7,0
7520,1,1,17.259,-43.347,1.61,-4.04,1.61,-4.04,INF,-1,0,7,0
7540,1,1,6.478,1.036,0.61,0.10,0.61,0.10,INF,-1,0,7,0
7560,1,1,4.244,2.722,0.40,0.25,0.40,0.25,INF,-1,0,7,0
7580,1,1,5.333,4.169,0.50,0.39,0.50,0.39,INF,-1,0,7,0
7600,1,1,6.498,1.812,0.61,0.17,0.61,0.17,INF,-1,0,7,0
7620,1,1,9.755,1.143,0.91,0.11,0.91,0.11,INF,-1,0,7,0
7640,1,1,10.269,3.060,0.96,0.29,0.96,0.29,INF,-1,0,7,0
7660,1,1,8.091,3.255,0.76,0.30,0.76,0.30,INF,-1,0,7,0
7680,1,1,7.568,1.693,0.71,0.16,0.71,0.16,INF,-1,0,7,0
7700,1,1,9.921,0.288,0.93,0.03,0.93,0.03,INF,-1,0,7,0
7720,1,1,7.963,3.190,0.74,0.30,0.74,0.30,INF,-1,0,7,0
7740,1,1,5.517,3.835,0.52,0.36,0.52,0.36,INF,-1,0,7,0
7760,1,1,7.805,0.618,0.73,0.06,0.73,0.06,INF,-1,0,7,0
7780,1,1,6.971,0.868,0.65,0.08,0.65,0.08,INF,-1,0,7,0
7800,1,1,8.193,0.858,0.77,0.08,0.77,0.08,INF,-1,0,7,0
7820,1,1,9.417,-1.165,0.88,-0.11,0.88,-0.11,INF,-1,1,7,0
7840,1,1,8.011,0.666,0.75,0.06,0.75,0.06,INF,-1,1,7,0
7860,1,1,7.588,1.129,0.71,0.11,0.71,0.11,INF,-1,1,7,0
7880,1,1,7.865,-0.376,0.74,-0.04,0.74,-0.04,INF,-1,1,7,0
7900,1,1,6.500,-0.743,0.61,-0.07,0.61,-0.07,INF,-1,1,7,0
7920,1,1,7.865,-1.823,0.74,-0.17,0.74,-0.17,INF,-1,1,7,0
7940,1,1,38.872,-27.969,3.63,-2.61,3.62,-2.61,INF,-1,1,7,0
7960,1,1,42.384,-34.412,3.96,-3.21,3.95,-3.21,INF,-1,1,7,0
7980,1,1,43.360,-32.905,4.05,-3.06,4.04,-3.07,INF,-1,0,7,0
8000,1,1,43.351,-35.893,4.05,-3.34,4.04,-3.35,INF,-1,0,7,0
8020,1,1,42.917,-32.635,4.00,-3.04,4.00,-3.05,INF,-1,0,7,0
8040,1,1,44.524,-35.742,4.15,-3.33,4.15,-3.34,INF,-1,0,7,0
8060,1,1,43.254,-34.446,4.04,-3.21,4.03,-3.22,INF,-1,0,7,0
8080,1,1,42.016,-32.934,3.92,-3.07,3.92,-3.08,INF,-1,0,7,0
8100,1,1,42.678,-34.303,3.98,-3.20,3.98,-3.20,INF,-1,0,7,0
8120,1,1,42.656,-34.818,3.98,-3.24,3.97,-3.25,INF,-1,0,7,0
8140,1,1,43.741,-36.180,4.08,-3.37,4.07,-3.38,INF,-1,0,7,0
8160,1,1,44.330,-32.829,4.14,-3.06,4.13,-3.07,INF,-1,0,7,0
8180,1,1,42.845,-34.003,4.00,-3.17,3.99,-3.17,INF,-1,0,7,0
8200,1,1,42.267,-35.104,3.94,-3.27,3.94,-3.28,INF,-1,0,7,0
8220,1,1,43.340,-34.289,4.04,-3.19,4.04,-3.20,INF,-1,1,7,0
8240,1,1,42.859,-35.010,4.00,-3.26,3.99,-3.27,INF,-1,1,7,0
8260,1,1,8.183,-10.955,0.76,-1.02,0.76,-1.02,INF,-1,1,7,0
8280,1,1,-4.923,-0.630,-0.46,-0.06,-0.46,-0.06,INF,-1,1,7,0
8300,1,1,-4.755,-1.984,-0.44,-0.19,-0.44,-0.19,INF,-1,0,7,0
8320,1,1,-1.281,-4.306,-0.12,-0.40,-0.12,-0.40,INF,-1,0,7,0
8340,1,1,-0.175,-3.945,-0.02,-0.37,-0.02,-0.37,INF,-1,0,7,0
8360,1,1,-3.160,-4.273,-0.30,-0.40,-0.30,-0.40,INF,-1,0,7,0
8380,1,1,-0.868,-2.991,-0.08,-0.28,-0.08,-0.28,INF,-1,0,7,0
8400,1,1,-1.476,-2.689,-0.14,-0.25,-0.14,-0.25,INF,-1,0,7,0
8420,1,1,-2.122,-1.304,-0.20,-0.12,-0.20,-0.12,INF,-1,0,7,0
8440,1,1,-1.153,-2.623,-0.11,-0.25,-0.11,-0.25,INF,-1,0,7,0
8460,1,1,-0.218,-1.692,-0.02,-0.16,-0.02,-0.16,INF,-1,0,7,0
8480,1,1,-1.867,-1.142,-0.17,-0.11,-0.17,-0.11,INF,-1,0,7,0
8500,1,1,-1.381,-1.967,-0.13,-0.18,-0.13,-0.18,INF,-1,0,7,0
8520,1,1,-0.264,-3.923,-0.02,-0.37,-0.02,-0.37,INF,-1,0,7,0
8540,1,1,-8.890,6.769,-0.83,0.63,-0.83,0.63,INF,-1,0,7,0
8560,1,1,-20.590,16.147,-1.92,1.51,-1.92,1.51,INF,-1,1,7,0
8580,1,1,-22.098,18.378,-2.06,1.72,-2.06,1.72,INF,-1,1,7,0
8600,1,1,-23.291,17.814,-2.18,1.66,-2.17,1.66,INF,-1,0,7,0
8620,1,1,-22.520,17.576,-2.10,1.64,-2.10,1.64,INF,-1,0,7,0
8640,1,1,-23.945,20.183,-2.24,1.88,-2.24,1.89,INF,-1,0,7,0
8660,1,1,-23.447,19.139,-2.19,1.79,-2.19,1.79,INF,-1,0,7,0
8680,1,1,-23.401,19.590,-2.19,1.83,-2.19,1.83,INF,-1,0,7,0
8700,1,1,-23.048,18.014,-2.15,1.68,-2.15,1.68,INF,-1,0,7,0
8720,1,1,-23.396,17.769,-2.19,1.66,-2.18,1.66,INF,-1,0,7,0
8740,1,1,-22.461,17.785,-2.10,1.66,-2.10,1.66,INF,-1,0,7,0
8760,1,1,-23.052,18.898,-2.15,1.76,-2.15,1.77,INF,-1,0,7,0
8780,1,1,-19.321,18.268,-1.81,1.71,-1.80,1.71,INF,-1,0,7,0
8800,1,1,-22.243,18.143,-2.08,1.69,-2.08,1.70,INF,-1,0,7,0
8820,1,1,-23.159,19.994,-2.16,1.87,-2.16,1.87,INF,-1,0,7,0
8840,1,1,-21.919,17.889,-2.05,1.67,-2.05,1.67,INF,-1,1,7,0
8860,1,1,-23.570,17.527,-2.20,1.64,-2.20,1.64,INF,-1,1,7,0
8880,1,1,-23.453,19.598,-2.19,1.83,-2.19,1.83,INF,-1,1,7,0
8900,1,1,-24.600,19.173,-2.30,1.79,-2.30,1.79,INF,-1,1,7,0
8920,1,1,-22.959,16.873,-2.14,1.58,-2.14,1.58,INF,-1,1,7,0
8940,1,1,-23.841,18.779,-2.23,1.75,-2.23,1.75,INF,-1,1,7,0
8960,1,1,-24.568,19.206,-2.30,1.79,-2.29,1.79,INF,-1,1,7,0
8980,1,1,-21.811,18.892,-2.04,1.76,-2.04,1.77,INF,-1,1,7,0
9000,1,1,-22.204,20.113,-2.07,1.88,-2.07,1.88,INF,-1,1,7,0
9020,1,1,-21.999,20.484,-2.06,1.91,-2.05,1.91,INF,-1,1,7,0
9040,1,1,-23.999,17.687,-2.24,1.65,-2.24,1.65,INF,-1,1,7,0
9060,1,1,-24.272,19.374,-2.27,1.81,-2.27,1.81,INF,-1,1,7,0
9080,1,1,-23.218,17.930,-2.17,1.67,-2.17,1.68,INF,-1,1,7,0
9100,1,1,-27.141,19.746,-2.54,1.84,-2.53,1.84,INF,-1,1,7,0
9120,1,1,-49.676,25.063,-4.63,2.33,-4.63,2.34,INF,-1,1,7,0
9140,1,1,-49.556,23.496,-4.62,2.19,-4.62,2.20,INF,-1,1,7,0
9160,1,1,-49.907,23.402,-4.65,2.18,-4.65,2.19,INF,-1,0,7,0
9180,1,1,-49.409,23.136,-4.61,2.15,-4.60,2.16,INF,-1,0,7,0
9200,1,1,-49.591,24.010,-4.63,2.24,-4.62,2.24,INF,-1,0,7,0
9220,1,1,-50.042,24.280,-4.67,2.26,-4.66,2.27,INF,-1,0,7,0
9240,1,1,-50.249,23.881,-4.69,2.22,-4.68,2.23,INF,-1,0,7,0
9260,1,1,-49.418,23.498,-4.61,2.19,-4.61,2.20,INF,-1,0,7,0
9280,1,1,-50.150,22.409,-4.68,2.09,-4.67,2.09,INF,-1,0,7,0
9300,1,1,-48.317,20.666,-4.51,1.92,-4.50,1.93,INF,-1,0,7,0
9320,1,1,-50.423,22.269,-4.70,2.07,-4.70,2.08,INF,-1,0,7,0
9340,1,1,-49.028,22.766,-4.57,2.12,-4.57,2.13,INF,-1,0,7,0
9360,1,1,-48.179,23.379,-4.49,2.18,-4.49,2.18,INF,-1,0,7,0
9380,1,1,-50.590,22.576,-4.72,2.10,-4.71,2.11,INF,-1,0,7,0
9400,1,1,-48.239,21.019,-4.50,1.96,-4.50,1.96,INF,-1,1,7,0
9420,1,1,-47.220,19.691,-4.40,1.83,-4.40,1.84,INF,-1,1,7,0
9440,1,1,-47.784,21.420,-4.46,2.00,-4.45,2.00,INF,-1,1,7,0
9460,1,1,-29.863,18.564,-2.79,1.73,-2.79,1.73,INF,-1,1,7,0
9480,1,1,23.477,0.968,2.19,0.09,2.19,0.09,INF,-1,1,7,0
9500,1,1,21.966,2.142,2.05,0.20,2.05,0.20,INF,-1,0,7,0
9520,1,1,21.938,1.729,2.05,0.16,2.05,0.16,INF,-1,0,7,0
9540,1,1,23.247,1.562,2.17,0.15,2.17,0.15,INF,-1,0,7,0
9560,1,1,24.670,0.466,2.30,0.04,2.30,0.04,INF,-1,0,7,0
9580,1,1,23.061,3.266,2.15,0.31,2.15,0.31,INF,-1,0,7,0
9600,1,1,22.499,2.489,2.10,0.23,2.10,0.23,INF,-1,0,7,0
9620,1,1,19.622,5.214,1.83,0.49,1.83,0.49,INF,-1,0,7,0
9640,1,1,23.848,2.014,2.23,0.19,2.23,0.19,INF,-1,0,7,0
9660,1,1,24.732,2.418,2.31,0.23,2.31,0.23,INF,-1,0,7,0
9680,1,1,23.141,3.515,2.16,0.33,2.16,0.33,INF,-1,0,7,0
9700,1,1,23.126,3.159,2.16,0.30,2.16,0.30,INF,-1,0,7,0
9720,1,1,23.731,1.686,2.22,0.16,2.22,0.16,INF,-1,0,7,0
9740,1,1,22.055,4.494,2.06,0.42,2.06,0.42,INF,-1,0,7,0
9760,1,1,23.987,3.857,2.24,0.36,2.24,0.36,INF,-1,1,7,0
9780,1,1,24.501,1.620,2.29,0.15,2.29,0.15,INF,-1,1,7,0
9800,1,1,23.637,2.018,2.21,0.19,2.21,0.19,INF,-1,1,7,0
9820,1,1,23.814,1.939,2.22,0.18,2.22,0.18,INF,-1,1,7,0
9840,1,1,24.489,3.816,2.29,0.36,2.29,0.36,INF,-1,1,7,0
9860,1,1,22.590,4.276,2.11,0.40,2.11,0.40,INF,-1,1,7,0
9880,1,1,8.077,8.876,0.75,0.83,0.75,0.83,INF,-1,1,7,0
9900,1,1,1.620,12.375,0.15,1.16,0.15,1.16,INF,-1,1,7,0
9920,1,1,3.340,10.979,0.31,1.03,0.31,1.03,INF,-1,0,7,0
9940,1,1,0.253,13.501,0.02,1.26,0.02,1.26,INF,-1,0,7,0
9960,1,1,1.178,12.542,0.11,1.17,0.11,1.17,INF,-1,0,7,0
9980,1,1,2.823,10.972,0.26,1.03,0.26,1.03,INF,-1,0,7,0
10000,1,1,0.280,13.953,0.03,1.30,0.03,1.30,INF,-1,0,7,0
10020,1,1,0.260,12.229,0.02,1.14,0.02,1.14,INF,-1,0,7,0
10040,1,1,3.672,11.333,0.34,1.06,0.34,1.06,INF,-1,0,7,0
10060,1,1,2.653,10.545,0.25,0.99,0.25,0.99,INF,-1,0,7,0
10080,1,1,2.053,12.649,0.19,1.18,0.19,1.18,INF,-1,0,7,0
10100,1,1,1.783,13.890,0.17,1.30,0.17,1.30,INF,-1,0,7,0
10120,1,1,1.292,11.983,0.12,1.12,0.12,1.12,INF,-1,0,7,0
10140,1,1,2.285,13.772,0.21,1.29,0.21,1.29,INF,-1,0,7,0
10160,1,1,2.239,10.670,0.21,1.00,0.21,1.00,INF,-1,1,7,0
10180,1,1,3.553,12.019,0.33,1.12,0.33,1.12,INF,-1,1,7,0
10200,1,1,0.165,12.839,0.02,1.20,0.02,1.20,INF,-1,1,7,0
10220,1,1,0.453,12.119,0.04,1.13,0.04,1.13,INF,-1,1,7,0
10240,1,1,-0.160,11.866,-0.01,1.11,-0.01,1.11,INF,-1,1,7,0
10260,1,1,1.376,12.228,0.13,1.14,0.13,1.14,INF,-1,1,7,0
10280,1,1,0.045,12.032,0.00,1.12,0.00,1.12,INF,-1,1,7,0
10300,1,1,-0.161,11.727,-0.02,1.10,-0.02,1.10,INF,-1,1,7,0
10320,1,1,-1.324,11.944,-0.12,1.12,-0.12,1.12,INF,-1,1,7,0
10340,1,1,3.339,10.901,0.31,1.02,0.31,1.02,INF,-1,1,7,0
10360,1,1,0.136,10.601,0.01,0.99,0.01,0.99,INF,-1,1,7,0
10380,1,1,-0.568,11.414,-0.05,1.07,-0.05,1.07,INF,-1,1,7,0
10400,1,1,-0.046,12.263,0.00,1.15,0.00,1.15,INF,-1,1,7,0
10420,1,1,0.104,12.341,0.01,1.15,0.01,1.15,INF,-1,1,7,0
10440,1,1,0.822,12.942,0.08,1.21,0.08,1.21,INF,-1,1,7,0
10460,1,1,33.429,14.813,3.12,1.38,3.12,1.38,INF,-1,1,7,0
10480,1,1,42.382,13.288,3.96,1.24,3.95,1.24,INF,-1,1,7,0
10500,1,1,43.056,15.362,4.02,1.43,4.02,1.44,INF,-1,0,7,0
10520,1,1,40.826,17.137,3.81,1.60,3.81,1.60,INF,-1,0,7,0
10540,1,1,40.761,15.928,3.80,1.49,3.80,1.49,INF,-1,0,7,0
10560,1,1,39.273,14.083,3.67,1.31,3.66,1.32,INF,-1,0,7,0
10580,1,1,40.295,13.972,3.76,1.30,3.76,1.31,INF,-1,0,7,0
10600,1,1,41.943,17.531,3.91,1.63,3.91,1.64,INF,-1,0,7,0
10620,1,1,39.763,14.974,3.71,1.40,3.71,1.40,INF,-1,0,7,0
10640,1,1,39.630,14.538,3.70,1.36,3.70,1.36,INF,-1,0,7,0
10660,1,1,41.571,14.529,3.88,1.35,3.88,1.36,INF,-1,0,7,0
10680,1,1,40.419,16.539,3.77,1.54,3.77,1.55,INF,-1,0,7,0
10700,1,1,42.933,13.761,4.01,1.28,4.01,1.29,INF,-1,0,7,0
10720,1,1,41.588,13.264,3.88,1.24,3.88,1.24,INF,-1,0,7,0
10740,1,1,41.875,14.386,3.91,1.34,3.91,1.34,INF,-1,1,7,0
10760,1,1,39.887,14.463,3.72,1.35,3.72,1.35,INF,-1,1,7,0
10780,1,1,41.386,14.732,3.86,1.37,3.86,1.38,INF,-1,1,7,0
10800,1,1,60.688,-4.353,5.65,-0.40,5.65,-0.41,INF,-1,1,7,0
10820,1,1,55.823,-14.045,5.20,-1.31,5.20,-1.31,INF,-1,1,7,0
10840,1,1,55.106,-9.832,5.14,-0.92,5.14,-0.92,INF,-1,0,7,0
10860,1,1,58.200,-10.450,5.42,-0.97,5.42,-0.98,INF,-1,0,7,0
10880,1,1,58.156,-10.332,5.42,-0.96,5.42,-0.97,INF,-1,0,7,0
10900,1,1,58.338,-10.690,5.44,-0.99,5.44,-1.00,INF,-1,0,7,0
10920,1,1,58.380,-10.431,5.44,-0.97,5.44,-0.97,INF,-1,0,7,0
10940,1,1,55.237,-11.255,5.15,-1.05,5.15,-1.05,INF,-1,0,7,0
10960,1,1,55.920,-12.868,5.21,-1.20,5.21,-1.20,INF,-1,0,7,0
10980,0,1,0.000,0.000,0.00,0.00,0.00,0.00,0.00,-1,0,7,0
11000,0,1,0.000,0.000,0.00,0.00,0.00,0.00,0.00,-1,0,7,0
11020,0,1,0.000,0.000,0.00,0.00,0.00,0.00,0.00,-1,0,7,0
11040,0,1,0.000,0.000,0.00,0.00,0.00,0.00,0.00,-1,0,7,0
11060,0,1,0.000,0.000,0.00,0.00,0.00,0.00,0.00,-1,0,7,0
11080,0,1,0.000,0.000,0.00,0.00,0.00,0.00,0.00,-1,0,7,0
11100,0,1,0.000,0.000,0.00,0.00,0.00,0.00,0.00,-1,0,7,0
11120,0,1,0.000,0.000,0.00,0.00,0.00,0.00,0.00,-1,0,7,0
11140,0,1,0.000,0.000,0.00,0.00,0.00,0.00,0.00,-1,0,7,0
11160,1,1,92.315,-129.107,8.56,-11.76,8.38,-11.89,INF,-1,0,7,0
11180,0,1,0.000,0.000,0.00,0.00,0.00,0.00,0.00,-1,0,7,0
11200,0,1,0.000,0.000,0.00,0.00,0.00,0.00,0.00,-1,0,7,0
11220,0,1,0.000,0.000,0.00,0.00,0.00,0.00,0.00,-1,0,7,0
11240,0,1,0.000,0.000,0.00,0.00,0.00,0.00,0.00,-1,0,7,0
11260,0,1,0.000,0.000,0.00,0.00,0.00,0.00,0.00,-1,0,7,0
11280,1,1,37.087,-2.807,3.46,-0.26,3.46,-0.26,INF,-1,0,7,0
11300,1,1,35.752,-2.513,3.34,-0.23,3.34,-0.23,INF,-1,0,7,0
11320,1,1,34.540,-1.950,3.22,-0.18,3.22,-0.18,INF,-1,0,7,0
11340,1,1,36.347,-6.260,3.39,-0.58,3.39,-0.59,INF,-1,0,7,0
11360,1,1,37.810,-4.598,3.53,-0.43,3.53,-0.43,INF,-1,0,7,0
11380,1,1,38.245,-2.481,3.57,-0.23,3.57,-0.23,INF,-1,0,7,0
11400,1,1,36.398,-3.558,3.40,-0.33,3.40,-0.33,INF,-1,0,7,0
11420,1,1,25.352,0.628,2.37,0.06,2.37,0.06,INF,-1,0,7,0
11440,1,1,-15.479,10.513,-1.45,0.98,-1.45,0.98,INF,-1,0,7,0
11460,1,1,-13.934,10.169,-1.30,0.95,-1.30,0.95,INF,-1,0,7,0
11480,1,1,-13.926,10.319,-1.30,0.96,-1.30,0.96,INF,-1,0,7,0
11500,1,1,-11.981,10.363,-1.12,0.97,-1.12,0.97,INF,-1,0,7,0
11520,1,1,-10.541,10.027,-0.99,0.94,-0.98,0.94,INF,-1,0,7,0
11540,1,1,-11.576,12.140,-1.08,1.13,-1.08,1.13,INF,-1,0,7,0
11560,1,1,-11.640,9.908,-1.09,0.93,-1.09,0.93,INF,-1,0,7,0
11580,1,1,-12.593,12.410,-1.18,1.16,-1.18,1.16,INF,-1,0,7,0
11600,1,1,-9.204,10.732,-0.86,1.00,-0.86,1.00,INF,-1,0,7,0
11620,1,1,-11.480,11.649,-1.07,1.09,-1.07,1.09,INF,-1,0,7,0
11640,1,1,-10.321,10.908,-0.96,1.02,-0.96,1.02,INF,-1,0,7,0
11660,1,1,-11.652,11.587,-1.09,1.08,-1.09,1.08,INF,-1,0,7,0
11680,1,1,-10.838,11.392,-1.01,1.06,-1.01,1.06,INF,-1,1,7,0
11700,1,1,-12.167,12.669,-1.14,1.18,-1.14,1.18,INF,-1,1,7,0
11720,1,1,-12.284,11.708,-1.15,1.09,-1.15,1.09,INF,-1,1,7,0
11740,1,1,-10.269,11.010,-0.96,1.03,-0.96,1.03,INF,-1,1,7,0
11760,1,1,-10.625,12.301,-0.99,1.15,-0.99,1.15,INF,-1,1,7,0
11780,1,1,-13.554,11.916,-1.27,1.11,-1.27,1.11,INF,-1,1,7,0
11800,1,1,-11.731,11.555,-1.10,1.08,-1.10,1.08,INF,-1,1,7,0
11820,1,1,6.180,24.920,0.58,2.33,0.58,2.33,INF,-1,1,7,0
11840,1,1,16.241,24.426,1.52,2.28,1.52,2.28,INF,-1,1,7,0
11860,1,1,12.203,26.519,1.14,2.48,1.14,2.48,INF,-1,0,7,0
11880,1,1,15.107,23.764,1.41,2.22,1.41,2.22,INF,-1,0,7,0
11900,1,1,16.004,25.471,1.50,2.38,1.49,2.38,INF,-1,0,7,0
11920,1,1,14.100,26.575,1.32,2.48,1.32,2.48,INF,-1,0,7,0
11940,1,1,13.382,24.577,1.25,2.30,1.25,2.30,INF,-1,0,7,0
11960,1,1,14.602,23.956,1.36,2.24,1.36,2.24,INF,-1,0,7,0
11980,1,1,15.225,24.027,1.42,2.24,1.42,2.24,INF,-1,0,7,0
12000,1,1,14.010,25.710,1.31,2.40,1.31,2.40,INF,-1,0,7,0
12020,1,1,14.753,24.637,1.38,2.30,1.38,2.30,INF,-1,0,7,0
12040,1,1,14.613,24.864,1.37,2.32,1.36,2.32,INF,-1,0,7,0
12060,1,1,13.012,25.878,1.22,2.42,1.21,2.42,INF,-1,0,7,0
12080,1,1,12.519,25.869,1.17,2.42,1.17,2.42,INF,-1,0,7,0
12100,1,1,14.199,23.626,1.33,2.21,1.33,2.21,INF,-1,1,7,0
12120,1,1,14.155,22.570,1.32,2.11,1.32,2.11,INF,-1,1,7,0
12140,1,1,13.132,24.042,1.23,2.25,1.23,2.25,INF,-1,1,7,0
12160,1,1,14.808,23.987,1.38,2.24,1.38,2.24,INF,-1,1,7,0
12180,1,1,11.690,25.950,1.09,2.42,1.09,2.42,INF,-1,1,7,0
12200,1,1,13.550,22.638,1.27,2.11,1.27,2.11,INF,-1,1,7,0
12220,1,1,11.754,24.497,1.10,2.29,1.10,2.29,INF,-1,1,7,0
12240,1,1,-0.043,19.186,0.00,1.79,0.00,1.79,INF,-1,1,7,0
12260,1,1,-18.204,24.331,-1.70,2.27,-1.70,2.27,INF,-1,1,7,0
12280,1,1,-15.728,22.292,-1.47,2.08,-1.47,2.08,INF,-1,0,7,0
12300,1,1,-15.830,24.673,-1.48,2.30,-1.48,2.30,INF,-1,0,7,0
12320,1,1,-14.684,21.380,-1.37,2.00,-1.37,2.00,INF,-1,0,7,0
12340,1,1,-14.903,22.262,-1.39,2.08,-1.39,2.08,INF,-1,0,7,0
12360,1,1,-14.360,23.169,-1.34,2.16,-1.34,2.16,INF,-1,0,7,0
12380,1,1,-14.589,20.064,-1.36,1.87,-1.36,1.87,INF,-1,0,7,0
12400,1,1,-15.417,21.284,-1.44,1.99,-1.44,1.99,INF,-1,0,7,0
12420,1,1,-14.047,18.379,-1.31,1.72,-1.31,1.72,INF,-1,0,7,0
12440,1,1,-15.920,22.018,-1.49,2.06,-1.49,2.06,INF,-1,0,7,0
12460,1,1,-14.915,18.960,-1.39,1.77,-1.39,1.77,INF,-1,0,7,0
12480,1,1,-14.242,20.372,-1.33,1.90,-1.33,1.90,INF,-1,0,7,0
12500,1,1,-14.869,19.469,-1.39,1.82,-1.39,1.82,INF,-1,0,7,0
12520,1,1,-14.402,20.037,-1.35,1.87,-1.35,1.87,INF,-1,0,7,0
12540,1,1,-18.320,21.413,-1.71,2.00,-1.71,2.00,INF,-1,1,7,0
12560,1,1,-16.133,19.407,-1.51,1.81,-1.51,1.81,INF,-1,1,7,0
12580,1,1,-16.236,20.404,-1.52,1.91,-1.52,1.91,INF,-1,1,7,0
12600,1,1,-16.258,19.168,-1.52,1.79,-1.52,1.79,INF,-1,1,7,0
12620,1,1,-18.777,18.231,-1.75,1.70,-1.75,1.70,INF,-1,1,7,0
12640,1,1,-44.250,-6.131,-4.13,-0.57,-4.13,-0.57,INF,-1,1,7,0
12660,1,1,-43.857,-10.232,-4.09,-0.95,-4.09,-0.96,INF,-1,1,7,0
12680,1,1,-42.397,-8.365,-3.96,-0.78,-3.96,-0.78,INF,-1,0,7,0
12700,1,1,-42.427,-5.863,-3.96,-0.55,-3.96,-0.55,INF,-1,0,7,0
12720,1,1,-43.534,-7.920,-4.06,-0.74,-4.06,-0.74,INF,-1,0,7,0
12740,1,1,-43.716,-9.047,-4.08,-0.84,-4.08,-0.85,INF,-1,0,7,0
12760,1,1,-42.843,-6.435,-4.00,-0.60,-4.00,-0.60,INF,-1,0,7,0
12780,1,1,-43.237,-8.830,-4.03,-0.82,-4.03,-0.83,INF,-1,0,7,0
12800,1,1,-42.717,-8.345,-3.99,-0.78,-3.99,-0.78,INF,-1,0,7,0
12820,1,1,-43.603,-7.863,-4.07,-0.73,-4.07,-0.73,INF,-1,0,7,0
12840,1,1,-43.810,-8.646,-4.09,-0.81,-4.09,-0.81,INF,-1,0,7,0
12860,1,1,-43.267,-7.399,-4.04,-0.69,-4.04,-0.69,INF,-1,0,7,0
12880,1,1,-44.373,-5.278,-4.14,-0.49,-4.14,-0.49,INF,-1,0,7,0
12900,1,1,-45.549,-7.620,-4.25,-0.71,-4.25,-0.71,INF,-1,0,7,0
12920,1,1,-44.288,-8.247,-4.13,-0.77,-4.13,-0.77,INF,-1,1,7,0
12940,1,1,-40.525,-10.123,-3.78,-0.94,-3.78,-0.95,INF,-1,1,7,0
12960,1,1,27.158,-17.227,2.54,-1.61,2.54,-1.61,INF,-1,1,7,0
12980,1,1,41.744,-15.332,3.90,-1.43,3.89,-1.43,INF,-1,1,7,0
13000,1,1,44.385,-14.082,4.14,-1.31,4.14,-1.32,INF,-1,0,7,0
13020,1,1,41.054,-13.442,3.83,-1.25,3.83,-1.26,INF,-1,0,7,0
13040,1,1,42.819,-16.118,4.00,-1.50,3.99,-1.51,INF,-1,0,7,0
13060,1,1,41.444,-12.476,3.87,-1.16,3.87,-1.17,INF,-1,0,7,0
13080,1,1,41.895,-14.084,3.91,-1.31,3.91,-1.32,INF,-1,0,7,0
13100,1,1,41.225,-14.339,3.85,-1.34,3.85,-1.34,INF,-1,0,7,0
13120,1,1,40.104,-14.391,3.74,-1.34,3.74,-1.34,INF,-1,0,7,0
13140,1,1,40.207,-13.550,3.75,-1.26,3.75,-1.27,INF,-1,0,7,0
13160,1,1,42.532,-16.023,3.97,-1.49,3.97,-1.50,INF,-1,0,7,0
13180,1,1,42.938,-15.175,4.01,-1.41,4.01,-1.42,INF,-1,0,7,0
13200,1,1,42.858,-17.888,4.00,-1.67,4.00,-1.67,INF,-1,0,7,0
13220,1,1,40.852,-13.086,3.81,-1.22,3.81,-1.22,INF,-1,0,7,0
13240,1,1,40.950,-14.516,3.82,-1.35,3.82,-1.36,INF,-1,0,7,0
13260,1,1,41.718,-15.833,3.89,-1.48,3.89,-1.48,INF,-1,1,7,0
13280,1,1,39.784,-14.573,3.71,-1.36,3.71,-1.36,INF,-1,1,7,0
13300,1,1,40.657,-14.325,3.79,-1.34,3.79,-1.34,INF,-1,1,7,0
13320,1,1,41.565,-14.036,3.88,-1.31,3.88,-1.31,INF,-1,1,7,0
13340,1,1,43.514,-17.102,4.06,-1.59,4.06,-1.60,INF,-1,1,7,0
13360,1,1,65.179,-41.125,6.07,-3.82,6.06,-3.84,INF,-1,1,7,0
13380,1,1,62.332,-37.320,5.81,-3.47,5.80,-3.48,INF,-1,1,7,0
13400,1,1,61.563,-38.063,5.73,-3.54,5.72,-3.55,INF,-1,0,7,0
13420,1,1,60.998,-38.690,5.68,-3.59,5.67,-3.61,INF,-1,0,7,0
13440,1,1,61.118,-36.242,5.69,-3.37,5.68,-3.38,INF,-1,0,7,0
13460,1,1,63.150,-38.598,5.88,-3.58,5.87,-3.60,INF,-1,0,7,0
13480,1,1,59.392,-36.807,5.53,-3.42,5.52,-3.44,INF,-1,0,7,0
13500,1,1,60.082,-37.503,5.60,-3.48,5.59,-3.50,INF,-1,0,7,0
13520,1,1,62.335,-39.462,5.81,-3.66,5.79,-3.68,INF,-1,0,7,0
13540,1,1,62.907,-37.911,5.86,-3.52,5.85,-3.54,INF,-1,0,7,0
13560,1,1,63.199,-38.766,5.89,-3.60,5.87,-3.62,INF,-1,0,7,0
13580,1,1,60.444,-36.863,5.63,-3.42,5.62,-3.44,INF,-1,0,7,0
13600,1,1,59.787,-37.184,5.57,-3.45,5.56,-3.47,INF,-1,0,7,0
13620,1,1,59.207,-36.656,5.52,-3.41,5.51,-3.42,INF,-1,0,7,0
13640,1,1,61.060,-36.959,5.69,-3.43,5.68,-3.45,INF,-1,1,7,0
13660,1,1,57.246,-36.635,5.34,-3.41,5.33,-3.42,INF,-1,1,7,0
13680,1,1,22.008,-2.405,2.06,-0.22,2.06,-0.22,INF,-1,1,7,0
13700,1,1,10.003,9.391,0.93,0.88,0.93,0.88,INF,-1,1,7,0
13720,1,1,12.459,12.393,1.16,1.16,1.16,1.16,INF,-1,0,7,0
13740,1,1,15.182,10.904,1.42,1.02,1.42,1.02,INF,-1,0,7,0
13760,1,1,16.017,11.144,1.50,1.04,1.50,1.04,INF,-1,0,7,0
13780,1,1,14.903,9.077,1.39,0.85,1.39,0.85,INF,-1,0,7,0
13800,1,1,14.630,8.763,1.37,0.82,1.37,0.82,INF,-1,0,7,0
13820,1,1,14.370,8.582,1.34,0.80,1.34,0.80,INF,-1,0,7,0
13840,1,1,14.927,11.561,1.39,1.08,1.39,1.08,INF,-1,0,7,0
13860,1,1,15.433,8.737,1.44,0.82,1.44,0.82,INF,-1,0,7,0
13880,1,1,14.423,10.986,1.35,1.03,1.35,1.03,INF,-1,0,7,0
13900,1,1,14.846,9.495,1.39,0.89,1.39,0.89,INF,-1,0,7,0
13920,1,1,14.336,11.012,1.34,1.03,1.34,1.03,INF,-1,0,7,0
13940,1,1,16.623,10.384,1.55,0.97,1.55,0.97,INF,-1,0,7,0
13960,1,1,14.710,10.331,1.37,0.97,1.37,0.97,INF,-1,0,7,0
13980,1,1,14.843,10.825,1.39,1.01,1.39,1.01,INF,-1,1,7,0
14000,1,1,16.865,10.240,1.58,0.96,1.58,0.96,INF,-1,1,7,0
14020,1,1,2.993,15.407,0.28,1.44,0.28,1.44,INF,-1,1,7,0
14040,1,1,-7.026,21.404,-0.66,2.00,-0.66,2.00,INF,-1,1,7,0
14060,1,1,-4.316,21.963,-0.40,2.05,-0.40,2.05,INF,-1,0,7,0
14080,1,1,-4.048,23.088,-0.38,2.16,-0.38,2.16,INF,-1,0,7,0
14100,1,1,-4.072,20.350,-0.38,1.90,-0.38,1.90,INF,-1,0,7,0
14120,1,1,-4.833,18.084,-0.45,1.69,-0.45,1.69,INF,-1,0,7,0
14140,1,1,-4.665,18.348,-0.44,1.71,-0.44,1.71,INF,-1,0,7,0
14160,1,1,-7.375,20.952,-0.69,1.96,-0.69,1.96,INF,-1,0,7,0
14180,1,1,-6.516,18.403,-0.61,1.72,-0.61,1.72,INF,-1,0,7,0
14200,1,1,-3.438,19.518,-0.32,1.82,-0.32,1.82,INF,-1,0,7,0
14220,1,1,-5.918,18.635,-0.55,1.74,-0.55,1.74,INF,-1,0,7,0
14240,1,1,-5.814,17.362,-0.54,1.62,-0.54,1.62,INF,-1,0,7,0
14260,1,1,-5.255,18.279,-0.49,1.71,-0.49,1.71,INF,-1,0,7,0
14280,1,1,-6.976,16.483,-0.65,1.54,-0.65,1.54,INF,-1,0,7,0
14300,1,1,38.009,23.123,3.55,2.16,3.55,2.16,INF,-1,1,7,0
14320,1,1,40.228,22.635,3.75,2.11,3.75,2.11,INF,-1,1,7,0
14340,1,1,42.911,22.822,4.00,2.13,4.00,2.13,INF,-1,0,7,0
14360,1,1,41.700,21.940,3.89,2.05,3.89,2.05,INF,-1,0,7,0
14380,1,1,41.648,21.896,3.89,2.04,3.88,2.05,INF,-1,0,7,0
14400,1,1,36.944,24.175,3.45,2.25,3.45,2.26,INF,-1,0,7,0
14420,1,1,39.977,22.729,3.73,2.12,3.73,2.12,INF,-1,0,7,0
14440,1,1,41.433,22.457,3.87,2.09,3.86,2.10,INF,-1,0,7,0
14460,1,1,42.567,20.794,3.97,1.94,3.97,1.94,INF,-1,0,7,0
14480,1,1,42.852,21.324,4.00,1.99,4.00,1.99,INF,-1,0,7,0
14500,1,1,41.832,20.666,3.90,1.93,3.90,1.93,INF,-1,0,7,0
14520,1,1,36.793,21.499,3.43,2.01,3.43,2.01,INF,-1,0,7,0
14540,1,1,44.335,21.474,4.14,2.00,4.13,2.01,INF,-1,0,7,0
14560,1,1,41.233,20.240,3.85,1.89,3.85,1.89,INF,-1,0,7,0
14580,1,1,41.106,21.987,3.84,2.05,3.83,2.05,INF,-1,1,7,0
14600,1,1,41.358,21.564,3.86,2.01,3.86,2.01,INF,-1,1,7,0
14620,1,1,41.821,21.043,3.90,1.96,3.90,1.97,INF,-1,1,7,0
14640,1,1,42.658,20.468,3.98,1.91,3.98,1.91,INF,-1,1,7,0
14660,1,1,40.472,20.795,3.78,1.94,3.78,1.94,INF,-1,1,7,0
14680,1,1,41.314,20.171,3.86,1.88,3.85,1.88,INF,-1,1,7,0
14700,1,1,42.419,18.738,3.96,1.75,3.96,1.75,INF,-1,1,7,0
14720,1,1,40.826,20.695,3.81,1.93,3.81,1.93,INF,-1,1,7,0
14740,1,1,40.253,20.536,3.76,1.91,3.75,1.92,INF,-1,1,7,0
14760,1,1,40.175,19.174,3.75,1.79,3.75,1.79,INF,-1,1,7,0
14780,1,1,43.543,9.728,4.06,0.91,4.06,0.91,INF,-1,1,7,0
14800,1,1,43.449,-0.689,4.05,-0.06,4.05,-0.06,INF,-1,1,7,0
14820,1,1,41.387,3.504,3.86,0.33,3.86,0.33,INF,-1,0,7,0
14840,1,1,41.891,4.286,3.91,0.40,3.91,0.40,INF,-1,0,7,0
14860,1,1,44.608,2.535,4.16,0.24,4.16,0.24,INF,-1,0,7,0
14880,1,1,44.935,0.535,4.19,0.05,4.19,0.05,INF,-1,0,7,0
14900,1,1,40.693,3.460,3.80,0.32,3.80,0.32,INF,-1,0,7,0
14920,1,1,43.107,3.473,4.02,0.32,4.02,0.32,INF,-1,0,7,0
14940,1,1,41.622,2.237,3.88,0.21,3.88,0.21,INF,-1,0,7,0
14960,1,1,43.163,3.574,4.03,0.33,4.03,0.33,INF,-1,0,7,0
14980,1,1,43.200,5.173,4.03,0.48,4.03,0.48,INF,-1,0,7,0
15000,1,1,44.243,0.638,4.13,0.06,4.13,0.06,INF,-1,0,7,0
