"EyeTracker Toolbox version","3.250"
CalibrationParameters_A11,1.03019
CalibrationParameters_A12,0.05582
CalibrationParameters_A13,0.01023
CalibrationParameters_A21,0.05570
CalibrationParameters_A22,-1.07482
CalibrationParameters_A23,-0.03082
CalibrationParameters_A31,0.00002
CalibrationParameters_A32,0.00017
CalibrationParameters_E11,-0.17984
CalibrationParameters_E12,0.00002
CalibrationParameters_E21,-0.00005
CalibrationParameters_E22,0.20006
CalibrationParameters_X,-22.56645
CalibrationParameters_Y,-17.02341
CalibrationParameters_Rpc,83.35207
CalibrationParameters_MeanX,153.11764
CalibrationParameters_MeanY,114.18794
CalibrationParameters_ViewDist,613.00000
TimeStamp,Tracked,Calibrated,ScreenPositionXmm,ScreenPositionYmm,FicksLongitude,FicksLatitude,HelmholtzAzimuth,HelmholtzElevation,PupilDiameter,Region,Fixation,DigitalIO,Dropped
0,0,1,0.000,0.000,0.00,0.00,0.00,0.00,0.00,-1,0,7,0
20,0,1,0.000,0.000,0.00,0.00,0.00,0.00,0.00,-1,0,7,0
40,0,1,0.000,0.000,0.00,0.00,0.00,0.00,0.00,-1,0,7,0
60,1,1,-102.327,-94.890,-9.48,-8.68,-9.37,-8.80,INF,-1,0,7,0
80,0,1,0.000,0.000,0.00,0.00,0.00,0.00,0.00,-1,0,7,0
100,0,1,0.000,0.000,0.00,0.00,0.00,0.00,0.00,-1,0,7,0
120,0,1,0.000,0.000,0.00,0.00,0.00,0.00,0.00,-1,0,7,0
140,0,1,0.000,0.000,0.00,0.00,0.00,0.00,0.00,-1,0,7,0
160,0,1,0.000,0.000,0.00,0.00,0.00,0.00,0.00,-1,0,7,0
180,0,1,0.000,0.000,0.00,0.00,0.00,0.00,0.00,-1,0,7,0
200,0,1,0.000,0.000,0.00,0.00,0.00,0.00,0.00,-1,0,7,0
220,0,1,0.000,0.000,0.00,0.00,0.00,0.00,0.00,-1,0,7,0
240,0,1,0.000,0.000,0.00,0.00,0.00,0.00,0.00,-1,0,7,0
260,1,1,14.012,-8.870,1.31,-0.83,1.31,-0.83,INF,-1,0,7,0
280,1,1,13.936,-4.927,1.30,-0.46,1.30,-0.46,INF,-1,0,7,0
300,1,1,13.332,-8.828,1.25,-0.82,1.25,-0.83,INF,-1,0,7,0
320,1,1,13.035,-4.496,1.22,-0.42,1.22,-0.42,INF,-1,0,7,0
340,1,1,15.870,-8.833,1.48,-0.83,1.48,-0.83,INF,-1,0,7,0
360,1,1,14.762,-8.452,1.38,-0.79,1.38,-0.79,INF,-1,0,7,0
380,1,1,10.874,-6.370,1.02,-0.60,1.02,-0.60,INF,-1,0,7,0
400,1,1,14.003,-6.968,1.31,-0.65,1.31,-0.65,INF,-1,0,7,0
420,1,1,14.897,-7.834,1.39,-0.73,1.39,-0.73,INF,-1,0,7,0
440,1,1,14.180,-5.565,1.33,-0.52,1.33,-0.52,INF,-1,0,7,0
460,1,1,14.433,-8.053,1.35,-0.75,1.35,-0.75,INF,-1,0,7,0
480,1,1,11.022,-4.178,1.03,-0.39,1.03,-0.39,INF,-1,0,7,0
500,1,1,15.215,-11.011,1.42,-1.03,1.42,-1.03,INF,-1,0,7,0
520,1,1,11.593,-8.690,1.08,-0.81,1.08,-0.81,INF,-1,0,7,0
540,1,1,14.765,-8.626,1.38,-0.81,1.38,-0.81,INF,-1,1,7,0
560,1,1,16.826,-8.986,1.57,-0.84,1.57,-0.84,INF,-1,1,7,0
580,1,1,15.810,-12.156,1.48,-1.14,1.48,-1.14,INF,-1,1,7,0
600,1,1,18.324,8.204,1.71,0.77,1.71,0.77,INF,-1,1,7,0
620,1,1,14.060,5.362,1.31,0.50,1.31,0.50,INF,-1,1,7,0
640,1,1,17.728,6.024,1.66,0.56,1.66,0.56,INF,-1,0,7,0
660,1,1,18.023,5.368,1.68,0.50,1.68,0.50,INF,-1,0,7,0
680,1,1,18.938,7.459,1.77,0.70,1.77,0.70,INF,-1,0,7,0
700,1,1,18.683,6.727,1.75,0.63,1.75,0.63,INF,-1,0,7,0
720,1,1,18.734,6.778,1.75,0.63,1.75,0.63,INF,-1,0,7,0
740,1,1,16.226,7.117,1.52,0.66,1.52,0.67,INF,-1,0,7,0
760,1,1,16.835,-0.572,1.57,-0.05,1.57,-0.05,INF,-1,0,7,0
780,1,1,19.006,1.974,1.78,0.18,1.78,0.18,INF,-1,0,7,0
800,1,1,19.828,-2.005,1.85,-0.19,1.85,-0.19,INF,-1,0,7,0
820,1,1,14.301,3.864,1.34,0.36,1.34,0.36,INF,-1,0,7,0
840,1,1,21.208,-3.496,1.98,-0.33,1.98,-0.33,INF,-1,0,7,0
860,0,1,0.000,0.000,0.00,0.00,0.00,0.00,0.00,-1,0,7,0
880,0,1,0.000,0.000,0.00,0.00,0.00,0.00,0.00,-1,1,7,0
900,0,1,0.000,0.000,0.00,0.00,0.00,0.00,0.00,-1,1,7,0
920,0,1,0.000,0.000,0.00,0.00,0.00,0.00,0.00,-1,1,7,0
940,0,1,0.000,0.000,0.00,0.00,0.00,0.00,0.00,-1,0,7,0
960,0,1,0.000,0.000,0.00,0.00,0.00,0.00,0.00,-1,0,7,0
980,0,1,0.000,0.000,0.00,0.00,0.00,0.00,0.00,-1,0,7,0
1000,0,1,0.000,0.000,0.00,0.00,0.00,0.00,0.00,-1,0,7,0
1020,0,1,0.000,0.000,0.00,0.00,0.00,0.00,0.00,-1,0,7,0
1040,0,1,0.000,0.000,0.00,0.00,0.00,0.00,0.00,-1,0,7,0
1060,0,1,0.000,0.000,0.00,0.00,0.00,0.00,0.00,-1,0,7,0
1080,1,1,122.756,-134.129,11.32,-12.11,11.07,-12.34,INF,-1,0,7,0
1100,0,1,0.000,0.000,0.00,0.00,0.00,0.00,0.00,-1,0,7,0
1120,0,1,0.000,0.000,0.00,0.00,0.00,0.00,0.00,-1,0,7,0
1140,0,1,0.000,0.000,0.00,0.00,0.00,0.00,0.00,-1,0,7,0
1160,0,1,0.000,0.000,0.00,0.00,0.00,0.00,0.00,-1,0,7,0
1180,0,1,0.000,0.000,0.00,0.00,0.00,0.00,0.00,-1,0,7,0
1200,1,1,10.821,6.460,1.01,0.60,1.01,0.60,INF,-1,0,7,0
1220,1,1,11.461,10.824,1.07,1.01,1.07,1.01,INF,-1,0,7,0
1240,1,1,10.740,9.961,1.00,0.93,1.00,0.93,INF,-1,0,7,0
1260,1,1,9.542,9.159,0.89,0.86,0.89,0.86,INF,-1,0,7,0
1280,1,1,11.932,8.518,1.12,0.80,1.11,0.80,INF,-1,0,7,0
1300,1,1,12.085,10.281,1.13,0.96,1.13,0.96,INF,-1,0,7,0
1320,1,1,7.580,6.386,0.71,0.60,0.71,0.60,INF,-1,0,7,0
1340,1,1,6.628,5.950,0.62,0.56,0.62,0.56,INF,-1,0,7,0
1360,1,1,4.367,12.386,0.41,1.16,0.41,1.16,INF,-1,0,7,0
1380,1,1,9.245,17.350,0.86,1.62,0.86,1.62,INF,-1,0,7,0
1400,1,1,9.662,11.275,0.90,1.05,0.90,1.05,INF,-1,0,7,0
1420,1,1,5.686,16.515,0.53,1.54,0.53,1.54,INF,-1,0,7,0
1440,1,1,4.543,17.307,0.42,1.62,0.42,1.62,INF,-1,0,7,0
1460,1,1,8.557,14.349,0.80,1.34,0.80,1.34,INF,-1,0,7,0
1480,1,1,8.090,14.354,0.76,1.34,0.76,1.34,INF,-1,1,7,0
1500,1,1,5.446,4.534,0.51,0.42,0.51,0.42,INF,-1,1,7,0
1520,1,1,9.069,2.257,0.85,0.21,0.85,0.21,INF,-1,1,7,0
1540,1,1,7.971,4.210,0.75,0.39,0.75,0.39,INF,-1,1,7,0
1560,1,1,9.400,4.822,0.88,0.45,0.88,0.45,INF,-1,1,7,0
1580,1,1,11.988,7.311,1.12,0.68,1.12,0.68,INF,-1,1,7,0
1600,1,1,8.570,13.053,0.80,1.22,0.80,1.22,INF,-1,1,7,0
1620,1,1,10.012,0.568,0.94,0.05,0.94,0.05,INF,-1,1,7,0
1640,1,1,19.389,-24.330,1.81,-2.27,1.81,-2.27,INF,-1,1,7,0
1660,1,1,20.075,-20.000,1.88,-1.87,1.87,-1.87,INF,-1,0,7,0
1680,1,1,22.664,-17.498,2.12,-1.63,2.12,-1.64,INF,-1,0,7,0
1700,1,1,22.109,-18.820,2.07,-1.76,2.06,-1.76,INF,-1,0,7,0
1720,1,1,21.007,-14.005,1.96,-1.31,1.96,-1.31,INF,-1,0,7,0
1740,1,1,20.461,-10.448,1.91,-0.98,1.91,-0.98,INF,-1,0,7,0
1760,1,1,21.681,-17.723,2.03,-1.66,2.02,-1.66,INF,-1,0,7,0
1780,1,1,20.364,-17.383,1.90,-1.62,1.90,-1.62,INF,-1,0,7,0
1800,1,1,20.449,-18.004,1.91,-1.68,1.91,-1.68,INF,-1,0,7,0
1820,1,1,19.326,-20.735,1.81,-1.94,1.80,-1.94,INF,-1,0,7,0
1840,1,1,17.044,-27.355,1.59,-2.55,1.59,-2.56,INF,-1,0,7,0
1860,1,1,12.960,-18.195,1.21,-1.70,1.21,-1.70,INF,-1,0,7,0
1880,1,1,22.533,-22.618,2.11,-2.11,2.10,-2.11,INF,-1,0,7,0
1900,1,1,18.191,-25.768,1.70,-2.41,1.70,-2.41,INF,-1,0,7,0
1920,1,1,17.593,-26.643,1.64,-2.49,1.64,-2.49,INF,-1,1,7,0
1940,1,1,17.615,-21.385,1.65,-2.00,1.64,-2.00,INF,-1,1,7,0
1960,1,1,20.922,-15.973,1.95,-1.49,1.95,-1.49,INF,-1,1,7,0
1980,1,1,19.597,-16.612,1.83,-1.55,1.83,-1.55,INF,-1,1,7,0
2000,1,1,22.696,-18.884,2.12,-1.76,2.12,-1.76,INF,-1,1,7,0
2020,1,1,22.132,-17.787,2.07,-1.66,2.07,-1.66,INF,-1,1,7,0
2040,1,1,17.562,-19.605,1.64,-1.83,1.64,-1.83,INF,-1,1,7,0
2060,1,1,22.479,-18.730,2.10,-1.75,2.10,-1.75,INF,-1,1,7,0
2080,1,1,20.022,-15.331,1.87,-1.43,1.87,-1.43,INF,-1,1,7,0
2100,1,1,10.454,3.804,0.98,0.36,0.98,0.36,INF,-1,1,7,0
2120,1,1,12.198,5.783,1.14,0.54,1.14,0.54,INF,-1,1,7,0
2140,1,1,7.409,11.538,0.69,1.08,0.69,1.08,INF,-1,0,7,0
2160,1,1,11.506,10.145,1.08,0.95,1.08,0.95,INF,-1,0,7,0
2180,1,1,10.533,6.342,0.98,0.59,0.98,0.59,INF,-1,0,7,0
2200,1,1,10.586,7.099,0.99,0.66,0.99,0.66,INF,-1,0,7,0
2220,1,1,13.879,14.092,1.30,1.32,1.30,1.32,INF,-1,0,7,0
2240,1,1,11.567,8.612,1.08,0.80,1.08,0.80,INF,-1,0,7,0
2260,1,1,7.447,12.777,0.70,1.19,0.70,1.19,INF,-1,0,7,0
2280,1,1,7.894,8.269,0.74,0.77,0.74,0.77,INF,-1,0,7,0
2300,1,1,9.346,11.268,0.87,1.05,0.87,1.05,INF,-1,0,7,0
2320,1,1,10.269,13.227,0.96,1.24,0.96,1.24,INF,-1,0,7,0
2340,1,1,13.086,13.329,1.22,1.25,1.22,1.25,INF,-1,0,7,0
2360,1,1,10.172,9.745,0.95,0.91,0.95,0.91,INF,-1,0,7,0
2380,1,1,10.569,13.337,0.99,1.25,0.99,1.25,INF,-1,1,7,0
2400,1,1,8.962,18.020,0.84,1.68,0.84,1.68,INF,-1,1,7,0
2420,1,1,12.178,13.180,1.14,1.23,1.14,1.23,INF,-1,1,7,0
2440,1,1,7.986,11.333,0.75,1.06,0.75,1.06,INF,-1,1,7,0
2460,1,1,10.769,7.889,1.01,0.74,1.01,0.74,INF,-1,1,7,0
2480,1,1,10.805,8.181,1.01,0.76,1.01,0.76,INF,-1,1,7,0
2500,1,1,11.032,8.600,1.03,0.80,1.03,0.80,INF,-1,1,7,0
2520,1,1,9.953,7.806,0.93,0.73,0.93,0.73,INF,-1,1,7,0
2540,1,1,9.792,5.451,0.92,0.51,0.92,0.51,INF,-1,1,7,0
2560,1,1,9.301,2.423,0.87,0.23,0.87,0.23,INF,-1,1,7,0
2580,0,1,0.000,0.000,0.00,0.00,0.00,0.00,0.00,-1,1,7,0
2600,0,1,0.000,0.000,0.00,0.00,0.00,0.00,INF,-1,1,7,0
2620,0,1,0.000,0.000,0.00,0.00,0.00,0.00,0.00,-1,1,7,0
2640,0,1,0.000,0.000,0.00,0.00,0.00,0.00,0.00,-1,1,7,0
2660,0,1,0.000,0.000,0.00,0.00,0.00,0.00,0.00,-1,0,7,0
2680,0,1,0.000,0.000,0.00,0.00,0.00,0.00,0.00,-1,0,7,0
2700,0,1,0.000,0.000,0.00,0.00,0.00,0.00,0.00,-1,0,7,0
2720,0,1,0.000,0.000,0.00,0.00,0.00,0.00,0.00,-1,0,7,0
2740,0,1,0.000,0.000,0.00,0.00,0.00,0.00,0.00,-1,0,7,0
2760,0,1,0.000,0.000,0.00,0.00,0.00,0.00,INF,-1,0,7,0
2780,0,1,0.000,0.000,0.00,0.00,0.00,0.00,0.00,-1,0,7,0
2800,1,1,-162.851,-188.457,-14.88,-16.55,-14.25,-17.09,INF,-1,0,7,0
2820,1,1,-153.056,-193.215,-14.02,-17.00,-13.39,-17.49,INF,-1,0,7,0
2840,0,1,0.000,0.000,0.00,0.00,0.00,0.00,0.00,-1,0,7,0
2860,0,1,0.000,0.000,0.00,0.00,0.00,0.00,0.00,-1,0,7,0
2880,0,1,0.000,0.000,0.00,0.00,0.00,0.00,0.00,-1,0,7,0
2900,0,1,0.000,0.000,0.00,0.00,0.00,0.00,0.00,-1,0,7,0
2920,0,1,0.000,0.000,0.00,0.00,0.00,0.00,0.00,-1,0,7,0
2940,0,1,0.000,0.000,0.00,0.00,0.00,0.00,0.00,-1,0,7,0
2960,1,1,254.420,-70.854,22.54,-6.09,22.41,-6.59,INF,-1,0,7,0
2980,0,1,0.000,0.000,0.00,0.00,0.00,0.00,0.00,-1,0,7,0
3000,0,1,0.000,0.000,0.00,0.00,0.00,0.00,0.00,-1,0,7,0
3020,0,1,0.000,0.000,0.00,0.00,0.00,0.00,0.00,-1,0,7,0
3040,0,1,0.000,0.000,0.00,0.00,0.00,0.00,0.00,-1,0,7,0
3060,0,1,0.000,0.000,0.00,0.00,0.00,0.00,0.00,-1,0,7,0
3080,0,1,0.000,0.000,0.00,0.00,0.00,0.00,0.00,-1,0,7,0
3100,0,1,0.000,0.000,0.00,0.00,0.00,0.00,0.00,-1,0,7,0
3120,0,1,0.000,0.000,0.00,0.00,0.00,0.00,0.00,-1,0,7,0
3140,0,1,0.000,0.000,0.00,0.00,0.00,0.00,0.00,-1,0,7,0
3160,0,1,0.000,0.000,0.00,0.00,0.00,0.00,0.00,-1,0,7,0
3180,0,1,0.000,0.000,0.00,0.00,0.00,0.00,0.00,-1,0,7,0
3200,0,1,0.000,0.000,0.00,0.00,0.00,0.00,0.00,-1,0,7,0
3220,0,1,0.000,0.000,0.00,0.00,0.00,0.00,0.00,-1,0,7,0
3240,0,1,0.000,0.000,0.00,0.00,0.00,0.00,0.00,-1,0,7,0
3260,0,1,0.000,0.000,0.00,0.00,0.00,0.00,0.00,-1,0,7,0
3280,0,1,0.000,0.000,0.00,0.00,0.00,0.00,0.00,-1,0,7,0
3300,0,1,0.000,0.000,0.00,0.00,0.00,0.00,0.00,-1,0,7,0
3320,0,1,0.000,0.000,0.00,0.00,0.00,0.00,0.00,-1,0,7,0
3340,0,1,0.000,0.000,0.00,0.00,0.00,0.00,0.00,-1,0,7,0
3360,0,1,0.000,0.000,0.00,0.00,0.00,0.00,0.00,-1,0,7,0
3380,0,1,0.000,0.000,0.00,0.00,0.00,0.00,0.00,-1,0,7,0
3400,0,1,0.000,0.000,0.00,0.00,0.00,0.00,0.00,-1,0,7,0
3420,0,1,0.000,0.000,0.00,0.00,0.00,0.00,0.00,-1,0,7,0
3440,0,1,0.000,0.000,0.00,0.00,0.00,0.00,0.00,-1,0,7,0
3460,0,1,0.000,0.000,0.00,0.00,0.00,0.00,0.00,-1,0,7,0
3480,1,1,10.431,6.621,0.97,0.62,0.97,0.62,INF,-1,0,7,0
3500,1,1,13.000,11.705,1.21,1.09,1.21,1.09,INF,-1,0,7,0
3520,1,1,13.017,10.601,1.22,0.99,1.22,0.99,INF,-1,0,7,0
3540,1,1,13.280,8.580,1.24,0.80,1.24,0.80,INF,-1,0,7,0
3560,1,1,15.896,8.458,1.49,0.79,1.49,0.79,INF,-1,0,7,0
3580,1,1,11.928,11.287,1.11,1.05,1.11,1.05,INF,-1,0,7,0
3600,1,1,15.530,9.320,1.45,0.87,1.45,0.87,INF,-1,0,7,0
3620,1,1,12.199,1.454,1.14,0.14,1.14,0.14,INF,-1,0,7,0
3640,1,1,12.797,0.491,1.20,0.05,1.20,0.05,INF,-1,0,7,0
3660,1,1,15.402,8.910,1.44,0.83,1.44,0.83,INF,-1,0,7,0
3680,1,1,15.561,12.030,1.45,1.12,1.45,1.12,INF,-1,0,7,0
3700,1,1,1.690,3.449,0.16,0.32,0.16,0.32,INF,-1,0,7,0
3720,1,1,4.932,-1.171,0.46,-0.11,0.46,-0.11,INF,-1,0,7,0
3740,1,1,5.261,0.209,0.49,0.02,0.49,0.02,INF,-1,0,7,0
3760,1,1,6.566,3.266,0.61,0.31,0.61,0.31,INF,-1,1,7,0
3780,1,1,4.510,0.930,0.42,0.09,0.42,0.09,INF,-1,1,7,0
3800,1,1,7.473,-0.137,0.70,-0.01,0.70,-0.01,INF,-1,1,7,0
3820,1,1,6.153,-2.250,0.58,-0.21,0.58,-0.21,INF,-1,1,7,0
3840,1,1,7.231,-2.519,0.68,-0.24,0.68,-0.24,INF,-1,1,7,0
3860,1,1,7.114,1.147,0.66,0.11,0.66,0.11,INF,-1,1,7,0
3880,1,1,8.198,-2.870,0.77,-0.27,0.77,-0.27,INF,-1,1,7,0
3900,1,1,5.715,-1.149,0.53,-0.11,0.53,-0.11,INF,-1,1,7,0
3920,1,1,6.404,-0.368,0.60,-0.03,0.60,-0.03,INF,-1,1,7,0
3940,1,1,4.886,-2.108,0.46,-0.20,0.46,-0.20,INF,-1,1,7,0
3960,1,1,4.425,-0.058,0.41,-0.01,0.41,-0.01,INF,-1,1,7,0
3980,1,1,7.083,-0.782,0.66,-0.07,0.66,-0.07,INF,-1,1,7,0
4000,1,1,4.651,-0.376,0.43,-0.04,0.43,-0.04,INF,-1,1,7,0
4020,1,1,6.093,-1.367,0.57,-0.13,0.57,-0.13,INF,-1,1,7,0
4040,1,1,8.784,-0.519,0.82,-0.05,0.82,-0.05,INF,-1,1,7,0
4060,1,1,9.074,-1.988,0.85,-0.19,0.85,-0.19,INF,-1,1,7,0
4080,1,1,9.822,-2.485,0.92,-0.23,0.92,-0.23,INF,-1,1,7,0
4100,1,1,9.280,2.180,0.87,0.20,0.87,0.20,INF,-1,1,7,0
4120,1,1,9.781,1.375,0.91,0.13,0.91,0.13,INF,-1,1,7,0
4140,1,1,9.882,-0.716,0.92,-0.07,0.92,-0.07,INF,-1,1,7,0
4160,1,1,9.528,-1.630,0.89,-0.15,0.89,-0.15,INF,-1,1,7,0
4180,1,1,8.999,0.932,0.84,0.09,0.84,0.09,INF,-1,1,7,0
4200,1,1,10.571,-2.796,0.99,-0.26,0.99,-0.26,INF,-1,1,7,0
4220,1,1,11.732,2.268,1.10,0.21,1.10,0.21,INF,-1,1,7,0
4240,1,1,10.286,1.549,0.96,0.14,0.96,0.14,INF,-1,1,7,0
4260,1,1,8.873,2.746,0.83,0.26,0.83,0.26,INF,-1,1,7,0
4280,1,1,11.375,0.069,1.06,0.01,1.06,0.01,INF,-1,1,7,0
4300,1,1,7.950,2.250,0.74,0.21,0.74,0.21,INF,-1,1,7,0
4320,1,1,11.125,0.077,1.04,0.01,1.04,0.01,INF,-1,1,7,0
4340,1,1,6.612,0.945,0.62,0.09,0.62,0.09,INF,-1,1,7,0
4360,1,1,10.995,-0.633,1.03,-0.06,1.03,-0.06,INF,-1,1,7,0
4380,1,1,6.142,-3.689,0.57,-0.34,0.57,-0.34,INF,-1,1,7,0
4400,1,1,7.421,0.224,0.69,0.02,0.69,0.02,INF,-1,1,7,0
4420,1,1,10.231,-1.146,0.96,-0.11,0.96,-0.11,INF,-1,1,7,0
4440,1,1,8.600,3.359,0.80,0.31,0.80,0.31,INF,-1,1,7,0
4460,1,1,7.481,0.065,0.70,0.01,0.70,0.01,INF,-1,1,7,0
4480,1,1,10.634,-0.746,0.99,-0.07,0.99,-0.07,INF,-1,1,7,0
4500,1,1,8.407,2.246,0.79,0.21,0.79,0.21,INF,-1,1,7,0
4520,1,1,9.863,-0.779,0.92,-0.07,0.92,-0.07,INF,-1,1,7,0
4540,1,1,7.460,1.493,0.70,0.14,0.70,0.14,INF,-1,1,7,0
4560,1,1,7.095,0.479,0.66,0.04,0.66,0.04,INF,-1,1,7,0
4580,1,1,11.575,-1.155,1.08,-0.11,1.08,-0.11,INF,-1,1,7,0
4600,1,1,8.300,0.719,0.78,0.07,0.78,0.07,INF,-1,1,7,0
4620,1,1,8.658,-0.459,0.81,-0.04,0.81,-0.04,INF,-1,1,7,0
4640,1,1,7.399,0.482,0.69,0.05,0.69,0.05,INF,-1,1,7,0
4660,1,1,9.469,0.852,0.88,0.08,0.88,0.08,INF,-1,1,7,0
4680,1,1,9.941,-1.080,0.93,-0.10,0.93,-0.10,INF,-1,1,7,0
4700,1,1,9.010,-1.249,0.84,-0.12,0.84,-0.12,INF,-1,1,7,0
4720,1,1,14.520,5.161,1.36,0.48,1.36,0.48,INF,-1,1,7,0
4740,1,1,12.680,3.299,1.18,0.31,1.18,0.31,INF,-1,1,7,0
4760,1,1,15.164,0.811,1.42,0.08,1.42,0.08,INF,-1,1,7,0
4780,1,1,12.838,1.099,1.20,0.10,1.20,0.10,INF,-1,1,7,0
4800,1,1,16.747,2.444,1.56,0.23,1.56,0.23,INF,-1,1,7,0
4820,1,1,14.626,3.342,1.37,0.31,1.37,0.31,INF,-1,1,7,0
4840,1,1,14.644,2.320,1.37,0.22,1.37,0.22,INF,-1,1,7,0
4860,1,1,13.554,5.119,1.27,0.48,1.27,0.48,INF,-1,1,7,0
4880,1,1,13.706,3.003,1.28,0.28,1.28,0.28,INF,-1,1,7,0
4900,1,1,13.615,4.076,1.27,0.38,1.27,0.38,INF,-1,1,7,0
4920,1,1,11.213,5.423,1.05,0.51,1.05,0.51,INF,-1,1,7,0
4940,1,1,13.366,4.583,1.25,0.43,1.25,0.43,INF,-1,1,7,0
4960,1,1,12.513,4.907,1.17,0.46,1.17,0.46,INF,-1,1,7,0
4980,1,1,11.828,2.484,1.11,0.23,1.11,0.23,INF,-1,1,7,0
5000,1,1,12.387,6.703,1.16,0.63,1.16,0.63,INF,-1,1,7,0
5020,1,1,12.034,7.528,1.12,0.70,1.12,0.70,INF,-1,1,7,0
5040,1,1,11.458,5.318,1.07,0.50,1.07,0.50,INF,-1,1,7,0
5060,1,1,12.503,2.641,1.17,0.25,1.17,0.25,INF,-1,1,7,0
5080,1,1,11.746,7.014,1.10,0.66,1.10,0.66,INF,-1,1,7,0
5100,1,1,12.379,4.443,1.16,0.42,1.16,0.42,INF,-1,1,7,0
5120,1,1,12.381,1.571,1.16,0.15,1.16,0.15,INF,-1,1,7,0
5140,1,1,12.436,2.207,1.16,0.21,1.16,0.21,INF,-1,1,7,0
5160,1,1,13.957,2.578,1.30,0.24,1.30,0.24,INF,-1,1,7,0
5180,1,1,12.035,2.700,1.12,0.25,1.12,0.25,INF,-1,1,7,0
5200,1,1,10.023,5.753,0.94,0.54,0.94,0.54,INF,-1,1,7,0
5220,1,1,11.579,3.339,1.08,0.31,1.08,0.31,INF,-1,1,7,0
5240,1,1,12.211,1.882,1.14,0.18,1.14,0.18,INF,-1,1,7,0
5260,1,1,10.318,1.241,0.96,0.12,0.96,0.12,INF,-1,1,7,0
5280,1,1,9.530,9.209,0.89,0.86,0.89,0.86,INF,-1,1,7,0
5300,1,1,9.132,8.479,0.85,0.79,0.85,0.79,INF,-1,1,7,0
5320,1,1,8.649,8.014,0.81,0.75,0.81,0.75,INF,-1,1,7,0
5340,1,1,8.732,7.333,0.82,0.69,0.82,0.69,INF,-1,1,7,0
5360,1,1,6.299,7.009,0.59,0.66,0.59,0.66,INF,-1,1,7,0
5380,1,1,7.023,10.161,0.66,0.95,0.66,0.95,INF,-1,1,7,0
5400,1,1,8.840,8.038,0.83,0.75,0.83,0.75,INF,-1,1,7,0
5420,1,1,8.202,7.197,0.77,0.67,0.77,0.67,INF,-1,1,7,0
5440,1,1,-17.292,-2.240,-1.62,-0.21,-1.62,-0.21,INF,-1,1,7,0
5460,1,1,-61.838,-20.369,-5.76,-1.89,-5.76,-1.90,INF,-1,1,7,0
5480,1,1,-55.462,-15.588,-5.17,-1.45,-5.17,-1.46,INF,-1,0,7,0
5500,1,1,-57.158,-17.704,-5.33,-1.65,-5.32,-1.65,INF,-1,0,7,0
5520,1,1,-57.518,-15.715,-5.36,-1.46,-5.36,-1.47,INF,-1,0,7,0
5540,1,1,-57.892,-15.846,-5.40,-1.47,-5.39,-1.48,INF,-1,0,7,0
5560,1,1,-57.197,-16.395,-5.33,-1.53,-5.33,-1.53,INF,-1,0,7,0
5580,1,1,-57.244,-19.014,-5.33,-1.77,-5.33,-1.78,INF,-1,0,7,0
5600,1,1,-57.713,-17.640,-5.38,-1.64,-5.38,-1.65,INF,-1,0,7,0
5620,1,1,-57.782,-16.716,-5.38,-1.56,-5.38,-1.56,INF,-1,0,7,0
5640,1,1,-56.846,-15.688,-5.30,-1.46,-5.30,-1.47,INF,-1,0,7,0
5660,1,1,-57.193,-16.286,-5.33,-1.52,-5.33,-1.52,INF,-1,0,7,0
5680,1,1,-60.011,-16.539,-5.59,-1.54,-5.59,-1.55,INF,-1,0,7,0
5700,1,1,-57.596,-16.143,-5.37,-1.50,-5.37,-1.51,INF,-1,0,7,0
5720,1,1,-58.245,-16.874,-5.43,-1.57,-5.43,-1.58,INF,-1,0,7,0
5740,1,1,-53.193,-14.210,-4.96,-1.32,-4.96,-1.33,INF,-1,1,7,0
5760,1,1,-48.822,0.307,-4.55,0.03,-4.55,0.03,INF,-1,1,7,0
5780,1,1,-49.644,-3.943,-4.63,-0.37,-4.63,-0.37,INF,-1,1,7,0
5800,1,1,-48.490,-2.628,-4.52,-0.24,-4.52,-0.25,INF,-1,0,7,0
5820,1,1,-49.179,-1.965,-4.59,-0.18,-4.59,-0.18,INF,-1,0,7,0
5840,1,1,-46.521,-2.576,-4.34,-0.24,-4.34,-0.24,INF,-1,0,7,0
5860,1,1,-49.273,-3.214,-4.60,-0.30,-4.60,-0.30,INF,-1,0,7,0
5880,1,1,-48.177,-5.778,-4.49,-0.54,-4.49,-0.54,INF,-1,0,7,0
5900,1,1,-46.248,-5.356,-4.31,-0.50,-4.31,-0.50,INF,-1,0,7,0
5920,0,1,0.000,0.000,0.00,0.00,0.00,0.00,0.00,-1,0,7,0
5940,0,1,0.000,0.000,0.00,0.00,0.00,0.00,0.00,-1,0,7,0
5960,0,1,0.000,0.000,0.00,0.00,0.00,0.00,0.00,-1,0,7,0
5980,0,1,0.000,0.000,0.00,0.00,0.00,0.00,0.00,-1,0,7,0
6000,0,1,0.000,0.000,0.00,0.00,0.00,0.00,0.00,-1,0,7,0
6020,0,1,0.000,0.000,0.00,0.00,0.00,0.00,0.00,-1,0,7,0
6040,0,1,0.000,0.000,0.00,0.00,0.00,0.00,0.00,-1,0,7,0
6060,0,1,0.000,0.000,0.00,0.00,0.00,0.00,0.00,-1,0,7,0
6080,0,1,0.000,0.000,0.00,0.00,0.00,0.00,0.00,-1,0,7,0
6100,0,1,0.000,0.000,0.00,0.00,0.00,0.00,0.00,-1,0,7,0
6120,0,1,0.000,0.000,0.00,0.00,0.00,0.00,0.00,-1,0,7,0
6140,0,1,0.000,0.000,0.00,0.00,0.00,0.00,0.00,-1,0,7,0
6160,1,1,-2.737,14.475,-0.26,1.35,-0.26,1.35,INF,-1,0,7,0
6180,1,1,-4.148,18.759,-0.39,1.75,-0.39,1.75,INF,-1,0,7,0
6200,1,1,-0.367,19.129,-0.03,1.79,-0.03,1.79,INF,-1,0,7,0
6220,1,1,1.299,14.877,0.12,1.39,0.12,1.39,INF,-1,0,7,0
6240,1,1,1.793,14.550,0.17,1.36,0.17,1.36,INF,-1,0,7,0
6260,1,1,2.357,12.046,0.22,1.13,0.22,1.13,INF,-1,0,7,0
6280,1,1,2.065,14.631,0.19,1.37,0.19,1.37,INF,-1,0,7,0
6300,1,1,0.573,13.832,0.05,1.29,0.05,1.29,INF,-1,0,7,0
6320,1,1,3.762,15.520,0.35,1.45,0.35,1.45,INF,-1,0,7,0
6340,1,1,1.454,15.616,0.14,1.46,0.14,1.46,INF,-1,0,7,0
6360,1,1,2.243,12.353,0.21,1.15,0.21,1.15,INF,-1,0,7,0
6380,1,1,4.350,11.583,0.41,1.08,0.41,1.08,INF,-1,0,7,0
6400,1,1,-27.130,-22.314,-2.53,-2.08,-2.53,-2.08,INF,-1,0,7,0
6420,1,1,-33.098,-40.475,-3.09,-3.77,-3.08,-3.78,INF,-1,0,7,0
6440,1,1,-30.455,-37.460,-2.84,-3.49,-2.84,-3.50,INF,-1,0,7,0
6460,1,1,-33.260,-36.840,-3.11,-3.43,-3.10,-3.44,INF,-1,0,7,0
6480,1,1,-30.760,-39.504,-2.87,-3.68,-2.87,-3.69,INF,-1,0,7,0
6500,1,1,-36.922,-32.869,-3.45,-3.06,-3.44,-3.07,INF,-1,0,7,0
6520,1,1,-32.822,-36.490,-3.06,-3.40,-3.06,-3.41,INF,-1,0,7,0
6540,1,1,-31.835,-35.236,-2.97,-3.29,-2.97,-3.29,INF,-1,0,7,0
6560,1,1,-30.063,-38.790,-2.81,-3.62,-2.80,-3.62,INF,-1,0,7,0
6580,1,1,-31.880,-34.787,-2.98,-3.24,-2.97,-3.25,INF,-1,0,7,0
6600,1,1,-32.567,-38.606,-3.04,-3.60,-3.04,-3.60,INF,-1,0,7,0
6620,1,1,-30.458,-37.492,-2.84,-3.50,-2.84,-3.50,INF,-1,0,7,0
6640,1,1,-30.631,-36.924,-2.86,-3.44,-2.86,-3.45,INF,-1,0,7,0
6660,1,1,-32.691,-35.111,-3.05,-3.27,-3.05,-3.28,INF,-1,0,7,0
6680,1,1,-32.572,-35.649,-3.04,-3.32,-3.04,-3.33,INF,-1,1,7,0
6700,1,1,-31.894,-36.072,-2.98,-3.36,-2.97,-3.37,INF,-1,1,7,0
6720,1,1,-31.561,-35.833,-2.95,-3.34,-2.94,-3.35,INF,-1,1,7,0
6740,1,1,-30.922,-38.509,-2.89,-3.59,-2.88,-3.59,INF,-1,1,7,0
6760,1,1,-30.188,-41.395,-2.82,-3.86,-2.81,-3.86,INF,-1,1,7,0
6780,1,1,-31.110,-39.538,-2.91,-3.69,-2.90,-3.69,INF,-1,1,7,0
6800,1,1,-30.597,-39.519,-2.86,-3.68,-2.85,-3.69,INF,-1,1,7,0
6820,1,1,-34.610,-34.032,-3.23,-3.17,-3.23,-3.18,INF,-1,1,7,0
6840,1,1,-32.036,-38.987,-2.99,-3.63,-2.99,-3.64,INF,-1,1,7,0
6860,1,1,-31.296,-33.747,-2.92,-3.15,-2.92,-3.15,INF,-1,1,7,0
6880,1,1,-32.039,-39.364,-2.99,-3.67,-2.99,-3.67,INF,-1,1,7,0
6900,1,1,-30.796,-39.385,-2.88,-3.67,-2.87,-3.68,INF,-1,1,7,0
6920,1,1,-31.179,-33.120,-2.91,-3.09,-2.91,-3.09,INF,-1,1,7,0
6940,1,1,-27.544,-37.911,-2.57,-3.54,-2.57,-3.54,INF,-1,1,7,0
6960,1,1,-30.458,-37.198,-2.84,-3.47,-2.84,-3.47,INF,-1,1,7,0
6980,1,1,-30.858,-36.501,-2.88,-3.40,-2.88,-3.41,INF,-1,1,7,0
7000,1,1,-16.499,-32.553,-1.54,-3.04,-1.54,-3.04,INF,-1,1,7,0
7020,1,1,-16.668,-36.474,-1.56,-3.40,-1.55,-3.41,INF,-1,1,7,0
7040,1,1,-13.481,-33.696,-1.26,-3.15,-1.26,-3.15,INF,-1,0,7,0
7060,1,1,-14.499,-36.671,-1.35,-3.42,-1.35,-3.42,INF,-1,0,7,0
7080,1,1,-16.810,-32.321,-1.57,-3.02,-1.57,-3.02,INF,-1,0,7,0
7100,1,1,-14.678,-33.320,-1.37,-3.11,-1.37,-3.11,INF,-1,0,7,0
7120,1,1,-14.423,-31.847,-1.35,-2.97,-1.35,-2.97,INF,-1,0,7,0
7140,1,1,-13.679,-33.502,-1.28,-3.13,-1.28,-3.13,INF,-1,0,7,0
7160,1,1,-15.420,-32.270,-1.44,-3.01,-1.44,-3.01,INF,-1,0,7,0
7180,1,1,-13.337,-33.799,-1.25,-3.16,-1.24,-3.16,INF,-1,0,7,0
7200,1,1,-14.728,-31.380,-1.38,-2.93,-1.37,-2.93,INF,-1,0,7,0
7220,1,1,-15.089,-29.612,-1.41,-2.76,-1.41,-2.77,INF,-1,0,7,0
7240,1,1,-14.184,-33.065,-1.33,-3.09,-1.32,-3.09,INF,-1,0,7,0
7260,1,1,-16.406,-30.166,-1.53,-2.82,-1.53,-2.82,INF,-1,0,7,0
7280,1,1,-12.647,-36.491,-1.18,-3.41,-1.18,-3.41,INF,-1,1,7,0
7300,1,1,-11.195,-36.086,-1.05,-3.37,-1.04,-3.37,INF,-1,1,7,0
7320,1,1,-10.878,-37.514,-1.02,-3.50,-1.01,-3.50,INF,-1,1,7,0
7340,1,1,-9.205,-19.427,-0.86,-1.81,-0.86,-1.82,INF,-1,1,7,0
7360,1,1,-15.207,0.465,-1.42,0.04,-1.42,0.04,INF,-1,1,7,0
7380,1,1,-15.278,-1.852,-1.43,-0.17,-1.43,-0.17,INF,-1,0,7,0
7400,1,1,-14.310,0.598,-1.34,0.06,-1.34,0.06,INF,-1,0,7,0
7420,1,1,-14.439,-0.485,-1.35,-0.05,-1.35,-0.05,INF,-1,0,7,0
7440,1,1,-13.598,-0.921,-1.27,-0.09,-1.27,-0.09,INF,-1,0,7,0
7460,1,1,-12.932,0.224,-1.21,0.02,-1.21,0.02,INF,-1,0,7,0
7480,1,1,-14.269,-2.293,-1.33,-0.21,-1.33,-0.21,INF,-1,0,7,0
7500,1,1,-15.696,-0.068,-1.47,-0.01,-1.47,-0.01,INF,-1,0,7,0
7520,1,1,-12.359,-2.853,-1.16,-0.27,-1.16,-0.27,INF,-1,0,7,0
7540,1,1,-11.847,-2.316,-1.11,-0.22,-1.11,-0.22,INF,-1,0,7,0
7560,1,1,-11.698,-1.417,-1.09,-0.13,-1.09,-0.13,INF,-1,0,7,0
7580,1,1,-14.335,0.828,-1.34,0.08,-1.34,0.08,INF,-1,0,7,0
7600,1,1,-13.185,-3.328,-1.23,-0.31,-1.23,-0.31,INF,-1,0,7,0
7620,1,1,-4.930,-0.908,-0.46,-0.08,-0.46,-0.08,INF,-1,0,7,0
7640,1,1,-6.284,3.015,-0.59,0.28,-0.59,0.28,INF,-1,1,7,0
7660,1,1,-5.414,3.932,-0.51,0.37,-0.51,0.37,INF,-1,1,7,0
7680,1,1,-4.537,2.309,-0.42,0.22,-0.42,0.22,INF,-1,1,7,0
7700,1,1,-6.773,1.624,-0.63,0.15,-0.63,0.15,INF,-1,1,7,0
7720,1,1,-2.532,2.097,-0.24,0.20,-0.24,0.20,INF,-1,1,7,0
7740,1,1,-2.309,4.996,-0.22,0.47,-0.22,0.47,INF,-1,1,7,0
7760,1,1,-2.763,3.173,-0.26,0.30,-0.26,0.30,INF,-1,0,7,0
7780,1,1,-3.498,3.521,-0.33,0.33,-0.33,0.33,INF,-1,0,7,0
7800,1,1,-3.399,3.630,-0.32,0.34,-0.32,0.34,INF,-1,0,7,0
7820,1,1,1.040,2.712,0.10,0.25,0.10,0.25,INF,-1,0,7,0
7840,1,1,10.023,7.845,0.94,0.73,0.94,0.73,INF,-1,0,7,0
7860,1,1,7.771,8.524,0.73,0.80,0.73,0.80,INF,-1,0,7,0
7880,1,1,9.254,6.571,0.86,0.61,0.86,0.61,INF,-1,0,7,0
7900,1,1,9.223,7.846,0.86,0.73,0.86,0.73,INF,-1,0,7,0
7920,1,1,11.565,4.645,1.08,0.43,1.08,0.43,INF,-1,0,7,0
7940,1,1,12.274,7.220,1.15,0.67,1.15,0.67,INF,-1,0,7,0
7960,1,1,11.575,5.082,1.08,0.47,1.08,0.48,INF,-1,0,7,0
7980,1,1,9.734,7.647,0.91,0.71,0.91,0.71,INF,-1,0,7,0
8000,1,1,9.705,4.830,0.91,0.45,0.91,0.45,INF,-1,1,7,0
8020,1,1,12.825,8.877,1.20,0.83,1.20,0.83,INF,-1,1,7,0
8040,1,1,9.482,5.173,0.89,0.48,0.89,0.48,INF,-1,1,7,0
8060,1,1,9.038,7.773,0.84,0.73,0.84,0.73,INF,-1,1,7,0
8080,1,1,9.872,8.955,0.92,0.84,0.92,0.84,INF,-1,1,7,0
8100,1,1,8.241,7.910,0.77,0.74,0.77,0.74,INF,-1,1,7,0
8120,1,1,9.523,8.339,0.89,0.78,0.89,0.78,INF,-1,1,7,0
8140,1,1,10.219,6.997,0.96,0.65,0.96,0.65,INF,-1,1,7,0
8160,1,1,18.205,-7.404,1.70,-0.69,1.70,-0.69,INF,-1,1,7,0
8180,1,1,19.519,-9.166,1.82,-0.86,1.82,-0.86,INF,-1,1,7,0
8200,1,1,21.086,-10.281,1.97,-0.96,1.97,-0.96,INF,-1,0,7,0
8220,1,1,19.675,-9.729,1.84,-0.91,1.84,-0.91,INF,-1,0,7,0
8240,1,1,22.012,-10.082,2.06,-0.94,2.06,-0.94,INF,-1,0,7,0
8260,1,1,20.819,-8.866,1.95,-0.83,1.94,-0.83,INF,-1,0,7,0
8280,1,1,20.008,-9.928,1.87,-0.93,1.87,-0.93,INF,-1,0,7,0
8300,1,1,19.292,-8.077,1.80,-0.75,1.80,-0.75,INF,-1,0,7,0
8320,1,1,21.360,-10.236,2.00,-0.96,2.00,-0.96,INF,-1,0,7,0
8340,1,1,20.513,-9.467,1.92,-0.88,1.92,-0.88,INF,-1,0,7,0
8360,1,1,22.135,-10.422,2.07,-0.97,2.07,-0.97,INF,-1,0,7,0
8380,1,1,16.998,-8.170,1.59,-0.76,1.59,-0.76,INF,-1,0,7,0
8400,1,1,22.602,-10.846,2.11,-1.01,2.11,-1.01,INF,-1,0,7,0
8420,1,1,23.560,-12.160,2.20,-1.14,2.20,-1.14,INF,-1,0,7,0
8440,1,1,30.394,-15.609,2.84,-1.46,2.84,-1.46,INF,-1,1,7,0
8460,1,1,31.808,-18.887,2.97,-1.76,2.97,-1.76,INF,-1,1,7,0
8480,1,1,29.761,-16.059,2.78,-1.50,2.78,-1.50,INF,-1,0,7,0
8500,1,1,31.443,-19.500,2.94,-1.82,2.93,-1.82,INF,-1,0,7,0
8520,1,1,32.875,-19.595,3.07,-1.83,3.07,-1.83,INF,-1,0,7,0
8540,1,1,31.000,-17.898,2.90,-1.67,2.89,-1.67,INF,-1,0,7,0
8560,1,1,30.721,-17.526,2.87,-1.64,2.87,-1.64,INF,-1,0,7,0
8580,1,1,31.812,-20.839,2.97,-1.94,2.97,-1.95,INF,-1,0,7,0
8600,1,1,25.464,-19.953,2.38,-1.86,2.38,-1.86,INF,-1,0,7,0
8620,1,1,31.319,-17.655,2.92,-1.65,2.92,-1.65,INF,-1,0,7,0
8640,1,1,29.783,-18.814,2.78,-1.76,2.78,-1.76,INF,-1,0,7,0
8660,1,1,27.058,-20.101,2.53,-1.88,2.53,-1.88,INF,-1,0,7,0
8680,1,1,31.315,-21.609,2.92,-2.02,2.92,-2.02,INF,-1,0,7,0
8700,1,1,31.508,-19.930,2.94,-1.86,2.94,-1.86,INF,-1,0,7,0
8720,1,1,20.628,-23.946,1.93,-2.24,1.93,-2.24,INF,-1,1,7,0
8740,1,1,-12.038,-23.020,-1.13,-2.15,-1.12,-2.15,INF,-1,1,7,0
8760,1,1,-7.648,-25.009,-0.71,-2.34,-0.71,-2.34,INF,-1,0,7,0
8780,1,1,-7.081,-23.251,-0.66,-2.17,-0.66,-2.17,INF,-1,0,7,0
8800,1,1,-7.475,-26.144,-0.70,-2.44,-0.70,-2.44,INF,-1,0,7,0
8820,1,1,-8.613,-24.248,-0.80,-2.26,-0.80,-2.27,INF,-1,0,7,0
8840,1,1,-8.165,-23.034,-0.76,-2.15,-0.76,-2.15,INF,-1,0,7,0
8860,1,1,-9.620,-23.988,-0.90,-2.24,-0.90,-2.24,INF,-1,0,7,0
8880,1,1,-9.531,-22.596,-0.89,-2.11,-0.89,-2.11,INF,-1,0,7,0
8900,1,1,-9.518,-22.915,-0.89,-2.14,-0.89,-2.14,INF,-1,0,7,0
8920,1,1,-9.604,-23.975,-0.90,-2.24,-0.90,-2.24,INF,-1,0,7,0
8940,1,1,-8.821,-24.372,-0.82,-2.28,-0.82,-2.28,INF,-1,0,7,0
8960,1,1,-9.622,-23.251,-0.90,-2.17,-0.90,-2.17,INF,-1,0,7,0
8980,1,1,-9.339,-24.514,-0.87,-2.29,-0.87,-2.29,INF,-1,0,7,0
9000,1,1,-6.647,-25.247,-0.62,-2.36,-0.62,-2.36,INF,-1,0,7,0
9020,1,1,-21.170,-24.867,-1.98,-2.32,-1.98,-2.32,INF,-1,1,7,0
9040,1,1,-23.945,-23.920,-2.24,-2.23,-2.24,-2.23,INF,-1,1,7,0
9060,1,1,-22.433,-25.646,-2.10,-2.39,-2.09,-2.40,INF,-1,0,7,0
9080,1,1,-24.511,-21.700,-2.29,-2.03,-2.29,-2.03,INF,-1,0,7,0
9100,1,1,-27.431,-21.693,-2.56,-2.02,-2.56,-2.03,INF,-1,0,7,0
9120,1,1,-27.254,-22.743,-2.55,-2.12,-2.54,-2.12,INF,-1,0,7,0
9140,1,1,-21.508,-25.623,-2.01,-2.39,-2.01,-2.39,INF,-1,0,7,0
9160,1,1,-22.850,-28.746,-2.13,-2.68,-2.13,-2.68,INF,-1,0,7,0
9180,1,1,-23.523,-25.638,-2.20,-2.39,-2.20,-2.39,INF,-1,0,7,0
9200,1,1,-23.350,-24.006,-2.18,-2.24,-2.18,-2.24,INF,-1,0,7,0
9220,1,1,-25.841,-24.311,-2.41,-2.27,-2.41,-2.27,INF,-1,0,7,0
9240,1,1,-22.663,-22.783,-2.12,-2.13,-2.12,-2.13,INF,-1,0,7,0
9260,1,1,-25.083,-22.155,-2.34,-2.07,-2.34,-2.07,INF,-1,0,7,0
9280,1,1,-22.902,-23.623,-2.14,-2.21,-2.14,-2.21,INF,-1,0,7,0
9300,1,1,-25.941,-23.017,-2.42,-2.15,-2.42,-2.15,INF,-1,1,7,0
9320,1,1,-21.722,-26.136,-2.03,-2.44,-2.03,-2.44,INF,-1,1,7,0
9340,1,1,8.195,5.664,0.77,0.53,0.77,0.53,INF,-1,1,7,0
9360,1,1,14.257,12.278,1.33,1.15,1.33,1.15,INF,-1,1,7,0
9380,1,1,11.959,14.184,1.12,1.33,1.12,1.33,INF,-1,0,7,0
9400,1,1,14.226,12.789,1.33,1.19,1.33,1.20,INF,-1,0,7,0
9420,1,1,12.388,12.279,1.16,1.15,1.16,1.15,INF,-1,0,7,0
9440,1,1,12.706,14.573,1.19,1.36,1.19,1.36,INF,-1,0,7,0
9460,1,1,11.950,10.546,1.12,0.99,1.12,0.99,INF,-1,0,7,0
9480,1,1,12.583,10.655,1.18,1.00,1.18,1.00,INF,-1,0,7,0
9500,1,1,13.117,12.086,1.23,1.13,1.23,1.13,INF,-1,0,7,0
9520,1,1,13.333,12.044,1.25,1.13,1.25,1.13,INF,-1,0,7,0
9540,1,1,11.998,13.696,1.12,1.28,1.12,1.28,INF,-1,0,7,0
9560,1,1,12.302,10.832,1.15,1.01,1.15,1.01,INF,-1,0,7,0
9580,1,1,10.979,12.642,1.03,1.18,1.03,1.18,INF,-1,0,7,0
9600,1,1,8.881,11.382,0.83,1.06,0.83,1.06,INF,-1,0,7,0
9620,1,1,13.066,13.406,1.22,1.25,1.22,1.25,INF,-1,1,7,0
9640,1,1,13.702,13.517,1.28,1.26,1.28,1.26,INF,-1,1,7,0
9660,1,1,10.760,10.204,1.01,0.95,1.01,0.95,INF,-1,1,7,0
9680,1,1,13.793,13.640,1.29,1.27,1.29,1.27,INF,-1,1,7,0
9700,1,1,9.494,13.804,0.89,1.29,0.89,1.29,INF,-1,1,7,0
9720,1,1,12.444,12.293,1.16,1.15,1.16,1.15,INF,-1,1,7,0
9740,1,1,12.543,11.656,1.17,1.09,1.17,1.09,INF,-1,1,7,0
9760,1,1,13.416,14.565,1.25,1.36,1.25,1.36,INF,-1,1,7,0
9780,1,1,15.896,12.553,1.49,1.17,1.49,1.17,INF,-1,1,7,0
9800,1,1,12.137,14.137,1.13,1.32,1.13,1.32,INF,-1,1,7,0
9820,1,1,15.589,12.816,1.46,1.20,1.46,1.20,INF,-1,1,7,0
9840,1,1,11.985,11.598,1.12,1.08,1.12,1.08,INF,-1,1,7,0
9860,1,1,15.957,11.010,1.49,1.03,1.49,1.03,INF,-1,1,7,0
9880,1,1,13.613,13.521,1.27,1.26,1.27,1.26,INF,-1,1,7,0
9900,1,1,14.115,13.802,1.32,1.29,1.32,1.29,INF,-1,1,7,0
9920,1,1,13.961,13.143,1.30,1.23,1.30,1.23,INF,-1,1,7,0
9940,1,1,13.434,11.903,1.26,1.11,1.26,1.11,INF,-1,1,7,0
9960,1,1,12.281,13.934,1.15,1.30,1.15,1.30,INF,-1,1,7,0
9980,1,1,11.364,13.899,1.06,1.30,1.06,1.30,INF,-1,1,7,0
10000,1,1,14.885,11.686,1.39,1.09,1.39,1.09,INF,-1,1,7,0
10020,1,1,16.652,11.320,1.56,1.06,1.56,1.06,INF,-1,1,7,0
10040,1,1,25.936,4.851,2.42,0.45,2.42,0.45,INF,-1,1,7,0
10060,1,1,25.606,6.520,2.39,0.61,2.39,0.61,INF,-1,1,7,0
10080,1,1,23.227,7.636,2.17,0.71,2.17,0.71,INF,-1,0,7,0
10100,1,1,22.444,9.348,2.10,0.87,2.10,0.87,INF,-1,0,7,0
10120,1,1,24.960,6.612,2.33,0.62,2.33,0.62,INF,-1,0,7,0
10140,1,1,24.543,6.723,2.29,0.63,2.29,0.63,INF,-1,0,7,0
10160,1,1,22.394,8.896,2.09,0.83,2.09,0.83,INF,-1,0,7,0
10180,1,1,22.945,6.272,2.14,0.59,2.14,0.59,INF,-1,0,7,0
10200,1,1,21.286,8.375,1.99,0.78,1.99,0.78,INF,-1,0,7,0
10220,1,1,15.250,8.691,1.43,0.81,1.42,0.81,INF,-1,0,7,0
10240,1,1,19.596,5.352,1.83,0.50,1.83,0.50,INF,-1,0,7,0
10260,1,1,24.341,6.022,2.27,0.56,2.27,0.56,INF,-1,0,7,0
10280,1,1,24.127,7.367,2.25,0.69,2.25,0.69,INF,-1,0,7,0
10300,1,1,19.740,5.606,1.84,0.52,1.84,0.52,INF,-1,0,7,0
10320,1,1,24.844,8.126,2.32,0.76,2.32,0.76,INF,-1,1,7,0
10340,1,1,21.732,6.919,2.03,0.65,2.03,0.65,INF,-1,1,7,0
10360,1,1,25.113,6.807,2.35,0.64,2.35,0.64,INF,-1,1,7,0
10380,1,1,23.659,-2.687,2.21,-0.25,2.21,-0.25,INF,-1,1,7,0
10400,1,1,15.084,-28.909,1.41,-2.70,1.41,-2.70,INF,-1,1,7,0
10420,1,1,17.957,-35.979,1.68,-3.36,1.68,-3.36,INF,-1,1,7,0
10440,1,1,16.430,-34.380,1.54,-3.21,1.53,-3.21,INF,-1,0,7,0
10460,1,1,15.707,-34.003,1.47,-3.17,1.47,-3.17,INF,-1,0,7,0
10480,1,1,17.916,-33.933,1.67,-3.17,1.67,-3.17,INF,-1,0,7,0
10500,1,1,18.796,-34.794,1.76,-3.25,1.75,-3.25,INF,-1,0,7,0
10520,1,1,18.400,-33.407,1.72,-3.12,1.72,-3.12,INF,-1,0,7,0
10540,1,1,16.746,-32.151,1.56,-3.00,1.56,-3.00,INF,-1,0,7,0
10560,1,1,18.862,-30.506,1.76,-2.85,1.76,-2.85,INF,-1,0,7,0
10580,1,1,18.317,-33.056,1.71,-3.09,1.71,-3.09,INF,-1,0,7,0
10600,1,1,19.263,-33.589,1.80,-3.13,1.80,-3.14,INF,-1,0,7,0
10620,1,1,17.358,-34.075,1.62,-3.18,1.62,-3.18,INF,-1,0,7,0
10640,1,1,18.393,-31.877,1.72,-2.98,1.72,-2.98,INF,-1,0,7,0
10660,1,1,18.322,-33.253,1.71,-3.10,1.71,-3.11,INF,-1,0,7,0
10680,1,1,17.917,-32.983,1.67,-3.08,1.67,-3.08,INF,-1,1,7,0
10700,1,1,16.666,-30.130,1.56,-2.81,1.56,-2.81,INF,-1,1,7,0
10720,1,1,19.878,-34.448,1.86,-3.21,1.85,-3.22,INF,-1,1,7,0
10740,1,1,15.668,-34.109,1.46,-3.18,1.46,-3.18,INF,-1,1,7,0
10760,1,1,6.320,-28.891,0.59,-2.70,0.59,-2.70,INF,-1,1,7,0
10780,1,1,-12.532,-17.960,-1.17,-1.68,-1.17,-1.68,INF,-1,1,7,0
10800,1,1,-14.294,-14.503,-1.34,-1.35,-1.34,-1.36,INF,-1,0,7,0
10820,1,1,-11.575,-17.305,-1.08,-1.62,-1.08,-1.62,INF,-1,0,7,0
10840,1,1,-14.549,-16.509,-1.36,-1.54,-1.36,-1.54,INF,-1,0,7,0
10860,1,1,-12.049,-18.324,-1.13,-1.71,-1.13,-1.71,INF,-1,0,7,0
10880,1,1,-14.154,-16.384,-1.32,-1.53,-1.32,-1.53,INF,-1,0,7,0
10900,1,1,-11.684,-18.151,-1.09,-1.70,-1.09,-1.70,INF,-1,0,7,0
10920,1,1,-12.345,-17.993,-1.15,-1.68,-1.15,-1.68,INF,-1,0,7,0
10940,1,1,-13.752,-16.431,-1.29,-1.54,-1.28,-1.54,INF,-1,0,7,0
10960,1,1,-10.850,-16.179,-1.01,-1.51,-1.01,-1.51,INF,-1,0,7,0
10980,0,1,0.000,0.000,0.00,0.00,0.00,0.00,0.00,-1,0,7,0
11000,0,1,0.000,0.000,0.00,0.00,0.00,0.00,0.00,-1,0,7,0
11020,0,1,0.000,0.000,0.00,0.00,0.00,0.00,0.00,-1,0,7,0
11040,0,1,0.000,0.000,0.00,0.00,0.00,0.00,0.00,-1,0,7,0
11060,0,1,0.000,0.000,0.00,0.00,0.00,0.00,0.00,-1,0,7,0
11080,0,1,0.000,0.000,0.00,0.00,0.00,0.00,0.00,-1,0,7,0
11100,0,1,0.000,0.000,0.00,0.00,0.00,0.00,0.00,-1,0,7,0
11120,0,1,0.000,0.000,0.00,0.00,0.00,0.00,0.00,-1,0,7,0
11140,0,1,0.000,0.000,0.00,0.00,0.00,0.00,0.00,-1,0,7,0
11160,0,1,0.000,0.000,0.00,0.00,0.00,0.00,0.00,-1,0,7,0
11180,0,1,0.000,0.000,0.00,0.00,0.00,0.00,0.00,-1,0,7,0
11200,0,1,0.000,0.000,0.00,0.00,0.00,0.00,0.00,-1,0,7,0
11220,0,1,0.000,0.000,0.00,0.00,0.00,0.00,0.00,-1,0,7,0
11240,0,1,0.000,0.000,0.00,0.00,0.00,0.00,INF,-1,0,7,0
11260,0,1,0.000,0.000,0.00,0.00,0.00,0.00,0.00,-1,0,7,0
11280,0,1,0.000,0.000,0.00,0.00,0.00,0.00,0.00,-1,0,7,0
11300,1,1,-151.651,-104.127,-13.90,-9.36,-13.71,-9.64,INF,-1,0,7,0
11320,0,1,0.000,0.000,0.00,0.00,0.00,0.00,0.00,-1,0,7,0
11340,0,1,0.000,0.000,0.00,0.00,0.00,0.00,0.00,-1,0,7,0
11360,1,1,-151.578,-150.005,-13.89,-13.36,-13.51,-13.75,INF,-1,0,7,0
11380,1,1,-19.507,3.672,-1.82,0.34,-1.82,0.34,INF,-1,0,7,0
11400,1,1,-20.954,13.215,-1.96,1.23,-1.96,1.23,INF,-1,0,7,0
11420,1,1,-19.760,9.800,-1.85,0.92,-1.85,0.92,INF,-1,0,7,0
11440,1,1,-17.179,8.112,-1.61,0.76,-1.61,0.76,INF,-1,0,7,0
11460,1,1,-11.255,7.570,-1.05,0.71,-1.05,0.71,INF,-1,0,7,0
11480,1,1,8.725,23.321,0.82,2.18,0.81,2.18,INF,-1,0,7,0
11500,1,1,7.241,22.317,0.68,2.08,0.68,2.08,INF,-1,0,7,0
11520,1,1,7.000,18.859,0.65,1.76,0.65,1.76,INF,-1,0,7,0
11540,1,1,7.884,21.410,0.74,2.00,0.74,2.00,INF,-1,0,7,0
11560,1,1,7.964,22.133,0.74,2.07,0.74,2.07,INF,-1,0,7,0
11580,1,1,7.577,18.917,0.71,1.77,0.71,1.77,INF,-1,0,7,0
11600,1,1,9.291,17.084,0.87,1.60,0.87,1.60,INF,-1,0,7,0
11620,1,1,8.612,19.650,0.80,1.84,0.80,1.84,INF,-1,0,7,0
11640,1,1,7.570,20.273,0.71,1.89,0.71,1.89,INF,-1,0,7,0
11660,1,1,9.717,17.922,0.91,1.67,0.91,1.67,INF,-1,0,7,0
11680,1,1,7.655,20.092,0.72,1.88,0.72,1.88,INF,-1,0,7,0
11700,1,1,8.761,18.090,0.82,1.69,0.82,1.69,INF,-1,0,7,0
11720,1,1,7.248,19.759,0.68,1.85,0.68,1.85,INF,-1,0,7,0
11740,1,1,10.696,18.405,1.00,1.72,1.00,1.72,INF,-1,0,7,0
11760,1,1,7.292,18.798,0.68,1.76,0.68,1.76,INF,-1,1,7,0
11780,1,1,12.109,17.291,1.13,1.62,1.13,1.62,INF,-1,1,7,0
11800,1,1,9.106,18.840,0.85,1.76,0.85,1.76,INF,-1,1,7,0
11820,1,1,10.742,18.752,1.00,1.75,1.00,1.75,INF,-1,1,7,0
11840,1,1,9.084,20.086,0.85,1.88,0.85,1.88,INF,-1,1,7,0
11860,1,1,8.635,18.439,0.81,1.72,0.81,1.72,INF,-1,1,7,0
11880,1,1,9.800,18.532,0.92,1.73,0.92,1.73,INF,-1,1,7,0
11900,1,1,9.721,18.657,0.91,1.74,0.91,1.74,INF,-1,1,7,0
11920,1,1,8.180,20.225,0.76,1.89,0.76,1.89,INF,-1,1,7,0
11940,1,1,9.863,16.815,0.92,1.57,0.92,1.57,INF,-1,1,7,0
11960,1,1,10.435,18.235,0.98,1.70,0.97,1.70,INF,-1,1,7,0
11980,1,1,7.666,17.027,0.72,1.59,0.72,1.59,INF,-1,1,7,0
12000,1,1,10.986,17.877,1.03,1.67,1.03,1.67,INF,-1,1,7,0
12020,1,1,9.005,15.579,0.84,1.46,0.84,1.46,INF,-1,1,7,0
12040,1,1,9.272,17.042,0.87,1.59,0.87,1.59,INF,-1,1,7,0
12060,1,1,8.305,17.729,0.78,1.66,0.78,1.66,INF,-1,1,7,0
12080,1,1,14.557,20.720,1.36,1.94,1.36,1.94,INF,-1,1,7,0
12100,1,1,14.094,19.094,1.32,1.78,1.32,1.78,INF,-1,1,7,0
12120,1,1,13.991,16.914,1.31,1.58,1.31,1.58,INF,-1,1,7,0
12140,1,1,16.189,16.805,1.51,1.57,1.51,1.57,INF,-1,1,7,0
12160,1,1,12.485,17.530,1.17,1.64,1.17,1.64,INF,-1,1,7,0
12180,1,1,17.397,15.002,1.63,1.40,1.63,1.40,INF,-1,1,7,0
12200,1,1,14.795,17.835,1.38,1.67,1.38,1.67,INF,-1,1,7,0
12220,1,1,16.755,17.251,1.57,1.61,1.57,1.61,INF,-1,1,7,0
12240,1,1,15.982,18.076,1.49,1.69,1.49,1.69,INF,-1,1,7,0
12260,1,1,17.527,18.979,1.64,1.77,1.64,1.77,INF,-1,1,7,0
12280,1,1,15.224,17.077,1.42,1.60,1.42,1.60,INF,-1,1,7,0
12300,1,1,15.636,16.432,1.46,1.54,1.46,1.54,INF,-1,1,7,0
12320,1,1,18.150,17.313,1.70,1.62,1.70,1.62,INF,-1,1,7,0
12340,1,1,16.602,15.201,1.55,1.42,1.55,1.42,INF,-1,1,7,0
12360,1,1,16.581,15.198,1.55,1.42,1.55,1.42,INF,-1,1,7,0
12380,1,1,17.424,15.123,1.63,1.41,1.63,1.41,INF,-1,1,7,0
12400,1,1,16.313,15.704,1.52,1.47,1.52,1.47,INF,-1,1,7,0
12420,1,1,16.107,16.896,1.51,1.58,1.50,1.58,INF,-1,1,7,0
12440,1,1,15.597,16.027,1.46,1.50,1.46,1.50,INF,-1,1,7,0
12460,1,1,14.916,19.171,1.39,1.79,1.39,1.79,INF,-1,1,7,0
12480,1,1,-0.601,7.571,-0.06,0.71,-0.06,0.71,INF,-1,1,7,0
12500,1,1,-42.134,-26.424,-3.93,-2.46,-3.93,-2.47,INF,-1,1,7,0
12520,1,1,-35.536,-27.786,-3.32,-2.59,-3.31,-2.60,INF,-1,0,7,0
12540,1,1,-40.050,-26.873,-3.74,-2.50,-3.73,-2.51,INF,-1,0,7,0
12560,1,1,-38.629,-26.819,-3.61,-2.50,-3.60,-2.51,INF,-1,0,7,0
12580,1,1,-38.176,-25.416,-3.56,-2.37,-3.56,-2.37,INF,-1,0,7,0
12600,1,1,-39.089,-24.843,-3.65,-2.32,-3.65,-2.32,INF,-1,0,7,0
12620,1,1,-36.877,-28.368,-3.44,-2.64,-3.44,-2.65,INF,-1,0,7,0
12640,1,1,-38.808,-26.084,-3.62,-2.43,-3.62,-2.44,INF,-1,0,7,0
12660,1,1,-36.575,-27.120,-3.41,-2.53,-3.41,-2.53,INF,-1,0,7,0
12680,1,1,-37.680,-25.040,-3.52,-2.33,-3.51,-2.34,INF,-1,0,7,0
12700,1,1,-37.591,-25.586,-3.51,-2.39,-3.51,-2.39,INF,-1,0,7,0
12720,1,1,-36.887,-27.364,-3.44,-2.55,-3.44,-2.56,INF,-1,0,7,0
12740,1,1,-38.015,-27.340,-3.55,-2.55,-3.55,-2.55,INF,-1,0,7,0
12760,1,1,-37.344,-27.762,-3.49,-2.59,-3.48,-2.59,INF,-1,0,7,0
12780,1,1,-35.815,-28.081,-3.34,-2.62,-3.34,-2.62,INF,-1,1,7,0
12800,1,1,-36.117,-29.526,-3.37,-2.75,-3.37,-2.76,INF,-1,1,7,0
12820,1,1,-37.198,-28.805,-3.47,-2.69,-3.47,-2.69,INF,-1,1,7,0
12840,1,1,-39.052,-20.407,-3.65,-1.90,-3.64,-1.91,INF,-1,1,7,0
12860,1,1,-41.833,-5.117,-3.90,-0.48,-3.90,-0.48,INF,-1,1,7,0
12880,1,1,-40.381,-10.763,-3.77,-1.00,-3.77,-1.01,INF,-1,1,7,0
12900,1,1,-41.098,-4.684,-3.84,-0.44,-3.84,-0.44,INF,-1,0,7,0
12920,1,1,-39.200,-8.199,-3.66,-0.76,-3.66,-0.77,INF,-1,0,7,0
12940,1,1,-40.845,-4.304,-3.81,-0.40,-3.81,-0.40,INF,-1,0,7,0
12960,1,1,-39.816,-9.352,-3.72,-0.87,-3.72,-0.87,INF,-1,0,7,0
12980,1,1,-40.401,-8.315,-3.77,-0.78,-3.77,-0.78,INF,-1,0,7,0
13000,1,1,-41.003,-6.486,-3.83,-0.60,-3.83,-0.61,INF,-1,0,7,0
13020,1,1,-37.694,-8.072,-3.52,-0.75,-3.52,-0.75,INF,-1,0,7,0
13040,1,1,-40.078,-6.228,-3.74,-0.58,-3.74,-0.58,INF,-1,0,7,0
13060,1,1,-38.946,-7.133,-3.64,-0.67,-3.64,-0.67,INF,-1,0,7,0
13080,1,1,-39.547,-7.630,-3.69,-0.71,-3.69,-0.71,INF,-1,0,7,0
13100,1,1,-40.051,-8.642,-3.74,-0.81,-3.74,-0.81,INF,-1,0,7,0
13120,1,1,-40.192,-9.696,-3.75,-0.90,-3.75,-0.91,INF,-1,0,7,0
13140,1,1,-39.616,-9.078,-3.70,-0.85,-3.70,-0.85,INF,-1,1,7,0
13160,1,1,-42.757,-4.171,-3.99,-0.39,-3.99,-0.39,INF,-1,1,7,0
13180,1,1,-45.545,13.473,-4.25,1.26,-4.25,1.26,INF,-1,1,7,0
13200,1,1,-46.467,23.981,-4.33,2.23,-4.33,2.24,INF,-1,1,7,0
13220,1,1,-48.672,24.203,-4.54,2.25,-4.54,2.26,INF,-1,0,7,0
13240,1,1,-47.786,25.143,-4.46,2.34,-4.45,2.35,INF,-1,0,7,0
13260,1,1,-47.133,24.538,-4.40,2.29,-4.39,2.29,INF,-1,0,7,0
13280,1,1,-45.891,23.386,-4.28,2.18,-4.28,2.18,INF,-1,0,7,0
13300,1,1,-45.469,24.662,-4.24,2.30,-4.24,2.30,INF,-1,0,7,0
13320,1,1,-45.138,25.277,-4.21,2.35,-4.21,2.36,INF,-1,0,7,0
13340,1,1,-44.751,23.937,-4.18,2.23,-4.17,2.24,INF,-1,0,7,0
13360,1,1,-46.360,23.572,-4.32,2.20,-4.32,2.20,INF,-1,0,7,0
13380,1,1,-46.251,25.343,-4.31,2.36,-4.31,2.37,INF,-1,0,7,0
13400,1,1,-48.472,24.135,-4.52,2.25,-4.52,2.25,INF,-1,0,7,0
13420,1,1,-14.950,15.868,-1.40,1.48,-1.40,1.48,INF,-1,0,7,0
13440,1,1,26.843,-6.797,2.51,-0.63,2.51,-0.64,INF,-1,0,7,0
13460,1,1,30.365,-15.106,2.84,-1.41,2.84,-1.41,INF,-1,0,7,0
13480,1,1,30.419,-10.618,2.84,-0.99,2.84,-0.99,INF,-1,0,7,0
13500,1,1,34.549,-13.550,3.23,-1.26,3.23,-1.27,INF,-1,0,7,0
13520,1,1,34.278,-14.488,3.20,-1.35,3.20,-1.35,INF,-1,0,7,0
13540,1,1,34.372,-16.244,3.21,-1.52,3.21,-1.52,INF,-1,0,7,0
13560,1,1,33.662,-12.324,3.14,-1.15,3.14,-1.15,INF,-1,0,7,0
13580,1,1,29.981,-11.584,2.80,-1.08,2.80,-1.08,INF,-1,0,7,0
13600,1,1,30.851,-10.094,2.88,-0.94,2.88,-0.94,INF,-1,0,7,0
13620,1,1,33.614,-13.230,3.14,-1.23,3.14,-1.24,INF,-1,0,7,0
13640,1,1,34.271,-13.886,3.20,-1.30,3.20,-1.30,INF,-1,0,7,0
13660,1,1,31.725,-13.135,2.96,-1.23,2.96,-1.23,INF,-1,0,7,0
13680,1,1,33.430,-13.955,3.12,-1.30,3.12,-1.30,INF,-1,0,7,0
13700,1,1,34.106,-11.987,3.18,-1.12,3.18,-1.12,INF,-1,1,7,0
13720,1,1,32.113,-11.520,3.00,-1.08,3.00,-1.08,INF,-1,1,7,0
13740,1,1,32.098,-11.441,3.00,-1.07,3.00,-1.07,INF,-1,1,7,0
13760,1,1,31.268,-11.851,2.92,-1.11,2.92,-1.11,INF,-1,1,7,0
13780,1,1,33.033,-11.754,3.08,-1.10,3.08,-1.10,INF,-1,1,7,0
13800,1,1,34.876,-15.211,3.26,-1.42,3.26,-1.42,INF,-1,1,7,0
13820,1,1,60.553,-28.578,5.64,-2.66,5.64,-2.67,INF,-1,1,7,0
13840,1,1,61.482,-30.958,5.73,-2.88,5.72,-2.89,INF,-1,1,7,0
13860,1,1,60.549,-31.426,5.64,-2.92,5.63,-2.93,INF,-1,0,7,0
13880,1,1,57.882,-33.767,5.39,-3.14,5.39,-3.15,INF,-1,0,7,0
13900,1,1,59.730,-34.372,5.57,-3.19,5.56,-3.21,INF,-1,0,7,0
13920,1,1,60.092,-35.291,5.60,-3.28,5.59,-3.29,INF,-1,0,7,0
13940,1,1,61.526,-34.791,5.73,-3.23,5.72,-3.25,INF,-1,0,7,0
13960,1,1,62.206,-35.095,5.79,-3.26,5.79,-3.28,INF,-1,0,7,0
13980,1,1,60.693,-31.353,5.65,-2.91,5.65,-2.93,INF,-1,0,7,0
14000,1,1,61.222,-33.828,5.70,-3.14,5.69,-3.16,INF,-1,0,7,0
14020,1,1,61.697,-33.489,5.75,-3.11,5.74,-3.13,INF,-1,0,7,0
14040,1,1,61.964,-33.719,5.77,-3.13,5.76,-3.15,INF,-1,0,7,0
14060,1,1,25.766,-10.523,2.41,-0.98,2.41,-0.98,INF,-1,0,7,0
14080,1,1,9.280,15.748,0.87,1.47,0.87,1.47,INF,-1,0,7,0
14100,1,1,11.682,12.865,1.09,1.20,1.09,1.20,INF,-1,0,7,0
14120,1,1,7.990,15.438,0.75,1.44,0.75,1.44,INF,-1,0,7,0
14140,1,1,11.462,13.464,1.07,1.26,1.07,1.26,INF,-1,0,7,0
14160,1,1,12.115,14.868,1.13,1.39,1.13,1.39,INF,-1,0,7,0
14180,1,1,10.024,16.013,0.94,1.50,0.94,1.50,INF,-1,0,7,0
14200,1,1,11.884,13.903,1.11,1.30,1.11,1.30,INF,-1,0,7,0
14220,1,1,9.670,15.487,0.90,1.45,0.90,1.45,INF,-1,0,7,0
14240,1,1,11.830,11.851,1.11,1.11,1.11,1.11,INF,-1,0,7,0
14260,1,1,9.811,13.189,0.92,1.23,0.92,1.23,INF,-1,0,7,0
14280,1,1,5.126,15.209,0.48,1.42,0.48,1.42,INF,-1,0,7,0
14300,1,1,8.320,15.327,0.78,1.43,0.78,1.43,INF,-1,0,7,0
14320,1,1,11.949,15.230,1.12,1.42,1.12,1.42,INF,-1,0,7,0
14340,1,1,16.097,13.907,1.50,1.30,1.50,1.30,INF,-1,1,7,0
14360,1,1,14.155,12.074,1.32,1.13,1.32,1.13,INF,-1,1,7,0
14380,1,1,16.412,11.156,1.53,1.04,1.53,1.04,INF,-1,1,7,0
14400,1,1,16.056,12.444,1.50,1.16,1.50,1.16,INF,-1,1,7,0
14420,1,1,14.913,13.327,1.39,1.25,1.39,1.25,INF,-1,1,7,0
14440,1,1,14.802,13.330,1.38,1.25,1.38,1.25,INF,-1,1,7,0
14460,1,1,11.083,13.923,1.04,1.30,1.04,1.30,INF,-1,1,7,0
14480,1,1,16.190,11.033,1.51,1.03,1.51,1.03,INF,-1,1,7,0
14500,1,1,17.324,13.015,1.62,1.22,1.62,1.22,INF,-1,1,7,0
14520,1,1,17.084,11.996,1.60,1.12,1.60,1.12,INF,-1,1,7,0
14540,1,1,14.853,11.706,1.39,1.09,1.39,1.09,INF,-1,1,7,0
14560,1,1,16.957,11.856,1.58,1.11,1.58,1.11,INF,-1,1,7,0
14580,1,1,14.757,13.410,1.38,1.25,1.38,1.25,INF,-1,1,7,0
14600,1,1,18.064,12.545,1.69,1.17,1.69,1.17,INF,-1,1,7,0
14620,1,1,17.677,9.933,1.65,0.93,1.65,0.93,INF,-1,1,7,0
14640,1,1,15.962,11.233,1.49,1.05,1.49,1.05,INF,-1,1,7,0
14660,1,1,13.487,14.675,1.26,1.37,1.26,1.37,INF,-1,1,7,0
14680,1,1,14.442,11.754,1.35,1.10,1.35,1.10,INF,-1,1,7,0
14700,1,1,12.299,10.154,1.15,0.95,1.15,0.95,INF,-1,1,7,0
14720,1,1,15.400,12.170,1.44,1.14,1.44,1.14,INF,-1,1,7,0
14740,1,1,14.476,12.028,1.35,1.12,1.35,1.12,INF,-1,1,7,0
14760,1,1,15.038,11.747,1.41,1.10,1.41,1.10,INF,-1,1,7,0
14780,1,1,16.457,13.307,1.54,1.24,1.54,1.24,INF,-1,1,7,0
14800,1,1,13.937,12.363,1.30,1.16,1.30,1.16,INF,-1,1,7,0
14820,1,1,15.443,9.342,1.44,0.87,1.44,0.87,INF,-1,1,7,0
14840,1,1,12.161,9.201,1.14,0.86,1.14,0.86,INF,-1,1,7,0
14860,0,1,0.000,0.000,0.00,0.00,0.00,0.00,0.00,-1,1,7,0
14880,0,1,0.000,0.000,0.00,0.00,0.00,0.00,0.00,-1,1,7,0
14900,0,1,0.000,0.000,0.00,0.00,0.00,0.00,0.00,-1,1,7,0
14920,0,1,0.000,0.000,0.00,0.00,0.00,0.00,0.00,-1,1,7,0
14940,1,1,-201.577,-154.111,-18.20,-13.43,-17.69,-14.11,INF,-1,0,7,0
14960,0,1,0.000,0.000,0.00,0.00,0.00,0.00,0.00,-1,0,7,0
14980,0,1,0.000,0.000,0.00,0.00,0.00,0.00,0.00,-1,0,7,0
15000,1,1,-166.003,-189.310,-15.15,-16.60,-14.51,-17.16,INF,-1,0,7,0
